4.004380404949188232e-01,1.183180324733257294e-02,-2.331920713186264038e-02,-6.496319174766540527e-02,3.676576316356658936e-01,-3.055604994297027588e-01,8.583744056522846222e-03,4.616180956363677979e-01,1.269788891077041626e-01,4.295394197106361389e-02,-2.164930105209350586e-01,-1.452191621065139771e-01,-2.171159721910953522e-02,2.914230525493621826e-02,3.832962736487388611e-02,2.918705940246582031e-01,1.245164312422275543e-03,9.311737865209579468e-02,-9.204311296343803406e-03,-5.104806274175643921e-02,-9.973269701004028320e-02,-1.178979575634002686e-01,-7.851955294609069824e-02,5.848018079996109009e-02,2.673222683370113373e-02,2.550097703933715820e-01,-2.502489648759365082e-02,-3.896866738796234131e-01,1.106914505362510681e-01,-1.007300317287445068e-01,-2.032046020030975342e-01,-9.261837601661682129e-02,-1.207095105201005936e-02,5.920365825295448303e-02,-1.344253960996866226e-02,-1.130814552307128906e-01,1.278533339500427246e-01,1.250322461128234863e-01,-3.424809873104095459e-01,-3.256377577781677246e-01,3.076393008232116699e-01,9.220481663942337036e-02,-1.551332138478755951e-02,2.554257027804851532e-02,-4.049587994813919067e-02,1.332675665616989136e-01,-9.763403236865997314e-02,-9.227280318737030029e-02,1.158007904887199402e-01,2.006168477237224579e-02,-1.697617322206497192e-01,-1.844649612903594971e-01,2.693671584129333496e-01,-8.621609956026077271e-02,-3.285193815827369690e-02,-2.014564573764801025e-01,1.660103201866149902e-01,7.127620279788970947e-03,-6.373868673108518124e-04,5.887680500745773315e-02,-8.159694820642471313e-02,9.601616300642490387e-03,-2.972343936562538147e-03,2.131911069154739380e-01,1.406937837600708008e-01,-3.721479326486587524e-02,-2.742651998996734619e-01,2.405280768871307373e-01,-1.427307724952697754e-01,3.149103820323944092e-01,-3.001141548156738281e-01,2.149082124233245850e-01,5.740139633417129517e-03,4.511300846934318542e-02,-2.688463032245635986e-01,-2.735492289066314697e-01,1.915773900691419840e-04,7.641883939504623413e-02,-7.229685783386230469e-02,-9.122399240732192993e-02,1.553041040897369385e-01,4.027891918667592108e-05,-1.842804700136184692e-01,3.000272845383733511e-04,-4.178146719932556152e-01,7.610429078340530396e-02,2.873249053955078125e-01,3.967097960412502289e-03,-7.242149859666824341e-02,1.899786144495010376e-01,-1.821720004081726074e-01,2.438347190618515015e-01,-2.268585376441478729e-02,-8.880373090505599976e-02,-1.606875807046890259e-01,-3.317228555679321289e-01,1.215529143810272217e-01,-1.750969386193901300e-05,-1.673317998647689819e-01,2.988582551479339600e-01,-3.010377287864685059e-01,3.499767482280731201e-01,-9.313861280679702759e-02,-1.900637745857238770e-01,4.029804095625877380e-02,1.057818904519081116e-01,7.300008088350296021e-02,-2.560202404856681824e-02,-4.027853012084960938e-01,1.119979470968246460e-02,-5.839049443602561951e-02,1.126292571425437927e-01,-1.063311919569969177e-01,-7.026973366737365723e-02,1.772895157337188721e-01,-1.333596408367156982e-01,2.949995696544647217e-01,-3.617746382951736450e-02,-2.516687512397766113e-01,-4.218715056777000427e-02,-8.482833206653594971e-02,1.482250541448593140e-01,9.237568825483322144e-02,1.955518573522567749e-01,-4.272552207112312317e-02,1.230014860630035400e-01,1.648104563355445862e-02,2.117007076740264893e-01
1.183180324733257294e-02,7.461678236722946167e-03,-7.365854829549789429e-02,5.252809822559356689e-02,3.867439925670623779e-02,-5.924839992076158524e-03,3.923923242837190628e-03,1.243216544389724731e-02,5.804817751049995422e-02,5.741401389241218567e-02,-9.187649935483932495e-03,-3.600277006626129150e-02,5.694514140486717224e-02,6.176817789673805237e-02,7.041262090206146240e-02,7.739637047052383423e-02,-1.464701374061405659e-03,4.420581087470054626e-02,-6.770744919776916504e-02,-5.813222005963325500e-02,-5.475087836384773254e-02,4.125454276800155640e-02,5.616052448749542236e-02,-1.417307462543249130e-02,1.067600026726722717e-02,6.427436321973800659e-02,-6.898871809244155884e-02,-1.902918517589569092e-02,6.498101353645324707e-02,-2.605011314153671265e-02,1.810554973781108856e-02,-8.531494438648223877e-02,5.153335630893707275e-02,5.814187601208686829e-02,-1.869922503829002380e-03,-7.737252861261367798e-02,5.028171092271804810e-02,6.879170238971710205e-02,-4.776515811681747437e-02,-4.885810241103172302e-02,6.104209646582603455e-02,1.704243384301662445e-02,6.457790732383728027e-02,2.309487760066986084e-02,-1.394273433834314346e-02,-6.088131293654441833e-02,-6.975138187408447266e-02,-1.530007459223270416e-02,3.526438958942890167e-03,-8.773802546784281731e-04,1.077778753824532032e-03,-1.693536527454853058e-02,4.671236872673034668e-02,1.459899358451366425e-03,-1.496766414493322372e-02,-8.049014955759048462e-02,2.803509496152400970e-02,2.908074529841542244e-03,-5.807384103536605835e-02,-5.665507912635803223e-02,-1.125380396842956543e-03,1.092162914574146271e-02,2.015394624322652817e-03,2.724959515035152435e-02,3.792880335822701454e-03,-2.238612249493598938e-02,2.968105860054492950e-02,7.301308959722518921e-02,-7.202441990375518799e-02,1.720966584980487823e-02,-5.872006341814994812e-02,-1.342196017503738403e-02,-3.013644739985466003e-02,7.136267423629760742e-02,-2.040848881006240845e-02,-6.582485884428024292e-02,-3.006137849297374487e-04,7.714071869850158691e-02,-2.120417170226573944e-02,-7.020270079374313354e-02,7.501359283924102783e-02,8.710066322237253189e-05,-6.741306185722351074e-02,-4.587266303133219481e-04,-6.279285252094268799e-02,-6.742628663778305054e-02,3.745995089411735535e-02,8.563148439861834049e-04,5.747107788920402527e-02,5.664328485727310181e-02,-1.128378976136445999e-02,-2.826271392405033112e-02,-5.923292413353919983e-02,3.036964125931262970e-02,-6.709149479866027832e-02,-4.687209147959947586e-03,4.376002028584480286e-02,-1.679483489169797394e-06,-5.799365788698196411e-02,5.681217089295387268e-02,-3.228679299354553223e-02,2.293215505778789520e-02,-7.860836386680603027e-02,-6.738463044166564941e-02,8.413428068161010742e-02,4.111450631171464920e-03,-6.698574125766754150e-02,-6.795803457498550415e-02,-3.157474799081683159e-03,-2.608408452942967415e-03,5.940310284495353699e-02,-6.149112805724143982e-02,-6.740470975637435913e-02,3.713801503181457520e-02,7.196708768606185913e-02,-7.143627852201461792e-02,3.730848431587219238e-02,2.494080923497676849e-02,-7.399594783782958984e-02,4.408681020140647888e-02,5.471878126263618469e-02,6.156763061881065369e-02,6.710038334131240845e-02,-3.935912251472473145e-02,-4.770260304212570190e-02,-5.249901488423347473e-02,-2.491132356226444244e-03,4.543304070830345154e-02
-2.331920713186264038e-02,-7.365854829549789429e-02,7.825040221214294434e-01,-6.372064352035522461e-01,-3.484396636486053467e-01,-5.206228792667388916e-02,-6.538859754800796509e-02,-7.417803257703781128e-02,-5.561646819114685059e-01,-6.367979049682617188e-01,6.271574646234512329e-02,3.999354541301727295e-01,-5.923500657081604004e-01,-6.925629377365112305e-01,-7.583398222923278809e-01,-7.132277488708496094e-01,1.631380431354045868e-02,-4.749315381050109863e-01,7.131968140602111816e-01,6.592116951942443848e-01,5.168269872665405273e-01,-5.270399451255798340e-01,-6.683743000030517578e-01,1.798692196607589722e-01,-1.162538230419158936e-01,-5.892868041992187500e-01,7.239801287651062012e-01,1.020638346672058105e-01,-7.043185830116271973e-01,2.705506682395935059e-01,-2.474024742841720581e-01,8.226906657218933105e-01,-5.357129573822021484e-01,-6.914098262786865234e-01,2.352818287909030914e-02,7.578547000885009766e-01,-5.453806519508361816e-01,-7.237200736999511719e-01,4.408445954322814941e-01,4.974406361579895020e-01,-5.641050934791564941e-01,-1.688182055950164795e-01,-7.088331580162048340e-01,-2.716751098632812500e-01,8.860525488853454590e-02,6.873297095298767090e-01,7.523118853569030762e-01,1.611073464155197144e-01,7.767866831272840500e-03,1.066188961267471313e-01,-3.325122594833374023e-02,2.236880958080291748e-01,-4.510049223899841309e-01,-3.467421978712081909e-02,1.830407232046127319e-01,7.912964224815368652e-01,-3.339087665081024170e-01,-3.426149860024452209e-02,6.168368458747863770e-01,6.472201347351074219e-01,-2.208500541746616364e-02,-1.055566892027854919e-01,-2.265090867877006531e-02,-2.145607471466064453e-01,1.535482890903949738e-02,2.462067604064941406e-01,-3.492549061775207520e-01,-7.042488455772399902e-01,7.342985868453979492e-01,-1.159353777766227722e-01,5.977316498756408691e-01,2.436264604330062866e-01,3.324359357357025146e-01,-7.640752792358398438e-01,9.914297610521316528e-02,6.361774206161499023e-01,3.306027036160230637e-03,-8.044318556785583496e-01,2.316353619098663330e-01,7.318685650825500488e-01,-7.603115439414978027e-01,-1.050810213200747967e-03,7.067468166351318359e-01,6.327362265437841415e-03,5.585401654243469238e-01,7.438755631446838379e-01,-3.707966506481170654e-01,-9.346204809844493866e-03,-6.007747054100036621e-01,-6.217553019523620605e-01,9.043479710817337036e-02,3.122515082359313965e-01,6.328544020652770996e-01,-3.480070829391479492e-01,6.881203055381774902e-01,-1.710026338696479797e-02,-4.902383983135223389e-01,1.614287430129479617e-05,6.032950878143310547e-01,-5.395215749740600586e-01,3.752108514308929443e-01,-1.615750193595886230e-01,7.890629768371582031e-01,6.946411132812500000e-01,-8.280485868453979492e-01,-1.042706966400146484e-01,6.692650914192199707e-01,7.165546417236328125e-01,-6.724455952644348145e-02,2.873401343822479248e-02,-6.336368322372436523e-01,7.021270990371704102e-01,7.192589044570922852e-01,-4.992309212684631348e-01,-7.514200806617736816e-01,7.256921529769897461e-01,-3.425489962100982666e-01,-3.278385102748870850e-01,7.369086742401123047e-01,-5.125754475593566895e-01,-6.335940957069396973e-01,-6.348776221275329590e-01,-7.041786909103393555e-01,4.588894248008728027e-01,6.026570200920104980e-01,6.093079447746276855e-01,2.294598147273063660e-02,-4.767260551452636719e-01
-6.496319174766540527e-02,5.252809822559356689e-02,-6.372064352035522461e-01,6.737132668495178223e-01,1.201603189110755920e-01,1.445545405149459839e-01,6.865049898624420166e-02,-1.245985105633735657e-01,4.646008312702178955e-01,4.994668662548065186e-01,-1.656173169612884521e-01,-2.822832763195037842e-01,3.220203220844268799e-01,5.942121744155883789e-01,6.170630455017089844e-01,4.298542439937591553e-01,-9.529581293463706970e-03,3.537855446338653564e-01,-6.782035827636718750e-01,-5.487552285194396973e-01,-5.428926348686218262e-01,4.940388798713684082e-01,5.588429570198059082e-01,-8.963155746459960938e-02,9.330049157142639160e-02,2.922450900077819824e-01,-4.913094937801361084e-01,1.809985041618347168e-01,4.442997574806213379e-01,-4.243828728795051575e-02,1.960178017616271973e-01,-6.832247972488403320e-01,5.926044583320617676e-01,5.679209232330322266e-01,-2.506673801690340042e-03,-4.972149729728698730e-01,3.551042079925537109e-01,5.481101274490356445e-01,-9.988858550786972046e-02,-4.576675891876220703e-01,4.609401524066925049e-01,2.093203216791152954e-01,5.266684293746948242e-01,1.982819885015487671e-01,-2.144263982772827148e-01,-4.676965177059173584e-01,-6.553802490234375000e-01,-1.432628482580184937e-01,3.121689520776271820e-02,-5.375150591135025024e-02,4.165492579340934753e-02,7.940238341689109802e-03,4.481925368309020996e-01,1.109094545245170593e-02,1.795143634080886841e-02,-5.604011416435241699e-01,3.290138542652130127e-01,2.345453575253486633e-02,-4.964149296283721924e-01,-6.759406924247741699e-01,-4.890477284789085388e-02,1.542781144380569458e-01,2.389686927199363708e-02,1.284297406673431396e-01,3.610698506236076355e-02,-1.882704049348831177e-01,2.158958166837692261e-01,4.436822533607482910e-01,-5.518019795417785645e-01,-1.442004889249801636e-01,-3.838518857955932617e-01,-1.502935483586043119e-04,-3.840368092060089111e-01,6.374093294143676758e-01,-1.273535937070846558e-01,-4.611338675022125244e-01,-8.835490443743765354e-04,6.000841259956359863e-01,-3.910055458545684814e-01,-5.636012554168701172e-01,6.903415322303771973e-01,8.140875725075602531e-04,-4.830092787742614746e-01,-9.123667259700596333e-04,-3.784022629261016846e-01,-5.969154238700866699e-01,8.820250630378723145e-02,3.509993897750973701e-03,4.079419374465942383e-01,4.441066086292266846e-01,-1.198009997606277466e-01,-4.424465596675872803e-01,-6.022402048110961914e-01,3.780676424503326416e-01,-6.081406474113464355e-01,1.477270871400833130e-01,3.119469285011291504e-01,-9.804615729080978781e-06,-3.370980024337768555e-01,3.242217898368835449e-01,-1.880351006984710693e-01,-1.301949471235275269e-01,-7.055367231369018555e-01,-4.803939759731292725e-01,7.049607634544372559e-01,3.296938240528106689e-01,-7.412231564521789551e-01,-5.090572834014892578e-01,2.362252622842788696e-01,-3.289511799812316895e-02,6.237586140632629395e-01,-6.856877207756042480e-01,-6.321964859962463379e-01,5.695191621780395508e-01,5.607324242591857910e-01,-5.701887607574462891e-01,3.307652845978736877e-02,2.539627552032470703e-01,-5.495389103889465332e-01,5.286020040512084961e-01,4.884486496448516846e-01,5.904581546783447266e-01,6.016082167625427246e-01,-4.195641577243804932e-01,-5.089440345764160156e-01,-5.675573945045471191e-01,-2.308248542249202728e-02,3.163135349750518799e-01
3.676576316356658936e-01,3.867439925670623779e-02,-3.484396636486053467e-01,1.201603189110755920e-01,5.588381290435791016e-01,-2.746672034263610840e-01,3.536998108029365540e-02,5.594757199287414551e-01,2.601248621940612793e-01,2.734675109386444092e-01,-1.383711099624633789e-01,-2.993986308574676514e-01,3.176546394824981689e-01,2.608969807624816895e-01,3.402402102947235107e-01,6.536814570426940918e-01,-7.161790505051612854e-03,2.842168509960174561e-01,-2.456742525100708008e-01,-2.712151110172271729e-01,-1.577402651309967041e-01,6.240050122141838074e-02,1.842265725135803223e-01,-5.569613352417945862e-02,6.397473812103271484e-02,5.652058720588684082e-01,-3.750202953815460205e-01,-5.307192206382751465e-01,5.069367885589599609e-01,-2.988190948963165283e-01,-8.254908025264739990e-02,-4.112850129604339600e-01,8.773891627788543701e-02,3.286466002464294434e-01,-3.199726715683937073e-02,-4.896199703216552734e-01,3.637654483318328857e-01,4.268758594989776611e-01,-6.706820130348205566e-01,-4.303790628910064697e-01,4.735151231288909912e-01,8.667203783988952637e-02,3.041568994522094727e-01,1.380810439586639404e-01,4.799877479672431946e-02,-2.443852126598358154e-01,-3.783770799636840820e-01,-1.305042952299118042e-01,5.717855691909790039e-02,-5.061147734522819519e-02,-1.342957615852355957e-01,-3.924138545989990234e-01,3.286749720573425293e-01,-4.807200655341148376e-02,-2.192821055650711060e-01,-5.819121003150939941e-01,2.325249612331390381e-01,2.233423478901386261e-02,-2.281377166509628296e-01,-1.162636056542396545e-01,-9.607403539121150970e-03,-1.359783485531806946e-02,1.572070410475134850e-03,2.630389630794525146e-01,6.868841499090194702e-02,-1.282065510749816895e-01,-5.382528156042098999e-02,5.823688507080078125e-01,-4.333617091178894043e-01,4.661944210529327393e-01,-5.757914185523986816e-01,-7.517792284488677979e-02,-1.959566585719585419e-02,3.483618497848510742e-01,-2.132828682661056519e-01,-5.229759812355041504e-01,-2.162826480343937874e-03,4.614018201828002930e-01,-1.848058030009269714e-02,-3.921119570732116699e-01,4.112578630447387695e-01,4.537847125902771950e-04,-5.087425112724304199e-01,-5.120574496686458588e-03,-6.351781487464904785e-01,-2.564205825328826904e-01,5.255993008613586426e-01,9.601760655641555786e-03,1.993285864591598511e-01,4.440062344074249268e-01,-1.648095548152923584e-01,2.224706113338470459e-01,-1.997042298316955566e-01,-2.134290710091590881e-02,-3.805720210075378418e-01,-3.623456358909606934e-01,3.590241670608520508e-01,-2.268739081046078354e-05,-4.704007804393768311e-01,5.422003865242004395e-01,-4.823229312896728516e-01,5.259075760841369629e-01,-3.751730918884277344e-01,-5.024621486663818359e-01,3.807588517665863037e-01,-9.021326899528503418e-03,-8.872841298580169678e-02,-3.730972707271575928e-01,-4.252435863018035889e-01,7.664015982300043106e-03,9.886541962623596191e-02,-1.194891110062599182e-01,-3.588434755802154541e-01,2.905157767236232758e-02,5.251779556274414062e-01,-4.097450077533721924e-01,5.333393216133117676e-01,1.164270713925361633e-01,-5.640396475791931152e-01,7.578777521848678589e-02,1.982974857091903687e-01,3.113965392112731934e-01,3.200860023498535156e-01,3.397784754633903503e-02,-2.522624433040618896e-01,-7.191062718629837036e-02,4.516132641583681107e-03,4.086245000362396240e-01
-3.055604994297027588e-01,-5.924839992076158524e-03,-5.206228792667388916e-02,1.445545405149459839e-01,-2.746672034263610840e-01,2.854604125022888184e-01,2.284441888332366943e-02,-3.592962026596069336e-01,-8.942374587059020996e-02,1.164292823523283005e-02,1.134359464049339294e-01,9.307482838630676270e-02,1.591272279620170593e-02,3.586924448609352112e-02,3.254638984799385071e-02,-2.120726108551025391e-01,-1.802710234187543392e-03,-4.416828230023384094e-02,-7.216510921716690063e-02,-2.750052697956562042e-02,2.302538044750690460e-02,1.352304518222808838e-01,1.228911504149436951e-01,-3.734180331230163574e-02,-1.298262272030115128e-02,-2.140126377344131470e-01,-1.418913248926401138e-02,3.381658792495727539e-01,-4.295279085636138916e-02,6.900040060281753540e-02,1.741839796304702759e-01,1.676443591713905334e-02,8.987919241189956665e-02,3.309283405542373657e-02,1.153425779193639755e-02,6.974674761295318604e-02,-7.767257839441299438e-02,-4.963387176394462585e-02,2.817851603031158447e-01,1.645657122135162354e-01,-2.006224840879440308e-01,-3.257206827402114868e-02,6.162057816982269287e-02,1.464583561755716801e-03,-2.668571425601840019e-03,-1.309199929237365723e-01,-3.450799500569701195e-03,5.125216767191886902e-02,-8.878275752067565918e-02,-1.458437740802764893e-02,1.395606398582458496e-01,1.330274790525436401e-01,-1.457762867212295532e-01,6.618593633174896240e-02,4.177133366465568542e-02,1.000318527221679688e-01,-8.568137139081954956e-02,-3.662869567051529884e-03,-4.799564182758331299e-02,-1.233406737446784973e-01,5.055418610572814941e-02,1.178482826799154282e-02,5.230234004557132721e-03,-1.524299383163452148e-01,-1.039416640996932983e-01,1.517505105584859848e-02,2.027566581964492798e-01,-1.530401706695556641e-01,7.156291604042053223e-02,-2.692623734474182129e-01,1.887876242399215698e-01,-1.549425125122070312e-01,-3.813339024782180786e-02,1.519528217613697052e-02,1.833568215370178223e-01,1.529348343610763550e-01,1.413491991115733981e-04,-9.513710974715650082e-04,-1.249426789581775665e-02,3.628839552402496338e-02,-3.760707005858421326e-02,3.294884299975819886e-05,9.387931227684020996e-02,-4.447767569217830896e-04,2.854842245578765869e-01,-1.024710536003112793e-01,-2.060835659503936768e-01,-3.290637396275997162e-03,5.599892139434814453e-02,-1.089381277561187744e-01,1.041649878025054932e-01,-2.353710085153579712e-01,-4.469925910234451294e-02,1.030986830592155457e-01,6.324408948421478271e-02,2.641538977622985840e-01,-4.072399064898490906e-02,1.019784394884482026e-05,1.190352216362953186e-01,-2.166198641061782837e-01,2.022647559642791748e-01,-3.087635338306427002e-01,1.116545125842094421e-02,1.106914728879928589e-01,3.755200281739234924e-02,3.034191206097602844e-02,-1.485416144132614136e-01,-4.522962495684623718e-03,3.462354838848114014e-01,-1.078343857079744339e-02,9.203580766916275024e-02,-1.784283518791198730e-01,1.899233460426330566e-02,1.328681707382202148e-01,-6.808245927095413208e-02,4.987310618162155151e-02,-2.541398704051971436e-01,5.977583676576614380e-02,1.304460763931274414e-01,9.008004516363143921e-02,1.085925772786140442e-01,-4.690941795706748962e-02,-7.756672799587249756e-03,-1.805951744318008423e-01,-2.550067380070686340e-02,-1.459579616785049438e-01,-1.893640123307704926e-02,-1.170204058289527893e-01
8.583744056522846222e-03,3.923923242837190628e-03,-6.538859754800796509e-02,6.865049898624420166e-02,3.536998108029365540e-02,2.284441888332366943e-02,3.449214994907379150e-02,2.524334192276000977e-02,-4.793717816937714815e-04,4.700260236859321594e-02,-3.896780312061309814e-02,-2.020213194191455841e-02,2.615655958652496338e-02,3.849243372678756714e-02,4.735634103417396545e-02,3.458626568317413330e-02,-1.274277339689433575e-03,4.120153933763504028e-02,-7.157550752162933350e-02,-5.111686512827873230e-02,-2.739693596959114075e-02,2.865705080330371857e-02,5.422009527683258057e-02,-2.709352178499102592e-03,6.942894775420427322e-03,1.835596188902854919e-02,-3.996855765581130981e-02,-2.380043035373091698e-03,5.791451036930084229e-02,-2.667160332202911377e-02,1.579893939197063446e-02,-4.552497342228889465e-02,5.985418334603309631e-02,5.875921621918678284e-02,-5.517717800103127956e-04,-3.268889337778091431e-02,3.280621394515037537e-02,5.255518108606338501e-02,-2.440193481743335724e-02,-6.727921962738037109e-02,4.271132126450538635e-02,2.171292714774608612e-02,5.494225770235061646e-02,2.036643400788307190e-02,-1.882215961813926697e-02,-3.532001748681068420e-02,-6.880816817283630371e-02,-1.429316308349370956e-02,1.264034071937203407e-03,1.153132226318120956e-02,1.473234407603740692e-02,-2.923659980297088623e-02,4.612657427787780762e-02,5.851471796631813049e-03,-9.028274565935134888e-03,-6.343408674001693726e-02,2.769032679498195648e-02,2.088706707581877708e-03,-5.374881252646446228e-02,-5.164888873696327209e-02,-8.738424628973007202e-03,6.057215854525566101e-03,1.779060694389045238e-03,1.985324732959270477e-02,2.231783699244260788e-03,-1.492482982575893402e-02,6.187316961586475372e-03,4.937659204006195068e-02,-4.170507937669754028e-02,8.149865083396434784e-03,-5.696476995944976807e-02,-7.575068622827529907e-03,-1.378765515983104706e-02,4.312016814947128296e-02,-2.689630351960659027e-02,-6.685191392898559570e-02,4.748572246171534061e-05,5.845614522695541382e-02,-3.907237201929092407e-02,-4.029432311654090881e-02,6.717612594366073608e-02,5.452057666843757033e-05,-5.213345959782600403e-02,-7.276215474121272564e-04,-5.549654737114906311e-02,-3.929158300161361694e-02,4.053521156311035156e-02,2.924355503637343645e-04,1.327105052769184113e-02,4.340144991874694824e-02,-3.030817955732345581e-02,-2.677195332944393158e-02,-5.200949683785438538e-02,1.930639520287513733e-02,-5.885038897395133972e-02,-1.345467194914817810e-02,5.461817234754562378e-02,-3.320379619253799319e-06,-2.496115304529666901e-02,4.264510422945022583e-02,-3.834734857082366943e-02,1.675557141425088048e-04,-5.113105103373527527e-02,-4.733265936374664307e-02,7.191321253776550293e-02,5.852444097399711609e-02,-6.260337680578231812e-02,-3.990752622485160828e-02,9.139328263700008392e-03,-4.478492774069309235e-04,1.641227118670940399e-02,-6.482387334108352661e-02,-4.990929365158081055e-02,4.636251553893089294e-02,7.141326367855072021e-02,-4.895346984267234802e-02,8.226397447288036346e-03,2.760705165565013885e-02,-6.627107411623001099e-02,3.732845932245254517e-02,4.846658557653427124e-02,5.154615640640258789e-02,5.048737302422523499e-02,-2.223599702119827271e-02,-3.862017020583152771e-02,-3.433543071150779724e-02,-7.960645481944084167e-03,5.594630911946296692e-02
4.616180956363677979e-01,1.243216544389724731e-02,-7.417803257703781128e-02,-1.245985105633735657e-01,5.594757199287414551e-01,-3.592962026596069336e-01,2.524334192276000977e-02,7.230221629142761230e-01,4.566732421517372131e-02,5.526327714323997498e-02,-1.403793692588806152e-01,-2.333893179893493652e-01,1.091755926609039307e-01,3.228992968797683716e-02,8.642177283763885498e-02,4.694447517395019531e-01,-1.152483047917485237e-03,1.263239234685897827e-01,3.780282288789749146e-02,-6.058390811085700989e-02,8.180488646030426025e-02,-1.370160728693008423e-01,-6.477174907922744751e-02,-1.034063659608364105e-02,3.232870250940322876e-02,4.289865195751190186e-01,-1.398765146732330322e-01,-6.359593272209167480e-01,3.409139215946197510e-01,-2.678141295909881592e-01,-2.411573082208633423e-01,-1.124681755900382996e-01,-1.810203194618225098e-01,1.477533876895904541e-01,-3.652784973382949829e-02,-2.536616921424865723e-01,2.332101911306381226e-01,2.135521322488784790e-01,-6.498079299926757812e-01,-3.404012322425842285e-01,3.265600204467773438e-01,2.537330798804759979e-02,4.640914499759674072e-02,6.381639838218688965e-02,1.554626524448394775e-01,3.609403735026717186e-03,-1.374132931232452393e-01,-9.664455801248550415e-02,7.570669054985046387e-02,-1.009484902024269104e-01,-2.110788971185684204e-01,-4.686776995658874512e-01,2.072564810514450073e-01,-9.632090479135513306e-02,-2.254400849342346191e-01,-3.566676080226898193e-01,1.848508119583129883e-01,1.575380377471446991e-02,3.127307072281837463e-02,1.607695668935775757e-01,-1.839078404009342194e-02,-7.133426517248153687e-02,-9.476826526224613190e-03,2.102990150451660156e-01,8.451353758573532104e-02,-5.496727675199508667e-02,-2.788194119930267334e-01,4.000522196292877197e-01,-2.177128344774246216e-01,5.690097808837890625e-01,-4.813104569911956787e-01,-3.062680177390575409e-02,1.370592415332794189e-01,9.845569729804992676e-02,-1.769426316022872925e-01,-3.599361479282379150e-01,-1.301886746659874916e-03,2.144703269004821777e-01,8.782723546028137207e-02,-1.584170758724212646e-01,1.606226861476898193e-01,1.636478991713374853e-04,-3.308134973049163818e-01,-4.382372368127107620e-03,-5.255203247070312500e-01,2.320291846990585327e-02,5.346363782882690430e-01,9.065243415534496307e-03,-4.812996089458465576e-02,3.180295526981353760e-01,-1.614686101675033569e-01,4.980408251285552979e-01,4.782510548830032349e-02,-1.956677138805389404e-01,-1.554472744464874268e-01,-5.004714727401733398e-01,2.357533127069473267e-01,-2.445153040753211826e-05,-3.423013687133789062e-01,4.369231164455413818e-01,-5.222976207733154297e-01,6.248709559440612793e-01,-9.399130195379257202e-02,-3.286682963371276855e-01,6.622396409511566162e-02,-3.863588348031044006e-02,2.469023019075393677e-01,-1.329001337289810181e-01,-5.988593101501464844e-01,2.614120207726955414e-02,-1.820956915616989136e-01,1.664766967296600342e-01,-1.282063573598861694e-01,-1.442342996597290039e-01,3.155917227268218994e-01,-1.793953180313110352e-01,5.414273738861083984e-01,2.560550905764102936e-02,-3.704286515712738037e-01,-1.559281647205352783e-01,-5.516274273395538330e-02,1.007423847913742065e-01,6.263525038957595825e-02,3.016203939914703369e-01,-1.015828624367713928e-01,1.996371597051620483e-01,3.168879076838493347e-02,3.347807824611663818e-01
1.269788891077041626e-01,5.804817751049995422e-02,-5.561646819114685059e-01,4.646008312702178955e-01,2.601248621940612793e-01,-8.942374587059020996e-02,-4.793717816937714815e-04,4.566732421517372131e-02,5.761139392852783203e-01,4.659796059131622314e-01,-1.495924741029739380e-01,-3.154152631759643555e-01,3.433501720428466797e-01,5.402669310569763184e-01,5.623286366462707520e-01,5.745937824249267578e-01,-8.835160173475742340e-03,3.253099620342254639e-01,-5.714997053146362305e-01,-4.910328984260559082e-01,-5.679401159286499023e-01,3.648030757904052734e-01,4.264031648635864258e-01,-8.705989271402359009e-02,9.640847891569137573e-02,4.751404225826263428e-01,-4.968579113483428955e-01,-6.224908679723739624e-02,4.195040166378021240e-01,-1.015091985464096069e-01,8.720258623361587524e-02,-7.082177996635437012e-01,4.767258167266845703e-01,4.766228199005126953e-01,-8.546756580471992493e-03,-5.701210498809814453e-01,3.886111080646514893e-01,5.414437055587768555e-01,-2.632842659950256348e-01,-4.574446082115173340e-01,5.539743900299072266e-01,1.914528906345367432e-01,4.505055248737335205e-01,1.746743470430374146e-01,-2.017587572336196899e-01,-3.945078849792480469e-01,-5.690528750419616699e-01,-1.413795650005340576e-01,9.834925085306167603e-02,-4.058834165334701538e-02,-4.632504656910896301e-02,-2.727118879556655884e-02,4.838619828224182129e-01,-3.261762484908103943e-02,-1.066333986818790436e-02,-5.863530039787292480e-01,3.096728920936584473e-01,2.261729165911674500e-02,-4.405661523342132568e-01,-5.213023424148559570e-01,-7.029747217893600464e-02,1.542429924011230469e-01,1.879169046878814697e-02,2.430221736431121826e-01,1.028976142406463623e-01,-1.863906830549240112e-01,1.304150074720382690e-01,5.244261026382446289e-01,-5.912995934486389160e-01,4.460741952061653137e-02,-4.393156170845031738e-01,7.666540145874023438e-02,-3.525804877281188965e-01,5.961967110633850098e-01,-2.298824489116668701e-01,-5.057398676872253418e-01,-1.459830673411488533e-03,5.647621750831604004e-01,-2.897436618804931641e-01,-5.776904821395874023e-01,6.512945890426635742e-01,7.198109524324536324e-04,-4.953643679618835449e-01,-1.433291035937145352e-04,-5.055231451988220215e-01,-5.118869543075561523e-01,1.997951567173004150e-01,5.567825399339199066e-03,4.412019550800323486e-01,4.643703401088714600e-01,-1.234786882996559143e-01,-2.830741405487060547e-01,-5.312543511390686035e-01,3.083749413490295410e-01,-5.896640419960021973e-01,-2.084673848003149033e-03,2.624083459377288818e-01,-1.202355997520498931e-05,-4.187041819095611572e-01,4.317325651645660400e-01,-2.519985735416412354e-01,1.060500293970108032e-01,-6.787512302398681641e-01,-5.196350812911987305e-01,6.616182923316955566e-01,1.361217498779296875e-01,-6.128796935081481934e-01,-4.958331882953643799e-01,-4.400245670694857836e-04,-2.825031802058219910e-02,5.862809419631958008e-01,-5.162084102630615234e-01,-5.840646028518676758e-01,4.048560559749603271e-01,5.160197019577026367e-01,-5.833328366279602051e-01,2.150893360376358032e-01,1.724331676959991455e-01,-5.707628726959228516e-01,4.205879867076873779e-01,3.734050095081329346e-01,5.710601806640625000e-01,5.662689208984375000e-01,-3.004596531391143799e-01,-4.315633475780487061e-01,-4.548543393611907959e-01,-5.061401170678436756e-04,3.429736495018005371e-01
4.295394197106361389e-02,5.741401389241218567e-02,-6.367979049682617188e-01,4.994668662548065186e-01,2.734675109386444092e-01,1.164292823523283005e-02,4.700260236859321594e-02,5.526327714323997498e-02,4.659796059131622314e-01,5.006883144378662109e-01,-7.913842797279357910e-02,-3.052062094211578369e-01,4.541198611259460449e-01,5.504054427146911621e-01,6.083605289459228516e-01,6.186089515686035156e-01,-1.267480850219726562e-02,3.505543172359466553e-01,-6.113308072090148926e-01,-5.216665267944335938e-01,-4.644821286201477051e-01,3.874407410621643066e-01,5.097053050994873047e-01,-1.358603835105895996e-01,9.239179641008377075e-02,5.017010569572448730e-01,-5.902088880538940430e-01,-8.194336295127868652e-02,5.616877079010009766e-01,-2.064007967710494995e-01,1.661238521337509155e-01,-7.291718721389770508e-01,4.587424993515014648e-01,5.481919646263122559e-01,-1.423827558755874634e-02,-6.413224935531616211e-01,4.178985655307769775e-01,5.867980718612670898e-01,-3.499835729598999023e-01,-4.185534715652465820e-01,4.882171154022216797e-01,1.438768208026885986e-01,5.466610789299011230e-01,2.006635814905166626e-01,-1.145444884896278381e-01,-5.386064648628234863e-01,-6.133433580398559570e-01,-1.178574115037918091e-01,3.338758274912834167e-02,-6.220977380871772766e-02,2.435177378356456757e-02,-1.370296180248260498e-01,3.991169035434722900e-01,1.147776562720537186e-02,-1.080814376473426819e-01,-6.786242723464965820e-01,2.588087618350982666e-01,2.488484047353267670e-02,-4.891783595085144043e-01,-5.157322287559509277e-01,-1.612315699458122253e-02,1.089088320732116699e-01,1.787147857248783112e-02,2.074508219957351685e-01,2.077669464051723480e-02,-1.898600310087203979e-01,2.400973588228225708e-01,5.854610800743103027e-01,-6.117067337036132812e-01,8.471103757619857788e-02,-4.866716861724853516e-01,-1.343135982751846313e-01,-2.813670635223388672e-01,6.240639686584472656e-01,-1.380511075258255005e-01,-5.384946465492248535e-01,-2.204822842031717300e-03,6.678175330162048340e-01,-2.039968222379684448e-01,-6.041219830513000488e-01,6.655598282814025879e-01,7.699161651544272900e-04,-5.583683848381042480e-01,-3.769418690353631973e-03,-4.878113865852355957e-01,-5.830706954002380371e-01,2.849806249141693115e-01,6.642170716077089310e-03,4.883140623569488525e-01,4.831753969192504883e-01,-8.347228169441223145e-02,-2.688569724559783936e-01,-5.256713032722473145e-01,2.899490892887115479e-01,-5.801231861114501953e-01,6.999322678893804550e-03,3.458192646503448486e-01,-1.297019298363011330e-05,-4.608969688415527344e-01,4.391460716724395752e-01,-2.851499617099761963e-01,1.331880241632461548e-01,-6.787660717964172363e-01,-5.647365450859069824e-01,7.413725852966308594e-01,7.683761417865753174e-02,-6.081019639968872070e-01,-5.723801255226135254e-01,4.906055703759193420e-02,-2.413810230791568756e-02,5.320627689361572266e-01,-5.812648534774780273e-01,-5.841633081436157227e-01,4.025405049324035645e-01,6.048966050148010254e-01,-6.049450039863586426e-01,2.514626383781433105e-01,2.336201369762420654e-01,-6.203373074531555176e-01,4.003823399543762207e-01,4.646271467208862305e-01,5.316846370697021484e-01,5.678215026855468750e-01,-3.384720385074615479e-01,-4.531902372837066650e-01,-4.747223854064941406e-01,-1.516470964998006821e-02,3.895444571971893311e-01
-2.164930105209350586e-01,-9.187649935483932495e-03,6.271574646234512329e-02,-1.656173169612884521e-01,-1.383711099624633789e-01,1.134359464049339294e-01,-3.896780312061309814e-02,-1.403793692588806152e-01,-1.495924741029739380e-01,-7.913842797279357910e-02,3.291749060153961182e-01,8.866729587316513062e-02,1.603721976280212402e-01,-8.474404364824295044e-02,-5.498285964131355286e-02,-5.023481696844100952e-02,-2.904216758906841278e-03,-7.304767519235610962e-02,1.880167424678802490e-01,1.104710772633552551e-01,2.726947367191314697e-01,-1.726857386529445648e-02,-1.089168526232242584e-02,-9.371078014373779297e-02,-3.013396449387073517e-02,-1.021064352244138718e-02,-5.374499037861824036e-02,5.148701369762420654e-03,4.980204999446868896e-02,-7.870958000421524048e-02,1.517791301012039185e-01,1.129315942525863647e-01,-2.400306165218353271e-01,-8.518182486295700073e-02,-9.597904048860073090e-03,-4.047948867082595825e-02,-4.773467034101486206e-02,-9.522248804569244385e-02,-5.620004609227180481e-02,3.492176532745361328e-01,-2.946821153163909912e-01,-1.736610084772109985e-01,2.589806914329528809e-02,-1.399649679660797119e-02,2.384625822305679321e-01,-1.976920813322067261e-01,1.643962860107421875e-01,9.240932017564773560e-02,-1.505979150533676147e-01,-8.145197480916976929e-02,9.550555795431137085e-02,-6.751303374767303467e-02,-3.526355326175689697e-01,8.842180669307708740e-02,-1.599826216697692871e-01,7.185216248035430908e-02,-2.082728594541549683e-01,-2.506726188585162163e-03,7.132742553949356079e-02,1.523536145687103271e-01,1.567836105823516846e-01,-1.092230901122093201e-01,-6.253716535866260529e-03,-1.636635810136795044e-01,-1.761570125818252563e-01,3.664409369230270386e-02,2.584439218044281006e-01,-6.796992570161819458e-02,8.646477758884429932e-02,7.009246852248907089e-03,1.541140824556350708e-01,-4.115212857723236084e-01,1.535493731498718262e-01,-6.868240237236022949e-02,3.162149786949157715e-01,2.130675911903381348e-01,-2.113271970301866531e-03,-6.821430288255214691e-03,3.162849843502044678e-01,7.625487446784973145e-02,-2.452427744865417480e-01,-3.989549077232368290e-05,5.516769737005233765e-02,-4.745333455502986908e-03,2.755118310451507568e-01,-5.935728177428245544e-02,-1.778561249375343323e-02,1.132347853854298592e-03,9.340829402208328247e-02,-1.158353760838508606e-01,2.159388214349746704e-01,7.723154127597808838e-02,1.818103939294815063e-01,-8.353692293167114258e-02,2.273568809032440186e-01,1.090075969696044922e-01,-4.101119935512542725e-02,1.190115563076687977e-05,-1.696949265897274017e-02,-1.540990769863128662e-01,1.184645518660545349e-01,1.748147048056125641e-02,1.690723747014999390e-01,8.708180487155914307e-02,-1.176075711846351624e-01,-3.660982251167297363e-01,2.332371324300765991e-01,-3.131983801722526550e-02,9.375267475843429565e-02,5.522465333342552185e-03,-1.037593409419059753e-01,9.612508118152618408e-02,1.732820123434066772e-01,-1.654000133275985718e-01,-9.861788898706436157e-02,1.329734921455383301e-01,5.046881735324859619e-02,1.676072180271148682e-02,1.663351953029632568e-01,-1.390911340713500977e-01,5.685605108737945557e-02,-2.503936886787414551e-01,-1.420306712388992310e-01,-5.649563297629356384e-02,8.607186377048492432e-02,3.801518306136131287e-02,-1.684561604633927345e-03,-1.568733304738998413e-01
-1.452191621065139771e-01,-3.600277006626129150e-02,3.999354541301727295e-01,-2.822832763195037842e-01,-2.993986308574676514e-01,9.307482838630676270e-02,-2.020213194191455841e-02,-2.333893179893493652e-01,-3.154152631759643555e-01,-3.052062094211578369e-01,8.866729587316513062e-02,2.652173638343811035e-01,-2.694830596446990967e-01,-3.649209141731262207e-01,-4.038922488689422607e-01,-5.180858373641967773e-01,6.383209489285945892e-03,-2.281218469142913818e-01,3.524708151817321777e-01,3.343892097473144531e-01,2.717508375644683838e-01,-2.198914587497711182e-01,-2.833226621150970459e-01,7.974514365196228027e-02,-6.654616445302963257e-02,-4.111882150173187256e-01,3.835986554622650146e-01,2.012770920991897583e-01,-4.314208328723907471e-01,1.537523418664932251e-01,-1.336582936346530914e-02,4.881398975849151611e-01,-2.164068073034286499e-01,-3.877670466899871826e-01,1.938444562256336212e-02,4.595439434051513672e-01,-3.081814050674438477e-01,-4.150242805480957031e-01,3.943644165992736816e-01,3.603532612323760986e-01,-3.944757580757141113e-01,-1.011113002896308899e-01,-3.210446536540985107e-01,-1.369346678256988525e-01,2.340990118682384491e-02,3.110616505146026611e-01,4.198764860630035400e-01,1.034135967493057251e-01,-4.598440229892730713e-02,1.090393811464309692e-01,7.318986207246780396e-02,1.967853009700775146e-01,-3.123025894165039062e-01,3.451585769653320312e-02,1.091894805431365967e-01,5.133211016654968262e-01,-2.397445142269134521e-01,-2.012190781533718109e-02,2.527931332588195801e-01,2.864767909049987793e-01,1.988120190799236298e-02,-5.501624196767807007e-02,-8.377104066312313080e-03,-1.591476500034332275e-01,-4.534962773323059082e-02,1.299294382333755493e-01,-3.322338685393333435e-02,-4.581555128097534180e-01,4.398140013217926025e-01,-1.809527128934860229e-01,4.255103468894958496e-01,6.576531380414962769e-02,1.561525762081146240e-01,-4.293909370899200439e-01,1.091521009802818298e-01,4.054304063320159912e-01,1.515579409897327423e-03,-4.704419672489166260e-01,1.210595890879631042e-01,4.210112690925598145e-01,-4.657402634620666504e-01,-5.442874389700591564e-04,4.304056763648986816e-01,2.672391943633556366e-03,4.411309361457824707e-01,3.547443747520446777e-01,-2.869104444980621338e-01,-6.465014535933732986e-03,-2.629612386226654053e-01,-3.894911110401153564e-01,9.009811282157897949e-02,1.623762585222721100e-02,3.066701889038085938e-01,-1.331131458282470703e-01,3.990073502063751221e-01,1.191823109984397888e-01,-2.391028851270675659e-01,1.361811246169963852e-05,3.725033402442932129e-01,-3.707007467746734619e-01,3.248414993286132812e-01,-2.390827536582946777e-01,4.644245207309722900e-01,4.339366257190704346e-01,-4.559631943702697754e-01,-6.631121784448623657e-02,2.964962422847747803e-01,3.718086481094360352e-01,1.305385828018188477e-01,8.687465451657772064e-03,-3.021922707557678223e-01,3.080185055732727051e-01,4.098678827285766602e-01,-2.424734383821487427e-01,-4.518182575702667236e-01,4.176119863986968994e-01,-2.914912700653076172e-01,-1.468487530946731567e-01,4.799703359603881836e-01,-2.097392678260803223e-01,-2.433896064758300781e-01,-3.648307621479034424e-01,-3.641366064548492432e-01,1.102257966995239258e-01,3.332378566265106201e-01,2.382256239652633667e-01,-1.168489456176757812e-02,-3.035408854484558105e-01
