4.163551628589630127e-01,1.509335916489362717e-02,-2.548816055059432983e-02,-8.332394808530807495e-02,3.849605619907379150e-01,-3.574220836162567139e-01,7.298731803894042969e-02,4.581090211868286133e-01,1.555732190608978271e-01,6.616248190402984619e-02,-2.546973824501037598e-01,-2.411843836307525635e-01,-6.533888727426528931e-02,4.902068525552749634e-02,1.065651476383209229e-01,3.412450253963470459e-01,5.992985330522060394e-03,1.038331445306539536e-02,-3.568373993039131165e-02,-1.904060989618301392e-01,-2.524417638778686523e-01,-1.514950096607208252e-01,-1.036480963230133057e-01,9.657951444387435913e-02,4.948617517948150635e-02,3.061452507972717285e-01,-1.047537624835968018e-01,-4.021167755126953125e-01,1.610574573278427124e-01,-1.688283532857894897e-01,-1.843613386154174805e-01,-2.396756410598754883e-01,-5.134451016783714294e-02,1.964728534221649170e-01,-2.052688598632812500e-02,-1.683978736400604248e-01,1.810602843761444092e-01,1.499531418085098267e-01,-3.273762464523315430e-01,-3.812904357910156250e-01,2.812556028366088867e-01,1.408849060535430908e-01,-2.571803890168666840e-02,4.030522704124450684e-02,-6.669443566352128983e-03,1.496946513652801514e-01,-1.290853917598724365e-01,-4.092308878898620605e-02,9.327149391174316406e-02,-1.240341886878013611e-01,-1.872437149286270142e-01,-2.481224089860916138e-01,2.756995558738708496e-01,4.129980225116014481e-03,9.836852550506591797e-03,-2.272969782352447510e-01,2.407518029212951660e-01,9.282316081225872040e-03,3.448389843106269836e-02,1.161328479647636414e-01,-1.220532506704330444e-01,1.766528934240341187e-01,-1.066064229235053062e-03,2.730596363544464111e-01,1.198952347040176392e-01,-7.526879012584686279e-02,-3.377952873706817627e-01,2.492349147796630859e-01,-1.637392491102218628e-01,3.424440026283264160e-01,-3.295135200023651123e-01,2.061482965946197510e-01,-1.012980490922927856e-01,6.182082742452621460e-02,-1.461449116468429565e-01,-2.560698390007019043e-01,6.565366056747734547e-04,1.089103370904922485e-01,7.375453412532806396e-02,-1.975454986095428467e-01,1.970707327127456665e-01,1.195350341731682420e-04,-2.804946005344390869e-01,-2.236868953332304955e-03,-4.189916551113128662e-01,-6.481003481894731522e-03,3.246660828590393066e-01,3.805983113124966621e-03,9.210318326950073242e-03,2.243693917989730835e-01,-1.849514693021774292e-01,2.602303624153137207e-01,3.379368409514427185e-02,-1.142302528023719788e-01,-1.820929348468780518e-01,-3.149212598800659180e-01,4.397905245423316956e-02,-1.105214414565125480e-05,-2.750893533229827881e-01,1.894962489604949951e-01,-3.491795361042022705e-01,4.059460759162902832e-01,-1.691382974386215210e-01,-2.397319078445434570e-01,6.880522519350051880e-02,1.539857089519500732e-01,4.971035569906234741e-02,3.118988312780857086e-02,-4.207843542098999023e-01,8.100791834294795990e-03,6.415787339210510254e-02,6.736995279788970947e-02,-8.646388351917266846e-02,4.314838349819183350e-02,1.673696637153625488e-01,-1.634830981492996216e-01,3.678293228149414062e-01,-9.399679303169250488e-02,-2.701117396354675293e-01,-2.005990780889987946e-02,-6.691826134920120239e-02,1.453447490930557251e-01,1.814758330583572388e-01,2.541520297527313232e-01,-1.859943568706512451e-01,5.340556800365447998e-02,2.486810460686683655e-02,2.090868651866912842e-01
1.509335916489362717e-02,7.184027694165706635e-03,-6.706828624010086060e-02,5.465470254421234131e-02,4.271507635712623596e-02,-6.519709713757038116e-03,-3.483732230961322784e-03,2.872312255203723907e-02,5.384712666273117065e-02,5.126500129699707031e-02,-1.204017270356416702e-02,-3.488301113247871399e-02,6.021055579185485840e-02,5.366573110222816467e-02,6.551022827625274658e-02,7.034236937761306763e-02,-2.332461997866630554e-03,6.375799328088760376e-02,-6.418032199144363403e-02,-4.060468077659606934e-02,-3.557140380144119263e-02,4.223003238439559937e-02,4.805816709995269775e-02,-2.227934822440147400e-02,1.192933786660432816e-02,6.397170573472976685e-02,-5.990386381745338440e-02,-3.418551757931709290e-02,6.720755994319915771e-02,-3.719571605324745178e-02,1.076652947813272476e-02,-7.472457736730575562e-02,4.707916080951690674e-02,5.241807550191879272e-02,-2.175898291170597076e-03,-7.550486177206039429e-02,5.693783983588218689e-02,6.758251041173934937e-02,-6.357274949550628662e-02,-4.743760079145431519e-02,6.627213209867477417e-02,6.342666223645210266e-03,6.582362949848175049e-02,2.492430806159973145e-02,1.137439394369721413e-03,-5.558864772319793701e-02,-6.628198176622390747e-02,-2.201982028782367706e-02,-1.562043465673923492e-02,2.497089328244328499e-03,8.973093703389167786e-03,-1.711199432611465454e-02,4.709308966994285583e-02,-7.383977063000202179e-04,-2.279363200068473816e-02,-7.569666951894760132e-02,3.579660132527351379e-02,3.160455031320452690e-03,-6.268754601478576660e-02,-5.157513543963432312e-02,-3.021913580596446991e-03,-1.497437711805105209e-02,1.537061063572764397e-03,2.772995829582214355e-02,3.489672672003507614e-03,-2.835994958877563477e-02,2.029176987707614899e-02,7.450176775455474854e-02,-6.943399459123611450e-02,2.204950526356697083e-02,-6.361680477857589722e-02,-1.685771159827709198e-02,-2.207761816680431366e-02,6.528595834970474243e-02,-1.563237234950065613e-02,-7.211326807737350464e-02,-2.344476524740457535e-04,7.253067940473556519e-02,-2.183176577091217041e-02,-6.394600868225097656e-02,7.181320339441299438e-02,5.441896428237669170e-05,-6.112800166010856628e-02,-2.812004531733691692e-04,-6.865499913692474365e-02,-6.677164882421493530e-02,3.740533441305160522e-02,8.149839122779667377e-04,5.665721744298934937e-02,4.702049121260643005e-02,-1.673464290797710419e-02,-2.320666238665580750e-02,-6.031380966305732727e-02,1.032353937625885010e-02,-6.566065549850463867e-02,5.968517623841762543e-03,5.081240832805633545e-02,-2.972771806497576108e-09,-5.250715464353561401e-02,5.791410058736801147e-02,-2.515367232263088226e-02,3.087970986962318420e-02,-6.968791782855987549e-02,-6.396587938070297241e-02,7.869333028793334961e-02,7.274666801095008850e-03,-6.409280747175216675e-02,-7.087340950965881348e-02,-1.137603353708982468e-02,-5.287457024678587914e-04,4.693770781159400940e-02,-5.438947305083274841e-02,-6.641212105751037598e-02,-4.619705956429243088e-03,7.359912991523742676e-02,-6.658341735601425171e-02,3.976666927337646484e-02,3.122827224433422089e-02,-7.068772614002227783e-02,4.163500294089317322e-02,6.398986279964447021e-02,5.795987322926521301e-02,5.673092231154441833e-02,-4.036299511790275574e-02,-2.940320037305355072e-02,-3.626671433448791504e-02,-6.207397207617759705e-03,5.334504321217536926e-02
-2.548816055059432983e-02,-6.706828624010086060e-02,7.520241141319274902e-01,-6.843443512916564941e-01,-3.754882812500000000e-01,-9.607350081205368042e-02,1.636988855898380280e-02,-2.152747660875320435e-01,-5.158505439758300781e-01,-5.929366350173950195e-01,1.002433225512504578e-01,3.704032003879547119e-01,-6.324787735939025879e-01,-6.373879909515380859e-01,-7.305248379707336426e-01,-6.467364430427551270e-01,2.789273113012313843e-02,-6.739169359207153320e-01,7.174200415611267090e-01,4.856010377407073975e-01,3.127369582653045654e-01,-5.732042193412780762e-01,-6.212782263755798340e-01,2.886987030506134033e-01,-1.331076174974441528e-01,-5.680403709411621094e-01,6.681905388832092285e-01,2.261258512735366821e-01,-7.264866828918457031e-01,3.974110782146453857e-01,-1.646007746458053589e-01,7.373417019844055176e-01,-5.346403717994689941e-01,-6.302231550216674805e-01,2.389704063534736633e-02,7.462359666824340820e-01,-6.036239266395568848e-01,-7.250005602836608887e-01,5.779256820678710938e-01,4.816135764122009277e-01,-6.321970224380493164e-01,-4.900891706347465515e-02,-7.330265641212463379e-01,-2.977098524570465088e-01,-7.000653445720672607e-02,6.872290372848510742e-01,7.389183044433593750e-01,2.351438701152801514e-01,2.050773054361343384e-01,5.643205717206001282e-02,-1.482749879360198975e-01,2.002424746751785278e-01,-4.757719635963439941e-01,3.708442673087120056e-03,2.724856734275817871e-01,7.732561230659484863e-01,-4.252507984638214111e-01,-3.712137416005134583e-02,6.858921051025390625e-01,6.294274926185607910e-01,9.005254250951111317e-04,1.989158540964126587e-01,-1.838901825249195099e-02,-1.995330750942230225e-01,2.336308918893337250e-02,3.170553147792816162e-01,-2.531724274158477783e-01,-7.209576964378356934e-01,7.210791707038879395e-01,-1.267321258783340454e-01,6.340692043304443359e-01,2.921736240386962891e-01,2.516812384128570557e-01,-7.339722514152526855e-01,6.692251563072204590e-02,7.081979513168334961e-01,2.559851389378309250e-03,-7.903673648834228516e-01,2.850263714790344238e-01,6.758573055267333984e-01,-7.534855604171752930e-01,-6.782758864574134350e-04,6.410035490989685059e-01,3.926907666027545929e-03,6.148256659507751465e-01,7.574227452278137207e-01,-3.501848280429840088e-01,-8.367780596017837524e-03,-6.099446415901184082e-01,-5.322001576423645020e-01,1.577314734458923340e-01,2.897809445858001709e-01,6.692509055137634277e-01,-1.620887368917465210e-01,6.900131702423095703e-01,-1.726991385221481323e-01,-5.658907890319824219e-01,-2.404734686933807097e-06,5.237853527069091797e-01,-5.517906546592712402e-01,2.855023145675659180e-01,-2.141032069921493530e-01,7.286328077316284180e-01,6.621592640876770020e-01,-8.161417841911315918e-01,-1.514816582202911377e-01,6.880163550376892090e-01,7.562612891197204590e-01,-2.834312804043292999e-02,6.578016094863414764e-03,-5.237849354743957520e-01,6.745284795761108398e-01,7.278392314910888672e-01,-6.866925954818725586e-02,-7.823032736778259277e-01,6.935382485389709473e-01,-3.270369172096252441e-01,-4.166520535945892334e-01,7.191637754440307617e-01,-5.168029665946960449e-01,-7.174763083457946777e-01,-6.208565235137939453e-01,-6.124748587608337402e-01,4.933707118034362793e-01,4.045894443988800049e-01,4.667906165122985840e-01,6.736329197883605957e-02,-5.829355120658874512e-01
-8.332394808530807495e-02,5.465470254421234131e-02,-6.843443512916564941e-01,7.747238278388977051e-01,1.658361554145812988e-01,2.242101132869720459e-01,6.132613634690642357e-04,-1.845737360417842865e-02,5.217559933662414551e-01,5.356643199920654297e-01,-1.963971406221389771e-01,-2.478767931461334229e-01,4.592928588390350342e-01,6.450757980346679688e-01,6.690745353698730469e-01,4.115712642669677734e-01,-2.405708096921443939e-02,5.704747438430786133e-01,-7.014299035072326660e-01,-4.706870615482330322e-01,-4.052387773990631104e-01,6.094882488250732422e-01,6.162195205688476562e-01,-2.215570211410522461e-01,1.257608085870742798e-01,3.216864466667175293e-01,-5.540501475334167480e-01,7.370092719793319702e-02,5.315195322036743164e-01,-1.981231421232223511e-01,1.343691647052764893e-01,-6.662973165512084961e-01,6.699325442314147949e-01,5.835018754005432129e-01,1.140542095527052879e-03,-5.568274259567260742e-01,4.533519148826599121e-01,6.380962133407592773e-01,-2.832238376140594482e-01,-4.544686973094940186e-01,5.837490558624267578e-01,1.282930374145507812e-01,6.380521655082702637e-01,2.455071955919265747e-01,-1.074260771274566650e-01,-5.992687344551086426e-01,-7.081165313720703125e-01,-2.000218778848648071e-01,-7.846247404813766479e-02,7.010922301560640335e-03,1.757408678531646729e-01,4.001081362366676331e-02,5.253071784973144531e-01,-5.047551915049552917e-02,-1.008870229125022888e-01,-6.160218715667724609e-01,4.453988075256347656e-01,2.964372187852859497e-02,-6.527891159057617188e-01,-7.476674914360046387e-01,-6.053768843412399292e-02,-1.063069477677345276e-01,2.407293580472469330e-02,9.741151332855224609e-02,2.709524147212505341e-02,-2.819976508617401123e-01,2.002226114273071289e-01,5.258126854896545410e-01,-6.130797266960144043e-01,-1.503523439168930054e-01,-4.668674767017364502e-01,-9.057224541902542114e-02,-3.499090075492858887e-01,6.873028874397277832e-01,-1.398229897022247314e-01,-5.797230601310729980e-01,-1.016048016026616096e-03,6.677349209785461426e-01,-4.876318573951721191e-01,-5.824053287506103516e-01,7.210492491722106934e-01,6.117742741480469704e-04,-4.914064705371856689e-01,2.352374373003840446e-03,-4.540639221668243408e-01,-6.855920553207397461e-01,1.041973158717155457e-01,3.244178369641304016e-03,4.971241950988769531e-01,4.427202343940734863e-01,-1.944367140531539917e-01,-4.816944897174835205e-01,-7.274131178855895996e-01,3.092626929283142090e-01,-6.489790678024291992e-01,3.119506239891052246e-01,4.351370632648468018e-01,3.789864422287791967e-06,-3.162921369075775146e-01,4.010322690010070801e-01,-1.478340774774551392e-01,-6.189882382750511169e-02,-7.063719034194946289e-01,-5.120462775230407715e-01,7.745627164840698242e-01,3.494998514652252197e-01,-7.983969449996948242e-01,-6.467155218124389648e-01,2.417534440755844116e-01,-2.068661712110042572e-02,5.983968973159790039e-01,-7.396405339241027832e-01,-7.156630754470825195e-01,2.600147128105163574e-01,6.664935946464538574e-01,-6.291997432708740234e-01,4.963767901062965393e-02,3.638794422149658203e-01,-5.869873762130737305e-01,5.981928706169128418e-01,6.208659410476684570e-01,6.653776764869689941e-01,6.064267158508300781e-01,-5.329368114471435547e-01,-4.118444621562957764e-01,-5.477319955825805664e-01,-5.730039626359939575e-02,4.775038957595825195e-01
3.849605619907379150e-01,4.271507635712623596e-02,-3.754882812500000000e-01,1.658361554145812988e-01,6.133025884628295898e-01,-3.143398463726043701e-01,4.144178330898284912e-02,6.386877894401550293e-01,2.837478518486022949e-01,3.101355433464050293e-01,-1.704058796167373657e-01,-4.379100501537322998e-01,3.318969011306762695e-01,2.770364582538604736e-01,4.241218268871307373e-01,7.076172232627868652e-01,-8.162003010511398315e-03,3.651019334793090820e-01,-3.330735862255096436e-01,-3.349849283695220947e-01,-2.032004594802856445e-01,9.646196663379669189e-02,1.677209883928298950e-01,-8.996413648128509521e-02,9.468821436166763306e-02,6.422603130340576172e-01,-4.227074980735778809e-01,-6.189774870872497559e-01,5.959718823432922363e-01,-4.175386130809783936e-01,-7.199722528457641602e-02,-5.221459269523620605e-01,5.871566757559776306e-02,4.502045810222625732e-01,-4.620033130049705505e-02,-5.714703202247619629e-01,4.900671541690826416e-01,4.788462519645690918e-01,-7.369024753570556641e-01,-5.032047033309936523e-01,5.010381340980529785e-01,6.366614997386932373e-02,3.471940755844116211e-01,1.882066875696182251e-01,1.839574277400970459e-01,-2.343555390834808350e-01,-4.374609291553497314e-01,-1.574570983648300171e-01,-1.165624186396598816e-01,-1.909613311290740967e-01,-1.158420667052268982e-01,-4.795306921005249023e-01,3.512620627880096436e-01,3.355758264660835266e-02,-2.363963723182678223e-01,-6.188536882400512695e-01,3.603633642196655273e-01,2.881578356027603149e-02,-2.611575424671173096e-01,-8.387297391891479492e-02,-4.118335992097854614e-02,-2.895345352590084076e-02,1.138988998718559742e-03,3.327834010124206543e-01,4.055700451135635376e-02,-2.085665464401245117e-01,-1.323170065879821777e-01,6.324742436408996582e-01,-4.869771897792816162e-01,5.202013254165649414e-01,-6.490037441253662109e-01,-1.305082589387893677e-01,-8.920904994010925293e-02,3.914965689182281494e-01,-5.990246310830116272e-02,-5.779311060905456543e-01,-1.560356467962265015e-03,5.125795006752014160e-01,8.740480244159698486e-02,-4.969937503337860107e-01,4.899690449237823486e-01,4.265044699423015118e-04,-5.874275565147399902e-01,-7.855674251914024353e-03,-6.965296268463134766e-01,-3.757696151733398438e-01,5.653312206268310547e-01,1.038072537630796432e-02,3.081318140029907227e-01,4.614373743534088135e-01,-1.843256056308746338e-01,2.543936669826507568e-01,-1.930651366710662842e-01,-1.449664980173110962e-01,-4.514773488044738770e-01,-2.789790630340576172e-01,3.625528514385223389e-01,-8.945328772824723274e-06,-5.765035748481750488e-01,4.821755588054656982e-01,-5.032309889793395996e-01,6.007337570190429688e-01,-4.515402913093566895e-01,-5.735890269279479980e-01,4.154274165630340576e-01,5.378060415387153625e-02,-1.451930850744247437e-01,-3.816429972648620605e-01,-4.717163443565368652e-01,1.692659594118595123e-02,1.748394370079040527e-01,-1.675816476345062256e-01,-3.872074484825134277e-01,-6.915090233087539673e-02,5.546244382858276367e-01,-4.430446326732635498e-01,6.149609088897705078e-01,1.506630629301071167e-01,-6.079000234603881836e-01,1.243071332573890686e-01,3.198473453521728516e-01,3.167741894721984863e-01,3.689728379249572754e-01,4.167212918400764465e-02,-3.122163414955139160e-01,-7.137173414230346680e-02,-1.056163944303989410e-02,4.705642759799957275e-01
-3.574220836162567139e-01,-6.519709713757038116e-03,-9.607350081205368042e-02,2.242101132869720459e-01,-3.143398463726043701e-01,3.706114888191223145e-01,-3.638652339577674866e-02,-4.076045453548431396e-01,-6.677164882421493530e-02,2.792731113731861115e-02,1.445033401250839233e-01,1.824949085712432861e-01,9.512851387262344360e-02,7.337286323308944702e-02,2.790550142526626587e-02,-2.543098926544189453e-01,-8.624862879514694214e-03,6.070170179009437561e-02,-9.224692732095718384e-02,5.979472398757934570e-02,1.217021048069000244e-01,2.188915759325027466e-01,1.937233209609985352e-01,-9.522553533315658569e-02,-2.173970825970172882e-02,-2.557438313961029053e-01,1.947887707501649857e-03,3.913432955741882324e-01,-5.899553745985031128e-02,1.126179695129394531e-01,1.731461435556411743e-01,8.688567578792572021e-02,1.863469481468200684e-01,-4.416756331920623779e-02,2.120476216077804565e-02,7.793080061674118042e-02,-1.021207049489021301e-01,-2.622301690280437469e-02,2.740286886692047119e-01,2.130822688341140747e-01,-1.481007337570190430e-01,-6.885497272014617920e-02,1.190780252218246460e-01,3.181908978149294853e-03,-4.167623445391654968e-02,-2.143795490264892578e-01,-2.145567163825035095e-02,9.015508927404880524e-03,-7.062359154224395752e-02,1.073597669601440430e-01,1.913567334413528442e-01,2.262801080942153931e-01,-1.209426298737525940e-01,-1.268881745636463165e-02,1.914841239340603352e-03,8.952442556619644165e-02,-1.230420172214508057e-01,-4.271146841347217560e-03,-1.352746933698654175e-01,-2.386599034070968628e-01,7.884543389081954956e-02,-1.374058574438095093e-01,6.025771610438823700e-03,-2.176295071840286255e-01,-9.352707117795944214e-02,2.448510378599166870e-02,2.867571413516998291e-01,-1.417077630758285522e-01,5.149365589022636414e-02,-3.449214398860931396e-01,2.074726969003677368e-01,-1.644667387008666992e-01,1.499652862548828125e-02,5.178113281726837158e-02,8.375421166419982910e-02,1.214158460497856140e-01,-3.323058772366493940e-04,2.011517435312271118e-02,-1.679528504610061646e-01,8.504802733659744263e-02,-3.004550747573375702e-02,-1.564945705467835069e-05,1.546527743339538574e-01,2.312191762030124664e-03,2.893616855144500732e-01,-9.960613399744033813e-02,-2.669119238853454590e-01,-3.638705704361200333e-03,4.438515007495880127e-02,-1.267714947462081909e-01,1.024855002760887146e-01,-3.185888230800628662e-01,-1.544199138879776001e-01,1.600452959537506104e-01,4.556610062718391418e-02,3.173992037773132324e-01,3.387656807899475098e-02,8.312611498695332557e-06,2.058933824300765991e-01,-1.268143057823181152e-01,2.660674452781677246e-01,-3.898665606975555420e-01,2.755840867757797241e-02,1.341348141431808472e-01,8.149754256010055542e-02,4.005503375083208084e-03,-2.088427692651748657e-01,-1.073245331645011902e-01,4.216150641441345215e-01,-1.125699654221534729e-02,4.953442513942718506e-02,-2.101861685514450073e-01,-4.355680942535400391e-02,5.536982417106628418e-02,-2.430893108248710632e-02,3.376311063766479492e-02,-3.400760889053344727e-01,1.291413754224777222e-01,1.285602599382400513e-01,1.246898621320724487e-01,1.486888527870178223e-01,4.409725312143564224e-03,-3.835580870509147644e-02,-2.912774085998535156e-01,7.020292431116104126e-02,-1.465609669685363770e-01,-3.140047192573547363e-02,-9.698139876127243042e-02
7.298731803894042969e-02,-3.483732230961322784e-03,1.636988855898380280e-02,6.132613634690642357e-04,4.144178330898284912e-02,-3.638652339577674866e-02,5.481471121311187744e-02,6.343873590230941772e-02,4.681054851971566677e-04,2.962978091090917587e-03,-9.694543480873107910e-02,-3.224797546863555908e-02,-9.105639904737472534e-02,1.140007842332124710e-02,1.115985773503780365e-02,7.856377400457859039e-03,3.479858394712209702e-03,-6.159684062004089355e-02,1.454702112823724747e-03,-6.905104219913482666e-02,-7.945917546749114990e-02,-3.791818395256996155e-02,-2.928637713193893433e-02,4.600467532873153687e-02,1.076031476259231567e-02,-1.041984837502241135e-02,-5.427981261163949966e-03,-1.245986111462116241e-02,-8.985615568235516548e-04,-4.812538158148527145e-03,-5.614929646253585815e-02,-3.942879661917686462e-02,5.247411318123340607e-03,6.465351581573486328e-02,-4.120510420762002468e-04,2.487472817301750183e-02,-2.076799748465418816e-03,9.100382216274738312e-03,7.096830755472183228e-03,-1.062727272510528564e-01,3.556637093424797058e-02,6.210969015955924988e-02,-4.857542365789413452e-02,-2.107386710122227669e-03,-3.539999574422836304e-02,6.248882412910461426e-02,-2.292383275926113129e-02,1.430626865476369858e-02,6.618742644786834717e-02,-5.280707404017448425e-02,-4.507922753691673279e-02,-3.531526401638984680e-02,8.136428147554397583e-02,-5.571385845541954041e-04,4.325659200549125671e-02,-1.978760585188865662e-02,6.888191401958465576e-02,2.735758898779749870e-04,3.913038969039916992e-02,1.732655428349971771e-02,-5.174085125327110291e-02,9.133979678153991699e-02,9.676589397713541985e-04,3.628282621502876282e-02,3.178162872791290283e-02,-5.338722839951515198e-03,-1.293495297431945801e-01,3.783217689488083124e-04,-1.382453949190676212e-03,1.841024868190288544e-02,-4.187041893601417542e-02,8.167878538370132446e-02,-4.946251586079597473e-02,-6.527817342430353165e-03,-2.643362618982791901e-02,-1.946989819407463074e-02,7.227989262901246548e-04,-4.913670636597089469e-05,-1.149751897901296616e-02,-2.151444740593433380e-02,3.888370096683502197e-02,2.409100852673873305e-05,-4.097312316298484802e-02,-1.550639135530218482e-04,-5.238362029194831848e-02,2.315568365156650543e-02,3.494995832443237305e-02,-4.881305503658950329e-04,-4.384807869791984558e-02,3.898731991648674011e-02,-5.654205009341239929e-02,4.081282764673233032e-02,1.711235195398330688e-02,6.091190502047538757e-03,-2.325850725173950195e-02,-5.809945985674858093e-02,-3.789737820625305176e-02,-3.188869868608890101e-06,-1.717372611165046692e-02,-2.343845739960670471e-02,-8.454874157905578613e-02,3.773440048098564148e-02,-2.482853829860687256e-02,-1.680899038910865784e-02,2.990236098412424326e-04,1.170002147555351257e-01,-2.678342862054705620e-04,6.860060244798660278e-02,-4.540076851844787598e-02,-8.020332898013293743e-04,2.113465033471584320e-02,-1.037957798689603806e-02,2.894298406317830086e-03,1.100028455257415771e-01,8.459668606519699097e-03,-1.426010113209486008e-02,1.993661001324653625e-02,-4.446843266487121582e-02,-3.103575482964515686e-02,4.751188214868307114e-03,-5.833790451288223267e-02,3.894138708710670471e-02,4.237295687198638916e-02,8.618345856666564941e-02,-8.316759020090103149e-02,-7.603465579450130463e-03,1.301075704395771027e-02,2.858601883053779602e-02
4.581090211868286133e-01,2.872312255203723907e-02,-2.152747660875320435e-01,-1.845737360417842865e-02,6.386877894401550293e-01,-4.076045453548431396e-01,6.343873590230941772e-02,7.385757565498352051e-01,1.501224786043167114e-01,1.890503466129302979e-01,-1.560382843017578125e-01,-4.481340646743774414e-01,2.006861418485641479e-01,1.414322555065155029e-01,2.860121130943298340e-01,6.422448754310607910e-01,-8.618683787062764168e-04,2.214243710041046143e-01,-1.603948473930358887e-01,-2.627589702606201172e-01,-1.064219176769256592e-01,-5.372722819447517395e-02,1.080232486128807068e-02,-3.350538760423660278e-02,7.471361011266708374e-02,5.895470380783081055e-01,-3.099471628665924072e-01,-6.924114823341369629e-01,5.051907896995544434e-01,-4.024339914321899414e-01,-1.422055065631866455e-01,-3.729632496833801270e-01,-1.407755911350250244e-01,3.639305830001831055e-01,-5.551226437091827393e-02,-4.479470551013946533e-01,4.193477928638458252e-01,3.471650481224060059e-01,-7.087840437889099121e-01,-4.580149650573730469e-01,3.808947205543518066e-01,4.550798609852790833e-02,1.867211610078811646e-01,1.469291299581527710e-01,2.661480009555816650e-01,-8.192170411348342896e-02,-2.914207577705383301e-01,-1.203556358814239502e-01,-1.037418991327285767e-01,-2.741740345954895020e-01,-1.965506076812744141e-01,-5.818647146224975586e-01,2.510376274585723877e-01,4.693888500332832336e-02,-2.354030460119247437e-01,-4.971813559532165527e-01,3.216200172901153564e-01,2.555183134973049164e-02,-7.430045306682586670e-02,1.175499260425567627e-01,-3.699754178524017334e-02,1.526670902967453003e-02,-5.837578792124986649e-03,3.205883800983428955e-01,3.264488279819488525e-02,-1.578542292118072510e-01,-2.578585743904113770e-01,5.274031758308410645e-01,-3.603078424930572510e-01,6.182425022125244141e-01,-5.892563462257385254e-01,-1.239133402705192566e-01,-1.200975384563207626e-02,2.448531389236450195e-01,2.127680229023098946e-03,-4.591554999351501465e-01,-1.275628688745200634e-03,3.731391429901123047e-01,2.283897846937179565e-01,-3.832853138446807861e-01,3.340165317058563232e-01,3.395179519429802895e-04,-5.209212303161621094e-01,-9.695481508970260620e-03,-6.242519617080688477e-01,-2.176996022462844849e-01,6.087891459465026855e-01,1.096462551504373550e-02,1.721394062042236328e-01,4.197270274162292480e-01,-1.615693122148513794e-01,4.595740437507629395e-01,2.676019677892327309e-03,-2.517751753330230713e-01,-3.130560219287872314e-01,-4.142341911792755127e-01,2.669926285743713379e-01,-1.226672065968159586e-05,-5.578823685646057129e-01,4.011807739734649658e-01,-5.689362883567810059e-01,6.810067296028137207e-01,-3.005971312522888184e-01,-4.927586317062377930e-01,2.135205864906311035e-01,1.239055581390857697e-02,8.863868564367294312e-02,-2.151694446802139282e-01,-6.044436097145080566e-01,2.684449777007102966e-02,2.742421999573707581e-02,1.833381317555904388e-02,-2.287262976169586182e-01,-9.825790673494338989e-02,4.200775623321533203e-01,-3.033771216869354248e-01,6.668462753295898438e-01,7.002831250429153442e-02,-5.026999711990356445e-01,-2.941771969199180603e-02,1.558526158332824707e-01,1.646967083215713501e-01,2.405714839696884155e-01,2.357423156499862671e-01,-2.795529365539550781e-01,7.582716643810272217e-02,1.383042987436056137e-02,4.038938879966735840e-01
1.555732190608978271e-01,5.384712666273117065e-02,-5.158505439758300781e-01,5.217559933662414551e-01,2.837478518486022949e-01,-6.677164882421493530e-02,4.681054851971566677e-04,1.501224786043167114e-01,5.862699151039123535e-01,4.505275189876556396e-01,-2.439742982387542725e-01,-3.105546236038208008e-01,3.208619356155395508e-01,5.358105301856994629e-01,5.739716291427612305e-01,5.135697722434997559e-01,-1.390421390533447266e-02,4.021688401699066162e-01,-5.523361563682556152e-01,-4.629136025905609131e-01,-5.260052680969238281e-01,3.713036477565765381e-01,3.785852789878845215e-01,-1.273501217365264893e-01,1.266575008630752563e-01,4.599960148334503174e-01,-5.169554352760314941e-01,-1.287428736686706543e-01,4.560747146606445312e-01,-2.174679785966873169e-01,1.700924942269921303e-03,-7.214599847793579102e-01,4.845852851867675781e-01,5.293559432029724121e-01,-6.724554579704999924e-03,-5.628423690795898438e-01,4.394433498382568359e-01,5.672143697738647461e-01,-3.608637750148773193e-01,-5.142941474914550781e-01,6.261141300201416016e-01,1.683312803506851196e-01,4.536066651344299316e-01,1.875612586736679077e-01,-1.308490037918090820e-01,-3.941947221755981445e-01,-5.800171494483947754e-01,-1.399714648723602295e-01,4.912059754133224487e-02,-5.890121683478355408e-02,1.444843225181102753e-02,-2.147446200251579285e-02,5.642933845520019531e-01,-5.360609292984008789e-02,-3.610548004508018494e-02,-5.917690992355346680e-01,4.390721619129180908e-01,2.473323605954647064e-02,-4.841937720775604248e-01,-5.154034495353698730e-01,-1.288238465785980225e-01,7.096492499113082886e-02,1.877645030617713928e-02,2.549766898155212402e-01,1.105042025446891785e-01,-2.540548443794250488e-01,-7.010084576904773712e-03,5.407829880714416504e-01,-5.965015292167663574e-01,4.582700878381729126e-02,-4.969499707221984863e-01,7.690534740686416626e-02,-3.687517344951629639e-01,5.787887573242187500e-01,-1.935241967439651489e-01,-5.650195479393005371e-01,-5.591243389062583447e-04,5.707059502601623535e-01,-3.050850331783294678e-01,-5.816493630409240723e-01,6.653475165367126465e-01,5.226856446824967861e-04,-5.035224556922912598e-01,2.405811101198196411e-03,-5.577865242958068848e-01,-5.430092811584472656e-01,2.125221937894821167e-01,4.026057664304971695e-03,4.642418026924133301e-01,4.394894540309906006e-01,-2.081108689308166504e-01,-2.733676433563232422e-01,-5.641713738441467285e-01,2.235811203718185425e-01,-5.903337597846984863e-01,9.788732230663299561e-02,2.652438879013061523e-01,-1.075817522178112995e-06,-3.915163278579711914e-01,3.846336007118225098e-01,-2.510665655136108398e-01,1.816273033618927002e-01,-6.606973409652709961e-01,-5.127288699150085449e-01,6.804676651954650879e-01,2.433683127164840698e-01,-6.463486552238464355e-01,-4.925355017185211182e-01,-2.902196347713470459e-02,-1.938259415328502655e-02,5.914846658706665039e-01,-5.370119214057922363e-01,-5.953349471092224121e-01,2.255150526762008667e-01,5.586190819740295410e-01,-5.931307673454284668e-01,2.239836901426315308e-01,1.702900826930999756e-01,-5.700181126594543457e-01,4.428001940250396729e-01,4.139080643653869629e-01,6.074276566505432129e-01,5.746511220932006836e-01,-2.817642390727996826e-01,-4.096293151378631592e-01,-4.120138883590698242e-01,-1.962076127529144287e-02,4.440025985240936279e-01
6.616248190402984619e-02,5.126500129699707031e-02,-5.929366350173950195e-01,5.356643199920654297e-01,3.101355433464050293e-01,2.792731113731861115e-02,2.962978091090917587e-03,1.890503466129302979e-01,4.505275189876556396e-01,4.750413298606872559e-01,-1.066686660051345825e-01,-3.075596392154693604e-01,4.769937396049499512e-01,5.213113427162170410e-01,6.099589467048645020e-01,5.784659385681152344e-01,-1.954042166471481323e-02,4.897369444370269775e-01,-5.840213894844055176e-01,-4.263727962970733643e-01,-3.275619745254516602e-01,4.105767905712127686e-01,4.536317288875579834e-01,-2.111210376024246216e-01,1.122608482837677002e-01,5.127274394035339355e-01,-5.763921141624450684e-01,-1.997424364089965820e-01,6.113143563270568848e-01,-3.211677968502044678e-01,1.025229245424270630e-01,-6.961520910263061523e-01,4.217317998409271240e-01,5.495048761367797852e-01,-1.847197674214839935e-02,-6.537360548973083496e-01,4.828194975852966309e-01,6.017779111862182617e-01,-5.040787458419799805e-01,-4.370913803577423096e-01,5.481290817260742188e-01,6.680833548307418823e-02,5.616883635520935059e-01,2.233066707849502563e-01,2.245011180639266968e-02,-5.425382256507873535e-01,-6.031844019889831543e-01,-1.554069817066192627e-01,-9.547589719295501709e-02,-8.086764067411422729e-02,8.005637675523757935e-02,-1.598788648843765259e-01,4.344792366027832031e-01,-6.643089000135660172e-03,-1.815096884965896606e-01,-6.831673979759216309e-01,3.502520918846130371e-01,2.776693552732467651e-02,-5.333326458930969238e-01,-4.901430904865264893e-01,-3.585364297032356262e-02,-7.788814604282379150e-02,1.495158299803733826e-02,2.066842615604400635e-01,7.685637101531028748e-03,-2.502862513065338135e-01,1.388122737407684326e-01,6.203165650367736816e-01,-6.188990473747253418e-01,1.194636300206184387e-01,-5.437139868736267090e-01,-1.937557905912399292e-01,-2.405496388673782349e-01,6.061682701110839844e-01,-6.749702244997024536e-02,-5.982784628868103027e-01,-1.700686872936785221e-03,6.751679182052612305e-01,-1.988138854503631592e-01,-5.829769372940063477e-01,6.622532606124877930e-01,5.396457272581756115e-04,-5.467887520790100098e-01,-2.860843902453780174e-03,-5.507645606994628906e-01,-6.178870797157287598e-01,2.955197095870971680e-01,6.244529038667678833e-03,5.120862722396850586e-01,4.317190349102020264e-01,-1.329932659864425659e-01,-2.156448215246200562e-01,-5.369004011154174805e-01,1.452342718839645386e-01,-5.762663483619689941e-01,1.068209558725357056e-01,3.865617513656616211e-01,1.210178311339404900e-06,-4.418858587741851807e-01,4.177058935165405273e-01,-2.624647319316864014e-01,2.268930524587631226e-01,-6.288365125656127930e-01,-5.564444661140441895e-01,7.246338129043579102e-01,1.187138110399246216e-01,-5.991762280464172363e-01,-6.002618670463562012e-01,-5.630221217870712280e-03,-8.713761344552040100e-03,4.739433825016021729e-01,-5.560922622680664062e-01,-5.880828499794006348e-01,1.169700175523757935e-01,6.469199061393737793e-01,-5.874017477035522461e-01,2.891339063644409180e-01,2.745775878429412842e-01,-6.147956252098083496e-01,3.978077769279479980e-01,5.471590757369995117e-01,5.268040895462036133e-01,5.219160318374633789e-01,-3.390957117080688477e-01,-3.669374585151672363e-01,-3.739255964756011963e-01,-4.096465557813644409e-02,4.666326344013214111e-01
-2.546973824501037598e-01,-1.204017270356416702e-02,1.002433225512504578e-01,-1.963971406221389771e-01,-1.704058796167373657e-01,1.445033401250839233e-01,-9.694543480873107910e-02,-1.560382843017578125e-01,-2.439742982387542725e-01,-1.066686660051345825e-01,3.960656225681304932e-01,1.365365833044052124e-01,1.634398698806762695e-01,-1.766464114189147949e-01,-1.734034270048141479e-01,-1.232845261693000793e-01,-5.015338305383920670e-03,-9.660091251134872437e-03,1.728945970535278320e-01,2.591809928417205811e-01,4.283556044101715088e-01,-1.229466404765844345e-02,-2.364090271294116974e-02,-1.250685602426528931e-01,-6.250692158937454224e-02,-5.853085219860076904e-02,8.448613435029983521e-02,1.432341709733009338e-02,-4.001491144299507141e-02,-9.834380820393562317e-03,1.797622144222259521e-01,2.911154627799987793e-01,-2.556747198104858398e-01,-2.555799782276153564e-01,-8.866316638886928558e-03,4.725588858127593994e-02,-9.348958730697631836e-02,-1.789608895778656006e-01,5.057013593614101410e-03,4.258633852005004883e-01,-3.363455533981323242e-01,-2.495437711477279663e-01,-4.012281075119972229e-03,-2.946436218917369843e-02,2.347444742918014526e-01,-1.201786696910858154e-01,2.442584931850433350e-01,3.966350108385086060e-02,-2.113370299339294434e-01,3.110465407371520996e-02,1.095770820975303650e-01,-3.660230338573455811e-02,-4.283615946769714355e-01,5.246803537011146545e-02,-1.755089163780212402e-01,1.665612012147903442e-01,-3.277277350425720215e-01,-6.225915160030126572e-03,7.217335700988769531e-02,1.861124485731124878e-01,1.951841562986373901e-01,-2.489704787731170654e-01,-1.006089989095926285e-02,-1.726712882518768311e-01,-1.711308807134628296e-01,8.660820126533508301e-02,3.333449959754943848e-01,-1.234020143747329712e-01,1.509998142719268799e-01,9.542833082377910614e-03,2.207842618227005005e-01,-4.121438860893249512e-01,2.634024620056152344e-01,-1.438269168138504028e-01,2.512769401073455811e-01,2.244973629713058472e-01,-2.172011882066726685e-03,-1.071139872074127197e-01,2.443020492792129517e-01,2.019731551408767700e-01,-3.152511715888977051e-01,-1.542977115605026484e-04,1.968964189291000366e-01,-4.783941432833671570e-03,3.094947040081024170e-01,6.885679066181182861e-02,-5.993970856070518494e-02,1.425675465725362301e-03,2.346223033964633942e-02,-1.975728571414947510e-01,2.618105113506317139e-01,7.866986840963363647e-02,1.891636997461318970e-01,-1.112031042575836182e-01,2.631072998046875000e-01,9.052559733390808105e-02,2.989373402670025826e-03,8.923826499085407704e-06,8.976133912801742554e-02,-9.645885229110717773e-02,2.039172202348709106e-01,-4.939613863825798035e-02,2.886514961719512939e-01,1.615562140941619873e-01,-2.005389183759689331e-01,-4.545034170150756836e-01,2.812466621398925781e-01,-2.258092351257801056e-02,1.098456606268882751e-01,1.182997319847345352e-02,-2.550927996635437012e-01,1.774221807718276978e-01,2.207546681165695190e-01,-3.049990534782409668e-01,-1.751683950424194336e-01,2.173404991626739502e-01,-3.376751020550727844e-02,7.255672663450241089e-02,2.309499233961105347e-01,-1.857009977102279663e-01,3.656409308314323425e-02,-3.286850452423095703e-01,-2.902550399303436279e-01,-8.447677642107009888e-02,2.648060023784637451e-01,1.473777145147323608e-01,-2.061375603079795837e-02,-1.790227442979812622e-01
-2.411843836307525635e-01,-3.488301113247871399e-02,3.704032003879547119e-01,-2.478767931461334229e-01,-4.379100501537322998e-01,1.824949085712432861e-01,-3.224797546863555908e-02,-4.481340646743774414e-01,-3.105546236038208008e-01,-3.075596392154693604e-01,1.365365833044052124e-01,3.757750988006591797e-01,-2.779445052146911621e-01,-3.427103459835052490e-01,-4.428230226039886475e-01,-6.094952225685119629e-01,7.290089502930641174e-03,-2.956714630126953125e-01,3.425924777984619141e-01,3.506734073162078857e-01,2.486230283975601196e-01,-1.747807264328002930e-01,-2.052092850208282471e-01,1.026817038655281067e-01,-9.369488060474395752e-02,-5.345565676689147949e-01,4.415661394596099854e-01,4.124243259429931641e-01,-5.408069491386413574e-01,3.115198314189910889e-01,4.854635149240493774e-02,5.608811378479003906e-01,-1.174996048212051392e-01,-4.722762405872344971e-01,3.526844084262847900e-02,5.384072065353393555e-01,-4.196032285690307617e-01,-4.571996331214904785e-01,5.951617360115051270e-01,4.604950845241546631e-01,-4.580215811729431152e-01,-6.879653036594390869e-02,-3.286127746105194092e-01,-1.684070676565170288e-01,-1.341534405946731567e-01,2.903749644756317139e-01,4.336484372615814209e-01,1.120464205741882324e-01,6.042331084609031677e-02,2.231614589691162109e-01,8.332215249538421631e-02,3.462320268154144287e-01,-3.532147407531738281e-01,-7.849503308534622192e-03,1.707303822040557861e-01,5.847198963165283203e-01,-3.529686331748962402e-01,-2.534002065658569336e-02,2.552377879619598389e-01,1.749345511198043823e-01,5.081209167838096619e-02,-1.974030584096908569e-02,-4.841126501560211182e-03,-2.326655089855194092e-01,-2.641645632684230804e-02,1.937446445226669312e-01,1.097997203469276428e-01,-5.512467622756958008e-01,4.824752509593963623e-01,-3.308303058147430420e-01,5.493518114089965820e-01,1.321824938058853149e-01,1.577690690755844116e-01,-4.224483370780944824e-01,8.868047036230564117e-03,4.960366785526275635e-01,1.179269747808575630e-03,-5.154376029968261719e-01,-9.995178319513797760e-03,4.853327870368957520e-01,-4.967928528785705566e-01,-4.487621481530368328e-04,5.250970125198364258e-01,5.031997337937355042e-03,5.769619345664978027e-01,4.042145907878875732e-01,-4.122544825077056885e-01,-7.781935855746269226e-03,-3.212976753711700439e-01,-4.164448678493499756e-01,1.361733675003051758e-01,-1.348114907741546631e-01,2.494101375341415405e-01,2.074220031499862671e-02,4.224561750888824463e-01,1.359903365373611450e-01,-2.483803480863571167e-01,5.564530965784797445e-06,4.847922623157501221e-01,-3.502876460552215576e-01,4.183031320571899414e-01,-4.468037486076354980e-01,4.729204773902893066e-01,5.079329013824462891e-01,-4.491241574287414551e-01,-8.788689970970153809e-02,2.365147918462753296e-01,3.678305745124816895e-01,2.847338020801544189e-01,-5.726150237023830414e-03,-2.892063856124877930e-01,2.613217234611511230e-01,3.990582823753356934e-01,-7.488691061735153198e-02,-5.102701783180236816e-01,4.300766885280609131e-01,-4.608615040779113770e-01,-1.366524398326873779e-01,5.408187508583068848e-01,-1.822456121444702148e-01,-2.944348156452178955e-01,-3.462948799133300781e-01,-3.808853924274444580e-01,1.608644798398017883e-02,3.637329041957855225e-01,1.587525755167007446e-01,-2.504953881725668907e-03,-4.039101004600524902e-01
