5.041646361351013184e-01,2.803735621273517609e-02,-2.206487804651260376e-01,6.532370299100875854e-02,2.526530325412750244e-01,-1.424059271812438965e-01,1.310139298439025879e-01,4.066781699657440186e-01,1.248978674411773682e-01,9.775004535913467407e-02,-9.115717560052871704e-02,-1.183288842439651489e-01,1.170467212796211243e-01,2.539916634559631348e-01,3.232916891574859619e-01,2.444112449884414673e-01,8.398463018238544464e-03,6.129414960741996765e-02,3.287209570407867432e-02,-8.797320723533630371e-02,-1.721892356872558594e-01,1.309254914522171021e-01,3.856516256928443909e-02,4.678243771195411682e-02,2.114004455506801605e-02,1.801234930753707886e-01,-8.809641748666763306e-02,-2.766894400119781494e-01,1.274178773164749146e-01,-1.724798828363418579e-01,-1.485435068607330322e-01,-1.946434527635574341e-01,1.228605732321739197e-01,9.964182972908020020e-02,-3.520759567618370056e-02,-2.046474367380142212e-01,1.219259295612573624e-02,1.226000860333442688e-01,-3.650069534778594971e-01,-4.103209972381591797e-01,2.946324944496154785e-01,9.706854820251464844e-02,3.102180175483226776e-02,3.355889394879341125e-02,-3.790200501680374146e-02,-8.974969387054443359e-02,-2.973774373531341553e-01,-1.499794572591781616e-01,3.900353610515594482e-02,7.047451287508010864e-02,-1.272265315055847168e-01,-3.644033148884773254e-02,2.270517349243164062e-01,-4.587900266051292419e-02,-4.986478388309478760e-02,-2.816076576709747314e-01,8.404292911291122437e-02,2.168428897857666016e-02,-1.048733666539192200e-01,-1.166178137063980103e-01,-2.576473727822303772e-02,-2.151470864191651344e-03,1.282064896076917648e-02,2.029883414506912231e-01,3.901222720742225647e-02,-3.242243081331253052e-02,-1.076988205313682556e-01,2.815084755420684814e-01,-2.217240482568740845e-01,1.898081302642822266e-01,-2.883245646953582764e-01,6.163838133215904236e-02,8.973512798547744751e-03,2.785260975360870361e-01,-1.409492194652557373e-01,-2.550063133239746094e-01,-4.165236838161945343e-03,2.559079825878143311e-01,-2.089847773313522339e-01,-1.976861059665679932e-01,2.030015140771865845e-01,2.360327402129769325e-03,-3.045588433742523193e-01,-3.363147377967834473e-03,-3.563389480113983154e-01,-1.370533257722854614e-01,2.522815465927124023e-01,5.125569179654121399e-03,1.954952627420425415e-02,1.306850016117095947e-01,-1.335157006978988647e-01,-6.783748511224985123e-03,-7.586371153593063354e-03,-6.354156136512756348e-02,-1.981678605079650879e-01,-2.842918634414672852e-01,2.550503909587860107e-01,-2.985775936394929886e-04,-2.714992165565490723e-01,3.431257605552673340e-01,-1.405273526906967163e-01,3.028693199157714844e-01,-2.037523388862609863e-01,-1.062952503561973572e-01,1.487910151481628418e-01,2.981139123439788818e-01,-3.338178992271423340e-02,-5.818700790405273438e-02,-3.179740905761718750e-01,3.034626715816557407e-04,1.052268370985984802e-01,1.270861271768808365e-02,-1.321731656789779663e-01,-1.171776428818702698e-01,2.721707820892333984e-01,-2.187130153179168701e-01,3.811947107315063477e-01,-3.961432352662086487e-02,-4.316200315952301025e-01,4.771472513675689697e-02,3.139774873852729797e-02,2.813547253608703613e-01,2.975469529628753662e-01,1.229189522564411163e-02,-8.194430731236934662e-03,-1.780335307121276855e-01,-7.098972128005698323e-05,8.305043727159500122e-02
2.803735621273517609e-02,2.094958163797855377e-02,-1.283062845468521118e-01,8.793542534112930298e-02,7.073464244604110718e-02,-1.745229773223400116e-02,3.576496616005897522e-03,4.537241905927658081e-02,2.715833485126495361e-02,4.323466494679450989e-02,3.620101837441325188e-03,-5.277736112475395203e-02,9.919060766696929932e-02,8.483954519033432007e-02,1.183559224009513855e-01,1.207095608115196228e-01,-8.190609514713287354e-04,7.531014829874038696e-02,-6.981445103883743286e-02,-6.183137372136116028e-02,-6.237917765974998474e-02,1.174338459968566895e-01,6.810751557350158691e-02,-9.894162416458129883e-03,1.477188523858785629e-02,1.331622153520584106e-01,-1.283276081085205078e-01,-6.714576482772827148e-02,1.117422357201576233e-01,-2.274356782436370850e-02,1.282578799873590469e-02,-1.226266548037528992e-01,8.822547644376754761e-02,6.031385809183120728e-02,-4.676264245063066483e-03,-1.313876807689666748e-01,3.298741579055786133e-02,6.897922605276107788e-02,-8.492171019315719604e-02,-7.814429700374603271e-02,1.060992255806922913e-01,1.300781685858964920e-02,1.178400218486785889e-01,1.820444129407405853e-02,-1.329594198614358902e-02,-7.894135266542434692e-02,-1.280490905046463013e-01,-3.844817355275154114e-02,-1.071016676723957062e-02,2.629573829472064972e-02,1.342894043773412704e-02,-8.132667280733585358e-03,3.280342742800712585e-02,-3.985172137618064880e-03,2.418427960947155952e-03,-1.354160606861114502e-01,2.557785622775554657e-02,1.054622977972030640e-02,-6.946627795696258545e-02,-6.931353360414505005e-02,-9.350077249109745026e-03,1.556195877492427826e-02,4.630969371646642685e-03,4.142532870173454285e-02,7.637132890522480011e-03,-3.021992184221744537e-02,2.897409535944461823e-02,1.250935047864913940e-01,-1.198235079646110535e-01,2.777023613452911377e-02,-9.358228743076324463e-02,-1.324994955211877823e-02,-3.084684535861015320e-02,1.176788136363029480e-01,-3.264020755887031555e-02,-1.137554347515106201e-01,-2.685334766283631325e-03,1.396448612213134766e-01,-5.358796194195747375e-02,-1.158666461706161499e-01,1.261754333972930908e-01,1.124674337916076183e-03,-9.308733046054840088e-02,1.845119637437164783e-03,-9.990461170673370361e-02,-1.190650686621665955e-01,4.878842830657958984e-02,5.545743741095066071e-03,6.251232326030731201e-02,5.134965479373931885e-02,-1.833797991275787354e-02,-3.463859856128692627e-02,-1.030834168195724487e-01,3.995005786418914795e-02,-1.095627844333648682e-01,-5.082263611257076263e-03,7.732727378606796265e-02,-1.024924495141021907e-04,-9.171569347381591797e-02,6.471103429794311523e-02,-2.875136956572532654e-02,4.083669185638427734e-02,-1.314977854490280151e-01,-5.694549158215522766e-02,1.405093520879745483e-01,1.270488929003477097e-02,-8.566174656152725220e-02,-1.213649213314056396e-01,-2.502769231796264648e-02,-8.895851671695709229e-03,8.167822659015655518e-02,-5.117457360029220581e-02,-1.130494922399520874e-01,-2.831322327256202698e-02,1.347866356372833252e-01,-1.194932013750076294e-01,6.489394605159759521e-02,3.027730993926525116e-02,-1.228202655911445618e-01,3.885649144649505615e-02,7.988619059324264526e-02,9.573320299386978149e-02,1.162977740168571472e-01,-5.647625774145126343e-02,-5.255831405520439148e-02,-6.670324504375457764e-02,5.383893847465515137e-03,6.911469250917434692e-02
-2.206487804651260376e-01,-1.283062845468521118e-01,7.998577952384948730e-01,-6.098286509513854980e-01,-4.285192787647247314e-01,4.722198098897933960e-02,-7.827696949243545532e-02,-3.239746987819671631e-01,-1.644034385681152344e-01,-3.018739223480224609e-01,-2.929019276052713394e-03,3.709908127784729004e-01,-5.831538438796997070e-01,-5.934059619903564453e-01,-7.378750443458557129e-01,-7.307600975036621094e-01,-1.940900809131562710e-03,-4.467975795269012451e-01,4.831780791282653809e-01,4.451117515563964844e-01,4.152340292930603027e-01,-7.448630928993225098e-01,-4.996887445449829102e-01,1.170635595917701721e-01,-1.036992520093917847e-01,-7.581169009208679199e-01,7.475522160530090332e-01,3.939416110515594482e-01,-7.119466662406921387e-01,1.855288147926330566e-01,-4.779064655303955078e-02,7.653502821922302246e-01,-5.837444663047790527e-01,-4.576258659362792969e-01,3.927354887127876282e-02,7.861102819442749023e-01,-2.199491560459136963e-01,-4.650991559028625488e-01,5.369734168052673340e-01,5.514386892318725586e-01,-6.629710793495178223e-01,-9.643845260143280029e-02,-6.878451704978942871e-01,-1.247770860791206360e-01,9.314218163490295410e-02,5.336257815361022949e-01,7.837290167808532715e-01,2.727328836917877197e-01,5.418073013424873352e-02,-8.459114283323287964e-02,-9.411755204200744629e-02,5.798848345875740051e-02,-2.444371134042739868e-01,8.360359072685241699e-02,-3.811482712626457214e-02,8.068347573280334473e-01,-2.047819346189498901e-01,-7.318674772977828979e-02,4.117458760738372803e-01,4.733573198318481445e-01,1.014125123620033264e-01,-1.419959962368011475e-01,-3.359052911400794983e-02,-3.082738816738128662e-01,-6.184027716517448425e-02,2.000884711742401123e-01,-1.352946460247039795e-01,-7.456349134445190430e-01,7.453231215476989746e-01,-1.667543202638626099e-01,6.457110047340393066e-01,9.844359755516052246e-02,2.072694748640060425e-01,-7.553745508193969727e-01,2.110274434089660645e-01,7.033437490463256836e-01,1.599431596696376801e-02,-8.392832279205322266e-01,4.109418392181396484e-01,7.496013641357421875e-01,-7.950601577758789062e-01,-8.129522204399108887e-03,6.096008419990539551e-01,-9.644441306591033936e-03,6.527503728866577148e-01,6.713844537734985352e-01,-3.388137519359588623e-01,-3.538267314434051514e-02,-3.801780045032501221e-01,-3.778938651084899902e-01,1.190779581665992737e-01,2.381223291158676147e-01,6.496770977973937988e-01,-2.730229198932647705e-01,7.136148214340209961e-01,9.929792582988739014e-02,-4.960957169532775879e-01,7.310896180570125580e-04,6.263863444328308105e-01,-4.757644832134246826e-01,2.569037973880767822e-01,-3.022864758968353271e-01,8.003112077713012695e-01,3.903875350952148438e-01,-8.171381354331970215e-01,-2.080845832824707031e-01,5.781717300415039062e-01,7.275202870368957520e-01,1.573616266250610352e-01,6.065787374973297119e-02,-5.531975626945495605e-01,4.320803284645080566e-01,7.191381454467773438e-01,5.739510804414749146e-02,-7.817830443382263184e-01,7.207208275794982910e-01,-4.529302418231964111e-01,-2.240665107965469360e-01,7.714789509773254395e-01,-2.737494707107543945e-01,-5.224670767784118652e-01,-6.613382101058959961e-01,-7.325538396835327148e-01,3.380574882030487061e-01,4.080797433853149414e-01,5.080066323280334473e-01,-5.935862660408020020e-02,-4.789181053638458252e-01
6.532370299100875854e-02,8.793542534112930298e-02,-6.098286509513854980e-01,5.976164937019348145e-01,2.268686294555664062e-01,6.132583320140838623e-02,2.713051438331604004e-02,1.319334805011749268e-01,8.742383867502212524e-02,2.078920751810073853e-01,-3.208871185779571533e-02,-2.636208236217498779e-01,3.051393032073974609e-01,5.088173747062683105e-01,5.119449496269226074e-01,4.849455952644348145e-01,2.814280567690730095e-03,3.499332368373870850e-01,-4.224700033664703369e-01,-3.127067387104034424e-01,-4.353260993957519531e-01,6.044245362281799316e-01,3.741801083087921143e-01,-1.244464889168739319e-01,8.104354143142700195e-02,5.294794440269470215e-01,-5.348699092864990234e-01,-1.444479078054428101e-01,4.688737094402313232e-01,-5.148824304342269897e-02,6.816095113754272461e-02,-6.292357444763183594e-01,5.116896033287048340e-01,2.791615128517150879e-01,-1.057919859886169434e-02,-5.797401070594787598e-01,1.785089522600173950e-01,3.068079352378845215e-01,-2.307757884263992310e-01,-4.848810434341430664e-01,4.948404729366302490e-01,8.383440226316452026e-02,5.291014313697814941e-01,8.531577885150909424e-02,-1.072624921798706055e-01,-2.485019564628601074e-01,-5.572378635406494141e-01,-2.318482995033264160e-01,-5.334895849227905273e-02,1.163021400570869446e-01,1.357376724481582642e-01,-8.741631172597408295e-03,1.922455430030822754e-01,-1.260789334774017334e-01,1.619332134723663330e-01,-5.736984610557556152e-01,1.523849368095397949e-01,4.508863762021064758e-02,-2.591114938259124756e-01,-3.700451850891113281e-01,-1.558286547660827637e-01,1.647934764623641968e-01,2.966291271150112152e-02,2.232324481010437012e-01,7.308486849069595337e-02,-1.400683522224426270e-01,1.208305209875106812e-01,5.254710316658020020e-01,-5.265349149703979492e-01,4.174733534455299377e-02,-4.240167737007141113e-01,6.439673155546188354e-02,-1.979926079511642456e-01,5.524653792381286621e-01,-1.481790244579315186e-01,-5.691917538642883301e-01,-6.460908334702253342e-03,6.190619468688964844e-01,-4.469369053840637207e-01,-5.716710686683654785e-01,7.045922875404357910e-01,5.733563564717769623e-03,-3.467473089694976807e-01,9.353305213153362274e-03,-5.048679709434509277e-01,-4.177327454090118408e-01,9.542755782604217529e-02,2.204329892992973328e-02,2.502856552600860596e-01,2.528728246688842773e-01,-4.657241702079772949e-02,-2.778210043907165527e-01,-6.091709136962890625e-01,3.093278110027313232e-01,-5.708995461463928223e-01,-9.657762013375759125e-03,3.302066922187805176e-01,-4.916566540487110615e-04,-3.652947247028350830e-01,2.814329564571380615e-01,-1.341443508863449097e-01,6.920982897281646729e-02,-6.619875431060791016e-01,-2.635025978088378906e-01,6.574548482894897461e-01,2.263354510068893433e-01,-5.976971387863159180e-01,-5.806515812873840332e-01,-5.124424118548631668e-03,-4.783836007118225098e-02,5.587918162345886230e-01,-4.322288930416107178e-01,-5.726095438003540039e-01,2.696287631988525391e-02,5.361846685409545898e-01,-4.969967007637023926e-01,2.022247314453125000e-01,1.516593247652053833e-01,-5.717775821685791016e-01,2.350029349327087402e-01,3.748238384723663330e-01,5.010860562324523926e-01,5.199087858200073242e-01,-2.607752978801727295e-01,-2.830114364624023438e-01,-3.833482563495635986e-01,4.187128320336341858e-02,3.870421051979064941e-01
2.526530325412750244e-01,7.073464244604110718e-02,-4.285192787647247314e-01,2.268686294555664062e-01,3.373646140098571777e-01,-1.308029443025588989e-01,6.236498430371284485e-02,3.152257800102233887e-01,1.006249338388442993e-01,1.504828631877899170e-01,-1.536315400153398514e-02,-1.826064586639404297e-01,3.633932173252105713e-01,2.535032927989959717e-01,4.511151611804962158e-01,4.437563419342041016e-01,-2.978811040520668030e-03,2.405361384153366089e-01,-1.666697263717651367e-01,-1.939615458250045776e-01,-1.505022197961807251e-01,3.525688052177429199e-01,1.780709028244018555e-01,2.000525593757629395e-02,4.295917600393295288e-02,4.510436058044433594e-01,-4.086723625659942627e-01,-3.403177559375762939e-01,3.904432356357574463e-01,-1.629645377397537231e-01,-1.535412482917308807e-02,-3.652758896350860596e-01,2.548562288284301758e-01,1.917936652898788452e-01,-2.848997898399829865e-02,-4.324790239334106445e-01,8.931342512369155884e-02,2.435890585184097290e-01,-4.413153827190399170e-01,-3.098935186862945557e-01,4.047879874706268311e-01,6.457986682653427124e-02,3.440721631050109863e-01,6.371852755546569824e-02,-2.293978445231914520e-02,-2.822759747505187988e-01,-4.819348156452178955e-01,-1.477718204259872437e-01,-1.360279042273759842e-02,1.246222034096717834e-01,-2.450815029442310333e-02,-5.050976574420928955e-02,1.499197185039520264e-01,6.222128402441740036e-03,-6.368488073348999023e-02,-4.938866794109344482e-01,8.883493393659591675e-02,3.871664404869079590e-02,-2.682999074459075928e-01,-2.203476876020431519e-01,5.378713831305503845e-03,6.825222168117761612e-03,1.439351215958595276e-02,1.806534379720687866e-01,3.163713589310646057e-02,-9.623058140277862549e-02,6.427758187055587769e-02,4.683094918727874756e-01,-3.990366756916046143e-01,1.886181384325027466e-01,-3.814667463302612305e-01,-6.136441975831985474e-02,-4.588572308421134949e-02,4.143533706665039062e-01,-1.432879716157913208e-01,-4.111108481884002686e-01,-1.096786651760339737e-02,4.804607331752777100e-01,-1.715136319398880005e-01,-3.741985857486724854e-01,3.798308670520782471e-01,3.665070980787277222e-03,-4.021691977977752686e-01,3.951535560190677643e-03,-3.997100293636322021e-01,-4.256715774536132812e-01,2.778379619121551514e-01,1.869849301874637604e-02,1.822640746831893921e-01,1.852451115846633911e-01,-1.275678128004074097e-01,-5.743030086159706116e-02,-2.465968579053878784e-01,3.807802870869636536e-02,-3.537664711475372314e-01,-1.080021187663078308e-01,3.453671932220458984e-01,-3.872091474477201700e-04,-3.598995506763458252e-01,3.186824321746826172e-01,-1.259219646453857422e-01,2.636708319187164307e-01,-4.086008667945861816e-01,-1.999544054269790649e-01,4.467541575431823730e-01,1.018036752939224243e-01,-1.919511854648590088e-01,-3.581990003585815430e-01,-2.263579368591308594e-01,-2.135000377893447876e-02,1.609505861997604370e-01,-7.542896270751953125e-02,-3.448025584220886230e-01,-1.789389252662658691e-01,5.214394330978393555e-01,-4.328254461288452148e-01,3.363415300846099854e-01,7.849483191967010498e-02,-4.910141527652740479e-01,1.033241599798202515e-01,2.549002766609191895e-01,3.415901660919189453e-01,4.286167025566101074e-01,-1.613195091485977173e-01,-1.231914982199668884e-01,-2.035118788480758667e-01,6.596557330340147018e-03,2.199048399925231934e-01
-1.424059271812438965e-01,-1.745229773223400116e-02,4.722198098897933960e-02,6.132583320140838623e-02,-1.308029443025588989e-01,2.432004213333129883e-01,-3.768933936953544617e-02,-8.314894139766693115e-02,-1.510747373104095459e-01,-5.947709083557128906e-02,3.975639864802360535e-02,3.302829340100288391e-02,-1.671394705772399902e-01,5.371157452464103699e-02,-1.055310368537902832e-01,-1.342547833919525146e-01,-2.873038640245795250e-03,-6.483986228704452515e-02,7.028265856206417084e-03,-7.124052383005619049e-03,7.712272554636001587e-02,-1.195788383483886719e-02,7.059133797883987427e-02,-2.405192330479621887e-02,-1.392568834125995636e-02,-2.039965242147445679e-01,7.544302195310592651e-02,1.640908569097518921e-01,-2.748141437768936157e-02,2.543723210692405701e-02,8.712943643331527710e-02,8.641497045755386353e-02,-7.925548404455184937e-02,5.243151262402534485e-02,4.717785865068435669e-03,8.784146606922149658e-02,-7.152928505092859268e-03,-7.723115384578704834e-02,2.011172175407409668e-01,-1.469829492270946503e-02,-2.014201134443283081e-01,-2.414921857416629791e-02,1.714227907359600067e-02,-5.480606574565172195e-03,1.078045442700386047e-01,7.781195640563964844e-02,1.303460150957107544e-01,1.802981644868850708e-02,-7.042708247900009155e-02,-8.660305291414260864e-02,1.389436721801757812e-01,-1.068862378597259521e-01,-7.279018312692642212e-02,-7.220263779163360596e-02,3.795866295695304871e-02,9.895084053277969360e-02,9.843930602073669434e-03,-8.055087178945541382e-03,1.383295804262161255e-01,3.065592236816883087e-02,-1.345495320856571198e-02,9.123818017542362213e-03,-3.888281062245368958e-04,-1.755198687314987183e-01,-2.796594798564910889e-02,3.912145644426345825e-02,1.938389055430889130e-02,-1.215829327702522278e-01,1.113579198718070984e-01,-8.148077130317687988e-02,1.194753944873809814e-01,-1.275314241647720337e-01,1.076212152838706970e-03,-1.161074936389923096e-01,1.010969877243041992e-01,8.794026076793670654e-02,6.522097159177064896e-03,-1.092514097690582275e-01,2.290153317153453827e-02,7.997078448534011841e-02,-4.456532374024391174e-02,-3.480427840258926153e-04,1.012609004974365234e-01,-4.308033268898725510e-03,1.346917450428009033e-01,1.505550146102905273e-01,-1.144738718867301941e-01,-4.619934596121311188e-03,-1.139666289091110229e-01,-5.236442387104034424e-02,6.534561514854431152e-02,-2.615008689463138580e-02,7.347522303462028503e-03,6.115032359957695007e-02,1.080212444067001343e-01,4.389760643243789673e-02,-4.518474638462066650e-02,1.149402087321504951e-04,7.222447544336318970e-02,-2.044306844472885132e-01,4.327461123466491699e-03,-2.207987755537033081e-01,8.766193687915802002e-02,5.808479338884353638e-02,-1.387406438589096069e-01,8.519069850444793701e-02,1.999381929636001587e-03,4.476782679557800293e-02,2.161547988653182983e-01,7.236474659293889999e-03,5.608299747109413147e-02,-1.018151044845581055e-01,3.485048934817314148e-02,1.255159527063369751e-01,-1.184426322579383850e-01,1.746140569448471069e-01,-9.931679069995880127e-02,1.879592426121234894e-02,1.310013234615325928e-01,-1.082011312246322632e-02,-3.730025514960289001e-02,-9.755294024944305420e-02,-1.321144849061965942e-01,5.746732279658317566e-02,-7.671918720006942749e-02,4.102618247270584106e-02,-3.441105363890528679e-03,-1.136175636202096939e-02
1.310139298439025879e-01,3.576496616005897522e-03,-7.827696949243545532e-02,2.713051438331604004e-02,6.236498430371284485e-02,-3.768933936953544617e-02,1.017833799123764038e-01,1.167319864034652710e-01,3.130533918738365173e-02,4.486564546823501587e-02,-5.354968458414077759e-02,-3.711527958512306213e-02,3.067390993237495422e-02,2.167855948209762573e-02,8.673270791769027710e-02,6.018483266234397888e-02,6.573062390089035034e-03,-1.153881382197141647e-02,-1.981941051781177521e-02,-4.013907164335250854e-02,-4.164941236376762390e-02,3.229234367609024048e-02,6.849111989140510559e-03,-8.350076153874397278e-03,9.767336770892143250e-03,6.781698763370513916e-02,-2.236879244446754456e-02,-6.428597122430801392e-02,5.954836681485176086e-02,-8.589096367359161377e-02,-6.969592720270156860e-02,-7.035563886165618896e-02,5.714244395494461060e-02,1.545397937297821045e-02,-1.181630138307809830e-02,-4.426539316773414612e-02,1.589969382621347904e-03,4.838095977902412415e-02,-1.437444835901260376e-01,-9.767084568738937378e-02,1.265416145324707031e-01,3.300506994128227234e-02,-3.313116729259490967e-02,9.595314040780067444e-03,-5.244809761643409729e-02,-3.836490958929061890e-02,-1.072334051132202148e-01,-4.042286798357963562e-02,4.774449765682220459e-02,1.230465900152921677e-02,-5.596385151147842407e-02,2.848294563591480255e-02,7.431219518184661865e-02,-1.060233823955059052e-02,-1.460551097989082336e-02,-8.634398877620697021e-02,1.980410516262054443e-02,7.006623782217502594e-03,-5.393024906516075134e-02,-2.809015288949012756e-02,-2.924227528274059296e-02,2.106963843107223511e-02,3.910688683390617371e-03,1.224630922079086304e-01,2.775014378130435944e-02,-1.642246358096599579e-02,-5.087150633335113525e-02,7.768764346837997437e-02,-5.834496766328811646e-02,6.530743837356567383e-02,-1.214627027511596680e-01,4.109069332480430603e-02,2.317449264228343964e-02,9.767080843448638916e-02,-5.670395493507385254e-02,-9.388231486082077026e-02,-1.664777286350727081e-03,1.053010448813438416e-01,-8.488017320632934570e-02,-7.106747478246688843e-02,8.722111582756042480e-02,7.257744437083601952e-04,-8.837106078863143921e-02,-1.231772243045270443e-03,-1.285776048898696899e-01,-1.483016647398471832e-02,1.174479052424430847e-01,9.892847156152129173e-04,2.376706106588244438e-03,5.955314263701438904e-02,-5.637430027127265930e-02,7.249683141708374023e-03,-1.052965410053730011e-02,-2.624141238629817963e-02,-8.743080496788024902e-02,-1.101601198315620422e-01,6.186527386307716370e-02,-1.268613705178722739e-04,-7.063471525907516479e-02,1.655103862285614014e-01,-6.296978890895843506e-02,1.568888127803802490e-01,-7.078488171100616455e-02,-4.222327843308448792e-02,9.734134376049041748e-02,1.208141669631004333e-01,-4.789637774229049683e-02,-1.600800547748804092e-03,-1.365829855203628540e-01,-2.915217773988842964e-03,-2.062412165105342865e-02,-3.689219430088996887e-02,-1.911268197000026703e-02,3.689655661582946777e-02,8.902338147163391113e-02,-9.092639386653900146e-02,1.034713014960289001e-01,5.278571508824825287e-03,-1.493136286735534668e-01,1.509402878582477570e-02,2.781296521425247192e-02,1.069046184420585632e-01,1.006567999720573425e-01,-7.937768823467195034e-04,2.792908344417810440e-03,-6.732558459043502808e-02,1.650022342801094055e-02,4.897479340434074402e-02
4.066781699657440186e-01,4.537241905927658081e-02,-3.239746987819671631e-01,1.319334805011749268e-01,3.152257800102233887e-01,-8.314894139766693115e-02,1.167319864034652710e-01,5.034030675888061523e-01,3.424679487943649292e-02,1.038475856184959412e-01,-2.968214638531208038e-02,-1.526615321636199951e-01,2.377316951751708984e-01,2.321909815073013306e-01,4.015649259090423584e-01,3.499780297279357910e-01,-3.309067396912723780e-04,1.158137395977973938e-01,-2.996574155986309052e-02,-1.359724700450897217e-01,-6.526567973196506500e-03,2.383081763982772827e-01,1.178377345204353333e-01,3.172356635332107544e-02,2.211253158748149872e-02,2.700146436691284180e-01,-2.355841547250747681e-01,-3.324151039123535156e-01,3.295865654945373535e-01,-2.257824540138244629e-01,-7.473688572645187378e-02,-2.081912904977798462e-01,9.681252390146255493e-02,1.930140405893325806e-01,-4.533374309539794922e-02,-3.163745403289794922e-01,3.711232915520668030e-02,1.823726892471313477e-01,-4.978843629360198975e-01,-3.703864216804504395e-01,3.075485229492187500e-01,7.163672149181365967e-02,1.807774752378463745e-01,5.342642217874526978e-02,7.833810150623321533e-02,-2.227288484573364258e-01,-4.109360277652740479e-01,-1.433712840080261230e-01,-2.340162638574838638e-03,4.529720172286033630e-02,-5.198907479643821716e-02,-1.152381151914596558e-01,1.610708385705947876e-01,-4.721929505467414856e-02,-1.351961791515350342e-01,-4.168645739555358887e-01,1.050565987825393677e-01,3.452872112393379211e-02,-1.454153358936309814e-01,-1.529253274202346802e-01,2.714055776596069336e-02,-4.135632887482643127e-02,1.078420132398605347e-02,1.038743779063224792e-01,2.758145891129970551e-02,-5.120167508721351624e-02,-3.694814071059226990e-02,3.694487512111663818e-01,-3.010352253913879395e-01,2.122083604335784912e-01,-3.667924404144287109e-01,-1.410071402788162231e-01,2.962914109230041504e-02,3.468401730060577393e-01,-1.086397320032119751e-01,-3.061339855194091797e-01,-7.842659950256347656e-03,3.730527460575103760e-01,-1.506838351488113403e-01,-2.611411809921264648e-01,2.461772561073303223e-01,3.020676551386713982e-03,-4.044911861419677734e-01,-2.146607032045722008e-03,-3.558949530124664307e-01,-2.825565636157989502e-01,3.182439506053924561e-01,1.288547087460756302e-02,4.125162214040756226e-02,1.634366363286972046e-01,-1.543222367763519287e-01,3.288705646991729736e-02,-5.271396785974502563e-02,-8.785896003246307373e-02,-2.340695261955261230e-01,-2.358347624540328979e-01,3.478929102420806885e-01,-3.469006624072790146e-04,-3.485333919525146484e-01,3.318967223167419434e-01,-1.724522709846496582e-01,3.155514001846313477e-01,-2.644443809986114502e-01,-1.530015915632247925e-01,2.657666206359863281e-01,2.402474582195281982e-01,-7.524637505412101746e-03,-1.959978789091110229e-01,-2.770954966545104980e-01,-1.157415681518614292e-04,3.645227849483489990e-02,1.011342555284500122e-02,-2.229502201080322266e-01,-1.490914523601531982e-01,4.507480263710021973e-01,-3.078227341175079346e-01,4.076882898807525635e-01,4.906128346920013428e-02,-4.815874397754669189e-01,4.231745377182960510e-02,1.441577821969985962e-01,2.852632999420166016e-01,3.317407071590423584e-01,-1.138707064092159271e-02,-7.713781297206878662e-02,-1.437280625104904175e-01,-4.219485446810722351e-03,1.522292792797088623e-01
1.248978674411773682e-01,2.715833485126495361e-02,-1.644034385681152344e-01,8.742383867502212524e-02,1.006249338388442993e-01,-1.510747373104095459e-01,3.130533918738365173e-02,3.424679487943649292e-02,1.694193035364151001e-01,9.574759006500244141e-02,-4.481392726302146912e-02,-8.411888033151626587e-02,1.589279919862747192e-01,1.154687106609344482e-01,1.804442852735519409e-01,1.857956945896148682e-01,7.550915703177452087e-03,9.669764339923858643e-02,-9.997145086526870728e-02,-6.670666486024856567e-02,-2.314455807209014893e-01,1.459321379661560059e-01,3.810727968811988831e-02,-3.614946454763412476e-02,3.307295963168144226e-02,2.632167339324951172e-01,-1.532656550407409668e-01,-1.015561595559120178e-01,8.497373014688491821e-02,1.494263065978884697e-03,-6.967382878065109253e-02,-2.482064068317413330e-01,1.954099535942077637e-01,2.928783372044563293e-02,-3.280037548393011093e-03,-1.901302635669708252e-01,4.492637142539024353e-02,1.149143055081367493e-01,-1.381044536828994751e-01,-1.194908171892166138e-01,2.562173008918762207e-01,4.071298614144325256e-02,7.542826980352401733e-02,1.922192238271236420e-02,-1.456921845674514771e-01,-1.000225394964218140e-01,-1.965263783931732178e-01,-6.506202369928359985e-02,5.014930665493011475e-02,4.924271255731582642e-02,-8.432818204164505005e-02,1.025174856185913086e-01,1.169105246663093567e-01,6.674607750028371811e-03,4.956226050853729248e-02,-1.804131716489791870e-01,2.916620112955570221e-02,1.379894092679023743e-02,-1.253244429826736450e-01,-1.057268008589744568e-01,-5.516883730888366699e-02,6.400461494922637939e-02,8.545037358999252319e-03,2.043378502130508423e-01,3.641730546951293945e-02,-5.892699956893920898e-02,-1.796307973563671112e-02,1.795605868101119995e-01,-2.025214582681655884e-01,3.104356303811073303e-02,-1.608842164278030396e-01,1.537600308656692505e-01,-7.354753464460372925e-02,2.190272361040115356e-01,-1.066874042153358459e-01,-1.680458933115005493e-01,-4.749326501041650772e-03,2.224839776754379272e-01,-1.371956765651702881e-01,-2.014839798212051392e-01,2.206701487302780151e-01,1.723323250189423561e-03,-1.126917302608489990e-01,4.963111598044633865e-03,-2.062630206346511841e-01,-1.622631996870040894e-01,6.764242798089981079e-02,6.451758556067943573e-03,1.482264995574951172e-01,9.922570735216140747e-02,-3.502652421593666077e-02,-6.576383858919143677e-02,-1.552114635705947876e-01,5.526271462440490723e-02,-2.196550518274307251e-01,-4.727420955896377563e-02,5.371497571468353271e-02,-1.921873481478542089e-04,-1.295306831598281860e-01,2.097621560096740723e-01,-3.908434510231018066e-02,1.668349504470825195e-01,-2.341866642236709595e-01,-9.630377590656280518e-02,2.457727938890457153e-01,8.975093252956867218e-03,-1.759305298328399658e-01,-1.441630274057388306e-01,-1.372075229883193970e-01,-1.944340020418167114e-02,1.651947796344757080e-01,-6.254995614290237427e-02,-1.556096524000167847e-01,-2.893202751874923706e-02,1.515003442764282227e-01,-2.239461392164230347e-01,9.659704566001892090e-02,9.283298626542091370e-03,-2.251264899969100952e-01,7.681503146886825562e-02,7.781218737363815308e-02,1.968915313482284546e-01,2.129263132810592651e-01,-8.945138752460479736e-02,-3.064502216875553131e-02,-1.624839454889297485e-01,2.391747757792472839e-02,7.878890633583068848e-02
9.775004535913467407e-02,4.323466494679450989e-02,-3.018739223480224609e-01,2.078920751810073853e-01,1.504828631877899170e-01,-5.947709083557128906e-02,4.486564546823501587e-02,1.038475856184959412e-01,9.574759006500244141e-02,1.186402365565299988e-01,-1.973466947674751282e-02,-1.318532973527908325e-01,2.187429070472717285e-01,2.010382413864135742e-01,2.797127366065979004e-01,2.769205570220947266e-01,3.707692259922623634e-03,1.497592329978942871e-01,-1.737374067306518555e-01,-1.486863493919372559e-01,-1.918170601129531860e-01,2.700799405574798584e-01,1.517025232315063477e-01,-5.006322637200355530e-02,4.019277915358543396e-02,3.266256451606750488e-01,-2.796297371387481689e-01,-1.379417181015014648e-01,2.503170669078826904e-01,-5.976951867341995239e-02,-1.326891221106052399e-02,-3.201097548007965088e-01,2.326755821704864502e-01,1.350008100271224976e-01,-1.254697982221841812e-02,-3.036361336708068848e-01,7.566454261541366577e-02,1.693947017192840576e-01,-2.134324014186859131e-01,-1.996847093105316162e-01,2.891371846199035645e-01,4.176472872495651245e-02,2.227198630571365356e-01,4.129892215132713318e-02,-7.756687700748443604e-02,-1.861168742179870605e-01,-3.127504587173461914e-01,-9.704399853944778442e-02,7.801560219377279282e-03,3.778864815831184387e-02,-4.180725198239088058e-03,2.225139737129211426e-02,1.085086464881896973e-01,-2.231526561081409454e-02,2.510111220180988312e-02,-3.164865076541900635e-01,6.583752483129501343e-02,2.507022023200988770e-02,-1.581095606088638306e-01,-1.648182868957519531e-01,-5.123305320739746094e-02,6.395164877176284790e-02,1.220223493874073029e-02,1.637058258056640625e-01,3.169702365994453430e-02,-7.602034509181976318e-02,2.874341048300266266e-02,2.826791703701019287e-01,-2.872952222824096680e-01,5.861301720142364502e-02,-2.452754527330398560e-01,2.352410554885864258e-02,-7.608921080827713013e-02,3.044606149196624756e-01,-9.560560435056686401e-02,-2.699255645275115967e-01,-6.000549532473087311e-03,3.512777090072631836e-01,-1.664045304059982300e-01,-2.953343689441680908e-01,3.331514298915863037e-01,2.837235573679208755e-03,-2.077076137065887451e-01,4.258248023688793182e-03,-2.650367617607116699e-01,-2.472121715545654297e-01,1.227822378277778625e-01,1.190243382006883621e-02,1.514382511377334595e-01,1.417519897222518921e-01,-4.875505343079566956e-02,-8.635848015546798706e-02,-2.449409365653991699e-01,9.224355220794677734e-02,-2.900269627571105957e-01,-4.722137749195098877e-02,1.544340848922729492e-01,-2.746068348642438650e-04,-2.149728834629058838e-01,2.148058563470840454e-01,-8.934918045997619629e-02,1.502253562211990356e-01,-3.319528400897979736e-01,-1.421104222536087036e-01,3.583820760250091553e-01,6.994545459747314453e-02,-2.386417984962463379e-01,-2.644078433513641357e-01,-9.431029856204986572e-02,-2.367623895406723022e-02,2.085596323013305664e-01,-1.497642695903778076e-01,-2.589522600173950195e-01,-9.669309481978416443e-03,3.006685972213745117e-01,-2.965630590915679932e-01,1.549481153488159180e-01,6.999977678060531616e-02,-3.223783075809478760e-01,1.015739887952804565e-01,1.754022985696792603e-01,2.573780417442321777e-01,2.923660874366760254e-01,-1.240253597497940063e-01,-1.236007958650588989e-01,-1.957825571298599243e-01,2.734694443643093109e-02,1.654123216867446899e-01
-9.115717560052871704e-02,3.620101837441325188e-03,-2.929019276052713394e-03,-3.208871185779571533e-02,-1.536315400153398514e-02,3.975639864802360535e-02,-5.354968458414077759e-02,-2.968214638531208038e-02,-4.481392726302146912e-02,-1.973466947674751282e-02,7.792577147483825684e-02,5.668097641319036484e-03,5.469391494989395142e-02,-5.932834465056657791e-03,-1.102340873330831528e-02,1.807282119989395142e-02,-6.208483129739761353e-03,5.971838254481554031e-03,9.519390761852264404e-03,-1.269759796559810638e-02,1.146920174360275269e-01,1.497373078018426895e-02,4.940455779433250427e-02,-1.578941708430647850e-03,-6.342801265418529510e-03,7.377927191555500031e-03,-5.685014650225639343e-02,-5.470280535519123077e-03,6.855606287717819214e-02,1.163324713706970215e-02,6.658381968736648560e-02,3.092999570071697235e-02,-7.084146887063980103e-02,7.063836604356765747e-02,-3.556556999683380127e-03,-3.333782032132148743e-02,4.014090169221162796e-03,-1.255828537978231907e-03,9.716629981994628906e-03,8.274105191230773926e-02,-9.242700040340423584e-02,-3.741043806076049805e-02,8.375416696071624756e-02,3.884199308231472969e-03,9.250222891569137573e-02,-8.629856258630752563e-02,1.348522491753101349e-02,4.250564053654670715e-02,-4.715838655829429626e-02,-7.356666028499603271e-02,5.646269395947456360e-02,-7.006882131099700928e-02,-7.594244182109832764e-02,2.121596038341522217e-02,-5.835366994142532349e-02,-1.768228597939014435e-02,1.688202843070030212e-03,3.096051746979355812e-03,2.629448845982551575e-02,1.050752028822898865e-02,5.518449470400810242e-02,-3.578520193696022034e-02,-4.179435782134532928e-03,-1.231317296624183655e-01,-3.765526413917541504e-02,2.903131768107414246e-03,4.123309627175331116e-02,-1.283323112875223160e-02,-1.751356385648250580e-02,-2.545385248959064484e-02,4.058663547039031982e-02,-1.655945181846618652e-01,-3.779301885515451431e-03,-1.958846673369407654e-02,5.719183385372161865e-02,6.336778402328491211e-02,-1.317429821938276291e-03,6.963067688047885895e-03,1.283096969127655029e-01,8.336731232702732086e-03,-4.797846078872680664e-02,6.846695760032162070e-05,-4.399352706968784332e-03,-5.887892912141978741e-04,9.675482660531997681e-02,-5.886827036738395691e-02,-9.816613979637622833e-03,3.020865842700004578e-03,1.252654287964105606e-02,-1.425738167017698288e-02,3.201747685670852661e-02,3.583465516567230225e-02,1.821657642722129822e-02,-8.842951618134975433e-03,4.700957238674163818e-02,5.795876681804656982e-02,-1.912410371005535126e-02,4.749221261590719223e-05,-1.879029348492622375e-02,-1.041230931878089905e-01,-5.751107353717088699e-03,-6.653226912021636963e-02,2.166257239878177643e-02,4.405736923217773438e-03,-1.758978702127933502e-02,-1.092672497034072876e-01,8.031635731458663940e-02,-4.229339957237243652e-02,9.663814306259155273e-02,1.404934795573353767e-03,-1.776977442204952240e-02,2.636111713945865631e-02,-1.379531528800725937e-02,-1.252508256584405899e-02,1.917359605431556702e-02,2.114076726138591766e-02,-1.136302668601274490e-02,3.577139601111412048e-02,6.463442742824554443e-02,-1.640895381569862366e-02,2.000947855412960052e-02,-6.340564042329788208e-02,-3.391449525952339172e-02,3.198753343895077705e-03,-6.571272015571594238e-02,3.761817887425422668e-02,-4.205128178000450134e-03,-1.998881623148918152e-02
-1.183288842439651489e-01,-5.277736112475395203e-02,3.709908127784729004e-01,-2.636208236217498779e-01,-1.826064586639404297e-01,3.302829340100288391e-02,-3.711527958512306213e-02,-1.526615321636199951e-01,-8.411888033151626587e-02,-1.318532973527908325e-01,5.668097641319036484e-03,1.624497026205062866e-01,-2.531757354736328125e-01,-2.736662328243255615e-01,-3.456369042396545410e-01,-3.368604779243469238e-01,-2.567025367170572281e-03,-1.814051270484924316e-01,1.997158378362655640e-01,1.829386204481124878e-01,1.974870413541793823e-01,-3.393699526786804199e-01,-2.052030265331268311e-01,5.880681425333023071e-02,-4.528620839118957520e-02,-3.684655129909515381e-01,3.392950594425201416e-01,1.643981337547302246e-01,-3.216537833213806152e-01,7.414534687995910645e-02,-3.361387876793742180e-03,3.707607984542846680e-01,-2.544853687286376953e-01,-1.925634890794754028e-01,1.819362118840217590e-02,3.759652674198150635e-01,-9.127003699541091919e-02,-1.997625231742858887e-01,2.537800967693328857e-01,2.632088959217071533e-01,-3.146150410175323486e-01,-4.604028910398483276e-02,-2.947228252887725830e-01,-5.259527266025543213e-02,4.463139921426773071e-02,2.294890433549880981e-01,3.771527707576751709e-01,1.195439249277114868e-01,1.502469833940267563e-02,-2.521885372698307037e-02,-2.258950471878051758e-02,1.599423214793205261e-02,-1.176760643720626831e-01,4.377409070730209351e-02,-1.809945330023765564e-02,3.908923864364624023e-01,-9.128931909799575806e-02,-3.157057240605354309e-02,1.639578491449356079e-01,2.021051198244094849e-01,5.052114278078079224e-02,-6.459420174360275269e-02,-1.463701762259006500e-02,-1.424351036548614502e-01,-3.016628324985504150e-02,8.553500473499298096e-02,-4.059154540300369263e-02,-3.400421142578125000e-01,3.467908799648284912e-01,-6.646198779344558716e-02,2.889431715011596680e-01,2.714330516755580902e-02,9.142709523439407349e-02,-3.643497824668884277e-01,9.450122714042663574e-02,3.152091503143310547e-01,6.642554886639118195e-03,-4.204639196395874023e-01,1.890010535717010498e-01,3.536565303802490234e-01,-3.947318494319915771e-01,-3.540300065651535988e-03,2.605034708976745605e-01,-4.241119138896465302e-03,3.041104376316070557e-01,3.016500473022460938e-01,-1.366313248872756958e-01,-1.475740037858486176e-02,-1.629843264818191528e-01,-1.664285957813262939e-01,5.245373025536537170e-02,1.005607321858406067e-01,2.862913906574249268e-01,-1.086347326636314392e-01,3.321489989757537842e-01,5.556845292448997498e-02,-2.025467157363891602e-01,3.198049671482294798e-04,2.732481658458709717e-01,-2.248215973377227783e-01,1.145989745855331421e-01,-1.465268433094024658e-01,3.940965533256530762e-01,1.677821278572082520e-01,-4.082596004009246826e-01,-9.937619417905807495e-02,2.635800540447235107e-01,3.288919031620025635e-01,7.879129797220230103e-02,2.549767307937145233e-02,-2.642835676670074463e-01,1.786247491836547852e-01,3.240009844303131104e-01,1.807183772325515747e-02,-3.721590638160705566e-01,3.376615941524505615e-01,-1.985267400741577148e-01,-9.205263108015060425e-02,3.862328231334686279e-01,-1.186967566609382629e-01,-2.108454406261444092e-01,-2.992306053638458252e-01,-3.394832611083984375e-01,1.327918320894241333e-01,1.709590852260589600e-01,2.269474565982818604e-01,-2.713771536946296692e-02,-1.975947469472885132e-01
