9.999981522560119629e-01,-9.999984502792358398e-01,-9.999868869781494141e-01,9.999982118606567383e-01,9.999989271163940430e-01,-9.999986290931701660e-01,9.999951124191284180e-01,9.999989867210388184e-01,-9.999972581863403320e-01,9.999973773956298828e-01,-9.999981522560119629e-01,-9.999988675117492676e-01,9.999980926513671875e-01,9.999982118606567383e-01,9.999719858169555664e-01,9.999974370002746582e-01,9.999976754188537598e-01,-9.999986290931701660e-01,9.999913573265075684e-01,-9.999990463256835938e-01,-9.999989867210388184e-01,9.999861121177673340e-01,9.999982118606567383e-01,9.999985694885253906e-01,9.999893307685852051e-01,9.999990463256835938e-01,-9.999984502792358398e-01,-9.999988675117492676e-01,9.999783635139465332e-01,-9.999959468841552734e-01,-9.999943375587463379e-01,-9.999985694885253906e-01,9.999931454658508301e-01,9.999974370002746582e-01,-9.999966621398925781e-01,-9.999850988388061523e-01,9.999990463256835938e-01,9.999985694885253906e-01,9.999927282333374023e-01,-9.999989271163940430e-01,9.999985694885253906e-01,-9.999969005584716797e-01,9.999596476554870605e-01,9.999986886978149414e-01,9.999978542327880859e-01,9.999981522560119629e-01,9.999610781669616699e-01,9.999981522560119629e-01,9.999986886978149414e-01,-9.999985694885253906e-01,-9.999987483024597168e-01,-9.999976158142089844e-01,-9.999987483024597168e-01,-9.999909996986389160e-01,-9.999969005584716797e-01,-9.999980330467224121e-01,-9.999971985816955566e-01,9.998773336410522461e-01,9.999977946281433105e-01,9.999982714653015137e-01,-9.999975562095642090e-01,9.999989867210388184e-01,9.999983310699462891e-01,9.999948740005493164e-01,-9.999956488609313965e-01,-9.999987483024597168e-01,-9.999990463256835938e-01,-9.999946355819702148e-01,-9.999987483024597168e-01,9.999986886978149414e-01,-9.999986886978149414e-01,9.999980926513671875e-01,9.999963641166687012e-01,-9.999913573265075684e-01,-9.998854994773864746e-01,-9.999981522560119629e-01,9.999923110008239746e-01,9.999987483024597168e-01,-9.999921917915344238e-01,-9.999967813491821289e-01,-9.999601840972900391e-01,9.999974966049194336e-01,-9.999987483024597168e-01,9.999956488609313965e-01,-9.999982714653015137e-01,-9.999850988388061523e-01,9.999907016754150391e-01,9.999988079071044922e-01,9.996606707572937012e-01,9.999964237213134766e-01,-9.999979138374328613e-01,9.999983310699462891e-01,-9.999754428863525391e-01,-9.999980330467224121e-01,9.999984502792358398e-01,-9.999979734420776367e-01,-9.999913573265075684e-01,9.999989867210388184e-01,-9.999987483024597168e-01,9.999893307685852051e-01,-9.999971985816955566e-01,9.999986886978149414e-01,-9.999762773513793945e-01,-9.999722242355346680e-01,9.999985098838806152e-01,9.999969005584716797e-01,9.998325109481811523e-01,-9.999978542327880859e-01,-9.999942183494567871e-01,9.999985098838806152e-01,-9.999979138374328613e-01,9.999985098838806152e-01,-9.999980926513671875e-01,-9.999861121177673340e-01,9.999990463256835938e-01,-9.999982714653015137e-01,9.999987483024597168e-01,-9.999986290931701660e-01,-9.999940395355224609e-01,-9.999980926513671875e-01,-9.999988675117492676e-01,9.999956488609313965e-01,9.999985694885253906e-01,-9.999974370002746582e-01,-9.999245405197143555e-01,-9.999954700469970703e-01,9.999864697456359863e-01,-9.999973773956298828e-01
-9.999984502792358398e-01,9.999986290931701660e-01,9.999889135360717773e-01,-9.999985098838806152e-01,-9.999991059303283691e-01,9.999988079071044922e-01,-9.999958872795104980e-01,-9.999991059303283691e-01,9.999976754188537598e-01,-9.999977350234985352e-01,9.999984502792358398e-01,9.999989867210388184e-01,-9.999982714653015137e-01,-9.999983906745910645e-01,-9.999763965606689453e-01,-9.999977350234985352e-01,-9.999979734420776367e-01,9.999987483024597168e-01,-9.999927282333374023e-01,9.999992251396179199e-01,9.999990463256835938e-01,-9.999882578849792480e-01,-9.999985098838806152e-01,-9.999986290931701660e-01,-9.999910593032836914e-01,-9.999991655349731445e-01,9.999986290931701660e-01,9.999989867210388184e-01,-9.999817609786987305e-01,9.999964237213134766e-01,9.999951720237731934e-01,9.999987483024597168e-01,-9.999942779541015625e-01,-9.999977946281433105e-01,9.999971985816955566e-01,9.999874234199523926e-01,-9.999991655349731445e-01,-9.999987483024597168e-01,-9.999939203262329102e-01,9.999991059303283691e-01,-9.999986290931701660e-01,9.999973177909851074e-01,-9.999660253524780273e-01,-9.999988675117492676e-01,-9.999981522560119629e-01,-9.999982714653015137e-01,-9.999672770500183105e-01,-9.999983310699462891e-01,-9.999988079071044922e-01,9.999987483024597168e-01,9.999988675117492676e-01,9.999979138374328613e-01,9.999988675117492676e-01,9.999924302101135254e-01,9.999973177909851074e-01,9.999982118606567383e-01,9.999976158142089844e-01,-9.998969435691833496e-01,-9.999981522560119629e-01,-9.999984502792358398e-01,9.999979138374328613e-01,-9.999990463256835938e-01,-9.999985098838806152e-01,-9.999956488609313965e-01,9.999963045120239258e-01,9.999989271163940430e-01,9.999991655349731445e-01,9.999955296516418457e-01,9.999988675117492676e-01,-9.999989271163940430e-01,9.999988675117492676e-01,-9.999982118606567383e-01,-9.999969601631164551e-01,9.999926686286926270e-01,9.999037384986877441e-01,9.999983906745910645e-01,-9.999935626983642578e-01,-9.999988675117492676e-01,9.999934434890747070e-01,9.999973177909851074e-01,9.999665021896362305e-01,-9.999977946281433105e-01,9.999989271163940430e-01,-9.999962449073791504e-01,9.999984502792358398e-01,9.999873638153076172e-01,-9.999921917915344238e-01,-9.999990463256835938e-01,-9.997152090072631836e-01,-9.999969005584716797e-01,9.999982118606567383e-01,-9.999985098838806152e-01,9.999793171882629395e-01,9.999982118606567383e-01,-9.999986290931701660e-01,9.999982118606567383e-01,9.999926686286926270e-01,-9.999991655349731445e-01,9.999988675117492676e-01,-9.999909996986389160e-01,9.999975562095642090e-01,-9.999988675117492676e-01,9.999800324440002441e-01,9.999765753746032715e-01,-9.999986886978149414e-01,-9.999974370002746582e-01,-9.998593926429748535e-01,9.999981522560119629e-01,9.999951720237731934e-01,-9.999987483024597168e-01,9.999982714653015137e-01,-9.999986886978149414e-01,9.999983310699462891e-01,9.999882578849792480e-01,-9.999991059303283691e-01,9.999984502792358398e-01,-9.999989271163940430e-01,9.999988079071044922e-01,9.999949336051940918e-01,9.999983310699462891e-01,9.999990463256835938e-01,-9.999963045120239258e-01,-9.999987483024597168e-01,9.999977946281433105e-01,9.999366402626037598e-01,9.999961256980895996e-01,-9.999885559082031250e-01,9.999977946281433105e-01
-9.999868869781494141e-01,9.999889135360717773e-01,9.999043345451354980e-01,-9.999872446060180664e-01,-9.999918341636657715e-01,9.999903440475463867e-01,-9.999645352363586426e-01,-9.999925494194030762e-01,9.999798536300659180e-01,-9.999803900718688965e-01,9.999869465827941895e-01,9.999917149543762207e-01,-9.999861717224121094e-01,-9.999864697456359863e-01,-9.997955560684204102e-01,-9.999816417694091797e-01,-9.999828934669494629e-01,9.999898672103881836e-01,-9.999374747276306152e-01,9.999929666519165039e-01,9.999920725822448730e-01,-9.998978972434997559e-01,-9.999871253967285156e-01,-9.999888539314270020e-01,-9.999226331710815430e-01,-9.999927282333374023e-01,9.999888539314270020e-01,9.999918341636657715e-01,-9.998419284820556641e-01,9.999702572822570801e-01,9.999585151672363281e-01,9.999892115592956543e-01,-9.999499320983886719e-01,-9.999811053276062012e-01,9.999762177467346191e-01,9.998905062675476074e-01,-9.999926090240478516e-01,-9.999898672103881836e-01,-9.999469518661499023e-01,9.999918341636657715e-01,-9.999890923500061035e-01,9.999776482582092285e-01,-9.997056722640991211e-01,-9.999906420707702637e-01,-9.999842047691345215e-01,-9.999859333038330078e-01,-9.997164607048034668e-01,-9.999864101409912109e-01,-9.999909996986389160e-01,9.999895095825195312e-01,9.999905228614807129e-01,9.999828934669494629e-01,9.999905228614807129e-01,9.999341368675231934e-01,9.999770522117614746e-01,9.999856352806091309e-01,9.999800324440002441e-01,-9.991072416305541992e-01,-9.999839663505554199e-01,-9.999876022338867188e-01,9.999825358390808105e-01,-9.999921321868896484e-01,-9.999871850013732910e-01,-9.999626874923706055e-01,9.999684095382690430e-01,9.999911785125732422e-01,9.999926686286926270e-01,9.999608993530273438e-01,9.999905824661254883e-01,-9.999910593032836914e-01,9.999904632568359375e-01,-9.999856352806091309e-01,-9.999739527702331543e-01,9.999360442161560059e-01,9.991658329963684082e-01,9.999868273735046387e-01,-9.999440312385559082e-01,-9.999902844429016113e-01,9.999430179595947266e-01,9.999769330024719238e-01,9.997094869613647461e-01,-9.999818205833435059e-01,9.999911785125732422e-01,-9.999676346778869629e-01,9.999873638153076172e-01,9.998902678489685059e-01,-9.999322891235351562e-01,-9.999915957450866699e-01,-9.975336194038391113e-01,-9.999743700027465820e-01,9.999852776527404785e-01,-9.999877810478210449e-01,9.998199939727783203e-01,9.999856352806091309e-01,-9.999890923500061035e-01,9.999847412109375000e-01,9.999369382858276367e-01,-9.999923110008239746e-01,9.999909400939941406e-01,-9.999216198921203613e-01,9.999791979789733887e-01,-9.999904632568359375e-01,9.998268485069274902e-01,9.997971653938293457e-01,-9.999892711639404297e-01,-9.999784827232360840e-01,-9.987806677818298340e-01,9.999840259552001953e-01,9.999578595161437988e-01,-9.999892711639404297e-01,9.999852180480957031e-01,-9.999895095825195312e-01,9.999862909317016602e-01,9.998987913131713867e-01,-9.999926686286926270e-01,9.999875426292419434e-01,-9.999910593032836914e-01,9.999903440475463867e-01,9.999564886093139648e-01,9.999864697456359863e-01,9.999913573265075684e-01,-9.999684691429138184e-01,-9.999898076057434082e-01,9.999817013740539551e-01,9.994502663612365723e-01,9.999670386314392090e-01,-9.999010562896728516e-01,9.999812245368957520e-01
9.999982118606567383e-01,-9.999985098838806152e-01,-9.999872446060180664e-01,9.999983310699462891e-01,9.999989271163940430e-01,-9.999987483024597168e-01,9.999952912330627441e-01,9.999989867210388184e-01,-9.999973177909851074e-01,9.999973773956298828e-01,-9.999982118606567383e-01,-9.999988675117492676e-01,9.999982118606567383e-01,9.999982714653015137e-01,9.999725818634033203e-01,9.999974966049194336e-01,9.999977350234985352e-01,-9.999986290931701660e-01,9.999915957450866699e-01,-9.999991059303283691e-01,-9.999989867210388184e-01,9.999864101409912109e-01,9.999982714653015137e-01,9.999985694885253906e-01,9.999896287918090820e-01,9.999990463256835938e-01,-9.999985098838806152e-01,-9.999989867210388184e-01,9.999787807464599609e-01,-9.999960064888000488e-01,-9.999944567680358887e-01,-9.999986290931701660e-01,9.999932646751403809e-01,9.999975562095642090e-01,-9.999968409538269043e-01,-9.999853968620300293e-01,9.999991059303283691e-01,9.999986290931701660e-01,9.999929666519165039e-01,-9.999989271163940430e-01,9.999985098838806152e-01,-9.999969601631164551e-01,9.999604821205139160e-01,9.999988079071044922e-01,9.999979138374328613e-01,9.999982118606567383e-01,9.999618530273437500e-01,9.999982714653015137e-01,9.999988675117492676e-01,-9.999986290931701660e-01,-9.999988079071044922e-01,-9.999976754188537598e-01,-9.999988079071044922e-01,-9.999912381172180176e-01,-9.999968409538269043e-01,-9.999980330467224121e-01,-9.999972581863403320e-01,9.998798966407775879e-01,9.999977946281433105e-01,9.999983310699462891e-01,-9.999976754188537598e-01,9.999989867210388184e-01,9.999983310699462891e-01,9.999951124191284180e-01,-9.999958276748657227e-01,-9.999988079071044922e-01,-9.999991059303283691e-01,-9.999948143959045410e-01,-9.999988079071044922e-01,9.999988079071044922e-01,-9.999987483024597168e-01,9.999981522560119629e-01,9.999964237213134766e-01,-9.999915361404418945e-01,-9.998878836631774902e-01,-9.999983310699462891e-01,9.999926090240478516e-01,9.999988079071044922e-01,-9.999924898147583008e-01,-9.999969601631164551e-01,-9.999610185623168945e-01,9.999976158142089844e-01,-9.999988675117492676e-01,9.999957084655761719e-01,-9.999983906745910645e-01,-9.999853968620300293e-01,9.999909996986389160e-01,9.999989271163940430e-01,9.996676445007324219e-01,9.999964833259582520e-01,-9.999980330467224121e-01,9.999984502792358398e-01,-9.999759197235107422e-01,-9.999980330467224121e-01,9.999985694885253906e-01,-9.999980330467224121e-01,-9.999915957450866699e-01,9.999990463256835938e-01,-9.999987483024597168e-01,9.999895691871643066e-01,-9.999972581863403320e-01,9.999987483024597168e-01,-9.999768733978271484e-01,-9.999727606773376465e-01,9.999985098838806152e-01,9.999970793724060059e-01,9.998360276222229004e-01,-9.999978542327880859e-01,-9.999944567680358887e-01,9.999986290931701660e-01,-9.999980926513671875e-01,9.999985694885253906e-01,-9.999981522560119629e-01,-9.999864101409912109e-01,9.999991655349731445e-01,-9.999983906745910645e-01,9.999988079071044922e-01,-9.999987483024597168e-01,-9.999942183494567871e-01,-9.999981522560119629e-01,-9.999989867210388184e-01,9.999958276748657227e-01,9.999986886978149414e-01,-9.999976158142089844e-01,-9.999262094497680664e-01,-9.999956488609313965e-01,9.999867081642150879e-01,-9.999974966049194336e-01
9.999989271163940430e-01,-9.999991059303283691e-01,-9.999918341636657715e-01,9.999989271163940430e-01,9.999994039535522461e-01,-9.999992251396179199e-01,9.999970197677612305e-01,9.999994039535522461e-01,-9.999983310699462891e-01,9.999982714653015137e-01,-9.999989271163940430e-01,-9.999992251396179199e-01,9.999988675117492676e-01,9.999988675117492676e-01,9.999825358390808105e-01,9.999983906745910645e-01,9.999985694885253906e-01,-9.999991655349731445e-01,9.999946355819702148e-01,-9.999994039535522461e-01,-9.999993443489074707e-01,9.999913573265075684e-01,9.999989271163940430e-01,9.999991059303283691e-01,9.999933838844299316e-01,9.999994635581970215e-01,-9.999991059303283691e-01,-9.999993443489074707e-01,9.999864697456359863e-01,-9.999974370002746582e-01,-9.999964237213134766e-01,-9.999991059303283691e-01,9.999957084655761719e-01,9.999984502792358398e-01,-9.999979734420776367e-01,-9.999907016754150391e-01,9.999994635581970215e-01,9.999991655349731445e-01,9.999955296516418457e-01,-9.999993443489074707e-01,9.999991059303283691e-01,-9.999980330467224121e-01,9.999748468399047852e-01,9.999992251396179199e-01,9.999986290931701660e-01,9.999988079071044922e-01,9.999757409095764160e-01,9.999989271163940430e-01,9.999992847442626953e-01,-9.999991655349731445e-01,-9.999992251396179199e-01,-9.999985098838806152e-01,-9.999992251396179199e-01,-9.999943971633911133e-01,-9.999980330467224121e-01,-9.999987483024597168e-01,-9.999982714653015137e-01,9.999234676361083984e-01,9.999986290931701660e-01,9.999989271163940430e-01,-9.999985098838806152e-01,9.999993443489074707e-01,9.999989271163940430e-01,9.999968409538269043e-01,-9.999972581863403320e-01,-9.999992847442626953e-01,-9.999994635581970215e-01,-9.999966025352478027e-01,-9.999993443489074707e-01,9.999992847442626953e-01,-9.999992847442626953e-01,9.999988079071044922e-01,9.999977946281433105e-01,-9.999946355819702148e-01,-9.999285936355590820e-01,-9.999988675117492676e-01,9.999952912330627441e-01,9.999992251396179199e-01,-9.999951124191284180e-01,-9.999979734420776367e-01,-9.999751448631286621e-01,9.999984502792358398e-01,-9.999993443489074707e-01,9.999972581863403320e-01,-9.999989271163940430e-01,-9.999907016754150391e-01,9.999942183494567871e-01,9.999992847442626953e-01,9.997884035110473633e-01,9.999977946281433105e-01,-9.999986290931701660e-01,9.999989271163940430e-01,-9.999847412109375000e-01,-9.999987483024597168e-01,9.999992251396179199e-01,-9.999987483024597168e-01,-9.999946355819702148e-01,9.999993443489074707e-01,-9.999992847442626953e-01,9.999933242797851562e-01,-9.999982714653015137e-01,9.999993443489074707e-01,-9.999852180480957031e-01,-9.999826550483703613e-01,9.999991059303283691e-01,9.999981522560119629e-01,9.998954534530639648e-01,-9.999986886978149414e-01,-9.999964833259582520e-01,9.999991059303283691e-01,-9.999988079071044922e-01,9.999991655349731445e-01,-9.999988079071044922e-01,-9.999913573265075684e-01,9.999994635581970215e-01,-9.999989271163940430e-01,9.999992847442626953e-01,-9.999992847442626953e-01,-9.999962449073791504e-01,-9.999988079071044922e-01,-9.999994039535522461e-01,9.999973177909851074e-01,9.999991655349731445e-01,-9.999983906745910645e-01,-9.999529123306274414e-01,-9.999971985816955566e-01,9.999915361404418945e-01,-9.999984502792358398e-01
-9.999986290931701660e-01,9.999988079071044922e-01,9.999903440475463867e-01,-9.999987483024597168e-01,-9.999992251396179199e-01,9.999990463256835938e-01,-9.999963641166687012e-01,-9.999992847442626953e-01,9.999979138374328613e-01,-9.999979734420776367e-01,9.999986886978149414e-01,9.999992251396179199e-01,-9.999985694885253906e-01,-9.999986290931701660e-01,-9.999793767929077148e-01,-9.999980330467224121e-01,-9.999982714653015137e-01,9.999989271163940430e-01,-9.999936819076538086e-01,9.999993443489074707e-01,9.999992251396179199e-01,-9.999896883964538574e-01,-9.999986886978149414e-01,-9.999988079071044922e-01,-9.999921917915344238e-01,-9.999992847442626953e-01,9.999988675117492676e-01,9.999992251396179199e-01,-9.999840855598449707e-01,9.999969601631164551e-01,9.999958276748657227e-01,9.999988675117492676e-01,-9.999948740005493164e-01,-9.999980330467224121e-01,9.999975562095642090e-01,9.999890327453613281e-01,-9.999992847442626953e-01,-9.999989271163940430e-01,-9.999946355819702148e-01,9.999992251396179199e-01,-9.999988675117492676e-01,9.999976158142089844e-01,-9.999703168869018555e-01,-9.999991059303283691e-01,-9.999983906745910645e-01,-9.999985694885253906e-01,-9.999713301658630371e-01,-9.999986290931701660e-01,-9.999990463256835938e-01,9.999989867210388184e-01,9.999991059303283691e-01,9.999982714653015137e-01,9.999991059303283691e-01,9.999932646751403809e-01,9.999976754188537598e-01,9.999985694885253906e-01,9.999979138374328613e-01,-9.999097585678100586e-01,-9.999983310699462891e-01,-9.999987483024597168e-01,9.999982118606567383e-01,-9.999992251396179199e-01,-9.999986886978149414e-01,-9.999961853027343750e-01,9.999967813491821289e-01,9.999991655349731445e-01,9.999992847442626953e-01,9.999958872795104980e-01,9.999991059303283691e-01,-9.999990463256835938e-01,9.999990463256835938e-01,-9.999985098838806152e-01,-9.999973177909851074e-01,9.999935626983642578e-01,9.999155998229980469e-01,9.999986290931701660e-01,-9.999943375587463379e-01,-9.999990463256835938e-01,9.999941587448120117e-01,9.999975562095642090e-01,9.999707341194152832e-01,-9.999980330467224121e-01,9.999991655349731445e-01,-9.999966621398925781e-01,9.999986886978149414e-01,9.999889135360717773e-01,-9.999931454658508301e-01,-9.999991655349731445e-01,-9.997503757476806641e-01,-9.999973177909851074e-01,9.999983906745910645e-01,-9.999986886978149414e-01,9.999818205833435059e-01,9.999984502792358398e-01,-9.999988675117492676e-01,9.999984502792358398e-01,9.999936223030090332e-01,-9.999992251396179199e-01,9.999991059303283691e-01,-9.999921917915344238e-01,9.999978542327880859e-01,-9.999991059303283691e-01,9.999825358390808105e-01,9.999794960021972656e-01,-9.999989271163940430e-01,-9.999977350234985352e-01,-9.998767375946044922e-01,9.999983310699462891e-01,9.999957680702209473e-01,-9.999988079071044922e-01,9.999985098838806152e-01,-9.999988675117492676e-01,9.999986290931701660e-01,9.999898076057434082e-01,-9.999992847442626953e-01,9.999987483024597168e-01,-9.999991655349731445e-01,9.999990463256835938e-01,9.999955892562866211e-01,9.999985098838806152e-01,9.999991655349731445e-01,-9.999967813491821289e-01,-9.999989271163940430e-01,9.999981522560119629e-01,9.999444484710693359e-01,9.999966025352478027e-01,-9.999899268150329590e-01,9.999980926513671875e-01
9.999951124191284180e-01,-9.999958872795104980e-01,-9.999645352363586426e-01,9.999952912330627441e-01,9.999970197677612305e-01,-9.999963641166687012e-01,9.999868869781494141e-01,9.999971985816955566e-01,-9.999926686286926270e-01,9.999928474426269531e-01,-9.999952316284179688e-01,-9.999969005584716797e-01,9.999949336051940918e-01,9.999949932098388672e-01,9.999241232872009277e-01,9.999932050704956055e-01,9.999937415122985840e-01,-9.999961853027343750e-01,9.999768733978271484e-01,-9.999973177909851074e-01,-9.999970793724060059e-01,9.999621510505676270e-01,9.999952316284179688e-01,9.999958872795104980e-01,9.999712705612182617e-01,9.999973177909851074e-01,-9.999958872795104980e-01,-9.999969601631164551e-01,9.999413490295410156e-01,-9.999889731407165527e-01,-9.999846220016479492e-01,-9.999960660934448242e-01,9.999815225601196289e-01,9.999929666519165039e-01,-9.999911785125732422e-01,-9.999594092369079590e-01,9.999972581863403320e-01,9.999961853027343750e-01,9.999804496765136719e-01,-9.999969005584716797e-01,9.999959468841552734e-01,-9.999917149543762207e-01,9.998907446861267090e-01,9.999964833259582520e-01,9.999941587448120117e-01,9.999948740005493164e-01,9.998946785926818848e-01,9.999950528144836426e-01,9.999966621398925781e-01,-9.999961853027343750e-01,-9.999964237213134766e-01,-9.999936819076538086e-01,-9.999964237213134766e-01,-9.999756217002868652e-01,-9.999915361404418945e-01,-9.999946951866149902e-01,-9.999926090240478516e-01,9.996685385704040527e-01,9.999940395355224609e-01,9.999954104423522949e-01,-9.999935626983642578e-01,9.999970197677612305e-01,9.999952316284179688e-01,9.999861717224121094e-01,-9.999882578849792480e-01,-9.999967217445373535e-01,-9.999972581863403320e-01,-9.999855160713195801e-01,-9.999965429306030273e-01,9.999966621398925781e-01,-9.999963641166687012e-01,9.999947547912597656e-01,9.999903440475463867e-01,-9.999763965606689453e-01,-9.996903538703918457e-01,-9.999951124191284180e-01,9.999793767929077148e-01,9.999963641166687012e-01,-9.999788999557495117e-01,-9.999914765357971191e-01,-9.998921751976013184e-01,9.999932646751403809e-01,-9.999966621398925781e-01,9.999880790710449219e-01,-9.999953508377075195e-01,-9.999593496322631836e-01,9.999749064445495605e-01,9.999969005584716797e-01,9.990832209587097168e-01,9.999905228614807129e-01,-9.999945759773254395e-01,9.999954700469970703e-01,-9.999332427978515625e-01,-9.999946951866149902e-01,9.999960064888000488e-01,-9.999943971633911133e-01,-9.999766945838928223e-01,9.999971389770507812e-01,-9.999966025352478027e-01,9.999710917472839355e-01,-9.999923706054687500e-01,9.999964833259582520e-01,-9.999357461929321289e-01,-9.999246597290039062e-01,9.999959468841552734e-01,9.999920129776000977e-01,9.995471835136413574e-01,-9.999941587448120117e-01,-9.999845027923583984e-01,9.999959468841552734e-01,-9.999945163726806641e-01,9.999960660934448242e-01,-9.999949932098388672e-01,-9.999624490737915039e-01,9.999973177909851074e-01,-9.999954104423522949e-01,9.999965429306030273e-01,-9.999964833259582520e-01,-9.999839663505554199e-01,-9.999949932098388672e-01,-9.999968409538269043e-01,9.999883770942687988e-01,9.999963045120239258e-01,-9.999932646751403809e-01,-9.997959733009338379e-01,-9.999877810478210449e-01,9.999632835388183594e-01,-9.999931454658508301e-01
9.999989867210388184e-01,-9.999991059303283691e-01,-9.999925494194030762e-01,9.999989867210388184e-01,9.999994039535522461e-01,-9.999992847442626953e-01,9.999971985816955566e-01,9.999994039535522461e-01,-9.999983906745910645e-01,9.999984502792358398e-01,-9.999989867210388184e-01,-9.999992847442626953e-01,9.999989271163940430e-01,9.999989271163940430e-01,9.999840855598449707e-01,9.999984502792358398e-01,9.999986290931701660e-01,-9.999991655349731445e-01,9.999950528144836426e-01,-9.999994039535522461e-01,-9.999994039535522461e-01,9.999920725822448730e-01,9.999989867210388184e-01,9.999991655349731445e-01,9.999938607215881348e-01,9.999994635581970215e-01,-9.999991655349731445e-01,-9.999994039535522461e-01,9.999876022338867188e-01,-9.999976754188537598e-01,-9.999967217445373535e-01,-9.999992251396179199e-01,9.999959468841552734e-01,9.999985098838806152e-01,-9.999980926513671875e-01,-9.999915361404418945e-01,9.999995231628417969e-01,9.999992251396179199e-01,9.999959468841552734e-01,-9.999994039535522461e-01,9.999991655349731445e-01,-9.999982118606567383e-01,9.999770522117614746e-01,9.999992847442626953e-01,9.999987483024597168e-01,9.999988079071044922e-01,9.999779462814331055e-01,9.999989271163940430e-01,9.999993443489074707e-01,-9.999992251396179199e-01,-9.999992847442626953e-01,-9.999986290931701660e-01,-9.999994039535522461e-01,-9.999948740005493164e-01,-9.999981522560119629e-01,-9.999988079071044922e-01,-9.999983310699462891e-01,9.999302029609680176e-01,9.999986290931701660e-01,9.999991059303283691e-01,-9.999986290931701660e-01,9.999994039535522461e-01,9.999989867210388184e-01,9.999971389770507812e-01,-9.999974966049194336e-01,-9.999992847442626953e-01,-9.999994635581970215e-01,-9.999968409538269043e-01,-9.999992847442626953e-01,9.999993443489074707e-01,-9.999992847442626953e-01,9.999988675117492676e-01,9.999979138374328613e-01,-9.999949932098388672e-01,-9.999347925186157227e-01,-9.999989867210388184e-01,9.999956488609313965e-01,9.999992847442626953e-01,-9.999954700469970703e-01,-9.999980926513671875e-01,-9.999774694442749023e-01,9.999985694885253906e-01,-9.999993443489074707e-01,9.999974966049194336e-01,-9.999989271163940430e-01,-9.999914765357971191e-01,9.999946355819702148e-01,9.999993443489074707e-01,9.998070001602172852e-01,9.999979138374328613e-01,-9.999987483024597168e-01,9.999991059303283691e-01,-9.999859929084777832e-01,-9.999988675117492676e-01,9.999991655349731445e-01,-9.999988079071044922e-01,-9.999949932098388672e-01,9.999994039535522461e-01,-9.999992251396179199e-01,9.999939203262329102e-01,-9.999983310699462891e-01,9.999992847442626953e-01,-9.999865293502807617e-01,-9.999842047691345215e-01,9.999991059303283691e-01,9.999982714653015137e-01,9.999046325683593750e-01,-9.999988079071044922e-01,-9.999966621398925781e-01,9.999991059303283691e-01,-9.999988079071044922e-01,9.999992251396179199e-01,-9.999988675117492676e-01,-9.999921321868896484e-01,9.999994635581970215e-01,-9.999991059303283691e-01,9.999993443489074707e-01,-9.999992847442626953e-01,-9.999965429306030273e-01,-9.999988675117492676e-01,-9.999993443489074707e-01,9.999974966049194336e-01,9.999992251396179199e-01,-9.999985694885253906e-01,-9.999571442604064941e-01,-9.999973773956298828e-01,9.999921917915344238e-01,-9.999985098838806152e-01
-9.999972581863403320e-01,9.999976754188537598e-01,9.999798536300659180e-01,-9.999973177909851074e-01,-9.999983310699462891e-01,9.999979138374328613e-01,-9.999926686286926270e-01,-9.999983906745910645e-01,9.999957680702209473e-01,-9.999959468841552734e-01,9.999971985816955566e-01,9.999982118606567383e-01,-9.999970197677612305e-01,-9.999971985816955566e-01,-9.999568462371826172e-01,-9.999959468841552734e-01,-9.999963045120239258e-01,9.999978542327880859e-01,-9.999868869781494141e-01,9.999983906745910645e-01,9.999982714653015137e-01,-9.999784827232360840e-01,-9.999972581863403320e-01,-9.999976158142089844e-01,-9.999837279319763184e-01,-9.999985098838806152e-01,9.999976158142089844e-01,9.999982714653015137e-01,-9.999666213989257812e-01,9.999937415122985840e-01,9.999912977218627930e-01,9.999976754188537598e-01,-9.999894499778747559e-01,-9.999960660934448242e-01,9.999949932098388672e-01,9.999769330024719238e-01,-9.999983906745910645e-01,-9.999978542327880859e-01,-9.999888539314270020e-01,9.999982118606567383e-01,-9.999976754188537598e-01,9.999952912330627441e-01,-9.999380111694335938e-01,-9.999981522560119629e-01,-9.999967217445373535e-01,-9.999970197677612305e-01,-9.999400973320007324e-01,-9.999971985816955566e-01,-9.999980926513671875e-01,9.999977350234985352e-01,9.999979734420776367e-01,9.999962449073791504e-01,9.999979734420776367e-01,9.999861121177673340e-01,9.999951720237731934e-01,9.999969601631164551e-01,9.999957680702209473e-01,-9.998116493225097656e-01,-9.999965429306030273e-01,-9.999973773956298828e-01,9.999963045120239258e-01,-9.999983310699462891e-01,-9.999972581863403320e-01,-9.999921321868896484e-01,9.999933242797851562e-01,9.999980926513671875e-01,9.999985098838806152e-01,9.999917745590209961e-01,9.999980330467224121e-01,-9.999980926513671875e-01,9.999980330467224121e-01,-9.999970197677612305e-01,-9.999945163726806641e-01,9.999865293502807617e-01,9.998239874839782715e-01,9.999970793724060059e-01,-9.999881982803344727e-01,-9.999979734420776367e-01,9.999879002571105957e-01,9.999951124191284180e-01,9.999387264251708984e-01,-9.999961256980895996e-01,9.999982118606567383e-01,-9.999932646751403809e-01,9.999973177909851074e-01,9.999768733978271484e-01,-9.999857544898986816e-01,-9.999982118606567383e-01,-9.994786977767944336e-01,-9.999945759773254395e-01,9.999967813491821289e-01,-9.999973773956298828e-01,9.999620318412780762e-01,9.999969601631164551e-01,-9.999976754188537598e-01,9.999967813491821289e-01,9.999868273735046387e-01,-9.999984502792358398e-01,9.999980926513671875e-01,-9.999835491180419922e-01,9.999956488609313965e-01,-9.999980330467224121e-01,9.999634027481079102e-01,9.999572038650512695e-01,-9.999976754188537598e-01,-9.999954700469970703e-01,-9.997425079345703125e-01,9.999966025352478027e-01,9.999911785125732422e-01,-9.999976754188537598e-01,9.999969005584716797e-01,-9.999977350234985352e-01,9.999970793724060059e-01,9.999787211418151855e-01,-9.999984502792358398e-01,9.999973773956298828e-01,-9.999980926513671875e-01,9.999979734420776367e-01,9.999908208847045898e-01,9.999970793724060059e-01,9.999982714653015137e-01,-9.999933242797851562e-01,-9.999977946281433105e-01,9.999961853027343750e-01,9.998839497566223145e-01,9.999931454658508301e-01,-9.999791383743286133e-01,9.999960064888000488e-01
9.999973773956298828e-01,-9.999977350234985352e-01,-9.999803900718688965e-01,9.999973773956298828e-01,9.999982714653015137e-01,-9.999979734420776367e-01,9.999928474426269531e-01,9.999984502792358398e-01,-9.999959468841552734e-01,9.999959468841552734e-01,-9.999972581863403320e-01,-9.999982714653015137e-01,9.999971389770507812e-01,9.999971985816955566e-01,9.999579787254333496e-01,9.999961853027343750e-01,9.999965429306030273e-01,-9.999979734420776367e-01,9.999871850013732910e-01,-9.999985098838806152e-01,-9.999983310699462891e-01,9.999791383743286133e-01,9.999973177909851074e-01,9.999976754188537598e-01,9.999841451644897461e-01,9.999985694885253906e-01,-9.999976754188537598e-01,-9.999983310699462891e-01,9.999675750732421875e-01,-9.999938607215881348e-01,-9.999914765357971191e-01,-9.999977946281433105e-01,9.999898076057434082e-01,9.999961853027343750e-01,-9.999951720237731934e-01,-9.999775290489196777e-01,9.999985098838806152e-01,9.999979734420776367e-01,9.999892115592956543e-01,-9.999982714653015137e-01,9.999977946281433105e-01,-9.999954104423522949e-01,9.999394416809082031e-01,9.999980330467224121e-01,9.999967813491821289e-01,9.999970793724060059e-01,9.999417066574096680e-01,9.999971985816955566e-01,9.999981522560119629e-01,-9.999978542327880859e-01,-9.999980330467224121e-01,-9.999965429306030273e-01,-9.999980330467224121e-01,-9.999864697456359863e-01,-9.999952912330627441e-01,-9.999970197677612305e-01,-9.999958872795104980e-01,9.998162984848022461e-01,9.999966621398925781e-01,9.999974370002746582e-01,-9.999963641166687012e-01,9.999983310699462891e-01,9.999973773956298828e-01,9.999924302101135254e-01,-9.999935030937194824e-01,-9.999981522560119629e-01,-9.999985098838806152e-01,-9.999919533729553223e-01,-9.999980330467224121e-01,9.999981522560119629e-01,-9.999979734420776367e-01,9.999970197677612305e-01,9.999946355819702148e-01,-9.999868869781494141e-01,-9.998285174369812012e-01,-9.999972581863403320e-01,9.999884963035583496e-01,9.999980926513671875e-01,-9.999883174896240234e-01,-9.999952912330627441e-01,-9.999403953552246094e-01,9.999961256980895996e-01,-9.999981522560119629e-01,9.999934434890747070e-01,-9.999973773956298828e-01,-9.999775886535644531e-01,9.999861121177673340e-01,9.999982714653015137e-01,9.994919896125793457e-01,9.999947547912597656e-01,-9.999969601631164551e-01,9.999974966049194336e-01,-9.999630451202392578e-01,-9.999970197677612305e-01,9.999977946281433105e-01,-9.999968409538269043e-01,-9.999870657920837402e-01,9.999984502792358398e-01,-9.999981522560119629e-01,9.999839663505554199e-01,-9.999957680702209473e-01,9.999980330467224121e-01,-9.999644756317138672e-01,-9.999582767486572266e-01,9.999977350234985352e-01,9.999955892562866211e-01,9.997491836547851562e-01,-9.999967813491821289e-01,-9.999913573265075684e-01,9.999978542327880859e-01,-9.999970197677612305e-01,9.999977946281433105e-01,-9.999972581863403320e-01,-9.999792575836181641e-01,9.999984502792358398e-01,-9.999974370002746582e-01,9.999981522560119629e-01,-9.999979734420776367e-01,-9.999910593032836914e-01,-9.999971985816955566e-01,-9.999983310699462891e-01,9.999935030937194824e-01,9.999979138374328613e-01,-9.999961853027343750e-01,-9.998869299888610840e-01,-9.999932646751403809e-01,9.999797940254211426e-01,-9.999961853027343750e-01
-9.999981522560119629e-01,9.999984502792358398e-01,9.999869465827941895e-01,-9.999982118606567383e-01,-9.999989271163940430e-01,9.999986886978149414e-01,-9.999952316284179688e-01,-9.999989867210388184e-01,9.999971985816955566e-01,-9.999972581863403320e-01,9.999982118606567383e-01,9.999988079071044922e-01,-9.999980926513671875e-01,-9.999980926513671875e-01,-9.999720454216003418e-01,-9.999974370002746582e-01,-9.999976754188537598e-01,9.999986290931701660e-01,-9.999914169311523438e-01,9.999991059303283691e-01,9.999988675117492676e-01,-9.999860525131225586e-01,-9.999983310699462891e-01,-9.999985694885253906e-01,-9.999893307685852051e-01,-9.999990463256835938e-01,9.999984502792358398e-01,9.999988675117492676e-01,-9.999784231185913086e-01,9.999959468841552734e-01,9.999943375587463379e-01,9.999985098838806152e-01,-9.999931454658508301e-01,-9.999974966049194336e-01,9.999967813491821289e-01,9.999850392341613770e-01,-9.999990463256835938e-01,-9.999985694885253906e-01,-9.999928474426269531e-01,9.999989271163940430e-01,-9.999985694885253906e-01,9.999969005584716797e-01,-9.999597072601318359e-01,-9.999986886978149414e-01,-9.999978542327880859e-01,-9.999980330467224121e-01,-9.999611973762512207e-01,-9.999981522560119629e-01,-9.999987483024597168e-01,9.999986290931701660e-01,9.999987483024597168e-01,9.999976158142089844e-01,9.999987483024597168e-01,9.999910593032836914e-01,9.999969005584716797e-01,9.999980330467224121e-01,9.999972581863403320e-01,-9.998776912689208984e-01,-9.999977946281433105e-01,-9.999982714653015137e-01,9.999976754188537598e-01,-9.999989867210388184e-01,-9.999983310699462891e-01,-9.999949932098388672e-01,9.999956488609313965e-01,9.999986886978149414e-01,9.999990463256835938e-01,9.999947547912597656e-01,9.999986886978149414e-01,-9.999987483024597168e-01,9.999987483024597168e-01,-9.999979734420776367e-01,-9.999963641166687012e-01,9.999913573265075684e-01,9.998857378959655762e-01,9.999981522560119629e-01,-9.999923706054687500e-01,-9.999986290931701660e-01,9.999921917915344238e-01,9.999967813491821289e-01,9.999602437019348145e-01,-9.999974370002746582e-01,9.999987483024597168e-01,-9.999956488609313965e-01,9.999982714653015137e-01,9.999850988388061523e-01,-9.999907612800598145e-01,-9.999988079071044922e-01,-9.996616244316101074e-01,-9.999964237213134766e-01,9.999979734420776367e-01,-9.999983310699462891e-01,9.999753832817077637e-01,9.999980330467224121e-01,-9.999985694885253906e-01,9.999979138374328613e-01,9.999914765357971191e-01,-9.999989867210388184e-01,9.999987483024597168e-01,-9.999892711639404297e-01,9.999970793724060059e-01,-9.999986886978149414e-01,9.999763369560241699e-01,9.999722838401794434e-01,-9.999985098838806152e-01,-9.999970197677612305e-01,-9.998329877853393555e-01,9.999978542327880859e-01,9.999942183494567871e-01,-9.999985098838806152e-01,9.999979734420776367e-01,-9.999985694885253906e-01,9.999980926513671875e-01,9.999861717224121094e-01,-9.999990463256835938e-01,9.999982714653015137e-01,-9.999986886978149414e-01,9.999986886978149414e-01,9.999940395355224609e-01,9.999980926513671875e-01,9.999988675117492676e-01,-9.999957680702209473e-01,-9.999986886978149414e-01,9.999975562095642090e-01,9.999247789382934570e-01,9.999954700469970703e-01,-9.999864697456359863e-01,9.999973773956298828e-01
-9.999988675117492676e-01,9.999989867210388184e-01,9.999917149543762207e-01,-9.999988675117492676e-01,-9.999992251396179199e-01,9.999992251396179199e-01,-9.999969005584716797e-01,-9.999992847442626953e-01,9.999982118606567383e-01,-9.999982714653015137e-01,9.999988079071044922e-01,9.999992251396179199e-01,-9.999986886978149414e-01,-9.999988079071044922e-01,-9.999822974205017090e-01,-9.999982714653015137e-01,-9.999983906745910645e-01,9.999990463256835938e-01,-9.999944567680358887e-01,9.999993443489074707e-01,9.999992847442626953e-01,-9.999911189079284668e-01,-9.999988079071044922e-01,-9.999991059303283691e-01,-9.999931454658508301e-01,-9.999994039535522461e-01,9.999991059303283691e-01,9.999992251396179199e-01,-9.999862909317016602e-01,9.999973177909851074e-01,9.999963641166687012e-01,9.999991059303283691e-01,-9.999956488609313965e-01,-9.999983310699462891e-01,9.999978542327880859e-01,9.999904632568359375e-01,-9.999994039535522461e-01,-9.999990463256835938e-01,-9.999954104423522949e-01,9.999993443489074707e-01,-9.999991059303283691e-01,9.999979138374328613e-01,-9.999744892120361328e-01,-9.999991655349731445e-01,-9.999986290931701660e-01,-9.999986886978149414e-01,-9.999754428863525391e-01,-9.999988079071044922e-01,-9.999991655349731445e-01,9.999991059303283691e-01,9.999991059303283691e-01,9.999983906745910645e-01,9.999991059303283691e-01,9.999942183494567871e-01,9.999978542327880859e-01,9.999986886978149414e-01,9.999981522560119629e-01,-9.999226927757263184e-01,-9.999985098838806152e-01,-9.999988079071044922e-01,9.999983906745910645e-01,-9.999992847442626953e-01,-9.999988079071044922e-01,-9.999967217445373535e-01,9.999971389770507812e-01,9.999991655349731445e-01,9.999994039535522461e-01,9.999964833259582520e-01,9.999992251396179199e-01,-9.999991655349731445e-01,9.999991059303283691e-01,-9.999987483024597168e-01,-9.999976754188537598e-01,9.999944567680358887e-01,9.999277591705322266e-01,9.999988079071044922e-01,-9.999951124191284180e-01,-9.999991059303283691e-01,9.999949932098388672e-01,9.999978542327880859e-01,9.999748468399047852e-01,-9.999983310699462891e-01,9.999991655349731445e-01,-9.999970793724060059e-01,9.999987483024597168e-01,9.999905228614807129e-01,-9.999940991401672363e-01,-9.999992847442626953e-01,-9.997863769531250000e-01,-9.999976754188537598e-01,9.999985694885253906e-01,-9.999988675117492676e-01,9.999843239784240723e-01,9.999986886978149414e-01,-9.999989867210388184e-01,9.999986886978149414e-01,9.999944567680358887e-01,-9.999993443489074707e-01,9.999991655349731445e-01,-9.999931454658508301e-01,9.999980926513671875e-01,-9.999992251396179199e-01,9.999849796295166016e-01,9.999824166297912598e-01,-9.999991059303283691e-01,-9.999980330467224121e-01,-9.998944401741027832e-01,9.999985694885253906e-01,9.999961853027343750e-01,-9.999991059303283691e-01,9.999986290931701660e-01,-9.999990463256835938e-01,9.999987483024597168e-01,9.999911785125732422e-01,-9.999993443489074707e-01,9.999988079071044922e-01,-9.999991655349731445e-01,9.999992251396179199e-01,9.999961853027343750e-01,9.999987483024597168e-01,9.999992847442626953e-01,-9.999971389770507812e-01,-9.999991655349731445e-01,9.999983906745910645e-01,9.999524950981140137e-01,9.999970197677612305e-01,-9.999914169311523438e-01,9.999983310699462891e-01
