5.224205255508422852e-01,1.680657826364040375e-02,-1.707581430673599243e-01,3.126502037048339844e-02,2.428642809391021729e-01,-1.513923853635787964e-01,1.104111596941947937e-01,3.805174529552459717e-01,9.755448997020721436e-02,6.135407835245132446e-02,-7.784618437290191650e-02,-7.515535503625869751e-02,1.029957011342048645e-01,3.384487926959991455e-01,2.754252851009368896e-01,1.612957864999771118e-01,4.630367271602153778e-03,-1.119804009795188904e-02,8.202000707387924194e-02,-6.984813511371612549e-02,-1.460157930850982666e-01,9.217401593923568726e-02,4.831054061651229858e-02,3.160536661744117737e-02,1.261646393686532974e-04,6.392336636781692505e-02,-3.892358019948005676e-02,-2.786346673965454102e-01,9.500550478696823120e-02,-2.129236161708831787e-01,-1.353686600923538208e-01,-9.970933943986892700e-02,8.727586269378662109e-02,7.220402359962463379e-02,-3.340769931674003601e-02,-1.302211284637451172e-01,-1.475229579955339432e-02,6.653780490159988403e-02,-3.362918496131896973e-01,-4.091622531414031982e-01,2.176780998706817627e-01,8.898669481277465820e-02,-8.417308563366532326e-04,2.651468105614185333e-02,3.778510913252830505e-02,-1.386013627052307129e-01,-2.442941963672637939e-01,-1.351858973503112793e-01,4.090746864676475525e-02,7.886247336864471436e-02,-1.191768124699592590e-01,-3.423449397087097168e-02,1.333959698677062988e-01,-5.692177265882492065e-02,-9.064292907714843750e-02,-1.907147318124771118e-01,7.416799664497375488e-02,1.906939409673213959e-02,-4.425939172506332397e-02,-7.321806252002716064e-02,3.262063860893249512e-02,7.655149791389703751e-03,1.417265180498361588e-02,1.390946954488754272e-01,-5.387796089053153992e-03,-9.436405380256474018e-04,-5.440193414688110352e-02,2.295386642217636108e-01,-1.284777820110321045e-01,1.495579779148101807e-01,-2.234117388725280762e-01,-5.071212351322174072e-02,4.899208992719650269e-02,1.832226365804672241e-01,-1.145948022603988647e-01,-2.373737841844558716e-01,-6.107272114604711533e-03,1.700707674026489258e-01,-1.931984126567840576e-01,-1.167762354016304016e-01,1.307415515184402466e-01,2.302093431353569031e-03,-2.565390765666961670e-01,-2.444047480821609497e-03,-3.186363875865936279e-01,-9.089510142803192139e-02,2.866533994674682617e-01,2.635311102494597435e-03,6.603568326681852341e-03,5.926993116736412048e-02,-1.170230731368064880e-01,-1.083547715097665787e-02,5.461622774600982666e-02,-1.240536421537399292e-01,-8.901882171630859375e-02,-2.053522020578384399e-01,3.064579963684082031e-01,-3.457767888903617859e-04,-1.834138184785842896e-01,2.868199944496154785e-01,-9.930737316608428955e-02,2.469317167997360229e-01,-1.018242463469505310e-01,-4.615277424454689026e-02,3.274124115705490112e-02,2.511901259422302246e-01,3.123305924236774445e-02,-2.729775197803974152e-02,-3.113230168819427490e-01,9.545193053781986237e-03,6.644779443740844727e-02,4.031687974929809570e-02,-5.296500027179718018e-02,-2.460029423236846924e-01,1.915376186370849609e-01,-1.763481050729751587e-01,3.724451661109924316e-01,-7.656261324882507324e-02,-3.735701143741607666e-01,1.297926530241966248e-02,-1.807863451540470123e-02,2.180172652006149292e-01,1.970308721065521240e-01,1.021526753902435303e-02,1.246961299329996109e-02,-1.873359829187393188e-01,-1.045896112918853760e-02,9.759473055601119995e-02
1.680657826364040375e-02,1.727417670190334320e-02,-1.090343669056892395e-01,7.268122583627700806e-02,7.362546026706695557e-02,-3.177592530846595764e-02,-6.299137137830257416e-03,3.075539879500865936e-02,1.684451475739479065e-02,3.222600370645523071e-02,9.886889718472957611e-03,-4.613380879163742065e-02,8.680070936679840088e-02,4.993889108300209045e-02,1.085373014211654663e-01,1.016932725906372070e-01,3.655186446849256754e-04,5.920870229601860046e-02,-5.114197731018066406e-02,-5.787139758467674255e-02,-2.897610887885093689e-02,1.109030470252037048e-01,5.827738344669342041e-02,3.364129806868731976e-04,1.281843148171901703e-02,1.241813972592353821e-01,-1.149811893701553345e-01,-4.978677257895469666e-02,9.328264743089675903e-02,-1.059763319790363312e-02,2.293961867690086365e-02,-1.096823140978813171e-01,7.704405486583709717e-02,5.796066671609878540e-02,-3.600571770220994949e-03,-1.154933273792266846e-01,1.619480922818183899e-02,5.081247165799140930e-02,-7.158614695072174072e-02,-6.290951371192932129e-02,9.695346653461456299e-02,5.686523858457803726e-03,1.035502105951309204e-01,1.464094407856464386e-02,-4.197101108729839325e-03,-7.982452958822250366e-02,-1.138245612382888794e-01,-3.211117908358573914e-02,-8.891992270946502686e-03,1.951042562723159790e-02,-2.600622922182083130e-02,-1.051293592900037766e-02,2.690328098833560944e-02,9.140893816947937012e-03,-1.803188212215900421e-02,-1.158032640814781189e-01,2.594458125531673431e-02,1.051125023514032364e-02,-5.406289175152778625e-02,-6.166104972362518311e-02,1.095272134989500046e-02,7.783377543091773987e-03,4.047624301165342331e-03,3.879738226532936096e-02,5.228667054325342178e-03,-2.500563487410545349e-02,3.829682990908622742e-02,1.105415672063827515e-01,-1.022574678063392639e-01,2.471030876040458679e-02,-7.632926106452941895e-02,6.760277785360813141e-03,-2.313149534165859222e-02,1.073732525110244751e-01,-2.533126249909400940e-02,-9.760219603776931763e-02,-3.307197010144591331e-03,1.244251877069473267e-01,-1.458960678428411484e-02,-9.828484058380126953e-02,1.085250526666641235e-01,1.414503087289631367e-03,-8.838580548763275146e-02,2.934779506176710129e-03,-7.430674880743026733e-02,-1.125359311699867249e-01,4.754188284277915955e-02,5.738593637943267822e-03,6.857382506132125854e-02,3.086240217089653015e-02,-2.686116844415664673e-02,-2.279866486787796021e-02,-8.603782206773757935e-02,2.065650746226310730e-02,-9.426411241292953491e-02,3.964323084801435471e-03,8.247840404510498047e-02,-1.378736633341759443e-04,-7.244840264320373535e-02,3.889189660549163818e-02,-2.877862006425857544e-02,4.369355365633964539e-02,-1.124242767691612244e-01,-3.064677491784095764e-02,1.210173070430755615e-01,8.382700383663177490e-03,-7.510877400636672974e-02,-1.047517284750938416e-01,-3.646306321024894714e-02,-1.023227721452713013e-02,7.702311873435974121e-02,-3.726362437009811401e-02,-9.700805693864822388e-02,-3.814424574375152588e-02,1.247845143079757690e-01,-1.060473024845123291e-01,5.404387041926383972e-02,2.747788466513156891e-02,-1.085152477025985718e-01,3.516105189919471741e-02,5.847819522023200989e-02,8.620743453502655029e-02,1.073229983448982239e-01,-6.113681569695472717e-02,-8.234091848134994507e-02,-5.068468302488327026e-02,2.857744228094816208e-03,4.350911080837249756e-02
-1.707581430673599243e-01,-1.090343669056892395e-01,7.684379220008850098e-01,-5.457154512405395508e-01,-4.920188486576080322e-01,1.746990829706192017e-01,-3.052305057644844055e-02,-2.538930177688598633e-01,-1.052184477448463440e-01,-2.476272284984588623e-01,-5.139945447444915771e-02,3.466620743274688721e-01,-5.697318911552429199e-01,-4.148713648319244385e-01,-7.304577827453613281e-01,-6.789210438728332520e-01,-1.128824148327112198e-02,-3.450115025043487549e-01,3.835116326808929443e-01,4.482638835906982422e-01,2.011083811521530151e-01,-7.466440796852111816e-01,-4.816162586212158203e-01,7.237922400236129761e-02,-9.279754012823104858e-02,-7.627224922180175781e-01,7.269726991653442383e-01,3.220441937446594238e-01,-6.782251596450805664e-01,1.496705710887908936e-01,-1.090145036578178406e-01,7.388098835945129395e-01,-5.596461296081542969e-01,-4.601580798625946045e-01,3.631884604692459106e-02,7.520744800567626953e-01,-1.131700649857521057e-01,-3.739603161811828613e-01,5.407021045684814453e-01,4.927112460136413574e-01,-6.642047166824340820e-01,-5.297574400901794434e-02,-6.510455608367919922e-01,-1.094459295272827148e-01,2.788232825696468353e-02,6.024875640869140625e-01,7.744592428207397461e-01,2.445819824934005737e-01,3.155859187245368958e-02,-4.871403053402900696e-02,1.788282692432403564e-01,6.329074501991271973e-02,-1.979267746210098267e-01,3.278052667155861855e-03,1.247114911675453186e-01,7.650412917137145996e-01,-2.174440324306488037e-01,-7.997815310955047607e-02,3.330377340316772461e-01,4.475916028022766113e-01,-4.269227012991905212e-02,-1.099291518330574036e-01,-3.249523043632507324e-02,-3.248637318611145020e-01,-4.486596584320068359e-02,1.767259240150451660e-01,-2.186066806316375732e-01,-7.157208323478698730e-01,6.934350132942199707e-01,-1.577171683311462402e-01,5.999205112457275391e-01,3.407906740903854370e-03,1.476068496704101562e-01,-7.452671527862548828e-01,1.870715767145156860e-01,6.690934300422668457e-01,2.245995402336120605e-02,-8.310772180557250977e-01,1.651311516761779785e-01,7.107286453247070312e-01,-7.635216712951660156e-01,-1.096438243985176086e-02,6.185230016708374023e-01,-1.752669177949428558e-02,5.710946321487426758e-01,6.733257174491882324e-01,-3.884996175765991211e-01,-3.868399560451507568e-02,-4.601370692253112793e-01,-2.525004446506500244e-01,1.960475146770477295e-01,1.665214747190475464e-01,5.829574465751647949e-01,-1.235445663332939148e-01,6.691542863845825195e-01,3.905160725116729736e-02,-5.719381570816040039e-01,1.074279192835092545e-03,5.338473916053771973e-01,-3.753839433193206787e-01,2.695226669311523438e-01,-3.778563439846038818e-01,7.502563595771789551e-01,2.293744087219238281e-01,-7.890849709510803223e-01,-1.795265674591064453e-01,5.525263547897338867e-01,6.935312747955322266e-01,2.711088061332702637e-01,7.225320488214492798e-02,-5.306929349899291992e-01,3.620277047157287598e-01,6.563093066215515137e-01,1.558308452367782593e-01,-7.823744416236877441e-01,7.095982432365417480e-01,-4.253233373165130615e-01,-2.341097593307495117e-01,7.592019438743591309e-01,-2.589907050132751465e-01,-4.213460087776184082e-01,-6.459173560142517090e-01,-7.244583964347839355e-01,4.000248908996582031e-01,6.133888363838195801e-01,4.594993293285369873e-01,-4.810281097888946533e-02,-3.650445342063903809e-01
3.126502037048339844e-02,7.268122583627700806e-02,-5.457154512405395508e-01,5.496169924736022949e-01,2.748820781707763672e-01,-3.491507843136787415e-02,-4.355209693312644958e-02,9.767198562622070312e-02,5.201835185289382935e-02,1.622420400381088257e-01,-1.515369676053524017e-02,-2.460777610540390015e-01,2.685339450836181641e-01,3.494368195533752441e-01,5.013619661331176758e-01,4.374303817749023438e-01,1.109396759420633316e-02,3.164978027343750000e-01,-3.247791230678558350e-01,-2.728094458580017090e-01,-3.002850413322448730e-01,5.978139638900756836e-01,3.178423047065734863e-01,-8.494538068771362305e-02,7.841319590806961060e-02,5.523140430450439453e-01,-4.997522234916687012e-01,-7.322904467582702637e-02,3.941988646984100342e-01,2.719271741807460785e-02,1.043169200420379639e-01,-6.136487722396850586e-01,4.740062654018402100e-01,2.712240815162658691e-01,-6.877056322991847992e-03,-5.438286066055297852e-01,1.045894846320152283e-01,2.353935837745666504e-01,-2.160050719976425171e-01,-4.346266090869903564e-01,5.063182115554809570e-01,4.638925194740295410e-02,4.670794010162353516e-01,7.022521644830703735e-02,-7.457513362169265747e-02,-2.804740071296691895e-01,-5.250593423843383789e-01,-2.237591743469238281e-01,-4.537963867187500000e-02,1.025197505950927734e-01,-1.026922911405563354e-01,-2.299754694104194641e-02,1.775553375482559204e-01,-7.699278742074966431e-02,6.085097789764404297e-02,-5.258678197860717773e-01,1.595549434423446655e-01,4.724642261862754822e-02,-1.813657879829406738e-01,-3.603551089763641357e-01,-4.219460859894752502e-02,1.097486764192581177e-01,2.740100957453250885e-02,2.561503946781158447e-01,7.167820632457733154e-02,-1.245402544736862183e-01,1.673167049884796143e-01,5.095314979553222656e-01,-4.859134256839752197e-01,5.084406211972236633e-02,-3.794739246368408203e-01,1.960796564817428589e-01,-1.659051030874252319e-01,5.500133037567138672e-01,-1.221800670027732849e-01,-5.125387907028198242e-01,-9.003480896353721619e-03,6.050410270690917969e-01,-2.629492580890655518e-01,-5.208984017372131348e-01,6.733813881874084473e-01,7.682855706661939621e-03,-3.562026917934417725e-01,1.523253973573446274e-02,-4.206795394420623779e-01,-4.326918721199035645e-01,9.903754293918609619e-02,2.368056587874889374e-02,2.777820825576782227e-01,1.653359830379486084e-01,-9.589462727308273315e-02,-2.179811000823974609e-01,-5.590537190437316895e-01,2.067074030637741089e-01,-5.332314968109130859e-01,8.598913438618183136e-03,3.742834031581878662e-01,-7.063351804390549660e-04,-2.903740108013153076e-01,2.144677788019180298e-01,-1.433489173650741577e-01,1.254264861345291138e-01,-6.166627407073974609e-01,-1.478461325168609619e-01,6.220713257789611816e-01,2.219887524843215942e-01,-5.633069872856140137e-01,-5.365737676620483398e-01,-9.773543477058410645e-02,-5.528315156698226929e-02,5.678149461746215820e-01,-3.572901487350463867e-01,-5.387731194496154785e-01,-6.116076558828353882e-02,5.461072325706481934e-01,-4.623576998710632324e-01,1.616758704185485840e-01,1.401018053293228149e-01,-5.651310086250305176e-01,2.257670760154724121e-01,2.678399384021759033e-01,4.797924160957336426e-01,5.205353498458862305e-01,-2.987524569034576416e-01,-4.327971041202545166e-01,-3.043948411941528320e-01,2.535013481974601746e-02,2.502538859844207764e-01
2.428642809391021729e-01,7.362546026706695557e-02,-4.920188486576080322e-01,2.748820781707763672e-01,4.053409695625305176e-01,-1.968532353639602661e-01,3.661821782588958740e-02,2.723208069801330566e-01,9.039045870304107666e-02,1.520713865756988525e-01,1.351032778620719910e-02,-2.072995752096176147e-01,4.062407016754150391e-01,2.566752433776855469e-01,5.324993133544921875e-01,4.705043137073516846e-01,1.850295229814946651e-03,2.188457697629928589e-01,-1.759026497602462769e-01,-2.602281272411346436e-01,-1.112984418869018555e-01,4.610433280467987061e-01,2.325054556131362915e-01,2.065986394882202148e-02,4.772422462701797485e-02,5.238842964172363281e-01,-4.855865836143493652e-01,-3.207717239856719971e-01,4.338546097278594971e-01,-1.582570374011993408e-01,3.864699229598045349e-02,-4.460731446743011475e-01,3.258424401283264160e-01,2.483993768692016602e-01,-2.775705792009830475e-02,-4.975710809230804443e-01,5.344475060701370239e-02,2.335163354873657227e-01,-4.539662301540374756e-01,-3.571512103080749512e-01,4.675158858299255371e-01,5.347267910838127136e-02,4.026591777801513672e-01,6.851679086685180664e-02,1.194392703473567963e-02,-3.940648734569549561e-01,-5.565406084060668945e-01,-1.642145216464996338e-01,-8.349777199327945709e-03,1.090919747948646545e-01,-1.536919921636581421e-01,-5.080086737871170044e-02,1.424688100814819336e-01,4.225880652666091919e-02,-1.315641254186630249e-01,-5.382016897201538086e-01,1.198817789554595947e-01,4.964019730687141418e-02,-2.618184387683868408e-01,-2.589510977268218994e-01,6.916013360023498535e-02,2.585722133517265320e-02,1.937067322432994843e-02,2.130510658025741577e-01,2.205329947173595428e-02,-1.013842150568962097e-01,1.402570456266403198e-01,5.209749341011047363e-01,-4.328048229217529297e-01,1.716974973678588867e-01,-3.989738821983337402e-01,-2.277794480323791504e-02,-4.885053262114524841e-02,4.871648550033569336e-01,-1.447438895702362061e-01,-4.801486432552337646e-01,-1.679239049553871155e-02,5.608337521553039551e-01,-1.009756475687026978e-01,-4.300482869148254395e-01,4.585997164249420166e-01,6.167539395391941071e-03,-4.545920491218566895e-01,1.086350344121456146e-02,-4.128326177597045898e-01,-4.984265267848968506e-01,3.253175914287567139e-01,2.421073243021965027e-02,2.890640497207641602e-01,1.462159454822540283e-01,-1.711385548114776611e-01,-6.895728409290313721e-02,-2.931917905807495117e-01,4.854650702327489853e-03,-4.003942310810089111e-01,-4.770540446043014526e-02,4.534687399864196777e-01,-6.739898235537111759e-04,-3.556389808654785156e-01,2.740054130554199219e-01,-1.518186628818511963e-01,2.981696128845214844e-01,-4.684691727161407471e-01,-1.423128545284271240e-01,5.086972713470458984e-01,1.048343554139137268e-01,-2.667044699192047119e-01,-4.234819412231445312e-01,-2.848124206066131592e-01,-3.634269908070564270e-02,2.578259110450744629e-01,-1.091860532760620117e-01,-3.855792284011840820e-01,-2.443320900201797485e-01,5.880134105682373047e-01,-5.053600072860717773e-01,3.535906374454498291e-01,9.396775811910629272e-02,-5.632292628288269043e-01,1.332848370075225830e-01,2.529657483100891113e-01,4.103269875049591064e-01,4.966905415058135986e-01,-2.437846809625625610e-01,-3.094907999038696289e-01,-2.516969740390777588e-01,8.829466998577117920e-03,2.190779745578765869e-01
-1.513923853635787964e-01,-3.177592530846595764e-02,1.746990829706192017e-01,-3.491507843136787415e-02,-1.968532353639602661e-01,2.751909792423248291e-01,-3.946571797132492065e-02,-6.896793097257614136e-02,-1.539783775806427002e-01,-9.336851537227630615e-02,1.578825339674949646e-02,8.430714905261993408e-02,-2.459640502929687500e-01,-4.350229725241661072e-02,-2.367582023143768311e-01,-2.262246608734130859e-01,-6.310184486210346222e-03,-8.949919790029525757e-02,6.695987284183502197e-02,8.796388655900955200e-02,1.332291960716247559e-01,-1.604304611682891846e-01,-3.010871261358261108e-02,2.450636820867657661e-03,-2.682351134717464447e-02,-3.076787292957305908e-01,2.087632417678833008e-01,1.845767199993133545e-01,-1.280692070722579956e-01,4.879889264702796936e-02,5.256560817360877991e-02,2.205438762903213501e-01,-1.833104342222213745e-01,-3.672007471323013306e-02,6.065476220101118088e-03,2.166168093681335449e-01,-1.469190604984760284e-02,-1.204216331243515015e-01,2.466700375080108643e-01,8.006486296653747559e-02,-2.862086296081542969e-01,-3.279410302639007568e-02,-9.442157298326492310e-02,-2.266766689717769623e-02,8.420529961585998535e-02,2.059160619974136353e-01,2.569403946399688721e-01,5.176215246319770813e-02,-6.139139086008071899e-02,-7.300099730491638184e-02,1.644863784313201904e-01,-9.029178321361541748e-02,-7.964853197336196899e-02,-8.711812645196914673e-02,5.571522563695907593e-02,2.127145975828170776e-01,-2.957605570554733276e-02,-2.016654796898365021e-02,1.705351620912551880e-01,1.000648438930511475e-01,-1.473721675574779510e-02,-3.655538707971572876e-02,-7.509438320994377136e-03,-2.005753964185714722e-01,-1.694097742438316345e-02,6.250884383916854858e-02,-3.845638409256935120e-02,-2.183640450239181519e-01,2.039947807788848877e-01,-7.236369699239730835e-02,1.834176331758499146e-01,-1.037462130188941956e-01,3.018226474523544312e-02,-2.338494062423706055e-01,1.162657141685485840e-01,2.024678289890289307e-01,1.150778587907552719e-02,-2.484559714794158936e-01,4.379593580961227417e-02,2.002923488616943359e-01,-1.826774328947067261e-01,-2.270624274387955666e-03,1.787701845169067383e-01,-8.789686486124992371e-03,2.158108353614807129e-01,2.592714130878448486e-01,-1.575633734464645386e-01,-1.033432874828577042e-02,-2.232898026704788208e-01,-7.066653668880462646e-02,8.977554738521575928e-02,1.641364023089408875e-02,1.065656095743179321e-01,3.436415269970893860e-02,2.035174816846847534e-01,-1.524696941487491131e-03,-1.444786041975021362e-01,3.244880936108529568e-04,1.377221345901489258e-01,-2.130048573017120361e-01,3.827299550175666809e-02,-2.392608821392059326e-01,2.170990258455276489e-01,7.058316469192504883e-02,-2.624350190162658691e-01,6.977685540914535522e-02,1.107394546270370483e-01,1.649640202522277832e-01,2.364534586668014526e-01,2.119065448641777039e-02,-7.935871183872222900e-02,-2.327155508100986481e-02,1.305383294820785522e-01,1.490505337715148926e-01,-2.237955778837203979e-01,2.845902442932128906e-01,-1.599676162004470825e-01,-1.604593172669410706e-02,2.494221031665802002e-01,-5.866312235593795776e-02,-1.022164523601531982e-01,-1.972287297248840332e-01,-2.396768331527709961e-01,1.326879560947418213e-01,6.651419401168823242e-02,1.490363776683807373e-01,-1.291628926992416382e-02,-7.147810608148574829e-02
1.104111596941947937e-01,-6.299137137830257416e-03,-3.052305057644844055e-02,-4.355209693312644958e-02,3.661821782588958740e-02,-3.946571797132492065e-02,1.103328615427017212e-01,7.691986858844757080e-02,1.087146624922752380e-02,2.113278955221176147e-02,-3.010120801627635956e-02,-1.281441887840628624e-03,1.662993617355823517e-02,-1.298628095537424088e-02,2.780392579734325409e-02,6.012608064338564873e-04,4.305897280573844910e-03,-7.732291519641876221e-02,1.450490299612283707e-02,-2.607414498925209045e-02,2.155019715428352356e-02,-2.745567634701728821e-02,-4.252541344612836838e-03,-1.430836971849203110e-02,-5.431148223578929901e-03,-1.227480452507734299e-02,1.925214938819408417e-02,-6.171889975666999817e-02,4.033480212092399597e-02,-1.242559179663658142e-01,-6.243548169732093811e-02,1.812502369284629822e-02,9.213038720190525055e-03,-1.240924000740051270e-02,-9.864850901067256927e-03,2.337077073752880096e-02,-1.717196404933929443e-02,1.567925140261650085e-02,-1.267403811216354370e-01,-3.476251289248466492e-02,4.631869122385978699e-02,2.258600667119026184e-02,-7.117347419261932373e-02,2.827082760632038116e-03,-9.419174864888191223e-03,-5.893168970942497253e-02,-5.135700106620788574e-02,-4.764243494719266891e-03,5.478658154606819153e-02,-7.656468544155359268e-03,-2.731984853744506836e-02,3.300705924630165100e-02,9.984517470002174377e-03,7.897710427641868591e-03,-4.416785389184951782e-02,-1.313407067209482193e-02,-3.406793344765901566e-03,2.573541365563869476e-03,-3.273622691631317139e-02,2.178515493869781494e-02,-7.804516237229108810e-03,2.387199923396110535e-02,1.515238778665661812e-03,7.573015987873077393e-02,7.031520362943410873e-03,2.235981402918696404e-03,-4.128124564886093140e-02,8.242358453571796417e-03,2.072850614786148071e-02,4.385453090071678162e-02,-6.454492360353469849e-02,-4.910947009921073914e-02,5.666909366846084595e-02,1.523832604289054871e-02,-3.614453226327896118e-02,-4.950298368930816650e-02,-2.435560571029782295e-03,3.218108415603637695e-02,-3.352641314268112183e-02,-9.807723574340343475e-03,1.286368118599057198e-03,-3.313997149234637618e-05,-3.781602531671524048e-02,-2.468232298269867897e-03,-8.016493171453475952e-02,2.982876636087894440e-02,1.300583630800247192e-01,-1.917621237225830555e-03,3.012625034898519516e-03,1.969996467232704163e-02,-4.623966664075851440e-02,3.189178928732872009e-02,6.141006574034690857e-02,-7.118966430425643921e-02,-1.649939920753240585e-03,-6.733065843582153320e-02,3.908340260386466980e-02,-9.277025674236938357e-05,-2.089113555848598480e-02,1.222976669669151306e-01,-3.576144576072692871e-02,1.350559443235397339e-01,2.062621526420116425e-02,-9.961550123989582062e-03,2.394801937043666840e-02,6.324224174022674561e-02,2.229948155581951141e-02,4.367613419890403748e-02,-1.200188696384429932e-01,3.894556313753128052e-03,-1.052755638957023621e-01,-3.096575150266289711e-03,6.464336812496185303e-02,1.870135776698589325e-02,1.209078077226877213e-02,-4.615401849150657654e-02,8.662209659814834595e-02,1.432977616786956787e-03,-6.931348145008087158e-02,-1.761420629918575287e-02,2.042295411229133606e-02,3.986809775233268738e-02,1.877684146165847778e-02,1.853826455771923065e-02,4.234024882316589355e-02,-5.579644814133644104e-02,1.482968777418136597e-02,5.177393928170204163e-02
3.805174529552459717e-01,3.075539879500865936e-02,-2.538930177688598633e-01,9.767198562622070312e-02,2.723208069801330566e-01,-6.896793097257614136e-02,7.691986858844757080e-02,4.301264882087707520e-01,3.269576933234930038e-03,5.775270238518714905e-02,1.534853945486247540e-04,-1.094127669930458069e-01,1.893563270568847656e-01,2.653973698616027832e-01,3.276614546775817871e-01,2.441594898700714111e-01,-1.870534848421812057e-03,2.897113747894763947e-02,1.703082025051116943e-02,-1.247599497437477112e-01,6.040114536881446838e-02,2.004448771476745605e-01,1.247534453868865967e-01,1.890927925705909729e-02,3.621429903432726860e-03,1.489711552858352661e-01,-1.755885034799575806e-01,-2.750075161457061768e-01,2.765351235866546631e-01,-2.198007851839065552e-01,-3.731402382254600525e-02,-1.226468309760093689e-01,5.667610093951225281e-02,1.767530888319015503e-01,-4.246595501899719238e-02,-2.350341379642486572e-01,-9.313803166151046753e-04,1.096337586641311646e-01,-4.021225869655609131e-01,-3.502166271209716797e-01,2.020912617444992065e-01,5.315204337239265442e-02,1.530154049396514893e-01,4.177110642194747925e-02,1.558856666088104248e-01,-2.370724380016326904e-01,-3.283129632472991943e-01,-1.125953048467636108e-01,-7.976356893777847290e-03,1.577564142644405365e-02,-5.629504099488258362e-02,-1.135343611240386963e-01,8.573660254478454590e-02,-4.851163923740386963e-02,-1.672980338335037231e-01,-3.092482984066009521e-01,9.828884154558181763e-02,3.189710155129432678e-02,-6.621667742729187012e-02,-1.057695001363754272e-01,8.447132259607315063e-02,-2.935121208429336548e-02,1.093508955091238022e-02,1.777265593409538269e-02,-6.517492700368165970e-03,-1.779809780418872833e-02,6.167816463857889175e-03,2.791174054145812988e-01,-2.024035751819610596e-01,1.374262571334838867e-01,-2.683678269386291504e-01,-2.047192901372909546e-01,4.719675332307815552e-02,2.479003369808197021e-01,-6.467694789171218872e-02,-2.450772672891616821e-01,-8.512902073562145233e-03,2.703837454319000244e-01,-8.764725923538208008e-02,-1.833343356847763062e-01,1.660240590572357178e-01,3.294182009994983673e-03,-3.267203569412231445e-01,-2.384281688136979938e-04,-2.702951133251190186e-01,-2.127976566553115845e-01,2.942652106285095215e-01,1.089816819876432419e-02,3.490498661994934082e-02,8.162710815668106079e-02,-1.290398687124252319e-01,2.793422341346740723e-02,5.155755206942558289e-03,-1.305654793977737427e-01,-1.300940662622451782e-01,-1.523334980010986328e-01,3.506841659545898438e-01,-3.859093121718615294e-04,-2.499785423278808594e-01,2.099943310022354126e-01,-1.364286392927169800e-01,2.244562804698944092e-01,-1.658487468957901001e-01,-7.027082890272140503e-02,1.421425342559814453e-01,1.962729394435882568e-01,3.836813941597938538e-02,-1.546300649642944336e-01,-2.234182357788085938e-01,4.665139131247997284e-03,3.671233728528022766e-02,2.728650718927383423e-02,-1.483838260173797607e-01,-2.109833359718322754e-01,3.442620933055877686e-01,-2.337000668048858643e-01,3.567106723785400391e-01,1.763181202113628387e-02,-3.892218768596649170e-01,1.815754920244216919e-02,7.963939756155014038e-02,2.162393033504486084e-01,2.282404154539108276e-01,-2.345757326111197472e-03,-1.136694923043251038e-01,-1.287708282470703125e-01,-1.095129828900098801e-02,1.323199123144149780e-01
9.755448997020721436e-02,1.684451475739479065e-02,-1.052184477448463440e-01,5.201835185289382935e-02,9.039045870304107666e-02,-1.539783775806427002e-01,1.087146624922752380e-02,3.269576933234930038e-03,1.201210767030715942e-01,6.131761521100997925e-02,-2.958752401173114777e-02,-5.443130061030387878e-02,1.138902604579925537e-01,8.174842596054077148e-02,1.392067819833755493e-01,1.203788146376609802e-01,7.543410174548625946e-03,5.835203453898429871e-02,-4.771714657545089722e-02,-4.432725533843040466e-02,-1.779542565345764160e-01,1.083568707108497620e-01,2.497716993093490601e-02,-2.066195942461490631e-02,2.193208597600460052e-02,1.813078671693801880e-01,-1.035794466733932495e-01,-6.866874545812606812e-02,3.173132613301277161e-02,1.079497579485177994e-02,-4.904478415846824646e-02,-1.762254983186721802e-01,1.489892601966857910e-01,1.279697101563215256e-02,1.374845742247998714e-03,-1.275129467248916626e-01,1.529035065323114395e-02,6.482422351837158203e-02,-9.265293180942535400e-02,-9.075804054737091064e-02,1.887255162000656128e-01,2.811847627162933350e-02,3.698750585317611694e-02,1.134238205850124359e-02,-9.881743043661117554e-02,-9.138095378875732422e-02,-1.379198282957077026e-01,-4.972410574555397034e-02,4.000594839453697205e-02,4.824096336960792542e-02,-1.120790094137191772e-01,7.533162832260131836e-02,7.080376893281936646e-02,2.219713293015956879e-02,1.835503801703453064e-02,-1.094252094626426697e-01,2.203772775828838348e-02,9.692793712019920349e-03,-7.385957241058349609e-02,-7.577814161777496338e-02,-2.357251569628715515e-02,5.035697296261787415e-02,7.299991790205240250e-03,1.558917015790939331e-01,1.421349588781595230e-02,-3.836828470230102539e-02,1.134592946618795395e-02,1.274928301572799683e-01,-1.269743144512176514e-01,2.030670456588268280e-02,-9.975499659776687622e-02,1.323271840810775757e-01,-4.453716799616813660e-02,1.512586921453475952e-01,-7.892132550477981567e-02,-1.257197558879852295e-01,-4.994799382984638214e-03,1.486541181802749634e-01,-7.947194576263427734e-02,-1.321575790643692017e-01,1.527321636676788330e-01,1.623856369405984879e-03,-7.900474220514297485e-02,5.471635609865188599e-03,-1.456529498100280762e-01,-1.224904134869575500e-01,5.304431915283203125e-02,4.446710925549268723e-03,1.307507008314132690e-01,4.376699402928352356e-02,-3.648873418569564819e-02,-4.767864942550659180e-02,-1.005755439400672913e-01,1.878593116998672485e-02,-1.410664021968841553e-01,-8.406267501413822174e-03,6.600204110145568848e-02,-2.028337621595710516e-04,-7.111503928899765015e-02,1.388038396835327148e-01,-1.677130162715911865e-02,1.238287985324859619e-01,-1.552131175994873047e-01,-4.010183736681938171e-02,1.549859493970870972e-01,-5.808155052363872528e-03,-1.241207122802734375e-01,-9.426035732030868530e-02,-1.278994381427764893e-01,-1.549990754574537277e-02,1.342210173606872559e-01,-2.981681376695632935e-02,-9.541238099336624146e-02,-7.077812403440475464e-02,9.572767466306686401e-02,-1.589077264070510864e-01,7.466169446706771851e-02,-3.720005042850971222e-03,-1.617957353591918945e-01,5.494407936930656433e-02,3.222247213125228882e-02,1.375141441822052002e-01,1.502032279968261719e-01,-8.559808880090713501e-02,-4.648280516266822815e-02,-1.305669099092483521e-01,1.219232659786939621e-02,3.874219208955764771e-02
6.135407835245132446e-02,3.222600370645523071e-02,-2.476272284984588623e-01,1.622420400381088257e-01,1.520713865756988525e-01,-9.336851537227630615e-02,2.113278955221176147e-02,5.775270238518714905e-02,6.131761521100997925e-02,8.606134355068206787e-02,9.508548537269234657e-04,-1.065023839473724365e-01,1.853520870208740234e-01,1.168612018227577209e-01,2.430059164762496948e-01,2.172366827726364136e-01,5.877682007849216461e-03,1.028287038207054138e-01,-1.231916546821594238e-01,-1.319962143898010254e-01,-1.050604134798049927e-01,2.426685541868209839e-01,1.302482485771179199e-01,-3.168597817420959473e-02,3.149092197418212891e-02,2.823615968227386475e-01,-2.385146766901016235e-01,-9.602975845336914062e-02,2.018767446279525757e-01,-4.018485546112060547e-02,1.286243461072444916e-02,-2.664038240909576416e-01,1.990121006965637207e-01,1.176561042666435242e-01,-8.208055980503559113e-03,-2.494421303272247314e-01,3.421134129166603088e-02,1.190187111496925354e-01,-1.776438206434249878e-01,-1.509186476469039917e-01,2.464093267917633057e-01,2.274669520556926727e-02,1.822120845317840576e-01,3.175298124551773071e-02,-4.334186762571334839e-02,-1.927953809499740601e-01,-2.657567262649536133e-01,-7.642220705747604370e-02,1.077851373702287674e-02,2.705409191548824310e-02,-8.246036618947982788e-02,1.558273471891880035e-02,7.206939905881881714e-02,9.040133096277713776e-03,-2.483705617487430573e-02,-2.495804429054260254e-01,6.013552099466323853e-02,2.348525822162628174e-02,-1.144125312566757202e-01,-1.378831714391708374e-01,-2.553457627072930336e-03,4.919577017426490784e-02,1.059562619775533676e-02,1.444584876298904419e-01,2.004820667207241058e-02,-5.947461724281311035e-02,6.001312285661697388e-02,2.324476987123489380e-01,-2.228576689958572388e-01,4.566851630806922913e-02,-1.899950951337814331e-01,4.473961517214775085e-02,-4.897258058190345764e-02,2.565629482269287109e-01,-7.466418296098709106e-02,-2.260490059852600098e-01,-7.442505564540624619e-03,2.955885231494903564e-01,-7.069299370050430298e-02,-2.390748113393783569e-01,2.748225033283233643e-01,3.303008619695901871e-03,-1.815065890550613403e-01,6.435690913349390030e-03,-1.986403167247772217e-01,-2.215550839900970459e-01,1.172972396016120911e-01,1.125331595540046692e-02,1.649489402770996094e-01,8.085660636425018311e-02,-6.481277197599411011e-02,-5.780348181724548340e-02,-1.925878524780273438e-01,3.776641190052032471e-02,-2.302671223878860474e-01,-8.609749376773834229e-03,1.657055467367172241e-01,-3.467069473117589951e-04,-1.536659598350524902e-01,1.468776762485504150e-01,-7.542999833822250366e-02,1.443095356225967407e-01,-2.637097537517547607e-01,-7.281544059514999390e-02,2.952737212181091309e-01,4.437782987952232361e-02,-2.012790888547897339e-01,-2.204231023788452148e-01,-1.127972602844238281e-01,-2.442472614347934723e-02,1.790893226861953735e-01,-1.118342652916908264e-01,-2.015063464641571045e-01,-4.599945247173309326e-02,2.563447058200836182e-01,-2.514038980007171631e-01,1.234760731458663940e-01,6.502433866262435913e-02,-2.677498161792755127e-01,8.513230830430984497e-02,1.274636983871459961e-01,2.148952037096023560e-01,2.474110275506973267e-01,-1.336870193481445312e-01,-1.750627905130386353e-01,-1.604954153299331665e-01,1.895862445235252380e-02,1.123090982437133789e-01
-7.784618437290191650e-02,9.886889718472957611e-03,-5.139945447444915771e-02,-1.515369676053524017e-02,1.351032778620719910e-02,1.578825339674949646e-02,-3.010120801627635956e-02,1.534853945486247540e-04,-2.958752401173114777e-02,9.508548537269234657e-04,7.791063934564590454e-02,-1.888795383274555206e-02,9.613508731126785278e-02,-2.721978910267353058e-02,3.304118663072586060e-02,6.456930190324783325e-02,-4.561775829643011093e-03,1.635337993502616882e-02,-2.079818956553936005e-02,-4.362752288579940796e-02,1.370194107294082642e-01,5.489806830883026123e-02,6.834392994642257690e-02,3.132143989205360413e-03,5.308839026838541031e-04,7.582218199968338013e-02,-9.752307832241058350e-02,-2.865062281489372253e-02,1.221373677253723145e-01,-1.561822835355997086e-03,5.984930694103240967e-02,-1.942259632050991058e-02,-4.014515504240989685e-02,9.124129265546798706e-02,-8.452812209725379944e-03,-8.289199322462081909e-02,5.838808603584766388e-03,2.852203696966171265e-02,-4.389915615320205688e-02,7.296749949455261230e-02,-3.334432840347290039e-02,-3.179665654897689819e-02,1.135846599936485291e-01,9.614161215722560883e-03,7.105824351310729980e-02,-1.042168885469436646e-01,-4.989164322614669800e-02,3.719722852110862732e-02,-3.475438058376312256e-02,-7.796850055456161499e-02,3.059259802103042603e-02,-5.764277651906013489e-02,-4.199992865324020386e-02,3.007307089865207672e-02,-7.590022683143615723e-02,-7.557709515094757080e-02,1.591280661523342133e-02,9.455347433686256409e-03,-1.142131537199020386e-02,-1.054033637046813965e-02,5.079722404479980469e-02,-2.944984287023544312e-02,-3.410197328776121140e-03,-9.041132777929306030e-02,-2.394635230302810669e-02,-1.154498476535081863e-02,3.553530573844909668e-02,2.506709657609462738e-02,-6.954794377088546753e-02,-9.522881358861923218e-03,-1.062097400426864624e-02,-1.353608965873718262e-01,-8.840717375278472900e-03,4.180307313799858093e-02,3.337433189153671265e-02,3.016436286270618439e-02,-3.025053534656763077e-03,7.095332443714141846e-02,1.278831660747528076e-01,-4.504027217626571655e-02,6.023516179993748665e-04,7.653665961697697639e-04,-4.905802384018898010e-02,4.726120678242295980e-04,6.417357921600341797e-02,-9.519553184509277344e-02,2.007655240595340729e-02,6.190745159983634949e-03,4.192504286766052246e-02,1.228266861289739609e-02,6.708195898681879044e-03,4.017312824726104736e-02,-6.088978610932826996e-03,-1.218209601938724518e-02,-1.188445836305618286e-02,3.232337534427642822e-02,8.896548533812165260e-04,-1.442908524040831253e-05,-6.090803444385528564e-02,-6.312523037195205688e-02,-3.250009566545486450e-02,-7.837955839931964874e-03,-3.399913758039474487e-02,-1.468579377979040146e-02,5.431331694126129150e-02,-9.688279777765274048e-02,4.348671808838844299e-02,-7.563696056604385376e-02,6.278132647275924683e-02,-4.410146735608577728e-03,-1.422648131847381592e-02,1.470864843577146530e-02,-5.045926943421363831e-02,1.409338787198066711e-02,8.176238089799880981e-02,-3.792475536465644836e-02,1.614994369447231293e-02,5.997697636485099792e-02,1.071538589894771576e-02,-1.498392899520695210e-03,4.751870781183242798e-02,-1.342167798429727554e-02,2.410661987960338593e-02,-1.003515720367431641e-02,-9.990817308425903320e-02,1.796406321227550507e-02,3.577563446015119553e-03,-1.602910808287560940e-03
-7.515535503625869751e-02,-4.613380879163742065e-02,3.466620743274688721e-01,-2.460777610540390015e-01,-2.072995752096176147e-01,8.430714905261993408e-02,-1.281441887840628624e-03,-1.094127669930458069e-01,-5.443130061030387878e-02,-1.065023839473724365e-01,-1.888795383274555206e-02,1.521600931882858276e-01,-2.464965134859085083e-01,-1.904242336750030518e-01,-3.399182856082916260e-01,-3.047676980495452881e-01,-5.819514393806457520e-03,-1.537588983774185181e-01,1.654081046581268311e-01,1.814944595098495483e-01,1.054234951734542847e-01,-3.522162735462188721e-01,-2.002603411674499512e-01,4.204034060239791870e-02,-4.171118140220642090e-02,-3.730939924716949463e-01,3.340472280979156494e-01,1.247355937957763672e-01,-2.996918857097625732e-01,4.241810739040374756e-02,-4.117074981331825256e-02,3.574444353580474854e-01,-2.478462904691696167e-01,-1.926222592592239380e-01,1.477542612701654434e-02,3.586787283420562744e-01,-4.978268221020698547e-02,-1.608253568410873413e-01,2.345629483461380005e-01,2.266734689474105835e-01,-3.091513514518737793e-01,-2.424148283898830414e-02,-2.857222855091094971e-01,-4.621272534132003784e-02,1.306819077581167221e-02,2.614032626152038574e-01,3.656201362609863281e-01,1.078811734914779663e-01,1.295995339751243591e-02,-1.881255768239498138e-02,8.684572577476501465e-02,2.023220993578433990e-02,-9.141635894775390625e-02,9.300651960074901581e-03,4.313625022768974304e-02,3.575871288776397705e-01,-9.663069993257522583e-02,-3.438255935907363892e-02,1.300527751445770264e-01,1.972480565309524536e-01,-1.150552835315465927e-02,-5.057047307491302490e-02,-1.423017587512731552e-02,-1.396352052688598633e-01,-2.226302027702331543e-02,7.732129096984863281e-02,-8.978190273046493530e-02,-3.226953744888305664e-01,3.164368867874145508e-01,-5.404650792479515076e-02,2.562229037284851074e-01,-1.961647719144821167e-02,7.384569197893142700e-02,-3.548167347908020020e-01,8.027197420597076416e-02,2.954562604427337646e-01,9.276161901652812958e-03,-4.062728881835937500e-01,8.423806726932525635e-02,3.299474418163299561e-01,-3.758502602577209473e-01,-4.779463168233633041e-03,2.599877715110778809e-01,-8.438755758106708527e-03,2.514623701572418213e-01,3.130169212818145752e-01,-1.394426524639129639e-01,-1.657904870808124542e-02,-2.013300955295562744e-01,-1.091004610061645508e-01,7.936765253543853760e-02,7.815606892108917236e-02,2.664493918418884277e-01,-5.544619262218475342e-02,3.071832060813903809e-01,1.121214125305414200e-02,-2.404363155364990234e-01,4.597807128448039293e-04,2.249688059091567993e-01,-1.632222384214401245e-01,1.107039600610733032e-01,-1.576690226793289185e-01,3.645662665367126465e-01,9.858036786317825317e-02,-3.885829448699951172e-01,-7.373696565628051758e-02,2.585766911506652832e-01,3.215745389461517334e-01,1.105069294571876526e-01,3.118620067834854126e-02,-2.675628960132598877e-01,1.515555381774902344e-01,3.024300634860992432e-01,6.928355991840362549e-02,-3.710878491401672363e-01,3.269549608230590820e-01,-1.710337102413177490e-01,-9.767618030309677124e-02,3.654063045978546143e-01,-1.160396859049797058e-01,-1.714523285627365112e-01,-2.854967713356018066e-01,-3.309489488601684570e-01,1.673349440097808838e-01,2.684879601001739502e-01,2.000153809785842896e-01,-1.958227902650833130e-02,-1.481149792671203613e-01
