9.999982118606567383e-01,-9.999985098838806152e-01,-9.999942779541015625e-01,9.999970793724060059e-01,9.999988079071044922e-01,-9.999988079071044922e-01,9.999945163726806641e-01,9.999990463256835938e-01,-9.999926090240478516e-01,9.999983906745910645e-01,-9.999988079071044922e-01,-9.999989271163940430e-01,9.999978542327880859e-01,9.999983310699462891e-01,9.999952912330627441e-01,9.999933242797851562e-01,9.999973773956298828e-01,-9.999976754188537598e-01,9.999917745590209961e-01,-9.999991059303283691e-01,-9.999988079071044922e-01,9.999944567680358887e-01,9.999985694885253906e-01,9.999971389770507812e-01,9.999887943267822266e-01,9.999988079071044922e-01,-9.999979734420776367e-01,-9.999987483024597168e-01,9.999914169311523438e-01,-9.999966621398925781e-01,-9.999902248382568359e-01,-9.999979734420776367e-01,9.999825358390808105e-01,9.999945163726806641e-01,-9.999979138374328613e-01,9.999610781669616699e-01,9.999989867210388184e-01,9.999984502792358398e-01,9.999831914901733398e-01,-9.999988675117492676e-01,9.999985694885253906e-01,9.999897480010986328e-01,9.999826550483703613e-01,9.999989271163940430e-01,9.999981522560119629e-01,9.999978542327880859e-01,-9.999931454658508301e-01,9.999986290931701660e-01,9.999986290931701660e-01,-9.999984502792358398e-01,-9.999986886978149414e-01,-9.999985098838806152e-01,-9.999986290931701660e-01,-9.999930262565612793e-01,-9.999984502792358398e-01,-9.999979734420776367e-01,-9.995537996292114258e-01,9.999933242797851562e-01,9.999938011169433594e-01,9.999981522560119629e-01,-9.999982118606567383e-01,9.999988079071044922e-01,9.999983310699462891e-01,9.999954104423522949e-01,-9.999934434890747070e-01,-9.999988079071044922e-01,-9.999990463256835938e-01,-9.999954104423522949e-01,-9.999989271163940430e-01,9.999981522560119629e-01,-9.999987483024597168e-01,9.999956488609313965e-01,-9.999927878379821777e-01,-9.999935626983642578e-01,-9.999852776527404785e-01,-9.999983906745910645e-01,9.999903440475463867e-01,9.999987483024597168e-01,-9.999935030937194824e-01,-9.999951124191284180e-01,9.999909996986389160e-01,9.999975562095642090e-01,-9.999987483024597168e-01,9.999980926513671875e-01,-9.999983310699462891e-01,-9.999835491180419922e-01,-9.997954964637756348e-01,9.999988675117492676e-01,9.999923110008239746e-01,9.999895095825195312e-01,-9.999932050704956055e-01,9.999982714653015137e-01,-9.999860525131225586e-01,-9.999971985816955566e-01,9.999973177909851074e-01,-9.999976754188537598e-01,-9.999857544898986816e-01,9.999989867210388184e-01,-9.999987483024597168e-01,9.999972581863403320e-01,-9.999966025352478027e-01,9.999988675117492676e-01,9.999458193778991699e-01,9.999560117721557617e-01,9.999986290931701660e-01,9.999955892562866211e-01,-9.999810457229614258e-01,-9.999983906745910645e-01,-9.999940395355224609e-01,9.999984502792358398e-01,-9.999985098838806152e-01,9.999974370002746582e-01,-9.999980926513671875e-01,-9.998616576194763184e-01,9.999989867210388184e-01,-9.999967217445373535e-01,9.999989271163940430e-01,-9.999977350234985352e-01,-9.999952912330627441e-01,-9.999963641166687012e-01,-9.999982118606567383e-01,9.999966621398925781e-01,9.999974370002746582e-01,-9.999967813491821289e-01,-9.999911189079284668e-01,-9.999944567680358887e-01,9.999644160270690918e-01,-9.999904036521911621e-01
-9.999985098838806152e-01,9.999986290931701660e-01,9.999951124191284180e-01,-9.999974370002746582e-01,-9.999989271163940430e-01,9.999989867210388184e-01,-9.999952912330627441e-01,-9.999991059303283691e-01,9.999936819076538086e-01,-9.999985694885253906e-01,9.999988675117492676e-01,9.999991059303283691e-01,-9.999980330467224121e-01,-9.999985694885253906e-01,-9.999959468841552734e-01,-9.999941587448120117e-01,-9.999977350234985352e-01,9.999980330467224121e-01,-9.999930262565612793e-01,9.999991059303283691e-01,9.999991059303283691e-01,-9.999952316284179688e-01,-9.999986886978149414e-01,-9.999974966049194336e-01,-9.999904632568359375e-01,-9.999989867210388184e-01,9.999983906745910645e-01,9.999989867210388184e-01,-9.999925494194030762e-01,9.999970793724060059e-01,9.999916553497314453e-01,9.999982714653015137e-01,-9.999850988388061523e-01,-9.999953508377075195e-01,9.999981522560119629e-01,-9.999669194221496582e-01,-9.999991059303283691e-01,-9.999986290931701660e-01,-9.999856948852539062e-01,9.999990463256835938e-01,-9.999988079071044922e-01,-9.999912381172180176e-01,-9.999850988388061523e-01,-9.999991059303283691e-01,-9.999983906745910645e-01,-9.999980330467224121e-01,9.999942183494567871e-01,-9.999986886978149414e-01,-9.999987483024597168e-01,9.999986886978149414e-01,9.999988079071044922e-01,9.999986886978149414e-01,9.999987483024597168e-01,9.999939799308776855e-01,9.999987483024597168e-01,9.999982118606567383e-01,9.996215105056762695e-01,-9.999943375587463379e-01,-9.999946355819702148e-01,-9.999983310699462891e-01,9.999985098838806152e-01,-9.999989867210388184e-01,-9.999984502792358398e-01,-9.999959468841552734e-01,9.999944567680358887e-01,9.999989271163940430e-01,9.999991059303283691e-01,9.999959468841552734e-01,9.999991655349731445e-01,-9.999984502792358398e-01,9.999988079071044922e-01,-9.999961853027343750e-01,9.999938607215881348e-01,9.999944567680358887e-01,9.999875426292419434e-01,9.999985694885253906e-01,-9.999917745590209961e-01,-9.999988675117492676e-01,9.999943971633911133e-01,9.999957680702209473e-01,-9.999923110008239746e-01,-9.999978542327880859e-01,9.999988079071044922e-01,-9.999983906745910645e-01,9.999985098838806152e-01,9.999859929084777832e-01,9.998264908790588379e-01,-9.999989867210388184e-01,-9.999933838844299316e-01,-9.999909996986389160e-01,9.999942779541015625e-01,-9.999985694885253906e-01,9.999881982803344727e-01,9.999975562095642090e-01,-9.999976754188537598e-01,9.999979734420776367e-01,9.999879002571105957e-01,-9.999990463256835938e-01,9.999988675117492676e-01,-9.999976158142089844e-01,9.999970793724060059e-01,-9.999989867210388184e-01,-9.999540448188781738e-01,-9.999626278877258301e-01,-9.999988675117492676e-01,-9.999961853027343750e-01,9.999838471412658691e-01,9.999985694885253906e-01,9.999948740005493164e-01,-9.999986886978149414e-01,9.999986886978149414e-01,-9.999977946281433105e-01,9.999983310699462891e-01,9.998825788497924805e-01,-9.999990463256835938e-01,9.999971389770507812e-01,-9.999991655349731445e-01,9.999979734420776367e-01,9.999959468841552734e-01,9.999969005584716797e-01,9.999983906745910645e-01,-9.999970793724060059e-01,-9.999977946281433105e-01,9.999971985816955566e-01,9.999923706054687500e-01,9.999952912330627441e-01,-9.999698996543884277e-01,9.999917745590209961e-01
-9.999942779541015625e-01,9.999951124191284180e-01,9.999811053276062012e-01,-9.999904632568359375e-01,-9.999959468841552734e-01,9.999959468841552734e-01,-9.999820590019226074e-01,-9.999966621398925781e-01,9.999755620956420898e-01,-9.999948740005493164e-01,9.999958872795104980e-01,9.999962449073791504e-01,-9.999929666519165039e-01,-9.999945759773254395e-01,-9.999843239784240723e-01,-9.999777078628540039e-01,-9.999914765357971191e-01,9.999921917915344238e-01,-9.999728798866271973e-01,9.999968409538269043e-01,9.999963045120239258e-01,-9.999817013740539551e-01,-9.999952316284179688e-01,-9.999904632568359375e-01,-9.999629855155944824e-01,-9.999960660934448242e-01,9.999938011169433594e-01,9.999959468841552734e-01,-9.999714493751525879e-01,9.999891519546508789e-01,9.999675750732421875e-01,9.999935030937194824e-01,-9.999424815177917480e-01,-9.999819397926330566e-01,9.999932646751403809e-01,-9.998719096183776855e-01,-9.999965429306030273e-01,-9.999950528144836426e-01,-9.999444484710693359e-01,9.999961853027343750e-01,-9.999953508377075195e-01,-9.999660849571228027e-01,-9.999425411224365234e-01,-9.999963641166687012e-01,-9.999939799308776855e-01,-9.999929666519165039e-01,9.999774694442749023e-01,-9.999955296516418457e-01,-9.999955296516418457e-01,9.999949336051940918e-01,9.999958872795104980e-01,9.999952316284179688e-01,9.999957084655761719e-01,9.999770522117614746e-01,9.999952912330627441e-01,9.999935030937194824e-01,9.985321164131164551e-01,-9.999781847000122070e-01,-9.999795556068420410e-01,-9.999939799308776855e-01,9.999945163726806641e-01,-9.999961256980895996e-01,-9.999945163726806641e-01,-9.999848008155822754e-01,9.999783635139465332e-01,9.999960660934448242e-01,9.999967217445373535e-01,9.999849200248718262e-01,9.999964833259582520e-01,-9.999941587448120117e-01,9.999960064888000488e-01,-9.999857544898986816e-01,9.999762773513793945e-01,9.999785423278808594e-01,9.999515414237976074e-01,9.999947547912597656e-01,-9.999679923057556152e-01,-9.999958276748657227e-01,9.999785423278808594e-01,9.999837875366210938e-01,-9.999704957008361816e-01,-9.999919533729553223e-01,9.999960064888000488e-01,-9.999939203262329102e-01,9.999943375587463379e-01,9.999454617500305176e-01,9.993265867233276367e-01,-9.999963045120239258e-01,-9.999746680259704590e-01,-9.999653100967407227e-01,9.999777674674987793e-01,-9.999944567680358887e-01,9.999540448188781738e-01,9.999909400939941406e-01,-9.999911189079284668e-01,9.999926090240478516e-01,9.999529123306274414e-01,-9.999965429306030273e-01,9.999959468841552734e-01,-9.999911189079284668e-01,9.999892115592956543e-01,-9.999962449073791504e-01,-9.998217225074768066e-01,-9.998552799224853516e-01,-9.999955296516418457e-01,-9.999853968620300293e-01,9.999373555183410645e-01,9.999949336051940918e-01,9.999805092811584473e-01,-9.999951124191284180e-01,9.999952316284179688e-01,-9.999914765357971191e-01,9.999940395355224609e-01,9.995445013046264648e-01,-9.999966025352478027e-01,9.999892115592956543e-01,-9.999965429306030273e-01,9.999927282333374023e-01,9.999845623970031738e-01,9.999878406524658203e-01,9.999944567680358887e-01,-9.999892115592956543e-01,-9.999917149543762207e-01,9.999894499778747559e-01,9.999708533287048340e-01,9.999817609786987305e-01,-9.998830556869506836e-01,9.999684095382690430e-01
9.999970793724060059e-01,-9.999974370002746582e-01,-9.999904632568359375e-01,9.999951720237731934e-01,9.999979138374328613e-01,-9.999979138374328613e-01,9.999909400939941406e-01,9.999982118606567383e-01,-9.999877214431762695e-01,9.999973773956298828e-01,-9.999979138374328613e-01,-9.999982118606567383e-01,9.999963641166687012e-01,9.999971389770507812e-01,9.999921321868896484e-01,9.999887943267822266e-01,9.999957084655761719e-01,-9.999961256980895996e-01,9.999863505363464355e-01,-9.999983906745910645e-01,-9.999981522560119629e-01,9.999908208847045898e-01,9.999975562095642090e-01,9.999952316284179688e-01,9.999814033508300781e-01,9.999980926513671875e-01,-9.999967217445373535e-01,-9.999979734420776367e-01,9.999856352806091309e-01,-9.999944567680358887e-01,-9.999837279319763184e-01,-9.999966621398925781e-01,9.999711513519287109e-01,9.999908804893493652e-01,-9.999965429306030273e-01,9.999354481697082520e-01,9.999982118606567383e-01,9.999974370002746582e-01,9.999720454216003418e-01,-9.999980330467224121e-01,9.999976158142089844e-01,9.999829530715942383e-01,9.999711513519287109e-01,9.999981522560119629e-01,9.999969005584716797e-01,9.999964237213134766e-01,-9.999886751174926758e-01,9.999976754188537598e-01,9.999976158142089844e-01,-9.999974370002746582e-01,-9.999979138374328613e-01,-9.999975562095642090e-01,-9.999977946281433105e-01,-9.999883770942687988e-01,-9.999974966049194336e-01,-9.999966025352478027e-01,-9.992610812187194824e-01,9.999889731407165527e-01,9.999897480010986328e-01,9.999968409538269043e-01,-9.999971389770507812e-01,9.999979734420776367e-01,9.999971985816955566e-01,9.999923110008239746e-01,-9.999890923500061035e-01,-9.999980330467224121e-01,-9.999983310699462891e-01,-9.999924302101135254e-01,-9.999982118606567383e-01,9.999969601631164551e-01,-9.999979138374328613e-01,9.999928474426269531e-01,-9.999880194664001465e-01,-9.999892115592956543e-01,-9.999756217002868652e-01,-9.999973177909851074e-01,9.999839067459106445e-01,9.999979138374328613e-01,-9.999891519546508789e-01,-9.999918341636657715e-01,9.999851584434509277e-01,9.999959468841552734e-01,-9.999979734420776367e-01,9.999968409538269043e-01,-9.999970793724060059e-01,-9.999726414680480957e-01,-9.996611475944519043e-01,9.999981522560119629e-01,9.999872446060180664e-01,9.999825358390808105e-01,-9.999887943267822266e-01,9.999971389770507812e-01,-9.999769330024719238e-01,-9.999953508377075195e-01,9.999955296516418457e-01,-9.999963045120239258e-01,-9.999762773513793945e-01,9.999981522560119629e-01,-9.999978542327880859e-01,9.999955296516418457e-01,-9.999945163726806641e-01,9.999980926513671875e-01,9.999102950096130371e-01,9.999271631240844727e-01,9.999977350234985352e-01,9.999926686286926270e-01,-9.999685883522033691e-01,-9.999973773956298828e-01,-9.999901652336120605e-01,9.999974966049194336e-01,-9.999974966049194336e-01,9.999957084655761719e-01,-9.999969601631164551e-01,-9.997708797454833984e-01,9.999982714653015137e-01,-9.999945759773254395e-01,9.999981522560119629e-01,-9.999963045120239258e-01,-9.999921917915344238e-01,-9.999938607215881348e-01,-9.999971985816955566e-01,9.999945163726806641e-01,9.999957680702209473e-01,-9.999947547912597656e-01,-9.999853372573852539e-01,-9.999908208847045898e-01,9.999411106109619141e-01,-9.999839663505554199e-01
9.999988079071044922e-01,-9.999989271163940430e-01,-9.999959468841552734e-01,9.999979138374328613e-01,9.999992251396179199e-01,-9.999991655349731445e-01,9.999963045120239258e-01,9.999992847442626953e-01,-9.999949336051940918e-01,9.999988675117492676e-01,-9.999992251396179199e-01,-9.999991655349731445e-01,9.999984502792358398e-01,9.999988079071044922e-01,9.999967217445373535e-01,9.999954700469970703e-01,9.999982118606567383e-01,-9.999984502792358398e-01,9.999944567680358887e-01,-9.999994039535522461e-01,-9.999992251396179199e-01,9.999961853027343750e-01,9.999989867210388184e-01,9.999980330467224121e-01,9.999923706054687500e-01,9.999991655349731445e-01,-9.999986886978149414e-01,-9.999991059303283691e-01,9.999941587448120117e-01,-9.999976754188537598e-01,-9.999933838844299316e-01,-9.999986290931701660e-01,9.999882578849792480e-01,9.999962449073791504e-01,-9.999985694885253906e-01,9.999737739562988281e-01,9.999992847442626953e-01,9.999989867210388184e-01,9.999886751174926758e-01,-9.999991655349731445e-01,9.999991059303283691e-01,9.999929666519165039e-01,9.999882578849792480e-01,9.999992847442626953e-01,9.999987483024597168e-01,9.999984502792358398e-01,-9.999954104423522949e-01,9.999990463256835938e-01,9.999991059303283691e-01,-9.999988675117492676e-01,-9.999991059303283691e-01,-9.999989867210388184e-01,-9.999990463256835938e-01,-9.999952316284179688e-01,-9.999991059303283691e-01,-9.999985694885253906e-01,-9.996996521949768066e-01,9.999955296516418457e-01,9.999957680702209473e-01,9.999987483024597168e-01,-9.999988079071044922e-01,9.999991655349731445e-01,9.999988675117492676e-01,9.999967813491821289e-01,-9.999955296516418457e-01,-9.999991655349731445e-01,-9.999992847442626953e-01,-9.999967813491821289e-01,-9.999993443489074707e-01,9.999986886978149414e-01,-9.999991059303283691e-01,9.999970197677612305e-01,-9.999950528144836426e-01,-9.999955892562866211e-01,-9.999901056289672852e-01,-9.999988675117492676e-01,9.999934434890747070e-01,9.999991655349731445e-01,-9.999955296516418457e-01,-9.999966025352478027e-01,9.999938607215881348e-01,9.999983310699462891e-01,-9.999991059303283691e-01,9.999986290931701660e-01,-9.999988079071044922e-01,-9.999888539314270020e-01,-9.998623132705688477e-01,9.999992847442626953e-01,9.999948143959045410e-01,9.999929070472717285e-01,-9.999953508377075195e-01,9.999988675117492676e-01,-9.999905824661254883e-01,-9.999979734420776367e-01,9.999980330467224121e-01,-9.999983906745910645e-01,-9.999904036521911621e-01,9.999993443489074707e-01,-9.999991059303283691e-01,9.999980330467224121e-01,-9.999976754188537598e-01,9.999991655349731445e-01,9.999634623527526855e-01,9.999704957008361816e-01,9.999990463256835938e-01,9.999969601631164551e-01,-9.999871850013732910e-01,-9.999988675117492676e-01,-9.999960064888000488e-01,9.999989867210388184e-01,-9.999990463256835938e-01,9.999982118606567383e-01,-9.999986886978149414e-01,-9.999067783355712891e-01,9.999992847442626953e-01,-9.999976754188537598e-01,9.999993443489074707e-01,-9.999985098838806152e-01,-9.999967813491821289e-01,-9.999974370002746582e-01,-9.999987483024597168e-01,9.999976754188537598e-01,9.999982714653015137e-01,-9.999977946281433105e-01,-9.999939799308776855e-01,-9.999961853027343750e-01,9.999760389328002930e-01,-9.999934434890747070e-01
-9.999988079071044922e-01,9.999989867210388184e-01,9.999959468841552734e-01,-9.999979138374328613e-01,-9.999991655349731445e-01,9.999992251396179199e-01,-9.999960660934448242e-01,-9.999992847442626953e-01,9.999946951866149902e-01,-9.999989867210388184e-01,9.999992251396179199e-01,9.999992251396179199e-01,-9.999985098838806152e-01,-9.999988675117492676e-01,-9.999964833259582520e-01,-9.999951124191284180e-01,-9.999980926513671875e-01,9.999983310699462891e-01,-9.999940991401672363e-01,9.999994039535522461e-01,9.999992251396179199e-01,-9.999960064888000488e-01,-9.999989867210388184e-01,-9.999979138374328613e-01,-9.999918341636657715e-01,-9.999992251396179199e-01,9.999986290931701660e-01,9.999992847442626953e-01,-9.999938607215881348e-01,9.999975562095642090e-01,9.999930262565612793e-01,9.999986886978149414e-01,-9.999873638153076172e-01,-9.999960660934448242e-01,9.999985694885253906e-01,-9.999716877937316895e-01,-9.999993443489074707e-01,-9.999989271163940430e-01,-9.999879002571105957e-01,9.999992847442626953e-01,-9.999991059303283691e-01,-9.999926090240478516e-01,-9.999874234199523926e-01,-9.999993443489074707e-01,-9.999986886978149414e-01,-9.999985098838806152e-01,9.999951124191284180e-01,-9.999991655349731445e-01,-9.999991059303283691e-01,9.999989271163940430e-01,9.999991655349731445e-01,9.999989867210388184e-01,9.999991059303283691e-01,9.999949336051940918e-01,9.999989867210388184e-01,9.999985098838806152e-01,9.996752738952636719e-01,-9.999952912330627441e-01,-9.999955296516418457e-01,-9.999986290931701660e-01,9.999987483024597168e-01,-9.999992251396179199e-01,-9.999988675117492676e-01,-9.999966025352478027e-01,9.999952912330627441e-01,9.999992847442626953e-01,9.999994039535522461e-01,9.999966025352478027e-01,9.999993443489074707e-01,-9.999988079071044922e-01,9.999992847442626953e-01,-9.999969005584716797e-01,9.999948143959045410e-01,9.999954104423522949e-01,9.999893903732299805e-01,9.999988079071044922e-01,-9.999930262565612793e-01,-9.999992251396179199e-01,9.999952316284179688e-01,9.999963641166687012e-01,-9.999935030937194824e-01,-9.999982714653015137e-01,9.999991655349731445e-01,-9.999986290931701660e-01,9.999988079071044922e-01,9.999880790710449219e-01,9.998512268066406250e-01,-9.999992251396179199e-01,-9.999944567680358887e-01,-9.999923706054687500e-01,9.999952316284179688e-01,-9.999989271163940430e-01,9.999899268150329590e-01,9.999980330467224121e-01,-9.999980926513671875e-01,9.999983906745910645e-01,9.999896883964538574e-01,-9.999992847442626953e-01,9.999991655349731445e-01,-9.999980330467224121e-01,9.999976754188537598e-01,-9.999992251396179199e-01,-9.999606609344482422e-01,-9.999680519104003906e-01,-9.999990463256835938e-01,-9.999968409538269043e-01,9.999862909317016602e-01,9.999989271163940430e-01,9.999958276748657227e-01,-9.999989271163940430e-01,9.999989867210388184e-01,-9.999982118606567383e-01,9.999987483024597168e-01,9.998993873596191406e-01,-9.999992847442626953e-01,9.999976158142089844e-01,-9.999993443489074707e-01,9.999983906745910645e-01,9.999966025352478027e-01,9.999974370002746582e-01,9.999987483024597168e-01,-9.999976754188537598e-01,-9.999982714653015137e-01,9.999977350234985352e-01,9.999935626983642578e-01,9.999960064888000488e-01,-9.999742507934570312e-01,9.999930262565612793e-01
9.999945163726806641e-01,-9.999952912330627441e-01,-9.999820590019226074e-01,9.999909400939941406e-01,9.999963045120239258e-01,-9.999960660934448242e-01,9.999829530715942383e-01,9.999968409538269043e-01,-9.999768137931823730e-01,9.999951720237731934e-01,-9.999960064888000488e-01,-9.999964237213134766e-01,9.999932050704956055e-01,9.999948740005493164e-01,9.999850988388061523e-01,9.999787807464599609e-01,9.999918937683105469e-01,-9.999926686286926270e-01,9.999741315841674805e-01,-9.999969601631164551e-01,-9.999964833259582520e-01,9.999826550483703613e-01,9.999955296516418457e-01,9.999909996986389160e-01,9.999649524688720703e-01,9.999964237213134766e-01,-9.999940395355224609e-01,-9.999961853027343750e-01,9.999729990959167480e-01,-9.999896883964538574e-01,-9.999691843986511230e-01,-9.999938607215881348e-01,9.999452233314514160e-01,9.999828338623046875e-01,-9.999935626983642578e-01,9.998782277107238770e-01,9.999966025352478027e-01,9.999952316284179688e-01,9.999471902847290039e-01,-9.999963045120239258e-01,9.999955892562866211e-01,9.999677538871765137e-01,9.999455213546752930e-01,9.999965429306030273e-01,9.999942183494567871e-01,9.999933242797851562e-01,-9.999786019325256348e-01,9.999957084655761719e-01,9.999957084655761719e-01,-9.999951720237731934e-01,-9.999960064888000488e-01,-9.999954700469970703e-01,-9.999960064888000488e-01,-9.999781847000122070e-01,-9.999955296516418457e-01,-9.999937415122985840e-01,-9.986054897308349609e-01,9.999792575836181641e-01,9.999806880950927734e-01,9.999941587448120117e-01,-9.999948143959045410e-01,9.999963045120239258e-01,9.999948740005493164e-01,9.999856948852539062e-01,-9.999794363975524902e-01,-9.999962449073791504e-01,-9.999969005584716797e-01,-9.999856352806091309e-01,-9.999966621398925781e-01,9.999944567680358887e-01,-9.999961256980895996e-01,9.999864697456359863e-01,-9.999774098396301270e-01,-9.999797344207763672e-01,-9.999538660049438477e-01,-9.999949932098388672e-01,9.999696612358093262e-01,9.999959468841552734e-01,-9.999796152114868164e-01,-9.999845027923583984e-01,9.999719858169555664e-01,9.999924302101135254e-01,-9.999961256980895996e-01,9.999941587448120117e-01,-9.999946951866149902e-01,-9.999482035636901855e-01,-9.993602633476257324e-01,9.999964237213134766e-01,9.999759793281555176e-01,9.999669790267944336e-01,-9.999787807464599609e-01,9.999946951866149902e-01,-9.999562501907348633e-01,-9.999913573265075684e-01,9.999915957450866699e-01,-9.999929666519165039e-01,-9.999552965164184570e-01,9.999966621398925781e-01,-9.999960660934448242e-01,9.999914765357971191e-01,-9.999897480010986328e-01,9.999964237213134766e-01,9.998307228088378906e-01,9.998625516891479492e-01,9.999957680702209473e-01,9.999861121177673340e-01,-9.999406337738037109e-01,-9.999951720237731934e-01,-9.999814033508300781e-01,9.999953508377075195e-01,-9.999954700469970703e-01,9.999918937683105469e-01,-9.999943375587463379e-01,-9.995672702789306641e-01,9.999967813491821289e-01,-9.999896287918090820e-01,9.999966621398925781e-01,-9.999930858612060547e-01,-9.999852180480957031e-01,-9.999884366989135742e-01,-9.999948143959045410e-01,9.999898076057434082e-01,9.999921321868896484e-01,-9.999899864196777344e-01,-9.999721646308898926e-01,-9.999826550483703613e-01,9.998887777328491211e-01,-9.999700188636779785e-01
9.999990463256835938e-01,-9.999991059303283691e-01,-9.999966621398925781e-01,9.999982118606567383e-01,9.999992847442626953e-01,-9.999992847442626953e-01,9.999968409538269043e-01,9.999994635581970215e-01,-9.999957680702209473e-01,9.999991655349731445e-01,-9.999993443489074707e-01,-9.999994039535522461e-01,9.999988079071044922e-01,9.999989867210388184e-01,9.999972581863403320e-01,9.999960660934448242e-01,9.999985098838806152e-01,-9.999986886978149414e-01,9.999952912330627441e-01,-9.999994635581970215e-01,-9.999994039535522461e-01,9.999967813491821289e-01,9.999991059303283691e-01,9.999982118606567383e-01,9.999936223030090332e-01,9.999992847442626953e-01,-9.999988675117492676e-01,-9.999992847442626953e-01,9.999951720237731934e-01,-9.999980926513671875e-01,-9.999943971633911133e-01,-9.999988675117492676e-01,9.999900460243225098e-01,9.999968409538269043e-01,-9.999987483024597168e-01,9.999778866767883301e-01,9.999994039535522461e-01,9.999991655349731445e-01,9.999904036521911621e-01,-9.999993443489074707e-01,9.999992251396179199e-01,9.999941587448120117e-01,9.999901056289672852e-01,9.999994039535522461e-01,9.999989271163940430e-01,9.999986886978149414e-01,-9.999960660934448242e-01,9.999992847442626953e-01,9.999992251396179199e-01,-9.999991655349731445e-01,-9.999992251396179199e-01,-9.999992251396179199e-01,-9.999992847442626953e-01,-9.999958276748657227e-01,-9.999991059303283691e-01,-9.999988079071044922e-01,-9.997462630271911621e-01,9.999961853027343750e-01,9.999964237213134766e-01,9.999989271163940430e-01,-9.999989867210388184e-01,9.999994039535522461e-01,9.999991059303283691e-01,9.999972581863403320e-01,-9.999961256980895996e-01,-9.999993443489074707e-01,-9.999994635581970215e-01,-9.999972581863403320e-01,-9.999994039535522461e-01,9.999989867210388184e-01,-9.999992847442626953e-01,9.999974966049194336e-01,-9.999958872795104980e-01,-9.999962449073791504e-01,-9.999916553497314453e-01,-9.999991059303283691e-01,9.999944567680358887e-01,9.999992847442626953e-01,-9.999961256980895996e-01,-9.999971389770507812e-01,9.999948143959045410e-01,9.999985694885253906e-01,-9.999993443489074707e-01,9.999989271163940430e-01,-9.999990463256835938e-01,-9.999906420707702637e-01,-9.998836517333984375e-01,9.999993443489074707e-01,9.999956488609313965e-01,9.999939203262329102e-01,-9.999960660934448242e-01,9.999991059303283691e-01,-9.999919533729553223e-01,-9.999983310699462891e-01,9.999984502792358398e-01,-9.999986290931701660e-01,-9.999918937683105469e-01,9.999994635581970215e-01,-9.999992251396179199e-01,9.999983310699462891e-01,-9.999980926513671875e-01,9.999992847442626953e-01,9.999692440032958984e-01,9.999750256538391113e-01,9.999992847442626953e-01,9.999973773956298828e-01,-9.999892115592956543e-01,-9.999990463256835938e-01,-9.999965429306030273e-01,9.999991655349731445e-01,-9.999991059303283691e-01,9.999985098838806152e-01,-9.999989271163940430e-01,-9.999213218688964844e-01,9.999994039535522461e-01,-9.999980926513671875e-01,9.999994039535522461e-01,-9.999987483024597168e-01,-9.999972581863403320e-01,-9.999978542327880859e-01,-9.999989867210388184e-01,9.999980926513671875e-01,9.999985694885253906e-01,-9.999981522560119629e-01,-9.999948740005493164e-01,-9.999967813491821289e-01,9.999797940254211426e-01,-9.999945163726806641e-01
-9.999926090240478516e-01,9.999936819076538086e-01,9.999755620956420898e-01,-9.999877214431762695e-01,-9.999949336051940918e-01,9.999946951866149902e-01,-9.999768137931823730e-01,-9.999957680702209473e-01,9.999684691429138184e-01,-9.999933838844299316e-01,9.999946951866149902e-01,9.999952316284179688e-01,-9.999908804893493652e-01,-9.999930262565612793e-01,-9.999797344207763672e-01,-9.999712705612182617e-01,-9.999889135360717773e-01,9.999899864196777344e-01,-9.999648928642272949e-01,9.999959468841552734e-01,9.999952316284179688e-01,-9.999763965606689453e-01,-9.999939799308776855e-01,-9.999877214431762695e-01,-9.999523162841796875e-01,-9.999951124191284180e-01,9.999919533729553223e-01,9.999948740005493164e-01,-9.999631047248840332e-01,9.999859929084777832e-01,9.999580979347229004e-01,9.999915361404418945e-01,-9.999256134033203125e-01,-9.999765753746032715e-01,9.999912381172180176e-01,-9.998344779014587402e-01,-9.999955296516418457e-01,-9.999935030937194824e-01,-9.999281764030456543e-01,9.999949932098388672e-01,-9.999939799308776855e-01,-9.999561905860900879e-01,-9.999257922172546387e-01,-9.999953508377075195e-01,-9.999921321868896484e-01,-9.999909400939941406e-01,9.999710321426391602e-01,-9.999941587448120117e-01,-9.999942183494567871e-01,9.999934434890747070e-01,9.999946951866149902e-01,9.999938011169433594e-01,9.999945759773254395e-01,9.999703168869018555e-01,9.999938011169433594e-01,9.999915361404418945e-01,9.981049895286560059e-01,-9.999716877937316895e-01,-9.999735951423645020e-01,-9.999921917915344238e-01,9.999929070472717285e-01,-9.999951124191284180e-01,-9.999929070472717285e-01,-9.999805092811584473e-01,9.999720454216003418e-01,9.999949932098388672e-01,9.999958276748657227e-01,9.999805092811584473e-01,9.999955892562866211e-01,-9.999923706054687500e-01,9.999948143959045410e-01,-9.999817013740539551e-01,9.999692440032958984e-01,9.999722838401794434e-01,9.999374151229858398e-01,9.999932050704956055e-01,-9.999586343765258789e-01,-9.999945759773254395e-01,9.999722838401794434e-01,9.999789595603942871e-01,-9.999617934226989746e-01,-9.999895095825195312e-01,9.999948143959045410e-01,-9.999920725822448730e-01,9.999927878379821777e-01,9.999296069145202637e-01,9.991304278373718262e-01,-9.999952912330627441e-01,-9.999672174453735352e-01,-9.999552369117736816e-01,9.999711513519287109e-01,-9.999928474426269531e-01,9.999406337738037109e-01,9.999881982803344727e-01,-9.999885559082031250e-01,9.999905228614807129e-01,9.999392032623291016e-01,-9.999956488609313965e-01,9.999947547912597656e-01,-9.999884963035583496e-01,9.999861121177673340e-01,-9.999952316284179688e-01,-9.997698664665222168e-01,-9.998130798339843750e-01,-9.999942779541015625e-01,-9.999811053276062012e-01,9.999192953109741211e-01,9.999933242797851562e-01,9.999747276306152344e-01,-9.999936819076538086e-01,9.999938011169433594e-01,-9.999890923500061035e-01,9.999922513961791992e-01,9.994117617607116699e-01,-9.999957084655761719e-01,9.999859333038330078e-01,-9.999955892562866211e-01,9.999906420707702637e-01,9.999799132347106934e-01,9.999843239784240723e-01,9.999928474426269531e-01,-9.999859929084777832e-01,-9.999892711639404297e-01,9.999865293502807617e-01,9.999622702598571777e-01,9.999763965606689453e-01,-9.998489022254943848e-01,9.999591112136840820e-01
9.999983906745910645e-01,-9.999985694885253906e-01,-9.999948740005493164e-01,9.999973773956298828e-01,9.999988675117492676e-01,-9.999989867210388184e-01,9.999951720237731934e-01,9.999991655349731445e-01,-9.999933838844299316e-01,9.999985694885253906e-01,-9.999988675117492676e-01,-9.999989867210388184e-01,9.999980330467224121e-01,9.999985098838806152e-01,9.999958276748657227e-01,9.999939203262329102e-01,9.999976158142089844e-01,-9.999979138374328613e-01,9.999926686286926270e-01,-9.999991655349731445e-01,-9.999990463256835938e-01,9.999950528144836426e-01,9.999986886978149414e-01,9.999973773956298828e-01,9.999899864196777344e-01,9.999989271163940430e-01,-9.999982714653015137e-01,-9.999989271163940430e-01,9.999922513961791992e-01,-9.999970197677612305e-01,-9.999912381172180176e-01,-9.999982118606567383e-01,9.999845027923583984e-01,9.999951124191284180e-01,-9.999981522560119629e-01,9.999651908874511719e-01,9.999992251396179199e-01,9.999986290931701660e-01,9.999850392341613770e-01,-9.999989867210388184e-01,9.999988079071044922e-01,9.999908208847045898e-01,9.999844431877136230e-01,9.999990463256835938e-01,9.999983310699462891e-01,9.999980926513671875e-01,-9.999939799308776855e-01,9.999986886978149414e-01,9.999987483024597168e-01,-9.999986290931701660e-01,-9.999988675117492676e-01,-9.999986886978149414e-01,-9.999988675117492676e-01,-9.999937415122985840e-01,-9.999986886978149414e-01,-9.999982118606567383e-01,-9.996013641357421875e-01,9.999941587448120117e-01,9.999944567680358887e-01,9.999983310699462891e-01,-9.999985098838806152e-01,9.999989867210388184e-01,9.999985098838806152e-01,9.999958872795104980e-01,-9.999941587448120117e-01,-9.999989271163940430e-01,-9.999992847442626953e-01,-9.999958872795104980e-01,-9.999992251396179199e-01,9.999984502792358398e-01,-9.999989271163940430e-01,9.999961853027343750e-01,-9.999935626983642578e-01,-9.999942779541015625e-01,-9.999869465827941895e-01,-9.999985694885253906e-01,9.999912977218627930e-01,9.999988675117492676e-01,-9.999941587448120117e-01,-9.999956488609313965e-01,9.999919533729553223e-01,9.999978542327880859e-01,-9.999988675117492676e-01,9.999983310699462891e-01,-9.999985098838806152e-01,-9.999852180480957031e-01,-9.998173117637634277e-01,9.999990463256835938e-01,9.999931454658508301e-01,9.999905824661254883e-01,-9.999939203262329102e-01,9.999984502792358398e-01,-9.999874830245971680e-01,-9.999974966049194336e-01,9.999976158142089844e-01,-9.999979734420776367e-01,-9.999872446060180664e-01,9.999991059303283691e-01,-9.999988675117492676e-01,9.999975562095642090e-01,-9.999970197677612305e-01,9.999989271163940430e-01,9.999516010284423828e-01,9.999607801437377930e-01,9.999987483024597168e-01,9.999959468841552734e-01,-9.999830722808837891e-01,-9.999985694885253906e-01,-9.999946951866149902e-01,9.999986886978149414e-01,-9.999986886978149414e-01,9.999976754188537598e-01,-9.999983906745910645e-01,-9.998763203620910645e-01,9.999990463256835938e-01,-9.999970793724060059e-01,9.999991059303283691e-01,-9.999980926513671875e-01,-9.999958276748657227e-01,-9.999967217445373535e-01,-9.999985098838806152e-01,9.999970197677612305e-01,9.999977350234985352e-01,-9.999971389770507812e-01,-9.999920725822448730e-01,-9.999951124191284180e-01,9.999682903289794922e-01,-9.999914169311523438e-01
-9.999988079071044922e-01,9.999988675117492676e-01,9.999958872795104980e-01,-9.999979138374328613e-01,-9.999992251396179199e-01,9.999992251396179199e-01,-9.999960064888000488e-01,-9.999993443489074707e-01,9.999946951866149902e-01,-9.999988675117492676e-01,9.999992251396179199e-01,9.999993443489074707e-01,-9.999985098838806152e-01,-9.999988079071044922e-01,-9.999965429306030273e-01,-9.999952316284179688e-01,-9.999980926513671875e-01,9.999983906745910645e-01,-9.999941587448120117e-01,9.999993443489074707e-01,9.999992251396179199e-01,-9.999959468841552734e-01,-9.999989867210388184e-01,-9.999979138374328613e-01,-9.999919533729553223e-01,-9.999992251396179199e-01,9.999986290931701660e-01,9.999991655349731445e-01,-9.999938607215881348e-01,9.999976158142089844e-01,9.999929070472717285e-01,9.999986290931701660e-01,-9.999874830245971680e-01,-9.999960064888000488e-01,9.999985098838806152e-01,-9.999721050262451172e-01,-9.999992847442626953e-01,-9.999988675117492676e-01,-9.999879598617553711e-01,9.999992251396179199e-01,-9.999989867210388184e-01,-9.999926090240478516e-01,-9.999876022338867188e-01,-9.999993443489074707e-01,-9.999986290931701660e-01,-9.999984502792358398e-01,9.999951720237731934e-01,-9.999990463256835938e-01,-9.999990463256835938e-01,9.999988675117492676e-01,9.999991655349731445e-01,9.999989271163940430e-01,9.999991059303283691e-01,9.999949932098388672e-01,9.999989867210388184e-01,9.999984502792358398e-01,9.996798038482666016e-01,-9.999952912330627441e-01,-9.999955892562866211e-01,-9.999986886978149414e-01,9.999988079071044922e-01,-9.999992251396179199e-01,-9.999988079071044922e-01,-9.999965429306030273e-01,9.999953508377075195e-01,9.999991655349731445e-01,9.999993443489074707e-01,9.999966621398925781e-01,9.999992847442626953e-01,-9.999987483024597168e-01,9.999991655349731445e-01,-9.999968409538269043e-01,9.999948740005493164e-01,9.999954104423522949e-01,9.999895095825195312e-01,9.999988675117492676e-01,-9.999930262565612793e-01,-9.999992251396179199e-01,9.999953508377075195e-01,9.999964833259582520e-01,-9.999935626983642578e-01,-9.999982118606567383e-01,9.999991655349731445e-01,-9.999987483024597168e-01,9.999988079071044922e-01,9.999881386756896973e-01,9.998533129692077637e-01,-9.999992251396179199e-01,-9.999945759773254395e-01,-9.999924302101135254e-01,9.999951124191284180e-01,-9.999988675117492676e-01,9.999899864196777344e-01,9.999979734420776367e-01,-9.999980330467224121e-01,9.999982714653015137e-01,9.999898672103881836e-01,-9.999992847442626953e-01,9.999991655349731445e-01,-9.999980330467224121e-01,9.999976158142089844e-01,-9.999992251396179199e-01,-9.999611973762512207e-01,-9.999685287475585938e-01,-9.999990463256835938e-01,-9.999967813491821289e-01,9.999864101409912109e-01,9.999989271163940430e-01,9.999957084655761719e-01,-9.999989867210388184e-01,9.999989271163940430e-01,-9.999982118606567383e-01,9.999986886978149414e-01,9.999006986618041992e-01,-9.999992847442626953e-01,9.999976754188537598e-01,-9.999994039535522461e-01,9.999983906745910645e-01,9.999965429306030273e-01,9.999973773956298828e-01,9.999987483024597168e-01,-9.999976158142089844e-01,-9.999981522560119629e-01,9.999976158142089844e-01,9.999936223030090332e-01,9.999960660934448242e-01,-9.999745488166809082e-01,9.999931454658508301e-01
-9.999989271163940430e-01,9.999991059303283691e-01,9.999962449073791504e-01,-9.999982118606567383e-01,-9.999991655349731445e-01,9.999992251396179199e-01,-9.999964237213134766e-01,-9.999994039535522461e-01,9.999952316284179688e-01,-9.999989867210388184e-01,9.999993443489074707e-01,9.999994039535522461e-01,-9.999985694885253906e-01,-9.999989271163940430e-01,-9.999967813491821289e-01,-9.999957084655761719e-01,-9.999982714653015137e-01,9.999985098838806152e-01,-9.999946951866149902e-01,9.999994635581970215e-01,9.999993443489074707e-01,-9.999963641166687012e-01,-9.999991059303283691e-01,-9.999980926513671875e-01,-9.999927878379821777e-01,-9.999992847442626953e-01,9.999987483024597168e-01,9.999992847442626953e-01,-9.999945163726806641e-01,9.999977946281433105e-01,9.999936223030090332e-01,9.999986886978149414e-01,-9.999887347221374512e-01,-9.999964237213134766e-01,9.999986290931701660e-01,-9.999749064445495605e-01,-9.999993443489074707e-01,-9.999990463256835938e-01,-9.999892115592956543e-01,9.999992847442626953e-01,-9.999991059303283691e-01,-9.999934434890747070e-01,-9.999887943267822266e-01,-9.999994039535522461e-01,-9.999988079071044922e-01,-9.999986290931701660e-01,9.999956488609313965e-01,-9.999990463256835938e-01,-9.999991655349731445e-01,9.999990463256835938e-01,9.999991655349731445e-01,9.999991059303283691e-01,9.999992251396179199e-01,9.999955296516418457e-01,9.999991059303283691e-01,9.999986886978149414e-01,9.997121691703796387e-01,-9.999957680702209473e-01,-9.999960064888000488e-01,-9.999988079071044922e-01,9.999989271163940430e-01,-9.999992847442626953e-01,-9.999989271163940430e-01,-9.999969005584716797e-01,9.999957680702209473e-01,9.999993443489074707e-01,9.999994635581970215e-01,9.999970197677612305e-01,9.999993443489074707e-01,-9.999988675117492676e-01,9.999992251396179199e-01,-9.999972581863403320e-01,9.999953508377075195e-01,9.999958872795104980e-01,9.999905824661254883e-01,9.999989271163940430e-01,-9.999937415122985840e-01,-9.999992251396179199e-01,9.999957680702209473e-01,9.999968409538269043e-01,-9.999942183494567871e-01,-9.999985098838806152e-01,9.999992251396179199e-01,-9.999987483024597168e-01,9.999989271163940430e-01,9.999893903732299805e-01,9.998680353164672852e-01,-9.999993443489074707e-01,-9.999950528144836426e-01,-9.999932050704956055e-01,9.999956488609313965e-01,-9.999989867210388184e-01,9.999909996986389160e-01,9.999982118606567383e-01,-9.999983310699462891e-01,9.999985694885253906e-01,9.999908208847045898e-01,-9.999993443489074707e-01,9.999992251396179199e-01,-9.999982118606567383e-01,9.999978542327880859e-01,-9.999992847442626953e-01,-9.999651312828063965e-01,-9.999718070030212402e-01,-9.999991655349731445e-01,-9.999971985816955566e-01,9.999877810478210449e-01,9.999990463256835938e-01,9.999961256980895996e-01,-9.999991655349731445e-01,9.999989867210388184e-01,-9.999983310699462891e-01,9.999988079071044922e-01,9.999107718467712402e-01,-9.999993443489074707e-01,9.999978542327880859e-01,-9.999993443489074707e-01,9.999985694885253906e-01,9.999970197677612305e-01,9.999976158142089844e-01,9.999988675117492676e-01,-9.999978542327880859e-01,-9.999983310699462891e-01,9.999979138374328613e-01,9.999942779541015625e-01,9.999963641166687012e-01,-9.999771118164062500e-01,9.999938011169433594e-01
