7.315883636474609375e-01,1.033783778548240662e-01,-4.387674331665039062e-01,1.132409423589706421e-01,4.149018526077270508e-01,-4.245217517018318176e-02,1.209288761019706726e-01,5.662535429000854492e-01,5.815662816166877747e-02,2.757376432418823242e-02,-1.205572020262479782e-02,-1.364772468805313110e-01,6.281691193580627441e-01,3.621632456779479980e-01,5.611060261726379395e-01,1.676035821437835693e-01,8.179008960723876953e-03,3.407843708992004395e-01,2.517689764499664307e-01,6.983783096075057983e-02,-1.409051716327667236e-01,7.564441114664077759e-02,3.135452270507812500e-01,-3.358514308929443359e-01,3.412796556949615479e-02,-2.140881270170211792e-01,-1.818224787712097168e-01,-4.329390525817871094e-01,-1.431113183498382568e-01,-6.041764616966247559e-01,-2.865621149539947510e-01,-3.746634721755981445e-01,3.446532189846038818e-01,9.876673575490713120e-04,-4.613734781742095947e-02,-4.687303602695465088e-01,-7.815584540367126465e-02,8.932985365390777588e-02,-3.253326416015625000e-01,-6.958533525466918945e-01,3.105558156967163086e-01,1.519556343555450439e-01,-1.983228325843811035e-02,6.775694340467453003e-02,6.361137628555297852e-01,-5.796118378639221191e-01,-4.552832245826721191e-01,-5.583512410521507263e-02,-7.275885343551635742e-02,4.783617332577705383e-03,1.908007860183715820e-01,1.882909089326858521e-01,3.570819795131683350e-01,-6.860277801752090454e-02,-4.203538410365581512e-03,-2.717950344085693359e-01,1.022968292236328125e-01,6.731983274221420288e-02,1.362735629081726074e-01,-1.125770658254623413e-01,9.944330900907516479e-03,1.349004954099655151e-01,7.136549055576324463e-02,-1.443053036928176880e-01,-4.118727147579193115e-02,-9.603116777725517750e-04,3.774868547916412354e-01,4.522332251071929932e-01,-3.549509048461914062e-01,1.973948478698730469e-01,-5.705759525299072266e-01,-5.106694698333740234e-01,-1.270896941423416138e-01,1.680365502834320068e-01,-1.584020555019378662e-01,-4.261739253997802734e-01,-3.354158252477645874e-02,2.646125257015228271e-01,-4.262935221195220947e-01,-5.894561409950256348e-01,-1.213833019137382507e-01,2.084231562912464142e-02,-2.839696109294891357e-01,5.111168697476387024e-02,-2.998479008674621582e-01,-4.590052366256713867e-02,-3.418427333235740662e-02,2.776293829083442688e-02,3.023576140403747559e-01,-4.935007542371749878e-02,-4.522586241364479065e-02,-3.863611221313476562e-01,-1.005715802311897278e-01,9.348297864198684692e-02,-9.755727648735046387e-02,-2.580254971981048584e-01,3.654450476169586182e-01,-5.704228766262531281e-03,-4.336966872215270996e-01,5.775897502899169922e-01,9.990677237510681152e-02,1.640474796295166016e-01,-1.345446109771728516e-01,-1.256135175935924053e-03,3.751404881477355957e-01,2.157638221979141235e-01,-7.393303513526916504e-02,-7.518362719565629959e-03,-2.768429219722747803e-01,-4.368714988231658936e-02,5.237075090408325195e-01,7.165499776601791382e-02,-4.725283756852149963e-02,-5.533463358879089355e-01,3.563439249992370605e-01,-4.134177565574645996e-01,3.268083333969116211e-01,-2.426290959119796753e-01,-6.754570007324218750e-01,3.775940835475921631e-02,-3.259282708168029785e-01,5.502867698669433594e-01,3.236407935619354248e-01,-1.942071616649627686e-01,3.172507584095001221e-01,-2.594098635017871857e-02,1.839555613696575165e-02,3.755807280540466309e-01
1.033783778548240662e-01,4.056620597839355469e-02,-1.323249787092208862e-01,-1.957463659346103668e-02,1.193594336509704590e-01,-7.080925256013870239e-02,8.852979168295860291e-03,1.492812763899564743e-02,2.344946749508380890e-02,1.061008777469396591e-02,3.363012522459030151e-02,-2.742692083120346069e-02,9.949751943349838257e-02,-1.477071084082126617e-02,1.186774671077728271e-01,4.787367209792137146e-02,3.745374269783496857e-03,1.218314543366432190e-01,2.344859577715396881e-02,-3.183208778500556946e-02,5.670746788382530212e-02,5.770820751786231995e-02,2.006654255092144012e-02,3.975930437445640564e-02,2.053461968898773193e-02,8.106248080730438232e-02,-1.148485615849494934e-01,-1.463087499141693115e-01,3.005416318774223328e-02,-1.004497483372688293e-01,-5.371812731027603149e-02,-1.012641862034797668e-01,6.021453812718391418e-02,3.648287057876586914e-02,3.457818238530308008e-04,-8.701003342866897583e-02,-3.050397336483001709e-02,2.316382154822349548e-02,8.068026974797248840e-03,-1.244601532816886902e-01,1.315652132034301758e-01,-1.047706417739391327e-02,9.333200007677078247e-02,1.293737255036830902e-02,5.345444381237030029e-02,-5.848567932844161987e-02,-1.142678111791610718e-01,-1.866937731392681599e-03,-4.138158634305000305e-02,1.478281454183161259e-03,1.123498659580945969e-02,-3.488997695967555046e-03,7.659415900707244873e-02,7.793023437261581421e-02,-3.787356242537498474e-02,-7.136444002389907837e-02,1.925165951251983643e-02,1.035949029028415680e-02,-1.878295093774795532e-02,-1.802187412977218628e-02,4.564471170306205750e-02,-2.025014162063598633e-02,1.098492369055747986e-02,-3.004410071298480034e-03,-2.749725803732872009e-02,-1.649087853729724884e-02,9.397228807210922241e-02,1.519778370857238770e-01,-1.189834177494049072e-01,9.487712383270263672e-02,-6.752954423427581787e-02,-3.084529936313629150e-02,-3.578459098935127258e-02,6.143266707658767700e-02,-3.624784573912620544e-02,-1.109902262687683105e-01,-1.233963947743177414e-02,8.161300420761108398e-02,2.470695227384567261e-02,-1.089349463582038879e-01,-3.937138617038726807e-02,4.079702775925397873e-03,-1.087987720966339111e-01,8.970744907855987549e-03,-8.100369572639465332e-02,-1.206014305353164673e-01,3.350722044706344604e-02,1.516031194478273392e-02,1.010498255491256714e-01,-2.414002642035484314e-02,-3.146759793162345886e-02,-6.162145733833312988e-02,8.558506146073341370e-03,3.266934305429458618e-02,-5.583782494068145752e-02,-7.954980246722698212e-03,7.033412158489227295e-02,-1.055881148204207420e-03,-9.409074485301971436e-02,5.048844218254089355e-02,1.770336925983428955e-02,-5.437273066490888596e-03,-2.319625392556190491e-02,5.144844297319650650e-03,1.031368151307106018e-01,-2.941998280584812164e-02,1.621221937239170074e-02,-1.569295488297939301e-02,-9.492242336273193359e-02,-2.670165896415710449e-02,3.291393816471099854e-02,4.363439977169036865e-02,-2.353467233479022980e-02,-1.292022317647933960e-01,1.358691900968551636e-01,-1.268210560083389282e-01,1.137969121336936951e-01,-5.289782211184501648e-02,-8.388821035623550415e-02,9.997308254241943359e-03,4.821416456252336502e-03,1.079326346516609192e-01,1.091469824314117432e-01,-8.327699452638626099e-02,-2.873630262911319733e-02,1.530694309622049332e-02,6.756295333616435528e-04,3.746251389384269714e-02
-4.387674331665039062e-01,-1.323249787092208862e-01,7.976672649383544922e-01,-8.259791135787963867e-02,-3.563620150089263916e-01,1.291046268306672573e-03,-1.889477074146270752e-01,-2.273491770029067993e-02,4.062154516577720642e-02,-9.335219115018844604e-02,-2.799118161201477051e-01,2.024652510881423950e-01,-3.061186075210571289e-01,3.178951442241668701e-01,-5.358003973960876465e-01,-1.791555732488632202e-01,-9.131377935409545898e-02,-6.122338771820068359e-01,-1.706000603735446930e-02,2.912390530109405518e-01,-5.377252101898193359e-01,-4.361001849174499512e-01,-1.073586270213127136e-01,-5.141998827457427979e-02,-1.381901651620864868e-01,-4.694927334785461426e-01,6.171583533287048340e-01,6.213452219963073730e-01,-4.628886282444000244e-01,6.202907562255859375e-01,1.058134883642196655e-01,6.831021308898925781e-01,-4.374058246612548828e-01,-4.037648141384124756e-01,1.769038476049900055e-02,5.457916855812072754e-01,1.650645583868026733e-01,-1.364089846611022949e-01,7.942170649766921997e-02,6.791980862617492676e-01,-6.517843604087829590e-01,8.694940805435180664e-02,-3.962499201297760010e-01,-7.648143172264099121e-02,-3.210916817188262939e-01,4.663612544536590576e-01,5.821619629859924316e-01,3.293360769748687744e-02,2.121384888887405396e-01,1.973605453968048096e-01,-9.655573964118957520e-02,2.458782494068145752e-01,-4.347602725028991699e-01,-2.909311950206756592e-01,1.240791529417037964e-01,3.784622848033905029e-01,-1.207655370235443115e-01,-6.592340022325515747e-02,-2.450041621923446655e-01,2.440137416124343872e-01,-2.570852935314178467e-01,7.173047214746475220e-02,-7.318738847970962524e-02,-2.408796101808547974e-01,-3.491956368088722229e-02,1.055016070604324341e-01,-5.025429725646972656e-01,-7.268142700195312500e-01,6.539223790168762207e-01,-3.946754038333892822e-01,4.954638481140136719e-01,2.239859551191329956e-01,2.256814539432525635e-01,-5.309090018272399902e-01,2.013606280088424683e-01,5.048320293426513672e-01,6.832475215196609497e-02,-6.802060008049011230e-01,-1.169692799448966980e-01,5.537737607955932617e-01,-2.537023127079010010e-01,-3.332782164216041565e-02,5.193211436271667480e-01,-4.054335504770278931e-02,5.151956677436828613e-01,5.595353841781616211e-01,-2.424448579549789429e-01,-9.173180907964706421e-02,-5.815548896789550781e-01,6.629493832588195801e-02,1.734304279088973999e-01,4.225865304470062256e-01,1.953816115856170654e-01,-2.867730557918548584e-01,4.024764001369476318e-01,7.986061275005340576e-02,-3.384568095207214355e-01,8.536425419151782990e-03,4.656835496425628662e-01,-2.140586078166961670e-01,-5.967765673995018005e-02,-1.738002151250839233e-01,1.321007311344146729e-01,-4.059806466102600098e-02,-7.542760968208312988e-01,-1.899190247058868408e-02,2.179743498563766479e-01,1.746509969234466553e-01,5.947906374931335449e-01,1.793924868106842041e-01,-2.948066592216491699e-01,1.017746254801750183e-01,1.808217614889144897e-01,4.626593291759490967e-01,-7.285102605819702148e-01,6.064668297767639160e-01,-3.789802193641662598e-01,1.026102080941200256e-01,5.135609507560729980e-01,-8.736512809991836548e-02,-3.246210515499114990e-01,-6.269611716270446777e-01,-6.318082213401794434e-01,3.385617136955261230e-01,2.651278078556060791e-01,-1.044954732060432434e-01,-1.064430996775627136e-01,-2.800773084163665771e-01
1.132409423589706421e-01,-1.957463659346103668e-02,-8.259791135787963867e-02,2.029354423284530640e-01,-1.273076888173818588e-02,1.182056963443756104e-01,6.420433521270751953e-02,7.243206351995468140e-02,-3.682175651192665100e-02,1.664450392127037048e-02,-9.368273615837097168e-02,-3.258873149752616882e-02,6.708092242479324341e-02,-3.723934292793273926e-02,1.173658855259418488e-02,-2.058706618845462799e-02,1.878720335662364960e-02,1.256167292594909668e-01,-2.437985502183437347e-02,3.981880843639373779e-02,-7.225969433784484863e-02,2.419027872383594513e-02,5.115090310573577881e-02,-1.748999804258346558e-01,4.466466978192329407e-02,-5.358834192156791687e-02,1.691120117902755737e-02,3.453448414802551270e-02,7.365576457232236862e-04,-9.981035441160202026e-02,-1.420238427817821503e-02,-1.483566761016845703e-01,1.950765848159790039e-01,-7.386949658393859863e-02,2.758464077487587929e-03,-8.163168281316757202e-02,5.853766575455665588e-03,1.794304884970188141e-02,-3.745110705494880676e-02,-2.333880811929702759e-01,5.184280127286911011e-02,3.433712944388389587e-02,-5.032179877161979675e-02,9.162183851003646851e-03,8.587404340505599976e-02,-6.700057536363601685e-02,-5.902446573600172997e-04,-5.047932639718055725e-02,1.613571494817733765e-02,8.017532527446746826e-03,2.541320025920867920e-02,5.721917003393173218e-02,1.672267317771911621e-01,-1.125371009111404419e-01,9.892360866069793701e-02,-5.128222703933715820e-02,-1.212752610445022583e-02,-3.602192504331469536e-03,1.055434271693229675e-01,-7.387838512659072876e-02,-1.488749980926513672e-01,1.119424924254417419e-01,1.958234421908855438e-02,6.690133363008499146e-02,-2.144285850226879120e-02,-1.390356104820966721e-02,3.914426639676094055e-02,5.837550014257431030e-02,1.895064115524291992e-02,-9.292610734701156616e-02,-1.599605977535247803e-01,2.719357796013355255e-02,-3.273977711796760559e-02,1.955711282789707184e-02,-3.149000182747840881e-02,-1.063616275787353516e-01,1.252621505409479141e-02,2.964073233306407928e-02,-2.009146660566329956e-01,-1.873917132616043091e-01,2.240640521049499512e-01,4.345627501606941223e-03,7.156392931938171387e-02,1.218866836279630661e-02,-1.811312139034271240e-01,1.346222162246704102e-01,-1.379949450492858887e-01,-4.415321629494428635e-03,-1.780833303928375244e-02,8.625810034573078156e-03,4.969565663486719131e-03,-1.413507163524627686e-01,-1.246182546019554138e-01,4.361802712082862854e-02,-9.730964154005050659e-02,-1.106402128934860229e-01,-3.461648151278495789e-02,-1.564652775414288044e-03,-6.282418500632047653e-03,2.018331289291381836e-01,2.745192311704158783e-02,2.592265978455543518e-02,-5.806253477931022644e-02,3.265188308432698250e-03,1.963211745023727417e-01,2.281012535095214844e-01,-2.635628581047058105e-01,-2.840028703212738037e-02,-6.914957892149686813e-03,-9.781952016055583954e-03,2.059144079685211182e-01,-1.190138906240463257e-01,-1.076897047460079193e-02,3.240938857197761536e-02,3.015806898474693298e-02,-2.860825881361961365e-02,2.028573118150234222e-02,8.487953804433345795e-03,-1.161746457219123840e-01,4.981872811913490295e-02,9.472282603383064270e-03,6.067382916808128357e-02,8.570631593465805054e-02,2.552826143801212311e-02,6.268712878227233887e-02,-1.429595332592725754e-02,2.216694317758083344e-02,1.359949856996536255e-01
4.149018526077270508e-01,1.193594336509704590e-01,-3.563620150089263916e-01,-1.273076888173818588e-02,5.874853730201721191e-01,-1.558792293071746826e-01,7.633846998214721680e-02,1.648579835891723633e-01,5.932637676596641541e-02,2.481678687036037445e-02,-8.401337079703807831e-03,-5.079919472336769104e-02,3.488071858882904053e-01,9.472803026437759399e-02,4.308930635452270508e-01,1.689219176769256592e-01,-2.576348558068275452e-02,3.359738588333129883e-01,1.208038404583930969e-01,-6.017410010099411011e-02,1.996361836791038513e-02,1.444611102342605591e-01,3.592965751886367798e-02,1.885655522346496582e-01,1.775540411472320557e-02,5.698214843869209290e-02,-3.270015418529510498e-01,-5.180560350418090820e-01,6.219802796840667725e-02,-4.110582768917083740e-01,-2.226505726575851440e-01,-1.542152017354965210e-01,1.647116094827651978e-01,-3.244331479072570801e-02,1.241989154368638992e-02,-1.973302811384201050e-01,-9.481103718280792236e-02,5.731486529111862183e-02,-1.349729150533676147e-01,-4.345667064189910889e-01,3.258922398090362549e-01,6.057661771774291992e-02,2.933324575424194336e-01,4.788181185722351074e-02,2.085641473531723022e-01,-1.530794054269790649e-01,-4.537667632102966309e-01,-3.516262024641036987e-02,-9.704653918743133545e-02,1.334143728017807007e-01,8.781531453132629395e-02,-2.568614203482866287e-03,2.274819612503051758e-01,2.452314794063568115e-01,-1.148239672183990479e-01,-2.521960437297821045e-01,4.259843006730079651e-02,2.929463982582092285e-02,-1.998107582330703735e-01,4.683276638388633728e-03,9.025155007839202881e-02,-3.735124319791793823e-02,3.183501213788986206e-02,-1.016077399253845215e-01,-1.709976345300674438e-01,-3.949368372559547424e-03,3.332835435867309570e-01,4.532386958599090576e-01,-2.046584933996200562e-01,3.343700170516967773e-01,-2.364562302827835083e-01,-1.919471472501754761e-01,2.512924559414386749e-02,6.423429399728775024e-02,-1.161147058010101318e-01,-5.092689990997314453e-01,-4.203135892748832703e-02,1.268713772296905518e-01,-2.269640751183032990e-02,-3.250598609447479248e-01,-1.996236443519592285e-01,6.598276551812887192e-03,-4.647940695285797119e-01,2.797286398708820343e-02,-3.109872937202453613e-01,-3.435700833797454834e-01,1.894514709711074829e-01,2.903841808438301086e-02,2.350252270698547363e-01,-9.939073771238327026e-02,-1.696990132331848145e-01,-1.559701114892959595e-01,2.108024358749389648e-01,-2.365033328533172607e-02,-9.765437245368957520e-02,-1.156929284334182739e-01,4.262886941432952881e-01,-2.482427749782800674e-03,-3.004716634750366211e-01,2.303828448057174683e-01,5.706245452165603638e-02,-1.883513107895851135e-02,5.158305168151855469e-03,-4.778882488608360291e-03,1.727848947048187256e-01,4.858180880546569824e-02,9.574884921312332153e-02,-1.002922467887401581e-02,-2.628100812435150146e-01,-4.018450900912284851e-02,-2.842109464108943939e-02,2.445597797632217407e-01,4.405280947685241699e-02,-4.743851125240325928e-01,4.592294991016387939e-01,-3.772774338722229004e-01,4.964293539524078369e-01,-2.849769294261932373e-01,-2.705051302909851074e-01,1.192365959286689758e-02,-8.525218814611434937e-02,2.722208499908447266e-01,2.596551775932312012e-01,-2.424328923225402832e-01,6.680963188409805298e-02,-1.618560589849948883e-02,-6.375429779291152954e-02,1.934316307306289673e-01
-4.245217517018318176e-02,-7.080925256013870239e-02,1.291046268306672573e-03,1.182056963443756104e-01,-1.558792293071746826e-01,3.775141835212707520e-01,8.955128490924835205e-02,7.391523569822311401e-02,-1.296101212501525879e-01,2.636009594425559044e-04,-1.328671071678400040e-02,6.296536419540643692e-03,-1.462105810642242432e-01,1.055002305656671524e-02,-8.944100141525268555e-02,-6.956720352172851562e-02,1.522424537688493729e-02,-1.626932024955749512e-01,-2.362820692360401154e-02,-3.793827444314956665e-02,2.758166566491127014e-02,-3.824388375505805016e-03,4.929002374410629272e-02,-1.058112531900405884e-01,-4.091133549809455872e-02,-1.799048781394958496e-01,1.053524315357208252e-01,1.239101067185401917e-01,1.355820149183273315e-01,-9.529171139001846313e-02,1.282308250665664673e-01,5.057518556714057922e-02,-2.588589489459991455e-02,5.924589931964874268e-02,-1.979384012520313263e-02,4.702780768275260925e-02,2.788682654500007629e-02,-2.405710145831108093e-02,-1.677127927541732788e-01,5.996375693939626217e-04,-1.867773383855819702e-01,5.031205341219902039e-02,-9.096689522266387939e-02,2.366526052355766296e-03,6.239627674221992493e-02,-1.143120601773262024e-01,4.420517012476921082e-02,-2.509545534849166870e-02,2.948194183409214020e-02,-6.286527216434478760e-02,1.092814579606056213e-01,-1.247590705752372742e-01,-8.797273039817810059e-02,-1.741886287927627563e-01,5.791436880826950073e-02,3.524075075984001160e-02,-5.810305010527372360e-03,3.790881019085645676e-03,1.405557692050933838e-01,-2.348753623664379120e-02,-2.480609342455863953e-02,4.464460909366607666e-02,1.088761724531650543e-03,5.145965889096260071e-02,9.392817318439483643e-02,4.219562187790870667e-02,-4.431397467851638794e-02,-1.226214841008186340e-01,1.222163513302803040e-01,-7.796778529882431030e-02,-5.376497656106948853e-02,-1.907396912574768066e-01,8.665428310632705688e-02,-3.417288139462471008e-02,3.000836633145809174e-02,4.587831720709800720e-02,5.931302439421415329e-03,7.658998668193817139e-02,-8.464576303958892822e-02,8.932805806398391724e-02,2.016389667987823486e-01,1.129766926169395447e-03,3.345633298158645630e-02,-1.563571952283382416e-02,3.685278818011283875e-02,1.611581742763519287e-01,9.212371706962585449e-02,-1.301691867411136627e-02,-1.103720590472221375e-01,4.302424564957618713e-02,-3.116001025773584843e-04,1.328410487622022629e-02,-6.875751912593841553e-02,9.547486901283264160e-03,8.143769204616546631e-02,-7.203073799610137939e-02,6.262194365262985229e-02,-4.510418802965432405e-04,3.731057792901992798e-02,-4.209804907441139221e-02,-3.818529844284057617e-02,1.217115670442581177e-01,7.228939980268478394e-02,-6.166055332869291306e-03,-1.021315902471542358e-02,2.203221768140792847e-01,-1.220396533608436584e-01,4.355983401183038950e-05,2.451090328395366669e-02,2.665046975016593933e-02,2.360792830586433411e-02,-2.035554647445678711e-01,3.828341886401176453e-02,1.591359674930572510e-01,-3.559024631977081299e-02,1.520257294178009033e-01,-1.306462287902832031e-01,9.850092977285385132e-02,-6.373026221990585327e-02,-1.423772890120744705e-02,9.482807666063308716e-02,-3.245205804705619812e-02,-1.047165840864181519e-01,1.232618242502212524e-01,5.073162540793418884e-02,-3.660250082612037659e-02,2.863710373640060425e-02,8.745247125625610352e-02
1.209288761019706726e-01,8.852979168295860291e-03,-1.889477074146270752e-01,6.420433521270751953e-02,7.633846998214721680e-02,8.955128490924835205e-02,1.534580141305923462e-01,3.879523277282714844e-02,-2.870379947125911713e-02,3.662990406155586243e-02,5.140101537108421326e-02,-4.951470717787742615e-02,1.736085745505988598e-03,-4.891830310225486755e-02,1.241549402475357056e-01,1.389786228537559509e-02,3.780845180153846741e-02,6.862130761146545410e-02,1.552595011889934540e-02,-6.213456764817237854e-02,1.090914681553840637e-01,6.562597304582595825e-02,-2.558382228016853333e-02,-1.961268298327922821e-02,9.581943042576313019e-03,4.838191717863082886e-02,-8.914211392402648926e-02,-9.454914927482604980e-02,1.240707710385322571e-01,-2.074097841978073120e-01,1.756829675287008286e-03,-1.696577817201614380e-01,1.601871252059936523e-01,6.289552152156829834e-02,-6.985827814787626266e-03,-9.557667374610900879e-02,-4.321563243865966797e-02,2.594248205423355103e-02,-1.350256353616714478e-01,-1.915608197450637817e-01,1.169991716742515564e-01,5.023218691349029541e-02,-5.390013754367828369e-02,1.677359454333782196e-02,1.130308061838150024e-01,-2.346228808164596558e-01,-1.443262696266174316e-01,-1.724880561232566833e-02,1.303707249462604523e-02,-2.860569022595882416e-02,-4.372245818376541138e-02,-1.232757866382598877e-01,5.744555965065956116e-02,1.208347454667091370e-01,3.159106895327568054e-02,-2.894747443497180939e-02,9.213224053382873535e-03,1.718475110828876495e-02,6.316855549812316895e-02,-8.223318308591842651e-02,5.761525779962539673e-02,2.222305908799171448e-02,2.362739853560924530e-02,1.795964688062667847e-01,8.511091023683547974e-02,-7.663326803594827652e-03,1.227036267518997192e-01,1.588686853647232056e-01,-9.388103336095809937e-02,1.270734220743179321e-01,-1.814514696598052979e-01,-1.085768043994903564e-01,-1.788884028792381287e-02,1.614286154508590698e-01,-6.221842765808105469e-02,-1.807525455951690674e-01,-2.408049814403057098e-02,2.509996592998504639e-01,-6.018707156181335449e-02,-6.457564979791641235e-02,1.107571721076965332e-01,9.270859882235527039e-03,-1.544893234968185425e-01,6.631203461438417435e-03,-1.377900987863540649e-01,-1.613841056823730469e-01,1.303054541349411011e-01,1.034242194145917892e-02,1.870721280574798584e-01,-4.785429220646619797e-03,-5.891979858279228210e-02,-1.143149137496948242e-01,-1.101979389786720276e-01,9.603974968194961548e-02,-9.066358953714370728e-02,-3.865859657526016235e-02,1.758392006158828735e-01,-2.779467031359672546e-03,-6.366596370935440063e-02,3.766930848360061646e-02,1.893616095185279846e-02,1.988702118396759033e-01,-2.633511088788509369e-02,4.273123573511838913e-03,2.178649604320526123e-01,7.013840973377227783e-02,-1.158787384629249573e-01,-1.340228691697120667e-02,-2.905672788619995117e-01,-3.475480899214744568e-02,6.767819076776504517e-02,-1.249513551592826843e-01,-2.647821384016424417e-04,-8.632128685712814331e-02,1.367279440164566040e-01,-1.088610365986824036e-01,-2.336009964346885681e-02,-4.899267107248306274e-02,-2.452857643365859985e-01,1.946756243705749512e-02,8.765519410371780396e-02,2.269275337457656860e-01,1.033874005079269409e-01,-8.206104487180709839e-02,5.782785266637802124e-02,-1.388238929212093353e-02,2.925954200327396393e-02,6.609053909778594971e-02
5.662535429000854492e-01,1.492812763899564743e-02,-2.273491770029067993e-02,7.243206351995468140e-02,1.648579835891723633e-01,7.391523569822311401e-02,3.879523277282714844e-02,7.420063018798828125e-01,4.747054725885391235e-02,-3.199093416333198547e-02,-1.253965944051742554e-01,-4.722886532545089722e-02,5.123806595802307129e-01,6.543833613395690918e-01,3.144406378269195557e-01,7.284182310104370117e-02,-3.596739843487739563e-02,-8.187696337699890137e-02,3.003942072391510010e-01,2.528313696384429932e-01,-4.406144320964813232e-01,-1.601778268814086914e-01,3.538551032543182373e-01,-5.194522738456726074e-01,-6.977835297584533691e-02,-6.058062314987182617e-01,2.123381495475769043e-01,-6.390144675970077515e-02,-4.018215835094451904e-01,-3.442186117172241211e-01,-2.405117452144622803e-01,2.395323244854807854e-03,6.071807816624641418e-02,-1.627926528453826904e-01,-6.672038137912750244e-02,-2.351224571466445923e-01,1.509982533752918243e-02,1.986982487142086029e-02,-4.317945539951324463e-01,-3.589155972003936768e-01,-1.017228662967681885e-01,2.353955358266830444e-01,-3.394746780395507812e-01,3.525008261203765869e-02,6.327405571937561035e-01,-4.921089112758636475e-01,-1.909523457288742065e-01,-3.093915432691574097e-02,5.304173752665519714e-02,3.440870344638824463e-02,2.251886725425720215e-01,3.418017327785491943e-01,7.768227905035018921e-02,-3.735994398593902588e-01,5.649466440081596375e-02,-6.597514450550079346e-02,7.620380818843841553e-02,5.521709844470024109e-02,1.397406607866287231e-01,6.928825285285711288e-03,-1.096805185079574585e-01,2.052152752876281738e-01,3.876407071948051453e-02,-3.617005348205566406e-01,1.444093789905309677e-02,7.884515076875686646e-02,1.034393012523651123e-01,6.816647481173276901e-03,-3.728411346673965454e-02,-7.047741115093231201e-02,-3.976669907569885254e-01,-6.072847843170166016e-01,-8.361376821994781494e-03,-8.588844537734985352e-02,-4.402638971805572510e-02,-7.926186174154281616e-02,-4.764704954141052440e-06,-4.590490832924842834e-02,-5.890361070632934570e-01,-3.194901347160339355e-01,-2.718985378742218018e-01,6.948529276996850967e-03,2.035718178376555443e-03,3.153929114341735840e-02,5.519750341773033142e-02,3.394117653369903564e-01,-1.502995640039443970e-01,-2.240804210305213928e-02,-7.467036601155996323e-03,1.440443377941846848e-02,7.283128052949905396e-02,-1.738938391208648682e-01,-2.940597385168075562e-02,-7.908312976360321045e-02,1.911747902631759644e-01,-2.453821152448654175e-01,2.195580154657363892e-01,-1.858267933130264282e-03,-2.401907593011856079e-01,5.344892144203186035e-01,5.961521714925765991e-02,1.687652170658111572e-01,-6.372935324907302856e-02,-3.034683875739574432e-02,-3.823509812355041504e-02,2.373669147491455078e-01,9.421890228986740112e-02,8.925703167915344238e-02,5.665470659732818604e-02,6.813701987266540527e-02,4.597903490066528320e-01,1.049763038754463196e-01,3.834030404686927795e-02,-3.312498927116394043e-01,-5.772393196821212769e-02,-7.295218855142593384e-02,5.135238915681838989e-02,-1.517924368381500244e-01,-5.231268405914306641e-01,-2.986481785774230957e-02,-5.861516594886779785e-01,2.797823250293731689e-01,-7.227832823991775513e-02,5.765632167458534241e-02,5.439051389694213867e-01,-9.442770481109619141e-02,-1.345291454344987869e-02,2.785272002220153809e-01
5.815662816166877747e-02,2.344946749508380890e-02,4.062154516577720642e-02,-3.682175651192665100e-02,5.932637676596641541e-02,-1.296101212501525879e-01,-2.870379947125911713e-02,4.747054725885391235e-02,6.236637383699417114e-02,-5.318587645888328552e-03,-2.688644453883171082e-02,1.604169141501188278e-03,9.313146024942398071e-02,9.139318019151687622e-02,4.244026169180870056e-02,2.187996543943881989e-02,-1.126341335475444794e-02,1.938265562057495117e-02,4.143678024411201477e-02,5.892859771847724915e-02,-1.050010845065116882e-01,-4.408938437700271606e-02,7.546574808657169342e-03,-2.146563306450843811e-02,2.278673928231000900e-03,-3.210086002945899963e-02,1.824333332479000092e-02,-1.459947880357503891e-02,-1.290268748998641968e-01,2.651782706379890442e-02,-6.982761621475219727e-02,5.289750173687934875e-03,1.842049323022365570e-02,-6.958802044391632080e-02,3.448001341894268990e-03,-1.251246128231287003e-02,-1.883766031824052334e-03,4.036324564367532730e-03,2.488945983350276947e-02,-9.094779379665851593e-03,3.029317967593669891e-02,1.851784065365791321e-02,-4.485838115215301514e-02,-1.706960028968751431e-03,2.412727475166320801e-02,3.038341412320733070e-03,1.289972802624106407e-03,4.798413719981908798e-03,1.200406346470117569e-02,4.659320041537284851e-02,-4.328452050685882568e-02,9.172256290912628174e-02,2.404542826116085052e-02,2.759349346160888672e-02,4.584882408380508423e-03,6.677745841443538666e-03,-3.706797724589705467e-03,-2.837146166712045670e-04,-5.880407243967056274e-02,1.565033197402954102e-02,-1.895497366786003113e-02,1.809927262365818024e-02,1.927164616063237190e-03,-4.274497181177139282e-02,-3.090766817331314087e-02,-2.729982370510697365e-03,8.541373535990715027e-03,1.929151266813278198e-02,-9.341168217360973358e-03,1.747680641710758209e-02,-5.818522535264492035e-03,2.448171190917491913e-02,-2.471157535910606384e-02,-1.817576587200164795e-02,-1.145148091018199921e-02,-1.873601414263248444e-02,7.703626761212944984e-04,-6.136848405003547668e-02,-5.390173569321632385e-02,-3.450712561607360840e-02,-1.129405274987220764e-01,-1.061245449818670750e-03,1.864508911967277527e-02,7.331057451665401459e-03,7.628919091075658798e-03,6.440348923206329346e-03,-6.329887360334396362e-02,-3.253996372222900391e-03,2.281635440886020660e-02,-1.359663717448711395e-02,1.549303438514471054e-02,-1.232388056814670563e-02,1.360990945249795914e-02,-9.974160231649875641e-03,2.571753459051251411e-03,3.811602713540196419e-03,-8.430800400674343109e-03,2.589372452348470688e-04,-1.278186403214931488e-02,6.188891083002090454e-02,2.381329983472824097e-02,-1.881151273846626282e-02,-3.384618833661079407e-02,-2.441409975290298462e-03,-3.757826611399650574e-02,-5.059892684221267700e-02,4.716071113944053650e-02,2.490828372538089752e-02,6.362151820212602615e-03,4.146817140281200409e-03,3.639314696192741394e-02,7.274764031171798706e-02,-1.807247637771070004e-03,-7.574640959501266479e-02,-4.411018639802932739e-02,-4.076401516795158386e-02,1.778607256710529327e-02,-5.189254134893417358e-02,-2.546158805489540100e-02,1.300033880397677422e-03,-1.212455928325653076e-01,2.365105226635932922e-02,3.248793072998523712e-03,-3.730607405304908752e-02,7.146271318197250366e-02,-8.212329819798469543e-03,-1.631032489240169525e-02,-1.666454039514064789e-02
2.757376432418823242e-02,1.061008777469396591e-02,-9.335219115018844604e-02,1.664450392127037048e-02,2.481678687036037445e-02,2.636009594425559044e-04,3.662990406155586243e-02,-3.199093416333198547e-02,-5.318587645888328552e-03,1.600069552659988403e-02,3.379237279295921326e-02,-2.340489067137241364e-02,4.061482846736907959e-03,-7.392484694719314575e-02,4.403431713581085205e-02,1.063911337405443192e-02,1.664677262306213379e-02,7.115968316793441772e-02,-1.217868924140930176e-02,-3.828366845846176147e-02,8.101819455623626709e-02,4.884810000658035278e-02,-1.569859310984611511e-02,1.584565825760364532e-02,1.974508911371231079e-02,8.747672289609909058e-02,-7.008102536201477051e-02,-5.284041166305541992e-02,6.745223701000213623e-02,-5.947401002049446106e-02,1.500922720879316330e-03,-9.645020961761474609e-02,6.943802535533905029e-02,4.397254437208175659e-02,1.585650257766246796e-03,-5.083835497498512268e-02,-1.995512284338474274e-02,1.487835869193077087e-02,8.149949135258793831e-04,-7.498067617416381836e-02,8.354000002145767212e-02,-1.047653611749410629e-02,2.779600955545902252e-02,6.198107730597257614e-03,1.181215140968561172e-02,-5.359417945146560669e-02,-5.000506341457366943e-02,-4.072278738021850586e-03,-1.358204986900091171e-02,-2.230225130915641785e-02,-2.283587679266929626e-02,-4.685441032052040100e-02,4.816285148262977600e-02,6.085108593106269836e-02,-4.560996967484243214e-05,-2.716946601867675781e-02,5.309447180479764938e-03,4.430756904184818268e-03,2.903877571225166321e-02,-3.765260800719261169e-02,2.704935893416404724e-02,-6.377475801855325699e-03,8.382363244891166687e-03,7.594128698110580444e-02,1.815317198634147644e-02,-1.622623205184936523e-02,5.148662254214286804e-02,8.606255054473876953e-02,-6.862359493970870972e-02,4.798113182187080383e-02,-5.299038439989089966e-02,9.300319477915763855e-03,-2.914725616574287415e-02,7.812550663948059082e-02,-2.554269134998321533e-02,-6.282573193311691284e-02,-8.250677026808261871e-03,1.006650179624557495e-01,2.083256281912326813e-02,-4.636128991842269897e-02,5.908141657710075378e-02,3.999732900410890579e-03,-5.309944227337837219e-02,3.776245051994919777e-03,-6.816902011632919312e-02,-8.748010545969009399e-02,3.146721795201301575e-02,9.600899182260036469e-03,8.285897970199584961e-02,-5.933203734457492828e-03,-2.175411209464073181e-02,-5.026675015687942505e-02,-4.550742730498313904e-02,4.664484411478042603e-02,-6.361445039510726929e-02,3.691011515911668539e-04,3.156857565045356750e-02,-1.086450880393385887e-03,-2.924662269651889801e-02,3.806354245170950890e-03,7.840640842914581299e-03,3.992830961942672729e-02,-2.074731513857841492e-02,6.199283525347709656e-03,1.149613261222839355e-01,-1.284691039472818375e-03,-5.318349227309226990e-02,-2.017875202000141144e-02,-1.038825511932373047e-01,-2.459372021257877350e-02,2.787549048662185669e-02,-3.868440538644790649e-02,-2.028020471334457397e-02,-3.097532130777835846e-02,7.760267704725265503e-02,-6.532139331102371216e-02,1.267614867538213730e-02,-7.991130463778972626e-03,-6.005451828241348267e-02,1.523773837834596634e-02,6.606858223676681519e-02,7.921752333641052246e-02,7.520142197608947754e-02,-4.409161210060119629e-02,-3.634152933955192566e-02,1.107448618859052658e-02,1.584707945585250854e-02,1.610310375690460205e-02
-1.205572020262479782e-02,3.363012522459030151e-02,-2.799118161201477051e-01,-9.368273615837097168e-02,-8.401337079703807831e-03,-1.328671071678400040e-02,5.140101537108421326e-02,-1.253965944051742554e-01,-2.688644453883171082e-02,3.379237279295921326e-02,2.441763877868652344e-01,-6.712150573730468750e-02,-5.580867081880569458e-02,-2.387829571962356567e-01,1.227871403098106384e-01,4.602668061852455139e-02,5.033990368247032166e-02,1.123623847961425781e-01,-2.847498096525669098e-02,-1.811590641736984253e-01,4.154087305068969727e-01,1.806518137454986572e-01,-3.889167681336402893e-02,1.144970059394836426e-01,3.029762022197246552e-02,3.353888690471649170e-01,-2.444886416196823120e-01,-1.788107305765151978e-01,2.870587706565856934e-01,-1.307750344276428223e-01,4.899318888783454895e-02,-2.311725467443466187e-01,2.700651995837688446e-02,2.934825420379638672e-01,-1.388827897608280182e-02,-1.462324112653732300e-01,-6.584700196981430054e-02,3.914632275700569153e-02,6.919079460203647614e-03,-6.223289296030998230e-02,2.156645208597183228e-01,-9.133739769458770752e-02,1.401181668043136597e-01,1.565580256283283234e-02,3.066483139991760254e-02,-1.804437190294265747e-01,-1.689430028200149536e-01,3.454750031232833862e-02,-7.648521661758422852e-02,-1.689768135547637939e-01,-2.709188498556613922e-02,-2.214066982269287109e-01,8.454654365777969360e-03,1.898297220468521118e-01,-9.754364192485809326e-02,-6.246792525053024292e-02,5.652753263711929321e-02,2.763847820460796356e-02,1.280346810817718506e-01,-8.519314974546432495e-02,2.383272200822830200e-01,-1.167492344975471497e-01,1.205748412758111954e-02,1.579965800046920776e-01,1.191432401537895203e-01,-4.421658441424369812e-02,1.219784617424011230e-01,2.044742405414581299e-01,-3.007777631282806396e-01,1.681415736675262451e-01,-6.400200724601745605e-02,-7.146860659122467041e-02,-9.350761771202087402e-02,2.864349782466888428e-01,-4.430634155869483948e-02,-2.252792567014694214e-02,-3.573666512966156006e-02,3.703506290912628174e-01,2.446165829896926880e-01,-2.644104883074760437e-02,6.999732553958892822e-02,1.255557965487241745e-02,-2.059494554996490479e-01,1.237143296748399734e-03,-3.410205990076065063e-02,-3.605569005012512207e-01,2.052197456359863281e-01,4.164935648441314697e-02,2.826806306838989258e-01,-3.213091054931282997e-03,-5.164366587996482849e-02,-5.148621276021003723e-02,-8.296590298414230347e-02,1.219963058829307556e-01,-1.193114221096038818e-01,9.479623287916183472e-02,8.474791795015335083e-02,-2.667700406163930893e-03,-1.140413656830787659e-01,-1.486884057521820068e-01,-1.379018556326627731e-02,1.213020086288452148e-01,-2.205258235335350037e-02,1.995256729423999786e-02,2.706599235534667969e-01,-1.890613138675689697e-01,4.486514627933502197e-02,-7.672590762376785278e-02,-3.010453581809997559e-01,-7.616226375102996826e-02,-1.175536960363388062e-02,-6.477633118629455566e-02,-9.694387763738632202e-02,-9.399512410163879395e-02,2.496069222688674927e-01,-1.750504225492477417e-01,-1.395095884799957275e-02,4.378789290785789490e-02,-1.261241286993026733e-01,4.072908777743577957e-03,2.548174858093261719e-01,2.251807004213333130e-01,1.760733127593994141e-01,-1.034764647483825684e-01,-2.243953198194503784e-01,7.210058718919754028e-02,6.484719365835189819e-02,-3.632553294301033020e-02
-1.364772468805313110e-01,-2.742692083120346069e-02,2.024652510881423950e-01,-3.258873149752616882e-02,-5.079919472336769104e-02,6.296536419540643692e-03,-4.951470717787742615e-02,-4.722886532545089722e-02,1.604169141501188278e-03,-2.340489067137241364e-02,-6.712150573730468750e-02,6.051786988973617554e-02,-1.022258102893829346e-01,5.862380191683769226e-02,-1.363761126995086670e-01,-3.780124336481094360e-02,-2.940626069903373718e-02,-1.472197026014328003e-01,-1.592324115335941315e-02,4.174716025590896606e-02,-1.191487088799476624e-01,-8.802602440118789673e-02,-4.356430098414421082e-02,6.494604051113128662e-02,-3.763873130083084106e-02,-1.020943149924278259e-01,1.212062835693359375e-01,1.184370294213294983e-01,-7.702178508043289185e-02,1.550067663192749023e-01,3.616074845194816589e-02,2.105130106210708618e-01,-1.320060342550277710e-01,-9.066320210695266724e-02,1.033380813896656036e-02,1.581936031579971313e-01,3.740943595767021179e-02,-3.730536624789237976e-02,3.176442906260490417e-02,2.042775452136993408e-01,-1.655529439449310303e-01,1.011632010340690613e-02,-2.891269512474536896e-02,-1.783161982893943787e-02,-1.284227520227432251e-01,1.772568970918655396e-01,1.259240359067916870e-01,6.433929316699504852e-03,3.634775802493095398e-02,6.536924093961715698e-02,-2.247374039143323898e-03,2.706446126103401184e-02,-1.168841272592544556e-01,-4.073428362607955933e-02,6.534015759825706482e-03,7.626344263553619385e-02,-3.245715051889419556e-02,-1.943693310022354126e-02,-1.043203324079513550e-01,7.662332803010940552e-02,-4.292520880699157715e-02,-1.000925339758396149e-02,-2.162959799170494080e-02,-6.805840879678726196e-02,-3.544242307543754578e-02,2.910586632788181305e-02,-1.123504638671875000e-01,-1.739122867584228516e-01,1.768686324357986450e-01,-6.493820995092391968e-02,1.572331190109252930e-01,7.190736383199691772e-02,8.317086845636367798e-02,-1.531818658113479614e-01,5.291509628295898438e-02,9.683424234390258789e-02,1.424329262226819992e-02,-1.961715966463088989e-01,2.608795836567878723e-02,1.694040298461914062e-01,-7.514123618602752686e-02,-9.733229875564575195e-03,8.253075927495956421e-02,-1.335395034402608871e-02,1.132254227995872498e-01,1.141505017876625061e-01,-7.476875092834234238e-03,-2.024656534194946289e-02,-1.642240881919860840e-01,7.078453432768583298e-03,1.961432024836540222e-02,1.275287717580795288e-01,9.667187184095382690e-02,-8.390051126480102539e-02,1.037014946341514587e-01,2.070026099681854248e-02,-5.080460757017135620e-02,2.412536181509494781e-03,1.105163991451263428e-01,-9.528135508298873901e-02,-2.283465117216110229e-02,-7.575077563524246216e-02,6.126165762543678284e-02,-1.051550917327404022e-02,-2.392084747552871704e-01,-7.854152470827102661e-03,7.955852150917053223e-02,3.970927372574806213e-02,1.669134199619293213e-01,4.394583031535148621e-02,-1.536102592945098877e-01,4.715784639120101929e-02,5.918278545141220093e-02,1.121824234724044800e-01,-1.521343886852264404e-01,1.505715548992156982e-01,-3.987065330147743225e-02,1.235359720885753632e-02,1.875810623168945312e-01,-2.734112367033958435e-02,-4.740414023399353027e-02,-1.982390284538269043e-01,-1.532556563615798950e-01,7.209271937608718872e-02,3.071077913045883179e-02,-2.416746504604816437e-02,-3.791448846459388733e-02,-6.741710752248764038e-02
