9.999980330467224121e-01,-9.999979138374328613e-01,-9.999872446060180664e-01,9.999982714653015137e-01,9.999987483024597168e-01,-9.999983906745910645e-01,-9.999625682830810547e-01,9.999988675117492676e-01,-9.999966025352478027e-01,9.999960064888000488e-01,-9.999907612800598145e-01,-9.999988079071044922e-01,9.999982118606567383e-01,9.999969005584716797e-01,9.999374747276306152e-01,9.999978542327880859e-01,9.999976754188537598e-01,-9.999973177909851074e-01,-9.997392296791076660e-01,-9.999990463256835938e-01,-9.999987483024597168e-01,9.999856352806091309e-01,9.999965429306030273e-01,9.999982714653015137e-01,9.999541044235229492e-01,9.999988675117492676e-01,-9.999982118606567383e-01,-9.999988079071044922e-01,9.999856948852539062e-01,-9.999939799308776855e-01,-9.999977946281433105e-01,-9.999986290931701660e-01,9.999967217445373535e-01,9.999977350234985352e-01,-9.999970793724060059e-01,-9.999953508377075195e-01,9.999988079071044922e-01,9.999985098838806152e-01,9.999926686286926270e-01,-9.999986886978149414e-01,9.999983310699462891e-01,-9.999973773956298828e-01,9.999523758888244629e-01,9.999985098838806152e-01,9.999960660934448242e-01,9.999972581863403320e-01,9.999951124191284180e-01,9.999961256980895996e-01,9.999986290931701660e-01,-9.999985098838806152e-01,-9.999985694885253906e-01,-9.999967217445373535e-01,-9.999983906745910645e-01,-9.999873042106628418e-01,-9.999960064888000488e-01,-9.999971389770507812e-01,-9.999977946281433105e-01,9.999601840972900391e-01,9.999971985816955566e-01,9.999969601631164551e-01,-9.999938607215881348e-01,9.999986886978149414e-01,9.999982118606567383e-01,9.999951720237731934e-01,-9.999879598617553711e-01,-9.999985694885253906e-01,-9.999988675117492676e-01,-9.999912977218627930e-01,-9.999977350234985352e-01,9.999988675117492676e-01,-9.999984502792358398e-01,9.999971389770507812e-01,9.999961853027343750e-01,-9.999871850013732910e-01,9.999274015426635742e-01,-9.999976754188537598e-01,9.999811649322509766e-01,9.999977946281433105e-01,-9.999895691871643066e-01,-9.999974966049194336e-01,9.999700188636779785e-01,9.999977350234985352e-01,-9.999986886978149414e-01,-9.999627470970153809e-01,-9.999983310699462891e-01,-9.999864697456359863e-01,9.999928474426269531e-01,9.999984502792358398e-01,-9.999842643737792969e-01,9.999980330467224121e-01,-9.999981522560119629e-01,9.999982118606567383e-01,-9.999641180038452148e-01,-9.999982714653015137e-01,9.999984502792358398e-01,-9.999973177909851074e-01,9.999679327011108398e-01,9.999988675117492676e-01,-9.999986290931701660e-01,9.999941587448120117e-01,-9.999976158142089844e-01,9.999985098838806152e-01,-9.999911189079284668e-01,-9.999715685844421387e-01,9.999981522560119629e-01,9.999886751174926758e-01,9.999880790710449219e-01,-9.999970197677612305e-01,-9.999942779541015625e-01,9.999983310699462891e-01,-9.999968409538269043e-01,9.999982714653015137e-01,-9.999977946281433105e-01,-9.999932646751403809e-01,9.999989271163940430e-01,-9.999982714653015137e-01,9.999981522560119629e-01,-9.999985694885253906e-01,-9.999177455902099609e-01,-9.999974370002746582e-01,-9.999986886978149414e-01,9.999953508377075195e-01,9.999984502792358398e-01,-9.999974966049194336e-01,9.999874234199523926e-01,-9.999958872795104980e-01,-9.999818205833435059e-01,-9.999977350234985352e-01
-9.999979138374328613e-01,9.999977350234985352e-01,9.999862313270568848e-01,-9.999981522560119629e-01,-9.999987483024597168e-01,9.999982118606567383e-01,9.999591112136840820e-01,-9.999988079071044922e-01,9.999964237213134766e-01,-9.999956488609313965e-01,9.999899864196777344e-01,9.999986886978149414e-01,-9.999980330467224121e-01,-9.999967217445373535e-01,-9.999316334724426270e-01,-9.999976158142089844e-01,-9.999974370002746582e-01,9.999970793724060059e-01,9.997144937515258789e-01,9.999989271163940430e-01,9.999986886978149414e-01,-9.999843835830688477e-01,-9.999963045120239258e-01,-9.999980926513671875e-01,-9.999498724937438965e-01,-9.999988675117492676e-01,9.999980330467224121e-01,9.999987483024597168e-01,-9.999843239784240723e-01,9.999935030937194824e-01,9.999975562095642090e-01,9.999985694885253906e-01,-9.999964833259582520e-01,-9.999976158142089844e-01,9.999967813491821289e-01,9.999949336051940918e-01,-9.999988079071044922e-01,-9.999984502792358398e-01,-9.999920129776000977e-01,9.999986290931701660e-01,-9.999982714653015137e-01,9.999971985816955566e-01,-9.999479055404663086e-01,-9.999984502792358398e-01,-9.999959468841552734e-01,-9.999969005584716797e-01,-9.999946951866149902e-01,-9.999958276748657227e-01,-9.999986290931701660e-01,9.999983906745910645e-01,9.999984502792358398e-01,9.999964237213134766e-01,9.999982118606567383e-01,9.999861717224121094e-01,9.999957680702209473e-01,9.999969005584716797e-01,9.999976158142089844e-01,-9.999565482139587402e-01,-9.999970197677612305e-01,-9.999966621398925781e-01,9.999933838844299316e-01,-9.999986290931701660e-01,-9.999980926513671875e-01,-9.999946951866149902e-01,9.999868869781494141e-01,9.999985098838806152e-01,9.999988675117492676e-01,9.999905824661254883e-01,9.999975562095642090e-01,-9.999987483024597168e-01,9.999983906745910645e-01,-9.999968409538269043e-01,-9.999958276748657227e-01,9.999859929084777832e-01,-9.999206066131591797e-01,9.999974966049194336e-01,-9.999794960021972656e-01,-9.999976158142089844e-01,9.999885559082031250e-01,9.999973773956298828e-01,-9.999672174453735352e-01,-9.999974966049194336e-01,9.999985098838806152e-01,9.999591708183288574e-01,9.999981522560119629e-01,9.999852180480957031e-01,-9.999921321868896484e-01,-9.999982714653015137e-01,9.999828338623046875e-01,-9.999979734420776367e-01,9.999982118606567383e-01,-9.999980330467224121e-01,9.999607205390930176e-01,9.999982714653015137e-01,-9.999983906745910645e-01,9.999970197677612305e-01,-9.999648332595825195e-01,-9.999987483024597168e-01,9.999985098838806152e-01,-9.999935626983642578e-01,9.999973773956298828e-01,-9.999983310699462891e-01,9.999904036521911621e-01,9.999688863754272461e-01,-9.999980926513671875e-01,-9.999876618385314941e-01,-9.999869465827941895e-01,9.999967217445373535e-01,9.999938011169433594e-01,-9.999981522560119629e-01,9.999966621398925781e-01,-9.999980926513671875e-01,9.999976754188537598e-01,9.999927282333374023e-01,-9.999989271163940430e-01,9.999980926513671875e-01,-9.999980926513671875e-01,9.999985098838806152e-01,9.999099373817443848e-01,9.999972581863403320e-01,9.999986290931701660e-01,-9.999949932098388672e-01,-9.999982714653015137e-01,9.999973177909851074e-01,-9.999861717224121094e-01,9.999954700469970703e-01,9.999802708625793457e-01,9.999976158142089844e-01
-9.999872446060180664e-01,9.999862313270568848e-01,9.999163150787353516e-01,-9.999889135360717773e-01,-9.999919533729553223e-01,9.999895095825195312e-01,9.997539520263671875e-01,-9.999928474426269531e-01,9.999786615371704102e-01,-9.999731183052062988e-01,9.999390840530395508e-01,9.999918937683105469e-01,-9.999881982803344727e-01,-9.999801516532897949e-01,-9.995890259742736816e-01,-9.999855160713195801e-01,-9.999848008155822754e-01,9.999821186065673828e-01,9.982844591140747070e-01,9.999932646751403809e-01,9.999919533729553223e-01,-9.999051690101623535e-01,-9.999780654907226562e-01,-9.999887347221374512e-01,-9.996978044509887695e-01,-9.999930858612060547e-01,9.999882578849792480e-01,9.999922513961791992e-01,-9.999054670333862305e-01,9.999601840972900391e-01,9.999850392341613770e-01,9.999910593032836914e-01,-9.999792575836181641e-01,-9.999856352806091309e-01,9.999810457229614258e-01,9.999694824218750000e-01,-9.999924302101135254e-01,-9.999909400939941406e-01,-9.999516606330871582e-01,9.999913573265075684e-01,-9.999890327453613281e-01,9.999830126762390137e-01,-9.996863603591918945e-01,-9.999902844429016113e-01,-9.999751448631286621e-01,-9.999822378158569336e-01,-9.999675750732421875e-01,-9.999740719795227051e-01,-9.999911189079284668e-01,9.999898076057434082e-01,9.999908804893493652e-01,9.999787211418151855e-01,9.999893903732299805e-01,9.999160766601562500e-01,9.999741911888122559e-01,9.999814033508300781e-01,9.999858736991882324e-01,-9.997376203536987305e-01,-9.999818205833435059e-01,-9.999800324440002441e-01,9.999594688415527344e-01,-9.999917745590209961e-01,-9.999885559082031250e-01,-9.999675750732421875e-01,9.999204874038696289e-01,9.999912977218627930e-01,9.999922513961791992e-01,9.999430179595947266e-01,9.999855756759643555e-01,-9.999923110008239746e-01,9.999898672103881836e-01,-9.999812245368957520e-01,-9.999749660491943359e-01,9.999154806137084961e-01,-9.995220899581909180e-01,9.999847412109375000e-01,-9.998758435249328613e-01,-9.999857544898986816e-01,9.999315738677978516e-01,9.999842643737792969e-01,-9.998029470443725586e-01,-9.999848008155822754e-01,9.999913573265075684e-01,9.997545480728149414e-01,9.999891519546508789e-01,9.999107718467712402e-01,-9.999526143074035645e-01,-9.999898672103881836e-01,9.998962879180908203e-01,-9.999880194664001465e-01,9.999888539314270020e-01,-9.999884366989135742e-01,9.997635483741760254e-01,9.999889731407165527e-01,-9.999899864196777344e-01,9.999824166297912598e-01,-9.997887015342712402e-01,-9.999921917915344238e-01,9.999912381172180176e-01,-9.999606609344482422e-01,9.999843835830688477e-01,-9.999902248382568359e-01,9.999418854713439941e-01,9.998124837875366211e-01,-9.999886155128479004e-01,-9.999257326126098633e-01,-9.999212622642517090e-01,9.999803900718688965e-01,9.999622106552124023e-01,-9.999890923500061035e-01,9.999800324440002441e-01,-9.999888539314270020e-01,9.999856948852539062e-01,9.999561905860900879e-01,-9.999930262565612793e-01,9.999887347221374512e-01,-9.999886155128479004e-01,9.999907016754150391e-01,9.994584321975708008e-01,9.999833106994628906e-01,9.999913573265075684e-01,-9.999698996543884277e-01,-9.999898672103881836e-01,9.999841451644897461e-01,-9.999168515205383301e-01,9.999728202819824219e-01,9.998804926872253418e-01,9.999856352806091309e-01
9.999982714653015137e-01,-9.999981522560119629e-01,-9.999889135360717773e-01,9.999985098838806152e-01,9.999989867210388184e-01,-9.999985694885253906e-01,-9.999672770500183105e-01,9.999991059303283691e-01,-9.999971389770507812e-01,9.999964833259582520e-01,-9.999920129776000977e-01,-9.999989867210388184e-01,9.999984502792358398e-01,9.999973177909851074e-01,9.999453425407409668e-01,9.999980330467224121e-01,9.999980330467224121e-01,-9.999976754188537598e-01,-9.997718334197998047e-01,-9.999992251396179199e-01,-9.999989867210388184e-01,9.999874234199523926e-01,9.999970197677612305e-01,9.999985694885253906e-01,9.999598264694213867e-01,9.999991059303283691e-01,-9.999983906745910645e-01,-9.999990463256835938e-01,9.999875426292419434e-01,-9.999946951866149902e-01,-9.999979734420776367e-01,-9.999988675117492676e-01,9.999971985816955566e-01,9.999980926513671875e-01,-9.999974966049194336e-01,-9.999958872795104980e-01,9.999990463256835938e-01,9.999987483024597168e-01,9.999936819076538086e-01,-9.999988675117492676e-01,9.999985098838806152e-01,-9.999977350234985352e-01,9.999582767486572266e-01,9.999986886978149414e-01,9.999966621398925781e-01,9.999976158142089844e-01,9.999957084655761719e-01,9.999966025352478027e-01,9.999988079071044922e-01,-9.999986886978149414e-01,-9.999988675117492676e-01,-9.999971985816955566e-01,-9.999985694885253906e-01,-9.999888539314270020e-01,-9.999965429306030273e-01,-9.999974966049194336e-01,-9.999980926513671875e-01,9.999651908874511719e-01,9.999976158142089844e-01,9.999973177909851074e-01,-9.999946355819702148e-01,9.999988079071044922e-01,9.999984502792358398e-01,9.999957680702209473e-01,-9.999894499778747559e-01,-9.999988079071044922e-01,-9.999991059303283691e-01,-9.999924302101135254e-01,-9.999980330467224121e-01,9.999990463256835938e-01,-9.999986886978149414e-01,9.999974966049194336e-01,9.999966621398925781e-01,-9.999887943267822266e-01,9.999364614486694336e-01,-9.999980330467224121e-01,9.999836087226867676e-01,9.999982118606567383e-01,-9.999909400939941406e-01,-9.999979138374328613e-01,9.999738335609436035e-01,9.999980330467224121e-01,-9.999988079071044922e-01,-9.999673366546630859e-01,-9.999985098838806152e-01,-9.999881386756896973e-01,9.999937415122985840e-01,9.999986290931701660e-01,-9.999863505363464355e-01,9.999983906745910645e-01,-9.999985098838806152e-01,9.999984502792358398e-01,-9.999686479568481445e-01,-9.999986290931701660e-01,9.999987483024597168e-01,-9.999976158142089844e-01,9.999719858169555664e-01,9.999989867210388184e-01,-9.999988675117492676e-01,9.999947547912597656e-01,-9.999979734420776367e-01,9.999986886978149414e-01,-9.999923110008239746e-01,-9.999750256538391113e-01,9.999984502792358398e-01,9.999901652336120605e-01,9.999895691871643066e-01,-9.999973177909851074e-01,-9.999949932098388672e-01,9.999985098838806152e-01,-9.999973177909851074e-01,9.999985098838806152e-01,-9.999982118606567383e-01,-9.999942183494567871e-01,9.999992251396179199e-01,-9.999983906745910645e-01,9.999984502792358398e-01,-9.999987483024597168e-01,-9.999279975891113281e-01,-9.999977946281433105e-01,-9.999988675117492676e-01,9.999959468841552734e-01,9.999986886978149414e-01,-9.999978542327880859e-01,9.999890327453613281e-01,-9.999963641166687012e-01,-9.999841451644897461e-01,-9.999980330467224121e-01
9.999987483024597168e-01,-9.999987483024597168e-01,-9.999919533729553223e-01,9.999989867210388184e-01,9.999992847442626953e-01,-9.999989867210388184e-01,-9.999763369560241699e-01,9.999993443489074707e-01,-9.999979138374328613e-01,9.999974370002746582e-01,-9.999942183494567871e-01,-9.999993443489074707e-01,9.999988675117492676e-01,9.999981522560119629e-01,9.999604225158691406e-01,9.999986886978149414e-01,9.999985098838806152e-01,-9.999983310699462891e-01,-9.998347759246826172e-01,-9.999994635581970215e-01,-9.999993443489074707e-01,9.999909400939941406e-01,9.999979138374328613e-01,9.999990463256835938e-01,9.999709725379943848e-01,9.999992847442626953e-01,-9.999989271163940430e-01,-9.999994039535522461e-01,9.999909996986389160e-01,-9.999961256980895996e-01,-9.999986290931701660e-01,-9.999992847442626953e-01,9.999979734420776367e-01,9.999986290931701660e-01,-9.999982714653015137e-01,-9.999970197677612305e-01,9.999994039535522461e-01,9.999991655349731445e-01,9.999954104423522949e-01,-9.999992251396179199e-01,9.999989271163940430e-01,-9.999983310699462891e-01,9.999699592590332031e-01,9.999991059303283691e-01,9.999976158142089844e-01,9.999982714653015137e-01,9.999969601631164551e-01,9.999976158142089844e-01,9.999992847442626953e-01,-9.999991655349731445e-01,-9.999992847442626953e-01,-9.999979734420776367e-01,-9.999989867210388184e-01,-9.999920129776000977e-01,-9.999974966049194336e-01,-9.999982714653015137e-01,-9.999986290931701660e-01,9.999749064445495605e-01,9.999983310699462891e-01,9.999980330467224121e-01,-9.999960660934448242e-01,9.999992251396179199e-01,9.999988675117492676e-01,9.999969005584716797e-01,-9.999924898147583008e-01,-9.999992251396179199e-01,-9.999994039535522461e-01,-9.999945163726806641e-01,-9.999985694885253906e-01,9.999994039535522461e-01,-9.999991655349731445e-01,9.999981522560119629e-01,9.999975562095642090e-01,-9.999919533729553223e-01,9.999539852142333984e-01,-9.999985694885253906e-01,9.999881386756896973e-01,9.999986886978149414e-01,-9.999934434890747070e-01,-9.999984502792358398e-01,9.999810457229614258e-01,9.999986290931701660e-01,-9.999992251396179199e-01,-9.999765157699584961e-01,-9.999989867210388184e-01,-9.999914169311523438e-01,9.999955296516418457e-01,9.999991655349731445e-01,-9.999901056289672852e-01,9.999988675117492676e-01,-9.999989867210388184e-01,9.999989271163940430e-01,-9.999772906303405762e-01,-9.999989867210388184e-01,9.999991655349731445e-01,-9.999982714653015137e-01,9.999796748161315918e-01,9.999993443489074707e-01,-9.999992847442626953e-01,9.999963045120239258e-01,-9.999985694885253906e-01,9.999992251396179199e-01,-9.999943971633911133e-01,-9.999819993972778320e-01,9.999989271163940430e-01,9.999929666519165039e-01,9.999924302101135254e-01,-9.999980926513671875e-01,-9.999963045120239258e-01,9.999989867210388184e-01,-9.999980330467224121e-01,9.999989867210388184e-01,-9.999986886978149414e-01,-9.999958276748657227e-01,9.999993443489074707e-01,-9.999989867210388184e-01,9.999988675117492676e-01,-9.999991655349731445e-01,-9.999479651451110840e-01,-9.999984502792358398e-01,-9.999992847442626953e-01,9.999970793724060059e-01,9.999990463256835938e-01,-9.999985694885253906e-01,9.999920725822448730e-01,-9.999973773956298828e-01,-9.999884963035583496e-01,-9.999985694885253906e-01
-9.999983906745910645e-01,9.999982118606567383e-01,9.999895095825195312e-01,-9.999985694885253906e-01,-9.999989867210388184e-01,9.999986290931701660e-01,9.999689459800720215e-01,-9.999991655349731445e-01,9.999971985816955566e-01,-9.999965429306030273e-01,9.999923706054687500e-01,9.999989867210388184e-01,-9.999983906745910645e-01,-9.999974370002746582e-01,-9.999481439590454102e-01,-9.999981522560119629e-01,-9.999980330467224121e-01,9.999977350234985352e-01,9.997837543487548828e-01,9.999991655349731445e-01,9.999989867210388184e-01,-9.999880194664001465e-01,-9.999971985816955566e-01,-9.999985694885253906e-01,-9.999618530273437500e-01,-9.999991059303283691e-01,9.999985098838806152e-01,9.999990463256835938e-01,-9.999881386756896973e-01,9.999949932098388672e-01,9.999980926513671875e-01,9.999988675117492676e-01,-9.999972581863403320e-01,-9.999980926513671875e-01,9.999975562095642090e-01,9.999960064888000488e-01,-9.999989867210388184e-01,-9.999987483024597168e-01,-9.999939203262329102e-01,9.999988675117492676e-01,-9.999985098838806152e-01,9.999978542327880859e-01,-9.999604821205139160e-01,-9.999986886978149414e-01,-9.999967217445373535e-01,-9.999976754188537598e-01,-9.999958872795104980e-01,-9.999966621398925781e-01,-9.999988675117492676e-01,9.999986886978149414e-01,9.999988675117492676e-01,9.999973177909851074e-01,9.999986290931701660e-01,9.999894499778747559e-01,9.999966025352478027e-01,9.999975562095642090e-01,9.999982118606567383e-01,-9.999669790267944336e-01,-9.999976158142089844e-01,-9.999974370002746582e-01,9.999949336051940918e-01,-9.999989271163940430e-01,-9.999985694885253906e-01,-9.999959468841552734e-01,9.999899864196777344e-01,9.999988079071044922e-01,9.999990463256835938e-01,9.999927282333374023e-01,9.999980330467224121e-01,-9.999990463256835938e-01,9.999986886978149414e-01,-9.999975562095642090e-01,-9.999968409538269043e-01,9.999892711639404297e-01,-9.999396800994873047e-01,9.999980330467224121e-01,-9.999843835830688477e-01,-9.999981522560119629e-01,9.999912977218627930e-01,9.999980330467224121e-01,-9.999751448631286621e-01,-9.999980330467224121e-01,9.999988675117492676e-01,9.999691247940063477e-01,9.999985098838806152e-01,9.999887347221374512e-01,-9.999940395355224609e-01,-9.999986290931701660e-01,9.999868869781494141e-01,-9.999985098838806152e-01,9.999985694885253906e-01,-9.999985098838806152e-01,9.999702572822570801e-01,9.999985694885253906e-01,-9.999986886978149414e-01,9.999976754188537598e-01,-9.999734163284301758e-01,-9.999990463256835938e-01,9.999988675117492676e-01,-9.999950528144836426e-01,9.999980330467224121e-01,-9.999986886978149414e-01,9.999926686286926270e-01,9.999764561653137207e-01,-9.999984502792358398e-01,-9.999905824661254883e-01,-9.999901056289672852e-01,9.999974370002746582e-01,9.999951720237731934e-01,-9.999986290931701660e-01,9.999973773956298828e-01,-9.999985694885253906e-01,9.999981522560119629e-01,9.999945163726806641e-01,-9.999990463256835938e-01,9.999985098838806152e-01,-9.999984502792358398e-01,9.999988079071044922e-01,9.999317526817321777e-01,9.999978542327880859e-01,9.999989271163940430e-01,-9.999960660934448242e-01,-9.999986290931701660e-01,9.999979734420776367e-01,-9.999894499778747559e-01,9.999964237213134766e-01,9.999848604202270508e-01,9.999980330467224121e-01
-9.999625682830810547e-01,9.999591112136840820e-01,9.997539520263671875e-01,-9.999672770500183105e-01,-9.999763369560241699e-01,9.999689459800720215e-01,9.992769956588745117e-01,-9.999789595603942871e-01,9.999369382858276367e-01,-9.999209642410278320e-01,9.998211860656738281e-01,9.999760985374450684e-01,-9.999654889106750488e-01,-9.999412298202514648e-01,-9.987924098968505859e-01,-9.999573826789855957e-01,-9.999552369117736816e-01,9.999471306800842285e-01,9.949719309806823730e-01,9.999802112579345703e-01,9.999762177467346191e-01,-9.997214078903198242e-01,-9.999352097511291504e-01,-9.999667406082153320e-01,-9.991120696067810059e-01,-9.999798536300659180e-01,9.999654293060302734e-01,9.999772906303405762e-01,-9.997221231460571289e-01,9.998829960823059082e-01,9.999559521675109863e-01,9.999734759330749512e-01,-9.999390840530395508e-01,-9.999579191207885742e-01,9.999442100524902344e-01,9.999100565910339355e-01,-9.999780058860778809e-01,-9.999732971191406250e-01,-9.998577237129211426e-01,9.999746680259704590e-01,-9.999678730964660645e-01,9.999499320983886719e-01,-9.990782141685485840e-01,-9.999713301658630371e-01,-9.999266862869262695e-01,-9.999477863311767578e-01,-9.999046325683593750e-01,-9.999235868453979492e-01,-9.999740719795227051e-01,9.999701380729675293e-01,9.999732375144958496e-01,9.999375939369201660e-01,9.999690651893615723e-01,9.997533559799194336e-01,9.999239444732666016e-01,9.999453425407409668e-01,9.999582767486572266e-01,-9.992289543151855469e-01,-9.999464750289916992e-01,-9.999414086341857910e-01,9.998809099197387695e-01,-9.999759793281555176e-01,-9.999662637710571289e-01,-9.999045729637145996e-01,9.997663497924804688e-01,9.999743700027465820e-01,9.999771714210510254e-01,9.998328685760498047e-01,9.999573826789855957e-01,-9.999772310256958008e-01,9.999701976776123047e-01,-9.999449253082275391e-01,-9.999265074729919434e-01,9.997516274452209473e-01,-9.985960125923156738e-01,9.999551177024841309e-01,-9.996351003646850586e-01,-9.999579787254333496e-01,9.997991919517517090e-01,9.999539256095886230e-01,-9.994208216667175293e-01,-9.999552965164184570e-01,9.999744892120361328e-01,9.992784261703491211e-01,9.999679327011108398e-01,9.997377395629882812e-01,-9.998607039451599121e-01,-9.999701380729675293e-01,9.996951818466186523e-01,-9.999649524688720703e-01,9.999670386314392090e-01,-9.999659061431884766e-01,9.993048310279846191e-01,9.999675154685974121e-01,-9.999706149101257324e-01,9.999482035636901855e-01,-9.993788003921508789e-01,-9.999769330024719238e-01,9.999741911888122559e-01,-9.998843669891357422e-01,9.999539852142333984e-01,-9.999712109565734863e-01,9.998292326927185059e-01,9.994488954544067383e-01,-9.999665021896362305e-01,-9.997819066047668457e-01,-9.997688531875610352e-01,9.999424219131469727e-01,9.998888969421386719e-01,-9.999678730964660645e-01,9.999412298202514648e-01,-9.999671578407287598e-01,9.999579191207885742e-01,9.998714327812194824e-01,-9.999798536300659180e-01,9.999669194221496582e-01,-9.999664425849914551e-01,9.999727010726928711e-01,9.984092712402343750e-01,9.999507665634155273e-01,9.999747276306152344e-01,-9.999115467071533203e-01,-9.999701380729675293e-01,9.999534487724304199e-01,-9.997556209564208984e-01,9.999199509620666504e-01,9.996486306190490723e-01,9.999576210975646973e-01
9.999988675117492676e-01,-9.999988079071044922e-01,-9.999928474426269531e-01,9.999991059303283691e-01,9.999993443489074707e-01,-9.999991655349731445e-01,-9.999789595603942871e-01,9.999993443489074707e-01,-9.999981522560119629e-01,9.999976754188537598e-01,-9.999948143959045410e-01,-9.999994039535522461e-01,9.999989867210388184e-01,9.999982714653015137e-01,9.999646544456481934e-01,9.999988079071044922e-01,9.999986886978149414e-01,-9.999985098838806152e-01,-9.998527169227600098e-01,-9.999994635581970215e-01,-9.999993443489074707e-01,9.999918937683105469e-01,9.999980926513671875e-01,9.999991059303283691e-01,9.999741315841674805e-01,9.999993443489074707e-01,-9.999989867210388184e-01,-9.999993443489074707e-01,9.999918937683105469e-01,-9.999965429306030273e-01,-9.999986886978149414e-01,-9.999992847442626953e-01,9.999982118606567383e-01,9.999986886978149414e-01,-9.999983310699462891e-01,-9.999972581863403320e-01,9.999992847442626953e-01,9.999992847442626953e-01,9.999959468841552734e-01,-9.999992847442626953e-01,9.999991059303283691e-01,-9.999985098838806152e-01,9.999731779098510742e-01,9.999992251396179199e-01,9.999977946281433105e-01,9.999983906745910645e-01,9.999972581863403320e-01,9.999977350234985352e-01,9.999992847442626953e-01,-9.999992847442626953e-01,-9.999992847442626953e-01,-9.999981522560119629e-01,-9.999991655349731445e-01,-9.999928474426269531e-01,-9.999977350234985352e-01,-9.999982714653015137e-01,-9.999987483024597168e-01,9.999775290489196777e-01,9.999983906745910645e-01,9.999982714653015137e-01,-9.999964833259582520e-01,9.999992251396179199e-01,9.999989271163940430e-01,9.999972581863403320e-01,-9.999932050704956055e-01,-9.999992847442626953e-01,-9.999994635581970215e-01,-9.999950528144836426e-01,-9.999986886978149414e-01,9.999993443489074707e-01,-9.999991655349731445e-01,9.999983906745910645e-01,9.999978542327880859e-01,-9.999927878379821777e-01,9.999589920043945312e-01,-9.999986886978149414e-01,9.999893903732299805e-01,9.999987483024597168e-01,-9.999940395355224609e-01,-9.999985694885253906e-01,9.999830722808837891e-01,9.999987483024597168e-01,-9.999992847442626953e-01,-9.999789595603942871e-01,-9.999989867210388184e-01,-9.999923706054687500e-01,9.999959468841552734e-01,9.999990463256835938e-01,-9.999911189079284668e-01,9.999989867210388184e-01,-9.999991059303283691e-01,9.999990463256835938e-01,-9.999796748161315918e-01,-9.999991059303283691e-01,9.999991655349731445e-01,-9.999984502792358398e-01,9.999819397926330566e-01,9.999994635581970215e-01,-9.999992847442626953e-01,9.999966621398925781e-01,-9.999986290931701660e-01,9.999992251396179199e-01,-9.999949336051940918e-01,-9.999839067459106445e-01,9.999990463256835938e-01,9.999936819076538086e-01,9.999932646751403809e-01,-9.999982118606567383e-01,-9.999967217445373535e-01,9.999991059303283691e-01,-9.999982714653015137e-01,9.999991059303283691e-01,-9.999988079071044922e-01,-9.999961853027343750e-01,9.999994635581970215e-01,-9.999991059303283691e-01,9.999989271163940430e-01,-9.999992251396179199e-01,-9.999535679817199707e-01,-9.999985694885253906e-01,-9.999992847442626953e-01,9.999973177909851074e-01,9.999991655349731445e-01,-9.999986290931701660e-01,9.999929070472717285e-01,-9.999975562095642090e-01,-9.999896883964538574e-01,-9.999987483024597168e-01
-9.999966025352478027e-01,9.999964237213134766e-01,9.999786615371704102e-01,-9.999971389770507812e-01,-9.999979138374328613e-01,9.999971985816955566e-01,9.999369382858276367e-01,-9.999981522560119629e-01,9.999944567680358887e-01,-9.999931454658508301e-01,9.999844431877136230e-01,9.999979138374328613e-01,-9.999969601631164551e-01,-9.999949932098388672e-01,-9.998948574066162109e-01,-9.999962449073791504e-01,-9.999960660934448242e-01,9.999954700469970703e-01,9.995607733726501465e-01,9.999982714653015137e-01,9.999979734420776367e-01,-9.999758005142211914e-01,-9.999942779541015625e-01,-9.999971389770507812e-01,-9.999226331710815430e-01,-9.999982118606567383e-01,9.999969601631164551e-01,9.999979734420776367e-01,-9.999758601188659668e-01,9.999897480010986328e-01,9.999961256980895996e-01,9.999977350234985352e-01,-9.999946355819702148e-01,-9.999961853027343750e-01,9.999951720237731934e-01,9.999921917915344238e-01,-9.999979734420776367e-01,-9.999975562095642090e-01,-9.999876618385314941e-01,9.999977946281433105e-01,-9.999970793724060059e-01,9.999956488609313965e-01,-9.999197125434875488e-01,-9.999974966049194336e-01,-9.999936223030090332e-01,-9.999954104423522949e-01,-9.999917149543762207e-01,-9.999933838844299316e-01,-9.999977350234985352e-01,9.999974370002746582e-01,9.999976158142089844e-01,9.999945759773254395e-01,9.999971985816955566e-01,9.999786615371704102e-01,9.999933242797851562e-01,9.999952316284179688e-01,9.999962449073791504e-01,-9.999329447746276855e-01,-9.999953508377075195e-01,-9.999949336051940918e-01,9.999896287918090820e-01,-9.999977946281433105e-01,-9.999969601631164551e-01,-9.999917745590209961e-01,9.999797940254211426e-01,9.999976754188537598e-01,9.999980926513671875e-01,9.999853968620300293e-01,9.999962449073791504e-01,-9.999979734420776367e-01,9.999973773956298828e-01,-9.999951720237731934e-01,-9.999935030937194824e-01,9.999784231185913086e-01,-9.998776912689208984e-01,9.999960660934448242e-01,-9.999682903289794922e-01,-9.999963045120239258e-01,9.999824166297912598e-01,9.999959468841552734e-01,-9.999495148658752441e-01,-9.999960660934448242e-01,9.999977946281433105e-01,9.999371767044067383e-01,9.999971985816955566e-01,9.999772310256958008e-01,-9.999877810478210449e-01,-9.999973773956298828e-01,9.999735355377197266e-01,-9.999969005584716797e-01,9.999970793724060059e-01,-9.999970197677612305e-01,9.999395012855529785e-01,9.999971389770507812e-01,-9.999974966049194336e-01,9.999954104423522949e-01,-9.999458193778991699e-01,-9.999980330467224121e-01,9.999977350234985352e-01,-9.999899864196777344e-01,9.999960064888000488e-01,-9.999974370002746582e-01,9.999850392341613770e-01,9.999519586563110352e-01,-9.999970793724060059e-01,-9.999810457229614258e-01,-9.999799132347106934e-01,9.999949336051940918e-01,9.999902844429016113e-01,-9.999971985816955566e-01,9.999949336051940918e-01,-9.999970793724060059e-01,9.999963045120239258e-01,9.999887347221374512e-01,-9.999982118606567383e-01,9.999970197677612305e-01,-9.999970793724060059e-01,9.999976158142089844e-01,9.998614192008972168e-01,9.999956488609313965e-01,9.999977946281433105e-01,-9.999921917915344238e-01,-9.999973773956298828e-01,9.999958872795104980e-01,-9.999787807464599609e-01,9.999930262565612793e-01,9.999694824218750000e-01,9.999961256980895996e-01
9.999960064888000488e-01,-9.999956488609313965e-01,-9.999731183052062988e-01,9.999964833259582520e-01,9.999974370002746582e-01,-9.999965429306030273e-01,-9.999209642410278320e-01,9.999976754188537598e-01,-9.999931454658508301e-01,9.999914169311523438e-01,-9.999805688858032227e-01,-9.999974370002746582e-01,9.999961853027343750e-01,9.999936819076538086e-01,9.998678565025329590e-01,9.999954700469970703e-01,9.999951720237731934e-01,-9.999943971633911133e-01,-9.994478821754455566e-01,-9.999978542327880859e-01,-9.999974966049194336e-01,9.999697208404541016e-01,9.999929666519165039e-01,9.999964237213134766e-01,9.999028444290161133e-01,9.999977946281433105e-01,-9.999963045120239258e-01,-9.999975562095642090e-01,9.999697804450988770e-01,-9.999872446060180664e-01,-9.999953508377075195e-01,-9.999971389770507812e-01,9.999933838844299316e-01,9.999954104423522949e-01,-9.999939799308776855e-01,-9.999901652336120605e-01,9.999976158142089844e-01,9.999971389770507812e-01,9.999845623970031738e-01,-9.999971985816955566e-01,9.999964237213134766e-01,-9.999946355819702148e-01,9.998990893363952637e-01,9.999969005584716797e-01,9.999920725822448730e-01,9.999943375587463379e-01,9.999897480010986328e-01,9.999917149543762207e-01,9.999971985816955566e-01,-9.999967813491821289e-01,-9.999971389770507812e-01,-9.999932646751403809e-01,-9.999966621398925781e-01,-9.999731779098510742e-01,-9.999917745590209961e-01,-9.999940395355224609e-01,-9.999955296516418457e-01,9.999156594276428223e-01,9.999942779541015625e-01,9.999936223030090332e-01,-9.999870657920837402e-01,9.999974370002746582e-01,9.999962449073791504e-01,9.999896883964538574e-01,-9.999745488166809082e-01,-9.999972581863403320e-01,-9.999975562095642090e-01,-9.999817609786987305e-01,-9.999954104423522949e-01,9.999976158142089844e-01,-9.999967813491821289e-01,9.999939799308776855e-01,9.999920129776000977e-01,-9.999728798866271973e-01,9.998463988304138184e-01,-9.999952316284179688e-01,9.999601244926452637e-01,9.999954700469970703e-01,-9.999780654907226562e-01,-9.999949932098388672e-01,9.999366402626037598e-01,9.999951720237731934e-01,-9.999972581863403320e-01,-9.999210834503173828e-01,-9.999965429306030273e-01,-9.999713897705078125e-01,9.999848008155822754e-01,9.999967813491821289e-01,-9.999667406082153320e-01,9.999962449073791504e-01,-9.999963641166687012e-01,9.999962449073791504e-01,-9.999239444732666016e-01,-9.999964833259582520e-01,9.999968409538269043e-01,-9.999943375587463379e-01,9.999321103096008301e-01,9.999974966049194336e-01,-9.999971985816955566e-01,9.999874830245971680e-01,-9.999950528144836426e-01,9.999967813491821289e-01,-9.999814033508300781e-01,-9.999396800994873047e-01,9.999964237213134766e-01,9.999762177467346191e-01,9.999747276306152344e-01,-9.999937415122985840e-01,-9.999879002571105957e-01,9.999965429306030273e-01,-9.999936223030090332e-01,9.999964833259582520e-01,-9.999954700469970703e-01,-9.999859929084777832e-01,9.999978542327880859e-01,-9.999963641166687012e-01,9.999963045120239258e-01,-9.999970793724060059e-01,-9.998258948326110840e-01,-9.999946951866149902e-01,-9.999972581863403320e-01,9.999902844429016113e-01,9.999967813491821289e-01,-9.999949932098388672e-01,9.999734163284301758e-01,-9.999912977218627930e-01,-9.999615550041198730e-01,-9.999953508377075195e-01
-9.999907612800598145e-01,9.999899864196777344e-01,9.999390840530395508e-01,-9.999920129776000977e-01,-9.999942183494567871e-01,9.999923706054687500e-01,9.998211860656738281e-01,-9.999948143959045410e-01,9.999844431877136230e-01,-9.999805688858032227e-01,9.999558925628662109e-01,9.999940991401672363e-01,-9.999914169311523438e-01,-9.999856352806091309e-01,-9.997012019157409668e-01,-9.999895095825195312e-01,-9.999889731407165527e-01,9.999870657920837402e-01,9.987525343894958496e-01,9.999951720237731934e-01,9.999941587448120117e-01,-9.999311566352844238e-01,-9.999840259552001953e-01,-9.999918341636657715e-01,-9.997803568840026855e-01,-9.999950528144836426e-01,9.999914765357971191e-01,9.999943971633911133e-01,-9.999312758445739746e-01,9.999711513519287109e-01,9.999892115592956543e-01,9.999934434890747070e-01,-9.999849796295166016e-01,-9.999896287918090820e-01,9.999863505363464355e-01,9.999777078628540039e-01,-9.999945163726806641e-01,-9.999935030937194824e-01,-9.999648928642272949e-01,9.999936819076538086e-01,-9.999920725822448730e-01,9.999876618385314941e-01,-9.997720718383789062e-01,-9.999929070472717285e-01,-9.999818205833435059e-01,-9.999870657920837402e-01,-9.999764561653137207e-01,-9.999812245368957520e-01,-9.999936819076538086e-01,9.999927282333374023e-01,9.999933838844299316e-01,9.999846220016479492e-01,9.999923706054687500e-01,9.999390244483947754e-01,9.999812245368957520e-01,9.999865293502807617e-01,9.999896883964538574e-01,-9.998093247413635254e-01,-9.999868869781494141e-01,-9.999854564666748047e-01,9.999706149101257324e-01,-9.999939799308776855e-01,-9.999916553497314453e-01,-9.999764561653137207e-01,9.999422430992126465e-01,9.999936819076538086e-01,9.999944567680358887e-01,9.999585747718811035e-01,9.999894499778747559e-01,-9.999943375587463379e-01,9.999926090240478516e-01,-9.999862909317016602e-01,-9.999818801879882812e-01,9.999385476112365723e-01,-9.996526241302490234e-01,9.999889135360717773e-01,-9.999097585678100586e-01,-9.999896883964538574e-01,9.999502897262573242e-01,9.999885559082031250e-01,-9.998568296432495117e-01,-9.999889731407165527e-01,9.999938011169433594e-01,9.998216032981872559e-01,9.999920129776000977e-01,9.999350905418395996e-01,-9.999656081199645996e-01,-9.999926090240478516e-01,9.999246001243591309e-01,-9.999912977218627930e-01,9.999918937683105469e-01,-9.999915957450866699e-01,9.998281598091125488e-01,9.999919533729553223e-01,-9.999927878379821777e-01,9.999872446060180664e-01,-9.998464584350585938e-01,-9.999942779541015625e-01,9.999936223030090332e-01,-9.999714493751525879e-01,9.999886751174926758e-01,-9.999929070472717285e-01,9.999577403068542480e-01,9.998637437820434570e-01,-9.999917149543762207e-01,-9.999460577964782715e-01,-9.999428391456604004e-01,9.999858140945434570e-01,9.999725818634033203e-01,-9.999920725822448730e-01,9.999855160713195801e-01,-9.999919533729553223e-01,9.999896287918090820e-01,9.999682903289794922e-01,-9.999949932098388672e-01,9.999917745590209961e-01,-9.999917149543762207e-01,9.999933242797851562e-01,9.996063709259033203e-01,9.999878406524658203e-01,9.999937415122985840e-01,-9.999781250953674316e-01,-9.999926090240478516e-01,9.999884366989135742e-01,-9.999395608901977539e-01,9.999802708625793457e-01,9.999130368232727051e-01,9.999895691871643066e-01
-9.999988079071044922e-01,9.999986886978149414e-01,9.999918937683105469e-01,-9.999989867210388184e-01,-9.999993443489074707e-01,9.999989867210388184e-01,9.999760985374450684e-01,-9.999994039535522461e-01,9.999979138374328613e-01,-9.999974370002746582e-01,9.999940991401672363e-01,9.999993443489074707e-01,-9.999988675117492676e-01,-9.999980330467224121e-01,-9.999599456787109375e-01,-9.999986290931701660e-01,-9.999985098838806152e-01,9.999983310699462891e-01,9.998328089714050293e-01,9.999994635581970215e-01,9.999993443489074707e-01,-9.999908804893493652e-01,-9.999979138374328613e-01,-9.999989271163940430e-01,-9.999707341194152832e-01,-9.999992847442626953e-01,9.999989271163940430e-01,9.999993443489074707e-01,-9.999908804893493652e-01,9.999960660934448242e-01,9.999986290931701660e-01,9.999992847442626953e-01,-9.999979138374328613e-01,-9.999985694885253906e-01,9.999982118606567383e-01,9.999969601631164551e-01,-9.999992847442626953e-01,-9.999992847442626953e-01,-9.999953508377075195e-01,9.999992251396179199e-01,-9.999989271163940430e-01,9.999983906745910645e-01,-9.999694824218750000e-01,-9.999991059303283691e-01,-9.999976158142089844e-01,-9.999982714653015137e-01,-9.999969005584716797e-01,-9.999974966049194336e-01,-9.999991655349731445e-01,9.999990463256835938e-01,9.999992847442626953e-01,9.999979734420776367e-01,9.999989867210388184e-01,9.999918937683105469e-01,9.999974966049194336e-01,9.999981522560119629e-01,9.999986886978149414e-01,-9.999746084213256836e-01,-9.999982118606567383e-01,-9.999980330467224121e-01,9.999960064888000488e-01,-9.999992251396179199e-01,-9.999988675117492676e-01,-9.999969005584716797e-01,9.999923706054687500e-01,9.999992847442626953e-01,9.999994635581970215e-01,9.999944567680358887e-01,9.999985694885253906e-01,-9.999994635581970215e-01,9.999991655349731445e-01,-9.999982714653015137e-01,-9.999976158142089844e-01,9.999918341636657715e-01,-9.999535083770751953e-01,9.999985694885253906e-01,-9.999879598617553711e-01,-9.999986886978149414e-01,9.999933838844299316e-01,9.999984502792358398e-01,-9.999808669090270996e-01,-9.999986886978149414e-01,9.999991655349731445e-01,9.999761581420898438e-01,9.999989271163940430e-01,9.999913573265075684e-01,-9.999954104423522949e-01,-9.999990463256835938e-01,9.999899864196777344e-01,-9.999988675117492676e-01,9.999989867210388184e-01,-9.999989271163940430e-01,9.999771118164062500e-01,9.999989867210388184e-01,-9.999991655349731445e-01,9.999982714653015137e-01,-9.999795556068420410e-01,-9.999993443489074707e-01,9.999992847442626953e-01,-9.999962449073791504e-01,9.999985694885253906e-01,-9.999992251396179199e-01,9.999943375587463379e-01,9.999818205833435059e-01,-9.999989271163940430e-01,-9.999927878379821777e-01,-9.999924898147583008e-01,9.999980926513671875e-01,9.999962449073791504e-01,-9.999989867210388184e-01,9.999980330467224121e-01,-9.999989867210388184e-01,9.999986886978149414e-01,9.999958276748657227e-01,-9.999994635581970215e-01,9.999988675117492676e-01,-9.999989271163940430e-01,9.999992251396179199e-01,9.999472498893737793e-01,9.999983310699462891e-01,9.999992251396179199e-01,-9.999969601631164551e-01,-9.999991655349731445e-01,9.999985098838806152e-01,-9.999919533729553223e-01,9.999973177909851074e-01,9.999883770942687988e-01,9.999986886978149414e-01
