4.418246746063232422e-01,-7.338482886552810669e-03,1.218923032283782959e-01,-1.985663324594497681e-01,2.918481230735778809e-01,-3.818387687206268311e-01,3.160971030592918396e-02,3.892842531204223633e-01,7.101484388113021851e-02,-2.152546308934688568e-02,-1.957757174968719482e-01,-1.130224466323852539e-01,-1.829879879951477051e-01,-3.713352605700492859e-02,-5.575385317206382751e-02,1.718648076057434082e-01,3.956459462642669678e-03,-7.374504953622817993e-02,1.184680908918380737e-01,1.935256645083427429e-03,-7.696413993835449219e-02,-1.845993101596832275e-01,-1.937239021062850952e-01,1.249608770012855530e-01,1.055566407740116119e-02,1.323639303445816040e-01,7.747885584831237793e-02,-3.070390224456787109e-01,1.797871291637420654e-02,-7.186042517423629761e-02,-1.941429525613784790e-01,1.688618771731853485e-02,-1.477411985397338867e-01,-3.439973806962370872e-03,-1.319730374962091446e-02,-1.419001258909702301e-02,3.808441758155822754e-02,1.210751943290233612e-02,-2.535175383090972900e-01,-1.665052622556686401e-01,1.247081011533737183e-01,7.312892377376556396e-02,-1.647769957780838013e-01,-7.524714339524507523e-03,-1.283240597695112228e-02,2.633542418479919434e-01,2.812030911445617676e-02,-4.192959517240524292e-02,1.659747511148452759e-01,-1.082436069846153259e-01,-2.394053488969802856e-01,-1.845765113830566406e-01,1.633921712636947632e-01,-4.465599730610847473e-02,-2.400181442499160767e-02,-4.892095550894737244e-02,1.295908838510513306e-01,2.174057764932513237e-03,1.353885829448699951e-01,1.804036349058151245e-01,-1.174758449196815491e-01,6.138343736529350281e-02,-7.650042418390512466e-03,2.168868482112884521e-01,1.377264708280563354e-01,1.269847969524562359e-03,-3.619094789028167725e-01,7.312673330307006836e-02,-1.995267905294895172e-02,2.719187736511230469e-01,-1.590300351381301880e-01,2.512159645557403564e-01,1.273887604475021362e-02,-3.942462801933288574e-02,-1.803492009639739990e-01,-6.222113221883773804e-02,5.299939075484871864e-04,-2.419551275670528412e-02,5.142783746123313904e-02,-5.129998680786229670e-05,3.547201305627822876e-02,-4.185397119726985693e-05,-1.350089311599731445e-01,-1.710571348667144775e-03,-2.278976440429687500e-01,1.604784280061721802e-01,2.427411079406738281e-01,2.233285456895828247e-03,-1.408682465553283691e-01,9.236006438732147217e-02,-1.558883190155029297e-01,3.229957222938537598e-01,1.505460739135742188e-01,-2.109044939279556274e-01,-5.079802870750427246e-02,-3.187259733676910400e-01,-7.824492640793323517e-03,-8.324595910380594432e-06,-1.119295209646224976e-01,1.486146301031112671e-01,-3.088570833206176758e-01,3.510759174823760986e-01,2.014974877238273621e-02,-7.754681259393692017e-02,-1.197222545742988586e-01,8.098205178976058960e-02,2.093641906976699829e-01,1.492643207311630249e-01,-4.250304996967315674e-01,1.187688019126653671e-02,-1.124518290162086487e-01,2.337369769811630249e-01,7.131638377904891968e-02,-7.444347441196441650e-02,1.562133338302373886e-02,-3.133154287934303284e-02,2.779819369316101074e-01,-1.316999047994613647e-01,-1.011453494429588318e-01,-1.185420081019401550e-01,-1.858968138694763184e-01,5.067617818713188171e-02,-4.253588616847991943e-03,3.162904083728790283e-01,-2.753375098109245300e-02,1.801150143146514893e-01,2.926826849579811096e-02,1.324822753667831421e-02
-7.338482886552810669e-03,1.065570581704378128e-02,-9.250536561012268066e-02,7.684434205293655396e-02,5.464294925332069397e-02,-1.084053702652454376e-02,-1.582297310233116150e-02,3.842106834053993225e-02,6.645294278860092163e-02,7.085813581943511963e-02,-1.947658509016036987e-02,-4.817954078316688538e-02,7.069424539804458618e-02,7.511920481920242310e-02,8.687209337949752808e-02,9.506919234991073608e-02,-1.537758507765829563e-03,7.932707667350769043e-02,-8.835015445947647095e-02,-6.317289918661117554e-02,-5.790619924664497375e-02,7.731971144676208496e-02,6.069215759634971619e-02,-2.893489226698875427e-02,1.446430571377277374e-02,8.503293246030807495e-02,-9.031299501657485962e-02,-4.697674140334129333e-02,7.704944908618927002e-02,-1.144873327575623989e-03,1.131983706727623940e-03,-1.035413742065429688e-01,7.122966647148132324e-02,6.865199655294418335e-02,-2.055024262517690659e-03,-9.430399537086486816e-02,6.777328997850418091e-02,8.745556324720382690e-02,-6.170326843857765198e-02,-7.481478899717330933e-02,8.784218132495880127e-02,1.480290852487087250e-02,8.966331183910369873e-02,3.163619711995124817e-02,-1.250784005969762802e-02,-7.296326756477355957e-02,-8.898909389972686768e-02,-2.687406353652477264e-02,-1.270018704235553741e-02,1.372979581356048584e-02,5.232245195657014847e-03,6.714719347655773163e-03,6.425030529499053955e-02,-1.749488525092601776e-03,-1.247771643102169037e-02,-1.004212275147438049e-01,4.627332463860511780e-02,3.773777280002832413e-03,-8.111190050840377808e-02,-7.338115572929382324e-02,-1.800529100000858307e-02,-3.968648146837949753e-03,2.469306811690330505e-03,2.904650382697582245e-02,7.617529015988111496e-03,-3.140199929475784302e-02,3.616614639759063721e-02,9.282203763723373413e-02,-9.019314497709274292e-02,3.966659307479858398e-02,-7.755699008703231812e-02,-1.356725580990314484e-02,-3.620517253875732422e-02,8.430513739585876465e-02,-3.347033634781837463e-02,-9.468807280063629150e-02,-2.510324702598154545e-04,9.330147504806518555e-02,-4.559224843978881836e-02,-8.421583473682403564e-02,9.179499745368957520e-02,8.974603406386449933e-05,-7.807081937789916992e-02,7.457241281372262165e-06,-8.808616548776626587e-02,-8.286720514297485352e-02,3.975012153387069702e-02,9.595287847332656384e-04,7.339194416999816895e-02,7.194130122661590576e-02,-2.312647923827171326e-02,-4.301228746771812439e-02,-8.225608617067337036e-02,5.765478685498237610e-02,-8.305080235004425049e-02,1.227295864373445511e-02,6.250523030757904053e-02,-9.412817689735675231e-07,-6.995622068643569946e-02,7.748202234506607056e-02,-3.433726727962493896e-02,3.710308670997619629e-02,-9.568783640861511230e-02,-8.725595474243164062e-02,1.041508540511131287e-01,1.003656815737485886e-02,-8.320875465869903564e-02,-9.008313715457916260e-02,-1.719949208199977875e-02,-2.115756506100296974e-03,7.378920167684555054e-02,-7.608956843614578247e-02,-8.948287367820739746e-02,-8.085811510682106018e-03,9.180466830730438232e-02,-8.250474929809570312e-02,4.658942669630050659e-02,3.875806927680969238e-02,-9.059429913759231567e-02,6.303780525922775269e-02,6.596910953521728516e-02,7.734746485948562622e-02,7.964626699686050415e-02,-5.805168300867080688e-02,-5.483386665582656860e-02,-5.902374163269996643e-02,-6.559607572853565216e-03,7.856766879558563232e-02
1.218923032283782959e-01,-9.250536561012268066e-02,8.022128343582153320e-01,-7.106372714042663574e-01,-4.732147455215454102e-01,3.339162096381187439e-02,1.292549073696136475e-01,-3.483045697212219238e-01,-5.392271280288696289e-01,-6.526386141777038574e-01,1.785693466663360596e-01,4.641844630241394043e-01,-6.103162169456481934e-01,-6.855168342590332031e-01,-7.652578949928283691e-01,-7.457131147384643555e-01,1.413730904459953308e-02,-6.994355916976928711e-01,7.565902471542358398e-01,6.070300340652465820e-01,4.578266143798828125e-01,-7.170398831367492676e-01,-6.074336767196655273e-01,2.885692715644836426e-01,-1.355278789997100830e-01,-6.786617040634155273e-01,7.687593102455139160e-01,3.796353936195373535e-01,-6.975045800209045410e-01,2.234936458989977837e-03,-1.558317709714174271e-02,8.189977407455444336e-01,-6.097484230995178223e-01,-6.680827140808105469e-01,2.283619530498981476e-02,7.680898904800415039e-01,-6.307862997055053711e-01,-7.591894865036010742e-01,5.097241997718811035e-01,6.474096179008483887e-01,-7.105742096900939941e-01,-1.271386742591857910e-01,-7.747960686683654785e-01,-3.095931112766265869e-01,6.015324592590332031e-02,6.679943203926086426e-01,7.804478406906127930e-01,2.531948685646057129e-01,1.482376754283905029e-01,-5.546658113598823547e-02,-5.247307941317558289e-02,-9.084613062441349030e-03,-5.489297509193420410e-01,1.309317909181118011e-02,1.370945721864700317e-01,8.222231268882751465e-01,-4.655837416648864746e-01,-3.746600076556205750e-02,7.025208473205566406e-01,6.686787009239196777e-01,1.524951308965682983e-01,5.360154435038566589e-02,-2.253843471407890320e-02,-2.158987373113632202e-01,-3.565337136387825012e-02,2.937944233417510986e-01,-3.147737383842468262e-01,-7.648475170135498047e-01,7.612804174423217773e-01,-3.422594070434570312e-01,6.813120841979980469e-01,1.871955543756484985e-01,3.262684643268585205e-01,-7.512619495391845703e-01,2.411397844552993774e-01,7.787397503852844238e-01,2.243249677121639252e-03,-8.022195100784301758e-01,4.275101721286773682e-01,7.337431907653808594e-01,-7.724989652633666992e-01,-8.922432316467165947e-04,6.892986297607421875e-01,7.408910314552485943e-04,7.054313421249389648e-01,7.450690865516662598e-01,-3.674249053001403809e-01,-9.243746288120746613e-03,-6.292248368263244629e-01,-6.620299220085144043e-01,2.099501937627792358e-01,3.580820262432098389e-01,7.108296155929565430e-01,-5.335744619369506836e-01,7.145293354988098145e-01,-1.278216242790222168e-01,-5.884364843368530273e-01,1.007106675388058648e-05,6.182342767715454102e-01,-6.518498063087463379e-01,3.563762307167053223e-01,-2.990701496601104736e-01,7.923709154129028320e-01,7.455933690071105957e-01,-8.413670063018798828e-01,-1.504020392894744873e-01,6.725870966911315918e-01,7.640014290809631348e-01,1.204559728503227234e-01,1.707525551319122314e-02,-6.276438832283020020e-01,6.948344707489013672e-01,7.744091153144836426e-01,5.752401892095804214e-03,-7.929954528808593750e-01,7.140933871269226074e-01,-3.952504694461822510e-01,-4.031702578067779541e-01,7.668817043304443359e-01,-5.873458981513977051e-01,-6.176747083663940430e-01,-6.673778295516967773e-01,-6.950041651725769043e-01,5.244877934455871582e-01,5.564585924148559570e-01,5.574805736541748047e-01,5.444744601845741272e-02,-7.052572965621948242e-01
-1.985663324594497681e-01,7.684434205293655396e-02,-7.106372714042663574e-01,7.548997998237609863e-01,2.778618335723876953e-01,8.372113108634948730e-02,-9.846461564302444458e-02,1.544312238693237305e-01,4.966381490230560303e-01,5.659637451171875000e-01,-2.672555744647979736e-01,-3.623476624488830566e-01,4.310723543167114258e-01,6.253976821899414062e-01,6.750708222389221191e-01,5.334582924842834473e-01,-9.623135440051555634e-03,6.009644865989685059e-01,-7.386934757232666016e-01,-5.458133816719055176e-01,-5.175658464431762695e-01,6.820972561836242676e-01,5.629020929336547852e-01,-2.176394462585449219e-01,1.211858540773391724e-01,4.590880870819091797e-01,-6.226756572723388672e-01,-1.156838983297348022e-01,4.924026429653167725e-01,1.528632938861846924e-01,-4.201458301395177841e-03,-7.337479591369628906e-01,6.792943477630615234e-01,5.885601639747619629e-01,-4.387998953461647034e-03,-5.727800726890563965e-01,4.816992878913879395e-01,6.396884322166442871e-01,-2.293833941221237183e-01,-6.167466640472412109e-01,6.384190320968627930e-01,1.824419498443603516e-01,6.646543145179748535e-01,2.500883638858795166e-01,-1.962377578020095825e-01,-5.183746218681335449e-01,-7.233160138130187988e-01,-2.279498130083084106e-01,-8.122818171977996826e-02,1.077100411057472229e-01,7.634522765874862671e-02,1.872882694005966187e-01,5.554375052452087402e-01,-2.921448647975921631e-02,3.240296989679336548e-02,-6.678697466850280762e-01,4.533997774124145508e-01,2.926554344594478607e-02,-6.240109205245971680e-01,-7.230854630470275879e-01,-1.898078471422195435e-01,3.422393649816513062e-02,2.549478597939014435e-02,1.311485916376113892e-01,5.278746038675308228e-02,-2.513215541839599609e-01,2.360286712646484375e-01,5.835370421409606934e-01,-6.356340646743774414e-01,9.325492382049560547e-02,-5.307890176773071289e-01,2.350565278902649879e-03,-3.901707828044891357e-01,6.637549996376037598e-01,-2.721270322799682617e-01,-6.605228781700134277e-01,-5.678582820110023022e-04,6.506211161613464355e-01,-5.572178363800048828e-01,-6.246092915534973145e-01,7.331144213676452637e-01,7.561450474895536900e-04,-5.233035087585449219e-01,3.612818429246544838e-03,-5.731491446495056152e-01,-6.354044675827026367e-01,1.258437782526016235e-01,4.860815126448869705e-03,4.848492145538330078e-01,5.427293777465820312e-01,-2.333720773458480835e-01,-4.884751737117767334e-01,-7.146461606025695801e-01,5.840582251548767090e-01,-6.598705053329467773e-01,2.204076647758483887e-01,4.458689689636230469e-01,-8.602313755545765162e-06,-4.155708849430084229e-01,4.950782060623168945e-01,-2.031957656145095825e-01,4.089095443487167358e-02,-7.481040358543395996e-01,-5.934292674064636230e-01,7.729045748710632324e-01,3.411183655261993408e-01,-7.651952505111694336e-01,-6.285412907600402832e-01,7.426179945468902588e-02,-2.453749068081378937e-02,6.507995128631591797e-01,-7.223368287086486816e-01,-7.308453321456909180e-01,1.782622635364532471e-01,6.696805357933044434e-01,-6.112450957298278809e-01,1.386258453130722046e-01,3.476476967334747314e-01,-6.347394585609436035e-01,6.322869658470153809e-01,5.081245899200439453e-01,6.405661106109619141e-01,6.549385786056518555e-01,-5.170829296112060547e-01,-5.178732872009277344e-01,-5.656690597534179688e-01,-4.924337565898895264e-02,6.007164716720581055e-01
2.918481230735778809e-01,5.464294925332069397e-02,-4.732147455215454102e-01,2.778618335723876953e-01,6.434473395347595215e-01,-3.715723156929016113e-01,-6.762623786926269531e-02,6.518435478210449219e-01,3.605783581733703613e-01,4.032875299453735352e-01,-1.949486136436462402e-01,-4.239922463893890381e-01,3.553009033203125000e-01,4.053382277488708496e-01,4.879629015922546387e-01,7.555447220802307129e-01,-7.765326648950576782e-03,4.481140375137329102e-01,-4.020552337169647217e-01,-3.640874326229095459e-01,-2.462893128395080566e-01,3.247322142124176025e-01,2.304590195417404175e-01,-1.184827312827110291e-01,9.261678159236907959e-02,6.655847430229187012e-01,-5.071090459823608398e-01,-6.307473182678222656e-01,6.152417063713073730e-01,-1.500057727098464966e-01,-1.296828389167785645e-01,-5.560373663902282715e-01,2.031982243061065674e-01,4.487402439117431641e-01,-3.666454181075096130e-02,-6.258508563041687012e-01,4.903043210506439209e-01,5.642641186714172363e-01,-7.289930582046508789e-01,-5.328962206840515137e-01,5.803570747375488281e-01,8.433102071285247803e-02,4.343207478523254395e-01,2.123331278562545776e-01,6.879519671201705933e-02,-3.193521499633789062e-01,-5.169844031333923340e-01,-2.037555426359176636e-01,-2.126108482480049133e-02,-8.778747171163558960e-02,-1.703272908926010132e-01,-2.777115106582641602e-01,4.318942129611968994e-01,-3.497446328401565552e-02,-2.257610112428665161e-01,-6.795839071273803711e-01,3.818376660346984863e-01,2.953108027577400208e-02,-3.664968907833099365e-01,-2.479090839624404907e-01,-1.382836252450942993e-01,-7.048492133617401123e-02,4.301395732909440994e-03,3.213582336902618408e-01,1.077736467123031616e-01,-1.949737071990966797e-01,-3.132116422057151794e-02,6.609897017478942871e-01,-5.587050914764404297e-01,5.746800303459167480e-01,-6.502681970596313477e-01,-6.805234402418136597e-02,-1.108696609735488892e-01,5.004051923751831055e-01,-2.401809692382812500e-01,-6.154160499572753906e-01,-1.988064497709274292e-03,6.056271195411682129e-01,-1.321997046470642090e-01,-5.210728645324707031e-01,5.475029349327087402e-01,5.747273680754005909e-04,-6.348448991775512695e-01,-4.658816382288932800e-03,-7.092511653900146484e-01,-4.216850399971008301e-01,5.534557700157165527e-01,1.020880974829196930e-02,3.400229215621948242e-01,5.491011738777160645e-01,-2.314627021551132202e-01,1.315459161996841431e-01,-3.144653439521789551e-01,9.718324244022369385e-02,-5.152758955955505371e-01,-2.316255718469619751e-01,4.496885240077972412e-01,-1.461694228055421263e-05,-5.843343138694763184e-01,6.257698535919189453e-01,-5.487853884696960449e-01,6.120082139968872070e-01,-5.245630741119384766e-01,-6.322389245033264160e-01,5.029249787330627441e-01,3.707050532102584839e-02,-2.038404494524002075e-01,-4.777289927005767822e-01,-5.213195085525512695e-01,6.790975574404001236e-03,2.508367300033569336e-01,-2.247714251279830933e-01,-4.709040820598602295e-01,-1.877868026494979858e-01,6.206431984901428223e-01,-5.171214938163757324e-01,6.098213195800781250e-01,1.877159029245376587e-01,-6.550521850585937500e-01,2.164371609687805176e-01,3.130207657814025879e-01,4.457609057426452637e-01,4.246177375316619873e-01,-6.786309182643890381e-02,-3.654312491416931152e-01,-1.641456037759780884e-01,-1.423791330307722092e-02,4.996197223663330078e-01
-3.818387687206268311e-01,-1.084053702652454376e-02,3.339162096381187439e-02,8.372113108634948730e-02,-3.715723156929016113e-01,4.104058444499969482e-01,1.868961937725543976e-02,-4.378194510936737061e-01,-1.976090967655181885e-01,-9.831385314464569092e-02,1.645403206348419189e-01,2.052778750658035278e-01,2.426850236952304840e-02,-9.477083384990692139e-02,-9.064146131277084351e-02,-3.598259985446929932e-01,-1.072441926226019859e-03,-6.265680491924285889e-02,2.428027428686618805e-02,8.981046825647354126e-02,1.459683030843734741e-01,3.442244231700897217e-02,8.949980139732360840e-02,-3.915155678987503052e-02,-3.559496998786926270e-02,-3.154863715171813965e-01,9.673458337783813477e-02,3.949007391929626465e-01,-1.684786826372146606e-01,7.069583237171173096e-02,1.856640130281448364e-01,1.711181700229644775e-01,5.769098922610282898e-02,-1.049192398786544800e-01,1.917859353125095367e-02,2.109257131814956665e-01,-1.681813299655914307e-01,-1.687022894620895386e-01,3.887976408004760742e-01,2.457000017166137695e-01,-2.672182917594909668e-01,-6.392983347177505493e-02,7.080506999045610428e-03,-4.478715732693672180e-02,-7.172285113483667374e-03,-9.561573714017868042e-02,1.107518523931503296e-01,7.318858057260513306e-02,-1.341820359230041504e-01,1.146668940782546997e-01,2.242614477872848511e-01,1.749684363603591919e-01,-2.365995347499847412e-01,4.732888936996459961e-02,6.887038797140121460e-02,2.227024585008621216e-01,-1.948489844799041748e-01,-9.439523331820964813e-03,1.836595947679597884e-05,-6.804039329290390015e-02,1.308167874813079834e-01,-4.008176550269126892e-02,4.556259140372276306e-03,-2.485689371824264526e-01,-1.402310878038406372e-01,5.591560155153274536e-02,2.587188482284545898e-01,-2.392163872718811035e-01,1.894167661666870117e-01,-3.492852449417114258e-01,2.859361171722412109e-01,-1.771470308303833008e-01,4.504824429750442505e-02,-1.238344013690948486e-01,1.929744631052017212e-01,2.089444100856781006e-01,2.784624230116605759e-04,-1.462377011775970459e-01,-1.134023349732160568e-02,1.672767847776412964e-01,-1.772934049367904663e-01,-1.351806713500991464e-04,2.594604194164276123e-01,1.792820170521736145e-03,3.632248938083648682e-01,3.713527927175164223e-03,-3.003605902194976807e-01,-4.507707897573709488e-03,-3.286603465676307678e-02,-2.212117016315460205e-01,1.476087272167205811e-01,-2.577456533908843994e-01,-9.789182804524898529e-03,1.010115966200828552e-01,1.855469048023223877e-01,2.731111049652099609e-01,-6.805415451526641846e-02,8.174493814294692129e-06,2.508937418460845947e-01,-2.859155237674713135e-01,3.582826256752014160e-01,-4.337781071662902832e-01,1.505577862262725830e-01,2.385151088237762451e-01,-6.762006133794784546e-02,4.948967252857983112e-04,-9.331338852643966675e-02,3.825441747903823853e-02,4.484120309352874756e-01,-7.770469412207603455e-03,-2.356184273958206177e-02,-1.167750135064125061e-01,8.415432274341583252e-02,1.045108139514923096e-01,-1.567277908325195312e-01,1.674471944570541382e-01,-3.759619891643524170e-01,5.698308721184730530e-02,2.440419495105743408e-01,2.543318457901477814e-02,6.566736847162246704e-02,-1.645522564649581909e-01,-1.085484772920608521e-01,-2.045772671699523926e-01,1.185663715004920959e-01,-7.358404994010925293e-02,-2.612898498773574829e-02,-1.393901556730270386e-01
3.160971030592918396e-02,-1.582297310233116150e-02,1.292549073696136475e-01,-9.846461564302444458e-02,-6.762623786926269531e-02,1.868961937725543976e-02,4.986016824841499329e-02,-3.831346705555915833e-02,-1.130282655358314514e-01,-9.265718609094619751e-02,-1.535030920058488846e-02,7.180991023778915405e-02,-1.276287883520126343e-01,-1.138216108083724976e-01,-1.302855610847473145e-01,-1.512817144393920898e-01,2.242595888674259186e-03,-1.189873963594436646e-01,1.091890856623649597e-01,7.599016278982162476e-02,6.763459742069244385e-02,-1.195008456707000732e-01,-8.345785737037658691e-02,5.468288436532020569e-02,-1.969292387366294861e-02,-1.386048197746276855e-01,1.422504186630249023e-01,7.360749691724777222e-02,-1.149291023612022400e-01,-3.160269465297460556e-03,-8.036884479224681854e-03,1.558260470628738403e-01,-8.247728645801544189e-02,-8.957490324974060059e-02,4.342727828770875931e-03,1.559743881225585938e-01,-1.003662422299385071e-01,-1.231137067079544067e-01,1.024375483393669128e-01,7.991831749677658081e-02,-1.163775995373725891e-01,-3.838013857603073120e-03,-1.367766410112380981e-01,-4.388698935508728027e-02,-1.125901937484741211e-02,1.338069140911102295e-01,1.164304837584495544e-01,3.581015765666961670e-02,3.881035745143890381e-02,-7.672539912164211273e-03,-8.416824974119663239e-03,-1.218658033758401871e-02,-6.736132502555847168e-02,8.525190642103552818e-04,2.914877049624919891e-02,1.448074281215667725e-01,-5.472833663225173950e-02,-5.676152650266885757e-03,1.120555251836776733e-01,1.018608212471008301e-01,4.190054256469011307e-03,1.946073770523071289e-02,-3.053599502891302109e-03,-2.316342480480670929e-02,2.815983956679701805e-03,4.531437531113624573e-02,-8.159691095352172852e-02,-1.368257552385330200e-01,1.347444653511047363e-01,-5.584261938929557800e-02,9.865394979715347290e-02,5.301226675510406494e-02,4.691414535045623779e-02,-1.304221302270889282e-01,1.705747656524181366e-02,1.218303442001342773e-01,6.299440865404903889e-04,-1.390058398246765137e-01,4.036015644669532776e-02,1.271332353353500366e-01,-1.165465563535690308e-01,-1.391667610732838511e-04,1.074194461107254028e-01,-9.951659012585878372e-05,1.129195988178253174e-01,1.379729509353637695e-01,-4.304767027497291565e-02,-1.693586935289204121e-03,-1.287463456392288208e-01,-1.002844348549842834e-01,4.831124562770128250e-03,5.584036931395530701e-02,1.114210784435272217e-01,-8.517465740442276001e-02,1.058791801333427429e-01,-3.534499555826187134e-02,-8.047982305288314819e-02,-1.273151156055973843e-06,1.127053722739219666e-01,-1.040898412466049194e-01,3.185946866869926453e-02,-5.389845371246337891e-02,1.389171481132507324e-01,1.265969574451446533e-01,-1.413089185953140259e-01,3.465144336223602295e-02,1.030195131897926331e-01,1.511204540729522705e-01,1.992800645530223846e-02,3.142395988106727600e-03,-1.215324476361274719e-01,9.461423009634017944e-02,1.328250318765640259e-01,3.900807723402976990e-02,-1.263519674539566040e-01,1.115720346570014954e-01,-7.901644706726074219e-02,-5.816197767853736877e-02,1.201332584023475647e-01,-8.401093631982803345e-02,-1.019974574446678162e-01,-9.462172538042068481e-02,-1.095727309584617615e-01,9.800773113965988159e-02,7.425831258296966553e-02,8.663105964660644531e-02,6.235904060304164886e-03,-9.954299777746200562e-02
3.892842531204223633e-01,3.842106834053993225e-02,-3.483045697212219238e-01,1.544312238693237305e-01,6.518435478210449219e-01,-4.378194510936737061e-01,-3.831346705555915833e-02,7.347884178161621094e-01,2.753631174564361572e-01,3.166281878948211670e-01,-1.931678056716918945e-01,-4.261462986469268799e-01,2.335886955261230469e-01,3.319543898105621338e-01,3.941834867000579834e-01,6.936125755310058594e-01,-4.694156814366579056e-03,3.248704671859741211e-01,-2.640677094459533691e-01,-3.064022064208984375e-01,-1.598749160766601562e-01,2.173745185136795044e-01,1.262434571981430054e-01,-8.321981132030487061e-02,8.132197707891464233e-02,6.029595136642456055e-01,-4.052893519401550293e-01,-6.588138341903686523e-01,5.770880579948425293e-01,-1.725393682718276978e-01,-1.857597082853317261e-01,-4.385900795459747314e-01,4.920906946063041687e-02,4.133546352386474609e-01,-4.350832849740982056e-02,-5.388389229774475098e-01,4.402130842208862305e-01,4.788935780525207520e-01,-7.447053790092468262e-01,-4.885001480579376221e-01,4.923659563064575195e-01,6.894449889659881592e-02,2.934817075729370117e-01,1.858552992343902588e-01,1.426300853490829468e-01,-2.102862596511840820e-01,-4.169685542583465576e-01,-1.808701306581497192e-01,2.212502807378768921e-02,-2.070968747138977051e-01,-2.482936829328536987e-01,-3.904347717761993408e-01,3.811708390712738037e-01,-5.048826709389686584e-02,-2.528762221336364746e-01,-5.933792591094970703e-01,3.817486464977264404e-01,2.813022769987583160e-02,-2.175129503011703491e-01,-1.133905500173568726e-01,-1.409917622804641724e-01,-5.855760350823402405e-02,-1.517446944490075111e-03,3.109899461269378662e-01,1.141938716173171997e-01,-1.627491712570190430e-01,-1.779949069023132324e-01,5.797893404960632324e-01,-4.750818610191345215e-01,6.171278357505798340e-01,-6.193933486938476562e-01,-6.410944461822509766e-02,-5.460102483630180359e-02,4.206959307193756104e-01,-1.845241934061050415e-01,-5.138673186302185059e-01,-1.733517623506486416e-03,5.236346125602722168e-01,-4.795324429869651794e-02,-4.373148679733276367e-01,4.524213075637817383e-01,5.188455688767135143e-04,-5.993163585662841797e-01,-6.005517207086086273e-03,-6.482909321784973145e-01,-3.094793856143951416e-01,5.976573824882507324e-01,1.058438513427972794e-02,2.234471291303634644e-01,5.171433091163635254e-01,-2.232253253459930420e-01,3.142052888870239258e-01,-1.753145605325698853e-01,-2.454708516597747803e-02,-4.261387884616851807e-01,-3.359361886978149414e-01,3.726854324340820312e-01,-1.658942892390768975e-05,-5.612999796867370605e-01,5.646190643310546875e-01,-6.351115107536315918e-01,6.827998757362365723e-01,-4.153598845005035400e-01,-5.681197643280029297e-01,3.552060425281524658e-01,3.512912616133689880e-02,-2.598372474312782288e-02,-3.480665981769561768e-01,-6.182326078414916992e-01,1.488916762173175812e-02,1.362383365631103516e-01,-9.463343769311904907e-02,-3.582226932048797607e-01,-1.681881844997406006e-01,5.317528843879699707e-01,-4.322554469108581543e-01,6.483512520790100098e-01,1.364323794841766357e-01,-5.864801406860351562e-01,9.861294925212860107e-02,1.918530315160751343e-01,3.613096475601196289e-01,3.194158673286437988e-01,1.056969761848449707e-01,-3.514938652515411377e-01,-4.994662106037139893e-02,1.271282602101564407e-02,4.248113632202148438e-01
7.101484388113021851e-02,6.645294278860092163e-02,-5.392271280288696289e-01,4.966381490230560303e-01,3.605783581733703613e-01,-1.976090967655181885e-01,-1.130282655358314514e-01,2.753631174564361572e-01,5.795916318893432617e-01,4.827142655849456787e-01,-2.756968736648559570e-01,-3.716675639152526855e-01,2.868780791759490967e-01,5.467113852500915527e-01,5.605462789535522461e-01,6.043159365653991699e-01,-5.760365631431341171e-03,4.371546208858489990e-01,-5.715883374214172363e-01,-4.684384763240814209e-01,-5.765749812126159668e-01,4.920828640460968018e-01,3.363757133483886719e-01,-1.380708217620849609e-01,1.135144084692001343e-01,5.339557528495788574e-01,-5.491812229156494141e-01,-2.651103734970092773e-01,3.873852491378784180e-01,1.028589010238647461e-01,-1.221932098269462585e-01,-7.225517034530639648e-01,5.057323575019836426e-01,4.817756712436676025e-01,-8.456524461507797241e-03,-5.640022158622741699e-01,4.341547787189483643e-01,5.592053532600402832e-01,-3.036314249038696289e-01,-6.028485298156738281e-01,6.522833704948425293e-01,1.869987100362777710e-01,4.781885147094726562e-01,1.904125362634658813e-01,-1.989025026559829712e-01,-3.239540755748748779e-01,-5.814088582992553711e-01,-1.813840419054031372e-01,7.054545730352401733e-02,1.832267828285694122e-02,-7.514618337154388428e-02,1.322690248489379883e-01,5.803351998329162598e-01,-5.511169135570526123e-02,4.956659674644470215e-02,-6.168303489685058594e-01,4.256196320056915283e-01,2.395926974713802338e-02,-4.646509885787963867e-01,-4.980802834033966064e-01,-2.467757314443588257e-01,1.213898211717605591e-01,1.785605587065219879e-02,2.634870111942291260e-01,1.433422267436981201e-01,-2.142138332128524780e-01,2.362571656703948975e-02,5.579406023025512695e-01,-6.065658330917358398e-01,2.189099490642547607e-01,-5.151812434196472168e-01,1.640678942203521729e-01,-3.785355985164642334e-01,5.631392598152160645e-01,-3.373946547508239746e-01,-6.065055727958679199e-01,-3.888086066581308842e-04,5.469540953636169434e-01,-4.069802165031433105e-01,-5.778436660766601562e-01,6.600652933120727539e-01,6.100448663346469402e-04,-5.038051009178161621e-01,3.341753967106342316e-03,-6.194365024566650391e-01,-4.608330130577087402e-01,2.037585526704788208e-01,5.069957580417394638e-03,4.354726076126098633e-01,5.099687576293945312e-01,-2.302763909101486206e-01,-2.745523452758789062e-01,-5.585234165191650391e-01,4.355594217777252197e-01,-5.985239148139953613e-01,4.575443267822265625e-02,2.812365293502807617e-01,-7.338653631450142711e-06,-4.417422413825988770e-01,4.951773881912231445e-01,-2.992174029350280762e-01,2.465756833553314209e-01,-6.757609844207763672e-01,-5.632110238075256348e-01,6.516323089599609375e-01,2.033703029155731201e-01,-5.880036354064941406e-01,-4.763454794883728027e-01,-1.655754745006561279e-01,-2.117494121193885803e-02,6.030629277229309082e-01,-4.961951375007629395e-01,-5.985463857650756836e-01,1.022855117917060852e-01,5.321223139762878418e-01,-5.586245059967041016e-01,2.818120419979095459e-01,1.760445684194564819e-01,-5.870770812034606934e-01,4.742287397384643555e-01,2.783362269401550293e-01,5.972644090652465820e-01,5.725159049034118652e-01,-2.740091979503631592e-01,-4.571111798286437988e-01,-4.089553952217102051e-01,-9.538494050502777100e-03,5.131762027740478516e-01
-2.152546308934688568e-02,7.085813581943511963e-02,-6.526386141777038574e-01,5.659637451171875000e-01,4.032875299453735352e-01,-9.831385314464569092e-02,-9.265718609094619751e-02,3.166281878948211670e-01,4.827142655849456787e-01,5.307016372680664062e-01,-1.993592530488967896e-01,-3.798205554485321045e-01,4.350963234901428223e-01,5.717930793762207031e-01,6.311728954315185547e-01,6.839439868927001953e-01,-1.007064618170261383e-02,5.256752967834472656e-01,-6.465308070182800293e-01,-5.014401674270629883e-01,-4.631987512111663818e-01,5.593746900558471680e-01,4.384001493453979492e-01,-2.064035981893539429e-01,1.128266826272010803e-01,6.017665266990661621e-01,-6.502861380577087402e-01,-3.241965174674987793e-01,5.595559477806091309e-01,5.804696120321750641e-03,-3.766449168324470520e-02,-7.602251768112182617e-01,5.125988721847534180e-01,5.591778159141540527e-01,-1.570241712033748627e-02,-6.664857864379882812e-01,4.947627484798431396e-01,6.389384269714355469e-01,-4.316413402557373047e-01,-5.960602760314941406e-01,6.465377807617187500e-01,1.318599134683609009e-01,6.048277020454406738e-01,2.321352064609527588e-01,-1.019159108400344849e-01,-4.919807910919189453e-01,-6.573035717010498047e-01,-1.863111108541488647e-01,-3.189563006162643433e-02,1.862776465713977814e-02,-2.140363445505499840e-03,2.802066132426261902e-02,5.224295258522033691e-01,-2.705230750143527985e-02,-6.376630067825317383e-02,-7.326253056526184082e-01,3.952390849590301514e-01,2.818158268928527832e-02,-5.504628419876098633e-01,-5.273062586784362793e-01,-1.813430786132812500e-01,2.547930926084518433e-02,1.754821464419364929e-02,2.336000055074691772e-01,7.617922872304916382e-02,-2.303647696971893311e-01,1.599352210760116577e-01,6.558536291122436523e-01,-6.621608138084411621e-01,2.880496978759765625e-01,-5.905368924140930176e-01,-5.300568789243698120e-02,-3.027927279472351074e-01,6.208051443099975586e-01,-2.561834156513214111e-01,-6.858692765235900879e-01,-1.281549339182674885e-03,6.778278350830078125e-01,-3.592437803745269775e-01,-6.247134804725646973e-01,7.025859355926513672e-01,6.820319686084985733e-04,-5.813072323799133301e-01,2.551598299760371447e-04,-6.496248245239257812e-01,-5.676934719085693359e-01,3.036439120769500732e-01,6.790521088987588882e-03,5.062376260757446289e-01,5.533243417739868164e-01,-1.941691786050796509e-01,-2.749341726303100586e-01,-5.951511859893798828e-01,4.312627315521240234e-01,-6.242477893829345703e-01,6.467290967702865601e-02,4.111787974834442139e-01,-9.709729965834412724e-06,-5.052992701530456543e-01,5.522416830062866211e-01,-3.340816497802734375e-01,2.905925214290618896e-01,-7.047586441040039062e-01,-6.428210735321044922e-01,7.545731663703918457e-01,1.409167200326919556e-01,-6.006889343261718750e-01,-6.024989485740661621e-01,-1.405710279941558838e-01,-1.611847244203090668e-02,5.559645295143127441e-01,-5.740923881530761719e-01,-6.469899415969848633e-01,4.796545952558517456e-02,6.556380987167358398e-01,-6.057925224304199219e-01,3.336508572101593018e-01,2.718150317668914795e-01,-6.707068085670471191e-01,4.692968726158142090e-01,4.176336526870727539e-01,5.893830657005310059e-01,5.828317999839782715e-01,-3.520440757274627686e-01,-4.699791371822357178e-01,-4.309870302677154541e-01,-3.041425347328186035e-02,5.871485471725463867e-01
-1.957757174968719482e-01,-1.947658509016036987e-02,1.785693466663360596e-01,-2.672555744647979736e-01,-1.949486136436462402e-01,1.645403206348419189e-01,-1.535030920058488846e-02,-1.931678056716918945e-01,-2.756968736648559570e-01,-1.993592530488967896e-01,4.047535657882690430e-01,1.736353784799575806e-01,1.173875182867050171e-01,-2.202961742877960205e-01,-2.034808695316314697e-01,-1.839606314897537231e-01,-2.163247205317020416e-03,-1.355962455272674561e-01,2.915517985820770264e-01,2.287952452898025513e-01,4.211613237857818604e-01,-1.583554148674011230e-01,-8.366800844669342041e-02,-6.235420331358909607e-02,-5.802476406097412109e-02,-1.199060529470443726e-01,1.107140183448791504e-01,3.979340195655822754e-02,-4.218393564224243164e-02,-1.492757946252822876e-01,1.866273283958435059e-01,2.929655313491821289e-01,-3.203384578227996826e-01,-2.165471911430358887e-01,-6.925248540937900543e-03,9.616804867982864380e-02,-1.342900097370147705e-01,-2.222383469343185425e-01,8.951860363595187664e-04,4.304445981979370117e-01,-3.781264722347259521e-01,-2.141025960445404053e-01,-8.774498850107192993e-02,-6.078774109482765198e-02,2.785227894783020020e-01,-1.231068372726440430e-01,2.956721484661102295e-01,1.174580454826354980e-01,-1.889627426862716675e-01,-3.586743399500846863e-02,1.325650215148925781e-01,-1.284790933132171631e-01,-4.462326765060424805e-01,7.226637750864028931e-02,-1.716337203979492188e-01,2.212274074554443359e-01,-3.176545202732086182e-01,-8.077235892415046692e-03,1.433343291282653809e-01,2.699773311614990234e-01,2.506543099880218506e-01,-1.752309352159500122e-01,-9.846609085798263550e-03,-1.982395201921463013e-01,-1.733303368091583252e-01,8.611963689327239990e-02,2.589810788631439209e-01,-1.755103915929794312e-01,2.154073119163513184e-01,-3.554111719131469727e-02,2.566984295845031738e-01,-4.342379868030548096e-01,2.569019198417663574e-01,-2.078843861818313599e-01,3.511732816696166992e-01,2.884269952774047852e-01,-1.896035508252680302e-03,-1.505516320466995239e-01,3.734275698661804199e-01,2.171854376792907715e-01,-3.866907954216003418e-01,-2.009417075896635652e-04,2.052713334560394287e-01,-4.692065529525279999e-03,3.566395938396453857e-01,6.304249167442321777e-02,-3.856773301959037781e-02,1.532321621198207140e-04,-1.535202609375119209e-03,-2.329664826393127441e-01,2.812502682209014893e-01,1.348272413015365601e-01,2.634459137916564941e-01,-1.821153014898300171e-01,3.370316326618194580e-01,6.615596264600753784e-02,-7.943065464496612549e-02,1.148213141277665272e-05,9.824763983488082886e-02,-2.297552227973937988e-01,2.036471664905548096e-01,-5.492019280791282654e-02,3.316485583782196045e-01,2.153189033269882202e-01,-2.589687705039978027e-01,-4.255418479442596436e-01,3.598952293395996094e-01,4.949533939361572266e-02,1.212789118289947510e-01,1.159071363508701324e-02,-2.672055363655090332e-01,2.251662611961364746e-01,2.742627263069152832e-01,-2.149370312690734863e-01,-2.217862308025360107e-01,2.530440092086791992e-01,-2.837450429797172546e-02,-8.353699930012226105e-03,2.773278057575225830e-01,-2.704867720603942871e-01,1.517183706164360046e-02,-3.605778813362121582e-01,-2.905003428459167480e-01,-6.353779695928096771e-03,2.448272258043289185e-01,1.538608670234680176e-01,-2.596988808363676071e-03,-2.286522835493087769e-01
-1.130224466323852539e-01,-4.817954078316688538e-02,4.641844630241394043e-01,-3.623476624488830566e-01,-4.239922463893890381e-01,2.052778750658035278e-01,7.180991023778915405e-02,-4.261462986469268799e-01,-3.716675639152526855e-01,-3.798205554485321045e-01,1.736353784799575806e-01,3.624089360237121582e-01,-2.768207788467407227e-01,-4.451033473014831543e-01,-4.872705936431884766e-01,-6.348935365676879883e-01,5.294834263622760773e-03,-3.668038547039031982e-01,4.272709488868713379e-01,3.753823339939117432e-01,3.269569873809814453e-01,-3.876041471958160400e-01,-2.668559849262237549e-01,1.347790956497192383e-01,-8.979143947362899780e-02,-5.300192236900329590e-01,4.954510331153869629e-01,3.830195665359497070e-01,-4.992400407791137695e-01,1.524531096220016479e-02,1.109667494893074036e-01,5.929014086723327637e-01,-2.796890437602996826e-01,-4.620454609394073486e-01,2.376374229788780212e-02,5.539475083351135254e-01,-4.023863375186920166e-01,-5.098416805267333984e-01,4.955413341522216797e-01,5.108646750450134277e-01,-5.269437432289123535e-01,-1.013583689928054810e-01,-4.072802364826202393e-01,-1.816117167472839355e-01,-9.200336644425988197e-04,3.284259736537933350e-01,5.043754577636718750e-01,1.555505990982055664e-01,-4.415517207235097885e-03,1.100475713610649109e-01,1.119850203394889832e-01,1.082664802670478821e-01,-4.285921752452850342e-01,3.926623985171318054e-02,9.971217066049575806e-02,6.183246374130249023e-01,-3.645383417606353760e-01,-2.482667379081249237e-02,3.365097939968109131e-01,3.274021744728088379e-01,1.563770323991775513e-01,-2.000688016414642334e-02,-8.799424394965171814e-03,-2.061070501804351807e-01,-8.139009028673171997e-02,1.761226356029510498e-01,1.732305996119976044e-02,-5.533603429794311523e-01,5.314624905586242676e-01,-3.441925644874572754e-01,5.327257513999938965e-01,3.604157269001007080e-02,2.052640020847320557e-01,-4.975181818008422852e-01,1.753629148006439209e-01,5.381115078926086426e-01,1.071590348146855831e-03,-5.579249262809753418e-01,2.170746326446533203e-01,5.015984773635864258e-01,-5.537132620811462402e-01,-5.662136827595531940e-04,5.230093002319335938e-01,1.263883314095437527e-03,5.833480954170227051e-01,4.134298264980316162e-01,-3.375647068023681641e-01,-7.042329758405685425e-03,-3.331029415130615234e-01,-4.847531020641326904e-01,1.713648885488510132e-01,2.328296564519405365e-02,3.781879544258117676e-01,-2.387737333774566650e-01,4.826915860176086426e-01,7.171908766031265259e-02,-2.976284921169281006e-01,1.026426798489410430e-05,4.675095379352569580e-01,-4.727360010147094727e-01,4.128546118736267090e-01,-3.893040120601654053e-01,5.516527295112609863e-01,5.487629771232604980e-01,-5.264753699302673340e-01,-1.095275133848190308e-01,3.266315460205078125e-01,4.289552569389343262e-01,2.817571759223937988e-01,4.859526641666889191e-03,-3.815996050834655762e-01,3.433602154254913330e-01,4.848633706569671631e-01,-1.692762784659862518e-02,-5.359625816345214844e-01,4.695948958396911621e-01,-4.013373255729675293e-01,-1.800982207059860229e-01,5.686994791030883789e-01,-2.908626794815063477e-01,-2.509036064147949219e-01,-4.498547017574310303e-01,-4.297751784324645996e-01,1.279767006635665894e-01,4.094754159450531006e-01,2.525905370712280273e-01,-3.491782117635011673e-03,-4.494179487228393555e-01
