9.999983310699462891e-01,-9.999985098838806152e-01,-9.999942183494567871e-01,9.999974966049194336e-01,9.999988675117492676e-01,-9.999986886978149414e-01,9.999952912330627441e-01,9.999990463256835938e-01,-9.999952912330627441e-01,9.999983906745910645e-01,-9.999986886978149414e-01,-9.999988675117492676e-01,9.999979734420776367e-01,9.999984502792358398e-01,9.999943971633911133e-01,9.999948740005493164e-01,9.999973177909851074e-01,-9.999980926513671875e-01,9.999922513961791992e-01,-9.999991059303283691e-01,-9.999988675117492676e-01,9.999940395355224609e-01,9.999985098838806152e-01,9.999977946281433105e-01,9.999885559082031250e-01,9.999989271163940430e-01,-9.999981522560119629e-01,-9.999989271163940430e-01,9.999904632568359375e-01,-9.999964833259582520e-01,-9.999912381172180176e-01,-9.999982714653015137e-01,9.999850988388061523e-01,9.999953508377075195e-01,-9.999979734420776367e-01,9.999697208404541016e-01,9.999989271163940430e-01,9.999985098838806152e-01,9.999876022338867188e-01,-9.999987483024597168e-01,9.999986290931701660e-01,9.999769330024719238e-01,9.999833106994628906e-01,9.999989271163940430e-01,9.999982118606567383e-01,9.999980926513671875e-01,-9.999929070472717285e-01,9.999985694885253906e-01,9.999988079071044922e-01,-9.999984502792358398e-01,-9.999988675117492676e-01,-9.999985098838806152e-01,-9.999987483024597168e-01,-9.999932646751403809e-01,-9.999985098838806152e-01,-9.999979734420776367e-01,-9.999855160713195801e-01,9.999895691871643066e-01,9.999955296516418457e-01,9.999980926513671875e-01,-9.999983906745910645e-01,9.999988675117492676e-01,9.999983906745910645e-01,9.999954700469970703e-01,-9.999943971633911133e-01,-9.999988675117492676e-01,-9.999991059303283691e-01,-9.999959468841552734e-01,-9.999989867210388184e-01,9.999984502792358398e-01,-9.999987483024597168e-01,9.999969601631164551e-01,-9.999806880950927734e-01,-9.999935626983642578e-01,-9.999836683273315430e-01,-9.999983906745910645e-01,9.999912977218627930e-01,9.999986886978149414e-01,-9.999945163726806641e-01,-9.999955892562866211e-01,9.999886155128479004e-01,9.999976158142089844e-01,-9.999987483024597168e-01,9.999981522560119629e-01,-9.999982714653015137e-01,-9.999869465827941895e-01,9.999504089355468750e-01,9.999988675117492676e-01,9.999912381172180176e-01,9.999697804450988770e-01,-9.999945759773254395e-01,9.999983310699462891e-01,-9.999856948852539062e-01,-9.999973177909851074e-01,9.999977350234985352e-01,-9.999977946281433105e-01,-9.999877810478210449e-01,9.999990463256835938e-01,-9.999986886978149414e-01,9.999969601631164551e-01,-9.999966621398925781e-01,9.999988079071044922e-01,9.998884797096252441e-01,9.999515414237976074e-01,9.999986290931701660e-01,9.999966621398925781e-01,-9.999828338623046875e-01,-9.999984502792358398e-01,-9.999938607215881348e-01,9.999985098838806152e-01,-9.999985098838806152e-01,9.999977350234985352e-01,-9.999982714653015137e-01,-9.999347329139709473e-01,9.999990463256835938e-01,-9.999971389770507812e-01,9.999989867210388184e-01,-9.999979734420776367e-01,-9.999952912330627441e-01,-9.999969601631164551e-01,-9.999985694885253906e-01,9.999966621398925781e-01,9.999979138374328613e-01,-9.999972581863403320e-01,-9.999913573265075684e-01,-9.999949932098388672e-01,9.999866485595703125e-01,-9.999929070472717285e-01
-9.999985098838806152e-01,9.999987483024597168e-01,9.999951720237731934e-01,-9.999979138374328613e-01,-9.999991059303283691e-01,9.999988675117492676e-01,-9.999960660934448242e-01,-9.999992251396179199e-01,9.999960064888000488e-01,-9.999985694885253906e-01,9.999989867210388184e-01,9.999991059303283691e-01,-9.999982714653015137e-01,-9.999986886978149414e-01,-9.999953508377075195e-01,-9.999957084655761719e-01,-9.999976754188537598e-01,9.999983310699462891e-01,-9.999936223030090332e-01,9.999991655349731445e-01,9.999990463256835938e-01,-9.999949932098388672e-01,-9.999988079071044922e-01,-9.999980926513671875e-01,-9.999904036521911621e-01,-9.999991655349731445e-01,9.999985694885253906e-01,9.999992251396179199e-01,-9.999920129776000977e-01,9.999970197677612305e-01,9.999926686286926270e-01,9.999984502792358398e-01,-9.999876618385314941e-01,-9.999960064888000488e-01,9.999983310699462891e-01,-9.999747872352600098e-01,-9.999991655349731445e-01,-9.999987483024597168e-01,-9.999896287918090820e-01,9.999991059303283691e-01,-9.999988079071044922e-01,-9.999807476997375488e-01,-9.999860525131225586e-01,-9.999990463256835938e-01,-9.999984502792358398e-01,-9.999983906745910645e-01,9.999940395355224609e-01,-9.999988079071044922e-01,-9.999989867210388184e-01,9.999986886978149414e-01,9.999989867210388184e-01,9.999988079071044922e-01,9.999990463256835938e-01,9.999943971633911133e-01,9.999986886978149414e-01,9.999983906745910645e-01,9.999880194664001465e-01,-9.999913573265075684e-01,-9.999961853027343750e-01,-9.999985098838806152e-01,9.999986886978149414e-01,-9.999990463256835938e-01,-9.999986290931701660e-01,-9.999960660934448242e-01,9.999952912330627441e-01,9.999991059303283691e-01,9.999993443489074707e-01,9.999965429306030273e-01,9.999991059303283691e-01,-9.999986290931701660e-01,9.999989867210388184e-01,-9.999973773956298828e-01,9.999838471412658691e-01,9.999946951866149902e-01,9.999862909317016602e-01,9.999985694885253906e-01,-9.999927282333374023e-01,-9.999989271163940430e-01,9.999954104423522949e-01,9.999963045120239258e-01,-9.999904036521911621e-01,-9.999980330467224121e-01,9.999989271163940430e-01,-9.999984502792358398e-01,9.999985694885253906e-01,9.999890923500061035e-01,-9.999585747718811035e-01,-9.999991655349731445e-01,-9.999926090240478516e-01,-9.999747276306152344e-01,9.999954700469970703e-01,-9.999986290931701660e-01,9.999879598617553711e-01,9.999977350234985352e-01,-9.999980926513671875e-01,9.999982118606567383e-01,9.999898672103881836e-01,-9.999992251396179199e-01,9.999989271163940430e-01,-9.999974966049194336e-01,9.999971985816955566e-01,-9.999989867210388184e-01,-9.999068975448608398e-01,-9.999594688415527344e-01,-9.999988675117492676e-01,-9.999971985816955566e-01,9.999855756759643555e-01,9.999986290931701660e-01,9.999948740005493164e-01,-9.999987483024597168e-01,9.999987483024597168e-01,-9.999979734420776367e-01,9.999985098838806152e-01,9.999455213546752930e-01,-9.999992251396179199e-01,9.999976158142089844e-01,-9.999991059303283691e-01,9.999983906745910645e-01,9.999960064888000488e-01,9.999974966049194336e-01,9.999988079071044922e-01,-9.999971985816955566e-01,-9.999982118606567383e-01,9.999976754188537598e-01,9.999929070472717285e-01,9.999957680702209473e-01,-9.999888539314270020e-01,9.999939799308776855e-01
-9.999942183494567871e-01,9.999951720237731934e-01,9.999798536300659180e-01,-9.999915957450866699e-01,-9.999960660934448242e-01,9.999956488609313965e-01,-9.999834299087524414e-01,-9.999965429306030273e-01,9.999836683273315430e-01,-9.999944567680358887e-01,9.999957680702209473e-01,9.999961256980895996e-01,-9.999929070472717285e-01,-9.999946355819702148e-01,-9.999804496765136719e-01,-9.999822974205017090e-01,-9.999908804893493652e-01,9.999932050704956055e-01,-9.999733567237854004e-01,9.999967217445373535e-01,9.999962449073791504e-01,-9.999792575836181641e-01,-9.999952316284179688e-01,-9.999922513961791992e-01,-9.999600648880004883e-01,-9.999963045120239258e-01,9.999936819076538086e-01,9.999960660934448242e-01,-9.999666213989257812e-01,9.999877810478210449e-01,9.999694228172302246e-01,9.999937415122985840e-01,-9.999483823776245117e-01,-9.999836087226867676e-01,9.999930858612060547e-01,-9.998946785926818848e-01,-9.999963045120239258e-01,-9.999948740005493164e-01,-9.999570250511169434e-01,9.999958276748657227e-01,-9.999952912330627441e-01,-9.999195933341979980e-01,-9.999417662620544434e-01,-9.999961853027343750e-01,-9.999939203262329102e-01,-9.999934434890747070e-01,9.999752044677734375e-01,-9.999952316284179688e-01,-9.999955892562866211e-01,9.999946355819702148e-01,9.999958276748657227e-01,9.999948740005493164e-01,9.999958276748657227e-01,9.999762773513793945e-01,9.999948143959045410e-01,9.999934434890747070e-01,9.999495744705200195e-01,-9.999639391899108887e-01,-9.999843239784240723e-01,-9.999938607215881348e-01,9.999945759773254395e-01,-9.999961853027343750e-01,-9.999944567680358887e-01,-9.999842047691345215e-01,9.999805688858032227e-01,9.999959468841552734e-01,9.999967217445373535e-01,9.999858140945434570e-01,9.999963641166687012e-01,-9.999944567680358887e-01,9.999958276748657227e-01,-9.999897480010986328e-01,9.999326467514038086e-01,9.999779462814331055e-01,9.999429583549499512e-01,9.999943971633911133e-01,-9.999697804450988770e-01,-9.999956488609313965e-01,9.999808073043823242e-01,9.999845027923583984e-01,-9.999600052833557129e-01,-9.999918341636657715e-01,9.999958872795104980e-01,-9.999936223030090332e-01,9.999940991401672363e-01,9.999543428421020508e-01,-9.998273849487304688e-01,-9.999962449073791504e-01,-9.999693036079406738e-01,-9.998945593833923340e-01,9.999813437461853027e-01,-9.999942779541015625e-01,9.999499917030334473e-01,9.999909996986389160e-01,-9.999922513961791992e-01,9.999923706054687500e-01,9.999575614929199219e-01,-9.999965429306030273e-01,9.999958276748657227e-01,-9.999896287918090820e-01,9.999885559082031250e-01,-9.999960064888000488e-01,-9.996120333671569824e-01,-9.998312592506408691e-01,-9.999954104423522949e-01,-9.999885559082031250e-01,9.999402165412902832e-01,9.999945759773254395e-01,9.999786615371704102e-01,-9.999948143959045410e-01,9.999950528144836426e-01,-9.999922513961791992e-01,9.999939799308776855e-01,9.997730255126953125e-01,-9.999964833259582520e-01,9.999901652336120605e-01,-9.999963641166687012e-01,9.999930262565612793e-01,9.999836087226867676e-01,9.999899864196777344e-01,9.999951720237731934e-01,-9.999884963035583496e-01,-9.999927878379821777e-01,9.999905824661254883e-01,9.999700188636779785e-01,9.999824762344360352e-01,-9.999533295631408691e-01,9.999753236770629883e-01
9.999974966049194336e-01,-9.999979138374328613e-01,-9.999915957450866699e-01,9.999964237213134766e-01,9.999982714653015137e-01,-9.999980926513671875e-01,9.999931454658508301e-01,9.999985694885253906e-01,-9.999931454658508301e-01,9.999975562095642090e-01,-9.999980926513671875e-01,-9.999982714653015137e-01,9.999970197677612305e-01,9.999977350234985352e-01,9.999917745590209961e-01,9.999925494194030762e-01,9.999961256980895996e-01,-9.999970793724060059e-01,9.999887943267822266e-01,-9.999986290931701660e-01,-9.999984502792358398e-01,9.999912977218627930e-01,9.999979138374328613e-01,9.999966621398925781e-01,9.999833106994628906e-01,9.999983906745910645e-01,-9.999973177909851074e-01,-9.999983906745910645e-01,9.999861121177673340e-01,-9.999948740005493164e-01,-9.999872446060180664e-01,-9.999973177909851074e-01,9.999784827232360840e-01,9.999931454658508301e-01,-9.999970793724060059e-01,9.999560117721557617e-01,9.999983906745910645e-01,9.999978542327880859e-01,9.999820590019226074e-01,-9.999982118606567383e-01,9.999979138374328613e-01,9.999664425849914551e-01,9.999757409095764160e-01,9.999983310699462891e-01,9.999973773956298828e-01,9.999971985816955566e-01,-9.999895691871643066e-01,9.999979138374328613e-01,9.999980926513671875e-01,-9.999977350234985352e-01,-9.999980926513671875e-01,-9.999977350234985352e-01,-9.999981522560119629e-01,-9.999901056289672852e-01,-9.999977946281433105e-01,-9.999971389770507812e-01,-9.999789595603942871e-01,9.999848604202270508e-01,9.999934434890747070e-01,9.999973773956298828e-01,-9.999976754188537598e-01,9.999983310699462891e-01,9.999976754188537598e-01,9.999934434890747070e-01,-9.999918341636657715e-01,-9.999982714653015137e-01,-9.999985694885253906e-01,-9.999940991401672363e-01,-9.999985098838806152e-01,9.999976754188537598e-01,-9.999982118606567383e-01,9.999957084655761719e-01,-9.999719262123107910e-01,-9.999907612800598145e-01,-9.999762177467346191e-01,-9.999975562095642090e-01,9.999873042106628418e-01,9.999981522560119629e-01,-9.999919533729553223e-01,-9.999935030937194824e-01,9.999833106994628906e-01,9.999964237213134766e-01,-9.999981522560119629e-01,9.999973177909851074e-01,-9.999974966049194336e-01,-9.999809861183166504e-01,9.999278783798217773e-01,9.999983310699462891e-01,9.999871850013732910e-01,9.999558925628662109e-01,-9.999920725822448730e-01,9.999975562095642090e-01,-9.999790787696838379e-01,-9.999961256980895996e-01,9.999966621398925781e-01,-9.999968409538269043e-01,-9.999822974205017090e-01,9.999985098838806152e-01,-9.999982118606567383e-01,9.999956488609313965e-01,-9.999952316284179688e-01,9.999982714653015137e-01,9.998380541801452637e-01,9.999294877052307129e-01,9.999980330467224121e-01,9.999951720237731934e-01,-9.999750852584838867e-01,-9.999977350234985352e-01,-9.999909996986389160e-01,9.999977946281433105e-01,-9.999978542327880859e-01,9.999967217445373535e-01,-9.999973773956298828e-01,-9.999052286148071289e-01,9.999985694885253906e-01,-9.999958872795104980e-01,9.999983906745910645e-01,-9.999970793724060059e-01,-9.999930858612060547e-01,-9.999957680702209473e-01,-9.999979138374328613e-01,9.999952316284179688e-01,9.999969005584716797e-01,-9.999960064888000488e-01,-9.999874830245971680e-01,-9.999926686286926270e-01,9.999805092811584473e-01,-9.999896287918090820e-01
9.999988675117492676e-01,-9.999991059303283691e-01,-9.999960660934448242e-01,9.999982714653015137e-01,9.999992847442626953e-01,-9.999992251396179199e-01,9.999968409538269043e-01,9.999994039535522461e-01,-9.999967813491821289e-01,9.999989271163940430e-01,-9.999992251396179199e-01,-9.999992847442626953e-01,9.999986886978149414e-01,9.999989867210388184e-01,9.999961853027343750e-01,9.999966025352478027e-01,9.999983310699462891e-01,-9.999987483024597168e-01,9.999948740005493164e-01,-9.999994039535522461e-01,-9.999993443489074707e-01,9.999960064888000488e-01,9.999991059303283691e-01,9.999985694885253906e-01,9.999923110008239746e-01,9.999994039535522461e-01,-9.999988675117492676e-01,-9.999993443489074707e-01,9.999935626983642578e-01,-9.999976158142089844e-01,-9.999940991401672363e-01,-9.999987483024597168e-01,9.999900460243225098e-01,9.999967813491821289e-01,-9.999986290931701660e-01,9.999796748161315918e-01,9.999992847442626953e-01,9.999990463256835938e-01,9.999916553497314453e-01,-9.999991655349731445e-01,9.999991059303283691e-01,9.999845027923583984e-01,9.999888539314270020e-01,9.999992847442626953e-01,9.999988079071044922e-01,9.999988079071044922e-01,-9.999952316284179688e-01,9.999992251396179199e-01,9.999992847442626953e-01,-9.999989867210388184e-01,-9.999993443489074707e-01,-9.999990463256835938e-01,-9.999991655349731445e-01,-9.999954700469970703e-01,-9.999990463256835938e-01,-9.999986290931701660e-01,-9.999902844429016113e-01,9.999930858612060547e-01,9.999970197677612305e-01,9.999988079071044922e-01,-9.999989271163940430e-01,9.999992847442626953e-01,9.999989867210388184e-01,9.999969005584716797e-01,-9.999960660934448242e-01,-9.999992847442626953e-01,-9.999994635581970215e-01,-9.999971985816955566e-01,-9.999993443489074707e-01,9.999989867210388184e-01,-9.999993443489074707e-01,9.999980330467224121e-01,-9.999870061874389648e-01,-9.999957084655761719e-01,-9.999890923500061035e-01,-9.999988079071044922e-01,9.999941587448120117e-01,9.999991655349731445e-01,-9.999962449073791504e-01,-9.999969601631164551e-01,9.999922513961791992e-01,9.999983906745910645e-01,-9.999992251396179199e-01,9.999988079071044922e-01,-9.999989271163940430e-01,-9.999911785125732422e-01,9.999666810035705566e-01,9.999992847442626953e-01,9.999940991401672363e-01,9.999796748161315918e-01,-9.999963641166687012e-01,9.999988675117492676e-01,-9.999903440475463867e-01,-9.999982714653015137e-01,9.999984502792358398e-01,-9.999985694885253906e-01,-9.999918341636657715e-01,9.999993443489074707e-01,-9.999992251396179199e-01,9.999979734420776367e-01,-9.999977350234985352e-01,9.999992847442626953e-01,9.999250769615173340e-01,9.999673962593078613e-01,9.999991655349731445e-01,9.999977350234985352e-01,-9.999885559082031250e-01,-9.999989271163940430e-01,-9.999959468841552734e-01,9.999990463256835938e-01,-9.999991655349731445e-01,9.999984502792358398e-01,-9.999988079071044922e-01,-9.999561309814453125e-01,9.999993443489074707e-01,-9.999980926513671875e-01,9.999993443489074707e-01,-9.999986290931701660e-01,-9.999967813491821289e-01,-9.999980330467224121e-01,-9.999991059303283691e-01,9.999977350234985352e-01,9.999985694885253906e-01,-9.999982714653015137e-01,-9.999942183494567871e-01,-9.999965429306030273e-01,9.999909996986389160e-01,-9.999952316284179688e-01
-9.999986886978149414e-01,9.999988675117492676e-01,9.999956488609313965e-01,-9.999980926513671875e-01,-9.999992251396179199e-01,9.999990463256835938e-01,-9.999964237213134766e-01,-9.999992251396179199e-01,9.999963641166687012e-01,-9.999987483024597168e-01,9.999990463256835938e-01,9.999991059303283691e-01,-9.999983906745910645e-01,-9.999988675117492676e-01,-9.999958276748657227e-01,-9.999961853027343750e-01,-9.999979138374328613e-01,9.999985098838806152e-01,-9.999942779541015625e-01,9.999992847442626953e-01,9.999991655349731445e-01,-9.999955296516418457e-01,-9.999989271163940430e-01,-9.999983310699462891e-01,-9.999915361404418945e-01,-9.999992251396179199e-01,9.999985694885253906e-01,9.999991655349731445e-01,-9.999929666519165039e-01,9.999973177909851074e-01,9.999935626983642578e-01,9.999986290931701660e-01,-9.999890327453613281e-01,-9.999963641166687012e-01,9.999985098838806152e-01,-9.999777674674987793e-01,-9.999991655349731445e-01,-9.999988675117492676e-01,-9.999908804893493652e-01,9.999991059303283691e-01,-9.999989271163940430e-01,-9.999830126762390137e-01,-9.999877214431762695e-01,-9.999991655349731445e-01,-9.999986290931701660e-01,-9.999985098838806152e-01,9.999946951866149902e-01,-9.999989271163940430e-01,-9.999991059303283691e-01,9.999987483024597168e-01,9.999991655349731445e-01,9.999988079071044922e-01,9.999990463256835938e-01,9.999949932098388672e-01,9.999988079071044922e-01,9.999985098838806152e-01,9.999893307685852051e-01,-9.999923110008239746e-01,-9.999966025352478027e-01,-9.999986290931701660e-01,9.999987483024597168e-01,-9.999991655349731445e-01,-9.999987483024597168e-01,-9.999965429306030273e-01,9.999957680702209473e-01,9.999991059303283691e-01,9.999993443489074707e-01,9.999969601631164551e-01,9.999992847442626953e-01,-9.999988079071044922e-01,9.999991655349731445e-01,-9.999976754188537598e-01,9.999856948852539062e-01,9.999952912330627441e-01,9.999878406524658203e-01,9.999987483024597168e-01,-9.999935030937194824e-01,-9.999989867210388184e-01,9.999958276748657227e-01,9.999965429306030273e-01,-9.999914765357971191e-01,-9.999981522560119629e-01,9.999990463256835938e-01,-9.999985694885253906e-01,9.999986886978149414e-01,9.999902844429016113e-01,-9.999634623527526855e-01,-9.999991655349731445e-01,-9.999935030937194824e-01,-9.999777674674987793e-01,9.999958872795104980e-01,-9.999987483024597168e-01,9.999893903732299805e-01,9.999979734420776367e-01,-9.999982118606567383e-01,9.999983310699462891e-01,9.999909996986389160e-01,-9.999992251396179199e-01,9.999990463256835938e-01,-9.999977350234985352e-01,9.999974966049194336e-01,-9.999991059303283691e-01,-9.999179840087890625e-01,-9.999642372131347656e-01,-9.999990463256835938e-01,-9.999974370002746582e-01,9.999873638153076172e-01,9.999987483024597168e-01,9.999954700469970703e-01,-9.999988079071044922e-01,9.999989271163940430e-01,-9.999983310699462891e-01,9.999986290931701660e-01,9.999519586563110352e-01,-9.999992847442626953e-01,9.999978542327880859e-01,-9.999991655349731445e-01,9.999985098838806152e-01,9.999964833259582520e-01,9.999977946281433105e-01,9.999988675117492676e-01,-9.999974966049194336e-01,-9.999984502792358398e-01,9.999979734420776367e-01,9.999935626983642578e-01,9.999962449073791504e-01,-9.999901056289672852e-01,9.999946355819702148e-01
9.999952912330627441e-01,-9.999960660934448242e-01,-9.999834299087524414e-01,9.999931454658508301e-01,9.999968409538269043e-01,-9.999964237213134766e-01,9.999862909317016602e-01,9.999971389770507812e-01,-9.999865293502807617e-01,9.999954104423522949e-01,-9.999965429306030273e-01,-9.999967813491821289e-01,9.999942183494567871e-01,9.999957084655761719e-01,9.999839067459106445e-01,9.999853968620300293e-01,9.999924898147583008e-01,-9.999943375587463379e-01,9.999779462814331055e-01,-9.999973773956298828e-01,-9.999970197677612305e-01,9.999828934669494629e-01,9.999960660934448242e-01,9.999936223030090332e-01,9.999670386314392090e-01,9.999969601631164551e-01,-9.999948740005493164e-01,-9.999968409538269043e-01,9.999725818634033203e-01,-9.999900460243225098e-01,-9.999747872352600098e-01,-9.999948143959045410e-01,9.999573826789855957e-01,9.999865293502807617e-01,-9.999943375587463379e-01,9.999129772186279297e-01,9.999970793724060059e-01,9.999958276748657227e-01,9.999645948410034180e-01,-9.999967813491821289e-01,9.999961853027343750e-01,9.999335408210754395e-01,9.999518990516662598e-01,9.999969005584716797e-01,9.999949932098388672e-01,9.999946355819702148e-01,-9.999795556068420410e-01,9.999960064888000488e-01,9.999963641166687012e-01,-9.999957084655761719e-01,-9.999966025352478027e-01,-9.999957680702209473e-01,-9.999965429306030273e-01,-9.999804496765136719e-01,-9.999958276748657227e-01,-9.999946355819702148e-01,-9.999582767486572266e-01,9.999702572822570801e-01,9.999871253967285156e-01,9.999949932098388672e-01,-9.999955892562866211e-01,9.999968409538269043e-01,9.999954700469970703e-01,9.999869465827941895e-01,-9.999839663505554199e-01,-9.999967217445373535e-01,-9.999973773956298828e-01,-9.999883770942687988e-01,-9.999970197677612305e-01,9.999954700469970703e-01,-9.999966025352478027e-01,9.999915957450866699e-01,-9.999443888664245605e-01,-9.999817609786987305e-01,-9.999528527259826660e-01,-9.999953508377075195e-01,9.999750256538391113e-01,9.999964237213134766e-01,-9.999842643737792969e-01,-9.999871850013732910e-01,9.999669790267944336e-01,9.999932050704956055e-01,-9.999966621398925781e-01,9.999948143959045410e-01,-9.999952316284179688e-01,-9.999623298645019531e-01,9.998573064804077148e-01,9.999969005584716797e-01,9.999746680259704590e-01,9.999128580093383789e-01,-9.999845623970031738e-01,9.999953508377075195e-01,-9.999586939811706543e-01,-9.999926090240478516e-01,9.999935626983642578e-01,-9.999938011169433594e-01,-9.999650120735168457e-01,9.999971389770507812e-01,-9.999966025352478027e-01,9.999914765357971191e-01,-9.999906420707702637e-01,9.999967217445373535e-01,9.996792674064636230e-01,9.998605251312255859e-01,9.999962449073791504e-01,9.999906420707702637e-01,-9.999505877494812012e-01,-9.999955892562866211e-01,-9.999824166297912598e-01,9.999958872795104980e-01,-9.999959468841552734e-01,9.999936819076538086e-01,-9.999950528144836426e-01,-9.998124241828918457e-01,9.999971985816955566e-01,-9.999919533729553223e-01,9.999970197677612305e-01,-9.999943375587463379e-01,-9.999864697456359863e-01,-9.999917745590209961e-01,-9.999960064888000488e-01,9.999905228614807129e-01,9.999940395355224609e-01,-9.999923110008239746e-01,-9.999752640724182129e-01,-9.999856352806091309e-01,9.999614953994750977e-01,-9.999796748161315918e-01
9.999990463256835938e-01,-9.999992251396179199e-01,-9.999965429306030273e-01,9.999985694885253906e-01,9.999994039535522461e-01,-9.999992251396179199e-01,9.999971389770507812e-01,9.999994635581970215e-01,-9.999971985816955566e-01,9.999991059303283691e-01,-9.999993443489074707e-01,-9.999994039535522461e-01,9.999988675117492676e-01,9.999991655349731445e-01,9.999966621398925781e-01,9.999970793724060059e-01,9.999984502792358398e-01,-9.999988675117492676e-01,9.999955296516418457e-01,-9.999994039535522461e-01,-9.999993443489074707e-01,9.999964833259582520e-01,9.999992251396179199e-01,9.999986886978149414e-01,9.999932050704956055e-01,9.999994635581970215e-01,-9.999989867210388184e-01,-9.999993443489074707e-01,9.999943971633911133e-01,-9.999978542327880859e-01,-9.999948740005493164e-01,-9.999989271163940430e-01,9.999913573265075684e-01,9.999971985816955566e-01,-9.999988079071044922e-01,9.999823570251464844e-01,9.999993443489074707e-01,9.999991655349731445e-01,9.999928474426269531e-01,-9.999992847442626953e-01,9.999992251396179199e-01,9.999866485595703125e-01,9.999903440475463867e-01,9.999993443489074707e-01,9.999989867210388184e-01,9.999988675117492676e-01,-9.999958276748657227e-01,9.999992251396179199e-01,9.999994039535522461e-01,-9.999991655349731445e-01,-9.999993443489074707e-01,-9.999991655349731445e-01,-9.999992847442626953e-01,-9.999959468841552734e-01,-9.999991655349731445e-01,-9.999988079071044922e-01,-9.999915957450866699e-01,9.999939799308776855e-01,9.999973773956298828e-01,9.999989271163940430e-01,-9.999991059303283691e-01,9.999994039535522461e-01,9.999991059303283691e-01,9.999973177909851074e-01,-9.999967217445373535e-01,-9.999993443489074707e-01,-9.999994635581970215e-01,-9.999976158142089844e-01,-9.999994039535522461e-01,9.999991059303283691e-01,-9.999993443489074707e-01,9.999982714653015137e-01,-9.999887347221374512e-01,-9.999961256980895996e-01,-9.999904632568359375e-01,-9.999991059303283691e-01,9.999948740005493164e-01,9.999992847442626953e-01,-9.999967217445373535e-01,-9.999973773956298828e-01,9.999933242797851562e-01,9.999986290931701660e-01,-9.999993443489074707e-01,9.999989867210388184e-01,-9.999990463256835938e-01,-9.999922513961791992e-01,9.999711513519287109e-01,9.999994039535522461e-01,9.999949336051940918e-01,9.999823570251464844e-01,-9.999968409538269043e-01,9.999991059303283691e-01,-9.999915957450866699e-01,-9.999983906745910645e-01,9.999986886978149414e-01,-9.999987483024597168e-01,-9.999927878379821777e-01,9.999994635581970215e-01,-9.999993443489074707e-01,9.999982118606567383e-01,-9.999980330467224121e-01,9.999992847442626953e-01,9.999349713325500488e-01,9.999718070030212402e-01,9.999992847442626953e-01,9.999980330467224121e-01,-9.999899864196777344e-01,-9.999991059303283691e-01,-9.999963641166687012e-01,9.999991655349731445e-01,-9.999992251396179199e-01,9.999986886978149414e-01,-9.999989867210388184e-01,-9.999619722366333008e-01,9.999994635581970215e-01,-9.999983310699462891e-01,9.999993443489074707e-01,-9.999988079071044922e-01,-9.999971985816955566e-01,-9.999982118606567383e-01,-9.999992251396179199e-01,9.999980330467224121e-01,9.999987483024597168e-01,-9.999983906745910645e-01,-9.999949932098388672e-01,-9.999970197677612305e-01,9.999921917915344238e-01,-9.999958276748657227e-01
-9.999952912330627441e-01,9.999960064888000488e-01,9.999836683273315430e-01,-9.999931454658508301e-01,-9.999967813491821289e-01,9.999963641166687012e-01,-9.999865293502807617e-01,-9.999971985816955566e-01,9.999867677688598633e-01,-9.999954104423522949e-01,9.999964833259582520e-01,9.999968409538269043e-01,-9.999943375587463379e-01,-9.999957084655761719e-01,-9.999840855598449707e-01,-9.999856352806091309e-01,-9.999925494194030762e-01,9.999944567680358887e-01,-9.999783039093017578e-01,9.999974370002746582e-01,9.999969601631164551e-01,-9.999831914901733398e-01,-9.999960064888000488e-01,-9.999936223030090332e-01,-9.999675154685974121e-01,-9.999969005584716797e-01,9.999948740005493164e-01,9.999967813491821289e-01,-9.999729394912719727e-01,9.999901056289672852e-01,9.999752044677734375e-01,9.999948143959045410e-01,-9.999580383300781250e-01,-9.999867081642150879e-01,9.999944567680358887e-01,-9.999144077301025391e-01,-9.999970793724060059e-01,-9.999958276748657227e-01,-9.999650716781616211e-01,9.999966025352478027e-01,-9.999961256980895996e-01,-9.999346137046813965e-01,-9.999527335166931152e-01,-9.999969005584716797e-01,-9.999950528144836426e-01,-9.999947547912597656e-01,9.999799132347106934e-01,-9.999961256980895996e-01,-9.999964237213134766e-01,9.999957084655761719e-01,9.999965429306030273e-01,9.999958276748657227e-01,9.999966025352478027e-01,9.999807476997375488e-01,9.999958276748657227e-01,9.999946355819702148e-01,9.999589920043945312e-01,-9.999707341194152832e-01,-9.999872446060180664e-01,-9.999949932098388672e-01,9.999955892562866211e-01,-9.999969005584716797e-01,-9.999955296516418457e-01,-9.999871850013732910e-01,9.999842047691345215e-01,9.999967813491821289e-01,9.999973177909851074e-01,9.999884366989135742e-01,9.999970197677612305e-01,-9.999955296516418457e-01,9.999966621398925781e-01,-9.999916553497314453e-01,9.999452233314514160e-01,9.999820590019226074e-01,9.999535083770751953e-01,9.999954104423522949e-01,-9.999754428863525391e-01,-9.999964833259582520e-01,9.999843835830688477e-01,9.999874234199523926e-01,-9.999674558639526367e-01,-9.999933242797851562e-01,9.999966025352478027e-01,-9.999948143959045410e-01,9.999952912330627441e-01,9.999629259109497070e-01,-9.998595714569091797e-01,-9.999969005584716797e-01,-9.999750852584838867e-01,-9.999142885208129883e-01,9.999848008155822754e-01,-9.999954104423522949e-01,9.999592900276184082e-01,9.999927282333374023e-01,-9.999936819076538086e-01,9.999938011169433594e-01,9.999654889106750488e-01,-9.999971389770507812e-01,9.999965429306030273e-01,-9.999916553497314453e-01,9.999907612800598145e-01,-9.999968409538269043e-01,-9.996844530105590820e-01,-9.998627305030822754e-01,-9.999961853027343750e-01,-9.999907016754150391e-01,9.999513030052185059e-01,9.999956488609313965e-01,9.999827146530151367e-01,-9.999958872795104980e-01,9.999959468841552734e-01,-9.999938011169433594e-01,9.999951124191284180e-01,9.998154640197753906e-01,-9.999972581863403320e-01,9.999921321868896484e-01,-9.999969601631164551e-01,9.999943971633911133e-01,9.999866485595703125e-01,9.999918341636657715e-01,9.999960660934448242e-01,-9.999906420707702637e-01,-9.999941587448120117e-01,9.999923110008239746e-01,9.999756813049316406e-01,9.999858736991882324e-01,-9.999620318412780762e-01,9.999799132347106934e-01
9.999983906745910645e-01,-9.999985694885253906e-01,-9.999944567680358887e-01,9.999975562095642090e-01,9.999989271163940430e-01,-9.999987483024597168e-01,9.999954104423522949e-01,9.999991059303283691e-01,-9.999954104423522949e-01,9.999983906745910645e-01,-9.999988079071044922e-01,-9.999989271163940430e-01,9.999980926513671875e-01,9.999985098838806152e-01,9.999945759773254395e-01,9.999951124191284180e-01,9.999973773956298828e-01,-9.999980330467224121e-01,9.999926090240478516e-01,-9.999991655349731445e-01,-9.999989271163940430e-01,9.999942183494567871e-01,9.999986290931701660e-01,9.999978542327880859e-01,9.999889135360717773e-01,9.999989867210388184e-01,-9.999982118606567383e-01,-9.999989271163940430e-01,9.999907612800598145e-01,-9.999965429306030273e-01,-9.999914765357971191e-01,-9.999982118606567383e-01,9.999856352806091309e-01,9.999954700469970703e-01,-9.999981522560119629e-01,9.999707937240600586e-01,9.999990463256835938e-01,9.999985694885253906e-01,9.999880790710449219e-01,-9.999988079071044922e-01,9.999986886978149414e-01,9.999776482582092285e-01,9.999838471412658691e-01,9.999988675117492676e-01,9.999982118606567383e-01,9.999981522560119629e-01,-9.999930858612060547e-01,9.999986290931701660e-01,9.999987483024597168e-01,-9.999985098838806152e-01,-9.999988079071044922e-01,-9.999985098838806152e-01,-9.999987483024597168e-01,-9.999933838844299316e-01,-9.999985098838806152e-01,-9.999980330467224121e-01,-9.999860525131225586e-01,9.999899864196777344e-01,9.999956488609313965e-01,9.999982714653015137e-01,-9.999984502792358398e-01,9.999989271163940430e-01,9.999984502792358398e-01,9.999955892562866211e-01,-9.999945163726806641e-01,-9.999988675117492676e-01,-9.999992251396179199e-01,-9.999960064888000488e-01,-9.999990463256835938e-01,9.999985098838806152e-01,-9.999988675117492676e-01,9.999970197677612305e-01,-9.999812841415405273e-01,-9.999938011169433594e-01,-9.999841451644897461e-01,-9.999983906745910645e-01,9.999915957450866699e-01,9.999987483024597168e-01,-9.999946355819702148e-01,-9.999957084655761719e-01,9.999888539314270020e-01,9.999976754188537598e-01,-9.999988675117492676e-01,9.999982118606567383e-01,-9.999984502792358398e-01,-9.999873042106628418e-01,9.999518394470214844e-01,9.999989271163940430e-01,9.999915361404418945e-01,9.999707341194152832e-01,-9.999947547912597656e-01,9.999983906745910645e-01,-9.999861121177673340e-01,-9.999973773956298828e-01,9.999978542327880859e-01,-9.999978542327880859e-01,-9.999881386756896973e-01,9.999991655349731445e-01,-9.999988079071044922e-01,9.999970793724060059e-01,-9.999968409538269043e-01,9.999988079071044922e-01,9.998918771743774414e-01,9.999530315399169922e-01,9.999986886978149414e-01,9.999967217445373535e-01,-9.999834299087524414e-01,-9.999984502792358398e-01,-9.999940395355224609e-01,9.999985694885253906e-01,-9.999985694885253906e-01,9.999977946281433105e-01,-9.999983310699462891e-01,-9.999368190765380859e-01,9.999991059303283691e-01,-9.999972581863403320e-01,9.999990463256835938e-01,-9.999980330467224121e-01,-9.999954700469970703e-01,-9.999971389770507812e-01,-9.999986886978149414e-01,9.999967813491821289e-01,9.999979734420776367e-01,-9.999973773956298828e-01,-9.999917149543762207e-01,-9.999951720237731934e-01,9.999870657920837402e-01,-9.999930262565612793e-01
-9.999986886978149414e-01,9.999989867210388184e-01,9.999957680702209473e-01,-9.999980926513671875e-01,-9.999992251396179199e-01,9.999990463256835938e-01,-9.999965429306030273e-01,-9.999993443489074707e-01,9.999964833259582520e-01,-9.999988079071044922e-01,9.999991655349731445e-01,9.999992251396179199e-01,-9.999985098838806152e-01,-9.999988675117492676e-01,-9.999958872795104980e-01,-9.999962449073791504e-01,-9.999980330467224121e-01,9.999985098838806152e-01,-9.999943375587463379e-01,9.999993443489074707e-01,9.999992847442626953e-01,-9.999956488609313965e-01,-9.999989867210388184e-01,-9.999983310699462891e-01,-9.999916553497314453e-01,-9.999992251396179199e-01,9.999986886978149414e-01,9.999992251396179199e-01,-9.999930262565612793e-01,9.999973177909851074e-01,9.999935626983642578e-01,9.999986290931701660e-01,-9.999892115592956543e-01,-9.999964833259582520e-01,9.999985098838806152e-01,-9.999778866767883301e-01,-9.999992251396179199e-01,-9.999989271163940430e-01,-9.999909400939941406e-01,9.999991059303283691e-01,-9.999990463256835938e-01,-9.999831914901733398e-01,-9.999878406524658203e-01,-9.999992251396179199e-01,-9.999986290931701660e-01,-9.999986290931701660e-01,9.999947547912597656e-01,-9.999989867210388184e-01,-9.999992251396179199e-01,9.999988079071044922e-01,9.999991655349731445e-01,9.999988675117492676e-01,9.999990463256835938e-01,9.999951124191284180e-01,9.999989271163940430e-01,9.999985098838806152e-01,9.999894499778747559e-01,-9.999924898147583008e-01,-9.999967217445373535e-01,-9.999986886978149414e-01,9.999988079071044922e-01,-9.999991655349731445e-01,-9.999988079071044922e-01,-9.999966621398925781e-01,9.999958872795104980e-01,9.999991655349731445e-01,9.999994039535522461e-01,9.999969601631164551e-01,9.999992847442626953e-01,-9.999988079071044922e-01,9.999992847442626953e-01,-9.999977946281433105e-01,9.999859333038330078e-01,9.999954104423522949e-01,9.999880790710449219e-01,9.999988079071044922e-01,-9.999935626983642578e-01,-9.999991059303283691e-01,9.999960064888000488e-01,9.999966621398925781e-01,-9.999915957450866699e-01,-9.999982714653015137e-01,9.999991655349731445e-01,-9.999986290931701660e-01,9.999987483024597168e-01,9.999904632568359375e-01,-9.999637603759765625e-01,-9.999992251396179199e-01,-9.999935626983642578e-01,-9.999779462814331055e-01,9.999960064888000488e-01,-9.999988079071044922e-01,9.999895691871643066e-01,9.999979734420776367e-01,-9.999983310699462891e-01,9.999983310699462891e-01,9.999910593032836914e-01,-9.999992847442626953e-01,9.999991655349731445e-01,-9.999977946281433105e-01,9.999975562095642090e-01,-9.999991059303283691e-01,-9.999186396598815918e-01,-9.999646544456481934e-01,-9.999990463256835938e-01,-9.999976158142089844e-01,9.999876022338867188e-01,9.999988675117492676e-01,9.999955296516418457e-01,-9.999989271163940430e-01,9.999989271163940430e-01,-9.999983310699462891e-01,9.999987483024597168e-01,9.999524354934692383e-01,-9.999992847442626953e-01,9.999979138374328613e-01,-9.999992251396179199e-01,9.999985098838806152e-01,9.999965429306030273e-01,9.999977946281433105e-01,9.999989271163940430e-01,-9.999975562095642090e-01,-9.999984502792358398e-01,9.999979734420776367e-01,9.999937415122985840e-01,9.999962449073791504e-01,-9.999902248382568359e-01,9.999947547912597656e-01
-9.999988675117492676e-01,9.999991059303283691e-01,9.999961256980895996e-01,-9.999982714653015137e-01,-9.999992847442626953e-01,9.999991059303283691e-01,-9.999967813491821289e-01,-9.999994039535522461e-01,9.999968409538269043e-01,-9.999989271163940430e-01,9.999992251396179199e-01,9.999992251396179199e-01,-9.999986290931701660e-01,-9.999989867210388184e-01,-9.999962449073791504e-01,-9.999965429306030273e-01,-9.999982118606567383e-01,9.999986886978149414e-01,-9.999948740005493164e-01,9.999993443489074707e-01,9.999993443489074707e-01,-9.999958872795104980e-01,-9.999989867210388184e-01,-9.999985098838806152e-01,-9.999924302101135254e-01,-9.999993443489074707e-01,9.999988079071044922e-01,9.999992847442626953e-01,-9.999936819076538086e-01,9.999976754188537598e-01,9.999940991401672363e-01,9.999987483024597168e-01,-9.999902248382568359e-01,-9.999968409538269043e-01,9.999986886978149414e-01,-9.999799728393554688e-01,-9.999992847442626953e-01,-9.999990463256835938e-01,-9.999917745590209961e-01,9.999992847442626953e-01,-9.999991655349731445e-01,-9.999847412109375000e-01,-9.999889731407165527e-01,-9.999992251396179199e-01,-9.999988079071044922e-01,-9.999987483024597168e-01,9.999952912330627441e-01,-9.999991059303283691e-01,-9.999992847442626953e-01,9.999989867210388184e-01,9.999992251396179199e-01,9.999990463256835938e-01,9.999991655349731445e-01,9.999955296516418457e-01,9.999989271163940430e-01,9.999986290931701660e-01,9.999904036521911621e-01,-9.999931454658508301e-01,-9.999970197677612305e-01,-9.999988079071044922e-01,9.999989271163940430e-01,-9.999992251396179199e-01,-9.999989271163940430e-01,-9.999969601631164551e-01,9.999962449073791504e-01,9.999992847442626953e-01,9.999994635581970215e-01,9.999972581863403320e-01,9.999993443489074707e-01,-9.999989867210388184e-01,9.999992251396179199e-01,-9.999979138374328613e-01,9.999872446060180664e-01,9.999957680702209473e-01,9.999891519546508789e-01,9.999989271163940430e-01,-9.999941587448120117e-01,-9.999992251396179199e-01,9.999963045120239258e-01,9.999970197677612305e-01,-9.999923706054687500e-01,-9.999983906745910645e-01,9.999991655349731445e-01,-9.999987483024597168e-01,9.999988675117492676e-01,9.999912977218627930e-01,-9.999670982360839844e-01,-9.999992251396179199e-01,-9.999941587448120117e-01,-9.999799728393554688e-01,9.999964237213134766e-01,-9.999988675117492676e-01,9.999904632568359375e-01,9.999982714653015137e-01,-9.999985098838806152e-01,9.999985694885253906e-01,9.999918937683105469e-01,-9.999993443489074707e-01,9.999992251396179199e-01,-9.999979734420776367e-01,9.999977946281433105e-01,-9.999992847442626953e-01,-9.999261498451232910e-01,-9.999678134918212891e-01,-9.999991655349731445e-01,-9.999977946281433105e-01,9.999886155128479004e-01,9.999989271163940430e-01,9.999959468841552734e-01,-9.999990463256835938e-01,9.999991059303283691e-01,-9.999985098838806152e-01,9.999987483024597168e-01,9.999568462371826172e-01,-9.999994039535522461e-01,9.999980926513671875e-01,-9.999993443489074707e-01,9.999986290931701660e-01,9.999968409538269043e-01,9.999979734420776367e-01,9.999991059303283691e-01,-9.999977946281433105e-01,-9.999985694885253906e-01,9.999981522560119629e-01,9.999942779541015625e-01,9.999967217445373535e-01,-9.999911189079284668e-01,9.999952316284179688e-01
