4.591747522354125977e-01,-4.740210250020027161e-03,-8.555874228477478027e-03,-4.676420614123344421e-02,1.673233956098556519e-01,-1.530237197875976562e-01,1.372504532337188721e-01,4.083182513713836670e-01,1.042160913348197937e-01,9.217563271522521973e-02,-1.441892832517623901e-01,-6.689614057540893555e-02,-1.256059408187866211e-01,7.095754146575927734e-02,1.258524507284164429e-01,1.267150044441223145e-01,-2.353011223021894693e-05,-6.304325908422470093e-02,6.678856909275054932e-02,-4.612376540899276733e-02,-1.380154788494110107e-01,-1.543482299894094467e-02,-7.818882912397384644e-02,5.623017251491546631e-02,1.532086264342069626e-02,4.687203839421272278e-02,5.564529821276664734e-02,-1.901463419198989868e-01,-7.558796554803848267e-03,-1.466745585203170776e-01,-1.234214454889297485e-01,-1.707816869020462036e-02,-2.248493954539299011e-02,7.004534453153610229e-02,-1.832340843975543976e-02,-3.265597671270370483e-02,-3.611231688410043716e-03,5.087171867489814758e-02,-2.323755025863647461e-01,-3.671536743640899658e-01,2.075312584638595581e-01,1.029227375984191895e-01,-1.215275526046752930e-01,2.454884909093379974e-02,-6.682382524013519287e-02,1.011654660105705261e-01,-8.836408704519271851e-02,-1.143667772412300110e-01,8.005966246128082275e-02,-7.314270734786987305e-02,-1.608747541904449463e-01,-9.340909123420715332e-02,2.969142496585845947e-01,-7.145535945892333984e-02,-5.646895244717597961e-02,-1.506706029176712036e-01,9.057077765464782715e-02,4.439999815076589584e-03,8.888226002454757690e-02,-2.279375120997428894e-02,-1.099680513143539429e-01,-4.017621651291847229e-02,3.213535295799374580e-03,2.274117469787597656e-01,3.664211556315422058e-02,6.829036399722099304e-03,-2.741238474845886230e-01,1.306952387094497681e-01,-1.212566047906875610e-01,1.535020321607589722e-01,-2.199186831712722778e-01,1.029696092009544373e-01,3.144038468599319458e-02,1.049658283591270447e-01,-1.219892352819442749e-01,-1.619893014430999756e-01,1.020870171487331390e-03,6.060733646154403687e-02,-1.485264748334884644e-01,-5.141276493668556213e-02,1.037788316607475281e-01,2.814434119500219822e-04,-1.463413834571838379e-01,-2.055871533229947090e-03,-2.826140224933624268e-01,6.479788571596145630e-02,2.518724799156188965e-01,6.293189362622797489e-04,-1.061502844095230103e-01,1.049007028341293335e-01,-1.657296121120452881e-01,1.182163432240486145e-01,1.160720810294151306e-01,-1.299762725830078125e-01,-9.740456193685531616e-02,-2.610701918601989746e-01,1.145551279187202454e-01,-8.104527660179883242e-05,-1.029097214341163635e-01,2.472862601280212402e-01,-1.999371200799942017e-01,2.925185561180114746e-01,-3.076829016208648682e-02,-6.182322651147842407e-02,6.924941670149564743e-03,2.753193676471710205e-01,7.781083136796951294e-02,1.252694129943847656e-01,-2.958019375801086426e-01,5.495033692568540573e-03,5.299546290189027786e-03,2.511247247457504272e-02,3.181094303727149963e-02,5.295162275433540344e-02,1.047626137733459473e-01,-9.592523425817489624e-02,2.651961445808410645e-01,-4.876053333282470703e-02,-2.476118654012680054e-01,-4.193282686173915863e-03,-1.544882506132125854e-01,1.435051411390304565e-01,1.432255804538726807e-01,1.897037178277969360e-01,-4.767882078886032104e-02,-1.118105370551347733e-02,7.326546125113964081e-03,6.005604565143585205e-02
-4.740210250020027161e-03,1.658261381089687347e-02,-1.209735721349716187e-01,8.581776916980743408e-02,6.994759291410446167e-02,2.017555758357048035e-02,1.968656666576862335e-02,7.712284568697214127e-03,3.061617165803909302e-02,6.547091901302337646e-02,5.105768330395221710e-03,-4.191931337118148804e-02,9.474881738424301147e-02,9.004352241754531860e-02,1.072046309709548950e-01,1.169013157486915588e-01,-2.539223991334438324e-03,6.424870342016220093e-02,-9.493804723024368286e-02,-7.937473803758621216e-02,-5.647120252251625061e-02,8.513590693473815918e-02,8.885579556226730347e-02,2.147950977087020874e-02,1.042136177420616150e-02,1.102865710854530334e-01,-1.189037263393402100e-01,-4.672572389245033264e-02,1.117276251316070557e-01,-4.773850739002227783e-02,7.067541778087615967e-02,-1.215894743800163269e-01,8.858000487089157104e-02,8.720948547124862671e-02,-3.565281396731734276e-03,-1.188570633530616760e-01,5.665369331836700439e-02,8.964259922504425049e-02,-7.956285774707794189e-02,-6.044856086373329163e-02,8.812106400728225708e-02,1.828251220285892487e-02,1.162557676434516907e-01,2.723965607583522797e-02,-1.243837457150220871e-02,-1.001745387911796570e-01,-1.137449890375137329e-01,-3.031808137893676758e-02,-2.285624481737613678e-02,6.755879148840904236e-03,4.275396838784217834e-02,-4.875786602497100830e-02,-8.678208105266094208e-03,1.534861698746681213e-02,-6.898506544530391693e-03,-1.261504739522933960e-01,3.294718265533447266e-02,7.525283377617597580e-03,-6.950464844703674316e-02,-7.484895735979080200e-02,7.060036063194274902e-03,8.498280309140682220e-03,3.789886133745312691e-03,5.104199796915054321e-02,-8.928158320486545563e-03,-2.794419229030609131e-02,6.113246083259582520e-02,1.097480803728103638e-01,-1.065003052353858948e-01,3.083542734384536743e-02,-8.319061994552612305e-02,-5.543537810444831848e-02,-3.075481578707695007e-02,1.063673049211502075e-01,-8.362508378922939301e-03,-1.020950004458427429e-01,-1.837775809690356255e-03,1.325987130403518677e-01,-6.622204091399908066e-03,-1.044397428631782532e-01,1.181479990482330322e-01,5.185470217838883400e-04,-1.038777455687522888e-01,-1.231404254212975502e-03,-8.763428032398223877e-02,-1.143106818199157715e-01,7.072349637746810913e-02,2.958236960694193840e-03,8.267516642808914185e-02,7.313893735408782959e-02,-1.660437136888504028e-02,-4.905357956886291504e-02,-8.781432360410690308e-02,3.128447383642196655e-02,-1.004825085401535034e-01,1.428570505231618881e-02,9.391094744205474854e-02,-2.944703919638413936e-05,-8.994346857070922852e-02,4.069040343165397644e-02,-3.821912407875061035e-02,1.034553442150354385e-02,-1.264088004827499390e-01,-8.677110075950622559e-02,1.296395808458328247e-01,2.224650047719478607e-02,-1.002184376120567322e-01,-1.140613183379173279e-01,-2.096082456409931183e-02,-5.976268090307712555e-03,8.573359996080398560e-02,-8.692827820777893066e-02,-1.067758873105049133e-01,-1.089275069534778595e-02,1.203951910138130188e-01,-1.041617095470428467e-01,6.144941598176956177e-02,3.927110508084297180e-02,-1.121900156140327454e-01,5.004046857357025146e-02,7.167346030473709106e-02,8.861063420772552490e-02,1.048956513404846191e-01,-7.450863718986511230e-02,-7.414677739143371582e-02,-9.346052259206771851e-02,-3.552009118720889091e-03,6.826657056808471680e-02
-8.555874228477478027e-03,-1.209735721349716187e-01,8.388182520866394043e-01,-6.835136413574218750e-01,-5.106729865074157715e-01,-2.195130884647369385e-01,-2.077298313379287720e-01,-9.393194317817687988e-02,-2.127895504236221313e-01,-5.312982797622680664e-01,-7.747374183963984251e-05,3.389737010002136230e-01,-6.335000991821289062e-01,-6.979497671127319336e-01,-7.693768739700317383e-01,-7.624163031578063965e-01,1.966633461415767670e-02,-4.624477922916412354e-01,7.144330739974975586e-01,6.568533182144165039e-01,4.566585123538970947e-01,-6.670629978179931641e-01,-7.048547267913818359e-01,-1.575956642627716064e-01,-8.480696380138397217e-02,-7.009295821189880371e-01,7.798450589179992676e-01,2.941145300865173340e-01,-7.783971428871154785e-01,3.906246423721313477e-01,-5.340758562088012695e-01,8.206150531768798828e-01,-6.613163948059082031e-01,-7.070626020431518555e-01,3.011422418057918549e-02,7.888904213905334473e-01,-4.366812407970428467e-01,-6.939492821693420410e-01,5.317374467849731445e-01,5.222370624542236328e-01,-6.273642182350158691e-01,-1.597916781902313232e-01,-7.666433453559875488e-01,-2.212349325418472290e-01,1.007417887449264526e-01,7.028045654296875000e-01,8.118468523025512695e-01,2.495741844177246094e-01,1.700392961502075195e-01,5.736761167645454407e-02,-3.240270912647247314e-01,4.130809307098388672e-01,1.813716627657413483e-02,-9.305137395858764648e-02,2.875576354563236237e-02,8.283630013465881348e-01,-2.912599146366119385e-01,-6.055601313710212708e-02,5.056812167167663574e-01,5.992256999015808105e-01,-2.196936681866645813e-02,-8.751469850540161133e-02,-3.069027513265609741e-02,-4.198272526264190674e-01,6.779427826404571533e-02,2.113678157329559326e-01,-3.952890336513519287e-01,-7.383693456649780273e-01,7.608481645584106445e-01,-1.949264109134674072e-01,6.486823558807373047e-01,4.354945719242095947e-01,2.574895024299621582e-01,-7.789661288261413574e-01,4.363315552473068237e-02,7.358273267745971680e-01,1.278219185769557953e-02,-8.692376613616943359e-01,1.160837039351463318e-01,7.593462467193603516e-01,-8.306763768196105957e-01,-4.189585801213979721e-03,7.443976998329162598e-01,1.064400654286146164e-02,6.167564392089843750e-01,7.707960009574890137e-01,-5.634499192237854004e-01,-2.174958772957324982e-02,-5.884472131729125977e-01,-5.914002060890197754e-01,1.414665430784225464e-01,3.825115859508514404e-01,6.566031575202941895e-01,-2.241024523973464966e-01,7.430753111839294434e-01,-9.279847890138626099e-02,-6.949265003204345703e-01,2.420855453237891197e-04,6.468331813812255859e-01,-3.156762421131134033e-01,3.609882295131683350e-01,-7.360175251960754395e-02,8.429930210113525391e-01,6.769675016403198242e-01,-8.509531617164611816e-01,-3.104906082153320312e-01,7.087792754173278809e-01,7.491226792335510254e-01,1.499128341674804688e-01,4.599940031766891479e-02,-6.383296251296997070e-01,7.027175426483154297e-01,7.663124799728393555e-01,-3.077019006013870239e-02,-7.972766160964965820e-01,7.525433301925659180e-01,-4.420799314975738525e-01,-3.292285203933715820e-01,7.874571681022644043e-01,-4.012696743011474609e-01,-5.192883610725402832e-01,-6.959132552146911621e-01,-7.572044134140014648e-01,5.207325816154479980e-01,6.214645504951477051e-01,7.167488336563110352e-01,1.553042605519294739e-02,-5.648825168609619141e-01
-4.676420614123344421e-02,8.581776916980743408e-02,-6.835136413574218750e-01,6.584846377372741699e-01,2.991591393947601318e-01,2.444321513175964355e-01,1.620731353759765625e-01,-3.454742208123207092e-02,1.386574506759643555e-01,3.857854902744293213e-01,-5.554622039198875427e-02,-2.418482154607772827e-01,4.012357592582702637e-01,6.107065081596374512e-01,5.972586870193481445e-01,5.145522356033325195e-01,-1.190779916942119598e-02,3.843712806701660156e-01,-6.157128214836120605e-01,-4.894030392169952393e-01,-4.456895291805267334e-01,5.240699052810668945e-01,5.763458013534545898e-01,1.360633969306945801e-01,6.231985613703727722e-02,4.355429708957672119e-01,-5.601765513420104980e-01,-5.721662566065788269e-02,5.563645362854003906e-01,-1.872541159391403198e-01,3.859493732452392578e-01,-6.746612787246704102e-01,5.992882251739501953e-01,5.230480432510375977e-01,-1.021665800362825394e-02,-5.783264040946960449e-01,3.118803799152374268e-01,4.924670159816741943e-01,-2.579570412635803223e-01,-4.697528183460235596e-01,4.538892805576324463e-01,1.408313363790512085e-01,5.909186601638793945e-01,1.589239984750747681e-01,-1.191426366567611694e-01,-4.655755162239074707e-01,-6.645489931106567383e-01,-2.028690576553344727e-01,-1.408709883689880371e-01,1.907246932387351990e-02,2.712980508804321289e-01,-2.710144221782684326e-01,1.814619824290275574e-02,5.157117545604705811e-02,8.732388168573379517e-02,-6.168557405471801758e-01,2.334724813699722290e-01,4.153949022293090820e-02,-4.044970870018005371e-01,-4.800747632980346680e-01,-3.319832682609558105e-02,1.298512369394302368e-01,2.727854251861572266e-02,2.729552686214447021e-01,-2.764816582202911377e-02,-1.530116796493530273e-01,3.187375664710998535e-01,5.042894482612609863e-01,-5.515834093093872070e-01,3.268531709909439087e-02,-4.409006536006927490e-01,-2.241083532571792603e-01,-2.527217268943786621e-01,6.204037666320800781e-01,-4.234154894948005676e-02,-5.687581300735473633e-01,-6.806981284171342850e-03,6.729518771171569824e-01,-2.386674433946609497e-01,-5.695150494575500488e-01,7.224530577659606934e-01,3.037467831745743752e-03,-5.226616263389587402e-01,-7.019334007054567337e-03,-4.302889406681060791e-01,-5.721541047096252441e-01,3.167686462402343750e-01,1.257492508739233017e-02,3.847159445285797119e-01,4.021786153316497803e-01,-9.359366446733474731e-02,-3.971824944019317627e-01,-5.748051404953002930e-01,2.436515986919403076e-01,-6.069921851158142090e-01,1.190226525068283081e-01,5.090679526329040527e-01,-1.647860626690089703e-04,-3.951254487037658691e-01,1.763910204172134399e-01,-1.997809857130050659e-01,-1.233090832829475403e-01,-7.135714292526245117e-01,-4.679374098777770996e-01,6.977869868278503418e-01,3.523367643356323242e-01,-7.053019404411315918e-01,-5.700440406799316406e-01,-1.606764271855354309e-02,-3.499722108244895935e-02,5.801715850830078125e-01,-6.304578185081481934e-01,-6.122354269027709961e-01,9.324994683265686035e-02,5.945606827735900879e-01,-5.610897541046142578e-01,2.038893252611160278e-01,2.325589358806610107e-01,-6.107259392738342285e-01,3.422606587409973145e-01,3.934801518917083740e-01,5.632106661796569824e-01,5.852320790290832520e-01,-4.116454720497131348e-01,-4.281571209430694580e-01,-5.763852596282958984e-01,-2.348347380757331848e-02,4.256802797317504883e-01
1.673233956098556519e-01,6.994759291410446167e-02,-5.106729865074157715e-01,2.991591393947601318e-01,4.463640153408050537e-01,1.886830665171146393e-03,1.279459148645401001e-01,2.988999187946319580e-01,1.127239093184471130e-01,2.961005270481109619e-01,-8.796846959739923477e-04,-2.078959792852401733e-01,4.003528654575347900e-01,3.492604494094848633e-01,5.177578926086425781e-01,6.084831953048706055e-01,-1.255152374505996704e-02,2.685239315032958984e-01,-3.239096999168395996e-01,-3.315366506576538086e-01,-1.487238705158233643e-01,3.424975275993347168e-01,3.207544982433319092e-01,1.277090311050415039e-01,4.452173039317131042e-02,5.358421802520751953e-01,-5.207625031471252441e-01,-3.890952765941619873e-01,5.308889746665954590e-01,-3.217941224575042725e-01,2.648748457431793213e-01,-4.713760912418365479e-01,2.848085165023803711e-01,3.929310441017150879e-01,-3.146561607718467712e-02,-5.430576801300048828e-01,2.403045892715454102e-01,4.095679819583892822e-01,-5.689498782157897949e-01,-3.632668852806091309e-01,4.576342701911926270e-01,1.032920852303504944e-01,4.828900992870330811e-01,1.298542022705078125e-01,3.394439350813627243e-03,-4.283142089843750000e-01,-5.241528749465942383e-01,-1.766930371522903442e-01,-8.596529066562652588e-02,2.895096689462661743e-02,1.156408414244651794e-01,-3.200958669185638428e-01,3.242539241909980774e-02,5.434326827526092529e-02,-1.378491967916488647e-01,-6.486523151397705078e-01,1.737182736396789551e-01,3.600234910845756531e-02,-2.564651370048522949e-01,-3.152403831481933594e-01,3.827826306223869324e-02,-4.377366229891777039e-02,1.444086618721485138e-02,2.709403038024902344e-01,-5.076552182435989380e-02,-1.146535500884056091e-01,1.859965771436691284e-01,5.800964236259460449e-01,-4.911032617092132568e-01,2.897948324680328369e-01,-4.793834388256072998e-01,-2.789713740348815918e-01,-4.340390861034393311e-02,4.793591797351837158e-01,-7.000029832124710083e-02,-5.085837841033935547e-01,-8.865009993314743042e-03,6.068816184997558594e-01,-1.558470423333346844e-03,-4.552150964736938477e-01,4.956811368465423584e-01,2.287639537826180458e-03,-5.488999485969543457e-01,-7.400930859148502350e-03,-5.280356407165527344e-01,-5.020226836204528809e-01,4.448985159397125244e-01,1.525027025490999222e-02,2.964203357696533203e-01,3.635042011737823486e-01,-1.646155118942260742e-01,-8.083995431661605835e-02,-2.607432603836059570e-01,2.789656445384025574e-02,-4.278454184532165527e-01,-7.375620305538177490e-02,5.041462182998657227e-01,-1.593540800968185067e-04,-4.802582859992980957e-01,2.980559766292572021e-01,-2.651474475860595703e-01,2.239339649677276611e-01,-5.175909399986267090e-01,-4.104315638542175293e-01,5.289734601974487305e-01,1.506431549787521362e-01,-2.936568558216094971e-01,-4.698730111122131348e-01,-2.537463009357452393e-01,-1.717846840620040894e-02,2.699069380760192871e-01,-2.741546332836151123e-01,-4.387764036655426025e-01,-1.155267283320426941e-01,6.332734823226928711e-01,-4.622407257556915283e-01,4.569847583770751953e-01,1.562028974294662476e-01,-5.912021994590759277e-01,1.759071201086044312e-01,2.792057693004608154e-01,3.803143799304962158e-01,4.992384612560272217e-01,-2.400467395782470703e-01,-3.367759585380554199e-01,-3.478101491928100586e-01,-2.321928739547729492e-02,3.041277527809143066e-01
-1.530237197875976562e-01,2.017555758357048035e-02,-2.195130884647369385e-01,2.444321513175964355e-01,1.886830665171146393e-03,2.407621443271636963e-01,1.352602336555719376e-02,-1.085135638713836670e-01,-6.113558635115623474e-02,6.584565341472625732e-02,5.761745944619178772e-02,-6.001023575663566589e-02,1.006250157952308655e-01,2.362326681613922119e-01,1.721265316009521484e-01,9.461838752031326294e-02,-3.739074338227510452e-03,8.076959848403930664e-02,-1.720928400754928589e-01,-1.681010574102401733e-01,-5.902047455310821533e-02,2.047873437404632568e-01,2.364932745695114136e-01,6.949647329747676849e-03,1.009894348680973053e-02,2.296446822583675385e-02,-1.908465623855590820e-01,7.972070574760437012e-02,1.995725035667419434e-01,-3.064338490366935730e-02,1.510247290134429932e-01,-1.963416486978530884e-01,1.352452933788299561e-01,2.113548517227172852e-01,-3.415734972804784775e-03,-1.698854416608810425e-01,7.755120098590850830e-02,1.062732189893722534e-01,2.025666646659374237e-02,-1.028896495699882507e-01,-2.513334341347217560e-02,7.825326174497604370e-03,2.113519906997680664e-01,4.682448506355285645e-02,7.552807033061981201e-02,-1.919930726289749146e-01,-1.755007952451705933e-01,-2.822086028754711151e-02,-1.047963127493858337e-01,-7.472125440835952759e-02,1.426660865545272827e-01,-1.302029043436050415e-01,-8.462452888488769531e-02,2.074588788673281670e-03,3.315961360931396484e-02,-1.618501842021942139e-01,6.654699146747589111e-02,1.220169942826032639e-02,-7.649096101522445679e-02,-1.280974149703979492e-01,2.321180328726768494e-02,5.203888565301895142e-02,7.987377233803272247e-03,-8.457160741090774536e-02,-4.082786291837692261e-02,-2.957835234701633453e-02,1.581638455390930176e-01,8.507981151342391968e-02,-1.161392703652381897e-01,-6.077586114406585693e-02,-4.976322501897811890e-02,-2.155970335006713867e-01,-7.758060097694396973e-02,1.603827178478240967e-01,9.651426225900650024e-02,-9.961780160665512085e-02,-9.772151242941617966e-04,1.955724954605102539e-01,-2.513996884226799011e-02,-1.502580344676971436e-01,1.987604647874832153e-01,9.636249742470681667e-04,-1.109845563769340515e-01,-2.965103834867477417e-03,2.018664963543415070e-02,-1.665029823780059814e-01,1.658577099442481995e-02,2.738621551543474197e-03,9.219785034656524658e-02,7.948952913284301758e-02,4.148321971297264099e-02,-1.311029642820358276e-01,-1.752429753541946411e-01,1.220238059759140015e-01,-1.111223027110099792e-01,1.038248762488365173e-01,1.222705394029617310e-01,-2.151822991436347365e-05,-9.227790683507919312e-02,-1.045098677277565002e-01,-4.418142512440681458e-02,-1.759021580219268799e-01,-1.966979503631591797e-01,-9.940793365240097046e-02,1.658253818750381470e-01,9.774792194366455078e-02,-2.138174921274185181e-01,-1.784613132476806641e-01,1.582120209932327271e-01,-8.713209070265293121e-03,2.120756953954696655e-01,-2.448208183050155640e-01,-1.847304850816726685e-01,9.154510498046875000e-02,1.404645889997482300e-01,-1.029592975974082947e-01,-1.141220703721046448e-02,8.991721272468566895e-02,-1.095748245716094971e-01,9.724824875593185425e-02,1.314360201358795166e-01,1.202314645051956177e-01,1.144865229725837708e-01,-1.353903859853744507e-01,-1.852982342243194580e-01,-1.646383106708526611e-01,6.670673610642552376e-04,1.015338227152824402e-01
1.372504532337188721e-01,1.968656666576862335e-02,-2.077298313379287720e-01,1.620731353759765625e-01,1.279459148645401001e-01,1.352602336555719376e-02,1.431464552879333496e-01,1.394660323858261108e-01,5.010088160634040833e-02,1.514245569705963135e-01,-9.569315612316131592e-02,-7.735855877399444580e-02,6.710077077150344849e-02,1.500328034162521362e-01,1.884294301271438599e-01,1.697573363780975342e-01,-3.815490985289216042e-03,6.911738961935043335e-02,-1.783574372529983521e-01,-1.536749452352523804e-01,-1.684818118810653687e-01,1.011962965130805969e-01,1.349548995494842529e-01,5.606766417622566223e-02,2.290939912199974060e-02,1.382336169481277466e-01,-1.273973435163497925e-01,-5.874801054596900940e-02,1.819484680891036987e-01,-1.336831003427505493e-01,7.082299888134002686e-02,-1.822671145200729370e-01,1.831976622343063354e-01,1.839234083890914917e-01,-8.441851474344730377e-03,-1.421654671430587769e-01,8.028478920459747314e-02,1.603663414716720581e-01,-1.642863303422927856e-01,-2.369353920221328735e-01,2.007106244564056396e-01,7.285919040441513062e-02,1.099390313029289246e-01,5.181921273469924927e-02,-9.635633230209350586e-02,-1.060230508446693420e-01,-2.280178666114807129e-01,-7.957560569047927856e-02,1.367670390754938126e-02,-4.147243499755859375e-02,1.799432747066020966e-02,-1.011738032102584839e-01,1.027191430330276489e-01,1.709277555346488953e-02,-2.129614586010575294e-03,-2.285836189985275269e-01,7.598122209310531616e-02,1.267872378230094910e-02,-1.028732731938362122e-01,-1.289507001638412476e-01,-4.901219159364700317e-02,2.136658504605293274e-02,6.871419027447700500e-03,2.101458311080932617e-01,-3.079413669183850288e-03,-4.066769033670425415e-02,-4.337367042899131775e-02,1.806774288415908813e-01,-1.937007158994674683e-01,5.896833539009094238e-02,-2.243317365646362305e-01,-3.975448012351989746e-02,-4.049433395266532898e-02,2.026083469390869141e-01,-5.708936229348182678e-02,-2.199382781982421875e-01,-1.528893248178064823e-03,2.339491844177246094e-01,-1.083942130208015442e-01,-1.635174155235290527e-01,2.492321729660034180e-01,8.420980302616953850e-04,-2.096886187791824341e-01,-3.353917971253395081e-03,-2.081255316734313965e-01,-1.369152665138244629e-01,2.324938476085662842e-01,3.429538803175091743e-03,4.840061441063880920e-02,1.520096659660339355e-01,-9.628823399543762207e-02,-5.120823904871940613e-02,-1.129834949970245361e-01,-1.294427178800106049e-02,-2.182939499616622925e-01,-6.189012527465820312e-02,1.807441264390945435e-01,-8.030881144804880023e-05,-1.209144964814186096e-01,1.545305997133255005e-01,-1.391456276178359985e-01,1.065477803349494934e-01,-1.995399147272109985e-01,-1.504703462123870850e-01,2.478175610303878784e-01,2.278113067150115967e-01,-1.782242953777313232e-01,-9.193358570337295532e-02,-1.376997977495193481e-01,-8.028509095311164856e-03,9.715388715267181396e-02,-1.908908188343048096e-01,-1.402061283588409424e-01,7.765646278858184814e-02,2.170834541320800781e-01,-2.181436121463775635e-01,1.162758469581604004e-01,7.255679368972778320e-02,-2.758035659790039062e-01,8.114994317293167114e-02,5.701079219579696655e-02,2.044365406036376953e-01,2.151066213846206665e-01,-2.615870349109172821e-02,-1.207500919699668884e-01,-1.631272584199905396e-01,6.580642075277864933e-04,1.669697314500808716e-01
4.083182513713836670e-01,7.712284568697214127e-03,-9.393194317817687988e-02,-3.454742208123207092e-02,2.988999187946319580e-01,-1.085135638713836670e-01,1.394660323858261108e-01,5.752261281013488770e-01,-4.371290095150470734e-03,1.010213121771812439e-01,-5.737635120749473572e-02,-1.039739325642585754e-01,1.474435720592737198e-02,4.923800751566886902e-02,2.173922508955001831e-01,2.841368019580841064e-01,-4.570744000375270844e-03,-1.392245758324861526e-02,6.967466324567794800e-02,-7.368522882461547852e-02,9.063407033681869507e-02,5.581369251012802124e-02,-2.874259464442729950e-02,5.470113456249237061e-02,1.323252450674772263e-02,1.769537776708602905e-01,-9.048476815223693848e-02,-3.595024347305297852e-01,1.976119875907897949e-01,-2.719113826751708984e-01,-3.446362540125846863e-02,-2.332855574786663055e-02,-1.044491752982139587e-01,1.607987135648727417e-01,-3.768348321318626404e-02,-1.608787178993225098e-01,3.881844878196716309e-02,1.309873014688491821e-01,-4.914872348308563232e-01,-3.246123492717742920e-01,2.258073985576629639e-01,7.570960372686386108e-02,1.854588650166988373e-02,5.360785499215126038e-02,9.165411442518234253e-02,-7.188345491886138916e-02,-1.750282496213912964e-01,-1.241933479905128479e-01,2.267969399690628052e-02,-9.764964878559112549e-02,-1.125224158167839050e-01,-2.598416805267333984e-01,1.760813891887664795e-01,-5.057676881551742554e-02,-2.055292129516601562e-01,-3.143531680107116699e-01,1.147503256797790527e-01,1.518111675977706909e-02,7.706636935472488403e-02,-5.466782301664352417e-02,-1.998348906636238098e-02,-1.301220506429672241e-01,6.279219524003565311e-04,1.556061953306198120e-01,-2.204575575888156891e-02,-9.188465774059295654e-03,-1.840578764677047729e-01,2.780620455741882324e-01,-1.882734000682830811e-01,2.944639623165130615e-01,-3.370083272457122803e-01,-1.433323621749877930e-01,1.251854598522186279e-01,1.679277867078781128e-01,-5.720870196819305420e-02,-2.204177677631378174e-01,-2.487147459760308266e-03,1.960041075944900513e-01,-8.480422198772430420e-03,-1.086831986904144287e-01,1.132659316062927246e-01,7.097594789229333401e-04,-2.859978675842285156e-01,-5.143600050359964371e-03,-3.531365394592285156e-01,-8.357781171798706055e-02,3.644196391105651855e-01,6.949446164071559906e-03,-7.138873636722564697e-02,1.823350638151168823e-01,-1.939740478992462158e-01,2.261268198490142822e-01,1.475621759891510010e-01,-1.899426132440567017e-01,-9.973818063735961914e-02,-2.796902656555175781e-01,2.537341117858886719e-01,-1.054607855621725321e-04,-2.542864680290222168e-01,2.833348810672760010e-01,-2.799316942691802979e-01,3.963642716407775879e-01,-7.017287611961364746e-02,-1.530366539955139160e-01,6.996369361877441406e-02,2.070629298686981201e-01,1.728872507810592651e-01,-1.837442070245742798e-02,-3.428059518337249756e-01,1.127595081925392151e-02,-8.674680441617965698e-02,6.179543212056159973e-02,-4.780477657914161682e-02,-4.075268283486366272e-02,2.997039258480072021e-01,-1.404662430286407471e-01,4.163318574428558350e-01,2.747529745101928711e-02,-3.346883654594421387e-01,-3.059236332774162292e-02,-4.821158200502395630e-02,1.189602464437484741e-01,1.766641736030578613e-01,1.586441099643707275e-01,-1.320198774337768555e-01,7.389687816612422466e-04,-2.773360349237918854e-03,1.050810143351554871e-01
1.042160913348197937e-01,3.061617165803909302e-02,-2.127895504236221313e-01,1.386574506759643555e-01,1.127239093184471130e-01,-6.113558635115623474e-02,5.010088160634040833e-02,-4.371290095150470734e-03,2.124674469232559204e-01,1.721193045377731323e-01,-5.713400989770889282e-02,-9.100624173879623413e-02,1.364314258098602295e-01,2.033843845129013062e-01,2.035870999097824097e-01,2.244628518819808960e-01,-2.874335274100303650e-03,8.559634536504745483e-02,-2.127490341663360596e-01,-1.576713323593139648e-01,-3.062896430492401123e-01,1.477388143539428711e-01,1.302371025085449219e-01,3.176004439592361450e-02,3.234122693538665771e-02,2.510455548763275146e-01,-1.812595427036285400e-01,-5.529999360442161560e-02,1.314394176006317139e-01,-5.695471540093421936e-02,7.513549923896789551e-02,-3.010920882225036621e-01,2.474404722452163696e-01,1.497061103582382202e-01,-8.788400737103074789e-05,-2.204752713441848755e-01,1.142895370721817017e-01,1.835459470748901367e-01,-9.557971358299255371e-02,-1.847065836191177368e-01,2.726595997810363770e-01,7.015420496463775635e-02,1.428669691085815430e-01,4.654274135828018188e-02,-1.619446873664855957e-01,-1.264454126358032227e-01,-2.133298516273498535e-01,-7.435140758752822876e-02,2.624593488872051239e-02,-1.885505393147468567e-02,1.685452833771705627e-02,1.756481826305389404e-02,1.060911566019058228e-01,1.619940740056335926e-04,5.981630086898803711e-02,-2.148213982582092285e-01,7.238567620515823364e-02,1.242555491626262665e-02,-1.223999261856079102e-01,-1.508078426122665405e-01,-5.977668240666389465e-02,6.636372208595275879e-02,9.408961050212383270e-03,2.450856119394302368e-01,3.682846203446388245e-02,-6.095417216420173645e-02,8.306956849992275238e-03,1.911562830209732056e-01,-2.577517628669738770e-01,1.236845087260007858e-02,-1.735798269510269165e-01,6.095881015062332153e-02,-1.331778168678283691e-01,2.398031204938888550e-01,-9.090550243854522705e-02,-2.149552851915359497e-01,-2.778689609840512276e-03,2.468093335628509521e-01,-1.011558845639228821e-01,-2.352196425199508667e-01,2.847806215286254883e-01,1.004920224659144878e-03,-1.783237606287002563e-01,-9.100407623918727040e-06,-2.218227982521057129e-01,-1.717016994953155518e-01,1.501335650682449341e-01,4.000824410468339920e-03,2.001424729824066162e-01,1.615158170461654663e-01,-4.486374557018280029e-02,-1.374112218618392944e-01,-2.002813071012496948e-01,6.470910459756851196e-02,-2.674018442630767822e-01,1.063346513547003269e-03,1.260360479354858398e-01,-7.156216452131047845e-05,-1.525693088769912720e-01,1.563099324703216553e-01,-8.294613659381866455e-02,8.893220871686935425e-02,-2.863085567951202393e-01,-1.748873293399810791e-01,2.898154258728027344e-01,7.813107222318649292e-02,-2.585078477859497070e-01,-1.703949272632598877e-01,-1.089818552136421204e-01,-1.860865950584411621e-02,2.557539641857147217e-01,-1.957360059022903442e-01,-2.024483233690261841e-01,3.403351828455924988e-02,1.640930175781250000e-01,-2.604499161243438721e-01,9.837465733289718628e-02,4.528137296438217163e-02,-2.525238394737243652e-01,1.263422966003417969e-01,5.458142980933189392e-02,2.519993185997009277e-01,2.362685203552246094e-01,-1.063414588570594788e-01,-1.248866319656372070e-01,-2.355374544858932495e-01,9.107211604714393616e-03,1.368448436260223389e-01
9.217563271522521973e-02,6.547091901302337646e-02,-5.312982797622680664e-01,3.857854902744293213e-01,2.961005270481109619e-01,6.584565341472625732e-02,1.514245569705963135e-01,1.010213121771812439e-01,1.721193045377731323e-01,3.269985616207122803e-01,-5.001289770007133484e-02,-1.960542201995849609e-01,3.439879417419433594e-01,4.207128584384918213e-01,4.796600937843322754e-01,4.979107379913330078e-01,-1.049415953457355499e-02,2.346291840076446533e-01,-4.390676021575927734e-01,-3.706679046154022217e-01,-3.451354801654815674e-01,3.535418510437011719e-01,3.832284510135650635e-01,9.074085950851440430e-02,5.315481126308441162e-02,4.615893959999084473e-01,-4.683712124824523926e-01,-1.694864332675933838e-01,4.789361059665679932e-01,-2.348224967718124390e-01,2.649022340774536133e-01,-5.467858910560607910e-01,4.245505332946777344e-01,4.273730218410491943e-01,-1.664477773010730743e-02,-4.928490817546844482e-01,2.432776093482971191e-01,4.050075113773345947e-01,-3.493412733078002930e-01,-3.685774803161621094e-01,4.315016567707061768e-01,1.119970530271530151e-01,4.334622919559478760e-01,1.240378543734550476e-01,-1.214901208877563477e-01,-4.015275239944458008e-01,-5.244092941284179688e-01,-1.516011059284210205e-01,-5.300512164831161499e-02,-5.729119107127189636e-02,1.377753317356109619e-01,-2.035319507122039795e-01,6.279418617486953735e-02,4.410038515925407410e-02,-4.271158482879400253e-03,-5.611615180969238281e-01,1.688894927501678467e-01,3.359057754278182983e-02,-2.747120261192321777e-01,-3.340604603290557861e-01,-2.426532469689846039e-02,5.767541378736495972e-02,1.739594712853431702e-02,3.317238688468933105e-01,-1.934558153152465820e-02,-1.201290860772132874e-01,1.401810646057128906e-01,4.641945362091064453e-01,-4.989356696605682373e-01,1.119459494948387146e-01,-4.210098087787628174e-01,-1.928619593381881714e-01,-1.553071886301040649e-01,5.008608698844909668e-01,-6.560758501291275024e-02,-4.714557528495788574e-01,-6.821355782449245453e-03,5.973892211914062500e-01,-1.062839776277542114e-01,-4.711757898330688477e-01,5.769372582435607910e-01,2.336871344596147537e-03,-4.700379073619842529e-01,-5.543264560401439667e-03,-4.180882573127746582e-01,-4.547926783561706543e-01,3.825231492519378662e-01,1.168532017618417740e-02,3.230105042457580566e-01,3.504168987274169922e-01,-1.085044890642166138e-01,-2.054121494293212891e-01,-3.713405132293701172e-01,9.570255875587463379e-02,-4.936441481113433838e-01,1.191538013517856598e-02,4.051286280155181885e-01,-1.522242964711040258e-04,-3.728333711624145508e-01,2.401768267154693604e-01,-2.327472716569900513e-01,1.145043224096298218e-01,-5.640416145324707031e-01,-3.887818753719329834e-01,6.014956831932067871e-01,2.279198318719863892e-01,-4.638615250587463379e-01,-4.287297129631042480e-01,-1.535700559616088867e-01,-2.727319113910198212e-02,3.886891007423400879e-01,-4.319992065429687500e-01,-4.515712261199951172e-01,4.948003962635993958e-02,5.159385800361633301e-01,-5.019223093986511230e-01,2.669879794120788574e-01,1.777217537164688110e-01,-5.573555827140808105e-01,2.282994836568832397e-01,2.452343106269836426e-01,4.483556449413299561e-01,4.896088838577270508e-01,-2.485598176717758179e-01,-3.419477343559265137e-01,-4.372673332691192627e-01,-1.862291945144534111e-03,3.328090906143188477e-01
-1.441892832517623901e-01,5.105768330395221710e-03,-7.747374183963984251e-05,-5.554622039198875427e-02,-8.796846959739923477e-04,5.761745944619178772e-02,-9.569315612316131592e-02,-5.737635120749473572e-02,-5.713400989770889282e-02,-5.001289770007133484e-02,1.583475321531295776e-01,9.071506792679429054e-05,1.106305047869682312e-01,-2.506829798221588135e-03,1.999073661863803864e-03,5.871880799531936646e-02,-2.135249320417642593e-03,-4.372848663479089737e-03,6.168919429183006287e-02,1.467825495637953281e-03,1.747668385505676270e-01,4.898054897785186768e-02,2.656759880483150482e-02,-4.652394726872444153e-02,-8.438809774816036224e-03,5.583392083644866943e-02,-1.073831692337989807e-01,-6.972578167915344238e-02,7.762414962053298950e-02,-9.148180484771728516e-03,6.966119259595870972e-02,9.823960717767477036e-04,-1.129337176680564880e-01,2.628244459629058838e-02,-8.104427717626094818e-03,-8.453050255775451660e-02,1.372784003615379333e-02,-6.217944901436567307e-03,-4.899223893880844116e-02,1.467606872320175171e-01,-1.110476180911064148e-01,-6.375478208065032959e-02,1.004809439182281494e-01,1.690223580226302147e-03,1.659559309482574463e-01,-1.370593458414077759e-01,4.186971113085746765e-02,4.456036537885665894e-02,-7.035928964614868164e-02,-4.920884966850280762e-02,6.136095896363258362e-02,-5.480457469820976257e-02,-1.576462537050247192e-01,1.035167835652828217e-02,-7.996219396591186523e-02,-2.709910646080970764e-02,-1.684127748012542725e-02,2.970762550830841064e-03,3.487364202737808228e-02,2.294966019690036774e-02,9.524180740118026733e-02,-4.474428296089172363e-02,-3.086389973759651184e-03,-1.718383282423019409e-01,-4.305148497223854065e-02,7.269440684467554092e-04,1.285155862569808960e-01,2.105348184704780579e-02,-1.896955305710434914e-03,2.851803787052631378e-02,6.281062215566635132e-02,-2.051656544208526611e-01,3.127533569931983948e-02,-2.514310553669929504e-02,1.037092134356498718e-01,6.844105571508407593e-02,-2.282635774463415146e-03,2.200406044721603394e-02,1.855591535568237305e-01,-1.580989733338356018e-02,-7.773857563734054565e-02,1.530002919025719166e-04,3.184955799952149391e-03,-4.615495854523032904e-04,8.806078881025314331e-02,-6.861652433872222900e-02,-5.471294373273849487e-02,3.109262557700276375e-03,8.112202584743499756e-02,-1.128250174224376678e-02,7.916466146707534790e-02,4.584424197673797607e-02,1.923616230487823486e-02,2.499155327677726746e-02,8.643490076065063477e-02,6.335935741662979126e-02,-1.196948997676372528e-02,2.610236879263538867e-05,-7.424878329038619995e-02,-1.110289692878723145e-01,9.311312809586524963e-03,-3.744973242282867432e-02,1.536891143769025803e-02,-3.967327997088432312e-03,-4.576594009995460510e-02,-2.130384594202041626e-01,1.064336895942687988e-01,-1.007710099220275879e-01,1.079598292708396912e-01,1.230318448506295681e-03,1.654505147598683834e-03,5.828008055686950684e-02,-2.416420355439186096e-02,-7.552079856395721436e-02,1.430795993655920029e-02,5.554692074656486511e-02,4.651284217834472656e-02,1.736605912446975708e-02,7.966714352369308472e-02,-2.780988439917564392e-02,5.920483916997909546e-02,-8.402455598115921021e-02,-5.238290503621101379e-02,-6.155427545309066772e-02,-6.402710825204849243e-02,3.061218932271003723e-02,5.241153761744499207e-03,-5.135557800531387329e-02
-6.689614057540893555e-02,-4.191931337118148804e-02,3.389737010002136230e-01,-2.418482154607772827e-01,-2.078959792852401733e-01,-6.001023575663566589e-02,-7.735855877399444580e-02,-1.039739325642585754e-01,-9.100624173879623413e-02,-1.960542201995849609e-01,9.071506792679429054e-05,1.363775730133056641e-01,-2.224092781543731689e-01,-2.893342971801757812e-01,-3.293055891990661621e-01,-3.447137176990509033e-01,6.872725207358598709e-03,-1.450974196195602417e-01,2.478378862142562866e-01,2.380082607269287109e-01,1.737407296895980835e-01,-2.521783113479614258e-01,-2.463367581367492676e-01,-5.207519233226776123e-02,-3.200597316026687622e-02,-2.941020727157592773e-01,3.170737028121948242e-01,1.432812511920928955e-01,-3.230183124542236328e-01,1.575807183980941772e-01,-1.696898788213729858e-01,3.445580601692199707e-01,-2.255665957927703857e-01,-2.864233851432800293e-01,1.568614877760410309e-02,3.432274758815765381e-01,-1.553929001092910767e-01,-2.572283148765563965e-01,2.593734264373779297e-01,2.510974705219268799e-01,-2.568898200988769531e-01,-6.668023765087127686e-02,-2.910193502902984619e-01,-8.298242837190628052e-02,1.675875484943389893e-02,2.737172245979309082e-01,3.358994424343109131e-01,1.041740477085113525e-01,5.600984394550323486e-02,5.432362109422683716e-02,-8.781561255455017090e-02,1.692086011171340942e-01,-2.922610007226467133e-02,-1.058494672179222107e-02,2.992766164243221283e-02,3.827476501464843750e-01,-1.230395287275314331e-01,-2.300125919282436371e-02,1.430269330739974976e-01,2.131928205490112305e-01,2.856474835425615311e-03,-1.879093609750270844e-02,-1.113628316670656204e-02,-1.578757613897323608e-01,1.945668458938598633e-02,7.292056083679199219e-02,-1.023477017879486084e-01,-3.129444420337677002e-01,3.229565918445587158e-01,-9.462445974349975586e-02,2.712559998035430908e-01,1.725255697965621948e-01,8.598187565803527832e-02,-3.273951709270477295e-01,1.846779324114322662e-02,2.974205017089843750e-01,4.540075547993183136e-03,-3.870939016342163086e-01,4.752020910382270813e-02,3.090063333511352539e-01,-3.584818243980407715e-01,-1.586049445904791355e-03,3.103150129318237305e-01,3.897411283105611801e-03,2.720074057579040527e-01,2.995867133140563965e-01,-2.358361929655075073e-01,-8.269279263913631439e-03,-2.023582458496093750e-01,-2.286591231822967529e-01,6.554576009511947632e-02,1.069471985101699829e-01,2.156464606523513794e-01,-6.116541475057601929e-02,2.930961251258850098e-01,4.378529265522956848e-03,-2.722391784191131592e-01,9.654955647420138121e-05,2.705742716789245605e-01,-1.397689580917358398e-01,1.648923009634017944e-01,-7.444258779287338257e-02,3.607924282550811768e-01,2.521630227565765381e-01,-3.547838926315307617e-01,-1.296433508396148682e-01,2.569193840026855469e-01,2.888314723968505859e-01,8.603338152170181274e-02,1.505298819392919540e-02,-2.594397664070129395e-01,2.546757161617279053e-01,2.959948182106018066e-01,-1.732730120420455933e-02,-3.461844921112060547e-01,3.016398549079895020e-01,-2.152863293886184692e-01,-1.101127341389656067e-01,3.580292761325836182e-01,-1.387834548950195312e-01,-1.557820290327072144e-01,-2.762401103973388672e-01,-3.072476089000701904e-01,1.527334004640579224e-01,2.452792376279830933e-01,2.662660479545593262e-01,1.471365336328744888e-03,-1.984435468912124634e-01
