9.999983310699462891e-01,-9.999984502792358398e-01,-9.999941587448120117e-01,9.999969005584716797e-01,9.999988079071044922e-01,-9.999986886978149414e-01,9.999943375587463379e-01,9.999990463256835938e-01,-9.999890327453613281e-01,9.999984502792358398e-01,-9.999986290931701660e-01,-9.999988079071044922e-01,9.999977946281433105e-01,9.999983906745910645e-01,9.999955296516418457e-01,9.999923706054687500e-01,9.999973773956298828e-01,-9.999974966049194336e-01,9.999915361404418945e-01,-9.999991059303283691e-01,-9.999988675117492676e-01,9.999945163726806641e-01,9.999985694885253906e-01,9.999967217445373535e-01,9.999891519546508789e-01,9.999988675117492676e-01,-9.999980926513671875e-01,-9.999988079071044922e-01,9.999914765357971191e-01,-9.999967813491821289e-01,-9.999898076057434082e-01,-9.999979138374328613e-01,9.999813437461853027e-01,9.999941587448120117e-01,-9.999979138374328613e-01,9.999542832374572754e-01,9.999988675117492676e-01,9.999985098838806152e-01,9.999808669090270996e-01,-9.999987483024597168e-01,9.999985694885253906e-01,9.999911785125732422e-01,9.999817609786987305e-01,9.999988675117492676e-01,9.999980926513671875e-01,9.999977350234985352e-01,-9.999933838844299316e-01,9.999986290931701660e-01,9.999985694885253906e-01,-9.999985098838806152e-01,-9.999988079071044922e-01,-9.999985694885253906e-01,-9.999987483024597168e-01,-9.999929666519165039e-01,-9.999986290931701660e-01,-9.999979734420776367e-01,9.999699592590332031e-01,9.999942779541015625e-01,9.999929070472717285e-01,9.999981522560119629e-01,-9.999981522560119629e-01,9.999989271163940430e-01,9.999983906745910645e-01,9.999954700469970703e-01,-9.999930858612060547e-01,-9.999987483024597168e-01,-9.999990463256835938e-01,-9.999951720237731934e-01,-9.999989867210388184e-01,9.999980926513671875e-01,-9.999988675117492676e-01,9.999946355819702148e-01,-9.999947547912597656e-01,-9.999934434890747070e-01,-9.999859929084777832e-01,-9.999983906745910645e-01,9.999901056289672852e-01,9.999986886978149414e-01,-9.999929070472717285e-01,-9.999948740005493164e-01,9.999920725822448730e-01,9.999973773956298828e-01,-9.999987483024597168e-01,9.999980926513671875e-01,-9.999983310699462891e-01,-9.999818801879882812e-01,-9.999145865440368652e-01,9.999988675117492676e-01,9.999927282333374023e-01,9.999914765357971191e-01,-9.999927282333374023e-01,9.999982714653015137e-01,-9.999862909317016602e-01,-9.999972581863403320e-01,9.999969601631164551e-01,-9.999977946281433105e-01,-9.999846816062927246e-01,9.999989271163940430e-01,-9.999987483024597168e-01,9.999972581863403320e-01,-9.999967217445373535e-01,9.999988675117492676e-01,9.999539256095886230e-01,9.999566674232482910e-01,9.999986290931701660e-01,9.999950528144836426e-01,-9.999810457229614258e-01,-9.999983906745910645e-01,-9.999941587448120117e-01,9.999984502792358398e-01,-9.999985694885253906e-01,9.999971389770507812e-01,-9.999981522560119629e-01,-9.998633265495300293e-01,9.999990463256835938e-01,-9.999964237213134766e-01,9.999989867210388184e-01,-9.999977350234985352e-01,-9.999953508377075195e-01,-9.999956488609313965e-01,-9.999982714653015137e-01,9.999966621398925781e-01,9.999972581863403320e-01,-9.999967813491821289e-01,-9.999914765357971191e-01,-9.999942779541015625e-01,9.999458789825439453e-01,-9.999891519546508789e-01
-9.999984502792358398e-01,9.999985694885253906e-01,9.999948740005493164e-01,-9.999973177909851074e-01,-9.999988675117492676e-01,9.999987483024597168e-01,-9.999951124191284180e-01,-9.999990463256835938e-01,9.999905228614807129e-01,-9.999985694885253906e-01,9.999988079071044922e-01,9.999989271163940430e-01,-9.999979734420776367e-01,-9.999985098838806152e-01,-9.999960660934448242e-01,-9.999933242797851562e-01,-9.999976754188537598e-01,9.999977946281433105e-01,-9.999926090240478516e-01,9.999991059303283691e-01,9.999990463256835938e-01,-9.999952912330627441e-01,-9.999986886978149414e-01,-9.999970793724060059e-01,-9.999906420707702637e-01,-9.999989867210388184e-01,9.999982118606567383e-01,9.999989867210388184e-01,-9.999925494194030762e-01,9.999970793724060059e-01,9.999911189079284668e-01,9.999980926513671875e-01,-9.999839067459106445e-01,-9.999949336051940918e-01,9.999981522560119629e-01,-9.999604821205139160e-01,-9.999991059303283691e-01,-9.999986290931701660e-01,-9.999834299087524414e-01,9.999989271163940430e-01,-9.999986886978149414e-01,-9.999922513961791992e-01,-9.999842047691345215e-01,-9.999991059303283691e-01,-9.999982118606567383e-01,-9.999980330467224121e-01,9.999942183494567871e-01,-9.999987483024597168e-01,-9.999986886978149414e-01,9.999986290931701660e-01,9.999989271163940430e-01,9.999986886978149414e-01,9.999988675117492676e-01,9.999938607215881348e-01,9.999987483024597168e-01,9.999982118606567383e-01,-9.999741315841674805e-01,-9.999949932098388672e-01,-9.999938011169433594e-01,-9.999983906745910645e-01,9.999983906745910645e-01,-9.999989271163940430e-01,-9.999985098838806152e-01,-9.999959468841552734e-01,9.999939203262329102e-01,9.999989271163940430e-01,9.999991059303283691e-01,9.999958276748657227e-01,9.999991059303283691e-01,-9.999983310699462891e-01,9.999989867210388184e-01,-9.999954104423522949e-01,9.999954104423522949e-01,9.999943375587463379e-01,9.999878406524658203e-01,9.999985098838806152e-01,-9.999914169311523438e-01,-9.999988079071044922e-01,9.999938011169433594e-01,9.999955892562866211e-01,-9.999931454658508301e-01,-9.999976754188537598e-01,9.999988079071044922e-01,-9.999983310699462891e-01,9.999983906745910645e-01,9.999843835830688477e-01,9.999263286590576172e-01,-9.999991059303283691e-01,-9.999937415122985840e-01,-9.999925494194030762e-01,9.999936819076538086e-01,-9.999984502792358398e-01,9.999881386756896973e-01,9.999975562095642090e-01,-9.999973773956298828e-01,9.999980926513671875e-01,9.999867677688598633e-01,-9.999991655349731445e-01,9.999989271163940430e-01,-9.999975562095642090e-01,9.999971389770507812e-01,-9.999990463256835938e-01,-9.999601840972900391e-01,-9.999626278877258301e-01,-9.999987483024597168e-01,-9.999957084655761719e-01,9.999836087226867676e-01,9.999986290931701660e-01,9.999948740005493164e-01,-9.999985694885253906e-01,9.999986290931701660e-01,-9.999975562095642090e-01,9.999982714653015137e-01,9.998821020126342773e-01,-9.999991655349731445e-01,9.999967813491821289e-01,-9.999991059303283691e-01,9.999980330467224121e-01,9.999959468841552734e-01,9.999961256980895996e-01,9.999984502792358398e-01,-9.999970197677612305e-01,-9.999976158142089844e-01,9.999971389770507812e-01,9.999924898147583008e-01,9.999950528144836426e-01,-9.999532699584960938e-01,9.999905824661254883e-01
-9.999941587448120117e-01,9.999948740005493164e-01,9.999806284904479980e-01,-9.999899268150329590e-01,-9.999960064888000488e-01,9.999957680702209473e-01,-9.999812245368957520e-01,-9.999965429306030273e-01,9.999636411666870117e-01,-9.999948740005493164e-01,9.999958276748657227e-01,9.999961853027343750e-01,-9.999927282333374023e-01,-9.999945163726806641e-01,-9.999850988388061523e-01,-9.999747276306152344e-01,-9.999913573265075684e-01,9.999919533729553223e-01,-9.999718666076660156e-01,9.999967813491821289e-01,9.999962449073791504e-01,-9.999821782112121582e-01,-9.999952912330627441e-01,-9.999893307685852051e-01,-9.999640583992004395e-01,-9.999961256980895996e-01,9.999936819076538086e-01,9.999959468841552734e-01,-9.999716877937316895e-01,9.999892115592956543e-01,9.999658465385437012e-01,9.999931454658508301e-01,-9.999380111694335938e-01,-9.999806284904479980e-01,9.999930858612060547e-01,-9.998487234115600586e-01,-9.999963641166687012e-01,-9.999949336051940918e-01,-9.999362230300903320e-01,9.999960064888000488e-01,-9.999952316284179688e-01,-9.999706149101257324e-01,-9.999393820762634277e-01,-9.999963045120239258e-01,-9.999936819076538086e-01,-9.999927282333374023e-01,9.999779462814331055e-01,-9.999955296516418457e-01,-9.999952316284179688e-01,9.999949932098388672e-01,9.999960660934448242e-01,9.999952316284179688e-01,9.999955892562866211e-01,9.999766945838928223e-01,9.999952912330627441e-01,9.999933838844299316e-01,-9.999004006385803223e-01,-9.999811053276062012e-01,-9.999765753746032715e-01,-9.999939799308776855e-01,9.999943375587463379e-01,-9.999961256980895996e-01,-9.999944567680358887e-01,-9.999848008155822754e-01,9.999770522117614746e-01,9.999960064888000488e-01,9.999966621398925781e-01,9.999840855598449707e-01,9.999964237213134766e-01,-9.999938011169433594e-01,9.999960064888000488e-01,-9.999822974205017090e-01,9.999825358390808105e-01,9.999784231185913086e-01,9.999533295631408691e-01,9.999947547912597656e-01,-9.999670982360839844e-01,-9.999956488609313965e-01,9.999766349792480469e-01,9.999831914901733398e-01,-9.999737739562988281e-01,-9.999917149543762207e-01,9.999959468841552734e-01,-9.999938011169433594e-01,9.999943375587463379e-01,9.999397993087768555e-01,9.997172355651855469e-01,-9.999963045120239258e-01,-9.999763369560241699e-01,-9.999718666076660156e-01,9.999758601188659668e-01,-9.999943375587463379e-01,9.999544024467468262e-01,9.999907016754150391e-01,-9.999901652336120605e-01,9.999927282333374023e-01,9.999492168426513672e-01,-9.999965429306030273e-01,9.999959468841552734e-01,-9.999911189079284668e-01,9.999893307685852051e-01,-9.999961853027343750e-01,-9.998475909233093262e-01,-9.998568296432495117e-01,-9.999955892562866211e-01,-9.999834895133972168e-01,9.999371767044067383e-01,9.999947547912597656e-01,9.999806284904479980e-01,-9.999949336051940918e-01,9.999951124191284180e-01,-9.999907016754150391e-01,9.999938607215881348e-01,9.995476603507995605e-01,-9.999966621398925781e-01,9.999882578849792480e-01,-9.999966025352478027e-01,9.999924302101135254e-01,9.999843835830688477e-01,9.999856948852539062e-01,9.999941587448120117e-01,-9.999892115592956543e-01,-9.999910593032836914e-01,9.999892115592956543e-01,9.999712705612182617e-01,9.999810457229614258e-01,-9.998210072517395020e-01,9.999638199806213379e-01
9.999969005584716797e-01,-9.999973177909851074e-01,-9.999899268150329590e-01,9.999948740005493164e-01,9.999979138374328613e-01,-9.999977350234985352e-01,9.999902844429016113e-01,9.999982714653015137e-01,-9.999812841415405273e-01,9.999973177909851074e-01,-9.999977946281433105e-01,-9.999980330467224121e-01,9.999961853027343750e-01,9.999971389770507812e-01,9.999923110008239746e-01,9.999868869781494141e-01,9.999955296516418457e-01,-9.999958276748657227e-01,9.999854564666748047e-01,-9.999984502792358398e-01,-9.999980330467224121e-01,9.999908208847045898e-01,9.999974966049194336e-01,9.999944567680358887e-01,9.999814033508300781e-01,9.999979734420776367e-01,-9.999966621398925781e-01,-9.999979138374328613e-01,9.999853968620300293e-01,-9.999943971633911133e-01,-9.999824166297912598e-01,-9.999963641166687012e-01,9.999679327011108398e-01,9.999900460243225098e-01,-9.999963641166687012e-01,9.999215602874755859e-01,9.999980926513671875e-01,9.999973773956298828e-01,9.999670386314392090e-01,-9.999978542327880859e-01,9.999974966049194336e-01,9.999847412109375000e-01,9.999687671661376953e-01,9.999982118606567383e-01,9.999966621398925781e-01,9.999961256980895996e-01,-9.999886155128479004e-01,9.999976754188537598e-01,9.999975562095642090e-01,-9.999974370002746582e-01,-9.999979138374328613e-01,-9.999974966049194336e-01,-9.999977350234985352e-01,-9.999879598617553711e-01,-9.999976158142089844e-01,-9.999964833259582520e-01,9.999483823776245117e-01,9.999902248382568359e-01,9.999878406524658203e-01,9.999967813491821289e-01,-9.999970197677612305e-01,9.999979734420776367e-01,9.999971389770507812e-01,9.999921321868896484e-01,-9.999881386756896973e-01,-9.999979734420776367e-01,-9.999982714653015137e-01,-9.999917745590209961e-01,-9.999981522560119629e-01,9.999967217445373535e-01,-9.999979734420776367e-01,9.999908208847045898e-01,-9.999909996986389160e-01,-9.999888539314270020e-01,-9.999759197235107422e-01,-9.999972581863403320e-01,9.999830126762390137e-01,9.999977350234985352e-01,-9.999879002571105957e-01,-9.999912977218627930e-01,9.999864101409912109e-01,9.999956488609313965e-01,-9.999978542327880859e-01,9.999967813491821289e-01,-9.999969601631164551e-01,-9.999689459800720215e-01,-9.998535513877868652e-01,9.999980926513671875e-01,9.999876618385314941e-01,9.999852776527404785e-01,-9.999874830245971680e-01,9.999970197677612305e-01,-9.999764561653137207e-01,-9.999952912330627441e-01,9.999948740005493164e-01,-9.999961853027343750e-01,-9.999738335609436035e-01,9.999982118606567383e-01,-9.999979138374328613e-01,9.999954700469970703e-01,-9.999945163726806641e-01,9.999980330467224121e-01,9.999209642410278320e-01,9.999257922172546387e-01,9.999977350234985352e-01,9.999914765357971191e-01,-9.999674558639526367e-01,-9.999973177909851074e-01,-9.999899268150329590e-01,9.999973773956298828e-01,-9.999974966049194336e-01,9.999952316284179688e-01,-9.999967813491821289e-01,-9.997656345367431641e-01,9.999983310699462891e-01,-9.999939203262329102e-01,9.999982714653015137e-01,-9.999960660934448242e-01,-9.999919533729553223e-01,-9.999924898147583008e-01,-9.999968409538269043e-01,9.999943971633911133e-01,9.999954700469970703e-01,-9.999944567680358887e-01,-9.999850988388061523e-01,-9.999901652336120605e-01,9.999072551727294922e-01,-9.999813437461853027e-01
9.999988079071044922e-01,-9.999988675117492676e-01,-9.999960064888000488e-01,9.999979138374328613e-01,9.999991655349731445e-01,-9.999990463256835938e-01,9.999961256980895996e-01,9.999992847442626953e-01,-9.999924898147583008e-01,9.999988675117492676e-01,-9.999991059303283691e-01,-9.999991655349731445e-01,9.999983906745910645e-01,9.999988675117492676e-01,9.999969005584716797e-01,9.999947547912597656e-01,9.999981522560119629e-01,-9.999982118606567383e-01,9.999942779541015625e-01,-9.999994039535522461e-01,-9.999992847442626953e-01,9.999961853027343750e-01,9.999989867210388184e-01,9.999977946281433105e-01,9.999926090240478516e-01,9.999992251396179199e-01,-9.999986290931701660e-01,-9.999992251396179199e-01,9.999941587448120117e-01,-9.999977350234985352e-01,-9.999930858612060547e-01,-9.999985098838806152e-01,9.999874234199523926e-01,9.999960064888000488e-01,-9.999985694885253906e-01,9.999691247940063477e-01,9.999992847442626953e-01,9.999989271163940430e-01,9.999870657920837402e-01,-9.999991655349731445e-01,9.999991059303283691e-01,9.999939799308776855e-01,9.999876618385314941e-01,9.999992847442626953e-01,9.999986290931701660e-01,9.999984502792358398e-01,-9.999954700469970703e-01,9.999991059303283691e-01,9.999991059303283691e-01,-9.999989271163940430e-01,-9.999992251396179199e-01,-9.999989867210388184e-01,-9.999991655349731445e-01,-9.999951720237731934e-01,-9.999989867210388184e-01,-9.999986290931701660e-01,9.999797940254211426e-01,9.999961256980895996e-01,9.999951720237731934e-01,9.999987483024597168e-01,-9.999986886978149414e-01,9.999991655349731445e-01,9.999988079071044922e-01,9.999968409538269043e-01,-9.999952912330627441e-01,-9.999991655349731445e-01,-9.999993443489074707e-01,-9.999967217445373535e-01,-9.999993443489074707e-01,9.999986886978149414e-01,-9.999992251396179199e-01,9.999963641166687012e-01,-9.999963641166687012e-01,-9.999955296516418457e-01,-9.999905228614807129e-01,-9.999988675117492676e-01,9.999933242797851562e-01,9.999991655349731445e-01,-9.999951720237731934e-01,-9.999965429306030273e-01,9.999945759773254395e-01,9.999982118606567383e-01,-9.999991059303283691e-01,9.999986886978149414e-01,-9.999988079071044922e-01,-9.999877214431762695e-01,-9.999423027038574219e-01,9.999992847442626953e-01,9.999950528144836426e-01,9.999941587448120117e-01,-9.999949932098388672e-01,9.999987483024597168e-01,-9.999907016754150391e-01,-9.999980926513671875e-01,9.999979138374328613e-01,-9.999983906745910645e-01,-9.999896883964538574e-01,9.999992251396179199e-01,-9.999991059303283691e-01,9.999980330467224121e-01,-9.999977350234985352e-01,9.999992847442626953e-01,9.999690055847167969e-01,9.999707937240600586e-01,9.999991059303283691e-01,9.999966025352478027e-01,-9.999871253967285156e-01,-9.999988675117492676e-01,-9.999960064888000488e-01,9.999989271163940430e-01,-9.999989271163940430e-01,9.999979734420776367e-01,-9.999986886978149414e-01,-9.999078512191772461e-01,9.999993443489074707e-01,-9.999974966049194336e-01,9.999993443489074707e-01,-9.999983906745910645e-01,-9.999967813491821289e-01,-9.999969005584716797e-01,-9.999987483024597168e-01,9.999976754188537598e-01,9.999980330467224121e-01,-9.999977350234985352e-01,-9.999942183494567871e-01,-9.999960660934448242e-01,9.999634623527526855e-01,-9.999926686286926270e-01
-9.999986886978149414e-01,9.999987483024597168e-01,9.999957680702209473e-01,-9.999977350234985352e-01,-9.999990463256835938e-01,9.999989867210388184e-01,-9.999958872795104980e-01,-9.999992847442626953e-01,9.999920725822448730e-01,-9.999988079071044922e-01,9.999989867210388184e-01,9.999991059303283691e-01,-9.999982714653015137e-01,-9.999987483024597168e-01,-9.999967217445373535e-01,-9.999943971633911133e-01,-9.999979734420776367e-01,9.999982118606567383e-01,-9.999938011169433594e-01,9.999993443489074707e-01,9.999992251396179199e-01,-9.999960064888000488e-01,-9.999988675117492676e-01,-9.999976158142089844e-01,-9.999921321868896484e-01,-9.999992251396179199e-01,9.999985694885253906e-01,9.999991655349731445e-01,-9.999937415122985840e-01,9.999975562095642090e-01,9.999925494194030762e-01,9.999983906745910645e-01,-9.999864697456359863e-01,-9.999957084655761719e-01,9.999983906745910645e-01,-9.999668002128601074e-01,-9.999991655349731445e-01,-9.999988675117492676e-01,-9.999860525131225586e-01,9.999991059303283691e-01,-9.999988675117492676e-01,-9.999935030937194824e-01,-9.999867677688598633e-01,-9.999992251396179199e-01,-9.999985098838806152e-01,-9.999983310699462891e-01,9.999951720237731934e-01,-9.999989271163940430e-01,-9.999988675117492676e-01,9.999988675117492676e-01,9.999991655349731445e-01,9.999988675117492676e-01,9.999991059303283691e-01,9.999948143959045410e-01,9.999989271163940430e-01,9.999985098838806152e-01,-9.999781250953674316e-01,-9.999958276748657227e-01,-9.999948143959045410e-01,-9.999985694885253906e-01,9.999986886978149414e-01,-9.999992251396179199e-01,-9.999987483024597168e-01,-9.999966025352478027e-01,9.999949336051940918e-01,9.999991059303283691e-01,9.999993443489074707e-01,9.999963641166687012e-01,9.999992847442626953e-01,-9.999986290931701660e-01,9.999991655349731445e-01,-9.999959468841552734e-01,9.999960660934448242e-01,9.999951720237731934e-01,9.999898076057434082e-01,9.999987483024597168e-01,-9.999926686286926270e-01,-9.999989867210388184e-01,9.999948143959045410e-01,9.999962449073791504e-01,-9.999942779541015625e-01,-9.999981522560119629e-01,9.999990463256835938e-01,-9.999986290931701660e-01,9.999987483024597168e-01,9.999867677688598633e-01,9.999379515647888184e-01,-9.999991655349731445e-01,-9.999947547912597656e-01,-9.999937415122985840e-01,9.999946355819702148e-01,-9.999986886978149414e-01,9.999900460243225098e-01,9.999978542327880859e-01,-9.999977946281433105e-01,9.999982714653015137e-01,9.999889135360717773e-01,-9.999991655349731445e-01,9.999991059303283691e-01,-9.999980330467224121e-01,9.999976158142089844e-01,-9.999992251396179199e-01,-9.999665617942810059e-01,-9.999687075614929199e-01,-9.999990463256835938e-01,-9.999963045120239258e-01,9.999861717224121094e-01,9.999988675117492676e-01,9.999956488609313965e-01,-9.999988079071044922e-01,9.999988675117492676e-01,-9.999979138374328613e-01,9.999985694885253906e-01,9.999008178710937500e-01,-9.999992847442626953e-01,9.999973177909851074e-01,-9.999992847442626953e-01,9.999982714653015137e-01,9.999965429306030273e-01,9.999967217445373535e-01,9.999986886978149414e-01,-9.999976158142089844e-01,-9.999980330467224121e-01,9.999975562095642090e-01,9.999936819076538086e-01,9.999958276748657227e-01,-9.999607801437377930e-01,9.999920725822448730e-01
9.999943375587463379e-01,-9.999951124191284180e-01,-9.999812245368957520e-01,9.999902844429016113e-01,9.999961256980895996e-01,-9.999958872795104980e-01,9.999818801879882812e-01,9.999967813491821289e-01,-9.999648332595825195e-01,9.999950528144836426e-01,-9.999958872795104980e-01,-9.999963045120239258e-01,9.999929666519165039e-01,9.999946951866149902e-01,9.999855756759643555e-01,9.999755620956420898e-01,9.999917149543762207e-01,-9.999921321868896484e-01,9.999727606773376465e-01,-9.999969601631164551e-01,-9.999964237213134766e-01,9.999827146530151367e-01,9.999954104423522949e-01,9.999896883964538574e-01,9.999652504920959473e-01,9.999963641166687012e-01,-9.999939203262329102e-01,-9.999961256980895996e-01,9.999727010726928711e-01,-9.999895691871643066e-01,-9.999670386314392090e-01,-9.999933838844299316e-01,9.999401569366455078e-01,9.999812245368957520e-01,-9.999932646751403809e-01,9.998536705970764160e-01,9.999964833259582520e-01,9.999951124191284180e-01,9.999383091926574707e-01,-9.999960660934448242e-01,9.999954104423522949e-01,9.999716877937316895e-01,9.999414086341857910e-01,9.999964237213134766e-01,9.999939203262329102e-01,9.999928474426269531e-01,-9.999786615371704102e-01,9.999957680702209473e-01,9.999954700469970703e-01,-9.999952316284179688e-01,-9.999961256980895996e-01,-9.999954104423522949e-01,-9.999958276748657227e-01,-9.999774694442749023e-01,-9.999954700469970703e-01,-9.999936223030090332e-01,9.999036788940429688e-01,9.999817609786987305e-01,9.999773502349853516e-01,9.999941587448120117e-01,-9.999945163726806641e-01,9.999963641166687012e-01,9.999946355819702148e-01,9.999852776527404785e-01,-9.999778270721435547e-01,-9.999961853027343750e-01,-9.999969005584716797e-01,-9.999846220016479492e-01,-9.999966621398925781e-01,9.999939203262329102e-01,-9.999961853027343750e-01,9.999829530715942383e-01,-9.999831318855285645e-01,-9.999790787696838379e-01,-9.999547600746154785e-01,-9.999949336051940918e-01,9.999681711196899414e-01,9.999958276748657227e-01,-9.999773502349853516e-01,-9.999837279319763184e-01,9.999746084213256836e-01,9.999918937683105469e-01,-9.999960064888000488e-01,9.999939203262329102e-01,-9.999945163726806641e-01,-9.999418854713439941e-01,-9.997264146804809570e-01,9.999964237213134766e-01,9.999772310256958008e-01,9.999727606773376465e-01,-9.999766349792480469e-01,9.999945759773254395e-01,-9.999558925628662109e-01,-9.999909996986389160e-01,9.999905228614807129e-01,-9.999929666519165039e-01,-9.999509453773498535e-01,9.999967217445373535e-01,-9.999960660934448242e-01,9.999914765357971191e-01,-9.999895691871643066e-01,9.999963045120239258e-01,9.998525977134704590e-01,9.998614788055419922e-01,9.999956488609313965e-01,9.999840259552001953e-01,-9.999391436576843262e-01,-9.999949932098388672e-01,-9.999812245368957520e-01,9.999951124191284180e-01,-9.999952316284179688e-01,9.999910593032836914e-01,-9.999940991401672363e-01,-9.995623826980590820e-01,9.999967813491821289e-01,-9.999886751174926758e-01,9.999966621398925781e-01,-9.999925494194030762e-01,-9.999848604202270508e-01,-9.999861717224121094e-01,-9.999943375587463379e-01,9.999895095825195312e-01,9.999913573265075684e-01,-9.999895691871643066e-01,-9.999723434448242188e-01,-9.999816417694091797e-01,9.998268485069274902e-01,-9.999650120735168457e-01
9.999990463256835938e-01,-9.999990463256835938e-01,-9.999965429306030273e-01,9.999982714653015137e-01,9.999992847442626953e-01,-9.999992847442626953e-01,9.999967813491821289e-01,9.999994039535522461e-01,-9.999938011169433594e-01,9.999991655349731445e-01,-9.999992251396179199e-01,-9.999993443489074707e-01,9.999987483024597168e-01,9.999991059303283691e-01,9.999974370002746582e-01,9.999956488609313965e-01,9.999985098838806152e-01,-9.999985098838806152e-01,9.999952316284179688e-01,-9.999995231628417969e-01,-9.999993443489074707e-01,9.999969005584716797e-01,9.999992251396179199e-01,9.999980330467224121e-01,9.999939203262329102e-01,9.999994039535522461e-01,-9.999989271163940430e-01,-9.999994039535522461e-01,9.999951124191284180e-01,-9.999981522560119629e-01,-9.999942183494567871e-01,-9.999988079071044922e-01,9.999895691871643066e-01,9.999966621398925781e-01,-9.999988079071044922e-01,9.999741911888122559e-01,9.999994039535522461e-01,9.999991655349731445e-01,9.999891519546508789e-01,-9.999992847442626953e-01,9.999991059303283691e-01,9.999949336051940918e-01,9.999897480010986328e-01,9.999994039535522461e-01,9.999988675117492676e-01,9.999988079071044922e-01,-9.999961853027343750e-01,9.999992847442626953e-01,9.999992251396179199e-01,-9.999991655349731445e-01,-9.999994039535522461e-01,-9.999992251396179199e-01,-9.999992847442626953e-01,-9.999958872795104980e-01,-9.999992251396179199e-01,-9.999988675117492676e-01,9.999830126762390137e-01,9.999967217445373535e-01,9.999959468841552734e-01,9.999988675117492676e-01,-9.999989867210388184e-01,9.999994039535522461e-01,9.999991059303283691e-01,9.999974370002746582e-01,-9.999960660934448242e-01,-9.999993443489074707e-01,-9.999994635581970215e-01,-9.999972581863403320e-01,-9.999994039535522461e-01,9.999989271163940430e-01,-9.999994039535522461e-01,9.999968409538269043e-01,-9.999970793724060059e-01,-9.999962449073791504e-01,-9.999920725822448730e-01,-9.999991655349731445e-01,9.999943971633911133e-01,9.999992251396179199e-01,-9.999958276748657227e-01,-9.999970197677612305e-01,9.999955892562866211e-01,9.999984502792358398e-01,-9.999993443489074707e-01,9.999989867210388184e-01,-9.999990463256835938e-01,-9.999896883964538574e-01,-9.999518394470214844e-01,9.999994039535522461e-01,9.999958872795104980e-01,9.999951124191284180e-01,-9.999958276748657227e-01,9.999989867210388184e-01,-9.999922513961791992e-01,-9.999983906745910645e-01,9.999982714653015137e-01,-9.999986886978149414e-01,-9.999913573265075684e-01,9.999994635581970215e-01,-9.999993443489074707e-01,9.999984502792358398e-01,-9.999981522560119629e-01,9.999994039535522461e-01,9.999740719795227051e-01,9.999755620956420898e-01,9.999992847442626953e-01,9.999971389770507812e-01,-9.999892711639404297e-01,-9.999991655349731445e-01,-9.999966621398925781e-01,9.999991655349731445e-01,-9.999992251396179199e-01,9.999983906745910645e-01,-9.999988675117492676e-01,-9.999228715896606445e-01,9.999994635581970215e-01,-9.999979734420776367e-01,9.999995231628417969e-01,-9.999987483024597168e-01,-9.999973177909851074e-01,-9.999974370002746582e-01,-9.999989867210388184e-01,9.999980330467224121e-01,9.999984502792358398e-01,-9.999981522560119629e-01,-9.999951720237731934e-01,-9.999967217445373535e-01,9.999695420265197754e-01,-9.999938607215881348e-01
-9.999890327453613281e-01,9.999905228614807129e-01,9.999636411666870117e-01,-9.999812841415405273e-01,-9.999924898147583008e-01,9.999920725822448730e-01,-9.999648332595825195e-01,-9.999938011169433594e-01,9.999319911003112793e-01,-9.999904632568359375e-01,9.999920129776000977e-01,9.999930262565612793e-01,-9.999864101409912109e-01,-9.999896287918090820e-01,-9.999721646308898926e-01,-9.999526739120483398e-01,-9.999839663505554199e-01,9.999848008155822754e-01,-9.999471902847290039e-01,9.999941587448120117e-01,9.999930262565612793e-01,-9.999665617942810059e-01,-9.999911189079284668e-01,-9.999800324440002441e-01,-9.999328255653381348e-01,-9.999928474426269531e-01,9.999881982803344727e-01,9.999923706054687500e-01,-9.999471902847290039e-01,9.999798536300659180e-01,9.999361634254455566e-01,9.999871850013732910e-01,-9.998841881752014160e-01,-9.999637007713317871e-01,9.999870657920837402e-01,-9.997171759605407715e-01,-9.999932646751403809e-01,-9.999904036521911621e-01,-9.998807907104492188e-01,9.999925494194030762e-01,-9.999910593032836914e-01,-9.999450445175170898e-01,-9.998866319656372070e-01,-9.999933242797851562e-01,-9.999882578849792480e-01,-9.999861717224121094e-01,9.999585151672363281e-01,-9.999916553497314453e-01,-9.999911189079284668e-01,9.999905228614807129e-01,9.999925494194030762e-01,9.999911189079284668e-01,9.999917745590209961e-01,9.999563694000244141e-01,9.999912381172180176e-01,9.999874234199523926e-01,-9.998138546943664551e-01,-9.999645948410034180e-01,-9.999561309814453125e-01,-9.999885559082031250e-01,9.999894499778747559e-01,-9.999928474426269531e-01,-9.999895095825195312e-01,-9.999715685844421387e-01,9.999570846557617188e-01,9.999927282333374023e-01,9.999938607215881348e-01,9.999702572822570801e-01,9.999934434890747070e-01,-9.999882578849792480e-01,9.999926090240478516e-01,-9.999668598175048828e-01,9.999671578407287598e-01,9.999594688415527344e-01,9.999126195907592773e-01,9.999902248382568359e-01,-9.999383687973022461e-01,-9.999918937683105469e-01,9.999561905860900879e-01,9.999684691429138184e-01,-9.999508261680603027e-01,-9.999844431877136230e-01,9.999922513961791992e-01,-9.999882578849792480e-01,9.999892711639404297e-01,9.998877048492431641e-01,9.994715452194213867e-01,-9.999931454658508301e-01,-9.999557137489318848e-01,-9.999472498893737793e-01,9.999547600746154785e-01,-9.999893903732299805e-01,9.999148249626159668e-01,9.999826550483703613e-01,-9.999815821647644043e-01,9.999862909317016602e-01,9.999050498008728027e-01,-9.999936223030090332e-01,9.999922513961791992e-01,-9.999834299087524414e-01,9.999799132347106934e-01,-9.999930262565612793e-01,-9.997150301933288574e-01,-9.997323751449584961e-01,-9.999917149543762207e-01,-9.999690651893615723e-01,9.998825192451477051e-01,9.999902248382568359e-01,9.999635815620422363e-01,-9.999905228614807129e-01,9.999908208847045898e-01,-9.999825954437255859e-01,9.999884963035583496e-01,9.991546869277954102e-01,-9.999936223030090332e-01,9.999780654907226562e-01,-9.999935030937194824e-01,9.999856352806091309e-01,9.999707937240600586e-01,9.999732375144958496e-01,9.999888539314270020e-01,-9.999797344207763672e-01,-9.999833703041076660e-01,9.999796748161315918e-01,9.999462962150573730e-01,9.999645352363586426e-01,-9.996652603149414062e-01,9.999324083328247070e-01
9.999984502792358398e-01,-9.999985694885253906e-01,-9.999948740005493164e-01,9.999973177909851074e-01,9.999988675117492676e-01,-9.999988079071044922e-01,9.999950528144836426e-01,9.999991655349731445e-01,-9.999904632568359375e-01,9.999986290931701660e-01,-9.999988079071044922e-01,-9.999989271163940430e-01,9.999980330467224121e-01,9.999985694885253906e-01,9.999960064888000488e-01,9.999932646751403809e-01,9.999976158142089844e-01,-9.999977350234985352e-01,9.999925494194030762e-01,-9.999992251396179199e-01,-9.999990463256835938e-01,9.999952912330627441e-01,9.999986886978149414e-01,9.999970793724060059e-01,9.999905824661254883e-01,9.999989867210388184e-01,-9.999983310699462891e-01,-9.999989867210388184e-01,9.999926090240478516e-01,-9.999971389770507812e-01,-9.999910593032836914e-01,-9.999980330467224121e-01,9.999837279319763184e-01,9.999948143959045410e-01,-9.999981522560119629e-01,9.999601840972900391e-01,9.999989867210388184e-01,9.999986886978149414e-01,9.999832510948181152e-01,-9.999988675117492676e-01,9.999987483024597168e-01,9.999921917915344238e-01,9.999842047691345215e-01,9.999991059303283691e-01,9.999983310699462891e-01,9.999980330467224121e-01,-9.999941587448120117e-01,9.999988079071044922e-01,9.999986886978149414e-01,-9.999986290931701660e-01,-9.999989271163940430e-01,-9.999987483024597168e-01,-9.999988079071044922e-01,-9.999938011169433594e-01,-9.999987483024597168e-01,-9.999982118606567383e-01,9.999737739562988281e-01,9.999950528144836426e-01,9.999938607215881348e-01,9.999983906745910645e-01,-9.999985098838806152e-01,9.999989867210388184e-01,9.999985098838806152e-01,9.999960064888000488e-01,-9.999938607215881348e-01,-9.999989867210388184e-01,-9.999991655349731445e-01,-9.999958276748657227e-01,-9.999991059303283691e-01,9.999983310699462891e-01,-9.999989271163940430e-01,9.999952912330627441e-01,-9.999954700469970703e-01,-9.999942183494567871e-01,-9.999877214431762695e-01,-9.999986290931701660e-01,9.999914169311523438e-01,9.999988079071044922e-01,-9.999938607215881348e-01,-9.999955296516418457e-01,9.999930858612060547e-01,9.999976754188537598e-01,-9.999988675117492676e-01,9.999983310699462891e-01,-9.999984502792358398e-01,-9.999842047691345215e-01,-9.999255537986755371e-01,9.999991059303283691e-01,9.999936819076538086e-01,9.999924898147583008e-01,-9.999935626983642578e-01,9.999983906745910645e-01,-9.999880194664001465e-01,-9.999974966049194336e-01,9.999974370002746582e-01,-9.999980330467224121e-01,-9.999866485595703125e-01,9.999991655349731445e-01,-9.999988675117492676e-01,9.999976158142089844e-01,-9.999971389770507812e-01,9.999990463256835938e-01,9.999598860740661621e-01,9.999622702598571777e-01,9.999988079071044922e-01,9.999957084655761719e-01,-9.999834895133972168e-01,-9.999985098838806152e-01,-9.999948143959045410e-01,9.999986290931701660e-01,-9.999986886978149414e-01,9.999974966049194336e-01,-9.999983906745910645e-01,-9.998807907104492188e-01,9.999992251396179199e-01,-9.999968409538269043e-01,9.999991059303283691e-01,-9.999979734420776367e-01,-9.999959468841552734e-01,-9.999960660934448242e-01,-9.999983906745910645e-01,9.999970793724060059e-01,9.999976158142089844e-01,-9.999970793724060059e-01,-9.999924302101135254e-01,-9.999949336051940918e-01,9.999528527259826660e-01,-9.999905228614807129e-01
-9.999986290931701660e-01,9.999988079071044922e-01,9.999958276748657227e-01,-9.999977946281433105e-01,-9.999991059303283691e-01,9.999989867210388184e-01,-9.999958872795104980e-01,-9.999992251396179199e-01,9.999920129776000977e-01,-9.999988079071044922e-01,9.999990463256835938e-01,9.999991059303283691e-01,-9.999983310699462891e-01,-9.999987483024597168e-01,-9.999966621398925781e-01,-9.999944567680358887e-01,-9.999980330467224121e-01,9.999980926513671875e-01,-9.999938607215881348e-01,9.999993443489074707e-01,9.999991059303283691e-01,-9.999960660934448242e-01,-9.999989271163940430e-01,-9.999976158142089844e-01,-9.999921321868896484e-01,-9.999991059303283691e-01,9.999986290931701660e-01,9.999991655349731445e-01,-9.999938011169433594e-01,9.999975562095642090e-01,9.999925494194030762e-01,9.999983906745910645e-01,-9.999866485595703125e-01,-9.999957680702209473e-01,9.999983906745910645e-01,-9.999672174453735352e-01,-9.999992847442626953e-01,-9.999988675117492676e-01,-9.999862313270568848e-01,9.999991059303283691e-01,-9.999988675117492676e-01,-9.999935626983642578e-01,-9.999868869781494141e-01,-9.999992251396179199e-01,-9.999985098838806152e-01,-9.999983906745910645e-01,9.999952316284179688e-01,-9.999991059303283691e-01,-9.999989271163940430e-01,9.999988675117492676e-01,9.999991655349731445e-01,9.999989271163940430e-01,9.999991059303283691e-01,9.999948740005493164e-01,9.999989867210388184e-01,9.999985098838806152e-01,-9.999784231185913086e-01,-9.999958872795104980e-01,-9.999948740005493164e-01,-9.999986290931701660e-01,9.999986886978149414e-01,-9.999991059303283691e-01,-9.999987483024597168e-01,-9.999966621398925781e-01,9.999949932098388672e-01,9.999991059303283691e-01,9.999993443489074707e-01,9.999964833259582520e-01,9.999991655349731445e-01,-9.999986290931701660e-01,9.999991655349731445e-01,-9.999961256980895996e-01,9.999962449073791504e-01,9.999953508377075195e-01,9.999898672103881836e-01,9.999988079071044922e-01,-9.999929070472717285e-01,-9.999989867210388184e-01,9.999948740005493164e-01,9.999961853027343750e-01,-9.999943375587463379e-01,-9.999980926513671875e-01,9.999990463256835938e-01,-9.999986290931701660e-01,9.999987483024597168e-01,9.999869465827941895e-01,9.999388456344604492e-01,-9.999991655349731445e-01,-9.999948143959045410e-01,-9.999938011169433594e-01,9.999946951866149902e-01,-9.999986290931701660e-01,9.999901056289672852e-01,9.999979138374328613e-01,-9.999977946281433105e-01,9.999983310699462891e-01,9.999890327453613281e-01,-9.999992251396179199e-01,9.999990463256835938e-01,-9.999979138374328613e-01,9.999975562095642090e-01,-9.999992251396179199e-01,-9.999670386314392090e-01,-9.999690055847167969e-01,-9.999990463256835938e-01,-9.999963641166687012e-01,9.999863505363464355e-01,9.999988675117492676e-01,9.999957084655761719e-01,-9.999988079071044922e-01,9.999989271163940430e-01,-9.999979138374328613e-01,9.999985694885253906e-01,9.999020695686340332e-01,-9.999992847442626953e-01,9.999973773956298828e-01,-9.999992847442626953e-01,9.999983310699462891e-01,9.999965429306030273e-01,9.999967813491821289e-01,9.999986290931701660e-01,-9.999975562095642090e-01,-9.999980330467224121e-01,9.999975562095642090e-01,9.999938011169433594e-01,9.999958276748657227e-01,-9.999611973762512207e-01,9.999920725822448730e-01
-9.999988079071044922e-01,9.999989271163940430e-01,9.999961853027343750e-01,-9.999980330467224121e-01,-9.999991655349731445e-01,9.999991059303283691e-01,-9.999963045120239258e-01,-9.999993443489074707e-01,9.999930262565612793e-01,-9.999989271163940430e-01,9.999991059303283691e-01,9.999992251396179199e-01,-9.999985694885253906e-01,-9.999989271163940430e-01,-9.999970197677612305e-01,-9.999950528144836426e-01,-9.999982118606567383e-01,9.999983906745910645e-01,-9.999945759773254395e-01,9.999994039535522461e-01,9.999992251396179199e-01,-9.999964833259582520e-01,-9.999991059303283691e-01,-9.999978542327880859e-01,-9.999930858612060547e-01,-9.999992847442626953e-01,9.999986886978149414e-01,9.999992251396179199e-01,-9.999944567680358887e-01,9.999978542327880859e-01,9.999934434890747070e-01,9.999985694885253906e-01,-9.999880790710449219e-01,-9.999961853027343750e-01,9.999986290931701660e-01,-9.999707937240600586e-01,-9.999993443489074707e-01,-9.999990463256835938e-01,-9.999876618385314941e-01,9.999991655349731445e-01,-9.999991059303283691e-01,-9.999942779541015625e-01,-9.999883174896240234e-01,-9.999993443489074707e-01,-9.999987483024597168e-01,-9.999985694885253906e-01,9.999957084655761719e-01,-9.999991655349731445e-01,-9.999990463256835938e-01,9.999990463256835938e-01,9.999992251396179199e-01,9.999990463256835938e-01,9.999991655349731445e-01,9.999954700469970703e-01,9.999990463256835938e-01,9.999986886978149414e-01,-9.999807476997375488e-01,-9.999963045120239258e-01,-9.999954104423522949e-01,-9.999988079071044922e-01,9.999988079071044922e-01,-9.999992251396179199e-01,-9.999988675117492676e-01,-9.999969601631164551e-01,9.999955892562866211e-01,9.999992847442626953e-01,9.999994039535522461e-01,9.999967813491821289e-01,9.999993443489074707e-01,-9.999987483024597168e-01,9.999992847442626953e-01,-9.999964237213134766e-01,9.999965429306030273e-01,9.999958276748657227e-01,9.999909400939941406e-01,9.999989867210388184e-01,-9.999936223030090332e-01,-9.999991059303283691e-01,9.999954104423522949e-01,9.999966025352478027e-01,-9.999949336051940918e-01,-9.999982714653015137e-01,9.999991655349731445e-01,-9.999987483024597168e-01,9.999988079071044922e-01,9.999883770942687988e-01,9.999453425407409668e-01,-9.999992251396179199e-01,-9.999953508377075195e-01,-9.999945163726806641e-01,9.999952912330627441e-01,-9.999988079071044922e-01,9.999911785125732422e-01,9.999982118606567383e-01,-9.999980926513671875e-01,9.999985098838806152e-01,9.999902248382568359e-01,-9.999992847442626953e-01,9.999992251396179199e-01,-9.999982714653015137e-01,9.999979138374328613e-01,-9.999992251396179199e-01,-9.999705553054809570e-01,-9.999724626541137695e-01,-9.999991655349731445e-01,-9.999967813491821289e-01,9.999878406524658203e-01,9.999989271163940430e-01,9.999961853027343750e-01,-9.999989271163940430e-01,9.999991059303283691e-01,-9.999981522560119629e-01,9.999987483024597168e-01,9.999126791954040527e-01,-9.999994635581970215e-01,9.999977350234985352e-01,-9.999993443489074707e-01,9.999985098838806152e-01,9.999970197677612305e-01,9.999970197677612305e-01,9.999988079071044922e-01,-9.999977946281433105e-01,-9.999982714653015137e-01,9.999977946281433105e-01,9.999945163726806641e-01,9.999963045120239258e-01,-9.999654293060302734e-01,9.999930262565612793e-01
