4.086414277553558350e-01,-7.706184871494770050e-03,1.895692348480224609e-01,-2.658313512802124023e-01,2.972936034202575684e-01,-3.574178218841552734e-01,6.443087011575698853e-02,3.578830659389495850e-01,-2.290763892233371735e-02,-8.391343802213668823e-02,-2.075517475605010986e-01,-1.322893202304840088e-01,-2.347696572542190552e-01,-1.182661727070808411e-01,-8.393780142068862915e-02,1.353022158145904541e-01,1.140459813177585602e-02,-1.424399316310882568e-01,1.730346232652664185e-01,-7.031642645597457886e-02,-1.240592226386070251e-01,-3.019150197505950928e-01,-2.691432535648345947e-01,1.984112709760665894e-01,1.198075059801340103e-02,1.340441703796386719e-01,6.877867132425308228e-02,-3.325255811214447021e-01,-3.508694469928741455e-02,-9.827173501253128052e-02,-1.835922896862030029e-01,1.579324947670102119e-03,-1.972757577896118164e-01,6.681163609027862549e-02,-1.506913360208272934e-02,4.784166067838668823e-02,1.796147786080837250e-02,-5.764040723443031311e-02,-1.491637974977493286e-01,-2.331608384847640991e-01,4.633941128849983215e-02,8.630187809467315674e-02,-2.231803387403488159e-01,-3.785398229956626892e-02,1.224025990813970566e-02,3.246492743492126465e-01,1.033732965588569641e-01,1.917833276093006134e-02,9.371271729469299316e-02,-1.096106991171836853e-01,-2.378472089767456055e-01,-2.461294978857040405e-01,1.371641308069229126e-01,3.605870902538299561e-02,6.685873121023178101e-02,3.101319540292024612e-03,1.076642200350761414e-01,-1.034406828694045544e-03,1.994696557521820068e-01,2.715355157852172852e-01,-7.145744562149047852e-02,1.809739023447036743e-01,-8.023010566830635071e-03,2.413427531719207764e-01,1.143187284469604492e-01,8.016879670321941376e-03,-3.728565275669097900e-01,3.547777980566024780e-02,4.887585714459419250e-02,3.194684386253356934e-01,-1.217787861824035645e-01,2.531393170356750488e-01,-3.581069409847259521e-02,-1.320303827524185181e-01,-1.055911481380462646e-01,-3.563148900866508484e-02,1.258940668776631355e-03,-1.022967696189880371e-01,1.772321313619613647e-01,2.101029641926288605e-02,-2.965183742344379425e-02,-5.691236947313882411e-05,-1.039254143834114075e-01,-4.347653593868017197e-03,-2.079697847366333008e-01,1.899886280298233032e-01,2.378224134445190430e-01,1.314312685281038284e-03,-1.490326523780822754e-01,7.161326706409454346e-02,-1.147396266460418701e-01,3.313784897327423096e-01,2.122779786586761475e-01,-1.450747698545455933e-01,1.789530925452709198e-02,-3.480101823806762695e-01,-1.029052063822746277e-01,-9.957862857845611870e-06,-1.140400990843772888e-01,9.816596284508705139e-04,-2.910929322242736816e-01,3.184657692909240723e-01,5.840358510613441467e-02,-3.998541459441184998e-02,-1.820551455020904541e-01,1.242443770170211792e-01,2.546309828758239746e-01,2.454133778810501099e-01,-4.104288816452026367e-01,9.843649342656135559e-03,-8.577455580234527588e-02,2.528767585754394531e-01,1.211090534925460815e-01,3.108617290854454041e-02,-5.453494191169738770e-02,5.083184316754341125e-02,2.677094340324401855e-01,-1.989313960075378418e-01,-5.834926664829254150e-02,-1.578219383955001831e-01,-2.532491683959960938e-01,-1.989777944982051849e-02,2.474790066480636597e-02,3.560927212238311768e-01,-9.305541962385177612e-02,1.884530782699584961e-01,4.375871643424034119e-02,3.031877428293228149e-02
-7.706184871494770050e-03,9.118196554481983185e-03,-7.807606458663940430e-02,6.606220453977584839e-02,3.769857063889503479e-02,7.640992756932973862e-03,-1.575338840484619141e-02,3.229438140988349915e-02,6.219772621989250183e-02,4.731015115976333618e-02,-1.130436919629573822e-02,-3.478023037314414978e-02,6.971046328544616699e-02,5.744569748640060425e-02,7.079887390136718750e-02,7.598526775836944580e-02,-2.016132464632391930e-03,6.803306937217712402e-02,-7.382917404174804688e-02,-3.955153748393058777e-02,-4.071351885795593262e-02,5.397050827741622925e-02,5.361101776361465454e-02,-2.921641431748867035e-02,1.264375355094671249e-02,6.807776540517807007e-02,-6.187818571925163269e-02,-3.207004070281982422e-02,6.889003515243530273e-02,-1.107099652290344238e-02,5.556048825383186340e-03,-8.293052017688751221e-02,5.277924239635467529e-02,4.395803064107894897e-02,-1.938823610544204712e-03,-8.282386511564254761e-02,6.132654473185539246e-02,7.511152327060699463e-02,-6.772050261497497559e-02,-4.531107470393180847e-02,7.779255509376525879e-02,7.955559529364109039e-03,7.366532832384109497e-02,2.598606795072555542e-02,-1.566656306385993958e-02,-5.568683519959449768e-02,-7.720298320055007935e-02,-2.639379724860191345e-02,2.362743252888321877e-03,2.076731994748115540e-02,5.356344394385814667e-03,1.013547740876674652e-02,4.703986272215843201e-02,-9.374385699629783630e-03,-1.720547303557395935e-02,-8.337984979152679443e-02,3.562065958976745605e-02,3.463570261374115944e-03,-6.979083269834518433e-02,-6.219761073589324951e-02,-5.799678154289722443e-03,-1.714352332055568695e-02,2.092879498377442360e-03,1.400926802307367325e-02,1.048258226364850998e-02,-2.941874414682388306e-02,4.253863543272018433e-02,8.193853497505187988e-02,-7.656693458557128906e-02,2.276605553925037384e-02,-6.944300234317779541e-02,-1.185147091746330261e-02,-1.918208785355091095e-02,7.479246705770492554e-02,-3.162064403295516968e-02,-8.094270527362823486e-02,-2.622167812660336494e-04,7.882730662822723389e-02,-3.961231559514999390e-02,-7.116378098726272583e-02,7.996743172407150269e-02,5.839106961502693594e-05,-6.334482133388519287e-02,4.619655956048518419e-04,-7.429762184619903564e-02,-7.353381812572479248e-02,2.998573891818523407e-02,8.901598048396408558e-04,6.061331182718276978e-02,5.255183950066566467e-02,-1.838609576225280762e-02,-3.404949605464935303e-02,-7.440142333507537842e-02,3.359135612845420837e-02,-7.231627404689788818e-02,3.619633149355649948e-03,5.811670422554016113e-02,8.716020261090307031e-07,-5.649862438440322876e-02,6.944885104894638062e-02,-1.665615476667881012e-02,2.983083389699459076e-02,-8.114554733037948608e-02,-7.306575775146484375e-02,8.912231773138046265e-02,-1.370045822113752365e-03,-7.668314874172210693e-02,-8.036364614963531494e-02,-7.389950100332498550e-03,-9.799052495509386063e-04,5.247304216027259827e-02,-6.280448287725448608e-02,-7.850373536348342896e-02,-7.992835715413093567e-03,8.121982961893081665e-02,-7.437714189291000366e-02,3.657694905996322632e-02,3.477162495255470276e-02,-7.723277062177658081e-02,4.799684137105941772e-02,7.100756466388702393e-02,6.482755392789840698e-02,5.871428549289703369e-02,-5.665361508727073669e-02,-2.260793000459671021e-02,-3.269291669130325317e-02,-7.628851570188999176e-03,5.889123305678367615e-02
1.895692348480224609e-01,-7.807606458663940430e-02,7.544098496437072754e-01,-6.857755184173583984e-01,-3.058840036392211914e-01,-1.990324109792709351e-01,1.327769756317138672e-01,-2.638716399669647217e-01,-5.282551646232604980e-01,-4.770475924015045166e-01,7.604759186506271362e-02,3.422335088253021240e-01,-6.431407928466796875e-01,-5.945008397102355957e-01,-6.947662234306335449e-01,-6.430312395095825195e-01,2.055324614048004150e-02,-6.300312876701354980e-01,7.142364382743835449e-01,4.187237918376922607e-01,3.179191946983337402e-01,-5.978243947029113770e-01,-5.922394394874572754e-01,3.284719288349151611e-01,-1.250524371862411499e-01,-5.644308328628540039e-01,6.173682212829589844e-01,2.149355858564376831e-01,-6.795014739036560059e-01,1.005777791142463684e-01,-8.089395612478256226e-02,7.217622399330139160e-01,-4.989633858203887939e-01,-4.976541996002197266e-01,2.183302305638790131e-02,7.334103584289550781e-01,-5.889579653739929199e-01,-7.127240300178527832e-01,5.765453577041625977e-01,4.113495647907257080e-01,-6.632114648818969727e-01,-5.774884298443794250e-02,-7.130191326141357422e-01,-2.733370065689086914e-01,8.779421448707580566e-02,6.169329881668090820e-01,7.421366572380065918e-01,2.486615329980850220e-01,-3.169415518641471863e-03,-1.158450394868850708e-01,-7.648223638534545898e-02,-6.521342694759368896e-02,-4.130243957042694092e-01,8.912027627229690552e-02,1.936315447092056274e-01,7.571963667869567871e-01,-3.757840991020202637e-01,-3.634937107563018799e-02,6.609958410263061523e-01,6.307951807975769043e-01,3.049887157976627350e-02,1.891829818487167358e-01,-2.084625884890556335e-02,-5.033980682492256165e-02,-5.259167775511741638e-02,2.908749878406524658e-01,-4.221564829349517822e-01,-7.152283191680908203e-01,7.074231505393981934e-01,-1.574926376342773438e-01,6.334433555603027344e-01,2.203695029020309448e-01,1.826878339052200317e-01,-7.273486256599426270e-01,2.110633403062820435e-01,7.113045454025268555e-01,2.616626676172018051e-03,-7.608235478401184082e-01,3.997583091259002686e-01,6.714738011360168457e-01,-7.353242039680480957e-01,-6.399009143933653831e-04,6.012334227561950684e-01,-3.778951009735465050e-03,6.116362810134887695e-01,7.317286729812622070e-01,-2.679124772548675537e-01,-8.735659532248973846e-03,-5.821721553802490234e-01,-5.315139889717102051e-01,1.546751856803894043e-01,3.194554150104522705e-01,6.971604228019714355e-01,-3.577972054481506348e-01,6.710452437400817871e-01,-1.018563583493232727e-01,-5.657311677932739258e-01,-8.406645065406337380e-06,5.225408077239990234e-01,-6.069954633712768555e-01,1.904766708612442017e-01,-2.244141399860382080e-01,7.348263263702392578e-01,6.745342612266540527e-01,-8.056935071945190430e-01,-2.639298327267169952e-02,6.898584961891174316e-01,7.475125193595886230e-01,-2.842663042247295380e-02,8.693112991750240326e-03,-4.987949430942535400e-01,6.581244468688964844e-01,7.378671765327453613e-01,-1.650382392108440399e-02,-7.621358036994934082e-01,6.860242486000061035e-01,-2.887318730354309082e-01,-3.995757400989532471e-01,7.028620839118957520e-01,-4.986605644226074219e-01,-6.908944845199584961e-01,-6.009085774421691895e-01,-5.518316030502319336e-01,5.612083673477172852e-01,2.956561148166656494e-01,3.594072759151458740e-01,6.859466433525085449e-02,-5.811405777931213379e-01
-2.658313512802124023e-01,6.606220453977584839e-02,-6.857755184173583984e-01,7.655631899833679199e-01,1.144649162888526917e-01,2.882992923259735107e-01,-8.982087671756744385e-02,6.507252156734466553e-02,5.448586344718933105e-01,4.280841350555419922e-01,-1.858765929937362671e-01,-2.437437027692794800e-01,4.675424396991729736e-01,6.049129962921142578e-01,6.449376344680786133e-01,4.370911717414855957e-01,-1.657856442034244537e-02,5.054023861885070801e-01,-6.977803707122802734e-01,-4.259603917598724365e-01,-4.218809902667999268e-01,6.277974843978881836e-01,5.753051638603210449e-01,-2.660163342952728271e-01,1.223544180393218994e-01,3.413303494453430176e-01,-5.179373621940612793e-01,5.918055400252342224e-02,4.872319996356964111e-01,6.553927809000015259e-02,2.975525334477424622e-02,-6.775494813919067383e-01,6.271767616271972656e-01,4.714289605617523193e-01,4.627792222891002893e-04,-5.588967204093933105e-01,4.497542679309844971e-01,6.363386511802673340e-01,-3.055561184883117676e-01,-4.172720909118652344e-01,6.366015076637268066e-01,1.476129740476608276e-01,6.076347827911376953e-01,2.243239283561706543e-01,-2.533437013626098633e-01,-5.143926739692687988e-01,-7.249931693077087402e-01,-2.055501043796539307e-01,1.346389502286911011e-01,1.378166675567626953e-01,9.577609598636627197e-02,2.755261957645416260e-01,4.863763451576232910e-01,-1.356686204671859741e-01,-3.608663007616996765e-02,-6.188107728958129883e-01,4.156350195407867432e-01,2.994691394269466400e-02,-6.004651188850402832e-01,-7.319700717926025391e-01,-1.113382428884506226e-01,-6.002842634916305542e-02,2.639236487448215485e-02,-3.392153978347778320e-02,9.447447210550308228e-02,-2.617406249046325684e-01,3.354963958263397217e-01,5.383791327476501465e-01,-6.132071614265441895e-01,-9.121856838464736938e-02,-4.976536035537719727e-01,-1.800741255283355713e-02,-2.914929091930389404e-01,6.823627352714538574e-01,-2.606059312820434570e-01,-5.980937480926513672e-01,-1.165870693512260914e-03,6.401897668838500977e-01,-5.703496336936950684e-01,-6.031537055969238281e-01,7.161555290222167969e-01,5.877599469386041164e-04,-4.752164185047149658e-01,9.753668680787086487e-03,-4.764798581600189209e-01,-6.617660522460937500e-01,4.233822226524353027e-02,4.275685176253318787e-03,4.683708846569061279e-01,4.604031741619110107e-01,-2.102098315954208374e-01,-4.788357913494110107e-01,-7.352625131607055664e-01,4.708715379238128662e-01,-6.385079622268676758e-01,2.308664023876190186e-01,4.281554222106933594e-01,6.629437393712578341e-06,-3.419225811958312988e-01,4.730761945247650146e-01,-8.257003873586654663e-02,-1.697326265275478363e-02,-7.215356826782226562e-01,-5.406022071838378906e-01,7.753467559814453125e-01,2.364538758993148804e-01,-7.897560596466064453e-01,-6.289176344871520996e-01,2.121358960866928101e-01,-2.255393937230110168e-02,5.801828503608703613e-01,-7.228937745094299316e-01,-7.217932343482971191e-01,2.168991565704345703e-01,6.551089882850646973e-01,-6.400511860847473145e-01,3.937923908233642578e-02,3.384623825550079346e-01,-5.812659859657287598e-01,5.760980248451232910e-01,5.779604315757751465e-01,6.478105783462524414e-01,5.646032094955444336e-01,-5.608255267143249512e-01,-3.347546756267547607e-01,-4.502658545970916748e-01,-5.434209108352661133e-02,4.934523701667785645e-01
2.972936034202575684e-01,3.769857063889503479e-02,-3.058840036392211914e-01,1.144649162888526917e-01,5.926409959793090820e-01,-2.665040194988250732e-01,-3.964104130864143372e-02,6.486170887947082520e-01,2.265743315219879150e-01,2.015141546726226807e-01,-1.567026972770690918e-01,-4.015804827213287354e-01,2.698134779930114746e-01,2.117469459772109985e-01,3.632944524288177490e-01,6.646893620491027832e-01,-1.864180550910532475e-03,3.135603070259094238e-01,-2.612135410308837891e-01,-2.826336622238159180e-01,-1.779274344444274902e-01,4.412331804633140564e-02,8.046486228704452515e-02,-3.967388719320297241e-02,8.156350255012512207e-02,6.091868877410888672e-01,-3.544134795665740967e-01,-6.167069077491760254e-01,5.410780310630798340e-01,-2.446507811546325684e-01,-1.078358218073844910e-01,-4.542550146579742432e-01,-1.779859513044357300e-02,3.910591900348663330e-01,-4.529172554612159729e-02,-5.130271315574645996e-01,4.422265589237213135e-01,4.180021584033966064e-01,-7.096526622772216797e-01,-4.455222487449645996e-01,4.361918270587921143e-01,4.024531319737434387e-02,2.707415223121643066e-01,1.500690430402755737e-01,1.229190602898597717e-01,-1.398052424192428589e-01,-3.614839613437652588e-01,-1.516114175319671631e-01,-1.700915955007076263e-02,-9.973759949207305908e-02,-2.139618843793869019e-01,-3.819241225719451904e-01,2.942266166210174561e-01,1.846223697066307068e-02,-1.641366779804229736e-01,-5.629185438156127930e-01,3.049294948577880859e-01,2.513972297310829163e-02,-2.111558169126510620e-01,-4.858622327446937561e-02,-1.257278677076101303e-02,-4.195354878902435303e-02,-1.337862457148730755e-03,2.777951657772064209e-01,9.906727820634841919e-02,-1.733718365430831909e-01,-6.530220061540603638e-02,5.833081007003784180e-01,-4.243586957454681396e-01,5.653682947158813477e-01,-5.905090570449829102e-01,-6.608024239540100098e-02,-4.763835668563842773e-02,3.511460423469543457e-01,-1.387143284082412720e-01,-5.209149718284606934e-01,-1.201792270876467228e-03,4.643583595752716064e-01,6.624649465084075928e-02,-4.228285849094390869e-01,4.294136464595794678e-01,3.667705168481916189e-04,-5.367795228958129883e-01,-6.445708684623241425e-03,-6.506788134574890137e-01,-3.145115375518798828e-01,5.219465494155883789e-01,9.556360542774200439e-03,2.434274256229400635e-01,4.282014966011047363e-01,-1.527501940727233887e-01,2.781257629394531250e-01,-1.702567934989929199e-01,-2.105810120701789856e-02,-3.914654552936553955e-01,-3.572330772876739502e-01,3.081023395061492920e-01,-4.392149548948509619e-06,-5.345439910888671875e-01,4.309532642364501953e-01,-4.835015833377838135e-01,5.953205823898315430e-01,-4.022853374481201172e-01,-5.363825559616088867e-01,3.306556344032287598e-01,2.498332876712083817e-03,-8.326850831508636475e-02,-3.086425960063934326e-01,-4.949000179767608643e-01,1.645486988127231598e-02,1.298782229423522949e-01,-9.483772516250610352e-02,-3.471018970012664795e-01,-7.550327479839324951e-02,4.956301152706146240e-01,-3.659501075744628906e-01,5.832465291023254395e-01,9.414588660001754761e-02,-5.640895366668701172e-01,6.891903281211853027e-02,2.450681030750274658e-01,2.816082239151000977e-01,3.070527315139770508e-01,3.248753026127815247e-02,-2.565938532352447510e-01,5.225531011819839478e-02,2.835841616615653038e-03,4.067464470863342285e-01
-3.574178218841552734e-01,7.640992756932973862e-03,-1.990324109792709351e-01,2.882992923259735107e-01,-2.665040194988250732e-01,3.534872829914093018e-01,-3.193694725632667542e-02,-3.191445171833038330e-01,2.378882095217704773e-02,9.071130305528640747e-02,1.282181292772293091e-01,1.214459091424942017e-01,1.899148523807525635e-01,1.337371468544006348e-01,1.054383143782615662e-01,-1.346401423215866089e-01,-1.057153008878231049e-02,1.203032732009887695e-01,-1.898096650838851929e-01,1.649122498929500580e-02,6.751508265733718872e-02,2.854482233524322510e-01,2.665172219276428223e-01,-1.652176380157470703e-01,-4.709794651716947556e-03,-1.513475924730300903e-01,-7.322069257497787476e-02,3.267039060592651367e-01,3.657424449920654297e-02,8.659651875495910645e-02,1.546634137630462646e-01,-2.877045981585979462e-02,2.335189431905746460e-01,-1.416744571179151535e-02,1.684655435383319855e-02,-3.353623300790786743e-02,-1.636918820440769196e-02,7.298071682453155518e-02,1.609194725751876831e-01,1.486543118953704834e-01,-1.516543142497539520e-02,-3.843145072460174561e-02,2.099874913692474365e-01,4.160282388329505920e-02,-5.613369867205619812e-02,-2.833874225616455078e-01,-1.349929422140121460e-01,-2.019177749752998352e-02,-5.314143747091293335e-02,1.051950678229331970e-01,2.182400971651077271e-01,2.362959384918212891e-01,-6.944621354341506958e-02,-4.079117253422737122e-02,-3.493803739547729492e-02,-2.463528886437416077e-02,-6.476208567619323730e-02,1.203368301503360271e-03,-1.962397098541259766e-01,-2.810283601284027100e-01,3.830845654010772705e-02,-1.300577074289321899e-01,9.449149481952190399e-03,-2.108277827501296997e-01,-9.138447046279907227e-02,-1.355948112905025482e-02,3.086154460906982422e-01,-2.759988605976104736e-02,-5.206229910254478455e-02,-3.105446398258209229e-01,8.686658740043640137e-02,-1.907913833856582642e-01,4.315797239542007446e-03,1.314317733049392700e-01,6.010424345731735229e-02,3.829149063676595688e-03,-7.812946569174528122e-04,1.101976260542869568e-01,-2.085741609334945679e-01,-3.007392585277557373e-02,7.097247987985610962e-02,6.011236837366595864e-05,6.898058950901031494e-02,4.431385081261396408e-03,1.690209656953811646e-01,-1.792145222425460815e-01,-2.130630314350128174e-01,-1.792387920431792736e-03,1.195623651146888733e-01,-4.850177466869354248e-02,6.308854371309280396e-02,-3.296625614166259766e-01,-2.213688939809799194e-01,1.555574536323547363e-01,-4.610130190849304199e-02,3.132994174957275391e-01,1.144769862294197083e-01,7.636625923623796552e-06,1.091206669807434082e-01,-3.236586926504969597e-03,2.441252768039703369e-01,-3.106407821178436279e-01,-7.736916840076446533e-02,2.634588442742824554e-02,1.984560936689376831e-01,-1.858575083315372467e-02,-2.837744355201721191e-01,-2.116791903972625732e-01,3.904781639575958252e-01,-1.040095835924148560e-02,9.927815943956375122e-02,-2.815477252006530762e-01,-1.336958259344100952e-01,2.911294251680374146e-02,7.869558036327362061e-02,-7.516750693321228027e-02,-2.681249976158142090e-01,1.823790669441223145e-01,2.569120377302169800e-02,1.749674379825592041e-01,2.334027737379074097e-01,6.285598874092102051e-02,1.699587889015674591e-02,-3.226045668125152588e-01,4.878488183021545410e-02,-1.979318708181381226e-01,-4.328038915991783142e-02,2.534403931349515915e-03
6.443087011575698853e-02,-1.575338840484619141e-02,1.327769756317138672e-01,-8.982087671756744385e-02,-3.964104130864143372e-02,-3.193694725632667542e-02,6.666600704193115234e-02,-2.421917580068111420e-02,-9.130065143108367920e-02,-7.312846928834915161e-02,-7.106740772724151611e-02,4.514307528734207153e-02,-1.837423592805862427e-01,-7.800534367561340332e-02,-1.010100096464157104e-01,-1.330406963825225830e-01,5.389571189880371094e-03,-1.509790122509002686e-01,1.124690622091293335e-01,6.955848075449466705e-03,-1.283046230673789978e-02,-1.088879778981208801e-01,-1.039400175213813782e-01,9.197078645229339600e-02,-1.196478493511676788e-02,-1.355599462985992432e-01,1.002131178975105286e-01,6.208939477801322937e-02,-1.315006911754608154e-01,2.798890694975852966e-02,-4.998733848333358765e-02,1.030723527073860168e-01,-5.131449177861213684e-02,-2.154548279941082001e-02,5.665002856403589249e-03,1.622373759746551514e-01,-1.071689426898956299e-01,-1.141247898340225220e-01,1.417070329189300537e-01,-1.607430167496204376e-02,-9.298575669527053833e-02,4.209815338253974915e-02,-1.526056826114654541e-01,-4.524724185466766357e-02,-3.116218373179435730e-02,1.491551697254180908e-01,1.015935838222503662e-01,5.097770318388938904e-02,5.626161396503448486e-02,-4.542035236954689026e-02,-3.964186832308769226e-02,-1.293671503663063049e-02,2.782757859677076340e-03,1.259449869394302368e-02,7.414292544126510620e-02,1.264348626136779785e-01,-7.292136549949645996e-03,-5.940979812294244766e-03,1.334826648235321045e-01,9.204745292663574219e-02,-3.710615634918212891e-02,1.022575721144676208e-01,-1.803341903723776340e-03,5.677285138517618179e-03,1.462744642049074173e-02,4.327801242470741272e-02,-1.534437537193298340e-01,-1.387253254652023315e-01,1.250070035457611084e-01,-3.920119628310203552e-02,8.864834904670715332e-02,1.077412664890289307e-01,-1.727994531393051147e-02,-1.254269480705261230e-01,8.041000925004482269e-03,1.131296008825302124e-01,1.038551330566406250e-03,-1.344336569309234619e-01,3.092058561742305756e-02,1.044496893882751465e-01,-9.374459087848663330e-02,-8.571255602873861790e-05,7.582923769950866699e-02,-4.059903440065681934e-04,8.619790524244308472e-02,1.361678987741470337e-01,-3.788947314023971558e-02,-2.199577400460839272e-03,-1.379326134920120239e-01,-6.216382980346679688e-02,-2.442648075520992279e-02,5.305311456322669983e-02,1.139826700091362000e-01,-3.153787553310394287e-02,9.353955835103988647e-02,-4.020800068974494934e-02,-1.182347014546394348e-01,-3.975007530243601650e-06,9.385003149509429932e-02,-1.289352774620056152e-01,-2.027381025254726410e-02,-4.719907045364379883e-02,1.077991276979446411e-01,1.146027892827987671e-01,-1.351439356803894043e-01,1.156762018799781799e-01,9.751305729150772095e-02,1.867066174745559692e-01,-7.271080743521451950e-03,-8.019387023523449898e-04,-5.782867223024368286e-02,7.838532328605651855e-02,1.232355386018753052e-01,1.008774265646934509e-01,-1.243457868695259094e-01,1.035772785544395447e-01,-6.516351550817489624e-02,-9.434565156698226929e-02,1.068052425980567932e-01,-5.913748592138290405e-02,-1.595586985349655151e-01,-5.799982696771621704e-02,-4.614246636629104614e-02,1.378937959671020508e-01,-2.213208377361297607e-02,3.843344748020172119e-02,1.901336386799812317e-02,-7.608555257320404053e-02
3.578830659389495850e-01,3.229438140988349915e-02,-2.638716399669647217e-01,6.507252156734466553e-02,6.486170887947082520e-01,-3.191445171833038330e-01,-2.421917580068111420e-02,7.305296659469604492e-01,1.850515455007553101e-01,1.786304414272308350e-01,-1.667492538690567017e-01,-4.522170126438140869e-01,2.213384807109832764e-01,2.007761001586914062e-01,3.531578481197357178e-01,6.717278361320495605e-01,9.590468253009021282e-04,2.749481499195098877e-01,-2.071063220500946045e-01,-3.003756999969482422e-01,-1.574535071849822998e-01,-4.381624050438404083e-03,2.932563237845897675e-02,-1.491373591125011444e-02,8.360188454389572144e-02,6.157622337341308594e-01,-3.557763397693634033e-01,-6.767154932022094727e-01,5.524623394012451172e-01,-2.713699638843536377e-01,-1.406748294830322266e-01,-4.275624752044677734e-01,-1.032165735960006714e-01,4.314596354961395264e-01,-5.449569225311279297e-02,-4.955119788646697998e-01,4.530625641345977783e-01,3.981317281723022461e-01,-7.274749875068664551e-01,-4.822125136852264404e-01,4.046653509140014648e-01,3.751493990421295166e-02,2.270897328853607178e-01,1.517473161220550537e-01,1.952096968889236450e-01,-1.110579594969749451e-01,-3.312119245529174805e-01,-1.466883122920989990e-01,-2.561054192483425140e-02,-1.841699630022048950e-01,-2.711543142795562744e-01,-4.875372648239135742e-01,2.866536080837249756e-01,3.263071179389953613e-02,-1.802691072225570679e-01,-5.542232394218444824e-01,3.351338803768157959e-01,2.657796256244182587e-02,-1.435627639293670654e-01,1.787951961159706116e-02,-8.309382945299148560e-03,-2.064158022403717041e-02,-4.475269932299852371e-03,2.924486696720123291e-01,9.333855658769607544e-02,-1.720351129770278931e-01,-1.475487351417541504e-01,5.721399784088134766e-01,-4.110336899757385254e-01,6.365272998809814453e-01,-6.057907342910766602e-01,-8.976051211357116699e-02,-3.625285625457763672e-02,3.276815116405487061e-01,-9.601874649524688721e-02,-4.996575713157653809e-01,-1.123395282775163651e-03,4.542459547519683838e-01,1.312880516052246094e-01,-4.077252447605133057e-01,4.003403484821319580e-01,3.877067647408694029e-04,-5.629963278770446777e-01,-8.593504317104816437e-03,-6.501596570014953613e-01,-2.880253195762634277e-01,5.935680866241455078e-01,1.055413112044334412e-02,2.052898555994033813e-01,4.587124884128570557e-01,-1.521932780742645264e-01,3.973132371902465820e-01,-1.049612388014793396e-01,-6.367042660713195801e-02,-3.640762865543365479e-01,-4.346711635589599609e-01,2.810994982719421387e-01,-6.729238975822227076e-06,-5.716298818588256836e-01,4.019024968147277832e-01,-5.791680812835693359e-01,6.639944314956665039e-01,-3.710493445396423340e-01,-5.390120148658752441e-01,2.673746645450592041e-01,1.785056293010711670e-02,7.171466480940580368e-03,-2.565827369689941406e-01,-5.821141004562377930e-01,2.207165956497192383e-02,1.001497656106948853e-01,-4.227842390537261963e-02,-3.097522258758544922e-01,-5.523881688714027405e-02,4.813316762447357178e-01,-3.343085646629333496e-01,6.500084996223449707e-01,7.160834968090057373e-02,-5.617030858993530273e-01,1.903106272220611572e-02,1.924986094236373901e-01,2.482289373874664307e-01,2.957328557968139648e-01,1.245357170701026917e-01,-3.059932291507720947e-01,1.047474294900894165e-01,1.905864477157592773e-02,4.173801541328430176e-01
-2.290763892233371735e-02,6.219772621989250183e-02,-5.282551646232604980e-01,5.448586344718933105e-01,2.265743315219879150e-01,2.378882095217704773e-02,-9.130065143108367920e-02,1.850515455007553101e-01,6.043237447738647461e-01,3.672308325767517090e-01,-2.304387241601943970e-01,-2.980775535106658936e-01,3.334723711013793945e-01,5.215572118759155273e-01,5.712881088256835938e-01,5.207114815711975098e-01,-8.671644143760204315e-03,3.567602932453155518e-01,-5.558034181594848633e-01,-4.410488307476043701e-01,-5.424127578735351562e-01,4.175155460834503174e-01,3.546281158924102783e-01,-1.529755145311355591e-01,1.253794431686401367e-01,4.590728580951690674e-01,-4.989857077598571777e-01,-1.108918786048889160e-01,4.074710309505462646e-01,1.446470059454441071e-02,-6.701917946338653564e-02,-7.313270568847656250e-01,4.657135605812072754e-01,4.476924240589141846e-01,-5.945715121924877167e-03,-5.653476119041442871e-01,4.338552355766296387e-01,5.705121159553527832e-01,-3.595525026321411133e-01,-4.770243763923645020e-01,6.564704179763793945e-01,1.742642074823379517e-01,4.350526332855224609e-01,1.720917671918869019e-01,-2.554945945739746094e-01,-3.292254209518432617e-01,-6.051733493804931641e-01,-1.492026150226593018e-01,2.203436791896820068e-01,6.491100788116455078e-02,-5.924194678664207458e-02,1.920267641544342041e-01,5.369539260864257812e-01,-1.189969033002853394e-01,2.363579161465167999e-02,-5.941944718360900879e-01,4.162267446517944336e-01,2.520362846553325653e-02,-4.554792344570159912e-01,-5.381119847297668457e-01,-1.513054966926574707e-01,9.766650944948196411e-02,2.112997509539127350e-02,1.348251551389694214e-01,1.681858450174331665e-01,-2.412410080432891846e-01,1.454858183860778809e-01,5.471201539039611816e-01,-5.992603898048400879e-01,7.854963839054107666e-02,-5.072106719017028809e-01,1.334056407213211060e-01,-3.346686363220214844e-01,5.999989509582519531e-01,-2.978389561176300049e-01,-5.763400197029113770e-01,-6.560577312484383583e-04,5.557981133460998535e-01,-4.027872681617736816e-01,-5.951273441314697266e-01,6.670226454734802246e-01,5.200878367759287357e-04,-4.890262484550476074e-01,7.878007367253303528e-03,-5.532861948013305664e-01,-5.410648584365844727e-01,1.427372694015502930e-01,4.513970576226711273e-03,4.471325576305389404e-01,4.560568332672119141e-01,-2.131439745426177979e-01,-3.046474158763885498e-01,-6.049071550369262695e-01,4.017754495143890381e-01,-5.810700058937072754e-01,5.249768123030662537e-02,2.634027302265167236e-01,3.191817313563660719e-06,-3.991299867630004883e-01,4.306259453296661377e-01,-1.909442543983459473e-01,1.835050284862518311e-01,-6.869979500770568848e-01,-5.365897417068481445e-01,6.864953041076660156e-01,1.644733399152755737e-01,-6.632663607597351074e-01,-4.820942878723144531e-01,-2.059602364897727966e-02,-2.321562729775905609e-02,6.000425815582275391e-01,-5.440515279769897461e-01,-6.215860247611999512e-01,2.144996821880340576e-01,5.532869100570678711e-01,-6.046928763389587402e-01,1.904444992542266846e-01,1.531100720167160034e-01,-5.636776089668273926e-01,4.472097456455230713e-01,3.826012611389160156e-01,6.151893138885498047e-01,5.585410594940185547e-01,-3.511734008789062500e-01,-3.594822883605957031e-01,-3.407540917396545410e-01,-1.549381203949451447e-02,4.489184916019439697e-01
-8.391343802213668823e-02,4.731015115976333618e-02,-4.770475924015045166e-01,4.280841350555419922e-01,2.015141546726226807e-01,9.071130305528640747e-02,-7.312846928834915161e-02,1.786304414272308350e-01,3.672308325767517090e-01,3.120263814926147461e-01,-6.099873036146163940e-02,-2.286601513624191284e-01,3.947834670543670654e-01,3.888572156429290771e-01,4.661896526813507080e-01,4.633934199810028076e-01,-1.151587162166833878e-02,3.532614409923553467e-01,-4.634917676448822021e-01,-3.059165775775909424e-01,-2.654799818992614746e-01,3.510815203189849854e-01,3.428696393966674805e-01,-1.935549974441528320e-01,8.524943888187408447e-02,4.127097725868225098e-01,-4.351335167884826660e-01,-1.527473181486129761e-01,4.557050168514251709e-01,-8.040435612201690674e-02,3.686110302805900574e-02,-5.509201288223266602e-01,3.047944307327270508e-01,3.537521362304687500e-01,-1.403539068996906281e-02,-5.204810500144958496e-01,3.776243329048156738e-01,4.735722541809082031e-01,-4.055135846138000488e-01,-2.971971631050109863e-01,4.557093083858489990e-01,5.225009471178054810e-02,4.320936501026153564e-01,1.646948456764221191e-01,-7.275700569152832031e-02,-3.874355852603912354e-01,-4.861366450786590576e-01,-1.295983493328094482e-01,5.058181658387184143e-02,3.896711394190788269e-02,1.508280821144580841e-02,3.523215278983116150e-02,3.023209571838378906e-01,-5.517904087901115417e-02,-1.011280268430709839e-01,-5.385711193084716797e-01,2.463141083717346191e-01,2.186385542154312134e-02,-4.057121276855468750e-01,-3.899453878402709961e-01,-4.018995538353919983e-02,-5.393834039568901062e-02,1.339277531951665878e-02,7.420950382947921753e-02,5.025627836585044861e-02,-1.848443895578384399e-01,2.320050150156021118e-01,4.958397150039672852e-01,-4.887383282184600830e-01,1.227006018161773682e-01,-4.324894547462463379e-01,-1.214720532298088074e-01,-1.509524285793304443e-01,4.885642826557159424e-01,-1.368379592895507812e-01,-4.814905524253845215e-01,-1.452793367207050323e-03,5.214464068412780762e-01,-2.269741743803024292e-01,-4.653835594654083252e-01,5.158988833427429199e-01,4.132596659474074841e-04,-4.117762446403503418e-01,2.048898255452513695e-03,-4.311802089214324951e-01,-4.775700867176055908e-01,1.877344995737075806e-01,5.292520858347415924e-03,3.986268639564514160e-01,3.474135398864746094e-01,-9.683810174465179443e-02,-1.920745074748992920e-01,-4.540547430515289307e-01,2.438060790300369263e-01,-4.408138692378997803e-01,4.255882650613784790e-02,3.080228269100189209e-01,3.684907824208494276e-06,-3.540053963661193848e-01,3.702663779258728027e-01,-1.539109498262405396e-01,1.915746927261352539e-01,-5.118307471275329590e-01,-4.602899253368377686e-01,5.737293958663940430e-01,3.085280535742640495e-03,-4.797073304653167725e-01,-4.735861122608184814e-01,-4.277139378245919943e-04,-8.751697838306427002e-03,3.679938614368438721e-01,-4.357474148273468018e-01,-4.800050854682922363e-01,6.523743271827697754e-02,5.002007484436035156e-01,-4.678349494934082031e-01,2.057850211858749390e-01,2.078640908002853394e-01,-4.803099036216735840e-01,3.064287304878234863e-01,4.145860373973846436e-01,4.094217419624328613e-01,3.775022029876708984e-01,-3.230344355106353760e-01,-2.294337749481201172e-01,-2.333635836839675903e-01,-3.188035264611244202e-02,3.708588778972625732e-01
-2.075517475605010986e-01,-1.130436919629573822e-02,7.604759186506271362e-02,-1.858765929937362671e-01,-1.567026972770690918e-01,1.282181292772293091e-01,-7.106740772724151611e-02,-1.667492538690567017e-01,-2.304387241601943970e-01,-6.099873036146163940e-02,4.007979333400726318e-01,1.283670514822006226e-01,1.843644678592681885e-01,-1.550595462322235107e-01,-1.664471626281738281e-01,-1.152682974934577942e-01,-7.132951170206069946e-03,2.809527888894081116e-02,1.473440527915954590e-01,2.592154145240783691e-01,4.240950942039489746e-01,-1.020199712365865707e-02,1.993801072239875793e-02,-1.427328288555145264e-01,-6.084200739860534668e-02,-4.763718321919441223e-02,6.748346239328384399e-02,1.155795156955718994e-02,6.048544310033321381e-03,-8.504141122102737427e-02,2.098584920167922974e-01,2.842981219291687012e-01,-2.364057898521423340e-01,-2.446044683456420898e-01,-8.630819618701934814e-03,3.059944882988929749e-02,-7.733212411403656006e-02,-1.619644314050674438e-01,-1.012621819972991943e-02,4.249901175498962402e-01,-3.227752149105072021e-01,-2.403512299060821533e-01,3.596764802932739258e-02,-1.430329401046037674e-02,2.765293419361114502e-01,-1.887492388486862183e-01,2.294906377792358398e-01,3.199945017695426941e-02,-2.728874981403350830e-01,2.001706343435216695e-05,1.617158204317092896e-01,-9.363496303558349609e-02,-4.306098222732543945e-01,6.437437981367111206e-02,-2.011980116367340088e-01,1.530136913061141968e-01,-3.118140995502471924e-01,-5.419996567070484161e-03,2.783993445336818695e-02,1.807215511798858643e-01,1.996716409921646118e-01,-2.719403505325317383e-01,-9.395345114171504974e-03,-1.463927626609802246e-01,-1.897892355918884277e-01,7.622245699167251587e-02,2.877057492733001709e-01,-1.104102805256843567e-01,1.336087435483932495e-01,-2.086456865072250366e-02,2.130154967308044434e-01,-4.516925513744354248e-01,2.591674923896789551e-01,-1.364641338586807251e-01,2.759712040424346924e-01,2.085952907800674438e-01,-2.161113312467932701e-03,-8.030419796705245972e-02,2.485272437334060669e-01,1.864227950572967529e-01,-3.019590079784393311e-01,-1.384079223498702049e-04,1.911479979753494263e-01,-5.551415961235761642e-03,2.923179268836975098e-01,5.006003752350807190e-02,-3.324199467897415161e-02,1.329483580775558949e-03,5.523410439491271973e-02,-1.948954612016677856e-01,2.671114504337310791e-01,7.242656499147415161e-02,1.810275763273239136e-01,-1.698704361915588379e-01,2.450937926769256592e-01,1.149260774254798889e-01,2.671558223664760590e-02,8.170377441274467856e-06,8.110784739255905151e-02,-8.787889778614044189e-02,2.011799812316894531e-01,-4.613142833113670349e-02,2.776621580123901367e-01,1.513717770576477051e-01,-1.809520572423934937e-01,-4.508423209190368652e-01,2.636264860630035400e-01,-6.519256532192230225e-02,1.199934557080268860e-01,1.386386342346668243e-02,-2.527123093605041504e-01,1.628445386886596680e-01,2.072750180959701538e-01,-3.154035806655883789e-01,-1.564668118953704834e-01,2.037752568721771240e-01,-2.035639807581901550e-02,1.029823571443557739e-01,2.077804356813430786e-01,-1.749015450477600098e-01,8.459772914648056030e-02,-3.276920616626739502e-01,-2.947019338607788086e-01,-8.287660032510757446e-02,2.661734819412231445e-01,1.042302176356315613e-01,-2.723865769803524017e-02,-1.605929732322692871e-01
-1.322893202304840088e-01,-3.478023037314414978e-02,3.422335088253021240e-01,-2.437437027692794800e-01,-4.015804827213287354e-01,1.214459091424942017e-01,4.514307528734207153e-02,-4.522170126438140869e-01,-2.980775535106658936e-01,-2.286601513624191284e-01,1.283670514822006226e-01,3.515210151672363281e-01,-2.476072162389755249e-01,-3.182871639728546143e-01,-4.212620854377746582e-01,-5.866275429725646973e-01,2.302045933902263641e-03,-2.541392147541046143e-01,3.102409839630126953e-01,3.264166116714477539e-01,2.614017426967620850e-01,-1.697050631046295166e-01,-1.558558344841003418e-01,8.047122508287429810e-02,-8.845070749521255493e-02,-5.134988427162170410e-01,4.094365239143371582e-01,3.909815847873687744e-01,-4.937745630741119385e-01,1.370165348052978516e-01,8.573216199874877930e-02,5.383126139640808105e-01,-8.139458298683166504e-02,-4.292918145656585693e-01,3.368590399622917175e-02,5.103397369384765625e-01,-3.937838375568389893e-01,-4.307571053504943848e-01,5.699706077575683594e-01,4.229800701141357422e-01,-4.391045570373535156e-01,-6.376440823078155518e-02,-2.851648926734924316e-01,-1.448448896408081055e-01,-5.629330873489379883e-02,2.318531423807144165e-01,4.082927405834197998e-01,1.137532219290733337e-01,-5.355753749608993530e-02,1.301730275154113770e-01,1.657864451408386230e-01,2.135138809680938721e-01,-3.225229978561401367e-01,2.012408524751663208e-02,1.039319932460784912e-01,5.598340034484863281e-01,-3.224228918552398682e-01,-2.359390817582607269e-02,2.250103354454040527e-01,1.842432469129562378e-01,4.203202947974205017e-02,-2.548296749591827393e-02,-4.771032370626926422e-03,-1.658856570720672607e-01,-8.148453384637832642e-02,1.746166795492172241e-01,1.847344264388084412e-02,-5.285618305206298828e-01,4.578800499439239502e-01,-3.609354496002197266e-01,5.182086229324340820e-01,7.418226450681686401e-02,1.365918517112731934e-01,-4.209930002689361572e-01,9.216894954442977905e-02,4.731964468955993652e-01,9.728238219395279884e-04,-4.948138296604156494e-01,5.016417056322097778e-02,4.537177383899688721e-01,-4.740541577339172363e-01,-4.245931631885468960e-04,4.955621063709259033e-01,2.375560812652111053e-03,5.465098023414611816e-01,3.832128643989562988e-01,-3.601855933666229248e-01,-7.319786585867404938e-03,-2.864297628402709961e-01,-4.093871116638183594e-01,1.219539567828178406e-01,-1.241940855979919434e-01,2.710052132606506348e-01,-1.239811107516288757e-01,3.906897902488708496e-01,1.841165423393249512e-01,-2.160269469022750854e-01,2.452942908348632045e-06,4.620573520660400391e-01,-3.362802267074584961e-01,3.887743949890136719e-01,-4.321908056735992432e-01,4.689515829086303711e-01,5.004996657371520996e-01,-4.132450520992279053e-01,-4.497818648815155029e-02,2.271511852741241455e-01,3.271207511425018311e-01,2.846719622611999512e-01,-2.886544447392225266e-03,-2.898052632808685303e-01,2.390740662813186646e-01,3.991133272647857666e-01,-8.285422623157501221e-02,-4.817173182964324951e-01,3.986499011516571045e-01,-4.207960665225982666e-01,-1.007227450609207153e-01,5.205412507057189941e-01,-1.663452088832855225e-01,-2.443160265684127808e-01,-3.456738889217376709e-01,-3.550440669059753418e-01,5.859971046447753906e-02,3.289778232574462891e-01,7.891401648521423340e-02,-1.335362531244754791e-02,-3.722011148929595947e-01
