5.404424071311950684e-01,-1.439429447054862976e-02,-1.164451314252801239e-04,1.261956151574850082e-02,1.526593118906021118e-01,-1.041285879909992218e-02,1.190752256661653519e-02,3.180230855941772461e-01,7.228606194257736206e-02,1.758866570889949799e-02,-6.800315529108047485e-02,-2.248037420213222504e-02,1.375252939760684967e-02,5.739497542381286621e-01,2.276272177696228027e-01,4.564898833632469177e-02,-1.024045515805482864e-03,-5.973853543400764465e-02,1.737318933010101318e-01,-8.780941367149353027e-03,-3.016355037689208984e-01,-2.695678547024726868e-02,7.146850973367691040e-02,-6.371893733739852905e-02,-2.079896442592144012e-02,-2.017709016799926758e-01,-5.800500977784395218e-03,-1.527314335107803345e-01,-9.198547899723052979e-02,-2.799908816814422607e-01,-1.253620088100433350e-01,-5.245398264378309250e-03,-4.586044698953628540e-02,7.564783841371536255e-02,-3.662360832095146179e-02,-6.282433867454528809e-02,-2.194960042834281921e-02,-1.589075289666652679e-02,-1.396655142307281494e-01,-3.567855954170227051e-01,-1.260533556342124939e-02,1.188106164336204529e-01,-5.125904828310012817e-02,1.808472163975238800e-02,3.211636543273925781e-01,-2.553745210170745850e-01,-7.554914802312850952e-02,-8.065933734178543091e-02,-4.767802311107516289e-04,-5.074010230600833893e-03,4.112941771745681763e-02,-1.244549453258514404e-01,4.187446832656860352e-02,-1.012963280081748962e-01,-3.361005336046218872e-02,-1.013394519686698914e-01,6.217686086893081665e-02,1.003423146903514862e-02,-3.472851589322090149e-02,-7.925392128527164459e-03,7.332098484039306641e-02,3.421104699373245239e-02,1.896472647786140442e-02,-2.921226434409618378e-02,-9.777201712131500244e-02,6.095948815345764160e-02,-4.468950908631086349e-03,8.441007137298583984e-02,-2.637207275256514549e-03,5.606003105640411377e-02,-4.693179205060005188e-02,-3.469600379467010498e-01,1.921436935663223267e-02,3.130798786878585815e-02,-1.922365836799144745e-02,-2.591388300061225891e-02,-6.739956326782703400e-03,6.730452924966812134e-02,-1.858607679605484009e-01,-7.220138609409332275e-02,-3.999185562133789062e-02,3.147551789879798889e-03,-1.840330809354782104e-01,-8.188812062144279480e-03,-9.413529932498931885e-02,-1.129387039691209793e-02,1.929900497198104858e-01,-1.009485125541687012e-02,3.390127327293157578e-03,1.177129219286143780e-03,-2.329040784388780594e-03,-4.450147598981857300e-02,1.404232233762741089e-01,-1.024303585290908813e-01,9.514766186475753784e-02,-8.555930852890014648e-02,2.366611510515213013e-01,-2.774941094685345888e-04,-9.867296367883682251e-02,1.127047240734100342e-01,-4.340991005301475525e-02,3.834877908229827881e-02,2.136973850429058075e-02,2.137262141332030296e-03,-2.106843441724777222e-01,1.563965082168579102e-01,1.866354793310165405e-01,4.999971017241477966e-02,-8.504117280244827271e-02,2.700203657150268555e-02,2.507397234439849854e-01,5.264912173151969910e-02,4.421462863683700562e-02,-3.040201365947723389e-01,6.164608523249626160e-02,1.793575845658779144e-02,3.224922120571136475e-01,-2.164345085620880127e-01,-2.921438813209533691e-01,-8.663302287459373474e-03,-1.330161839723587036e-01,1.061339601874351501e-01,6.906425207853317261e-02,7.100781798362731934e-02,4.629171267151832581e-02,-1.368321925401687622e-01,-2.681445144116878510e-02,2.177060022950172424e-02
-1.439429447054862976e-02,2.727555111050605774e-02,-1.432359516620635986e-01,5.243988707661628723e-02,7.350879162549972534e-02,-3.281246498227119446e-02,-3.007387742400169373e-02,3.889840096235275269e-02,-1.775973010808229446e-03,1.277559809386730194e-02,4.565124958753585815e-02,-3.083069063723087311e-02,1.108981072902679443e-01,1.580571196973323822e-02,1.058871820569038391e-01,1.055269017815589905e-01,-2.309578238055109978e-03,1.272980421781539917e-01,-2.595167420804500580e-02,-5.539517477154731750e-02,3.950096294283866882e-02,1.285562664270401001e-01,7.489403337240219116e-02,4.138529673218727112e-02,7.626031525433063507e-03,1.562198102474212646e-01,-1.306286007165908813e-01,-1.044318228960037231e-01,1.049073934555053711e-01,-6.818678695708513260e-03,1.342956442385911942e-02,-1.137965694069862366e-01,8.457085490226745605e-02,5.494792014360427856e-02,6.858232431113719940e-03,-1.174104213714599609e-01,6.855533923953771591e-03,2.648227103054523468e-02,-8.489303290843963623e-02,-8.326517790555953979e-02,1.281919330358505249e-01,-1.649284176528453827e-02,1.470010131597518921e-01,1.381640508770942688e-02,-9.085164405405521393e-03,-8.767067641019821167e-02,-1.325035244226455688e-01,-2.499840408563613892e-02,-3.492425382137298584e-02,3.309538960456848145e-02,2.073527313768863678e-03,1.208651438355445862e-02,2.461929805576801300e-03,-3.267439082264900208e-03,-4.423193167895078659e-03,-1.076199486851692200e-01,2.573060616850852966e-02,1.317170448601245880e-02,-1.210017874836921692e-01,-4.967432841658592224e-02,3.525460138916969299e-02,-9.144622832536697388e-03,5.813021678477525711e-03,4.747593775391578674e-02,2.219055406749248505e-02,-2.563663385808467865e-02,7.340206205844879150e-02,1.459543704986572266e-01,-1.351653635501861572e-01,4.738357290625572205e-02,-7.379059493541717529e-02,2.131678484147414565e-04,-2.043479122221469879e-02,1.026912629604339600e-01,-4.831574112176895142e-02,-1.149505674839019775e-01,-7.303094025701284409e-03,1.277823746204376221e-01,-4.675683099776506424e-03,-9.600323438644409180e-02,1.137760803103446960e-01,2.833256265148520470e-03,-9.798181056976318359e-02,7.399415597319602966e-03,-8.938655257225036621e-02,-1.387351602315902710e-01,8.751068264245986938e-02,1.150034647434949875e-02,7.272588461637496948e-02,-4.034003941342234612e-04,-3.321306034922599792e-02,-3.144797310233116150e-02,-1.128455325961112976e-01,3.880719840526580811e-02,-7.731766253709793091e-02,1.850488223135471344e-02,1.014108732342720032e-01,-4.879489715676754713e-04,-7.674172520637512207e-02,5.308432504534721375e-02,1.362028904259204865e-02,4.097281768918037415e-02,-1.019528061151504517e-01,-1.134544704109430313e-02,1.401254832744598389e-01,-1.982990093529224396e-02,-6.094153970479965210e-02,-1.126924678683280945e-01,-2.304348349571228027e-02,-1.780852675437927246e-02,5.483244732022285461e-02,1.256013987585902214e-03,-1.064362898468971252e-01,-5.678700655698776245e-02,1.494195908308029175e-01,-1.353584975004196167e-01,5.818397551774978638e-02,6.398160010576248169e-02,-1.130573451519012451e-01,1.808701828122138977e-02,1.080672144889831543e-01,1.079817861318588257e-01,1.052752733230590820e-01,-8.902963995933532715e-02,-9.637223184108734131e-02,-5.774270370602607727e-02,-3.782228799536824226e-03,7.444965094327926636e-02
-1.164451314252801239e-04,-1.432359516620635986e-01,8.254896402359008789e-01,-3.740873038768768311e-01,-4.103491008281707764e-01,1.266151517629623413e-01,1.091122105717658997e-01,-2.626874446868896484e-01,1.208543963730335236e-02,-1.064842939376831055e-01,-2.791147828102111816e-01,2.185895293951034546e-01,-6.268327236175537109e-01,-2.342079430818557739e-01,-6.635390520095825195e-01,-6.397702693939208984e-01,-1.035855244845151901e-02,-6.868989467620849609e-01,1.506265550851821899e-01,3.910616040229797363e-01,-1.670099049806594849e-01,-7.678290605545043945e-01,-5.782589912414550781e-01,-8.794908225536346436e-02,-5.127850174903869629e-02,-7.922881841659545898e-01,7.582904100418090820e-01,5.103852152824401855e-01,-6.512936353683471680e-01,1.374226957559585571e-01,-6.403797119855880737e-02,7.256426215171813965e-01,-5.620284080505371094e-01,-4.255959987640380859e-01,-2.431067638099193573e-02,7.266753911972045898e-01,-3.734583780169487000e-02,-1.633747518062591553e-01,5.728021264076232910e-01,6.017347574234008789e-01,-7.268093228340148926e-01,6.870803982019424438e-02,-7.677935957908630371e-01,-9.319718182086944580e-02,-3.176761791110038757e-02,6.603885293006896973e-01,7.719075083732604980e-01,1.714328378438949585e-01,1.811104416847229004e-01,-8.686901628971099854e-02,-4.131760448217391968e-02,-5.705469846725463867e-02,-1.016577053815126419e-02,6.386601179838180542e-02,-4.583262372761964798e-03,6.957312822341918945e-01,-1.867698580026626587e-01,-8.634757995605468750e-02,6.837298274040222168e-01,3.324461281299591064e-01,-1.495690494775772095e-01,-3.469363972544670105e-02,-4.562759771943092346e-02,-3.763782083988189697e-01,-1.156498640775680542e-01,1.481793373823165894e-01,-4.123064577579498291e-01,-7.908364534378051758e-01,7.670958638191223145e-01,-2.391956746578216553e-01,5.194496512413024902e-01,1.223511546850204468e-01,1.318254321813583374e-01,-6.937344670295715332e-01,2.834248542785644531e-01,6.355336308479309082e-01,4.310037195682525635e-02,-8.054996728897094727e-01,9.557049721479415894e-02,6.718707084655761719e-01,-7.268725037574768066e-01,-2.164377830922603607e-02,5.961443781852722168e-01,-3.837163001298904419e-02,6.164931654930114746e-01,7.288680076599121094e-01,-5.574092268943786621e-01,-6.341032683849334717e-02,-4.814333319664001465e-01,-3.233503922820091248e-02,1.998091936111450195e-01,2.299270480871200562e-01,6.602005958557128906e-01,-2.319114655256271362e-01,5.166301727294921875e-01,-4.065205529332160950e-02,-6.077333688735961914e-01,3.483809996396303177e-03,5.443511009216308594e-01,-4.157199263572692871e-01,-3.128954023122787476e-02,-3.320344388484954834e-01,6.807317733764648438e-01,7.176977396011352539e-02,-7.888770103454589844e-01,-3.896172717213630676e-02,4.493801295757293701e-01,6.793005466461181641e-01,1.344336271286010742e-01,1.155424043536186218e-01,-4.808844923973083496e-01,1.369501054286956787e-01,6.531044840812683105e-01,1.872491985559463501e-01,-7.907415628433227539e-01,7.458747625350952148e-01,-4.276654720306396484e-01,-4.342151582241058350e-01,7.480008006095886230e-01,-1.405714750289916992e-01,-6.925114989280700684e-01,-7.126110196113586426e-01,-6.866921186447143555e-01,4.945993423461914062e-01,6.678259968757629395e-01,5.114625096321105957e-01,2.027050126343965530e-03,-4.837906062602996826e-01
1.261956151574850082e-02,5.243988707661628723e-02,-3.740873038768768311e-01,2.990760803222656250e-01,1.413932293653488159e-01,2.337759174406528473e-02,-8.152659237384796143e-02,1.568804532289505005e-01,-2.816747687757015228e-02,3.970356658101081848e-02,4.175112023949623108e-02,-9.762433171272277832e-02,2.212872058153152466e-01,1.316747665405273438e-01,2.617255747318267822e-01,2.274924963712692261e-01,6.889702286571264267e-03,3.541144430637359619e-01,-8.631715923547744751e-02,-1.067838072776794434e-01,-5.440992116928100586e-02,3.611505329608917236e-01,2.371866106986999512e-01,-5.083177983760833740e-02,3.997201099991798401e-02,3.414155244827270508e-01,-2.926350533962249756e-01,-1.643697619438171387e-01,2.294451296329498291e-01,-1.747333817183971405e-02,7.711529266089200974e-03,-3.727729618549346924e-01,3.134136497974395752e-01,1.141871437430381775e-01,1.986960507929325104e-02,-3.114092648029327393e-01,3.836435824632644653e-02,6.306106597185134888e-02,-1.702678650617599487e-01,-3.702788949012756348e-01,3.424307107925415039e-01,-8.533572778105735779e-03,3.398508429527282715e-01,3.631143644452095032e-02,1.296136621385812759e-02,-2.221772372722625732e-01,-3.019095957279205322e-01,-1.259442120790481567e-01,-8.851768821477890015e-02,8.423378318548202515e-02,2.993059344589710236e-02,3.723336756229400635e-02,8.266288042068481445e-02,-1.561034023761749268e-01,1.016369238495826721e-01,-2.853011488914489746e-01,7.656329125165939331e-02,2.973958849906921387e-02,-2.560119926929473877e-01,-1.725532263517379761e-01,8.494263514876365662e-03,5.221282690763473511e-02,2.503190934658050537e-02,1.819334030151367188e-01,4.770512133836746216e-02,-6.615713983774185181e-02,1.575404852628707886e-01,3.849398493766784668e-01,-3.303151130676269531e-01,4.781616851687431335e-02,-2.365959733724594116e-01,6.081375107169151306e-02,-8.566077798604965210e-02,2.784907519817352295e-01,-1.347115337848663330e-01,-3.088086247444152832e-01,-8.416206575930118561e-03,3.477520346641540527e-01,-1.976638883352279663e-01,-3.343388140201568604e-01,4.477177560329437256e-01,9.020331315696239471e-03,-1.839228123426437378e-01,2.115648798644542694e-02,-3.334566354751586914e-01,-2.278225719928741455e-01,1.310771703720092773e-01,2.417826466262340546e-02,1.176601722836494446e-01,1.045873295515775681e-02,-5.592276155948638916e-02,-1.546677052974700928e-01,-3.818455338478088379e-01,1.415115445852279663e-01,-2.466650754213333130e-01,-9.569315239787101746e-03,2.382630109786987305e-01,-1.491308328695595264e-03,-1.654510796070098877e-01,2.337303310632705688e-01,3.990598767995834351e-02,8.072342723608016968e-02,-3.156072795391082764e-01,-2.734168991446495056e-02,4.033719897270202637e-01,1.260722726583480835e-01,-3.204246759414672852e-01,-3.157983720302581787e-01,2.944633923470973969e-02,-4.405947029590606689e-02,3.299577236175537109e-01,-1.086154654622077942e-01,-3.207140266895294189e-01,-8.346049487590789795e-02,3.614904284477233887e-01,-3.091421723365783691e-01,1.202019751071929932e-01,1.875632852315902710e-01,-3.787863552570343018e-01,8.748674392700195312e-02,2.614461481571197510e-01,2.898335456848144531e-01,2.917053401470184326e-01,-1.858574599027633667e-01,-2.538963854312896729e-01,-2.163051962852478027e-01,-1.014046370983123779e-03,2.632856070995330811e-01
1.526593118906021118e-01,7.350879162549972534e-02,-4.103491008281707764e-01,1.413932293653488159e-01,3.004519641399383545e-01,-1.032428741455078125e-01,-6.206751242280006409e-02,2.351059317588806152e-01,1.038972288370132446e-02,4.317332431674003601e-02,1.032357737421989441e-01,-9.189320355653762817e-02,3.149220049381256104e-01,2.314572781324386597e-01,3.936948180198669434e-01,3.247726857662200928e-01,-1.166830677539110184e-02,3.346815109252929688e-01,-1.254097279161214828e-02,-1.687720715999603271e-01,3.754418343305587769e-02,3.524939715862274170e-01,2.122101485729217529e-01,1.353937387466430664e-01,5.633289460092782974e-03,3.664742708206176758e-01,-3.792726397514343262e-01,-3.850755095481872559e-01,2.918936014175415039e-01,-1.598247885704040527e-01,-8.064067922532558441e-03,-2.902871966361999512e-01,2.112513333559036255e-01,1.709188073873519897e-01,7.088210899382829666e-03,-3.399779498577117920e-01,6.328260991722345352e-03,7.183107733726501465e-02,-3.385261595249176025e-01,-3.532907962799072266e-01,3.713802695274353027e-01,1.323343254625797272e-03,4.018887281417846680e-01,4.822936281561851501e-02,9.317315369844436646e-02,-3.430303633213043213e-01,-4.320354461669921875e-01,-1.023659408092498779e-01,-9.274198859930038452e-02,1.152200922369956970e-01,1.488842628896236420e-02,-1.545655541121959686e-02,5.956110544502735138e-03,-2.557240054011344910e-02,-4.348956421017646790e-02,-3.435553908348083496e-01,9.222237020730972290e-02,4.201414063572883606e-02,-3.829696476459503174e-01,-1.373367756605148315e-01,1.436343789100646973e-01,-2.883326262235641479e-02,2.238214761018753052e-02,1.412300914525985718e-01,4.151916876435279846e-02,-4.718571901321411133e-02,2.226483970880508423e-01,4.516686797142028809e-01,-3.651488721370697021e-01,1.922103911638259888e-01,-2.365898042917251587e-01,-1.486919969320297241e-01,-2.132112719118595123e-02,2.955636084079742432e-01,-1.494049727916717529e-01,-3.802409172058105469e-01,-2.597392164170742035e-02,3.880435526371002197e-01,-7.348090410232543945e-02,-2.801122665405273438e-01,2.985070645809173584e-01,8.469697088003158569e-03,-3.747981488704681396e-01,1.747498475015163422e-02,-2.973543405532836914e-01,-4.276043474674224854e-01,3.649567365646362305e-01,2.926599793136119843e-02,2.128258794546127319e-01,-4.244532436132431030e-03,-1.209210604429244995e-01,-9.304656088352203369e-02,-2.434447109699249268e-01,4.324038699269294739e-02,-1.749573200941085815e-01,4.342948645353317261e-02,4.204210937023162842e-01,-1.465186127461493015e-03,-2.461471259593963623e-01,1.968584507703781128e-01,2.202392369508743286e-02,1.494036018848419189e-01,-2.612377405166625977e-01,-3.362750634551048279e-02,3.194870054721832275e-01,3.228143556043505669e-03,-8.823031932115554810e-02,-2.984744906425476074e-01,-1.465428173542022705e-01,-3.811623901128768921e-02,1.737012714147567749e-01,4.185516387224197388e-02,-2.653259634971618652e-01,-3.066705167293548584e-01,4.721353948116302490e-01,-3.991836309432983398e-01,2.926945984363555908e-01,9.434963762760162354e-02,-4.263900816440582275e-01,3.813529014587402344e-02,2.803196907043457031e-01,3.446176648139953613e-01,3.162825405597686768e-01,-2.412888258695602417e-01,-2.323527634143829346e-01,-2.013099491596221924e-01,-2.459406666457653046e-02,2.317783236503601074e-01
-1.041285879909992218e-02,-3.281246498227119446e-02,1.266151517629623413e-01,2.337759174406528473e-02,-1.032428741455078125e-01,2.439818978309631348e-01,3.162603080272674561e-02,2.477473020553588867e-02,-9.595672041177749634e-02,-3.544417396187782288e-02,-5.252142250537872314e-02,3.145152702927589417e-02,-1.852636188268661499e-01,-1.251433603465557098e-02,-1.462245881557464600e-01,-1.488276273012161255e-01,-5.432946141809225082e-03,-1.532447934150695801e-01,7.924074307084083557e-03,4.500683024525642395e-02,3.337820991873741150e-02,-1.169902086257934570e-01,-2.595692500472068787e-02,-4.960454255342483521e-02,-1.109778694808483124e-02,-2.540045678615570068e-01,1.531645655632019043e-01,1.412451267242431641e-01,-2.992042899131774902e-02,-5.441045761108398438e-02,3.689306974411010742e-02,1.579089164733886719e-01,-1.177396625280380249e-01,-2.852531895041465759e-02,-1.528023555874824524e-02,1.471767723560333252e-01,2.467230893671512604e-03,-3.590483590960502625e-02,1.240068227052688599e-01,4.427884891629219055e-02,-2.105168998241424561e-01,7.133813109248876572e-03,-1.072411313652992249e-01,-1.016184687614440918e-02,7.849317789077758789e-02,1.538321524858474731e-01,1.792090833187103271e-01,8.147298358380794525e-03,-5.988768301904201508e-03,-5.738070979714393616e-02,1.080709323287010193e-01,-9.769649803638458252e-02,1.495006587356328964e-02,-9.622134268283843994e-02,9.808326140046119690e-04,9.599858522415161133e-02,-2.012976072728633881e-02,-1.506315451115369797e-02,1.652178317308425903e-01,5.113384500145912170e-02,-1.850253716111183167e-02,-1.784605788998305798e-03,-5.973064806312322617e-03,-1.400647014379501343e-01,-2.495861798524856567e-02,4.551032930612564087e-02,-8.228262513875961304e-02,-1.647488325834274292e-01,1.776915788650512695e-01,-5.363096296787261963e-02,7.838159799575805664e-02,-9.092471748590469360e-02,4.135990887880325317e-02,-1.479666382074356079e-01,8.481352776288986206e-02,1.257609575986862183e-01,1.629067957401275635e-02,-1.519939303398132324e-01,-1.090363785624504089e-02,8.956022560596466064e-02,-9.127712249755859375e-02,-3.052158746868371964e-03,9.130160510540008545e-02,-1.494323927909135818e-02,1.117332205176353455e-01,2.397085130214691162e-01,-9.193341434001922607e-02,-1.307809725403785706e-02,-1.942524909973144531e-01,1.088976161554455757e-03,4.786438494920730591e-02,3.260992467403411865e-02,1.140688359737396240e-01,-3.011912852525711060e-02,1.048850491642951965e-01,-8.881314098834991455e-02,-9.593661129474639893e-02,6.169890402816236019e-04,7.742422074079513550e-02,-9.406283497810363770e-02,-4.156823456287384033e-02,-1.134673878550529480e-01,1.449359059333801270e-01,1.574874483048915863e-02,-1.666164845228195190e-01,1.559494733810424805e-01,4.949825629591941833e-02,1.105284616351127625e-01,1.402943879365921021e-01,2.840078063309192657e-02,-8.137817680835723877e-02,-6.916695833206176758e-02,1.028805226087570190e-01,1.179529950022697449e-01,-1.285509467124938965e-01,1.984049379825592041e-01,-6.706628203392028809e-02,-4.251350462436676025e-02,1.366016268730163574e-01,-2.130364067852497101e-02,-1.153604611754417419e-01,-1.519137620925903320e-01,-1.393470168113708496e-01,1.521124690771102905e-01,7.000103592872619629e-02,1.057992428541183472e-01,8.943813852965831757e-03,-2.008811198174953461e-02
1.190752256661653519e-02,-3.007387742400169373e-02,1.091122105717658997e-01,-8.152659237384796143e-02,-6.206751242280006409e-02,3.162603080272674561e-02,1.049999147653579712e-01,-7.293558120727539062e-02,5.630072555504739285e-04,4.270267207175493240e-03,-3.337166458368301392e-02,2.846402302384376526e-02,-1.342501044273376465e-01,-2.161063626408576965e-02,-8.901152759790420532e-02,-9.977317601442337036e-02,9.174109436571598053e-03,-1.644893437623977661e-01,1.870656758546829224e-02,9.875433519482612610e-03,-1.563639566302299500e-02,-1.174164116382598877e-01,-6.622879952192306519e-02,-3.566580638289451599e-02,-1.528947148472070694e-02,-1.390394568443298340e-01,1.094122678041458130e-01,1.221978887915611267e-01,-6.363786756992340088e-02,-5.690012872219085693e-02,-9.086003410629928112e-05,1.031311601400375366e-01,-7.697053253650665283e-02,-3.688993304967880249e-02,-1.071065478026866913e-02,1.200995370745658875e-01,-1.856387034058570862e-02,-2.260384522378444672e-02,2.213830687105655670e-02,7.806292921304702759e-02,-1.048533841967582703e-01,2.724714204668998718e-02,-1.596363931894302368e-01,-9.824749082326889038e-03,-5.874482914805412292e-03,4.405723884701728821e-03,8.752103149890899658e-02,3.203916922211647034e-02,6.589935719966888428e-02,-5.084336176514625549e-02,-8.275406435132026672e-03,-7.013941649347543716e-03,-3.972314298152923584e-02,6.235306710004806519e-02,-1.444078888744115829e-02,9.716419875621795654e-02,-3.213342279195785522e-02,-1.200586091727018356e-02,8.277804404497146606e-02,5.413351953029632568e-02,-4.891576617956161499e-02,2.453814446926116943e-02,-4.451961722224950790e-03,2.820250950753688812e-02,-6.488488521426916122e-03,2.854055352509021759e-02,-7.303053140640258789e-02,-1.410316079854965210e-01,1.393859684467315674e-01,-1.312310434877872467e-02,4.988736286759376526e-02,-5.385116115212440491e-02,5.172111466526985168e-02,-7.093869894742965698e-02,4.713479056954383850e-02,7.345841825008392334e-02,2.805305412039160728e-03,-6.581779569387435913e-02,2.587802521884441376e-02,9.758984297513961792e-02,-1.048361882567405701e-01,-2.165158046409487724e-03,6.089315190911293030e-02,-1.185071468353271484e-02,6.063137203454971313e-02,1.019425168633460999e-01,-1.099964836612343788e-03,-1.392506808042526245e-02,-2.325180731713771820e-02,1.077170111238956451e-02,2.992268884554505348e-03,3.903222829103469849e-02,1.291359812021255493e-01,-5.719429627060890198e-02,6.592656672000885010e-02,-2.313071675598621368e-02,-6.419478356838226318e-02,2.996175026055425406e-04,4.953706264495849609e-02,-3.489442542195320129e-02,-3.513259068131446838e-02,3.266931325197219849e-02,9.023362398147583008e-02,8.932978846132755280e-03,-1.008794009685516357e-01,5.497423559427261353e-02,4.504682868719100952e-02,1.273229569196701050e-01,-6.823661178350448608e-02,1.274841278791427612e-02,-8.888850361108779907e-02,-4.655593261122703552e-02,1.426453292369842529e-01,1.135321483016014099e-01,-1.458255648612976074e-01,1.099252924323081970e-01,-2.769269794225692749e-02,-5.539947375655174255e-02,6.426803767681121826e-02,-1.991717517375946045e-02,-3.656449913978576660e-02,-6.091923639178276062e-02,-8.594284951686859131e-02,7.566545158624649048e-02,7.990582287311553955e-02,9.359966032207012177e-03,1.060613337904214859e-02,-6.829632073640823364e-02
3.180230855941772461e-01,3.889840096235275269e-02,-2.626874446868896484e-01,1.568804532289505005e-01,2.351059317588806152e-01,2.477473020553588867e-02,-7.293558120727539062e-02,4.214540421962738037e-01,-2.449868433177471161e-02,1.115314662456512451e-02,5.846439301967620850e-02,-7.923222333192825317e-02,2.120323181152343750e-01,4.032848179340362549e-01,3.372488915920257568e-01,2.257255762815475464e-01,-1.688570156693458557e-02,1.905187070369720459e-01,5.695175379514694214e-02,-8.938182145357131958e-02,1.676212996244430542e-03,2.523137331008911133e-01,2.052272409200668335e-01,8.679768070578575134e-03,-6.451682653278112411e-03,1.018289029598236084e-01,-2.366466820240020752e-01,-2.937567234039306641e-01,2.302665859460830688e-01,-2.153703570365905762e-01,-4.953811690211296082e-02,-1.495766937732696533e-01,6.105130165815353394e-02,1.703429222106933594e-01,-2.079685032367706299e-02,-2.682138085365295410e-01,1.828810665756464005e-03,4.450263455510139465e-02,-2.936434149742126465e-01,-3.974208831787109375e-01,1.868523806333541870e-01,2.947008796036243439e-02,2.635492086410522461e-01,4.204173386096954346e-02,3.027687370777130127e-01,-2.882993221282958984e-01,-3.081647455692291260e-01,-9.957741945981979370e-02,-9.478908777236938477e-02,2.016441337764263153e-02,1.049985662102699280e-01,-9.828444570302963257e-02,3.371606022119522095e-02,-1.737660616636276245e-01,-7.071977853775024414e-02,-2.917777299880981445e-01,1.177022829651832581e-01,3.810428455471992493e-02,-1.892920434474945068e-01,-9.462369233369827271e-02,1.400330513715744019e-01,-2.078995853662490845e-02,2.022339031100273132e-02,-7.152769714593887329e-02,-1.002536248415708542e-02,2.709408057853579521e-03,1.288229972124099731e-01,2.978092432022094727e-01,-2.469447255134582520e-01,8.575792610645294189e-02,-1.875613182783126831e-01,-3.254382014274597168e-01,-1.300967205315828323e-02,2.064230591058731079e-01,-7.363232225179672241e-02,-1.934132426977157593e-01,-1.423025969415903091e-02,2.577155828475952148e-01,-1.414427161216735840e-01,-2.501241266727447510e-01,1.869028806686401367e-01,7.073711138218641281e-03,-3.155249357223510742e-01,9.543389081954956055e-03,-2.004794180393218994e-01,-2.368804663419723511e-01,2.665632367134094238e-01,1.861904561519622803e-02,5.596121773123741150e-02,2.269805176183581352e-03,-6.149740144610404968e-02,-6.196560710668563843e-02,-9.246107190847396851e-02,-5.160866677761077881e-02,-5.614299327135086060e-02,-3.067770414054393768e-02,3.543635904788970947e-01,-9.718267247080802917e-04,-2.039783000946044922e-01,1.666673272848129272e-01,-1.655062660574913025e-02,6.252630054950714111e-02,-1.528846025466918945e-01,-2.363603934645652771e-02,1.138574928045272827e-01,8.997832238674163818e-02,6.971794366836547852e-02,-2.141044586896896362e-01,-4.338897124398499727e-04,-1.684441813267767429e-03,2.038837373256683350e-01,6.957915425300598145e-02,-1.886091828346252441e-01,-3.114702403545379639e-01,3.709915578365325928e-01,-2.367244064807891846e-01,3.100458681583404541e-01,2.444472629576921463e-03,-3.797675669193267822e-01,1.139710471034049988e-02,9.553535282611846924e-02,2.336022853851318359e-01,1.866761744022369385e-01,-3.495420515537261963e-02,-1.541115790605545044e-01,-1.376854181289672852e-01,-2.644786052405834198e-02,1.898380964994430542e-01
7.228606194257736206e-02,-1.775973010808229446e-03,1.208543963730335236e-02,-2.816747687757015228e-02,1.038972288370132446e-02,-9.595672041177749634e-02,5.630072555504739285e-04,-2.449868433177471161e-02,6.958133727312088013e-02,1.757597364485263824e-02,-1.609598472714424133e-02,-3.526241751387715340e-03,2.931544370949268341e-02,7.437298446893692017e-02,3.902424126863479614e-02,1.387580856680870056e-02,9.348653256893157959e-03,2.958334982395172119e-03,2.853516489267349243e-02,8.853088133037090302e-03,-1.224556267261505127e-01,-1.288336142897605896e-02,-8.456933312118053436e-03,-3.034251183271408081e-02,5.402546375989913940e-03,2.368872426450252533e-02,-3.841399913653731346e-03,-1.928334822878241539e-03,-8.077449351549148560e-02,1.617576926946640015e-02,-4.338401928544044495e-02,-5.406175181269645691e-02,3.727100044488906860e-02,-7.879975251853466034e-03,2.100330544635653496e-03,-1.944145746529102325e-02,-4.305642563849687576e-03,-1.244573621079325676e-03,-2.401424717390909791e-04,-3.693103417754173279e-02,3.842555731534957886e-02,2.373081631958484650e-02,-4.229597747325897217e-02,-1.986343180760741234e-03,-2.091513574123382568e-02,-6.645474582910537720e-02,-8.496653288602828979e-03,-5.121742375195026398e-03,2.516934089362621307e-02,8.544136770069599152e-03,-6.021616607904434204e-02,3.599418327212333679e-02,9.195634163916110992e-03,3.452475368976593018e-02,2.636250108480453491e-02,1.957256812602281570e-03,-3.718582680448889732e-03,-9.107802761718630791e-04,-1.626585982739925385e-02,-7.196592167019844055e-03,-2.378747425973415375e-02,3.038881160318851471e-02,3.903190605342388153e-03,6.995216757059097290e-02,-1.882381923496723175e-02,-4.770746454596519470e-03,-5.867944564670324326e-03,1.808809675276279449e-02,-1.747834682464599609e-02,-5.810836795717477798e-03,-3.011688822880387306e-03,3.602571785449981689e-02,-2.163603715598583221e-02,2.729510329663753510e-02,-2.224700525403022766e-02,2.705600811168551445e-03,-3.165357280522584915e-03,2.287317812442779541e-02,-3.035151213407516479e-02,-1.109868660569190979e-02,1.171315321698784828e-03,8.428029250353574753e-04,8.343980647623538971e-03,2.302446868270635605e-03,-3.023513779044151306e-02,-2.551277354359626770e-02,-1.657390268519520760e-03,-2.471420215442776680e-03,6.386812776327133179e-02,2.075471216812729836e-03,3.049936844035983086e-03,-2.040552161633968353e-02,-1.937877619639039040e-03,1.056915521621704102e-02,-1.245680637657642365e-02,1.147525664418935776e-02,9.758081287145614624e-04,-1.322493917541578412e-04,-1.366446539759635925e-02,3.808769956231117249e-02,1.213820651173591614e-02,3.897549211978912354e-02,-3.225478157401084900e-02,9.331350884167477489e-05,-1.010825298726558685e-02,-2.954364567995071411e-02,-1.089685503393411636e-02,1.660359278321266174e-02,-5.676059424877166748e-02,-5.094459280371665955e-03,9.610898792743682861e-02,9.568398818373680115e-03,9.787947637960314751e-04,-3.702215477824211121e-02,-3.185065090656280518e-02,-1.356684695929288864e-02,2.854882180690765381e-02,-3.235413879156112671e-02,-5.563398450613021851e-02,1.179783698171377182e-02,-1.993581280112266541e-02,3.565257042646408081e-02,3.503794595599174500e-02,-2.630387619137763977e-02,9.867021813988685608e-03,-6.280277669429779053e-02,-1.742684864439070225e-03,-2.966656349599361420e-02
1.758866570889949799e-02,1.277559809386730194e-02,-1.064842939376831055e-01,3.970356658101081848e-02,4.317332431674003601e-02,-3.544417396187782288e-02,4.270267207175493240e-03,1.115314662456512451e-02,1.757597364485263824e-02,2.205788530409336090e-02,2.259992621839046478e-02,-2.741103060543537140e-02,6.930624693632125854e-02,5.066420882940292358e-02,8.810317516326904297e-02,7.052651047706604004e-02,7.181054446846246719e-03,7.623761892318725586e-02,-1.368364132940769196e-02,-4.697847738862037659e-02,-2.531950734555721283e-02,9.291864186525344849e-02,6.757353991270065308e-02,-1.379790809005498886e-02,7.995382882654666901e-03,1.119355857372283936e-01,-9.195325523614883423e-02,-3.951872885227203369e-02,5.707859992980957031e-02,-1.877105049788951874e-02,-4.803651478141546249e-03,-1.166447624564170837e-01,8.541408926248550415e-02,4.588972777128219604e-02,3.112973645329475403e-03,-9.159917384386062622e-02,2.370956121012568474e-03,1.819485798478126526e-02,-6.997194141149520874e-02,-9.372805804014205933e-02,1.043101996183395386e-01,3.767988644540309906e-03,7.414740324020385742e-02,1.032274216413497925e-02,-8.052010089159011841e-03,-1.190872266888618469e-01,-1.019525080919265747e-01,-2.254061959683895111e-02,-4.910392686724662781e-03,6.119500845670700073e-03,-1.598433405160903931e-02,2.099776268005371094e-02,2.568465191870927811e-03,5.614136345684528351e-03,1.556243095546960831e-02,-7.976938784122467041e-02,1.804589666426181793e-02,8.991467766463756561e-03,-8.491314947605133057e-02,-4.175152629613876343e-02,-4.671239759773015976e-03,2.412727661430835724e-02,7.213495206087827682e-03,8.731378614902496338e-02,1.000473741441965103e-02,-1.836549304425716400e-02,4.037370905280113220e-02,1.034628674387931824e-01,-9.532728046178817749e-02,2.318940497934818268e-02,-6.715469062328338623e-02,-3.706654300913214684e-03,-1.850019209086894989e-02,9.629327058792114258e-02,-3.874592483043670654e-02,-8.109413832426071167e-02,-5.584107711911201477e-03,1.240288242697715759e-01,-2.884493395686149597e-02,-8.821171522140502930e-02,1.081315577030181885e-01,2.965425839647650719e-03,-6.065609678626060486e-02,4.255238920450210571e-03,-9.199087321758270264e-02,-9.195577353239059448e-02,6.770617514848709106e-02,5.300062708556652069e-03,7.842570543289184570e-02,7.734220474958419800e-03,-2.421750314533710480e-02,-3.682605549693107605e-02,-8.515955507755279541e-02,3.108905442059040070e-02,-6.941705197095870972e-02,3.517470322549343109e-03,7.051605731248855591e-02,-4.882330540567636490e-04,-6.615810841321945190e-02,6.869437545537948608e-02,3.287915140390396118e-03,6.232468783855438232e-02,-9.702891111373901367e-02,-8.096096105873584747e-03,1.145338192582130432e-01,1.622991636395454407e-02,-7.807190716266632080e-02,-7.093365490436553955e-02,-4.170864820480346680e-02,-1.600872538983821869e-02,9.773166477680206299e-02,-3.476178646087646484e-02,-6.941385567188262939e-02,-6.099179852753877640e-03,8.540309965610504150e-02,-9.578838199377059937e-02,5.450443550944328308e-02,4.566012695431709290e-02,-1.270000487565994263e-01,2.347151748836040497e-02,8.948849141597747803e-02,1.033822074532508850e-01,9.466721862554550171e-02,-6.330367177724838257e-02,-8.062523603439331055e-02,-9.315390139818191528e-02,2.192188985645771027e-03,4.979767277836799622e-02
-6.800315529108047485e-02,4.565124958753585815e-02,-2.791147828102111816e-01,4.175112023949623108e-02,1.032357737421989441e-01,-5.252142250537872314e-02,-3.337166458368301392e-02,5.846439301967620850e-02,-1.609598472714424133e-02,2.259992621839046478e-02,1.500153690576553345e-01,-6.284888833761215210e-02,2.177005112171173096e-01,1.117749046534299850e-02,1.898979842662811279e-01,2.047794312238693237e-01,-7.295784889720380306e-04,1.909298598766326904e-01,-4.855727776885032654e-02,-1.383782774209976196e-01,1.974830478429794312e-01,2.510945200920104980e-01,1.870661377906799316e-01,5.806939303874969482e-02,6.517247296869754791e-03,3.090384602546691895e-01,-2.648197114467620850e-01,-1.544522047042846680e-01,2.728948593139648438e-01,-2.184643782675266266e-02,4.620025306940078735e-02,-2.052707225084304810e-01,9.603904932737350464e-02,1.749930679798126221e-01,1.160103856818750501e-04,-2.428779602050781250e-01,2.506687073037028313e-03,5.392410978674888611e-02,-1.935282200574874878e-01,-9.929486364126205444e-02,1.985831409692764282e-01,-5.599928647279739380e-02,2.772647440433502197e-01,2.736132219433784485e-02,2.286089397966861725e-02,-2.344605624675750732e-01,-2.714594602584838867e-01,-3.371574915945529938e-03,-6.101606041193008423e-02,-3.717920556664466858e-02,2.930075675249099731e-02,4.289044532924890518e-03,-4.395856708288192749e-02,2.913073636591434479e-02,-6.716990470886230469e-02,-2.178591340780258179e-01,6.479357928037643433e-02,3.080816380679607391e-02,-1.963366121053695679e-01,-7.705198228359222412e-02,7.624880224466323853e-02,-2.126509882509708405e-02,6.557573098689317703e-03,3.065195493400096893e-02,4.103758931159973145e-02,-4.511047527194023132e-02,1.224101558327674866e-01,2.272398471832275391e-01,-2.714453935623168945e-01,6.144275516271591187e-02,-1.345408558845520020e-01,-1.004950478672981262e-01,-3.331791609525680542e-02,2.272104769945144653e-01,-5.526333302259445190e-02,-1.320009678602218628e-01,-1.527340710163116455e-02,2.785654366016387939e-01,8.968865871429443359e-02,-1.911143809556961060e-01,1.765388250350952148e-01,6.327432114630937576e-03,-1.915948092937469482e-01,9.620163589715957642e-03,-1.062350496649742126e-01,-2.829166054725646973e-01,1.804907768964767456e-01,2.250493504106998444e-02,1.636037975549697876e-01,1.400237530469894409e-02,-5.926985293626785278e-02,-2.013489417731761932e-02,-1.674969941377639771e-01,4.228624328970909119e-02,-1.373500525951385498e-01,2.577216550707817078e-02,1.561289578676223755e-01,-9.187692776322364807e-04,-1.892265379428863525e-01,6.307516992092132568e-02,-9.203623048961162567e-03,1.020981371402740479e-01,-1.997658610343933105e-01,-2.317164465785026550e-02,2.783767879009246826e-01,-7.555584609508514404e-02,-5.584271997213363647e-02,-2.132100313901901245e-01,-1.750341802835464478e-02,-3.550264239311218262e-02,7.731436192989349365e-02,-6.208621896803379059e-03,-1.906419992446899414e-01,-4.888667259365320206e-03,2.744155526161193848e-01,-2.471483647823333740e-01,1.189802065491676331e-01,1.610887497663497925e-01,-2.025964707136154175e-01,2.235233224928379059e-02,2.352383732795715332e-01,2.098906487226486206e-01,1.855301856994628906e-01,-1.251301914453506470e-01,-2.495543956756591797e-01,-1.166860535740852356e-01,3.455166006460785866e-03,1.042262241244316101e-01
-2.248037420213222504e-02,-3.083069063723087311e-02,2.185895293951034546e-01,-9.762433171272277832e-02,-9.189320355653762817e-02,3.145152702927589417e-02,2.846402302384376526e-02,-7.923222333192825317e-02,-3.526241751387715340e-03,-2.741103060543537140e-02,-6.284888833761215210e-02,5.744484439492225647e-02,-1.545988917350769043e-01,-9.249826520681381226e-02,-1.755523681640625000e-01,-1.514436453580856323e-01,-5.635501816868782043e-03,-1.695415079593658447e-01,2.941486984491348267e-02,8.723565191030502319e-02,-1.918666623532772064e-02,-2.019908577203750610e-01,-1.493033319711685181e-01,1.134475041180849075e-02,-1.419137232005596161e-02,-2.129703015089035034e-01,1.916309595108032227e-01,1.079920455813407898e-01,-1.570722162723541260e-01,3.110006824135780334e-02,-2.304498804733157158e-03,2.049716860055923462e-01,-1.364561915397644043e-01,-1.078693121671676636e-01,-3.021179232746362686e-03,1.955951452255249023e-01,-8.423961699008941650e-03,-3.931867331266403198e-02,1.399640142917633057e-01,1.784577667713165283e-01,-1.853641420602798462e-01,1.073971297591924667e-02,-1.903719753026962280e-01,-2.243300341069698334e-02,-2.945707552134990692e-02,1.982936710119247437e-01,2.052515447139739990e-01,4.251458495855331421e-02,4.079974070191383362e-02,-3.703815629705786705e-03,-7.000034675002098083e-03,-1.412228494882583618e-02,-8.982601575553417206e-03,3.038788028061389923e-02,-6.781634874641895294e-03,1.761854887008666992e-01,-5.107165873050689697e-02,-2.179585956037044525e-02,1.551703214645385742e-01,8.260650932788848877e-02,-2.522474527359008789e-02,-2.063677459955215454e-02,-1.210901513695716858e-02,-8.430349081754684448e-02,-2.119234204292297363e-02,3.468880802392959595e-02,-8.931346982717514038e-02,-2.071073353290557861e-01,2.034406960010528564e-01,-3.730171546339988708e-02,1.299387812614440918e-01,4.123334214091300964e-02,4.022875055670738220e-02,-1.831798106431961060e-01,6.540876626968383789e-02,1.405285745859146118e-01,9.554851800203323364e-03,-2.278174310922622681e-01,3.991690278053283691e-02,1.854205876588821411e-01,-2.033577561378479004e-01,-5.709857214242219925e-03,1.351141780614852905e-01,-9.677570313215255737e-03,1.546206474304199219e-01,1.839739382266998291e-01,-1.203814446926116943e-01,-1.445067860186100006e-02,-1.167250499129295349e-01,-1.136268489062786102e-02,4.083763062953948975e-02,6.054971739649772644e-02,1.664405018091201782e-01,-5.170998349785804749e-02,1.247249618172645569e-01,-3.890663851052522659e-03,-1.431666314601898193e-01,8.723852806724607944e-04,1.367693692445755005e-01,-1.123562678694725037e-01,-5.505209788680076599e-03,-8.320370316505432129e-02,1.805680543184280396e-01,1.721546426415443420e-02,-2.179326862096786499e-01,-1.862986385822296143e-02,1.132007241249084473e-01,1.679513454437255859e-01,1.858727820217609406e-02,2.693818509578704834e-02,-1.651424467563629150e-01,3.610508143901824951e-02,1.633977890014648438e-01,3.817731142044067383e-02,-2.079975008964538574e-01,1.906166374683380127e-01,-1.077311262488365173e-01,-1.028956696391105652e-01,2.252572774887084961e-01,-3.802329301834106445e-02,-1.636588871479034424e-01,-1.845444589853286743e-01,-1.702873110771179199e-01,1.021138504147529602e-01,1.737313419580459595e-01,1.396401077508926392e-01,-7.509897695854306221e-04,-1.115367710590362549e-01
