9.242970347404479980e-01,-3.473751544952392578e-01,-1.314581185579299927e-02,2.582798898220062256e-02,-4.005744755268096924e-01,-6.584285199642181396e-02,1.554884463548660278e-01,3.149492144584655762e-01,5.300068855285644531e-01,-3.959052264690399170e-01,3.625110983848571777e-01,3.943345546722412109e-01,-1.899394840002059937e-01,6.918833851814270020e-01,-1.299737989902496338e-01,-1.026987656950950623e-01,-4.649857580661773682e-01,1.079358831048011780e-01,6.312496662139892578e-01,4.823338091373443604e-01,-5.388972163200378418e-01,-4.625211358070373535e-01,3.806233108043670654e-01,2.563815414905548096e-01,-4.321092963218688965e-01,-7.333459258079528809e-01,2.807123064994812012e-01,-4.120061099529266357e-01,-4.774455726146697998e-01,-5.692548155784606934e-01,-1.779645085334777832e-01,-1.422906219959259033e-01,-1.555783748626708984e-01,-4.295227825641632080e-01,1.542246192693710327e-01,-6.269891262054443359e-01,3.918621838092803955e-01,-3.823030889034271240e-01,-3.901402652263641357e-01,2.377885431051254272e-01,-4.037247300148010254e-01,-2.039465457201004028e-01,-6.067157164216041565e-02,-3.453307747840881348e-01,-5.844589695334434509e-02,9.696059860289096832e-03,5.563630461692810059e-01,-3.307497501373291016e-01,-4.737339615821838379e-01,2.905949056148529053e-01,2.836935818195343018e-01,-1.859640777111053467e-01,2.424057573080062866e-01,-7.456350326538085938e-02,6.501060724258422852e-02,1.178954541683197021e-01,-4.944083392620086670e-01,-3.115560412406921387e-01,-4.159772098064422607e-01,-5.916151404380798340e-02,-7.464489340782165527e-02,4.467305243015289307e-01,-9.092739224433898926e-02,-3.648144304752349854e-01,-1.233126446604728699e-01,4.872309863567352295e-01,2.759210765361785889e-01,2.263816297054290771e-01,2.425197809934616089e-01,1.800791770219802856e-01,3.306280672550201416e-01,-7.099940776824951172e-01,3.222630620002746582e-01,3.048056066036224365e-01,2.683561742305755615e-01,-2.345662191510200500e-02,2.249434888362884521e-01,-4.575150907039642334e-01,-2.815542221069335938e-01,-4.578877389430999756e-01,-5.538183450698852539e-01,-8.657907694578170776e-02,-1.241025030612945557e-01,-3.782140016555786133e-01,-2.963005192577838898e-02,1.391338557004928589e-01,1.340761035680770874e-01,-4.270668327808380127e-01,-2.532422840595245361e-01,4.227885603904724121e-01,3.468122780323028564e-01,2.624779641628265381e-01,-3.924127817153930664e-01,9.630878269672393799e-02,5.952028036117553711e-01,-7.643558382987976074e-01,3.862871527671813965e-01,3.094138205051422119e-02,-2.734791934490203857e-01,3.754302263259887695e-01,5.388661026954650879e-01,2.487498708069324493e-02,-3.786209523677825928e-01,-1.802704483270645142e-01,-4.443337619304656982e-01,-2.275898307561874390e-01,3.609360754489898682e-01,5.105156302452087402e-01,3.413847684860229492e-01,4.633842110633850098e-01,3.861276805400848389e-01,-2.079322338104248047e-01,-6.769166141748428345e-02,1.842429786920547485e-01,-5.258430242538452148e-01,-4.289747774600982666e-01,4.366143047809600830e-01,-4.681965708732604980e-01,-2.794514298439025879e-01,-4.556666910648345947e-01,-5.237783193588256836e-01,3.971318006515502930e-01,3.251494467258453369e-01,6.310485303401947021e-02,3.801578283309936523e-01,-9.792311489582061768e-02,4.413001835346221924e-01,2.428900450468063354e-01
-3.473751544952392578e-01,3.684488534927368164e-01,-2.527050375938415527e-01,-3.804241716861724854e-01,5.739266872406005859e-01,1.202439516782760620e-01,-4.294692873954772949e-01,3.000729978084564209e-01,-5.486139059066772461e-01,1.322227567434310913e-01,-4.777570962905883789e-01,-4.899359643459320068e-01,3.960164487361907959e-01,-5.960177183151245117e-01,5.362786054611206055e-01,1.802073568105697632e-01,4.830680787563323975e-01,-4.255225956439971924e-01,-4.960947632789611816e-01,-9.044930338859558105e-02,4.180499017238616943e-01,4.266584515571594238e-01,-5.430888533592224121e-01,-5.654742121696472168e-01,4.462823271751403809e-01,1.333400700241327286e-02,-1.550891250371932983e-01,5.312454700469970703e-01,-2.508311532437801361e-02,2.904598712921142578e-01,-1.173587888479232788e-01,2.378697246313095093e-01,4.358659088611602783e-01,4.442199766635894775e-01,-1.875017732381820679e-01,3.919766247272491455e-01,-4.600792527198791504e-01,4.183264970779418945e-01,4.610770940780639648e-01,-4.235904812812805176e-01,4.142660498619079590e-01,4.238002300262451172e-01,-2.453588098287582397e-01,3.316664993762969971e-01,5.126816630363464355e-01,-3.599751591682434082e-01,-6.501486301422119141e-01,4.733881652355194092e-01,5.293093919754028320e-01,-4.609987139701843262e-01,-1.313990354537963867e-01,5.230324864387512207e-01,-3.719105720520019531e-01,-2.967320680618286133e-01,-7.006984204053878784e-02,4.605396650731563568e-03,5.922521948814392090e-01,4.116728305816650391e-01,6.105092167854309082e-01,1.965255290269851685e-01,2.445084154605865479e-01,-4.057346284389495850e-01,1.566030830144882202e-01,2.845851182937622070e-01,3.957392573356628418e-01,-4.726126492023468018e-01,-3.101262450218200684e-01,-3.869226574897766113e-01,-3.874008655548095703e-01,-1.795997768640518188e-01,-5.462202429771423340e-01,2.813830971717834473e-01,-5.252355933189392090e-01,-4.006979167461395264e-01,-4.258145093917846680e-01,2.113354802131652832e-01,-2.424871772527694702e-01,4.901490807533264160e-01,-1.063797548413276672e-01,4.450662434101104736e-01,3.028002381324768066e-01,1.140911132097244263e-01,3.678227066993713379e-01,4.368126392364501953e-01,2.854712605476379395e-01,1.942219957709312439e-02,-1.453189700841903687e-01,4.530426263809204102e-01,5.665193796157836914e-01,-4.527813792228698730e-01,-2.562735378742218018e-01,-4.731705486774444580e-01,5.761098861694335938e-01,-2.217063754796981812e-01,-5.278869867324829102e-01,6.118178367614746094e-01,-2.802058756351470947e-01,-3.894775360822677612e-02,-1.192812025547027588e-01,-3.258084952831268311e-01,-4.084705710411071777e-01,2.294113188982009888e-01,2.970242500305175781e-01,1.403515338897705078e-01,5.097522139549255371e-01,4.887877404689788818e-01,-2.893852889537811279e-01,-5.015205144882202148e-01,-5.227406024932861328e-01,-4.690663516521453857e-01,-2.045809626579284668e-01,4.633196890354156494e-01,8.582907170057296753e-02,-3.835001885890960693e-01,5.454553365707397461e-01,3.822948038578033447e-02,-6.587793827056884766e-01,5.594093203544616699e-01,-3.108452260494232178e-01,4.360908269882202148e-01,-3.708027675747871399e-02,-1.937471926212310791e-01,-5.720736980438232422e-01,-1.707597523927688599e-01,6.870925426483154297e-02,-2.606950700283050537e-01,-5.165357589721679688e-01,-1.369768828153610229e-01
-1.314581185579299927e-02,-2.527050375938415527e-01,8.641656041145324707e-01,2.172492444515228271e-02,-4.997227787971496582e-01,-6.760987639427185059e-01,6.295034289360046387e-01,-4.997284710407257080e-01,4.322468340396881104e-01,-1.923718154430389404e-01,6.682420969009399414e-01,3.035560250282287598e-01,-7.606755495071411133e-01,4.973495900630950928e-01,-3.763477206230163574e-01,-5.271657109260559082e-01,-3.667498230934143066e-01,-6.113523617386817932e-02,5.340479016304016113e-01,-1.145429238677024841e-01,2.592100799083709717e-01,-6.648899912834167480e-01,2.863788791000843048e-02,5.634801387786865234e-01,-5.647366046905517578e-01,2.692706286907196045e-01,5.059668421745300293e-01,-6.929207593202590942e-02,5.254258587956428528e-02,1.141360029578208923e-01,4.653024971485137939e-01,3.133392930030822754e-01,-5.779098868370056152e-01,-4.588533565402030945e-02,-1.636344194412231445e-01,-2.423902750015258789e-01,2.948983609676361084e-01,-4.785631000995635986e-01,-6.638149619102478027e-01,7.161715030670166016e-01,1.335159391164779663e-01,-3.876060843467712402e-01,-3.067033290863037109e-01,-4.175751209259033203e-01,-1.910676807165145874e-01,-1.040221154689788818e-01,3.960710167884826660e-01,-3.577314317226409912e-01,-3.218347430229187012e-01,7.786478847265243530e-02,-4.778367578983306885e-01,-6.336075663566589355e-01,-1.350169628858566284e-01,1.903162300586700439e-01,-1.915844678878784180e-01,5.173669457435607910e-01,-5.119484066963195801e-01,-3.027711510658264160e-01,-5.490592718124389648e-01,-2.576401531696319580e-01,3.861910104751586914e-01,-1.187240481376647949e-01,-2.393843084573745728e-01,3.859235644340515137e-01,2.108358889818191528e-01,4.861238300800323486e-01,1.242997869849205017e-02,-1.754882782697677612e-01,-6.821515411138534546e-02,5.075817704200744629e-01,6.777275204658508301e-01,-1.722824871540069580e-01,4.094844758510589600e-01,7.191855907440185547e-01,3.962807655334472656e-01,2.294664382934570312e-01,1.645985096693038940e-01,8.641300350427627563e-02,6.644962430000305176e-01,2.616807520389556885e-01,-5.273145437240600586e-01,-3.856609761714935303e-02,-1.288532912731170654e-01,-4.994118213653564453e-01,2.918319106101989746e-01,-7.277369499206542969e-01,6.154769062995910645e-01,-6.090877056121826172e-01,-1.803257912397384644e-01,5.770310163497924805e-01,1.438820809125900269e-01,6.580940485000610352e-01,-2.701324820518493652e-01,-4.192808270454406738e-01,1.921540945768356323e-01,-2.849198579788208008e-01,2.351076006889343262e-01,4.464245215058326721e-02,-1.877442002296447754e-01,-3.516489863395690918e-01,2.214181423187255859e-01,3.671336472034454346e-01,1.005442216992378235e-01,2.450774461030960083e-01,-6.574717760086059570e-01,-5.432869791984558105e-01,6.359110474586486816e-01,4.670105278491973877e-01,-1.201489493250846863e-01,5.289012789726257324e-01,-4.451707899570465088e-01,-1.587960273027420044e-01,-1.422649770975112915e-01,6.138260960578918457e-01,-6.115038394927978516e-01,2.167718261480331421e-01,4.077496528625488281e-01,-5.989317297935485840e-01,1.601124927401542664e-02,-4.819033741950988770e-01,6.066548079252243042e-02,6.035584807395935059e-01,3.474577665328979492e-01,4.944096505641937256e-01,3.377670943737030029e-01,-9.195823222398757935e-02,4.445121884346008301e-01,-5.883392691612243652e-01
2.582798898220062256e-02,-3.804241716861724854e-01,2.172492444515228271e-02,8.925654888153076172e-01,-3.184533715248107910e-01,3.931615650653839111e-01,4.078751206398010254e-01,-5.855131149291992188e-01,3.570955395698547363e-01,2.036087661981582642e-01,8.398321270942687988e-02,6.288458108901977539e-01,-5.458323284983634949e-03,1.784294098615646362e-01,-6.373733282089233398e-01,8.939141035079956055e-02,-4.532073736190795898e-01,8.856545090675354004e-01,1.047030836343765259e-01,-4.126036167144775391e-01,-6.725590825080871582e-01,5.848978087306022644e-02,7.827686667442321777e-01,5.807934403419494629e-01,-2.117268890142440796e-01,1.803946048021316528e-01,-4.956052601337432861e-01,-8.001534938812255859e-01,5.402945280075073242e-01,-4.937524795532226562e-01,-6.063095852732658386e-02,-5.321387052536010742e-01,-4.294977784156799316e-01,-7.005636096000671387e-01,5.043875575065612793e-01,-8.580131828784942627e-02,4.447093307971954346e-01,-3.289363086223602295e-01,-1.000607684254646301e-01,4.597984626889228821e-02,-6.949222683906555176e-01,-3.950895965099334717e-01,8.491668701171875000e-01,-2.180956006050109863e-01,-8.527064323425292969e-01,8.803851604461669922e-01,4.530708193778991699e-01,-6.202341914176940918e-01,-3.792752325534820557e-01,8.356687426567077637e-01,5.813651680946350098e-01,-4.780711233615875244e-01,6.933881044387817383e-01,7.767733335494995117e-01,7.936873286962509155e-02,-5.961368680000305176e-01,-4.457794427871704102e-01,-5.926836729049682617e-01,-5.496724247932434082e-01,-2.006180435419082642e-01,-7.616136670112609863e-01,6.914047598838806152e-01,-1.302753835916519165e-01,-6.586399674415588379e-01,-8.529176712036132812e-01,3.004743158817291260e-01,7.120516896247863770e-01,8.373650312423706055e-01,7.765475511550903320e-01,2.033587247133255005e-01,2.675974071025848389e-01,6.050086021423339844e-02,6.044995784759521484e-01,-8.454796671867370605e-02,5.349823832511901855e-01,-8.170687556266784668e-01,2.948861420154571533e-01,-7.274139523506164551e-01,-6.333820521831512451e-02,-6.519397497177124023e-01,2.017130851745605469e-01,-2.184716761112213135e-01,-7.573426961898803711e-01,-3.569592833518981934e-01,-8.297132253646850586e-01,2.818430066108703613e-01,-1.028623580932617188e-01,-1.788416206836700439e-01,-7.764291763305664062e-01,6.123021990060806274e-02,-1.163277551531791687e-01,1.529286801815032959e-01,-5.434423089027404785e-01,7.568535804748535156e-01,5.130138397216796875e-01,-2.926221191883087158e-01,3.880079090595245361e-01,4.362991824746131897e-02,7.417485117912292480e-01,6.658021211624145508e-01,4.567320942878723145e-01,-7.801100611686706543e-01,-4.793774783611297607e-01,-4.341818392276763916e-01,-1.013008579611778259e-01,-3.805733621120452881e-01,-2.691200077533721924e-01,3.007431328296661377e-01,7.459205389022827148e-01,2.541693747043609619e-01,2.859551906585693359e-01,-5.721253752708435059e-01,2.688550949096679688e-01,3.901790827512741089e-02,-1.781330630183219910e-02,-2.383436821401119232e-02,6.610682606697082520e-01,-4.702441394329071045e-01,8.108069896697998047e-01,-3.067325055599212646e-01,6.175792813301086426e-01,-4.579072594642639160e-01,7.102914452552795410e-01,-2.329717278480529785e-01,-5.172511935234069824e-01,6.848690509796142578e-01,3.533281087875366211e-01,5.774219632148742676e-01
-4.005744755268096924e-01,5.739266872406005859e-01,-4.997227787971496582e-01,-3.184533715248107910e-01,9.339385628700256348e-01,4.571791887283325195e-01,-7.143608927726745605e-01,5.020694136619567871e-01,-8.080137372016906738e-01,3.932282924652099609e-01,-8.560742139816284180e-01,-7.022901773452758789e-01,7.642469406127929688e-01,-8.363660573959350586e-01,7.472292184829711914e-01,4.972146153450012207e-01,7.995074391365051270e-01,-2.953062951564788818e-01,-7.730875015258789062e-01,-3.373716399073600769e-02,2.334917187690734863e-01,7.669811844825744629e-01,-6.286768317222595215e-01,-7.923178672790527344e-01,7.656217217445373535e-01,-8.136744797229766846e-02,-4.252093136310577393e-01,5.360169410705566406e-01,-6.986799836158752441e-02,2.270263135433197021e-01,-4.088718295097351074e-01,7.043559569865465164e-03,7.520433664321899414e-01,4.182294011116027832e-01,-1.364957392215728760e-01,6.678200960159301758e-01,-7.793735861778259277e-01,7.793442010879516602e-01,7.883097529411315918e-01,-8.149580359458923340e-01,3.707897961139678955e-01,8.083727955818176270e-01,-9.709417819976806641e-02,6.961880326271057129e-01,5.600575208663940430e-01,-2.765848338603973389e-01,-8.660321235656738281e-01,7.042052745819091797e-01,8.529274463653564453e-01,-4.399407505989074707e-01,5.442715436220169067e-02,8.269549608230590820e-01,-3.724893927574157715e-01,-2.680796980857849121e-01,1.558987945318222046e-01,-2.550298273563385010e-01,8.433398008346557617e-01,6.637614965438842773e-01,7.983432412147521973e-01,3.945777416229248047e-01,5.826163291931152344e-02,-3.357747793197631836e-01,3.575456142425537109e-01,1.585213840007781982e-01,2.841402888298034668e-01,-8.105704188346862793e-01,-2.939654886722564697e-01,-2.845373749732971191e-01,-3.036642968654632568e-01,-3.711102008819580078e-01,-8.921390175819396973e-01,5.223823189735412598e-01,-7.398949265480041504e-01,-7.770244479179382324e-01,-7.316197752952575684e-01,9.467478096485137939e-02,-4.292550683021545410e-01,4.727049469947814941e-01,-4.881189167499542236e-01,3.072545826435089111e-01,6.310182213783264160e-01,1.646761000156402588e-01,4.337920844554901123e-01,7.913433313369750977e-01,4.281292110681533813e-02,3.184478580951690674e-01,-5.086531043052673340e-01,8.061460256576538086e-01,6.727455258369445801e-01,-8.303681612014770508e-01,-5.183485746383666992e-01,-8.620943427085876465e-01,7.744241356849670410e-01,4.726507514715194702e-02,-7.462246417999267578e-01,7.794926166534423828e-01,-3.549847006797790527e-01,-7.799657434225082397e-02,1.310581415891647339e-01,-5.037900432944297791e-02,-6.120874285697937012e-01,8.978618308901786804e-03,2.430620342493057251e-01,2.294561639428138733e-02,8.523462414741516113e-01,7.780863046646118164e-01,-6.650944352149963379e-01,-8.105649352073669434e-01,-4.771714806556701660e-01,-8.076853752136230469e-01,2.711612917482852936e-02,6.324136257171630859e-01,3.057811260223388672e-01,-7.586433291435241699e-01,8.562409281730651855e-01,1.150940805673599243e-01,-8.163461685180664062e-01,7.381762862205505371e-01,-3.203560113906860352e-01,7.611887454986572266e-01,-2.792481519281864166e-02,-5.096600651741027832e-01,-7.626923918724060059e-01,-5.378418564796447754e-01,-8.197394758462905884e-02,-1.739675104618072510e-01,-8.705582618713378906e-01,1.642959266901016235e-01
-6.584285199642181396e-02,1.202439516782760620e-01,-6.760987639427185059e-01,3.931615650653839111e-01,4.571791887283325195e-01,9.562185406684875488e-01,-4.492428004741668701e-01,2.112205773591995239e-01,-4.334936738014221191e-01,4.376501142978668213e-01,-7.190306782722473145e-01,-1.054230183362960815e-01,7.788515686988830566e-01,-5.305721163749694824e-01,1.259218156337738037e-01,5.654237270355224609e-01,2.889354526996612549e-01,4.345147609710693359e-01,-5.896952152252197266e-01,-1.734290719032287598e-01,-4.954422712326049805e-01,7.643240094184875488e-01,2.065114080905914307e-01,-3.466059863567352295e-01,5.671597719192504883e-01,-2.106272131204605103e-01,-7.748758196830749512e-01,-1.992981433868408203e-01,2.987133860588073730e-01,-3.482187688350677490e-01,-4.379532337188720703e-01,-5.650035738945007324e-01,4.328898787498474121e-01,-1.822016984224319458e-01,3.387392163276672363e-01,3.328511118888854980e-01,-2.216413021087646484e-01,4.376811981201171875e-01,6.842486858367919922e-01,-7.698308825492858887e-01,-4.496166408061981201e-01,3.410235941410064697e-01,6.598833799362182617e-01,4.392182230949401855e-01,-1.338185220956802368e-01,4.508162438869476318e-01,-2.475817799568176270e-01,1.458467841148376465e-01,2.589385807514190674e-01,2.357939481735229492e-01,7.640192508697509766e-01,4.466862380504608154e-01,4.162080883979797363e-01,1.498172432184219360e-01,3.287394344806671143e-01,-7.971227169036865234e-01,3.811396658420562744e-01,1.041868701577186584e-01,3.438155651092529297e-01,2.230906635522842407e-01,-6.420499682426452637e-01,3.826199769973754883e-01,2.367150783538818359e-01,-5.601410269737243652e-01,-5.430510044097900391e-01,-4.496303796768188477e-01,2.646899819374084473e-01,4.521536529064178467e-01,3.890275061130523682e-01,-4.360366463661193848e-01,-6.291007399559020996e-01,3.033120632171630859e-01,-2.336623370647430420e-01,-8.229666948318481445e-01,-1.957190483808517456e-01,-5.145496726036071777e-01,-8.880219608545303345e-02,-2.974897027015686035e-01,-6.570530533790588379e-01,-4.843643307685852051e-01,7.098014354705810547e-01,-3.909033164381980896e-02,-1.499207913875579834e-01,4.280079901218414307e-01,-6.662172675132751465e-01,8.317651748657226562e-01,-6.916660666465759277e-01,6.090924143791198730e-01,-1.330879181623458862e-01,-6.368896961212158203e-01,-3.187907636165618896e-01,-6.720989346504211426e-01,1.803185194730758667e-01,7.179043292999267578e-01,-1.232638210058212280e-01,2.383151799440383911e-01,-1.099684610962867737e-01,-3.617549315094947815e-02,5.814496874809265137e-01,6.388436555862426758e-01,-1.703849434852600098e-01,-6.991991400718688965e-01,-3.211834132671356201e-01,-4.463050067424774170e-01,7.118395566940307617e-01,5.356722474098205566e-01,-8.358110189437866211e-01,-4.923345446586608887e-01,3.776584267616271973e-01,-5.062264204025268555e-01,5.758391618728637695e-01,-8.841738104820251465e-02,3.103296458721160889e-01,-5.987847447395324707e-01,6.981871724128723145e-01,1.905046030879020691e-02,-1.995313167572021484e-01,3.570740222930908203e-01,2.854334115982055664e-01,4.464155733585357666e-01,3.070835173130035400e-01,-8.529789447784423828e-01,-8.695679903030395508e-02,-6.024035215377807617e-01,-5.682363510131835938e-01,4.307693839073181152e-01,-3.996543288230895996e-01,8.061453104019165039e-01
1.554884463548660278e-01,-4.294692873954772949e-01,6.295034289360046387e-01,4.078751206398010254e-01,-7.143608927726745605e-01,-4.492428004741668701e-01,9.416651129722595215e-01,-6.779664158821105957e-01,6.468164920806884766e-01,-2.629460990428924561e-01,7.987138032913208008e-01,6.698397994041442871e-01,-8.404476046562194824e-01,7.143425345420837402e-01,-6.063895821571350098e-01,-4.580695331096649170e-01,-6.898814439773559570e-01,2.847005128860473633e-01,6.998873949050903320e-01,-3.435126841068267822e-01,-5.103830993175506592e-02,-6.626560688018798828e-01,4.982783794403076172e-01,8.829717636108398438e-01,-8.363693952560424805e-01,1.841368675231933594e-01,2.448824644088745117e-01,-5.226757526397705078e-01,3.909016549587249756e-01,-3.678351640701293945e-01,2.324401438236236572e-01,2.613772153854370117e-01,-8.751685619354248047e-01,-3.806931376457214355e-01,8.227856457233428955e-02,-2.875072956085205078e-01,5.350936651229858398e-01,-6.997748017311096191e-01,-8.446391820907592773e-01,7.815342545509338379e-01,-2.134293466806411743e-01,-6.287959218025207520e-01,1.118253767490386963e-01,-5.887100696563720703e-01,-5.438301563262939453e-01,3.163453936576843262e-01,6.189748048782348633e-01,-7.681275606155395508e-01,-5.896448493003845215e-01,4.915292859077453613e-01,-2.718992065638303757e-03,-8.869331479072570801e-01,1.802192032337188721e-01,4.539226591587066650e-01,-4.355326890945434570e-01,2.300678342580795288e-01,-8.172189593315124512e-01,-6.351841092109680176e-01,-8.778043389320373535e-01,-3.258365988731384277e-01,-4.927788674831390381e-02,2.047076970338821411e-01,-3.445907533168792725e-01,-2.632624469697475433e-02,-1.799406409263610840e-01,7.775214314460754395e-01,4.088597595691680908e-01,2.575907409191131592e-01,3.825818002223968506e-01,7.171095609664916992e-01,8.537148237228393555e-01,-4.826690852642059326e-01,8.439785838127136230e-01,7.506112456321716309e-01,7.084743380546569824e-01,-2.623459398746490479e-01,3.493940532207489014e-01,-3.031885027885437012e-01,6.200921535491943359e-01,-4.030995070934295654e-02,-6.159573197364807129e-01,-1.592994481325149536e-01,-6.103636026382446289e-01,-7.880740761756896973e-01,-6.728872656822204590e-02,-5.990350842475891113e-01,7.223379611968994141e-01,-7.917129993438720703e-01,-5.368543863296508789e-01,6.374127268791198730e-01,3.513332828879356384e-02,8.003961443901062012e-01,-4.806339740753173828e-01,-1.112843453884124756e-01,6.415849328041076660e-01,-5.342104434967041016e-01,5.603334307670593262e-01,7.402552664279937744e-02,-1.620884984731674194e-02,-2.041619271039962769e-02,5.754979252815246582e-01,8.147364854812622070e-02,2.111026085913181305e-02,9.094970300793647766e-03,-8.149871826171875000e-01,-6.955202221870422363e-01,6.371497511863708496e-01,7.469840645790100098e-01,2.046376615762710571e-01,7.854524254798889160e-01,-4.456010758876800537e-01,-4.068826138973236084e-01,1.569205969572067261e-01,6.352514624595642090e-01,-6.887931823730468750e-01,-1.215102672576904297e-01,8.202658295631408691e-01,-7.899079918861389160e-01,3.484682142734527588e-01,-7.935389876365661621e-01,2.963812053203582764e-01,4.521581828594207764e-01,7.061904072761535645e-01,5.397952795028686523e-01,2.508791387081146240e-01,3.294978290796279907e-02,7.200465202331542969e-01,-2.690460085868835449e-01
3.149492144584655762e-01,3.000729978084564209e-01,-4.997284710407257080e-01,-5.855131149291992188e-01,5.020694136619567871e-01,2.112205773591995239e-01,-6.779664158821105957e-01,9.581054449081420898e-01,-3.898062407970428467e-01,-1.089890673756599426e-01,-4.630108773708343506e-01,-5.353874564170837402e-01,5.133473277091979980e-01,-2.646619677543640137e-01,7.070568799972534180e-01,3.382883071899414062e-01,4.747115373611450195e-01,-4.812143445014953613e-01,-2.381180822849273682e-01,6.170327067375183105e-01,6.370575726032257080e-02,3.202160596847534180e-01,-5.207676291465759277e-01,-7.362678647041320801e-01,4.393739402294158936e-01,-5.884637236595153809e-01,8.462311327457427979e-02,4.438663125038146973e-01,-6.553201675415039062e-01,3.354710713028907776e-02,-4.269162416458129883e-01,3.787487372756004333e-02,6.813191771507263184e-01,3.110119402408599854e-01,-1.772292703390121460e-01,7.968717068433761597e-02,-4.619895219802856445e-01,4.859542548656463623e-01,4.161986112594604492e-01,-5.385824441909790039e-01,3.001613020896911621e-01,6.082357764244079590e-01,-4.238201081752777100e-01,4.048279225826263428e-01,7.264514565467834473e-01,-5.322938561439514160e-01,-4.464835226535797119e-01,6.002100110054016113e-01,4.583435058593750000e-01,-5.090755820274353027e-01,3.670794889330863953e-02,7.468869090080261230e-01,-3.099139928817749023e-01,-6.910793781280517578e-01,2.117183804512023926e-01,6.375847011804580688e-02,5.305854082107543945e-01,5.551139712333679199e-01,6.178220510482788086e-01,3.327902555465698242e-01,2.278880476951599121e-01,-2.145541012287139893e-01,2.806663513183593750e-01,7.247023284435272217e-02,4.179228842258453369e-01,-4.243881404399871826e-01,-3.936423659324645996e-01,-4.005634784698486328e-01,-4.175251722335815430e-01,-4.357233941555023193e-01,-6.070919632911682129e-01,-1.029656231403350830e-01,-6.268435716629028320e-01,-3.756396770477294922e-01,-6.144385337829589844e-01,4.159054458141326904e-01,-2.834370136260986328e-01,2.792242169380187988e-01,-6.482656002044677734e-01,8.683813363313674927e-02,8.378443121910095215e-02,1.579592674970626831e-01,5.942758321762084961e-01,5.319666862487792969e-01,3.004204928874969482e-01,3.569645881652832031e-01,-3.807135820388793945e-01,4.394351243972778320e-01,6.186230778694152832e-01,-3.413929343223571777e-01,-2.942787483334541321e-02,-5.261368751525878906e-01,5.127674937248229980e-01,-1.668110191822052002e-01,-3.734072744846343994e-01,1.581143289804458618e-01,-2.324713170528411865e-01,-5.954184383153915405e-02,-3.888352811336517334e-01,1.961540430784225464e-02,-3.228375613689422607e-01,2.895028591156005859e-01,7.276002317667007446e-02,1.780150830745697021e-02,4.380119740962982178e-01,5.986016988754272461e-01,-1.870169490575790405e-01,-4.171235859394073486e-01,-3.345528542995452881e-01,-4.201536178588867188e-01,2.796456217765808105e-01,5.376995205879211426e-01,-6.686404347419738770e-03,-4.907415211200714111e-01,3.080829977989196777e-01,-2.008065134286880493e-01,-6.141725778579711914e-01,5.240870118141174316e-01,-7.369028925895690918e-01,4.316937327384948730e-01,-7.013358473777770996e-01,6.485971156507730484e-03,-6.619094610214233398e-01,-1.988345533609390259e-01,2.993574142456054688e-01,-4.172908067703247070e-01,-4.909856021404266357e-01,1.403801590204238892e-01
5.300068855285644531e-01,-5.486139059066772461e-01,4.322468340396881104e-01,3.570955395698547363e-01,-8.080137372016906738e-01,-4.334936738014221191e-01,6.468164920806884766e-01,-3.898062407970428467e-01,8.940082788467407227e-01,-3.783468008041381836e-01,7.896888852119445801e-01,7.416979074478149414e-01,-6.657975912094116211e-01,8.840407133102416992e-01,-6.693523526191711426e-01,-3.482656180858612061e-01,-7.926512360572814941e-01,3.951280117034912109e-01,8.283978104591369629e-01,1.417024135589599609e-01,-4.173405170440673828e-01,-7.407558560371398926e-01,6.427661180496215820e-01,8.030579686164855957e-01,-7.805288434028625488e-01,-4.873192682862281799e-02,3.572906851768493652e-01,-6.483961343765258789e-01,-9.414774179458618164e-02,-3.347893357276916504e-01,1.646217703819274902e-01,-1.167485788464546204e-01,-7.000589966773986816e-01,-6.152723431587219238e-01,2.578158676624298096e-01,-6.370175480842590332e-01,7.309551239013671875e-01,-7.464475035667419434e-01,-7.680225372314453125e-01,7.394211292266845703e-01,-3.635845184326171875e-01,-6.823241114616394043e-01,1.130072996020317078e-01,-6.512749195098876953e-01,-5.835095643997192383e-01,3.421553373336791992e-01,8.317071795463562012e-01,-7.091103196144104004e-01,-7.435027360916137695e-01,5.771576166152954102e-01,-1.346150320023298264e-02,-7.621580958366394043e-01,3.872223794460296631e-01,3.811039924621582031e-01,-8.854410797357559204e-02,1.821160018444061279e-01,-8.550353646278381348e-01,-6.689390540122985840e-01,-8.497136235237121582e-01,-3.514816462993621826e-01,-1.700809150934219360e-01,4.821378886699676514e-01,-3.092730939388275146e-01,-3.063232898712158203e-01,-3.161212503910064697e-01,7.960795164108276367e-01,4.564428925514221191e-01,4.236739873886108398e-01,3.683682084083557129e-01,4.730329215526580811e-01,8.355348706245422363e-01,-5.259472131729125977e-01,7.616144418716430664e-01,7.099437713623046875e-01,6.643465757369995117e-01,-2.111604362726211548e-01,4.043376743793487549e-01,-5.806961655616760254e-01,2.761333882808685303e-01,-4.090686142444610596e-01,-6.461476683616638184e-01,-1.817644089460372925e-01,-5.029310584068298340e-01,-7.530460953712463379e-01,-1.390670835971832275e-01,-2.887208759784698486e-01,4.427416622638702393e-01,-7.788855433464050293e-01,-6.255350112915039062e-01,7.258651256561279297e-01,3.842885792255401611e-01,7.602025270462036133e-01,-7.788177728652954102e-01,7.660758495330810547e-02,7.905727624893188477e-01,-8.047610521316528320e-01,5.233599543571472168e-01,7.312065362930297852e-02,-3.556668758392333984e-02,2.170195132493972778e-01,7.382847666740417480e-01,-5.886339768767356873e-02,-3.415357470512390137e-01,-1.211696341633796692e-01,-8.368592262268066406e-01,-8.263675570487976074e-01,6.119682788848876953e-01,8.519483804702758789e-01,4.910129010677337646e-01,7.848137617111206055e-01,4.244774207472801208e-02,-4.844421744346618652e-01,-1.480661481618881226e-01,5.318319797515869141e-01,-8.207628130912780762e-01,-3.213222920894622803e-01,8.492941856384277344e-01,-7.940909862518310547e-01,2.644614875316619873e-01,-7.619405388832092285e-01,-8.285355567932128906e-02,4.935846328735351562e-01,7.492020726203918457e-01,3.289408981800079346e-01,1.880803704261779785e-01,1.750733852386474609e-01,7.957695722579956055e-01,-2.024985104799270630e-02
-3.959052264690399170e-01,1.322227567434310913e-01,-1.923718154430389404e-01,2.036087661981582642e-01,3.932282924652099609e-01,4.376501142978668213e-01,-2.629460990428924561e-01,-1.089890673756599426e-01,-3.783468008041381836e-01,3.603287041187286377e-01,-5.317672491073608398e-01,-1.685357987880706787e-01,5.243265628814697266e-01,-5.847085118293762207e-01,7.884829491376876831e-02,1.618019193410873413e-01,2.777427136898040771e-01,2.257796525955200195e-01,-5.486756563186645508e-01,-2.372477352619171143e-01,-9.169509261846542358e-02,5.178353786468505859e-01,-6.170373409986495972e-02,-2.685517072677612305e-01,4.940958023071289062e-01,2.078389227390289307e-01,-4.287764728069305420e-01,4.928713664412498474e-02,2.806520462036132812e-01,9.487572312355041504e-02,-3.428822755813598633e-02,-2.712327837944030762e-01,3.066717684268951416e-01,2.943144366145133972e-02,7.905304431915283203e-02,3.029058873653411865e-01,-2.068843394517898560e-01,2.716766297817230225e-01,5.456367135047912598e-01,-4.956760108470916748e-01,-1.125716418027877808e-01,2.159154564142227173e-01,3.614363372325897217e-01,2.518731355667114258e-01,-9.534297883510589600e-02,2.136086821556091309e-01,-3.158752620220184326e-01,1.987552791833877563e-01,2.907091379165649414e-01,3.856660053133964539e-02,1.712224334478378296e-01,2.756533622741699219e-01,8.850578963756561279e-02,2.109118252992630005e-01,1.901324689388275146e-01,-3.701598942279815674e-01,3.789099752902984619e-01,1.171526089310646057e-01,3.450431823730468750e-01,8.580248802900314331e-02,-2.537951767444610596e-01,3.855804726481437683e-02,1.132944896817207336e-01,-6.945422291755676270e-02,-2.465549558401107788e-01,-3.991539776325225830e-01,3.056926652789115906e-02,1.411447674036026001e-01,1.404814869165420532e-01,-2.706400156021118164e-01,-4.571727514266967773e-01,5.596348643302917480e-01,-2.621521055698394775e-01,-5.718026757240295410e-01,-1.630568355321884155e-01,-2.474269568920135498e-01,-9.738668054342269897e-02,1.653818786144256592e-02,-2.136173099279403687e-01,-6.642409414052963257e-02,6.427995562553405762e-01,9.902647696435451508e-03,1.557630393654108047e-02,3.114760518074035645e-01,-3.441454768180847168e-01,3.624396026134490967e-01,-4.020859003067016602e-01,4.339076876640319824e-01,1.609194092452526093e-02,-4.218772053718566895e-01,-2.065970301628112793e-01,-4.486594498157501221e-01,1.763673126697540283e-01,3.767042756080627441e-01,-3.500055968761444092e-01,4.322467148303985596e-01,-2.070684731006622314e-01,-2.195098996162414551e-02,4.599257111549377441e-01,1.832355558872222900e-01,-2.443772256374359131e-01,-4.108930826187133789e-01,-7.237613946199417114e-02,-8.824308216571807861e-02,5.947041511535644531e-01,3.083174824714660645e-01,-6.496438980102539062e-01,-4.304148256778717041e-01,6.566739827394485474e-02,-4.132168889045715332e-01,1.816015243530273438e-01,-3.058774024248123169e-02,1.506129950284957886e-01,-2.963429391384124756e-01,5.756137371063232422e-01,2.844257056713104248e-01,-2.878004610538482666e-01,2.607846558094024658e-01,2.954831421375274658e-01,3.816122710704803467e-01,3.618916571140289307e-01,-6.110869050025939941e-01,-1.402827054262161255e-01,-4.342673122882843018e-01,-5.000888705253601074e-01,2.737659513950347900e-01,-3.452183604240417480e-01,2.804556787014007568e-01
3.625110983848571777e-01,-4.777570962905883789e-01,6.682420969009399414e-01,8.398321270942687988e-02,-8.560742139816284180e-01,-7.190306782722473145e-01,7.987138032913208008e-01,-4.630108773708343506e-01,7.896888852119445801e-01,-5.317672491073608398e-01,9.714398384094238281e-01,6.077722907066345215e-01,-9.483802914619445801e-01,8.893171548843383789e-01,-5.670616626739501953e-01,-6.402103304862976074e-01,-7.536775469779968262e-01,1.212044898420572281e-02,8.846355080604553223e-01,3.310741484165191650e-02,4.819246008992195129e-02,-9.134645462036132812e-01,3.792640268802642822e-01,7.937414646148681641e-01,-9.034268856048583984e-01,5.712042003870010376e-02,6.186473369598388672e-01,-3.428339064121246338e-01,1.929763588123023510e-03,-1.661151349544525146e-01,3.676726818084716797e-01,3.338429033756256104e-01,-8.034195899963378906e-01,-2.599745392799377441e-01,-4.229673370718955994e-02,-5.583367347717285156e-01,6.491721868515014648e-01,-8.091382980346679688e-01,-9.469726085662841797e-01,9.560430645942687988e-01,-6.579232215881347656e-02,-7.233912348747253418e-01,-2.217253893613815308e-01,-7.453821897506713867e-01,-3.388677239418029785e-01,1.710381358861923218e-02,7.329809665679931641e-01,-6.624073982238769531e-01,-7.218548655509948730e-01,2.623255252838134766e-01,-2.915546596050262451e-01,-8.421705961227416992e-01,4.873033240437507629e-02,1.535744965076446533e-01,-3.678925931453704834e-01,5.474037528038024902e-01,-8.487583994865417480e-01,-5.790240764617919922e-01,-8.114866018295288086e-01,-3.748348057270050049e-01,2.357120364904403687e-01,9.190799295902252197e-02,-3.903544247150421143e-01,1.225431188941001892e-01,6.253039836883544922e-02,8.651843070983886719e-01,1.875437647104263306e-01,3.779913857579231262e-02,1.025230064988136292e-01,6.172243952751159668e-01,9.512717127799987793e-01,-6.323339939117431641e-01,7.286075949668884277e-01,9.536854028701782227e-01,6.660724282264709473e-01,1.006689444184303284e-01,3.715122640132904053e-01,-2.030750066041946411e-01,6.575422883033752441e-01,2.588791958987712860e-02,-8.520896434783935547e-01,-1.173314228653907776e-01,-3.358294963836669922e-01,-8.423826694488525391e-01,2.667078375816345215e-01,-6.659609079360961914e-01,7.842636704444885254e-01,-9.192964434623718262e-01,-4.117522537708282471e-01,8.726921081542968750e-01,3.961232006549835205e-01,9.370831847190856934e-01,-5.755468606948852539e-01,-3.762094974517822266e-01,6.591348648071289062e-01,-6.996656656265258789e-01,4.398119747638702393e-01,7.886118441820144653e-02,-3.793252408504486084e-01,-2.301564961671829224e-01,6.071466803550720215e-01,3.496111631393432617e-01,3.787636756896972656e-02,1.688993424177169800e-01,-9.755443930625915527e-01,-7.784600257873535156e-01,8.949620723724365234e-01,8.624285459518432617e-01,1.187336966395378113e-01,8.848859667778015137e-01,-3.738111853599548340e-01,-3.764109015464782715e-01,-2.316023409366607666e-01,7.844849824905395508e-01,-9.323772788047790527e-01,-2.081736177206039429e-01,7.328175306320190430e-01,-7.507876157760620117e-01,5.650553479790687561e-02,-8.468407392501831055e-01,-1.027087122201919556e-01,7.794527411460876465e-01,6.092941164970397949e-01,6.837626695632934570e-01,4.415384829044342041e-01,-1.556700915098190308e-01,8.379563689231872559e-01,-4.700052440166473389e-01
3.943345546722412109e-01,-4.899359643459320068e-01,3.035560250282287598e-01,6.288458108901977539e-01,-7.022901773452758789e-01,-1.054230183362960815e-01,6.698397994041442871e-01,-5.353874564170837402e-01,7.416979074478149414e-01,-1.685357987880706787e-01,6.077722907066345215e-01,7.701253890991210938e-01,-5.099287033081054688e-01,7.304493188858032227e-01,-7.252279520034790039e-01,-1.950622051954269409e-01,-7.208097577095031738e-01,6.529921889305114746e-01,6.404423713684082031e-01,-1.401735842227935791e-01,-5.763630270957946777e-01,-4.960366189479827881e-01,8.119876384735107422e-01,8.584821224212646484e-01,-6.818050742149353027e-01,4.251745529472827911e-03,7.627486251294612885e-03,-8.069128990173339844e-01,2.357878386974334717e-01,-5.215654969215393066e-01,6.932225823402404785e-02,-2.524172067642211914e-01,-7.109621167182922363e-01,-6.934752464294433594e-01,3.462706506252288818e-01,-4.378593862056732178e-01,6.455957293510437012e-01,-6.193264722824096680e-01,-6.209979653358459473e-01,5.588449239730834961e-01,-5.564076304435729980e-01,-6.087533235549926758e-01,4.703425467014312744e-01,-4.941689670085906982e-01,-7.706055045127868652e-01,6.243251562118530273e-01,7.794582843780517578e-01,-7.720348834991455078e-01,-6.757577061653137207e-01,7.702258229255676270e-01,3.136294484138488770e-01,-7.598583698272705078e-01,5.252048373222351074e-01,5.827599167823791504e-01,-1.024849936366081238e-01,-1.371633857488632202e-01,-8.143430352210998535e-01,-6.705200672149658203e-01,-8.847965002059936523e-01,-2.891235351562500000e-01,-4.434728324413299561e-01,5.989249944686889648e-01,-2.502134144306182861e-01,-4.961499571800231934e-01,-5.834598541259765625e-01,6.904888749122619629e-01,6.213711500167846680e-01,6.606717109680175781e-01,5.930592417716979980e-01,4.818881452083587646e-01,7.242829799652099609e-01,-4.097953438758850098e-01,8.313668370246887207e-01,4.754026830196380615e-01,6.649659276008605957e-01,-5.280517339706420898e-01,3.711040914058685303e-01,-6.913933753967285156e-01,1.949411332607269287e-01,-5.397319793701171875e-01,-4.035426378250122070e-01,-2.023571431636810303e-01,-7.319772839546203613e-01,-6.720415353775024414e-01,-4.523746669292449951e-01,-9.932926297187805176e-02,3.244299888610839844e-01,-6.237892508506774902e-01,-7.842408418655395508e-01,5.112982988357543945e-01,1.508799344301223755e-01,6.038092374801635742e-01,-7.487788200378417969e-01,3.646896779537200928e-01,8.063179850578308105e-01,-6.980490088462829590e-01,5.670074224472045898e-01,6.426980346441268921e-02,2.794823348522186279e-01,4.356969892978668213e-01,6.760877370834350586e-01,-3.681378662586212158e-01,-3.753869831562042236e-01,-2.437037080526351929e-01,-6.644522547721862793e-01,-7.079012393951416016e-01,3.423002958297729492e-01,7.269085645675659180e-01,6.477780938148498535e-01,6.593259572982788086e-01,1.033281609416007996e-01,-5.640407204627990723e-01,5.254434049129486084e-02,3.853845000267028809e-01,-5.833092927932739258e-01,-2.545813918113708496e-01,9.272086620330810547e-01,-7.756547927856445312e-01,5.358642339706420898e-01,-6.744040846824645996e-01,2.344954460859298706e-01,1.580879688262939453e-01,8.379677534103393555e-01,1.556921154260635376e-01,-5.038609728217124939e-02,3.713963627815246582e-01,6.932300329208374023e-01,2.315160334110260010e-01
