3.302490711212158203e-01,4.120512865483760834e-03,7.995551452040672302e-03,-4.620971158146858215e-02,2.551486492156982422e-01,-1.842610239982604980e-01,5.710886418819427490e-02,3.399592936038970947e-01,4.338268935680389404e-02,1.916672848165035248e-02,-1.279086768627166748e-01,-8.284933865070343018e-02,-1.054225042462348938e-01,-2.869527554139494896e-03,5.205317959189414978e-02,1.355587691068649292e-01,2.180960960686206818e-03,4.924298450350761414e-02,7.851268351078033447e-02,-9.177301544696092606e-04,-4.411444533616304398e-03,-1.196649111807346344e-02,-1.535603404045104980e-01,1.015735939145088196e-01,1.196523103863000870e-02,7.463021576404571533e-02,7.398467510938644409e-02,-2.931487262248992920e-01,-5.060456320643424988e-02,-9.128291159868240356e-02,-1.921804994344711304e-01,-3.147080773487687111e-03,-6.341517716646194458e-02,-3.546153753995895386e-02,-1.594195887446403503e-02,-2.212167903780937195e-02,1.222717110067605972e-02,3.152098134160041809e-02,-2.356468290090560913e-01,-2.952088713645935059e-01,2.332658171653747559e-01,7.251173257827758789e-02,-9.909662604331970215e-02,4.949356894940137863e-03,-3.105760365724563599e-02,2.072235941886901855e-01,-5.530345812439918518e-02,-1.208785399794578552e-01,3.734467551112174988e-02,8.185941725969314575e-02,-1.233604922890663147e-01,-6.118160113692283630e-02,2.283031344413757324e-01,-8.843440562486648560e-02,-3.635968640446662903e-02,-9.048986434936523438e-02,1.098720654845237732e-01,3.530008485540747643e-03,3.367685154080390930e-02,3.988281358033418655e-03,-5.042183026671409607e-02,-9.574968367815017700e-02,1.586720230989158154e-03,1.432047635316848755e-01,1.178652271628379822e-01,6.977632874622941017e-04,-1.226255372166633606e-01,1.692354530096054077e-01,-5.293375253677368164e-02,2.601169943809509277e-01,-1.753428280353546143e-01,2.287278175354003906e-01,5.212261527776718140e-02,3.997409343719482422e-02,-1.644110083580017090e-01,-2.132884413003921509e-01,8.508595055900514126e-04,-1.092998310923576355e-02,-1.043191477656364441e-01,-5.769744887948036194e-02,6.149060279130935669e-02,4.371707109385170043e-05,-8.309402316808700562e-02,-1.294503308599814773e-04,-3.285764157772064209e-01,9.635057300329208374e-02,1.464905142784118652e-01,1.720041385851800442e-03,-1.269536912441253662e-01,6.800475716590881348e-02,-1.688425987958908081e-01,9.800492972135543823e-02,4.707184433937072754e-02,-2.065511979162693024e-02,-8.636673539876937866e-02,-2.674600183963775635e-01,1.254585832357406616e-01,-3.478557846392504871e-05,-1.104417592287063599e-01,2.446412593126296997e-01,-1.630753874778747559e-01,1.966145783662796021e-01,-3.006936796009540558e-02,-5.192658677697181702e-02,-2.628389373421669006e-02,1.962621361017227173e-01,8.386480808258056641e-02,3.955493122339248657e-02,-2.882126867771148682e-01,6.203704979270696640e-03,-4.669363051652908325e-02,1.282096207141876221e-01,-1.655140705406665802e-02,-6.998532265424728394e-02,9.617943316698074341e-02,6.836331449449062347e-04,2.555267810821533203e-01,-1.170680373907089233e-01,-1.868200749158859253e-01,-3.534875437617301941e-02,-1.135245412588119507e-01,1.393226832151412964e-01,1.096365600824356079e-01,1.122937127947807312e-01,1.537241227924823761e-02,1.050287112593650818e-01,7.700331043452024460e-03,6.382504105567932129e-02
4.120512865483760834e-03,9.798035025596618652e-03,-7.793533802032470703e-02,5.639719218015670776e-02,4.709297791123390198e-02,-1.870587654411792755e-02,-2.577333012595772743e-03,4.039778932929039001e-02,3.086601197719573975e-02,4.408231750130653381e-02,6.140342913568019867e-03,-4.197872430086135864e-02,7.146047800779342651e-02,5.033352226018905640e-02,8.318906277418136597e-02,9.194489568471908569e-02,-8.232518448494374752e-04,2.982566133141517639e-02,-5.917372182011604309e-02,-4.295602813363075256e-02,-3.410390019416809082e-02,5.585579201579093933e-02,3.847288340330123901e-02,-1.893790438771247864e-02,1.159306801855564117e-02,8.587758988142013550e-02,-8.664093166589736938e-02,-3.303095698356628418e-02,7.519324123859405518e-02,-9.510856121778488159e-03,1.992205390706658363e-03,-9.607861191034317017e-02,4.273133352398872375e-02,5.512724444270133972e-02,-4.853578284382820129e-03,-9.280081093311309814e-02,3.900865465402603149e-02,7.583916932344436646e-02,-7.100146263837814331e-02,-3.943942487239837646e-02,7.533311843872070312e-02,1.026188954710960388e-02,7.216883450746536255e-02,1.585156470537185669e-02,6.619804538786411285e-03,-6.171715259552001953e-02,-8.103179186582565308e-02,-1.881361566483974457e-02,6.570988800376653671e-03,-1.827577361837029457e-03,1.296177040785551071e-02,7.289968896657228470e-03,3.978975489735603333e-02,-4.921985324472188950e-03,-2.370605617761611938e-02,-9.791667014360427856e-02,2.248178981244564056e-02,5.765693262219429016e-03,-6.277957558631896973e-02,-6.082705408334732056e-02,-1.123501267284154892e-02,7.421459071338176727e-03,1.797946635633707047e-03,9.436447173357009888e-03,7.068684790283441544e-03,-2.506920881569385529e-02,3.438642248511314392e-02,8.012171834707260132e-02,-8.123480528593063354e-02,1.525186747312545776e-02,-7.005574554204940796e-02,-1.153303589671850204e-02,-1.600297540426254272e-02,8.454942703247070312e-02,-8.422873914241790771e-03,-6.736844033002853394e-02,-9.183311485685408115e-04,9.567729383707046509e-02,-6.701402831822633743e-03,-8.213458210229873657e-02,8.324669301509857178e-02,2.800897636916488409e-04,-7.833111286163330078e-02,-1.183372005471028388e-04,-6.345324218273162842e-02,-7.895518094301223755e-02,2.085606567561626434e-02,2.162236487492918968e-03,6.345611065626144409e-02,5.432460457086563110e-02,-2.242149040102958679e-02,-7.169515825808048248e-03,-6.045885011553764343e-02,1.596365310251712799e-02,-7.288817316293716431e-02,1.229469547979533672e-03,4.871160164475440979e-02,-1.301744759985012934e-05,-7.611641287803649902e-02,6.062391400337219238e-02,-2.959514595568180084e-02,3.243022412061691284e-02,-9.238058328628540039e-02,-7.154180109500885010e-02,9.783920645713806152e-02,-1.456513907760381699e-02,-5.912258848547935486e-02,-8.221286535263061523e-02,-1.421033870428800583e-02,-3.741509746760129929e-03,5.856090411543846130e-02,-5.050800368189811707e-02,-7.665951550006866455e-02,-8.958611637353897095e-03,9.233298897743225098e-02,-7.925132662057876587e-02,5.696851387619972229e-02,2.010702528059482574e-02,-8.596507459878921509e-02,3.350700438022613525e-02,4.346591979265213013e-02,6.626837700605392456e-02,7.843574881553649902e-02,-3.807786107063293457e-02,-5.296316742897033691e-02,-3.279691934585571289e-02,3.653236199170351028e-03,4.088955745100975037e-02
7.995551452040672302e-03,-7.793533802032470703e-02,6.867585778236389160e-01,-5.609486699104309082e-01,-3.500370681285858154e-01,7.019490003585815430e-02,-1.699808752164244652e-03,-3.165612816810607910e-01,-2.110221832990646362e-01,-3.902136683464050293e-01,-4.061268270015716553e-02,3.716457486152648926e-01,-5.632011890411376953e-01,-4.847219586372375488e-01,-6.996880769729614258e-01,-7.030894160270690918e-01,6.925477646291255951e-03,-2.373926043510437012e-01,5.532966256141662598e-01,4.065454602241516113e-01,2.860079705715179443e-01,-5.171904563903808594e-01,-3.941330015659332275e-01,1.861948966979980469e-01,-1.016319319605827332e-01,-6.385281085968017578e-01,6.981693506240844727e-01,2.019882351160049438e-01,-6.549025774002075195e-01,7.126272469758987427e-02,-2.191460318863391876e-02,7.693500518798828125e-01,-3.919588029384613037e-01,-5.592020750045776367e-01,4.290847852826118469e-02,7.302595973014831543e-01,-3.366111814975738525e-01,-6.473506093025207520e-01,5.317154526710510254e-01,3.668242990970611572e-01,-5.822806954383850098e-01,-8.844755589962005615e-02,-6.045433878898620605e-01,-1.451649069786071777e-01,-7.430358976125717163e-02,5.352560281753540039e-01,7.073720693588256836e-01,1.624525636434555054e-01,-4.359025508165359497e-02,9.309148788452148438e-02,-1.290650218725204468e-01,-3.657714650034904480e-02,-3.407711088657379150e-01,6.035904213786125183e-02,1.854052543640136719e-01,7.800228595733642578e-01,-2.215527892112731934e-01,-5.201588943600654602e-02,5.318580865859985352e-01,5.568574070930480957e-01,1.022551357746124268e-01,-8.317552506923675537e-02,-1.654828526079654694e-02,-5.271246656775474548e-02,-5.167708545923233032e-02,2.151423096656799316e-01,-2.795256674289703369e-01,-6.258992552757263184e-01,6.736524105072021484e-01,-7.302759587764739990e-02,5.930497646331787109e-01,1.483100056648254395e-01,1.544015407562255859e-01,-7.155749797821044922e-01,2.480752579867839813e-02,5.520169734954833984e-01,7.066369522362947464e-03,-7.880686521530151367e-01,9.891369938850402832e-02,6.856587529182434082e-01,-7.226910591125488281e-01,-2.538149710744619370e-03,6.459023952484130859e-01,1.826244872063398361e-03,4.784210920333862305e-01,6.559682488441467285e-01,-1.658554375171661377e-01,-1.799468137323856354e-02,-5.071413516998291016e-01,-4.803632199764251709e-01,1.819182336330413818e-01,7.588471472263336182e-02,5.413504242897033691e-01,-1.498951017856597900e-01,6.226742863655090332e-01,-3.867314010858535767e-02,-4.126613140106201172e-01,1.125704875448718667e-04,6.082594990730285645e-01,-4.801024794578552246e-01,2.947496771812438965e-01,-2.129283398389816284e-01,7.541331052780151367e-01,6.111329793930053711e-01,-7.946425676345825195e-01,3.458806499838829041e-02,5.342056751251220703e-01,6.658079028129577637e-01,4.865140095353126526e-02,3.236681222915649414e-02,-5.137714147567749023e-01,5.304049253463745117e-01,6.616768240928649902e-01,-2.764441259205341339e-02,-7.471656203269958496e-01,6.665850877761840820e-01,-4.197691679000854492e-01,-2.127173691987991333e-01,7.072456479072570801e-01,-3.067299723625183105e-01,-3.861714303493499756e-01,-5.780031681060791016e-01,-6.526452898979187012e-01,3.199729025363922119e-01,5.133028030395507812e-01,3.027148544788360596e-01,-4.120719060301780701e-02,-3.819649815559387207e-01
-4.620971158146858215e-02,5.639719218015670776e-02,-5.609486699104309082e-01,6.113415360450744629e-01,1.805279552936553955e-01,2.059028670191764832e-02,-8.326265960931777954e-03,1.390223801136016846e-01,1.854800134897232056e-01,3.187960386276245117e-01,-3.237967193126678467e-02,-3.009186089038848877e-01,3.558356761932373047e-01,5.124807953834533691e-01,5.907672047615051270e-01,4.824542105197906494e-01,-2.480734372511506081e-03,2.095517814159393311e-01,-5.293113589286804199e-01,-3.414460718631744385e-01,-3.845989406108856201e-01,4.676637053489685059e-01,3.591102957725524902e-01,-1.485561728477478027e-01,8.485005050897598267e-02,3.990704119205474854e-01,-5.203078389167785645e-01,2.912235073745250702e-02,4.415711462497711182e-01,6.652086973190307617e-02,-6.083556450903415680e-03,-6.662364602088928223e-01,4.458647966384887695e-01,4.536679387092590332e-01,-2.052432484924793243e-02,-5.515663027763366699e-01,2.569259405136108398e-01,5.021951794624328613e-01,-2.518942356109619141e-01,-3.953743875026702881e-01,4.649445414543151855e-01,1.022435873746871948e-01,4.408803582191467285e-01,1.143377050757408142e-01,1.509804930537939072e-02,-3.439705967903137207e-01,-6.227748394012451172e-01,-1.538113802671432495e-01,2.972634136676788330e-02,-5.487347021698951721e-02,1.281632483005523682e-01,9.663921594619750977e-02,3.384911119937896729e-01,-7.950686663389205933e-02,-2.422102354466915131e-02,-5.937853455543518066e-01,2.115900069475173950e-01,3.933893516659736633e-02,-4.348112344741821289e-01,-5.145810246467590332e-01,-1.396590620279312134e-01,1.521083861589431763e-01,1.880275085568428040e-02,2.541802823543548584e-03,9.434214234352111816e-02,-1.703406423330307007e-01,2.306087166070938110e-01,4.034603536128997803e-01,-5.251118540763854980e-01,-1.049830093979835510e-01,-4.241226017475128174e-01,4.633581265807151794e-03,-2.064331322908401489e-01,6.217883825302124023e-01,-2.300152555108070374e-02,-4.272764623165130615e-01,-3.309175139293074608e-03,6.043441295623779297e-01,-2.521359920501708984e-01,-5.599991679191589355e-01,6.755411028861999512e-01,2.063362160697579384e-03,-4.423065185546875000e-01,5.414382321760058403e-04,-3.388306200504302979e-01,-5.074433088302612305e-01,-2.815493941307067871e-02,1.036795228719711304e-02,3.723329305648803711e-01,3.637483417987823486e-01,-1.425569206476211548e-01,-2.006642669439315796e-01,-5.168040990829467773e-01,2.026633471250534058e-01,-5.598317384719848633e-01,9.639354050159454346e-02,2.848722636699676514e-01,-8.095813973341137171e-05,-4.027962088584899902e-01,3.253295123577117920e-01,-1.685571670532226562e-01,-3.020358830690383911e-02,-6.763992905616760254e-01,-4.593547582626342773e-01,6.715584397315979004e-01,1.195690259337425232e-01,-6.216642856597900391e-01,-5.124186277389526367e-01,9.011752158403396606e-02,-2.903277985751628876e-02,5.467932820320129395e-01,-5.629215240478515625e-01,-5.675144195556640625e-01,1.544687449932098389e-01,5.624323487281799316e-01,-5.262892842292785645e-01,1.991978287696838379e-01,1.466962099075317383e-01,-5.643603205680847168e-01,3.200210332870483398e-01,3.005665242671966553e-01,5.261390805244445801e-01,5.435944199562072754e-01,-2.898761332035064697e-01,-4.058853387832641602e-01,-2.993656992912292480e-01,2.236102893948554993e-02,2.965736389160156250e-01
2.551486492156982422e-01,4.709297791123390198e-02,-3.500370681285858154e-01,1.805279552936553955e-01,4.536530971527099609e-01,-2.153169959783554077e-01,4.388626292347908020e-02,5.005432963371276855e-01,1.132386326789855957e-01,2.010628879070281982e-01,-3.970838338136672974e-02,-2.473217695951461792e-01,2.787410318851470947e-01,1.730087697505950928e-01,4.083400964736938477e-01,5.482720732688903809e-01,-3.631578059867024422e-03,1.734404861927032471e-01,-1.713503748178482056e-01,-1.804981976747512817e-01,-3.740902617573738098e-02,2.247220128774642944e-01,5.835372954607009888e-02,-1.649170648306608200e-03,5.595272034406661987e-02,4.676038324832916260e-01,-3.556495010852813721e-01,-4.291714727878570557e-01,3.727644383907318115e-01,-1.641388386487960815e-01,-1.151400655508041382e-01,-4.008465409278869629e-01,7.320335507392883301e-02,2.351055443286895752e-01,-4.126021638512611389e-02,-4.448311626911163330e-01,1.853134781122207642e-01,3.705959320068359375e-01,-5.877379775047302246e-01,-3.608894646167755127e-01,4.906620383262634277e-01,8.499959856271743774e-02,2.846501171588897705e-01,7.886950671672821045e-02,6.241533905267715454e-02,-1.775084137916564941e-01,-4.037297666072845459e-01,-1.647137701511383057e-01,4.093614220619201660e-02,3.670790791511535645e-02,-3.219434246420860291e-02,-8.310769498348236084e-02,2.992734313011169434e-01,-6.520976126194000244e-02,-1.968856602907180786e-01,-5.409774780273437500e-01,1.743828058242797852e-01,3.027377463877201080e-02,-2.458114326000213623e-01,-2.503282129764556885e-01,-5.093995481729507446e-02,-8.246554434299468994e-02,6.640958134084939957e-03,1.261409223079681396e-01,7.670824229717254639e-02,-1.086617633700370789e-01,7.421928644180297852e-02,5.252353549003601074e-01,-3.956353068351745605e-01,3.225978314876556396e-01,-4.752277433872222900e-01,1.941677555441856384e-02,1.909416541457176208e-02,3.964184820652008057e-01,-1.303336620330810547e-01,-4.589082896709442139e-01,-4.314913880079984665e-03,4.500758945941925049e-01,-3.178786486387252808e-02,-4.061973094940185547e-01,3.830350637435913086e-01,1.294360612519085407e-03,-4.627515971660614014e-01,-2.096790121868252754e-03,-5.407950878143310547e-01,-3.099450170993804932e-01,2.686378657817840576e-01,1.265468448400497437e-02,1.776336580514907837e-01,3.020826578140258789e-01,-2.342850565910339355e-01,1.087199449539184570e-01,-1.824779063463211060e-01,4.545250907540321350e-03,-3.614783883094787598e-01,-2.183518111705780029e-01,3.602494895458221436e-01,-8.668741065775975585e-05,-4.588800966739654541e-01,4.648759365081787109e-01,-2.897854149341583252e-01,3.521067798137664795e-01,-4.074237346649169922e-01,-3.734029829502105713e-01,4.056802690029144287e-01,4.931438714265823364e-02,-1.155055984854698181e-01,-3.600848913192749023e-01,-3.098834455013275146e-01,-7.677480112761259079e-03,1.491881459951400757e-01,-7.688444107770919800e-02,-3.482183218002319336e-01,-1.433706432580947876e-01,5.374245047569274902e-01,-3.458586037158966064e-01,5.002778172492980957e-01,2.274313196539878845e-02,-5.380298495292663574e-01,9.236613661050796509e-02,1.274372488260269165e-01,3.565928041934967041e-01,4.205701053142547607e-01,-6.838227808475494385e-02,-2.386761605739593506e-01,-3.819333389401435852e-02,1.763316243886947632e-02,2.333334982395172119e-01
-1.842610239982604980e-01,-1.870587654411792755e-02,7.019490003585815430e-02,2.059028670191764832e-02,-2.153169959783554077e-01,2.118581235408782959e-01,-1.297910977154970169e-02,-2.186503410339355469e-01,-1.255443394184112549e-01,-7.451990991830825806e-02,5.442570894956588745e-02,9.018891304731369019e-02,-7.876003533601760864e-02,7.319025695323944092e-03,-1.071022748947143555e-01,-2.208097279071807861e-01,-2.159446448786184192e-04,-6.959491223096847534e-02,3.485458344221115112e-02,3.385663777589797974e-02,6.662951409816741943e-02,-3.346167877316474915e-02,7.786611467599868774e-02,-2.173195220530033112e-02,-2.419007755815982819e-02,-2.318008393049240112e-01,8.123090118169784546e-02,2.388828545808792114e-01,-4.868252947926521301e-02,6.464462727308273315e-02,1.006443426012992859e-01,1.356399655342102051e-01,-2.861871570348739624e-02,3.198016202077269554e-03,1.224292907863855362e-02,1.470082402229309082e-01,-6.588432192802429199e-02,-1.253846436738967896e-01,2.426911145448684692e-01,1.332457363605499268e-01,-2.673092186450958252e-01,-4.286763444542884827e-02,-3.805575147271156311e-02,-1.528416480869054794e-02,5.173282697796821594e-02,-2.709751203656196594e-02,1.011384725570678711e-01,7.377228885889053345e-02,-6.322895735502243042e-02,-7.192728668451309204e-02,6.051431596279144287e-02,-3.186281397938728333e-02,-1.679963469505310059e-01,3.817322850227355957e-02,5.502605065703392029e-02,1.617203503847122192e-01,-6.397397816181182861e-02,-8.131875656545162201e-03,8.827637881040573120e-02,5.492692440748214722e-02,4.595534503459930420e-02,4.419906064867973328e-02,-1.425538444891571999e-03,-1.484302729368209839e-01,-8.394704014062881470e-02,4.206251725554466248e-02,2.348755672574043274e-02,-2.121259719133377075e-01,1.464300155639648438e-01,-1.881117522716522217e-01,1.838958114385604858e-01,-1.685719043016433716e-01,-3.938927315175533295e-03,-1.167607456445693970e-01,1.409884840250015259e-01,2.017771303653717041e-01,1.626737997867166996e-03,-1.130009219050407410e-01,2.496996708214282990e-02,1.436678916215896606e-01,-1.157475411891937256e-01,-2.999306598212569952e-04,1.445773392915725708e-01,-7.187810260802507401e-04,2.857851386070251465e-01,5.519910901784896851e-02,-1.141897067427635193e-01,-4.514231812208890915e-03,-7.573825120925903320e-02,-1.105678305029869080e-01,1.153462678194046021e-01,-5.069077759981155396e-02,5.889623239636421204e-02,-5.550050409510731697e-04,1.525194495916366577e-01,1.321613788604736328e-01,-9.647662192583084106e-02,3.557261152309365571e-05,1.722003966569900513e-01,-2.519591450691223145e-01,1.003679186105728149e-01,-2.140392661094665527e-01,1.362384557723999023e-01,1.304358392953872681e-01,-1.345068514347076416e-01,1.614578627049922943e-02,1.124440319836139679e-02,1.058708652853965759e-01,2.299109995365142822e-01,4.805669188499450684e-03,-3.089542500674724579e-02,-6.262827664613723755e-02,1.009987890720367432e-01,1.041297763586044312e-01,-1.529148668050765991e-01,1.200116127729415894e-01,-2.286353707313537598e-01,3.934437036514282227e-02,1.961033195257186890e-01,-1.577422581613063812e-02,1.377169974148273468e-03,-1.519696116447448730e-01,-1.531638205051422119e-01,-1.473205978982150555e-03,2.350293844938278198e-02,-1.157608348876237869e-02,-1.193732395768165588e-02,-7.721303403377532959e-02
5.710886418819427490e-02,-2.577333012595772743e-03,-1.699808752164244652e-03,-8.326265960931777954e-03,4.388626292347908020e-02,-1.297910977154970169e-02,7.728590071201324463e-02,6.914833188056945801e-02,-4.147378355264663696e-02,8.044815622270107269e-03,-7.507809251546859741e-02,7.705756928771734238e-03,-5.743759498000144958e-02,-6.712678074836730957e-02,-3.169030323624610901e-02,-2.181480079889297485e-02,-1.435431040590628982e-04,-2.744351048022508621e-03,-1.430058758705854416e-02,6.561633781529963017e-04,1.679450087249279022e-02,-4.131547361612319946e-02,-3.292219340801239014e-02,3.978311643004417419e-02,-8.033498888835310936e-04,-2.324447408318519592e-02,5.800489336252212524e-02,-3.398954123258590698e-02,-7.378447335213422775e-03,-5.268863216042518616e-02,-3.152506053447723389e-02,4.531264677643775940e-02,2.276754379272460938e-02,-1.014565210789442062e-02,2.616793790366500616e-04,6.004517897963523865e-02,-1.082947663962841034e-02,-3.297544550150632858e-03,-2.761358954012393951e-02,-5.514942854642868042e-02,3.648776561021804810e-02,1.756053417921066284e-02,-4.322122037410736084e-02,-2.217086032032966614e-03,-5.887199565768241882e-02,6.783653050661087036e-02,-5.089177284389734268e-03,-1.260746456682682037e-02,2.463154494762420654e-02,2.948181703686714172e-02,-1.431066822260618210e-02,-2.664333954453468323e-02,3.784764558076858521e-02,5.520277190953493118e-03,3.713408485054969788e-03,1.372883841395378113e-02,4.759320523589849472e-03,-1.534777344204485416e-03,-1.290539652109146118e-02,2.293886616826057434e-02,-2.246649563312530518e-02,-1.786929741501808167e-02,-6.584216025657951832e-04,7.909734547138214111e-02,1.507749129086732864e-02,5.901701282709836960e-03,-6.358029693365097046e-02,1.270658709108829498e-02,2.794861607253551483e-02,6.097002327442169189e-02,-4.340244084596633911e-02,6.226634606719017029e-02,3.101132437586784363e-02,-2.842886559665203094e-02,-4.959893599152565002e-02,-5.448783934116363525e-02,7.442193455062806606e-04,-1.570116356015205383e-02,-3.383132070302963257e-02,2.463278174400329590e-02,1.614026725292205811e-03,-1.477207697462290525e-04,-1.355319656431674957e-02,-1.104944152757525444e-03,-6.407310068607330322e-02,5.496458336710929871e-02,7.922482490539550781e-02,-7.757720304653048515e-04,-6.632274389266967773e-02,3.994665108621120453e-03,-5.066506937146186829e-02,2.541814744472503662e-02,1.986317709088325500e-02,-2.348271943628787994e-02,-1.521927863359451294e-02,-6.644857674837112427e-02,2.647777274250984192e-02,-1.007525406748754904e-05,1.689414866268634796e-02,5.354552343487739563e-02,-4.135724529623985291e-02,5.293762683868408203e-02,3.274083510041236877e-02,7.367739919573068619e-03,6.642362568527460098e-03,1.085601970553398132e-01,1.389904785901308060e-02,5.405514314770698547e-02,-8.541166037321090698e-02,2.337815472856163979e-03,-9.494055062532424927e-02,3.660621005110442638e-04,3.093943186104297638e-02,2.218647859990596771e-02,6.914353463798761368e-03,4.733812529593706131e-04,4.235435277223587036e-03,-2.774821827188134193e-03,-3.652934357523918152e-02,-2.040044218301773071e-02,-2.119231224060058594e-02,2.024292200803756714e-02,5.158217027201317251e-05,4.930222779512405396e-02,3.277297690510749817e-02,2.363720163702964783e-02,-9.398878319188952446e-04,4.990644007921218872e-02
3.399592936038970947e-01,4.039778932929039001e-02,-3.165612816810607910e-01,1.390223801136016846e-01,5.005432963371276855e-01,-2.186503410339355469e-01,6.914833188056945801e-02,6.496890187263488770e-01,6.043452024459838867e-02,1.782007515430450439e-01,-3.845577687025070190e-02,-2.745139002799987793e-01,2.143231332302093506e-01,1.518633663654327393e-01,3.878082931041717529e-01,5.465894341468811035e-01,-2.412855392321944237e-03,1.368976533412933350e-01,-9.658202528953552246e-02,-1.690619736909866333e-01,8.853420615196228027e-02,2.272577136754989624e-01,5.976519547402858734e-03,-2.917822683230042458e-03,5.478871986269950867e-02,4.422307610511779785e-01,-2.930816709995269775e-01,-5.269620418548583984e-01,3.883768916130065918e-01,-2.107553929090499878e-01,-1.753442436456680298e-01,-3.302096724510192871e-01,-5.419972166419029236e-02,2.668586075305938721e-01,-5.551040172576904297e-02,-4.171445369720458984e-01,1.759501695632934570e-01,3.552686870098114014e-01,-6.724835038185119629e-01,-4.220787286758422852e-01,4.849973320960998535e-01,8.429742604494094849e-02,2.167115360498428345e-01,8.040639758110046387e-02,1.267969608306884766e-01,-1.391754597425460815e-01,-3.787948191165924072e-01,-1.889207661151885986e-01,3.644294291734695435e-02,-4.191711172461509705e-02,-8.650013059377670288e-02,-1.651904731988906860e-01,3.197628557682037354e-01,-1.208567693829536438e-01,-2.506453096866607666e-01,-5.285943150520324707e-01,2.226291596889495850e-01,3.288968279957771301e-02,-1.472542583942413330e-01,-2.155460715293884277e-01,-4.015419632196426392e-02,-1.491627395153045654e-01,4.469664767384529114e-03,1.163810044527053833e-01,8.505554497241973877e-02,-9.497842937707901001e-02,-8.325947448611259460e-03,5.425286293029785156e-01,-3.898228704929351807e-01,4.188406169414520264e-01,-5.235761404037475586e-01,-1.999231986701488495e-02,6.573344767093658447e-02,3.800881505012512207e-01,-1.127965077757835388e-01,-4.647787213325500488e-01,-4.009823780506849289e-03,4.249699711799621582e-01,-2.193356677889823914e-02,-3.846864998340606689e-01,3.493843376636505127e-01,1.334463362582027912e-03,-4.670466780662536621e-01,-2.856421750038862228e-03,-5.799795389175415039e-01,-2.513989210128784180e-01,3.423484265804290771e-01,1.419757120311260223e-02,8.486361056566238403e-02,3.256926238536834717e-01,-2.596430778503417969e-01,2.214625179767608643e-01,-1.111226901412010193e-01,-3.633667528629302979e-02,-3.294245600700378418e-01,-3.199041187763214111e-01,3.764078915119171143e-01,-9.778728417586535215e-05,-4.809042513370513916e-01,5.047124624252319336e-01,-4.029260277748107910e-01,4.511150419712066650e-01,-3.529216647148132324e-01,-3.749015033245086670e-01,3.294784128665924072e-01,1.092006936669349670e-01,1.695242151618003845e-02,-3.149460852146148682e-01,-3.905376493930816650e-01,-8.073505596257746220e-04,8.068352937698364258e-02,-1.544884592294692993e-02,-3.242510855197906494e-01,-1.250414848327636719e-01,5.265931487083435059e-01,-3.011620044708251953e-01,5.744946599006652832e-01,1.670139655470848083e-02,-5.507051944732666016e-01,3.796565532684326172e-02,6.559336185455322266e-02,3.507576584815979004e-01,3.819922506809234619e-01,3.315401822328567505e-02,-2.706768214702606201e-01,3.440788760781288147e-02,3.612052276730537415e-02,2.459539920091629028e-01
4.338268935680389404e-02,3.086601197719573975e-02,-2.110221832990646362e-01,1.854800134897232056e-01,1.132386326789855957e-01,-1.255443394184112549e-01,-4.147378355264663696e-02,6.043452024459838867e-02,2.126710861921310425e-01,1.535440534353256226e-01,-2.309082821011543274e-02,-1.426780968904495239e-01,1.823858320713043213e-01,1.830279231071472168e-01,2.539148926734924316e-01,2.730318307876586914e-01,1.537807256681844592e-04,9.135582298040390015e-02,-2.237475216388702393e-01,-1.337519735097885132e-01,-2.649764120578765869e-01,1.853369474411010742e-01,7.456352561712265015e-02,-6.912541389465332031e-02,4.572011902928352356e-02,2.843232750892639160e-01,-2.370638102293014526e-01,-5.900852754712104797e-02,1.240307539701461792e-01,3.834734484553337097e-02,-4.818333312869071960e-02,-3.499140143394470215e-01,2.155188620090484619e-01,1.249415278434753418e-01,-5.411368794739246368e-03,-2.844464182853698730e-01,1.265292167663574219e-01,2.359718382358551025e-01,-1.359091848134994507e-01,-1.477958410978317261e-01,3.098750710487365723e-01,5.210975185036659241e-02,1.592941582202911377e-01,3.962493315339088440e-02,-6.934120506048202515e-02,-1.062947511672973633e-01,-2.420338094234466553e-01,-7.512100785970687866e-02,6.345786899328231812e-02,2.129685133695602417e-02,1.233044266700744629e-02,1.387111246585845947e-01,2.045663148164749146e-01,-5.544771254062652588e-02,8.031406439840793610e-03,-2.610074877738952637e-01,8.570981770753860474e-02,1.574349403381347656e-02,-2.084967941045761108e-01,-2.063859552145004272e-01,-8.672191947698593140e-02,7.139626145362854004e-02,7.918670773506164551e-03,9.901492297649383545e-02,9.982009977102279663e-02,-8.765117824077606201e-02,7.952152937650680542e-02,2.173411548137664795e-01,-2.716464102268218994e-01,2.542791422456502914e-03,-1.937561035156250000e-01,1.489075869321823120e-01,-1.180912330746650696e-01,2.829987704753875732e-01,-9.540762007236480713e-02,-2.207925915718078613e-01,-2.080372069031000137e-03,2.593188881874084473e-01,-1.072195842862129211e-01,-2.796724438667297363e-01,3.058674633502960205e-01,8.396059856750071049e-04,-1.796663403511047363e-01,2.365080872550606728e-03,-2.259075343608856201e-01,-2.073677480220794678e-01,-1.841989718377590179e-02,5.165065638720989227e-03,2.369389086961746216e-01,1.713176518678665161e-01,-7.262422889471054077e-02,-9.456959366798400879e-02,-2.520568370819091797e-01,1.094629168510437012e-01,-2.825453877449035645e-01,2.548695728182792664e-02,7.733147591352462769e-02,-3.824704981525428593e-05,-2.106119692325592041e-01,2.210933715105056763e-01,-5.023543536663055420e-02,7.307206839323043823e-02,-3.358274698257446289e-01,-2.182881236076354980e-01,3.303166627883911133e-01,-4.345633462071418762e-02,-2.801017165184020996e-01,-2.429819405078887939e-01,-5.286327004432678223e-02,-1.871195621788501740e-02,2.802515625953674316e-01,-1.798941791057586670e-01,-2.589715123176574707e-01,6.643825210630893707e-03,2.187846899032592773e-01,-2.658444643020629883e-01,1.322512030601501465e-01,2.755350060760974884e-02,-2.587490081787109375e-01,1.403043121099472046e-01,9.927047044038772583e-02,2.700512409210205078e-01,2.600954771041870117e-01,-1.339654624462127686e-01,-1.381914019584655762e-01,-1.338149607181549072e-01,2.256003022193908691e-02,1.183675825595855713e-01
1.916672848165035248e-02,4.408231750130653381e-02,-3.902136683464050293e-01,3.187960386276245117e-01,2.010628879070281982e-01,-7.451990991830825806e-02,8.044815622270107269e-03,1.782007515430450439e-01,1.535440534353256226e-01,2.313364893198013306e-01,-9.452672675251960754e-03,-2.120776623487472534e-01,3.082508444786071777e-01,2.620854079723358154e-01,4.065969586372375488e-01,4.238155186176300049e-01,-3.180675208568572998e-03,1.342002004384994507e-01,-3.368215560913085938e-01,-2.288343012332916260e-01,-2.148576229810714722e-01,2.822073698043823242e-01,1.969690918922424316e-01,-1.003481596708297729e-01,6.100428104400634766e-02,3.938062787055969238e-01,-3.986047506332397461e-01,-1.116593405604362488e-01,3.543433845043182373e-01,-3.318338096141815186e-02,-1.141375023871660233e-02,-4.819069802761077881e-01,2.590760290622711182e-01,2.974273562431335449e-01,-2.074455097317695618e-02,-4.332144558429718018e-01,1.913788318634033203e-01,3.787182867527008057e-01,-3.054155111312866211e-01,-2.260976880788803101e-01,3.849554359912872314e-01,6.069427728652954102e-02,3.206758797168731689e-01,7.820553332567214966e-02,-6.405298132449388504e-03,-2.735664248466491699e-01,-4.173882305622100830e-01,-9.822294861078262329e-02,4.879115894436836243e-02,-3.418439999222755432e-02,5.977870523929595947e-02,5.668512731790542603e-02,2.300307750701904297e-01,-4.324477165937423706e-02,-7.900260388851165771e-02,-4.676403999328613281e-01,1.283431947231292725e-01,2.828870341181755066e-02,-3.125628829002380371e-01,-3.135483860969543457e-01,-8.196632564067840576e-02,5.821574851870536804e-02,9.799503721296787262e-03,8.061644434928894043e-02,5.895919352769851685e-02,-1.251655071973800659e-01,1.337117850780487061e-01,3.664406538009643555e-01,-3.998387753963470459e-01,4.352670535445213318e-02,-3.506516814231872559e-01,-6.076308898627758026e-03,-1.026588678359985352e-01,4.291473627090454102e-01,-5.360429361462593079e-02,-3.392281532287597656e-01,-3.662278177216649055e-03,4.727669656276702881e-01,-8.771447837352752686e-02,-4.108882546424865723e-01,4.555066823959350586e-01,1.388273318298161030e-03,-3.629015982151031494e-01,-3.209652495570480824e-04,-3.106839656829833984e-01,-3.631587922573089600e-01,8.774261921644210815e-02,9.616597555577754974e-03,2.938226759433746338e-01,2.745594382286071777e-01,-1.169106736779212952e-01,-6.068618223071098328e-02,-3.256722092628479004e-01,9.748863428831100464e-02,-3.897050321102142334e-01,1.504104584455490112e-02,2.131763696670532227e-01,-6.603726797038689256e-05,-3.451720476150512695e-01,3.046319782733917236e-01,-1.614824831485748291e-01,1.314413249492645264e-01,-4.719289839267730713e-01,-3.500593006610870361e-01,5.109313130378723145e-01,-2.499506575986742973e-03,-3.473381996154785156e-01,-3.811773955821990967e-01,-5.664979666471481323e-02,-2.055173926055431366e-02,3.063068389892578125e-01,-3.099286556243896484e-01,-3.869280815124511719e-01,2.830749750137329102e-02,4.371958971023559570e-01,-4.030289947986602783e-01,2.304543554782867432e-01,1.093078926205635071e-01,-4.352385103702545166e-01,1.811474859714508057e-01,2.028043419122695923e-01,3.602002859115600586e-01,3.904334604740142822e-01,-1.758595407009124756e-01,-2.715795040130615234e-01,-1.776665151119232178e-01,2.671679854393005371e-02,2.258188426494598389e-01
-1.279086768627166748e-01,6.140342913568019867e-03,-4.061268270015716553e-02,-3.237967193126678467e-02,-3.970838338136672974e-02,5.442570894956588745e-02,-7.507809251546859741e-02,-3.845577687025070190e-02,-2.309082821011543274e-02,-9.452672675251960754e-03,1.799470186233520508e-01,-4.008242860436439514e-03,1.747792512178421021e-01,4.412704333662986755e-02,5.148872360587120056e-02,8.454427868127822876e-02,-3.166347043588757515e-03,-1.505164895206689835e-02,4.186401516199111938e-02,-1.226659398525953293e-02,1.341723203659057617e-01,4.790575057268142700e-02,9.151934087276458740e-02,-8.176090568304061890e-02,-3.762026317417621613e-03,8.786394447088241577e-02,-1.533668935298919678e-01,-1.640646904706954956e-02,1.556878834962844849e-01,-8.898467756807804108e-03,1.167742013931274414e-01,-4.749604687094688416e-02,-1.153667271137237549e-01,7.778777182102203369e-02,-1.207075826823711395e-02,-1.326185762882232666e-01,2.701023034751415253e-02,3.532715886831283569e-02,-8.131323754787445068e-02,1.599903106689453125e-01,-1.085524186491966248e-01,-5.997405573725700378e-02,1.475351154804229736e-01,1.418441068381071091e-02,1.620974391698837280e-01,-2.404599189758300781e-01,3.255053656175732613e-03,5.416588857769966125e-02,-5.622962489724159241e-02,-1.062831357121467590e-01,4.905487224459648132e-02,-5.297877639532089233e-02,-1.491298675537109375e-01,3.786284103989601135e-02,-1.093785092234611511e-01,-8.553700894117355347e-02,-3.624127805233001709e-02,5.804578773677349091e-03,1.400687266141176224e-02,-1.100150868296623230e-02,8.550848811864852905e-02,-2.252558059990406036e-02,-2.803845331072807312e-03,-1.504021435976028442e-01,-1.035501435399055481e-01,-1.048160251230001450e-02,1.113477498292922974e-01,3.854450583457946777e-02,-6.260824203491210938e-02,-3.182353824377059937e-02,2.281386964023113251e-02,-2.983434200286865234e-01,1.622806675732135773e-02,3.901769220829010010e-02,1.416685134172439575e-01,9.107494354248046875e-02,-2.757249632850289345e-03,1.050423681735992432e-01,1.817483752965927124e-01,-3.767459094524383545e-02,-4.342316091060638428e-02,2.990991051774471998e-04,-6.406082957983016968e-02,-1.185363740660250187e-03,1.195485219359397888e-01,-1.441571414470672607e-01,-1.723859924823045731e-03,4.026351496577262878e-03,1.164384484291076660e-01,1.394462306052446365e-02,9.504269808530807495e-02,5.926456674933433533e-02,1.702295802533626556e-02,-3.195312991738319397e-02,6.342402100563049316e-02,8.803325891494750977e-02,5.064664408564567566e-03,8.924506801122333854e-06,-7.916966080665588379e-02,-8.681102842092514038e-02,1.193810137920081615e-03,1.341049093753099442e-02,-1.851695217192173004e-02,-4.186594858765602112e-02,1.448972336947917938e-02,-2.401084005832672119e-01,9.331328421831130981e-02,-1.213232576847076416e-01,1.102356612682342529e-01,3.341913397889584303e-04,4.001379385590553284e-02,2.101140283048152924e-02,-3.484251350164413452e-02,-7.022398710250854492e-02,6.256630271673202515e-02,-2.170473523437976837e-02,5.165011063218116760e-02,6.541232019662857056e-02,3.606241568922996521e-02,-1.275325473397970200e-02,8.104944974184036255e-02,-8.550562709569931030e-02,-1.227207854390144348e-02,-5.623536556959152222e-02,-9.093410521745681763e-02,-1.453126221895217896e-02,5.602214951068162918e-03,-4.820983484387397766e-02
-8.284933865070343018e-02,-4.197872430086135864e-02,3.716457486152648926e-01,-3.009186089038848877e-01,-2.473217695951461792e-01,9.018891304731369019e-02,7.705756928771734238e-03,-2.745139002799987793e-01,-1.426780968904495239e-01,-2.120776623487472534e-01,-4.008242860436439514e-03,2.395915091037750244e-01,-2.781453132629394531e-01,-2.891777455806732178e-01,-4.237139821052551270e-01,-4.594691693782806396e-01,1.908935955725610256e-03,-1.309738010168075562e-01,2.740171253681182861e-01,2.175525277853012085e-01,1.555955559015274048e-01,-2.998813390731811523e-01,-1.645965427160263062e-01,9.297474473714828491e-02,-6.043471395969390869e-02,-3.930358588695526123e-01,3.804328441619873047e-01,1.835845857858657837e-01,-3.570021688938140869e-01,3.780331835150718689e-02,5.798344686627388000e-02,4.681890904903411865e-01,-1.722583919763565063e-01,-3.025491833686828613e-01,2.981781587004661560e-02,4.516843557357788086e-01,-1.879850476980209351e-01,-3.715981841087341309e-01,3.789134919643402100e-01,2.852604687213897705e-01,-4.001890420913696289e-01,-6.540320068597793579e-02,-2.915562093257904053e-01,-7.987155765295028687e-02,-5.468574538826942444e-02,2.448924928903579712e-01,4.182300269603729248e-01,1.249292045831680298e-01,-3.177436441183090210e-02,6.402740627527236938e-02,-2.008660323917865753e-02,-1.139910705387592316e-02,-2.535976469516754150e-01,8.383467048406600952e-02,1.095895767211914062e-01,4.922234117984771729e-01,-1.675564646720886230e-01,-3.040943108499050140e-02,2.467640489339828491e-01,3.053723573684692383e-01,7.121051847934722900e-02,-1.843075267970561981e-02,-9.523740038275718689e-03,-4.553116112947463989e-02,-7.361813634634017944e-02,1.172898262739181519e-01,-1.108685508370399475e-01,-3.962485790252685547e-01,4.095833003520965576e-01,-9.892157465219497681e-02,3.774700164794921875e-01,2.003202587366104126e-02,8.320993185043334961e-02,-4.427024722099304199e-01,4.302184283733367920e-02,3.478444814682006836e-01,3.528911387547850609e-03,-4.669952988624572754e-01,8.890084177255630493e-02,4.224933981895446777e-01,-4.494883418083190918e-01,-1.467135502025485039e-03,3.705817461013793945e-01,2.369532885495573282e-04,3.561485111713409424e-01,3.462477624416351318e-01,-9.668385237455368042e-02,-1.060853898525238037e-02,-2.458736747503280640e-01,-2.864016890525817871e-01,1.329252719879150391e-01,9.857286699116230011e-03,2.848330140113830566e-01,-8.589988946914672852e-02,3.752129673957824707e-01,4.654159024357795715e-02,-2.319346815347671509e-01,6.975367432460188866e-05,3.793882429599761963e-01,-3.308081030845642090e-01,2.130457609891891479e-01,-1.668216586112976074e-01,4.695545136928558350e-01,3.548192679882049561e-01,-4.610886871814727783e-01,-1.910538598895072937e-02,2.754116058349609375e-01,3.763381242752075195e-01,9.132926166057586670e-02,1.629289239645004272e-02,-3.086246848106384277e-01,2.536092400550842285e-01,3.910708725452423096e-01,-1.276996172964572906e-02,-4.554182291030883789e-01,3.718511760234832764e-01,-3.068566322326660156e-01,-8.081171661615371704e-02,4.589457809925079346e-01,-1.591009795665740967e-01,-1.624641716480255127e-01,-3.664474189281463623e-01,-3.895677626132965088e-01,1.341154277324676514e-01,2.943515479564666748e-01,1.339854300022125244e-01,-3.300271928310394287e-02,-2.092182636260986328e-01
