4.223294556140899658e-01,-1.199353113770484924e-02,1.960035860538482666e-01,-2.495479583740234375e-01,2.316895276308059692e-01,-2.860794663429260254e-01,3.864866867661476135e-02,3.997682929039001465e-01,-2.232639119029045105e-02,-8.140157908201217651e-02,-1.855767667293548584e-01,-1.433385722339153290e-02,-1.801287829875946045e-01,-1.117637008428573608e-01,-1.528459638357162476e-01,4.668796434998512268e-02,4.338358994573354721e-03,-1.046416535973548889e-01,1.974391639232635498e-01,7.174054533243179321e-02,1.410180237144231796e-02,-2.632584571838378906e-01,-2.122321873903274536e-01,1.112073138356208801e-01,-5.046711768954992294e-03,4.380409792065620422e-02,1.383820921182632446e-01,-3.280185759067535400e-01,-7.516515254974365234e-02,-1.037461534142494202e-01,-1.966101527214050293e-01,1.430986225605010986e-01,-1.539480984210968018e-01,-6.823688000440597534e-02,-6.928588263690471649e-03,1.105997934937477112e-01,-3.239549696445465088e-02,-8.581271767616271973e-02,-1.543075144290924072e-01,-2.021918445825576782e-01,6.292001903057098389e-02,6.914783269166946411e-02,-1.978840827941894531e-01,-3.655328601598739624e-02,-8.101824671030044556e-03,2.815567851066589355e-01,1.288762688636779785e-01,-2.447804063558578491e-02,1.072582006454467773e-01,1.550813671201467514e-02,-1.489900797605514526e-01,-1.844975501298904419e-01,1.541018635034561157e-01,-4.772674664855003357e-02,-2.021049335598945618e-02,2.256758697330951691e-02,5.127782747149467468e-02,-3.579669632017612457e-03,1.573147773742675781e-01,2.451382428407669067e-01,-7.187432050704956055e-02,1.593380980193614960e-02,-7.034748792648315430e-03,1.753954887390136719e-01,7.567417621612548828e-02,3.372789174318313599e-02,-3.553739190101623535e-01,2.258300594985485077e-02,7.783637940883636475e-02,2.782157659530639648e-01,-1.057996526360511780e-01,2.086612284183502197e-01,8.527529984712600708e-02,-1.759064048528671265e-01,-2.158514708280563354e-01,-6.928659230470657349e-02,1.024817349389195442e-03,-1.438901573419570923e-01,9.125865064561367035e-03,1.218631640076637268e-01,-7.730565965175628662e-02,-2.234285057056695223e-04,-1.558848656713962555e-02,-1.882420328911393881e-04,-2.025262713432312012e-01,2.772455215454101562e-01,2.399544268846511841e-01,7.746656774543225765e-04,-2.028755545616149902e-01,1.277125906199216843e-02,-1.405509561300277710e-01,3.224283754825592041e-01,1.836502850055694580e-01,-1.675164252519607544e-01,5.745807290077209473e-02,-3.542076349258422852e-01,2.569526247680187225e-02,-1.552160938445013016e-05,1.232638140209019184e-03,6.379106640815734863e-02,-2.104504853487014771e-01,2.609375417232513428e-01,1.533241569995880127e-01,1.717170327901840210e-02,-2.154830545186996460e-01,9.201713651418685913e-02,2.679002881050109863e-01,1.952331513166427612e-01,-3.887228667736053467e-01,1.744085364043712616e-02,-1.992422044277191162e-01,2.840614020824432373e-01,1.295296102762222290e-01,-1.482771039009094238e-01,-4.409442096948623657e-02,6.828317791223526001e-02,1.941351443529129028e-01,-1.150205358862876892e-01,-5.339816212654113770e-02,-1.559242308139801025e-01,-2.460243552923202515e-01,-4.514115676283836365e-02,-6.712034344673156738e-02,3.096604943275451660e-01,6.478627026081085205e-02,2.352689504623413086e-01,1.691381819546222687e-02,7.743832468986511230e-02
-1.199353113770484924e-02,8.972665295004844666e-03,-8.277803659439086914e-02,6.199304014444351196e-02,4.672608152031898499e-02,6.822004914283752441e-03,-4.632671363651752472e-03,1.845831423997879028e-02,5.910106375813484192e-02,5.468264594674110413e-02,-6.909183226525783539e-03,-4.479580372571945190e-02,6.157682090997695923e-02,5.678676068782806396e-02,7.798464596271514893e-02,8.668139576911926270e-02,-1.069919089786708355e-03,6.625194847583770752e-02,-7.664807885885238647e-02,-5.561916157603263855e-02,-5.036834627389907837e-02,6.301351636648178101e-02,4.707844182848930359e-02,-1.599569246172904968e-02,1.161569543182849884e-02,7.410933077335357666e-02,-7.630728930234909058e-02,-2.093905955553054810e-02,6.964980810880661011e-02,4.308678209781646729e-03,-7.035904098302125931e-03,-9.320291131734848022e-02,5.316713824868202209e-02,5.408652499318122864e-02,-2.215201035141944885e-03,-8.553760498762130737e-02,5.698378011584281921e-02,7.489512115716934204e-02,-5.909413844347000122e-02,-4.954522103071212769e-02,7.563983649015426636e-02,1.152387261390686035e-02,7.329444587230682373e-02,2.370720915496349335e-02,-1.387795526534318924e-02,-7.204464823007583618e-02,-7.971292734146118164e-02,-1.924118399620056152e-02,1.053091138601303101e-02,-2.995093585923314095e-03,-1.419723383150994778e-03,4.359649959951639175e-03,4.508066922426223755e-02,-5.219310056418180466e-03,-3.134354483336210251e-03,-8.821423351764678955e-02,3.620811551809310913e-02,3.719573374837636948e-03,-5.433502793312072754e-02,-6.417796015739440918e-02,-1.071572862565517426e-02,5.796039011329412460e-03,1.729700248688459396e-03,1.135526318103075027e-02,1.602695882320404053e-02,-2.525484561920166016e-02,2.515303157269954681e-02,7.966588437557220459e-02,-8.009602129459381104e-02,4.960825201123952866e-03,-6.587772071361541748e-02,-7.077690213918685913e-03,-3.147688508033752441e-02,7.857371866703033447e-02,-1.596112176775932312e-02,-7.342214882373809814e-02,-3.608973638620227575e-04,8.579079061746597290e-02,-1.062073651701211929e-02,-7.896202802658081055e-02,8.202672004699707031e-02,1.024512384901754558e-04,-7.119911909103393555e-02,-6.248466524994000793e-05,-7.247439026832580566e-02,-7.752453535795211792e-02,2.101213112473487854e-02,1.054174965247511864e-03,6.336271762847900391e-02,6.420217454433441162e-02,-1.871526241302490234e-02,-2.826890721917152405e-02,-6.475955992937088013e-02,2.788872830569744110e-02,-7.529545575380325317e-02,1.097063720226287842e-02,3.700096532702445984e-02,-1.330523105025349651e-06,-6.779559701681137085e-02,7.136320322751998901e-02,-3.064014017581939697e-02,3.669161722064018250e-02,-8.710718154907226562e-02,-7.393177598714828491e-02,9.403035044670104980e-02,8.195372298359870911e-03,-7.263486832380294800e-02,-7.958309352397918701e-02,-2.358846599236130714e-03,-2.697387244552373886e-03,6.081380695104598999e-02,-6.277860701084136963e-02,-7.776568084955215454e-02,2.952820807695388794e-02,8.008635044097900391e-02,-7.574582099914550781e-02,4.259645193815231323e-02,2.235127240419387817e-02,-7.746897637844085693e-02,4.784621670842170715e-02,6.617724150419235229e-02,6.882875412702560425e-02,6.827783584594726562e-02,-3.981388360261917114e-02,-4.943886771798133850e-02,-5.842132121324539185e-02,-3.944438882172107697e-03,4.735856875777244568e-02
1.960035860538482666e-01,-8.277803659439086914e-02,7.895848751068115234e-01,-6.585218906402587891e-01,-4.195333421230316162e-01,-1.566278636455535889e-01,2.633856050670146942e-02,-1.563128232955932617e-01,-5.334959626197814941e-01,-5.578873753547668457e-01,6.035226583480834961e-02,4.694301784038543701e-01,-5.675190687179565430e-01,-6.152138113975524902e-01,-7.586651444435119629e-01,-7.402578592300415039e-01,1.018541585654020309e-02,-6.398602724075317383e-01,7.306972146034240723e-01,5.971134305000305176e-01,4.505966603755950928e-01,-6.685353517532348633e-01,-5.233947634696960449e-01,1.794259250164031982e-01,-1.191555261611938477e-01,-6.380337476730346680e-01,7.266258597373962402e-01,1.257756054401397705e-01,-6.874152421951293945e-01,-6.781460344791412354e-02,6.438841670751571655e-02,8.230097293853759766e-01,-5.082843303680419922e-01,-6.221224069595336914e-01,2.539694495499134064e-02,7.639508247375488281e-01,-5.721464753150939941e-01,-7.268002033233642578e-01,5.095468759536743164e-01,4.866198003292083740e-01,-6.694042682647705078e-01,-1.078842729330062866e-01,-7.138013839721679688e-01,-2.532040774822235107e-01,9.046748280525207520e-02,7.091168165206909180e-01,7.729797363281250000e-01,1.892687380313873291e-01,-8.849851042032241821e-02,1.360361129045486450e-01,1.106449868530035019e-02,-9.301683865487575531e-03,-4.264514446258544922e-01,5.199732631444931030e-02,3.647316247224807739e-02,7.933125495910644531e-01,-4.084360003471374512e-01,-3.998509421944618225e-02,5.155788660049438477e-01,6.513695120811462402e-01,1.011985763907432556e-01,-6.280877441167831421e-02,-1.758662611246109009e-02,-4.707996174693107605e-02,-1.302647590637207031e-01,2.564687430858612061e-01,-2.289804816246032715e-01,-7.095080614089965820e-01,7.489657998085021973e-01,1.047754101455211639e-02,6.294897198677062988e-01,1.355261057615280151e-01,3.299767673015594482e-01,-7.644519805908203125e-01,6.807844340801239014e-02,6.626605987548828125e-01,3.423959948122501373e-03,-8.064218163490295410e-01,1.114875674247741699e-01,7.503331303596496582e-01,-7.674543857574462891e-01,-1.126723946072161198e-03,6.879588365554809570e-01,1.381866168230772018e-03,6.207721829414367676e-01,7.519764304161071777e-01,-1.897422671318054199e-01,-1.060979720205068588e-02,-6.006274819374084473e-01,-6.490889787673950195e-01,1.743066608905792236e-01,2.674893438816070557e-01,6.358359456062316895e-01,-2.916198968887329102e-01,7.118391394615173340e-01,-1.509314328432083130e-01,-3.614874184131622314e-01,1.283683195651974529e-05,6.459268927574157715e-01,-6.434754133224487305e-01,3.549566864967346191e-01,-3.071724474430084229e-01,7.965783476829528809e-01,7.056008577346801758e-01,-8.388748764991760254e-01,-1.508613079786300659e-01,6.587951183319091797e-01,7.415890097618103027e-01,-4.689876362681388855e-02,2.701830491423606873e-02,-5.978126525878906250e-01,6.640694141387939453e-01,7.478359341621398926e-01,-4.030982851982116699e-01,-7.556719779968261719e-01,7.171166539192199707e-01,-3.778559267520904541e-01,-2.618791162967681885e-01,7.189431190490722656e-01,-5.064393281936645508e-01,-6.577968001365661621e-01,-6.608971357345581055e-01,-6.669469475746154785e-01,3.912520408630371094e-01,5.749019384384155273e-01,6.142046451568603516e-01,3.152521699666976929e-02,-4.727708697319030762e-01
-2.495479583740234375e-01,6.199304014444351196e-02,-6.585218906402587891e-01,6.989630460739135742e-01,1.908874213695526123e-01,2.209610641002655029e-01,-1.022131182253360748e-02,-6.218926608562469482e-02,4.548093974590301514e-01,4.483927190303802490e-01,-1.502038538455963135e-01,-3.480100631713867188e-01,3.252771198749542236e-01,5.350897908210754395e-01,6.286507844924926758e-01,4.775169491767883301e-01,-4.563534166663885117e-03,5.140992403030395508e-01,-7.001398205757141113e-01,-4.945867657661437988e-01,-4.968678951263427734e-01,6.158632636070251465e-01,4.536237418651580811e-01,-1.041766628623008728e-01,9.766969084739685059e-02,3.614179193973541260e-01,-5.099474787712097168e-01,1.610822677612304688e-01,4.397933185100555420e-01,2.288269698619842529e-01,-3.600483760237693787e-02,-7.029222846031188965e-01,5.832502245903015137e-01,5.028431415557861328e-01,-5.079526454210281372e-03,-5.236634612083435059e-01,3.930529654026031494e-01,5.665487647056579590e-01,-1.826738268136978149e-01,-4.430082738399505615e-01,5.591030120849609375e-01,1.553935706615447998e-01,5.530825853347778320e-01,1.891360729932785034e-01,-2.115319818258285522e-01,-5.004563927650451660e-01,-6.819498538970947266e-01,-1.684382855892181396e-01,9.330169111490249634e-02,-7.373659312725067139e-02,5.489465780556201935e-03,1.879143267869949341e-01,4.294065535068511963e-01,-5.417221412062644958e-02,1.234975084662437439e-01,-5.797683596611022949e-01,3.836290836334228516e-01,2.889499627053737640e-02,-4.271094202995300293e-01,-6.860150694847106934e-01,-1.448166668415069580e-01,1.175225973129272461e-01,1.998398825526237488e-02,-8.129661902785301208e-03,1.441418528556823730e-01,-2.037452608346939087e-01,1.456317901611328125e-01,4.622855782508850098e-01,-5.792584419250488281e-01,-2.504284083843231201e-01,-4.210250377655029297e-01,8.687549829483032227e-02,-3.840323388576507568e-01,6.512656211853027344e-01,-8.896225690841674805e-02,-4.886224269866943359e-01,-9.971603285521268845e-04,6.179286241531372070e-01,-2.911693751811981201e-01,-6.016836166381835938e-01,7.030396461486816406e-01,9.045140468515455723e-04,-4.764574766159057617e-01,2.753977896645665169e-03,-4.456522464752197266e-01,-6.225643754005432129e-01,-7.590575516223907471e-02,4.813393112272024155e-03,4.168478846549987793e-01,4.828043580055236816e-01,-1.740028262138366699e-01,-4.194384217262268066e-01,-6.144444346427917480e-01,3.322196900844573975e-01,-6.385405659675598145e-01,2.589047551155090332e-01,2.108896225690841675e-01,-8.174603863153606653e-06,-4.056712090969085693e-01,4.430496990680694580e-01,-1.730486452579498291e-01,7.436856627464294434e-03,-7.265955209732055664e-01,-5.072733163833618164e-01,7.280281186103820801e-01,3.453312814235687256e-01,-7.423176765441894531e-01,-5.605164766311645508e-01,2.308654189109802246e-01,-3.196206316351890564e-02,6.091303229331970215e-01,-6.651667952537536621e-01,-6.701159477233886719e-01,4.897736907005310059e-01,5.793151259422302246e-01,-5.688299536705017090e-01,8.216904848814010620e-02,2.091973572969436646e-01,-5.345048904418945312e-01,5.304093360900878906e-01,5.346471071243286133e-01,6.109226346015930176e-01,5.825891494750976562e-01,-3.819207251071929932e-01,-4.936683177947998047e-01,-5.815855264663696289e-01,-3.301101550459861755e-02,3.139494359493255615e-01
2.316895276308059692e-01,4.672608152031898499e-02,-4.195333421230316162e-01,1.908874213695526123e-01,5.733793973922729492e-01,-1.609442830085754395e-01,9.674571454524993896e-03,5.614302158355712891e-01,2.915737926959991455e-01,2.984454035758972168e-01,-1.251642256975173950e-01,-3.466008007526397705e-01,3.441735506057739258e-01,2.858402132987976074e-01,4.219684004783630371e-01,6.896395683288574219e-01,-5.606648977845907211e-03,3.743255734443664551e-01,-3.193674087524414062e-01,-3.141007721424102783e-01,-1.737823486328125000e-01,2.168054282665252686e-01,1.671719104051589966e-01,-5.871171131730079651e-02,7.236197590827941895e-02,5.936744809150695801e-01,-4.585223793983459473e-01,-5.051448941230773926e-01,5.531198978424072266e-01,-1.396392881870269775e-01,-2.087493389844894409e-01,-4.859706461429595947e-01,1.157796680927276611e-01,3.765735328197479248e-01,-3.320013359189033508e-02,-5.474411249160766602e-01,3.997999131679534912e-01,4.687867164611816406e-01,-6.827008128166198730e-01,-4.612406790256500244e-01,5.222569108009338379e-01,7.698153704404830933e-02,3.704433739185333252e-01,1.516605168581008911e-01,4.121434688568115234e-02,-3.589051067829132080e-01,-4.472932815551757812e-01,-1.419571936130523682e-01,1.134071424603462219e-01,-9.841878712177276611e-02,-1.317259371280670166e-01,-2.749520838260650635e-01,3.423477411270141602e-01,-6.600404530763626099e-02,-1.501042991876602173e-01,-6.430532336235046387e-01,2.858930230140686035e-01,2.687542885541915894e-02,-2.123561054468154907e-01,-1.847954541444778442e-01,-7.115878909826278687e-02,-1.021799165755510330e-02,1.884118071757256985e-03,1.770254522562026978e-01,1.152762249112129211e-01,-1.463529914617538452e-01,-8.926511555910110474e-02,6.169902682304382324e-01,-4.908820688724517822e-01,3.672729134559631348e-01,-6.042049527168273926e-01,-7.742200791835784912e-02,-5.679946392774581909e-02,4.105787575244903564e-01,-1.797636598348617554e-01,-5.607588887214660645e-01,-2.591696567833423615e-03,5.365765094757080078e-01,5.009389296174049377e-02,-4.532015919685363770e-01,4.699065387248992920e-01,5.838742363266646862e-04,-5.630061030387878418e-01,-3.610396757721900940e-03,-6.586412787437438965e-01,-3.410560488700866699e-01,4.570980370044708252e-01,1.030957978218793869e-02,2.752271294593811035e-01,4.922565817832946777e-01,-2.137034833431243896e-01,2.065519690513610840e-01,-2.295269817113876343e-01,-1.298403274267911911e-02,-4.329229593276977539e-01,-2.596767842769622803e-01,3.361826837062835693e-01,-2.240300091216340661e-05,-5.250068306922912598e-01,5.663791894912719727e-01,-4.774097204208374023e-01,5.687956809997558594e-01,-4.384227097034454346e-01,-5.401157736778259277e-01,4.536310732364654541e-01,4.894938692450523376e-02,-1.513083428144454956e-01,-4.328275322914123535e-01,-3.935455083847045898e-01,4.528033547103404999e-03,1.587980985641479492e-01,-1.649734228849411011e-01,-4.169208705425262451e-01,4.480030015110969543e-02,5.775660276412963867e-01,-4.576537311077117920e-01,5.496777892112731934e-01,1.045909449458122253e-01,-6.127742528915405273e-01,1.355488151311874390e-01,2.791224122047424316e-01,3.721587955951690674e-01,3.681634962558746338e-01,2.120493538677692413e-02,-3.160615265369415283e-01,-1.673279106616973877e-01,-7.032813038676977158e-03,4.195404052734375000e-01
-2.860794663429260254e-01,6.822004914283752441e-03,-1.566278636455535889e-01,2.209610641002655029e-01,-1.609442830085754395e-01,2.436069697141647339e-01,2.815901534631848335e-03,-2.645061612129211426e-01,-1.392878219485282898e-02,6.805448979139328003e-02,7.992070168256759644e-02,6.042874418199062347e-03,8.661603927612304688e-02,9.992474317550659180e-02,1.224712058901786804e-01,-5.390190333127975464e-02,-2.814645646139979362e-03,6.586548686027526855e-02,-1.678668558597564697e-01,-8.548989146947860718e-02,-2.856285870075225830e-02,1.949949115514755249e-01,1.714569628238677979e-01,-6.361238658428192139e-02,5.569020751863718033e-03,-7.325792312622070312e-02,-9.489627927541732788e-02,2.582972645759582520e-01,6.361501663923263550e-02,7.120894640684127808e-02,1.281447410583496094e-01,-1.056017801165580750e-01,1.445042788982391357e-01,9.994894266128540039e-02,5.989528261125087738e-03,-5.261709168553352356e-02,1.722258143126964569e-02,6.644392013549804688e-02,1.358840167522430420e-01,7.559990882873535156e-02,-3.835111483931541443e-02,-2.108528837561607361e-02,1.415204256772994995e-01,3.230549022555351257e-02,-1.376397814601659775e-02,-1.843564361333847046e-01,-1.210570484399795532e-01,1.029202155768871307e-02,-6.788286566734313965e-02,-2.342895045876502991e-02,1.059512346982955933e-01,1.129008904099464417e-01,-6.688009202480316162e-02,2.845087088644504547e-02,3.260171040892601013e-02,-3.129140287637710571e-02,-7.953679189085960388e-03,2.817161381244659424e-03,-1.119347065687179565e-01,-1.933219581842422485e-01,3.076120279729366302e-02,7.225811947137117386e-03,6.067918613553047180e-03,-1.225348114967346191e-01,-5.028430372476577759e-02,-2.347240597009658813e-02,2.030557543039321899e-01,-2.062752284109592438e-02,-5.221381410956382751e-02,-2.160316109657287598e-01,5.440020188689231873e-02,-1.308935582637786865e-01,-7.060868293046951294e-02,1.250716149806976318e-01,1.375685036182403564e-01,2.459062822163105011e-02,-2.160308358725160360e-04,1.130797639489173889e-01,-4.890425875782966614e-02,-8.040411770343780518e-02,8.954898267984390259e-02,1.705547329038381577e-04,-3.035381436347961426e-03,1.683468326518777758e-05,1.296000033617019653e-01,-1.845572888851165771e-01,-1.560441702604293823e-01,-1.099993591196835041e-03,1.053983792662620544e-01,2.587820403277873993e-03,6.730024516582489014e-02,-2.320482581853866577e-01,-1.438113600015640259e-01,1.259859651327133179e-01,-5.748436972498893738e-02,2.397650033235549927e-01,3.066394943743944168e-03,6.789337930968031287e-06,1.109825726598501205e-02,-5.478498712182044983e-02,1.166061908006668091e-01,-2.045281231403350830e-01,-1.148086786270141602e-01,-1.425867155194282532e-02,1.643957048654556274e-01,3.657189756631851196e-02,-2.217905223369598389e-01,-1.162566468119621277e-01,2.907037734985351562e-01,-1.184834912419319153e-02,1.424200236797332764e-01,-2.460736036300659180e-01,-1.058274134993553162e-01,1.595784872770309448e-01,5.497762560844421387e-02,-5.869302153587341309e-02,-1.641937643289566040e-01,9.220204502344131470e-02,1.249475590884685516e-02,1.292859166860580444e-01,1.683083772659301758e-01,5.838268622756004333e-02,6.522890180349349976e-02,-1.996002644300460815e-01,-8.098253607749938965e-02,-1.779030561447143555e-01,-1.431721542030572891e-02,-2.338732965290546417e-02
3.864866867661476135e-02,-4.632671363651752472e-03,2.633856050670146942e-02,-1.022131182253360748e-02,9.674571454524993896e-03,2.815901534631848335e-03,3.663596883416175842e-02,4.138742759823799133e-02,-5.341111496090888977e-02,-1.019656471908092499e-02,-4.541856423020362854e-02,1.301650889217853546e-02,-5.294955521821975708e-02,-2.103308588266372681e-02,-3.497390449047088623e-02,-3.957727923989295959e-02,3.574357833713293076e-04,-2.982984855771064758e-02,1.256118062883615494e-02,-4.568076838040724397e-05,1.429832912981510162e-02,-3.730129823088645935e-02,-1.195055153220891953e-02,1.834909990429878235e-02,-2.935977885499596596e-03,-4.248651862144470215e-02,3.483499214053153992e-02,-7.062999997287988663e-03,-1.463370583951473236e-02,-2.130446210503578186e-02,-1.697270572185516357e-02,4.417362064123153687e-02,-2.724411897361278534e-03,8.531816303730010986e-03,1.004295889288187027e-03,5.279931426048278809e-02,-2.027251571416854858e-02,-2.329040132462978363e-02,1.942897774279117584e-02,-3.939735144376754761e-02,-1.498357672244310379e-02,1.446563284844160080e-02,-3.338268399238586426e-02,-5.509459413588047028e-03,-1.020174659788608551e-02,5.133567750453948975e-02,1.541659142822027206e-02,4.319360479712486267e-03,1.277397293597459793e-02,2.056477125734090805e-03,3.666205157060176134e-04,-3.289348259568214417e-02,2.059479616582393646e-02,-1.048214617185294628e-03,4.591532517224550247e-03,1.927064545452594757e-02,4.794203676283359528e-03,-1.321734627708792686e-03,1.761088706552982330e-02,3.296072781085968018e-02,-1.813809387385845184e-02,8.896189741790294647e-03,-5.242521874606609344e-04,1.630471460521221161e-02,3.383008297532796860e-03,1.028435677289962769e-02,-5.935107544064521790e-02,-2.345919609069824219e-02,3.324782848358154297e-02,1.571844331920146942e-02,-6.306232418864965439e-03,2.054245024919509888e-02,1.548296585679054260e-02,-4.281882196664810181e-02,-2.647436410188674927e-02,-6.867278832942247391e-03,5.054374923929572105e-04,-3.178356215357780457e-02,-2.046009339392185211e-02,3.656911104917526245e-02,-1.064549572765827179e-02,-4.897422695648856461e-05,1.539535820484161377e-02,-3.433912934269756079e-04,-5.271168425679206848e-03,5.781355872750282288e-02,3.301985189318656921e-02,-6.054132827557623386e-04,-5.573609098792076111e-02,-1.123532373458147049e-02,-2.497852221131324768e-02,2.747006900608539581e-02,1.937002316117286682e-02,-1.450383290648460388e-02,1.502443943172693253e-02,-4.181221872568130493e-02,4.447979852557182312e-03,-3.933037532988237217e-06,3.270963579416275024e-02,-1.619195379316806793e-02,-2.948356419801712036e-02,3.038287104573100805e-04,4.020244255661964417e-02,2.131749503314495087e-02,-2.809678576886653900e-02,5.695608630776405334e-02,2.400758117437362671e-02,5.126972496509552002e-02,-1.789784617722034454e-02,2.820498077198863029e-03,-4.986205697059631348e-02,9.655283764004707336e-03,3.254147619009017944e-02,1.513303909450769424e-02,-1.403144095093011856e-02,2.279999665915966034e-02,-1.507697068154811859e-02,-7.611982990056276321e-03,3.701683133840560913e-03,-1.939691789448261261e-02,-4.033146798610687256e-02,-9.624885395169258118e-03,-2.106477506458759308e-02,4.839779809117317200e-02,4.710213281214237213e-03,3.238331153988838196e-02,-3.969345925725065172e-05,2.415155433118343353e-02
3.997682929039001465e-01,1.845831423997879028e-02,-1.563128232955932617e-01,-6.218926608562469482e-02,5.614302158355712891e-01,-2.645061612129211426e-01,4.138742759823799133e-02,7.129713296890258789e-01,9.077776968479156494e-02,1.247889176011085510e-01,-1.245680004358291626e-01,-2.611363530158996582e-01,1.638062745332717896e-01,1.090158149600028992e-01,1.887974739074707031e-01,5.119251608848571777e-01,-1.947889686562120914e-03,1.645888537168502808e-01,-3.349024057388305664e-02,-1.479864567518234253e-01,3.971797227859497070e-02,-2.365272119641304016e-02,-1.954976469278335571e-02,-9.714202955365180969e-03,4.081768169999122620e-02,4.476590156555175781e-01,-2.495224177837371826e-01,-6.155056357383728027e-01,4.227629303932189941e-01,-2.261933535337448120e-01,-2.649668753147125244e-01,-1.984546035528182983e-01,-1.458959430456161499e-01,2.543486058712005615e-01,-3.842021897435188293e-02,-3.292136192321777344e-01,2.680560350418090820e-01,2.665109932422637939e-01,-6.533406376838684082e-01,-3.874164819717407227e-01,3.287193179130554199e-01,3.935573250055313110e-02,1.311964839696884155e-01,9.049937129020690918e-02,1.592485159635543823e-01,-1.361814439296722412e-01,-2.062373012304306030e-01,-9.761512279510498047e-02,1.038507223129272461e-01,-1.504556536674499512e-01,-1.853723227977752686e-01,-4.401221275329589844e-01,2.330315858125686646e-01,-7.265359163284301758e-02,-2.164292186498641968e-01,-4.418920874595642090e-01,2.135662734508514404e-01,1.905398257076740265e-02,1.182326488196849823e-02,8.970148861408233643e-02,-4.032656922936439514e-02,-4.986525699496269226e-02,-7.222508545964956284e-03,1.749507635831832886e-01,7.039844244718551636e-02,-7.229917496442794800e-02,-2.740736305713653564e-01,4.517771005630493164e-01,-2.784957289695739746e-01,5.141414999961853027e-01,-5.089495182037353516e-01,-1.020939871668815613e-01,9.943490475416183472e-02,1.718934178352355957e-01,-1.471116095781326294e-01,-3.964384198188781738e-01,-1.913646468892693520e-03,3.113574981689453125e-01,1.428805142641067505e-01,-2.198822200298309326e-01,2.220388352870941162e-01,2.986971521750092506e-04,-4.250786304473876953e-01,-5.210177972912788391e-03,-5.336171388626098633e-01,-7.664600759744644165e-02,5.574810504913330078e-01,9.547671303153038025e-03,4.876414313912391663e-02,3.641730844974517822e-01,-1.934080719947814941e-01,4.786597192287445068e-01,2.973303571343421936e-02,-1.772838085889816284e-01,-2.035446465015411377e-01,-4.473602473735809326e-01,2.770459651947021484e-01,-2.532686630729585886e-05,-3.961597979068756104e-01,4.174511134624481201e-01,-5.358881354331970215e-01,6.295585036277770996e-01,-1.600517481565475464e-01,-3.756652176380157471e-01,1.419392973184585571e-01,1.180714834481477737e-02,1.850382089614868164e-01,-1.906670331954956055e-01,-5.685872435569763184e-01,2.268174104392528534e-02,-1.022433936595916748e-01,1.020842641592025757e-01,-1.742361038923263550e-01,-9.196622669696807861e-02,3.891440927982330322e-01,-2.447733730077743530e-01,5.703780055046081543e-01,3.382825478911399841e-02,-4.547699987888336182e-01,-8.201286196708679199e-02,3.736403584480285645e-02,1.551543325185775757e-01,1.481291651725769043e-01,2.661158144474029541e-01,-1.914171725511550903e-01,8.243454247713088989e-02,1.633993536233901978e-02,3.494561314582824707e-01
-2.232639119029045105e-02,5.910106375813484192e-02,-5.334959626197814941e-01,4.548093974590301514e-01,2.915737926959991455e-01,-1.392878219485282898e-02,-5.341111496090888977e-02,9.077776968479156494e-02,5.489316582679748535e-01,3.995535075664520264e-01,-1.474108248949050903e-01,-3.469598591327667236e-01,2.844812870025634766e-01,4.605949223041534424e-01,5.445920228958129883e-01,5.734105110168457031e-01,-2.850108314305543900e-03,4.071250557899475098e-01,-5.576530694961547852e-01,-4.288063943386077881e-01,-5.326158404350280762e-01,4.584783911705017090e-01,2.846405208110809326e-01,-7.773939520120620728e-02,9.508045017719268799e-02,4.877699911594390869e-01,-4.904451966285705566e-01,-5.791088193655014038e-02,3.685886859893798828e-01,1.491175740957260132e-01,-1.375508457422256470e-01,-7.047787904739379883e-01,4.386539459228515625e-01,3.995324671268463135e-01,-8.913144469261169434e-03,-5.502096414566040039e-01,3.797582983970642090e-01,5.145168900489807129e-01,-2.846908271312713623e-01,-4.530520737171173096e-01,5.990166664123535156e-01,1.515522748231887817e-01,4.252578616142272949e-01,1.519139558076858521e-01,-2.025661319494247437e-01,-3.953294157981872559e-01,-5.578942894935607910e-01,-1.458475142717361450e-01,1.713271141052246094e-01,-8.149260282516479492e-02,-8.252845704555511475e-02,1.390629261732101440e-01,4.691191017627716064e-01,-7.998009026050567627e-02,1.010949909687042236e-01,-5.726037025451660156e-01,3.458817005157470703e-01,2.479065768420696259e-02,-3.244674503803253174e-01,-4.934495985507965088e-01,-1.719489395618438721e-01,1.449259668588638306e-01,1.494658738374710083e-02,1.155306920409202576e-01,1.851745694875717163e-01,-1.827939450740814209e-01,1.127679646015167236e-02,4.932058751583099365e-01,-5.773244500160217285e-01,-6.781202554702758789e-02,-4.350884854793548584e-01,1.757427901029586792e-01,-3.524588346481323242e-01,5.699522495269775391e-01,-1.869849264621734619e-01,-4.889963865280151367e-01,-1.242127502337098122e-03,5.452726483345031738e-01,-1.800242215394973755e-01,-5.811957716941833496e-01,6.325955986976623535e-01,7.513677119277417660e-04,-4.657098948955535889e-01,3.167353570461273193e-03,-5.329815149307250977e-01,-4.919935464859008789e-01,4.393073543906211853e-02,5.691277328878641129e-03,4.230460524559020996e-01,4.719971418380737305e-01,-1.729544103145599365e-01,-2.387280464172363281e-01,-4.912002682685852051e-01,2.583666443824768066e-01,-5.828427076339721680e-01,8.014599978923797607e-02,1.344932764768600464e-01,-9.852842595137190074e-06,-4.462349414825439453e-01,4.772414267063140869e-01,-2.377204746007919312e-01,2.100795954465866089e-01,-6.672593951225280762e-01,-5.021508336067199707e-01,6.424117088317871094e-01,1.803567111492156982e-01,-5.859493613243103027e-01,-4.838479459285736084e-01,-5.489263217896223068e-03,-2.726480737328529358e-02,5.709686875343322754e-01,-4.589929282665252686e-01,-5.737448930740356445e-01,3.461247682571411133e-01,4.872795343399047852e-01,-5.419479608535766602e-01,2.365177124738693237e-01,9.939542412757873535e-02,-5.260665416717529297e-01,4.085607826709747314e-01,3.645024895668029785e-01,5.639461278915405273e-01,5.263140797615051270e-01,-2.202042490243911743e-01,-4.239883124828338623e-01,-4.561068117618560791e-01,-6.712883245199918747e-03,3.096898794174194336e-01
-8.140157908201217651e-02,5.468264594674110413e-02,-5.578873753547668457e-01,4.483927190303802490e-01,2.984454035758972168e-01,6.805448979139328003e-02,-1.019656471908092499e-02,1.247889176011085510e-01,3.995535075664520264e-01,3.914903998374938965e-01,-8.848930150270462036e-02,-3.198764622211456299e-01,3.496882021427154541e-01,4.229320287704467773e-01,5.338726043701171875e-01,5.689543485641479492e-01,-6.369166076183319092e-03,4.055040180683135986e-01,-5.475625395774841309e-01,-4.213781356811523438e-01,-3.843261301517486572e-01,4.421392679214477539e-01,3.308556079864501953e-01,-1.096408516168594360e-01,8.478794246912002563e-02,4.763349592685699463e-01,-5.211674571037292480e-01,-9.379178285598754883e-02,4.697518646717071533e-01,4.237710684537887573e-02,-8.248119056224822998e-02,-6.530187726020812988e-01,3.798625171184539795e-01,4.363309442996978760e-01,-1.375538110733032227e-02,-5.617378354072570801e-01,3.812522888183593750e-01,5.138359665870666504e-01,-3.559868335723876953e-01,-3.952172994613647461e-01,5.192630887031555176e-01,9.883813560009002686e-02,4.659639596939086914e-01,1.627803146839141846e-01,-1.107544973492622375e-01,-4.737420082092285156e-01,-5.575491786003112793e-01,-1.203155592083930969e-01,1.105103716254234314e-01,-9.395430237054824829e-02,-2.187923714518547058e-02,2.624341659247875214e-02,3.627156615257263184e-01,-5.014760792255401611e-02,1.116308104246854782e-02,-6.040371656417846680e-01,2.905508577823638916e-01,2.543963491916656494e-02,-3.409307301044464111e-01,-4.421501755714416504e-01,-1.143280863761901855e-01,8.670597523450851440e-02,1.245635375380516052e-02,8.270826935768127441e-02,1.185975670814514160e-01,-1.719905585050582886e-01,8.783823996782302856e-02,5.133812427520751953e-01,-5.514764189720153809e-01,-6.550157442688941956e-03,-4.595791995525360107e-01,-1.725079491734504700e-02,-2.564570307731628418e-01,5.435206294059753418e-01,-1.111975684762001038e-01,-4.974320232868194580e-01,-1.791928429156541824e-03,5.852859616279602051e-01,-1.019719392061233521e-01,-5.538568496704101562e-01,5.987309813499450684e-01,7.280216086655855179e-04,-4.807762503623962402e-01,4.232967330608516932e-05,-4.918802082538604736e-01,-5.006576776504516602e-01,1.368571221828460693e-01,6.466048303991556168e-03,4.170796275138854980e-01,4.574782848358154297e-01,-1.387557387351989746e-01,-1.889782547950744629e-01,-4.538589119911193848e-01,2.182724475860595703e-01,-5.329495668411254883e-01,7.144566625356674194e-02,2.048684656620025635e-01,-1.145018541137687862e-05,-4.444165825843811035e-01,4.638474881649017334e-01,-2.623789608478546143e-01,2.348558157682418823e-01,-6.068119406700134277e-01,-5.050158500671386719e-01,6.563063859939575195e-01,1.236954405903816223e-01,-5.212410688400268555e-01,-5.082976222038269043e-01,1.433078944683074951e-02,-2.028487995266914368e-02,4.520967304706573486e-01,-4.722552001476287842e-01,-5.335720181465148926e-01,3.088947534561157227e-01,5.287752151489257812e-01,-5.215149521827697754e-01,2.537668645381927490e-01,1.475613415241241455e-01,-5.343644618988037109e-01,3.483048081398010254e-01,4.031129181385040283e-01,4.960454106330871582e-01,4.711794257164001465e-01,-2.226643711328506470e-01,-4.024911522865295410e-01,-4.194536209106445312e-01,-1.508456468582153320e-02,3.475793004035949707e-01
-1.855767667293548584e-01,-6.909183226525783539e-03,6.035226583480834961e-02,-1.502038538455963135e-01,-1.251642256975173950e-01,7.992070168256759644e-02,-4.541856423020362854e-02,-1.245680004358291626e-01,-1.474108248949050903e-01,-8.848930150270462036e-02,3.014566004276275635e-01,8.926307410001754761e-02,1.670687496662139893e-01,-9.938415884971618652e-02,-6.902379542589187622e-02,-4.954051971435546875e-02,-4.304240923374891281e-03,-5.800898000597953796e-02,1.728471964597702026e-01,1.223933771252632141e-01,2.855433225631713867e-01,-3.798809275031089783e-02,-1.890786457806825638e-03,-8.998456597328186035e-02,-2.956271730363368988e-02,-5.529516376554965973e-03,-1.992093771696090698e-02,-1.635196246206760406e-02,4.954489320516586304e-02,-1.108919382095336914e-01,1.673875600099563599e-01,1.326562017202377319e-01,-2.292709499597549438e-01,-9.931036084890365601e-02,-8.535913191735744476e-03,-3.210402652621269226e-02,-4.140440747141838074e-02,-8.618903160095214844e-02,-6.635699421167373657e-02,3.470266163349151611e-01,-2.487169206142425537e-01,-1.684578359127044678e-01,1.919673383235931396e-02,-1.457603741437196732e-02,2.227400541305541992e-01,-1.580763161182403564e-01,1.492843627929687500e-01,7.574296742677688599e-02,-1.555395126342773438e-01,-3.684337064623832703e-02,9.531263262033462524e-02,-7.305770367383956909e-02,-3.494649231433868408e-01,7.057765126228332520e-02,-1.632961928844451904e-01,8.566167950630187988e-02,-1.978288888931274414e-01,-2.467273036018013954e-03,3.451215103268623352e-02,1.352092325687408447e-01,1.767415106296539307e-01,-1.280083805322647095e-01,-5.992139689624309540e-03,-1.317393779754638672e-01,-1.488133817911148071e-01,3.400551155209541321e-02,2.775740325450897217e-01,-5.397409945726394653e-02,8.296010643243789673e-02,4.891401901841163635e-02,1.377549022436141968e-01,-3.899966180324554443e-01,1.586349457502365112e-01,-6.684798747301101685e-02,2.656805813312530518e-01,1.831928640604019165e-01,-2.193412277847528458e-03,-2.106675505638122559e-02,2.581053078174591064e-01,8.503115922212600708e-02,-2.334612160921096802e-01,-7.493425073334947228e-05,6.989210098981857300e-02,-4.161502234637737274e-03,2.523661851882934570e-01,-4.930020496249198914e-02,8.551886305212974548e-03,1.396843814291059971e-03,7.679568976163864136e-02,-1.186401769518852234e-01,2.028092145919799805e-01,6.678687781095504761e-02,1.447275280952453613e-01,-7.077436149120330811e-02,2.073460668325424194e-01,9.393849223852157593e-02,-1.155790872871875763e-02,1.513522511231712997e-05,1.193553395569324493e-02,-1.253825873136520386e-01,1.245378926396369934e-01,-4.899702500551939011e-03,1.628519445657730103e-01,8.263532817363739014e-02,-1.071700751781463623e-01,-3.651815950870513916e-01,2.262953817844390869e-01,-3.428066521883010864e-02,7.142596691846847534e-02,6.166947539895772934e-03,-1.357589811086654663e-01,1.024660319089889526e-01,1.491472721099853516e-01,-1.830739825963973999e-01,-8.944846689701080322e-02,1.212396249175071716e-01,2.905609458684921265e-02,3.492084145545959473e-02,1.564820259809494019e-01,-1.448426991701126099e-01,4.886979982256889343e-02,-2.281017601490020752e-01,-1.576321721076965332e-01,-7.679829001426696777e-02,1.230573654174804688e-01,7.252482324838638306e-02,2.720380667597055435e-03,-1.337818205356597900e-01
-1.433385722339153290e-02,-4.479580372571945190e-02,4.694301784038543701e-01,-3.480100631713867188e-01,-3.466008007526397705e-01,6.042874418199062347e-03,1.301650889217853546e-02,-2.611363530158996582e-01,-3.469598591327667236e-01,-3.198764622211456299e-01,8.926307410001754761e-02,3.235986828804016113e-01,-2.890826165676116943e-01,-3.747214376926422119e-01,-4.772661626338958740e-01,-5.805512666702270508e-01,3.622826421633362770e-03,-3.451242148876190186e-01,4.223720729351043701e-01,3.559443354606628418e-01,2.924232780933380127e-01,-3.600851297378540039e-01,-2.461597770452499390e-01,8.502228558063507080e-02,-7.612605392932891846e-02,-4.679290950298309326e-01,4.592915773391723633e-01,1.916590183973312378e-01,-4.698642492294311523e-01,-2.670722641050815582e-02,1.363318115472793579e-01,5.724725723266601562e-01,-2.438349127769470215e-01,-4.092682898044586182e-01,2.133410237729549408e-02,5.231043696403503418e-01,-3.510365486145019531e-01,-4.644868373870849609e-01,4.408817887306213379e-01,4.026612639427185059e-01,-4.830237627029418945e-01,-8.732061088085174561e-02,-3.822684884071350098e-01,-1.470824480056762695e-01,3.280023857951164246e-02,4.042765796184539795e-01,4.928084015846252441e-01,1.219380721449851990e-01,-1.043415218591690063e-01,1.500630974769592285e-01,8.584390580654144287e-02,7.351288199424743652e-02,-3.375774323940277100e-01,6.264548003673553467e-02,3.493114560842514038e-02,5.847167372703552246e-01,-2.987447679042816162e-01,-2.515576034784317017e-02,2.249695211648941040e-01,3.445258438587188721e-01,9.596443176269531250e-02,-5.783917009830474854e-02,-7.963117212057113647e-03,-6.908529996871948242e-02,-1.066256687045097351e-01,1.508277058601379395e-01,1.649597659707069397e-02,-5.010925531387329102e-01,5.021609067916870117e-01,-8.547135442495346069e-02,4.723641276359558105e-01,3.166960924863815308e-02,1.915512830018997192e-01,-4.909814894199371338e-01,8.192323148250579834e-02,4.520905911922454834e-01,1.788924098946154118e-03,-5.445678234100341797e-01,5.165397003293037415e-02,4.957098364830017090e-01,-5.284932255744934082e-01,-6.802398711442947388e-04,4.834345281124114990e-01,7.542499224655330181e-04,5.051639080047607422e-01,4.305680692195892334e-01,-1.973887383937835693e-01,-7.343417033553123474e-03,-3.190530240535736084e-01,-4.517051279544830322e-01,1.444855332374572754e-01,2.348277159035205841e-02,3.371275663375854492e-01,-1.284806281328201294e-01,4.642078876495361328e-01,3.375975787639617920e-02,-1.958755701780319214e-01,1.285885809920728207e-05,4.487013518810272217e-01,-4.471443891525268555e-01,3.332163989543914795e-01,-3.196730017662048340e-01,5.387117862701416016e-01,4.839952290058135986e-01,-5.323320627212524414e-01,-1.223629713058471680e-01,3.537860214710235596e-01,4.384522438049316406e-01,1.138815507292747498e-01,1.116408314555883408e-02,-3.579739034175872803e-01,3.412495255470275879e-01,4.759606420993804932e-01,-2.467903047800064087e-01,-5.114619731903076172e-01,4.595408141613006592e-01,-3.322884440422058105e-01,-1.221522465348243713e-01,5.237356424331665039e-01,-2.621178328990936279e-01,-3.160860538482666016e-01,-4.265733957290649414e-01,-4.079924523830413818e-01,1.050589010119438171e-01,3.873824179172515869e-01,3.161762356758117676e-01,3.125931252725422382e-04,-3.154454231262207031e-01
