9.999980926513671875e-01,-9.999983906745910645e-01,-9.999851584434509277e-01,9.999982714653015137e-01,9.999988079071044922e-01,-9.999986290931701660e-01,9.999942779541015625e-01,9.999989867210388184e-01,-9.999970197677612305e-01,9.999968409538269043e-01,-9.999975562095642090e-01,-9.999989271163940430e-01,9.999981522560119629e-01,9.999978542327880859e-01,9.999598860740661621e-01,9.999976754188537598e-01,9.999977350234985352e-01,-9.999985694885253906e-01,9.999868273735046387e-01,-9.999990463256835938e-01,-9.999988675117492676e-01,9.999845623970031738e-01,9.999979138374328613e-01,9.999985098838806152e-01,9.999893307685852051e-01,9.999990463256835938e-01,-9.999985098838806152e-01,-9.999989271163940430e-01,9.999738931655883789e-01,-9.999963045120239258e-01,-9.999954104423522949e-01,-9.999985098838806152e-01,9.999945759773254395e-01,9.999976158142089844e-01,-9.999965429306030273e-01,-9.999904632568359375e-01,9.999989271163940430e-01,9.999985694885253906e-01,9.999926090240478516e-01,-9.999988675117492676e-01,9.999983906745910645e-01,-9.999971389770507812e-01,9.999347925186157227e-01,9.999986290931701660e-01,9.999971985816955566e-01,9.999978542327880859e-01,9.999923110008239746e-01,9.999979734420776367e-01,9.999987483024597168e-01,-9.999985098838806152e-01,-9.999987483024597168e-01,-9.999973773956298828e-01,-9.999985098838806152e-01,-9.999903440475463867e-01,-9.999960064888000488e-01,-9.999978542327880859e-01,-9.999975562095642090e-01,9.999588727951049805e-01,9.999977946281433105e-01,9.999980926513671875e-01,-9.999966025352478027e-01,9.999988675117492676e-01,9.999982714653015137e-01,9.999948740005493164e-01,-9.999955892562866211e-01,-9.999988079071044922e-01,-9.999989271163940430e-01,-9.999936223030090332e-01,-9.999984502792358398e-01,9.999988079071044922e-01,-9.999986886978149414e-01,9.999979138374328613e-01,9.999966025352478027e-01,-9.999893307685852051e-01,-3.895373642444610596e-01,-9.999982118606567383e-01,9.999909400939941406e-01,9.999985098838806152e-01,-9.999901652336120605e-01,-9.999970793724060059e-01,-9.999591112136840820e-01,9.999974966049194336e-01,-9.999987483024597168e-01,9.999923706054687500e-01,-9.999983906745910645e-01,-9.999824166297912598e-01,9.999917149543762207e-01,9.999987483024597168e-01,-9.999447464942932129e-01,9.999972581863403320e-01,-9.999982714653015137e-01,9.999983906745910645e-01,-9.999731779098510742e-01,-9.999980926513671875e-01,9.999984502792358398e-01,-9.999977946281433105e-01,-9.999889135360717773e-01,9.999988675117492676e-01,-9.999986886978149414e-01,9.999877810478210449e-01,-9.999972581863403320e-01,9.999986886978149414e-01,-9.999805688858032227e-01,-9.999774098396301270e-01,9.999985098838806152e-01,9.999964833259582520e-01,9.999693036079406738e-01,-9.999974966049194336e-01,-9.999945163726806641e-01,9.999985694885253906e-01,-9.999976158142089844e-01,9.999985098838806152e-01,-9.999980330467224121e-01,-9.999889135360717773e-01,9.999990463256835938e-01,-9.999983310699462891e-01,9.999986886978149414e-01,-9.999986886978149414e-01,-9.999930262565612793e-01,-9.999980330467224121e-01,-9.999988079071044922e-01,9.999955296516418457e-01,9.999986290931701660e-01,-9.999973177909851074e-01,9.999533891677856445e-01,-9.999951720237731934e-01,9.999764561653137207e-01,-9.999976158142089844e-01
-9.999983906745910645e-01,9.999983906745910645e-01,9.999864101409912109e-01,-9.999983310699462891e-01,-9.999988675117492676e-01,9.999986886978149414e-01,-9.999947547912597656e-01,-9.999991059303283691e-01,9.999971985816955566e-01,-9.999971389770507812e-01,9.999977350234985352e-01,9.999989271163940430e-01,-9.999982118606567383e-01,-9.999980330467224121e-01,-9.999638795852661133e-01,-9.999979138374328613e-01,-9.999978542327880859e-01,9.999986290931701660e-01,-9.999881386756896973e-01,9.999991655349731445e-01,9.999989867210388184e-01,-9.999859929084777832e-01,-9.999980330467224121e-01,-9.999986886978149414e-01,-9.999902844429016113e-01,-9.999991059303283691e-01,9.999985694885253906e-01,9.999989867210388184e-01,-9.999765157699584961e-01,9.999965429306030273e-01,9.999958276748657227e-01,9.999985694885253906e-01,-9.999949336051940918e-01,-9.999978542327880859e-01,9.999967813491821289e-01,9.999912977218627930e-01,-9.999991059303283691e-01,-9.999986290931701660e-01,-9.999932646751403809e-01,9.999989867210388184e-01,-9.999985694885253906e-01,9.999973773956298828e-01,-9.999412298202514648e-01,-9.999987483024597168e-01,-9.999973773956298828e-01,-9.999980330467224121e-01,-9.999929666519165039e-01,-9.999980926513671875e-01,-9.999988675117492676e-01,9.999986886978149414e-01,9.999988675117492676e-01,9.999975562095642090e-01,9.999986886978149414e-01,9.999912381172180176e-01,9.999964237213134766e-01,9.999979734420776367e-01,9.999977350234985352e-01,-9.999629259109497070e-01,-9.999980330467224121e-01,-9.999982714653015137e-01,9.999968409538269043e-01,-9.999989271163940430e-01,-9.999983906745910645e-01,-9.999952316284179688e-01,9.999959468841552734e-01,9.999989271163940430e-01,9.999991059303283691e-01,9.999941587448120117e-01,9.999986290931701660e-01,-9.999988675117492676e-01,9.999986886978149414e-01,-9.999980926513671875e-01,-9.999969601631164551e-01,9.999904036521911621e-01,3.895897865295410156e-01,9.999982714653015137e-01,-9.999917745590209961e-01,-9.999986290931701660e-01,9.999911189079284668e-01,9.999972581863403320e-01,9.999631643295288086e-01,-9.999977350234985352e-01,9.999988675117492676e-01,-9.999930262565612793e-01,9.999984502792358398e-01,9.999840855598449707e-01,-9.999926090240478516e-01,-9.999988675117492676e-01,9.999501705169677734e-01,-9.999974966049194336e-01,9.999983310699462891e-01,-9.999984502792358398e-01,9.999756813049316406e-01,9.999982714653015137e-01,-9.999985694885253906e-01,9.999979138374328613e-01,9.999900460243225098e-01,-9.999989271163940430e-01,9.999988675117492676e-01,-9.999889135360717773e-01,9.999974370002746582e-01,-9.999987483024597168e-01,9.999823570251464844e-01,9.999795556068420410e-01,-9.999986290931701660e-01,-9.999968409538269043e-01,-9.999722242355346680e-01,9.999977350234985352e-01,9.999950528144836426e-01,-9.999986290931701660e-01,9.999978542327880859e-01,-9.999986290931701660e-01,9.999981522560119629e-01,9.999899268150329590e-01,-9.999992251396179199e-01,9.999985098838806152e-01,-9.999987483024597168e-01,9.999988079071044922e-01,9.999937415122985840e-01,9.999981522560119629e-01,9.999988675117492676e-01,-9.999958872795104980e-01,-9.999986886978149414e-01,9.999974966049194336e-01,-9.999579191207885742e-01,9.999956488609313965e-01,-9.999787807464599609e-01,9.999977946281433105e-01
-9.999851584434509277e-01,9.999864101409912109e-01,9.998794198036193848e-01,-9.999852180480957031e-01,-9.999907016754150391e-01,9.999885559082031250e-01,-9.999529719352722168e-01,-9.999915957450866699e-01,9.999755024909973145e-01,-9.999750852584838867e-01,9.999806880950927734e-01,9.999906420707702637e-01,-9.999845027923583984e-01,-9.999827146530151367e-01,-9.996769428253173828e-01,-9.999811649322509766e-01,-9.999814033508300781e-01,9.999881982803344727e-01,-9.998931288719177246e-01,9.999920129776000977e-01,9.999909400939941406e-01,-9.998747110366821289e-01,-9.999836683273315430e-01,-9.999877214431762695e-01,-9.999139308929443359e-01,-9.999917745590209961e-01,9.999876618385314941e-01,9.999908208847045898e-01,-9.997905492782592773e-01,9.999703764915466309e-01,9.999631643295288086e-01,9.999882578849792480e-01,-9.999554753303527832e-01,-9.999809861183166504e-01,9.999719262123107910e-01,9.999225139617919922e-01,-9.999915957450866699e-01,-9.999888539314270020e-01,-9.999404549598693848e-01,9.999905824661254883e-01,-9.999873042106628418e-01,9.999767541885375977e-01,-9.994755387306213379e-01,-9.999889135360717773e-01,-9.999777674674987793e-01,-9.999826550483703613e-01,-9.999368786811828613e-01,-9.999832510948181152e-01,-9.999899268150329590e-01,9.999883174896240234e-01,9.999893307685852051e-01,9.999785423278808594e-01,9.999884366989135742e-01,9.999219775199890137e-01,9.999683499336242676e-01,9.999830722808837891e-01,9.999806284904479980e-01,-9.996692538261413574e-01,-9.999826550483703613e-01,-9.999846816062927246e-01,9.999730587005615234e-01,-9.999910593032836914e-01,-9.999856352806091309e-01,-9.999582171440124512e-01,9.999642372131347656e-01,9.999901652336120605e-01,9.999914169311523438e-01,9.999486207962036133e-01,9.999876618385314941e-01,-9.999903440475463867e-01,9.999890327453613281e-01,-9.999831914901733398e-01,-9.999730587005615234e-01,9.999141693115234375e-01,3.858323097229003906e-01,9.999848604202270508e-01,-9.999266862869262695e-01,-9.999881982803344727e-01,9.999209642410278320e-01,9.999762177467346191e-01,9.996706843376159668e-01,-9.999794960021972656e-01,9.999899268150329590e-01,-9.999383091926574707e-01,9.999862313270568848e-01,9.998577237129211426e-01,-9.999327063560485840e-01,-9.999901056289672852e-01,9.995557069778442383e-01,-9.999783635139465332e-01,9.999853372573852539e-01,-9.999865293502807617e-01,9.997829198837280273e-01,9.999846816062927246e-01,-9.999879002571105957e-01,9.999817609786987305e-01,9.999108314514160156e-01,-9.999909400939941406e-01,9.999898076057434082e-01,-9.999006986618041992e-01,9.999780654907226562e-01,-9.999890327453613281e-01,9.998430013656616211e-01,9.998174905776977539e-01,-9.999876618385314941e-01,-9.999721646308898926e-01,-9.997520446777343750e-01,9.999802708625793457e-01,9.999552369117736816e-01,-9.999880194664001465e-01,9.999817013740539551e-01,-9.999881386756896973e-01,9.999838471412658691e-01,9.999098777770996094e-01,-9.999918937683105469e-01,9.999868869781494141e-01,-9.999889731407165527e-01,9.999896883964538574e-01,9.999437928199768066e-01,9.999844431877136230e-01,9.999904036521911621e-01,-9.999638795852661133e-01,-9.999889135360717773e-01,9.999786019325256348e-01,-9.996244311332702637e-01,9.999607801437377930e-01,-9.998102784156799316e-01,9.999812841415405273e-01
9.999982714653015137e-01,-9.999983310699462891e-01,-9.999852180480957031e-01,9.999981522560119629e-01,9.999988675117492676e-01,-9.999985694885253906e-01,9.999943375587463379e-01,9.999989271163940430e-01,-9.999970197677612305e-01,9.999969601631164551e-01,-9.999976158142089844e-01,-9.999989271163940430e-01,9.999981522560119629e-01,9.999978542327880859e-01,9.999602437019348145e-01,9.999977350234985352e-01,9.999976754188537598e-01,-9.999986290931701660e-01,9.999869465827941895e-01,-9.999990463256835938e-01,-9.999988675117492676e-01,9.999846220016479492e-01,9.999979734420776367e-01,9.999984502792358398e-01,9.999894499778747559e-01,9.999990463256835938e-01,-9.999984502792358398e-01,-9.999989271163940430e-01,9.999743103981018066e-01,-9.999964237213134766e-01,-9.999954700469970703e-01,-9.999984502792358398e-01,9.999946355819702148e-01,9.999976754188537598e-01,-9.999964833259582520e-01,-9.999905824661254883e-01,9.999989271163940430e-01,9.999986290931701660e-01,9.999926686286926270e-01,-9.999988675117492676e-01,9.999983906745910645e-01,-9.999971985816955566e-01,9.999355673789978027e-01,9.999986886978149414e-01,9.999972581863403320e-01,9.999979138374328613e-01,9.999923706054687500e-01,9.999979734420776367e-01,9.999987483024597168e-01,-9.999985694885253906e-01,-9.999987483024597168e-01,-9.999973773956298828e-01,-9.999985694885253906e-01,-9.999903440475463867e-01,-9.999960660934448242e-01,-9.999979138374328613e-01,-9.999976158142089844e-01,9.999593496322631836e-01,9.999978542327880859e-01,9.999980926513671875e-01,-9.999966621398925781e-01,9.999988675117492676e-01,9.999982118606567383e-01,9.999948740005493164e-01,-9.999956488609313965e-01,-9.999987483024597168e-01,-9.999989271163940430e-01,-9.999936819076538086e-01,-9.999984502792358398e-01,9.999988079071044922e-01,-9.999986290931701660e-01,9.999979734420776367e-01,9.999966621398925781e-01,-9.999895691871643066e-01,-3.895432651042938232e-01,-9.999982118606567383e-01,9.999910593032836914e-01,9.999985098838806152e-01,-9.999902844429016113e-01,-9.999970793724060059e-01,-9.999595880508422852e-01,9.999974966049194336e-01,-9.999987483024597168e-01,9.999924302101135254e-01,-9.999983906745910645e-01,-9.999825358390808105e-01,9.999917745590209961e-01,9.999988675117492676e-01,-9.999453425407409668e-01,9.999973177909851074e-01,-9.999982714653015137e-01,9.999983906745910645e-01,-9.999733567237854004e-01,-9.999982118606567383e-01,9.999985098838806152e-01,-9.999977946281433105e-01,-9.999890327453613281e-01,9.999988079071044922e-01,-9.999988079071044922e-01,9.999879002571105957e-01,-9.999972581863403320e-01,9.999986886978149414e-01,-9.999807476997375488e-01,-9.999775886535644531e-01,9.999984502792358398e-01,9.999965429306030273e-01,9.999696612358093262e-01,-9.999975562095642090e-01,-9.999945163726806641e-01,9.999985098838806152e-01,-9.999977350234985352e-01,9.999985098838806152e-01,-9.999979734420776367e-01,-9.999889135360717773e-01,9.999990463256835938e-01,-9.999983906745910645e-01,9.999986290931701660e-01,-9.999986886978149414e-01,-9.999931454658508301e-01,-9.999980330467224121e-01,-9.999987483024597168e-01,9.999955892562866211e-01,9.999986886978149414e-01,-9.999973177909851074e-01,9.999538064002990723e-01,-9.999952316284179688e-01,9.999766945838928223e-01,-9.999976754188537598e-01
9.999988079071044922e-01,-9.999988675117492676e-01,-9.999907016754150391e-01,9.999988675117492676e-01,9.999992847442626953e-01,-9.999991655349731445e-01,9.999963045120239258e-01,9.999992847442626953e-01,-9.999980926513671875e-01,9.999980330467224121e-01,-9.999983906745910645e-01,-9.999993443489074707e-01,9.999988079071044922e-01,9.999986290931701660e-01,9.999751448631286621e-01,9.999985098838806152e-01,9.999985694885253906e-01,-9.999991059303283691e-01,9.999918341636657715e-01,-9.999993443489074707e-01,-9.999993443489074707e-01,9.999902844429016113e-01,9.999986290931701660e-01,9.999991059303283691e-01,9.999932646751403809e-01,9.999994039535522461e-01,-9.999991059303283691e-01,-9.999993443489074707e-01,9.999837875366210938e-01,-9.999976158142089844e-01,-9.999971389770507812e-01,-9.999990463256835938e-01,9.999965429306030273e-01,9.999985098838806152e-01,-9.999977946281433105e-01,-9.999939203262329102e-01,9.999993443489074707e-01,9.999990463256835938e-01,9.999954104423522949e-01,-9.999992847442626953e-01,9.999990463256835938e-01,-9.999980926513671875e-01,9.999594688415527344e-01,9.999991655349731445e-01,9.999982714653015137e-01,9.999987483024597168e-01,9.999951124191284180e-01,9.999986886978149414e-01,9.999992847442626953e-01,-9.999991655349731445e-01,-9.999992251396179199e-01,-9.999983310699462891e-01,-9.999991655349731445e-01,-9.999939203262329102e-01,-9.999974370002746582e-01,-9.999985694885253906e-01,-9.999985098838806152e-01,9.999744892120361328e-01,9.999986290931701660e-01,9.999988079071044922e-01,-9.999978542327880859e-01,9.999993443489074707e-01,9.999989271163940430e-01,9.999967217445373535e-01,-9.999971389770507812e-01,-9.999993443489074707e-01,-9.999993443489074707e-01,-9.999960064888000488e-01,-9.999989867210388184e-01,9.999992847442626953e-01,-9.999991655349731445e-01,9.999986886978149414e-01,9.999979138374328613e-01,-9.999933838844299316e-01,-3.897384703159332275e-01,-9.999988675117492676e-01,9.999943971633911133e-01,9.999991059303283691e-01,-9.999938011169433594e-01,-9.999981522560119629e-01,-9.999746084213256836e-01,9.999985098838806152e-01,-9.999992847442626953e-01,9.999951720237731934e-01,-9.999989271163940430e-01,-9.999889135360717773e-01,9.999948143959045410e-01,9.999992847442626953e-01,-9.999656677246093750e-01,9.999982118606567383e-01,-9.999988675117492676e-01,9.999989271163940430e-01,-9.999832510948181152e-01,-9.999988079071044922e-01,9.999991059303283691e-01,-9.999985694885253906e-01,-9.999930262565612793e-01,9.999992251396179199e-01,-9.999991655349731445e-01,9.999923706054687500e-01,-9.999981522560119629e-01,9.999991059303283691e-01,-9.999877810478210449e-01,-9.999859333038330078e-01,9.999991059303283691e-01,9.999977350234985352e-01,9.999808073043823242e-01,-9.999983906745910645e-01,-9.999964833259582520e-01,9.999991059303283691e-01,-9.999984502792358398e-01,9.999991059303283691e-01,-9.999987483024597168e-01,-9.999930262565612793e-01,9.999994039535522461e-01,-9.999989271163940430e-01,9.999991655349731445e-01,-9.999992251396179199e-01,-9.999955892562866211e-01,-9.999988079071044922e-01,-9.999992251396179199e-01,9.999970793724060059e-01,9.999991655349731445e-01,-9.999982118606567383e-01,9.999710321426391602e-01,-9.999969005584716797e-01,9.999852776527404785e-01,-9.999984502792358398e-01
-9.999986290931701660e-01,9.999986886978149414e-01,9.999885559082031250e-01,-9.999985694885253906e-01,-9.999991655349731445e-01,9.999989271163940430e-01,-9.999956488609313965e-01,-9.999992251396179199e-01,9.999975562095642090e-01,-9.999976158142089844e-01,9.999981522560119629e-01,9.999991655349731445e-01,-9.999985098838806152e-01,-9.999982714653015137e-01,-9.999695420265197754e-01,-9.999982714653015137e-01,-9.999980926513671875e-01,9.999988675117492676e-01,-9.999899864196777344e-01,9.999992847442626953e-01,9.999991059303283691e-01,-9.999881982803344727e-01,-9.999983310699462891e-01,-9.999988079071044922e-01,-9.999918341636657715e-01,-9.999992847442626953e-01,9.999988079071044922e-01,9.999991655349731445e-01,-9.999802708625793457e-01,9.999971985816955566e-01,9.999963641166687012e-01,9.999988079071044922e-01,-9.999957680702209473e-01,-9.999981522560119629e-01,9.999973177909851074e-01,9.999927878379821777e-01,-9.999992251396179199e-01,-9.999988675117492676e-01,-9.999942779541015625e-01,9.999991655349731445e-01,-9.999988079071044922e-01,9.999976754188537598e-01,-9.999504089355468750e-01,-9.999989867210388184e-01,-9.999978542327880859e-01,-9.999984502792358398e-01,-9.999940395355224609e-01,-9.999983906745910645e-01,-9.999991059303283691e-01,9.999988675117492676e-01,9.999990463256835938e-01,9.999979734420776367e-01,9.999988079071044922e-01,9.999925494194030762e-01,9.999969601631164551e-01,9.999983906745910645e-01,9.999981522560119629e-01,-9.999688267707824707e-01,-9.999983310699462891e-01,-9.999986290931701660e-01,9.999974370002746582e-01,-9.999991655349731445e-01,-9.999986290931701660e-01,-9.999961256980895996e-01,9.999966025352478027e-01,9.999992251396179199e-01,9.999992251396179199e-01,9.999951720237731934e-01,9.999987483024597168e-01,-9.999991059303283691e-01,9.999989271163940430e-01,-9.999983906745910645e-01,-9.999973773956298828e-01,9.999918937683105469e-01,3.896649479866027832e-01,9.999985098838806152e-01,-9.999930858612060547e-01,-9.999988675117492676e-01,9.999925494194030762e-01,9.999977946281433105e-01,9.999689459800720215e-01,-9.999981522560119629e-01,9.999991059303283691e-01,-9.999941587448120117e-01,9.999986886978149414e-01,9.999865889549255371e-01,-9.999937415122985840e-01,-9.999991059303283691e-01,9.999580979347229004e-01,-9.999978542327880859e-01,9.999985694885253906e-01,-9.999986886978149414e-01,9.999794960021972656e-01,9.999985098838806152e-01,-9.999988675117492676e-01,9.999982714653015137e-01,9.999915361404418945e-01,-9.999991655349731445e-01,9.999991059303283691e-01,-9.999906420707702637e-01,9.999978542327880859e-01,-9.999989271163940430e-01,9.999850988388061523e-01,9.999827742576599121e-01,-9.999988079071044922e-01,-9.999973177909851074e-01,-9.999766349792480469e-01,9.999980926513671875e-01,9.999957680702209473e-01,-9.999988079071044922e-01,9.999981522560119629e-01,-9.999988675117492676e-01,9.999983310699462891e-01,9.999914765357971191e-01,-9.999992847442626953e-01,9.999986886978149414e-01,-9.999989271163940430e-01,9.999990463256835938e-01,9.999946951866149902e-01,9.999985098838806152e-01,9.999991655349731445e-01,-9.999964237213134766e-01,-9.999988675117492676e-01,9.999979734420776367e-01,-9.999644160270690918e-01,9.999963641166687012e-01,-9.999821186065673828e-01,9.999980926513671875e-01
9.999942779541015625e-01,-9.999947547912597656e-01,-9.999529719352722168e-01,9.999943375587463379e-01,9.999963045120239258e-01,-9.999956488609313965e-01,9.999817013740539551e-01,9.999966621398925781e-01,-9.999904632568359375e-01,9.999903440475463867e-01,-9.999923706054687500e-01,-9.999963045120239258e-01,9.999939799308776855e-01,9.999932646751403809e-01,9.998740553855895996e-01,9.999927282333374023e-01,9.999926686286926270e-01,-9.999954104423522949e-01,9.999583363533020020e-01,-9.999968409538269043e-01,-9.999964237213134766e-01,9.999512434005737305e-01,9.999936223030090332e-01,9.999952316284179688e-01,9.999663829803466797e-01,9.999968409538269043e-01,-9.999951720237731934e-01,-9.999963641166687012e-01,9.999182820320129395e-01,-9.999884963035583496e-01,-9.999855756759643555e-01,-9.999954104423522949e-01,9.999827146530151367e-01,9.999926686286926270e-01,-9.999890327453613281e-01,-9.999698400497436523e-01,9.999967217445373535e-01,9.999957084655761719e-01,9.999768733978271484e-01,-9.999963045120239258e-01,9.999951124191284180e-01,-9.999909400939941406e-01,9.997954368591308594e-01,9.999957680702209473e-01,9.999913573265075684e-01,9.999933242797851562e-01,9.999755024909973145e-01,9.999935030937194824e-01,9.999960064888000488e-01,-9.999954104423522949e-01,-9.999958872795104980e-01,-9.999917149543762207e-01,-9.999954700469970703e-01,-9.999696612358093262e-01,-9.999876618385314941e-01,-9.999933838844299316e-01,-9.999923706054687500e-01,9.998710751533508301e-01,9.999932646751403809e-01,9.999940991401672363e-01,-9.999895095825195312e-01,9.999964237213134766e-01,9.999945163726806641e-01,9.999837279319763184e-01,-9.999859929084777832e-01,-9.999960660934448242e-01,-9.999966025352478027e-01,-9.999800920486450195e-01,-9.999952316284179688e-01,9.999960660934448242e-01,-9.999957680702209473e-01,9.999935626983642578e-01,9.999895095825195312e-01,-9.999665021896362305e-01,-3.884054720401763916e-01,-9.999941587448120117e-01,9.999715089797973633e-01,9.999954104423522949e-01,-9.999692440032958984e-01,-9.999907612800598145e-01,-9.998716115951538086e-01,9.999920129776000977e-01,-9.999960064888000488e-01,9.999759793281555176e-01,-9.999946951866149902e-01,-9.999444484710693359e-01,9.999738931655883789e-01,9.999960660934448242e-01,-9.998267889022827148e-01,9.999915957450866699e-01,-9.999942779541015625e-01,9.999948143959045410e-01,-9.999153614044189453e-01,-9.999940395355224609e-01,9.999952912330627441e-01,-9.999929666519165039e-01,-9.999651908874511719e-01,9.999964237213134766e-01,-9.999959468841552734e-01,9.999613165855407715e-01,-9.999914765357971191e-01,9.999957680702209473e-01,-9.999387264251708984e-01,-9.999288320541381836e-01,9.999952912330627441e-01,9.999892115592956543e-01,9.999032020568847656e-01,-9.999923110008239746e-01,-9.999826550483703613e-01,9.999953508377075195e-01,-9.999928474426269531e-01,9.999953508377075195e-01,-9.999936819076538086e-01,-9.999648928642272949e-01,9.999968409538269043e-01,-9.999948740005493164e-01,9.999957680702209473e-01,-9.999960064888000488e-01,-9.999781847000122070e-01,-9.999939203262329102e-01,-9.999962449073791504e-01,9.999859929084777832e-01,9.999956488609313965e-01,-9.999916553497314453e-01,9.998535513877868652e-01,-9.999846816062927246e-01,9.999259710311889648e-01,-9.999927282333374023e-01
9.999989867210388184e-01,-9.999991059303283691e-01,-9.999915957450866699e-01,9.999989271163940430e-01,9.999992847442626953e-01,-9.999992251396179199e-01,9.999966621398925781e-01,9.999994635581970215e-01,-9.999982714653015137e-01,9.999982118606567383e-01,-9.999986290931701660e-01,-9.999994039535522461e-01,9.999989271163940430e-01,9.999987483024597168e-01,9.999774694442749023e-01,9.999986886978149414e-01,9.999986290931701660e-01,-9.999992251396179199e-01,9.999926686286926270e-01,-9.999994039535522461e-01,-9.999993443489074707e-01,9.999912977218627930e-01,9.999988675117492676e-01,9.999991655349731445e-01,9.999939203262329102e-01,9.999994635581970215e-01,-9.999991655349731445e-01,-9.999994039535522461e-01,9.999853968620300293e-01,-9.999979138374328613e-01,-9.999973177909851074e-01,-9.999991059303283691e-01,9.999968409538269043e-01,9.999986290931701660e-01,-9.999980330467224121e-01,-9.999946355819702148e-01,9.999994635581970215e-01,9.999992847442626953e-01,9.999958276748657227e-01,-9.999993443489074707e-01,9.999992847442626953e-01,-9.999983310699462891e-01,9.999634027481079102e-01,9.999993443489074707e-01,9.999984502792358398e-01,9.999987483024597168e-01,9.999956488609313965e-01,9.999988079071044922e-01,9.999994039535522461e-01,-9.999992251396179199e-01,-9.999992847442626953e-01,-9.999985098838806152e-01,-9.999991059303283691e-01,-9.999945759773254395e-01,-9.999977350234985352e-01,-9.999987483024597168e-01,-9.999986290931701660e-01,9.999769330024719238e-01,9.999987483024597168e-01,9.999989271163940430e-01,-9.999980926513671875e-01,9.999994039535522461e-01,9.999990463256835938e-01,9.999971389770507812e-01,-9.999973773956298828e-01,-9.999994039535522461e-01,-9.999994039535522461e-01,-9.999963641166687012e-01,-9.999991655349731445e-01,9.999992847442626953e-01,-9.999992847442626953e-01,9.999988079071044922e-01,9.999980926513671875e-01,-9.999940991401672363e-01,-3.897703886032104492e-01,-9.999989867210388184e-01,9.999948740005493164e-01,9.999992251396179199e-01,-9.999945163726806641e-01,-9.999983310699462891e-01,-9.999771118164062500e-01,9.999986290931701660e-01,-9.999993443489074707e-01,9.999957084655761719e-01,-9.999991059303283691e-01,-9.999901652336120605e-01,9.999952912330627441e-01,9.999993443489074707e-01,-9.999690055847167969e-01,9.999983906745910645e-01,-9.999990463256835938e-01,9.999991059303283691e-01,-9.999849796295166016e-01,-9.999989867210388184e-01,9.999991059303283691e-01,-9.999986886978149414e-01,-9.999936819076538086e-01,9.999993443489074707e-01,-9.999993443489074707e-01,9.999930858612060547e-01,-9.999984502792358398e-01,9.999992847442626953e-01,-9.999890327453613281e-01,-9.999873638153076172e-01,9.999991059303283691e-01,9.999980330467224121e-01,9.999827146530151367e-01,-9.999986290931701660e-01,-9.999968409538269043e-01,9.999992251396179199e-01,-9.999986886978149414e-01,9.999992251396179199e-01,-9.999988675117492676e-01,-9.999937415122985840e-01,9.999994635581970215e-01,-9.999991059303283691e-01,9.999992847442626953e-01,-9.999992847442626953e-01,-9.999960064888000488e-01,-9.999989271163940430e-01,-9.999992847442626953e-01,9.999974370002746582e-01,9.999992847442626953e-01,-9.999983906745910645e-01,9.999738335609436035e-01,-9.999973177909851074e-01,9.999867677688598633e-01,-9.999986886978149414e-01
-9.999970197677612305e-01,9.999971985816955566e-01,9.999755024909973145e-01,-9.999970197677612305e-01,-9.999980926513671875e-01,9.999975562095642090e-01,-9.999904632568359375e-01,-9.999982714653015137e-01,9.999949932098388672e-01,-9.999949336051940918e-01,9.999960064888000488e-01,9.999980926513671875e-01,-9.999967813491821289e-01,-9.999963045120239258e-01,-9.999341964721679688e-01,-9.999961256980895996e-01,-9.999961853027343750e-01,9.999975562095642090e-01,-9.999783635139465332e-01,9.999983310699462891e-01,9.999981522560119629e-01,-9.999745488166809082e-01,-9.999966025352478027e-01,-9.999974966049194336e-01,-9.999824762344360352e-01,-9.999982714653015137e-01,9.999974370002746582e-01,9.999980926513671875e-01,-9.999572634696960449e-01,9.999939799308776855e-01,9.999925494194030762e-01,9.999974966049194336e-01,-9.999908804893493652e-01,-9.999960660934448242e-01,9.999942779541015625e-01,9.999842643737792969e-01,-9.999983310699462891e-01,-9.999976754188537598e-01,-9.999879002571105957e-01,9.999980330467224121e-01,-9.999973773956298828e-01,9.999951720237731934e-01,-9.998931288719177246e-01,-9.999977350234985352e-01,-9.999954700469970703e-01,-9.999964237213134766e-01,-9.999872446060180664e-01,-9.999966621398925781e-01,-9.999979138374328613e-01,9.999974966049194336e-01,9.999977946281433105e-01,9.999956488609313965e-01,9.999976158142089844e-01,9.999841451644897461e-01,9.999935626983642578e-01,9.999964833259582520e-01,9.999960064888000488e-01,-9.999325871467590332e-01,-9.999965429306030273e-01,-9.999968409538269043e-01,9.999945163726806641e-01,-9.999981522560119629e-01,-9.999970197677612305e-01,-9.999915957450866699e-01,9.999927282333374023e-01,9.999979734420776367e-01,9.999982118606567383e-01,9.999895691871643066e-01,9.999973773956298828e-01,-9.999980330467224121e-01,9.999977350234985352e-01,-9.999966025352478027e-01,-9.999945163726806641e-01,9.999825954437255859e-01,3.891987204551696777e-01,9.999969601631164551e-01,-9.999850988388061523e-01,-9.999974966049194336e-01,9.999838471412658691e-01,9.999951124191284180e-01,9.999329447746276855e-01,-9.999958872795104980e-01,9.999979138374328613e-01,-9.999873638153076172e-01,9.999972581863403320e-01,9.999710917472839355e-01,-9.999862909317016602e-01,-9.999979734420776367e-01,9.999094605445861816e-01,-9.999954700469970703e-01,9.999970793724060059e-01,-9.999971985816955566e-01,9.999557733535766602e-01,9.999968409538269043e-01,-9.999974966049194336e-01,9.999962449073791504e-01,9.999818801879882812e-01,-9.999981522560119629e-01,9.999979138374328613e-01,-9.999799132347106934e-01,9.999954700469970703e-01,-9.999977350234985352e-01,9.999680519104003906e-01,9.999628067016601562e-01,-9.999974370002746582e-01,-9.999943375587463379e-01,-9.999493956565856934e-01,9.999960064888000488e-01,9.999908804893493652e-01,-9.999974966049194336e-01,9.999961256980895996e-01,-9.999975562095642090e-01,9.999966621398925781e-01,9.999817013740539551e-01,-9.999983906745910645e-01,9.999972581863403320e-01,-9.999977946281433105e-01,9.999978542327880859e-01,9.999886155128479004e-01,9.999967813491821289e-01,9.999980330467224121e-01,-9.999926686286926270e-01,-9.999976158142089844e-01,9.999955892562866211e-01,-9.999234676361083984e-01,9.999921321868896484e-01,-9.999613165855407715e-01,9.999961256980895996e-01
9.999968409538269043e-01,-9.999971389770507812e-01,-9.999750852584838867e-01,9.999969601631164551e-01,9.999980330467224121e-01,-9.999976158142089844e-01,9.999903440475463867e-01,9.999982118606567383e-01,-9.999949336051940918e-01,9.999948740005493164e-01,-9.999959468841552734e-01,-9.999981522560119629e-01,9.999967217445373535e-01,9.999964833259582520e-01,9.999331235885620117e-01,9.999961256980895996e-01,9.999961256980895996e-01,-9.999974966049194336e-01,9.999780058860778809e-01,-9.999983310699462891e-01,-9.999980926513671875e-01,9.999741315841674805e-01,9.999965429306030273e-01,9.999974966049194336e-01,9.999821782112121582e-01,9.999983906745910645e-01,-9.999973773956298828e-01,-9.999982118606567383e-01,9.999566674232482910e-01,-9.999939203262329102e-01,-9.999924302101135254e-01,-9.999975562095642090e-01,9.999908208847045898e-01,9.999960064888000488e-01,-9.999942183494567871e-01,-9.999840855598449707e-01,9.999983310699462891e-01,9.999976754188537598e-01,9.999877214431762695e-01,-9.999980330467224121e-01,9.999973177909851074e-01,-9.999951720237731934e-01,9.998914003372192383e-01,9.999976754188537598e-01,9.999954104423522949e-01,9.999963641166687012e-01,9.999870657920837402e-01,9.999964833259582520e-01,9.999978542327880859e-01,-9.999975562095642090e-01,-9.999977350234985352e-01,-9.999956488609313965e-01,-9.999974966049194336e-01,-9.999838471412658691e-01,-9.999933242797851562e-01,-9.999964237213134766e-01,-9.999959468841552734e-01,9.999315142631530762e-01,9.999963641166687012e-01,9.999969005584716797e-01,-9.999944567680358887e-01,9.999982118606567383e-01,9.999970793724060059e-01,9.999913573265075684e-01,-9.999926090240478516e-01,-9.999979734420776367e-01,-9.999982118606567383e-01,-9.999894499778747559e-01,-9.999974370002746582e-01,9.999979734420776367e-01,-9.999976754188537598e-01,9.999964833259582520e-01,9.999944567680358887e-01,-9.999823570251464844e-01,-3.891846537590026855e-01,-9.999967813491821289e-01,9.999848604202270508e-01,9.999974966049194336e-01,-9.999836087226867676e-01,-9.999950528144836426e-01,-9.999318718910217285e-01,9.999958276748657227e-01,-9.999979138374328613e-01,9.999872446060180664e-01,-9.999971389770507812e-01,-9.999706149101257324e-01,9.999861121177673340e-01,9.999979138374328613e-01,-9.999080300331115723e-01,9.999954700469970703e-01,-9.999969005584716797e-01,9.999972581863403320e-01,-9.999550580978393555e-01,-9.999969005584716797e-01,9.999973773956298828e-01,-9.999961853027343750e-01,-9.999815821647644043e-01,9.999980926513671875e-01,-9.999978542327880859e-01,9.999795556068420410e-01,-9.999954104423522949e-01,9.999976754188537598e-01,-9.999675154685974121e-01,-9.999622106552124023e-01,9.999974370002746582e-01,9.999942183494567871e-01,9.999486207962036133e-01,-9.999958872795104980e-01,-9.999907612800598145e-01,9.999974966049194336e-01,-9.999960660934448242e-01,9.999974966049194336e-01,-9.999967217445373535e-01,-9.999814629554748535e-01,9.999983906745910645e-01,-9.999972581863403320e-01,9.999976754188537598e-01,-9.999978542327880859e-01,-9.999884366989135742e-01,-9.999967217445373535e-01,-9.999979734420776367e-01,9.999925494194030762e-01,9.999976754188537598e-01,-9.999955296516418457e-01,9.999222159385681152e-01,-9.999919533729553223e-01,9.999607205390930176e-01,-9.999960660934448242e-01
-9.999975562095642090e-01,9.999977350234985352e-01,9.999806880950927734e-01,-9.999976158142089844e-01,-9.999983906745910645e-01,9.999981522560119629e-01,-9.999923706054687500e-01,-9.999986290931701660e-01,9.999960064888000488e-01,-9.999959468841552734e-01,9.999969005584716797e-01,9.999985098838806152e-01,-9.999974966049194336e-01,-9.999971985816955566e-01,-9.999482631683349609e-01,-9.999970197677612305e-01,-9.999969005584716797e-01,9.999980926513671875e-01,-9.999828934669494629e-01,9.999986290931701660e-01,9.999984502792358398e-01,-9.999799728393554688e-01,-9.999972581863403320e-01,-9.999979734420776367e-01,-9.999861717224121094e-01,-9.999985694885253906e-01,9.999979734420776367e-01,9.999985098838806152e-01,-9.999665021896362305e-01,9.999952912330627441e-01,9.999940991401672363e-01,9.999980926513671875e-01,-9.999927878379821777e-01,-9.999969005584716797e-01,9.999954700469970703e-01,9.999876618385314941e-01,-9.999986290931701660e-01,-9.999980926513671875e-01,-9.999904036521911621e-01,9.999984502792358398e-01,-9.999978542327880859e-01,9.999962449073791504e-01,-9.999159574508666992e-01,-9.999980926513671875e-01,-9.999964237213134766e-01,-9.999971985816955566e-01,-9.999899268150329590e-01,-9.999971985816955566e-01,-9.999982714653015137e-01,9.999979734420776367e-01,9.999982714653015137e-01,9.999964237213134766e-01,9.999980330467224121e-01,9.999874830245971680e-01,9.999948740005493164e-01,9.999971985816955566e-01,9.999968409538269043e-01,-9.999470710754394531e-01,-9.999971985816955566e-01,-9.999974966049194336e-01,9.999956488609313965e-01,-9.999985694885253906e-01,-9.999976754188537598e-01,-9.999933242797851562e-01,9.999942183494567871e-01,9.999983906745910645e-01,9.999986290931701660e-01,9.999917149543762207e-01,9.999980330467224121e-01,-9.999984502792358398e-01,9.999982118606567383e-01,-9.999972581863403320e-01,-9.999956488609313965e-01,9.999862909317016602e-01,3.893848955631256104e-01,9.999974966049194336e-01,-9.999882578849792480e-01,-9.999979734420776367e-01,9.999873042106628418e-01,9.999961256980895996e-01,9.999472498893737793e-01,-9.999967813491821289e-01,9.999983906745910645e-01,-9.999900460243225098e-01,9.999977946281433105e-01,9.999772906303405762e-01,-9.999892711639404297e-01,-9.999982714653015137e-01,9.999288916587829590e-01,-9.999964237213134766e-01,9.999976158142089844e-01,-9.999977946281433105e-01,9.999652504920959473e-01,9.999974966049194336e-01,-9.999979138374328613e-01,9.999970197677612305e-01,9.999856352806091309e-01,-9.999984502792358398e-01,9.999982714653015137e-01,-9.999841451644897461e-01,9.999964237213134766e-01,-9.999982118606567383e-01,9.999749064445495605e-01,9.999708533287048340e-01,-9.999979734420776367e-01,-9.999955296516418457e-01,-9.999602437019348145e-01,9.999967813491821289e-01,9.999928474426269531e-01,-9.999979138374328613e-01,9.999969601631164551e-01,-9.999980926513671875e-01,9.999973773956298828e-01,9.999855160713195801e-01,-9.999986886978149414e-01,9.999977946281433105e-01,-9.999982118606567383e-01,9.999983310699462891e-01,9.999909996986389160e-01,9.999974966049194336e-01,9.999983906745910645e-01,-9.999941587448120117e-01,-9.999982118606567383e-01,9.999964237213134766e-01,-9.999397397041320801e-01,9.999938011169433594e-01,-9.999696612358093262e-01,9.999969005584716797e-01
-9.999989271163940430e-01,9.999989271163940430e-01,9.999906420707702637e-01,-9.999989271163940430e-01,-9.999993443489074707e-01,9.999991655349731445e-01,-9.999963045120239258e-01,-9.999994039535522461e-01,9.999980926513671875e-01,-9.999981522560119629e-01,9.999985098838806152e-01,9.999993443489074707e-01,-9.999988079071044922e-01,-9.999986290931701660e-01,-9.999752044677734375e-01,-9.999986290931701660e-01,-9.999984502792358398e-01,9.999991059303283691e-01,-9.999918341636657715e-01,9.999994039535522461e-01,9.999992847442626953e-01,-9.999904036521911621e-01,-9.999987483024597168e-01,-9.999991059303283691e-01,-9.999932646751403809e-01,-9.999994635581970215e-01,9.999991059303283691e-01,9.999994039535522461e-01,-9.999838471412658691e-01,9.999976754188537598e-01,9.999970197677612305e-01,9.999991655349731445e-01,-9.999965429306030273e-01,-9.999985098838806152e-01,9.999977946281433105e-01,9.999941587448120117e-01,-9.999994039535522461e-01,-9.999991655349731445e-01,-9.999954104423522949e-01,9.999994039535522461e-01,-9.999990463256835938e-01,9.999981522560119629e-01,-9.999595284461975098e-01,-9.999992847442626953e-01,-9.999982714653015137e-01,-9.999987483024597168e-01,-9.999952316284179688e-01,-9.999986886978149414e-01,-9.999993443489074707e-01,9.999991655349731445e-01,9.999992847442626953e-01,9.999983310699462891e-01,9.999991655349731445e-01,9.999939799308776855e-01,9.999974966049194336e-01,9.999986886978149414e-01,9.999985098838806152e-01,-9.999745488166809082e-01,-9.999986290931701660e-01,-9.999988675117492676e-01,9.999979138374328613e-01,-9.999993443489074707e-01,-9.999989271163940430e-01,-9.999968409538269043e-01,9.999971389770507812e-01,9.999992847442626953e-01,9.999993443489074707e-01,9.999960064888000488e-01,9.999991059303283691e-01,-9.999992847442626953e-01,9.999991655349731445e-01,-9.999986886978149414e-01,-9.999978542327880859e-01,9.999933838844299316e-01,3.897392153739929199e-01,9.999988675117492676e-01,-9.999944567680358887e-01,-9.999991059303283691e-01,9.999939203262329102e-01,9.999981522560119629e-01,9.999746680259704590e-01,-9.999985098838806152e-01,9.999992847442626953e-01,-9.999951720237731934e-01,9.999989867210388184e-01,9.999890327453613281e-01,-9.999948143959045410e-01,-9.999992847442626953e-01,9.999657273292541504e-01,-9.999982118606567383e-01,9.999988675117492676e-01,-9.999989271163940430e-01,9.999833703041076660e-01,9.999988675117492676e-01,-9.999989867210388184e-01,9.999986290931701660e-01,9.999931454658508301e-01,-9.999993443489074707e-01,9.999992251396179199e-01,-9.999923706054687500e-01,9.999982714653015137e-01,-9.999991655349731445e-01,9.999879002571105957e-01,9.999859333038330078e-01,-9.999991059303283691e-01,-9.999977946281433105e-01,-9.999809265136718750e-01,9.999984502792358398e-01,9.999964833259582520e-01,-9.999991059303283691e-01,9.999985098838806152e-01,-9.999991059303283691e-01,9.999988079071044922e-01,9.999930858612060547e-01,-9.999994635581970215e-01,9.999989867210388184e-01,-9.999991655349731445e-01,9.999992251396179199e-01,9.999957084655761719e-01,9.999988079071044922e-01,9.999992847442626953e-01,-9.999970793724060059e-01,-9.999991655349731445e-01,9.999983310699462891e-01,-9.999710917472839355e-01,9.999970197677612305e-01,-9.999852776527404785e-01,9.999985694885253906e-01
