4.260731637477874756e-01,1.058098021894693375e-02,2.427207492291927338e-02,-1.339574307203292847e-01,3.708169758319854736e-01,-3.760548532009124756e-01,7.752647995948791504e-02,4.572647511959075928e-01,1.233223602175712585e-01,3.085184469819068909e-02,-2.479488402605056763e-01,-2.164956331253051758e-01,-9.968866407871246338e-02,-1.220765989273786545e-03,5.429996922612190247e-02,3.050473034381866455e-01,8.389313705265522003e-03,-4.094969853758811951e-02,1.719138398766517639e-02,-1.572298705577850342e-01,-2.319638729095458984e-01,-1.858624517917633057e-01,-1.414643228054046631e-01,1.042767688632011414e-01,4.166649281978607178e-02,2.681822776794433594e-01,-5.941947549581527710e-02,-3.921974897384643555e-01,1.098745986819267273e-01,-1.364293992519378662e-01,-1.922410279512405396e-01,-1.843624114990234375e-01,-8.239781856536865234e-02,1.471304893493652344e-01,-1.972542516887187958e-02,-1.174934133887290955e-01,1.424580961465835571e-01,1.027125120162963867e-01,-2.988732457160949707e-01,-3.524428606033325195e-01,2.356834858655929565e-01,1.444258689880371094e-01,-7.484529912471771240e-02,2.188594266772270203e-02,-9.973413310945034027e-03,1.939975470304489136e-01,-7.861087471246719360e-02,-2.824829891324043274e-02,1.062063053250312805e-01,-1.226733028888702393e-01,-1.943771988153457642e-01,-2.332023233175277710e-01,2.471751719713211060e-01,5.145499017089605331e-03,3.304747492074966431e-02,-1.780219525098800659e-01,2.158091664314270020e-01,7.293097209185361862e-03,8.431112021207809448e-02,1.582871377468109131e-01,-1.261847913265228271e-01,1.898019313812255859e-01,-1.934078871272504330e-03,2.571853995323181152e-01,1.190133318305015564e-01,-5.672425031661987305e-02,-3.482215404510498047e-01,2.033244520425796509e-01,-1.117709875106811523e-01,3.310801386833190918e-01,-2.967505156993865967e-01,2.273481935262680054e-01,-8.199094980955123901e-02,9.352182969450950623e-03,-1.473470479249954224e-01,-2.106219083070755005e-01,7.981991511769592762e-04,5.005025491118431091e-02,8.587603271007537842e-02,-1.639322191476821899e-01,1.417010575532913208e-01,8.656847785459831357e-05,-2.371190488338470459e-01,-1.549997017718851566e-03,-3.924863040447235107e-01,4.780564457178115845e-02,3.093417584896087646e-01,3.550733206793665886e-03,-3.286970779299736023e-02,1.964845806360244751e-01,-1.783238947391510010e-01,2.777101993560791016e-01,7.802174985408782959e-02,-1.300434917211532593e-01,-1.345471590757369995e-01,-3.301008939743041992e-01,7.832936011254787445e-03,-9.869585483102127910e-06,-2.495565861463546753e-01,1.642131507396697998e-01,-3.363988399505615234e-01,4.002743959426879883e-01,-1.213682815432548523e-01,-2.001509368419647217e-01,9.500331245362758636e-03,1.418651640415191650e-01,1.009484678506851196e-01,8.571285009384155273e-02,-4.256763458251953125e-01,8.216023445129394531e-03,3.138372674584388733e-02,1.159478425979614258e-01,-3.726873546838760376e-02,3.581428900361061096e-02,1.155043467879295349e-01,-1.171561181545257568e-01,3.587543368339538574e-01,-1.146580874919891357e-01,-2.256197929382324219e-01,-5.285445973277091980e-02,-1.142026335000991821e-01,9.500789642333984375e-02,1.429212093353271484e-01,2.747478485107421875e-01,-1.612495929002761841e-01,7.720882445573806763e-02,3.158733248710632324e-02,1.748217791318893433e-01
1.058098021894693375e-02,9.001740254461765289e-03,-7.802436500787734985e-02,6.613476574420928955e-02,4.259151220321655273e-02,-6.529492326080799103e-03,-4.781548865139484406e-03,2.537368424236774445e-02,6.345570087432861328e-02,6.100798770785331726e-02,-1.309609599411487579e-02,-3.701104968786239624e-02,6.806038320064544678e-02,6.454666703939437866e-02,7.690811157226562500e-02,7.869825512170791626e-02,-2.722131321206688881e-03,7.346534729003906250e-02,-7.471907883882522583e-02,-4.806466400623321533e-02,-4.473866522312164307e-02,5.210815742611885071e-02,5.720221623778343201e-02,-2.269213832914829254e-02,1.402052398771047592e-02,7.185666263103485107e-02,-7.000847160816192627e-02,-2.879364416003227234e-02,7.508413493633270264e-02,-3.170995414257049561e-02,1.783925481140613556e-02,-8.715609461069107056e-02,5.864134058356285095e-02,6.221899390220642090e-02,-1.994347199797630310e-03,-8.621724694967269897e-02,6.500989198684692383e-02,7.765059918165206909e-02,-6.608355045318603516e-02,-5.484882742166519165e-02,7.619283348321914673e-02,7.050644606351852417e-03,7.681617140769958496e-02,2.851653099060058594e-02,-5.860625766217708588e-03,-6.612414121627807617e-02,-7.704893499612808228e-02,-2.539178170263767242e-02,-1.976294256746768951e-02,6.521644070744514465e-03,1.281340513378381729e-02,-1.213137619197368622e-02,5.461091175675392151e-02,-1.170492614619433880e-03,-1.970474608242511749e-02,-8.636835217475891113e-02,4.201927036046981812e-02,3.556092269718647003e-03,-7.266688346862792969e-02,-6.359570473432540894e-02,-5.317215342074632645e-03,-1.892811246216297150e-02,1.971492543816566467e-03,2.984767220914363861e-02,3.201179672032594681e-03,-3.332145884633064270e-02,2.649337612092494965e-02,8.424492180347442627e-02,-8.152550458908081055e-02,2.057326398789882660e-02,-7.134474068880081177e-02,-1.582750305533409119e-02,-2.992920763790607452e-02,7.630500942468643188e-02,-2.189685963094234467e-02,-8.183594793081283569e-02,-2.638905425556004047e-04,8.432702720165252686e-02,-2.994334697723388672e-02,-7.211983948945999146e-02,8.364170044660568237e-02,6.429483619285747409e-05,-7.058646529912948608e-02,-3.187831898685544729e-04,-7.523423433303833008e-02,-7.813950628042221069e-02,3.748833015561103821e-02,8.936418453231453896e-04,6.614261120557785034e-02,5.327915027737617493e-02,-1.699435524642467499e-02,-3.318676352500915527e-02,-7.258012890815734863e-02,2.083548344671726227e-02,-7.630135118961334229e-02,1.493786927312612534e-02,5.548502504825592041e-02,-1.604703072644042550e-07,-5.856329202651977539e-02,6.300433725118637085e-02,-2.582956664264202118e-02,2.818373590707778931e-02,-8.150795847177505493e-02,-7.144423574209213257e-02,9.162915498018264771e-02,1.021713949739933014e-02,-7.656101882457733154e-02,-8.112423866987228394e-02,-6.741194054484367371e-03,-1.353944418951869011e-03,5.906386673450469971e-02,-6.623736023902893066e-02,-7.818238437175750732e-02,-4.733859095722436905e-03,8.442387729883193970e-02,-7.666113227605819702e-02,3.912398591637611389e-02,3.856725245714187622e-02,-8.087572455406188965e-02,5.106888711452484131e-02,7.341206818819046021e-02,6.894804537296295166e-02,6.700050085783004761e-02,-5.089541152119636536e-02,-3.502355143427848816e-02,-4.828382283449172974e-02,-7.366186007857322693e-03,6.101114302873611450e-02
2.427207492291927338e-02,-7.802436500787734985e-02,7.614017128944396973e-01,-6.978176832199096680e-01,-3.357464969158172607e-01,-8.527618646621704102e-02,2.874420024454593658e-02,-1.631383746862411499e-01,-5.366437435150146484e-01,-6.169452667236328125e-01,9.210770577192306519e-02,3.478688597679138184e-01,-6.343861222267150879e-01,-6.543707251548767090e-01,-7.420031428337097168e-01,-6.430130004882812500e-01,2.882751077413558960e-02,-6.880432963371276855e-01,7.259246706962585449e-01,4.957602322101593018e-01,3.469377756118774414e-01,-5.948877334594726562e-01,-6.346794962882995605e-01,2.571871876716613770e-01,-1.365670114755630493e-01,-5.745256543159484863e-01,6.782588958740234375e-01,1.571987569332122803e-01,-7.167981863021850586e-01,3.011260032653808594e-01,-2.211689054965972900e-01,7.465014457702636719e-01,-5.682525634765625000e-01,-6.411559581756591797e-01,2.000567317008972168e-02,7.504738569259643555e-01,-6.117099523544311523e-01,-7.294402718544006348e-01,5.368992686271667480e-01,4.860577583312988281e-01,-6.426197886466979980e-01,-4.218770563602447510e-02,-7.465987801551818848e-01,-2.994316518306732178e-01,9.786705486476421356e-04,6.992424726486206055e-01,7.456183433532714844e-01,2.434786558151245117e-01,2.339709848165512085e-01,4.584012553095817566e-03,-1.721939593553543091e-01,1.391622126102447510e-01,-4.791019558906555176e-01,3.717155428603291512e-03,2.180670201778411865e-01,7.726152539253234863e-01,-4.299901723861694336e-01,-3.674665093421936035e-02,6.974675655364990234e-01,6.521335840225219727e-01,1.642676070332527161e-02,2.273072898387908936e-01,-2.008355967700481415e-02,-1.980728954076766968e-01,2.722894214093685150e-02,3.278201222419738770e-01,-2.894276380538940430e-01,-7.226010560989379883e-01,7.384636402130126953e-01,-1.093721687793731689e-01,6.285537481307983398e-01,2.586746215820312500e-01,2.898923754692077637e-01,-7.425816655158996582e-01,1.192861199378967285e-01,7.118768692016601562e-01,2.618063474074006081e-03,-7.980917692184448242e-01,3.218879699707031250e-01,6.669229269027709961e-01,-7.611860036849975586e-01,-6.904140464030206203e-04,6.512547135353088379e-01,4.380860831588506699e-03,5.982423424720764160e-01,7.665191888809204102e-01,-3.169316649436950684e-01,-8.289235644042491913e-03,-6.261504292488098145e-01,-5.299972891807556152e-01,1.374380141496658325e-01,3.429076671600341797e-01,6.916188001632690430e-01,-2.402431666851043701e-01,7.014901041984558105e-01,-2.364204525947570801e-01,-5.553417205810546875e-01,-2.603430175440735184e-06,5.208442807197570801e-01,-5.392133593559265137e-01,2.600168287754058838e-01,-1.676109880208969116e-01,7.382622957229614258e-01,6.550982594490051270e-01,-8.232293128967285156e-01,-1.529513150453567505e-01,7.019860744476318359e-01,7.598518133163452148e-01,-6.363025307655334473e-02,1.300778891891241074e-02,-5.566142201423645020e-01,6.918679475784301758e-01,7.410833239555358887e-01,-4.297493398189544678e-02,-7.850270271301269531e-01,7.000157237052917480e-01,-2.868739068508148193e-01,-4.454163014888763428e-01,7.238094806671142578e-01,-5.428313016891479492e-01,-7.221423387527465820e-01,-6.398848295211791992e-01,-6.273189783096313477e-01,5.335537791252136230e-01,4.027496874332427979e-01,5.231615900993347168e-01,7.364212721586227417e-02,-5.893014073371887207e-01
-1.339574307203292847e-01,6.613476574420928955e-02,-6.978176832199096680e-01,7.858936786651611328e-01,1.238094270229339600e-01,2.191731929779052734e-01,-1.811589673161506653e-02,-7.265349477529525757e-02,5.394582748413085938e-01,5.620211958885192871e-01,-1.838287860155105591e-01,-2.278660088777542114e-01,4.640400111675262451e-01,6.662762761116027832e-01,6.832662820816040039e-01,4.067691564559936523e-01,-2.549227885901927948e-02,5.954329371452331543e-01,-7.138354778289794922e-01,-4.779724478721618652e-01,-4.281151294708251953e-01,6.306737661361694336e-01,6.322972774505615234e-01,-1.887670457363128662e-01,1.283680498600006104e-01,3.319519162178039551e-01,-5.656039118766784668e-01,1.420695930719375610e-01,5.215018391609191895e-01,-1.111524999141693115e-01,1.920663416385650635e-01,-6.736642718315124512e-01,6.950679421424865723e-01,5.950519442558288574e-01,5.175507627427577972e-03,-5.641332864761352539e-01,4.630137979984283447e-01,6.430284380912780762e-01,-2.383764237165451050e-01,-4.559772610664367676e-01,5.932534337043762207e-01,1.165615618228912354e-01,6.583371162414550781e-01,2.490090429782867432e-01,-1.690648198127746582e-01,-6.152068376541137695e-01,-7.133314013481140137e-01,-2.110075205564498901e-01,-1.144196465611457825e-01,5.719733610749244690e-02,2.045152187347412109e-01,9.944493323564529419e-02,5.236032605171203613e-01,-4.907004162669181824e-02,-5.426472052931785583e-02,-6.142424345016479492e-01,4.471967518329620361e-01,2.917600050568580627e-02,-6.723667383193969727e-01,-7.642688751220703125e-01,-7.122455537319183350e-02,-1.440502405166625977e-01,2.551535516977310181e-02,9.762781113386154175e-02,2.473333477973937988e-02,-2.922526597976684570e-01,2.368646711111068726e-01,5.278851389884948730e-01,-6.354672908782958984e-01,-1.660586595535278320e-01,-4.560130536556243896e-01,-6.430232524871826172e-02,-3.849746286869049072e-01,6.988857984542846680e-01,-1.888563781976699829e-01,-5.838630795478820801e-01,-1.099137938581407070e-03,6.804203391075134277e-01,-5.172072649002075195e-01,-5.671183466911315918e-01,7.276106476783752441e-01,6.207856349647045135e-04,-5.032528638839721680e-01,1.600282383151352406e-03,-4.333464205265045166e-01,-6.979470849037170410e-01,6.951016932725906372e-02,2.994308713823556900e-03,5.217593908309936523e-01,4.375860989093780518e-01,-1.699692606925964355e-01,-5.276080965995788574e-01,-7.449173331260681152e-01,3.826243579387664795e-01,-6.608428955078125000e-01,3.738246560096740723e-01,4.283219873905181885e-01,2.969785327877616510e-06,-3.128111362457275391e-01,3.858450055122375488e-01,-1.186939179897308350e-01,-1.090850606560707092e-01,-7.119936943054199219e-01,-5.044087767601013184e-01,7.805547118186950684e-01,3.469649851322174072e-01,-8.079735636711120605e-01,-6.576180458068847656e-01,2.746936678886413574e-01,-2.610800601541996002e-02,6.213445067405700684e-01,-7.539530396461486816e-01,-7.266892790794372559e-01,2.287442684173583984e-01,6.700022816658020020e-01,-6.342501640319824219e-01,8.396790362894535065e-03,3.938820958137512207e-01,-5.925948023796081543e-01,6.239722967147827148e-01,6.317242383956909180e-01,6.828061342239379883e-01,6.165928244590759277e-01,-5.710238218307495117e-01,-4.035663306713104248e-01,-6.006274223327636719e-01,-6.708477437496185303e-02,4.826478064060211182e-01
3.708169758319854736e-01,4.259151220321655273e-02,-3.357464969158172607e-01,1.238094270229339600e-01,5.897186994552612305e-01,-3.367173671722412109e-01,4.302247613668441772e-02,6.250785589218139648e-01,2.582904100418090820e-01,2.835620045661926270e-01,-1.534292697906494141e-01,-4.029355049133300781e-01,3.134508132934570312e-01,2.308790385723114014e-01,3.799592852592468262e-01,6.859329342842102051e-01,-6.438133772462606430e-03,3.258760571479797363e-01,-2.882449328899383545e-01,-3.029255568981170654e-01,-1.917600184679031372e-01,7.272820919752120972e-02,1.381885856389999390e-01,-7.664587348699569702e-02,8.761310577392578125e-02,6.191948056221008301e-01,-3.859405815601348877e-01,-5.949311256408691406e-01,5.598699450492858887e-01,-3.524430990219116211e-01,-5.218625068664550781e-02,-4.783897697925567627e-01,4.404842108488082886e-02,4.058879017829895020e-01,-4.464779049158096313e-02,-5.362058281898498535e-01,4.601227045059204102e-01,4.402564465999603271e-01,-7.173855900764465332e-01,-4.727815091609954834e-01,4.636211097240447998e-01,5.857489258050918579e-02,3.113759458065032959e-01,1.714894175529479980e-01,1.549536287784576416e-01,-2.026593536138534546e-01,-3.968658745288848877e-01,-1.484695672988891602e-01,-1.197488680481910706e-01,-1.626367717981338501e-01,-1.125206127762794495e-01,-4.483654201030731201e-01,3.193400502204895020e-01,3.516330942511558533e-02,-1.993865668773651123e-01,-5.836217999458312988e-01,3.313853740692138672e-01,2.694741636514663696e-02,-2.202304452657699585e-01,-5.457626283168792725e-02,-4.673659056425094604e-02,-3.219886124134063721e-02,7.769566145725548267e-04,3.161015212535858154e-01,3.290397673845291138e-02,-1.946419328451156616e-01,-1.150670424103736877e-01,6.019222736358642578e-01,-4.473194777965545654e-01,5.111688971519470215e-01,-6.271479725837707520e-01,-1.080021560192108154e-01,-7.702485471963882446e-02,3.462380468845367432e-01,-7.888901233673095703e-02,-5.437210202217102051e-01,-1.526702544651925564e-03,4.664374887943267822e-01,8.790718764066696167e-02,-4.668865799903869629e-01,4.450031518936157227e-01,3.954174753744155169e-04,-5.541068315505981445e-01,-7.477243896573781967e-03,-6.741502285003662109e-01,-3.319660127162933350e-01,5.439605116844177246e-01,1.039256434887647629e-02,2.751493453979492188e-01,4.326685965061187744e-01,-1.677061766386032104e-01,2.482667118310928345e-01,-1.636145859956741333e-01,-1.342969983816146851e-01,-4.131340682506561279e-01,-2.683495283126831055e-01,3.327831625938415527e-01,-6.120768830442102626e-06,-5.556213259696960449e-01,4.635660648345947266e-01,-4.799745082855224609e-01,5.860801935195922852e-01,-4.133784770965576172e-01,-5.390813946723937988e-01,3.717035949230194092e-01,3.024111688137054443e-02,-1.044717431068420410e-01,-3.395687341690063477e-01,-4.635334908962249756e-01,1.472968701273202896e-02,1.547140628099441528e-01,-1.296276301145553589e-01,-3.495073318481445312e-01,-9.831004589796066284e-02,5.160358548164367676e-01,-4.055972099304199219e-01,5.986026525497436523e-01,1.472043693065643311e-01,-5.743754506111145020e-01,9.772220253944396973e-02,2.850180566310882568e-01,2.748840153217315674e-01,3.366159796714782715e-01,3.957064077258110046e-02,-2.817008793354034424e-01,-6.595587730407714844e-02,-6.655732169747352600e-03,4.429404437541961670e-01
-3.760548532009124756e-01,-6.529492326080799103e-03,-8.527618646621704102e-02,2.191731929779052734e-01,-3.367173671722412109e-01,3.856852650642395020e-01,-4.185751825571060181e-02,-4.335599541664123535e-01,-7.742849737405776978e-02,1.899069361388683319e-02,1.491523981094360352e-01,1.913450211286544800e-01,7.856449484825134277e-02,7.279359549283981323e-02,1.951384544372558594e-02,-2.792770564556121826e-01,-8.923934772610664368e-03,6.026548519730567932e-02,-8.599164336919784546e-02,6.671836972236633301e-02,1.298913657665252686e-01,2.120427638292312622e-01,1.863667964935302734e-01,-7.869924604892730713e-02,-2.482287399470806122e-02,-2.700245380401611328e-01,1.211398281157016754e-02,4.115965664386749268e-01,-7.414276152849197388e-02,1.201139837503433228e-01,1.758151501417160034e-01,1.005190238356590271e-01,1.769349873065948486e-01,-4.824707284569740295e-02,2.277265861630439758e-02,9.432494640350341797e-02,-1.134889647364616394e-01,-4.081028327345848083e-02,3.058768510818481445e-01,2.275308370590209961e-01,-1.596793383359909058e-01,-7.787414640188217163e-02,1.109940037131309509e-01,-1.544480794109404087e-03,-4.657104983925819397e-02,-2.056342959403991699e-01,-8.407638408243656158e-03,1.314706820994615555e-02,-7.405979931354522705e-02,1.155299097299575806e-01,1.929594427347183228e-01,2.334300875663757324e-01,-1.348849236965179443e-01,-1.150511391460895538e-02,3.977730404585599899e-03,1.106569245457649231e-01,-1.340729892253875732e-01,-5.302194971591234207e-03,-1.329998075962066650e-01,-2.312948107719421387e-01,8.470483124256134033e-02,-1.424477398395538330e-01,5.586145445704460144e-03,-2.210736870765686035e-01,-9.262700378894805908e-02,3.073825687170028687e-02,2.838639616966247559e-01,-1.605485379695892334e-01,6.011281535029411316e-02,-3.493102192878723145e-01,2.331249713897705078e-01,-1.623742878437042236e-01,1.484583504498004913e-02,4.308797046542167664e-02,8.724638819694519043e-02,1.384618580341339111e-01,-2.803406678140163422e-04,1.095772534608840942e-02,-1.606818884611129761e-01,1.121653616428375244e-01,-4.261805117130279541e-02,-3.352051862748339772e-05,1.666535735130310059e-01,1.799763762392103672e-03,3.214909732341766357e-01,-9.146402031183242798e-02,-2.850700616836547852e-01,-4.124708473682403564e-03,3.920280933380126953e-02,-1.433285921812057495e-01,1.119832396507263184e-01,-3.188401460647583008e-01,-1.446632742881774902e-01,1.695433557033538818e-01,5.665275454521179199e-02,3.257475197315216064e-01,2.492934837937355042e-02,8.431126843788661063e-06,2.256902009248733521e-01,-1.497842669486999512e-01,2.811654806137084961e-01,-4.117988049983978271e-01,4.406404867768287659e-02,1.533237397670745850e-01,6.756423413753509521e-02,4.632053431123495102e-03,-2.004270702600479126e-01,-9.860564023256301880e-02,4.313926696777343750e-01,-1.123607158660888672e-02,3.925075381994247437e-02,-2.041446417570114136e-01,-3.160208463668823242e-02,5.413325130939483643e-02,-4.046878963708877563e-02,4.788720607757568359e-02,-3.654894828796386719e-01,1.223945394158363342e-01,1.464374065399169922e-01,1.196754947304725647e-01,1.393804103136062622e-01,2.036616671830415726e-03,-5.064095184206962585e-02,-2.810034751892089844e-01,8.051353693008422852e-02,-1.390918642282485962e-01,-3.408406674861907959e-02,-1.107227876782417297e-01
7.752647995948791504e-02,-4.781548865139484406e-03,2.874420024454593658e-02,-1.811589673161506653e-02,4.302247613668441772e-02,-4.185751825571060181e-02,5.504105985164642334e-02,6.976438313722610474e-02,-1.116999238729476929e-02,-5.615090951323509216e-03,-9.007456898689270020e-02,-2.974334359169006348e-02,-9.549894183874130249e-02,-4.116224590688943863e-03,-2.454232191666960716e-03,3.664379008114337921e-03,4.062146879732608795e-03,-7.218410819768905640e-02,1.560200843960046768e-02,-5.913834646344184875e-02,-6.557042151689529419e-02,-4.936520010232925415e-02,-4.010028392076492310e-02,4.508785903453826904e-02,8.392691612243652344e-03,-1.342274248600006104e-02,4.021205939352512360e-03,-1.844206824898719788e-02,-8.455788716673851013e-03,-4.659119527786970139e-03,-5.758846178650856018e-02,-2.422261238098144531e-02,-1.102638896554708481e-02,5.196542665362358093e-02,-1.071461709216237068e-03,3.384509310126304626e-02,-9.307144209742546082e-03,-2.363214734941720963e-03,6.383289117366075516e-03,-9.669852256774902344e-02,2.181647531688213348e-02,5.899032577872276306e-02,-5.921631306409835815e-02,-5.807973910123109818e-03,-2.653502300381660461e-02,7.143127918243408203e-02,-8.110643364489078522e-03,1.738323830068111420e-02,6.517395377159118652e-02,-5.753501132130622864e-02,-4.703173786401748657e-02,-4.144643247127532959e-02,6.929402798414230347e-02,2.000164473429322243e-03,4.168836772441864014e-02,-1.005917694419622421e-02,5.968979373574256897e-02,-1.032003056025132537e-04,5.102669075131416321e-02,3.547061234712600708e-02,-4.879695549607276917e-02,9.028794616460800171e-02,4.240836424287408590e-04,3.383743762969970703e-02,3.003833629190921783e-02,-4.796587454620748758e-04,-1.312575340270996094e-01,-7.913649082183837891e-03,1.037369761615991592e-02,2.337261289358139038e-02,-3.538003563880920410e-02,7.719847559928894043e-02,-3.903648257255554199e-02,-1.972865872085094452e-02,-2.083359286189079285e-02,-8.856923319399356842e-03,7.182472036220133305e-04,-1.239103544503450394e-02,1.553534646518528461e-03,-1.362365949898958206e-02,2.248098887503147125e-02,1.685567622189410031e-05,-3.217566013336181641e-02,-2.614696277305483818e-04,-4.767442122101783752e-02,3.620295226573944092e-02,3.733079135417938232e-02,-4.544992407318204641e-04,-5.063672736287117004e-02,3.318817168474197388e-02,-5.214228481054306030e-02,5.444530397653579712e-02,3.413995355367660522e-02,-4.843055736273527145e-03,-1.006640214473009109e-02,-6.818536669015884399e-02,-4.505907371640205383e-02,-3.233506276956177317e-06,-1.589595153927803040e-02,-2.805136702954769135e-02,-8.577968925237655640e-02,4.500374943017959595e-02,-9.938799776136875153e-03,-9.735417552292346954e-03,-1.634794287383556366e-02,1.060071885585784912e-01,2.016754262149333954e-02,7.951931655406951904e-02,-5.279732123017311096e-02,3.262906830059364438e-06,6.316977553069591522e-03,7.336962502449750900e-03,1.806432381272315979e-02,1.033870428800582886e-01,-3.697904059663414955e-03,-1.027988502755761147e-03,2.514856122434139252e-02,-4.869438335299491882e-02,-2.182332612574100494e-02,-7.896235212683677673e-03,-6.740792840719223022e-02,2.116262540221214294e-02,2.894158847630023956e-02,9.422647207975387573e-02,-7.580818235874176025e-02,3.570028813555836678e-03,1.431199163198471069e-02,2.071830444037914276e-02
4.572647511959075928e-01,2.537368424236774445e-02,-1.631383746862411499e-01,-7.265349477529525757e-02,6.250785589218139648e-01,-4.335599541664123535e-01,6.976438313722610474e-02,7.373495697975158691e-01,1.155159622430801392e-01,1.499898284673690796e-01,-1.382530629634857178e-01,-4.149808287620544434e-01,1.762175858020782471e-01,8.019088208675384521e-02,2.281023412942886353e-01,6.130821704864501953e-01,1.574892667122185230e-03,1.665488630533218384e-01,-1.033903136849403381e-01,-2.227529436349868774e-01,-8.360289782285690308e-02,-8.815784007310867310e-02,-2.917006984353065491e-02,-2.838987670838832855e-02,6.582684069871902466e-02,5.570976138114929199e-01,-2.621203064918518066e-01,-6.837756037712097168e-01,4.645641148090362549e-01,-3.519982695579528809e-01,-1.361146122217178345e-01,-3.159492313861846924e-01,-1.677105426788330078e-01,3.074400424957275391e-01,-5.515594780445098877e-02,-4.016661643981933594e-01,3.812769949436187744e-01,2.993644475936889648e-01,-6.949317455291748047e-01,-4.195788800716400146e-01,3.323611915111541748e-01,4.176537692546844482e-02,1.370555609464645386e-01,1.267023682594299316e-01,2.527086138725280762e-01,-3.937534987926483154e-02,-2.404543161392211914e-01,-1.068249270319938660e-01,-9.755074977874755859e-02,-2.583999633789062500e-01,-2.010679394006729126e-01,-5.654411911964416504e-01,2.125969976186752319e-01,4.792189598083496094e-02,-2.068393528461456299e-01,-4.521957337856292725e-01,2.886939346790313721e-01,2.360361069440841675e-02,-2.007587999105453491e-02,1.584558933973312378e-01,-3.961919620633125305e-02,2.154865674674510956e-02,-6.725680083036422729e-03,3.006766736507415771e-01,2.473204396665096283e-02,-1.388863325119018555e-01,-2.486154884099960327e-01,4.867356419563293457e-01,-3.046898841857910156e-01,6.131232380867004395e-01,-5.631971955299377441e-01,-1.071113720536231995e-01,1.249791868031024933e-02,1.883323043584823608e-01,-4.419126547873020172e-03,-4.144958257675170898e-01,-1.226551248691976070e-03,3.127618134021759033e-01,2.393254041671752930e-01,-3.524620234966278076e-01,2.763397395610809326e-01,3.022830933332443237e-04,-4.759687781333923340e-01,-9.051877073943614960e-03,-6.000525355339050293e-01,-1.615271568298339844e-01,5.956867337226867676e-01,1.108765322715044022e-02,1.272320002317428589e-01,3.896411061286926270e-01,-1.480593532323837280e-01,4.659538865089416504e-01,4.430103302001953125e-02,-2.619212865829467773e-01,-2.626878917217254639e-01,-4.213472902774810791e-01,2.337151318788528442e-01,-7.663094038434792310e-06,-5.340995788574218750e-01,3.836172819137573242e-01,-5.532157421112060547e-01,6.776062250137329102e-01,-2.516240775585174561e-01,-4.551516175270080566e-01,1.575578749179840088e-01,-1.659695245325565338e-02,1.404201984405517578e-01,-1.623744368553161621e-01,-6.064450144767761230e-01,2.596494182944297791e-02,-4.534947220236063004e-03,6.884817779064178467e-02,-1.787862628698348999e-01,-1.237262338399887085e-01,3.702611923217773438e-01,-2.566913366317749023e-01,6.599518060684204102e-01,5.744969099760055542e-02,-4.581350386142730713e-01,-6.857821345329284668e-02,1.107404753565788269e-01,1.087082996964454651e-01,1.971145719289779663e-01,2.445147484540939331e-01,-2.468152046203613281e-01,9.811413288116455078e-02,2.127394080162048340e-02,3.697712421417236328e-01
1.233223602175712585e-01,6.345570087432861328e-02,-5.366437435150146484e-01,5.394582748413085938e-01,2.582904100418090820e-01,-7.742849737405776978e-02,-1.116999238729476929e-02,1.155159622430801392e-01,6.065584421157836914e-01,4.800953865051269531e-01,-2.395785003900527954e-01,-2.995977699756622314e-01,3.310250341892242432e-01,5.597382783889770508e-01,5.936437845230102539e-01,5.193409323692321777e-01,-1.489414740353822708e-02,4.256568849086761475e-01,-5.687676072120666504e-01,-4.766110479831695557e-01,-5.535982847213745117e-01,3.981451094150543213e-01,3.987698256969451904e-01,-1.074560657143592834e-01,1.310944557189941406e-01,4.730961024761199951e-01,-5.336249470710754395e-01,-7.527846097946166992e-02,4.503437876701354980e-01,-1.458324342966079712e-01,4.683024808764457703e-02,-7.356579899787902832e-01,5.171838402748107910e-01,5.445460677146911621e-01,-3.998355008661746979e-03,-5.758985280990600586e-01,4.536324441432952881e-01,5.785790085792541504e-01,-3.292122483253479004e-01,-5.280802845954895020e-01,6.411313414573669434e-01,1.664903908967971802e-01,4.785845279693603516e-01,1.936312913894653320e-01,-1.817824840545654297e-01,-4.134291410446166992e-01,-5.925300121307373047e-01,-1.512016206979751587e-01,2.263214252889156342e-02,-2.654363401234149933e-02,3.726209327578544617e-02,2.707760594785213470e-02,5.738982558250427246e-01,-5.389189720153808594e-02,4.653384909033775330e-03,-6.000297069549560547e-01,4.498616456985473633e-01,2.488966472446918488e-02,-5.024209618568420410e-01,-5.376930236816406250e-01,-1.447970271110534668e-01,4.385675117373466492e-02,2.034179680049419403e-02,2.560076117515563965e-01,1.086012348532676697e-01,-2.663317322731018066e-01,2.178399451076984406e-02,5.501741766929626465e-01,-6.230499744415283203e-01,3.196984156966209412e-02,-4.992707073688507080e-01,1.010869070887565613e-01,-4.009186625480651855e-01,5.940178036689758301e-01,-2.363455593585968018e-01,-5.777267217636108398e-01,-6.255799089558422565e-04,5.876654386520385742e-01,-3.363783061504364014e-01,-5.815957784652709961e-01,6.792173981666564941e-01,5.419202498160302639e-04,-5.218105316162109375e-01,2.175905276089906693e-03,-5.531468391418457031e-01,-5.586689114570617676e-01,1.922371983528137207e-01,4.009532276540994644e-03,4.872559905052185059e-01,4.453416168689727783e-01,-1.948291063308715820e-01,-3.139936923980712891e-01,-5.883589386940002441e-01,2.815887629985809326e-01,-6.084271669387817383e-01,1.460723578929901123e-01,2.605517506599426270e-01,-4.216240995447151363e-06,-3.997635841369628906e-01,3.802310824394226074e-01,-2.374619692564010620e-01,1.501246690750122070e-01,-6.757075190544128418e-01,-5.139051675796508789e-01,6.920682787895202637e-01,2.481907755136489868e-01,-6.610890626907348633e-01,-5.043116211891174316e-01,-4.920703824609518051e-03,-2.405198477208614349e-02,6.195401549339294434e-01,-5.580174326896667480e-01,-6.138160824775695801e-01,2.060014605522155762e-01,5.688875913619995117e-01,-6.050800681114196777e-01,2.004460841417312622e-01,1.980952024459838867e-01,-5.838058590888977051e-01,4.698239564895629883e-01,4.267927110195159912e-01,6.269866228103637695e-01,5.928084254264831543e-01,-3.210084140300750732e-01,-4.137077331542968750e-01,-4.642525613307952881e-01,-2.607722766697406769e-02,4.566983580589294434e-01
3.085184469819068909e-02,6.100798770785331726e-02,-6.169452667236328125e-01,5.620211958885192871e-01,2.835620045661926270e-01,1.899069361388683319e-02,-5.615090951323509216e-03,1.499898284673690796e-01,4.800953865051269531e-01,5.062805414199829102e-01,-1.058691367506980896e-01,-2.961761951446533203e-01,4.890274107456207275e-01,5.490591526031494141e-01,6.348469853401184082e-01,5.884904265403747559e-01,-2.053811214864253998e-02,5.145347118377685547e-01,-6.069192290306091309e-01,-4.450990557670593262e-01,-3.674095273017883301e-01,4.398868978023529053e-01,4.755691289901733398e-01,-1.913043856620788574e-01,1.177595928311347961e-01,5.293426513671875000e-01,-5.977173447608947754e-01,-1.437361985445022583e-01,6.115817427635192871e-01,-2.498534172773361206e-01,1.480940431356430054e-01,-7.223805189132690430e-01,4.659419655799865723e-01,5.704970955848693848e-01,-1.554906088858842850e-02,-6.716586947441101074e-01,4.998559951782226562e-01,6.189215779304504395e-01,-4.745954573154449463e-01,-4.540664553642272949e-01,5.717757344245910645e-01,6.626126170158386230e-02,5.887508392333984375e-01,2.291360944509506226e-01,-3.636360540986061096e-02,-5.642437338829040527e-01,-6.232005953788757324e-01,-1.653405576944351196e-01,-1.173585504293441772e-01,-4.276195168495178223e-02,1.009442135691642761e-01,-1.103593707084655762e-01,4.509489834308624268e-01,-7.564503699541091919e-03,-1.391406059265136719e-01,-6.977288722991943359e-01,3.627723753452301025e-01,2.801249548792839050e-02,-5.571391582489013672e-01,-5.241381525993347168e-01,-5.221769586205482483e-02,-1.002104803919792175e-01,1.673694886267185211e-02,2.108391821384429932e-01,7.073620799928903580e-03,-2.643627822399139404e-01,1.695359647274017334e-01,6.354281902313232422e-01,-6.512773633003234863e-01,1.049120053648948669e-01,-5.515384674072265625e-01,-1.642905920743942261e-01,-2.772820591926574707e-01,6.271172165870666504e-01,-1.135069280862808228e-01,-6.165065169334411621e-01,-1.751130679622292519e-03,6.969615221023559570e-01,-2.351552397012710571e-01,-5.885187387466430664e-01,6.858785152435302734e-01,5.600107251666486263e-04,-5.681014060974121094e-01,-3.103823401033878326e-03,-5.501545667648315430e-01,-6.394071578979492188e-01,2.729896903038024902e-01,6.270201876759529114e-03,5.376860499382019043e-01,4.392953515052795410e-01,-1.227419525384902954e-01,-2.667154967784881592e-01,-5.727150440216064453e-01,2.101949751377105713e-01,-6.020737290382385254e-01,1.586657911539077759e-01,3.833147883415222168e-01,-4.245011098191753263e-07,-4.502204656600952148e-01,4.168777465820312500e-01,-2.482188344001770020e-01,1.929250061511993408e-01,-6.541332006454467773e-01,-5.604315400123596191e-01,7.493516206741333008e-01,1.266153603792190552e-01,-6.295188665390014648e-01,-6.158807873725891113e-01,2.307304553687572479e-02,-1.411914359778165817e-02,5.157865881919860840e-01,-5.865228176116943359e-01,-6.160108447074890137e-01,1.020810604095458984e-01,6.629314422607421875e-01,-6.066021323204040527e-01,2.612209320068359375e-01,3.024803996086120605e-01,-6.340037584304809570e-01,4.285733103752136230e-01,5.635774135589599609e-01,5.577683448791503906e-01,5.484219789505004883e-01,-3.826228380203247070e-01,-3.749301731586456299e-01,-4.288568198680877686e-01,-4.652714729309082031e-02,4.827637374401092529e-01
-2.479488402605056763e-01,-1.309609599411487579e-02,9.210770577192306519e-02,-1.838287860155105591e-01,-1.534292697906494141e-01,1.491523981094360352e-01,-9.007456898689270020e-02,-1.382530629634857178e-01,-2.395785003900527954e-01,-1.058691367506980896e-01,3.877418339252471924e-01,1.239208877086639404e-01,1.705442667007446289e-01,-1.697931438684463501e-01,-1.633562296628952026e-01,-1.086777523159980774e-01,-5.534638185054063797e-03,-2.640275750309228897e-03,1.627767384052276611e-01,2.487967014312744141e-01,4.226509630680084229e-01,-1.047428138554096222e-02,-1.995471492409706116e-02,-1.301100254058837891e-01,-6.053135544061660767e-02,-4.854920133948326111e-02,7.566235214471817017e-02,-1.339638885110616684e-02,-1.555787958204746246e-02,-3.958528488874435425e-02,1.670083850622177124e-01,2.760233879089355469e-01,-2.527993917465209961e-01,-2.416166067123413086e-01,-1.039745006710290909e-02,3.447572514414787292e-02,-8.185999095439910889e-02,-1.660737246274948120e-01,-2.332251705229282379e-02,4.162034392356872559e-01,-3.216712176799774170e-01,-2.494557797908782959e-01,9.312107576988637447e-04,-2.496073953807353973e-02,2.443841546773910522e-01,-1.233990937471389771e-01,2.279977798461914062e-01,3.924605622887611389e-02,-2.061492651700973511e-01,2.448575943708419800e-02,9.905442595481872559e-02,-6.066896393895149231e-02,-4.190208613872528076e-01,5.135495588183403015e-02,-1.945729255676269531e-01,1.502806097269058228e-01,-3.193254172801971436e-01,-5.390683654695749283e-03,6.806106120347976685e-02,1.780961453914642334e-01,1.989021301269531250e-01,-2.410578727722167969e-01,-1.024816930294036865e-02,-1.656793951988220215e-01,-1.722026020288467407e-01,8.309882134199142456e-02,3.264280855655670166e-01,-1.074911653995513916e-01,1.451064497232437134e-01,2.523673139512538910e-02,2.031600028276443481e-01,-4.236132800579071045e-01,2.654284536838531494e-01,-1.337506473064422607e-01,2.626719176769256592e-01,2.098248302936553955e-01,-2.208544174209237099e-03,-9.508405625820159912e-02,2.469983845949172974e-01,1.880302429199218750e-01,-2.988056540489196777e-01,-1.507022971054539084e-04,1.845004707574844360e-01,-4.956010263413190842e-03,2.961163222789764404e-01,5.807979404926300049e-02,-4.280972853302955627e-02,1.727825263515114784e-03,2.157490886747837067e-02,-1.868332922458648682e-01,2.515470981597900391e-01,8.525938540697097778e-02,1.802732199430465698e-01,-1.213424503803253174e-01,2.514429688453674316e-01,8.073079586029052734e-02,2.007432281970977783e-02,8.970203452918212861e-06,8.125321567058563232e-02,-8.196333795785903931e-02,1.902334392070770264e-01,-3.316680341958999634e-02,2.750147879123687744e-01,1.463144421577453613e-01,-1.853061318397521973e-01,-4.486639201641082764e-01,2.702517211437225342e-01,-3.230483457446098328e-02,1.000894531607627869e-01,1.284454856067895889e-02,-2.514075338840484619e-01,1.673548370599746704e-01,2.078558951616287231e-01,-2.981230616569519043e-01,-1.592292338609695435e-01,2.027496993541717529e-01,-1.854525879025459290e-02,7.005373388528823853e-02,2.198919653892517090e-01,-1.839642226696014404e-01,4.361335933208465576e-02,-3.146548867225646973e-01,-2.792491316795349121e-01,-7.503538578748703003e-02,2.533462643623352051e-01,1.564424484968185425e-01,-1.952254585921764374e-02,-1.673420369625091553e-01
-2.164956331253051758e-01,-3.701104968786239624e-02,3.478688597679138184e-01,-2.278660088777542114e-01,-4.029355049133300781e-01,1.913450211286544800e-01,-2.974334359169006348e-02,-4.149808287620544434e-01,-2.995977699756622314e-01,-2.961761951446533203e-01,1.239208877086639404e-01,3.445875942707061768e-01,-2.634970545768737793e-01,-3.188767731189727783e-01,-4.147174060344696045e-01,-5.815262198448181152e-01,6.477684248238801956e-03,-2.731259763240814209e-01,3.175287842750549316e-01,3.317967057228088379e-01,2.495051920413970947e-01,-1.689279377460479736e-01,-1.925170272588729858e-01,8.807516098022460938e-02,-8.951092511415481567e-02,-5.100834965705871582e-01,4.162141680717468262e-01,3.665736317634582520e-01,-5.040293931961059570e-01,2.445001155138015747e-01,2.305802144110202789e-02,5.292349457740783691e-01,-1.227692067623138428e-01,-4.417915940284729004e-01,3.264372050762176514e-02,5.085964202880859375e-01,-3.973884284496307373e-01,-4.290014803409576416e-01,5.537421107292175293e-01,4.379141330718994141e-01,-4.327187538146972656e-01,-6.510680913925170898e-02,-3.096582293510437012e-01,-1.573584079742431641e-01,-9.664037078619003296e-02,2.720815241336822510e-01,4.066489338874816895e-01,1.072105094790458679e-01,6.600095331668853760e-02,1.943818479776382446e-01,7.203970104455947876e-02,3.027782738208770752e-01,-3.329365551471710205e-01,-6.817935965955257416e-03,1.324998289346694946e-01,5.520044565200805664e-01,-3.348641991615295410e-01,-2.384087815880775452e-02,2.337905764579772949e-01,1.658520549535751343e-01,5.878311768174171448e-02,-1.101024448871612549e-02,-5.191398318856954575e-03,-2.168115526437759399e-01,-2.180484682321548462e-02,1.858566701412200928e-01,8.869706094264984131e-02,-5.214605331420898438e-01,4.585618078708648682e-01,-3.086552321910858154e-01,5.233677029609680176e-01,1.069876253604888916e-01,1.597293764352798462e-01,-3.936448991298675537e-01,3.242323547601699829e-02,4.683417379856109619e-01,1.144089386798441410e-03,-4.815639257431030273e-01,3.196114907041192055e-03,4.588987529277801514e-01,-4.657043814659118652e-01,-4.293825186323374510e-04,4.991747736930847168e-01,4.652495030313730240e-03,5.462254285812377930e-01,3.757146894931793213e-01,-3.817224204540252686e-01,-7.583747152239084244e-03,-3.037718832492828369e-01,-3.939678370952606201e-01,1.207486987113952637e-01,-1.095838248729705811e-01,2.395742237567901611e-01,-5.694321822375059128e-03,3.989975750446319580e-01,1.104866489768028259e-01,-2.229648977518081665e-01,4.271868419891688973e-06,4.634817242622375488e-01,-3.297846317291259766e-01,3.923116028308868408e-01,-4.150360226631164551e-01,4.477495551109313965e-01,4.756928980350494385e-01,-4.199633598327636719e-01,-7.680357992649078369e-02,2.189227342605590820e-01,3.389475941658020020e-01,2.625780105590820312e-01,-2.622414613142609596e-03,-2.849632203578948975e-01,2.448728084564208984e-01,3.770835995674133301e-01,-5.556568875908851624e-02,-4.779380559921264648e-01,4.045704901218414307e-01,-4.302014410495758057e-01,-1.400891840457916260e-01,5.122389197349548340e-01,-1.745019257068634033e-01,-2.719509899616241455e-01,-3.247411847114562988e-01,-3.617275655269622803e-01,3.233792632818222046e-02,3.431437611579895020e-01,1.714724898338317871e-01,-2.896096790209412575e-03,-3.839886486530303955e-01
