8.355935811996459961e-01,1.212898120284080505e-01,-3.584660291671752930e-01,5.800487939268350601e-03,4.319325387477874756e-01,1.035921499133110046e-01,5.761891603469848633e-02,6.149430871009826660e-01,1.187827959656715393e-01,-8.167826384305953979e-02,-2.829698324203491211e-01,-9.591240435838699341e-02,6.879845261573791504e-01,5.007007718086242676e-01,6.254810690879821777e-01,2.050445824861526489e-01,-4.800469055771827698e-02,-6.986554712057113647e-02,4.917095899581909180e-01,2.635755538940429688e-01,-5.512536764144897461e-01,-2.430300116539001465e-01,5.008670091629028320e-01,-3.761842548847198486e-01,-5.948282033205032349e-02,-6.645182371139526367e-01,1.156987324357032776e-01,-2.940426766872406006e-01,-2.976834475994110107e-01,-6.213652491569519043e-01,-5.223012566566467285e-01,-6.990084797143936157e-02,3.149353861808776855e-01,-2.811983823776245117e-01,-5.033946409821510315e-02,-3.527128994464874268e-01,-9.119567275047302246e-02,8.711496740579605103e-02,-1.630978584289550781e-01,-4.749678671360015869e-01,-8.743837475776672363e-02,3.074069917201995850e-01,-1.051610559225082397e-01,6.554588675498962402e-02,5.340523719787597656e-01,-4.026113450527191162e-01,-3.098596334457397461e-01,-1.011100225150585175e-02,1.641943678259849548e-02,9.629683196544647217e-02,3.141573071479797363e-01,5.454110503196716309e-01,1.175798401236534119e-01,-9.105814993381500244e-02,6.121809035539627075e-02,-1.340431421995162964e-01,1.400523930788040161e-01,9.102933108806610107e-02,7.039695233106613159e-02,5.777593329548835754e-02,-8.039299398660659790e-02,2.351367324590682983e-01,7.472251355648040771e-02,-3.312251865863800049e-01,-9.171321243047714233e-02,9.582271426916122437e-02,3.472117781639099121e-01,2.958043813705444336e-01,8.765248954296112061e-02,2.191939055919647217e-01,-4.617705941200256348e-01,-7.365539669990539551e-01,4.261479713022708893e-03,-2.768541872501373291e-01,-6.732327491044998169e-02,-3.973081409931182861e-01,-1.671892777085304260e-02,-1.440116465091705322e-01,-6.150200366973876953e-01,-5.545586347579956055e-01,-4.366194009780883789e-01,1.439060643315315247e-02,-1.152971833944320679e-01,9.278942644596099854e-02,5.164832249283790588e-02,3.355645835399627686e-01,-1.484875082969665527e-01,1.558966282755136490e-02,2.380295097827911377e-01,-1.055910587310791016e-01,7.274378836154937744e-02,-3.517017364501953125e-01,-7.256976794451475143e-03,2.298587933182716370e-02,1.826644837856292725e-01,-5.878561139106750488e-01,4.574977457523345947e-01,-6.077745463699102402e-03,-2.815012633800506592e-01,6.370091438293457031e-01,1.690332591533660889e-01,1.007024347782135010e-01,-7.351417094469070435e-02,-7.277230173349380493e-02,1.052631214261054993e-01,3.717542886734008789e-01,-6.254564225673675537e-02,2.465918064117431641e-01,-7.252316921949386597e-02,9.223041124641895294e-03,4.097957611083984375e-01,1.481343805789947510e-01,9.937281906604766846e-02,-3.758769929409027100e-01,5.670002102851867676e-02,-4.882861375808715820e-01,5.257342010736465454e-02,-3.803231939673423767e-02,-5.610064268112182617e-01,-2.339183911681175232e-02,-6.070016026496887207e-01,3.087423741817474365e-01,1.341318339109420776e-02,-2.524263560771942139e-01,5.638419985771179199e-01,-2.946005761623382568e-01,-6.201707292348146439e-04,5.152673125267028809e-01
1.212898120284080505e-01,3.849044069647789001e-02,-4.723595082759857178e-02,-5.741984397172927856e-02,9.321646392345428467e-02,-7.245117425918579102e-02,-2.448518015444278717e-02,9.975883364677429199e-02,5.130342021584510803e-02,-1.511379517614841461e-02,-1.099546160548925400e-02,-1.189376041293144226e-02,1.136862784624099731e-01,1.127566546201705933e-01,9.702853858470916748e-02,3.913952037692070007e-02,-1.438526157289743423e-02,-1.589707098901271820e-02,9.562631696462631226e-02,4.903673380613327026e-02,-9.284666925668716431e-02,-5.438159033656120300e-02,7.252952456474304199e-02,-3.279082849621772766e-02,-2.308910340070724487e-02,-9.923858940601348877e-02,8.674738928675651550e-03,-5.106132104992866516e-02,-8.002009987831115723e-02,-6.736259162425994873e-02,-9.146486222743988037e-02,1.124804932624101639e-02,2.789556048810482025e-02,-4.260333627462387085e-02,-5.790570285171270370e-03,-4.283831641077995300e-02,-1.696583814918994904e-02,9.681618772447109222e-03,-1.249115169048309326e-02,-3.200221806764602661e-02,3.934791684150695801e-02,3.402487933635711670e-02,-2.466522902250289917e-02,7.160214707255363464e-03,8.162829279899597168e-02,-5.657616630196571350e-02,-4.296841472387313843e-02,1.449135132133960724e-02,-4.177920636720955372e-04,2.556627802550792694e-02,1.762951351702213287e-02,9.175534546375274658e-02,-3.243210958316922188e-03,3.169015049934387207e-02,-5.429575219750404358e-03,-5.977673456072807312e-03,1.676687039434909821e-02,1.448604930192232132e-02,-1.663090474903583527e-02,2.186029404401779175e-02,1.685765385627746582e-02,2.011034265160560608e-02,7.185754366219043732e-03,-6.739293783903121948e-02,-3.583899466320872307e-03,1.130999438464641571e-02,4.435271397233009338e-02,7.096673548221588135e-02,-4.176044464111328125e-02,7.665634900331497192e-02,-4.551650211215019226e-02,-1.132246330380439758e-01,-1.227362360805273056e-02,-2.479077875614166260e-02,-1.758173853158950806e-02,-5.802290514111518860e-02,-3.695925464853644371e-03,-2.356882579624652863e-02,-6.388081610202789307e-02,-7.026369124650955200e-02,-1.281006038188934326e-01,1.541396020911633968e-03,-1.583401300013065338e-02,1.099359337240457535e-02,3.250581026077270508e-02,5.514445248991250992e-03,-1.150097046047449112e-02,1.078137778677046299e-03,4.581847041845321655e-02,-2.333987131714820862e-02,8.467824198305606842e-03,-3.654508665204048157e-02,4.863046633545309305e-04,-2.579834079369902611e-03,3.834739699959754944e-02,-5.809363722801208496e-02,7.220181822776794434e-02,-4.772082611452788115e-04,-6.196461245417594910e-02,5.850172415375709534e-02,2.840715460479259491e-02,6.523947231471538544e-03,-1.924383081495761871e-02,-5.610317923128604889e-03,-2.399084530770778656e-02,-1.584334671497344971e-02,5.111076682806015015e-02,7.146625965833663940e-02,-1.254686713218688965e-02,-5.474720383062958717e-04,3.734564036130905151e-02,6.543546169996261597e-02,2.690062392503023148e-03,-9.108021855354309082e-02,1.477484009228646755e-03,-1.076282188296318054e-01,8.474688045680522919e-03,-2.628793753683567047e-02,-9.652426838874816895e-02,-1.252506766468286514e-02,-1.092800274491310120e-01,7.994154095649719238e-02,-1.688342890702188015e-04,-8.153057843446731567e-02,9.378965198993682861e-02,-3.280142322182655334e-02,-8.389939554035663605e-03,5.056466534733772278e-02
-3.584660291671752930e-01,-4.723595082759857178e-02,8.139020800590515137e-01,-3.738388419151306152e-01,-3.121542930603027344e-01,-2.536270022392272949e-01,-6.118714213371276855e-01,6.320258229970932007e-02,2.823836505413055420e-01,-1.204072386026382446e-01,4.212441146373748779e-01,2.734295427799224854e-01,-4.939015507698059082e-01,3.599328100681304932e-01,-4.433783888816833496e-01,-2.350876182317733765e-01,-1.819003075361251831e-01,2.449081279337406158e-02,1.434165984392166138e-01,3.703405857086181641e-01,-7.727006822824478149e-02,-3.394210338592529297e-01,-5.101630687713623047e-01,4.592005908489227295e-01,-3.358808159828186035e-01,-8.425973355770111084e-02,3.383531868457794189e-01,5.125361084938049316e-01,-5.370749831199645996e-01,7.023757696151733398e-01,1.510586738586425781e-01,3.271130025386810303e-01,-3.861319720745086670e-01,-1.520709842443466187e-01,5.070415511727333069e-02,5.451569557189941406e-01,3.914845287799835205e-01,-2.314276844263076782e-01,-4.085540473461151123e-01,7.634376883506774902e-01,1.672250777482986450e-02,-1.370190382003784180e-01,-3.252545893192291260e-01,-1.252654492855072021e-01,-2.650026381015777588e-01,5.162032842636108398e-01,7.572261095046997070e-01,-6.107036024332046509e-02,6.065781414508819580e-02,2.495991736650466919e-01,-1.439301520586013794e-01,-6.272558867931365967e-02,-1.767142564058303833e-01,-4.035001099109649658e-01,1.699148714542388916e-01,2.266352623701095581e-01,-5.081545710563659668e-01,-1.112825945019721985e-01,-5.835884213447570801e-01,1.653351634740829468e-01,-1.521195322275161743e-01,3.867615014314651489e-02,-1.095180213451385498e-01,-2.607528567314147949e-01,4.539516270160675049e-01,8.634537458419799805e-02,-7.281827330589294434e-01,-5.760709643363952637e-01,-2.212585061788558960e-01,-5.005717277526855469e-01,6.949248909950256348e-01,3.886750042438507080e-01,1.512007564306259155e-01,3.938578963279724121e-01,-2.121992260217666626e-01,6.210176944732666016e-01,9.343488514423370361e-02,-3.530961573123931885e-01,4.546888172626495361e-01,5.011004209518432617e-01,-2.799564003944396973e-01,-4.486705362796783447e-02,5.907851457595825195e-01,-1.786262840032577515e-01,1.666680723428726196e-02,2.308071106672286987e-01,-3.420970439910888672e-01,-2.278827726840972900e-01,-5.397788882255554199e-01,2.282094657421112061e-01,-9.396784007549285889e-02,6.128525733947753906e-01,2.311405092477798462e-01,-2.012700885534286499e-01,3.723569214344024658e-01,6.107777729630470276e-02,-2.379990816116333008e-01,1.348028518259525299e-02,-4.003963172435760498e-01,-4.936323463916778564e-01,1.201469078660011292e-02,-4.411377385258674622e-02,4.194309189915657043e-02,-1.925640623085200787e-03,-7.632912993431091309e-01,-2.264891983941197395e-03,4.815390408039093018e-01,2.324611544609069824e-01,5.959606170654296875e-01,2.865921258926391602e-01,-3.134034276008605957e-01,1.517300158739089966e-01,-1.543273925781250000e-01,-1.423183828592300415e-01,-6.786432266235351562e-01,1.982704550027847290e-01,-7.735897600650787354e-02,-1.924209594726562500e-01,2.289124727249145508e-01,-1.889904290437698364e-01,5.131616592407226562e-01,1.762147545814514160e-01,-3.259175121784210205e-01,2.212196290493011475e-01,2.487790584564208984e-02,3.908578455448150635e-01,-8.946304023265838623e-02,-3.438113629817962646e-01
5.800487939268350601e-03,-5.741984397172927856e-02,-3.738388419151306152e-01,6.442398428916931152e-01,-2.135313116014003754e-02,3.740300238132476807e-01,4.338967800140380859e-01,-3.889521062374114990e-01,-1.862456053495407104e-01,1.226105168461799622e-01,-4.524343013763427734e-01,-8.695122599601745605e-02,2.598310112953186035e-01,-3.923083841800689697e-01,2.066165767610073090e-02,4.804266244173049927e-02,9.615273773670196533e-02,3.280858099460601807e-01,-3.497639596462249756e-01,-3.500024676322937012e-01,-1.242839545011520386e-01,3.395301699638366699e-01,3.801673650741577148e-01,-2.089332044124603271e-01,3.653593957424163818e-01,2.464155405759811401e-01,-3.040818870067596436e-01,-3.899050652980804443e-01,4.964526593685150146e-01,-3.768102824687957764e-01,-5.912528932094573975e-02,-4.147169888019561768e-01,3.371194601058959961e-01,1.460533216595649719e-02,3.481187671422958374e-02,-2.678709626197814941e-01,-1.247808933258056641e-01,9.083542972803115845e-02,4.715619087219238281e-01,-6.249694228172302246e-01,-3.029773235321044922e-01,2.933765389025211334e-02,4.956473410129547119e-01,6.023895367980003357e-02,-1.788576841354370117e-01,-9.275722503662109375e-02,-3.156100809574127197e-01,-9.873928874731063843e-02,-1.561092287302017212e-01,1.768066734075546265e-02,1.399914324283599854e-01,-1.095831096172332764e-01,2.860215902328491211e-01,1.786126196384429932e-01,-2.802736312150955200e-02,-2.751550078392028809e-01,1.749128699302673340e-01,-1.469883695244789124e-02,3.287045061588287354e-01,-1.161757856607437134e-01,-1.924084573984146118e-01,4.323561862111091614e-02,6.134220212697982788e-02,2.796349525451660156e-01,-5.837619304656982422e-01,-7.833320647478103638e-02,4.838621914386749268e-01,3.514235615730285645e-01,4.978400170803070068e-01,2.499030716717243195e-02,-3.911689519882202148e-01,1.078230291604995728e-01,2.071013860404491425e-02,-4.640582203865051270e-01,1.433925777673721313e-01,-4.468116462230682373e-01,-2.675710245966911316e-02,3.002011403441429138e-02,-3.171393871307373047e-01,-3.883804380893707275e-01,5.422278642654418945e-01,1.540915109217166901e-02,-3.034637570381164551e-01,8.920151740312576294e-02,-3.010814487934112549e-01,1.093493923544883728e-01,8.039355278015136719e-02,1.387734115123748779e-01,9.761610627174377441e-02,-1.160616725683212280e-01,1.003393605351448059e-01,-3.948007225990295410e-01,-2.562017738819122314e-01,4.724307656288146973e-01,-2.993013262748718262e-01,-2.707338891923427582e-02,-9.191377460956573486e-02,-5.280813667923212051e-03,5.131167173385620117e-01,3.639737069606781006e-01,7.142686285078525543e-03,-2.607792019844055176e-01,-1.743708364665508270e-02,-1.053443644195795059e-02,6.281651258468627930e-01,1.671943217515945435e-01,-6.945949792861938477e-01,-3.815681040287017822e-01,-2.029414921998977661e-01,-1.727500408887863159e-01,3.411503136157989502e-01,-4.185396730899810791e-01,1.068055033683776855e-01,3.437556624412536621e-01,4.167529642581939697e-01,1.186810806393623352e-01,2.313157320022583008e-01,6.428074836730957031e-02,2.053472697734832764e-01,1.958787143230438232e-01,-1.898364275693893433e-01,-5.164809823036193848e-01,4.030871093273162842e-01,-3.159245476126670837e-02,-3.051670789718627930e-01,-1.646226495504379272e-01,5.289665982127189636e-02,3.422642648220062256e-01
4.319325387477874756e-01,9.321646392345428467e-02,-3.121542930603027344e-01,-2.135313116014003754e-02,7.199288606643676758e-01,-7.480156607925891876e-03,1.908102929592132568e-01,4.180582612752914429e-02,1.034574061632156372e-01,1.301332656294107437e-02,-2.371599674224853516e-01,3.294796496629714966e-02,2.414419800043106079e-01,1.736245602369308472e-01,3.863186538219451904e-01,2.011670321226119995e-01,-6.857554614543914795e-02,1.829428970813751221e-01,1.917562484741210938e-01,-1.333933770656585693e-01,-1.932917684316635132e-01,9.763871133327484131e-02,8.352513611316680908e-02,1.798624694347381592e-01,-7.817124575376510620e-02,-1.062807962298393250e-01,-3.180480003356933594e-01,-4.397476613521575928e-01,3.414728492498397827e-02,-4.560438394546508789e-01,-4.359480142593383789e-01,1.631295084953308105e-01,-3.549681231379508972e-02,-2.096564173698425293e-01,6.170358508825302124e-02,3.925707563757896423e-02,-1.493105441331863403e-01,2.444216050207614899e-02,-7.329703867435455322e-02,-3.382787108421325684e-01,2.298122048377990723e-01,1.898743361234664917e-01,2.140029221773147583e-01,4.944554343819618225e-02,3.504695370793342590e-02,7.312594912946224213e-03,-4.235831201076507568e-01,-1.073672473430633545e-01,2.762615494430065155e-02,3.255664408206939697e-01,2.051105201244354248e-01,5.370011925697326660e-02,5.102843791246414185e-02,1.959563940763473511e-01,-1.875546276569366455e-01,-2.890815138816833496e-01,5.220025777816772461e-03,1.356808235868811607e-03,-2.340040653944015503e-01,1.704143434762954712e-01,-1.084471493959426880e-01,1.735657686367630959e-03,2.017185837030410767e-02,-1.329085081815719604e-01,-1.887692511081695557e-01,8.883801847696304321e-02,3.727396726608276367e-01,5.299665927886962891e-01,9.121540188789367676e-02,4.053245484828948975e-01,-1.467784792184829712e-01,-2.718544304370880127e-01,3.172193467617034912e-01,-3.045509755611419678e-01,-9.745706617832183838e-02,-5.160692930221557617e-01,-3.733158111572265625e-02,2.147563360631465912e-02,-6.718628108501434326e-02,-1.354586631059646606e-01,-2.877803742885589600e-01,-8.869336917996406555e-03,-5.287320017814636230e-01,9.094921872019767761e-03,-2.400517314672470093e-01,-1.936028897762298584e-01,2.763133943080902100e-01,2.496500872075557709e-02,1.041775122284889221e-01,-2.257544845342636108e-01,-2.851891815662384033e-01,-8.026492595672607422e-02,3.465368151664733887e-01,1.209577172994613647e-01,1.041594669222831726e-01,-1.392278373241424561e-01,5.534313917160034180e-01,-7.790058734826743603e-04,-1.034093350172042847e-01,2.797837853431701660e-01,6.853111833333969116e-02,-5.237989127635955811e-02,2.192132920026779175e-01,-4.981889948248863220e-02,-4.362609237432479858e-03,5.001110956072807312e-02,7.084087282419204712e-02,1.451432704925537109e-01,-1.348216533660888672e-01,-9.160452522337436676e-03,-2.475495487451553345e-01,3.129847943782806396e-01,3.253640234470367432e-01,-4.665692448616027832e-01,3.879571855068206787e-01,-3.738396167755126953e-01,4.104178249835968018e-01,-3.565714955329895020e-01,-7.631817460060119629e-02,-7.382536679506301880e-02,-9.317952394485473633e-02,-1.027042511850595474e-02,7.591562718152999878e-02,-2.450976520776748657e-01,1.675814688205718994e-01,-8.750186860561370850e-02,-1.799300163984298706e-01,2.584914565086364746e-01
1.035921499133110046e-01,-7.245117425918579102e-02,-2.536270022392272949e-01,3.740300238132476807e-01,-7.480156607925891876e-03,6.524096131324768066e-01,2.741031050682067871e-01,-7.906427979469299316e-02,-2.719695568084716797e-01,4.617413878440856934e-02,-2.484022974967956543e-01,-4.151064157485961914e-02,5.793095752596855164e-02,-1.992687731981277466e-01,6.809590756893157959e-02,-2.234873361885547638e-02,6.603309512138366699e-02,5.137515068054199219e-02,-1.668885499238967896e-01,-2.210757881402969360e-01,1.283237244933843613e-03,1.810036599636077881e-01,1.885688006877899170e-01,-1.203457936644554138e-01,1.075502559542655945e-01,-6.466687470674514771e-02,-1.022630855441093445e-01,-1.409464180469512939e-01,3.293202221393585205e-01,-3.632956445217132568e-01,6.931887567043304443e-02,-1.550023555755615234e-01,1.413076967000961304e-01,9.909765422344207764e-02,-1.043349131941795349e-02,-8.734588325023651123e-02,-4.797643050551414490e-02,3.575109317898750305e-02,7.021152228116989136e-02,-3.741138875484466553e-01,-3.402298092842102051e-01,7.892690598964691162e-02,1.952429562807083130e-01,3.696454316377639771e-02,1.069192774593830109e-02,-1.020593866705894470e-01,-1.594469100236892700e-01,-1.135983616113662720e-01,-6.548667699098587036e-02,-3.973181545734405518e-02,2.642358243465423584e-01,-1.395372897386550903e-01,1.147884353995323181e-01,-1.261030137538909912e-01,8.174803107976913452e-03,-1.590889990329742432e-01,5.251822248101234436e-02,3.995393402874469757e-03,1.753350794315338135e-01,-5.586093664169311523e-02,-1.074252948164939880e-01,3.467497229576110840e-02,3.534302115440368652e-02,1.356511116027832031e-01,-1.649183183908462524e-01,1.812369376420974731e-02,2.326274961233139038e-01,1.089716777205467224e-01,3.640771210193634033e-01,7.659889524802565575e-05,-2.421347796916961670e-01,-1.782363951206207275e-01,1.264572739601135254e-01,-2.684017717838287354e-01,7.449997961521148682e-02,-2.254357635974884033e-01,-1.015361584722995758e-02,1.249605938792228699e-01,-1.882095187902450562e-01,-1.528335064649581909e-01,3.312278389930725098e-01,8.805067278444766998e-03,-1.807898581027984619e-01,1.668347045779228210e-02,-1.682871431112289429e-01,2.016649544239044189e-01,9.400129318237304688e-02,4.852565750479698181e-02,-4.459095653146505356e-03,-3.847541287541389465e-02,-2.001890353858470917e-02,-2.077578604221343994e-01,-4.659631103277206421e-02,1.839899271726608276e-01,-4.326599091291427612e-02,-1.746908277273178101e-01,8.549986779689788818e-02,-3.968938719481229782e-03,1.277706474065780640e-01,2.118352353572845459e-01,-2.470136247575283051e-02,2.451376058161258698e-03,1.154353916645050049e-01,-1.793227903544902802e-02,3.019949495792388916e-01,4.646228253841400146e-01,-4.245350360870361328e-01,-2.157769799232482910e-01,-9.247479587793350220e-02,-4.452032968401908875e-02,1.583285629749298096e-01,-3.327163755893707275e-01,1.121242865920066833e-01,1.921916157007217407e-01,2.563058137893676758e-01,1.612989902496337891e-01,8.595012128353118896e-02,1.300469934940338135e-01,-1.768665737472474575e-03,6.541810184717178345e-02,2.448139246553182602e-03,-2.248117774724960327e-01,1.092301830649375916e-01,1.172799542546272278e-01,-5.570780858397483826e-02,-1.200362518429756165e-01,3.478222340345382690e-02,2.524715065956115723e-01
5.761891603469848633e-02,-2.448518015444278717e-02,-6.118714213371276855e-01,4.338967800140380859e-01,1.908102929592132568e-01,2.741031050682067871e-01,7.686283588409423828e-01,-2.727128565311431885e-01,-3.554684519767761230e-01,1.715526282787322998e-01,-3.452806770801544189e-01,-2.679995000362396240e-01,1.317240893840789795e-01,-6.043760776519775391e-01,2.405561953783035278e-01,1.050031483173370361e-01,2.573789358139038086e-01,-1.296077519655227661e-01,-3.116620779037475586e-01,-3.950940072536468506e-01,2.997118234634399414e-01,2.988691926002502441e-01,1.604707390069961548e-01,-3.836140632629394531e-01,3.341075778007507324e-01,2.629691064357757568e-01,-2.478367388248443604e-01,-2.414095252752304077e-01,6.095568537712097168e-01,-4.739334583282470703e-01,8.537381887435913086e-02,-3.012222349643707275e-01,4.076302945613861084e-01,1.449612826108932495e-01,-4.320332780480384827e-02,-3.630974590778350830e-01,-4.100279808044433594e-01,2.119124531745910645e-01,3.603884279727935791e-01,-6.097743511199951172e-01,3.584851324558258057e-02,1.312478631734848022e-01,1.578895896673202515e-01,9.382946789264678955e-02,1.546182930469512939e-01,-4.705357849597930908e-01,-6.601698994636535645e-01,6.010518595576286316e-02,8.709274232387542725e-02,-2.742578685283660889e-01,-1.947478204965591431e-01,-1.723722070455551147e-01,1.106848344206809998e-01,5.429491400718688965e-01,-4.613946378231048584e-02,-2.130013704299926758e-02,4.151971340179443359e-01,8.095292747020721436e-02,5.593169927597045898e-01,-2.533247470855712891e-01,1.823908090591430664e-01,-6.995280086994171143e-02,9.529934823513031006e-02,5.719908475875854492e-01,-2.918241620063781738e-01,-1.265761405229568481e-01,6.000663042068481445e-01,3.706818521022796631e-01,3.458282351493835449e-01,4.947326481342315674e-01,-6.010923385620117188e-01,-2.209031581878662109e-02,-1.710803359746932983e-01,-1.709880530834197998e-01,2.221560925245285034e-01,-5.297886133193969727e-01,-9.256956726312637329e-02,5.126730203628540039e-01,-3.432343006134033203e-01,-2.026241272687911987e-01,4.799531400203704834e-01,4.378008842468261719e-02,-5.216450095176696777e-01,1.504179835319519043e-01,-1.912688463926315308e-02,-4.387111663818359375e-01,3.831406831741333008e-01,1.884307563304901123e-01,5.555216670036315918e-01,-1.794651448726654053e-01,3.063237853348255157e-02,-5.140115618705749512e-01,-2.470059394836425781e-01,8.834565430879592896e-02,-5.795789957046508789e-01,1.813910901546478271e-01,1.407601088285446167e-01,-1.338299456983804703e-02,5.493382215499877930e-01,2.843640744686126709e-01,-6.883516907691955566e-02,2.391571700572967529e-01,-6.648538261651992798e-02,3.645594045519828796e-02,7.795185446739196777e-01,1.198137085884809494e-02,-5.589234232902526855e-01,-2.576455473899841309e-01,-7.520923018455505371e-01,-2.815482020378112793e-01,1.319468170404434204e-01,-3.090448677539825439e-01,1.609360873699188232e-01,3.335987031459808350e-01,5.676606893539428711e-01,7.539259642362594604e-02,-9.447275847196578979e-02,1.847683936357498169e-01,-1.639340519905090332e-01,2.371811121702194214e-01,-2.934819161891937256e-01,-1.594106554985046387e-01,2.241430133581161499e-01,-1.287412345409393311e-01,-5.261346325278282166e-02,-3.280639946460723877e-01,8.047886937856674194e-02,2.797625213861465454e-02
6.149430871009826660e-01,9.975883364677429199e-02,6.320258229970932007e-02,-3.889521062374114990e-01,4.180582612752914429e-02,-7.906427979469299316e-02,-2.727128565311431885e-01,9.097148180007934570e-01,1.625551581382751465e-01,-1.874076128005981445e-01,1.602362692356109619e-01,-9.641774743795394897e-02,3.811151087284088135e-01,6.378063559532165527e-01,4.383781850337982178e-01,3.635687008500099182e-02,-4.108643904328346252e-02,-4.852976799011230469e-01,6.776883006095886230e-01,6.724931597709655762e-01,-3.658360242843627930e-01,-6.059524416923522949e-01,1.810088306665420532e-01,-4.349469542503356934e-01,-2.900820374488830566e-01,-8.384671807289123535e-01,6.106085181236267090e-01,3.004793226718902588e-01,-6.581798791885375977e-01,-1.431573182344436646e-01,-2.628728747367858887e-01,1.096430569887161255e-01,1.927708685398101807e-01,-2.342372983694076538e-01,-1.357656568288803101e-01,-2.135526537895202637e-01,5.394408106803894043e-02,3.380110487341880798e-02,-5.175724029541015625e-01,7.074672728776931763e-02,1.366741023957729340e-03,2.463924139738082886e-01,-6.436477303504943848e-01,-4.576394800096750259e-03,7.280678153038024902e-01,-4.324446916580200195e-01,1.051875129342079163e-01,1.409413069486618042e-01,1.973682045936584473e-01,-1.493570357561111450e-01,2.883860468864440918e-02,6.594907045364379883e-01,-1.241684332489967346e-01,-3.336153328418731689e-01,2.887819111347198486e-01,3.170546591281890869e-01,2.980780601501464844e-02,1.246209666132926941e-01,3.525426611304283142e-02,-4.502518102526664734e-03,1.049230545759201050e-01,2.721036374568939209e-01,3.397217392921447754e-02,-4.131312072277069092e-01,4.578340053558349609e-01,9.839814901351928711e-02,-1.803067475557327271e-01,-2.983754873275756836e-01,-2.484324723482131958e-01,-1.563039235770702362e-02,-2.087519913911819458e-01,-6.748094558715820312e-01,-2.461679130792617798e-01,2.672962546348571777e-01,-1.086705997586250305e-01,1.755230426788330078e-01,2.326396293938159943e-02,-1.353617757558822632e-01,-4.861400723457336426e-01,-2.508609890937805176e-01,-6.152788400650024414e-01,1.509232912212610245e-02,4.212539494037628174e-01,4.445976018905639648e-02,4.514611661434173584e-01,3.834534585475921631e-01,-4.336425065994262695e-01,-1.136160120368003845e-01,1.904587298631668091e-01,1.316451579332351685e-01,1.899473369121551514e-01,-8.746436238288879395e-02,-5.672866478562355042e-02,-4.562057256698608398e-01,2.772024273872375488e-01,-5.110095143318176270e-01,2.179967910051345825e-01,-3.961352165788412094e-03,-5.768123865127563477e-01,3.179711401462554932e-01,1.430147886276245117e-01,4.297889471054077148e-01,-2.574717402458190918e-01,-3.954958543181419373e-02,-2.318246066570281982e-01,3.389085531234741211e-01,3.031679093837738037e-01,4.834076166152954102e-01,5.551590770483016968e-02,1.445444226264953613e-01,3.675529658794403076e-01,2.326956689357757568e-01,-1.879116594791412354e-01,-3.275656402111053467e-01,-4.734709858894348145e-01,-3.587561249732971191e-01,-4.242628514766693115e-01,2.007438540458679199e-01,-7.502625584602355957e-01,-9.751994162797927856e-02,-4.959403872489929199e-01,7.277312278747558594e-01,-4.009394943714141846e-01,-7.391514629125595093e-02,7.837131023406982422e-01,-1.962517648935317993e-01,9.444912523031234741e-02,1.205300316214561462e-01
1.187827959656715393e-01,5.130342021584510803e-02,2.823836505413055420e-01,-1.862456053495407104e-01,1.034574061632156372e-01,-2.719695568084716797e-01,-3.554684519767761230e-01,1.625551581382751465e-01,3.102954924106597900e-01,-7.764185220003128052e-02,5.426793172955513000e-02,1.470547616481781006e-01,9.722044318914413452e-02,4.552562236785888672e-01,-1.760806702077388763e-02,1.272961683571338654e-02,-1.602095216512680054e-01,1.982715576887130737e-01,2.258632034063339233e-01,2.448987513780593872e-01,-3.957192599773406982e-01,-1.681100130081176758e-01,-1.283451262861490250e-02,2.314794659614562988e-01,-1.447799056768417358e-01,-1.853076517581939697e-01,6.702128052711486816e-02,-1.731857657432556152e-02,-4.195395112037658691e-01,1.600452214479446411e-01,-2.705205380916595459e-01,1.188613399863243103e-01,-1.179465278983116150e-01,-2.629394233226776123e-01,6.064075231552124023e-02,1.657721698284149170e-01,1.720461398363113403e-01,-9.456271678209304810e-02,-1.442870795726776123e-01,2.003243714570999146e-01,6.680535525083541870e-02,2.611419418826699257e-03,-3.062965720891952515e-02,-3.583726286888122559e-02,-1.121547743678092957e-01,2.839168012142181396e-01,2.604334056377410889e-01,-5.930752307176589966e-02,-3.000937774777412415e-02,3.070223629474639893e-01,7.622425258159637451e-02,1.950898766517639160e-01,1.946775056421756744e-02,-1.815016418695449829e-01,2.311431057751178741e-02,-6.132699549198150635e-02,-2.263124883174896240e-01,-5.155584961175918579e-02,-4.005557000637054443e-01,1.659152805805206299e-01,-2.196301370859146118e-01,9.938830882310867310e-02,-3.422823175787925720e-02,-3.395344018936157227e-01,1.180058158934116364e-02,7.403580099344253540e-02,-1.876003593206405640e-01,-1.416560914367437363e-02,-9.083557873964309692e-02,-1.860235184431076050e-01,2.577161788940429688e-01,2.794826403260231018e-02,1.380962878465652466e-01,-1.953653618693351746e-02,-1.546058654785156250e-01,7.558311522006988525e-02,4.146265983581542969e-02,-3.699962198734283447e-01,6.064492091536521912e-02,-1.907261833548545837e-02,-3.585558533668518066e-01,-2.533642947673797607e-02,1.882395297288894653e-01,-5.370555818080902100e-02,-9.684655070304870605e-02,2.454852312803268433e-01,-2.141171246767044067e-01,-8.822324126958847046e-02,-2.526026368141174316e-01,1.442923862487077713e-02,-4.406501725316047668e-02,2.062562704086303711e-01,1.621849834918975830e-01,4.711455851793289185e-02,2.809609174728393555e-01,-1.531050354242324829e-01,3.630574420094490051e-02,6.609127391129732132e-03,-2.653355002403259277e-01,2.298898436129093170e-02,9.886041283607482910e-02,-1.946028023958206177e-01,1.085641514509916306e-02,-3.866227716207504272e-02,-4.387651085853576660e-01,-4.752531275153160095e-02,2.702016532421112061e-01,1.895365417003631592e-01,4.093171656131744385e-01,1.310178488492965698e-01,-5.880375951528549194e-02,2.239870131015777588e-01,-1.450307201594114304e-03,-3.065669238567352295e-01,-2.975997626781463623e-01,-2.178977727890014648e-01,1.911535263061523438e-01,-2.298605293035507202e-01,7.862066477537155151e-02,-1.062354147434234619e-01,2.780030295252799988e-02,7.518264651298522949e-02,-4.704323038458824158e-02,-5.741409957408905029e-02,1.127717420458793640e-01,1.102033033967018127e-01,-8.603996783494949341e-02,9.709092974662780762e-02
-8.167826384305953979e-02,-1.511379517614841461e-02,-1.204072386026382446e-01,1.226105168461799622e-01,1.301332656294107437e-02,4.617413878440856934e-02,1.715526282787322998e-01,-1.874076128005981445e-01,-7.764185220003128052e-02,5.185473337769508362e-02,-7.281908392906188965e-02,-3.683174774050712585e-02,-2.266269922256469727e-02,-2.127295583486557007e-01,-1.538121234625577927e-02,1.182325929403305054e-02,4.897519946098327637e-02,4.029943048954010010e-02,-1.359273642301559448e-01,-1.507375836372375488e-01,1.111401915550231934e-01,1.266037076711654663e-01,1.164485979825258255e-02,-1.947069540619850159e-02,9.544521570205688477e-02,1.800982803106307983e-01,-1.176920160651206970e-01,-8.446007221937179565e-02,2.099568545818328857e-01,-6.176304072141647339e-02,5.572174116969108582e-02,-7.058399915695190430e-02,5.421640723943710327e-02,5.764479935169219971e-02,7.153473794460296631e-03,-4.709052294492721558e-02,-7.407867163419723511e-02,3.235134109854698181e-02,1.368022710084915161e-01,-1.264712512493133545e-01,2.591678639873862267e-03,-1.170487143099308014e-02,1.288013756275177002e-01,1.651125773787498474e-02,-7.499294728040695190e-02,-3.279258683323860168e-02,-1.305520981550216675e-01,-6.543804774992167950e-04,-1.299483049660921097e-02,-3.862937167286872864e-02,-4.467708617448806763e-02,-1.065490245819091797e-01,3.436084836721420288e-02,1.452064961194992065e-01,-4.139625653624534607e-02,-3.673725202679634094e-02,7.126946747303009033e-02,1.501383521826937795e-04,1.145840659737586975e-01,-4.583516716957092285e-02,2.359208092093467712e-02,-4.516714811325073242e-02,1.255211513489484787e-02,1.587205082178115845e-01,-1.226948425173759460e-01,-3.596082702279090881e-02,1.310535520315170288e-01,1.029061600565910339e-01,8.369893580675125122e-02,8.607920259237289429e-02,-8.534339815378189087e-02,9.511629492044448853e-02,-1.051867101341485977e-02,-6.210137158632278442e-02,5.279333889484405518e-02,-1.163486093282699585e-01,-1.819166541099548340e-02,1.033036038279533386e-01,2.512267092242836952e-03,-6.712596863508224487e-03,1.785367876291275024e-01,6.213186774402856827e-03,-1.457830667495727539e-01,2.212961018085479736e-02,-4.813139885663986206e-02,-1.372014880180358887e-01,1.119569689035415649e-01,4.699486121535301208e-02,7.907293736934661865e-02,-4.274772107601165771e-02,-5.751775577664375305e-03,-8.312406390905380249e-02,-5.024126172065734863e-02,7.559505850076675415e-02,-1.389122158288955688e-01,9.708110243082046509e-02,-1.349710859358310699e-02,-1.861226628534495831e-03,1.790590733289718628e-01,3.359382506459951401e-03,-2.883152663707733154e-02,-1.783335022628307343e-02,1.114567462354898453e-02,1.258817873895168304e-02,1.979912221431732178e-01,-5.210355296730995178e-02,-1.487666815519332886e-01,-1.009554341435432434e-01,-1.565643548965454102e-01,-6.733866780996322632e-02,-1.492279022932052612e-02,-8.662474900484085083e-02,4.123264551162719727e-02,1.101317033171653748e-01,1.723345518112182617e-01,5.478845909237861633e-02,3.500727564096450806e-02,1.313419453799724579e-02,8.254311978816986084e-02,5.476806312799453735e-02,6.900696083903312683e-03,-1.346738785505294800e-01,8.917658030986785889e-02,-1.671498455107212067e-02,-1.288063973188400269e-01,-3.513491153717041016e-02,7.750970777124166489e-03,-1.203152164816856384e-02
-2.829698324203491211e-01,-1.099546160548925400e-02,4.212441146373748779e-01,-4.524343013763427734e-01,-2.371599674224853516e-01,-2.484022974967956543e-01,-3.452806770801544189e-01,1.602362692356109619e-01,5.426793172955513000e-02,-7.281908392906188965e-02,4.456969201564788818e-01,6.030013039708137512e-02,-4.329120814800262451e-01,1.279468387365341187e-01,-2.023798674345016479e-01,-1.206707507371902466e-01,-3.168111294507980347e-02,-3.226993083953857422e-01,1.189268752932548523e-01,2.231535464525222778e-01,3.077621459960937500e-01,-2.294459939002990723e-01,-4.354628026485443115e-01,1.829351782798767090e-01,-2.438066303730010986e-01,-3.330775350332260132e-02,2.822284400463104248e-01,4.799338281154632568e-01,-2.992392778396606445e-01,5.061246156692504883e-01,2.775231897830963135e-01,2.850745916366577148e-01,-2.951973080635070801e-01,1.055909097194671631e-01,-3.878399729728698730e-02,2.535319328308105469e-01,1.233017891645431519e-01,-8.368467539548873901e-02,-3.239955604076385498e-01,6.690737605094909668e-01,1.689551472663879395e-01,-1.051481440663337708e-01,-4.489571750164031982e-01,-6.462387740612030029e-02,4.714013263583183289e-02,1.229498386383056641e-01,3.832283914089202881e-01,9.525135159492492676e-02,1.228832080960273743e-01,-1.272498369216918945e-01,-2.306763976812362671e-01,-7.002741843461990356e-02,-2.513492703437805176e-01,-1.446156650781631470e-01,5.662984773516654968e-02,3.051050007343292236e-01,-1.471581459045410156e-01,-1.650367397814989090e-03,-1.913380473852157593e-01,1.894156634807586670e-02,2.152331620454788208e-01,-8.067604899406433105e-02,-6.014771386981010437e-02,-7.570931315422058105e-02,5.405875444412231445e-01,2.193931490182876587e-02,-5.093399286270141602e-01,-4.668090939521789551e-01,-3.776924908161163330e-01,-1.239486560225486755e-01,4.130879938602447510e-01,1.171276569366455078e-01,-8.049920946359634399e-02,4.954364597797393799e-01,-6.064959242939949036e-02,5.366421937942504883e-01,2.705971337854862213e-02,4.638839513063430786e-02,3.860675692558288574e-01,4.698586463928222656e-01,-2.365109920501708984e-01,-9.976141154766082764e-03,3.695587813854217529e-01,-8.394017815589904785e-02,2.832033336162567139e-01,-1.442079097032546997e-01,-6.851604580879211426e-02,-1.098331660032272339e-01,-1.158501356840133667e-01,1.545892357826232910e-01,-3.149219602346420288e-02,3.691941499710083008e-01,1.158387213945388794e-01,-4.106582403182983398e-01,1.453142762184143066e-01,1.730017960071563721e-01,-1.143240258097648621e-01,4.564775153994560242e-03,-2.944029271602630615e-01,-4.881921410560607910e-01,-5.969285964965820312e-02,2.385383695363998413e-01,-1.512053236365318298e-02,3.482873737812042236e-02,-5.026147365570068359e-01,-1.783720403909683228e-01,5.180155038833618164e-01,1.977349519729614258e-01,1.610952913761138916e-01,1.227491125464439392e-01,-3.031235039234161377e-01,1.892680972814559937e-01,-1.593919098377227783e-01,-6.154283508658409119e-02,-4.165622293949127197e-01,1.163931488990783691e-01,-3.212875723838806152e-01,5.687268450856208801e-02,-5.183690413832664490e-02,-1.202782765030860901e-01,3.158427774906158447e-01,3.534796535968780518e-01,-3.240562975406646729e-01,1.299521476030349731e-01,9.878322482109069824e-02,1.793664246797561646e-01,6.839608307927846909e-03,-4.308282434940338135e-01
-9.591240435838699341e-02,-1.189376041293144226e-02,2.734295427799224854e-01,-8.695122599601745605e-02,3.294796496629714966e-02,-4.151064157485961914e-02,-2.679995000362396240e-01,-9.641774743795394897e-02,1.470547616481781006e-01,-3.683174774050712585e-02,6.030013039708137512e-02,1.800727844238281250e-01,-1.556313484907150269e-01,1.950624138116836548e-01,-1.664998531341552734e-01,-3.942821547389030457e-02,-1.358948796987533569e-01,2.577749192714691162e-01,2.228864282369613647e-02,1.555522810667753220e-02,-1.351216733455657959e-01,1.837519928812980652e-02,-1.482499837875366211e-01,3.962936103343963623e-01,-1.202768385410308838e-01,4.876991733908653259e-02,-7.288712263107299805e-02,-2.958367392420768738e-02,-1.491147279739379883e-01,1.865644305944442749e-01,-6.287992745637893677e-02,1.558290719985961914e-01,-2.551296353340148926e-01,-9.551660716533660889e-02,7.312270998954772949e-02,2.805482745170593262e-01,1.779417991638183594e-01,-1.185764968395233154e-01,-1.141843199729919434e-01,2.257967293262481689e-01,-5.164433270692825317e-03,-6.398878991603851318e-02,1.402542740106582642e-01,-3.805552050471305847e-02,-3.086631894111633301e-01,4.182145893573760986e-01,2.604018151760101318e-01,-1.158473119139671326e-01,-6.494855880737304688e-02,2.810356914997100830e-01,1.590038537979125977e-01,-7.749184966087341309e-02,1.499147852882742882e-03,-2.124920487403869629e-01,-5.690959468483924866e-02,-1.307690739631652832e-01,-2.479658275842666626e-01,-7.967182993888854980e-02,-4.033631086349487305e-01,1.623236835002899170e-01,-1.978994160890579224e-01,-6.546054501086473465e-03,-5.103481933474540710e-02,-2.068083882331848145e-01,-3.771422198042273521e-03,7.105363160371780396e-02,-2.078818976879119873e-01,-3.155100345611572266e-02,-3.385834023356437683e-02,-2.193445414304733276e-01,3.607946634292602539e-01,1.626116335391998291e-01,2.562653124332427979e-01,-5.179150775074958801e-02,-1.172379255294799805e-01,1.129444539546966553e-01,3.745102882385253906e-02,-2.442578375339508057e-01,2.930169999599456787e-01,1.664683818817138672e-01,-1.212305054068565369e-01,-2.962097898125648499e-02,5.545848235487937927e-02,-9.100249409675598145e-02,-1.977436691522598267e-01,1.508891582489013672e-01,-4.378570243716239929e-02,-7.411816716194152832e-02,-3.620890080928802490e-01,2.048245258629322052e-02,-1.389653235673904419e-01,2.835529744625091553e-01,2.355680018663406372e-01,1.008241400122642517e-01,2.553308308124542236e-01,-3.501090034842491150e-02,6.602250970900058746e-03,7.559726946055889130e-03,-1.660015732049942017e-01,-1.490476280450820923e-01,1.621445827186107635e-02,-2.406377792358398438e-01,1.567243933677673340e-01,-2.606344036757946014e-02,-3.959397673606872559e-01,9.094255976378917694e-03,1.969036310911178589e-01,3.819701448082923889e-02,4.047022461891174316e-01,1.212838888168334961e-01,-2.481160759925842285e-01,1.210956647992134094e-01,5.984992533922195435e-02,-1.749740391969680786e-01,-1.200256645679473877e-01,1.812058151699602604e-03,2.855453789234161377e-01,-2.263906747102737427e-01,3.111187517642974854e-01,-1.114710643887519836e-01,3.283750116825103760e-01,-1.352607905864715576e-01,-1.339985057711601257e-02,7.214777171611785889e-02,-1.343991309404373169e-01,1.912823617458343506e-01,-1.037344932556152344e-01,2.828461676836013794e-02
