4.755352139472961426e-01,8.180056698620319366e-03,-7.995901256799697876e-02,-2.934753894805908203e-02,1.835635900497436523e-01,-1.124500259757041931e-01,1.176887005567550659e-01,3.692809641361236572e-01,8.356088399887084961e-02,4.215056449174880981e-02,-8.892419934272766113e-02,-5.103553831577301025e-02,2.698842249810695648e-02,1.983365863561630249e-01,1.939245611429214478e-01,1.093608066439628601e-01,5.708237644284963608e-03,-3.212039545178413391e-02,1.161508858203887939e-01,-8.501031436026096344e-03,-1.126788780093193054e-01,1.654287800192832947e-02,-3.409691154956817627e-02,5.052662640810012817e-02,8.010701276361942291e-05,7.193929050117731094e-03,3.926976770162582397e-02,-2.177088856697082520e-01,6.301703862845897675e-03,-1.584337651729583740e-01,-1.417147815227508545e-01,-3.773434460163116455e-02,1.719306036829948425e-02,1.613422483205795288e-02,-2.848335169255733490e-02,-5.515743419528007507e-02,-2.484572865068912506e-02,3.792884945869445801e-02,-2.711737751960754395e-01,-3.524733185768127441e-01,1.719448119401931763e-01,8.809107542037963867e-02,-8.205251395702362061e-02,1.495025772601366043e-02,8.097905665636062622e-03,-9.241132065653800964e-03,-1.562452912330627441e-01,-1.073009595274925232e-01,4.376072809100151062e-02,6.861254572868347168e-02,-1.004741340875625610e-01,-2.578343078494071960e-02,1.553007215261459351e-01,-5.434342846274375916e-02,-7.259733974933624268e-02,-1.296328753232955933e-01,4.840346798300743103e-02,1.000453624874353409e-02,-4.788224177900701761e-04,-3.129137307405471802e-02,-7.949835620820522308e-03,-1.872973702847957611e-02,9.008384309709072113e-03,1.107183322310447693e-01,2.019162988290190697e-03,7.419312838464975357e-03,-1.101859360933303833e-01,1.602460145950317383e-01,-7.284644991159439087e-02,1.497565358877182007e-01,-1.748369038105010986e-01,1.430333126336336136e-02,5.642386525869369507e-02,1.215192377567291260e-01,-9.363343566656112671e-02,-1.508887112140655518e-01,-2.101026708260178566e-03,8.489961922168731689e-02,-1.544169187545776367e-01,-5.895948782563209534e-02,4.564876481890678406e-02,1.057525980286300182e-03,-2.082591652870178223e-01,-4.441861063241958618e-03,-2.624222934246063232e-01,-1.035531703382730484e-02,2.079764008522033691e-01,-3.657366614788770676e-04,-5.938160791993141174e-02,5.634989216923713684e-02,-1.101042851805686951e-01,2.299915067851543427e-02,1.133904084563255310e-01,-1.209596991539001465e-01,-4.360627755522727966e-02,-2.342355996370315552e-01,2.016350477933883667e-01,-2.071629278361797333e-04,-1.616169661283493042e-01,2.488621026277542114e-01,-8.145957440137863159e-02,2.221468687057495117e-01,-4.096749052405357361e-02,-3.392287343740463257e-02,-2.779020182788372040e-02,2.518678605556488037e-01,9.322028607130050659e-02,6.352019309997558594e-02,-2.692297399044036865e-01,1.289834920316934586e-02,3.893437329679727554e-03,8.426861464977264404e-02,-6.034126854501664639e-04,-1.522714644670486450e-01,1.279122680425643921e-01,-9.652516245841979980e-02,3.241740167140960693e-01,-8.264905214309692383e-02,-2.957883477210998535e-01,-4.250712227076292038e-03,-7.741692662239074707e-02,1.593144387006759644e-01,1.518737822771072388e-01,7.162364572286605835e-02,6.607566028833389282e-02,-1.011071503162384033e-01,-1.502746902406215668e-02,3.385135158896446228e-02
8.180056698620319366e-03,2.156842127442359924e-02,-1.271755695343017578e-01,8.770585805177688599e-02,6.275059282779693604e-02,-5.608860868960618973e-03,1.083760429173707962e-02,5.679898336529731750e-02,2.419756166636943817e-02,4.088757932186126709e-02,1.285913586616516113e-02,-5.200787261128425598e-02,1.068085581064224243e-01,5.921537056565284729e-02,1.218820884823799133e-01,1.197483018040657043e-01,-1.283312682062387466e-03,6.563998758792877197e-02,-6.216861680150032043e-02,-5.122075229883193970e-02,-4.152235761284828186e-02,1.214089244604110718e-01,6.599334627389907837e-02,-9.022892452776432037e-03,1.539479847997426987e-02,1.364435404539108276e-01,-1.307389587163925171e-01,-5.414226278662681580e-02,1.103031039237976074e-01,-7.008652202785015106e-03,1.966722123324871063e-02,-1.231805309653282166e-01,8.643667399883270264e-02,6.030187383294105530e-02,-4.729914013296365738e-03,-1.341423839330673218e-01,2.683715336024761200e-02,6.418637931346893311e-02,-8.836886286735534668e-02,-6.897317618131637573e-02,1.054139882326126099e-01,7.755028549581766129e-03,1.142661720514297485e-01,1.726928912103176117e-02,4.588582552969455719e-03,-7.383359968662261963e-02,-1.298243999481201172e-01,-3.094707056879997253e-02,-1.039200741797685623e-02,1.737209968268871307e-02,2.672983892261981964e-02,-1.125303655862808228e-02,3.152012825012207031e-02,-4.181366879492998123e-03,-1.032416149973869324e-02,-1.360224485397338867e-01,2.630416862666606903e-02,1.114599406719207764e-02,-5.047779157757759094e-02,-6.421907246112823486e-02,-1.484795100986957550e-02,1.485255174338817596e-02,4.349533934146165848e-03,8.144798688590526581e-03,-6.213090382516384125e-03,-3.105466067790985107e-02,3.765296563506126404e-02,1.240702643990516663e-01,-1.216186359524726868e-01,1.969573646783828735e-02,-9.671177715063095093e-02,-1.550730131566524506e-02,-2.975824847817420959e-02,1.223618090152740479e-01,-2.665713988244533539e-02,-1.109105795621871948e-01,-2.899991814047098160e-03,1.402356922626495361e-01,-3.664705902338027954e-02,-1.147363334894180298e-01,1.251722872257232666e-01,1.245083403773605824e-03,-9.631346166133880615e-02,2.649352187290787697e-03,-9.218575805425643921e-02,-1.159744709730148315e-01,3.839827701449394226e-02,6.210824009031057358e-03,5.007733777165412903e-02,4.881994426250457764e-02,-2.416593022644519806e-02,-2.144822105765342712e-02,-1.007278934121131897e-01,4.373277351260185242e-02,-1.110047623515129089e-01,6.363266147673130035e-03,6.348925828933715820e-02,-1.268063206225633621e-04,-9.559889882802963257e-02,3.960235044360160828e-02,-2.788134478032588959e-02,2.742372266948223114e-02,-1.341301351785659790e-01,-5.028781294822692871e-02,1.425351798534393311e-01,-7.035292685031890869e-03,-8.031634241342544556e-02,-1.205879226326942444e-01,-1.259381510317325592e-02,-1.002683769911527634e-02,7.530003786087036133e-02,-4.748958349227905273e-02,-1.129160746932029724e-01,-6.371709983795881271e-03,1.390708833932876587e-01,-1.162272095680236816e-01,6.945668905973434448e-02,3.970828279852867126e-02,-1.219776347279548645e-01,3.678075596690177917e-02,4.280538111925125122e-02,8.830846846103668213e-02,1.178548038005828857e-01,-5.021504312753677368e-02,-6.933415681123733521e-02,-5.533566325902938843e-02,5.182888358831405640e-03,6.811475753784179688e-02
-7.995901256799697876e-02,-1.271755695343017578e-01,7.822058200836181641e-01,-5.904738903045654297e-01,-3.622890412807464600e-01,-3.561597689986228943e-02,-1.258391290903091431e-01,-3.931708931922912598e-01,-1.361713558435440063e-01,-2.765516340732574463e-01,-6.393045932054519653e-02,3.524138331413269043e-01,-6.166008710861206055e-01,-4.327947795391082764e-01,-7.351131439208984375e-01,-7.092382907867431641e-01,1.419552834704518318e-03,-3.621896207332611084e-01,4.181275069713592529e-01,3.586915135383605957e-01,2.709960937500000000e-01,-7.466128468513488770e-01,-4.767149388790130615e-01,1.170829012989997864e-01,-1.032322421669960022e-01,-7.550458312034606934e-01,7.420750260353088379e-01,2.990204095840454102e-01,-6.949766278266906738e-01,8.382882177829742432e-02,-9.042993187904357910e-02,7.482965588569641113e-01,-5.545586943626403809e-01,-4.376146495342254639e-01,3.869508951902389526e-02,7.801590561866760254e-01,-1.732445061206817627e-01,-4.195364415645599365e-01,5.532457828521728516e-01,4.848466515541076660e-01,-6.454622149467468262e-01,-5.930561199784278870e-02,-6.534314155578613281e-01,-1.153740808367729187e-01,-2.921090275049209595e-02,4.940361082553863525e-01,7.772928476333618164e-01,2.145260870456695557e-01,4.843899235129356384e-02,-2.622812055051326752e-02,-1.869004368782043457e-01,7.073939591646194458e-02,-2.190735787153244019e-01,9.360267221927642822e-02,5.482493340969085693e-02,7.950733304023742676e-01,-2.014104723930358887e-01,-7.517706602811813354e-02,2.626754343509674072e-01,4.219633340835571289e-01,1.355872303247451782e-01,-1.345632523298263550e-01,-3.089982829988002777e-02,-7.535552233457565308e-02,3.668833151459693909e-02,1.981919407844543457e-01,-1.916857212781906128e-01,-7.242478132247924805e-01,7.336670756340026855e-01,-1.065953150391578674e-01,6.478754878044128418e-01,1.298224329948425293e-01,1.860402971506118774e-01,-7.560893893241882324e-01,1.658419221639633179e-01,6.741573810577392578e-01,1.691633276641368866e-02,-8.290741443634033203e-01,2.902219891548156738e-01,7.296154499053955078e-01,-7.765625119209289551e-01,-8.679691702127456665e-03,6.097689867019653320e-01,-1.443144213408231735e-02,6.002969741821289062e-01,6.292134523391723633e-01,-2.671495378017425537e-01,-3.862451389431953430e-02,-2.802341282367706299e-01,-3.476523458957672119e-01,1.553933769464492798e-01,1.438365131616592407e-01,6.175928711891174316e-01,-2.799939811229705811e-01,6.986729502677917480e-01,1.674888841807842255e-02,-3.930314481258392334e-01,8.744247024878859520e-04,6.272445321083068848e-01,-3.130486905574798584e-01,2.378718703985214233e-01,-2.073926329612731934e-01,7.912593483924865723e-01,3.338860273361206055e-01,-8.116725683212280273e-01,-6.575553864240646362e-02,5.313208103179931641e-01,7.094926834106445312e-01,6.447399407625198364e-02,6.538517028093338013e-02,-4.951082170009613037e-01,3.925690054893493652e-01,6.973466873168945312e-01,-7.826603204011917114e-02,-7.873439192771911621e-01,6.920264959335327148e-01,-4.729691147804260254e-01,-2.853715717792510986e-01,7.529885768890380859e-01,-2.478789836168289185e-01,-2.611885964870452881e-01,-6.052069067955017090e-01,-7.206954360008239746e-01,2.859137356281280518e-01,5.003005862236022949e-01,4.214942455291748047e-01,-5.607078969478607178e-02,-4.695815443992614746e-01
-2.934753894805908203e-02,8.770585805177688599e-02,-5.904738903045654297e-01,5.889716744422912598e-01,1.754069030284881592e-01,1.104695722460746765e-01,5.488658696413040161e-02,1.917141675949096680e-01,7.433278858661651611e-02,1.910042017698287964e-01,7.362468168139457703e-03,-2.524830102920532227e-01,3.427484631538391113e-01,3.903843164443969727e-01,5.124164819717407227e-01,4.685134589672088623e-01,6.936825229786336422e-04,3.097388446331024170e-01,-3.710177540779113770e-01,-2.404870986938476562e-01,-3.434143364429473877e-01,6.034275293350219727e-01,3.533294498920440674e-01,-1.197150498628616333e-01,8.299665898084640503e-02,5.388736128807067871e-01,-5.222610235214233398e-01,-6.867077201604843140e-02,4.451178312301635742e-01,4.334747418761253357e-02,1.001762524247169495e-01,-6.216664314270019531e-01,4.949539303779602051e-01,2.642440199851989746e-01,-1.086822524666786194e-02,-5.836360454559326172e-01,1.478204131126403809e-01,2.778915762901306152e-01,-2.486633807420730591e-01,-4.363819062709808350e-01,4.838342070579528809e-01,5.381318926811218262e-02,4.955978393554687500e-01,7.819449156522750854e-02,-2.928360179066658020e-02,-2.051893472671508789e-01,-5.487031340599060059e-01,-1.933970153331756592e-01,-5.069382488727569580e-02,7.557123154401779175e-02,1.856286227703094482e-01,-1.363414060324430466e-02,1.840442717075347900e-01,-1.340648531913757324e-01,1.029397547245025635e-01,-5.633240342140197754e-01,1.549618542194366455e-01,4.638018086552619934e-02,-1.456132680177688599e-01,-3.412816226482391357e-01,-1.798089742660522461e-01,1.489169746637344360e-01,2.756319753825664520e-02,6.730333715677261353e-02,3.367845667526125908e-03,-1.416778415441513062e-01,1.574175655841827393e-01,5.105407238006591797e-01,-5.301857590675354004e-01,2.213576575741171837e-03,-4.362601637840270996e-01,7.235175371170043945e-02,-1.898723542690277100e-01,5.647843480110168457e-01,-1.172328889369964600e-01,-5.404323935508728027e-01,-6.609126925468444824e-03,6.112704277038574219e-01,-3.639810681343078613e-01,-5.488961935043334961e-01,6.980596780776977539e-01,6.203003227710723877e-03,-3.579244613647460938e-01,1.301640737801790237e-02,-4.602612853050231934e-01,-3.773234784603118896e-01,3.941189870238304138e-02,2.463923022150993347e-02,1.619202345609664917e-01,2.357279509305953979e-01,-7.048723101615905762e-02,-2.082640975713729858e-01,-5.968363881111145020e-01,3.211641907691955566e-01,-5.700669884681701660e-01,3.409656509757041931e-02,2.496600300073623657e-01,-5.955326487310230732e-04,-3.700543344020843506e-01,1.734423041343688965e-01,-1.288110166788101196e-01,5.605279467999935150e-03,-6.636528372764587402e-01,-2.263576835393905640e-01,6.580088734626770020e-01,1.355054229497909546e-01,-5.751919746398925781e-01,-5.662566423416137695e-01,4.631510004401206970e-02,-5.212044715881347656e-02,5.347812771797180176e-01,-4.027791321277618408e-01,-5.648334622383117676e-01,1.300108283758163452e-01,5.485500693321228027e-01,-4.628293514251708984e-01,2.168212085962295532e-01,1.926466524600982666e-01,-5.585255622863769531e-01,2.196199744939804077e-01,1.811997741460800171e-01,4.572101533412933350e-01,5.194172859191894531e-01,-2.253711074590682983e-01,-3.505324125289916992e-01,-3.125991523265838623e-01,3.832002729177474976e-02,3.655248284339904785e-01
1.835635900497436523e-01,6.275059282779693604e-02,-3.622890412807464600e-01,1.754069030284881592e-01,2.863198220729827881e-01,-8.810254186391830444e-02,8.330370485782623291e-02,3.177534043788909912e-01,7.753842324018478394e-02,1.221049651503562927e-01,1.177209243178367615e-02,-1.516082733869552612e-01,3.399165570735931396e-01,1.389650106430053711e-01,4.023630619049072266e-01,3.817687928676605225e-01,-4.584149923175573349e-03,1.634753793478012085e-01,-1.118853464722633362e-01,-1.393663734197616577e-01,-5.716152861714363098e-02,3.092618286609649658e-01,1.375998705625534058e-01,2.226124890148639679e-02,3.558399528264999390e-02,3.866592943668365479e-01,-3.633740842342376709e-01,-2.821448445320129395e-01,3.372125029563903809e-01,-1.261796504259109497e-01,6.220328505150973797e-04,-2.983036339282989502e-01,2.020689398050308228e-01,1.593263596296310425e-01,-2.595153264701366425e-02,-3.706841468811035156e-01,5.448965728282928467e-02,1.947140693664550781e-01,-4.095791578292846680e-01,-2.453281730413436890e-01,3.488698899745941162e-01,4.646678641438484192e-02,2.791648805141448975e-01,5.268680304288864136e-02,4.281375557184219360e-02,-2.459949702024459839e-01,-4.251649677753448486e-01,-1.044063717126846313e-01,-5.639391019940376282e-03,8.958187699317932129e-02,1.704038120806217194e-02,-5.343337357044219971e-02,1.160256862640380859e-01,1.228699926286935806e-02,-1.098412945866584778e-01,-4.281058013439178467e-01,7.213196903467178345e-02,3.532252088189125061e-02,-1.855259984731674194e-01,-1.655038893222808838e-01,1.662019494688138366e-04,2.057618461549282074e-03,1.153695676475763321e-02,6.104918569326400757e-02,-1.618690602481365204e-02,-8.171495050191879272e-02,8.078681677579879761e-02,4.066622555255889893e-01,-3.350701034069061279e-01,1.511659473180770874e-01,-3.375648558139801025e-01,-9.201019257307052612e-02,-2.089565433561801910e-02,3.588888049125671387e-01,-1.070796027779579163e-01,-3.543435931205749512e-01,-1.099594123661518097e-02,4.098879992961883545e-01,-9.237840026617050171e-02,-3.142835199832916260e-01,3.019717633724212646e-01,3.367951838299632072e-03,-3.633705675601959229e-01,5.463475827127695084e-03,-3.334577977657318115e-01,-3.688472211360931396e-01,2.367719411849975586e-01,1.786851324141025543e-02,1.304485052824020386e-01,1.486173421144485474e-01,-1.337217986583709717e-01,-4.477795213460922241e-03,-1.795807033777236938e-01,2.024385705590248108e-02,-2.910065352916717529e-01,-5.707523971796035767e-02,2.785141468048095703e-01,-4.088761925231665373e-04,-3.232649266719818115e-01,2.115038782358169556e-01,-1.018936932086944580e-01,2.051722854375839233e-01,-3.418845236301422119e-01,-1.513602435588836670e-01,3.782376348972320557e-01,2.506492286920547485e-02,-1.183131039142608643e-01,-2.975603640079498291e-01,-1.755212247371673584e-01,-1.936516351997852325e-02,8.471339941024780273e-02,-3.582458198070526123e-02,-2.798553109169006348e-01,-1.226650029420852661e-01,4.638465642929077148e-01,-3.756971061229705811e-01,3.202639222145080566e-01,8.657132089138031006e-02,-4.266924560070037842e-01,7.485500723123550415e-02,1.173435747623443604e-01,2.701735496520996094e-01,3.685067296028137207e-01,-1.180056184530258179e-01,-1.385873258113861084e-01,-1.426137089729309082e-01,3.218226600438356400e-03,1.947495341300964355e-01
-1.124500259757041931e-01,-5.608860868960618973e-03,-3.561597689986228943e-02,1.104695722460746765e-01,-8.810254186391830444e-02,2.110300213098526001e-01,-3.018608689308166504e-02,-4.409485310316085815e-02,-1.193247288465499878e-01,-2.787645906209945679e-02,3.511885926127433777e-02,-1.829106477089226246e-03,-9.137089550495147705e-02,1.051554158329963684e-01,-3.392546251416206360e-02,-5.329105630517005920e-02,-2.866713330149650574e-03,-6.509478669613599777e-03,-3.755823150277137756e-02,-3.813209012150764465e-02,4.951137676835060120e-02,5.000614747405052185e-02,1.071799546480178833e-01,-2.660689316689968109e-02,-3.217322053387761116e-03,-9.813645482063293457e-02,7.622569333761930466e-03,1.186049208045005798e-01,4.920368269085884094e-02,1.706211268901824951e-02,8.292312920093536377e-02,4.588268697261810303e-03,-2.155705355107784271e-02,8.972150832414627075e-02,1.270353095605969429e-04,8.838066423777490854e-05,1.469443738460540771e-02,-2.651944942772388458e-02,1.230207458138465881e-01,-5.478280782699584961e-02,-1.203244999051094055e-01,-2.015528082847595215e-02,8.379564434289932251e-02,5.178458523005247116e-03,8.188317716121673584e-02,2.900661900639533997e-02,4.328885301947593689e-02,-5.554311443120241165e-03,-6.722509860992431641e-02,-7.598362118005752563e-02,1.252041310071945190e-01,-9.851869940757751465e-02,-3.941975906491279602e-02,-7.736163586378097534e-02,3.969129920005798340e-02,1.133804023265838623e-02,3.199031949043273926e-02,-6.737968069501221180e-04,9.241314232349395752e-02,-1.598417386412620544e-02,-1.779388636350631714e-02,1.177089475095272064e-02,1.651042490266263485e-03,-1.247638836503028870e-01,-1.532393600791692734e-02,1.638916134834289551e-02,2.277279086410999298e-02,-4.334515333175659180e-02,1.982599869370460510e-02,-5.715636536478996277e-02,4.268974065780639648e-02,-1.060857474803924561e-01,-1.886652037501335144e-02,-2.747904323041439056e-02,6.894429773092269897e-02,2.366411313414573669e-02,4.988405387848615646e-03,-7.963760755956172943e-03,-1.117907278239727020e-02,7.892659865319728851e-03,4.775334522128105164e-02,4.393189738038927317e-04,3.267502039670944214e-02,-3.516943659633398056e-03,7.109191268682479858e-02,8.338986337184906006e-02,-7.418987900018692017e-02,-8.429613662883639336e-04,-8.647008985280990601e-02,-1.108266785740852356e-02,4.939192533493041992e-02,-3.736959025263786316e-02,-5.882777646183967590e-02,7.666291296482086182e-02,2.097060531377792358e-02,1.716348528861999512e-02,-6.209228653460741043e-03,4.673176954383961856e-05,1.335642673075199127e-02,-1.339718848466873169e-01,-2.494269795715808868e-02,-1.653179675340652466e-01,-2.999627264216542244e-03,1.572968624532222748e-02,-3.245015814900398254e-02,1.020897403359413147e-01,-5.909081175923347473e-02,-3.164264932274818420e-02,1.721373349428176880e-01,1.240291981957852840e-03,1.013937145471572876e-01,-1.287842392921447754e-01,-4.004334285855293274e-02,1.196683272719383240e-01,-2.405911497771739960e-02,9.873300790786743164e-02,-5.591471120715141296e-02,4.322916269302368164e-02,4.459489881992340088e-02,1.340119261294603348e-02,1.188902743160724640e-02,-3.035842068493366241e-02,-5.019127950072288513e-02,2.506624162197113037e-02,-1.049751639366149902e-01,2.011972712352871895e-03,2.721678465604782104e-03,2.343836799263954163e-02
1.176887005567550659e-01,1.083760429173707962e-02,-1.258391290903091431e-01,5.488658696413040161e-02,8.330370485782623291e-02,-3.018608689308166504e-02,1.117909923195838928e-01,1.418916732072830200e-01,3.715459629893302917e-02,5.920031666755676270e-02,-4.198024421930313110e-02,-5.438304319977760315e-02,8.155219256877899170e-02,2.575765363872051239e-02,1.332408189773559570e-01,1.021688207983970642e-01,5.931517109274864197e-03,-9.750518016517162323e-03,-4.032073542475700378e-02,-5.513605847954750061e-02,-4.963430017232894897e-02,8.583473414182662964e-02,3.395070508122444153e-02,-2.829871885478496552e-02,1.452933810651302338e-02,1.122572720050811768e-01,-8.098299801349639893e-02,-8.082564920186996460e-02,1.057325974106788635e-01,-9.427621960639953613e-02,-5.995518341660499573e-02,-1.113880723714828491e-01,8.420650660991668701e-02,3.092463500797748566e-02,-1.331549696624279022e-02,-9.203103184700012207e-02,8.161452598869800568e-03,6.945835798978805542e-02,-1.820237189531326294e-01,-1.178575605154037476e-01,1.664515435695648193e-01,3.649745881557464600e-02,1.217947923578321934e-03,1.628816686570644379e-02,-3.554186597466468811e-02,-7.735207676887512207e-02,-1.596308648586273193e-01,-4.612220451235771179e-02,4.792582243680953979e-02,1.349767018109560013e-02,-2.842795848846435547e-02,3.166921064257621765e-02,7.016777247190475464e-02,-1.916046813130378723e-02,-3.421298041939735413e-02,-1.367688328027725220e-01,2.386190742254257202e-02,1.165880355983972549e-02,-5.452854558825492859e-02,-4.367192089557647705e-02,-3.858002647757530212e-02,3.419633582234382629e-02,5.915085319429636002e-03,1.035682335495948792e-01,1.127114333212375641e-02,-2.685336768627166748e-02,-2.678150497376918793e-02,1.222870796918869019e-01,-9.274182468652725220e-02,6.181548535823822021e-02,-1.556860506534576416e-01,1.602541888132691383e-03,2.030917815864086151e-02,1.371019929647445679e-01,-6.024371460080146790e-02,-1.384237706661224365e-01,-3.295043483376502991e-03,1.560365855693817139e-01,-9.146180748939514160e-02,-1.196322590112686157e-01,1.289781779050827026e-01,1.215012161992490292e-03,-1.176252290606498718e-01,3.953346167691051960e-04,-1.664862781763076782e-01,-5.264749750494956970e-02,1.334917992353439331e-01,3.487084992229938507e-03,2.444133907556533813e-02,7.360287010669708252e-02,-6.781564652919769287e-02,3.301481017842888832e-03,-3.967894241213798523e-02,-1.827539131045341492e-02,-1.154236570000648499e-01,-8.548460155725479126e-02,8.149876445531845093e-02,-1.962437381735071540e-04,-1.041771918535232544e-01,1.729970723390579224e-01,-6.447566300630569458e-02,1.617445945739746094e-01,-1.145171374082565308e-01,-5.609696358442306519e-02,1.497507840394973755e-01,9.131295979022979736e-02,-6.708729267120361328e-02,-4.625158011913299561e-02,-1.229689866304397583e-01,-6.662654690444469452e-03,-8.075939491391181946e-03,-5.073079466819763184e-02,-5.293524265289306641e-02,3.071208298206329346e-02,1.388370096683502197e-01,-1.444342583417892456e-01,1.334684789180755615e-01,2.753120101988315582e-02,-1.931426078081130981e-01,2.448191866278648376e-02,2.668191678822040558e-02,1.297008097171783447e-01,1.379889398813247681e-01,-1.727188751101493835e-02,-2.667909301817417145e-02,-9.094560891389846802e-02,1.938834041357040405e-02,9.021130204200744629e-02
3.692809641361236572e-01,5.679898336529731750e-02,-3.931708931922912598e-01,1.917141675949096680e-01,3.177534043788909912e-01,-4.409485310316085815e-02,1.418916732072830200e-01,5.307483673095703125e-01,4.781730100512504578e-02,1.234229058027267456e-01,-6.141196005046367645e-03,-1.767444610595703125e-01,3.043124675750732422e-01,2.530603110790252686e-01,4.651291370391845703e-01,4.000088572502136230e-01,-1.504195504821836948e-03,1.056318283081054688e-01,-6.064740568399429321e-02,-1.472105085849761963e-01,-1.491238921880722046e-02,3.266228139400482178e-01,1.606984287500381470e-01,-7.007651729509234428e-04,3.130070120096206665e-02,3.278677761554718018e-01,-3.143913745880126953e-01,-3.208810687065124512e-01,3.833069205284118652e-01,-2.076160907745361328e-01,-4.722753167152404785e-02,-2.811025679111480713e-01,1.509483605623245239e-01,2.217826694250106812e-01,-4.611441120505332947e-02,-3.852494657039642334e-01,4.083977639675140381e-02,2.018283456563949585e-01,-5.262590050697326660e-01,-4.162196516990661621e-01,3.638935089111328125e-01,7.290367782115936279e-02,2.336204349994659424e-01,6.144354119896888733e-02,1.217301636934280396e-01,-2.655478119850158691e-01,-4.796185195446014404e-01,-1.455356776714324951e-01,-9.572516428306698799e-04,3.051294758915901184e-02,2.234906889498233795e-02,-1.085182651877403259e-01,1.576476842164993286e-01,-7.024961709976196289e-02,-1.591042578220367432e-01,-4.777538180351257324e-01,1.200397312641143799e-01,4.187142476439476013e-02,-1.079290434718132019e-01,-1.738982796669006348e-01,-5.418931599706411362e-03,-8.002200163900852203e-03,1.459279097616672516e-02,3.087069280445575714e-02,-1.604557782411575317e-02,-6.685116142034530640e-02,5.339922383427619934e-03,4.264716804027557373e-01,-3.573082089424133301e-01,1.792538315057754517e-01,-4.146199226379394531e-01,-1.836535036563873291e-01,1.342493761330842972e-02,4.088127315044403076e-01,-1.056503430008888245e-01,-3.697695732116699219e-01,-1.002399064600467682e-02,4.438449740409851074e-01,-1.576334983110427856e-01,-3.310393095016479492e-01,3.199594616889953613e-01,4.061301238834857941e-03,-4.460923671722412109e-01,1.390643650665879250e-03,-4.063758850097656250e-01,-3.215460479259490967e-01,3.127667009830474854e-01,1.725755818188190460e-02,4.989801347255706787e-02,1.807721406221389771e-01,-1.676619648933410645e-01,2.651074901223182678e-02,-1.084524095058441162e-01,-5.359585583209991455e-02,-2.881501913070678711e-01,-1.787642538547515869e-01,3.536029160022735596e-01,-4.893863224424421787e-04,-3.961513936519622803e-01,2.948856353759765625e-01,-1.734026074409484863e-01,2.792269587516784668e-01,-3.411599993705749512e-01,-1.617608070373535156e-01,3.409980237483978271e-01,1.899446099996566772e-01,-4.638994485139846802e-02,-2.661335170269012451e-01,-2.307935655117034912e-01,-8.104243315756320953e-03,8.287869393825531006e-02,-3.220629319548606873e-02,-2.796317338943481445e-01,-1.130662709474563599e-01,5.074989795684814453e-01,-3.697727918624877930e-01,4.516689479351043701e-01,8.581018447875976562e-02,-5.470431447029113770e-01,6.237255409359931946e-02,7.788759469985961914e-02,3.216654062271118164e-01,3.857286274433135986e-01,-2.471539378166198730e-02,-1.518630087375640869e-01,-1.794208586215972900e-01,2.007722621783614159e-03,2.148969769477844238e-01
8.356088399887084961e-02,2.419756166636943817e-02,-1.361713558435440063e-01,7.433278858661651611e-02,7.753842324018478394e-02,-1.193247288465499878e-01,3.715459629893302917e-02,4.781730100512504578e-02,1.456110030412673950e-01,8.021284639835357666e-02,-3.029180504381656647e-02,-7.043758779764175415e-02,1.498150229454040527e-01,6.594766676425933838e-02,1.633487343788146973e-01,1.565798372030258179e-01,6.524362601339817047e-03,6.448978930711746216e-02,-7.318955659866333008e-02,-3.771202266216278076e-02,-1.984040290117263794e-01,1.344065219163894653e-01,2.764924801886081696e-02,-3.822165355086326599e-02,2.950750291347503662e-02,2.270441800355911255e-01,-1.354437917470932007e-01,-6.974557042121887207e-02,5.975456908345222473e-02,2.557099983096122742e-02,-5.642449483275413513e-02,-2.172230035066604614e-01,1.707396507263183594e-01,1.231593079864978790e-02,-1.841572811827063560e-03,-1.647458821535110474e-01,3.018261492252349854e-02,9.135601669549942017e-02,-1.220403760671615601e-01,-9.680435806512832642e-02,2.267590016126632690e-01,3.305183723568916321e-02,4.768398776650428772e-02,1.525052636861801147e-02,-1.081684827804565430e-01,-7.404972612857818604e-02,-1.720938682556152344e-01,-4.879698902368545532e-02,4.642064869403839111e-02,4.132606089115142822e-02,-5.606395751237869263e-02,9.451477229595184326e-02,9.639311581850051880e-02,1.621992443688213825e-03,2.732027694582939148e-02,-1.538270860910415649e-01,2.152238413691520691e-02,1.217532251030206680e-02,-7.537056505680084229e-02,-8.329722285270690918e-02,-6.216413527727127075e-02,6.022814661264419556e-02,7.777625694870948792e-03,1.338019520044326782e-01,7.700944785028696060e-03,-5.161093547940254211e-02,1.205238804686814547e-04,1.550547033548355103e-01,-1.702569425106048584e-01,1.196495816111564636e-02,-1.416907906532287598e-01,1.305613070726394653e-01,-6.009019538760185242e-02,1.913522779941558838e-01,-8.557327091693878174e-02,-1.462106555700302124e-01,-4.487664438784122467e-03,1.866308599710464478e-01,-1.074646413326263428e-01,-1.742031723260879517e-01,1.886895000934600830e-01,1.610420178622007370e-03,-9.545477479696273804e-02,5.940441973507404327e-03,-1.772636175155639648e-01,-1.310079693794250488e-01,4.098769649863243103e-02,6.136881653219461441e-03,1.146779805421829224e-01,7.940136641263961792e-02,-3.930464759469032288e-02,-4.526441916823387146e-02,-1.300454437732696533e-01,5.214998871088027954e-02,-1.847037971019744873e-01,-1.740822754800319672e-02,2.998925559222698212e-02,-2.060531114693731070e-04,-1.144790127873420715e-01,1.551943123340606689e-01,-2.397938445210456848e-02,1.255507618188858032e-01,-2.037423700094223022e-01,-7.263488322496414185e-02,2.099210321903228760e-01,-2.606575191020965576e-02,-1.474279463291168213e-01,-1.187970936298370361e-01,-9.931950271129608154e-02,-1.824596896767616272e-02,1.401829868555068970e-01,-4.647668451070785522e-02,-1.302932053804397583e-01,-9.480375796556472778e-03,1.314481347799301147e-01,-1.952155977487564087e-01,9.100873023271560669e-02,1.659099385142326355e-02,-1.942241787910461426e-01,6.346571445465087891e-02,9.886554442346096039e-03,1.579537838697433472e-01,1.847884058952331543e-01,-7.242508232593536377e-02,-3.995788842439651489e-02,-1.333808153867721558e-01,1.930804364383220673e-02,7.169304788112640381e-02
4.215056449174880981e-02,4.088757932186126709e-02,-2.765516340732574463e-01,1.910042017698287964e-01,1.221049651503562927e-01,-2.787645906209945679e-02,5.920031666755676270e-02,1.234229058027267456e-01,8.021284639835357666e-02,1.043852567672729492e-01,1.972427824512124062e-03,-1.189784631133079529e-01,2.230043113231658936e-01,1.241694837808609009e-01,2.663959860801696777e-01,2.519759535789489746e-01,2.495729131624102592e-03,1.118264645338058472e-01,-1.435961574316024780e-01,-1.119758859276771545e-01,-1.350136846303939819e-01,2.603561580181121826e-01,1.367626935243606567e-01,-5.086467042565345764e-02,3.806054964661598206e-02,3.061462342739105225e-01,-2.656554579734802246e-01,-9.948747605085372925e-02,2.283523976802825928e-01,-2.337227575480937958e-02,1.741659129038453102e-03,-2.949528098106384277e-01,2.107666432857513428e-01,1.181916072964668274e-01,-1.134886965155601501e-02,-2.846402525901794434e-01,5.624402314424514771e-02,1.457380205392837524e-01,-2.075244337320327759e-01,-1.632033735513687134e-01,2.674660086631774902e-01,2.844345197081565857e-02,1.932205557823181152e-01,3.633078560233116150e-02,-3.215643018484115601e-02,-1.615267693996429443e-01,-2.944815456867218018e-01,-7.311416417360305786e-02,9.440420195460319519e-03,1.990733668208122253e-02,2.912992425262928009e-02,1.883647777140140533e-02,9.180680662393569946e-02,-2.470804937183856964e-02,-7.875454612076282501e-03,-2.929011881351470947e-01,5.937528237700462341e-02,2.443624101579189301e-02,-9.982053935527801514e-02,-1.391845792531967163e-01,-6.193695962429046631e-02,6.029964238405227661e-02,1.093186158686876297e-02,7.617305964231491089e-02,-4.622309003025293350e-03,-7.174103707075119019e-02,4.978373274207115173e-02,2.587249279022216797e-01,-2.641043663024902344e-01,3.448433056473731995e-02,-2.336789816617965698e-01,8.104648441076278687e-03,-6.385488808155059814e-02,2.877662777900695801e-01,-7.531429827213287354e-02,-2.460796087980270386e-01,-6.118079181760549545e-03,3.237580657005310059e-01,-1.194649040699005127e-01,-2.717900574207305908e-01,3.051288425922393799e-01,2.865840680897235870e-03,-1.957898139953613281e-01,5.891818553209304810e-03,-2.316451519727706909e-01,-2.168654352426528931e-01,9.221698343753814697e-02,1.235835533589124680e-02,1.133959963917732239e-01,1.235931515693664551e-01,-5.932348221540451050e-02,-5.199065804481506348e-02,-2.196783870458602905e-01,9.021575748920440674e-02,-2.654595971107482910e-01,-1.215430535376071930e-02,1.139417141675949097e-01,-3.123216738458722830e-04,-2.047457844018936157e-01,1.476759016513824463e-01,-7.543373107910156250e-02,1.098500341176986694e-01,-3.090706765651702881e-01,-1.157965362071990967e-01,3.352515995502471924e-01,1.430573686957359314e-02,-2.087138891220092773e-01,-2.417573630809783936e-01,-5.549336597323417664e-02,-2.415213733911514282e-02,1.738130897283554077e-01,-1.289872080087661743e-01,-2.354282885789871216e-01,3.233370184898376465e-02,2.866075634956359863e-01,-2.709489166736602783e-01,1.539174765348434448e-01,8.747090399265289307e-02,-2.948540747165679932e-01,8.770635724067687988e-02,7.909799367189407349e-02,2.173908501863479614e-01,2.710683345794677734e-01,-1.027077287435531616e-01,-1.467210799455642700e-01,-1.587603539228439331e-01,2.456025779247283936e-02,1.577765941619873047e-01
-8.892419934272766113e-02,1.285913586616516113e-02,-6.393045932054519653e-02,7.362468168139457703e-03,1.177209243178367615e-02,3.511885926127433777e-02,-4.198024421930313110e-02,-6.141196005046367645e-03,-3.029180504381656647e-02,1.972427824512124062e-03,8.324886858463287354e-02,-2.105707488954067230e-02,9.904742240905761719e-02,1.271448750048875809e-02,4.457902908325195312e-02,7.518236339092254639e-02,-6.151530425995588303e-03,3.581096976995468140e-02,-2.545881085097789764e-02,-4.152994602918624878e-02,1.123162657022476196e-01,6.807252764701843262e-02,8.060618489980697632e-02,-2.583566121757030487e-03,1.775144599378108978e-03,7.922534644603729248e-02,-1.150338798761367798e-01,-2.869560569524765015e-02,1.262026727199554443e-01,6.686171516776084900e-03,6.920450180768966675e-02,-3.094157949090003967e-02,-2.945116907358169556e-02,1.059190556406974792e-01,-6.289818789809942245e-03,-9.613250941038131714e-02,1.579711958765983582e-02,3.125168010592460632e-02,-3.390623256564140320e-02,6.109988316893577576e-02,-3.973433375358581543e-02,-3.571728616952896118e-02,1.362911909818649292e-01,1.154949702322483063e-02,8.901242166757583618e-02,-1.225574538111686707e-01,-5.100106820464134216e-02,2.988878078758716583e-02,-4.769373312592506409e-02,-7.486081123352050781e-02,6.332127004861831665e-02,-7.626977562904357910e-02,-5.159392952919006348e-02,2.209108322858810425e-02,-6.103964895009994507e-02,-8.238936215639114380e-02,1.761438138782978058e-02,8.832080289721488953e-03,-7.159131113439798355e-03,-2.023737132549285889e-02,4.603407904505729675e-02,-2.633185684680938721e-02,-2.679898869246244431e-03,-1.112914979457855225e-01,-3.227398917078971863e-02,-1.352170668542385101e-02,5.029367655515670776e-02,3.877035900950431824e-02,-7.985312491655349731e-02,-1.511001680046319962e-02,-9.021557867527008057e-03,-1.589225381612777710e-01,-2.023668587207794189e-02,4.568351060152053833e-02,3.960705175995826721e-02,1.850709877908229828e-02,-2.636242890730500221e-03,7.946997880935668945e-02,1.144318357110023499e-01,-4.958647489547729492e-02,1.530269905924797058e-02,7.031903951428830624e-04,-4.858013987541198730e-02,3.298503288533538580e-04,5.926212295889854431e-02,-1.141291335225105286e-01,7.105879485607147217e-03,5.982814356684684753e-03,4.013203084468841553e-02,1.407651137560606003e-02,1.729273796081542969e-02,3.032656013965606689e-02,-2.736045792698860168e-02,1.207533665001392365e-02,-1.642957702279090881e-02,5.139515176415443420e-02,2.925400622189044952e-03,-9.177727406495250762e-06,-6.603655219078063965e-02,-8.369743078947067261e-02,-2.567460201680660248e-02,-4.300712794065475464e-02,-4.653678089380264282e-02,-2.183715812861919403e-02,5.780863016843795776e-02,-1.068147867918014526e-01,3.898756206035614014e-02,-9.768542647361755371e-02,8.564685285091400146e-02,-3.978499211370944977e-03,1.194717455655336380e-02,-5.283338250592350960e-04,-6.838055700063705444e-02,6.219643168151378632e-03,8.433916419744491577e-02,-3.309725224971771240e-02,1.753052324056625366e-02,6.067581102252006531e-02,6.194133311510086060e-03,2.717436058446764946e-03,4.352076724171638489e-02,-1.795572787523269653e-02,2.430189214646816254e-02,-1.676116697490215302e-02,-1.041171401739120483e-01,9.560584090650081635e-03,1.534105744212865829e-03,8.335743099451065063e-03
-5.103553831577301025e-02,-5.200787261128425598e-02,3.524138331413269043e-01,-2.524830102920532227e-01,-1.516082733869552612e-01,-1.829106477089226246e-03,-5.438304319977760315e-02,-1.767444610595703125e-01,-7.043758779764175415e-02,-1.189784631133079529e-01,-2.105707488954067230e-02,1.513075828552246094e-01,-2.696408927440643311e-01,-1.904437690973281860e-01,-3.380208015441894531e-01,-3.179941177368164062e-01,-8.206367492675781250e-04,-1.460650712251663208e-01,1.719966977834701538e-01,1.428676545619964600e-01,1.310953646898269653e-01,-3.372585177421569824e-01,-1.927807927131652832e-01,5.903887376189231873e-02,-4.445013031363487244e-02,-3.604494333267211914e-01,3.333409130573272705e-01,1.215967535972595215e-01,-3.061634600162506104e-01,2.786993049085140228e-02,-2.436790987849235535e-02,3.533709943294525146e-01,-2.381487041711807251e-01,-1.785275489091873169e-01,1.695486903190612793e-02,3.663260936737060547e-01,-7.133243978023529053e-02,-1.777765899896621704e-01,2.534775435924530029e-01,2.233227640390396118e-01,-2.990927398204803467e-01,-2.925235033035278320e-02,-2.728919982910156250e-01,-4.792466014623641968e-02,-7.149258162826299667e-03,2.062424868345260620e-01,3.662647306919097900e-01,9.273180365562438965e-02,1.315436884760856628e-02,-5.080533679574728012e-03,-6.451632082462310791e-02,1.880433037877082825e-02,-1.016860455274581909e-01,4.641800373792648315e-02,1.985833607614040375e-02,3.739936947822570801e-01,-8.719237148761749268e-02,-3.185296431183815002e-02,9.987697005271911621e-02,1.781438142061233521e-01,6.432617455720901489e-02,-6.117720529437065125e-02,-1.333123259246349335e-02,-4.064530879259109497e-02,1.281508244574069977e-02,8.400268852710723877e-02,-6.845193356275558472e-02,-3.216400444507598877e-01,3.337238132953643799e-01,-3.812680393457412720e-02,2.845243811607360840e-01,4.014042019844055176e-02,8.167805522680282593e-02,-3.566246330738067627e-01,7.401780039072036743e-02,2.949276268482208252e-01,7.010272238403558731e-03,-4.019408822059631348e-01,1.354860961437225342e-01,3.347645103931427002e-01,-3.752826750278472900e-01,-3.704311093315482140e-03,2.556678652763366699e-01,-6.460145115852355957e-03,2.703202664852142334e-01,2.759889364242553711e-01,-1.022847592830657959e-01,-1.599879562854766846e-02,-1.204965785145759583e-01,-1.498091220855712891e-01,6.608313322067260742e-02,6.141749396920204163e-02,2.686103880405426025e-01,-1.116232275962829590e-01,3.172105550765991211e-01,1.333430409431457520e-02,-1.573618352413177490e-01,3.751435142476111650e-04,2.678555250167846680e-01,-1.474905610084533691e-01,1.011018529534339905e-01,-1.001828610897064209e-01,3.812987506389617920e-01,1.415075510740280151e-01,-3.973506391048431396e-01,-3.159061074256896973e-02,2.378682792186737061e-01,3.155785799026489258e-01,3.539453074336051941e-02,2.726870588958263397e-02,-2.314265370368957520e-01,1.597200781106948853e-01,3.082143068313598633e-01,-3.464977070689201355e-02,-3.681742846965789795e-01,3.161658942699432373e-01,-2.004092335700988770e-01,-1.170358285307884216e-01,3.636855483055114746e-01,-1.062928065657615662e-01,-9.928616881370544434e-02,-2.601948082447052002e-01,-3.251595795154571533e-01,1.124118268489837646e-01,2.053022235631942749e-01,1.864023059606552124e-01,-2.467587962746620178e-02,-1.930592954158782959e-01
