4.273616373538970947e-01,-1.722325803712010384e-03,4.692504927515983582e-02,-1.026363745331764221e-01,2.428724020719528198e-01,-2.608073651790618896e-01,1.470898687839508057e-01,3.493709862232208252e-01,6.653831899166107178e-02,4.199880734086036682e-02,-1.565529257059097290e-01,-7.020469009876251221e-02,-1.382575780153274536e-01,2.343831816688179970e-03,-1.428567990660667419e-02,8.816379308700561523e-02,6.221549119800329208e-04,-3.940276801586151123e-02,1.376786679029464722e-01,2.500205300748348236e-02,-6.264853477478027344e-02,-9.380365163087844849e-02,-1.445995122194290161e-01,9.743886440992355347e-02,1.090266183018684387e-02,8.317261934280395508e-03,1.332612782716751099e-01,-2.870230674743652344e-01,-7.645809650421142578e-02,-7.742892950773239136e-02,-2.398139685392379761e-01,3.387534245848655701e-02,-6.366317719221115112e-02,-5.994730815291404724e-02,-2.188526652753353119e-02,4.530996084213256836e-02,-1.356305927038192749e-02,-4.436090588569641113e-03,-1.968699246644973755e-01,-2.718514800071716309e-01,2.240687310695648193e-01,6.163762137293815613e-02,-1.750728785991668701e-01,-6.118587683886289597e-03,-6.866526603698730469e-02,2.034710347652435303e-01,-2.228273451328277588e-02,-8.617981523275375366e-02,7.953032106161117554e-02,-1.276101078838109970e-02,-1.396361589431762695e-01,-6.367134302854537964e-02,2.497129887342453003e-01,-2.990822121500968933e-02,-5.730553716421127319e-02,-5.159059166908264160e-02,8.631302416324615479e-02,1.202802639454603195e-03,1.030961126089096069e-01,6.892057508230209351e-02,-4.858385398983955383e-02,-1.032127067446708679e-01,-1.943067531101405621e-03,1.679108589887619019e-01,7.095128297805786133e-02,1.987797766923904419e-02,-1.897333860397338867e-01,1.338524073362350464e-01,-5.038813501596450806e-02,2.349122911691665649e-01,-1.500025540590286255e-01,1.947981417179107666e-01,7.270122319459915161e-02,5.291126202791929245e-03,-1.619491130113601685e-01,-1.429825127124786377e-01,1.142655382864177227e-03,-3.943683579564094543e-02,-9.079048782587051392e-02,-4.152619466185569763e-02,5.868635606020689011e-03,-7.336999988183379173e-05,-9.395772963762283325e-02,-1.151305623352527618e-03,-3.255959153175354004e-01,1.625078767538070679e-01,2.231183499097824097e-01,-8.568889461457729340e-05,-1.740861237049102783e-01,5.825237184762954712e-02,-1.645327359437942505e-01,1.199499443173408508e-01,1.291163712739944458e-01,-7.773896306753158569e-02,-8.053005486726760864e-02,-3.328371942043304443e-01,4.790177568793296814e-02,-3.261453093728050590e-05,-1.108824908733367920e-01,2.730870544910430908e-01,-2.541495859622955322e-01,2.207210510969161987e-01,2.648595161736011505e-02,-1.585664041340351105e-02,-7.393851876258850098e-02,2.153857797384262085e-01,1.665687114000320435e-01,1.538721472024917603e-01,-2.979499101638793945e-01,7.151299156248569489e-03,-1.152823716402053833e-01,1.491615027189254761e-01,5.847445130348205566e-02,-1.516923680901527405e-02,4.580507054924964905e-02,5.970257148146629333e-02,3.652952015399932861e-01,-1.820083707571029663e-01,-1.470428109169006348e-01,-6.546553224325180054e-02,-1.766955554485321045e-01,1.070611774921417236e-01,1.078680008649826050e-01,1.885718554258346558e-01,-5.396356806159019470e-03,1.071337088942527771e-01,1.025462802499532700e-02,3.831979259848594666e-02
-1.722325803712010384e-03,7.374219596385955811e-03,-7.147993892431259155e-02,4.975133761763572693e-02,4.123950377106666565e-02,-1.193404011428356171e-02,-1.461111940443515778e-02,3.403189405798912048e-02,2.768576145172119141e-02,3.805232793092727661e-02,2.791255246847867966e-03,-3.359736502170562744e-02,6.329873949289321899e-02,4.706140607595443726e-02,7.323607802391052246e-02,7.848894596099853516e-02,4.086206026840955019e-04,4.105836153030395508e-02,-5.433622747659683228e-02,-4.831515997648239136e-02,-1.922399923205375671e-02,5.102244392037391663e-02,4.258646816015243530e-02,-1.865161210298538208e-02,8.954802528023719788e-03,7.866149395704269409e-02,-7.756219059228897095e-02,-2.834335155785083771e-02,6.932292878627777100e-02,-2.093961089849472046e-02,4.433398135006427765e-03,-8.055564761161804199e-02,4.423603415489196777e-02,5.614520236849784851e-02,-3.658090950921177864e-03,-7.936856150627136230e-02,3.142288699746131897e-02,6.825837492942810059e-02,-6.611537188291549683e-02,-3.891477733850479126e-02,6.305982917547225952e-02,1.119766477495431900e-02,6.655723601579666138e-02,1.470322627574205399e-02,3.311106469482183456e-03,-6.623892486095428467e-02,-7.219300419092178345e-02,-2.193909510970115662e-02,2.659280318766832352e-03,1.402770821005105972e-02,-1.235596090555191040e-02,2.653511706739664078e-03,4.042900726199150085e-02,-3.844022983685135841e-03,-1.770507358014583588e-02,-8.604905009269714355e-02,2.073955535888671875e-02,5.347661208361387253e-03,-6.268575042486190796e-02,-5.670490488409996033e-02,-9.376644156873226166e-04,1.387161575257778168e-02,2.213082974776625633e-03,1.587517932057380676e-02,1.117676962167024612e-02,-2.293532341718673706e-02,9.011022746562957764e-03,7.049077749252319336e-02,-6.893530488014221191e-02,1.797974109649658203e-02,-6.277288496494293213e-02,-7.787181995809078217e-03,-1.871995069086551666e-02,7.325655221939086914e-02,-2.068873867392539978e-02,-6.254564225673675537e-02,-8.978181867860257626e-04,8.635717630386352539e-02,-1.367443334311246872e-02,-6.866578757762908936e-02,7.414703816175460815e-02,2.993491361849009991e-04,-6.568284332752227783e-02,-1.110508383135311306e-04,-5.407502129673957825e-02,-7.161245495080947876e-02,3.479767218232154846e-02,2.027474110946059227e-03,6.089346483349800110e-02,4.674527421593666077e-02,-1.474016625434160233e-02,-6.247601471841335297e-03,-5.814851447939872742e-02,2.359201014041900635e-02,-6.012255698442459106e-02,-5.937015637755393982e-03,5.477181449532508850e-02,-1.770140261214692146e-05,-5.917726084589958191e-02,4.485218599438667297e-02,-1.967945694923400879e-02,4.949163645505905151e-02,-7.871072739362716675e-02,-6.219498813152313232e-02,8.667556196451187134e-02,-2.140712691470980644e-03,-5.511212348937988281e-02,-7.359849661588668823e-02,-1.980672031641006470e-02,-2.763875760138034821e-03,5.413413047790527344e-02,-4.500756412744522095e-02,-6.881599873304367065e-02,4.470931831747293472e-03,8.149833232164382935e-02,-7.638330757617950439e-02,2.439370937645435333e-02,3.862178325653076172e-02,-7.868392020463943481e-02,3.497987613081932068e-02,4.773558676242828369e-02,6.013497710227966309e-02,6.783769279718399048e-02,-3.992606326937675476e-02,-4.142314568161964417e-02,-5.153211206197738647e-02,1.775923301465809345e-03,4.586277902126312256e-02
4.692504927515983582e-02,-7.147993892431259155e-02,7.433178424835205078e-01,-6.150339841842651367e-01,-3.855670392513275146e-01,2.595498785376548767e-02,1.412505954504013062e-01,-3.139202892780303955e-01,-2.478163391351699829e-01,-4.107907712459564209e-01,-4.981037229299545288e-03,3.666604459285736084e-01,-5.906377434730529785e-01,-5.723097920417785645e-01,-7.387151718139648438e-01,-7.146281003952026367e-01,-5.782449152320623398e-03,-4.311538040637969971e-01,6.076040267944335938e-01,5.434249043464660645e-01,2.446624338626861572e-01,-5.775964856147766113e-01,-5.205079317092895508e-01,2.104957252740859985e-01,-9.613862633705139160e-02,-6.879448294639587402e-01,7.386938333511352539e-01,1.885756552219390869e-01,-6.905047893524169922e-01,1.837105154991149902e-01,-4.785295948386192322e-02,7.825794816017150879e-01,-5.062170028686523438e-01,-6.435474753379821777e-01,3.660822287201881409e-02,7.419883012771606445e-01,-3.316380679607391357e-01,-6.915946006774902344e-01,5.680556297302246094e-01,4.711490273475646973e-01,-5.892145037651062012e-01,-1.316580921411514282e-01,-6.641591787338256836e-01,-1.635985821485519409e-01,-5.575959756970405579e-02,6.542748808860778809e-01,7.527524828910827637e-01,2.479502260684967041e-01,-7.084355689585208893e-03,-9.745023399591445923e-02,1.040101051330566406e-01,-3.454254474490880966e-03,-4.460245072841644287e-01,5.958146601915359497e-02,1.359466165304183960e-01,8.058434128761291504e-01,-2.498159855604171753e-01,-5.801825970411300659e-02,6.372761130332946777e-01,6.335982084274291992e-01,2.452295832335948944e-02,-1.901858150959014893e-01,-2.633512765169143677e-02,-1.284507215023040771e-01,-1.243855357170104980e-01,2.398200780153274536e-01,-8.426074683666229248e-02,-6.533470749855041504e-01,6.835483908653259277e-01,-9.964675456285476685e-02,6.289589405059814453e-01,1.022757887840270996e-01,2.309216856956481934e-01,-7.471877336502075195e-01,1.812359392642974854e-01,6.290920972824096680e-01,7.919408380985260010e-03,-8.198738694190979004e-01,2.233504205942153931e-01,7.005667090415954590e-01,-7.691841721534729004e-01,-3.327434416860342026e-03,6.468198895454406738e-01,1.728026429191231728e-03,5.044238567352294922e-01,7.061160802841186523e-01,-3.147764205932617188e-01,-1.951521635055541992e-02,-5.941236019134521484e-01,-5.001127123832702637e-01,1.524459719657897949e-01,1.184796690940856934e-01,6.258458495140075684e-01,-2.796250879764556885e-01,6.348478198051452637e-01,4.101972654461860657e-02,-5.726487040519714355e-01,1.854974689194932580e-04,5.716865062713623047e-01,-4.171175956726074219e-01,2.257544547319412231e-01,-4.151516854763031006e-01,7.786788940429687500e-01,6.429601311683654785e-01,-8.185970187187194824e-01,-1.090755015611648560e-01,6.169756650924682617e-01,7.085117101669311523e-01,1.106604561209678650e-01,2.840298227965831757e-02,-5.984538793563842773e-01,5.692259669303894043e-01,7.150440216064453125e-01,-1.555069088935852051e-01,-7.740130424499511719e-01,7.425125837326049805e-01,-1.760412305593490601e-01,-4.249944984912872314e-01,7.679797410964965820e-01,-4.100228250026702881e-01,-5.143705010414123535e-01,-6.386530995368957520e-01,-6.929749846458435059e-01,4.267061948776245117e-01,4.862860143184661865e-01,5.797472596168518066e-01,-2.059719339013099670e-02,-5.056787729263305664e-01
-1.026363745331764221e-01,4.975133761763572693e-02,-6.150339841842651367e-01,6.410030126571655273e-01,2.050048410892486572e-01,8.761501312255859375e-02,-1.210274249315261841e-01,1.391441822052001953e-01,1.936046630144119263e-01,3.244013786315917969e-01,-5.854545906186103821e-02,-2.823437750339508057e-01,3.757840394973754883e-01,5.517280101776123047e-01,6.259194016456604004e-01,4.906007051467895508e-01,8.919143117964267731e-03,3.746251463890075684e-01,-5.729734897613525391e-01,-4.424909353256225586e-01,-3.285207152366638184e-01,5.139826536178588867e-01,4.546012282371520996e-01,-1.617601066827774048e-01,7.723303884267807007e-02,4.566823840141296387e-01,-5.627132058143615723e-01,4.941488802433013916e-02,4.830116331577301025e-01,-4.372764006257057190e-02,3.613651171326637268e-02,-6.700568795204162598e-01,5.186967253684997559e-01,5.208281278610229492e-01,-1.258183922618627548e-02,-5.615050196647644043e-01,2.505953311920166016e-01,5.396319031715393066e-01,-2.995429337024688721e-01,-4.686256647109985352e-01,4.503878653049468994e-01,1.338405013084411621e-01,5.126263499259948730e-01,1.286633163690567017e-01,4.294682003092020750e-04,-4.659869968891143799e-01,-6.486201286315917969e-01,-2.224950939416885376e-01,-7.529363036155700684e-03,1.191362440586090088e-01,-4.562571272253990173e-02,4.439437389373779297e-02,3.893165886402130127e-01,-7.899666577577590942e-02,1.699103601276874542e-02,-6.209110021591186523e-01,2.222437709569931030e-01,4.269661009311676025e-02,-5.342758297920227051e-01,-5.692120790481567383e-01,-8.492098003625869751e-02,2.486910074949264526e-01,2.670238539576530457e-02,6.621179729700088501e-02,1.344111263751983643e-01,-1.887594312429428101e-01,7.155812531709671021e-02,4.263174831867218018e-01,-5.096107721328735352e-01,-7.453328371047973633e-02,-4.546209871768951416e-01,4.066534712910652161e-02,-2.611918449401855469e-01,6.403726935386657715e-01,-1.396566629409790039e-01,-4.919884502887725830e-01,-3.682931186631321907e-03,6.425700783729553223e-01,-3.395696878433227539e-01,-5.601159930229187012e-01,7.066391706466674805e-01,2.645137719810009003e-03,-4.402206242084503174e-01,-2.858747320715337992e-04,-3.561193645000457764e-01,-5.609354972839355469e-01,8.814014494419097900e-02,1.129627320915460587e-02,4.574169814586639404e-01,3.731656670570373535e-01,-1.144349128007888794e-01,-2.227757722139358521e-01,-5.744134187698364258e-01,3.038455247879028320e-01,-5.474402904510498047e-01,2.876187860965728760e-02,4.229233562946319580e-01,-1.379640016239136457e-04,-3.524418473243713379e-01,2.596739828586578369e-01,-8.516412973403930664e-02,1.611286848783493042e-01,-6.895740628242492676e-01,-4.844838082790374756e-01,6.960918307304382324e-01,2.377035021781921387e-01,-6.763191223144531250e-01,-5.700488090515136719e-01,2.940185181796550751e-02,-2.386405691504478455e-02,6.046893000602722168e-01,-5.834256410598754883e-01,-6.015348434448242188e-01,2.408902049064636230e-01,5.894812941551208496e-01,-6.022686362266540527e-01,-4.079994559288024902e-02,3.367109298706054688e-01,-6.273109912872314453e-01,4.001606106758117676e-01,4.131072759628295898e-01,5.540154576301574707e-01,5.593639612197875977e-01,-3.649648129940032959e-01,-3.563245236873626709e-01,-5.286808609962463379e-01,2.819559536874294281e-03,4.011368751525878906e-01
2.428724020719528198e-01,4.123950377106666565e-02,-3.855670392513275146e-01,2.050048410892486572e-01,4.306042790412902832e-01,-2.167911976575851440e-01,-2.076335484161973000e-03,4.760724306106567383e-01,1.473827809095382690e-01,2.276613861322402954e-01,-5.318927019834518433e-02,-2.366806715726852417e-01,3.080294132232666016e-01,2.404219508171081543e-01,4.276557266712188721e-01,5.375018119812011719e-01,1.346255186945199966e-03,2.377884835004806519e-01,-1.970840394496917725e-01,-2.519924938678741455e-01,-3.436221554875373840e-02,2.403051406145095825e-01,1.540242433547973633e-01,-3.492494300007820129e-02,5.295092239975929260e-02,4.722039699554443359e-01,-3.865856230258941650e-01,-3.952332139015197754e-01,4.017496109008789062e-01,-2.106368243694305420e-01,-1.022640094161033630e-01,-4.059592485427856445e-01,1.489703953266143799e-01,2.926241457462310791e-01,-4.078898578882217407e-02,-4.514873623847961426e-01,1.722766309976577759e-01,3.951621651649475098e-01,-5.829867720603942871e-01,-3.723627626895904541e-01,4.780296087265014648e-01,9.215238690376281738e-02,3.108068704605102539e-01,8.586782217025756836e-02,4.094338789582252502e-02,-2.900717854499816895e-01,-4.333763122558593750e-01,-1.817262023687362671e-01,3.909587115049362183e-02,8.608207851648330688e-02,-1.561857312917709351e-01,-8.340470492839813232e-02,3.501683175563812256e-01,-3.440008684992790222e-02,-1.925946474075317383e-01,-5.603508353233337402e-01,1.768648624420166016e-01,3.313397988677024841e-02,-2.903697192668914795e-01,-2.823261916637420654e-01,-7.458217442035675049e-03,-2.704824320971965790e-02,1.008467469364404678e-02,1.513947397470474243e-01,7.568889856338500977e-02,-1.169577538967132568e-01,-3.907334059476852417e-02,5.211135745048522949e-01,-4.154911935329437256e-01,3.017566502094268799e-01,-4.795389473438262939e-01,-1.057690358720719814e-03,-2.211989834904670715e-02,4.195718765258789062e-01,-1.959579735994338989e-01,-4.503878355026245117e-01,-5.116344429552555084e-03,4.877871870994567871e-01,-8.357194811105728149e-02,-4.101594090461730957e-01,4.039693176746368408e-01,1.683067763224244118e-03,-4.727224111557006836e-01,-2.432294422760605812e-03,-5.224934816360473633e-01,-3.397150635719299316e-01,3.684392869472503662e-01,1.326311472803354263e-02,2.264327853918075562e-01,3.075494170188903809e-01,-1.979192644357681274e-01,8.925467729568481445e-02,-2.191765010356903076e-01,5.691539868712425232e-02,-3.618786931037902832e-01,-2.575275599956512451e-01,3.973913788795471191e-01,-1.225239393534138799e-04,-4.383579492568969727e-01,4.341214001178741455e-01,-2.813819348812103271e-01,4.441460072994232178e-01,-4.181903302669525146e-01,-3.779716193675994873e-01,4.366713762283325195e-01,9.602709859609603882e-02,-1.589261591434478760e-01,-3.579133450984954834e-01,-3.166160583496093750e-01,-7.051999215036630630e-03,1.966120600700378418e-01,-1.158626526594161987e-01,-3.571185469627380371e-01,-3.075866959989070892e-02,5.490225553512573242e-01,-3.939951658248901367e-01,4.085502922534942627e-01,1.278346031904220581e-01,-5.514631271362304688e-01,1.388046741485595703e-01,1.859220117330551147e-01,3.749276697635650635e-01,4.478009343147277832e-01,-1.063155680894851685e-01,-2.442143410444259644e-01,-1.978995054960250854e-01,6.661724299192428589e-03,2.819956541061401367e-01
-2.608073651790618896e-01,-1.193404011428356171e-02,2.595498785376548767e-02,8.761501312255859375e-02,-2.167911976575851440e-01,2.957352697849273682e-01,-6.272200495004653931e-02,-2.359260320663452148e-01,-1.480617076158523560e-01,-8.430609107017517090e-02,8.386367559432983398e-02,7.579328864812850952e-02,-5.110466107726097107e-02,3.321865573525428772e-02,-3.873582184314727783e-02,-1.865932494401931763e-01,1.266556064365431666e-04,-2.093026787042617798e-02,-1.720274984836578369e-02,1.758923195302486420e-02,6.768406182527542114e-02,4.458005726337432861e-02,9.491007030010223389e-02,-2.141706459224224091e-02,-2.159325219690799713e-02,-1.978125721216201782e-01,1.955421268939971924e-02,2.685035169124603271e-01,-2.832266874611377716e-02,8.010290563106536865e-02,1.479857265949249268e-01,8.381973206996917725e-02,-1.929362118244171143e-02,2.138666436076164246e-02,1.638358272612094879e-02,8.489668369293212891e-02,-4.094213619828224182e-02,-9.624443948268890381e-02,2.423179745674133301e-01,1.042582839727401733e-01,-2.758147418498992920e-01,-3.503184765577316284e-02,3.882884234189987183e-02,-4.453332163393497467e-03,9.568323194980621338e-02,-3.276578709483146667e-02,6.631641834974288940e-02,5.257502570748329163e-02,-9.931877255439758301e-02,-2.155921235680580139e-02,1.296656131744384766e-01,-3.432966396212577820e-02,-1.913122683763504028e-01,7.002640631981194019e-05,7.271039485931396484e-02,1.207516640424728394e-01,-4.964258149266242981e-02,-6.435252726078033447e-03,3.453570604324340820e-02,-4.720809403806924820e-03,2.470146119594573975e-02,6.505600363016128540e-02,1.809599343687295914e-03,-2.065613418817520142e-01,-7.025129348039627075e-02,2.825122512876987457e-02,1.138603910803794861e-01,-1.930058747529983521e-01,1.398135423660278320e-01,-2.104576677083969116e-01,1.751230657100677490e-01,-1.730543524026870728e-01,-2.539540641009807587e-02,-7.569464296102523804e-02,1.711069494485855103e-01,1.598201096057891846e-01,1.841290853917598724e-03,-8.623928576707839966e-02,1.633291877806186676e-02,1.133404672145843506e-01,-6.614059209823608398e-02,-1.856622111517935991e-04,1.394127160310745239e-01,-5.251681432127952576e-04,2.909843325614929199e-01,-6.166697479784488678e-03,-2.124831527471542358e-01,-3.907172475010156631e-03,-2.657191455364227295e-02,-1.001142859458923340e-01,1.095438599586486816e-01,-9.176800400018692017e-02,-3.373655257746577263e-03,4.401915892958641052e-02,1.432875543832778931e-01,1.897490173578262329e-01,-5.350031331181526184e-02,4.158863885095342994e-05,1.553755998611450195e-01,-2.850326299667358398e-01,1.700609773397445679e-01,-2.856619954109191895e-01,7.592174410820007324e-02,9.878519922494888306e-02,-9.503465890884399414e-02,7.524074520915746689e-03,-7.578197121620178223e-02,1.047412492334842682e-02,2.865811288356781006e-01,3.636285196989774704e-03,5.485115945339202881e-02,-1.027459427714347839e-01,4.163084179162979126e-02,6.693562120199203491e-02,-1.106548905372619629e-01,8.179628103971481323e-02,-2.820714712142944336e-01,5.984782800078392029e-02,1.648392677307128906e-01,2.000485546886920929e-02,4.808996617794036865e-02,-1.316677927970886230e-01,-1.358644217252731323e-01,-5.964408069849014282e-02,1.841681264340877533e-02,-1.424193568527698517e-02,-1.794648543000221252e-02,-7.271448522806167603e-02
1.470898687839508057e-01,-1.461111940443515778e-02,1.412505954504013062e-01,-1.210274249315261841e-01,-2.076335484161973000e-03,-6.272200495004653931e-02,1.521849036216735840e-01,3.743542358279228210e-02,-6.252453476190567017e-02,-4.017332568764686584e-02,-1.031942740082740784e-01,5.456899479031562805e-02,-1.841084957122802734e-01,-1.397400498390197754e-01,-1.908742189407348633e-01,-1.584608703851699829e-01,-2.606032183393836021e-03,-1.227979734539985657e-01,1.128103509545326233e-01,1.007871329784393311e-01,-4.488230217248201370e-03,-1.812564581632614136e-01,-1.230036467313766479e-01,7.599540799856185913e-02,-1.307779643684625626e-02,-1.732186228036880493e-01,2.287930101156234741e-01,-1.636526919901371002e-02,-1.414871066808700562e-01,-2.403745194897055626e-03,-8.728488534688949585e-02,1.851125955581665039e-01,-4.729981347918510437e-02,-1.280114799737930298e-01,1.663999282754957676e-03,2.276709079742431641e-01,-6.863747537136077881e-02,-1.332429945468902588e-01,8.391527086496353149e-02,1.898526446893811226e-03,-3.783968091011047363e-02,8.225051715271547437e-06,-2.147347927093505859e-01,-3.295671194791793823e-02,-9.107864648103713989e-02,2.132591158151626587e-01,1.239737942814826965e-01,3.180899471044540405e-02,4.869744554162025452e-02,-4.901354014873504639e-02,-1.047760993242263794e-02,-1.996439509093761444e-02,3.687642281875014305e-03,3.424566984176635742e-02,3.205196559429168701e-02,1.735340058803558350e-01,-3.579427301883697510e-02,-1.075865235179662704e-02,1.347940415143966675e-01,1.539507955312728882e-01,-1.555361319333314896e-02,-6.462828069925308228e-02,-6.587414536625146866e-03,9.707137942314147949e-02,6.070072297006845474e-03,5.237833037972450256e-02,-1.069073900580406189e-01,-1.003562584519386292e-01,1.267798840999603271e-01,4.075378552079200745e-02,6.015595048666000366e-02,8.307871222496032715e-02,7.998863607645034790e-02,-1.634027510881423950e-01,-2.666793949902057648e-02,5.213377252221107483e-02,2.447342965751886368e-03,-1.762542575597763062e-01,-1.878360286355018616e-02,1.341279298067092896e-01,-1.367957592010498047e-01,-7.310971850529313087e-04,9.019537270069122314e-02,-5.750348791480064392e-04,-1.207019085995852947e-03,2.169378697872161865e-01,7.008317112922668457e-02,-4.916375037282705307e-03,-2.052604854106903076e-01,-7.203888893127441406e-02,-4.300113022327423096e-02,4.754293337464332581e-02,1.524568945169448853e-01,-1.010558456182479858e-01,6.277097016572952271e-02,-9.105934202671051025e-02,-9.416769444942474365e-02,2.059506368823349476e-05,1.071206182241439819e-01,1.639464870095252991e-02,-7.580306380987167358e-02,-6.409323774278163910e-03,1.840991377830505371e-01,1.232085824012756348e-01,-1.597532629966735840e-01,1.333966553211212158e-01,1.538212001323699951e-01,2.417604774236679077e-01,-8.486128598451614380e-02,6.454883143305778503e-03,-2.264321744441986084e-01,9.181639552116394043e-02,1.673163324594497681e-01,1.827807351946830750e-02,-1.489233821630477905e-01,1.589877754449844360e-01,4.969535768032073975e-02,-1.245171427726745605e-01,9.937274456024169922e-02,-1.037105172872543335e-01,-1.486544162034988403e-01,-7.001540064811706543e-02,-9.668219834566116333e-02,1.497169584035873413e-01,8.778221160173416138e-02,1.445090621709823608e-01,5.597548093646764755e-03,-3.282513469457626343e-02
3.493709862232208252e-01,3.403189405798912048e-02,-3.139202892780303955e-01,1.391441822052001953e-01,4.760724306106567383e-01,-2.359260320663452148e-01,3.743542358279228210e-02,6.264258623123168945e-01,8.288275450468063354e-02,1.862127184867858887e-01,-4.902292415499687195e-02,-2.398907244205474854e-01,2.361160963773727417e-01,2.039435654878616333e-01,3.789654672145843506e-01,5.092315077781677246e-01,7.265717722475528717e-04,2.010272443294525146e-01,-7.694736123085021973e-02,-1.997610181570053101e-01,9.415132552385330200e-02,2.106470018625259399e-01,9.056817740201950073e-02,-1.123961526900529861e-02,4.476654529571533203e-02,4.004835188388824463e-01,-2.993640303611755371e-01,-4.891977608203887939e-01,3.733838796615600586e-01,-2.381656765937805176e-01,-1.502118408679962158e-01,-2.923111319541931152e-01,7.369237486273050308e-03,2.573269307613372803e-01,-5.381470173597335815e-02,-3.980687558650970459e-01,1.442164629697799683e-01,3.389576971530914307e-01,-6.397285461425781250e-01,-4.138909578323364258e-01,4.409124851226806641e-01,8.633361756801605225e-02,2.345767468214035034e-01,7.979182153940200806e-02,1.194096952676773071e-01,-2.179144769906997681e-01,-3.749471902847290039e-01,-1.933033913373947144e-01,2.746572904288768768e-02,4.324508458375930786e-02,-1.771971732378005981e-01,-1.703936159610748291e-01,3.514024019241333008e-01,-5.896883457899093628e-02,-2.560146749019622803e-01,-5.187958478927612305e-01,2.023350596427917480e-01,3.216234222054481506e-02,-1.725043356418609619e-01,-2.220000028610229492e-01,3.333779051899909973e-03,-1.041799038648605347e-01,6.889836397022008896e-03,9.541276842355728149e-02,5.300568044185638428e-02,-8.903291076421737671e-02,-8.766153454780578613e-02,5.124277472496032715e-01,-3.750281631946563721e-01,3.798104822635650635e-01,-4.901903569698333740e-01,-5.160415172576904297e-02,4.418464750051498413e-02,3.653799891471862793e-01,-1.742112785577774048e-01,-4.197593927383422852e-01,-4.592166747897863388e-03,4.071503877639770508e-01,-5.957213416695594788e-02,-3.518130183219909668e-01,3.108673691749572754e-01,1.537995878607034683e-03,-4.722036719322204590e-01,-3.519228659570217133e-03,-5.511345267295837402e-01,-2.556979656219482422e-01,4.169565439224243164e-01,1.356913056224584579e-02,1.070790290832519531e-01,2.987447977066040039e-01,-2.277133166790008545e-01,1.917262971401214600e-01,-1.049007847905158997e-01,-5.829076748341321945e-03,-2.967685163021087646e-01,-3.727024793624877930e-01,4.031275808811187744e-01,-1.213689538417384028e-04,-4.578279256820678711e-01,4.624231159687042236e-01,-3.668330907821655273e-01,4.835162460803985596e-01,-3.251602649688720703e-01,-3.454632461071014404e-01,3.066997528076171875e-01,1.379695534706115723e-01,-2.072337549179792404e-03,-2.816069722175598145e-01,-3.757400512695312500e-01,2.914553973823785782e-03,1.011370196938514709e-01,-3.322686767205595970e-03,-2.848359048366546631e-01,-4.917138069868087769e-02,5.187203884124755859e-01,-2.910440564155578613e-01,5.306251049041748047e-01,7.064396142959594727e-02,-5.177966356277465820e-01,7.057845592498779297e-02,1.105943024158477783e-01,3.200292289257049561e-01,3.933136165142059326e-01,6.236199755221605301e-03,-2.390102297067642212e-01,-9.694837033748626709e-02,3.770783310756087303e-03,2.493484765291213989e-01
6.653831899166107178e-02,2.768576145172119141e-02,-2.478163391351699829e-01,1.936046630144119263e-01,1.473827809095382690e-01,-1.480617076158523560e-01,-6.252453476190567017e-02,8.288275450468063354e-02,2.473786026239395142e-01,1.811169683933258057e-01,-5.278945714235305786e-02,-1.491230726242065430e-01,1.940868049860000610e-01,2.239384651184082031e-01,2.762271761894226074e-01,2.999470829963684082e-01,5.253328010439872742e-03,1.433162689208984375e-01,-2.403124719858169556e-01,-1.904757171869277954e-01,-2.712298631668090820e-01,1.933834403753280640e-01,1.168168485164642334e-01,-7.855718582868576050e-02,4.719422385096549988e-02,3.277307748794555664e-01,-2.616893351078033447e-01,-7.737034559249877930e-02,1.601569503545761108e-01,-1.282172184437513351e-02,-6.599712371826171875e-02,-3.804403841495513916e-01,2.591618597507476807e-01,1.796731352806091309e-01,-5.690379068255424500e-03,-2.966739833354949951e-01,1.275175511837005615e-01,2.693334519863128662e-01,-1.813444793224334717e-01,-2.090545445680618286e-01,3.475767672061920166e-01,7.115989178419113159e-02,1.798501461744308472e-01,4.672548547387123108e-02,-9.930498898029327393e-02,-1.767596453428268433e-01,-2.762742936611175537e-01,-1.043952703475952148e-01,6.960523873567581177e-02,5.902903527021408081e-02,-9.537696093320846558e-02,1.171638518571853638e-01,2.670773863792419434e-01,-4.309616610407829285e-02,1.247249357402324677e-02,-2.999734282493591309e-01,9.933441877365112305e-02,1.844035461544990540e-02,-2.470940947532653809e-01,-2.291021645069122314e-01,-6.458272039890289307e-02,1.127405688166618347e-01,1.082045584917068481e-02,1.603073030710220337e-01,1.155950129032135010e-01,-9.829881787300109863e-02,-2.752006426453590393e-02,2.499214559793472290e-01,-2.973871827125549316e-01,3.061648458242416382e-02,-2.325890064239501953e-01,1.787773966789245605e-01,-1.428333222866058350e-01,3.129943013191223145e-01,-1.626627892255783081e-01,-2.566701173782348633e-01,-2.561203669756650925e-03,3.085254132747650146e-01,-1.466500163078308105e-01,-3.075753748416900635e-01,3.418737053871154785e-01,1.159005681984126568e-03,-2.073866128921508789e-01,1.834447379224002361e-03,-2.710616886615753174e-01,-2.309640645980834961e-01,8.404358476400375366e-02,5.873498972505331039e-03,2.700528204441070557e-01,1.960880905389785767e-01,-6.845845282077789307e-02,-8.694613724946975708e-02,-2.693426311016082764e-01,1.408792734146118164e-01,-3.110916316509246826e-01,-3.953648731112480164e-02,1.326216310262680054e-01,-7.094970351317897439e-05,-2.119736522436141968e-01,2.348349541425704956e-01,-7.129452377557754517e-02,2.023137956857681274e-01,-3.593020439147949219e-01,-2.440487742424011230e-01,3.621406853199005127e-01,1.602182537317276001e-02,-2.890251278877258301e-01,-2.538288831710815430e-01,-1.129658147692680359e-01,-1.770614646375179291e-02,2.999708652496337891e-01,-1.955196708440780640e-01,-2.805855572223663330e-01,6.516829878091812134e-02,2.484778314828872681e-01,-3.132923245429992676e-01,8.265321701765060425e-02,9.490059316158294678e-02,-3.202890753746032715e-01,1.755883544683456421e-01,1.307200044393539429e-01,3.086212873458862305e-01,2.983470559120178223e-01,-1.447288393974304199e-01,-1.471749544143676758e-01,-2.473182976245880127e-01,2.127450332045555115e-02,1.740862131118774414e-01
4.199880734086036682e-02,3.805232793092727661e-02,-4.107907712459564209e-01,3.244013786315917969e-01,2.276613861322402954e-01,-8.430609107017517090e-02,-4.017332568764686584e-02,1.862127184867858887e-01,1.811169683933258057e-01,2.449845075607299805e-01,-4.480541497468948364e-02,-2.067978233098983765e-01,3.018785119056701660e-01,3.086170256137847900e-01,4.070137441158294678e-01,4.214964210987091064e-01,3.512507304549217224e-03,2.060160040855407715e-01,-3.426329791545867920e-01,-2.892774641513824463e-01,-2.102290689945220947e-01,2.768551111221313477e-01,2.492693960666656494e-01,-1.080465763807296753e-01,5.757929384708404541e-02,4.145740866661071777e-01,-3.991229832172393799e-01,-1.167548745870590210e-01,3.682630956172943115e-01,-9.141582995653152466e-02,-2.607623301446437836e-02,-4.841281175613403320e-01,3.183118104934692383e-01,3.386705815792083740e-01,-1.908327080309391022e-02,-4.148489832878112793e-01,1.790540218353271484e-01,3.913967013359069824e-01,-3.279241919517517090e-01,-2.924485206604003906e-01,3.968728780746459961e-01,8.391496539115905762e-02,3.220916390419006348e-01,8.257795870304107666e-02,-3.464365750551223755e-02,-3.311491608619689941e-01,-4.370551109313964844e-01,-1.369375288486480713e-01,4.434022307395935059e-02,3.544806689023971558e-02,-8.528399467468261719e-02,3.630325198173522949e-02,2.998610734939575195e-01,-3.009548224508762360e-02,-5.147129669785499573e-02,-4.773896336555480957e-01,1.380981206893920898e-01,3.048847988247871399e-02,-3.493773937225341797e-01,-3.300251960754394531e-01,-3.515965119004249573e-02,1.063483729958534241e-01,1.366202440112829208e-02,1.496648043394088745e-01,9.849367290735244751e-02,-1.304727345705032349e-01,-5.738006904721260071e-03,3.776642978191375732e-01,-4.040377438068389893e-01,6.562599539756774902e-02,-3.674143552780151367e-01,2.724453248083591461e-02,-1.323002427816390991e-01,4.364069104194641113e-01,-1.449817866086959839e-01,-3.734546601772308350e-01,-3.895056666806340218e-03,4.906179010868072510e-01,-1.536469161510467529e-01,-4.162686467170715332e-01,4.758677780628204346e-01,1.744535285979509354e-03,-3.581786751747131348e-01,-2.873016346711665392e-04,-3.356903791427612305e-01,-3.661327362060546875e-01,1.999459713697433472e-01,9.748628363013267517e-03,3.195989727973937988e-01,2.804556488990783691e-01,-1.041053086519241333e-01,-6.936732679605484009e-02,-3.462500572204589844e-01,1.443261951208114624e-01,-3.994050323963165283e-01,-5.460759624838829041e-02,2.815854549407958984e-01,-1.053107698680832982e-04,-3.131900727748870850e-01,2.788065671920776367e-01,-1.611583530902862549e-01,2.691980600357055664e-01,-4.709965884685516357e-01,-3.532761335372924805e-01,5.153197646141052246e-01,9.174887835979461670e-02,-3.632485270500183105e-01,-3.715467453002929688e-01,-1.117509081959724426e-01,-1.782402023673057556e-02,3.286502659320831299e-01,-3.174703419208526611e-01,-4.004739522933959961e-01,1.062585040926933289e-01,4.423844218254089355e-01,-4.359456598758697510e-01,1.254718750715255737e-01,1.968006342649459839e-01,-4.774850308895111084e-01,2.193445414304733276e-01,2.392185926437377930e-01,3.933011293411254883e-01,4.159753918647766113e-01,-2.035301476716995239e-01,-2.587668597698211670e-01,-3.131143748760223389e-01,2.138707786798477173e-02,2.870658636093139648e-01
-1.565529257059097290e-01,2.791255246847867966e-03,-4.981037229299545288e-03,-5.854545906186103821e-02,-5.318927019834518433e-02,8.386367559432983398e-02,-1.031942740082740784e-01,-4.902292415499687195e-02,-5.278945714235305786e-02,-4.480541497468948364e-02,1.788455545902252197e-01,1.299613714218139648e-02,1.349743604660034180e-01,-8.544281125068664551e-03,1.584488339722156525e-02,5.042358115315437317e-02,-2.343075117096304893e-03,-1.378231495618820190e-02,5.074391886591911316e-02,-9.861001744866371155e-04,1.912808120250701904e-01,4.439404979348182678e-02,5.221318453550338745e-02,-6.959048658609390259e-02,-9.276024997234344482e-03,6.435684114694595337e-02,-1.129897460341453552e-01,-2.172230370342731476e-02,1.148518994450569153e-01,-2.129001542925834656e-02,1.177719682455062866e-01,2.404791302978992462e-03,-1.365808993577957153e-01,5.278198421001434326e-02,-8.895954117178916931e-03,-9.715612232685089111e-02,1.187302544713020325e-02,3.230942878872156143e-03,-5.810356885194778442e-02,1.707998514175415039e-01,-1.350514739751815796e-01,-6.020915508270263672e-02,1.161162331700325012e-01,7.271075155586004257e-03,1.633159667253494263e-01,-1.755751371383666992e-01,4.225422814488410950e-02,5.428094789385795593e-02,-6.571449339389801025e-02,-7.701332867145538330e-02,4.159317165613174438e-02,-4.631544649600982666e-02,-1.649093180894851685e-01,6.207108031958341599e-03,-9.365262836217880249e-02,-3.739365190267562866e-02,-3.357011079788208008e-02,3.657501423731446266e-03,2.371474169194698334e-02,9.788701310753822327e-03,9.028405696153640747e-02,-3.703467547893524170e-02,-2.960101002827286720e-03,-1.535430103540420532e-01,-7.535160332918167114e-02,-2.047298476099967957e-03,9.781555086374282837e-02,1.043698377907276154e-02,-1.974493451416492462e-02,-9.814384393393993378e-03,4.712839797139167786e-02,-2.710092663764953613e-01,2.277408167719841003e-02,-7.527910172939300537e-03,1.285885423421859741e-01,9.635405987501144409e-02,-2.450441243126988411e-03,5.193377658724784851e-02,1.887910664081573486e-01,3.223048755899071693e-03,-7.295460999011993408e-02,1.820497709559276700e-04,-1.200880948454141617e-02,-4.978883080184459686e-04,1.414270848035812378e-01,-9.730559587478637695e-02,-2.895922400057315826e-02,3.764845896512269974e-03,8.744222670793533325e-02,-1.103841513395309448e-02,9.999988973140716553e-02,6.270411610603332520e-02,1.857146434485912323e-02,-1.697601005434989929e-02,1.031294688582420349e-01,9.822598099708557129e-02,-3.698920598253607750e-03,1.234290630236500874e-05,-4.993885755538940430e-02,-1.204133033752441406e-01,3.181334957480430603e-02,-3.390284720808267593e-03,2.225520834326744080e-02,-1.089061610400676727e-02,-2.420429140329360962e-02,-2.370533794164657593e-01,9.783653914928436279e-02,-1.009604036808013916e-01,1.099747121334075928e-01,1.426069997251033783e-03,1.267905160784721375e-02,4.926694557070732117e-02,-1.613929495215415955e-02,-7.511459290981292725e-02,2.258222736418247223e-02,2.773253479972481728e-03,-3.742326749488711357e-03,7.609340548515319824e-02,7.189574837684631348e-02,-2.996342815458774567e-02,6.505691260099411011e-02,-1.018793210387229919e-01,-6.269723922014236450e-02,-5.278645828366279602e-02,-6.035688146948814392e-02,1.424692105501890182e-02,7.081272546201944351e-03,-5.556466802954673767e-02
-7.020469009876251221e-02,-3.359736502170562744e-02,3.666604459285736084e-01,-2.823437750339508057e-01,-2.366806715726852417e-01,7.579328864812850952e-02,5.456899479031562805e-02,-2.398907244205474854e-01,-1.491230726242065430e-01,-2.067978233098983765e-01,1.299613714218139648e-02,2.072255313396453857e-01,-2.677508294582366943e-01,-3.082713484764099121e-01,-3.903748095035552979e-01,-4.145283699035644531e-01,-3.927756566554307938e-03,-1.839662343263626099e-01,2.620422542095184326e-01,2.553689777851104736e-01,1.312849670648574829e-01,-2.762959301471710205e-01,-2.195687294006347656e-01,1.015693396329879761e-01,-5.090775713324546814e-02,-3.768906593322753906e-01,3.662351667881011963e-01,1.544782221317291260e-01,-3.501706421375274658e-01,8.614767342805862427e-02,4.457584023475646973e-02,4.318967163562774658e-01,-2.173151671886444092e-01,-3.173851072788238525e-01,2.555316127836704254e-02,4.044326841831207275e-01,-1.608515679836273193e-01,-3.529836833477020264e-01,3.537487685680389404e-01,2.980026602745056152e-01,-3.554102480411529541e-01,-7.413219660520553589e-02,-2.918405830860137939e-01,-7.799793779850006104e-02,-3.556413203477859497e-02,3.055124580860137939e-01,3.988476395606994629e-01,1.383510380983352661e-01,-2.029163204133510590e-02,-3.546786028891801834e-03,9.352991729974746704e-02,8.486314676702022552e-03,-2.755299210548400879e-01,5.343751609325408936e-02,8.343667536973953247e-02,4.613373279571533203e-01,-1.517494618892669678e-01,-2.985671162605285645e-02,2.712475657463073730e-01,2.972762584686279297e-01,1.923066750168800354e-02,-6.916473805904388428e-02,-1.222808472812175751e-02,-7.909846305847167969e-02,-8.342546224594116211e-02,1.127016246318817139e-01,9.871210902929306030e-03,-3.653284013271331787e-01,3.776757121086120605e-01,-9.028488397598266602e-02,3.486348390579223633e-01,2.269499376416206360e-02,1.053706705570220947e-01,-4.103098213672637939e-01,1.094834506511688232e-01,3.308309614658355713e-01,3.666398348286747932e-03,-4.489193856716156006e-01,1.221994981169700623e-01,3.915794789791107178e-01,-4.202092885971069336e-01,-1.696062157861888409e-03,3.405464291572570801e-01,5.265136715024709702e-04,3.270063400268554688e-01,3.332684040069580078e-01,-1.810267567634582520e-01,-9.871017187833786011e-03,-2.685205340385437012e-01,-2.639479637145996094e-01,9.703727811574935913e-02,2.464382909238338470e-02,2.813410162925720215e-01,-1.226531639695167542e-01,3.416123092174530029e-01,9.299290180206298828e-02,-2.690591514110565186e-01,9.758734813658520579e-05,3.242701292037963867e-01,-2.612465620040893555e-01,1.822049617767333984e-01,-2.631500065326690674e-01,4.275018870830535889e-01,3.271078169345855713e-01,-4.298142790794372559e-01,-7.845303416252136230e-02,2.742359042167663574e-01,3.463826775550842285e-01,1.045486330986022949e-01,1.248698215931653976e-02,-3.079610466957092285e-01,2.440603077411651611e-01,3.669792711734771729e-01,-8.402514457702636719e-02,-4.228936731815338135e-01,3.719952106475830078e-01,-1.819989830255508423e-01,-1.620405763387680054e-01,4.460219740867614746e-01,-1.856968551874160767e-01,-1.967653483152389526e-01,-3.494783043861389160e-01,-3.753494322299957275e-01,1.573620885610580444e-01,2.626155316829681396e-01,2.611021399497985840e-01,-2.019269019365310669e-02,-2.404350191354751587e-01
