9.999982714653015137e-01,-9.999986290931701660e-01,-9.999902248382568359e-01,9.999982118606567383e-01,9.999988675117492676e-01,-9.999987483024597168e-01,9.999958872795104980e-01,9.999990463256835938e-01,-9.999974370002746582e-01,9.999977350234985352e-01,-9.999985694885253906e-01,-9.999988675117492676e-01,9.999980926513671875e-01,9.999985098838806152e-01,9.999837875366210938e-01,9.999971985816955566e-01,9.999974966049194336e-01,-9.999986290931701660e-01,9.999933242797851562e-01,-9.999991059303283691e-01,-9.999989271163940430e-01,9.999896287918090820e-01,9.999984502792358398e-01,9.999984502792358398e-01,9.999892115592956543e-01,9.999990463256835938e-01,-9.999983310699462891e-01,-9.999989867210388184e-01,9.999837279319763184e-01,-9.999957084655761719e-01,-9.999935626983642578e-01,-9.999984502792358398e-01,9.999917149543762207e-01,9.999970197677612305e-01,-9.999973177909851074e-01,-9.999682307243347168e-01,9.999990463256835938e-01,9.999986886978149414e-01,9.999928474426269531e-01,-9.999988675117492676e-01,9.999986886978149414e-01,-9.999963045120239258e-01,9.999749064445495605e-01,9.999987483024597168e-01,9.999982118606567383e-01,9.999982118606567383e-01,-9.999865293502807617e-01,9.999983310699462891e-01,9.999988675117492676e-01,-9.999985694885253906e-01,-9.999986886978149414e-01,-9.999979734420776367e-01,-9.999988079071044922e-01,-9.999920725822448730e-01,-9.999975562095642090e-01,-9.999981522560119629e-01,-9.999964833259582520e-01,9.998688697814941406e-01,9.999976754188537598e-01,9.999983906745910645e-01,-9.999982714653015137e-01,9.999989271163940430e-01,9.999983310699462891e-01,9.999952316284179688e-01,-9.999956488609313965e-01,-9.999987483024597168e-01,-9.999990463256835938e-01,-9.999955892562866211e-01,-9.999988079071044922e-01,9.999987483024597168e-01,-9.999987483024597168e-01,9.999981522560119629e-01,9.999956488609313965e-01,-9.999927878379821777e-01,-9.999545812606811523e-01,-9.999982714653015137e-01,9.999929666519165039e-01,9.999987483024597168e-01,-9.999936819076538086e-01,-9.999967217445373535e-01,-9.998726844787597656e-01,9.999976158142089844e-01,-9.999988079071044922e-01,9.999970793724060059e-01,-9.999982714653015137e-01,-9.999877810478210449e-01,9.999888539314270020e-01,9.999989867210388184e-01,9.999642372131347656e-01,9.999935626983642578e-01,-9.999976754188537598e-01,9.999984502792358398e-01,-9.999783039093017578e-01,-9.999979138374328613e-01,9.999983906745910645e-01,-9.999979734420776367e-01,-9.999920129776000977e-01,9.999989867210388184e-01,-9.999988675117492676e-01,9.999924302101135254e-01,-9.999970197677612305e-01,9.999986886978149414e-01,-9.999692440032958984e-01,-9.999508261680603027e-01,9.999985694885253906e-01,9.999974370002746582e-01,-9.999589920043945312e-01,-9.999982118606567383e-01,-9.999940991401672363e-01,9.999985098838806152e-01,-9.999982118606567383e-01,9.999985098838806152e-01,-9.999982118606567383e-01,-9.999811053276062012e-01,9.999991655349731445e-01,-9.999980330467224121e-01,9.999988675117492676e-01,-9.999985694885253906e-01,-9.999946951866149902e-01,-9.999980926513671875e-01,-9.999988079071044922e-01,9.999959468841552734e-01,9.999985098838806152e-01,-9.999976158142089844e-01,-9.999827146530151367e-01,-9.999957084655761719e-01,9.999899268150329590e-01,-9.999968409538269043e-01
-9.999986290931701660e-01,9.999988079071044922e-01,9.999919533729553223e-01,-9.999984502792358398e-01,-9.999990463256835938e-01,9.999989271163940430e-01,-9.999966025352478027e-01,-9.999991059303283691e-01,9.999978542327880859e-01,-9.999980926513671875e-01,9.999987483024597168e-01,9.999990463256835938e-01,-9.999984502792358398e-01,-9.999986886978149414e-01,-9.999865889549255371e-01,-9.999976158142089844e-01,-9.999978542327880859e-01,9.999988079071044922e-01,-9.999944567680358887e-01,9.999992847442626953e-01,9.999991059303283691e-01,-9.999913573265075684e-01,-9.999987483024597168e-01,-9.999986290931701660e-01,-9.999911189079284668e-01,-9.999991059303283691e-01,9.999986290931701660e-01,9.999991655349731445e-01,-9.999867081642150879e-01,9.999963641166687012e-01,9.999946355819702148e-01,9.999987483024597168e-01,-9.999932050704956055e-01,-9.999974966049194336e-01,9.999977350234985352e-01,9.999738931655883789e-01,-9.999991059303283691e-01,-9.999988675117492676e-01,-9.999940395355224609e-01,9.999991655349731445e-01,-9.999988079071044922e-01,9.999968409538269043e-01,-9.999794363975524902e-01,-9.999989867210388184e-01,-9.999985098838806152e-01,-9.999984502792358398e-01,9.999889731407165527e-01,-9.999986290931701660e-01,-9.999989271163940430e-01,9.999988079071044922e-01,9.999989271163940430e-01,9.999983310699462891e-01,9.999991059303283691e-01,9.999933242797851562e-01,9.999978542327880859e-01,9.999983906745910645e-01,9.999971389770507812e-01,-9.998925328254699707e-01,-9.999979734420776367e-01,-9.999986290931701660e-01,9.999985098838806152e-01,-9.999991655349731445e-01,-9.999985098838806152e-01,-9.999960064888000488e-01,9.999962449073791504e-01,9.999989867210388184e-01,9.999992251396179199e-01,9.999962449073791504e-01,9.999991059303283691e-01,-9.999988675117492676e-01,9.999988675117492676e-01,-9.999983906745910645e-01,-9.999963045120239258e-01,9.999939799308776855e-01,9.999628067016601562e-01,9.999985098838806152e-01,-9.999942779541015625e-01,-9.999989867210388184e-01,9.999947547912597656e-01,9.999972581863403320e-01,9.998957514762878418e-01,-9.999979138374328613e-01,9.999989867210388184e-01,-9.999976158142089844e-01,9.999985098838806152e-01,9.999899268150329590e-01,-9.999908208847045898e-01,-9.999991655349731445e-01,-9.999706745147705078e-01,-9.999947547912597656e-01,9.999980330467224121e-01,-9.999986290931701660e-01,9.999821782112121582e-01,9.999982118606567383e-01,-9.999986886978149414e-01,9.999982118606567383e-01,9.999933242797851562e-01,-9.999992251396179199e-01,9.999990463256835938e-01,-9.999937415122985840e-01,9.999974966049194336e-01,-9.999988675117492676e-01,9.999747276306152344e-01,9.999596476554870605e-01,-9.999987483024597168e-01,-9.999978542327880859e-01,9.999663829803466797e-01,9.999984502792358398e-01,9.999951720237731934e-01,-9.999987483024597168e-01,9.999985098838806152e-01,-9.999987483024597168e-01,9.999984502792358398e-01,9.999845623970031738e-01,-9.999992251396179199e-01,9.999983310699462891e-01,-9.999991655349731445e-01,9.999988079071044922e-01,9.999955296516418457e-01,9.999984502792358398e-01,9.999989867210388184e-01,-9.999967217445373535e-01,-9.999988079071044922e-01,9.999979138374328613e-01,9.999858140945434570e-01,9.999963641166687012e-01,-9.999916553497314453e-01,9.999973773956298828e-01
-9.999902248382568359e-01,9.999919533729553223e-01,9.999430775642395020e-01,-9.999897480010986328e-01,-9.999936223030090332e-01,9.999927282333374023e-01,-9.999760389328002930e-01,-9.999942183494567871e-01,9.999852776527404785e-01,-9.999866485595703125e-01,9.999916553497314453e-01,9.999935626983642578e-01,-9.999892711639404297e-01,-9.999908804893493652e-01,-9.999056458473205566e-01,-9.999839067459106445e-01,-9.999857544898986816e-01,9.999921321868896484e-01,-9.999610781669616699e-01,9.999945759773254395e-01,9.999938607215881348e-01,-9.999391436576843262e-01,-9.999910593032836914e-01,-9.999909400939941406e-01,-9.999371170997619629e-01,-9.999942183494567871e-01,9.999909996986389160e-01,9.999936819076538086e-01,-9.999050498008728027e-01,9.999746084213256836e-01,9.999620914459228516e-01,9.999912381172180176e-01,-9.999518394470214844e-01,-9.999829530715942383e-01,9.999840855598449707e-01,9.998152852058410645e-01,-9.999942183494567871e-01,-9.999920129776000977e-01,-9.999581575393676758e-01,9.999935626983642578e-01,-9.999919533729553223e-01,9.999786615371704102e-01,-9.998546838760375977e-01,-9.999929666519165039e-01,-9.999896883964538574e-01,-9.999898076057434082e-01,9.999222755432128906e-01,-9.999902248382568359e-01,-9.999930858612060547e-01,9.999917149543762207e-01,9.999927878379821777e-01,9.999882578849792480e-01,9.999932050704956055e-01,9.999533891677856445e-01,9.999859333038330078e-01,9.999892711639404297e-01,9.999803900718688965e-01,-9.992390275001525879e-01,-9.999864697456359863e-01,-9.999906420707702637e-01,9.999893903732299805e-01,-9.999938607215881348e-01,-9.999902248382568359e-01,-9.999720454216003418e-01,9.999745488166809082e-01,9.999931454658508301e-01,9.999943375587463379e-01,9.999738335609436035e-01,9.999933242797851562e-01,-9.999927282333374023e-01,9.999927282333374023e-01,-9.999888539314270020e-01,-9.999743103981018066e-01,9.999578595161437988e-01,9.997366070747375488e-01,9.999899268150329590e-01,-9.999591708183288574e-01,-9.999926090240478516e-01,9.999631643295288086e-01,9.999806880950927734e-01,9.992617964744567871e-01,-9.999864101409912109e-01,9.999932050704956055e-01,-9.999831318855285645e-01,9.999898672103881836e-01,9.999285340309143066e-01,-9.999352693557739258e-01,-9.999936819076538086e-01,-9.997924566268920898e-01,-9.999620914459228516e-01,9.999862909317016602e-01,-9.999905824661254883e-01,9.998736381530761719e-01,9.999881386756896973e-01,-9.999908804893493652e-01,9.999883770942687988e-01,9.999531507492065430e-01,-9.999940395355224609e-01,9.999930262565612793e-01,-9.999554157257080078e-01,9.999825358390808105e-01,-9.999927282333374023e-01,9.998213052749633789e-01,9.997146129608154297e-01,-9.999918341636657715e-01,-9.999848008155822754e-01,9.997617006301879883e-01,9.999890327453613281e-01,9.999656677246093750e-01,-9.999914169311523438e-01,9.999895691871643066e-01,-9.999912977218627930e-01,9.999897480010986328e-01,9.998902678489685059e-01,-9.999943375587463379e-01,9.999893307685852051e-01,-9.999936223030090332e-01,9.999918341636657715e-01,9.999687075614929199e-01,9.999892711639404297e-01,9.999931454658508301e-01,-9.999768733978271484e-01,-9.999914765357971191e-01,9.999864101409912109e-01,9.998993873596191406e-01,9.999747872352600098e-01,-9.999412894248962402e-01,9.999820590019226074e-01
9.999982118606567383e-01,-9.999984502792358398e-01,-9.999897480010986328e-01,9.999980330467224121e-01,9.999987483024597168e-01,-9.999986290931701660e-01,9.999956488609313965e-01,9.999989271163940430e-01,-9.999972581863403320e-01,9.999974966049194336e-01,-9.999983906745910645e-01,-9.999987483024597168e-01,9.999979138374328613e-01,9.999983310699462891e-01,9.999830722808837891e-01,9.999970793724060059e-01,9.999973773956298828e-01,-9.999985694885253906e-01,9.999929666519165039e-01,-9.999990463256835938e-01,-9.999988079071044922e-01,9.999890923500061035e-01,9.999983906745910645e-01,9.999982714653015137e-01,9.999887347221374512e-01,9.999988079071044922e-01,-9.999982714653015137e-01,-9.999988675117492676e-01,9.999829530715942383e-01,-9.999954104423522949e-01,-9.999932050704956055e-01,-9.999983906745910645e-01,9.999912381172180176e-01,9.999968409538269043e-01,-9.999970793724060059e-01,-9.999668598175048828e-01,9.999989271163940430e-01,9.999985694885253906e-01,9.999924302101135254e-01,-9.999987483024597168e-01,9.999985694885253906e-01,-9.999961256980895996e-01,9.999738931655883789e-01,9.999986290931701660e-01,9.999981522560119629e-01,9.999981522560119629e-01,-9.999861121177673340e-01,9.999981522560119629e-01,9.999987483024597168e-01,-9.999983906745910645e-01,-9.999986290931701660e-01,-9.999977350234985352e-01,-9.999987483024597168e-01,-9.999916553497314453e-01,-9.999973773956298828e-01,-9.999979138374328613e-01,-9.999963641166687012e-01,9.998636841773986816e-01,9.999974966049194336e-01,9.999982118606567383e-01,-9.999980926513671875e-01,9.999988079071044922e-01,9.999982118606567383e-01,9.999949932098388672e-01,-9.999954104423522949e-01,-9.999986886978149414e-01,-9.999989271163940430e-01,-9.999952912330627441e-01,-9.999987483024597168e-01,9.999985694885253906e-01,-9.999986886978149414e-01,9.999979734420776367e-01,9.999954104423522949e-01,-9.999924898147583008e-01,-9.999527931213378906e-01,-9.999980926513671875e-01,9.999927282333374023e-01,9.999986290931701660e-01,-9.999933242797851562e-01,-9.999964833259582520e-01,-9.998676776885986328e-01,9.999974370002746582e-01,-9.999986886978149414e-01,9.999969601631164551e-01,-9.999980926513671875e-01,-9.999872446060180664e-01,9.999884366989135742e-01,9.999988675117492676e-01,9.999627470970153809e-01,9.999932050704956055e-01,-9.999974966049194336e-01,9.999982714653015137e-01,-9.999774098396301270e-01,-9.999978542327880859e-01,9.999982714653015137e-01,-9.999978542327880859e-01,-9.999915957450866699e-01,9.999989271163940430e-01,-9.999987483024597168e-01,9.999920129776000977e-01,-9.999968409538269043e-01,9.999986290931701660e-01,-9.999678730964660645e-01,-9.999488592147827148e-01,9.999984502792358398e-01,9.999972581863403320e-01,-9.999572634696960449e-01,-9.999980330467224121e-01,-9.999938607215881348e-01,9.999984502792358398e-01,-9.999980330467224121e-01,9.999983310699462891e-01,-9.999980330467224121e-01,-9.999803304672241211e-01,9.999989271163940430e-01,-9.999979734420776367e-01,9.999988675117492676e-01,-9.999984502792358398e-01,-9.999943971633911133e-01,-9.999980330467224121e-01,-9.999986886978149414e-01,9.999958276748657227e-01,9.999983906745910645e-01,-9.999974370002746582e-01,-9.999819397926330566e-01,-9.999954700469970703e-01,9.999895095825195312e-01,-9.999967217445373535e-01
9.999988675117492676e-01,-9.999990463256835938e-01,-9.999936223030090332e-01,9.999987483024597168e-01,9.999992847442626953e-01,-9.999991655349731445e-01,9.999972581863403320e-01,9.999993443489074707e-01,-9.999983310699462891e-01,9.999985098838806152e-01,-9.999989867210388184e-01,-9.999992251396179199e-01,9.999988079071044922e-01,9.999989867210388184e-01,9.999895691871643066e-01,9.999982118606567383e-01,9.999983310699462891e-01,-9.999991655349731445e-01,9.999955892562866211e-01,-9.999994039535522461e-01,-9.999992847442626953e-01,9.999932646751403809e-01,9.999990463256835938e-01,9.999989271163940430e-01,9.999930858612060547e-01,9.999993443489074707e-01,-9.999989271163940430e-01,-9.999992251396179199e-01,9.999895095825195312e-01,-9.999970793724060059e-01,-9.999958276748657227e-01,-9.999989867210388184e-01,9.999946355819702148e-01,9.999980926513671875e-01,-9.999982118606567383e-01,-9.999796152114868164e-01,9.999994039535522461e-01,9.999991655349731445e-01,9.999953508377075195e-01,-9.999992251396179199e-01,9.999990463256835938e-01,-9.999975562095642090e-01,9.999839067459106445e-01,9.999991655349731445e-01,9.999988675117492676e-01,9.999988079071044922e-01,-9.999912977218627930e-01,9.999988675117492676e-01,9.999992847442626953e-01,-9.999991059303283691e-01,-9.999991655349731445e-01,-9.999986290931701660e-01,-9.999992847442626953e-01,-9.999948740005493164e-01,-9.999984502792358398e-01,-9.999987483024597168e-01,-9.999977350234985352e-01,9.999158382415771484e-01,9.999985098838806152e-01,9.999988675117492676e-01,-9.999988079071044922e-01,9.999992847442626953e-01,9.999988675117492676e-01,9.999968409538269043e-01,-9.999971389770507812e-01,-9.999992251396179199e-01,-9.999992251396179199e-01,-9.999970197677612305e-01,-9.999992251396179199e-01,9.999991059303283691e-01,-9.999992251396179199e-01,9.999987483024597168e-01,9.999971389770507812e-01,-9.999952912330627441e-01,-9.999709129333496094e-01,-9.999987483024597168e-01,9.999954700469970703e-01,9.999992251396179199e-01,-9.999958872795104980e-01,-9.999978542327880859e-01,-9.999183416366577148e-01,9.999983906745910645e-01,-9.999992847442626953e-01,9.999980926513671875e-01,-9.999988079071044922e-01,-9.999921321868896484e-01,9.999927878379821777e-01,9.999993443489074707e-01,9.999769926071166992e-01,9.999958276748657227e-01,-9.999984502792358398e-01,9.999989271163940430e-01,-9.999860525131225586e-01,-9.999986886978149414e-01,9.999989271163940430e-01,-9.999986290931701660e-01,-9.999948143959045410e-01,9.999993443489074707e-01,-9.999992847442626953e-01,9.999950528144836426e-01,-9.999980330467224121e-01,9.999991655349731445e-01,-9.999802112579345703e-01,-9.999684095382690430e-01,9.999991655349731445e-01,9.999982714653015137e-01,-9.999737143516540527e-01,-9.999987483024597168e-01,-9.999960660934448242e-01,9.999989867210388184e-01,-9.999987483024597168e-01,9.999989867210388184e-01,-9.999988079071044922e-01,-9.999877810478210449e-01,9.999994039535522461e-01,-9.999987483024597168e-01,9.999993443489074707e-01,-9.999990463256835938e-01,-9.999963641166687012e-01,-9.999988079071044922e-01,-9.999992251396179199e-01,9.999974370002746582e-01,9.999991059303283691e-01,-9.999983906745910645e-01,-9.999889135360717773e-01,-9.999971985816955566e-01,9.999935030937194824e-01,-9.999978542327880859e-01
-9.999987483024597168e-01,9.999989271163940430e-01,9.999927282333374023e-01,-9.999986290931701660e-01,-9.999991655349731445e-01,9.999991059303283691e-01,-9.999969601631164551e-01,-9.999992847442626953e-01,9.999979734420776367e-01,-9.999983310699462891e-01,9.999988675117492676e-01,9.999991655349731445e-01,-9.999986290931701660e-01,-9.999989271163940430e-01,-9.999880790710449219e-01,-9.999979734420776367e-01,-9.999980926513671875e-01,9.999990463256835938e-01,-9.999951124191284180e-01,9.999994039535522461e-01,9.999992847442626953e-01,-9.999923110008239746e-01,-9.999988675117492676e-01,-9.999988079071044922e-01,-9.999920725822448730e-01,-9.999992847442626953e-01,9.999988675117492676e-01,9.999992251396179199e-01,-9.999880790710449219e-01,9.999967217445373535e-01,9.999952316284179688e-01,9.999988675117492676e-01,-9.999939203262329102e-01,-9.999977946281433105e-01,9.999979734420776367e-01,9.999766945838928223e-01,-9.999992847442626953e-01,-9.999990463256835938e-01,-9.999947547912597656e-01,9.999992251396179199e-01,-9.999990463256835938e-01,9.999972581863403320e-01,-9.999816417694091797e-01,-9.999990463256835938e-01,-9.999986886978149414e-01,-9.999986290931701660e-01,9.999902248382568359e-01,-9.999986886978149414e-01,-9.999991655349731445e-01,9.999989271163940430e-01,9.999991059303283691e-01,9.999985098838806152e-01,9.999991655349731445e-01,9.999940991401672363e-01,9.999980926513671875e-01,9.999986290931701660e-01,9.999974370002746582e-01,-9.999038577079772949e-01,-9.999982714653015137e-01,-9.999988079071044922e-01,9.999987483024597168e-01,-9.999991655349731445e-01,-9.999987483024597168e-01,-9.999964237213134766e-01,9.999968409538269043e-01,9.999991059303283691e-01,9.999992251396179199e-01,9.999966621398925781e-01,9.999992251396179199e-01,-9.999991059303283691e-01,9.999989867210388184e-01,-9.999985694885253906e-01,-9.999967217445373535e-01,9.999946951866149902e-01,9.999666810035705566e-01,9.999986290931701660e-01,-9.999948740005493164e-01,-9.999991059303283691e-01,9.999953508377075195e-01,9.999976158142089844e-01,9.999065995216369629e-01,-9.999982714653015137e-01,9.999991655349731445e-01,-9.999978542327880859e-01,9.999986290931701660e-01,9.999909996986389160e-01,-9.999918341636657715e-01,-9.999992251396179199e-01,-9.999738335609436035e-01,-9.999952912330627441e-01,9.999983310699462891e-01,-9.999988079071044922e-01,9.999840259552001953e-01,9.999985098838806152e-01,-9.999988675117492676e-01,9.999985098838806152e-01,9.999940991401672363e-01,-9.999992847442626953e-01,9.999991655349731445e-01,-9.999943971633911133e-01,9.999977350234985352e-01,-9.999991655349731445e-01,9.999773502349853516e-01,9.999639391899108887e-01,-9.999989271163940430e-01,-9.999980330467224121e-01,9.999700188636779785e-01,9.999986886978149414e-01,9.999957084655761719e-01,-9.999989271163940430e-01,9.999986886978149414e-01,-9.999988675117492676e-01,9.999986886978149414e-01,9.999860525131225586e-01,-9.999992847442626953e-01,9.999985694885253906e-01,-9.999992251396179199e-01,9.999989271163940430e-01,9.999958872795104980e-01,9.999986290931701660e-01,9.999991059303283691e-01,-9.999970197677612305e-01,-9.999989271163940430e-01,9.999982714653015137e-01,9.999873042106628418e-01,9.999967813491821289e-01,-9.999926090240478516e-01,9.999976754188537598e-01
9.999958872795104980e-01,-9.999966025352478027e-01,-9.999760389328002930e-01,9.999956488609313965e-01,9.999972581863403320e-01,-9.999969601631164551e-01,9.999898672103881836e-01,9.999974966049194336e-01,-9.999936819076538086e-01,9.999943375587463379e-01,-9.999964833259582520e-01,-9.999972581863403320e-01,9.999954700469970703e-01,9.999961256980895996e-01,9.999603033065795898e-01,9.999932646751403809e-01,9.999939799308776855e-01,-9.999965429306030273e-01,9.999836683273315430e-01,-9.999977350234985352e-01,-9.999973177909851074e-01,9.999744296073913574e-01,9.999961853027343750e-01,9.999960660934448242e-01,9.999735951423645020e-01,9.999975562095642090e-01,-9.999960660934448242e-01,-9.999973177909851074e-01,9.999600052833557129e-01,-9.999893307685852051e-01,-9.999840855598449707e-01,-9.999963045120239258e-01,9.999796748161315918e-01,9.999928474426269531e-01,-9.999933242797851562e-01,-9.999221563339233398e-01,9.999974370002746582e-01,9.999966025352478027e-01,9.999824166297912598e-01,-9.999972581863403320e-01,9.999964833259582520e-01,-9.999910593032836914e-01,9.999388456344604492e-01,9.999970197677612305e-01,9.999957084655761719e-01,9.999957084655761719e-01,-9.999672174453735352e-01,9.999958872795104980e-01,9.999970793724060059e-01,-9.999963641166687012e-01,-9.999968409538269043e-01,-9.999950528144836426e-01,-9.999971389770507812e-01,-9.999803900718688965e-01,-9.999940991401672363e-01,-9.999954104423522949e-01,-9.999917149543762207e-01,9.996795654296875000e-01,9.999943375587463379e-01,9.999960660934448242e-01,-9.999955892562866211e-01,9.999973177909851074e-01,9.999958872795104980e-01,9.999881982803344727e-01,-9.999893307685852051e-01,-9.999970197677612305e-01,-9.999974966049194336e-01,-9.999890327453613281e-01,-9.999970793724060059e-01,9.999967813491821289e-01,-9.999969005584716797e-01,9.999952912330627441e-01,9.999891519546508789e-01,-9.999823570251464844e-01,-9.998890161514282227e-01,-9.999957680702209473e-01,9.999828338623046875e-01,9.999969005584716797e-01,-9.999845623970031738e-01,-9.999918937683105469e-01,-9.996891617774963379e-01,9.999941587448120117e-01,-9.999971389770507812e-01,9.999929070472717285e-01,-9.999957680702209473e-01,-9.999699592590332031e-01,9.999728202819824219e-01,9.999973773956298828e-01,9.999126195907592773e-01,9.999840855598449707e-01,-9.999942183494567871e-01,9.999960064888000488e-01,-9.999467730522155762e-01,-9.999949932098388672e-01,9.999961256980895996e-01,-9.999950528144836426e-01,-9.999802708625793457e-01,9.999974370002746582e-01,-9.999970793724060059e-01,9.999812841415405273e-01,-9.999926686286926270e-01,9.999968409538269043e-01,-9.999246597290039062e-01,-9.998798370361328125e-01,9.999965429306030273e-01,9.999936223030090332e-01,-9.998997449874877930e-01,-9.999954104423522949e-01,-9.999856352806091309e-01,9.999962449073791504e-01,-9.999955892562866211e-01,9.999963045120239258e-01,-9.999957084655761719e-01,-9.999537467956542969e-01,9.999975562095642090e-01,-9.999954700469970703e-01,9.999972581863403320e-01,-9.999964237213134766e-01,-9.999867081642150879e-01,-9.999954700469970703e-01,-9.999971389770507812e-01,9.999902844429016113e-01,9.999963045120239258e-01,-9.999942779541015625e-01,-9.999576210975646973e-01,-9.999893903732299805e-01,9.999753236770629883e-01,-9.999923110008239746e-01
9.999990463256835938e-01,-9.999991059303283691e-01,-9.999942183494567871e-01,9.999989271163940430e-01,9.999993443489074707e-01,-9.999992847442626953e-01,9.999974966049194336e-01,9.999994039535522461e-01,-9.999985098838806152e-01,9.999986290931701660e-01,-9.999991059303283691e-01,-9.999994039535522461e-01,9.999989271163940430e-01,9.999991059303283691e-01,9.999905228614807129e-01,9.999982714653015137e-01,9.999984502792358398e-01,-9.999991655349731445e-01,9.999959468841552734e-01,-9.999995231628417969e-01,-9.999994039535522461e-01,9.999938607215881348e-01,9.999991655349731445e-01,9.999990463256835938e-01,9.999936819076538086e-01,9.999994039535522461e-01,-9.999990463256835938e-01,-9.999994039535522461e-01,9.999904632568359375e-01,-9.999973773956298828e-01,-9.999961256980895996e-01,-9.999991655349731445e-01,9.999951124191284180e-01,9.999982714653015137e-01,-9.999983906745910645e-01,-9.999814033508300781e-01,9.999994635581970215e-01,9.999992251396179199e-01,9.999958276748657227e-01,-9.999994039535522461e-01,9.999992251396179199e-01,-9.999977946281433105e-01,9.999853968620300293e-01,9.999991655349731445e-01,9.999988675117492676e-01,9.999989271163940430e-01,-9.999921917915344238e-01,9.999989867210388184e-01,9.999992251396179199e-01,-9.999992251396179199e-01,-9.999992251396179199e-01,-9.999987483024597168e-01,-9.999993443489074707e-01,-9.999952912330627441e-01,-9.999984502792358398e-01,-9.999988675117492676e-01,-9.999979138374328613e-01,9.999232888221740723e-01,9.999986290931701660e-01,9.999989867210388184e-01,-9.999989867210388184e-01,9.999994039535522461e-01,9.999989271163940430e-01,9.999971389770507812e-01,-9.999973177909851074e-01,-9.999992847442626953e-01,-9.999994039535522461e-01,-9.999973177909851074e-01,-9.999992847442626953e-01,9.999992251396179199e-01,-9.999992251396179199e-01,9.999988675117492676e-01,9.999973773956298828e-01,-9.999957084655761719e-01,-9.999735355377197266e-01,-9.999989271163940430e-01,9.999958276748657227e-01,9.999992847442626953e-01,-9.999962449073791504e-01,-9.999980330467224121e-01,-9.999255537986755371e-01,9.999985098838806152e-01,-9.999992847442626953e-01,9.999982714653015137e-01,-9.999988675117492676e-01,-9.999927878379821777e-01,9.999933838844299316e-01,9.999994635581970215e-01,9.999791383743286133e-01,9.999961256980895996e-01,-9.999986290931701660e-01,9.999991059303283691e-01,-9.999873042106628418e-01,-9.999988079071044922e-01,9.999991059303283691e-01,-9.999988079071044922e-01,-9.999952912330627441e-01,9.999994039535522461e-01,-9.999992251396179199e-01,9.999955296516418457e-01,-9.999982118606567383e-01,9.999992251396179199e-01,-9.999819397926330566e-01,-9.999712109565734863e-01,9.999991059303283691e-01,9.999984502792358398e-01,-9.999760389328002930e-01,-9.999989271163940430e-01,-9.999964833259582520e-01,9.999991655349731445e-01,-9.999988675117492676e-01,9.999991655349731445e-01,-9.999989271163940430e-01,-9.999889135360717773e-01,9.999994635581970215e-01,-9.999988079071044922e-01,9.999994039535522461e-01,-9.999992251396179199e-01,-9.999967813491821289e-01,-9.999988675117492676e-01,-9.999992847442626953e-01,9.999976158142089844e-01,9.999991655349731445e-01,-9.999986290931701660e-01,-9.999898672103881836e-01,-9.999974370002746582e-01,9.999940991401672363e-01,-9.999980330467224121e-01
-9.999974370002746582e-01,9.999978542327880859e-01,9.999852776527404785e-01,-9.999972581863403320e-01,-9.999983310699462891e-01,9.999979734420776367e-01,-9.999936819076538086e-01,-9.999985098838806152e-01,9.999961256980895996e-01,-9.999964237213134766e-01,9.999977350234985352e-01,9.999983310699462891e-01,-9.999971389770507812e-01,-9.999976158142089844e-01,-9.999755024909973145e-01,-9.999957680702209473e-01,-9.999962449073791504e-01,9.999978542327880859e-01,-9.999899268150329590e-01,9.999985694885253906e-01,9.999983906745910645e-01,-9.999843239784240723e-01,-9.999976158142089844e-01,-9.999975562095642090e-01,-9.999836683273315430e-01,-9.999984502792358398e-01,9.999975562095642090e-01,9.999983310699462891e-01,-9.999753236770629883e-01,9.999933838844299316e-01,9.999901652336120605e-01,9.999976754188537598e-01,-9.999874234199523926e-01,-9.999955296516418457e-01,9.999959468841552734e-01,9.999518394470214844e-01,-9.999984502792358398e-01,-9.999978542327880859e-01,-9.999890923500061035e-01,9.999983310699462891e-01,-9.999978542327880859e-01,9.999944567680358887e-01,-9.999622106552124023e-01,-9.999980926513671875e-01,-9.999973177909851074e-01,-9.999973177909851074e-01,9.999798536300659180e-01,-9.999973773956298828e-01,-9.999981522560119629e-01,9.999977350234985352e-01,9.999979734420776367e-01,9.999968409538269043e-01,9.999982118606567383e-01,9.999879002571105957e-01,9.999963045120239258e-01,9.999970793724060059e-01,9.999948740005493164e-01,-9.998020529747009277e-01,-9.999964833259582520e-01,-9.999974370002746582e-01,9.999971985816955566e-01,-9.999983310699462891e-01,-9.999974370002746582e-01,-9.999927282333374023e-01,9.999933838844299316e-01,9.999980926513671875e-01,9.999983906745910645e-01,9.999932050704956055e-01,9.999981522560119629e-01,-9.999980926513671875e-01,9.999979734420776367e-01,-9.999970793724060059e-01,-9.999933242797851562e-01,9.999890923500061035e-01,9.999314546585083008e-01,9.999973177909851074e-01,-9.999893307685852051e-01,-9.999980926513671875e-01,9.999904036521911621e-01,9.999949932098388672e-01,9.998079538345336914e-01,-9.999963045120239258e-01,9.999982118606567383e-01,-9.999955892562866211e-01,9.999973177909851074e-01,9.999814629554748535e-01,-9.999831914901733398e-01,-9.999983310699462891e-01,-9.999459385871887207e-01,-9.999902248382568359e-01,9.999964833259582520e-01,-9.999974966049194336e-01,9.999670982360839844e-01,9.999969005584716797e-01,-9.999976158142089844e-01,9.999969601631164551e-01,9.999878406524658203e-01,-9.999984502792358398e-01,9.999981522560119629e-01,-9.999884366989135742e-01,9.999954700469970703e-01,-9.999980926513671875e-01,9.999533891677856445e-01,9.999257326126098633e-01,-9.999977946281433105e-01,-9.999960064888000488e-01,9.999380111694335938e-01,9.999970793724060059e-01,9.999910593032836914e-01,-9.999977350234985352e-01,9.999971985816955566e-01,-9.999977350234985352e-01,9.999972581863403320e-01,9.999713897705078125e-01,-9.999985098838806152e-01,9.999971389770507812e-01,-9.999982118606567383e-01,9.999978542327880859e-01,9.999917745590209961e-01,9.999971389770507812e-01,9.999982118606567383e-01,-9.999939799308776855e-01,-9.999977946281433105e-01,9.999964237213134766e-01,9.999738931655883789e-01,9.999934434890747070e-01,-9.999846220016479492e-01,9.999952316284179688e-01
9.999977350234985352e-01,-9.999980926513671875e-01,-9.999866485595703125e-01,9.999974966049194336e-01,9.999985098838806152e-01,-9.999983310699462891e-01,9.999943375587463379e-01,9.999986290931701660e-01,-9.999964237213134766e-01,9.999967813491821289e-01,-9.999980330467224121e-01,-9.999985098838806152e-01,9.999974370002746582e-01,9.999978542327880859e-01,9.999780058860778809e-01,9.999961256980895996e-01,9.999966621398925781e-01,-9.999981522560119629e-01,9.999909400939941406e-01,-9.999988079071044922e-01,-9.999985694885253906e-01,9.999858140945434570e-01,9.999979138374328613e-01,9.999977946281433105e-01,9.999853372573852539e-01,9.999986290931701660e-01,-9.999977946281433105e-01,-9.999985098838806152e-01,9.999779462814331055e-01,-9.999940991401672363e-01,-9.999911785125732422e-01,-9.999979138374328613e-01,9.999887943267822266e-01,9.999959468841552734e-01,-9.999962449073791504e-01,-9.999568462371826172e-01,9.999986290931701660e-01,9.999980926513671875e-01,9.999902844429016113e-01,-9.999985098838806152e-01,9.999980926513671875e-01,-9.999950528144836426e-01,9.999660849571228027e-01,9.999983906745910645e-01,9.999975562095642090e-01,9.999976158142089844e-01,-9.999818801879882812e-01,9.999976754188537598e-01,9.999983906745910645e-01,-9.999980330467224121e-01,-9.999982118606567383e-01,-9.999971389770507812e-01,-9.999985098838806152e-01,-9.999891519546508789e-01,-9.999965429306030273e-01,-9.999973773956298828e-01,-9.999953508377075195e-01,9.998223781585693359e-01,9.999969005584716797e-01,9.999977350234985352e-01,-9.999974966049194336e-01,9.999985694885253906e-01,9.999976754188537598e-01,9.999935626983642578e-01,-9.999940991401672363e-01,-9.999983310699462891e-01,-9.999986886978149414e-01,-9.999939203262329102e-01,-9.999984502792358398e-01,9.999982714653015137e-01,-9.999982714653015137e-01,9.999974370002746582e-01,9.999939799308776855e-01,-9.999901056289672852e-01,-9.999384880065917969e-01,-9.999975562095642090e-01,9.999905228614807129e-01,9.999982714653015137e-01,-9.999914169311523438e-01,-9.999954700469970703e-01,-9.998276829719543457e-01,9.999967813491821289e-01,-9.999983906745910645e-01,9.999960064888000488e-01,-9.999975562095642090e-01,-9.999833703041076660e-01,9.999849200248718262e-01,9.999985098838806152e-01,9.999516606330871582e-01,9.999911785125732422e-01,-9.999967813491821289e-01,9.999977946281433105e-01,-9.999706149101257324e-01,-9.999971985816955566e-01,9.999978542327880859e-01,-9.999972581863403320e-01,-9.999890923500061035e-01,9.999985694885253906e-01,-9.999983906745910645e-01,9.999896287918090820e-01,-9.999959468841552734e-01,9.999983310699462891e-01,-9.999581575393676758e-01,-9.999333024024963379e-01,9.999980926513671875e-01,9.999964237213134766e-01,-9.999443292617797852e-01,-9.999974966049194336e-01,-9.999921321868896484e-01,9.999980926513671875e-01,-9.999975562095642090e-01,9.999979138374328613e-01,-9.999976158142089844e-01,-9.999743103981018066e-01,9.999987483024597168e-01,-9.999974370002746582e-01,9.999985098838806152e-01,-9.999981522560119629e-01,-9.999926090240478516e-01,-9.999974966049194336e-01,-9.999983310699462891e-01,9.999946355819702148e-01,9.999979734420776367e-01,-9.999967813491821289e-01,-9.999765753746032715e-01,-9.999940991401672363e-01,9.999864101409912109e-01,-9.999958276748657227e-01
-9.999985694885253906e-01,9.999987483024597168e-01,9.999916553497314453e-01,-9.999983906745910645e-01,-9.999989867210388184e-01,9.999988675117492676e-01,-9.999964833259582520e-01,-9.999991059303283691e-01,9.999977350234985352e-01,-9.999980330467224121e-01,9.999987483024597168e-01,9.999991059303283691e-01,-9.999983906745910645e-01,-9.999986290931701660e-01,-9.999861121177673340e-01,-9.999975562095642090e-01,-9.999978542327880859e-01,9.999987483024597168e-01,-9.999943375587463379e-01,9.999993443489074707e-01,9.999991655349731445e-01,-9.999911785125732422e-01,-9.999986886978149414e-01,-9.999986886978149414e-01,-9.999908208847045898e-01,-9.999991655349731445e-01,9.999985694885253906e-01,9.999991059303283691e-01,-9.999861121177673340e-01,9.999962449073791504e-01,9.999944567680358887e-01,9.999986886978149414e-01,-9.999929666519165039e-01,-9.999974966049194336e-01,9.999976158142089844e-01,9.999729394912719727e-01,-9.999991655349731445e-01,-9.999988079071044922e-01,-9.999939203262329102e-01,9.999991059303283691e-01,-9.999988079071044922e-01,9.999967813491821289e-01,-9.999787211418151855e-01,-9.999989271163940430e-01,-9.999983906745910645e-01,-9.999983906745910645e-01,9.999886751174926758e-01,-9.999985098838806152e-01,-9.999989867210388184e-01,9.999987483024597168e-01,9.999988675117492676e-01,9.999981522560119629e-01,9.999990463256835938e-01,9.999932050704956055e-01,9.999979138374328613e-01,9.999983906745910645e-01,9.999970197677612305e-01,-9.998887181282043457e-01,-9.999980330467224121e-01,-9.999985694885253906e-01,9.999985098838806152e-01,-9.999990463256835938e-01,-9.999984502792358398e-01,-9.999958872795104980e-01,9.999962449073791504e-01,9.999990463256835938e-01,9.999992251396179199e-01,9.999961256980895996e-01,9.999989867210388184e-01,-9.999988675117492676e-01,9.999989271163940430e-01,-9.999983310699462891e-01,-9.999961853027343750e-01,9.999938607215881348e-01,9.999614357948303223e-01,9.999984502792358398e-01,-9.999940395355224609e-01,-9.999988675117492676e-01,9.999945759773254395e-01,9.999971389770507812e-01,9.998919367790222168e-01,-9.999978542327880859e-01,9.999990463256835938e-01,-9.999974966049194336e-01,9.999984502792358398e-01,9.999895691871643066e-01,-9.999905824661254883e-01,-9.999991059303283691e-01,-9.999697208404541016e-01,-9.999945759773254395e-01,9.999980330467224121e-01,-9.999986290931701660e-01,9.999815225601196289e-01,9.999982714653015137e-01,-9.999986290931701660e-01,9.999982714653015137e-01,9.999930858612060547e-01,-9.999992847442626953e-01,9.999989867210388184e-01,-9.999935030937194824e-01,9.999974370002746582e-01,-9.999988675117492676e-01,9.999737739562988281e-01,9.999582767486572266e-01,-9.999988079071044922e-01,-9.999977350234985352e-01,9.999651312828063965e-01,9.999983906745910645e-01,9.999949932098388672e-01,-9.999987483024597168e-01,9.999984502792358398e-01,-9.999986886978149414e-01,9.999985098838806152e-01,9.999839067459106445e-01,-9.999992251396179199e-01,9.999983310699462891e-01,-9.999991059303283691e-01,9.999988079071044922e-01,9.999954104423522949e-01,9.999983906745910645e-01,9.999989271163940430e-01,-9.999966025352478027e-01,-9.999986886978149414e-01,9.999979734420776367e-01,9.999853372573852539e-01,9.999962449073791504e-01,-9.999914169311523438e-01,9.999972581863403320e-01
-9.999988675117492676e-01,9.999990463256835938e-01,9.999935626983642578e-01,-9.999987483024597168e-01,-9.999992251396179199e-01,9.999991655349731445e-01,-9.999972581863403320e-01,-9.999994039535522461e-01,9.999983310699462891e-01,-9.999985098838806152e-01,9.999991059303283691e-01,9.999992251396179199e-01,-9.999987483024597168e-01,-9.999989867210388184e-01,-9.999894499778747559e-01,-9.999981522560119629e-01,-9.999982714653015137e-01,9.999991655349731445e-01,-9.999956488609313965e-01,9.999994039535522461e-01,9.999992847442626953e-01,-9.999932050704956055e-01,-9.999989867210388184e-01,-9.999989271163940430e-01,-9.999929666519165039e-01,-9.999994039535522461e-01,9.999989271163940430e-01,9.999993443489074707e-01,-9.999893903732299805e-01,9.999971389770507812e-01,9.999958276748657227e-01,9.999989271163940430e-01,-9.999945163726806641e-01,-9.999979734420776367e-01,9.999982118606567383e-01,9.999793171882629395e-01,-9.999992847442626953e-01,-9.999991655349731445e-01,-9.999953508377075195e-01,9.999992847442626953e-01,-9.999991655349731445e-01,9.999974966049194336e-01,-9.999836683273315430e-01,-9.999991655349731445e-01,-9.999987483024597168e-01,-9.999988079071044922e-01,9.999912381172180176e-01,-9.999988675117492676e-01,-9.999992847442626953e-01,9.999991059303283691e-01,9.999992251396179199e-01,9.999986886978149414e-01,9.999992847442626953e-01,9.999947547912597656e-01,9.999983906745910645e-01,9.999986886978149414e-01,9.999977350234985352e-01,-9.999146461486816406e-01,-9.999984502792358398e-01,-9.999988675117492676e-01,9.999988079071044922e-01,-9.999992847442626953e-01,-9.999988675117492676e-01,-9.999967217445373535e-01,9.999971389770507812e-01,9.999991655349731445e-01,9.999994039535522461e-01,9.999970197677612305e-01,9.999992251396179199e-01,-9.999992251396179199e-01,9.999992251396179199e-01,-9.999987483024597168e-01,-9.999971389770507812e-01,9.999952912330627441e-01,9.999703764915466309e-01,9.999988079071044922e-01,-9.999954700469970703e-01,-9.999992251396179199e-01,9.999958276748657227e-01,9.999978542327880859e-01,9.999171495437622070e-01,-9.999983310699462891e-01,9.999991655349731445e-01,-9.999979734420776367e-01,9.999988079071044922e-01,9.999920725822448730e-01,-9.999927878379821777e-01,-9.999993443489074707e-01,-9.999767541885375977e-01,-9.999957680702209473e-01,9.999984502792358398e-01,-9.999989271163940430e-01,9.999858140945434570e-01,9.999986290931701660e-01,-9.999989271163940430e-01,9.999986886978149414e-01,9.999947547912597656e-01,-9.999994635581970215e-01,9.999992847442626953e-01,-9.999949932098388672e-01,9.999980330467224121e-01,-9.999991655349731445e-01,9.999799132347106934e-01,9.999679327011108398e-01,-9.999990463256835938e-01,-9.999982714653015137e-01,9.999732971191406250e-01,9.999987483024597168e-01,9.999961256980895996e-01,-9.999989867210388184e-01,9.999988079071044922e-01,-9.999990463256835938e-01,9.999988675117492676e-01,9.999876022338867188e-01,-9.999994039535522461e-01,9.999987483024597168e-01,-9.999993443489074707e-01,9.999991059303283691e-01,9.999964237213134766e-01,9.999987483024597168e-01,9.999991655349731445e-01,-9.999973773956298828e-01,-9.999991059303283691e-01,9.999984502792358398e-01,9.999887347221374512e-01,9.999971985816955566e-01,-9.999934434890747070e-01,9.999979734420776367e-01
