9.999980330467224121e-01,-9.999982714653015137e-01,-9.999855756759643555e-01,9.999981522560119629e-01,9.999987483024597168e-01,-9.999985098838806152e-01,9.999945759773254395e-01,9.999988675117492676e-01,-9.999969005584716797e-01,9.999970197677612305e-01,-9.999977946281433105e-01,-9.999988675117492676e-01,9.999980330467224121e-01,9.999978542327880859e-01,9.999641776084899902e-01,9.999974966049194336e-01,9.999974966049194336e-01,-9.999985694885253906e-01,9.999889731407165527e-01,-9.999990463256835938e-01,-9.999988675117492676e-01,9.999846816062927246e-01,9.999979138374328613e-01,9.999984502792358398e-01,9.999893307685852051e-01,9.999989271163940430e-01,-9.999983906745910645e-01,-9.999988675117492676e-01,9.999760389328002930e-01,-9.999960660934448242e-01,-9.999948740005493164e-01,-9.999985098838806152e-01,9.999940395355224609e-01,9.999974966049194336e-01,-9.999964833259582520e-01,-9.999889135360717773e-01,9.999988675117492676e-01,9.999985694885253906e-01,9.999924898147583008e-01,-9.999987483024597168e-01,9.999984502792358398e-01,-9.999970197677612305e-01,9.999434351921081543e-01,9.999986290931701660e-01,9.999974370002746582e-01,9.999978542327880859e-01,9.999891519546508789e-01,9.999979734420776367e-01,9.999987483024597168e-01,-9.999984502792358398e-01,-9.999985694885253906e-01,-9.999973177909851074e-01,-9.999985694885253906e-01,-9.999904632568359375e-01,-9.999962449073791504e-01,-9.999979138374328613e-01,-9.999974966049194336e-01,9.999395608901977539e-01,9.999978542327880859e-01,9.999981522560119629e-01,-9.999969601631164551e-01,9.999988079071044922e-01,9.999982118606567383e-01,9.999947547912597656e-01,-9.999955296516418457e-01,-9.999986886978149414e-01,-9.999989271163940430e-01,-9.999938607215881348e-01,-9.999985694885253906e-01,9.999986886978149414e-01,-9.999985694885253906e-01,9.999978542327880859e-01,9.999964833259582520e-01,-9.999901056289672852e-01,-9.996635913848876953e-01,-9.999980926513671875e-01,9.999914765357971191e-01,9.999985694885253906e-01,-9.999909996986389160e-01,-9.999969005584716797e-01,-9.999617338180541992e-01,9.999972581863403320e-01,-9.999987483024597168e-01,9.999939203262329102e-01,-9.999982714653015137e-01,-9.999830722808837891e-01,9.999911785125732422e-01,9.999986886978149414e-01,-9.999049305915832520e-01,9.999970197677612305e-01,-9.999980926513671875e-01,9.999982118606567383e-01,-9.999736547470092773e-01,-9.999979138374328613e-01,9.999983906745910645e-01,-9.999977350234985352e-01,-9.999901652336120605e-01,9.999988079071044922e-01,-9.999985694885253906e-01,9.999880790710449219e-01,-9.999971985816955566e-01,9.999985694885253906e-01,-9.999789595603942871e-01,-9.999758601188659668e-01,9.999984502792358398e-01,9.999967217445373535e-01,9.999568462371826172e-01,-9.999974370002746582e-01,-9.999942779541015625e-01,9.999983906745910645e-01,-9.999977350234985352e-01,9.999985098838806152e-01,-9.999979138374328613e-01,-9.999879598617553711e-01,9.999989271163940430e-01,-9.999982118606567383e-01,9.999985694885253906e-01,-9.999986886978149414e-01,-9.999935030937194824e-01,-9.999980926513671875e-01,-9.999988079071044922e-01,9.999954104423522949e-01,9.999985098838806152e-01,-9.999972581863403320e-01,9.999116063117980957e-01,-9.999952316284179688e-01,9.999819397926330566e-01,-9.999975562095642090e-01
-9.999982714653015137e-01,9.999985098838806152e-01,9.999873638153076172e-01,-9.999983906745910645e-01,-9.999989271163940430e-01,9.999986886978149414e-01,-9.999952316284179688e-01,-9.999991059303283691e-01,9.999973177909851074e-01,-9.999973773956298828e-01,9.999980330467224121e-01,9.999989867210388184e-01,-9.999982118606567383e-01,-9.999982118606567383e-01,-9.999686479568481445e-01,-9.999977946281433105e-01,-9.999979138374328613e-01,9.999987483024597168e-01,-9.999904036521911621e-01,9.999991655349731445e-01,9.999990463256835938e-01,-9.999865889549255371e-01,-9.999982714653015137e-01,-9.999986290931701660e-01,-9.999907612800598145e-01,-9.999991655349731445e-01,9.999985694885253906e-01,9.999990463256835938e-01,-9.999790191650390625e-01,9.999965429306030273e-01,9.999955296516418457e-01,9.999986886978149414e-01,-9.999947547912597656e-01,-9.999978542327880859e-01,9.999968409538269043e-01,9.999902844429016113e-01,-9.999991059303283691e-01,-9.999987483024597168e-01,-9.999934434890747070e-01,9.999989271163940430e-01,-9.999985694885253906e-01,9.999973177909851074e-01,-9.999506473541259766e-01,-9.999987483024597168e-01,-9.999977946281433105e-01,-9.999980926513671875e-01,-9.999905228614807129e-01,-9.999981522560119629e-01,-9.999988079071044922e-01,9.999986290931701660e-01,9.999987483024597168e-01,9.999977350234985352e-01,9.999987483024597168e-01,9.999917149543762207e-01,9.999966025352478027e-01,9.999982118606567383e-01,9.999977946281433105e-01,-9.999471902847290039e-01,-9.999980926513671875e-01,-9.999983906745910645e-01,9.999973773956298828e-01,-9.999991059303283691e-01,-9.999984502792358398e-01,-9.999954104423522949e-01,9.999961256980895996e-01,9.999989271163940430e-01,9.999991059303283691e-01,9.999946355819702148e-01,9.999987483024597168e-01,-9.999988675117492676e-01,9.999987483024597168e-01,-9.999980926513671875e-01,-9.999969005584716797e-01,9.999913573265075684e-01,9.997060298919677734e-01,9.999983310699462891e-01,-9.999924898147583008e-01,-9.999987483024597168e-01,9.999921321868896484e-01,9.999971985816955566e-01,9.999665617942810059e-01,-9.999976754188537598e-01,9.999989867210388184e-01,-9.999946951866149902e-01,9.999984502792358398e-01,9.999851584434509277e-01,-9.999922513961791992e-01,-9.999989271163940430e-01,9.999169111251831055e-01,-9.999974370002746582e-01,9.999983310699462891e-01,-9.999985098838806152e-01,9.999769926071166992e-01,9.999982118606567383e-01,-9.999986886978149414e-01,9.999979734420776367e-01,9.999914765357971191e-01,-9.999989867210388184e-01,9.999988079071044922e-01,-9.999896287918090820e-01,9.999975562095642090e-01,-9.999987483024597168e-01,9.999816417694091797e-01,9.999789595603942871e-01,-9.999986886978149414e-01,-9.999970793724060059e-01,-9.999622702598571777e-01,9.999978542327880859e-01,9.999949932098388672e-01,-9.999986290931701660e-01,9.999979734420776367e-01,-9.999986886978149414e-01,9.999981522560119629e-01,9.999893903732299805e-01,-9.999991655349731445e-01,9.999984502792358398e-01,-9.999987483024597168e-01,9.999989271163940430e-01,9.999942183494567871e-01,9.999983310699462891e-01,9.999989271163940430e-01,-9.999959468841552734e-01,-9.999986886978149414e-01,9.999976754188537598e-01,-9.999227523803710938e-01,9.999958276748657227e-01,-9.999842047691345215e-01,9.999979138374328613e-01
-9.999855756759643555e-01,9.999873638153076172e-01,9.998862147331237793e-01,-9.999858140945434570e-01,-9.999910593032836914e-01,9.999892711639404297e-01,-9.999577403068542480e-01,-9.999918341636657715e-01,9.999768733978271484e-01,-9.999769926071166992e-01,9.999833703041076660e-01,9.999910593032836914e-01,-9.999849200248718262e-01,-9.999840259552001953e-01,-9.997186660766601562e-01,-9.999811649322509766e-01,-9.999818205833435059e-01,9.999888539314270020e-01,-9.999134540557861328e-01,9.999923706054687500e-01,9.999913573265075684e-01,-9.998799562454223633e-01,-9.999849796295166016e-01,-9.999879598617553711e-01,-9.999168515205383301e-01,-9.999920129776000977e-01,9.999880194664001465e-01,9.999911785125732422e-01,-9.998111724853515625e-01,9.999704957008361816e-01,9.999606609344482422e-01,9.999884963035583496e-01,-9.999528527259826660e-01,-9.999808073043823242e-01,9.999728798866271973e-01,9.999128580093383789e-01,-9.999918341636657715e-01,-9.999890923500061035e-01,-9.999418258666992188e-01,9.999909996986389160e-01,-9.999877810478210449e-01,9.999768137931823730e-01,-9.995553493499755859e-01,-9.999896287918090820e-01,-9.999803304672241211e-01,-9.999837875366210938e-01,-9.999144077301025391e-01,-9.999844431877136230e-01,-9.999902248382568359e-01,9.999886155128479004e-01,9.999897480010986328e-01,9.999800920486450195e-01,9.999891519546508789e-01,9.999254941940307617e-01,9.999707341194152832e-01,9.999840855598449707e-01,9.999805688858032227e-01,-9.995247125625610352e-01,-9.999831914901733398e-01,-9.999857544898986816e-01,9.999771714210510254e-01,-9.999913573265075684e-01,-9.999861121177673340e-01,-9.999592900276184082e-01,9.999654293060302734e-01,9.999904036521911621e-01,9.999918341636657715e-01,9.999524950981140137e-01,9.999888539314270020e-01,-9.999905824661254883e-01,9.999893903732299805e-01,-9.999840259552001953e-01,-9.999735951423645020e-01,9.999220967292785645e-01,9.973601698875427246e-01,9.999855160713195801e-01,-9.999335408210754395e-01,-9.999890327453613281e-01,9.999290704727172852e-01,9.999760985374450684e-01,9.996996521949768066e-01,-9.999799728393554688e-01,9.999903440475463867e-01,-9.999522566795349121e-01,9.999865889549255371e-01,9.998665452003479004e-01,-9.999304413795471191e-01,-9.999905824661254883e-01,9.992536306381225586e-01,-9.999772310256958008e-01,9.999852180480957031e-01,-9.999868869781494141e-01,9.997931718826293945e-01,9.999849200248718262e-01,-9.999883174896240234e-01,9.999827742576599121e-01,9.999232292175292969e-01,-9.999913573265075684e-01,9.999900460243225098e-01,-9.999068379402160645e-01,9.999783635139465332e-01,-9.999895095825195312e-01,9.998344182968139648e-01,9.998105764389038086e-01,-9.999881386756896973e-01,-9.999748468399047852e-01,-9.996610879898071289e-01,9.999814033508300781e-01,9.999557733535766602e-01,-9.999883770942687988e-01,9.999828934669494629e-01,-9.999885559082031250e-01,9.999845623970031738e-01,9.999049901962280273e-01,-9.999920129776000977e-01,9.999871253967285156e-01,-9.999897480010986328e-01,9.999899864196777344e-01,9.999487400054931641e-01,9.999852180480957031e-01,9.999908208847045898e-01,-9.999648928642272949e-01,-9.999891519546508789e-01,9.999795556068420410e-01,-9.993059635162353516e-01,9.999628663063049316e-01,-9.998587369918823242e-01,9.999812841415405273e-01
9.999981522560119629e-01,-9.999983906745910645e-01,-9.999858140945434570e-01,9.999982118606567383e-01,9.999988675117492676e-01,-9.999986290931701660e-01,9.999947547912597656e-01,9.999989867210388184e-01,-9.999970793724060059e-01,9.999970793724060059e-01,-9.999978542327880859e-01,-9.999988675117492676e-01,9.999980926513671875e-01,9.999979734420776367e-01,9.999648928642272949e-01,9.999976158142089844e-01,9.999976158142089844e-01,-9.999985694885253906e-01,9.999892115592956543e-01,-9.999991059303283691e-01,-9.999988675117492676e-01,9.999849200248718262e-01,9.999980926513671875e-01,9.999984502792358398e-01,9.999896287918090820e-01,9.999989271163940430e-01,-9.999985098838806152e-01,-9.999988675117492676e-01,9.999764561653137207e-01,-9.999961256980895996e-01,-9.999949932098388672e-01,-9.999985694885253906e-01,9.999940991401672363e-01,9.999975562095642090e-01,-9.999965429306030273e-01,-9.999890923500061035e-01,9.999989271163940430e-01,9.999986290931701660e-01,9.999927878379821777e-01,-9.999988079071044922e-01,9.999984502792358398e-01,-9.999970793724060059e-01,9.999445080757141113e-01,9.999986886978149414e-01,9.999974966049194336e-01,9.999979138374328613e-01,9.999893307685852051e-01,9.999980330467224121e-01,9.999987483024597168e-01,-9.999985694885253906e-01,-9.999986886978149414e-01,-9.999974966049194336e-01,-9.999986290931701660e-01,-9.999907016754150391e-01,-9.999963045120239258e-01,-9.999979734420776367e-01,-9.999976158142089844e-01,9.999406933784484863e-01,9.999978542327880859e-01,9.999982118606567383e-01,-9.999970197677612305e-01,9.999989271163940430e-01,9.999982118606567383e-01,9.999949336051940918e-01,-9.999957084655761719e-01,-9.999988079071044922e-01,-9.999990463256835938e-01,-9.999940991401672363e-01,-9.999985694885253906e-01,9.999988079071044922e-01,-9.999985694885253906e-01,9.999979734420776367e-01,9.999966621398925781e-01,-9.999902844429016113e-01,-9.996699690818786621e-01,-9.999981522560119629e-01,9.999917149543762207e-01,9.999985098838806152e-01,-9.999912381172180176e-01,-9.999969601631164551e-01,-9.999624490737915039e-01,9.999973773956298828e-01,-9.999988675117492676e-01,9.999940395355224609e-01,-9.999982118606567383e-01,-9.999833703041076660e-01,9.999914169311523438e-01,9.999988079071044922e-01,-9.999068379402160645e-01,9.999970793724060059e-01,-9.999981522560119629e-01,9.999983310699462891e-01,-9.999741315841674805e-01,-9.999979734420776367e-01,9.999984502792358398e-01,-9.999977350234985352e-01,-9.999904036521911621e-01,9.999988675117492676e-01,-9.999987483024597168e-01,9.999883770942687988e-01,-9.999972581863403320e-01,9.999985694885253906e-01,-9.999794363975524902e-01,-9.999763965606689453e-01,9.999985694885253906e-01,9.999967813491821289e-01,9.999577403068542480e-01,-9.999975562095642090e-01,-9.999945163726806641e-01,9.999985098838806152e-01,-9.999978542327880859e-01,9.999985694885253906e-01,-9.999980330467224121e-01,-9.999881982803344727e-01,9.999989271163940430e-01,-9.999983906745910645e-01,9.999986886978149414e-01,-9.999986886978149414e-01,-9.999936223030090332e-01,-9.999979734420776367e-01,-9.999988079071044922e-01,9.999955892562866211e-01,9.999985694885253906e-01,-9.999973773956298828e-01,9.999133944511413574e-01,-9.999953508377075195e-01,9.999823570251464844e-01,-9.999976754188537598e-01
9.999987483024597168e-01,-9.999989271163940430e-01,-9.999910593032836914e-01,9.999988675117492676e-01,9.999993443489074707e-01,-9.999991655349731445e-01,9.999966025352478027e-01,9.999994039535522461e-01,-9.999981522560119629e-01,9.999981522560119629e-01,-9.999985694885253906e-01,-9.999993443489074707e-01,9.999988079071044922e-01,9.999986886978149414e-01,9.999777674674987793e-01,9.999985098838806152e-01,9.999984502792358398e-01,-9.999991655349731445e-01,9.999931454658508301e-01,-9.999994039535522461e-01,-9.999993443489074707e-01,9.999905228614807129e-01,9.999988079071044922e-01,9.999991059303283691e-01,9.999934434890747070e-01,9.999993443489074707e-01,-9.999991059303283691e-01,-9.999994039535522461e-01,9.999850988388061523e-01,-9.999975562095642090e-01,-9.999967813491821289e-01,-9.999991059303283691e-01,9.999962449073791504e-01,9.999984502792358398e-01,-9.999978542327880859e-01,-9.999931454658508301e-01,9.999994039535522461e-01,9.999991655349731445e-01,9.999954104423522949e-01,-9.999992251396179199e-01,9.999991059303283691e-01,-9.999981522560119629e-01,9.999648332595825195e-01,9.999992251396179199e-01,9.999983906745910645e-01,9.999986290931701660e-01,9.999932646751403809e-01,9.999986886978149414e-01,9.999992847442626953e-01,-9.999991655349731445e-01,-9.999992251396179199e-01,-9.999985098838806152e-01,-9.999992847442626953e-01,-9.999940991401672363e-01,-9.999975562095642090e-01,-9.999988079071044922e-01,-9.999984502792358398e-01,9.999623298645019531e-01,9.999986290931701660e-01,9.999989271163940430e-01,-9.999980330467224121e-01,9.999993443489074707e-01,9.999988675117492676e-01,9.999967217445373535e-01,-9.999971985816955566e-01,-9.999992847442626953e-01,-9.999994039535522461e-01,-9.999961853027343750e-01,-9.999991655349731445e-01,9.999992847442626953e-01,-9.999992251396179199e-01,9.999986886978149414e-01,9.999978542327880859e-01,-9.999938607215881348e-01,-9.997909665107727051e-01,-9.999988079071044922e-01,9.999947547912597656e-01,9.999991655349731445e-01,-9.999944567680358887e-01,-9.999980926513671875e-01,-9.999762177467346191e-01,9.999982714653015137e-01,-9.999993443489074707e-01,9.999961853027343750e-01,-9.999989271163940430e-01,-9.999894499778747559e-01,9.999945163726806641e-01,9.999992847442626953e-01,-9.999409914016723633e-01,9.999981522560119629e-01,-9.999988079071044922e-01,9.999989271163940430e-01,-9.999836683273315430e-01,-9.999986886978149414e-01,9.999991059303283691e-01,-9.999985098838806152e-01,-9.999939203262329102e-01,9.999992847442626953e-01,-9.999992251396179199e-01,9.999926686286926270e-01,-9.999982714653015137e-01,9.999991059303283691e-01,-9.999870061874389648e-01,-9.999851584434509277e-01,9.999991059303283691e-01,9.999980926513671875e-01,9.999732375144958496e-01,-9.999985098838806152e-01,-9.999963641166687012e-01,9.999991059303283691e-01,-9.999985694885253906e-01,9.999991059303283691e-01,-9.999986886978149414e-01,-9.999924898147583008e-01,9.999993443489074707e-01,-9.999989867210388184e-01,9.999992251396179199e-01,-9.999992251396179199e-01,-9.999959468841552734e-01,-9.999988079071044922e-01,-9.999994039535522461e-01,9.999971985816955566e-01,9.999991059303283691e-01,-9.999984502792358398e-01,9.999451041221618652e-01,-9.999970197677612305e-01,9.999888539314270020e-01,-9.999985694885253906e-01
-9.999985098838806152e-01,9.999986886978149414e-01,9.999892711639404297e-01,-9.999986290931701660e-01,-9.999991655349731445e-01,9.999988675117492676e-01,-9.999959468841552734e-01,-9.999992847442626953e-01,9.999976754188537598e-01,-9.999977946281433105e-01,9.999982714653015137e-01,9.999991655349731445e-01,-9.999985694885253906e-01,-9.999985694885253906e-01,-9.999732375144958496e-01,-9.999981522560119629e-01,-9.999982714653015137e-01,9.999989271163940430e-01,-9.999917745590209961e-01,9.999992847442626953e-01,9.999992251396179199e-01,-9.999886155128479004e-01,-9.999985098838806152e-01,-9.999988079071044922e-01,-9.999920725822448730e-01,-9.999991655349731445e-01,9.999988675117492676e-01,9.999991655349731445e-01,-9.999820590019226074e-01,9.999970793724060059e-01,9.999961256980895996e-01,9.999988675117492676e-01,-9.999954700469970703e-01,-9.999981522560119629e-01,9.999973773956298828e-01,9.999917149543762207e-01,-9.999992251396179199e-01,-9.999989271163940430e-01,-9.999944567680358887e-01,9.999991655349731445e-01,-9.999988079071044922e-01,9.999977350234985352e-01,-9.999577403068542480e-01,-9.999990463256835938e-01,-9.999980926513671875e-01,-9.999984502792358398e-01,-9.999918937683105469e-01,-9.999983906745910645e-01,-9.999991059303283691e-01,9.999989271163940430e-01,9.999989271163940430e-01,9.999980926513671875e-01,9.999989271163940430e-01,9.999929070472717285e-01,9.999970793724060059e-01,9.999984502792358398e-01,9.999980926513671875e-01,-9.999547004699707031e-01,-9.999983906745910645e-01,-9.999986290931701660e-01,9.999977350234985352e-01,-9.999992251396179199e-01,-9.999986290931701660e-01,-9.999960660934448242e-01,9.999966621398925781e-01,9.999991059303283691e-01,9.999992251396179199e-01,9.999954700469970703e-01,9.999989271163940430e-01,-9.999990463256835938e-01,9.999989271163940430e-01,-9.999984502792358398e-01,-9.999974370002746582e-01,9.999926090240478516e-01,9.997481703758239746e-01,9.999985694885253906e-01,-9.999936819076538086e-01,-9.999988675117492676e-01,9.999933838844299316e-01,9.999977350234985352e-01,9.999714493751525879e-01,-9.999980926513671875e-01,9.999992251396179199e-01,-9.999954700469970703e-01,9.999986886978149414e-01,9.999873042106628418e-01,-9.999935030937194824e-01,-9.999990463256835938e-01,9.999288320541381836e-01,-9.999977946281433105e-01,9.999985694885253906e-01,-9.999987483024597168e-01,9.999802708625793457e-01,9.999985694885253906e-01,-9.999988675117492676e-01,9.999983310699462891e-01,9.999926686286926270e-01,-9.999991059303283691e-01,9.999989867210388184e-01,-9.999911189079284668e-01,9.999979138374328613e-01,-9.999989271163940430e-01,9.999842643737792969e-01,9.999819397926330566e-01,-9.999988675117492676e-01,-9.999975562095642090e-01,-9.999676346778869629e-01,9.999982118606567383e-01,9.999957084655761719e-01,-9.999988079071044922e-01,9.999983310699462891e-01,-9.999988675117492676e-01,9.999984502792358398e-01,9.999909400939941406e-01,-9.999992847442626953e-01,9.999986886978149414e-01,-9.999989271163940430e-01,9.999991059303283691e-01,9.999951124191284180e-01,9.999985694885253906e-01,9.999991655349731445e-01,-9.999966025352478027e-01,-9.999988675117492676e-01,9.999980330467224121e-01,-9.999338388442993164e-01,9.999964237213134766e-01,-9.999865889549255371e-01,9.999982714653015137e-01
9.999945759773254395e-01,-9.999952316284179688e-01,-9.999577403068542480e-01,9.999947547912597656e-01,9.999966025352478027e-01,-9.999959468841552734e-01,9.999842643737792969e-01,9.999969005584716797e-01,-9.999914169311523438e-01,9.999914169311523438e-01,-9.999936819076538086e-01,-9.999967217445373535e-01,9.999943971633911133e-01,9.999940395355224609e-01,9.998953938484191895e-01,9.999929666519165039e-01,9.999932646751403809e-01,-9.999958872795104980e-01,9.999678134918212891e-01,-9.999970793724060059e-01,-9.999967217445373535e-01,9.999552965164184570e-01,9.999943971633911133e-01,9.999955892562866211e-01,9.999691247940063477e-01,9.999969601631164551e-01,-9.999955296516418457e-01,-9.999966621398925781e-01,9.999297261238098145e-01,-9.999890327453613281e-01,-9.999853372573852539e-01,-9.999957084655761719e-01,9.999825358390808105e-01,9.999928474426269531e-01,-9.999899268150329590e-01,-9.999675750732421875e-01,9.999969005584716797e-01,9.999960064888000488e-01,9.999784231185913086e-01,-9.999966025352478027e-01,9.999954700469970703e-01,-9.999914169311523438e-01,9.998347163200378418e-01,9.999961256980895996e-01,9.999926686286926270e-01,9.999939799308776855e-01,9.999682307243347168e-01,9.999942183494567871e-01,9.999963045120239258e-01,-9.999957680702209473e-01,-9.999961256980895996e-01,-9.999926686286926270e-01,-9.999959468841552734e-01,-9.999723434448242188e-01,-9.999891519546508789e-01,-9.999940395355224609e-01,-9.999928474426269531e-01,9.998232722282409668e-01,9.999938011169433594e-01,9.999946951866149902e-01,-9.999914169311523438e-01,9.999967217445373535e-01,9.999948143959045410e-01,9.999848604202270508e-01,-9.999872446060180664e-01,-9.999963641166687012e-01,-9.999969005584716797e-01,-9.999823570251464844e-01,-9.999958276748657227e-01,9.999964237213134766e-01,-9.999960064888000488e-01,9.999940395355224609e-01,9.999901652336120605e-01,-9.999710321426391602e-01,-9.990167617797851562e-01,-9.999945759773254395e-01,9.999753236770629883e-01,9.999958872795104980e-01,-9.999737739562988281e-01,-9.999911189079284668e-01,-9.998882412910461426e-01,9.999924302101135254e-01,-9.999964237213134766e-01,9.999822378158569336e-01,-9.999949932098388672e-01,-9.999503493309020996e-01,9.999742507934570312e-01,9.999964237213134766e-01,-9.997223615646362305e-01,9.999914765357971191e-01,-9.999945759773254395e-01,9.999951124191284180e-01,-9.999230504035949707e-01,-9.999943971633911133e-01,9.999956488609313965e-01,-9.999935030937194824e-01,-9.999714493751525879e-01,9.999967217445373535e-01,-9.999962449073791504e-01,9.999653100967407227e-01,-9.999918937683105469e-01,9.999960064888000488e-01,-9.999383687973022461e-01,-9.999295473098754883e-01,9.999955892562866211e-01,9.999905824661254883e-01,9.998739361763000488e-01,-9.999929666519165039e-01,-9.999835491180419922e-01,9.999955892562866211e-01,-9.999936223030090332e-01,9.999957680702209473e-01,-9.999942779541015625e-01,-9.999646544456481934e-01,9.999970197677612305e-01,-9.999951124191284180e-01,9.999961256980895996e-01,-9.999963045120239258e-01,-9.999809861183166504e-01,-9.999944567680358887e-01,-9.999966025352478027e-01,9.999868869781494141e-01,9.999958872795104980e-01,-9.999924898147583008e-01,9.997417926788330078e-01,-9.999860525131225586e-01,9.999474287033081055e-01,-9.999930858612060547e-01
9.999988675117492676e-01,-9.999991059303283691e-01,-9.999918341636657715e-01,9.999989867210388184e-01,9.999994039535522461e-01,-9.999992847442626953e-01,9.999969005584716797e-01,9.999994635581970215e-01,-9.999983310699462891e-01,9.999983310699462891e-01,-9.999986886978149414e-01,-9.999994039535522461e-01,9.999988675117492676e-01,9.999989271163940430e-01,9.999798536300659180e-01,9.999986290931701660e-01,9.999986290931701660e-01,-9.999992251396179199e-01,9.999938607215881348e-01,-9.999994635581970215e-01,-9.999994635581970215e-01,9.999913573265075684e-01,9.999989867210388184e-01,9.999991655349731445e-01,9.999940395355224609e-01,9.999994039535522461e-01,-9.999991655349731445e-01,-9.999994039535522461e-01,9.999864697456359863e-01,-9.999978542327880859e-01,-9.999970793724060059e-01,-9.999992251396179199e-01,9.999966025352478027e-01,9.999986290931701660e-01,-9.999980330467224121e-01,-9.999937415122985840e-01,9.999993443489074707e-01,9.999992251396179199e-01,9.999958276748657227e-01,-9.999992847442626953e-01,9.999990463256835938e-01,-9.999983310699462891e-01,9.999681711196899414e-01,9.999992847442626953e-01,9.999985694885253906e-01,9.999988079071044922e-01,9.999938607215881348e-01,9.999988675117492676e-01,9.999993443489074707e-01,-9.999992251396179199e-01,-9.999992847442626953e-01,-9.999985694885253906e-01,-9.999993443489074707e-01,-9.999946951866149902e-01,-9.999977946281433105e-01,-9.999989271163940430e-01,-9.999985694885253906e-01,9.999659061431884766e-01,9.999988675117492676e-01,9.999989867210388184e-01,-9.999983310699462891e-01,9.999994039535522461e-01,9.999989867210388184e-01,9.999970197677612305e-01,-9.999974966049194336e-01,-9.999993443489074707e-01,-9.999994635581970215e-01,-9.999965429306030273e-01,-9.999992251396179199e-01,9.999993443489074707e-01,-9.999992847442626953e-01,9.999988079071044922e-01,9.999980926513671875e-01,-9.999943971633911133e-01,-9.998103380203247070e-01,-9.999989271163940430e-01,9.999952316284179688e-01,9.999992251396179199e-01,-9.999949932098388672e-01,-9.999982714653015137e-01,-9.999784827232360840e-01,9.999984502792358398e-01,-9.999994039535522461e-01,9.999965429306030273e-01,-9.999990463256835938e-01,-9.999904632568359375e-01,9.999951124191284180e-01,9.999993443489074707e-01,-9.999463558197021484e-01,9.999983310699462891e-01,-9.999989867210388184e-01,9.999991059303283691e-01,-9.999852180480957031e-01,-9.999988079071044922e-01,9.999991059303283691e-01,-9.999986886978149414e-01,-9.999945163726806641e-01,9.999994039535522461e-01,-9.999992251396179199e-01,9.999933242797851562e-01,-9.999983906745910645e-01,9.999992847442626953e-01,-9.999882578849792480e-01,-9.999864697456359863e-01,9.999991655349731445e-01,9.999981522560119629e-01,9.999757409095764160e-01,-9.999985694885253906e-01,-9.999967813491821289e-01,9.999992251396179199e-01,-9.999987483024597168e-01,9.999992251396179199e-01,-9.999988079071044922e-01,-9.999932050704956055e-01,9.999994635581970215e-01,-9.999991059303283691e-01,9.999992847442626953e-01,-9.999994039535522461e-01,-9.999963045120239258e-01,-9.999988675117492676e-01,-9.999994635581970215e-01,9.999974370002746582e-01,9.999992847442626953e-01,-9.999985098838806152e-01,9.999502301216125488e-01,-9.999973773956298828e-01,9.999898076057434082e-01,-9.999986886978149414e-01
-9.999969005584716797e-01,9.999973177909851074e-01,9.999768733978271484e-01,-9.999970793724060059e-01,-9.999981522560119629e-01,9.999976754188537598e-01,-9.999914169311523438e-01,-9.999983310699462891e-01,9.999952912330627441e-01,-9.999952316284179688e-01,9.999964237213134766e-01,9.999981522560119629e-01,-9.999967813491821289e-01,-9.999966621398925781e-01,-9.999426603317260742e-01,-9.999961256980895996e-01,-9.999962449073791504e-01,9.999976754188537598e-01,-9.999823570251464844e-01,9.999983906745910645e-01,9.999982118606567383e-01,-9.999756217002868652e-01,-9.999969005584716797e-01,-9.999974966049194336e-01,-9.999830722808837891e-01,-9.999982714653015137e-01,9.999974966049194336e-01,9.999981522560119629e-01,-9.999614357948303223e-01,9.999939203262329102e-01,9.999918937683105469e-01,9.999976158142089844e-01,-9.999904036521911621e-01,-9.999960064888000488e-01,9.999944567680358887e-01,9.999822378158569336e-01,-9.999983310699462891e-01,-9.999977350234985352e-01,-9.999881982803344727e-01,9.999980330467224121e-01,-9.999973773956298828e-01,9.999952912330627441e-01,-9.999094605445861816e-01,-9.999977946281433105e-01,-9.999959468841552734e-01,-9.999965429306030273e-01,-9.999825954437255859e-01,-9.999966621398925781e-01,-9.999979734420776367e-01,9.999975562095642090e-01,9.999977946281433105e-01,9.999959468841552734e-01,9.999977350234985352e-01,9.999848604202270508e-01,9.999939799308776855e-01,9.999967813491821289e-01,9.999960660934448242e-01,-9.999031424522399902e-01,-9.999965429306030273e-01,-9.999969601631164551e-01,9.999952912330627441e-01,-9.999982118606567383e-01,-9.999971389770507812e-01,-9.999916553497314453e-01,9.999929666519165039e-01,9.999979138374328613e-01,9.999982714653015137e-01,9.999902844429016113e-01,9.999976754188537598e-01,-9.999980330467224121e-01,9.999977350234985352e-01,-9.999966621398925781e-01,-9.999945759773254395e-01,9.999841451644897461e-01,9.994612932205200195e-01,9.999969601631164551e-01,-9.999863505363464355e-01,-9.999976754188537598e-01,9.999855756759643555e-01,9.999951124191284180e-01,9.999387860298156738e-01,-9.999958872795104980e-01,9.999979734420776367e-01,-9.999902248382568359e-01,9.999971389770507812e-01,9.999728202819824219e-01,-9.999858140945434570e-01,-9.999980330467224121e-01,9.998478889465332031e-01,-9.999953508377075195e-01,9.999969601631164551e-01,-9.999972581863403320e-01,9.999577999114990234e-01,9.999969005584716797e-01,-9.999974966049194336e-01,9.999963641166687012e-01,9.999842643737792969e-01,-9.999980926513671875e-01,9.999978542327880859e-01,-9.999810457229614258e-01,9.999955892562866211e-01,-9.999977350234985352e-01,9.999662637710571289e-01,9.999614357948303223e-01,-9.999975562095642090e-01,-9.999948740005493164e-01,-9.999309182167053223e-01,9.999960660934448242e-01,9.999909400939941406e-01,-9.999975562095642090e-01,9.999963641166687012e-01,-9.999976158142089844e-01,9.999967813491821289e-01,9.999806880950927734e-01,-9.999982714653015137e-01,9.999972581863403320e-01,-9.999978542327880859e-01,9.999979734420776367e-01,9.999895691871643066e-01,9.999968409538269043e-01,9.999980926513671875e-01,-9.999928474426269531e-01,-9.999976754188537598e-01,9.999958276748657227e-01,-9.998586177825927734e-01,9.999924302101135254e-01,-9.999712705612182617e-01,9.999962449073791504e-01
9.999970197677612305e-01,-9.999973773956298828e-01,-9.999769926071166992e-01,9.999970793724060059e-01,9.999981522560119629e-01,-9.999977946281433105e-01,9.999914169311523438e-01,9.999983310699462891e-01,-9.999952316284179688e-01,9.999953508377075195e-01,-9.999964833259582520e-01,-9.999981522560119629e-01,9.999969005584716797e-01,9.999967217445373535e-01,9.999429583549499512e-01,9.999962449073791504e-01,9.999962449073791504e-01,-9.999977350234985352e-01,9.999825358390808105e-01,-9.999983906745910645e-01,-9.999982118606567383e-01,9.999757409095764160e-01,9.999969005584716797e-01,9.999976158142089844e-01,9.999831914901733398e-01,9.999983310699462891e-01,-9.999975562095642090e-01,-9.999981522560119629e-01,9.999617338180541992e-01,-9.999940395355224609e-01,-9.999919533729553223e-01,-9.999976754188537598e-01,9.999904632568359375e-01,9.999960660934448242e-01,-9.999945163726806641e-01,-9.999823570251464844e-01,9.999983310699462891e-01,9.999977350234985352e-01,9.999882578849792480e-01,-9.999981522560119629e-01,9.999974370002746582e-01,-9.999952912330627441e-01,9.999098777770996094e-01,9.999979138374328613e-01,9.999960064888000488e-01,9.999965429306030273e-01,9.999827742576599121e-01,9.999967813491821289e-01,9.999979734420776367e-01,-9.999976754188537598e-01,-9.999978542327880859e-01,-9.999960064888000488e-01,-9.999977946281433105e-01,-9.999849200248718262e-01,-9.999939799308776855e-01,-9.999967813491821289e-01,-9.999960660934448242e-01,9.999036788940429688e-01,9.999966621398925781e-01,9.999970793724060059e-01,-9.999952912330627441e-01,9.999980926513671875e-01,9.999971389770507812e-01,9.999917149543762207e-01,-9.999930858612060547e-01,-9.999980330467224121e-01,-9.999983906745910645e-01,-9.999904036521911621e-01,-9.999976754188537598e-01,9.999980330467224121e-01,-9.999977350234985352e-01,9.999967217445373535e-01,9.999946355819702148e-01,-9.999842047691345215e-01,-9.994642734527587891e-01,-9.999970197677612305e-01,9.999865293502807617e-01,9.999977350234985352e-01,-9.999857544898986816e-01,-9.999951124191284180e-01,-9.999391436576843262e-01,9.999958872795104980e-01,-9.999979734420776367e-01,9.999904036521911621e-01,-9.999971985816955566e-01,-9.999729990959167480e-01,9.999859929084777832e-01,9.999980330467224121e-01,-9.998487830162048340e-01,9.999953508377075195e-01,-9.999969601631164551e-01,9.999973177909851074e-01,-9.999580383300781250e-01,-9.999969005584716797e-01,9.999975562095642090e-01,-9.999964833259582520e-01,-9.999844431877136230e-01,9.999980926513671875e-01,-9.999979734420776367e-01,9.999812245368957520e-01,-9.999955892562866211e-01,9.999978542327880859e-01,-9.999665021896362305e-01,-9.999616146087646484e-01,9.999975562095642090e-01,9.999948740005493164e-01,9.999313354492187500e-01,-9.999960660934448242e-01,-9.999910593032836914e-01,9.999976158142089844e-01,-9.999964833259582520e-01,9.999976158142089844e-01,-9.999968409538269043e-01,-9.999808073043823242e-01,9.999982714653015137e-01,-9.999972581863403320e-01,9.999979138374328613e-01,-9.999979734420776367e-01,-9.999896287918090820e-01,-9.999969601631164551e-01,-9.999980926513671875e-01,9.999929070472717285e-01,9.999977946281433105e-01,-9.999958276748657227e-01,9.998594522476196289e-01,-9.999924898147583008e-01,9.999714493751525879e-01,-9.999962449073791504e-01
-9.999977946281433105e-01,9.999980330467224121e-01,9.999833703041076660e-01,-9.999978542327880859e-01,-9.999985694885253906e-01,9.999982714653015137e-01,-9.999936819076538086e-01,-9.999986886978149414e-01,9.999964237213134766e-01,-9.999964833259582520e-01,9.999974370002746582e-01,9.999985694885253906e-01,-9.999976754188537598e-01,-9.999975562095642090e-01,-9.999585747718811035e-01,-9.999970793724060059e-01,-9.999971985816955566e-01,9.999982118606567383e-01,-9.999873042106628418e-01,9.999988079071044922e-01,9.999986886978149414e-01,-9.999822974205017090e-01,-9.999976754188537598e-01,-9.999980926513671875e-01,-9.999877810478210449e-01,-9.999987483024597168e-01,9.999980926513671875e-01,9.999986886978149414e-01,-9.999722838401794434e-01,9.999955892562866211e-01,9.999940991401672363e-01,9.999982714653015137e-01,-9.999930858612060547e-01,-9.999970793724060059e-01,9.999959468841552734e-01,9.999871253967285156e-01,-9.999986886978149414e-01,-9.999983906745910645e-01,-9.999913573265075684e-01,9.999985098838806152e-01,-9.999980926513671875e-01,9.999964237213134766e-01,-9.999346137046813965e-01,-9.999984502792358398e-01,-9.999970793724060059e-01,-9.999974966049194336e-01,-9.999873638153076172e-01,-9.999976158142089844e-01,-9.999984502792358398e-01,9.999982118606567383e-01,9.999983906745910645e-01,9.999970197677612305e-01,9.999983906745910645e-01,9.999890923500061035e-01,9.999955892562866211e-01,9.999976158142089844e-01,9.999970197677612305e-01,-9.999300241470336914e-01,-9.999974966049194336e-01,-9.999978542327880859e-01,9.999964833259582520e-01,-9.999986290931701660e-01,-9.999978542327880859e-01,-9.999939203262329102e-01,9.999948740005493164e-01,9.999985098838806152e-01,9.999987483024597168e-01,9.999929070472717285e-01,9.999982118606567383e-01,-9.999985098838806152e-01,9.999983310699462891e-01,-9.999975562095642090e-01,-9.999959468841552734e-01,9.999885559082031250e-01,9.996112585067749023e-01,9.999977350234985352e-01,-9.999902248382568359e-01,-9.999982714653015137e-01,9.999895691871643066e-01,9.999963045120239258e-01,9.999557733535766602e-01,-9.999968409538269043e-01,9.999985694885253906e-01,-9.999929666519165039e-01,9.999978542327880859e-01,9.999803304672241211e-01,-9.999898076057434082e-01,-9.999985098838806152e-01,9.998900890350341797e-01,-9.999966025352478027e-01,9.999977946281433105e-01,-9.999979138374328613e-01,9.999695420265197754e-01,9.999976158142089844e-01,-9.999982714653015137e-01,9.999974370002746582e-01,9.999887347221374512e-01,-9.999986290931701660e-01,9.999983310699462891e-01,-9.999862313270568848e-01,9.999967813491821289e-01,-9.999983310699462891e-01,9.999756813049316406e-01,9.999722242355346680e-01,-9.999981522560119629e-01,-9.999962449073791504e-01,-9.999501109123229980e-01,9.999971389770507812e-01,9.999934434890747070e-01,-9.999980926513671875e-01,9.999973773956298828e-01,-9.999981522560119629e-01,9.999976158142089844e-01,9.999860525131225586e-01,-9.999987483024597168e-01,9.999980926513671875e-01,-9.999984502792358398e-01,9.999985098838806152e-01,9.999924898147583008e-01,9.999977350234985352e-01,9.999986290931701660e-01,-9.999947547912597656e-01,-9.999982714653015137e-01,9.999968409538269043e-01,-9.998979568481445312e-01,9.999944567680358887e-01,-9.999791979789733887e-01,9.999971985816955566e-01
-9.999988675117492676e-01,9.999989867210388184e-01,9.999910593032836914e-01,-9.999988675117492676e-01,-9.999993443489074707e-01,9.999991655349731445e-01,-9.999967217445373535e-01,-9.999994039535522461e-01,9.999981522560119629e-01,-9.999981522560119629e-01,9.999985694885253906e-01,9.999994039535522461e-01,-9.999988079071044922e-01,-9.999986886978149414e-01,-9.999777674674987793e-01,-9.999985694885253906e-01,-9.999985694885253906e-01,9.999991655349731445e-01,-9.999932646751403809e-01,9.999994039535522461e-01,9.999993443489074707e-01,-9.999905228614807129e-01,-9.999988675117492676e-01,-9.999992251396179199e-01,-9.999934434890747070e-01,-9.999993443489074707e-01,9.999991059303283691e-01,9.999993443489074707e-01,-9.999850392341613770e-01,9.999976158142089844e-01,9.999967813491821289e-01,9.999992251396179199e-01,-9.999961853027343750e-01,-9.999984502792358398e-01,9.999977946281433105e-01,9.999930858612060547e-01,-9.999994039535522461e-01,-9.999991655349731445e-01,-9.999954104423522949e-01,9.999992847442626953e-01,-9.999990463256835938e-01,9.999981522560119629e-01,-9.999648332595825195e-01,-9.999992251396179199e-01,-9.999983906745910645e-01,-9.999986886978149414e-01,-9.999932050704956055e-01,-9.999987483024597168e-01,-9.999992847442626953e-01,9.999991655349731445e-01,9.999992251396179199e-01,9.999985098838806152e-01,9.999992847442626953e-01,9.999940991401672363e-01,9.999975562095642090e-01,9.999986886978149414e-01,9.999985098838806152e-01,-9.999623298645019531e-01,-9.999986290931701660e-01,-9.999988675117492676e-01,9.999981522560119629e-01,-9.999993443489074707e-01,-9.999988675117492676e-01,-9.999968409538269043e-01,9.999971985816955566e-01,9.999992847442626953e-01,9.999994635581970215e-01,9.999961853027343750e-01,9.999991655349731445e-01,-9.999992847442626953e-01,9.999991059303283691e-01,-9.999986886978149414e-01,-9.999978542327880859e-01,9.999938607215881348e-01,9.997904300689697266e-01,9.999988079071044922e-01,-9.999947547912597656e-01,-9.999991655349731445e-01,9.999944567680358887e-01,9.999980926513671875e-01,9.999762177467346191e-01,-9.999982714653015137e-01,9.999993443489074707e-01,-9.999961853027343750e-01,9.999989867210388184e-01,9.999895095825195312e-01,-9.999945759773254395e-01,-9.999992847442626953e-01,9.999408125877380371e-01,-9.999981522560119629e-01,9.999988675117492676e-01,-9.999989271163940430e-01,9.999835491180419922e-01,9.999988079071044922e-01,-9.999991059303283691e-01,9.999986290931701660e-01,9.999939203262329102e-01,-9.999993443489074707e-01,9.999992251396179199e-01,-9.999926090240478516e-01,9.999982714653015137e-01,-9.999992251396179199e-01,9.999868869781494141e-01,9.999850392341613770e-01,-9.999991059303283691e-01,-9.999980330467224121e-01,-9.999731779098510742e-01,9.999985098838806152e-01,9.999964237213134766e-01,-9.999991059303283691e-01,9.999986290931701660e-01,-9.999991059303283691e-01,9.999987483024597168e-01,9.999924898147583008e-01,-9.999994039535522461e-01,9.999989867210388184e-01,-9.999992251396179199e-01,9.999993443489074707e-01,9.999959468841552734e-01,9.999988079071044922e-01,9.999994039535522461e-01,-9.999971985816955566e-01,-9.999991655349731445e-01,9.999984502792358398e-01,-9.999451041221618652e-01,9.999970197677612305e-01,-9.999887347221374512e-01,9.999985694885253906e-01
