4.903595745563507080e-01,-2.923107519745826721e-02,2.949526607990264893e-01,-3.483968675136566162e-01,1.965299099683761597e-01,-3.209564089775085449e-01,1.098540574312210083e-01,3.662734329700469971e-01,-6.367748975753784180e-02,-8.914487808942794800e-02,-1.942616403102874756e-01,3.182736039161682129e-02,-2.753748893737792969e-01,-1.100558862090110779e-01,-2.188718169927597046e-01,-4.810540005564689636e-02,6.342543754726648331e-03,-2.300423085689544678e-01,3.046777248382568359e-01,7.745431363582611084e-02,2.790374564938247204e-04,-3.497544229030609131e-01,-2.350762486457824707e-01,1.557953655719757080e-01,-1.453811209648847580e-02,-5.310793220996856689e-02,1.742487996816635132e-01,-2.754820883274078369e-01,-1.320599913597106934e-01,-1.566857248544692993e-01,-1.905288398265838623e-01,2.151954472064971924e-01,-2.265386730432510376e-01,-6.642352789640426636e-02,-5.991771351546049118e-03,1.967326998710632324e-01,-1.106982380151748657e-01,-1.688516587018966675e-01,-6.299258768558502197e-02,-2.062394618988037109e-01,-6.182833760976791382e-02,8.139728754758834839e-02,-2.881097495555877686e-01,-5.847438052296638489e-02,2.408665791153907776e-02,3.359299600124359131e-01,2.367592006921768188e-01,2.373018488287925720e-02,1.228827834129333496e-01,-7.697683572769165039e-02,-1.557161957025527954e-01,-2.794579863548278809e-01,1.593087613582611084e-01,1.613756269216537476e-02,-4.636501893401145935e-02,9.029269963502883911e-02,7.984169758856296539e-03,-9.297956712543964386e-03,2.624988257884979248e-01,3.411461114883422852e-01,-9.149951487779617310e-02,8.269829303026199341e-02,-8.384833112359046936e-03,1.750831902027130127e-01,-8.183442987501621246e-03,6.724263727664947510e-02,-4.240878820419311523e-01,-7.589545100927352905e-02,1.792751252651214600e-01,2.416440099477767944e-01,-2.003870345652103424e-02,1.784524768590927124e-01,9.274351596832275391e-02,-2.606103718280792236e-01,-1.577316820621490479e-01,4.698467999696731567e-02,1.550179440528154373e-03,-2.235018461942672729e-01,8.697717636823654175e-02,1.852493882179260254e-01,-1.734090149402618408e-01,-2.926427987404167652e-04,9.462276473641395569e-03,-2.168575534597039223e-03,-1.255639791488647461e-01,3.611357212066650391e-01,2.735757529735565186e-01,-1.215622527524828911e-03,-2.572177648544311523e-01,-4.256919771432876587e-02,-1.208448708057403564e-01,3.780297636985778809e-01,3.018296658992767334e-01,-2.174620628356933594e-01,1.475894004106521606e-01,-4.295583367347717285e-01,-5.184784904122352600e-02,-1.623316165932919830e-05,5.531622096896171570e-02,-6.361053884029388428e-02,-2.493298202753067017e-01,2.306154221296310425e-01,2.476949691772460938e-01,9.751173853874206543e-02,-3.347097635269165039e-01,1.138657256960868835e-01,3.668576776981353760e-01,3.155101537704467773e-01,-3.807373344898223877e-01,1.907601393759250641e-02,-2.127358317375183105e-01,3.489207327365875244e-01,2.603975832462310791e-01,-7.545597106218338013e-02,-1.358810812234878540e-01,1.608880609273910522e-01,2.119312137365341187e-01,-1.998532563447952271e-01,3.034578077495098114e-02,-1.819018870592117310e-01,-3.401312530040740967e-01,-1.383520215749740601e-01,-8.293421566486358643e-02,4.106363356113433838e-01,2.226612344384193420e-02,2.571385502815246582e-01,2.302246913313865662e-02,-5.760667379945516586e-03
-2.923107519745826721e-02,1.233800780028104782e-02,-1.006027832627296448e-01,7.796638458967208862e-02,5.188538506627082825e-02,1.617724820971488953e-02,-1.949074305593967438e-02,2.407565154135227203e-02,6.526635587215423584e-02,5.431947857141494751e-02,-2.725164638832211494e-03,-5.237066373229026794e-02,7.829576730728149414e-02,5.440903455018997192e-02,9.175898879766464233e-02,1.020441651344299316e-01,-1.341826282441616058e-03,8.532324433326721191e-02,-9.324371814727783203e-02,-5.377856269478797913e-02,-4.703293368220329285e-02,8.065226674079895020e-02,4.871030151844024658e-02,-2.498160488903522491e-02,1.302046980708837509e-02,8.867490291595458984e-02,-8.519443124532699585e-02,-3.126376867294311523e-02,7.780315726995468140e-02,1.935445144772529602e-02,-5.077491980046033859e-03,-1.061373949050903320e-01,6.509951502084732056e-02,5.103091523051261902e-02,-2.486801939085125923e-03,-1.006435304880142212e-01,7.016828656196594238e-02,8.795380592346191406e-02,-7.210876792669296265e-02,-4.708521440625190735e-02,9.370028972625732422e-02,7.946261204779148102e-03,9.004521369934082031e-02,2.765035256743431091e-02,-2.017633616924285889e-02,-8.529950678348541260e-02,-9.681402146816253662e-02,-2.864614129066467285e-02,4.041564185172319412e-03,1.880516298115253448e-02,7.433424470946192741e-04,3.172232210636138916e-02,4.081874340772628784e-02,-1.604267209768295288e-02,2.189605962485074997e-03,-1.007781028747558594e-01,4.065833240747451782e-02,4.799052607268095016e-03,-7.134764641523361206e-02,-8.027871698141098022e-02,-8.001436479389667511e-03,-8.495572954416275024e-03,2.023049397394061089e-03,1.148543879389762878e-02,2.951685525476932526e-02,-3.080161288380622864e-02,4.595924913883209229e-02,9.530248492956161499e-02,-9.605345875024795532e-02,1.793689653277397156e-02,-7.861546427011489868e-02,-5.084958858788013458e-03,-3.058186918497085571e-02,9.275188297033309937e-02,-2.920350246131420135e-02,-9.012272953987121582e-02,-4.780084127560257912e-04,1.007316038012504578e-01,-2.445033751428127289e-02,-9.062355011701583862e-02,9.697794914245605469e-02,1.162078842753544450e-04,-7.731260359287261963e-02,2.315578749403357506e-04,-8.371394872665405273e-02,-9.346383810043334961e-02,1.049496978521347046e-02,1.405186369083821774e-03,7.539196312427520752e-02,7.344291359186172485e-02,-2.207912132143974304e-02,-4.028900340199470520e-02,-8.242060989141464233e-02,3.923993185162544250e-02,-8.862552791833877563e-02,2.590570598840713501e-02,5.214968323707580566e-02,-1.226663243869552389e-06,-7.904610782861709595e-02,8.970702439546585083e-02,-1.941575296223163605e-02,4.275252670049667358e-02,-1.030120402574539185e-01,-8.664491027593612671e-02,1.126968562602996826e-01,3.550546942278742790e-03,-8.777747303247451782e-02,-9.702973067760467529e-02,-6.553241983056068420e-03,-3.174697980284690857e-03,6.485961377620697021e-02,-7.372972369194030762e-02,-9.753689914941787720e-02,6.014922633767127991e-03,9.529587626457214355e-02,-8.957112580537796021e-02,4.119436070322990417e-02,3.919417783617973328e-02,-9.085816890001296997e-02,5.163460224866867065e-02,8.257496356964111328e-02,8.341316878795623779e-02,7.285673916339874268e-02,-6.351391971111297607e-02,-4.089922830462455750e-02,-6.460563838481903076e-02,-4.874673672020435333e-03,6.153465807437896729e-02
2.949526607990264893e-01,-1.006027832627296448e-01,8.097980618476867676e-01,-6.799579858779907227e-01,-4.287863671779632568e-01,-2.019778341054916382e-01,1.394355893135070801e-01,-2.085710465908050537e-01,-5.247458815574645996e-01,-4.924571216106414795e-01,3.195611387491226196e-02,4.842310249805450439e-01,-6.053226590156555176e-01,-5.312518477439880371e-01,-7.655506134033203125e-01,-7.591009140014648438e-01,1.073573995381593704e-02,-6.813731789588928223e-01,7.514681816101074219e-01,5.178219676017761230e-01,3.807892799377441406e-01,-7.051949501037597656e-01,-4.623068571090698242e-01,2.289592772722244263e-01,-1.185176819562911987e-01,-6.723154187202453613e-01,7.145186066627502441e-01,2.123417258262634277e-01,-6.664716601371765137e-01,-1.803048849105834961e-01,5.945501103997230530e-02,8.133630752563476562e-01,-5.306953787803649902e-01,-5.479009747505187988e-01,2.558956854045391083e-02,7.760208249092102051e-01,-6.160129904747009277e-01,-7.389453649520874023e-01,5.428735017776489258e-01,4.290058910846710205e-01,-7.222002148628234863e-01,-7.137513160705566406e-02,-7.362354397773742676e-01,-2.554633319377899170e-01,1.344080418348312378e-01,7.164686918258666992e-01,7.935011386871337891e-01,2.427015304565429688e-01,-3.884666413068771362e-02,-4.838501662015914917e-02,9.145713993348181248e-04,-2.292816191911697388e-01,-3.587795495986938477e-01,1.393742561340332031e-01,-1.247842051088809967e-02,7.884705662727355957e-01,-4.034627974033355713e-01,-4.436126351356506348e-02,5.794175863265991211e-01,6.721551418304443359e-01,8.296310901641845703e-02,4.906576499342918396e-02,-1.775309443473815918e-02,-5.657626688480377197e-02,-2.303427010774612427e-01,2.715487480163574219e-01,-3.403462767601013184e-01,-7.360418438911437988e-01,7.720896601676940918e-01,-1.243653520941734314e-01,6.585425138473510742e-01,9.780774265527725220e-02,2.856710851192474365e-01,-7.718301415443420410e-01,1.858893185853958130e-01,7.062954902648925781e-01,3.925086464732885361e-03,-8.110259771347045898e-01,2.058054059743881226e-01,7.503013014793395996e-01,-7.800760865211486816e-01,-1.114658545702695847e-03,6.642622351646423340e-01,-1.014663488604128361e-03,6.393744349479675293e-01,7.627895474433898926e-01,-1.031173542141914368e-01,-1.229610946029424667e-02,-6.240385770797729492e-01,-6.537978649139404297e-01,1.901606917381286621e-01,3.078869581222534180e-01,6.759169101715087891e-01,-3.501108288764953613e-01,7.258817553520202637e-01,-2.275202423334121704e-01,-4.355697333812713623e-01,1.284811787627404556e-05,6.618397831916809082e-01,-7.019742131233215332e-01,2.468838840723037720e-01,-3.457028567790985107e-01,8.045644164085388184e-01,7.200952172279357910e-01,-8.531350493431091309e-01,-1.005874872207641602e-01,6.682687997817993164e-01,7.547486424446105957e-01,2.316965907812118530e-02,2.762785926461219788e-02,-5.576673746109008789e-01,6.635354161262512207e-01,7.816108465194702148e-01,-1.689450889825820923e-01,-7.666766047477722168e-01,7.349913716316223145e-01,-3.432489037513732910e-01,-3.594323992729187012e-01,7.340584993362426758e-01,-4.719961583614349365e-01,-6.739780306816101074e-01,-6.918864250183105469e-01,-6.320860385894775391e-01,5.074349641799926758e-01,4.551672637462615967e-01,5.953286290168762207e-01,3.244648501276969910e-02,-5.480099320411682129e-01
-3.483968675136566162e-01,7.796638458967208862e-02,-6.799579858779907227e-01,7.116526961326599121e-01,1.909761279821395874e-01,2.649677395820617676e-01,-1.100638657808303833e-01,-2.910716831684112549e-02,4.370649158954620361e-01,3.859992921352386475e-01,-1.043999195098876953e-01,-3.505711853504180908e-01,3.936974108219146729e-01,4.464585781097412109e-01,6.294506788253784180e-01,5.000979304313659668e-01,-5.414149723947048187e-03,5.645838379859924316e-01,-7.140447497367858887e-01,-4.144338667392730713e-01,-4.132171869277954102e-01,6.438214778900146484e-01,4.034008085727691650e-01,-1.531281322240829468e-01,9.462013095617294312e-02,4.028371870517730713e-01,-4.935844242572784424e-01,8.192671090364456177e-02,4.174795746803283691e-01,3.146037161350250244e-01,-1.585849374532699585e-02,-6.898711919784545898e-01,5.933305621147155762e-01,4.150407016277313232e-01,-5.095907021313905716e-03,-5.410607457160949707e-01,4.293692708015441895e-01,5.729598402976989746e-01,-2.270541489124298096e-01,-3.635347187519073486e-01,5.991073846817016602e-01,1.121637597680091858e-01,5.844648480415344238e-01,1.891433894634246826e-01,-2.393294274806976318e-01,-5.103315711021423340e-01,-6.963946819305419922e-01,-2.092244476079940796e-01,3.930627927184104919e-02,9.642367064952850342e-02,2.715270780026912689e-02,3.670566380023956299e-01,3.460282385349273682e-01,-1.223672628402709961e-01,1.548963040113449097e-01,-5.709065198898315430e-01,3.597115874290466309e-01,3.215989843010902405e-02,-4.918499886989593506e-01,-6.964034438133239746e-01,-1.129044592380523682e-01,1.073510479182004929e-02,1.972968876361846924e-02,-1.172571349889039993e-02,2.220662087202072144e-01,-2.152704149484634399e-01,2.770369350910186768e-01,4.936740398406982422e-01,-6.006400585174560547e-01,-1.390662938356399536e-01,-4.414095878601074219e-01,1.047725304961204529e-01,-3.321677744388580322e-01,6.548507809638977051e-01,-1.680005788803100586e-01,-5.254610776901245117e-01,-1.548749743960797787e-03,6.206727027893066406e-01,-3.564483225345611572e-01,-5.948135852813720703e-01,7.003608345985412598e-01,8.784570381976664066e-04,-4.467067122459411621e-01,4.545857198536396027e-03,-4.509773552417755127e-01,-6.389323472976684570e-01,-1.530157774686813354e-01,6.312977988272905350e-03,4.427170157432556152e-01,4.768750965595245361e-01,-1.741157919168472290e-01,-4.553655683994293213e-01,-6.424272060394287109e-01,3.749307394027709961e-01,-6.428949832916259766e-01,3.347855806350708008e-01,2.791390120983123779e-01,-5.585135113506112248e-06,-4.246642887592315674e-01,5.047768950462341309e-01,-6.037426367402076721e-02,4.171287640929222107e-02,-7.270979285240173340e-01,-5.176602005958557129e-01,7.439144253730773926e-01,2.718319594860076904e-01,-7.462736368179321289e-01,-5.903755426406860352e-01,1.832288503646850586e-01,-3.186889737844467163e-02,5.604372620582580566e-01,-6.589596271514892578e-01,-6.980705261230468750e-01,2.775689363479614258e-01,5.896903872489929199e-01,-5.793460607528686523e-01,5.109076946973800659e-02,2.960349619388580322e-01,-5.423934459686279297e-01,4.912552535533905029e-01,5.670861005783081055e-01,6.228706836700439453e-01,5.397952198982238770e-01,-4.930700361728668213e-01,-3.684382140636444092e-01,-5.580054521560668945e-01,-3.847444429993629456e-02,3.673304915428161621e-01
1.965299099683761597e-01,5.188538506627082825e-02,-4.287863671779632568e-01,1.909761279821395874e-01,5.805494189262390137e-01,-1.425152420997619629e-01,-2.338084764778614044e-02,5.838528871536254883e-01,2.883178889751434326e-01,2.822322845458984375e-01,-1.161033660173416138e-01,-3.532335162162780762e-01,3.426126837730407715e-01,2.635008692741394043e-01,4.360184371471405029e-01,6.926214098930358887e-01,-5.527384113520383835e-03,3.699992299079895020e-01,-3.210197985172271729e-01,-2.912271618843078613e-01,-1.633680313825607300e-01,2.384140044450759888e-01,1.436651051044464111e-01,-7.383917272090911865e-02,7.247041165828704834e-02,5.947680473327636719e-01,-4.724364876747131348e-01,-5.353935956954956055e-01,5.507953763008117676e-01,-9.386582672595977783e-02,-2.026799917221069336e-01,-4.890543818473815918e-01,1.210680678486824036e-01,3.621861338615417480e-01,-3.402524814009666443e-02,-5.532491207122802734e-01,4.107830524444580078e-01,4.709300100803375244e-01,-6.787038445472717285e-01,-4.538213908672332764e-01,5.273485779762268066e-01,6.627101451158523560e-02,3.773676753044128418e-01,1.543065011501312256e-01,2.682220377027988434e-02,-3.806933462619781494e-01,-4.481699764728546143e-01,-1.589983105659484863e-01,9.309431165456771851e-02,-4.062752053141593933e-02,-1.296737194061279297e-01,-1.802102923393249512e-01,3.222211897373199463e-01,-8.751339465379714966e-02,-1.346453726291656494e-01,-6.515879034996032715e-01,2.798743844032287598e-01,2.850097417831420898e-02,-2.198288440704345703e-01,-1.887326091527938843e-01,-7.713405787944793701e-02,-4.218612611293792725e-02,2.221643226221203804e-03,1.915130615234375000e-01,1.368606835603713989e-01,-1.493435949087142944e-01,-3.993472084403038025e-02,6.188400983810424805e-01,-4.930927455425262451e-01,4.350413084030151367e-01,-6.088368892669677734e-01,-8.209159225225448608e-02,-4.213227331638336182e-02,4.120851457118988037e-01,-2.342297732830047607e-01,-5.630961656570434570e-01,-2.802122849971055984e-03,5.473488569259643555e-01,2.515431866049766541e-02,-4.621481001377105713e-01,4.745127260684967041e-01,5.956158856861293316e-04,-5.718610286712646484e-01,-3.275065449997782707e-03,-6.634483933448791504e-01,-3.465187847614288330e-01,4.284717142581939697e-01,1.075556222349405289e-02,2.946542799472808838e-01,4.983970522880554199e-01,-2.227686941623687744e-01,1.897809356451034546e-01,-2.346834391355514526e-01,1.244836393743753433e-02,-4.322004318237304688e-01,-2.428011298179626465e-01,3.596790730953216553e-01,-2.525876334402710199e-05,-5.362169146537780762e-01,5.654671788215637207e-01,-4.481016099452972412e-01,5.880656838417053223e-01,-4.413477480411529541e-01,-5.428478717803955078e-01,4.538796544075012207e-01,4.036015644669532776e-02,-1.462966948747634888e-01,-4.182217419147491455e-01,-4.322410523891448975e-01,3.544382518157362938e-03,1.591591686010360718e-01,-1.650953590869903564e-01,-4.144923686981201172e-01,-5.344062671065330505e-02,5.790842175483703613e-01,-4.580991268157958984e-01,5.540438890457153320e-01,1.339593231678009033e-01,-6.180527806282043457e-01,1.263988316059112549e-01,2.768926918506622314e-01,3.820244967937469482e-01,3.698207736015319824e-01,-2.620305866003036499e-02,-2.931613624095916748e-01,-1.732266545295715332e-01,-4.169294610619544983e-03,4.459214210510253906e-01
-3.209564089775085449e-01,1.617724820971488953e-02,-2.019778341054916382e-01,2.649677395820617676e-01,-1.425152420997619629e-01,2.603461742401123047e-01,-3.782435134053230286e-02,-2.417308986186981201e-01,3.471315372735261917e-03,6.498870253562927246e-02,8.673004806041717529e-02,-1.620611548423767090e-02,1.372192353010177612e-01,9.140863269567489624e-02,1.519679427146911621e-01,-4.349150229245424271e-03,-3.676520893350243568e-03,1.297926157712936401e-01,-2.155631333589553833e-01,-8.141588419675827026e-02,-1.458049844950437546e-02,2.337404340505599976e-01,1.759418547153472900e-01,-8.682940155267715454e-02,9.680034592747688293e-03,-2.152255736291408539e-02,-1.089392006397247314e-01,2.232251167297363281e-01,8.873686939477920532e-02,1.013619527220726013e-01,1.244977042078971863e-01,-1.383337825536727905e-01,1.751156449317932129e-01,9.389962255954742432e-02,5.307455081492662430e-03,-9.443900734186172485e-02,5.636393651366233826e-02,1.046609282493591309e-01,8.431211858987808228e-02,8.224938809871673584e-02,2.661480195820331573e-02,-2.964327670633792877e-02,1.844033300876617432e-01,4.193939641118049622e-02,-2.920049242675304413e-02,-2.072795480489730835e-01,-1.719375252723693848e-01,-1.483668573200702667e-02,-7.782346010208129883e-02,3.049824573099613190e-02,1.092476770281791687e-01,1.649150699377059937e-01,-7.526177167892456055e-02,-6.424379535019397736e-03,4.585311934351921082e-02,-6.294231861829757690e-02,1.113692019134759903e-02,5.713735241442918777e-03,-1.631772071123123169e-01,-2.349203824996948242e-01,4.285174608230590820e-02,-3.140782564878463745e-02,6.519890855997800827e-03,-1.250817477703094482e-01,-4.844460170716047287e-03,-3.973495960235595703e-02,2.402486056089401245e-01,2.964680828154087067e-02,-1.023861393332481384e-01,-1.903111338615417480e-01,1.094948407262563705e-02,-1.150972396135330200e-01,-6.869190186262130737e-02,1.639254242181777954e-01,1.075871810317039490e-01,-3.345617651939392090e-02,-4.933328600600361824e-04,1.493730843067169189e-01,-8.755028247833251953e-02,-1.075833588838577271e-01,1.326075196266174316e-01,1.996738574234768748e-04,-1.276180893182754517e-02,1.065075397491455078e-03,9.089121222496032715e-02,-2.232647389173507690e-01,-1.749859750270843506e-01,-2.384700928814709187e-05,1.290289908647537231e-01,2.867935970425605774e-02,5.758275464177131653e-02,-2.547051310539245605e-01,-1.974425911903381348e-01,1.493750959634780884e-01,-9.899416565895080566e-02,2.768055796623229980e-01,4.373361542820930481e-02,8.245207936852239072e-06,-1.848013885319232941e-02,1.376503985375165939e-02,1.407593488693237305e-01,-1.831122934818267822e-01,-1.583227366209030151e-01,-5.326689779758453369e-02,2.189075350761413574e-01,2.098896168172359467e-02,-2.645267844200134277e-01,-1.748648285865783691e-01,2.798231542110443115e-01,-1.226976979523897171e-02,1.423649936914443970e-01,-2.728905677795410156e-01,-1.693921089172363281e-01,1.112236306071281433e-01,9.903009980916976929e-02,-1.019187793135643005e-01,-1.714932918548583984e-01,1.366677433252334595e-01,-2.805078774690628052e-02,1.359322667121887207e-01,2.124637067317962646e-01,1.017281860113143921e-01,6.780428439378738403e-02,-2.496113628149032593e-01,-5.154516547918319702e-02,-1.832264065742492676e-01,-1.771025545895099640e-02,1.854535937309265137e-02
1.098540574312210083e-01,-1.949074305593967438e-02,1.394355893135070801e-01,-1.100638657808303833e-01,-2.338084764778614044e-02,-3.782435134053230286e-02,8.065012842416763306e-02,3.788384422659873962e-02,-1.016386300325393677e-01,-4.736859351396560669e-02,-6.922331452369689941e-02,5.673038214445114136e-02,-1.658268719911575317e-01,-5.010215193033218384e-02,-1.232638880610466003e-01,-1.350419074296951294e-01,2.787281293421983719e-03,-1.475351303815841675e-01,1.210699155926704407e-01,2.863200008869171143e-02,1.720781251788139343e-02,-1.344552338123321533e-01,-6.544238328933715820e-02,6.057600677013397217e-02,-1.291941478848457336e-02,-1.328158527612686157e-01,1.065880209207534790e-01,1.985812000930309296e-02,-9.680584818124771118e-02,-5.075626075267791748e-02,-3.646530583500862122e-02,1.330014169216156006e-01,-7.606310397386550903e-02,-1.426157355308532715e-02,2.840087981894612312e-03,1.570141315460205078e-01,-9.607581794261932373e-02,-1.134470403194427490e-01,9.966205060482025146e-02,-4.046234488487243652e-02,-1.063770577311515808e-01,2.627731487154960632e-02,-1.455266326665878296e-01,-3.369359299540519714e-02,3.667989280074834824e-03,1.489138603210449219e-01,1.216935142874717712e-01,4.105517640709877014e-02,3.556797280907630920e-02,-5.719516426324844360e-02,-1.771800965070724487e-02,-9.417818486690521240e-02,2.319581992924213409e-02,2.599935047328472137e-02,3.199956612661480904e-03,1.077980622649192810e-01,-2.365282736718654633e-02,-6.651060190051794052e-03,1.191938593983650208e-01,1.368088275194168091e-01,-3.899932280182838440e-02,5.741658434271812439e-02,-2.365101128816604614e-03,2.036640606820583344e-02,-3.598932549357414246e-02,4.335039108991622925e-02,-1.571261733770370483e-01,-1.208750307559967041e-01,1.307929158210754395e-01,7.240964914672076702e-04,6.588061153888702393e-02,4.007495939731597900e-02,2.884414233267307281e-02,-1.397412717342376709e-01,-1.913740998134016991e-03,8.851145952939987183e-02,1.205538166686892509e-03,-1.335862278938293457e-01,1.895234361290931702e-02,1.174546256661415100e-01,-1.037760078907012939e-01,-1.479226921219378710e-04,6.914923340082168579e-02,-1.074920059181749821e-03,5.992404371500015259e-02,1.702843457460403442e-01,5.229802057147026062e-02,-2.362713217735290527e-03,-1.370711922645568848e-01,-7.052650302648544312e-02,-1.520892977714538574e-02,9.340674430131912231e-02,1.250942945480346680e-01,-5.756831541657447815e-02,1.023020371794700623e-01,-1.116544008255004883e-01,-7.246693968772888184e-02,-4.449011157703353092e-06,9.873828291893005371e-02,-1.152525171637535095e-01,-5.493066459894180298e-02,-1.783626899123191833e-02,1.416705697774887085e-01,1.052331477403640747e-01,-1.547082215547561646e-01,8.239109814167022705e-02,1.261557787656784058e-01,1.802992969751358032e-01,-3.420712798833847046e-02,5.411854013800621033e-03,-9.110412746667861938e-02,8.728172630071640015e-02,1.495711058378219604e-01,5.565602332353591919e-02,-1.170570626854896545e-01,1.141361221671104431e-01,-2.327885664999485016e-02,-7.798757404088973999e-02,8.684418350458145142e-02,-6.419147551059722900e-02,-1.590989530086517334e-01,-8.882933855056762695e-02,-7.013536989688873291e-02,1.577973514795303345e-01,1.633758656680583954e-03,8.570743352174758911e-02,9.108710102736949921e-03,-3.753361478447914124e-02
3.662734329700469971e-01,2.407565154135227203e-02,-2.085710465908050537e-01,-2.910716831684112549e-02,5.838528871536254883e-01,-2.417308986186981201e-01,3.788384422659873962e-02,7.127714753150939941e-01,1.204549670219421387e-01,1.625442504882812500e-01,-1.129388213157653809e-01,-2.858010530471801758e-01,1.949828416109085083e-01,1.482699513435363770e-01,2.508153617382049561e-01,5.486583113670349121e-01,-2.705982886254787445e-03,1.855319142341613770e-01,-7.206567376852035522e-02,-1.778471469879150391e-01,6.341671571135520935e-03,2.948797307908535004e-02,1.135274115949869156e-02,-2.463890239596366882e-02,4.693621024489402771e-02,4.716237485408782959e-01,-3.205242455005645752e-01,-6.199784278869628906e-01,4.771726727485656738e-01,-2.067158520221710205e-01,-2.435642033815383911e-01,-2.527087926864624023e-01,-1.139000430703163147e-01,3.019442856311798096e-01,-4.074493795633316040e-02,-3.818058371543884277e-01,2.994455993175506592e-01,3.080562353134155273e-01,-6.630419492721557617e-01,-4.103743433952331543e-01,3.423760235309600830e-01,3.920896723866462708e-02,1.835729628801345825e-01,1.088338717818260193e-01,1.572050899267196655e-01,-2.182844132184982300e-01,-2.422848939895629883e-01,-1.103406995534896851e-01,8.951099961996078491e-02,-1.419226974248886108e-01,-1.763638556003570557e-01,-3.940708935260772705e-01,2.430909574031829834e-01,-6.201374158263206482e-02,-2.234883159399032593e-01,-5.012796521186828613e-01,2.193786650896072388e-01,2.174474298954010010e-02,-1.494712661951780319e-02,4.628330096602439880e-02,-4.978153482079505920e-02,-5.439288169145584106e-02,-5.704744718968868256e-03,1.866582185029983521e-01,5.943732708692550659e-02,-8.590755611658096313e-02,-2.090479582548141479e-01,4.825270473957061768e-01,-3.119015991687774658e-01,5.421913266181945801e-01,-5.293985009193420410e-01,-1.478129774332046509e-01,8.659082651138305664e-02,2.190558165311813354e-01,-1.688583046197891235e-01,-4.128439426422119141e-01,-2.345102606341242790e-03,3.735351860523223877e-01,1.463974416255950928e-01,-2.748324573040008545e-01,2.626465260982513428e-01,3.847210027743130922e-04,-4.860839247703552246e-01,-5.902446806430816650e-03,-5.592342615127563477e-01,-1.374167203903198242e-01,5.555078387260437012e-01,1.012240722775459290e-02,1.100037842988967896e-01,4.012917280197143555e-01,-2.021301090717315674e-01,4.411894977092742920e-01,8.805834222584962845e-04,-1.507611870765686035e-01,-2.370042055845260620e-01,-4.315983355045318604e-01,3.084875047206878662e-01,-2.852426405297592282e-05,-4.383618831634521484e-01,4.227015376091003418e-01,-5.420710444450378418e-01,6.437431573867797852e-01,-2.070449292659759521e-01,-4.124295413494110107e-01,1.886004507541656494e-01,1.509631611406803131e-02,1.513779014348983765e-01,-2.192385941743850708e-01,-5.760926008224487305e-01,1.985543407499790192e-02,-5.103873088955879211e-02,6.018379330635070801e-02,-1.980350315570831299e-01,-1.175721436738967896e-01,4.338013231754302979e-01,-2.786035835742950439e-01,6.084480881690979004e-01,5.398581922054290771e-02,-4.913129806518554688e-01,-4.797396063804626465e-02,8.299877494573593140e-02,1.863206028938293457e-01,2.071913480758666992e-01,2.049711793661117554e-01,-2.349745929241180420e-01,2.582959458231925964e-02,1.496114023029804230e-02,3.727082014083862305e-01
-6.367748975753784180e-02,6.526635587215423584e-02,-5.247458815574645996e-01,4.370649158954620361e-01,2.883178889751434326e-01,3.471315372735261917e-03,-1.016386300325393677e-01,1.204549670219421387e-01,5.431298017501831055e-01,3.559148907661437988e-01,-1.429367214441299438e-01,-3.465188741683959961e-01,2.712616920471191406e-01,4.100667536258697510e-01,5.390174984931945801e-01,5.708923339843750000e-01,-1.365073141641914845e-03,3.924146294593811035e-01,-5.378394126892089844e-01,-3.816411793231964111e-01,-5.184030532836914062e-01,4.630093574523925781e-01,2.255801111459732056e-01,-9.022233635187149048e-02,9.352952986955642700e-02,4.852724671363830566e-01,-4.761995971202850342e-01,-9.737052023410797119e-02,3.132262527942657471e-01,2.264070510864257812e-01,-1.454256922006607056e-01,-7.022408246994018555e-01,4.314984679222106934e-01,3.414914309978485107e-01,-8.556633256375789642e-03,-5.362733006477355957e-01,3.796761035919189453e-01,4.963502287864685059e-01,-2.743919491767883301e-01,-4.377918839454650879e-01,6.123723387718200684e-01,1.409205496311187744e-01,4.079804718494415283e-01,1.444865614175796509e-01,-2.337474972009658813e-01,-3.752627074718475342e-01,-5.449423789978027344e-01,-1.644364148378372192e-01,1.548018157482147217e-01,1.349340542219579220e-03,-8.732867985963821411e-02,2.688170373439788818e-01,4.457252025604248047e-01,-1.182534843683242798e-01,1.377510577440261841e-01,-5.572450757026672363e-01,3.336063027381896973e-01,2.571110427379608154e-02,-3.162663280963897705e-01,-4.706119894981384277e-01,-1.852646172046661377e-01,1.133860051631927490e-01,1.507523376494646072e-02,1.203410178422927856e-01,2.255431711673736572e-01,-1.815425902605056763e-01,5.286651477217674255e-02,4.876199066638946533e-01,-5.717528462409973145e-01,1.163673400878906250e-02,-4.342749118804931641e-01,2.166006565093994141e-01,-3.337788879871368408e-01,5.545037388801574707e-01,-2.477013021707534790e-01,-4.856409728527069092e-01,-1.243998529389500618e-03,5.293775796890258789e-01,-2.186199724674224854e-01,-5.749945044517517090e-01,6.192793250083923340e-01,7.372281397692859173e-04,-4.527364373207092285e-01,4.103709477931261063e-03,-5.319113135337829590e-01,-4.694468975067138672e-01,-9.717551060020923615e-03,5.884556099772453308e-03,4.206776916980743408e-01,4.682211577892303467e-01,-1.814123541116714478e-01,-2.446922212839126587e-01,-4.748969376087188721e-01,2.923689484596252441e-01,-5.704241991043090820e-01,9.290660917758941650e-02,1.372406035661697388e-01,-1.101741599995875731e-05,-4.580694139003753662e-01,4.879869520664215088e-01,-1.885834634304046631e-01,2.411879450082778931e-01,-6.610352396965026855e-01,-4.907478690147399902e-01,6.200212240219116211e-01,1.702873408794403076e-01,-5.659390091896057129e-01,-4.435218572616577148e-01,-5.626935884356498718e-02,-2.867572195827960968e-02,5.663947463035583496e-01,-4.407527446746826172e-01,-5.607218742370605469e-01,2.338626086711883545e-01,4.651989042758941650e-01,-5.243365764617919922e-01,2.291020601987838745e-01,1.227771565318107605e-01,-5.205347537994384766e-01,3.841181099414825439e-01,3.324797749519348145e-01,5.667529106140136719e-01,5.096915364265441895e-01,-2.548348307609558105e-01,-3.752833306789398193e-01,-4.485943615436553955e-01,-3.461589105427265167e-03,3.276295363903045654e-01
-8.914487808942794800e-02,5.431947857141494751e-02,-4.924571216106414795e-01,3.859992921352386475e-01,2.822322845458984375e-01,6.498870253562927246e-02,-4.736859351396560669e-02,1.625442504882812500e-01,3.559148907661437988e-01,3.191341459751129150e-01,-9.097453951835632324e-02,-2.953481376171112061e-01,2.904664278030395508e-01,3.418279886245727539e-01,4.747226834297180176e-01,5.175529718399047852e-01,-4.575578495860099792e-03,3.517851829528808594e-01,-4.787009358406066895e-01,-3.464252054691314697e-01,-3.406786620616912842e-01,3.978981971740722656e-01,2.454961836338043213e-01,-1.063760817050933838e-01,7.654087990522384644e-02,4.337587058544158936e-01,-4.578762352466583252e-01,-1.346068829298019409e-01,3.850637972354888916e-01,9.626965224742889404e-02,-9.688968956470489502e-02,-5.855528712272644043e-01,3.365998268127441406e-01,3.586103320121765137e-01,-1.252282131463289261e-02,-4.937381446361541748e-01,3.485967516899108887e-01,4.522660970687866211e-01,-3.217455446720123291e-01,-3.628832399845123291e-01,4.939825534820556641e-01,8.559693396091461182e-02,3.978078067302703857e-01,1.416141539812088013e-01,-1.295116096735000610e-01,-4.030684530735015869e-01,-4.945522248744964600e-01,-1.263988316059112549e-01,9.620445221662521362e-02,-2.065624855458736420e-02,-3.176715970039367676e-02,1.249990314245223999e-01,3.216626942157745361e-01,-8.490225672721862793e-02,4.266303405165672302e-02,-5.372812151908874512e-01,2.642401456832885742e-01,2.406645193696022034e-02,-2.979355156421661377e-01,-3.742386996746063232e-01,-1.229367703199386597e-01,5.511280149221420288e-02,1.116339489817619324e-02,9.271837770938873291e-02,1.508408188819885254e-01,-1.549820154905319214e-01,8.749230951070785522e-02,4.634974002838134766e-01,-4.968246519565582275e-01,7.583317905664443970e-02,-4.282397925853729248e-01,2.678991667926311493e-02,-2.171490937471389771e-01,4.745944738388061523e-01,-1.704030930995941162e-01,-4.593935012817382812e-01,-1.550982589833438396e-03,5.147699713706970215e-01,-1.311435252428054810e-01,-4.957614243030548096e-01,5.379183292388916016e-01,6.446486804634332657e-04,-4.272635281085968018e-01,9.333553025498986244e-04,-4.597990810871124268e-01,-4.203334748744964600e-01,9.591119736433029175e-02,6.115627009421586990e-03,3.688307106494903564e-01,4.176365733146667480e-01,-1.425443887710571289e-01,-1.629291027784347534e-01,-4.003892242908477783e-01,2.235170006752014160e-01,-4.756831526756286621e-01,6.009068340063095093e-02,1.897948086261749268e-01,-1.277658520848490298e-05,-4.115625023841857910e-01,4.372133016586303711e-01,-2.146941721439361572e-01,2.540931105613708496e-01,-5.408589243888854980e-01,-4.520845413208007812e-01,5.731340646743774414e-01,1.136002764105796814e-01,-4.485033154487609863e-01,-4.190856814384460449e-01,-4.922757670283317566e-02,-1.886993274092674255e-02,3.972459137439727783e-01,-4.087198078632354736e-01,-4.728987514972686768e-01,1.849313527345657349e-01,4.606819748878479004e-01,-4.622028768062591553e-01,2.300582677125930786e-01,1.520512700080871582e-01,-4.869872033596038818e-01,2.905100882053375244e-01,3.234246075153350830e-01,4.599946141242980957e-01,4.091525673866271973e-01,-2.145315855741500854e-01,-3.266105651855468750e-01,-3.646735846996307373e-01,-8.078496903181076050e-03,3.464312255382537842e-01
-1.942616403102874756e-01,-2.725164638832211494e-03,3.195611387491226196e-02,-1.043999195098876953e-01,-1.161033660173416138e-01,8.673004806041717529e-02,-6.922331452369689941e-02,-1.129388213157653809e-01,-1.429367214441299438e-01,-9.097453951835632324e-02,2.946616709232330322e-01,7.756215333938598633e-02,1.889513581991195679e-01,-1.051530912518501282e-01,-6.094440445303916931e-02,-3.129921481013298035e-02,-5.746749229729175568e-03,-2.517101820558309555e-03,1.256104111671447754e-01,1.239325925707817078e-01,3.040950000286102295e-01,-1.184908393770456314e-02,1.120304409414529800e-02,-1.019907519221305847e-01,-2.760912664234638214e-02,1.793436519801616669e-02,-1.204404607415199280e-02,-2.797217853367328644e-02,7.862617820501327515e-02,-1.082448661327362061e-01,1.624756157398223877e-01,1.310531646013259888e-01,-1.960274875164031982e-01,-9.933568537235260010e-02,-8.088016882538795471e-03,-4.862038791179656982e-02,-1.775564812123775482e-02,-5.805620923638343811e-02,-9.618943184614181519e-02,3.523010611534118652e-01,-2.012935280799865723e-01,-1.711859405040740967e-01,4.622475057840347290e-02,-8.419243618845939636e-03,2.139543592929840088e-01,-1.616883277893066406e-01,1.086039319634437561e-01,5.647365376353263855e-02,-1.594651192426681519e-01,-5.398645997047424316e-03,9.592944383621215820e-02,-6.054054945707321167e-02,-3.526276946067810059e-01,4.175639525055885315e-02,-1.551951318979263306e-01,7.485384494066238403e-02,-1.736294031143188477e-01,-7.611746550537645817e-04,-1.061022561043500900e-02,8.822481334209442139e-02,1.942877620458602905e-01,-1.610852032899856567e-01,-5.831590853631496429e-03,-1.279515177011489868e-01,-1.120596155524253845e-01,2.355438657104969025e-02,2.754271328449249268e-01,-2.699881978332996368e-02,5.475158616900444031e-02,4.509221017360687256e-02,1.084458604454994202e-01,-3.718341886997222900e-01,1.574577987194061279e-01,-4.501663148403167725e-02,2.394395470619201660e-01,1.319187879562377930e-01,-2.316080499440431595e-03,-4.575709812343120575e-03,2.160035222768783569e-01,7.805203646421432495e-02,-1.966393291950225830e-01,-7.631284825038164854e-05,8.126719295978546143e-02,-2.960032317787408829e-03,2.253636717796325684e-01,-6.949182599782943726e-02,1.788238179869949818e-03,2.116356743499636650e-03,7.769254595041275024e-02,-1.091801226139068604e-01,1.929324865341186523e-01,4.546600580215454102e-02,8.177151530981063843e-02,-6.382554024457931519e-02,1.753840297460556030e-01,1.253664642572402954e-01,2.394914440810680389e-02,1.470515871915267780e-05,2.093051373958587646e-02,-8.227135241031646729e-02,1.375423818826675415e-01,-1.668552123010158539e-02,1.379452794790267944e-01,5.999196693301200867e-02,-6.443417072296142578e-02,-3.643046915531158447e-01,1.848181486129760742e-01,-8.484070003032684326e-02,7.846207916736602783e-02,7.015185430645942688e-03,-1.549152880907058716e-01,8.559978753328323364e-02,9.063160419464111328e-02,-2.051013708114624023e-01,-5.694134905934333801e-02,8.551443368196487427e-02,-2.251424361020326614e-03,6.977742910385131836e-02,1.316624879837036133e-01,-1.386324912309646606e-01,8.586666733026504517e-02,-1.918473392724990845e-01,-1.715833693742752075e-01,-1.075401157140731812e-01,1.524935960769653320e-01,8.632244914770126343e-02,1.237480668351054192e-03,-1.006100773811340332e-01
3.182736039161682129e-02,-5.237066373229026794e-02,4.842310249805450439e-01,-3.505711853504180908e-01,-3.532335162162780762e-01,-1.620611548423767090e-02,5.673038214445114136e-02,-2.858010530471801758e-01,-3.465188741683959961e-01,-2.953481376171112061e-01,7.756215333938598633e-02,3.302611112594604492e-01,-3.024021089076995850e-01,-3.404757380485534668e-01,-4.907252192497253418e-01,-5.943840742111206055e-01,3.272929927334189415e-03,-3.575595319271087646e-01,4.268036484718322754e-01,3.242936432361602783e-01,2.782819867134094238e-01,-3.820649087429046631e-01,-2.136931121349334717e-01,1.037930622696876526e-01,-7.633777707815170288e-02,-4.822672605514526367e-01,4.671311378479003906e-01,2.307024300098419189e-01,-4.537841975688934326e-01,-8.608631044626235962e-02,1.316862553358078003e-01,5.824744701385498047e-01,-2.513298690319061279e-01,-3.760209977626800537e-01,2.182324603199958801e-02,5.334045290946960449e-01,-3.659172058105468750e-01,-4.678525030612945557e-01,4.477644562721252441e-01,3.877193331718444824e-01,-5.067799091339111328e-01,-7.411597669124603271e-02,-3.939294517040252686e-01,-1.480466276407241821e-01,5.417702719569206238e-02,4.190667867660522461e-01,4.998990893363952637e-01,1.426498144865036011e-01,-8.277092128992080688e-02,7.312166690826416016e-02,8.168570697307586670e-02,-3.857272863388061523e-02,-3.115130364894866943e-01,9.294337034225463867e-02,1.228351984173059464e-02,5.918825268745422363e-01,-2.906568944454193115e-01,-2.697672694921493530e-02,2.407084107398986816e-01,3.469818234443664551e-01,9.943206608295440674e-02,-1.983331143856048584e-02,-8.345723152160644531e-03,-7.584140449762344360e-02,-1.401629000902175903e-01,1.557726114988327026e-01,-4.295093193650245667e-02,-5.137096643447875977e-01,5.132447481155395508e-01,-1.570965498685836792e-01,4.832617640495300293e-01,2.077799476683139801e-02,1.752176284790039062e-01,-4.954996705055236816e-01,1.376706361770629883e-01,4.660422205924987793e-01,2.012387150898575783e-03,-5.544750094413757324e-01,8.348006755113601685e-02,5.056905746459960938e-01,-5.325486660003662109e-01,-6.903495523147284985e-04,4.876561164855957031e-01,9.522154869046062231e-05,5.146960616111755371e-01,4.375706911087036133e-01,-1.572165340185165405e-01,-7.884857244789600372e-03,-3.382689952850341797e-01,-4.590225219726562500e-01,1.526255756616592407e-01,4.273910447955131531e-02,3.454211056232452393e-01,-1.598236262798309326e-01,4.683617055416107178e-01,1.046975422650575638e-02,-2.195796966552734375e-01,1.484526728745549917e-05,4.692082703113555908e-01,-4.705742299556732178e-01,2.903416156768798828e-01,-3.476164638996124268e-01,5.483563542366027832e-01,4.903557598590850830e-01,-5.382082462310791016e-01,-1.053336709737777710e-01,3.529493212699890137e-01,4.319738149642944336e-01,1.537464261054992676e-01,1.245438959449529648e-02,-3.573764264583587646e-01,3.405613303184509277e-01,4.836661219596862793e-01,-1.395464390516281128e-01,-5.153110027313232422e-01,4.619437456130981445e-01,-3.326691985130310059e-01,-1.556073427200317383e-01,5.341030359268188477e-01,-2.504546344280242920e-01,-3.181576430797576904e-01,-4.412350058555603027e-01,-4.039517045021057129e-01,1.591148078441619873e-01,3.489597141742706299e-01,3.202553987503051758e-01,1.592762782820500433e-05,-3.428526818752288818e-01
