7.145777940750122070e-01,9.413690865039825439e-02,-4.243361949920654297e-01,1.282328367233276367e-01,3.832633197307586670e-01,-1.315662637352943420e-02,1.025645509362220764e-01,5.870838761329650879e-01,5.221042782068252563e-02,2.873910591006278992e-02,-1.079621072858572006e-02,-1.302880346775054932e-01,6.131777763366699219e-01,3.763523101806640625e-01,5.425111651420593262e-01,1.576648354530334473e-01,8.977584540843963623e-03,3.498364686965942383e-01,2.406390160322189331e-01,6.236353144049644470e-02,-1.264170408248901367e-01,8.889180421829223633e-02,3.123845160007476807e-01,-3.176543712615966797e-01,3.632349148392677307e-02,-1.870180666446685791e-01,-1.856968253850936890e-01,-4.150332510471343994e-01,-1.372573226690292358e-01,-5.793033242225646973e-01,-2.603880167007446289e-01,-3.818809390068054199e-01,3.276264369487762451e-01,2.304899692535400391e-02,-4.628518968820571899e-02,-4.514816403388977051e-01,-6.815510243177413940e-02,8.317322283983230591e-02,-3.331442475318908691e-01,-6.840466856956481934e-01,3.120154142379760742e-01,1.429725289344787598e-01,-7.434326224029064178e-03,6.568589061498641968e-02,6.252231597900390625e-01,-5.812057852745056152e-01,-4.425480067729949951e-01,-6.121527403593063354e-02,-7.074372470378875732e-02,1.395474094897508621e-02,1.554689556360244751e-01,1.592840552330017090e-01,3.791363835334777832e-01,-9.949067234992980957e-02,-1.420745626091957092e-02,-2.916749417781829834e-01,9.281480312347412109e-02,6.377085298299789429e-02,9.789085388183593750e-02,-1.223141029477119446e-01,8.297299034893512726e-03,1.397643238306045532e-01,7.004193961620330811e-02,-1.471160203218460083e-01,-2.225005812942981720e-02,-3.504543798044323921e-03,3.245037198066711426e-01,4.452130198478698730e-01,-3.582057356834411621e-01,1.343971341848373413e-01,-5.535734891891479492e-01,-4.858162403106689453e-01,-1.185447871685028076e-01,1.880390793085098267e-01,-1.647943109273910522e-01,-4.152991771697998047e-01,-3.100457787513732910e-02,2.812443971633911133e-01,-4.313173890113830566e-01,-5.708380341529846191e-01,-6.328286230564117432e-02,2.042280510067939758e-02,-2.698508501052856445e-01,4.730186983942985535e-02,-2.921915352344512939e-01,-2.573210932314395905e-02,-3.795928135514259338e-02,2.700979635119438171e-02,2.870854139328002930e-01,-3.768536821007728577e-02,-6.434597074985504150e-02,-3.657149374485015869e-01,-1.296508461236953735e-01,1.133569478988647461e-01,-8.895149081945419312e-02,-2.463661879301071167e-01,3.748390078544616699e-01,-5.387009121477603912e-03,-4.053424894809722900e-01,5.542749762535095215e-01,9.190707653760910034e-02,1.699067652225494385e-01,-1.396518945693969727e-01,-4.913192708045244217e-03,3.687820136547088623e-01,2.295588552951812744e-01,-9.339738637208938599e-02,-1.937203668057918549e-02,-2.652595043182373047e-01,-3.759959340095520020e-02,5.239539742469787598e-01,5.260566622018814087e-02,-6.830234825611114502e-02,-5.522105693817138672e-01,3.630322813987731934e-01,-3.986020982265472412e-01,3.181465566158294678e-01,-2.288705706596374512e-01,-6.764776706695556641e-01,3.835450857877731323e-02,-2.794590592384338379e-01,5.448674559593200684e-01,3.251420557498931885e-01,-1.847107112407684326e-01,2.654798328876495361e-01,1.236632186919450760e-02,1.982861757278442383e-02,3.391808271408081055e-01
9.413690865039825439e-02,3.866246715188026428e-02,-1.268051415681838989e-01,-1.197944954037666321e-02,1.105734184384346008e-01,-5.704875662922859192e-02,4.724650178104639053e-03,1.639235578477382660e-02,1.948271505534648895e-02,1.028472092002630234e-02,3.687200322747230530e-02,-2.593315765261650085e-02,9.436519443988800049e-02,-1.948533207178115845e-02,1.172369569540023804e-01,4.551334306597709656e-02,3.459343686699867249e-03,1.252679377794265747e-01,1.878529414534568787e-02,-3.323248773813247681e-02,6.343748420476913452e-02,6.166857853531837463e-02,2.013690397143363953e-02,4.788682237267494202e-02,2.175610698759555817e-02,9.084100276231765747e-02,-1.151703670620918274e-01,-1.397082656621932983e-01,3.568693622946739197e-02,-8.981432020664215088e-02,-4.463779926300048828e-02,-1.030627489089965820e-01,5.802448466420173645e-02,3.969917818903923035e-02,6.540304166264832020e-04,-8.435975015163421631e-02,-2.789003960788249969e-02,2.165412902832031250e-02,9.792655706405639648e-03,-1.219555810093879700e-01,1.296945214271545410e-01,-1.331303082406520844e-02,1.003755182027816772e-01,1.250880025327205658e-02,4.679405689239501953e-02,-5.023955181241035461e-02,-1.095312386751174927e-01,-3.567090258002281189e-03,-4.290438070893287659e-02,5.290367174893617630e-03,1.140840467996895313e-03,-1.125869434326887131e-02,8.609423041343688965e-02,7.292110472917556763e-02,-4.001495242118835449e-02,-7.726158946752548218e-02,1.574873365461826324e-02,9.409710764884948730e-03,-3.077247180044651031e-02,-2.109549753367900848e-02,4.277134314179420471e-02,-2.160068787634372711e-02,1.050336193293333054e-02,-4.401010461151599884e-03,-2.158885262906551361e-02,-1.684651151299476624e-02,8.058965206146240234e-02,1.470133066177368164e-01,-1.155388802289962769e-01,7.661497592926025391e-02,-6.430190801620483398e-02,-1.906347833573818207e-02,-3.228992968797683716e-02,6.702910363674163818e-02,-3.777178376913070679e-02,-1.112173274159431458e-01,-1.137534156441688538e-02,8.208881318569183350e-02,2.347126603126525879e-02,-9.821079671382904053e-02,-2.503718808293342590e-02,3.951455932110548019e-03,-1.048937588930130005e-01,8.321327157318592072e-03,-7.647991925477981567e-02,-1.177272945642471313e-01,2.870880067348480225e-02,1.484912075102329254e-02,1.009363159537315369e-01,-2.104981616139411926e-02,-3.839356452226638794e-02,-5.323476716876029968e-02,2.340527484193444252e-03,3.784503042697906494e-02,-5.472752824425697327e-02,-6.584254093468189240e-03,7.437351346015930176e-02,-9.956037392839789391e-04,-8.903132379055023193e-02,4.050168022513389587e-02,1.663462631404399872e-02,-2.847890835255384445e-03,-2.494137547910213470e-02,3.896124428138136864e-03,1.019757241010665894e-01,-1.900044269859790802e-02,6.196231581270694733e-03,-2.035885117948055267e-02,-9.240365028381347656e-02,-2.531541511416435242e-02,2.855439297854900360e-02,3.771129623055458069e-02,-2.955863438546657562e-02,-1.231104433536529541e-01,1.364841163158416748e-01,-1.239635050296783447e-01,1.088050156831741333e-01,-4.565546289086341858e-02,-7.917750626802444458e-02,1.083320379257202148e-02,1.618416234850883484e-02,1.045280173420906067e-01,1.087999269366264343e-01,-8.077287673950195312e-02,-4.289798066020011902e-02,2.536559663712978363e-02,1.012874301522970200e-03,2.751022018492221832e-02
-4.243361949920654297e-01,-1.268051415681838989e-01,7.804258465766906738e-01,-1.082804203033447266e-01,-3.026956617832183838e-01,-5.058585479855537415e-02,-1.593547165393829346e-01,-7.170180231332778931e-02,4.442695900797843933e-02,-9.054397791624069214e-02,-2.940937876701354980e-01,1.931881904602050781e-01,-3.076254725456237793e-01,2.879380285739898682e-01,-5.251785516738891602e-01,-1.686245054006576538e-01,-8.586030453443527222e-02,-6.115317344665527344e-01,-1.602848805487155914e-02,2.830683290958404541e-01,-5.413280129432678223e-01,-4.317851662635803223e-01,-1.428699493408203125e-01,-6.917845457792282104e-02,-1.323553472757339478e-01,-4.826121926307678223e-01,6.064047217369079590e-01,5.785529613494873047e-01,-4.596679508686065674e-01,5.886187553405761719e-01,6.927875429391860962e-02,6.805385351181030273e-01,-4.202854335308074951e-01,-4.052376747131347656e-01,1.917161978781223297e-02,5.308638811111450195e-01,1.474355906248092651e-01,-1.260975003242492676e-01,1.012230888009071350e-01,6.688507199287414551e-01,-6.386665105819702148e-01,8.804272860288619995e-02,-4.094797968864440918e-01,-7.448312640190124512e-02,-3.200948238372802734e-01,4.671678245067596436e-01,5.670926570892333984e-01,3.793410584330558777e-02,2.047350257635116577e-01,1.669531911611557007e-01,-4.946655407547950745e-02,2.570852935314178467e-01,-4.605964422225952148e-01,-2.566635906696319580e-01,1.289744973182678223e-01,4.080208539962768555e-01,-1.062731519341468811e-01,-6.326897442340850830e-02,-1.618632972240447998e-01,2.541640102863311768e-01,-2.360476106405258179e-01,5.766558647155761719e-02,-7.127192616462707520e-02,-2.167024612426757812e-01,-6.697216629981994629e-02,1.008474081754684448e-01,-4.248237311840057373e-01,-7.121160030364990234e-01,6.493300795555114746e-01,-2.998581826686859131e-01,4.935235679149627686e-01,2.069448083639144897e-01,2.037874311208724976e-01,-5.494801402091979980e-01,2.185526341199874878e-01,5.148922204971313477e-01,6.343482434749603271e-02,-6.907544732093811035e-01,-8.701277524232864380e-02,5.117302536964416504e-01,-3.056757450103759766e-01,-3.254840150475502014e-02,4.939723014831542969e-01,-3.766194358468055725e-02,4.797361791133880615e-01,5.270704030990600586e-01,-2.224927395582199097e-01,-8.785260468721389771e-02,-5.717025995254516602e-01,4.877923429012298584e-02,2.094962298870086670e-01,3.802009522914886475e-01,2.548533976078033447e-01,-3.218290209770202637e-01,3.694844543933868408e-01,8.623905479907989502e-02,-3.750494420528411865e-01,8.106083609163761139e-03,4.370163679122924805e-01,-1.734706759452819824e-01,-5.308806896209716797e-02,-1.920710504055023193e-01,1.525189280509948730e-01,-3.126713633537292480e-02,-7.405630946159362793e-01,-6.964366883039474487e-02,2.505527734756469727e-01,1.784800440073013306e-01,5.805146694183349609e-01,1.686667799949645996e-01,-2.995948493480682373e-01,1.364167034626007080e-01,2.121219485998153687e-01,4.442644715309143066e-01,-7.231748104095458984e-01,5.993502736091613770e-01,-3.396280109882354736e-01,5.829093605279922485e-02,5.333393812179565430e-01,-8.601581305265426636e-02,-3.677874803543090820e-01,-6.341536641120910645e-01,-6.174334287643432617e-01,3.320606350898742676e-01,3.111166954040527344e-01,-1.591197550296783447e-01,-1.063675954937934875e-01,-2.489421665668487549e-01
1.282328367233276367e-01,-1.197944954037666321e-02,-1.082804203033447266e-01,2.034636139869689941e-01,-1.874310779385268688e-03,1.143954396247863770e-01,5.991176888346672058e-02,8.816540986299514771e-02,-3.567373752593994141e-02,1.927076466381549835e-02,-8.635909110307693481e-02,-3.878723829984664917e-02,8.427191525697708130e-02,-4.784363880753517151e-02,3.305474296212196350e-02,-1.318779774010181427e-02,1.969712600111961365e-02,1.535685509443283081e-01,-2.370973862707614899e-02,3.402129933238029480e-02,-4.860870167613029480e-02,4.546158015727996826e-02,5.819174274802207947e-02,-1.702597588300704956e-01,5.040151625871658325e-02,-2.603797614574432373e-02,-1.037420518696308136e-02,2.164716459810733795e-02,1.247438881546258926e-02,-1.097900718450546265e-01,-1.810603961348533630e-02,-1.741719841957092285e-01,2.064733654260635376e-01,-5.766614526510238647e-02,2.597029553726315498e-03,-9.946578741073608398e-02,-5.061027477495372295e-04,2.226321212947368622e-02,-3.735359385609626770e-02,-2.579092681407928467e-01,8.436901122331619263e-02,2.711922116577625275e-02,-3.173033520579338074e-02,1.198981609195470810e-02,9.627749025821685791e-02,-7.453225553035736084e-02,-2.449448406696319580e-02,-5.218948423862457275e-02,8.589272387325763702e-03,7.369296625256538391e-03,1.768562570214271545e-02,5.272358283400535583e-02,1.985313147306442261e-01,-1.097179278731346130e-01,8.640357851982116699e-02,-7.505375891923904419e-02,-7.236198056489229202e-03,-1.328749698586761951e-03,9.982042759656906128e-02,-8.364903926849365234e-02,-1.422488987445831299e-01,1.139970645308494568e-01,2.174863032996654510e-02,6.448190659284591675e-02,-1.788649521768093109e-02,-1.862021163105964661e-02,4.409267753362655640e-02,8.842926472425460815e-02,-1.586057245731353760e-02,-9.572357684373855591e-02,-1.733270287513732910e-01,2.922675758600234985e-02,-3.936544433236122131e-02,4.622007906436920166e-02,-4.134031757712364197e-02,-1.298021674156188965e-01,1.217752974480390549e-02,5.279029905796051025e-02,-2.000344544649124146e-01,-2.109560370445251465e-01,2.348896712064743042e-01,5.331283435225486755e-03,5.784677714109420776e-02,1.386210508644580841e-02,-1.949639022350311279e-01,1.211145594716072083e-01,-1.423579156398773193e-01,-1.109182601794600487e-03,2.805485273711383343e-04,6.951008923351764679e-03,-8.885598741471767426e-03,-1.510192453861236572e-01,-1.354919821023941040e-01,5.162884294986724854e-02,-1.068719848990440369e-01,-1.128921434283256531e-01,-1.836086250841617584e-02,-1.749546267092227936e-03,-1.995528489351272583e-02,2.083388864994049072e-01,2.881288714706897736e-02,2.625562436878681183e-02,-6.656204164028167725e-02,3.099740250036120415e-03,2.226387113332748413e-01,2.273861914873123169e-01,-2.618606686592102051e-01,-3.412996977567672729e-02,-1.829351857304573059e-02,-1.431985851377248764e-02,2.113409489393234253e-01,-1.183246597647666931e-01,-2.423923462629318237e-02,1.423624809831380844e-02,6.598512828350067139e-02,-5.844315886497497559e-02,2.982305735349655151e-02,7.682623341679573059e-03,-1.354765444993972778e-01,5.384135991334915161e-02,2.504621632397174835e-02,8.284339308738708496e-02,1.106723248958587646e-01,1.226169150322675705e-02,3.662668541073799133e-02,3.555004484951496124e-03,2.538997866213321686e-02,1.359034031629562378e-01
3.832633197307586670e-01,1.105734184384346008e-01,-3.026956617832183838e-01,-1.874310779385268688e-03,5.627685785293579102e-01,-1.205887794494628906e-01,5.905734002590179443e-02,1.911849081516265869e-01,5.088659003376960754e-02,1.794823631644248962e-02,-1.176359225064516068e-02,-3.933710977435112000e-02,3.312087059020996094e-01,1.264595538377761841e-01,4.176269769668579102e-01,1.569589078426361084e-01,-3.164539486169815063e-02,3.069184720516204834e-01,1.171163842082023621e-01,-4.521648585796356201e-02,1.995279453694820404e-03,1.307069808244705200e-01,3.180677071213722229e-02,2.005662471055984497e-01,1.166958361864089966e-02,3.648592531681060791e-02,-2.887459695339202881e-01,-4.863159358501434326e-01,4.304390028119087219e-02,-3.666102588176727295e-01,-1.960588395595550537e-01,-1.232294291257858276e-01,1.351890563964843750e-01,-3.608003631234169006e-02,1.057278458029031754e-02,-1.739848256111145020e-01,-7.939305901527404785e-02,4.718900844454765320e-02,-1.405575722455978394e-01,-3.967351615428924561e-01,2.805815339088439941e-01,6.322131305932998657e-02,2.822078168392181396e-01,4.390314966440200806e-02,2.006513178348541260e-01,-1.302985996007919312e-01,-4.148230850696563721e-01,-3.634985163807868958e-02,-9.582454711198806763e-02,1.468595862388610840e-01,6.199891865253448486e-02,-1.252993568778038025e-02,2.269866019487380981e-01,2.177979499101638794e-01,-1.157064586877822876e-01,-2.435501664876937866e-01,3.207466751337051392e-02,2.639447525143623352e-02,-2.309408783912658691e-01,8.300414308905601501e-03,8.290832489728927612e-02,-4.233851656317710876e-02,2.795129455626010895e-02,-1.276963949203491211e-01,-1.469974815845489502e-01,1.159968436695635319e-03,2.760961055755615234e-01,4.015037119388580322e-01,-1.705899685621261597e-01,2.771365344524383545e-01,-2.114519625902175903e-01,-1.756903380155563354e-01,3.714521229267120361e-02,5.540769547224044800e-02,-1.050791889429092407e-01,-4.743333458900451660e-01,-3.777373582124710083e-02,9.135521203279495239e-02,-4.285433888435363770e-02,-2.743522226810455322e-01,-1.975155770778656006e-01,5.046302452683448792e-03,-4.399964809417724609e-01,2.467934042215347290e-02,-2.610370516777038574e-01,-3.148769438266754150e-01,1.706331968307495117e-01,2.376829087734222412e-02,2.140755951404571533e-01,-8.700153231620788574e-02,-1.745549440383911133e-01,-1.172513663768768311e-01,2.055892497301101685e-01,-2.623623609542846680e-02,-7.172860205173492432e-02,-1.054104045033454895e-01,4.302335977554321289e-01,-1.964929280802607536e-03,-2.774626612663269043e-01,2.006176859140396118e-01,5.370225757360458374e-02,-1.063971407711505890e-02,4.788459744304418564e-03,-1.015728432685136795e-02,1.248014792799949646e-01,6.491875648498535156e-02,9.599225223064422607e-02,-1.533248554915189743e-02,-2.408202290534973145e-01,-2.496081776916980743e-02,-4.595401138067245483e-02,2.386247217655181885e-01,3.727199509739875793e-02,-4.499163031578063965e-01,4.210203588008880615e-01,-3.351441919803619385e-01,4.720473885536193848e-01,-2.782887220382690430e-01,-2.485486567020416260e-01,7.319121155887842178e-03,-1.024630814790725708e-01,2.479275166988372803e-01,2.233129888772964478e-01,-2.187417000532150269e-01,6.336943805217742920e-02,1.193019343190826476e-04,-6.859578937292098999e-02,1.482035368680953979e-01
-1.315662637352943420e-02,-5.704875662922859192e-02,-5.058585479855537415e-02,1.143954396247863770e-01,-1.205887794494628906e-01,3.313489556312561035e-01,8.033232390880584717e-02,6.888715177774429321e-02,-1.168606802821159363e-01,4.245128948241472244e-03,-8.624404668807983398e-03,-2.493543084710836411e-03,-1.098411753773689270e-01,-1.064495183527469635e-02,-6.891247630119323730e-02,-5.419518798589706421e-02,1.432011462748050690e-02,-1.079356670379638672e-01,-2.443265542387962341e-02,-4.566531628370285034e-02,4.644483327865600586e-02,2.193790301680564880e-02,5.715052783489227295e-02,-9.603878855705261230e-02,-2.947404049336910248e-02,-1.417078673839569092e-01,6.121594831347465515e-02,8.186059445142745972e-02,1.491381078958511353e-01,-1.210002377629280090e-01,1.080134883522987366e-01,1.663228496909141541e-02,-3.774388460442423820e-03,5.983790755271911621e-02,-1.623148471117019653e-02,1.826671138405799866e-02,1.924780383706092834e-02,-1.527707371860742569e-02,-1.544000655412673950e-01,-3.834367915987968445e-02,-1.325678229331970215e-01,3.509864956140518188e-02,-4.689799249172210693e-02,6.110781803727149963e-03,6.865347921848297119e-02,-1.142592132091522217e-01,1.438620034605264664e-02,-2.484740689396858215e-02,1.572452485561370850e-02,-6.548050791025161743e-02,1.208369135856628418e-01,-1.084845364093780518e-01,-5.712655559182167053e-02,-1.563473343849182129e-01,4.774763435125350952e-02,5.475862417370080948e-03,2.217467874288558960e-03,5.013439338654279709e-03,1.454917341470718384e-01,-2.829710766673088074e-02,-2.362954244017601013e-02,4.319314286112785339e-02,3.482793923467397690e-03,4.356040805578231812e-02,6.614705175161361694e-02,3.221343457698822021e-02,-1.602873951196670532e-02,-6.753049790859222412e-02,7.654533535242080688e-02,-5.634180083870887756e-02,-6.715811789035797119e-02,-1.822587549686431885e-01,6.669257581233978271e-02,-1.612601801753044128e-02,1.986469328403472900e-02,1.383709535002708435e-02,4.154726862907409668e-03,9.051191806793212891e-02,-6.582020968198776245e-02,3.036302514374256134e-02,2.058176547288894653e-01,2.099156146869063377e-03,1.102379709482192993e-02,-1.142371911555528641e-02,-5.092134233564138412e-03,1.312609165906906128e-01,9.159579128026962280e-02,-7.252860348671674728e-03,-9.817540645599365234e-02,3.351045772433280945e-02,-8.609060198068618774e-03,-1.306491438299417496e-02,-6.532056629657745361e-02,6.764488760381937027e-03,5.186057835817337036e-02,-8.353400975465774536e-02,6.307833641767501831e-02,-6.736157811246812344e-04,1.449392549693584442e-02,-1.729774847626686096e-02,-3.480491787195205688e-02,9.019953757524490356e-02,5.607362091541290283e-02,-3.091239370405673981e-03,3.101313300430774689e-02,1.997938454151153564e-01,-1.200356557965278625e-01,-5.728342104703187943e-03,2.018075808882713318e-02,1.566769182682037354e-02,3.738359734416007996e-02,-1.829105317592620850e-01,3.007517755031585693e-02,1.299117952585220337e-01,1.491501461714506149e-02,1.014386415481567383e-01,-7.863904535770416260e-02,8.588477969169616699e-02,-7.360051572322845459e-02,-7.069401908665895462e-03,1.097988262772560120e-01,-1.242583617568016052e-02,-6.096452474594116211e-02,1.032573506236076355e-01,2.434948459267616272e-02,-2.948225662112236023e-02,2.891669422388076782e-02,1.132675334811210632e-01
1.025645509362220764e-01,4.724650178104639053e-03,-1.593547165393829346e-01,5.991176888346672058e-02,5.905734002590179443e-02,8.033232390880584717e-02,1.284518986940383911e-01,3.864084556698799133e-02,-2.400465495884418488e-02,3.276337310671806335e-02,3.854591771960258484e-02,-3.843350708484649658e-02,-2.544518793001770973e-03,-3.168250247836112976e-02,9.245556592941284180e-02,8.870903402566909790e-03,3.000641241669654846e-02,5.663929879665374756e-02,1.107206195592880249e-02,-5.324425920844078064e-02,8.342177420854568481e-02,5.475375428795814514e-02,-1.626794412732124329e-02,-1.031144801527261734e-02,4.598942119628190994e-03,3.802825137972831726e-02,-7.243791222572326660e-02,-7.086575031280517578e-02,1.079006493091583252e-01,-1.770833730697631836e-01,1.019533816725015640e-02,-1.367687135934829712e-01,1.381431967020034790e-01,4.687575995922088623e-02,-4.109083674848079681e-03,-7.309936732053756714e-02,-3.118183836340904236e-02,1.951339282095432281e-02,-1.300374269485473633e-01,-1.577680706977844238e-01,9.680499881505966187e-02,4.490201547741889954e-02,-4.409937188029289246e-02,1.375433430075645447e-02,8.861333876848220825e-02,-2.024925053119659424e-01,-1.176079660654067993e-01,-1.641508564352989197e-02,1.963273808360099792e-02,-1.663796976208686829e-02,-3.789902478456497192e-02,-1.048373952507972717e-01,4.640486836433410645e-02,9.875836968421936035e-02,3.117237240076065063e-02,-2.779734693467617035e-02,5.596708506345748901e-03,1.301890518516302109e-02,3.721098229289054871e-02,-6.964287906885147095e-02,4.046656936407089233e-02,2.692940086126327515e-02,1.949780434370040894e-02,1.572162061929702759e-01,7.087501138448715210e-02,-4.240348003804683685e-03,8.980825543403625488e-02,1.350339949131011963e-01,-7.449416816234588623e-02,9.525446593761444092e-02,-1.518733352422714233e-01,-9.075576066970825195e-02,-6.902080029249191284e-03,1.347087472677230835e-01,-5.750070884823799133e-02,-1.626249402761459351e-01,-2.066634036600589752e-02,2.158115655183792114e-01,-5.822211876511573792e-02,-4.499746859073638916e-02,1.159915551543235779e-01,7.440042216330766678e-03,-1.301362663507461548e-01,4.810342565178871155e-03,-1.242120191454887390e-01,-1.288718730211257935e-01,1.224534511566162109e-01,7.681544404476881027e-03,1.470124423503875732e-01,-1.306450110860168934e-03,-5.976149067282676697e-02,-9.369026869535446167e-02,-1.076957657933235168e-01,8.367621898651123047e-02,-6.901668757200241089e-02,-4.199550300836563110e-02,1.622220277786254883e-01,-2.242236863821744919e-03,-4.067001119256019592e-02,2.488772571086883545e-02,1.380043383687734604e-02,1.699978858232498169e-01,-2.514060959219932556e-02,1.783072599209845066e-03,1.797102689743041992e-01,6.864646822214126587e-02,-1.066721007227897644e-01,-9.283529594540596008e-03,-2.490803301334381104e-01,-2.783067710697650909e-02,5.407726019620895386e-02,-1.156586483120918274e-01,2.026810310781002045e-03,-6.774333119392395020e-02,1.147957742214202881e-01,-9.491995722055435181e-02,-2.437222190201282501e-02,-3.625142946839332581e-02,-2.136569619178771973e-01,1.593345776200294495e-02,9.313216060400009155e-02,1.895075589418411255e-01,8.243840932846069336e-02,-6.709428131580352783e-02,4.699653387069702148e-02,-7.988014258444309235e-03,2.328845858573913574e-02,6.606254726648330688e-02
5.870838761329650879e-01,1.639235578477382660e-02,-7.170180231332778931e-02,8.816540986299514771e-02,1.911849081516265869e-01,6.888715177774429321e-02,3.864084556698799133e-02,7.364144921302795410e-01,4.331101477146148682e-02,-2.356914430856704712e-02,-1.248528435826301575e-01,-5.602709949016571045e-02,5.219156742095947266e-01,6.298996210098266602e-01,3.273998796939849854e-01,8.018405735492706299e-02,-2.944291941821575165e-02,-1.724547892808914185e-02,2.865816950798034668e-01,2.230780720710754395e-01,-3.979120552539825439e-01,-1.122516095638275146e-01,3.423841297626495361e-01,-5.011178851127624512e-01,-5.302552133798599243e-02,-5.495071411132812500e-01,1.556118279695510864e-01,-1.118699237704277039e-01,-3.626164197921752930e-01,-3.752089142799377441e-01,-2.435743361711502075e-01,-4.731898009777069092e-02,7.923018187284469604e-02,-1.271967589855194092e-01,-6.435436755418777466e-02,-2.550888061523437500e-01,7.919139228761196136e-03,2.726701833307743073e-02,-4.299598932266235352e-01,-4.010075926780700684e-01,-4.643864184617996216e-02,2.170596569776535034e-01,-2.904429733753204346e-01,3.904828801751136780e-02,6.352028250694274902e-01,-5.081524252891540527e-01,-2.222715765237808228e-01,-3.903759643435478210e-02,3.611598536372184753e-02,2.436455711722373962e-02,2.251275777816772461e-01,3.104185461997985840e-01,1.227812990546226501e-01,-3.779533803462982178e-01,3.986361622810363770e-02,-1.064245104789733887e-01,7.807546108961105347e-02,5.452186241745948792e-02,1.511618345975875854e-01,-9.247498586773872375e-03,-9.809581935405731201e-02,2.026252448558807373e-01,4.231895133852958679e-02,-3.496024906635284424e-01,-1.297650393098592758e-03,6.598123908042907715e-02,1.210951507091522217e-01,6.074473261833190918e-02,-7.937468588352203369e-02,-7.036543637514114380e-02,-4.070814847946166992e-01,-5.944982171058654785e-01,-2.187927998602390289e-02,-5.295240134000778198e-02,-5.461189523339271545e-02,-1.027326732873916626e-01,-2.715748734772205353e-03,-2.484291326254606247e-03,-5.666190385818481445e-01,-3.752011358737945557e-01,-2.112587541341781616e-01,8.426526561379432678e-03,-2.752888016402721405e-02,3.177760541439056396e-02,-5.616236478090286255e-03,3.137029409408569336e-01,-1.342107653617858887e-01,-1.544963847845792770e-02,-1.428447081707417965e-03,1.034317351877689362e-02,5.809616670012474060e-02,-2.035953104496002197e-01,-3.100309707224369049e-02,-6.626610457897186279e-02,1.534436196088790894e-01,-2.433405667543411255e-01,2.257144898176193237e-01,-2.142714336514472961e-03,-2.510290145874023438e-01,5.543571114540100098e-01,5.734477564692497253e-02,1.528079211711883545e-01,-6.686238199472427368e-02,-2.677926607429981232e-02,1.058083027601242065e-02,2.331545352935791016e-01,6.931515038013458252e-02,6.739889830350875854e-02,4.418447986245155334e-02,5.832338705658912659e-02,4.753642082214355469e-01,1.075455993413925171e-01,2.462905645370483398e-02,-3.697492480278015137e-01,9.027292020618915558e-03,-1.028784215450286865e-01,1.133517473936080933e-01,-1.711107194423675537e-01,-5.330165624618530273e-01,-2.110342867672443390e-02,-5.296430587768554688e-01,2.964791059494018555e-01,-1.705662161111831665e-02,4.755451902747154236e-02,4.855690896511077881e-01,-7.467540353536605835e-02,-9.820771403610706329e-03,2.847206294536590576e-01
5.221042782068252563e-02,1.948271505534648895e-02,4.442695900797843933e-02,-3.567373752593994141e-02,5.088659003376960754e-02,-1.168606802821159363e-01,-2.400465495884418488e-02,4.331101477146148682e-02,5.666842311620712280e-02,-4.750216379761695862e-03,-2.532018907368183136e-02,1.686399802565574646e-03,8.214842528104782104e-02,8.819831907749176025e-02,3.918178752064704895e-02,1.884705759584903717e-02,-8.959497325122356415e-03,1.247545238584280014e-02,3.910375759005546570e-02,5.408434942364692688e-02,-9.798420220613479614e-02,-4.326683655381202698e-02,3.614350222051143646e-03,-2.271191775798797607e-02,1.781641505658626556e-03,-3.078101947903633118e-02,2.077648416161537170e-02,-1.180483214557170868e-02,-1.232039630413055420e-01,2.710158936679363251e-02,-6.330281496047973633e-02,4.534770734608173370e-03,1.559240743517875671e-02,-5.928350239992141724e-02,2.214370528236031532e-03,-9.922769851982593536e-03,-1.278515090234577656e-03,3.215828910470008850e-03,2.266930229961872101e-02,-5.122668575495481491e-03,2.432898804545402527e-02,1.935923472046852112e-02,-4.969121888279914856e-02,-2.024601446464657784e-03,2.235676720738410950e-02,-2.680871402844786644e-03,3.899802686646580696e-03,4.274931736290454865e-03,1.278325729072093964e-02,4.120372608304023743e-02,-4.345299303531646729e-02,8.027850836515426636e-02,1.971508935093879700e-02,2.396834455430507660e-02,4.591981880366802216e-03,1.084197778254747391e-02,-3.784144064411520958e-03,-1.694293896434828639e-04,-5.239623785018920898e-02,1.367695163935422897e-02,-1.384820137172937393e-02,1.629262976348400116e-02,1.960915978997945786e-03,-3.358667716383934021e-02,-2.321346290409564972e-02,-2.091921400278806686e-03,5.810691043734550476e-03,1.280814502388238907e-02,-6.169545464217662811e-03,1.524566393345594406e-02,-4.309421870857477188e-03,2.183164283633232117e-02,-2.259849198162555695e-02,-1.635695993900299072e-02,-9.884946048259735107e-03,-1.023623719811439514e-02,3.415612445678561926e-04,-5.365890264511108398e-02,-5.210588127374649048e-02,-2.497002109885215759e-02,-1.051330268383026123e-01,-9.147428208962082863e-04,1.897821016609668732e-02,6.140424869954586029e-03,1.120216026902198792e-02,6.766074802726507187e-03,-5.827780812978744507e-02,-3.298347117379307747e-03,2.490924857556819916e-02,-1.116556581109762192e-02,1.736491732299327850e-02,-1.081264950335025787e-02,1.132229343056678772e-02,-5.575085058808326721e-03,4.564686212688684464e-03,9.067326784133911133e-03,-9.440505877137184143e-03,2.265946532133966684e-04,-9.815328754484653473e-03,5.638198181986808777e-02,2.233273722231388092e-02,-9.890165179967880249e-03,-2.861743792891502380e-02,-2.193302847445011139e-03,-3.681115061044692993e-02,-4.818121716380119324e-02,4.385625198483467102e-02,2.241475507616996765e-02,7.381669274764135480e-05,4.467062186449766159e-03,3.587850928306579590e-02,6.495408713817596436e-02,-1.863897545263171196e-03,-7.248212397098541260e-02,-4.693046584725379944e-02,-3.112622909247875214e-02,9.158751927316188812e-03,-4.939836636185646057e-02,-2.517253533005714417e-02,4.077576741110533476e-04,-1.146946251392364502e-01,2.248887903988361359e-02,5.066776066087186337e-04,-3.420620784163475037e-02,6.926847249269485474e-02,-8.411069400608539581e-03,-1.417526602745056152e-02,-2.209421992301940918e-02
2.873910591006278992e-02,1.028472092002630234e-02,-9.054397791624069214e-02,1.927076466381549835e-02,1.794823631644248962e-02,4.245128948241472244e-03,3.276337310671806335e-02,-2.356914430856704712e-02,-4.750216379761695862e-03,1.575952582061290741e-02,3.413094207644462585e-02,-2.261841110885143280e-02,7.523333188146352768e-03,-6.686891615390777588e-02,4.287184029817581177e-02,9.956836700439453125e-03,1.575462706387042999e-02,7.153943181037902832e-02,-1.107351295650005341e-02,-3.582285344600677490e-02,7.678723335266113281e-02,4.723680019378662109e-02,-8.239177986979484558e-03,1.424997206777334213e-02,1.885615848004817963e-02,8.589790016412734985e-02,-6.756120175123214722e-02,-4.570171236991882324e-02,6.385402381420135498e-02,-5.620564520359039307e-02,4.255692940205335617e-03,-9.624433517456054688e-02,6.945782899856567383e-02,4.274479672312736511e-02,1.356320339255034924e-03,-5.071683600544929504e-02,-1.758329011499881744e-02,1.394019369035959244e-02,-2.799789421260356903e-03,-7.499304413795471191e-02,8.214769512414932251e-02,-9.758891537785530090e-03,2.721133641898632050e-02,6.114633753895759583e-03,1.319519430398941040e-02,-5.554488673806190491e-02,-4.804733768105506897e-02,-4.696791991591453552e-03,-1.159997936338186264e-02,-1.867999322712421417e-02,-2.589810080826282501e-02,-4.406515136361122131e-02,5.176274850964546204e-02,5.494996532797813416e-02,3.947381046600639820e-04,-3.074063733220100403e-02,4.500660113990306854e-03,4.309180658310651779e-03,2.003994956612586975e-02,-3.876883909106254578e-02,2.262848615646362305e-02,-2.529231598600745201e-03,8.360859006643295288e-03,7.272942364215850830e-02,2.073662914335727692e-02,-1.540596783161163330e-02,4.306195303797721863e-02,8.440016955137252808e-02,-6.887181103229522705e-02,3.663618490099906921e-02,-5.451449006795883179e-02,9.457451291382312775e-03,-2.703749760985374451e-02,7.914426922798156738e-02,-2.837453410029411316e-02,-6.478060036897659302e-02,-7.654860615730285645e-03,1.015884801745414734e-01,1.358880568295717239e-02,-4.236103966832160950e-02,6.479977816343307495e-02,3.937866073101758957e-03,-4.828726500272750854e-02,3.698748070746660233e-03,-6.511714309453964233e-02,-7.950693368911743164e-02,2.781982719898223877e-02,9.110603481531143188e-03,8.092746883630752563e-02,-3.901000367477536201e-03,-2.540803328156471252e-02,-4.730767756700515747e-02,-5.451373010873794556e-02,5.109656602144241333e-02,-5.853554233908653259e-02,-2.159449970349669456e-03,3.561683371663093567e-02,-1.045378507114946842e-03,-2.666621282696723938e-02,2.159095369279384613e-03,7.638263516128063202e-03,4.165965691208839417e-02,-2.412399463355541229e-02,5.055782850831747055e-03,1.129382997751235962e-01,5.382381379604339600e-03,-5.694610252976417542e-02,-1.977642625570297241e-02,-1.012561619281768799e-01,-2.355464547872543335e-02,3.196296095848083496e-02,-4.281665012240409851e-02,-2.378428913652896881e-02,-2.962652966380119324e-02,7.524766027927398682e-02,-6.643901765346527100e-02,6.144998595118522644e-03,-2.030974254012107849e-03,-6.501254439353942871e-02,1.516448147594928741e-02,6.906945258378982544e-02,8.061490207910537720e-02,7.356791198253631592e-02,-4.374578595161437988e-02,-3.889178112149238586e-02,1.661789417266845703e-02,1.604142598807811737e-02,1.632568985223770142e-02
-1.079621072858572006e-02,3.687200322747230530e-02,-2.940937876701354980e-01,-8.635909110307693481e-02,-1.176359225064516068e-02,-8.624404668807983398e-03,3.854591771960258484e-02,-1.248528435826301575e-01,-2.532018907368183136e-02,3.413094207644462585e-02,2.575383782386779785e-01,-6.563478708267211914e-02,-4.444086924195289612e-02,-2.423420697450637817e-01,1.266858577728271484e-01,5.026372149586677551e-02,4.722230508923530579e-02,1.366520226001739502e-01,-3.152336925268173218e-02,-1.886949986219406128e-01,4.251574575901031494e-01,1.899242401123046875e-01,-2.033065259456634521e-02,1.384448111057281494e-01,3.147166594862937927e-02,3.589076399803161621e-01,-2.627552747726440430e-01,-1.851111203432083130e-01,3.029484450817108154e-01,-1.299751102924346924e-01,5.565313994884490967e-02,-2.379330843687057495e-01,2.644950710237026215e-02,2.923592925071716309e-01,-1.178424898535013199e-02,-1.500868797302246094e-01,-6.234873086214065552e-02,3.876361623406410217e-02,7.039246149361133575e-03,-7.222911715507507324e-02,2.274900227785110474e-01,-9.881308674812316895e-02,1.778184473514556885e-01,1.659975387156009674e-02,2.128465846180915833e-02,-1.722672283649444580e-01,-1.768309473991394043e-01,3.319619596004486084e-02,-8.160215616226196289e-02,-1.568927466869354248e-01,-2.997855842113494873e-02,-2.226628959178924561e-01,2.173930965363979340e-02,1.918952912092208862e-01,-1.051535457372665405e-01,-8.615338802337646484e-02,5.242231860756874084e-02,2.656559273600578308e-02,9.278868883848190308e-02,-8.600869774818420410e-02,2.299259752035140991e-01,-1.190539300441741943e-01,1.155583467334508896e-02,1.451269835233688354e-01,1.104941964149475098e-01,-4.462008550763130188e-02,1.124123707413673401e-01,2.195532321929931641e-01,-3.067581951618194580e-01,1.487116515636444092e-01,-6.517113000154495239e-02,-6.255660206079483032e-02,-8.589505404233932495e-02,2.910928130149841309e-01,-5.561912804841995239e-02,-4.518281295895576477e-02,-3.617653250694274902e-02,3.793830871582031250e-01,2.524017393589019775e-01,-2.239812165498733521e-02,8.967175334692001343e-02,1.242345198988914490e-02,-2.138004899024963379e-01,1.331065548583865166e-03,-4.112514108419418335e-02,-3.675768673419952393e-01,2.103766351938247681e-01,4.303242266178131104e-02,2.833796441555023193e-01,-2.525533316656947136e-03,-7.047945261001586914e-02,-4.099477827548980713e-02,-9.285946190357208252e-02,1.353323459625244141e-01,-1.168995052576065063e-01,8.672089129686355591e-02,1.024811118841171265e-01,-2.594601595774292946e-03,-1.157245039939880371e-01,-1.627954691648483276e-01,-1.545427925884723663e-02,1.118183434009552002e-01,-2.969096787273883820e-02,1.776923052966594696e-02,2.763108611106872559e-01,-1.728624105453491211e-01,2.913304045796394348e-02,-8.175235241651535034e-02,-2.961038649082183838e-01,-7.827506959438323975e-02,-1.445969659835100174e-02,-6.493590027093887329e-02,-1.069745793938636780e-01,-9.669439494609832764e-02,2.690645158290863037e-01,-1.937589496374130249e-01,-4.130657471250742674e-04,6.068932265043258667e-02,-1.267540454864501953e-01,4.690273199230432510e-03,2.858751118183135986e-01,2.271102070808410645e-01,1.866065710783004761e-01,-1.092047467827796936e-01,-2.545017898082733154e-01,8.953768014907836914e-02,6.283238530158996582e-02,-2.894652821123600006e-02
-1.302880346775054932e-01,-2.593315765261650085e-02,1.931881904602050781e-01,-3.878723829984664917e-02,-3.933710977435112000e-02,-2.493543084710836411e-03,-3.843350708484649658e-02,-5.602709949016571045e-02,1.686399802565574646e-03,-2.261841110885143280e-02,-6.563478708267211914e-02,5.658262968063354492e-02,-1.030265986919403076e-01,5.259877815842628479e-02,-1.299222856760025024e-01,-3.574208170175552368e-02,-2.692031487822532654e-02,-1.523685455322265625e-01,-1.351729035377502441e-02,4.048046097159385681e-02,-1.162358298897743225e-01,-8.920109272003173828e-02,-5.188309401273727417e-02,5.630281195044517517e-02,-3.720295801758766174e-02,-1.087284535169601440e-01,1.217130422592163086e-01,1.063397899270057678e-01,-7.553390413522720337e-02,1.407988667488098145e-01,2.931583672761917114e-02,2.066342383623123169e-01,-1.256819367408752441e-01,-8.850067853927612305e-02,9.422252885997295380e-03,1.508188694715499878e-01,3.275181725621223450e-02,-3.451038151979446411e-02,3.235751017928123474e-02,1.998836845159530640e-01,-1.639704406261444092e-01,1.261406484991312027e-02,-3.949829563498497009e-02,-1.726784370839595795e-02,-1.193988099694252014e-01,1.665203124284744263e-01,1.214063689112663269e-01,8.790560066699981689e-03,3.489043191075325012e-02,5.434443429112434387e-02,6.867403630167245865e-03,2.706774137914180756e-02,-1.270124018192291260e-01,-2.846818603575229645e-02,1.039223931729793549e-02,8.744445443153381348e-02,-2.805140987038612366e-02,-1.771583035588264465e-02,-7.909855246543884277e-02,7.653967291116714478e-02,-3.371733427047729492e-02,-1.437008008360862732e-02,-2.067600749433040619e-02,-5.851440131664276123e-02,-3.479426354169845581e-02,2.818351238965988159e-02,-9.282612800598144531e-02,-1.701402664184570312e-01,1.728876084089279175e-01,-3.831082209944725037e-02,1.504200249910354614e-01,5.977591127157211304e-02,7.469004392623901367e-02,-1.521625220775604248e-01,5.727427080273628235e-02,1.016590669751167297e-01,1.240511145442724228e-02,-1.928468793630599976e-01,3.023045137524604797e-02,1.595016866922378540e-01,-9.092223644256591797e-02,-9.220781736075878143e-03,7.410077750682830811e-02,-1.242675445973873138e-02,1.099349781870841980e-01,9.973491728305816650e-02,-3.436223196331411600e-04,-1.939489133656024933e-02,-1.531493216753005981e-01,4.027744755148887634e-03,2.966556884348392487e-02,1.161784008145332336e-01,1.044777333736419678e-01,-8.921439945697784424e-02,9.506315737962722778e-02,2.272818610072135925e-02,-5.694553256034851074e-02,2.229585312306880951e-03,1.012905538082122803e-01,-8.679758012294769287e-02,-2.059166878461837769e-02,-7.064704596996307373e-02,6.346974521875381470e-02,-8.167784661054611206e-03,-2.297974228858947754e-01,-2.114640548825263977e-02,8.671278506517410278e-02,4.061791673302650452e-02,1.514507979154586792e-01,4.109937697649002075e-02,-1.496426016092300415e-01,4.988035187125205994e-02,6.539338082075119019e-02,1.084400489926338196e-01,-1.532567888498306274e-01,1.495989263057708740e-01,-3.690187260508537292e-02,1.761750667355954647e-03,1.828501373529434204e-01,-2.728147245943546295e-02,-6.264786422252655029e-02,-1.894261687994003296e-01,-1.515008062124252319e-01,6.973652541637420654e-02,4.912232607603073120e-02,-3.833158686757087708e-02,-3.629104793071746826e-02,-6.157848984003067017e-02
