9.999984502792358398e-01,-9.999987483024597168e-01,-9.999932050704956055e-01,9.999980926513671875e-01,9.999989271163940430e-01,-9.999988079071044922e-01,9.999960064888000488e-01,9.999991059303283691e-01,-9.999971985816955566e-01,9.999980330467224121e-01,-9.999988079071044922e-01,-9.999989271163940430e-01,9.999980926513671875e-01,9.999985694885253906e-01,9.999908208847045898e-01,9.999967217445373535e-01,9.999974370002746582e-01,-9.999985694885253906e-01,9.999935626983642578e-01,-9.999992251396179199e-01,-9.999991059303283691e-01,9.999925494194030762e-01,9.999985694885253906e-01,9.999982714653015137e-01,9.999890327453613281e-01,9.999991655349731445e-01,-9.999984502792358398e-01,-9.999989271163940430e-01,9.999884366989135742e-01,-9.999958872795104980e-01,-9.999927878379821777e-01,-9.999983906745910645e-01,9.999898076057434082e-01,9.999964833259582520e-01,-9.999977350234985352e-01,9.997543096542358398e-01,9.999990463256835938e-01,9.999986290931701660e-01,9.999921917915344238e-01,-9.999988675117492676e-01,9.999986886978149414e-01,-9.999935626983642578e-01,9.999791979789733887e-01,9.999989271163940430e-01,9.999984502792358398e-01,9.999982714653015137e-01,-9.999930262565612793e-01,9.999985694885253906e-01,9.999987483024597168e-01,-9.999985098838806152e-01,-9.999986886978149414e-01,-9.999982714653015137e-01,-9.999989271163940430e-01,-9.999928474426269531e-01,-9.999981522560119629e-01,-9.999982118606567383e-01,-9.999955296516418457e-01,9.999647140502929688e-01,9.999972581863403320e-01,9.999984502792358398e-01,-9.999985098838806152e-01,9.999990463256835938e-01,9.999985098838806152e-01,9.999954104423522949e-01,-9.999955296516418457e-01,-9.999988675117492676e-01,-9.999991059303283691e-01,-9.999960064888000488e-01,-9.999989867210388184e-01,9.999986290931701660e-01,-9.999988675117492676e-01,9.999979734420776367e-01,9.999921321868896484e-01,-9.999936223030090332e-01,-9.999743103981018066e-01,-9.999983310699462891e-01,9.999929070472717285e-01,9.999987483024597168e-01,-9.999945163726806641e-01,-9.999964237213134766e-01,9.999600648880004883e-01,9.999977946281433105e-01,-9.999989271163940430e-01,9.999978542327880859e-01,-9.999983906745910645e-01,-9.999892115592956543e-01,9.999818205833435059e-01,9.999989271163940430e-01,9.999829530715942383e-01,9.999552369117736816e-01,-9.999968409538269043e-01,9.999984502792358398e-01,-9.999818801879882812e-01,-9.999978542327880859e-01,9.999982714653015137e-01,-9.999979138374328613e-01,-9.999917745590209961e-01,9.999990463256835938e-01,-9.999988675117492676e-01,9.999956488609313965e-01,-9.999969005584716797e-01,9.999988675117492676e-01,-9.999433755874633789e-01,-9.992492794990539551e-01,9.999986290931701660e-01,9.999973177909851074e-01,-9.999771118164062500e-01,-9.999983310699462891e-01,-9.999940991401672363e-01,9.999985098838806152e-01,-9.999984502792358398e-01,9.999984502792358398e-01,-9.999983310699462891e-01,-9.999694228172302246e-01,9.999991059303283691e-01,-9.999978542327880859e-01,9.999990463256835938e-01,-9.999983906745910645e-01,-9.999949336051940918e-01,-9.999980926513671875e-01,-9.999988079071044922e-01,9.999964833259582520e-01,9.999984502792358398e-01,-9.999976754188537598e-01,-9.999881386756896973e-01,-9.999956488609313965e-01,9.999908208847045898e-01,-9.999959468841552734e-01
-9.999987483024597168e-01,9.999989271163940430e-01,9.999943375587463379e-01,-9.999984502792358398e-01,-9.999991655349731445e-01,9.999990463256835938e-01,-9.999966621398925781e-01,-9.999992251396179199e-01,9.999977350234985352e-01,-9.999983906745910645e-01,9.999990463256835938e-01,9.999991655349731445e-01,-9.999984502792358398e-01,-9.999988675117492676e-01,-9.999924302101135254e-01,-9.999971985816955566e-01,-9.999979138374328613e-01,9.999988675117492676e-01,-9.999946355819702148e-01,9.999992847442626953e-01,9.999992251396179199e-01,-9.999938011169433594e-01,-9.999988675117492676e-01,-9.999986290931701660e-01,-9.999909400939941406e-01,-9.999993443489074707e-01,9.999986290931701660e-01,9.999990463256835938e-01,-9.999904632568359375e-01,9.999966025352478027e-01,9.999940991401672363e-01,9.999986886978149414e-01,-9.999915361404418945e-01,-9.999971389770507812e-01,9.999980330467224121e-01,-9.997985363006591797e-01,-9.999993443489074707e-01,-9.999988675117492676e-01,-9.999935030937194824e-01,9.999991655349731445e-01,-9.999988675117492676e-01,9.999946951866149902e-01,-9.999829530715942383e-01,-9.999991059303283691e-01,-9.999987483024597168e-01,-9.999986886978149414e-01,9.999942779541015625e-01,-9.999987483024597168e-01,-9.999991059303283691e-01,9.999988079071044922e-01,9.999990463256835938e-01,9.999986290931701660e-01,9.999991655349731445e-01,9.999942183494567871e-01,9.999984502792358398e-01,9.999985098838806152e-01,9.999963045120239258e-01,-9.999710917472839355e-01,-9.999977350234985352e-01,-9.999986290931701660e-01,9.999987483024597168e-01,-9.999992847442626953e-01,-9.999986886978149414e-01,-9.999961853027343750e-01,9.999962449073791504e-01,9.999991059303283691e-01,9.999992847442626953e-01,9.999966621398925781e-01,9.999992847442626953e-01,-9.999988675117492676e-01,9.999991655349731445e-01,-9.999983310699462891e-01,-9.999935626983642578e-01,9.999946951866149902e-01,9.999788403511047363e-01,9.999986290931701660e-01,-9.999940991401672363e-01,-9.999989867210388184e-01,9.999955296516418457e-01,9.999970793724060059e-01,-9.999672174453735352e-01,-9.999981522560119629e-01,9.999991059303283691e-01,-9.999982118606567383e-01,9.999985694885253906e-01,9.999911189079284668e-01,-9.999849796295166016e-01,-9.999991655349731445e-01,-9.999859929084777832e-01,-9.999632835388183594e-01,9.999973773956298828e-01,-9.999986886978149414e-01,9.999850988388061523e-01,9.999981522560119629e-01,-9.999985694885253906e-01,9.999982118606567383e-01,9.999932646751403809e-01,-9.999992251396179199e-01,9.999991059303283691e-01,-9.999963641166687012e-01,9.999973773956298828e-01,-9.999991059303283691e-01,9.999535679817199707e-01,9.993847608566284180e-01,-9.999988079071044922e-01,-9.999977946281433105e-01,9.999812841415405273e-01,9.999986290931701660e-01,9.999950528144836426e-01,-9.999988079071044922e-01,9.999986886978149414e-01,-9.999986886978149414e-01,9.999986290931701660e-01,9.999749660491943359e-01,-9.999992251396179199e-01,9.999982714653015137e-01,-9.999991655349731445e-01,9.999986886978149414e-01,9.999958872795104980e-01,9.999983310699462891e-01,9.999990463256835938e-01,-9.999970197677612305e-01,-9.999987483024597168e-01,9.999981522560119629e-01,9.999902248382568359e-01,9.999963641166687012e-01,-9.999925494194030762e-01,9.999966025352478027e-01
-9.999932050704956055e-01,9.999943375587463379e-01,9.999704957008361816e-01,-9.999919533729553223e-01,-9.999954104423522949e-01,9.999948740005493164e-01,-9.999825954437255859e-01,-9.999958872795104980e-01,9.999881982803344727e-01,-9.999917745590209961e-01,9.999946355819702148e-01,9.999953508377075195e-01,-9.999920129776000977e-01,-9.999937415122985840e-01,-9.999601840972900391e-01,-9.999859929084777832e-01,-9.999890327453613281e-01,9.999936819076538086e-01,-9.999719262123107910e-01,9.999960064888000488e-01,9.999957084655761719e-01,-9.999675154685974121e-01,-9.999938607215881348e-01,-9.999929070472717285e-01,-9.999525547027587891e-01,-9.999957084655761719e-01,9.999930262565612793e-01,9.999953508377075195e-01,-9.999499320983886719e-01,9.999824166297912598e-01,9.999689459800720215e-01,9.999932646751403809e-01,-9.999557137489318848e-01,-9.999850988388061523e-01,9.999902248382568359e-01,-9.989452958106994629e-01,-9.999958872795104980e-01,-9.999940991401672363e-01,-9.999659657478332520e-01,9.999951720237731934e-01,-9.999943375587463379e-01,9.999722838401794434e-01,-9.999102950096130371e-01,-9.999952316284179688e-01,-9.999931454658508301e-01,-9.999929070472717285e-01,9.999699592590332031e-01,-9.999935626983642578e-01,-9.999948740005493164e-01,9.999938011169433594e-01,9.999947547912597656e-01,9.999926686286926270e-01,9.999954104423522949e-01,9.999692440032958984e-01,9.999922513961791992e-01,9.999923110008239746e-01,9.999807476997375488e-01,-9.998483061790466309e-01,-9.999883770942687988e-01,-9.999933838844299316e-01,9.999933242797851562e-01,-9.999955892562866211e-01,-9.999933242797851562e-01,-9.999804496765136719e-01,9.999805688858032227e-01,9.999951124191284180e-01,9.999958872795104980e-01,9.999827742576599121e-01,9.999955296516418457e-01,-9.999942183494567871e-01,9.999948740005493164e-01,-9.999912381172180176e-01,-9.999660849571228027e-01,9.999722838401794434e-01,9.998892545700073242e-01,9.999929666519165039e-01,-9.999694824218750000e-01,-9.999948143959045410e-01,9.999764561653137207e-01,9.999844431877136230e-01,-9.998285174369812012e-01,-9.999904036521911621e-01,9.999951124191284180e-01,-9.999907612800598145e-01,9.999927282333374023e-01,9.999535083770751953e-01,-9.999213218688964844e-01,-9.999954700469970703e-01,-9.999263286590576172e-01,-9.998075366020202637e-01,9.999865293502807617e-01,-9.999932050704956055e-01,9.999219179153442383e-01,9.999905824661254883e-01,-9.999925494194030762e-01,9.999910593032836914e-01,9.999647140502929688e-01,-9.999957680702209473e-01,9.999950528144836426e-01,-9.999811649322509766e-01,9.999864697456359863e-01,-9.999951124191284180e-01,9.997568726539611816e-01,9.967836737632751465e-01,-9.999942779541015625e-01,-9.999886155128479004e-01,9.999012351036071777e-01,9.999929070472717285e-01,9.999741315841674805e-01,-9.999936819076538086e-01,9.999933242797851562e-01,-9.999929070472717285e-01,9.999928474426269531e-01,9.998680353164672852e-01,-9.999958276748657227e-01,9.999909996986389160e-01,-9.999956488609313965e-01,9.999932050704956055e-01,9.999782443046569824e-01,9.999913573265075684e-01,9.999948143959045410e-01,-9.999847412109375000e-01,-9.999932050704956055e-01,9.999899864196777344e-01,9.999485015869140625e-01,9.999808669090270996e-01,-9.999602437019348145e-01,9.999822974205017090e-01
9.999980926513671875e-01,-9.999984502792358398e-01,-9.999919533729553223e-01,9.999977350234985352e-01,9.999986886978149414e-01,-9.999985694885253906e-01,9.999952316284179688e-01,9.999988079071044922e-01,-9.999968409538269043e-01,9.999977350234985352e-01,-9.999985098838806152e-01,-9.999986290931701660e-01,9.999978542327880859e-01,9.999982714653015137e-01,9.999891519546508789e-01,9.999962449073791504e-01,9.999969005584716797e-01,-9.999983310699462891e-01,9.999923110008239746e-01,-9.999989271163940430e-01,-9.999988675117492676e-01,9.999911189079284668e-01,9.999982714653015137e-01,9.999979734420776367e-01,9.999870657920837402e-01,9.999988675117492676e-01,-9.999980330467224121e-01,-9.999986886978149414e-01,9.999864697456359863e-01,-9.999951720237731934e-01,-9.999914765357971191e-01,-9.999981522560119629e-01,9.999879002571105957e-01,9.999959468841552734e-01,-9.999972581863403320e-01,9.997116327285766602e-01,9.999988079071044922e-01,9.999983906745910645e-01,9.999907612800598145e-01,-9.999986886978149414e-01,9.999983310699462891e-01,-9.999924302101135254e-01,9.999755620956420898e-01,9.999987483024597168e-01,9.999980926513671875e-01,9.999980330467224121e-01,-9.999917149543762207e-01,9.999983310699462891e-01,9.999985098838806152e-01,-9.999982714653015137e-01,-9.999984502792358398e-01,-9.999979138374328613e-01,-9.999987483024597168e-01,-9.999915957450866699e-01,-9.999977946281433105e-01,-9.999977946281433105e-01,-9.999947547912597656e-01,9.999585151672363281e-01,9.999967813491821289e-01,9.999980330467224121e-01,-9.999980926513671875e-01,9.999988079071044922e-01,9.999981522560119629e-01,9.999946355819702148e-01,-9.999947547912597656e-01,-9.999986290931701660e-01,-9.999988079071044922e-01,-9.999952912330627441e-01,-9.999988079071044922e-01,9.999983906745910645e-01,-9.999985694885253906e-01,9.999975562095642090e-01,9.999907612800598145e-01,-9.999923706054687500e-01,-9.999698400497436523e-01,-9.999980330467224121e-01,9.999915957450866699e-01,9.999985098838806152e-01,-9.999935626983642578e-01,-9.999957680702209473e-01,9.999530315399169922e-01,9.999973177909851074e-01,-9.999986290931701660e-01,9.999974370002746582e-01,-9.999978542327880859e-01,-9.999873042106628418e-01,9.999786019325256348e-01,9.999986886978149414e-01,9.999799728393554688e-01,9.999473690986633301e-01,-9.999962449073791504e-01,9.999982118606567383e-01,-9.999786615371704102e-01,-9.999973773956298828e-01,9.999979734420776367e-01,-9.999974966049194336e-01,-9.999903440475463867e-01,9.999987483024597168e-01,-9.999986290931701660e-01,9.999949336051940918e-01,-9.999963641166687012e-01,9.999986886978149414e-01,-9.999335408210754395e-01,-9.991191625595092773e-01,9.999983310699462891e-01,9.999969601631164551e-01,-9.999730587005615234e-01,-9.999980330467224121e-01,-9.999929666519165039e-01,9.999981522560119629e-01,-9.999981522560119629e-01,9.999980330467224121e-01,-9.999980330467224121e-01,-9.999639391899108887e-01,9.999988675117492676e-01,-9.999974966049194336e-01,9.999987483024597168e-01,-9.999980926513671875e-01,-9.999939799308776855e-01,-9.999976754188537598e-01,-9.999985694885253906e-01,9.999958872795104980e-01,9.999980926513671875e-01,-9.999973177909851074e-01,-9.999859929084777832e-01,-9.999947547912597656e-01,9.999892115592956543e-01,-9.999951720237731934e-01
9.999989271163940430e-01,-9.999991655349731445e-01,-9.999954104423522949e-01,9.999986886978149414e-01,9.999992251396179199e-01,-9.999992251396179199e-01,9.999972581863403320e-01,9.999994039535522461e-01,-9.999981522560119629e-01,9.999986290931701660e-01,-9.999992251396179199e-01,-9.999993443489074707e-01,9.999987483024597168e-01,9.999990463256835938e-01,9.999938607215881348e-01,9.999977350234985352e-01,9.999982118606567383e-01,-9.999990463256835938e-01,9.999956488609313965e-01,-9.999994039535522461e-01,-9.999993443489074707e-01,9.999949932098388672e-01,9.999989867210388184e-01,9.999988079071044922e-01,9.999927282333374023e-01,9.999993443489074707e-01,-9.999988675117492676e-01,-9.999992251396179199e-01,9.999923110008239746e-01,-9.999972581863403320e-01,-9.999951720237731934e-01,-9.999989271163940430e-01,9.999932050704956055e-01,9.999976754188537598e-01,-9.999983906745910645e-01,9.998374581336975098e-01,9.999994635581970215e-01,9.999990463256835938e-01,9.999947547912597656e-01,-9.999992251396179199e-01,9.999991655349731445e-01,-9.999956488609313965e-01,9.999861121177673340e-01,9.999992847442626953e-01,9.999988675117492676e-01,9.999988675117492676e-01,-9.999952912330627441e-01,9.999989867210388184e-01,9.999991655349731445e-01,-9.999989867210388184e-01,-9.999991655349731445e-01,-9.999988675117492676e-01,-9.999992847442626953e-01,-9.999952912330627441e-01,-9.999988675117492676e-01,-9.999987483024597168e-01,-9.999969005584716797e-01,9.999765753746032715e-01,9.999980926513671875e-01,9.999989271163940430e-01,-9.999989867210388184e-01,9.999993443489074707e-01,9.999989271163940430e-01,9.999969601631164551e-01,-9.999970197677612305e-01,-9.999991655349731445e-01,-9.999993443489074707e-01,-9.999972581863403320e-01,-9.999993443489074707e-01,9.999991655349731445e-01,-9.999993443489074707e-01,9.999986290931701660e-01,9.999946951866149902e-01,-9.999957084655761719e-01,-9.999829530715942383e-01,-9.999989271163940430e-01,9.999952316284179688e-01,9.999992251396179199e-01,-9.999963045120239258e-01,-9.999975562095642090e-01,9.999736547470092773e-01,9.999985098838806152e-01,-9.999992251396179199e-01,9.999985694885253906e-01,-9.999988675117492676e-01,-9.999928474426269531e-01,9.999880194664001465e-01,9.999992847442626953e-01,9.999886155128479004e-01,9.999703168869018555e-01,-9.999978542327880859e-01,9.999989271163940430e-01,-9.999879598617553711e-01,-9.999984502792358398e-01,9.999988675117492676e-01,-9.999986290931701660e-01,-9.999945163726806641e-01,9.999994039535522461e-01,-9.999992847442626953e-01,9.999970793724060059e-01,-9.999979138374328613e-01,9.999992847442626953e-01,-9.999626278877258301e-01,-9.995034933090209961e-01,9.999991655349731445e-01,9.999982118606567383e-01,-9.999848008155822754e-01,-9.999988079071044922e-01,-9.999959468841552734e-01,9.999989867210388184e-01,-9.999989271163940430e-01,9.999989867210388184e-01,-9.999988079071044922e-01,-9.999796748161315918e-01,9.999994039535522461e-01,-9.999985098838806152e-01,9.999992847442626953e-01,-9.999988675117492676e-01,-9.999966025352478027e-01,-9.999987483024597168e-01,-9.999992251396179199e-01,9.999976158142089844e-01,9.999989271163940430e-01,-9.999985098838806152e-01,-9.999920725822448730e-01,-9.999970197677612305e-01,9.999938607215881348e-01,-9.999972581863403320e-01
-9.999988079071044922e-01,9.999990463256835938e-01,9.999948740005493164e-01,-9.999985694885253906e-01,-9.999992251396179199e-01,9.999991655349731445e-01,-9.999969601631164551e-01,-9.999992251396179199e-01,9.999979734420776367e-01,-9.999985694885253906e-01,9.999992251396179199e-01,9.999992251396179199e-01,-9.999986290931701660e-01,-9.999988675117492676e-01,-9.999931454658508301e-01,-9.999974966049194336e-01,-9.999979734420776367e-01,9.999988675117492676e-01,-9.999951124191284180e-01,9.999993443489074707e-01,9.999993443489074707e-01,-9.999943971633911133e-01,-9.999989271163940430e-01,-9.999987483024597168e-01,-9.999917745590209961e-01,-9.999992847442626953e-01,9.999986886978149414e-01,9.999991655349731445e-01,-9.999914169311523438e-01,9.999969005584716797e-01,9.999945759773254395e-01,9.999988675117492676e-01,-9.999923706054687500e-01,-9.999973773956298828e-01,9.999982118606567383e-01,-9.998177886009216309e-01,-9.999994039535522461e-01,-9.999989271163940430e-01,-9.999941587448120117e-01,9.999991059303283691e-01,-9.999990463256835938e-01,9.999952316284179688e-01,-9.999844431877136230e-01,-9.999992251396179199e-01,-9.999988079071044922e-01,-9.999988079071044922e-01,9.999948143959045410e-01,-9.999989271163940430e-01,-9.999991655349731445e-01,9.999989271163940430e-01,9.999990463256835938e-01,9.999986886978149414e-01,9.999993443489074707e-01,9.999946951866149902e-01,9.999986290931701660e-01,9.999985694885253906e-01,9.999966621398925781e-01,-9.999739527702331543e-01,-9.999979138374328613e-01,-9.999988675117492676e-01,9.999988675117492676e-01,-9.999992847442626953e-01,-9.999988079071044922e-01,-9.999965429306030273e-01,9.999966621398925781e-01,9.999991059303283691e-01,9.999993443489074707e-01,9.999970197677612305e-01,9.999993443489074707e-01,-9.999989867210388184e-01,9.999991655349731445e-01,-9.999984502792358398e-01,-9.999940991401672363e-01,9.999951720237731934e-01,9.999809265136718750e-01,9.999987483024597168e-01,-9.999946355819702148e-01,-9.999991059303283691e-01,9.999958872795104980e-01,9.999972581863403320e-01,-9.999704360961914062e-01,-9.999983906745910645e-01,9.999992251396179199e-01,-9.999982714653015137e-01,9.999987483024597168e-01,9.999920129776000977e-01,-9.999865293502807617e-01,-9.999992847442626953e-01,-9.999873042106628418e-01,-9.999667406082153320e-01,9.999976158142089844e-01,-9.999988675117492676e-01,9.999865293502807617e-01,9.999983310699462891e-01,-9.999986886978149414e-01,9.999983310699462891e-01,9.999939203262329102e-01,-9.999992847442626953e-01,9.999991655349731445e-01,-9.999967217445373535e-01,9.999976754188537598e-01,-9.999991655349731445e-01,9.999580979347229004e-01,9.994432330131530762e-01,-9.999989271163940430e-01,-9.999980330467224121e-01,9.999830126762390137e-01,9.999986886978149414e-01,9.999954700469970703e-01,-9.999988675117492676e-01,9.999988079071044922e-01,-9.999987483024597168e-01,9.999987483024597168e-01,9.999772310256958008e-01,-9.999993443489074707e-01,9.999985098838806152e-01,-9.999992847442626953e-01,9.999988079071044922e-01,9.999961853027343750e-01,9.999985098838806152e-01,9.999991655349731445e-01,-9.999973773956298828e-01,-9.999988079071044922e-01,9.999982714653015137e-01,9.999911189079284668e-01,9.999967217445373535e-01,-9.999931454658508301e-01,9.999970197677612305e-01
9.999960064888000488e-01,-9.999966621398925781e-01,-9.999825954437255859e-01,9.999952316284179688e-01,9.999972581863403320e-01,-9.999969601631164551e-01,9.999898076057434082e-01,9.999975562095642090e-01,-9.999930858612060547e-01,9.999951124191284180e-01,-9.999969005584716797e-01,-9.999972581863403320e-01,9.999954104423522949e-01,9.999962449073791504e-01,9.999766945838928223e-01,9.999918341636657715e-01,9.999936223030090332e-01,-9.999962449073791504e-01,9.999834895133972168e-01,-9.999976754188537598e-01,-9.999974966049194336e-01,9.999810457229614258e-01,9.999963641166687012e-01,9.999957680702209473e-01,9.999722242355346680e-01,9.999974370002746582e-01,-9.999958872795104980e-01,-9.999971389770507812e-01,9.999706745147705078e-01,-9.999896287918090820e-01,-9.999818205833435059e-01,-9.999960064888000488e-01,9.999740719795227051e-01,9.999912977218627930e-01,-9.999943375587463379e-01,9.993813037872314453e-01,9.999975562095642090e-01,9.999964833259582520e-01,9.999800920486450195e-01,-9.999970793724060059e-01,9.999966025352478027e-01,-9.999837279319763184e-01,9.999474287033081055e-01,9.999972581863403320e-01,9.999959468841552734e-01,9.999957680702209473e-01,-9.999823570251464844e-01,9.999962449073791504e-01,9.999969601631164551e-01,-9.999961853027343750e-01,-9.999969005584716797e-01,-9.999957084655761719e-01,-9.999972581863403320e-01,-9.999819397926330566e-01,-9.999954700469970703e-01,-9.999954700469970703e-01,-9.999887347221374512e-01,9.999110102653503418e-01,9.999931454658508301e-01,9.999960660934448242e-01,-9.999959468841552734e-01,9.999973773956298828e-01,9.999959468841552734e-01,9.999884963035583496e-01,-9.999886751174926758e-01,-9.999970793724060059e-01,-9.999974966049194336e-01,-9.999899268150329590e-01,-9.999973177909851074e-01,9.999965429306030273e-01,-9.999969601631164551e-01,9.999948740005493164e-01,9.999801516532897949e-01,-9.999837279319763184e-01,-9.999350905418395996e-01,-9.999958872795104980e-01,9.999821186065673828e-01,9.999968409538269043e-01,-9.999861121177673340e-01,-9.999908804893493652e-01,9.998993277549743652e-01,9.999943971633911133e-01,-9.999971985816955566e-01,9.999945163726806641e-01,-9.999957680702209473e-01,-9.999728202819824219e-01,9.999539256095886230e-01,9.999973177909851074e-01,9.999567866325378418e-01,9.998871088027954102e-01,-9.999920725822448730e-01,9.999960064888000488e-01,-9.999541640281677246e-01,-9.999944567680358887e-01,9.999956488609313965e-01,-9.999947547912597656e-01,-9.999792575836181641e-01,9.999974966049194336e-01,-9.999970197677612305e-01,9.999889731407165527e-01,-9.999920725822448730e-01,9.999970197677612305e-01,-9.998574852943420410e-01,-9.981115460395812988e-01,9.999966025352478027e-01,9.999933242797851562e-01,-9.999421834945678711e-01,-9.999957680702209473e-01,-9.999848604202270508e-01,9.999962449073791504e-01,-9.999960660934448242e-01,9.999958276748657227e-01,-9.999957680702209473e-01,-9.999226331710815430e-01,9.999975562095642090e-01,-9.999947547912597656e-01,9.999973773956298828e-01,-9.999960064888000488e-01,-9.999873042106628418e-01,-9.999949336051940918e-01,-9.999969601631164551e-01,9.999910593032836914e-01,9.999960064888000488e-01,-9.999942183494567871e-01,-9.999698996543884277e-01,-9.999887943267822266e-01,9.999766945838928223e-01,-9.999896287918090820e-01
9.999991059303283691e-01,-9.999992251396179199e-01,-9.999958872795104980e-01,9.999988079071044922e-01,9.999994039535522461e-01,-9.999992251396179199e-01,9.999975562095642090e-01,9.999994039535522461e-01,-9.999983310699462891e-01,9.999987483024597168e-01,-9.999992847442626953e-01,-9.999994039535522461e-01,9.999988675117492676e-01,9.999991655349731445e-01,9.999944567680358887e-01,9.999979138374328613e-01,9.999983906745910645e-01,-9.999991655349731445e-01,9.999959468841552734e-01,-9.999994635581970215e-01,-9.999994039535522461e-01,9.999955296516418457e-01,9.999991059303283691e-01,9.999989867210388184e-01,9.999934434890747070e-01,9.999994039535522461e-01,-9.999989271163940430e-01,-9.999992251396179199e-01,9.999930858612060547e-01,-9.999974966049194336e-01,-9.999956488609313965e-01,-9.999989867210388184e-01,9.999938607215881348e-01,9.999978542327880859e-01,-9.999984502792358398e-01,9.998534917831420898e-01,9.999994635581970215e-01,9.999992251396179199e-01,9.999952316284179688e-01,-9.999992847442626953e-01,9.999991655349731445e-01,-9.999960064888000488e-01,9.999874830245971680e-01,9.999992847442626953e-01,9.999991059303283691e-01,9.999989867210388184e-01,-9.999957680702209473e-01,9.999991655349731445e-01,9.999991655349731445e-01,-9.999991655349731445e-01,-9.999992251396179199e-01,-9.999989271163940430e-01,-9.999993443489074707e-01,-9.999956488609313965e-01,-9.999988675117492676e-01,-9.999988675117492676e-01,-9.999971985816955566e-01,9.999789595603942871e-01,9.999982714653015137e-01,9.999991059303283691e-01,-9.999991059303283691e-01,9.999994039535522461e-01,9.999989867210388184e-01,9.999972581863403320e-01,-9.999972581863403320e-01,-9.999992847442626953e-01,-9.999994039535522461e-01,-9.999974966049194336e-01,-9.999994039535522461e-01,9.999991655349731445e-01,-9.999994039535522461e-01,9.999987483024597168e-01,9.999952316284179688e-01,-9.999960660934448242e-01,-9.999845623970031738e-01,-9.999989271163940430e-01,9.999957084655761719e-01,9.999992847442626953e-01,-9.999966025352478027e-01,-9.999977946281433105e-01,9.999761581420898438e-01,9.999986290931701660e-01,-9.999993443489074707e-01,9.999986290931701660e-01,-9.999989271163940430e-01,-9.999935626983642578e-01,9.999890923500061035e-01,9.999993443489074707e-01,9.999897480010986328e-01,9.999732375144958496e-01,-9.999979734420776367e-01,9.999991059303283691e-01,-9.999891519546508789e-01,-9.999985694885253906e-01,9.999989271163940430e-01,-9.999986886978149414e-01,-9.999950528144836426e-01,9.999993443489074707e-01,-9.999993443489074707e-01,9.999973177909851074e-01,-9.999980926513671875e-01,9.999993443489074707e-01,-9.999662637710571289e-01,-9.995523095130920410e-01,9.999991655349731445e-01,9.999983906745910645e-01,-9.999862909317016602e-01,-9.999989271163940430e-01,-9.999962449073791504e-01,9.999990463256835938e-01,-9.999989867210388184e-01,9.999990463256835938e-01,-9.999989271163940430e-01,-9.999817013740539551e-01,9.999994039535522461e-01,-9.999986886978149414e-01,9.999994039535522461e-01,-9.999989867210388184e-01,-9.999968409538269043e-01,-9.999988079071044922e-01,-9.999992251396179199e-01,9.999978542327880859e-01,9.999991059303283691e-01,-9.999985694885253906e-01,-9.999928474426269531e-01,-9.999973177909851074e-01,9.999944567680358887e-01,-9.999974370002746582e-01
-9.999971985816955566e-01,9.999977350234985352e-01,9.999881982803344727e-01,-9.999968409538269043e-01,-9.999981522560119629e-01,9.999979734420776367e-01,-9.999930858612060547e-01,-9.999983310699462891e-01,9.999953508377075195e-01,-9.999966621398925781e-01,9.999979138374328613e-01,9.999981522560119629e-01,-9.999967813491821289e-01,-9.999974966049194336e-01,-9.999841451644897461e-01,-9.999944567680358887e-01,-9.999956488609313965e-01,9.999975562095642090e-01,-9.999887943267822266e-01,9.999983906745910645e-01,9.999982118606567383e-01,-9.999870657920837402e-01,-9.999976158142089844e-01,-9.999970793724060059e-01,-9.999811053276062012e-01,-9.999982714653015137e-01,9.999971985816955566e-01,9.999981522560119629e-01,-9.999800920486450195e-01,9.999929666519165039e-01,9.999876618385314941e-01,9.999972581863403320e-01,-9.999824166297912598e-01,-9.999940991401672363e-01,9.999960660934448242e-01,-9.995796084403991699e-01,-9.999983906745910645e-01,-9.999975562095642090e-01,-9.999865889549255371e-01,9.999979734420776367e-01,-9.999977350234985352e-01,9.999888539314270020e-01,-9.999642968177795410e-01,-9.999980926513671875e-01,-9.999971985816955566e-01,-9.999971985816955566e-01,9.999879598617553711e-01,-9.999974370002746582e-01,-9.999979734420776367e-01,9.999974966049194336e-01,9.999978542327880859e-01,9.999970793724060059e-01,9.999982118606567383e-01,9.999877810478210449e-01,9.999968409538269043e-01,9.999969005584716797e-01,9.999924898147583008e-01,-9.999395608901977539e-01,-9.999953508377075195e-01,-9.999973177909851074e-01,9.999973177909851074e-01,-9.999982118606567383e-01,-9.999973177909851074e-01,-9.999921917915344238e-01,9.999923706054687500e-01,9.999980330467224121e-01,9.999983906745910645e-01,9.999931454658508301e-01,9.999982118606567383e-01,-9.999976754188537598e-01,9.999979734420776367e-01,-9.999964833259582520e-01,-9.999865293502807617e-01,9.999889731407165527e-01,9.999559521675109863e-01,9.999971389770507812e-01,-9.999877214431762695e-01,-9.999978542327880859e-01,9.999905824661254883e-01,9.999937415122985840e-01,-9.999316930770874023e-01,-9.999960660934448242e-01,9.999980330467224121e-01,-9.999963045120239258e-01,9.999970793724060059e-01,9.999815821647644043e-01,-9.999688267707824707e-01,-9.999981522560119629e-01,-9.999707341194152832e-01,-9.999233484268188477e-01,9.999946355819702148e-01,-9.999971985816955566e-01,9.999689459800720215e-01,9.999961853027343750e-01,-9.999970793724060059e-01,9.999964237213134766e-01,9.999859929084777832e-01,-9.999982714653015137e-01,9.999979734420776367e-01,-9.999924898147583008e-01,9.999946355819702148e-01,-9.999979734420776367e-01,9.999031424522399902e-01,9.987167119979858398e-01,-9.999976754188537598e-01,-9.999955296516418457e-01,9.999607205390930176e-01,9.999971389770507812e-01,9.999896883964538574e-01,-9.999974370002746582e-01,9.999973177909851074e-01,-9.999971389770507812e-01,9.999971389770507812e-01,9.999474883079528809e-01,-9.999983310699462891e-01,9.999963641166687012e-01,-9.999982118606567383e-01,9.999972581863403320e-01,9.999913573265075684e-01,9.999966025352478027e-01,9.999979138374328613e-01,-9.999938607215881348e-01,-9.999971985816955566e-01,9.999960660934448242e-01,9.999796152114868164e-01,9.999923706054687500e-01,-9.999841451644897461e-01,9.999929666519165039e-01
9.999980330467224121e-01,-9.999983906745910645e-01,-9.999917745590209961e-01,9.999977350234985352e-01,9.999986290931701660e-01,-9.999985694885253906e-01,9.999951124191284180e-01,9.999987483024597168e-01,-9.999966621398925781e-01,9.999976158142089844e-01,-9.999985098838806152e-01,-9.999986886978149414e-01,9.999977350234985352e-01,9.999982118606567383e-01,9.999889731407165527e-01,9.999960660934448242e-01,9.999969601631164551e-01,-9.999982118606567383e-01,9.999921917915344238e-01,-9.999988079071044922e-01,-9.999988675117492676e-01,9.999909996986389160e-01,9.999982714653015137e-01,9.999979734420776367e-01,9.999868273735046387e-01,9.999988079071044922e-01,-9.999979138374328613e-01,-9.999986290931701660e-01,9.999861121177673340e-01,-9.999951124191284180e-01,-9.999912977218627930e-01,-9.999980926513671875e-01,9.999877214431762695e-01,9.999958872795104980e-01,-9.999971985816955566e-01,9.997069835662841797e-01,9.999988079071044922e-01,9.999982118606567383e-01,9.999905824661254883e-01,-9.999985694885253906e-01,9.999983906745910645e-01,-9.999921917915344238e-01,9.999752044677734375e-01,9.999986886978149414e-01,9.999980330467224121e-01,9.999979734420776367e-01,-9.999915957450866699e-01,9.999982714653015137e-01,9.999985098838806152e-01,-9.999982714653015137e-01,-9.999984502792358398e-01,-9.999979138374328613e-01,-9.999986886978149414e-01,-9.999914765357971191e-01,-9.999977946281433105e-01,-9.999977946281433105e-01,-9.999945759773254395e-01,9.999578595161437988e-01,9.999967217445373535e-01,9.999980330467224121e-01,-9.999980926513671875e-01,9.999987483024597168e-01,9.999980926513671875e-01,9.999945759773254395e-01,-9.999945759773254395e-01,-9.999985098838806152e-01,-9.999988079071044922e-01,-9.999951720237731934e-01,-9.999987483024597168e-01,9.999983906745910645e-01,-9.999986290931701660e-01,9.999975562095642090e-01,9.999905228614807129e-01,-9.999922513961791992e-01,-9.999693632125854492e-01,-9.999980330467224121e-01,9.999914765357971191e-01,9.999984502792358398e-01,-9.999934434890747070e-01,-9.999956488609313965e-01,9.999523162841796875e-01,9.999973773956298828e-01,-9.999985694885253906e-01,9.999973177909851074e-01,-9.999979138374328613e-01,-9.999871253967285156e-01,9.999781847000122070e-01,9.999986290931701660e-01,9.999794960021972656e-01,9.999464750289916992e-01,-9.999961853027343750e-01,9.999980926513671875e-01,-9.999782443046569824e-01,-9.999973177909851074e-01,9.999979138374328613e-01,-9.999974370002746582e-01,-9.999901652336120605e-01,9.999987483024597168e-01,-9.999985098838806152e-01,9.999947547912597656e-01,-9.999961853027343750e-01,9.999985694885253906e-01,-9.999325275421142578e-01,-9.991052746772766113e-01,9.999983906745910645e-01,9.999967813491821289e-01,-9.999726414680480957e-01,-9.999979734420776367e-01,-9.999928474426269531e-01,9.999982118606567383e-01,-9.999981522560119629e-01,9.999980330467224121e-01,-9.999978542327880859e-01,-9.999633431434631348e-01,9.999988079071044922e-01,-9.999974966049194336e-01,9.999987483024597168e-01,-9.999980926513671875e-01,-9.999939799308776855e-01,-9.999975562095642090e-01,-9.999985694885253906e-01,9.999957680702209473e-01,9.999980926513671875e-01,-9.999971985816955566e-01,-9.999856352806091309e-01,-9.999946951866149902e-01,9.999889731407165527e-01,-9.999951124191284180e-01
-9.999988079071044922e-01,9.999990463256835938e-01,9.999946355819702148e-01,-9.999985098838806152e-01,-9.999992251396179199e-01,9.999992251396179199e-01,-9.999969005584716797e-01,-9.999992847442626953e-01,9.999979138374328613e-01,-9.999985098838806152e-01,9.999991655349731445e-01,9.999992847442626953e-01,-9.999986290931701660e-01,-9.999989271163940430e-01,-9.999929070472717285e-01,-9.999974370002746582e-01,-9.999980926513671875e-01,9.999989271163940430e-01,-9.999949932098388672e-01,9.999994039535522461e-01,9.999993443489074707e-01,-9.999941587448120117e-01,-9.999989271163940430e-01,-9.999987483024597168e-01,-9.999914765357971191e-01,-9.999993443489074707e-01,9.999986886978149414e-01,9.999992251396179199e-01,-9.999909996986389160e-01,9.999967813491821289e-01,9.999943971633911133e-01,9.999987483024597168e-01,-9.999920725822448730e-01,-9.999972581863403320e-01,9.999982118606567383e-01,-9.998090863227844238e-01,-9.999993443489074707e-01,-9.999989271163940430e-01,-9.999939203262329102e-01,9.999991655349731445e-01,-9.999990463256835938e-01,9.999949932098388672e-01,-9.999839067459106445e-01,-9.999992847442626953e-01,-9.999988079071044922e-01,-9.999987483024597168e-01,9.999945759773254395e-01,-9.999989271163940430e-01,-9.999991059303283691e-01,9.999988675117492676e-01,9.999991059303283691e-01,9.999986886978149414e-01,9.999992847442626953e-01,9.999944567680358887e-01,9.999986290931701660e-01,9.999985694885253906e-01,9.999966025352478027e-01,-9.999725818634033203e-01,-9.999979138374328613e-01,-9.999988675117492676e-01,9.999988079071044922e-01,-9.999992251396179199e-01,-9.999988079071044922e-01,-9.999964833259582520e-01,9.999965429306030273e-01,9.999991655349731445e-01,9.999992847442626953e-01,9.999969601631164551e-01,9.999993443489074707e-01,-9.999989867210388184e-01,9.999992251396179199e-01,-9.999985098838806152e-01,-9.999938607215881348e-01,9.999950528144836426e-01,9.999800324440002441e-01,9.999988079071044922e-01,-9.999944567680358887e-01,-9.999992251396179199e-01,9.999957680702209473e-01,9.999971985816955566e-01,-9.999690055847167969e-01,-9.999983310699462891e-01,9.999992847442626953e-01,-9.999983310699462891e-01,9.999986886978149414e-01,9.999916553497314453e-01,-9.999858736991882324e-01,-9.999993443489074707e-01,-9.999867081642150879e-01,-9.999651908874511719e-01,9.999976158142089844e-01,-9.999988079071044922e-01,9.999859929084777832e-01,9.999982714653015137e-01,-9.999986886978149414e-01,9.999983906745910645e-01,9.999936223030090332e-01,-9.999992847442626953e-01,9.999991059303283691e-01,-9.999966621398925781e-01,9.999976158142089844e-01,-9.999992251396179199e-01,9.999560713768005371e-01,9.994167685508728027e-01,-9.999989867210388184e-01,-9.999980330467224121e-01,9.999822378158569336e-01,9.999987483024597168e-01,9.999954104423522949e-01,-9.999989271163940430e-01,9.999988675117492676e-01,-9.999988675117492676e-01,9.999987483024597168e-01,9.999762177467346191e-01,-9.999992847442626953e-01,9.999984502792358398e-01,-9.999993443489074707e-01,9.999987483024597168e-01,9.999960064888000488e-01,9.999985098838806152e-01,9.999992251396179199e-01,-9.999972581863403320e-01,-9.999988079071044922e-01,9.999982714653015137e-01,9.999908208847045898e-01,9.999964833259582520e-01,-9.999929070472717285e-01,9.999968409538269043e-01
-9.999989271163940430e-01,9.999991655349731445e-01,9.999953508377075195e-01,-9.999986290931701660e-01,-9.999993443489074707e-01,9.999992251396179199e-01,-9.999972581863403320e-01,-9.999994039535522461e-01,9.999981522560119629e-01,-9.999986886978149414e-01,9.999992847442626953e-01,9.999992251396179199e-01,-9.999987483024597168e-01,-9.999990463256835938e-01,-9.999938011169433594e-01,-9.999977946281433105e-01,-9.999982714653015137e-01,9.999990463256835938e-01,-9.999955892562866211e-01,9.999994039535522461e-01,9.999993443489074707e-01,-9.999949336051940918e-01,-9.999991059303283691e-01,-9.999988675117492676e-01,-9.999924898147583008e-01,-9.999993443489074707e-01,9.999988675117492676e-01,9.999992251396179199e-01,-9.999921917915344238e-01,9.999971985816955566e-01,9.999951720237731934e-01,9.999989271163940430e-01,-9.999930858612060547e-01,-9.999975562095642090e-01,9.999983906745910645e-01,-9.998353719711303711e-01,-9.999994635581970215e-01,-9.999989867210388184e-01,-9.999946951866149902e-01,9.999992251396179199e-01,-9.999991655349731445e-01,9.999957084655761719e-01,-9.999860525131225586e-01,-9.999992847442626953e-01,-9.999989271163940430e-01,-9.999989271163940430e-01,9.999952316284179688e-01,-9.999990463256835938e-01,-9.999991655349731445e-01,9.999989867210388184e-01,9.999991059303283691e-01,9.999988675117492676e-01,9.999994039535522461e-01,9.999952316284179688e-01,9.999988079071044922e-01,9.999986886978149414e-01,9.999969601631164551e-01,-9.999763965606689453e-01,-9.999981522560119629e-01,-9.999988675117492676e-01,9.999989271163940430e-01,-9.999993443489074707e-01,-9.999989867210388184e-01,-9.999969005584716797e-01,9.999970197677612305e-01,9.999992847442626953e-01,9.999993443489074707e-01,9.999971985816955566e-01,9.999993443489074707e-01,-9.999990463256835938e-01,9.999993443489074707e-01,-9.999986290931701660e-01,-9.999946355819702148e-01,9.999957084655761719e-01,9.999827146530151367e-01,9.999988675117492676e-01,-9.999952316284179688e-01,-9.999992251396179199e-01,9.999963045120239258e-01,9.999976158142089844e-01,-9.999732971191406250e-01,-9.999984502792358398e-01,9.999992847442626953e-01,-9.999985694885253906e-01,9.999988675117492676e-01,9.999927878379821777e-01,-9.999878406524658203e-01,-9.999992251396179199e-01,-9.999885559082031250e-01,-9.999700188636779785e-01,9.999978542327880859e-01,-9.999989271163940430e-01,9.999878406524658203e-01,9.999985098838806152e-01,-9.999988079071044922e-01,9.999985098838806152e-01,9.999945163726806641e-01,-9.999992847442626953e-01,9.999992251396179199e-01,-9.999970197677612305e-01,9.999978542327880859e-01,-9.999992847442626953e-01,9.999620914459228516e-01,9.994971156120300293e-01,-9.999990463256835938e-01,-9.999982118606567383e-01,9.999846220016479492e-01,9.999988675117492676e-01,9.999958872795104980e-01,-9.999989271163940430e-01,9.999988675117492676e-01,-9.999988675117492676e-01,9.999988675117492676e-01,9.999794960021972656e-01,-9.999992847442626953e-01,9.999985694885253906e-01,-9.999993443489074707e-01,9.999989271163940430e-01,9.999965429306030273e-01,9.999986886978149414e-01,9.999991655349731445e-01,-9.999975562095642090e-01,-9.999989271163940430e-01,9.999985098838806152e-01,9.999920725822448730e-01,9.999969601631164551e-01,-9.999939203262329102e-01,9.999971985816955566e-01
