9.999984502792358398e-01,-9.999987483024597168e-01,-9.999920129776000977e-01,9.999982118606567383e-01,9.999989867210388184e-01,-9.999988079071044922e-01,9.999960064888000488e-01,9.999991655349731445e-01,-9.999973773956298828e-01,9.999980330467224121e-01,-9.999987483024597168e-01,-9.999989867210388184e-01,9.999982118606567383e-01,9.999985098838806152e-01,9.999884963035583496e-01,9.999969601631164551e-01,9.999975562095642090e-01,-9.999986886978149414e-01,9.999935626983642578e-01,-9.999992251396179199e-01,-9.999990463256835938e-01,9.999914169311523438e-01,9.999986290931701660e-01,9.999983906745910645e-01,9.999891519546508789e-01,9.999991655349731445e-01,-9.999985098838806152e-01,-9.999989867210388184e-01,9.999865293502807617e-01,-9.999955892562866211e-01,-9.999931454658508301e-01,-9.999985694885253906e-01,9.999908208847045898e-01,9.999967813491821289e-01,-9.999975562095642090e-01,-9.999067187309265137e-01,9.999990463256835938e-01,9.999986886978149414e-01,9.999926090240478516e-01,-9.999988675117492676e-01,9.999987483024597168e-01,-9.999954700469970703e-01,9.999767541885375977e-01,9.999989271163940430e-01,9.999983310699462891e-01,9.999983906745910645e-01,-9.999918341636657715e-01,9.999983906745910645e-01,9.999987483024597168e-01,-9.999986290931701660e-01,-9.999988079071044922e-01,-9.999981522560119629e-01,-9.999989271163940430e-01,-9.999924898147583008e-01,-9.999979734420776367e-01,-9.999981522560119629e-01,-9.999961256980895996e-01,9.999434947967529297e-01,9.999975562095642090e-01,9.999983906745910645e-01,-9.999984502792358398e-01,9.999989867210388184e-01,9.999983906745910645e-01,9.999953508377075195e-01,-9.999956488609313965e-01,-9.999989867210388184e-01,-9.999992251396179199e-01,-9.999958276748657227e-01,-9.999989867210388184e-01,9.999986886978149414e-01,-9.999988079071044922e-01,9.999980330467224121e-01,9.999942779541015625e-01,-9.999934434890747070e-01,-9.999675154685974121e-01,-9.999983906745910645e-01,9.999931454658508301e-01,9.999987483024597168e-01,-9.999942779541015625e-01,-9.999966025352478027e-01,9.999031424522399902e-01,9.999978542327880859e-01,-9.999988675117492676e-01,9.999976158142089844e-01,-9.999982714653015137e-01,-9.999888539314270020e-01,9.999859929084777832e-01,9.999989867210388184e-01,9.999766349792480469e-01,9.999856352806091309e-01,-9.999973177909851074e-01,9.999984502792358398e-01,-9.999803304672241211e-01,-9.999979734420776367e-01,9.999983310699462891e-01,-9.999979734420776367e-01,-9.999920725822448730e-01,9.999990463256835938e-01,-9.999988675117492676e-01,9.999942183494567871e-01,-9.999969005584716797e-01,9.999989271163940430e-01,-9.999603033065795898e-01,-9.998996853828430176e-01,9.999986290931701660e-01,9.999973177909851074e-01,-9.999729990959167480e-01,-9.999983310699462891e-01,-9.999939203262329102e-01,9.999985694885253906e-01,-9.999985098838806152e-01,9.999984502792358398e-01,-9.999983906745910645e-01,-9.999768733978271484e-01,9.999991059303283691e-01,-9.999981522560119629e-01,9.999989867210388184e-01,-9.999985098838806152e-01,-9.999948740005493164e-01,-9.999980330467224121e-01,-9.999988675117492676e-01,9.999963045120239258e-01,9.999984502792358398e-01,-9.999976754188537598e-01,-9.999867081642150879e-01,-9.999957084655761719e-01,9.999909996986389160e-01,-9.999963641166687012e-01
-9.999987483024597168e-01,9.999988675117492676e-01,9.999934434890747070e-01,-9.999984502792358398e-01,-9.999991655349731445e-01,9.999990463256835938e-01,-9.999966025352478027e-01,-9.999992251396179199e-01,9.999978542327880859e-01,-9.999982714653015137e-01,9.999989271163940430e-01,9.999991655349731445e-01,-9.999984502792358398e-01,-9.999987483024597168e-01,-9.999904632568359375e-01,-9.999975562095642090e-01,-9.999979138374328613e-01,9.999988675117492676e-01,-9.999946951866149902e-01,9.999992847442626953e-01,9.999992251396179199e-01,-9.999928474426269531e-01,-9.999986886978149414e-01,-9.999986886978149414e-01,-9.999911189079284668e-01,-9.999992251396179199e-01,9.999986886978149414e-01,9.999991655349731445e-01,-9.999889135360717773e-01,9.999963641166687012e-01,9.999942779541015625e-01,9.999987483024597168e-01,-9.999924302101135254e-01,-9.999973177909851074e-01,9.999979734420776367e-01,9.999233484268188477e-01,-9.999992251396179199e-01,-9.999988675117492676e-01,-9.999938011169433594e-01,9.999990463256835938e-01,-9.999989271163940430e-01,9.999961853027343750e-01,-9.999808669090270996e-01,-9.999991059303283691e-01,-9.999986290931701660e-01,-9.999985694885253906e-01,9.999931454658508301e-01,-9.999986886978149414e-01,-9.999989867210388184e-01,9.999988675117492676e-01,9.999990463256835938e-01,9.999983906745910645e-01,9.999992251396179199e-01,9.999938607215881348e-01,9.999982714653015137e-01,9.999983906745910645e-01,9.999967813491821289e-01,-9.999536275863647461e-01,-9.999979138374328613e-01,-9.999986886978149414e-01,9.999986886978149414e-01,-9.999992251396179199e-01,-9.999985694885253906e-01,-9.999960064888000488e-01,9.999963641166687012e-01,9.999991059303283691e-01,9.999992251396179199e-01,9.999964237213134766e-01,9.999991655349731445e-01,-9.999989271163940430e-01,9.999990463256835938e-01,-9.999983906745910645e-01,-9.999952316284179688e-01,9.999946355819702148e-01,9.999733567237854004e-01,9.999986290931701660e-01,-9.999943375587463379e-01,-9.999989271163940430e-01,9.999953508377075195e-01,9.999971389770507812e-01,-9.999204277992248535e-01,-9.999982118606567383e-01,9.999989867210388184e-01,-9.999979734420776367e-01,9.999985098838806152e-01,9.999907612800598145e-01,-9.999884963035583496e-01,-9.999991655349731445e-01,-9.999807476997375488e-01,-9.999880790710449219e-01,9.999977350234985352e-01,-9.999987483024597168e-01,9.999837279319763184e-01,9.999982714653015137e-01,-9.999985694885253906e-01,9.999983906745910645e-01,9.999935030937194824e-01,-9.999991059303283691e-01,9.999991059303283691e-01,-9.999951124191284180e-01,9.999974370002746582e-01,-9.999991655349731445e-01,9.999673962593078613e-01,9.999175667762756348e-01,-9.999988675117492676e-01,-9.999977946281433105e-01,9.999778866767883301e-01,9.999986290931701660e-01,9.999949932098388672e-01,-9.999987483024597168e-01,9.999987483024597168e-01,-9.999986886978149414e-01,9.999986886978149414e-01,9.999809265136718750e-01,-9.999992251396179199e-01,9.999983906745910645e-01,-9.999991655349731445e-01,9.999986886978149414e-01,9.999957680702209473e-01,9.999983906745910645e-01,9.999989867210388184e-01,-9.999969005584716797e-01,-9.999987483024597168e-01,9.999980926513671875e-01,9.999890923500061035e-01,9.999963641166687012e-01,-9.999924302101135254e-01,9.999969005584716797e-01
-9.999920129776000977e-01,9.999934434890747070e-01,9.999603033065795898e-01,-9.999910593032836914e-01,-9.999948143959045410e-01,9.999940395355224609e-01,-9.999800324440002441e-01,-9.999952912330627441e-01,9.999873638153076172e-01,-9.999898672103881836e-01,9.999935626983642578e-01,9.999946951866149902e-01,-9.999908804893493652e-01,-9.999926090240478516e-01,-9.999426007270812988e-01,-9.999854564666748047e-01,-9.999877810478210449e-01,9.999931454658508301e-01,-9.999680519104003906e-01,9.999954700469970703e-01,9.999950528144836426e-01,-9.999573826789855957e-01,-9.999927282333374023e-01,-9.999921917915344238e-01,-9.999462962150573730e-01,-9.999951124191284180e-01,9.999923110008239746e-01,9.999946951866149902e-01,-9.999331235885620117e-01,9.999784827232360840e-01,9.999654889106750488e-01,9.999926090240478516e-01,-9.999541640281677246e-01,-9.999842643737792969e-01,9.999879598617553711e-01,9.995383024215698242e-01,-9.999951720237731934e-01,-9.999932646751403809e-01,-9.999632239341735840e-01,9.999946355819702148e-01,-9.999933838844299316e-01,9.999768733978271484e-01,-9.998845458030700684e-01,-9.999943971633911133e-01,-9.999918341636657715e-01,-9.999917149543762207e-01,9.999592304229736328e-01,-9.999922513961791992e-01,-9.999940991401672363e-01,9.999930858612060547e-01,9.999939799308776855e-01,9.999908208847045898e-01,9.999945759773254395e-01,9.999627470970153809e-01,9.999898076057434082e-01,9.999910593032836914e-01,9.999810457229614258e-01,-9.997205138206481934e-01,-9.999876618385314941e-01,-9.999922513961791992e-01,9.999919533729553223e-01,-9.999949336051940918e-01,-9.999920725822448730e-01,-9.999769926071166992e-01,9.999782443046569824e-01,9.999943375587463379e-01,9.999952912330627441e-01,9.999794960021972656e-01,9.999947547912597656e-01,-9.999935626983642578e-01,9.999940395355224609e-01,-9.999902248382568359e-01,-9.999717473983764648e-01,9.999669790267944336e-01,9.998390674591064453e-01,9.999918341636657715e-01,-9.999655485153198242e-01,-9.999939203262329102e-01,9.999718070030212402e-01,9.999828338623046875e-01,-9.995204806327819824e-01,-9.999888539314270020e-01,9.999943971633911133e-01,-9.999881386756896973e-01,9.999915957450866699e-01,9.999443292617797852e-01,-9.999301433563232422e-01,-9.999948740005493164e-01,-9.998837709426879883e-01,-9.999282360076904297e-01,9.999865889549255371e-01,-9.999921917915344238e-01,9.999021291732788086e-01,9.999896883964538574e-01,-9.999918937683105469e-01,9.999899864196777344e-01,9.999606013298034668e-01,-9.999950528144836426e-01,9.999943375587463379e-01,-9.999708533287048340e-01,9.999848008155822754e-01,-9.999942183494567871e-01,9.998033642768859863e-01,9.995034933090209961e-01,-9.999933242797851562e-01,-9.999870657920837402e-01,9.998663663864135742e-01,9.999914765357971191e-01,9.999698996543884277e-01,-9.999927282333374023e-01,9.999920129776000977e-01,-9.999923110008239746e-01,9.999917149543762207e-01,9.998848438262939453e-01,-9.999951720237731934e-01,9.999904632568359375e-01,-9.999948740005493164e-01,9.999926686286926270e-01,9.999743700027465820e-01,9.999905228614807129e-01,9.999942183494567871e-01,-9.999815225601196289e-01,-9.999926090240478516e-01,9.999886155128479004e-01,9.999341964721679688e-01,9.999783635139465332e-01,-9.999549984931945801e-01,9.999822378158569336e-01
9.999982118606567383e-01,-9.999984502792358398e-01,-9.999910593032836914e-01,9.999979734420776367e-01,9.999987483024597168e-01,-9.999985694885253906e-01,9.999954700469970703e-01,9.999989271163940430e-01,-9.999970793724060059e-01,9.999976754188537598e-01,-9.999984502792358398e-01,-9.999987483024597168e-01,9.999979138374328613e-01,9.999982118606567383e-01,9.999871253967285156e-01,9.999966621398925781e-01,9.999971389770507812e-01,-9.999984502792358398e-01,9.999929070472717285e-01,-9.999989867210388184e-01,-9.999988675117492676e-01,9.999904632568359375e-01,9.999982714653015137e-01,9.999981522560119629e-01,9.999879598617553711e-01,9.999988079071044922e-01,-9.999982118606567383e-01,-9.999987483024597168e-01,9.999850988388061523e-01,-9.999951124191284180e-01,-9.999923110008239746e-01,-9.999982118606567383e-01,9.999897480010986328e-01,9.999964237213134766e-01,-9.999972581863403320e-01,-9.998968839645385742e-01,9.999988675117492676e-01,9.999983906745910645e-01,9.999917149543762207e-01,-9.999986886978149414e-01,9.999983906745910645e-01,-9.999948143959045410e-01,9.999742507934570312e-01,9.999985694885253906e-01,9.999981522560119629e-01,9.999980330467224121e-01,-9.999908804893493652e-01,9.999982714653015137e-01,9.999985098838806152e-01,-9.999983310699462891e-01,-9.999985694885253906e-01,-9.999978542327880859e-01,-9.999987483024597168e-01,-9.999915957450866699e-01,-9.999976158142089844e-01,-9.999978542327880859e-01,-9.999957680702209473e-01,9.999376535415649414e-01,9.999971389770507812e-01,9.999981522560119629e-01,-9.999981522560119629e-01,9.999988079071044922e-01,9.999980926513671875e-01,9.999948143959045410e-01,-9.999951720237731934e-01,-9.999986886978149414e-01,-9.999988675117492676e-01,-9.999953508377075195e-01,-9.999988079071044922e-01,9.999985694885253906e-01,-9.999985694885253906e-01,9.999977350234985352e-01,9.999936223030090332e-01,-9.999926686286926270e-01,-9.999640583992004395e-01,-9.999981522560119629e-01,9.999923110008239746e-01,9.999985694885253906e-01,-9.999936223030090332e-01,-9.999960064888000488e-01,9.998930096626281738e-01,9.999974370002746582e-01,-9.999986290931701660e-01,9.999972581863403320e-01,-9.999980926513671875e-01,-9.999876022338867188e-01,9.999844431877136230e-01,9.999988079071044922e-01,9.999741315841674805e-01,9.999839663505554199e-01,-9.999968409538269043e-01,9.999982118606567383e-01,-9.999781250953674316e-01,-9.999975562095642090e-01,9.999980330467224121e-01,-9.999977350234985352e-01,-9.999911785125732422e-01,9.999988079071044922e-01,-9.999986886978149414e-01,9.999933838844299316e-01,-9.999964833259582520e-01,9.999986886978149414e-01,-9.999561309814453125e-01,-9.998891949653625488e-01,9.999983906745910645e-01,9.999969005584716797e-01,-9.999702572822570801e-01,-9.999980330467224121e-01,-9.999932646751403809e-01,9.999983310699462891e-01,-9.999981522560119629e-01,9.999981522560119629e-01,-9.999980926513671875e-01,-9.999742507934570312e-01,9.999988675117492676e-01,-9.999977946281433105e-01,9.999988079071044922e-01,-9.999982118606567383e-01,-9.999942183494567871e-01,-9.999977946281433105e-01,-9.999986290931701660e-01,9.999958276748657227e-01,9.999982118606567383e-01,-9.999974370002746582e-01,-9.999853372573852539e-01,-9.999951124191284180e-01,9.999899268150329590e-01,-9.999960064888000488e-01
9.999989867210388184e-01,-9.999991655349731445e-01,-9.999948143959045410e-01,9.999987483024597168e-01,9.999993443489074707e-01,-9.999992251396179199e-01,9.999973773956298828e-01,9.999994635581970215e-01,-9.999983906745910645e-01,9.999986886978149414e-01,-9.999991655349731445e-01,-9.999993443489074707e-01,9.999988675117492676e-01,9.999991655349731445e-01,9.999924302101135254e-01,9.999980330467224121e-01,9.999984502792358398e-01,-9.999991059303283691e-01,9.999957680702209473e-01,-9.999994039535522461e-01,-9.999994635581970215e-01,9.999942779541015625e-01,9.999991059303283691e-01,9.999989271163940430e-01,9.999929070472717285e-01,9.999994039535522461e-01,-9.999989867210388184e-01,-9.999993443489074707e-01,9.999911785125732422e-01,-9.999971389770507812e-01,-9.999954104423522949e-01,-9.999991655349731445e-01,9.999939203262329102e-01,9.999979734420776367e-01,-9.999984502792358398e-01,-9.999388456344604492e-01,9.999994039535522461e-01,9.999991655349731445e-01,9.999951720237731934e-01,-9.999992251396179199e-01,9.999991655349731445e-01,-9.999969005584716797e-01,9.999848604202270508e-01,9.999992847442626953e-01,9.999989867210388184e-01,9.999989271163940430e-01,-9.999946355819702148e-01,9.999989867210388184e-01,9.999992847442626953e-01,-9.999991059303283691e-01,-9.999993443489074707e-01,-9.999988079071044922e-01,-9.999994039535522461e-01,-9.999950528144836426e-01,-9.999986886978149414e-01,-9.999988079071044922e-01,-9.999974370002746582e-01,9.999630451202392578e-01,9.999983310699462891e-01,9.999989271163940430e-01,-9.999989867210388184e-01,9.999993443489074707e-01,9.999988675117492676e-01,9.999968409538269043e-01,-9.999970793724060059e-01,-9.999992847442626953e-01,-9.999994039535522461e-01,-9.999972581863403320e-01,-9.999994039535522461e-01,9.999991655349731445e-01,-9.999993443489074707e-01,9.999986886978149414e-01,9.999961853027343750e-01,-9.999957084655761719e-01,-9.999787211418151855e-01,-9.999988675117492676e-01,9.999955296516418457e-01,9.999992251396179199e-01,-9.999961853027343750e-01,-9.999976754188537598e-01,9.999364614486694336e-01,9.999985694885253906e-01,-9.999992847442626953e-01,9.999983906745910645e-01,-9.999988675117492676e-01,-9.999926686286926270e-01,9.999908208847045898e-01,9.999994039535522461e-01,9.999846220016479492e-01,9.999905228614807129e-01,-9.999982118606567383e-01,9.999989271163940430e-01,-9.999870657920837402e-01,-9.999986886978149414e-01,9.999988675117492676e-01,-9.999986290931701660e-01,-9.999948143959045410e-01,9.999992847442626953e-01,-9.999993443489074707e-01,9.999960660934448242e-01,-9.999979734420776367e-01,9.999992847442626953e-01,-9.999739527702331543e-01,-9.999342560768127441e-01,9.999991655349731445e-01,9.999982714653015137e-01,-9.999823570251464844e-01,-9.999989271163940430e-01,-9.999959468841552734e-01,9.999991059303283691e-01,-9.999989867210388184e-01,9.999989867210388184e-01,-9.999989271163940430e-01,-9.999848008155822754e-01,9.999993443489074707e-01,-9.999986886978149414e-01,9.999994039535522461e-01,-9.999990463256835938e-01,-9.999965429306030273e-01,-9.999987483024597168e-01,-9.999992847442626953e-01,9.999974966049194336e-01,9.999990463256835938e-01,-9.999984502792358398e-01,-9.999912977218627930e-01,-9.999970793724060059e-01,9.999940395355224609e-01,-9.999976158142089844e-01
-9.999988079071044922e-01,9.999990463256835938e-01,9.999940395355224609e-01,-9.999985694885253906e-01,-9.999992251396179199e-01,9.999991655349731445e-01,-9.999970197677612305e-01,-9.999993443489074707e-01,9.999980926513671875e-01,-9.999984502792358398e-01,9.999991059303283691e-01,9.999992251396179199e-01,-9.999986290931701660e-01,-9.999988675117492676e-01,-9.999914765357971191e-01,-9.999977946281433105e-01,-9.999981522560119629e-01,9.999989867210388184e-01,-9.999952316284179688e-01,9.999993443489074707e-01,9.999992847442626953e-01,-9.999936223030090332e-01,-9.999989271163940430e-01,-9.999987483024597168e-01,-9.999919533729553223e-01,-9.999992847442626953e-01,9.999988675117492676e-01,9.999991655349731445e-01,-9.999900460243225098e-01,9.999966621398925781e-01,9.999948740005493164e-01,9.999988675117492676e-01,-9.999931454658508301e-01,-9.999976158142089844e-01,9.999981522560119629e-01,9.999309182167053223e-01,-9.999992847442626953e-01,-9.999989867210388184e-01,-9.999944567680358887e-01,9.999992251396179199e-01,-9.999990463256835938e-01,9.999966025352478027e-01,-9.999827742576599121e-01,-9.999992251396179199e-01,-9.999987483024597168e-01,-9.999988079071044922e-01,9.999939203262329102e-01,-9.999988079071044922e-01,-9.999991655349731445e-01,9.999989271163940430e-01,9.999991655349731445e-01,9.999986290931701660e-01,9.999992251396179199e-01,9.999943375587463379e-01,9.999984502792358398e-01,9.999985694885253906e-01,9.999971985816955566e-01,-9.999582171440124512e-01,-9.999981522560119629e-01,-9.999988079071044922e-01,9.999988079071044922e-01,-9.999992847442626953e-01,-9.999987483024597168e-01,-9.999964237213134766e-01,9.999967217445373535e-01,9.999991655349731445e-01,9.999993443489074707e-01,9.999969005584716797e-01,9.999993443489074707e-01,-9.999991059303283691e-01,9.999992251396179199e-01,-9.999985098838806152e-01,-9.999957084655761719e-01,9.999950528144836426e-01,9.999760389328002930e-01,9.999987483024597168e-01,-9.999948740005493164e-01,-9.999990463256835938e-01,9.999957680702209473e-01,9.999973773956298828e-01,-9.999282956123352051e-01,-9.999982714653015137e-01,9.999992251396179199e-01,-9.999982118606567383e-01,9.999986290931701660e-01,9.999916553497314453e-01,-9.999895691871643066e-01,-9.999992251396179199e-01,-9.999826550483703613e-01,-9.999892711639404297e-01,9.999979734420776367e-01,-9.999988675117492676e-01,9.999853968620300293e-01,9.999985098838806152e-01,-9.999986886978149414e-01,9.999984502792358398e-01,9.999940395355224609e-01,-9.999992251396179199e-01,9.999992847442626953e-01,-9.999955892562866211e-01,9.999976754188537598e-01,-9.999991655349731445e-01,9.999706149101257324e-01,9.999257326126098633e-01,-9.999989271163940430e-01,-9.999980330467224121e-01,9.999800324440002441e-01,9.999986886978149414e-01,9.999955296516418457e-01,-9.999989271163940430e-01,9.999988675117492676e-01,-9.999987483024597168e-01,9.999988079071044922e-01,9.999828338623046875e-01,-9.999993443489074707e-01,9.999985098838806152e-01,-9.999993443489074707e-01,9.999988675117492676e-01,9.999961256980895996e-01,9.999985694885253906e-01,9.999991655349731445e-01,-9.999971985816955566e-01,-9.999988675117492676e-01,9.999982714653015137e-01,9.999902248382568359e-01,9.999967217445373535e-01,-9.999932646751403809e-01,9.999973177909851074e-01
9.999960064888000488e-01,-9.999966025352478027e-01,-9.999800324440002441e-01,9.999954700469970703e-01,9.999973773956298828e-01,-9.999970197677612305e-01,9.999899268150329590e-01,9.999976158142089844e-01,-9.999936819076538086e-01,9.999948143959045410e-01,-9.999967813491821289e-01,-9.999973177909851074e-01,9.999954700469970703e-01,9.999963045120239258e-01,9.999710321426391602e-01,9.999926090240478516e-01,9.999939203262329102e-01,-9.999966025352478027e-01,9.999838471412658691e-01,-9.999976754188537598e-01,-9.999974966049194336e-01,9.999784231185913086e-01,9.999963641166687012e-01,9.999960064888000488e-01,9.999728202819824219e-01,9.999975562095642090e-01,-9.999960064888000488e-01,-9.999972581863403320e-01,9.999662041664123535e-01,-9.999891519546508789e-01,-9.999826550483703613e-01,-9.999961256980895996e-01,9.999768733978271484e-01,9.999921321868896484e-01,-9.999938607215881348e-01,-9.997668266296386719e-01,9.999974966049194336e-01,9.999966621398925781e-01,9.999814033508300781e-01,-9.999971985816955566e-01,9.999966025352478027e-01,-9.999883770942687988e-01,9.999415874481201172e-01,9.999971389770507812e-01,9.999958872795104980e-01,9.999957680702209473e-01,-9.999794363975524902e-01,9.999960064888000488e-01,9.999970197677612305e-01,-9.999963641166687012e-01,-9.999970197677612305e-01,-9.999954104423522949e-01,-9.999972581863403320e-01,-9.999812245368957520e-01,-9.999948740005493164e-01,-9.999954700469970703e-01,-9.999904036521911621e-01,9.998588562011718750e-01,9.999939203262329102e-01,9.999959468841552734e-01,-9.999959468841552734e-01,9.999974370002746582e-01,9.999959468841552734e-01,9.999884366989135742e-01,-9.999890327453613281e-01,-9.999970793724060059e-01,-9.999976158142089844e-01,-9.999896287918090820e-01,-9.999972581863403320e-01,9.999967217445373535e-01,-9.999969601631164551e-01,9.999951124191284180e-01,9.999857544898986816e-01,-9.999833703041076660e-01,-9.999186396598815918e-01,-9.999958276748657227e-01,9.999826550483703613e-01,9.999969005584716797e-01,-9.999857544898986816e-01,-9.999913573265075684e-01,9.997577667236328125e-01,9.999943971633911133e-01,-9.999971389770507812e-01,9.999939799308776855e-01,-9.999956488609313965e-01,-9.999719262123107910e-01,9.999647140502929688e-01,9.999973773956298828e-01,9.999412894248962402e-01,9.999637603759765625e-01,-9.999932050704956055e-01,9.999960660934448242e-01,-9.999505281448364258e-01,-9.999948143959045410e-01,9.999958276748657227e-01,-9.999949336051940918e-01,-9.999801516532897949e-01,9.999974966049194336e-01,-9.999971389770507812e-01,9.999852776527404785e-01,-9.999923110008239746e-01,9.999969601631164551e-01,-9.999005198478698730e-01,-9.997491836547851562e-01,9.999965429306030273e-01,9.999934434890747070e-01,-9.999324083328247070e-01,-9.999957084655761719e-01,-9.999848008155822754e-01,9.999963045120239258e-01,-9.999960064888000488e-01,9.999960660934448242e-01,-9.999957680702209473e-01,-9.999418258666992188e-01,9.999975562095642090e-01,-9.999951124191284180e-01,9.999974370002746582e-01,-9.999963641166687012e-01,-9.999870657920837402e-01,-9.999952316284179688e-01,-9.999970197677612305e-01,9.999906420707702637e-01,9.999962449073791504e-01,-9.999942183494567871e-01,-9.999668002128601074e-01,-9.999890327453613281e-01,9.999772906303405762e-01,-9.999910593032836914e-01
9.999991655349731445e-01,-9.999992251396179199e-01,-9.999952912330627441e-01,9.999989271163940430e-01,9.999994635581970215e-01,-9.999993443489074707e-01,9.999976158142089844e-01,9.999995231628417969e-01,-9.999984502792358398e-01,9.999987483024597168e-01,-9.999993443489074707e-01,-9.999994635581970215e-01,9.999989271163940430e-01,9.999991655349731445e-01,9.999930858612060547e-01,9.999982118606567383e-01,9.999985694885253906e-01,-9.999992251396179199e-01,9.999961256980895996e-01,-9.999995231628417969e-01,-9.999995231628417969e-01,9.999948740005493164e-01,9.999991655349731445e-01,9.999991059303283691e-01,9.999936819076538086e-01,9.999994635581970215e-01,-9.999991059303283691e-01,-9.999994039535522461e-01,9.999920129776000977e-01,-9.999973177909851074e-01,-9.999958872795104980e-01,-9.999991655349731445e-01,9.999945163726806641e-01,9.999982118606567383e-01,-9.999986290931701660e-01,-9.999445080757141113e-01,9.999994635581970215e-01,9.999993443489074707e-01,9.999955892562866211e-01,-9.999994039535522461e-01,9.999993443489074707e-01,-9.999971985816955566e-01,9.999862313270568848e-01,9.999993443489074707e-01,9.999990463256835938e-01,9.999990463256835938e-01,-9.999951124191284180e-01,9.999991059303283691e-01,9.999993443489074707e-01,-9.999991655349731445e-01,-9.999992847442626953e-01,-9.999988675117492676e-01,-9.999994635581970215e-01,-9.999954700469970703e-01,-9.999987483024597168e-01,-9.999989271163940430e-01,-9.999977350234985352e-01,9.999665021896362305e-01,9.999985098838806152e-01,9.999991059303283691e-01,-9.999991655349731445e-01,9.999994635581970215e-01,9.999991059303283691e-01,9.999971389770507812e-01,-9.999973773956298828e-01,-9.999994039535522461e-01,-9.999994635581970215e-01,-9.999974370002746582e-01,-9.999994635581970215e-01,9.999992847442626953e-01,-9.999992847442626953e-01,9.999988079071044922e-01,9.999965429306030273e-01,-9.999960660934448242e-01,-9.999806880950927734e-01,-9.999991655349731445e-01,9.999960064888000488e-01,9.999992847442626953e-01,-9.999965429306030273e-01,-9.999979138374328613e-01,9.999423623085021973e-01,9.999986886978149414e-01,-9.999993443489074707e-01,9.999985694885253906e-01,-9.999989867210388184e-01,-9.999933242797851562e-01,9.999916553497314453e-01,9.999994635581970215e-01,9.999860525131225586e-01,9.999914765357971191e-01,-9.999983310699462891e-01,9.999991059303283691e-01,-9.999882578849792480e-01,-9.999988079071044922e-01,9.999990463256835938e-01,-9.999987483024597168e-01,-9.999952912330627441e-01,9.999993443489074707e-01,-9.999994039535522461e-01,9.999964237213134766e-01,-9.999981522560119629e-01,9.999994039535522461e-01,-9.999765157699584961e-01,-9.999403357505798340e-01,9.999992251396179199e-01,9.999984502792358398e-01,-9.999839663505554199e-01,-9.999989867210388184e-01,-9.999963045120239258e-01,9.999991655349731445e-01,-9.999991655349731445e-01,9.999991059303283691e-01,-9.999990463256835938e-01,-9.999861717224121094e-01,9.999994635581970215e-01,-9.999988079071044922e-01,9.999994635581970215e-01,-9.999991655349731445e-01,-9.999969005584716797e-01,-9.999988675117492676e-01,-9.999993443489074707e-01,9.999977946281433105e-01,9.999991655349731445e-01,-9.999986290931701660e-01,-9.999922513961791992e-01,-9.999973773956298828e-01,9.999946951866149902e-01,-9.999978542327880859e-01
-9.999973773956298828e-01,9.999978542327880859e-01,9.999873638153076172e-01,-9.999970793724060059e-01,-9.999983906745910645e-01,9.999980926513671875e-01,-9.999936819076538086e-01,-9.999984502792358398e-01,9.999959468841552734e-01,-9.999967217445373535e-01,9.999979138374328613e-01,9.999983906745910645e-01,-9.999971389770507812e-01,-9.999976158142089844e-01,-9.999817013740539551e-01,-9.999953508377075195e-01,-9.999960660934448242e-01,9.999977946281433105e-01,-9.999898076057434082e-01,9.999986290931701660e-01,9.999984502792358398e-01,-9.999864697456359863e-01,-9.999976754188537598e-01,-9.999974966049194336e-01,-9.999828934669494629e-01,-9.999985098838806152e-01,9.999974966049194336e-01,9.999982118606567383e-01,-9.999787211418151855e-01,9.999930262565612793e-01,9.999890327453613281e-01,9.999975562095642090e-01,-9.999854564666748047e-01,-9.999949932098388672e-01,9.999961853027343750e-01,9.998529553413391113e-01,-9.999984502792358398e-01,-9.999978542327880859e-01,-9.999882578849792480e-01,9.999981522560119629e-01,-9.999978542327880859e-01,9.999926090240478516e-01,-9.999631047248840332e-01,-9.999982118606567383e-01,-9.999973773956298828e-01,-9.999973177909851074e-01,9.999869465827941895e-01,-9.999974966049194336e-01,-9.999981522560119629e-01,9.999977350234985352e-01,9.999980330467224121e-01,9.999970793724060059e-01,9.999983310699462891e-01,9.999881386756896973e-01,9.999966621398925781e-01,9.999970197677612305e-01,9.999939799308776855e-01,-9.999110102653503418e-01,-9.999958872795104980e-01,-9.999974370002746582e-01,9.999974370002746582e-01,-9.999983906745910645e-01,-9.999973773956298828e-01,-9.999926090240478516e-01,9.999930858612060547e-01,9.999981522560119629e-01,9.999984502792358398e-01,9.999934434890747070e-01,9.999983906745910645e-01,-9.999979138374328613e-01,9.999980330467224121e-01,-9.999967813491821289e-01,-9.999909400939941406e-01,9.999895095825195312e-01,9.999486804008483887e-01,9.999973177909851074e-01,-9.999890923500061035e-01,-9.999979138374328613e-01,9.999909996986389160e-01,9.999945163726806641e-01,-9.998472929000854492e-01,-9.999963641166687012e-01,9.999980926513671875e-01,-9.999961853027343750e-01,9.999972581863403320e-01,9.999822974205017090e-01,-9.999778270721435547e-01,-9.999983310699462891e-01,-9.999629855155944824e-01,-9.999772310256958008e-01,9.999957084655761719e-01,-9.999974370002746582e-01,9.999688863754272461e-01,9.999966621398925781e-01,-9.999973177909851074e-01,9.999967217445373535e-01,9.999874830245971680e-01,-9.999983906745910645e-01,9.999981522560119629e-01,-9.999907016754150391e-01,9.999951720237731934e-01,-9.999982118606567383e-01,9.999372959136962891e-01,9.998418092727661133e-01,-9.999978542327880859e-01,-9.999958276748657227e-01,9.999574422836303711e-01,9.999971985816955566e-01,9.999904036521911621e-01,-9.999976754188537598e-01,9.999974966049194336e-01,-9.999974966049194336e-01,9.999973177909851074e-01,9.999633431434631348e-01,-9.999984502792358398e-01,9.999969601631164551e-01,-9.999983310699462891e-01,9.999976158142089844e-01,9.999918341636657715e-01,9.999969601631164551e-01,9.999981522560119629e-01,-9.999940991401672363e-01,-9.999975562095642090e-01,9.999961853027343750e-01,9.999790787696838379e-01,9.999930858612060547e-01,-9.999855756759643555e-01,9.999943375587463379e-01
9.999980330467224121e-01,-9.999982714653015137e-01,-9.999898672103881836e-01,9.999976754188537598e-01,9.999986886978149414e-01,-9.999984502792358398e-01,9.999948143959045410e-01,9.999987483024597168e-01,-9.999967217445373535e-01,9.999974370002746582e-01,-9.999983310699462891e-01,-9.999986290931701660e-01,9.999976754188537598e-01,9.999982118606567383e-01,9.999852180480957031e-01,9.999961853027343750e-01,9.999969005584716797e-01,-9.999982118606567383e-01,9.999917745590209961e-01,-9.999988079071044922e-01,-9.999987483024597168e-01,9.999890327453613281e-01,9.999980926513671875e-01,9.999979734420776367e-01,9.999862313270568848e-01,9.999988079071044922e-01,-9.999980330467224121e-01,-9.999986290931701660e-01,9.999828338623046875e-01,-9.999943971633911133e-01,-9.999911785125732422e-01,-9.999980330467224121e-01,9.999882578849792480e-01,9.999960064888000488e-01,-9.999969005584716797e-01,-9.998813271522521973e-01,9.999987483024597168e-01,9.999982118606567383e-01,9.999905824661254883e-01,-9.999985694885253906e-01,9.999983906745910645e-01,-9.999940991401672363e-01,9.999703168869018555e-01,9.999985694885253906e-01,9.999979138374328613e-01,9.999979734420776367e-01,-9.999895095825195312e-01,9.999979734420776367e-01,9.999985098838806152e-01,-9.999982714653015137e-01,-9.999985098838806152e-01,-9.999976158142089844e-01,-9.999986290931701660e-01,-9.999904632568359375e-01,-9.999973177909851074e-01,-9.999976754188537598e-01,-9.999951720237731934e-01,9.999281764030456543e-01,9.999967813491821289e-01,9.999979734420776367e-01,-9.999979138374328613e-01,9.999987483024597168e-01,9.999979138374328613e-01,9.999940991401672363e-01,-9.999945163726806641e-01,-9.999986290931701660e-01,-9.999987483024597168e-01,-9.999946951866149902e-01,-9.999986886978149414e-01,9.999983906745910645e-01,-9.999983906745910645e-01,9.999974966049194336e-01,9.999927282333374023e-01,-9.999915957450866699e-01,-9.999586343765258789e-01,-9.999979138374328613e-01,9.999911785125732422e-01,9.999983310699462891e-01,-9.999927282333374023e-01,-9.999955892562866211e-01,9.998766183853149414e-01,9.999971389770507812e-01,-9.999985098838806152e-01,9.999969005584716797e-01,-9.999978542327880859e-01,-9.999858140945434570e-01,9.999821782112121582e-01,9.999986886978149414e-01,9.999701380729675293e-01,9.999816417694091797e-01,-9.999964833259582520e-01,9.999979734420776367e-01,-9.999748468399047852e-01,-9.999973773956298828e-01,9.999979138374328613e-01,-9.999974370002746582e-01,-9.999898672103881836e-01,9.999986290931701660e-01,-9.999985694885253906e-01,9.999923706054687500e-01,-9.999960064888000488e-01,9.999985694885253906e-01,-9.999493956565856934e-01,-9.998722076416015625e-01,9.999982714653015137e-01,9.999966025352478027e-01,-9.999656677246093750e-01,-9.999977946281433105e-01,-9.999923706054687500e-01,9.999980926513671875e-01,-9.999979734420776367e-01,9.999979734420776367e-01,-9.999978542327880859e-01,-9.999704360961914062e-01,9.999987483024597168e-01,-9.999975562095642090e-01,9.999986290931701660e-01,-9.999980926513671875e-01,-9.999935030937194824e-01,-9.999975562095642090e-01,-9.999985098838806152e-01,9.999952316284179688e-01,9.999980330467224121e-01,-9.999970197677612305e-01,-9.999831914901733398e-01,-9.999944567680358887e-01,9.999884366989135742e-01,-9.999955296516418457e-01
-9.999987483024597168e-01,9.999989271163940430e-01,9.999935626983642578e-01,-9.999984502792358398e-01,-9.999991655349731445e-01,9.999991059303283691e-01,-9.999967813491821289e-01,-9.999993443489074707e-01,9.999979138374328613e-01,-9.999983310699462891e-01,9.999989271163940430e-01,9.999991655349731445e-01,-9.999985098838806152e-01,-9.999988079071044922e-01,-9.999906420707702637e-01,-9.999975562095642090e-01,-9.999979734420776367e-01,9.999988675117492676e-01,-9.999948143959045410e-01,9.999994039535522461e-01,9.999992251396179199e-01,-9.999930858612060547e-01,-9.999988079071044922e-01,-9.999986886978149414e-01,-9.999912381172180176e-01,-9.999992251396179199e-01,9.999988079071044922e-01,9.999991655349731445e-01,-9.999891519546508789e-01,9.999964237213134766e-01,9.999943971633911133e-01,9.999987483024597168e-01,-9.999925494194030762e-01,-9.999974966049194336e-01,9.999980926513671875e-01,9.999247789382934570e-01,-9.999992251396179199e-01,-9.999988675117492676e-01,-9.999939203262329102e-01,9.999991655349731445e-01,-9.999989271163940430e-01,9.999963045120239258e-01,-9.999812245368957520e-01,-9.999991059303283691e-01,-9.999986290931701660e-01,-9.999986886978149414e-01,9.999933838844299316e-01,-9.999986886978149414e-01,-9.999991059303283691e-01,9.999989271163940430e-01,9.999990463256835938e-01,9.999985098838806152e-01,9.999991655349731445e-01,9.999939203262329102e-01,9.999983310699462891e-01,9.999984502792358398e-01,9.999968409538269043e-01,-9.999545216560363770e-01,-9.999979734420776367e-01,-9.999986290931701660e-01,9.999986290931701660e-01,-9.999992251396179199e-01,-9.999986886978149414e-01,-9.999961853027343750e-01,9.999964237213134766e-01,9.999991059303283691e-01,9.999992847442626953e-01,9.999966025352478027e-01,9.999991655349731445e-01,-9.999989271163940430e-01,9.999990463256835938e-01,-9.999983310699462891e-01,-9.999954104423522949e-01,9.999946355819702148e-01,9.999738335609436035e-01,9.999986290931701660e-01,-9.999944567680358887e-01,-9.999990463256835938e-01,9.999954104423522949e-01,9.999970793724060059e-01,-9.999218583106994629e-01,-9.999982714653015137e-01,9.999990463256835938e-01,-9.999980330467224121e-01,9.999986290931701660e-01,9.999908804893493652e-01,-9.999886155128479004e-01,-9.999991655349731445e-01,-9.999811053276062012e-01,-9.999883174896240234e-01,9.999977946281433105e-01,-9.999986886978149414e-01,9.999840855598449707e-01,9.999982714653015137e-01,-9.999985694885253906e-01,9.999983310699462891e-01,9.999935030937194824e-01,-9.999992251396179199e-01,9.999991059303283691e-01,-9.999952316284179688e-01,9.999974966049194336e-01,-9.999991059303283691e-01,9.999679327011108398e-01,9.999190568923950195e-01,-9.999988675117492676e-01,-9.999977946281433105e-01,9.999782443046569824e-01,9.999986886978149414e-01,9.999951720237731934e-01,-9.999988079071044922e-01,9.999987483024597168e-01,-9.999987483024597168e-01,9.999986290931701660e-01,9.999812841415405273e-01,-9.999992847442626953e-01,9.999983906745910645e-01,-9.999991655349731445e-01,9.999988079071044922e-01,9.999958276748657227e-01,9.999984502792358398e-01,9.999991059303283691e-01,-9.999969601631164551e-01,-9.999987483024597168e-01,9.999980926513671875e-01,9.999892711639404297e-01,9.999964237213134766e-01,-9.999926686286926270e-01,9.999970793724060059e-01
-9.999989867210388184e-01,9.999991655349731445e-01,9.999946951866149902e-01,-9.999987483024597168e-01,-9.999993443489074707e-01,9.999992251396179199e-01,-9.999973177909851074e-01,-9.999994635581970215e-01,9.999983906745910645e-01,-9.999986290931701660e-01,9.999991655349731445e-01,9.999993443489074707e-01,-9.999988079071044922e-01,-9.999990463256835938e-01,-9.999923110008239746e-01,-9.999979734420776367e-01,-9.999984502792358398e-01,9.999991059303283691e-01,-9.999957084655761719e-01,9.999994635581970215e-01,9.999993443489074707e-01,-9.999942779541015625e-01,-9.999989271163940430e-01,-9.999989271163940430e-01,-9.999927878379821777e-01,-9.999993443489074707e-01,9.999989867210388184e-01,9.999992251396179199e-01,-9.999910593032836914e-01,9.999970793724060059e-01,9.999953508377075195e-01,9.999989867210388184e-01,-9.999938607215881348e-01,-9.999978542327880859e-01,9.999983310699462891e-01,9.999379515647888184e-01,-9.999994039535522461e-01,-9.999991059303283691e-01,-9.999949932098388672e-01,9.999992847442626953e-01,-9.999992847442626953e-01,9.999969005584716797e-01,-9.999845027923583984e-01,-9.999991655349731445e-01,-9.999988675117492676e-01,-9.999988675117492676e-01,9.999945163726806641e-01,-9.999989271163940430e-01,-9.999991655349731445e-01,9.999991059303283691e-01,9.999992251396179199e-01,9.999987483024597168e-01,9.999992847442626953e-01,9.999949932098388672e-01,9.999986886978149414e-01,9.999988079071044922e-01,9.999974966049194336e-01,-9.999625086784362793e-01,-9.999983310699462891e-01,-9.999988675117492676e-01,9.999989271163940430e-01,-9.999993443489074707e-01,-9.999988675117492676e-01,-9.999967813491821289e-01,9.999971389770507812e-01,9.999992847442626953e-01,9.999994039535522461e-01,9.999971389770507812e-01,9.999993443489074707e-01,-9.999991655349731445e-01,9.999993443489074707e-01,-9.999986886978149414e-01,-9.999961256980895996e-01,9.999956488609313965e-01,9.999784231185913086e-01,9.999988675117492676e-01,-9.999954104423522949e-01,-9.999992251396179199e-01,9.999961853027343750e-01,9.999976754188537598e-01,-9.999356269836425781e-01,-9.999984502792358398e-01,9.999992847442626953e-01,-9.999983906745910645e-01,9.999988675117492676e-01,9.999925494194030762e-01,-9.999907016754150391e-01,-9.999994039535522461e-01,-9.999844431877136230e-01,-9.999904632568359375e-01,9.999980330467224121e-01,-9.999989271163940430e-01,9.999868869781494141e-01,9.999985694885253906e-01,-9.999988675117492676e-01,9.999986886978149414e-01,9.999946355819702148e-01,-9.999993443489074707e-01,9.999992847442626953e-01,-9.999960064888000488e-01,9.999979138374328613e-01,-9.999992251396179199e-01,9.999737143516540527e-01,9.999332427978515625e-01,-9.999991655349731445e-01,-9.999982118606567383e-01,9.999820590019226074e-01,9.999988675117492676e-01,9.999959468841552734e-01,-9.999990463256835938e-01,9.999989867210388184e-01,-9.999988675117492676e-01,9.999988675117492676e-01,9.999845623970031738e-01,-9.999992847442626953e-01,9.999986886978149414e-01,-9.999993443489074707e-01,9.999990463256835938e-01,9.999966025352478027e-01,9.999986886978149414e-01,9.999991655349731445e-01,-9.999974966049194336e-01,-9.999989867210388184e-01,9.999984502792358398e-01,9.999912381172180176e-01,9.999970197677612305e-01,-9.999939799308776855e-01,9.999974966049194336e-01
