9.999979734420776367e-01,-9.999983310699462891e-01,-9.999943375587463379e-01,9.999986290931701660e-01,9.999987483024597168e-01,-9.999982118606567383e-01,-9.999912977218627930e-01,9.999988079071044922e-01,-9.999966621398925781e-01,9.999960660934448242e-01,9.997758865356445312e-01,-9.999983310699462891e-01,9.999985098838806152e-01,9.999878406524658203e-01,-9.999809861183166504e-01,9.999962449073791504e-01,9.999974370002746582e-01,-9.999759793281555176e-01,9.999911189079284668e-01,-9.999989867210388184e-01,-9.999985098838806152e-01,9.999889731407165527e-01,9.999948740005493164e-01,9.999968409538269043e-01,-9.999964237213134766e-01,9.999989867210388184e-01,-9.999969601631164551e-01,-9.999986290931701660e-01,9.999884366989135742e-01,9.999929666519165039e-01,-9.999983310699462891e-01,-9.999983906745910645e-01,9.999981522560119629e-01,9.999973773956298828e-01,-9.999969601631164551e-01,-9.999949932098388672e-01,9.999986290931701660e-01,9.999986886978149414e-01,9.999947547912597656e-01,-9.999984502792358398e-01,9.999983310699462891e-01,-9.999958872795104980e-01,9.999800324440002441e-01,9.999985098838806152e-01,9.999966025352478027e-01,9.999982714653015137e-01,9.999960660934448242e-01,9.999884366989135742e-01,9.999985694885253906e-01,-9.999985694885253906e-01,-9.999982118606567383e-01,-9.999957680702209473e-01,-9.999980926513671875e-01,-9.999377131462097168e-01,-9.999974370002746582e-01,-9.999613761901855469e-01,-9.999971389770507812e-01,-9.999938607215881348e-01,9.999979138374328613e-01,9.999859333038330078e-01,-9.999898076057434082e-01,9.999980926513671875e-01,9.999984502792358398e-01,9.999186396598815918e-01,9.999969005584716797e-01,-9.999985098838806152e-01,-9.999988079071044922e-01,-9.999875426292419434e-01,-9.999974370002746582e-01,9.999987483024597168e-01,-9.999978542327880859e-01,9.999972581863403320e-01,9.999931454658508301e-01,-9.999958276748657227e-01,9.999799728393554688e-01,-9.999968409538269043e-01,9.999927878379821777e-01,9.999963045120239258e-01,-9.999960660934448242e-01,-9.999984502792358398e-01,-9.999933838844299316e-01,9.999977350234985352e-01,-9.999981522560119629e-01,9.999901652336120605e-01,-9.999986290931701660e-01,-9.999836683273315430e-01,9.999877214431762695e-01,9.999970793724060059e-01,-9.999865889549255371e-01,9.999988079071044922e-01,-9.999982118606567383e-01,9.999974966049194336e-01,9.999914765357971191e-01,-9.999983906745910645e-01,9.999985098838806152e-01,-9.999975562095642090e-01,-9.999923110008239746e-01,9.999985694885253906e-01,-9.999982714653015137e-01,9.999933838844299316e-01,-9.999982118606567383e-01,9.999974966049194336e-01,-9.999970197677612305e-01,9.999858736991882324e-01,9.999967217445373535e-01,9.999780058860778809e-01,-9.999584555625915527e-01,-9.999952912330627441e-01,-9.999961256980895996e-01,9.999982714653015137e-01,-9.999958276748657227e-01,9.999970197677612305e-01,-9.999971985816955566e-01,-9.999962449073791504e-01,9.999989867210388184e-01,-9.999974370002746582e-01,9.999985098838806152e-01,-9.999977350234985352e-01,9.999969005584716797e-01,-9.999955296516418457e-01,-9.999983310699462891e-01,9.999959468841552734e-01,9.999965429306030273e-01,-9.999980330467224121e-01,9.999948740005493164e-01,-9.999972581863403320e-01,-9.999941587448120117e-01,-9.999985098838806152e-01
-9.999983310699462891e-01,9.999985694885253906e-01,9.999952316284179688e-01,-9.999988079071044922e-01,-9.999989271163940430e-01,9.999985098838806152e-01,9.999925494194030762e-01,-9.999989867210388184e-01,9.999971389770507812e-01,-9.999967813491821289e-01,-9.998105764389038086e-01,9.999985694885253906e-01,-9.999986886978149414e-01,-9.999897480010986328e-01,9.999839067459106445e-01,-9.999968409538269043e-01,-9.999979138374328613e-01,9.999797344207763672e-01,-9.999924302101135254e-01,9.999992251396179199e-01,9.999986886978149414e-01,-9.999906420707702637e-01,-9.999955892562866211e-01,-9.999973177909851074e-01,9.999969005584716797e-01,-9.999992251396179199e-01,9.999974370002746582e-01,9.999988079071044922e-01,-9.999902248382568359e-01,-9.999941587448120117e-01,9.999985098838806152e-01,9.999986290931701660e-01,-9.999983310699462891e-01,-9.999977946281433105e-01,9.999974370002746582e-01,9.999957084655761719e-01,-9.999987483024597168e-01,-9.999988675117492676e-01,-9.999954700469970703e-01,9.999986886978149414e-01,-9.999985694885253906e-01,9.999964237213134766e-01,-9.999831318855285645e-01,-9.999987483024597168e-01,-9.999970197677612305e-01,-9.999985098838806152e-01,-9.999966025352478027e-01,-9.999902248382568359e-01,-9.999988079071044922e-01,9.999988079071044922e-01,9.999985098838806152e-01,9.999963641166687012e-01,9.999983906745910645e-01,9.999473690986633301e-01,9.999977350234985352e-01,9.999673366546630859e-01,9.999974966049194336e-01,9.999948143959045410e-01,-9.999983310699462891e-01,-9.999881386756896973e-01,9.999914169311523438e-01,-9.999983906745910645e-01,-9.999986886978149414e-01,-9.999312162399291992e-01,-9.999973773956298828e-01,9.999986886978149414e-01,9.999989271163940430e-01,9.999894499778747559e-01,9.999977350234985352e-01,-9.999988675117492676e-01,9.999980330467224121e-01,-9.999976158142089844e-01,-9.999942183494567871e-01,9.999964237213134766e-01,-9.999830126762390137e-01,9.999972581863403320e-01,-9.999939203262329102e-01,-9.999969005584716797e-01,9.999966621398925781e-01,9.999985694885253906e-01,9.999942779541015625e-01,-9.999980330467224121e-01,9.999983906745910645e-01,-9.999916553497314453e-01,9.999988079071044922e-01,9.999861717224121094e-01,-9.999896287918090820e-01,-9.999975562095642090e-01,9.999886751174926758e-01,-9.999988675117492676e-01,9.999985098838806152e-01,-9.999979138374328613e-01,-9.999927282333374023e-01,9.999986290931701660e-01,-9.999988079071044922e-01,9.999979138374328613e-01,9.999935030937194824e-01,-9.999987483024597168e-01,9.999984502792358398e-01,-9.999943971633911133e-01,9.999983906745910645e-01,-9.999977946281433105e-01,9.999973773956298828e-01,-9.999881386756896973e-01,-9.999972581863403320e-01,-9.999814033508300781e-01,9.999648928642272949e-01,9.999959468841552734e-01,9.999967217445373535e-01,-9.999985098838806152e-01,9.999963045120239258e-01,-9.999973773956298828e-01,9.999975562095642090e-01,9.999967813491821289e-01,-9.999991059303283691e-01,9.999977946281433105e-01,-9.999988079071044922e-01,9.999980330467224121e-01,-9.999973773956298828e-01,9.999960064888000488e-01,9.999985098838806152e-01,-9.999965429306030273e-01,-9.999970197677612305e-01,9.999983310699462891e-01,-9.999955892562866211e-01,9.999976158142089844e-01,9.999949932098388672e-01,9.999986290931701660e-01
-9.999943375587463379e-01,9.999952316284179688e-01,9.999837875366210938e-01,-9.999959468841552734e-01,-9.999962449073791504e-01,9.999950528144836426e-01,9.999747872352600098e-01,-9.999964237213134766e-01,9.999904036521911621e-01,-9.999889731407165527e-01,-9.993584752082824707e-01,9.999951720237731934e-01,-9.999957084655761719e-01,-9.999651908874511719e-01,9.999452829360961914e-01,-9.999893903732299805e-01,-9.999928474426269531e-01,9.999311566352844238e-01,-9.999744296073913574e-01,9.999969005584716797e-01,9.999958276748657227e-01,-9.999682307243347168e-01,-9.999850392341613770e-01,-9.999907612800598145e-01,9.999895691871643066e-01,-9.999968409538269043e-01,9.999913573265075684e-01,9.999958872795104980e-01,-9.999667406082153320e-01,-9.999799728393554688e-01,9.999952316284179688e-01,9.999954700469970703e-01,-9.999945163726806641e-01,-9.999926090240478516e-01,9.999913573265075684e-01,9.999855160713195801e-01,-9.999958276748657227e-01,-9.999962449073791504e-01,-9.999849796295166016e-01,9.999957084655761719e-01,-9.999952316284179688e-01,9.999880194664001465e-01,-9.999427199363708496e-01,-9.999957680702209473e-01,-9.999901652336120605e-01,-9.999951124191284180e-01,-9.999887943267822266e-01,-9.999668002128601074e-01,-9.999960064888000488e-01,9.999957680702209473e-01,9.999947547912597656e-01,9.999877810478210449e-01,9.999946355819702148e-01,9.998217225074768066e-01,9.999926090240478516e-01,9.998894929885864258e-01,9.999916553497314453e-01,9.999823570251464844e-01,-9.999940991401672363e-01,-9.999596476554870605e-01,9.999706149101257324e-01,-9.999945163726806641e-01,-9.999956488609313965e-01,-9.997671842575073242e-01,-9.999910593032836914e-01,9.999957084655761719e-01,9.999964237213134766e-01,9.999642968177795410e-01,9.999922513961791992e-01,-9.999963641166687012e-01,9.999937415122985840e-01,-9.999920725822448730e-01,-9.999803304672241211e-01,9.999880194664001465e-01,-9.999422430992126465e-01,9.999909400939941406e-01,-9.999794363975524902e-01,-9.999896287918090820e-01,9.999888539314270020e-01,9.999952912330627441e-01,9.999806880950927734e-01,-9.999934434890747070e-01,9.999943971633911133e-01,-9.999716877937316895e-01,9.999958872795104980e-01,9.999531507492065430e-01,-9.999644756317138672e-01,-9.999917149543762207e-01,9.999616146087646484e-01,-9.999962449073791504e-01,9.999949336051940918e-01,-9.999930262565612793e-01,-9.999754428863525391e-01,9.999954700469970703e-01,-9.999957084655761719e-01,9.999930858612060547e-01,9.999780058860778809e-01,-9.999957680702209473e-01,9.999948143959045410e-01,-9.999811053276062012e-01,9.999946355819702148e-01,-9.999926686286926270e-01,9.999912977218627930e-01,-9.999594092369079590e-01,-9.999905824661254883e-01,-9.999367594718933105e-01,9.998811483383178711e-01,9.999864697456359863e-01,9.999890327453613281e-01,-9.999951720237731934e-01,9.999880194664001465e-01,-9.999912381172180176e-01,9.999918341636657715e-01,9.999892711639404297e-01,-9.999968409538269043e-01,9.999925494194030762e-01,-9.999958276748657227e-01,9.999935030937194824e-01,-9.999912381172180176e-01,9.999871253967285156e-01,9.999950528144836426e-01,-9.999884366989135742e-01,-9.999902248382568359e-01,9.999944567680358887e-01,-9.999852776527404785e-01,9.999920725822448730e-01,9.999830126762390137e-01,9.999955296516418457e-01
9.999986290931701660e-01,-9.999988079071044922e-01,-9.999959468841552734e-01,9.999989867210388184e-01,9.999992251396179199e-01,-9.999987483024597168e-01,-9.999938011169433594e-01,9.999992847442626953e-01,-9.999976158142089844e-01,9.999973177909851074e-01,9.998401403427124023e-01,-9.999988079071044922e-01,9.999989271163940430e-01,9.999913573265075684e-01,-9.999862909317016602e-01,9.999973773956298828e-01,9.999982714653015137e-01,-9.999828934669494629e-01,9.999936223030090332e-01,-9.999992847442626953e-01,-9.999989867210388184e-01,9.999920725822448730e-01,9.999962449073791504e-01,9.999977350234985352e-01,-9.999973773956298828e-01,9.999993443489074707e-01,-9.999978542327880859e-01,-9.999989867210388184e-01,9.999917745590209961e-01,9.999950528144836426e-01,-9.999988079071044922e-01,-9.999989271163940430e-01,9.999985694885253906e-01,9.999981522560119629e-01,-9.999977946281433105e-01,-9.999964833259582520e-01,9.999989271163940430e-01,9.999991059303283691e-01,9.999961853027343750e-01,-9.999989271163940430e-01,9.999988079071044922e-01,-9.999969601631164551e-01,9.999857544898986816e-01,9.999989271163940430e-01,9.999974966049194336e-01,9.999988079071044922e-01,9.999971985816955566e-01,9.999917149543762207e-01,9.999990463256835938e-01,-9.999989867210388184e-01,-9.999987483024597168e-01,-9.999969005584716797e-01,-9.999986290931701660e-01,-9.999555945396423340e-01,-9.999981522560119629e-01,-9.999725222587585449e-01,-9.999979734420776367e-01,-9.999957084655761719e-01,9.999985694885253906e-01,9.999900460243225098e-01,-9.999927878379821777e-01,9.999986290931701660e-01,9.999989271163940430e-01,9.999420642852783203e-01,9.999977946281433105e-01,-9.999989271163940430e-01,-9.999991655349731445e-01,-9.999911189079284668e-01,-9.999981522560119629e-01,9.999990463256835938e-01,-9.999984502792358398e-01,9.999980926513671875e-01,9.999951124191284180e-01,-9.999969601631164551e-01,9.999856948852539062e-01,-9.999977350234985352e-01,9.999948740005493164e-01,9.999974370002746582e-01,-9.999972581863403320e-01,-9.999988675117492676e-01,-9.999951720237731934e-01,9.999983310699462891e-01,-9.999986886978149414e-01,9.999930262565612793e-01,-9.999989867210388184e-01,-9.999884366989135742e-01,9.999912381172180176e-01,9.999979138374328613e-01,-9.999905228614807129e-01,9.999992251396179199e-01,-9.999988079071044922e-01,9.999982118606567383e-01,9.999939799308776855e-01,-9.999989271163940430e-01,9.999989271163940430e-01,-9.999982714653015137e-01,-9.999945759773254395e-01,9.999989271163940430e-01,-9.999986886978149414e-01,9.999952912330627441e-01,-9.999986886978149414e-01,9.999981522560119629e-01,-9.999977350234985352e-01,9.999899268150329590e-01,9.999976754188537598e-01,9.999842643737792969e-01,-9.999704360961914062e-01,-9.999966025352478027e-01,-9.999971985816955566e-01,9.999988079071044922e-01,-9.999969601631164551e-01,9.999978542327880859e-01,-9.999979734420776367e-01,-9.999971985816955566e-01,9.999992847442626953e-01,-9.999981522560119629e-01,9.999989271163940430e-01,-9.999983310699462891e-01,9.999977946281433105e-01,-9.999967217445373535e-01,-9.999988079071044922e-01,9.999970793724060059e-01,9.999975562095642090e-01,-9.999986290931701660e-01,9.999963045120239258e-01,-9.999979734420776367e-01,-9.999958276748657227e-01,-9.999989271163940430e-01
9.999987483024597168e-01,-9.999989271163940430e-01,-9.999962449073791504e-01,9.999992251396179199e-01,9.999992847442626953e-01,-9.999989271163940430e-01,-9.999942779541015625e-01,9.999993443489074707e-01,-9.999978542327880859e-01,9.999976158142089844e-01,9.998534321784973145e-01,-9.999989271163940430e-01,9.999992251396179199e-01,9.999920725822448730e-01,-9.999876618385314941e-01,9.999976158142089844e-01,9.999984502792358398e-01,-9.999843239784240723e-01,9.999942183494567871e-01,-9.999994039535522461e-01,-9.999991059303283691e-01,9.999927282333374023e-01,9.999966621398925781e-01,9.999979734420776367e-01,-9.999976754188537598e-01,9.999994039535522461e-01,-9.999980926513671875e-01,-9.999991059303283691e-01,9.999924302101135254e-01,9.999955296516418457e-01,-9.999988675117492676e-01,-9.999990463256835938e-01,9.999988675117492676e-01,9.999983906745910645e-01,-9.999980926513671875e-01,-9.999967813491821289e-01,9.999992251396179199e-01,9.999991655349731445e-01,9.999966025352478027e-01,-9.999991655349731445e-01,9.999989867210388184e-01,-9.999973177909851074e-01,9.999869465827941895e-01,9.999991059303283691e-01,9.999978542327880859e-01,9.999989271163940430e-01,9.999974370002746582e-01,9.999924302101135254e-01,9.999992251396179199e-01,-9.999991655349731445e-01,-9.999989271163940430e-01,-9.999971985816955566e-01,-9.999988079071044922e-01,-9.999592304229736328e-01,-9.999982714653015137e-01,-9.999747872352600098e-01,-9.999980330467224121e-01,-9.999960660934448242e-01,9.999987483024597168e-01,9.999908804893493652e-01,-9.999933838844299316e-01,9.999988079071044922e-01,9.999991655349731445e-01,9.999468326568603516e-01,9.999979734420776367e-01,-9.999990463256835938e-01,-9.999993443489074707e-01,-9.999918937683105469e-01,-9.999982118606567383e-01,9.999992251396179199e-01,-9.999985694885253906e-01,9.999982714653015137e-01,9.999955296516418457e-01,-9.999971985816955566e-01,9.999868869781494141e-01,-9.999979138374328613e-01,9.999953508377075195e-01,9.999976754188537598e-01,-9.999974966049194336e-01,-9.999989867210388184e-01,-9.999956488609313965e-01,9.999986290931701660e-01,-9.999988675117492676e-01,9.999936223030090332e-01,-9.999991059303283691e-01,-9.999893903732299805e-01,9.999919533729553223e-01,9.999982118606567383e-01,-9.999913573265075684e-01,9.999992847442626953e-01,-9.999989867210388184e-01,9.999984502792358398e-01,9.999944567680358887e-01,-9.999989867210388184e-01,9.999990463256835938e-01,-9.999985098838806152e-01,-9.999950528144836426e-01,9.999991655349731445e-01,-9.999988675117492676e-01,9.999957680702209473e-01,-9.999988675117492676e-01,9.999983310699462891e-01,-9.999979734420776367e-01,9.999908208847045898e-01,9.999978542327880859e-01,9.999856352806091309e-01,-9.999728798866271973e-01,-9.999968409538269043e-01,-9.999974370002746582e-01,9.999989867210388184e-01,-9.999971985816955566e-01,9.999979734420776367e-01,-9.999982118606567383e-01,-9.999975562095642090e-01,9.999994039535522461e-01,-9.999983906745910645e-01,9.999991059303283691e-01,-9.999985694885253906e-01,9.999979734420776367e-01,-9.999970197677612305e-01,-9.999989271163940430e-01,9.999973773956298828e-01,9.999976754188537598e-01,-9.999988079071044922e-01,9.999966025352478027e-01,-9.999981522560119629e-01,-9.999961853027343750e-01,-9.999990463256835938e-01
-9.999982118606567383e-01,9.999985098838806152e-01,9.999950528144836426e-01,-9.999987483024597168e-01,-9.999989271163940430e-01,9.999984502792358398e-01,9.999923706054687500e-01,-9.999989867210388184e-01,9.999970793724060059e-01,-9.999966025352478027e-01,-9.998037815093994141e-01,9.999984502792358398e-01,-9.999986886978149414e-01,-9.999893307685852051e-01,9.999832510948181152e-01,-9.999967217445373535e-01,-9.999978542327880859e-01,9.999789595603942871e-01,-9.999921917915344238e-01,9.999991059303283691e-01,9.999987483024597168e-01,-9.999902844429016113e-01,-9.999954104423522949e-01,-9.999971389770507812e-01,9.999967813491821289e-01,-9.999991059303283691e-01,9.999973177909851074e-01,9.999987483024597168e-01,-9.999898672103881836e-01,-9.999938607215881348e-01,9.999985098838806152e-01,9.999985694885253906e-01,-9.999983906745910645e-01,-9.999977350234985352e-01,9.999973177909851074e-01,9.999955892562866211e-01,-9.999986886978149414e-01,-9.999988675117492676e-01,-9.999954104423522949e-01,9.999986886978149414e-01,-9.999985098838806152e-01,9.999963045120239258e-01,-9.999825358390808105e-01,-9.999986886978149414e-01,-9.999969005584716797e-01,-9.999984502792358398e-01,-9.999964833259582520e-01,-9.999898672103881836e-01,-9.999986886978149414e-01,9.999986886978149414e-01,9.999983906745910645e-01,9.999962449073791504e-01,9.999983310699462891e-01,9.999453425407409668e-01,9.999977350234985352e-01,9.999661445617675781e-01,9.999974370002746582e-01,9.999946355819702148e-01,-9.999982714653015137e-01,-9.999876618385314941e-01,9.999910593032836914e-01,-9.999983310699462891e-01,-9.999986290931701660e-01,-9.999287128448486328e-01,-9.999973177909851074e-01,9.999986886978149414e-01,9.999989867210388184e-01,9.999890923500061035e-01,9.999976754188537598e-01,-9.999988079071044922e-01,9.999980926513671875e-01,-9.999976158142089844e-01,-9.999939799308776855e-01,9.999963045120239258e-01,-9.999824166297912598e-01,9.999972581863403320e-01,-9.999936819076538086e-01,-9.999967813491821289e-01,9.999965429306030273e-01,9.999985694885253906e-01,9.999940991401672363e-01,-9.999980330467224121e-01,9.999983310699462891e-01,-9.999913573265075684e-01,9.999987483024597168e-01,9.999857544898986816e-01,-9.999892115592956543e-01,-9.999974370002746582e-01,9.999882578849792480e-01,-9.999988675117492676e-01,9.999984502792358398e-01,-9.999978542327880859e-01,-9.999924898147583008e-01,9.999985694885253906e-01,-9.999986886978149414e-01,9.999977946281433105e-01,9.999932646751403809e-01,-9.999986886978149414e-01,9.999983906745910645e-01,-9.999942183494567871e-01,9.999983906745910645e-01,-9.999977946281433105e-01,9.999971985816955566e-01,-9.999876022338867188e-01,-9.999971389770507812e-01,-9.999807476997375488e-01,9.999635815620422363e-01,9.999958872795104980e-01,9.999966025352478027e-01,-9.999984502792358398e-01,9.999963045120239258e-01,-9.999973177909851074e-01,9.999974370002746582e-01,9.999966621398925781e-01,-9.999991059303283691e-01,9.999977350234985352e-01,-9.999986886978149414e-01,9.999978542327880859e-01,-9.999972581863403320e-01,9.999960064888000488e-01,9.999984502792358398e-01,-9.999963045120239258e-01,-9.999969005584716797e-01,9.999982714653015137e-01,-9.999954700469970703e-01,9.999975562095642090e-01,9.999948740005493164e-01,9.999985694885253906e-01
-9.999912977218627930e-01,9.999925494194030762e-01,9.999747872352600098e-01,-9.999938011169433594e-01,-9.999942779541015625e-01,9.999923706054687500e-01,9.999605417251586914e-01,-9.999945759773254395e-01,9.999852776527404785e-01,-9.999828338623046875e-01,-9.989998340606689453e-01,9.999927282333374023e-01,-9.999934434890747070e-01,-9.999457597732543945e-01,9.999148249626159668e-01,-9.999835491180419922e-01,-9.999890327453613281e-01,9.998925924301147461e-01,-9.999601244926452637e-01,9.999952912330627441e-01,9.999935626983642578e-01,-9.999503493309020996e-01,-9.999766945838928223e-01,-9.999856352806091309e-01,9.999837875366210938e-01,-9.999953508377075195e-01,9.999866485595703125e-01,9.999936819076538086e-01,-9.999483227729797363e-01,-9.999687671661376953e-01,9.999926686286926270e-01,9.999930262565612793e-01,-9.999914765357971191e-01,-9.999884366989135742e-01,9.999865293502807617e-01,9.999776482582092285e-01,-9.999936223030090332e-01,-9.999942779541015625e-01,-9.999765753746032715e-01,9.999932646751403809e-01,-9.999926686286926270e-01,9.999814033508300781e-01,-9.999107122421264648e-01,-9.999933838844299316e-01,-9.999846816062927246e-01,-9.999924898147583008e-01,-9.999827146530151367e-01,-9.999483227729797363e-01,-9.999938011169433594e-01,9.999933838844299316e-01,9.999918937683105469e-01,9.999810457229614258e-01,9.999917149543762207e-01,9.997220039367675781e-01,9.999884963035583496e-01,9.998277425765991211e-01,9.999869465827941895e-01,9.999727010726928711e-01,-9.999907612800598145e-01,-9.999371170997619629e-01,9.999542832374572754e-01,-9.999916553497314453e-01,-9.999932646751403809e-01,-9.996366500854492188e-01,-9.999861717224121094e-01,9.999933242797851562e-01,9.999945759773254395e-01,9.999443292617797852e-01,9.999879598617553711e-01,-9.999942779541015625e-01,9.999902844429016113e-01,-9.999876022338867188e-01,-9.999693036079406738e-01,9.999813437461853027e-01,-9.999098181724548340e-01,9.999858140945434570e-01,-9.999679327011108398e-01,-9.999838471412658691e-01,9.999827146530151367e-01,9.999927878379821777e-01,9.999700188636779785e-01,-9.999898076057434082e-01,9.999913573265075684e-01,-9.999558329582214355e-01,9.999936223030090332e-01,9.999268054962158203e-01,-9.999446868896484375e-01,-9.999871253967285156e-01,9.999400377273559570e-01,-9.999941587448120117e-01,9.999922513961791992e-01,-9.999891519546508789e-01,-9.999617338180541992e-01,9.999929666519165039e-01,-9.999934434890747070e-01,9.999892711639404297e-01,9.999656677246093750e-01,-9.999933838844299316e-01,9.999918937683105469e-01,-9.999704957008361816e-01,9.999916553497314453e-01,-9.999886751174926758e-01,9.999864101409912109e-01,-9.999366998672485352e-01,-9.999853372573852539e-01,-9.999012351036071777e-01,9.998146891593933105e-01,9.999790191650390625e-01,9.999829530715942383e-01,-9.999924302101135254e-01,9.999814033508300781e-01,-9.999865293502807617e-01,9.999872446060180664e-01,9.999834299087524414e-01,-9.999951720237731934e-01,9.999886155128479004e-01,-9.999934434890747070e-01,9.999898672103881836e-01,-9.999862909317016602e-01,9.999799728393554688e-01,9.999922513961791992e-01,-9.999819397926330566e-01,-9.999849796295166016e-01,9.999914765357971191e-01,-9.999769926071166992e-01,9.999876022338867188e-01,9.999736547470092773e-01,9.999930262565612793e-01
9.999988079071044922e-01,-9.999989867210388184e-01,-9.999964237213134766e-01,9.999992847442626953e-01,9.999993443489074707e-01,-9.999989867210388184e-01,-9.999945759773254395e-01,9.999993443489074707e-01,-9.999979138374328613e-01,9.999976158142089844e-01,9.998599886894226074e-01,-9.999989271163940430e-01,9.999991059303283691e-01,9.999924302101135254e-01,-9.999880790710449219e-01,9.999977350234985352e-01,9.999985098838806152e-01,-9.999849796295166016e-01,9.999945163726806641e-01,-9.999994635581970215e-01,-9.999991655349731445e-01,9.999931454658508301e-01,9.999966621398925781e-01,9.999980330467224121e-01,-9.999977350234985352e-01,9.999994635581970215e-01,-9.999982118606567383e-01,-9.999992847442626953e-01,9.999927878379821777e-01,9.999956488609313965e-01,-9.999989271163940430e-01,-9.999990463256835938e-01,9.999989271163940430e-01,9.999984502792358398e-01,-9.999980926513671875e-01,-9.999969005584716797e-01,9.999991059303283691e-01,9.999992251396179199e-01,9.999966621398925781e-01,-9.999992251396179199e-01,9.999989867210388184e-01,-9.999974370002746582e-01,9.999875426292419434e-01,9.999992251396179199e-01,9.999978542327880859e-01,9.999989867210388184e-01,9.999975562095642090e-01,9.999928474426269531e-01,9.999991655349731445e-01,-9.999992251396179199e-01,-9.999989867210388184e-01,-9.999973773956298828e-01,-9.999988675117492676e-01,-9.999611377716064453e-01,-9.999984502792358398e-01,-9.999759197235107422e-01,-9.999981522560119629e-01,-9.999961256980895996e-01,9.999988079071044922e-01,9.999912977218627930e-01,-9.999936819076538086e-01,9.999988079071044922e-01,9.999991059303283691e-01,9.999492168426513672e-01,9.999980330467224121e-01,-9.999991059303283691e-01,-9.999993443489074707e-01,-9.999923110008239746e-01,-9.999982714653015137e-01,9.999992251396179199e-01,-9.999986290931701660e-01,9.999982118606567383e-01,9.999957084655761719e-01,-9.999973177909851074e-01,9.999874830245971680e-01,-9.999980330467224121e-01,9.999955296516418457e-01,9.999977946281433105e-01,-9.999976158142089844e-01,-9.999990463256835938e-01,-9.999958276748657227e-01,9.999986290931701660e-01,-9.999989271163940430e-01,9.999939203262329102e-01,-9.999992847442626953e-01,-9.999898672103881836e-01,9.999923706054687500e-01,9.999981522560119629e-01,-9.999917149543762207e-01,9.999992847442626953e-01,-9.999989867210388184e-01,9.999985694885253906e-01,9.999946951866149902e-01,-9.999990463256835938e-01,9.999992251396179199e-01,-9.999984502792358398e-01,-9.999951720237731934e-01,9.999991059303283691e-01,-9.999989271163940430e-01,9.999959468841552734e-01,-9.999988675117492676e-01,9.999983906745910645e-01,-9.999980926513671875e-01,9.999912381172180176e-01,9.999980330467224121e-01,9.999862909317016602e-01,-9.999741911888122559e-01,-9.999970197677612305e-01,-9.999975562095642090e-01,9.999989867210388184e-01,-9.999973773956298828e-01,9.999980926513671875e-01,-9.999982714653015137e-01,-9.999976158142089844e-01,9.999994039535522461e-01,-9.999984502792358398e-01,9.999992251396179199e-01,-9.999985694885253906e-01,9.999980330467224121e-01,-9.999971389770507812e-01,-9.999989271163940430e-01,9.999974370002746582e-01,9.999978542327880859e-01,-9.999988675117492676e-01,9.999967217445373535e-01,-9.999982118606567383e-01,-9.999963641166687012e-01,-9.999991655349731445e-01
-9.999966621398925781e-01,9.999971389770507812e-01,9.999904036521911621e-01,-9.999976158142089844e-01,-9.999978542327880859e-01,9.999970793724060059e-01,9.999852776527404785e-01,-9.999979138374328613e-01,9.999944567680358887e-01,-9.999936223030090332e-01,-9.996244311332702637e-01,9.999971985816955566e-01,-9.999974370002746582e-01,-9.999796748161315918e-01,9.999679923057556152e-01,-9.999938011169433594e-01,-9.999958276748657227e-01,9.999597072601318359e-01,-9.999850392341613770e-01,9.999981522560119629e-01,9.999974966049194336e-01,-9.999813437461853027e-01,-9.999911785125732422e-01,-9.999945759773254395e-01,9.999939203262329102e-01,-9.999982714653015137e-01,9.999949336051940918e-01,9.999976158142089844e-01,-9.999805688858032227e-01,-9.999883174896240234e-01,9.999971389770507812e-01,9.999973177909851074e-01,-9.999967813491821289e-01,-9.999955892562866211e-01,9.999949336051940918e-01,9.999915361404418945e-01,-9.999975562095642090e-01,-9.999977946281433105e-01,-9.999911189079284668e-01,9.999973773956298828e-01,-9.999971389770507812e-01,9.999930262565612793e-01,-9.999665021896362305e-01,-9.999974966049194336e-01,-9.999942183494567871e-01,-9.999970793724060059e-01,-9.999933838844299316e-01,-9.999806284904479980e-01,-9.999976754188537598e-01,9.999974966049194336e-01,9.999969601631164551e-01,9.999928474426269531e-01,9.999967217445373535e-01,9.998956322669982910e-01,9.999955892562866211e-01,9.999352693557739258e-01,9.999951124191284180e-01,9.999897480010986328e-01,-9.999965429306030273e-01,-9.999764561653137207e-01,9.999828338623046875e-01,-9.999967813491821289e-01,-9.999973773956298828e-01,-9.998636841773986816e-01,-9.999947547912597656e-01,9.999974370002746582e-01,9.999979138374328613e-01,9.999791383743286133e-01,9.999955296516418457e-01,-9.999977350234985352e-01,9.999963045120239258e-01,-9.999952912330627441e-01,-9.999883770942687988e-01,9.999929666519165039e-01,-9.999661445617675781e-01,9.999946355819702148e-01,-9.999878406524658203e-01,-9.999940395355224609e-01,9.999935030937194824e-01,9.999973177909851074e-01,9.999886751174926758e-01,-9.999961853027343750e-01,9.999966621398925781e-01,-9.999834299087524414e-01,9.999974966049194336e-01,9.999727010726928711e-01,-9.999792575836181641e-01,-9.999951124191284180e-01,9.999775290489196777e-01,-9.999977350234985352e-01,9.999970793724060059e-01,-9.999958872795104980e-01,-9.999856352806091309e-01,9.999972581863403320e-01,-9.999974370002746582e-01,9.999958872795104980e-01,9.999871253967285156e-01,-9.999974966049194336e-01,9.999969005584716797e-01,-9.999888539314270020e-01,9.999967813491821289e-01,-9.999957084655761719e-01,9.999948143959045410e-01,-9.999762773513793945e-01,-9.999944567680358887e-01,-9.999629855155944824e-01,9.999303817749023438e-01,9.999919533729553223e-01,9.999935030937194824e-01,-9.999970793724060059e-01,9.999929070472717285e-01,-9.999949336051940918e-01,9.999952316284179688e-01,9.999936819076538086e-01,-9.999981522560119629e-01,9.999957084655761719e-01,-9.999974966049194336e-01,9.999961256980895996e-01,-9.999948740005493164e-01,9.999924898147583008e-01,9.999970197677612305e-01,-9.999932050704956055e-01,-9.999942183494567871e-01,9.999967217445373535e-01,-9.999912977218627930e-01,9.999953508377075195e-01,9.999900460243225098e-01,9.999973773956298828e-01
9.999960660934448242e-01,-9.999967813491821289e-01,-9.999889731407165527e-01,9.999973177909851074e-01,9.999976158142089844e-01,-9.999966025352478027e-01,-9.999828338623046875e-01,9.999976158142089844e-01,-9.999936223030090332e-01,9.999924898147583008e-01,9.995636940002441406e-01,-9.999967217445373535e-01,9.999970197677612305e-01,9.999763965606689453e-01,-9.999628663063049316e-01,9.999929070472717285e-01,9.999952316284179688e-01,-9.999531507492065430e-01,9.999825954437255859e-01,-9.999979138374328613e-01,-9.999971389770507812e-01,9.999783635139465332e-01,9.999898672103881836e-01,9.999936819076538086e-01,-9.999929070472717285e-01,9.999979138374328613e-01,-9.999941587448120117e-01,-9.999972581863403320e-01,9.999774694442749023e-01,9.999864101409912109e-01,-9.999967217445373535e-01,-9.999969601631164551e-01,9.999963045120239258e-01,9.999949932098388672e-01,-9.999940991401672363e-01,-9.999902248382568359e-01,9.999971389770507812e-01,9.999974966049194336e-01,9.999897480010986328e-01,-9.999970197677612305e-01,9.999967217445373535e-01,-9.999918937683105469e-01,9.999610781669616699e-01,9.999970793724060059e-01,9.999932646751403809e-01,9.999966025352478027e-01,9.999924302101135254e-01,9.999774694442749023e-01,9.999972581863403320e-01,-9.999970197677612305e-01,-9.999964833259582520e-01,-9.999917745590209961e-01,-9.999963045120239258e-01,-9.998788237571716309e-01,-9.999949932098388672e-01,-9.999248385429382324e-01,-9.999943375587463379e-01,-9.999880790710449219e-01,9.999959468841552734e-01,9.999726414680480957e-01,-9.999800920486450195e-01,9.999963045120239258e-01,9.999970197677612305e-01,9.998416304588317871e-01,9.999939203262329102e-01,-9.999970197677612305e-01,-9.999976158142089844e-01,-9.999758005142211914e-01,-9.999948143959045410e-01,9.999974370002746582e-01,-9.999957680702209473e-01,9.999946355819702148e-01,9.999865889549255371e-01,-9.999918341636657715e-01,9.999607205390930176e-01,-9.999938011169433594e-01,9.999861121177673340e-01,9.999929070472717285e-01,-9.999924302101135254e-01,-9.999968409538269043e-01,-9.999868869781494141e-01,9.999955892562866211e-01,-9.999962449073791504e-01,9.999807476997375488e-01,-9.999971985816955566e-01,-9.999682307243347168e-01,9.999758601188659668e-01,9.999943971633911133e-01,-9.999740123748779297e-01,9.999974370002746582e-01,-9.999966025352478027e-01,9.999952316284179688e-01,9.999833106994628906e-01,-9.999969601631164551e-01,9.999971389770507812e-01,-9.999952912330627441e-01,-9.999850392341613770e-01,9.999970793724060059e-01,-9.999963641166687012e-01,9.999871253967285156e-01,-9.999962449073791504e-01,9.999949932098388672e-01,-9.999940395355224609e-01,9.999724626541137695e-01,9.999936819076538086e-01,9.999569654464721680e-01,-9.999190568923950195e-01,-9.999908208847045898e-01,-9.999925494194030762e-01,9.999967217445373535e-01,-9.999918341636657715e-01,9.999940991401672363e-01,-9.999944567680358887e-01,-9.999927282333374023e-01,9.999979138374328613e-01,-9.999949336051940918e-01,9.999971985816955566e-01,-9.999955892562866211e-01,9.999940395355224609e-01,-9.999912977218627930e-01,-9.999965429306030273e-01,9.999921321868896484e-01,9.999933838844299316e-01,-9.999961853027343750e-01,9.999899864196777344e-01,-9.999945759773254395e-01,-9.999885559082031250e-01,-9.999969601631164551e-01
9.997758865356445312e-01,-9.998105764389038086e-01,-9.993584752082824707e-01,9.998401403427124023e-01,9.998534321784973145e-01,-9.998037815093994141e-01,-9.989998340606689453e-01,9.998599886894226074e-01,-9.996244311332702637e-01,9.995636940002441406e-01,9.752756953239440918e-01,-9.998129606246948242e-01,9.998334050178527832e-01,9.986281394958496094e-01,-9.978479743003845215e-01,9.995802640914916992e-01,9.997174739837646484e-01,-9.972885251045227051e-01,9.989895820617675781e-01,-9.998787641525268555e-01,-9.998368024826049805e-01,9.987443685531616211e-01,9.994096159934997559e-01,9.996337294578552246e-01,-9.995874762535095215e-01,9.998779892921447754e-01,-9.996589422225952148e-01,-9.998393058776855469e-01,9.986915588378906250e-01,9.992052316665649414e-01,-9.998115301132202148e-01,-9.998212456703186035e-01,9.997808933258056641e-01,9.997075796127319336e-01,-9.996579885482788086e-01,-9.994317889213562012e-01,9.998353719711303711e-01,9.998527765274047852e-01,9.994058012962341309e-01,-9.998292326927185059e-01,9.998112916946411133e-01,-9.995270967483520508e-01,9.977439641952514648e-01,9.998328685760498047e-01,9.996085166931152344e-01,9.998060464859008789e-01,9.995612502098083496e-01,9.986906647682189941e-01,9.998432993888854980e-01,-9.998295307159423828e-01,-9.997916221618652344e-01,-9.995180368423461914e-01,-9.997884631156921387e-01,-9.930070638656616211e-01,-9.997076392173767090e-01,-9.956558346748352051e-01,-9.996696114540100098e-01,-9.993057250976562500e-01,9.997624158859252930e-01,9.984100461006164551e-01,-9.988397359848022461e-01,9.997869133949279785e-01,9.998289346694946289e-01,9.908802509307861328e-01,9.996466636657714844e-01,-9.998306632041931152e-01,-9.998598694801330566e-01,-9.985903501510620117e-01,-9.996930360794067383e-01,9.998576641082763672e-01,-9.997537136077880859e-01,9.996837973594665527e-01,9.992223381996154785e-01,-9.995256066322326660e-01,9.977195858955383301e-01,-9.996383190155029297e-01,9.991868138313293457e-01,9.995892643928527832e-01,-9.995597600936889648e-01,-9.998148679733276367e-01,-9.992370605468750000e-01,9.997401237487792969e-01,-9.997778534889221191e-01,9.988811016082763672e-01,-9.998390078544616699e-01,-9.981495738029479980e-01,9.985988736152648926e-01,9.996734857559204102e-01,-9.984849691390991211e-01,9.998502135276794434e-01,-9.998002052307128906e-01,9.997230768203735352e-01,9.990286827087402344e-01,-9.998210668563842773e-01,9.998308420181274414e-01,-9.997274875640869141e-01,-9.991306662559509277e-01,9.998327493667602539e-01,-9.997926950454711914e-01,9.992524385452270508e-01,-9.997854232788085938e-01,9.997105598449707031e-01,-9.996551275253295898e-01,9.984003901481628418e-01,9.996258616447448730e-01,9.975035786628723145e-01,-9.953279495239257812e-01,-9.994659423828125000e-01,-9.995655417442321777e-01,9.998053908348083496e-01,-9.995269179344177246e-01,9.996557831764221191e-01,-9.996764659881591797e-01,-9.995784163475036621e-01,9.998763203620910645e-01,-9.997107386589050293e-01,9.998340010643005371e-01,-9.997428655624389648e-01,9.996528029441833496e-01,-9.994911551475524902e-01,-9.998009800910949707e-01,9.995416402816772461e-01,9.996160268783569336e-01,-9.997819662094116211e-01,9.994175434112548828e-01,-9.996854066848754883e-01,-9.993296265602111816e-01,-9.998201131820678711e-01
-9.999983310699462891e-01,9.999985694885253906e-01,9.999951720237731934e-01,-9.999988079071044922e-01,-9.999989271163940430e-01,9.999984502792358398e-01,9.999927282333374023e-01,-9.999989271163940430e-01,9.999971985816955566e-01,-9.999967217445373535e-01,-9.998129606246948242e-01,9.999985098838806152e-01,-9.999986886978149414e-01,-9.999898076057434082e-01,9.999839663505554199e-01,-9.999968409538269043e-01,-9.999979138374328613e-01,9.999799132347106934e-01,-9.999925494194030762e-01,9.999990463256835938e-01,9.999986886978149414e-01,-9.999906420707702637e-01,-9.999955892562866211e-01,-9.999972581863403320e-01,9.999969005584716797e-01,-9.999991655349731445e-01,9.999973773956298828e-01,9.999988079071044922e-01,-9.999902844429016113e-01,-9.999941587448120117e-01,9.999985098838806152e-01,9.999986886978149414e-01,-9.999983310699462891e-01,-9.999977946281433105e-01,9.999973773956298828e-01,9.999957680702209473e-01,-9.999987483024597168e-01,-9.999988079071044922e-01,-9.999954700469970703e-01,9.999987483024597168e-01,-9.999985098838806152e-01,9.999964833259582520e-01,-9.999832510948181152e-01,-9.999986886978149414e-01,-9.999970793724060059e-01,-9.999985694885253906e-01,-9.999966025352478027e-01,-9.999903440475463867e-01,-9.999987483024597168e-01,9.999986290931701660e-01,9.999984502792358398e-01,9.999963641166687012e-01,9.999983310699462891e-01,9.999480247497558594e-01,9.999977350234985352e-01,9.999676942825317383e-01,9.999975562095642090e-01,9.999948143959045410e-01,-9.999982118606567383e-01,-9.999881982803344727e-01,9.999914169311523438e-01,-9.999983310699462891e-01,-9.999987483024597168e-01,-9.999320507049560547e-01,-9.999973773956298828e-01,9.999986290931701660e-01,9.999989271163940430e-01,9.999895095825195312e-01,9.999976754188537598e-01,-9.999988079071044922e-01,9.999980330467224121e-01,-9.999976158142089844e-01,-9.999941587448120117e-01,9.999964237213134766e-01,-9.999831318855285645e-01,9.999973177909851074e-01,-9.999939203262329102e-01,-9.999969005584716797e-01,9.999966025352478027e-01,9.999986290931701660e-01,9.999942779541015625e-01,-9.999980330467224121e-01,9.999983310699462891e-01,-9.999917149543762207e-01,9.999987483024597168e-01,9.999863505363464355e-01,-9.999897480010986328e-01,-9.999974966049194336e-01,9.999887347221374512e-01,-9.999988675117492676e-01,9.999985098838806152e-01,-9.999978542327880859e-01,-9.999928474426269531e-01,9.999985694885253906e-01,-9.999987483024597168e-01,9.999979138374328613e-01,9.999935030937194824e-01,-9.999986886978149414e-01,9.999984502792358398e-01,-9.999944567680358887e-01,9.999983906745910645e-01,-9.999977946281433105e-01,9.999973177909851074e-01,-9.999881982803344727e-01,-9.999971985816955566e-01,-9.999815821647644043e-01,9.999652504920959473e-01,9.999960064888000488e-01,9.999967217445373535e-01,-9.999985694885253906e-01,9.999963641166687012e-01,-9.999973773956298828e-01,9.999975562095642090e-01,9.999967813491821289e-01,-9.999991059303283691e-01,9.999977946281433105e-01,-9.999987483024597168e-01,9.999980926513671875e-01,-9.999973177909851074e-01,9.999960660934448242e-01,9.999984502792358398e-01,-9.999964833259582520e-01,-9.999970197677612305e-01,9.999982714653015137e-01,-9.999956488609313965e-01,9.999976754188537598e-01,9.999950528144836426e-01,9.999986290931701660e-01
