5.457895994186401367e-01,-4.005858302116394043e-02,3.186968266963958740e-01,-3.793254196643829346e-01,1.666915863752365112e-01,-3.383121192455291748e-01,1.985613852739334106e-01,3.703438341617584229e-01,2.848672494292259216e-02,-6.378556042909622192e-02,-1.630273610353469849e-01,2.048325724899768829e-02,-3.590246737003326416e-01,-1.341182738542556763e-01,-1.498373299837112427e-01,-3.361641615629196167e-02,8.609443902969360352e-03,-3.086077868938446045e-01,3.287113904953002930e-01,2.894107252359390259e-02,-9.594960510730743408e-02,-2.776131629943847656e-01,-3.261486291885375977e-01,1.374143958091735840e-01,-9.219447150826454163e-03,-1.096097975969314575e-01,2.069860696792602539e-01,-3.027160465717315674e-01,-2.260183095932006836e-01,-2.466443330049514771e-01,-2.484683394432067871e-01,2.069887071847915649e-01,-2.968405783176422119e-01,-8.917154371738433838e-02,-1.171719096601009369e-02,1.661540567874908447e-01,-1.555341035127639771e-01,-1.898538619279861450e-01,-8.456054329872131348e-02,-2.617864310741424561e-01,-8.133889734745025635e-02,1.032355576753616333e-01,-3.454723358154296875e-01,-4.356256127357482910e-02,-4.647013847716152668e-04,3.400067985057830811e-01,2.723853588104248047e-01,3.559433389455080032e-03,1.802523285150527954e-01,-1.976299285888671875e-01,-2.754374146461486816e-01,-2.030718475580215454e-01,2.405506074428558350e-01,2.247409522533416748e-02,-6.572838127613067627e-02,9.832374006509780884e-02,9.771549142897129059e-03,-1.344070956110954285e-02,3.488107919692993164e-01,3.081133067607879639e-01,-1.960072666406631470e-01,6.098143011331558228e-02,-7.965832017362117767e-03,2.059812545776367188e-01,2.571248821914196014e-02,8.152852207422256470e-02,-4.746783077716827393e-01,-1.247208714485168457e-01,1.830681860446929932e-01,2.559732198715209961e-01,-2.411790564656257629e-02,2.230787575244903564e-01,9.917888045310974121e-02,-2.263500690460205078e-01,-1.222714185714721680e-01,8.538771420717239380e-02,2.723306417465209961e-03,-2.516478300094604492e-01,9.951565414667129517e-02,1.397965550422668457e-01,-1.838592588901519775e-01,-4.303306923247873783e-04,7.909998297691345215e-03,-2.187867881730198860e-03,-9.368277341127395630e-02,3.649519979953765869e-01,2.906900644302368164e-01,-3.646343480795621872e-03,-2.225535362958908081e-01,-3.697258606553077698e-02,-1.283426582813262939e-01,3.834742605686187744e-01,3.415709733963012695e-01,-2.433328777551651001e-01,1.515780240297317505e-01,-4.745695292949676514e-01,-1.207855641841888428e-01,-2.003902773139998317e-05,1.701082917861640453e-03,8.090045303106307983e-03,-2.930682897567749023e-01,3.892249763011932373e-01,2.508691251277923584e-01,1.292890161275863647e-01,-3.368244171142578125e-01,2.070588618516921997e-01,3.584018647670745850e-01,3.761347234249114990e-01,-4.761247634887695312e-01,1.161307934671640396e-02,-1.126891821622848511e-01,3.137893378734588623e-01,3.298876583576202393e-01,1.551179140806198120e-01,-2.220006883144378662e-01,1.476325839757919312e-01,3.093595206737518311e-01,-2.358443439006805420e-01,4.443138465285301208e-02,-1.485430002212524414e-01,-3.892687857151031494e-01,-7.138708978891372681e-02,-7.194418460130691528e-02,4.459543824195861816e-01,3.901009447872638702e-03,2.115431278944015503e-01,6.230821087956428528e-02,-1.302852481603622437e-01
-4.005858302116394043e-02,1.399433612823486328e-02,-1.075213253498077393e-01,9.466124325990676880e-02,4.493119195103645325e-02,2.318297885358333588e-02,-2.865977026522159576e-02,1.847357861697673798e-02,5.055108666419982910e-02,5.802772566676139832e-02,-7.193528115749359131e-03,-4.882316663861274719e-02,9.292650967836380005e-02,7.831615209579467773e-02,8.940878510475158691e-02,1.015084385871887207e-01,-2.031633397564291954e-03,7.971093803644180298e-02,-1.027735620737075806e-01,-5.749861896038055420e-02,-3.635372966527938843e-02,9.162876754999160767e-02,8.007889240980148315e-02,-2.770943008363246918e-02,1.245101727545261383e-02,9.511457383632659912e-02,-9.562862664461135864e-02,-7.210354320704936981e-03,9.525854885578155518e-02,2.916534803807735443e-02,3.819624334573745728e-02,-1.110120192170143127e-01,8.359240740537643433e-02,6.183404102921485901e-02,-2.018145984038710594e-03,-1.043653637170791626e-01,7.274313271045684814e-02,9.202257543802261353e-02,-6.729427725076675415e-02,-4.359833896160125732e-02,9.825830906629562378e-02,8.998452685773372650e-03,1.068171635270118713e-01,2.673096396028995514e-02,-2.572151273488998413e-02,-7.864087074995040894e-02,-1.067115962505340576e-01,-3.339472040534019470e-02,-1.675984822213649750e-02,3.935952112078666687e-02,2.039500512182712555e-02,2.934423275291919708e-02,3.974471613764762878e-02,-2.104206196963787079e-02,3.038344904780387878e-03,-1.084686666727066040e-01,4.472391307353973389e-02,6.232821848243474960e-03,-8.208651840686798096e-02,-9.586811065673828125e-02,4.066698893439024687e-04,-8.380874060094356537e-03,2.908656839281320572e-03,1.696457527577877045e-02,2.162805572152137756e-02,-3.212199360132217407e-02,6.926345825195312500e-02,1.037235185503959656e-01,-1.019617617130279541e-01,3.143478417769074440e-03,-7.983544468879699707e-02,-1.292498037219047546e-02,-3.503185138106346130e-02,9.542381763458251953e-02,-2.665231190621852875e-02,-1.006060689687728882e-01,-7.290306384675204754e-04,1.122282817959785461e-01,-4.506602138280868530e-02,-9.151759743690490723e-02,1.090158000588417053e-01,2.158254937967285514e-04,-7.711840420961380005e-02,3.306582511868327856e-04,-8.845256268978118896e-02,-1.016891151666641235e-01,5.515998229384422302e-03,2.191786421462893486e-03,6.814045459032058716e-02,6.823395192623138428e-02,-2.436908707022666931e-02,-6.421286612749099731e-02,-1.004748791456222534e-01,5.157051607966423035e-02,-9.399569779634475708e-02,4.010344669222831726e-02,8.017928898334503174e-02,-4.049951712659094483e-06,-7.262779027223587036e-02,7.519109547138214111e-02,-1.064274273812770844e-02,-3.608121915021911263e-05,-1.125832945108413696e-01,-8.852158486843109131e-02,1.216951608657836914e-01,-4.125013656448572874e-04,-1.050490811467170715e-01,-1.099591478705406189e-01,2.763970382511615753e-02,-3.366791177541017532e-03,6.763439625501632690e-02,-8.432961255311965942e-02,-1.106992512941360474e-01,-3.096517734229564667e-02,1.115592345595359802e-01,-9.334921091794967651e-02,2.488839812576770782e-02,5.203441902995109558e-02,-9.785196930170059204e-02,5.535111576318740845e-02,8.457557111978530884e-02,8.007249236106872559e-02,8.260668069124221802e-02,-8.551936596632003784e-02,-5.360079929232597351e-02,-7.064751535654067993e-02,-9.831928648054599762e-03,7.810583710670471191e-02
3.186968266963958740e-01,-1.075213253498077393e-01,7.998177409172058105e-01,-7.287213206291198730e-01,-3.539764881134033203e-01,-2.401408255100250244e-01,1.977693438529968262e-01,-1.746707707643508911e-01,-3.795781135559082031e-01,-4.864240884780883789e-01,7.621143758296966553e-02,4.140298366546630859e-01,-6.626080274581909180e-01,-6.430068016052246094e-01,-7.065880894660949707e-01,-7.157870531082153320e-01,1.604961603879928589e-02,-5.942595005035400391e-01,7.647951841354370117e-01,5.133969783782958984e-01,2.824316024780273438e-01,-7.208392620086669922e-01,-6.621903777122497559e-01,2.377623468637466431e-01,-1.050449088215827942e-01,-6.698735356330871582e-01,7.262848019599914551e-01,2.360561862587928772e-02,-7.272265553474426270e-01,-2.137708961963653564e-01,-3.030917346477508545e-01,7.903957366943359375e-01,-6.283806562423706055e-01,-5.718071460723876953e-01,1.981592923402786255e-02,7.527832388877868652e-01,-5.899900197982788086e-01,-7.183550000190734863e-01,4.829489588737487793e-01,3.867231905460357666e-01,-7.072801589965820312e-01,-8.225162327289581299e-02,-7.769810557365417480e-01,-2.280437648296356201e-01,1.830354183912277222e-01,6.219808459281921387e-01,7.955532073974609375e-01,2.712990939617156982e-01,1.320504099130630493e-01,-2.262102365493774414e-01,-1.562621742486953735e-01,-1.919892877340316772e-01,-3.401885628700256348e-01,1.790733784437179565e-01,-2.310189045965671539e-02,7.840262055397033691e-01,-3.992114365100860596e-01,-5.226726084947586060e-02,6.151618957519531250e-01,7.318672537803649902e-01,2.333992347121238708e-02,5.051212385296821594e-02,-2.374921739101409912e-02,-1.264419853687286377e-01,-1.610853523015975952e-01,2.587581276893615723e-01,-4.912765920162200928e-01,-7.459074854850769043e-01,7.580847740173339844e-01,-8.933063596487045288e-03,6.329364180564880371e-01,1.459655165672302246e-01,2.946835160255432129e-01,-7.389892339706420898e-01,1.763977706432342529e-01,7.367482781410217285e-01,5.428443662822246552e-03,-8.184405565261840820e-01,3.694051206111907959e-01,7.072591781616210938e-01,-7.969145178794860840e-01,-1.841732999309897423e-03,6.230490803718566895e-01,-1.763449399732053280e-03,6.399224400520324707e-01,7.536287903785705566e-01,-7.662645727396011353e-02,-1.766936853528022766e-02,-5.318535566329956055e-01,-5.832849740982055664e-01,2.065983414649963379e-01,4.761654436588287354e-01,7.405374646186828613e-01,-4.159950315952301025e-01,7.168202996253967285e-01,-3.076218962669372559e-01,-6.330385208129882812e-01,3.726112117874436080e-05,5.818822979927062988e-01,-5.690197348594665527e-01,1.629232168197631836e-01,-1.053360849618911743e-02,8.052828311920166016e-01,6.947232484817504883e-01,-8.510894775390625000e-01,-8.151865750551223755e-02,7.421303391456604004e-01,7.786278128623962402e-01,-2.319338917732238770e-01,2.688150666654109955e-02,-5.357804894447326660e-01,6.823778748512268066e-01,8.003286123275756836e-01,1.489344537258148193e-01,-8.022458553314208984e-01,7.160162329673767090e-01,-1.965430974960327148e-01,-4.412561357021331787e-01,7.351390719413757324e-01,-4.619503021240234375e-01,-6.390416622161865234e-01,-6.360662579536437988e-01,-6.523959636688232422e-01,6.177695393562316895e-01,4.986716508865356445e-01,5.922664999961853027e-01,6.996996700763702393e-02,-6.419140696525573730e-01
-3.793254196643829346e-01,9.466124325990676880e-02,-7.287213206291198730e-01,7.638593912124633789e-01,1.908223479986190796e-01,3.133539557456970215e-01,-2.017422765493392944e-01,3.780983621254563332e-03,3.282589912414550781e-01,4.183129370212554932e-01,-1.103242784738540649e-01,-3.444071114063262939e-01,5.449544787406921387e-01,6.005663871765136719e-01,6.265999078750610352e-01,5.321431159973144531e-01,-1.180751435458660126e-02,5.492317676544189453e-01,-7.469452619552612305e-01,-4.377882480621337891e-01,-3.185839354991912842e-01,6.798659563064575195e-01,6.296576261520385742e-01,-2.120066881179809570e-01,9.188740700483322144e-02,4.875356554985046387e-01,-5.908851027488708496e-01,1.843760013580322266e-01,5.768283605575561523e-01,3.256040811538696289e-01,2.729484438896179199e-01,-7.201876044273376465e-01,6.696608066558837891e-01,4.893980324268341064e-01,-4.355007316917181015e-03,-5.977968573570251465e-01,4.956372678279876709e-01,6.162401437759399414e-01,-2.518004179000854492e-01,-3.406531810760498047e-01,6.293336153030395508e-01,9.339110553264617920e-02,6.812522411346435547e-01,1.917046904563903809e-01,-2.237710505723953247e-01,-4.809032082557678223e-01,-7.468597888946533203e-01,-2.506830096244812012e-01,-1.308923065662384033e-01,2.561488747596740723e-01,1.930025070905685425e-01,2.733436822891235352e-01,3.063977956771850586e-01,-1.846636980772018433e-01,1.297651082277297974e-01,-6.418546438217163086e-01,3.571187555789947510e-01,4.400005564093589783e-02,-5.812661051750183105e-01,-7.235132455825805664e-01,-3.338885307312011719e-02,8.485226891934871674e-03,2.560601569712162018e-02,4.847889021039009094e-02,1.713320910930633545e-01,-2.294221073389053345e-01,4.708371162414550781e-01,5.946781039237976074e-01,-6.529161930084228516e-01,-1.687282472848892212e-01,-4.876398444175720215e-01,-2.061522938311100006e-02,-3.244455754756927490e-01,6.761696934700012207e-01,-1.491241902112960815e-01,-6.244735717773437500e-01,-3.414334030821919441e-03,6.971253156661987305e-01,-4.694034457206726074e-01,-6.059448122978210449e-01,7.465327978134155273e-01,1.613036263734102249e-03,-4.646074175834655762e-01,3.909249324351549149e-03,-5.091361403465270996e-01,-6.749445796012878418e-01,-1.149531304836273193e-01,1.266610529273748398e-02,4.268749952316284180e-01,4.736120104789733887e-01,-1.791611909866333008e-01,-5.655604600906372070e-01,-7.201101779937744141e-01,4.398652017116546631e-01,-6.652579307556152344e-01,3.953613638877868652e-01,5.231223702430725098e-01,-2.477132147760130465e-05,-4.217275381088256836e-01,4.353363215923309326e-01,-1.768635213375091553e-02,-1.915885806083679199e-01,-7.587307095527648926e-01,-5.747193694114685059e-01,7.813386917114257812e-01,1.810376495122909546e-01,-7.881082296371459961e-01,-6.857730746269226074e-01,3.669593632221221924e-01,-2.784904092550277710e-02,5.368410348892211914e-01,-6.974880099296569824e-01,-7.606399059295654297e-01,-6.138630211353302002e-02,6.940383315086364746e-01,-6.223761439323425293e-01,-1.085439324378967285e-02,4.042380154132843018e-01,-6.186994314193725586e-01,4.718208611011505127e-01,5.977793335914611816e-01,5.921347141265869141e-01,5.793954133987426758e-01,-6.150311827659606934e-01,-4.185594022274017334e-01,-5.816724896430969238e-01,-7.983987778425216675e-02,5.442098975181579590e-01
1.666915863752365112e-01,4.493119195103645325e-02,-3.539764881134033203e-01,1.908223479986190796e-01,4.484029710292816162e-01,-1.452933549880981445e-01,4.055585886817425489e-04,4.718454480171203613e-01,2.057511806488037109e-01,2.500798106193542480e-01,-1.052090376615524292e-01,-2.504798173904418945e-01,3.094576299190521240e-01,2.613218426704406738e-01,3.509261310100555420e-01,5.900418758392333984e-01,-7.932457141578197479e-03,2.486734539270401001e-01,-2.864722311496734619e-01,-2.549582421779632568e-01,-9.171990305185317993e-02,2.590281665325164795e-01,1.908337622880935669e-01,-5.353845655918121338e-02,5.338535457849502563e-02,5.041648149490356445e-01,-3.815600574016571045e-01,-3.879967629909515381e-01,4.579075872898101807e-01,-1.082361936569213867e-01,5.015428364276885986e-02,-3.849247097969055176e-01,1.527274847030639648e-01,2.718732655048370361e-01,-2.937246300280094147e-02,-4.805513918399810791e-01,3.009424507617950439e-01,3.816588521003723145e-01,-6.021203994750976562e-01,-3.528535664081573486e-01,4.499718248844146729e-01,7.861289381980895996e-02,3.618272840976715088e-01,1.200909614562988281e-01,-4.924104362726211548e-02,-2.656832635402679443e-01,-3.791741728782653809e-01,-1.663811504840850830e-01,1.063414849340915680e-02,5.928973481059074402e-02,-8.713466674089431763e-02,-9.009236842393875122e-02,2.984448075294494629e-01,-6.958805024623870850e-02,-1.309171915054321289e-01,-5.527773499488830566e-01,2.375469058752059937e-01,2.688021026551723480e-02,-1.962513178586959839e-01,-2.601965069770812988e-01,-6.927853822708129883e-02,-9.064184874296188354e-02,4.913648590445518494e-03,2.406302392482757568e-01,9.706077724695205688e-02,-1.145161390304565430e-01,6.652443110942840576e-02,5.216752290725708008e-01,-4.110948145389556885e-01,3.238283097743988037e-01,-5.070192217826843262e-01,-5.080719664692878723e-02,-3.019607253372669220e-02,3.374995589256286621e-01,-2.076571881771087646e-01,-4.961896538734436035e-01,-3.263970371335744858e-03,4.665893912315368652e-01,-6.997554749250411987e-02,-3.885631263256072998e-01,4.201574623584747314e-01,8.246449287980794907e-04,-4.654111564159393311e-01,-1.984737347811460495e-03,-5.690634846687316895e-01,-3.146393001079559326e-01,3.435686528682708740e-01,1.184037048369646072e-02,2.061780244112014771e-01,3.578270673751831055e-01,-2.177739143371582031e-01,2.853594347834587097e-02,-2.543192207813262939e-01,2.836265042424201965e-02,-3.725703954696655273e-01,-1.623752713203430176e-01,4.090946018695831299e-01,-3.754049612325616181e-05,-4.258923530578613281e-01,4.685592949390411377e-01,-3.286285996437072754e-01,3.754098117351531982e-01,-3.804182410240173340e-01,-4.151739478111267090e-01,4.100347459316253662e-01,5.262868478894233704e-02,-2.028444558382034302e-01,-3.705751895904541016e-01,-2.644899189472198486e-01,-1.951965969055891037e-03,1.497592777013778687e-01,-1.543374955654144287e-01,-3.441646993160247803e-01,-1.586078554391860962e-01,5.017731785774230957e-01,-3.861655890941619873e-01,4.435087144374847412e-01,1.447373330593109131e-01,-5.200371742248535156e-01,1.267096996307373047e-01,2.147064357995986938e-01,3.211874663829803467e-01,3.544866144657135010e-01,-1.261252462863922119e-01,-2.616029977798461914e-01,-1.568931192159652710e-01,-9.222787804901599884e-03,3.541978895664215088e-01
-3.383121192455291748e-01,2.318297885358333588e-02,-2.401408255100250244e-01,3.133539557456970215e-01,-1.452933549880981445e-01,3.064447343349456787e-01,-9.345347434282302856e-02,-2.361666560173034668e-01,-9.100996889173984528e-03,7.491560280323028564e-02,5.386357754468917847e-02,-4.089152440428733826e-02,1.624809652566909790e-01,1.799183040857315063e-01,1.725959926843643188e-01,6.741079036146402359e-03,-3.658357309177517891e-03,1.345126926898956299e-01,-2.496407032012939453e-01,-1.050291731953620911e-01,-3.571873530745506287e-02,2.433504313230514526e-01,2.524314224720001221e-01,-9.695728868246078491e-02,1.514059863984584808e-02,2.857716754078865051e-03,-1.704264879226684570e-01,2.946147620677947998e-01,1.576669067144393921e-01,1.707860976457595825e-01,1.450937837362289429e-01,-2.062563002109527588e-01,2.303187251091003418e-01,1.744042187929153442e-01,7.547972258180379868e-03,-1.081971302628517151e-01,9.578491747379302979e-02,1.352858543395996094e-01,1.281617581844329834e-01,3.438491001725196838e-02,5.430421978235244751e-02,-2.299120463430881500e-02,2.141783088445663452e-01,4.326453804969787598e-02,-1.577340252697467804e-02,-2.139179408550262451e-01,-2.186426967382431030e-01,-1.649892516434192657e-02,-1.051945313811302185e-01,3.223469480872154236e-02,1.643496155738830566e-01,1.165124773979187012e-01,-5.865718796849250793e-02,-3.847165033221244812e-02,8.499465137720108032e-02,-1.122657284140586853e-01,4.201809316873550415e-02,1.000081095844507217e-02,-1.896471530199050903e-01,-2.361331284046173096e-01,6.026084721088409424e-02,2.610356546938419342e-02,8.608309552073478699e-03,-1.491215527057647705e-01,-1.519333664327859879e-02,-5.256963893771171570e-02,2.343448698520660400e-01,6.823363900184631348e-02,-1.439221352338790894e-01,-2.391211092472076416e-01,-6.193425506353378296e-03,-1.453931778669357300e-01,-1.164443865418434143e-01,1.924458593130111694e-01,1.137561574578285217e-01,-7.071036845445632935e-02,-5.876151262782514095e-04,2.016015648841857910e-01,-1.237214505672454834e-01,-1.189377754926681519e-01,1.908658891916275024e-01,4.374014970380812883e-04,-3.791470080614089966e-02,1.153052086010575294e-03,5.986008793115615845e-02,-2.375436574220657349e-01,-1.874364465475082397e-01,1.168562099337577820e-03,1.164307221770286560e-01,5.738290026783943176e-02,5.643173307180404663e-02,-2.621293962001800537e-01,-2.352230548858642578e-01,1.931716352701187134e-01,-1.308336257934570312e-01,2.991638183593750000e-01,7.530611008405685425e-02,6.692085662507452071e-06,-1.986133679747581482e-02,-5.665794759988784790e-02,1.271969377994537354e-01,-2.798082828521728516e-01,-2.123010307550430298e-01,-9.522604197263717651e-02,2.452066242694854736e-01,3.636183589696884155e-02,-2.979797124862670898e-01,-2.062577754259109497e-01,3.493844270706176758e-01,-1.084349770098924637e-02,1.749385744333267212e-01,-3.139798045158386230e-01,-2.387445718050003052e-01,6.082182750105857849e-02,1.576548069715499878e-01,-1.279941350221633911e-01,-2.272012233734130859e-01,1.619859188795089722e-01,-7.425615191459655762e-02,1.502434760332107544e-01,2.158383578062057495e-01,1.096625104546546936e-01,9.598892927169799805e-02,-2.514231503009796143e-01,-1.163368672132492065e-01,-2.065488100051879883e-01,-3.118454851210117340e-02,1.036453619599342346e-01
1.985613852739334106e-01,-2.865977026522159576e-02,1.977693438529968262e-01,-2.017422765493392944e-01,4.055585886817425489e-04,-9.345347434282302856e-02,1.388524323701858521e-01,9.213392436504364014e-02,-7.980095595121383667e-02,-6.136779114603996277e-02,-6.582631170749664307e-02,6.229697540402412415e-02,-2.316768467426300049e-01,-1.232449263334274292e-01,-1.409188061952590942e-01,-1.392886638641357422e-01,3.987507428973913193e-03,-1.931842714548110962e-01,1.865604519844055176e-01,3.810850903391838074e-02,1.641991082578897476e-03,-1.819715350866317749e-01,-1.661105751991271973e-01,7.419575005769729614e-02,-1.487960293889045715e-02,-1.586248874664306641e-01,1.583048254251480103e-01,-6.523105502128601074e-02,-1.576365977525711060e-01,-1.425680518150329590e-01,-1.123846918344497681e-01,1.846725493669509888e-01,-1.587194651365280151e-01,-5.990583449602127075e-02,-2.026505680987611413e-04,1.790106445550918579e-01,-1.271626055240631104e-01,-1.510025858879089355e-01,6.503710150718688965e-02,-6.039666756987571716e-02,-1.392945051193237305e-01,2.811574004590511322e-02,-2.201436460018157959e-01,-3.773507848381996155e-02,1.106754876673221588e-02,1.784241199493408203e-01,1.886752247810363770e-01,4.704912751913070679e-02,8.290483057498931885e-02,-1.169566661119461060e-01,-8.918011188507080078e-02,-1.132513582706451416e-01,4.443299397826194763e-02,4.455925896763801575e-02,-1.868479885160923004e-02,1.421764343976974487e-01,-4.473268613219261169e-02,-1.115977670997381210e-02,1.767315566539764404e-01,2.034362852573394775e-01,-8.134807646274566650e-02,4.216461256146430969e-02,-5.268955137580633163e-03,6.424846500158309937e-02,-2.191069908440113068e-02,6.046241149306297302e-02,-2.359992563724517822e-01,-1.577105671167373657e-01,1.723826527595520020e-01,7.514137774705886841e-02,6.407180428504943848e-02,6.494754552841186523e-02,6.832094490528106689e-02,-1.785051077604293823e-01,-1.180509198457002640e-02,1.161654070019721985e-01,1.936293323524296284e-03,-1.895036995410919189e-01,7.371672242879867554e-02,1.414137035608291626e-01,-1.601946502923965454e-01,-3.714381018653512001e-04,7.649123668670654297e-02,-1.893268665298819542e-03,6.763549894094467163e-02,2.348103523254394531e-01,1.195190027356147766e-01,-4.092376679182052612e-03,-1.420978307723999023e-01,-7.910745590925216675e-02,-2.056972868740558624e-02,1.800311952829360962e-01,2.046507447957992554e-01,-1.172232776880264282e-01,1.373681426048278809e-01,-1.964567899703979492e-01,-1.201281845569610596e-01,-6.083017979108262807e-06,9.158903360366821289e-02,-8.468861877918243408e-02,-1.049077212810516357e-01,1.204914748668670654e-01,2.072434574365615845e-01,1.345219761133193970e-01,-2.098115980625152588e-01,1.070993319153785706e-01,2.082780301570892334e-01,2.487679570913314819e-01,-1.685082167387008667e-01,6.467671599239110947e-03,-1.215412169694900513e-01,1.444963514804840088e-01,2.357100844383239746e-01,1.359011530876159668e-01,-1.905208379030227661e-01,1.385830491781234741e-01,4.794911667704582214e-02,-1.192016080021858215e-01,1.090358272194862366e-01,-9.908554702997207642e-02,-2.144340723752975464e-01,-9.174152463674545288e-02,-1.080096885561943054e-01,2.439010441303253174e-01,4.236897081136703491e-02,1.287871152162551880e-01,3.114174492657184601e-02,-8.918146044015884399e-02
3.703438341617584229e-01,1.847357861697673798e-02,-1.746707707643508911e-01,3.780983621254563332e-03,4.718454480171203613e-01,-2.361666560173034668e-01,9.213392436504364014e-02,6.526314616203308105e-01,1.512880176305770874e-01,1.838591694831848145e-01,-1.174895316362380981e-01,-2.397044748067855835e-01,1.199850365519523621e-01,1.919439435005187988e-01,2.756474316120147705e-01,5.203520655632019043e-01,-3.063360461965203285e-03,5.122787877917289734e-02,-7.916012406349182129e-02,-2.272391021251678467e-01,-3.765961527824401855e-02,1.377884745597839355e-01,3.422450646758079529e-02,-2.298683859407901764e-02,4.402884095907211304e-02,3.950489759445190430e-01,-2.722910940647125244e-01,-4.935797154903411865e-01,3.729095757007598877e-01,-2.228531539440155029e-01,-5.701679736375808716e-02,-2.385870665311813354e-01,-7.258903980255126953e-02,2.759448587894439697e-01,-4.204786568880081177e-02,-3.787002563476562500e-01,2.085592746734619141e-01,2.668086588382720947e-01,-6.276648640632629395e-01,-4.289053678512573242e-01,3.187553882598876953e-01,9.457766264677047729e-02,1.670167297124862671e-01,1.002498567104339600e-01,5.125011876225471497e-02,-1.534579992294311523e-01,-2.149251997470855713e-01,-1.442273706197738647e-01,6.791210174560546875e-02,-1.497717499732971191e-01,-2.162226587533950806e-01,-2.473778575658798218e-01,3.402178287506103516e-01,-6.654895097017288208e-02,-2.024013251066207886e-01,-4.706883132457733154e-01,2.417645603418350220e-01,2.176905237138271332e-02,4.488489776849746704e-02,-8.671089261770248413e-02,-1.309295594692230225e-01,-8.261711150407791138e-02,-1.143278321251273155e-03,2.431420534849166870e-01,6.231413036584854126e-02,-6.449480354785919189e-02,-1.750361621379852295e-01,4.088775813579559326e-01,-2.965179085731506348e-01,4.203669726848602295e-01,-4.881493151187896729e-01,-8.263810724020004272e-02,3.989135473966598511e-02,2.286912947893142700e-01,-1.488105654716491699e-01,-3.707399964332580566e-01,-2.112287096679210663e-03,3.372878730297088623e-01,3.247391805052757263e-02,-2.880757153034210205e-01,2.767667472362518311e-01,6.750347092747688293e-04,-4.513978660106658936e-01,-4.009108059108257294e-03,-5.113853216171264648e-01,-1.449969112873077393e-01,4.787919521331787109e-01,1.073308195918798447e-02,6.621413677930831909e-02,3.395171463489532471e-01,-2.315683960914611816e-01,2.818617522716522217e-01,-4.095383733510971069e-02,-1.133044585585594177e-01,-2.397136539220809937e-01,-3.745968937873840332e-01,3.152402639389038086e-01,-4.491839717957191169e-05,-4.242587685585021973e-01,3.987026810646057129e-01,-5.046578645706176758e-01,5.535884499549865723e-01,-2.193509042263031006e-01,-3.328787386417388916e-01,1.929706335067749023e-01,1.379985511302947998e-01,4.538256302475929260e-02,-1.678971946239471436e-01,-4.572752416133880615e-01,7.422542665153741837e-03,7.074747979640960693e-02,4.887749673798680305e-04,-1.586570888757705688e-01,-3.279927745461463928e-02,3.627132773399353027e-01,-2.702170312404632568e-01,5.781051516532897949e-01,5.844779685139656067e-02,-4.489587247371673584e-01,2.410070970654487610e-02,1.167220901697874069e-02,2.286164760589599609e-01,2.604173421859741211e-01,1.280836611986160278e-01,-2.975467741489410400e-01,-3.377561643719673157e-02,3.324949368834495544e-02,2.564682066440582275e-01
2.848672494292259216e-02,5.055108666419982910e-02,-3.795781135559082031e-01,3.282589912414550781e-01,2.057511806488037109e-01,-9.100996889173984528e-03,-7.980095595121383667e-02,1.512880176305770874e-01,4.041737914085388184e-01,2.982101440429687500e-01,-1.439592242240905762e-01,-2.560288012027740479e-01,2.190353870391845703e-01,4.070156216621398926e-01,4.174592494964599609e-01,4.641514718532562256e-01,-2.723697805777192116e-03,1.788921952247619629e-01,-4.101258516311645508e-01,-3.388089239597320557e-01,-4.236204326152801514e-01,4.021221399307250977e-01,2.401618957519531250e-01,-1.076325550675392151e-01,7.389325648546218872e-02,4.092524051666259766e-01,-4.052207767963409424e-01,-2.680665627121925354e-02,2.756744027137756348e-01,1.108652353286743164e-01,3.750220686197280884e-02,-5.702419877052307129e-01,3.473517298698425293e-01,3.083238303661346436e-01,-6.224652752280235291e-03,-4.517925083637237549e-01,2.894188463687896729e-01,3.734321892261505127e-01,-2.118660360574722290e-01,-4.108740687370300293e-01,4.968614578247070312e-01,1.271155774593353271e-01,3.254798948764801025e-01,1.089081242680549622e-01,-2.151777297258377075e-01,-1.926898658275604248e-01,-3.984884321689605713e-01,-1.622560918331146240e-01,5.588915199041366577e-02,3.440925478935241699e-02,-4.612826555967330933e-02,1.740790307521820068e-01,4.228837490081787109e-01,-1.454869806766510010e-01,9.851155430078506470e-02,-4.752733111381530762e-01,2.652715742588043213e-01,2.335907518863677979e-02,-2.291714102029800415e-01,-3.674571514129638672e-01,-1.847562491893768311e-01,9.804379194974899292e-02,1.544303540140390396e-02,2.000754326581954956e-01,1.690836101770401001e-01,-1.305184662342071533e-01,6.461592763662338257e-02,4.072538614273071289e-01,-4.629450142383575439e-01,6.887256633490324020e-03,-3.708554506301879883e-01,1.821209490299224854e-01,-2.543805837631225586e-01,4.189653694629669189e-01,-1.969232261180877686e-01,-4.480052590370178223e-01,-1.234820694662630558e-03,4.274585843086242676e-01,-2.507965862751007080e-01,-4.476179778575897217e-01,5.222309231758117676e-01,9.877013508230447769e-04,-3.331209719181060791e-01,3.754485631361603737e-03,-4.677751958370208740e-01,-3.159438371658325195e-01,5.989200249314308167e-02,7.136336527764797211e-03,3.135298490524291992e-01,3.424835801124572754e-01,-1.657218486070632935e-01,-2.263898849487304688e-01,-3.960153758525848389e-01,2.499255388975143433e-01,-4.518273174762725830e-01,2.971051074564456940e-02,2.392744421958923340e-01,-2.978433440148364753e-05,-3.529531955718994141e-01,3.328612744808197021e-01,-1.710430979728698730e-01,1.350271254777908325e-01,-5.200001597404479980e-01,-3.798104226589202881e-01,4.894998073577880859e-01,1.391057074069976807e-01,-4.649631977081298828e-01,-3.469533920288085938e-01,-1.579653844237327576e-02,-2.352087199687957764e-02,4.833650887012481689e-01,-3.689736127853393555e-01,-4.240216314792633057e-01,8.415802568197250366e-02,3.711113631725311279e-01,-4.326140284538269043e-01,1.772819310426712036e-01,1.258942037820816040e-01,-4.556486010551452637e-01,2.891229093074798584e-01,1.706550866365432739e-01,4.515492916107177734e-01,4.032590687274932861e-01,-2.065764814615249634e-01,-3.440835773944854736e-01,-3.568486273288726807e-01,-1.334755914285778999e-03,3.156764209270477295e-01
-6.378556042909622192e-02,5.802772566676139832e-02,-4.864240884780883789e-01,4.183129370212554932e-01,2.500798106193542480e-01,7.491560280323028564e-02,-6.136779114603996277e-02,1.838591694831848145e-01,2.982101440429687500e-01,3.267169594764709473e-01,-1.183616369962692261e-01,-2.699368298053741455e-01,3.280402719974517822e-01,4.260516464710235596e-01,4.642769396305084229e-01,5.152845978736877441e-01,-7.415832486003637314e-03,2.734169960021972656e-01,-4.866431951522827148e-01,-3.664191067218780518e-01,-3.011857867240905762e-01,4.455327689647674561e-01,3.460607826709747314e-01,-1.256060600280761719e-01,7.270947843790054321e-02,4.485117793083190918e-01,-4.766796529293060303e-01,-5.030381679534912109e-02,4.355995357036590576e-01,7.048189640045166016e-02,1.139220595359802246e-01,-5.804553031921386719e-01,3.837149441242218018e-01,3.854850828647613525e-01,-1.210973598062992096e-02,-5.091831684112548828e-01,3.406364321708679199e-01,4.447240233421325684e-01,-3.194416761398315430e-01,-3.820673227310180664e-01,5.004233717918395996e-01,9.834706038236618042e-02,4.437777698040008545e-01,1.360336691141128540e-01,-1.630117595195770264e-01,-3.275841176509857178e-01,-4.962848126888275146e-01,-1.666908562183380127e-01,-4.333931021392345428e-03,6.179907172918319702e-02,2.050989307463169098e-02,1.030841469764709473e-01,3.517341315746307373e-01,-1.182717978954315186e-01,3.681080788373947144e-02,-5.642285943031311035e-01,2.726870775222778320e-01,2.924345061182975769e-02,-3.174493610858917236e-01,-4.261556565761566162e-01,-1.190262883901596069e-01,3.184103593230247498e-02,1.481499895453453064e-02,1.709485948085784912e-01,1.280171275138854980e-01,-1.483035087585449219e-01,1.660171151161193848e-01,4.874549806118011475e-01,-5.050962567329406738e-01,4.316579177975654602e-02,-4.445320069789886475e-01,1.246945932507514954e-02,-2.085210382938385010e-01,4.657541513442993164e-01,-1.630293130874633789e-01,-5.171797871589660645e-01,-2.275913022458553314e-03,5.408565402030944824e-01,-2.317801862955093384e-01,-4.770670235157012939e-01,5.746770501136779785e-01,1.105149975046515465e-03,-4.125431180000305176e-01,1.301229814998805523e-03,-4.908183515071868896e-01,-4.147514104843139648e-01,1.208971440792083740e-01,9.496953338384628296e-03,3.227684199810028076e-01,3.785035014152526855e-01,-1.684966683387756348e-01,-2.412291616201400757e-01,-4.498469233512878418e-01,2.468997091054916382e-01,-4.868970215320587158e-01,7.448968291282653809e-02,3.517405390739440918e-01,-3.258454671595245600e-05,-3.845827579498291016e-01,3.719105124473571777e-01,-1.974604278802871704e-01,1.148099228739738464e-01,-5.513155460357666016e-01,-4.409067332744598389e-01,5.849343538284301758e-01,1.337255835533142090e-01,-4.980005323886871338e-01,-4.481135606765747070e-01,3.417220339179039001e-02,-1.943906396627426147e-02,4.065155386924743652e-01,-4.378266334533691406e-01,-4.891386330127716064e-01,2.760620787739753723e-02,5.016052722930908203e-01,-4.758143723011016846e-01,1.842653304338455200e-01,2.113318145275115967e-01,-5.245447754859924316e-01,2.897317409515380859e-01,2.900925278663635254e-01,4.538367390632629395e-01,4.319544434547424316e-01,-2.818702161312103271e-01,-3.635401427745819092e-01,-3.677068650722503662e-01,-1.952260360121726990e-02,4.018720686435699463e-01
-1.630273610353469849e-01,-7.193528115749359131e-03,7.621143758296966553e-02,-1.103242784738540649e-01,-1.052090376615524292e-01,5.386357754468917847e-02,-6.582631170749664307e-02,-1.174895316362380981e-01,-1.439592242240905762e-01,-1.183616369962692261e-01,2.124946564435958862e-01,8.640811592340469360e-02,8.877974748611450195e-02,-1.329859644174575806e-01,-1.148127168416976929e-01,-8.759639412164688110e-02,-2.484635449945926666e-03,-1.763556501828134060e-03,1.390853077173233032e-01,1.428258717060089111e-01,2.748564183712005615e-01,-8.553898334503173828e-02,-3.246040642261505127e-02,-2.545188739895820618e-02,-2.859410829842090607e-02,-3.366655483841896057e-02,3.951558470726013184e-02,-1.057351566851139069e-02,1.117529068142175674e-02,-1.570989750325679779e-02,7.725522667169570923e-02,1.590676307678222656e-01,-1.652050763368606567e-01,-9.384186565876007080e-02,-4.456802736967802048e-03,4.479574412107467651e-02,-5.464374646544456482e-02,-8.596286177635192871e-02,-1.646459661424160004e-02,3.084966838359832764e-01,-2.057466506958007812e-01,-1.263176053762435913e-01,-8.383504115045070648e-03,-2.902875095605850220e-02,1.780111491680145264e-01,-1.239080429077148438e-01,1.250787973403930664e-01,8.621302247047424316e-02,-9.203574806451797485e-02,-2.432768605649471283e-02,7.247086614370346069e-02,-5.711105838418006897e-02,-3.036168217658996582e-01,6.206636130809783936e-02,-1.020870357751846313e-01,1.234997063875198364e-01,-1.291349828243255615e-01,-3.536009695380926132e-03,3.412163257598876953e-02,1.040346622467041016e-01,1.811929494142532349e-01,-1.034705042839050293e-01,-7.448084186762571335e-03,-1.680800467729568481e-01,-1.142063513398170471e-01,2.875517308712005615e-02,1.320549845695495605e-01,-8.415371924638748169e-02,9.885331243276596069e-02,-1.825459650717675686e-03,1.466536819934844971e-01,-2.751232683658599854e-01,1.042196229100227356e-01,-9.575016051530838013e-02,1.768386811017990112e-01,1.807290911674499512e-01,-1.841100514866411686e-03,-6.097547337412834167e-02,2.094387561082839966e-01,1.212306022644042969e-01,-2.064180523157119751e-01,-2.164207544410601258e-04,8.810763061046600342e-02,-1.818656921386718750e-03,2.270458042621612549e-01,-1.670731790363788605e-02,-4.802655428647994995e-02,7.857086602598428726e-04,1.374781830236315727e-03,-1.111736297607421875e-01,1.593633145093917847e-01,7.657448947429656982e-02,1.037960946559906006e-01,-6.549704074859619141e-02,1.848049014806747437e-01,9.848944842815399170e-02,-7.341603934764862061e-02,1.870828600658569485e-05,6.749138981103897095e-02,-1.331072300672531128e-01,1.115335002541542053e-01,-6.042095273733139038e-02,1.513477116823196411e-01,9.137396514415740967e-02,-1.234096065163612366e-01,-2.846648097038269043e-01,1.945942938327789307e-01,-8.865962736308574677e-03,8.761419355869293213e-02,7.935791276395320892e-03,-1.670396178960800171e-01,1.343331634998321533e-01,9.203352034091949463e-02,-1.525562852621078491e-01,-8.000209182500839233e-02,1.353789865970611572e-01,-4.981226474046707153e-02,1.380946021527051926e-02,1.780526190996170044e-01,-1.215808987617492676e-01,3.527895361185073853e-02,-2.125793993473052979e-01,-1.634928584098815918e-01,-2.805174328386783600e-02,1.190159767866134644e-01,1.170309260487556458e-01,-1.992251491174101830e-03,-1.188292801380157471e-01
2.048325724899768829e-02,-4.882316663861274719e-02,4.140298366546630859e-01,-3.444071114063262939e-01,-2.504798173904418945e-01,-4.089152440428733826e-02,6.229697540402412415e-02,-2.397044748067855835e-01,-2.560288012027740479e-01,-2.699368298053741455e-01,8.640811592340469360e-02,2.560484409332275391e-01,-2.884397208690643311e-01,-3.761499226093292236e-01,-4.204391241073608398e-01,-4.951666891574859619e-01,5.532803013920783997e-03,-2.270080596208572388e-01,3.904863893985748291e-01,3.082884550094604492e-01,2.181826382875442505e-01,-3.922102153301239014e-01,-2.834009528160095215e-01,1.153197810053825378e-01,-6.301472336053848267e-02,-4.121885001659393311e-01,4.182502031326293945e-01,9.452277421951293945e-02,-4.135086834430694580e-01,-5.787710472941398621e-02,-8.513563871383666992e-02,5.009603500366210938e-01,-2.763828933238983154e-01,-3.486841619014739990e-01,1.772382110357284546e-02,4.723522663116455078e-01,-3.006549775600433350e-01,-3.935671150684356689e-01,3.586710691452026367e-01,3.499849438667297363e-01,-4.381302893161773682e-01,-8.273757249116897583e-02,-3.802913427352905273e-01,-1.229413896799087524e-01,9.220247715711593628e-02,2.936663925647735596e-01,4.326634407043457031e-01,1.572875529527664185e-01,1.139518339186906815e-02,-8.981327526271343231e-03,1.863610558211803436e-02,-4.744703695178031921e-02,-3.078500032424926758e-01,1.178292408585548401e-01,5.915639922022819519e-03,5.246428847312927246e-01,-2.581416964530944824e-01,-2.759971469640731812e-02,2.254346013069152832e-01,3.639746904373168945e-01,9.501302987337112427e-02,-2.518582623451948166e-03,-1.148749236017465591e-02,-1.281052976846694946e-01,-1.067188829183578491e-01,1.276788562536239624e-01,-1.183444634079933167e-01,-4.488598406314849854e-01,4.511210620403289795e-01,-7.543709129095077515e-02,4.176747798919677734e-01,2.686560526490211487e-02,1.609877794981002808e-01,-4.221995472908020020e-01,1.167263910174369812e-01,4.467186033725738525e-01,2.247572643682360649e-03,-4.905956089496612549e-01,1.793194115161895752e-01,4.251234531402587891e-01,-4.972263872623443604e-01,-1.022124430164694786e-03,3.906430602073669434e-01,-7.855097646825015545e-04,4.523022174835205078e-01,3.729481995105743408e-01,-1.296648979187011719e-01,-9.567313827574253082e-03,-2.565716207027435303e-01,-3.509087264537811279e-01,1.533713787794113159e-01,1.453005969524383545e-01,3.604708611965179443e-01,-1.771105229854583740e-01,4.140778481960296631e-01,-2.634625881910324097e-02,-3.196417689323425293e-01,2.968944500025827438e-05,3.762094676494598389e-01,-3.415787816047668457e-01,2.181119471788406372e-01,-1.548293381929397583e-01,4.849487245082855225e-01,4.011553227901458740e-01,-4.841243922710418701e-01,-1.153685674071311951e-01,3.801146447658538818e-01,3.945099413394927979e-01,1.766023971140384674e-02,1.349532790482044220e-02,-3.430540263652801514e-01,3.418178856372833252e-01,4.310789704322814941e-01,-9.033987298607826233e-03,-4.633502960205078125e-01,4.129054248332977295e-01,-2.268279343843460083e-01,-1.869760155677795410e-01,4.796804189682006836e-01,-2.325784415006637573e-01,-2.412676811218261719e-01,-3.834958970546722412e-01,-3.718209564685821533e-01,2.141612619161605835e-01,3.405518531799316406e-01,2.968054711818695068e-01,9.855330921709537506e-03,-3.360076844692230225e-01
