9.999981522560119629e-01,-9.999985694885253906e-01,-9.999941587448120117e-01,9.999973773956298828e-01,9.999987483024597168e-01,-9.999987483024597168e-01,9.999949336051940918e-01,9.999990463256835938e-01,-9.999945163726806641e-01,9.999982714653015137e-01,-9.999986290931701660e-01,-9.999988079071044922e-01,9.999979138374328613e-01,9.999982714653015137e-01,9.999946951866149902e-01,9.999942183494567871e-01,9.999972581863403320e-01,-9.999977946281433105e-01,9.999920129776000977e-01,-9.999991059303283691e-01,-9.999989271163940430e-01,9.999939799308776855e-01,9.999985098838806152e-01,9.999974966049194336e-01,9.999885559082031250e-01,9.999988675117492676e-01,-9.999981522560119629e-01,-9.999988079071044922e-01,9.999908208847045898e-01,-9.999964833259582520e-01,-9.999908804893493652e-01,-9.999980926513671875e-01,9.999837875366210938e-01,9.999949336051940918e-01,-9.999979138374328613e-01,9.999681115150451660e-01,9.999989271163940430e-01,9.999983906745910645e-01,9.999861717224121094e-01,-9.999988079071044922e-01,9.999985694885253906e-01,9.999815225601196289e-01,9.999834895133972168e-01,9.999988079071044922e-01,9.999981522560119629e-01,9.999979734420776367e-01,-9.999927282333374023e-01,9.999985098838806152e-01,9.999985694885253906e-01,-9.999983310699462891e-01,-9.999987483024597168e-01,-9.999985098838806152e-01,-9.999987483024597168e-01,-9.999930858612060547e-01,-9.999983906745910645e-01,-9.999979138374328613e-01,-9.999775886535644531e-01,9.999909996986389160e-01,9.999950528144836426e-01,9.999981522560119629e-01,-9.999983906745910645e-01,9.999988079071044922e-01,9.999983310699462891e-01,9.999953508377075195e-01,-9.999940991401672363e-01,-9.999987483024597168e-01,-9.999990463256835938e-01,-9.999956488609313965e-01,-9.999989271163940430e-01,9.999982714653015137e-01,-9.999986886978149414e-01,9.999964833259582520e-01,-9.999871850013732910e-01,-9.999935626983642578e-01,-9.999840259552001953e-01,-9.999982714653015137e-01,9.999907612800598145e-01,9.999986886978149414e-01,-9.999939203262329102e-01,-9.999952912330627441e-01,9.999893903732299805e-01,9.999974966049194336e-01,-9.999986886978149414e-01,9.999980330467224121e-01,-9.999982714653015137e-01,-9.999857544898986816e-01,9.998504519462585449e-01,9.999987483024597168e-01,9.999915957450866699e-01,9.999817609786987305e-01,-9.999940395355224609e-01,9.999983310699462891e-01,-9.999857544898986816e-01,-9.999973177909851074e-01,9.999975562095642090e-01,-9.999976754188537598e-01,-9.999876618385314941e-01,9.999988675117492676e-01,-9.999987483024597168e-01,9.999971389770507812e-01,-9.999966621398925781e-01,9.999988675117492676e-01,9.999196529388427734e-01,9.999531507492065430e-01,9.999986290931701660e-01,9.999961853027343750e-01,-9.999821186065673828e-01,-9.999983310699462891e-01,-9.999938011169433594e-01,9.999984502792358398e-01,-9.999985098838806152e-01,9.999974966049194336e-01,-9.999982118606567383e-01,-9.998930692672729492e-01,9.999989271163940430e-01,-9.999968409538269043e-01,9.999988675117492676e-01,-9.999978542327880859e-01,-9.999951720237731934e-01,-9.999967217445373535e-01,-9.999984502792358398e-01,9.999965429306030273e-01,9.999976754188537598e-01,-9.999969601631164551e-01,-9.999914169311523438e-01,-9.999946951866149902e-01,9.999822974205017090e-01,-9.999921321868896484e-01
-9.999985694885253906e-01,9.999988675117492676e-01,9.999951720237731934e-01,-9.999978542327880859e-01,-9.999991059303283691e-01,9.999989271163940430e-01,-9.999958872795104980e-01,-9.999992251396179199e-01,9.999954700469970703e-01,-9.999986290931701660e-01,9.999988675117492676e-01,9.999991059303283691e-01,-9.999982118606567383e-01,-9.999987483024597168e-01,-9.999955892562866211e-01,-9.999952316284179688e-01,-9.999978542327880859e-01,9.999982118606567383e-01,-9.999934434890747070e-01,9.999992251396179199e-01,9.999991655349731445e-01,-9.999950528144836426e-01,-9.999988675117492676e-01,-9.999979734420776367e-01,-9.999904632568359375e-01,-9.999991059303283691e-01,9.999985694885253906e-01,9.999991655349731445e-01,-9.999924302101135254e-01,9.999970793724060059e-01,9.999924302101135254e-01,9.999985098838806152e-01,-9.999865889549255371e-01,-9.999958872795104980e-01,9.999983310699462891e-01,-9.999734759330749512e-01,-9.999992847442626953e-01,-9.999987483024597168e-01,-9.999885559082031250e-01,9.999991655349731445e-01,-9.999988079071044922e-01,-9.999846816062927246e-01,-9.999863505363464355e-01,-9.999991059303283691e-01,-9.999985694885253906e-01,-9.999983310699462891e-01,9.999939799308776855e-01,-9.999988675117492676e-01,-9.999988675117492676e-01,9.999986886978149414e-01,9.999990463256835938e-01,9.999988079071044922e-01,9.999990463256835938e-01,9.999943375587463379e-01,9.999987483024597168e-01,9.999983906745910645e-01,9.999814033508300781e-01,-9.999924898147583008e-01,-9.999959468841552734e-01,-9.999985694885253906e-01,9.999986886978149414e-01,-9.999992251396179199e-01,-9.999986886978149414e-01,-9.999961853027343750e-01,9.999951720237731934e-01,9.999990463256835938e-01,9.999993443489074707e-01,9.999963641166687012e-01,9.999992847442626953e-01,-9.999985694885253906e-01,9.999990463256835938e-01,-9.999971985816955566e-01,9.999893903732299805e-01,9.999946355819702148e-01,9.999868273735046387e-01,9.999986290931701660e-01,-9.999923706054687500e-01,-9.999989867210388184e-01,9.999951124191284180e-01,9.999960660934448242e-01,-9.999912381172180176e-01,-9.999979734420776367e-01,9.999989867210388184e-01,-9.999985098838806152e-01,9.999985694885253906e-01,9.999882578849792480e-01,-9.998753666877746582e-01,-9.999991655349731445e-01,-9.999930858612060547e-01,-9.999848604202270508e-01,9.999950528144836426e-01,-9.999986886978149414e-01,9.999881386756896973e-01,9.999977946281433105e-01,-9.999980330467224121e-01,9.999980926513671875e-01,9.999898076057434082e-01,-9.999991655349731445e-01,9.999990463256835938e-01,-9.999976158142089844e-01,9.999973177909851074e-01,-9.999991059303283691e-01,-9.999331235885620117e-01,-9.999610185623168945e-01,-9.999988675117492676e-01,-9.999969601631164551e-01,9.999851584434509277e-01,9.999986886978149414e-01,9.999949336051940918e-01,-9.999988079071044922e-01,9.999987483024597168e-01,-9.999979734420776367e-01,9.999986290931701660e-01,9.999108910560607910e-01,-9.999992251396179199e-01,9.999974370002746582e-01,-9.999991655349731445e-01,9.999982714653015137e-01,9.999960064888000488e-01,9.999973177909851074e-01,9.999988079071044922e-01,-9.999971985816955566e-01,-9.999979734420776367e-01,9.999975562095642090e-01,9.999929070472717285e-01,9.999957084655761719e-01,-9.999853372573852539e-01,9.999934434890747070e-01
-9.999941587448120117e-01,9.999951720237731934e-01,9.999805092811584473e-01,-9.999912977218627930e-01,-9.999959468841552734e-01,9.999957680702209473e-01,-9.999829530715942383e-01,-9.999966025352478027e-01,9.999814033508300781e-01,-9.999946355819702148e-01,9.999957680702209473e-01,9.999960660934448242e-01,-9.999929666519165039e-01,-9.999946355819702148e-01,-9.999820590019226074e-01,-9.999806880950927734e-01,-9.999910593032836914e-01,9.999927282333374023e-01,-9.999734163284301758e-01,9.999966621398925781e-01,9.999963045120239258e-01,-9.999799728393554688e-01,-9.999951720237731934e-01,-9.999917745590209961e-01,-9.999613165855407715e-01,-9.999962449073791504e-01,9.999938011169433594e-01,9.999959468841552734e-01,-9.999692440032958984e-01,9.999882578849792480e-01,9.999693632125854492e-01,9.999935626983642578e-01,-9.999454617500305176e-01,-9.999831914901733398e-01,9.999932050704956055e-01,-9.998921751976013184e-01,-9.999965429306030273e-01,-9.999948740005493164e-01,-9.999532699584960938e-01,9.999960064888000488e-01,-9.999952316284179688e-01,-9.999376535415649414e-01,-9.999442100524902344e-01,-9.999961256980895996e-01,-9.999939203262329102e-01,-9.999932646751403809e-01,9.999756813049316406e-01,-9.999952912330627441e-01,-9.999955892562866211e-01,9.999948143959045410e-01,9.999959468841552734e-01,9.999949932098388672e-01,9.999958872795104980e-01,9.999766945838928223e-01,9.999949932098388672e-01,9.999933838844299316e-01,9.999243021011352539e-01,-9.999698996543884277e-01,-9.999834895133972168e-01,-9.999939203262329102e-01,9.999945759773254395e-01,-9.999962449073791504e-01,-9.999944567680358887e-01,-9.999843835830688477e-01,9.999804496765136719e-01,9.999960064888000488e-01,9.999966621398925781e-01,9.999855160713195801e-01,9.999964237213134766e-01,-9.999942779541015625e-01,9.999958872795104980e-01,-9.999886155128479004e-01,9.999566078186035156e-01,9.999782443046569824e-01,9.999462962150573730e-01,9.999944567680358887e-01,-9.999690055847167969e-01,-9.999956488609313965e-01,9.999798536300659180e-01,9.999841451644897461e-01,-9.999644756317138672e-01,-9.999918341636657715e-01,9.999958872795104980e-01,-9.999938011169433594e-01,9.999941587448120117e-01,9.999518394470214844e-01,-9.994949102401733398e-01,-9.999961853027343750e-01,-9.999718666076660156e-01,-9.999384284019470215e-01,9.999798536300659180e-01,-9.999943971633911133e-01,9.999517798423767090e-01,9.999911189079284668e-01,-9.999918341636657715e-01,9.999924302101135254e-01,9.999584555625915527e-01,-9.999964237213134766e-01,9.999958872795104980e-01,-9.999904036521911621e-01,9.999889135360717773e-01,-9.999961256980895996e-01,-9.997287392616271973e-01,-9.998421072959899902e-01,-9.999954104423522949e-01,-9.999876022338867188e-01,9.999397993087768555e-01,9.999947547912597656e-01,9.999790191650390625e-01,-9.999949336051940918e-01,9.999951124191284180e-01,-9.999919533729553223e-01,9.999940395355224609e-01,9.996388554573059082e-01,-9.999965429306030273e-01,9.999898076057434082e-01,-9.999964237213134766e-01,9.999929070472717285e-01,9.999840259552001953e-01,9.999892711639404297e-01,9.999949336051940918e-01,-9.999887943267822266e-01,-9.999923110008239746e-01,9.999901652336120605e-01,9.999711513519287109e-01,9.999823570251464844e-01,-9.999400973320007324e-01,9.999734163284301758e-01
9.999973773956298828e-01,-9.999978542327880859e-01,-9.999912977218627930e-01,9.999961853027343750e-01,9.999982714653015137e-01,-9.999980926513671875e-01,9.999923706054687500e-01,9.999985694885253906e-01,-9.999917149543762207e-01,9.999975562095642090e-01,-9.999979734420776367e-01,-9.999982714653015137e-01,9.999967813491821289e-01,9.999976158142089844e-01,9.999920129776000977e-01,9.999914169311523438e-01,9.999960660934448242e-01,-9.999967217445373535e-01,9.999881386756896973e-01,-9.999985694885253906e-01,-9.999983310699462891e-01,9.999910593032836914e-01,9.999978542327880859e-01,9.999963045120239258e-01,9.999827742576599121e-01,9.999983906745910645e-01,-9.999971985816955566e-01,-9.999982118606567383e-01,9.999862313270568848e-01,-9.999947547912597656e-01,-9.999862909317016602e-01,-9.999971985816955566e-01,9.999757409095764160e-01,9.999924898147583008e-01,-9.999969005584716797e-01,9.999517798423767090e-01,9.999985098838806152e-01,9.999977350234985352e-01,9.999791383743286133e-01,-9.999982118606567383e-01,9.999978542327880859e-01,9.999721646308898926e-01,9.999751448631286621e-01,9.999983310699462891e-01,9.999973177909851074e-01,9.999969601631164551e-01,-9.999891519546508789e-01,9.999979138374328613e-01,9.999979734420776367e-01,-9.999976754188537598e-01,-9.999982714653015137e-01,-9.999977946281433105e-01,-9.999982118606567383e-01,-9.999895691871643066e-01,-9.999977350234985352e-01,-9.999970197677612305e-01,-9.999662041664123535e-01,9.999865889549255371e-01,9.999925494194030762e-01,9.999973177909851074e-01,-9.999976158142089844e-01,9.999983310699462891e-01,9.999974966049194336e-01,9.999931454658508301e-01,-9.999912381172180176e-01,-9.999982118606567383e-01,-9.999986290931701660e-01,-9.999936223030090332e-01,-9.999983906745910645e-01,9.999973773956298828e-01,-9.999981522560119629e-01,9.999949336051940918e-01,-9.999806880950927734e-01,-9.999902844429016113e-01,-9.999760985374450684e-01,-9.999975562095642090e-01,9.999861717224121094e-01,9.999980330467224121e-01,-9.999909996986389160e-01,-9.999929666519165039e-01,9.999841451644897461e-01,9.999963045120239258e-01,-9.999982714653015137e-01,9.999972581863403320e-01,-9.999973773956298828e-01,-9.999786019325256348e-01,9.997741580009460449e-01,9.999983310699462891e-01,9.999874234199523926e-01,9.999724626541137695e-01,-9.999910593032836914e-01,9.999974370002746582e-01,-9.999785423278808594e-01,-9.999959468841552734e-01,9.999964237213134766e-01,-9.999966025352478027e-01,-9.999814629554748535e-01,9.999984502792358398e-01,-9.999982118606567383e-01,9.999957680702209473e-01,-9.999951124191284180e-01,9.999983906745910645e-01,9.998786449432373047e-01,9.999294281005859375e-01,9.999979734420776367e-01,9.999944567680358887e-01,-9.999731183052062988e-01,-9.999976754188537598e-01,-9.999907016754150391e-01,9.999977946281433105e-01,-9.999977946281433105e-01,9.999963641166687012e-01,-9.999973177909851074e-01,-9.998385906219482422e-01,9.999985694885253906e-01,-9.999954104423522949e-01,9.999985098838806152e-01,-9.999968409538269043e-01,-9.999928474426269531e-01,-9.999952316284179688e-01,-9.999977350234985352e-01,9.999949932098388672e-01,9.999965429306030273e-01,-9.999956488609313965e-01,-9.999871850013732910e-01,-9.999921321868896484e-01,9.999733567237854004e-01,-9.999880790710449219e-01
9.999987483024597168e-01,-9.999991059303283691e-01,-9.999959468841552734e-01,9.999982714653015137e-01,9.999992847442626953e-01,-9.999992251396179199e-01,9.999966025352478027e-01,9.999994635581970215e-01,-9.999962449073791504e-01,9.999988675117492676e-01,-9.999991059303283691e-01,-9.999992251396179199e-01,9.999985694885253906e-01,9.999989271163940430e-01,9.999963045120239258e-01,9.999961256980895996e-01,9.999982118606567383e-01,-9.999985694885253906e-01,9.999947547912597656e-01,-9.999994039535522461e-01,-9.999992847442626953e-01,9.999959468841552734e-01,9.999991059303283691e-01,9.999983310699462891e-01,9.999923706054687500e-01,9.999992847442626953e-01,-9.999987483024597168e-01,-9.999992251396179199e-01,9.999939203262329102e-01,-9.999976158142089844e-01,-9.999939203262329102e-01,-9.999986886978149414e-01,9.999891519546508789e-01,9.999966025352478027e-01,-9.999986290931701660e-01,9.999787211418151855e-01,9.999994039535522461e-01,9.999989271163940430e-01,9.999907612800598145e-01,-9.999992847442626953e-01,9.999989867210388184e-01,9.999876618385314941e-01,9.999889731407165527e-01,9.999992847442626953e-01,9.999988675117492676e-01,9.999986290931701660e-01,-9.999951720237731934e-01,9.999991059303283691e-01,9.999991655349731445e-01,-9.999989867210388184e-01,-9.999992251396179199e-01,-9.999990463256835938e-01,-9.999992251396179199e-01,-9.999954104423522949e-01,-9.999989271163940430e-01,-9.999986290931701660e-01,-9.999850392341613770e-01,9.999939799308776855e-01,9.999967217445373535e-01,9.999988079071044922e-01,-9.999989867210388184e-01,9.999992847442626953e-01,9.999989271163940430e-01,9.999968409538269043e-01,-9.999959468841552734e-01,-9.999992251396179199e-01,-9.999994039535522461e-01,-9.999970793724060059e-01,-9.999993443489074707e-01,9.999988675117492676e-01,-9.999992251396179199e-01,9.999976754188537598e-01,-9.999913573265075684e-01,-9.999957084655761719e-01,-9.999893903732299805e-01,-9.999988675117492676e-01,9.999938607215881348e-01,9.999991655349731445e-01,-9.999959468841552734e-01,-9.999968409538269043e-01,9.999929666519165039e-01,9.999982714653015137e-01,-9.999992251396179199e-01,9.999987483024597168e-01,-9.999987483024597168e-01,-9.999904632568359375e-01,9.998999238014221191e-01,9.999992251396179199e-01,9.999943375587463379e-01,9.999878406524658203e-01,-9.999959468841552734e-01,9.999988675117492676e-01,-9.999904632568359375e-01,-9.999982118606567383e-01,9.999983906745910645e-01,-9.999985098838806152e-01,-9.999918341636657715e-01,9.999992847442626953e-01,-9.999993443489074707e-01,9.999980926513671875e-01,-9.999978542327880859e-01,9.999991655349731445e-01,9.999462962150573730e-01,9.999688267707824707e-01,9.999991655349731445e-01,9.999974370002746582e-01,-9.999880194664001465e-01,-9.999989271163940430e-01,-9.999958276748657227e-01,9.999989867210388184e-01,-9.999990463256835938e-01,9.999983906745910645e-01,-9.999988079071044922e-01,-9.999285340309143066e-01,9.999993443489074707e-01,-9.999979138374328613e-01,9.999993443489074707e-01,-9.999985694885253906e-01,-9.999967813491821289e-01,-9.999978542327880859e-01,-9.999989867210388184e-01,9.999976754188537598e-01,9.999983906745910645e-01,-9.999980330467224121e-01,-9.999942779541015625e-01,-9.999964833259582520e-01,9.999882578849792480e-01,-9.999946951866149902e-01
-9.999987483024597168e-01,9.999989271163940430e-01,9.999957680702209473e-01,-9.999980926513671875e-01,-9.999992251396179199e-01,9.999991059303283691e-01,-9.999962449073791504e-01,-9.999992847442626953e-01,9.999959468841552734e-01,-9.999987483024597168e-01,9.999990463256835938e-01,9.999992251396179199e-01,-9.999984502792358398e-01,-9.999988079071044922e-01,-9.999960660934448242e-01,-9.999958276748657227e-01,-9.999980330467224121e-01,9.999983906745910645e-01,-9.999941587448120117e-01,9.999992847442626953e-01,9.999992251396179199e-01,-9.999956488609313965e-01,-9.999989271163940430e-01,-9.999982118606567383e-01,-9.999916553497314453e-01,-9.999993443489074707e-01,9.999986290931701660e-01,9.999991655349731445e-01,-9.999933242797851562e-01,9.999974966049194336e-01,9.999932646751403809e-01,9.999986886978149414e-01,-9.999882578849792480e-01,-9.999963045120239258e-01,9.999985098838806152e-01,-9.999766945838928223e-01,-9.999992847442626953e-01,-9.999988675117492676e-01,-9.999899268150329590e-01,9.999991655349731445e-01,-9.999989867210388184e-01,-9.999865293502807617e-01,-9.999879002571105957e-01,-9.999992251396179199e-01,-9.999987483024597168e-01,-9.999985098838806152e-01,9.999947547912597656e-01,-9.999989271163940430e-01,-9.999991059303283691e-01,9.999988675117492676e-01,9.999991655349731445e-01,9.999989867210388184e-01,9.999991655349731445e-01,9.999949336051940918e-01,9.999988079071044922e-01,9.999985098838806152e-01,9.999836087226867676e-01,-9.999933838844299316e-01,-9.999963045120239258e-01,-9.999986886978149414e-01,9.999988675117492676e-01,-9.999992251396179199e-01,-9.999988079071044922e-01,-9.999966621398925781e-01,9.999957084655761719e-01,9.999991059303283691e-01,9.999994039535522461e-01,9.999968409538269043e-01,9.999992847442626953e-01,-9.999987483024597168e-01,9.999991655349731445e-01,-9.999974370002746582e-01,9.999906420707702637e-01,9.999952912330627441e-01,9.999884366989135742e-01,9.999988079071044922e-01,-9.999932050704956055e-01,-9.999991059303283691e-01,9.999955892562866211e-01,9.999965429306030273e-01,-9.999921917915344238e-01,-9.999980926513671875e-01,9.999991655349731445e-01,-9.999986290931701660e-01,9.999986290931701660e-01,9.999896883964538574e-01,-9.998905062675476074e-01,-9.999992251396179199e-01,-9.999938011169433594e-01,-9.999867081642150879e-01,9.999956488609313965e-01,-9.999987483024597168e-01,9.999895691871643066e-01,9.999980330467224121e-01,-9.999982118606567383e-01,9.999983310699462891e-01,9.999910593032836914e-01,-9.999992251396179199e-01,9.999991655349731445e-01,-9.999979138374328613e-01,9.999976158142089844e-01,-9.999992251396179199e-01,-9.999412298202514648e-01,-9.999657869338989258e-01,-9.999990463256835938e-01,-9.999972581863403320e-01,9.999868869781494141e-01,9.999988675117492676e-01,9.999955296516418457e-01,-9.999988675117492676e-01,9.999989271163940430e-01,-9.999982118606567383e-01,9.999986886978149414e-01,9.999217987060546875e-01,-9.999994039535522461e-01,9.999977350234985352e-01,-9.999992847442626953e-01,9.999984502792358398e-01,9.999964833259582520e-01,9.999976754188537598e-01,9.999988675117492676e-01,-9.999974370002746582e-01,-9.999982118606567383e-01,9.999977946281433105e-01,9.999937415122985840e-01,9.999961256980895996e-01,-9.999871253967285156e-01,9.999943375587463379e-01
9.999949336051940918e-01,-9.999958872795104980e-01,-9.999829530715942383e-01,9.999923706054687500e-01,9.999966025352478027e-01,-9.999962449073791504e-01,9.999850988388061523e-01,9.999970793724060059e-01,-9.999837279319763184e-01,9.999952912330627441e-01,-9.999961853027343750e-01,-9.999966621398925781e-01,9.999938607215881348e-01,9.999952912330627441e-01,9.999843835830688477e-01,9.999831914901733398e-01,9.999921917915344238e-01,-9.999936819076538086e-01,9.999768733978271484e-01,-9.999970793724060059e-01,-9.999967813491821289e-01,9.999824166297912598e-01,9.999958276748657227e-01,9.999927282333374023e-01,9.999662041664123535e-01,9.999967217445373535e-01,-9.999945759773254395e-01,-9.999964833259582520e-01,9.999731779098510742e-01,-9.999897480010986328e-01,-9.999732375144958496e-01,-9.999943971633911133e-01,9.999523758888244629e-01,9.999853372573852539e-01,-9.999940991401672363e-01,9.999058246612548828e-01,9.999969005584716797e-01,9.999955296516418457e-01,9.999591708183288574e-01,-9.999965429306030273e-01,9.999959468841552734e-01,9.999455809593200684e-01,9.999511837959289551e-01,9.999967217445373535e-01,9.999946951866149902e-01,9.999940991401672363e-01,-9.999787807464599609e-01,9.999958276748657227e-01,9.999960660934448242e-01,-9.999954700469970703e-01,-9.999964833259582520e-01,-9.999956488609313965e-01,-9.999963641166687012e-01,-9.999796748161315918e-01,-9.999956488609313965e-01,-9.999942183494567871e-01,-9.999338984489440918e-01,9.999737143516540527e-01,9.999856352806091309e-01,9.999947547912597656e-01,-9.999952316284179688e-01,9.999967217445373535e-01,9.999952316284179688e-01,9.999863505363464355e-01,-9.999828934669494629e-01,-9.999964237213134766e-01,-9.999970793724060059e-01,-9.999873638153076172e-01,-9.999969005584716797e-01,9.999950528144836426e-01,-9.999963641166687012e-01,9.999900460243225098e-01,-9.999620914459228516e-01,-9.999809861183166504e-01,-9.999531507492065430e-01,-9.999952316284179688e-01,9.999729394912719727e-01,9.999961256980895996e-01,-9.999824166297912598e-01,-9.999861121177673340e-01,9.999690651893615723e-01,9.999929070472717285e-01,-9.999964237213134766e-01,9.999945759773254395e-01,-9.999948740005493164e-01,-9.999579191207885742e-01,9.995588064193725586e-01,9.999967217445373535e-01,9.999753832817077637e-01,9.999462366104125977e-01,-9.999824166297912598e-01,9.999951124191284180e-01,-9.999579191207885742e-01,-9.999921321868896484e-01,9.999929070472717285e-01,-9.999933838844299316e-01,-9.999637007713317871e-01,9.999968409538269043e-01,-9.999964237213134766e-01,9.999916553497314453e-01,-9.999903440475463867e-01,9.999966025352478027e-01,9.997632503509521484e-01,9.998621344566345215e-01,9.999959468841552734e-01,9.999891519546508789e-01,-9.999474287033081055e-01,-9.999954104423522949e-01,-9.999817609786987305e-01,9.999955892562866211e-01,-9.999957084655761719e-01,9.999930262565612793e-01,-9.999948740005493164e-01,-9.996846914291381836e-01,9.999970197677612305e-01,-9.999911785125732422e-01,9.999969005584716797e-01,-9.999939203262329102e-01,-9.999860525131225586e-01,-9.999907016754150391e-01,-9.999955892562866211e-01,9.999902248382568359e-01,9.999933838844299316e-01,-9.999914169311523438e-01,-9.999747872352600098e-01,-9.999846220016479492e-01,9.999476671218872070e-01,-9.999766945838928223e-01
9.999990463256835938e-01,-9.999992251396179199e-01,-9.999966025352478027e-01,9.999985694885253906e-01,9.999994635581970215e-01,-9.999992847442626953e-01,9.999970793724060059e-01,9.999995231628417969e-01,-9.999969005584716797e-01,9.999991059303283691e-01,-9.999992251396179199e-01,-9.999994039535522461e-01,9.999988079071044922e-01,9.999991059303283691e-01,9.999969005584716797e-01,9.999967813491821289e-01,9.999984502792358398e-01,-9.999988079071044922e-01,9.999954700469970703e-01,-9.999994635581970215e-01,-9.999994039535522461e-01,9.999965429306030273e-01,9.999992251396179199e-01,9.999985694885253906e-01,9.999934434890747070e-01,9.999994635581970215e-01,-9.999989271163940430e-01,-9.999994635581970215e-01,9.999948740005493164e-01,-9.999980330467224121e-01,-9.999948143959045410e-01,-9.999989867210388184e-01,9.999907612800598145e-01,9.999970793724060059e-01,-9.999988675117492676e-01,9.999817609786987305e-01,9.999995231628417969e-01,9.999991655349731445e-01,9.999920725822448730e-01,-9.999994635581970215e-01,9.999992251396179199e-01,9.999893903732299805e-01,9.999905824661254883e-01,9.999994039535522461e-01,9.999989867210388184e-01,9.999989271163940430e-01,-9.999959468841552734e-01,9.999992251396179199e-01,9.999992847442626953e-01,-9.999991655349731445e-01,-9.999994039535522461e-01,-9.999991655349731445e-01,-9.999993443489074707e-01,-9.999960064888000488e-01,-9.999991655349731445e-01,-9.999989271163940430e-01,-9.999872446060180664e-01,9.999948740005493164e-01,9.999971389770507812e-01,9.999989867210388184e-01,-9.999992251396179199e-01,9.999994635581970215e-01,9.999992251396179199e-01,9.999973773956298828e-01,-9.999966025352478027e-01,-9.999993443489074707e-01,-9.999995231628417969e-01,-9.999975562095642090e-01,-9.999994039535522461e-01,9.999990463256835938e-01,-9.999994039535522461e-01,9.999980330467224121e-01,-9.999926090240478516e-01,-9.999963641166687012e-01,-9.999909400939941406e-01,-9.999991059303283691e-01,9.999947547912597656e-01,9.999992847442626953e-01,-9.999966025352478027e-01,-9.999972581863403320e-01,9.999939799308776855e-01,9.999985694885253906e-01,-9.999993443489074707e-01,9.999989867210388184e-01,-9.999990463256835938e-01,-9.999918937683105469e-01,9.999139904975891113e-01,9.999994039535522461e-01,9.999952316284179688e-01,9.999895691871643066e-01,-9.999966025352478027e-01,9.999991059303283691e-01,-9.999918937683105469e-01,-9.999984502792358398e-01,9.999986886978149414e-01,-9.999987483024597168e-01,-9.999930858612060547e-01,9.999994635581970215e-01,-9.999994039535522461e-01,9.999983310699462891e-01,-9.999982118606567383e-01,9.999994635581970215e-01,9.999538064002990723e-01,9.999732375144958496e-01,9.999992847442626953e-01,9.999978542327880859e-01,-9.999897480010986328e-01,-9.999991655349731445e-01,-9.999963641166687012e-01,9.999992847442626953e-01,-9.999992847442626953e-01,9.999986886978149414e-01,-9.999990463256835938e-01,-9.999384880065917969e-01,9.999995231628417969e-01,-9.999982714653015137e-01,9.999995231628417969e-01,-9.999988079071044922e-01,-9.999973177909851074e-01,-9.999981522560119629e-01,-9.999991655349731445e-01,9.999980926513671875e-01,9.999986886978149414e-01,-9.999983310699462891e-01,-9.999951720237731934e-01,-9.999970197677612305e-01,9.999899268150329590e-01,-9.999955296516418457e-01
-9.999945163726806641e-01,9.999954700469970703e-01,9.999814033508300781e-01,-9.999917149543762207e-01,-9.999962449073791504e-01,9.999959468841552734e-01,-9.999837279319763184e-01,-9.999969005584716797e-01,9.999822378158569336e-01,-9.999948740005493164e-01,9.999958276748657227e-01,9.999963641166687012e-01,-9.999933838844299316e-01,-9.999948740005493164e-01,-9.999829530715942383e-01,-9.999817013740539551e-01,-9.999915361404418945e-01,9.999931454658508301e-01,-9.999747276306152344e-01,9.999969005584716797e-01,9.999964833259582520e-01,-9.999809265136718750e-01,-9.999954700469970703e-01,-9.999921917915344238e-01,-9.999631047248840332e-01,-9.999964833259582520e-01,9.999940991401672363e-01,9.999961256980895996e-01,-9.999706745147705078e-01,9.999887943267822266e-01,9.999707937240600586e-01,9.999938607215881348e-01,-9.999480843544006348e-01,-9.999839663505554199e-01,9.999935030937194824e-01,-9.998971223831176758e-01,-9.999966621398925781e-01,-9.999951124191284180e-01,-9.999554157257080078e-01,9.999961853027343750e-01,-9.999955892562866211e-01,-9.999403953552246094e-01,-9.999467730522155762e-01,-9.999964237213134766e-01,-9.999943375587463379e-01,-9.999935626983642578e-01,9.999768137931823730e-01,-9.999955296516418457e-01,-9.999957680702209473e-01,9.999951124191284180e-01,9.999961256980895996e-01,9.999952316284179688e-01,9.999960064888000488e-01,9.999777674674987793e-01,9.999952316284179688e-01,9.999938011169433594e-01,9.999278783798217773e-01,-9.999712705612182617e-01,-9.999843239784240723e-01,-9.999942779541015625e-01,9.999948740005493164e-01,-9.999964833259582520e-01,-9.999948740005493164e-01,-9.999852180480957031e-01,9.999813437461853027e-01,9.999961853027343750e-01,9.999969005584716797e-01,9.999861717224121094e-01,9.999967217445373535e-01,-9.999945163726806641e-01,9.999961256980895996e-01,-9.999892115592956543e-01,9.999586939811706543e-01,9.999792575836181641e-01,9.999488592147827148e-01,9.999946951866149902e-01,-9.999704360961914062e-01,-9.999958872795104980e-01,9.999807476997375488e-01,9.999849796295166016e-01,-9.999661445617675781e-01,-9.999922513961791992e-01,9.999961853027343750e-01,-9.999940395355224609e-01,9.999943971633911133e-01,9.999540448188781738e-01,-9.995180964469909668e-01,-9.999964237213134766e-01,-9.999731779098510742e-01,-9.999413490295410156e-01,9.999808669090270996e-01,-9.999946355819702148e-01,9.999540448188781738e-01,9.999915361404418945e-01,-9.999922513961791992e-01,9.999927878379821777e-01,9.999604225158691406e-01,-9.999966025352478027e-01,9.999961256980895996e-01,-9.999908208847045898e-01,9.999895095825195312e-01,-9.999963045120239258e-01,-9.997411370277404785e-01,-9.998493790626525879e-01,-9.999957084655761719e-01,-9.999881386756896973e-01,9.999425411224365234e-01,9.999949932098388672e-01,9.999800920486450195e-01,-9.999952316284179688e-01,9.999953508377075195e-01,-9.999923706054687500e-01,9.999943375587463379e-01,9.996555447578430176e-01,-9.999967217445373535e-01,9.999902844429016113e-01,-9.999966025352478027e-01,9.999933242797851562e-01,9.999847412109375000e-01,9.999898076057434082e-01,9.999952316284179688e-01,-9.999893307685852051e-01,-9.999927282333374023e-01,9.999906420707702637e-01,9.999724626541137695e-01,9.999832510948181152e-01,-9.999429583549499512e-01,9.999746680259704590e-01
9.999982714653015137e-01,-9.999986290931701660e-01,-9.999946355819702148e-01,9.999975562095642090e-01,9.999988675117492676e-01,-9.999987483024597168e-01,9.999952912330627441e-01,9.999991059303283691e-01,-9.999948740005493164e-01,9.999985098838806152e-01,-9.999986886978149414e-01,-9.999988675117492676e-01,9.999980330467224121e-01,9.999985098838806152e-01,9.999949932098388672e-01,9.999946951866149902e-01,9.999974966049194336e-01,-9.999979734420776367e-01,9.999926686286926270e-01,-9.999990463256835938e-01,-9.999989867210388184e-01,9.999944567680358887e-01,9.999985694885253906e-01,9.999976158142089844e-01,9.999892711639404297e-01,9.999989867210388184e-01,-9.999982714653015137e-01,-9.999988675117492676e-01,9.999914169311523438e-01,-9.999967217445373535e-01,-9.999914765357971191e-01,-9.999982118606567383e-01,9.999848604202270508e-01,9.999952912330627441e-01,-9.999980926513671875e-01,9.999702572822570801e-01,9.999990463256835938e-01,9.999985098838806152e-01,9.999871253967285156e-01,-9.999989271163940430e-01,9.999986290931701660e-01,9.999827742576599121e-01,9.999845623970031738e-01,9.999989867210388184e-01,9.999983310699462891e-01,9.999980926513671875e-01,-9.999932050704956055e-01,9.999986290931701660e-01,9.999986886978149414e-01,-9.999985694885253906e-01,-9.999989271163940430e-01,-9.999985694885253906e-01,-9.999988675117492676e-01,-9.999935626983642578e-01,-9.999985098838806152e-01,-9.999981522560119629e-01,-9.999791383743286133e-01,9.999915957450866699e-01,9.999954104423522949e-01,9.999982714653015137e-01,-9.999984502792358398e-01,9.999989271163940430e-01,9.999984502792358398e-01,9.999957084655761719e-01,-9.999945163726806641e-01,-9.999988079071044922e-01,-9.999991655349731445e-01,-9.999959468841552734e-01,-9.999990463256835938e-01,9.999983906745910645e-01,-9.999988675117492676e-01,9.999967217445373535e-01,-9.999880194664001465e-01,-9.999939799308776855e-01,-9.999852180480957031e-01,-9.999983906745910645e-01,9.999913573265075684e-01,9.999988079071044922e-01,-9.999943375587463379e-01,-9.999955892562866211e-01,9.999901652336120605e-01,9.999976754188537598e-01,-9.999988675117492676e-01,9.999982714653015137e-01,-9.999983906745910645e-01,-9.999867081642150879e-01,9.998603463172912598e-01,9.999989271163940430e-01,9.999922513961791992e-01,9.999830126762390137e-01,-9.999944567680358887e-01,9.999984502792358398e-01,-9.999867081642150879e-01,-9.999974370002746582e-01,9.999977350234985352e-01,-9.999977946281433105e-01,-9.999884963035583496e-01,9.999989867210388184e-01,-9.999988675117492676e-01,9.999973177909851074e-01,-9.999969005584716797e-01,9.999989271163940430e-01,9.999250173568725586e-01,9.999562501907348633e-01,9.999986290931701660e-01,9.999964237213134766e-01,-9.999832510948181152e-01,-9.999984502792358398e-01,-9.999942183494567871e-01,9.999985694885253906e-01,-9.999985694885253906e-01,9.999977350234985352e-01,-9.999983310699462891e-01,-9.999001622200012207e-01,9.999991059303283691e-01,-9.999970793724060059e-01,9.999991059303283691e-01,-9.999980330467224121e-01,-9.999955296516418457e-01,-9.999969005584716797e-01,-9.999986886978149414e-01,9.999968409538269043e-01,9.999977350234985352e-01,-9.999971985816955566e-01,-9.999920129776000977e-01,-9.999951124191284180e-01,9.999834895133972168e-01,-9.999926090240478516e-01
-9.999986290931701660e-01,9.999988675117492676e-01,9.999957680702209473e-01,-9.999979734420776367e-01,-9.999991059303283691e-01,9.999990463256835938e-01,-9.999961853027343750e-01,-9.999992251396179199e-01,9.999958276748657227e-01,-9.999986886978149414e-01,9.999990463256835938e-01,9.999991059303283691e-01,-9.999983906745910645e-01,-9.999987483024597168e-01,-9.999960064888000488e-01,-9.999958276748657227e-01,-9.999980926513671875e-01,9.999983310699462891e-01,-9.999941587448120117e-01,9.999991655349731445e-01,9.999992847442626953e-01,-9.999955892562866211e-01,-9.999989271163940430e-01,-9.999981522560119629e-01,-9.999917149543762207e-01,-9.999992251396179199e-01,9.999985694885253906e-01,9.999991059303283691e-01,-9.999933242797851562e-01,9.999973773956298828e-01,9.999933838844299316e-01,9.999986290931701660e-01,-9.999882578849792480e-01,-9.999963641166687012e-01,9.999984502792358398e-01,-9.999769330024719238e-01,-9.999991655349731445e-01,-9.999987483024597168e-01,-9.999900460243225098e-01,9.999991059303283691e-01,-9.999989271163940430e-01,-9.999865293502807617e-01,-9.999880194664001465e-01,-9.999991655349731445e-01,-9.999986886978149414e-01,-9.999984502792358398e-01,9.999946355819702148e-01,-9.999989271163940430e-01,-9.999989867210388184e-01,9.999988079071044922e-01,9.999991655349731445e-01,9.999988675117492676e-01,9.999990463256835938e-01,9.999949336051940918e-01,9.999988079071044922e-01,9.999985098838806152e-01,9.999837875366210938e-01,-9.999933838844299316e-01,-9.999963045120239258e-01,-9.999986886978149414e-01,9.999988079071044922e-01,-9.999991655349731445e-01,-9.999987483024597168e-01,-9.999966025352478027e-01,9.999957084655761719e-01,9.999991059303283691e-01,9.999993443489074707e-01,9.999968409538269043e-01,9.999992847442626953e-01,-9.999987483024597168e-01,9.999990463256835938e-01,-9.999974370002746582e-01,9.999907016754150391e-01,9.999952912330627441e-01,9.999884963035583496e-01,9.999987483024597168e-01,-9.999932646751403809e-01,-9.999989867210388184e-01,9.999955892562866211e-01,9.999964833259582520e-01,-9.999923110008239746e-01,-9.999980330467224121e-01,9.999990463256835938e-01,-9.999985694885253906e-01,9.999986886978149414e-01,9.999897480010986328e-01,-9.998920559883117676e-01,-9.999991655349731445e-01,-9.999939203262329102e-01,-9.999867081642150879e-01,9.999956488609313965e-01,-9.999986886978149414e-01,9.999896287918090820e-01,9.999979734420776367e-01,-9.999981522560119629e-01,9.999982714653015137e-01,9.999911189079284668e-01,-9.999991059303283691e-01,9.999990463256835938e-01,-9.999978542327880859e-01,9.999976158142089844e-01,-9.999991059303283691e-01,-9.999419450759887695e-01,-9.999661445617675781e-01,-9.999989867210388184e-01,-9.999972581863403320e-01,9.999870657920837402e-01,9.999988079071044922e-01,9.999955296516418457e-01,-9.999988675117492676e-01,9.999988675117492676e-01,-9.999982714653015137e-01,9.999986886978149414e-01,9.999228119850158691e-01,-9.999992251396179199e-01,9.999976158142089844e-01,-9.999992847442626953e-01,9.999983906745910645e-01,9.999965429306030273e-01,9.999976158142089844e-01,9.999988079071044922e-01,-9.999974966049194336e-01,-9.999982714653015137e-01,9.999977350234985352e-01,9.999937415122985840e-01,9.999961853027343750e-01,-9.999872446060180664e-01,9.999942183494567871e-01
-9.999988079071044922e-01,9.999991059303283691e-01,9.999960660934448242e-01,-9.999982714653015137e-01,-9.999992251396179199e-01,9.999992251396179199e-01,-9.999966621398925781e-01,-9.999994039535522461e-01,9.999963641166687012e-01,-9.999988675117492676e-01,9.999991059303283691e-01,9.999992847442626953e-01,-9.999986290931701660e-01,-9.999989271163940430e-01,-9.999964833259582520e-01,-9.999962449073791504e-01,-9.999982714653015137e-01,9.999985694885253906e-01,-9.999948143959045410e-01,9.999993443489074707e-01,9.999993443489074707e-01,-9.999959468841552734e-01,-9.999991059303283691e-01,-9.999983906745910645e-01,-9.999925494194030762e-01,-9.999992847442626953e-01,9.999986886978149414e-01,9.999992847442626953e-01,-9.999940395355224609e-01,9.999976754188537598e-01,9.999940991401672363e-01,9.999987483024597168e-01,-9.999895095825195312e-01,-9.999966025352478027e-01,9.999985694885253906e-01,-9.999791979789733887e-01,-9.999993443489074707e-01,-9.999990463256835938e-01,-9.999909996986389160e-01,9.999992847442626953e-01,-9.999991655349731445e-01,-9.999879002571105957e-01,-9.999892115592956543e-01,-9.999993443489074707e-01,-9.999988675117492676e-01,-9.999986886978149414e-01,9.999952912330627441e-01,-9.999991059303283691e-01,-9.999991655349731445e-01,9.999989271163940430e-01,9.999992251396179199e-01,9.999991059303283691e-01,9.999992251396179199e-01,9.999954104423522949e-01,9.999989867210388184e-01,9.999986290931701660e-01,9.999852776527404785e-01,-9.999940991401672363e-01,-9.999966621398925781e-01,-9.999988079071044922e-01,9.999989271163940430e-01,-9.999992251396179199e-01,-9.999988675117492676e-01,-9.999969601631164551e-01,9.999961853027343750e-01,9.999991655349731445e-01,9.999994635581970215e-01,9.999971389770507812e-01,9.999993443489074707e-01,-9.999988675117492676e-01,9.999992251396179199e-01,-9.999977350234985352e-01,9.999916553497314453e-01,9.999957084655761719e-01,9.999895691871643066e-01,9.999988675117492676e-01,-9.999940395355224609e-01,-9.999991059303283691e-01,9.999960660934448242e-01,9.999969005584716797e-01,-9.999931454658508301e-01,-9.999983906745910645e-01,9.999992251396179199e-01,-9.999988079071044922e-01,9.999988079071044922e-01,9.999907016754150391e-01,-9.999023079872131348e-01,-9.999992251396179199e-01,-9.999944567680358887e-01,-9.999880790710449219e-01,9.999960660934448242e-01,-9.999989271163940430e-01,9.999906420707702637e-01,9.999982714653015137e-01,-9.999983906745910645e-01,9.999984502792358398e-01,9.999920129776000977e-01,-9.999992847442626953e-01,9.999992251396179199e-01,-9.999980926513671875e-01,9.999979138374328613e-01,-9.999992251396179199e-01,-9.999475479125976562e-01,-9.999694228172302246e-01,-9.999991655349731445e-01,-9.999974966049194336e-01,9.999883174896240234e-01,9.999989271163940430e-01,9.999959468841552734e-01,-9.999990463256835938e-01,9.999991059303283691e-01,-9.999984502792358398e-01,9.999988079071044922e-01,9.999300837516784668e-01,-9.999994039535522461e-01,9.999980330467224121e-01,-9.999993443489074707e-01,9.999985694885253906e-01,9.999968409538269043e-01,9.999978542327880859e-01,9.999991655349731445e-01,-9.999977946281433105e-01,-9.999984502792358398e-01,9.999979734420776367e-01,9.999943971633911133e-01,9.999965429306030273e-01,-9.999884366989135742e-01,9.999948740005493164e-01
