4.824417531490325928e-01,-8.076723664999008179e-03,5.502522457391023636e-03,1.904272288084030151e-02,1.457114070653915405e-01,-2.157800458371639252e-02,1.977673918008804321e-02,2.793254256248474121e-01,4.898911714553833008e-02,2.523642033338546753e-03,-5.251000449061393738e-02,-8.429503999650478363e-03,-3.277081996202468872e-02,5.007002353668212891e-01,1.772023141384124756e-01,2.501722797751426697e-02,-7.418178021907806396e-03,-5.541278049349784851e-02,1.517660617828369141e-01,1.684893853962421417e-02,-1.759247630834579468e-01,-4.761595278978347778e-02,4.896615166217088699e-03,1.943820528686046600e-02,-2.796340361237525940e-02,-1.830676198005676270e-01,5.516278743743896484e-02,-2.114426046609878540e-01,-3.846715763211250305e-02,-2.300184816122055054e-01,-1.066836640238761902e-01,7.393057644367218018e-02,-4.723805561661720276e-02,5.126359313726425171e-02,-2.811079472303390503e-02,-3.536997828632593155e-03,-2.323590591549873352e-02,-1.729339919984340668e-02,-1.584482938051223755e-01,-2.867525219917297363e-01,-6.490483880043029785e-03,1.004184111952781677e-01,-5.425293743610382080e-02,1.418479159474372864e-02,2.244749814271926880e-01,-1.540481895208358765e-01,-7.233968377113342285e-02,-8.785171061754226685e-02,-1.356211304664611816e-02,5.868661031126976013e-02,-1.106412243098020554e-02,-1.370196342468261719e-01,9.574857540428638458e-03,-7.488364726305007935e-02,-3.085661865770816803e-02,-3.773309662938117981e-02,4.923692345619201660e-02,7.837553508579730988e-03,-1.736131682991981506e-02,-6.710831541568040848e-03,9.171310067176818848e-02,-1.859807968139648438e-02,1.344122923910617828e-02,1.451847516000270844e-02,-6.157473847270011902e-02,5.575612932443618774e-02,-1.346554141491651535e-02,1.079913452267646790e-01,2.486206218600273132e-02,1.167652010917663574e-01,-4.713965207338333130e-02,-2.486795634031295776e-01,5.486785247921943665e-02,5.287988577038049698e-03,-2.684133127331733704e-02,-1.207629516720771790e-01,-5.342251621186733246e-03,2.219664491713047028e-02,-1.732908040285110474e-01,3.966543450951576233e-02,-3.620542585849761963e-02,1.131983008235692978e-03,-1.578613072633743286e-01,-8.510625921189785004e-03,-9.950585663318634033e-02,-3.444305434823036194e-02,1.991981118917465210e-01,-6.477127783000469208e-03,-6.021141260862350464e-02,-1.211685966700315475e-02,-1.605604216456413269e-02,-1.913434825837612152e-02,1.363383531570434570e-01,-1.062478795647621155e-01,9.800523519515991211e-02,-5.693353712558746338e-02,2.863790392875671387e-01,-1.295651745749637485e-04,-3.512569889426231384e-02,6.727963685989379883e-02,-2.686344832181930542e-02,2.887062169611454010e-02,5.886187776923179626e-02,2.515483647584915161e-03,-2.169769406318664551e-01,1.672334223985671997e-01,1.755208820104598999e-01,5.662145465612411499e-02,-1.598365753889083862e-01,3.127375990152359009e-02,8.988878130912780762e-02,5.679854005575180054e-02,4.732110723853111267e-02,-3.257780373096466064e-01,5.136452242732048035e-02,1.897108927369117737e-02,2.520846724510192871e-01,-1.700282692909240723e-01,-2.283332347869873047e-01,-2.913881652057170868e-02,-1.302819252014160156e-01,7.789796590805053711e-02,1.681593619287014008e-02,3.357358276844024658e-02,8.678413927555084229e-02,-8.671073615550994873e-02,-3.036381117999553680e-02,2.934092283248901367e-02
-8.076723664999008179e-03,2.584699355065822601e-02,-1.318079233169555664e-01,6.157727539539337158e-02,6.491647660732269287e-02,1.223258394747972488e-02,8.136942982673645020e-03,5.659521371126174927e-02,4.880801308900117874e-03,2.126524224877357483e-02,1.419061236083507538e-02,-3.956077992916107178e-02,1.171401143074035645e-01,1.457103062421083450e-02,1.146692186594009399e-01,1.109358146786689758e-01,-9.102238109335303307e-04,9.962326288223266602e-02,-3.580406308174133301e-02,-5.895585194230079651e-02,-2.150728926062583923e-02,1.358243525028228760e-01,7.192891836166381836e-02,9.972248226404190063e-03,1.387354079633951187e-02,1.500957459211349487e-01,-1.376762241125106812e-01,-1.536677125841379166e-02,9.073598682880401611e-02,1.171838678419589996e-02,3.101272881031036377e-02,-1.242648586630821228e-01,8.236467093229293823e-02,5.252293124794960022e-02,3.100392874330282211e-03,-1.278554350137710571e-01,7.726462092250585556e-03,2.849172987043857574e-02,-7.613559812307357788e-02,-9.908252209424972534e-02,1.218577548861503601e-01,-7.941435091197490692e-03,1.305063217878341675e-01,1.296010147780179977e-02,-1.292407047003507614e-02,-8.998268097639083862e-02,-1.283210366964340210e-01,-2.067148685455322266e-02,-1.653578132390975952e-02,1.952894963324069977e-02,6.020314060151576996e-03,-5.862514022737741470e-03,3.458174690604209900e-02,-1.049283519387245178e-02,-2.528017945587635040e-02,-1.264843195676803589e-01,3.160302713513374329e-02,1.010236423462629318e-02,-7.127072662115097046e-02,-4.439789801836013794e-02,1.325306016951799393e-03,2.083113882690668106e-03,5.121475551277399063e-03,1.698039472103118896e-02,-7.819373160600662231e-03,-2.516160532832145691e-02,5.219312012195587158e-02,1.329347640275955200e-01,-1.276955902576446533e-01,-3.368345787748694420e-03,-7.543085515499114990e-02,2.796050161123275757e-02,-2.844066731631755829e-02,1.183048561215400696e-01,-2.516526170074939728e-02,-8.649518340826034546e-02,-5.049719475209712982e-03,1.298564821481704712e-01,-2.672271430492401123e-02,-1.061310693621635437e-01,1.173421815037727356e-01,2.551511162891983986e-03,-1.016704961657524109e-01,7.947243750095367432e-03,-8.755165338516235352e-02,-1.222960948944091797e-01,5.742551386356353760e-02,9.994156658649444580e-03,6.001453474164009094e-02,1.306898146867752075e-02,-3.397119417786598206e-02,-2.539781667292118073e-02,-1.028338000178337097e-01,4.334692656993865967e-02,-9.818124771118164062e-02,-7.272984832525253296e-03,7.352955639362335205e-02,-4.267751646693795919e-04,-9.202665835618972778e-02,2.202059328556060791e-02,-7.878980599343776703e-03,2.445124275982379913e-02,-1.249632537364959717e-01,-1.386945322155952454e-02,1.411581188440322876e-01,8.051811717450618744e-03,-8.030270785093307495e-02,-1.119674593210220337e-01,-2.749970182776451111e-02,-1.827511750161647797e-02,9.038802236318588257e-02,-1.464579906314611435e-02,-1.053751558065414429e-01,1.125165447592735291e-02,1.484745591878890991e-01,-1.291129142045974731e-01,6.244751811027526855e-02,3.554383665323257446e-02,-1.211323142051696777e-01,3.117170557379722595e-02,7.811041176319122314e-02,9.950041025876998901e-02,1.179337352514266968e-01,-4.296893626451492310e-02,-1.120263263583183289e-01,-2.969579398632049561e-02,-4.580875393003225327e-03,3.955414891242980957e-02
5.502522457391023636e-03,-1.318079233169555664e-01,7.706043720245361328e-01,-4.097014665603637695e-01,-3.331968486309051514e-01,-1.677008718252182007e-01,-1.218686625361442566e-01,-3.563767969608306885e-01,-2.977058989927172661e-03,-1.395076215267181396e-01,-8.547908812761306763e-02,2.532923221588134766e-01,-6.331612467765808105e-01,-1.716768145561218262e-01,-6.620441079139709473e-01,-6.282603740692138672e-01,-1.057724375277757645e-02,-5.154384970664978027e-01,2.181081175804138184e-01,3.893252909183502197e-01,1.126750335097312927e-01,-7.561770677566528320e-01,-5.184983015060424805e-01,6.874784082174301147e-02,-7.709491997957229614e-02,-7.569640278816223145e-01,7.334747314453125000e-01,8.137921802699565887e-03,-5.938817858695983887e-01,1.225321646779775620e-02,-1.646378189325332642e-01,7.071492671966552734e-01,-5.002082586288452148e-01,-3.914230763912200928e-01,-2.868174342438578606e-03,7.227159142494201660e-01,-4.439732804894447327e-02,-1.713247150182723999e-01,5.246970057487487793e-01,6.064354777336120605e-01,-6.775805950164794922e-01,3.175064548850059509e-02,-6.825267076492309570e-01,-8.394224941730499268e-02,2.195826359093189240e-02,6.287981271743774414e-01,7.476291656494140625e-01,1.383856832981109619e-01,7.298615574836730957e-02,-1.981535740196704865e-02,-6.298654526472091675e-02,4.762385413050651550e-02,-1.734393686056137085e-01,1.397396177053451538e-01,1.399887949228286743e-01,7.225490212440490723e-01,-2.212931364774703979e-01,-6.715060025453567505e-02,3.563288450241088867e-01,2.798882722854614258e-01,2.754819393157958984e-02,-6.114517897367477417e-02,-3.579223528504371643e-02,-1.743111610412597656e-01,2.582249045372009277e-02,1.431435048580169678e-01,-2.695240080356597900e-01,-7.144826650619506836e-01,7.093396782875061035e-01,4.425407201051712036e-02,5.037636756896972656e-01,-5.636345595121383667e-02,1.496294438838958740e-01,-7.088861465454101562e-01,1.362130194902420044e-01,5.022966265678405762e-01,2.838107757270336151e-02,-7.847544550895690918e-01,2.193430513143539429e-01,6.535741090774536133e-01,-7.212516069412231445e-01,-1.738235354423522949e-02,5.644849538803100586e-01,-4.025125503540039062e-02,5.531737804412841797e-01,6.192411780357360840e-01,-3.761198222637176514e-01,-5.561618134379386902e-02,-3.213516771793365479e-01,-1.073332950472831726e-01,2.059465646743774414e-01,1.627803146839141846e-01,5.915374755859375000e-01,-2.374800592660903931e-01,5.955767035484313965e-01,7.422216981649398804e-02,-4.472613930702209473e-01,2.783953910693526268e-03,5.705948472023010254e-01,-1.937724351882934570e-01,9.494908154010772705e-02,-1.945968419313430786e-01,7.182243466377258301e-01,8.550546318292617798e-02,-7.725431323051452637e-01,-1.932922601699829102e-01,5.187983512878417969e-01,6.461542844772338867e-01,1.648932397365570068e-01,1.077159196138381958e-01,-5.579507350921630859e-01,2.041099518537521362e-01,6.199945807456970215e-01,-1.916130483150482178e-01,-7.781895995140075684e-01,7.044001817703247070e-01,-3.932543396949768066e-01,-2.735733985900878906e-01,7.387823462486267090e-01,-1.915390044450759888e-01,-5.234354734420776367e-01,-6.340624094009399414e-01,-6.848464012145996094e-01,2.302117347717285156e-01,6.854046583175659180e-01,2.727925777435302734e-01,4.225918557494878769e-03,-2.757314741611480713e-01
1.904272288084030151e-02,6.157727539539337158e-02,-4.097014665603637695e-01,3.856631815433502197e-01,1.360674202442169189e-01,1.624268144369125366e-01,1.842218451201915741e-02,2.322718948125839233e-01,-1.502608694136142731e-02,6.865286082029342651e-02,-3.761327266693115234e-02,-1.434434205293655396e-01,2.796602249145507812e-01,1.566790789365768433e-01,3.475528061389923096e-01,2.842032611370086670e-01,1.044298335909843445e-02,3.354024589061737061e-01,-1.344031542539596558e-01,-1.393696665763854980e-01,-2.261579930782318115e-01,4.527480602264404297e-01,2.616181671619415283e-01,-1.226090788841247559e-01,6.036814302206039429e-02,3.897649049758911133e-01,-3.564336895942687988e-01,8.949063718318939209e-02,2.206691354513168335e-01,7.457992434501647949e-02,6.400687247514724731e-02,-4.563629329204559326e-01,3.508713245391845703e-01,1.386345922946929932e-01,1.050314400345087051e-02,-3.967308402061462402e-01,4.711216315627098083e-02,8.037306368350982666e-02,-1.721543520689010620e-01,-4.728494584560394287e-01,3.991301655769348145e-01,8.587705902755260468e-03,3.404982388019561768e-01,3.916794434189796448e-02,-2.076457440853118896e-02,-2.325724065303802490e-01,-3.604031801223754883e-01,-1.342365443706512451e-01,-5.118160694837570190e-02,6.812757998704910278e-02,3.354628011584281921e-02,-1.107352972030639648e-02,1.802859008312225342e-01,-2.056299149990081787e-01,4.092023149132728577e-02,-3.865808844566345215e-01,1.215067431330680847e-01,2.739181183278560638e-02,-1.171158924698829651e-01,-1.835674941539764404e-01,-8.058710396289825439e-02,6.933320313692092896e-02,2.563245221972465515e-02,1.137927845120429993e-01,-2.208097837865352631e-02,-7.748106867074966431e-02,1.208207756280899048e-01,4.167402386665344238e-01,-3.712036609649658203e-01,-8.265828341245651245e-02,-2.794972956180572510e-01,1.875209659337997437e-01,-1.246135756373405457e-01,3.846603929996490479e-01,-8.582679927349090576e-02,-2.916152477264404297e-01,-4.641853272914886475e-03,4.134965240955352783e-01,-3.028663992881774902e-01,-3.824433684349060059e-01,5.238586664199829102e-01,9.372814558446407318e-03,-2.325702607631683350e-01,2.601721696555614471e-02,-3.729430139064788818e-01,-2.038602232933044434e-01,5.322843044996261597e-02,2.591001987457275391e-02,7.518016546964645386e-02,5.459069088101387024e-02,-7.363823801279067993e-02,-1.609315723180770874e-01,-4.283017516136169434e-01,2.005169242620468140e-01,-3.551812171936035156e-01,-7.639005780220031738e-02,1.981092095375061035e-01,-1.504266285337507725e-03,-2.363775819540023804e-01,1.588777750730514526e-01,-2.549367398023605347e-02,2.958767302334308624e-02,-4.427339732646942139e-01,-3.925077244639396667e-02,4.674545526504516602e-01,2.375200092792510986e-01,-4.152948558330535889e-01,-3.661411106586456299e-01,-4.526587668806314468e-03,-5.400971695780754089e-02,4.753644764423370361e-01,-1.724913865327835083e-01,-3.894935250282287598e-01,1.050384938716888428e-01,4.285492897033691406e-01,-3.432091176509857178e-01,1.470373719930648804e-01,1.312343329191207886e-01,-4.621236026287078857e-01,1.367029994726181030e-01,2.068640440702438354e-01,3.256804347038269043e-01,3.783653080463409424e-01,-9.645445644855499268e-02,-3.551510274410247803e-01,-1.461056321859359741e-01,-7.877348922193050385e-03,1.897491961717605591e-01
1.457114070653915405e-01,6.491647660732269287e-02,-3.331968486309051514e-01,1.360674202442169189e-01,2.557679116725921631e-01,1.262756343930959702e-02,4.485716670751571655e-02,2.489282488822937012e-01,1.874336600303649902e-02,5.451763421297073364e-02,2.146896906197071075e-02,-9.700506925582885742e-02,2.832072377204895020e-01,1.798887103796005249e-01,3.593456447124481201e-01,3.009419441223144531e-01,-1.016297377645969391e-02,2.241570800542831421e-01,-3.636655211448669434e-02,-1.552880257368087769e-01,-7.489800453186035156e-02,3.212020397186279297e-01,1.567554026842117310e-01,7.876836508512496948e-02,1.812617853283882141e-02,3.137514591217041016e-01,-3.443903625011444092e-01,-1.538463234901428223e-01,2.460324615240097046e-01,-1.000409498810768127e-01,4.595264047384262085e-02,-2.541384100914001465e-01,1.722752451896667480e-01,1.395098119974136353e-01,-1.216106698848307133e-03,-3.086380064487457275e-01,4.762746859341859818e-03,6.791537255048751831e-02,-2.887420952320098877e-01,-3.303999304771423340e-01,3.099314868450164795e-01,1.857245899736881256e-02,3.216006159782409668e-01,3.991797193884849548e-02,5.332883447408676147e-02,-2.871021628379821777e-01,-3.701075613498687744e-01,-7.915363460779190063e-02,-4.178394004702568054e-02,9.026215970516204834e-02,1.204141508787870407e-02,-7.194944471120834351e-02,7.576676458120346069e-02,-1.674189977347850800e-02,-1.006924510002136230e-01,-3.373095691204071045e-01,8.796323835849761963e-02,2.861874736845493317e-02,-2.269193232059478760e-01,-1.041960567235946655e-01,5.565069988369941711e-02,-1.632275432348251343e-02,1.613022387027740479e-02,5.361794680356979370e-02,-3.385827690362930298e-02,-3.954099118709564209e-02,1.448929458856582642e-01,3.796792626380920410e-01,-2.925406098365783691e-01,6.943063437938690186e-02,-2.109176367521286011e-01,-5.221793055534362793e-02,-2.235480584204196930e-02,2.892839610576629639e-01,-7.446654140949249268e-02,-3.005147278308868408e-01,-1.738981902599334717e-02,3.314223885536193848e-01,-1.005335748195648193e-01,-2.414824515581130981e-01,2.551088631153106689e-01,6.163618993014097214e-03,-3.493139445781707764e-01,1.635969057679176331e-02,-2.606567442417144775e-01,-3.642323017120361328e-01,2.720715403556823730e-01,2.310638129711151123e-02,1.502799838781356812e-01,2.427046932280063629e-02,-1.150525510311126709e-01,-5.379599705338478088e-02,-1.762915253639221191e-01,3.714581951498985291e-02,-2.001024931669235229e-01,-2.282268553972244263e-02,3.347692191600799561e-01,-1.089504570700228214e-03,-2.462582886219024658e-01,7.447692006826400757e-02,-2.878228202462196350e-02,9.287259727716445923e-02,-2.707864046096801758e-01,-3.613699600100517273e-02,2.759917974472045898e-01,6.675805896520614624e-02,-1.106686592102050781e-01,-2.584781646728515625e-01,-1.689364165067672729e-01,-3.303760290145874023e-02,1.827769279479980469e-01,1.022998150438070297e-02,-2.220243066549301147e-01,-1.203681677579879761e-01,4.182012677192687988e-01,-3.411350548267364502e-01,2.644151151180267334e-01,1.775487139821052551e-02,-3.782447576522827148e-01,5.739608779549598694e-02,1.752298623323440552e-01,2.757211327552795410e-01,2.977513968944549561e-01,-1.046766787767410278e-01,-2.319163978099822998e-01,-9.037066996097564697e-02,-2.687820419669151306e-02,1.164199486374855042e-01
-2.157800458371639252e-02,1.223258394747972488e-02,-1.677008718252182007e-01,1.624268144369125366e-01,1.262756343930959702e-02,2.018807232379913330e-01,1.868261396884918213e-02,1.103786528110504150e-01,-8.422476798295974731e-02,7.911280728876590729e-03,7.327524479478597641e-03,-4.840366914868354797e-02,4.579411074519157410e-02,6.292661279439926147e-02,9.116107225418090820e-02,6.215209886431694031e-02,6.452226662077009678e-04,6.960107386112213135e-02,-5.306613445281982422e-02,-7.441898435354232788e-02,3.532782569527626038e-02,1.564351320266723633e-01,1.475877016782760620e-01,-5.579748004674911499e-02,1.204042695462703705e-02,5.940095335245132446e-02,-1.065166145563125610e-01,5.717486143112182617e-02,1.651350110769271851e-01,-4.065637290477752686e-02,5.339980870485305786e-02,-1.158721670508384705e-01,7.434292137622833252e-02,1.055321693420410156e-01,-6.895710248500108719e-03,-1.161609143018722534e-01,1.745213940739631653e-02,2.067764662206172943e-02,-5.563975498080253601e-02,-1.698915809392929077e-01,6.285055726766586304e-02,-1.059157587587833405e-02,1.451673954725265503e-01,1.747005991637706757e-02,6.199658662080764771e-02,-7.620699703693389893e-02,-1.080478355288505554e-01,-4.504545778036117554e-02,-4.352981597185134888e-02,-3.318089619278907776e-02,9.329794347286224365e-02,-7.019345462322235107e-02,4.130823537707328796e-02,-1.297204941511154175e-01,-6.837018299847841263e-03,-1.389508098363876343e-01,5.250808596611022949e-02,1.141021586954593658e-02,1.310061779804527760e-03,-5.516361072659492493e-02,-8.398477919399738312e-03,1.622040942311286926e-02,7.750006858259439468e-03,-2.861186303198337555e-02,-5.189483519643545151e-03,-9.819898754358291626e-03,3.246847167611122131e-02,1.150429472327232361e-01,-9.547238796949386597e-02,-2.332376129925251007e-02,-9.609684348106384277e-02,-5.977879092097282410e-02,-1.450278516858816147e-02,1.073603034019470215e-01,4.121084697544574738e-03,-7.560604065656661987e-02,2.930876100435853004e-03,1.471192836761474609e-01,-8.016090840101242065e-02,-1.258763819932937622e-01,1.846779882907867432e-01,3.456177189946174622e-03,-8.189754933118820190e-02,9.749172604642808437e-04,-8.825597912073135376e-02,5.197208374738693237e-03,4.092502966523170471e-02,7.436100393533706665e-03,-5.540518835186958313e-02,2.406640537083148956e-02,-1.726402714848518372e-02,-4.018649458885192871e-02,-1.257394999265670776e-01,6.167470291256904602e-02,-8.903624117374420166e-02,-6.832721084356307983e-02,7.592545449733734131e-02,-4.508494457695633173e-04,-9.130865335464477539e-02,2.584431879222393036e-02,-4.179698601365089417e-02,-2.386291511356830597e-02,-1.173977777361869812e-01,-1.038731448352336884e-02,1.404822170734405518e-01,1.739903539419174194e-01,-1.284752488136291504e-01,-1.175143122673034668e-01,7.578169554471969604e-02,-1.132841967046260834e-02,1.238626316189765930e-01,-1.183484718203544617e-01,-1.276994794607162476e-01,1.062338203191757202e-01,1.557004749774932861e-01,-6.646786630153656006e-02,5.440997704863548279e-02,8.351597934961318970e-02,-1.450450867414474487e-01,3.582481294870376587e-02,9.199198335409164429e-02,8.405756950378417969e-02,9.894187003374099731e-02,7.351374719291925430e-03,-1.580551862716674805e-01,-3.375514969229698181e-02,6.188741419464349747e-03,1.041831001639366150e-01
1.977673918008804321e-02,8.136942982673645020e-03,-1.218686625361442566e-01,1.842218451201915741e-02,4.485716670751571655e-02,1.868261396884918213e-02,9.266111999750137329e-02,2.560289949178695679e-02,3.232767572626471519e-03,3.175795450806617737e-02,1.054025907069444656e-02,-2.908199839293956757e-02,5.553746223449707031e-02,2.118988335132598877e-02,8.995168656110763550e-02,6.929275393486022949e-02,7.923651486635208130e-03,-4.132787871640175581e-04,-2.907729893922805786e-02,-7.802262157201766968e-02,-2.531313570216298103e-03,9.041532874107360840e-02,6.372343748807907104e-02,-2.904046699404716492e-02,4.087795387022197247e-04,1.014978215098381042e-01,-8.802045136690139771e-02,8.532592095434665680e-03,1.071333885192871094e-01,-8.094162493944168091e-02,1.288468111306428909e-02,-8.537203073501586914e-02,6.324589997529983521e-02,5.346923694014549255e-02,-3.745321417227387428e-03,-7.680581510066986084e-02,-4.813990090042352676e-03,2.350009419023990631e-02,-1.391780972480773926e-01,-7.621629536151885986e-02,1.080584526062011719e-01,1.357648428529500961e-02,4.405792057514190674e-02,1.345655694603919983e-02,-1.239320728927850723e-02,-1.627713590860366821e-01,-1.395713090896606445e-01,-1.519512012600898743e-02,2.927744388580322266e-02,-1.372104696929454803e-02,-1.739549101330339909e-03,1.231426745653152466e-02,-1.536906417459249496e-02,1.039936020970344543e-02,-2.987794950604438782e-02,-8.615648001432418823e-02,2.002432011067867279e-02,9.543519467115402222e-03,-6.287417560815811157e-02,-2.768565714359283447e-02,-2.089194208383560181e-02,2.770732156932353973e-02,5.913455504924058914e-03,1.115281656384468079e-01,2.456133067607879639e-02,-1.323085278272628784e-02,2.094689570367336273e-02,8.356577157974243164e-02,-7.209688425064086914e-02,2.178161963820457458e-02,-8.686994761228561401e-02,-5.054380744695663452e-02,2.027585916221141815e-02,1.059105768799781799e-01,-2.118289098143577576e-02,-1.089560240507125854e-01,-6.937919184565544128e-03,1.530015468597412109e-01,-3.124839067459106445e-02,-7.498129457235336304e-02,1.087792143225669861e-01,2.336523029953241348e-03,-7.620780915021896362e-02,9.573648567311465740e-04,-9.710358828306198120e-02,-9.152197092771530151e-02,1.295667290687561035e-01,3.597094910219311714e-03,7.090312242507934570e-02,2.359981089830398560e-02,-5.322219058871269226e-02,-1.123220194131135941e-02,-4.628305882215499878e-02,-1.162751670926809311e-02,-7.160133868455886841e-02,-3.915698733180761337e-03,9.184225648641586304e-02,-4.594445344991981983e-04,-7.553336769342422485e-02,5.905172973871231079e-02,-2.810559980571269989e-02,9.903952479362487793e-02,-8.868013322353363037e-02,-1.327649690210819244e-02,1.320844292640686035e-01,6.311330944299697876e-02,-8.355090022087097168e-02,-5.502135306596755981e-02,-1.072324886918067932e-01,-1.320102624595165253e-02,2.577036991715431213e-02,-6.167756766080856323e-02,-2.984800934791564941e-02,5.961018800735473633e-02,9.343694150447845459e-02,-1.144068911671638489e-01,6.740146875381469727e-02,4.250238835811614990e-02,-1.460434943437576294e-01,1.586928032338619232e-02,1.212834939360618591e-01,1.158670186996459961e-01,8.810874819755554199e-02,-3.752703219652175903e-02,-7.323593646287918091e-02,-8.473999053239822388e-02,9.064487181603908539e-03,4.703292250633239746e-02
2.793254256248474121e-01,5.659521371126174927e-02,-3.563767969608306885e-01,2.322718948125839233e-01,2.489282488822937012e-01,1.103786528110504150e-01,2.560289949178695679e-02,4.408382773399353027e-01,-1.765755936503410339e-02,4.347555339336395264e-02,2.412039041519165039e-02,-1.239786818623542786e-01,2.791717946529388428e-01,3.785822689533233643e-01,4.204373955726623535e-01,3.098258376121520996e-01,-1.006874814629554749e-02,2.124634832143783569e-01,-5.185226444154977798e-03,-1.425673663616180420e-01,-5.927362293004989624e-02,3.668927252292633057e-01,2.358193248510360718e-01,-1.928663626313209534e-02,1.594290509819984436e-02,2.388594746589660645e-01,-3.305647969245910645e-01,-1.347990930080413818e-01,3.123235106468200684e-01,-1.350130587816238403e-01,1.941744796931743622e-02,-2.573685944080352783e-01,1.405622810125350952e-01,2.209830582141876221e-01,-2.083400264382362366e-02,-3.632933795452117920e-01,6.997310090810060501e-03,6.909918785095214844e-02,-3.432541191577911377e-01,-4.792829453945159912e-01,2.811120152473449707e-01,3.000371903181076050e-02,3.279161751270294189e-01,4.841410368680953979e-02,2.180677056312561035e-01,-3.477023243904113770e-01,-4.064978063106536865e-01,-1.107573434710502625e-01,-7.263881713151931763e-02,2.068644203245639801e-02,7.243978232145309448e-02,-1.458001881837844849e-01,9.596854448318481445e-02,-1.586930304765701294e-01,-1.156298592686653137e-01,-3.948357999324798584e-01,1.482761800289154053e-01,3.879962489008903503e-02,-1.300033628940582275e-01,-1.259816437959671021e-01,6.772211939096450806e-02,-1.066334731876850128e-02,2.117069996893405914e-02,-5.755908414721488953e-02,-5.779204890131950378e-02,-2.271861582994461060e-02,1.145812347531318665e-01,3.913458287715911865e-01,-3.251553475856781006e-01,1.633153855800628662e-02,-2.592910230159759521e-01,-1.859076619148254395e-01,-3.491197526454925537e-02,3.378977477550506592e-01,-5.087151750922203064e-02,-2.491998523473739624e-01,-1.338278688490390778e-02,3.711955845355987549e-01,-1.923286914825439453e-01,-2.948347628116607666e-01,3.088259398937225342e-01,8.259745314717292786e-03,-3.808876872062683105e-01,1.511606480926275253e-02,-2.807393372058868408e-01,-3.162188827991485596e-01,2.534536719322204590e-01,2.419989183545112610e-02,6.243119016289710999e-02,3.929676115512847900e-02,-9.587559103965759277e-02,-6.198185682296752930e-02,-1.704754084348678589e-01,6.877743173390626907e-03,-1.924025416374206543e-01,-7.728391140699386597e-02,3.804205060005187988e-01,-1.223364728502929211e-03,-2.839599847793579102e-01,1.014943271875381470e-01,-6.221152842044830322e-02,6.173270568251609802e-02,-2.996174395084381104e-01,-3.879889473319053650e-02,2.458989322185516357e-01,1.789296716451644897e-01,-6.922958046197891235e-02,-2.959915101528167725e-01,-9.003470838069915771e-02,-2.039075829088687897e-02,2.906346321105957031e-01,-8.992794901132583618e-03,-2.780250310897827148e-01,-1.317547410726547241e-01,4.676675796508789062e-01,-3.175856173038482666e-01,3.310106098651885986e-01,2.354896441102027893e-02,-4.796837866306304932e-01,5.840295553207397461e-02,1.246663704514503479e-01,2.973453104496002197e-01,2.948320806026458740e-01,-1.347948610782623291e-02,-2.819543182849884033e-01,-1.130736619234085083e-01,-2.943002991378307343e-02,1.521859019994735718e-01
4.898911714553833008e-02,4.880801308900117874e-03,-2.977058989927172661e-03,-1.502608694136142731e-02,1.874336600303649902e-02,-8.422476798295974731e-02,3.232767572626471519e-03,-1.765755936503410339e-02,6.690401583909988403e-02,1.731890067458152771e-02,-1.576171256601810455e-02,-7.693190127611160278e-03,4.322852939367294312e-02,4.161791875958442688e-02,4.271989688277244568e-02,2.942823432385921478e-02,6.255542393773794174e-03,2.164977230131626129e-02,1.096836943179368973e-02,8.901990018784999847e-03,-1.122234985232353210e-01,1.082392036914825439e-02,-1.314558833837509155e-02,-1.500628609210252762e-02,6.657121703028678894e-03,5.732207372784614563e-02,-1.466114725917577744e-02,-6.198532879352569580e-03,-6.091105565428733826e-02,3.465658426284790039e-02,-3.096295893192291260e-02,-5.801535770297050476e-02,5.172040313482284546e-02,-1.762966439127922058e-02,4.826111719012260437e-03,-2.971380949020385742e-02,-9.945420315489172935e-04,5.095706321299076080e-03,-1.499010715633630753e-02,-3.015132993459701538e-02,6.396140903234481812e-02,1.742607913911342621e-02,-2.608118578791618347e-02,-7.724768365733325481e-04,-4.795917123556137085e-02,-4.578114673495292664e-02,-2.736746519804000854e-02,-9.489978663623332977e-03,2.168750949203968048e-02,2.806803211569786072e-02,-6.303350627422332764e-02,4.229102283716201782e-02,1.533629558980464935e-02,2.489989809691905975e-02,2.277351543307304382e-02,-7.816254161298274994e-03,-1.571472152136266232e-03,1.779683370841667056e-04,-2.207860350608825684e-02,-1.435240451246500015e-02,-2.166606299579143524e-02,1.989666000008583069e-02,3.351224819198250771e-03,7.730298489332199097e-02,-5.419337656348943710e-03,-1.151991821825504303e-02,1.531861140392720699e-03,3.759334981441497803e-02,-3.558254987001419067e-02,-4.947965033352375031e-03,-1.428896747529506683e-02,7.207959890365600586e-02,-2.340493351221084595e-02,3.918463364243507385e-02,-2.816270850598812103e-02,-2.531062811613082886e-02,-3.236253513023257256e-03,3.052761033177375793e-02,-3.876882046461105347e-02,-1.516038458794355392e-02,2.735749445855617523e-02,6.561421905644237995e-04,1.226072316057980061e-03,4.407389555126428604e-03,-4.329809173941612244e-02,-4.547926038503646851e-02,-3.328590188175439835e-03,4.598918894771486521e-04,5.812498554587364197e-02,1.708658994175493717e-03,-6.808490026742219925e-03,-2.061541751027107239e-02,-2.505828998982906342e-02,1.574496552348136902e-02,-3.128045052289962769e-02,1.801648736000061035e-02,8.284444920718669891e-03,-1.473149750381708145e-04,-1.344615221023559570e-02,3.391196206212043762e-02,1.528617274016141891e-02,3.762045875191688538e-02,-4.471801221370697021e-02,-3.030089428648352623e-03,2.107272483408451080e-02,-3.047423250973224640e-02,-3.425037488341331482e-02,-5.728418473154306412e-03,-6.473691761493682861e-02,-6.770310457795858383e-03,7.464656233787536621e-02,1.246682461351156235e-02,-1.755682565271854401e-02,-3.780642524361610413e-02,-5.964317824691534042e-03,-4.228878766298294067e-02,1.256121415644884109e-02,-1.999820210039615631e-02,-5.416541546583175659e-02,1.423269230872392654e-02,-1.139568630605936050e-02,4.361926391720771790e-02,4.075686633586883545e-02,-3.540876880288124084e-02,4.439784679561853409e-03,-4.847534000873565674e-02,-2.302796579897403717e-03,-2.128055319190025330e-02
2.523642033338546753e-03,2.126524224877357483e-02,-1.395076215267181396e-01,6.865286082029342651e-02,5.451763421297073364e-02,7.911280728876590729e-03,3.175795450806617737e-02,4.347555339336395264e-02,1.731890067458152771e-02,3.078041598200798035e-02,4.763316828757524490e-03,-4.417628422379493713e-02,1.131454706192016602e-01,2.949315868318080902e-02,1.208555027842521667e-01,1.068910583853721619e-01,5.274490453302860260e-03,8.660902827978134155e-02,-4.000287130475044250e-02,-6.304825842380523682e-02,-5.577896162867546082e-02,1.396345347166061401e-01,8.063385635614395142e-02,-2.570305019617080688e-02,1.524628046900033951e-02,1.589959114789962769e-01,-1.306676864624023438e-01,1.210813969373703003e-02,8.389758318662643433e-02,6.090460810810327530e-03,1.870870776474475861e-02,-1.476241499185562134e-01,1.062319055199623108e-01,5.333827063441276550e-02,2.775932895019650459e-03,-1.322900503873825073e-01,7.682860828936100006e-03,3.011997416615486145e-02,-9.280032664537429810e-02,-1.156972050666809082e-01,1.424511969089508057e-01,2.061263425275683403e-03,1.021224856376647949e-01,1.350517664104700089e-02,-2.764110080897808075e-02,-1.249895170331001282e-01,-1.426740288734436035e-01,-2.682982943952083588e-02,8.287656819447875023e-04,1.135296188294887543e-02,-1.050231792032718658e-02,1.305291801691055298e-02,3.295108303427696228e-02,-1.751684956252574921e-02,-9.989089332520961761e-03,-1.250053346157073975e-01,3.322695940732955933e-02,1.052839774638414383e-02,-6.293613463640213013e-02,-5.131956189870834351e-02,-2.259765006601810455e-02,2.260242588818073273e-02,7.225927431136369705e-03,7.066382467746734619e-02,5.385994445532560349e-04,-2.819765359163284302e-02,4.228309914469718933e-02,1.329074352979660034e-01,-1.288736164569854736e-01,-1.098877564072608948e-02,-9.187920391559600830e-02,3.938450291752815247e-02,-2.900962531566619873e-02,1.364632695913314819e-01,-3.195082396268844604e-02,-9.877587854862213135e-02,-5.348197184503078461e-03,1.570595651865005493e-01,-5.650171265006065369e-02,-1.175072938203811646e-01,1.513368487358093262e-01,3.071849467232823372e-03,-8.432593196630477905e-02,7.850679568946361542e-03,-1.124803870916366577e-01,-1.115820407867431641e-01,5.901826173067092896e-02,8.720737881958484650e-03,7.119014114141464233e-02,2.008425071835517883e-02,-3.838537633419036865e-02,-3.660803288221359253e-02,-1.152280792593955994e-01,4.501224681735038757e-02,-1.135031953454017639e-01,-5.918985232710838318e-03,7.152356207370758057e-02,-5.237895529717206955e-04,-9.239036589860916138e-02,5.045008286833763123e-02,-1.149435061961412430e-02,5.076372623443603516e-02,-1.440499573945999146e-01,-1.508339401334524155e-02,1.636354327201843262e-01,3.438967093825340271e-02,-1.195326745510101318e-01,-1.090600714087486267e-01,-5.097084492444992065e-02,-2.065403573215007782e-02,1.201818212866783142e-01,-4.364500567317008972e-02,-1.053333431482315063e-01,3.819787502288818359e-02,1.356918066740036011e-01,-1.380241811275482178e-01,5.910515785217285156e-02,4.538078233599662781e-02,-1.540558338165283203e-01,3.812125325202941895e-02,9.271734952926635742e-02,1.213129162788391113e-01,1.296569108963012695e-01,-5.047189071774482727e-02,-1.157434284687042236e-01,-6.629407405853271484e-02,7.911024731583893299e-04,4.398543387651443481e-02
-5.251000449061393738e-02,1.419061236083507538e-02,-8.547908812761306763e-02,-3.761327266693115234e-02,2.146896906197071075e-02,7.327524479478597641e-03,1.054025907069444656e-02,2.412039041519165039e-02,-1.576171256601810455e-02,4.763316828757524490e-03,7.302559167146682739e-02,-2.086189389228820801e-02,9.715613722801208496e-02,-3.472921997308731079e-02,5.229869857430458069e-02,7.846459746360778809e-02,-3.216268029063940048e-03,1.665172167122364044e-02,-1.702837646007537842e-02,-6.440082937479019165e-02,1.404927521944046021e-01,7.413721829652786255e-02,7.598330080509185791e-02,1.958831213414669037e-02,-2.125303726643323898e-03,1.039428263902664185e-01,-1.029815897345542908e-01,-2.342421934008598328e-02,1.410024911165237427e-01,-1.360034570097923279e-02,3.907571360468864441e-02,-3.562429174780845642e-02,-2.783994749188423157e-02,9.498485922813415527e-02,-7.722970563918352127e-03,-8.767408132553100586e-02,-4.970176611095666885e-03,2.141390927135944366e-02,-8.416444063186645508e-02,2.895058132708072662e-02,2.041668817400932312e-02,-3.594457730650901794e-02,1.058413982391357422e-01,9.583097882568836212e-03,3.592154756188392639e-02,-1.049380004405975342e-01,-9.660290926694869995e-02,3.309710696339607239e-02,-1.721880957484245300e-02,-7.038059085607528687e-02,3.449568152427673340e-02,-2.767732739448547363e-02,-3.201456367969512939e-02,3.043541312217712402e-02,-8.463138341903686523e-02,-8.495669066905975342e-02,2.979394420981407166e-02,1.220706012099981308e-02,-2.997371554374694824e-02,-4.812195431441068649e-03,3.781704232096672058e-02,-2.105727046728134155e-02,-2.720134798437356949e-03,-6.997212767601013184e-02,-1.493511139415204525e-03,-1.235417090356349945e-02,2.954399213194847107e-02,3.450870886445045471e-02,-9.264427423477172852e-02,-8.058329112827777863e-03,-3.003859147429466248e-02,-9.809692949056625366e-02,-2.235302701592445374e-03,7.564844191074371338e-02,1.501801144331693649e-02,3.020726144313812256e-02,-5.507832393050193787e-03,9.379731118679046631e-02,1.039830967783927917e-01,-5.899194255471229553e-02,1.320847682654857635e-02,1.635594759136438370e-03,-7.200329005718231201e-02,1.306748599745333195e-03,3.094386681914329529e-02,-1.121485456824302673e-01,6.296783685684204102e-02,8.402177132666110992e-03,5.291251465678215027e-02,1.393166184425354004e-02,-1.994853094220161438e-02,3.611097112298011780e-02,-4.311409778892993927e-03,-1.588696055114269257e-02,-3.069727495312690735e-02,5.843982100486755371e-03,1.829611137509346008e-02,-1.670351048232987523e-04,-8.703718334436416626e-02,-3.559423238039016724e-02,-2.860037423670291901e-02,2.385012246668338776e-02,-5.469849705696105957e-02,-1.042911875993013382e-02,8.135853707790374756e-02,-6.947217136621475220e-02,3.491880372166633606e-02,-6.819114834070205688e-02,1.399503648281097412e-02,-9.820615872740745544e-03,-2.511442825198173523e-02,1.798857003450393677e-02,-4.781647399067878723e-02,5.508499592542648315e-02,9.638297557830810547e-02,-7.610537111759185791e-02,4.626642167568206787e-02,5.757822841405868530e-02,-2.935486473143100739e-02,-3.149587428197264671e-03,7.445415109395980835e-02,4.029966890811920166e-02,4.589843004941940308e-02,-1.601496129296720028e-03,-1.055249199271202087e-01,2.078133868053555489e-03,5.270321853458881378e-03,-1.459997496567666531e-03
-8.429503999650478363e-03,-3.956077992916107178e-02,2.532923221588134766e-01,-1.434434205293655396e-01,-9.700506925582885742e-02,-4.840366914868354797e-02,-2.908199839293956757e-02,-1.239786818623542786e-01,-7.693190127611160278e-03,-4.417628422379493713e-02,-2.086189389228820801e-02,8.426892012357711792e-02,-2.087780684232711792e-01,-7.418844848871231079e-02,-2.229289412498474121e-01,-1.975042968988418579e-01,-5.517067853361368179e-03,-1.660393625497817993e-01,6.668385863304138184e-02,1.091397851705551147e-01,5.576224625110626221e-02,-2.626360952854156494e-01,-1.652990281581878662e-01,4.761521890759468079e-02,-2.700461074709892273e-02,-2.666188478469848633e-01,2.404029220342636108e-01,-1.455808803439140320e-02,-1.804480850696563721e-01,-1.667563058435916901e-02,-3.995621576905250549e-02,2.523495554924011230e-01,-1.644395440816879272e-01,-1.211150661110877991e-01,-3.388740879017859697e-04,2.516860365867614746e-01,-1.537317316979169846e-02,-5.436553061008453369e-02,1.608937233686447144e-01,2.200516164302825928e-01,-2.282261997461318970e-01,7.032226305454969406e-03,-2.132539302110671997e-01,-2.569982595741748810e-02,-1.062787720002233982e-03,2.108282893896102905e-01,2.537021934986114502e-01,4.691667482256889343e-02,2.259113453328609467e-02,6.460851873271167278e-04,-1.034954097121953964e-02,9.431056678295135498e-03,-6.411543488502502441e-02,6.212001666426658630e-02,3.323822095990180969e-02,2.414904981851577759e-01,-7.523377239704132080e-02,-2.173694223165512085e-02,9.027312695980072021e-02,9.286806732416152954e-02,1.960022561252117157e-02,-2.655462361872196198e-02,-1.200700737535953522e-02,-5.028437077999114990e-02,1.060972176492214203e-02,4.677307605743408203e-02,-7.654130458831787109e-02,-2.360784113407135010e-01,2.402339279651641846e-01,3.413610160350799561e-02,1.627321392297744751e-01,-3.305232524871826172e-02,5.883862450718879700e-02,-2.449224740266799927e-01,4.296410828828811646e-02,1.418846994638442993e-01,7.907622493803501129e-03,-2.737358510494232178e-01,9.097388386726379395e-02,2.224865406751632690e-01,-2.638527154922485352e-01,-5.748618394136428833e-03,1.636178493499755859e-01,-1.405666675418615341e-02,1.796722561120986938e-01,1.946389079093933105e-01,-8.553706854581832886e-02,-1.744793541729450226e-02,-9.633469581604003906e-02,-3.574243932962417603e-02,5.777138099074363708e-02,5.819866433739662170e-02,2.004756927490234375e-01,-7.764403522014617920e-02,1.936578601598739624e-01,2.328835055232048035e-02,-1.266805976629257202e-01,8.943398715928196907e-04,1.772348582744598389e-01,-7.081594318151473999e-02,2.713234722614288330e-02,-5.766776576638221741e-02,2.559029459953308105e-01,2.694715000689029694e-02,-2.777128517627716064e-01,-6.545033305883407593e-02,1.813220381736755371e-01,2.127459198236465454e-01,3.801993280649185181e-02,3.345986083149909973e-02,-2.217880636453628540e-01,6.416086852550506592e-02,2.106270641088485718e-01,-6.266924738883972168e-02,-2.660773992538452148e-01,2.335733622312545776e-01,-1.158187389373779297e-01,-8.767617493867874146e-02,2.674887776374816895e-01,-6.523172557353973389e-02,-1.492205858230590820e-01,-2.017076611518859863e-01,-2.231706678867340088e-01,6.274795532226562500e-02,2.293096035718917847e-01,9.360774606466293335e-02,1.373670413158833981e-03,-8.252891153097152710e-02
