5.001627206802368164e-01,2.991326339542865753e-02,-2.249683290719985962e-01,1.380620449781417847e-01,2.526665329933166504e-01,-5.769916996359825134e-02,6.456410139799118042e-02,3.281068503856658936e-01,7.792361080646514893e-02,4.997877776622772217e-02,-3.885459527373313904e-02,-8.360776305198669434e-02,1.583847254514694214e-01,5.264590382575988770e-01,3.593580126762390137e-01,2.063342481851577759e-01,-4.134382586926221848e-03,1.028943583369255066e-01,8.471901714801788330e-02,-8.831885457038879395e-02,-2.316866517066955566e-01,1.782623827457427979e-01,1.412279009819030762e-01,2.050803974270820618e-02,-3.217725898139178753e-04,9.363874047994613647e-02,-1.542105823755264282e-01,-3.242363333702087402e-01,1.278127133846282959e-01,-2.566384375095367432e-01,-1.006394177675247192e-01,-1.619600206613540649e-01,1.272657066583633423e-01,1.542209684848785400e-01,-2.570952661335468292e-02,-2.237825840711593628e-01,-4.376878961920738220e-03,3.640688583254814148e-02,-2.960985302925109863e-01,-4.508661031723022461e-01,2.082965672016143799e-01,8.992263674736022949e-02,1.452714651823043823e-01,3.641635924577713013e-02,1.571505367755889893e-01,-2.931845486164093018e-01,-2.922160327434539795e-01,-1.364436447620391846e-01,-3.727457672357559204e-02,9.209919720888137817e-02,-4.123326390981674194e-02,-1.573371887207031250e-01,8.806763589382171631e-02,-6.271088868379592896e-02,-4.989787563681602478e-02,-2.441183328628540039e-01,1.047799438238143921e-01,2.492564171552658081e-02,-1.069960594177246094e-01,-9.591528028249740601e-02,9.054718911647796631e-02,-7.386696059256792068e-03,2.217247523367404938e-02,1.154951974749565125e-01,-7.839125394821166992e-02,6.889057345688343048e-03,6.717466562986373901e-02,3.190031647682189941e-01,-1.869594007730484009e-01,1.414096057415008545e-01,-1.928906738758087158e-01,-1.795228421688079834e-01,1.040197163820266724e-02,2.292445749044418335e-01,-6.889902800321578979e-02,-2.734840810298919678e-01,-1.154544577002525330e-02,2.606581449508666992e-01,-2.317188531160354614e-01,-1.531792730093002319e-01,2.097833305597305298e-01,5.385209340602159500e-03,-2.866889834403991699e-01,2.272465266287326813e-03,-2.581484317779541016e-01,-2.260838449001312256e-01,2.629049122333526611e-01,8.746119216084480286e-03,3.863738849759101868e-02,2.212682738900184631e-02,-6.612299382686614990e-02,-7.341675460338592529e-02,-4.442223161458969116e-02,-3.089953958988189697e-02,-1.030093282461166382e-01,-1.035438328981399536e-01,3.947306275367736816e-01,-7.557569188065826893e-04,-1.855746358633041382e-01,1.513561308383941650e-01,-5.117612332105636597e-02,8.538217842578887939e-02,-1.764636635780334473e-01,-2.620026655495166779e-02,5.492323264479637146e-02,2.184250801801681519e-01,-1.682262681424617767e-02,-1.360500901937484741e-01,-2.393691986799240112e-01,-1.276302617043256760e-03,2.688561379909515381e-01,-9.957268834114074707e-03,-1.409177631139755249e-01,-3.023498952388763428e-01,2.831679284572601318e-01,-1.903659850358963013e-01,3.598521649837493896e-01,-1.104281321167945862e-01,-4.428169727325439453e-01,3.021316789090633392e-02,-4.370718076825141907e-02,2.614414691925048828e-01,2.369510531425476074e-01,-6.513737887144088745e-02,-1.119427233934402466e-01,-1.761277616024017334e-01,-2.489246428012847900e-02,9.867472946643829346e-02
2.991326339542865753e-02,2.422247454524040222e-02,-1.289114803075790405e-01,5.646061152219772339e-02,8.002824336290359497e-02,-3.102049045264720917e-02,1.978779956698417664e-02,4.802025109529495239e-02,2.030676603317260742e-02,2.698700129985809326e-02,1.026410516351461411e-02,-4.091766104102134705e-02,1.183725893497467041e-01,5.642642080783843994e-02,1.187317445874214172e-01,1.135351508855819702e-01,-2.804706571623682976e-03,8.166269958019256592e-02,-3.167075663805007935e-02,-6.250482797622680664e-02,-4.728510603308677673e-02,1.322388499975204468e-01,8.120954781770706177e-02,9.071811102330684662e-03,1.363172009587287903e-02,1.452499926090240479e-01,-1.369765698909759521e-01,-9.518183022737503052e-02,9.967336803674697876e-02,-4.426734894514083862e-02,3.266825806349515915e-03,-1.228518784046173096e-01,8.296654373407363892e-02,5.438135936856269836e-02,1.315558911301195621e-03,-1.281096339225769043e-01,9.759213775396347046e-03,3.149659931659698486e-02,-8.286832273006439209e-02,-9.700988978147506714e-02,1.203233301639556885e-01,1.445575500838458538e-03,1.291752904653549194e-01,1.437331363558769226e-02,-1.640095189213752747e-02,-8.590494841337203979e-02,-1.284499317407608032e-01,-2.361532114446163177e-02,-1.549274288117885590e-02,2.520355209708213806e-02,2.687962260097265244e-03,-1.829990372061729431e-02,4.340386018157005310e-02,7.988815195858478546e-03,-3.092938102781772614e-02,-1.279323995113372803e-01,2.855223603546619415e-02,1.022579148411750793e-02,-6.774294376373291016e-02,-4.257524386048316956e-02,8.422709070146083832e-03,5.611064378172159195e-03,5.397155880928039551e-03,3.100485168397426605e-02,-2.962173521518707275e-02,-2.223766222596168518e-02,5.458811670541763306e-02,1.324496716260910034e-01,-1.198987960815429688e-01,1.686288230121135712e-02,-7.653342932462692261e-02,1.785373910934140440e-06,-1.987559348344802856e-02,1.153673902153968811e-01,-2.536015026271343231e-02,-9.216599911451339722e-02,-5.440578330308198929e-03,1.281083077192306519e-01,-2.667430229485034943e-02,-1.141903996467590332e-01,1.137868463993072510e-01,2.285290742293000221e-03,-9.907378256320953369e-02,6.528379395604133606e-03,-9.260480850934982300e-02,-1.249568834900856018e-01,6.484631448984146118e-02,9.004152379930019379e-03,7.388038188219070435e-02,1.436680275946855545e-02,-2.868776023387908936e-02,-2.783790603280067444e-02,-9.091356396675109863e-02,2.492880262434482574e-02,-9.688691794872283936e-02,-1.898355595767498016e-02,8.830764144659042358e-02,-3.420116845518350601e-04,-8.886202424764633179e-02,4.176389053463935852e-02,-8.933738805353641510e-03,3.279124572873115540e-02,-1.201645582914352417e-01,-1.699388772249221802e-02,1.375156790018081665e-01,-3.934810403734445572e-03,-7.285226136445999146e-02,-1.122988983988761902e-01,-3.854346275329589844e-02,-1.645313389599323273e-02,9.072335064411163330e-02,-1.691025868058204651e-02,-9.522423148155212402e-02,-2.697801776230335236e-02,1.448905318975448608e-01,-1.316156685352325439e-01,9.253933280706405640e-02,1.772458851337432861e-02,-1.215331628918647766e-01,2.863755449652671814e-02,3.838248550891876221e-02,9.872896969318389893e-02,1.222795471549034119e-01,-4.729870706796646118e-02,-1.058067306876182556e-01,-5.052805691957473755e-02,-1.041131792590022087e-03,4.943554475903511047e-02
-2.249683290719985962e-01,-1.289114803075790405e-01,7.782977223396301270e-01,-4.001849889755249023e-01,-4.398403167724609375e-01,1.031752452254295349e-01,-1.930012255907058716e-01,-2.951243519783020020e-01,-9.664048999547958374e-02,-1.775015145540237427e-01,-6.557976454496383667e-02,2.701852619647979736e-01,-6.569353938102722168e-01,-4.125486016273498535e-01,-6.976827979087829590e-01,-6.566334962844848633e-01,1.608199207112193108e-03,-4.396651983261108398e-01,2.031502723693847656e-01,4.219467341899871826e-01,2.614554166793823242e-01,-7.538754343986511230e-01,-5.821221470832824707e-01,5.257991701364517212e-02,-7.936032861471176147e-02,-7.623778581619262695e-01,7.424549460411071777e-01,5.297605991363525391e-01,-6.473973989486694336e-01,3.524239361286163330e-01,8.761387318372726440e-03,7.192375659942626953e-01,-5.331178903579711914e-01,-4.163809418678283691e-01,6.946580018848180771e-03,7.393575310707092285e-01,-5.868108198046684265e-02,-1.966715008020401001e-01,5.673990249633789062e-01,6.009801030158996582e-01,-6.845780611038208008e-01,-1.944356597959995270e-02,-7.000859975814819336e-01,-9.464496374130249023e-02,5.227483436465263367e-02,6.153254508972167969e-01,7.640677094459533691e-01,1.628264337778091431e-01,7.771542668342590332e-02,-6.283201277256011963e-02,-2.838698215782642365e-02,1.344490945339202881e-01,-2.340364456176757812e-01,1.422581356018781662e-02,1.668466031551361084e-01,7.391785383224487305e-01,-2.117685973644256592e-01,-7.007683068513870239e-02,3.605870008468627930e-01,2.831417024135589600e-01,-3.339342400431632996e-02,-7.511961460113525391e-02,-3.793431445956230164e-02,-2.729720473289489746e-01,1.493083685636520386e-01,1.343027800321578979e-01,-2.997413873672485352e-01,-7.324088215827941895e-01,6.977676153182983398e-01,-9.959941357374191284e-02,5.232086777687072754e-01,8.849649131298065186e-02,1.057975217700004578e-01,-7.164249420166015625e-01,1.433206349611282349e-01,5.553875565528869629e-01,3.161659464240074158e-02,-7.941327691078186035e-01,2.222328186035156250e-01,6.950076818466186523e-01,-7.274924516677856445e-01,-1.602652668952941895e-02,5.640885829925537109e-01,-3.303199633955955505e-02,5.808060765266418457e-01,6.629312038421630859e-01,-4.230758845806121826e-01,-5.195776373147964478e-02,-4.092529118061065674e-01,-1.171585395932197571e-01,1.757457256317138672e-01,1.819569021463394165e-01,5.603495836257934570e-01,-1.478478014469146729e-01,6.144356131553649902e-01,1.487908363342285156e-01,-5.415429472923278809e-01,2.296566730365157127e-03,5.646126866340637207e-01,-3.175862133502960205e-01,1.059885248541831970e-01,-2.404074519872665405e-01,7.198387980461120605e-01,1.082216426730155945e-01,-7.781419754028320312e-01,-1.294575929641723633e-01,5.084947943687438965e-01,6.674089431762695312e-01,2.518052160739898682e-01,1.006695702672004700e-01,-5.725293159484863281e-01,2.266345471143722534e-01,5.997657179832458496e-01,4.035965353250503540e-02,-7.830246686935424805e-01,7.267934083938598633e-01,-5.734011530876159668e-01,-1.667375415563583374e-01,7.529304623603820801e-01,-1.835015863180160522e-01,-2.811937928199768066e-01,-6.502304077148437500e-01,-7.193239331245422363e-01,2.853381335735321045e-01,6.761940717697143555e-01,3.992078900337219238e-01,-1.900874450802803040e-02,-3.399835228919982910e-01
1.380620449781417847e-01,5.646061152219772339e-02,-4.001849889755249023e-01,3.658915162086486816e-01,1.856327801942825317e-01,1.420859154313802719e-02,5.880871787667274475e-02,1.893080472946166992e-01,3.597786650061607361e-02,8.705829828977584839e-02,-5.102748423814773560e-02,-1.463851332664489746e-01,2.765402495861053467e-01,2.886811494827270508e-01,3.599877655506134033e-01,2.900450825691223145e-01,4.170476924628019333e-03,2.780035138130187988e-01,-1.198368296027183533e-01,-1.531880199909210205e-01,-2.994378507137298584e-01,4.355627894401550293e-01,2.872862517833709717e-01,-1.115032136440277100e-01,5.772820487618446350e-02,3.718485534191131592e-01,-3.508495688438415527e-01,-1.861106008291244507e-01,2.501497268676757812e-01,-1.047928929328918457e-01,-3.534732758998870850e-02,-4.445530176162719727e-01,3.531791567802429199e-01,1.449433267116546631e-01,5.272315815091133118e-03,-3.874235153198242188e-01,5.197870731353759766e-02,8.715567737817764282e-02,-1.908619105815887451e-01,-4.627270102500915527e-01,3.948082327842712402e-01,3.794327750802040100e-02,3.352034389972686768e-01,4.334245622158050537e-02,-4.652329161763191223e-02,-2.023166269063949585e-01,-3.664115667343139648e-01,-1.460142433643341064e-01,-4.874284565448760986e-02,9.347474575042724609e-02,1.374559570103883743e-02,-5.164710432291030884e-02,2.059808075428009033e-01,-1.307082921266555786e-01,2.517048455774784088e-02,-3.833534121513366699e-01,1.115634217858314514e-01,2.782004699110984802e-02,-1.087279692292213440e-01,-1.763809472322463989e-01,-5.626900494098663330e-02,7.891778647899627686e-02,2.614942006766796112e-02,1.664950847625732422e-01,-8.673603832721710205e-02,-6.686316430568695068e-02,1.314058750867843628e-01,4.141677021980285645e-01,-3.370171487331390381e-01,-5.573292728513479233e-03,-2.792657315731048584e-01,1.094814017415046692e-01,-9.237855672836303711e-02,3.710031807422637939e-01,-8.742638677358627319e-02,-3.226272761821746826e-01,-6.675705313682556152e-03,3.990729451179504395e-01,-3.014203011989593506e-01,-3.980194926261901855e-01,5.080299377441406250e-01,8.300676941871643066e-03,-2.140744626522064209e-01,2.076122537255287170e-02,-3.845068514347076416e-01,-2.283276468515396118e-01,8.019077032804489136e-02,2.249289490282535553e-02,1.185192540287971497e-01,5.716427415609359741e-02,-5.702527239918708801e-02,-1.701771169900894165e-01,-3.935559093952178955e-01,1.482926756143569946e-01,-3.487977683544158936e-01,-1.133578121662139893e-01,2.527123689651489258e-01,-1.193826086819171906e-03,-2.183271497488021851e-01,2.176871746778488159e-01,-2.811070159077644348e-02,5.144395679235458374e-02,-4.221631288528442383e-01,-4.864059388637542725e-02,4.470445513725280762e-01,1.991568207740783691e-01,-3.951743841171264648e-01,-3.567186295986175537e-01,-4.792636260390281677e-02,-4.805007576942443848e-02,4.655103981494903564e-01,-1.843110322952270508e-01,-3.525441586971282959e-01,-1.478568743914365768e-02,4.086557030677795410e-01,-3.522619605064392090e-01,2.448842078447341919e-01,6.565596163272857666e-02,-4.550417363643646240e-01,1.271467506885528564e-01,7.510545104742050171e-02,3.265961110591888428e-01,3.905329406261444092e-01,-1.217470094561576843e-01,-3.314169049263000488e-01,-2.138606458902359009e-01,4.619101528078317642e-03,2.201629281044006348e-01
2.526665329933166504e-01,8.002824336290359497e-02,-4.398403167724609375e-01,1.856327801942825317e-01,3.468469679355621338e-01,-1.109558567404747009e-01,9.279789030551910400e-02,2.608131468296051025e-01,7.238686084747314453e-02,9.271967411041259766e-02,1.680793985724449158e-02,-1.389225721359252930e-01,3.859262466430664062e-01,3.088054656982421875e-01,4.629989266395568848e-01,3.995873928070068359e-01,-1.352524105459451675e-02,2.571031153202056885e-01,-6.023349612951278687e-02,-2.151954025030136108e-01,-1.791252046823501587e-01,4.297046065330505371e-01,2.526290714740753174e-01,6.867206841707229614e-02,3.279940038919448853e-02,4.377939403057098389e-01,-4.515666067600250244e-01,-4.014551937580108643e-01,3.465394377708435059e-01,-2.523448765277862549e-01,-1.801075413823127747e-02,-3.734182715415954590e-01,2.605016529560089111e-01,1.953056752681732178e-01,-4.373155068606138229e-03,-4.243011772632598877e-01,2.057015337049961090e-02,1.028701514005661011e-01,-3.680905699729919434e-01,-4.135430455207824707e-01,4.139742553234100342e-01,3.821979090571403503e-02,4.189611971378326416e-01,5.465511977672576904e-02,1.823314651846885681e-02,-3.492882847785949707e-01,-4.762367010116577148e-01,-1.104005426168441772e-01,-5.091497674584388733e-02,1.191267445683479309e-01,-3.531283931806683540e-03,-1.125408709049224854e-01,1.416029036045074463e-01,2.660934068262577057e-02,-1.255306750535964966e-01,-4.489486217498779297e-01,1.082044765353202820e-01,3.732440248131752014e-02,-2.602761089801788330e-01,-1.439072787761688232e-01,6.861340254545211792e-02,1.623964868485927582e-03,2.154144272208213806e-02,1.292188167572021484e-01,-1.040490716695785522e-01,-5.632144212722778320e-02,1.898028552532196045e-01,4.854315221309661865e-01,-3.816571831703186035e-01,1.229056641459465027e-01,-2.860097587108612061e-01,-9.125144034624099731e-02,-2.760866470634937286e-02,3.936693072319030762e-01,-9.563693404197692871e-02,-3.811327815055847168e-01,-2.121521718800067902e-02,4.464313983917236328e-01,-1.331067085266113281e-01,-3.639898300170898438e-01,3.679332137107849121e-01,7.750105578452348709e-03,-4.112907946109771729e-01,1.871320419013500214e-02,-3.549509048461914062e-01,-4.588289856910705566e-01,3.183298408985137939e-01,2.832646109163761139e-02,2.377003431320190430e-01,4.481439292430877686e-02,-1.252749562263488770e-01,-8.871337771415710449e-02,-2.377428114414215088e-01,2.784499898552894592e-02,-2.976265549659729004e-01,-7.640136033296585083e-02,4.220969676971435547e-01,-1.200649421662092209e-03,-3.169838786125183105e-01,1.664152890443801880e-01,-4.259704425930976868e-02,1.409416794776916504e-01,-3.787775337696075439e-01,-5.840142443776130676e-02,4.029864966869354248e-01,5.751712247729301453e-02,-1.853640377521514893e-01,-3.595946729183197021e-01,-2.250400036573410034e-01,-4.488278925418853760e-02,2.844387590885162354e-01,-2.755196206271648407e-02,-2.927877306938171387e-01,-2.063106596469879150e-01,5.274851322174072266e-01,-4.511813521385192871e-01,3.970032632350921631e-01,3.463804489001631737e-03,-4.899633228778839111e-01,8.224062621593475342e-02,1.149986311793327332e-01,3.642004728317260742e-01,4.198451340198516846e-01,-1.571850478649139404e-01,-3.184077739715576172e-01,-1.878976076841354370e-01,-1.648704707622528076e-02,1.770820319652557373e-01
-5.769916996359825134e-02,-3.102049045264720917e-02,1.031752452254295349e-01,1.420859154313802719e-02,-1.109558567404747009e-01,2.081659585237503052e-01,-2.336241491138935089e-02,7.920741103589534760e-03,-1.166832670569419861e-01,-4.750947281718254089e-02,-5.957032088190317154e-03,4.133646935224533081e-02,-1.823953986167907715e-01,-3.821244090795516968e-02,-1.454444527626037598e-01,-1.560321599245071411e-01,-1.916273380629718304e-03,-1.034957617521286011e-01,2.353284321725368500e-02,4.743859171867370605e-02,1.342632025480270386e-01,-1.237841844558715820e-01,-2.866827510297298431e-02,-1.881353370845317841e-02,-1.931938342750072479e-02,-2.407378256320953369e-01,1.581874191761016846e-01,1.344690620899200439e-01,-3.521892055869102478e-02,-3.766836016438901424e-04,3.508356958627700806e-02,1.634211093187332153e-01,-1.189901456236839294e-01,-1.330770738422870636e-02,-9.543511085212230682e-03,1.539486795663833618e-01,-4.423842299729585648e-03,-4.277374967932701111e-02,1.133254170417785645e-01,5.252249538898468018e-02,-1.942785978317260742e-01,-1.012614276260137558e-02,-9.434876590967178345e-02,-1.074595656245946884e-02,8.860971033573150635e-02,1.295037120580673218e-01,1.574744582176208496e-01,9.020119905471801758e-03,-2.281075902283191681e-02,-5.494786426424980164e-02,8.593963831663131714e-02,-5.689068883657455444e-02,-4.536003246903419495e-02,-9.118183702230453491e-02,2.597031369805335999e-02,1.209164783358573914e-01,-1.882982999086380005e-02,-1.017553266137838364e-02,1.138796135783195496e-01,4.506767168641090393e-02,3.345223842188715935e-03,-1.532220933586359024e-02,-5.106533411890268326e-03,-1.157597824931144714e-01,2.513149194419384003e-02,4.137443751096725464e-02,-5.794206261634826660e-02,-1.437965482473373413e-01,1.605611294507980347e-01,-1.503552310168743134e-02,7.647883147001266479e-02,-1.031745895743370056e-01,4.341316595673561096e-02,-1.520246267318725586e-01,5.774567648768424988e-02,9.388468414545059204e-02,1.165887899696826935e-02,-1.448150277137756348e-01,1.588990911841392517e-02,1.221874654293060303e-01,-1.018624901771545410e-01,-2.190534723922610283e-03,9.524702280759811401e-02,-1.289325300604104996e-02,1.144299879670143127e-01,2.174014300107955933e-01,-6.194007769227027893e-02,-1.053547114133834839e-02,-1.829825192689895630e-01,-1.443542819470167160e-02,4.128194972872734070e-02,2.799618802964687347e-02,8.989383280277252197e-02,-1.039528474211692810e-02,1.302649676799774170e-01,-3.137285634875297546e-02,-7.310963422060012817e-02,4.033367149531841278e-04,9.062151610851287842e-02,-7.516423612833023071e-02,-1.801780425012111664e-02,-9.535479545593261719e-02,1.577196866273880005e-01,2.250509709119796753e-02,-1.713486760854721069e-01,1.241989508271217346e-01,7.544263452291488647e-02,1.189219430088996887e-01,1.402540802955627441e-01,2.501916885375976562e-02,-1.108528152108192444e-01,-4.805318638682365417e-02,8.916020393371582031e-02,8.520624041557312012e-02,-1.300986409187316895e-01,1.923249512910842896e-01,-9.343389421701431274e-02,9.902846068143844604e-03,1.366993635892868042e-01,-3.510822355747222900e-02,-2.851201780140399933e-02,-1.323005706071853638e-01,-1.526421457529067993e-01,9.031367301940917969e-02,7.402946054935455322e-02,8.462573587894439697e-02,3.489453578367829323e-03,3.025707323104143143e-03
6.456410139799118042e-02,1.978779956698417664e-02,-1.930012255907058716e-01,5.880871787667274475e-02,9.279789030551910400e-02,-2.336241491138935089e-02,1.106052994728088379e-01,3.821929544210433960e-02,2.107667736709117889e-02,4.885525628924369812e-02,1.282067969441413879e-02,-5.391497164964675903e-02,1.204861626029014587e-01,8.242855221033096313e-02,1.567870825529098511e-01,1.309020966291427612e-01,5.930292885750532150e-03,4.000741988420486450e-02,-4.761698469519615173e-02,-1.122469827532768250e-01,-3.914929181337356567e-02,1.559416800737380981e-01,1.124172881245613098e-01,-2.330577746033668518e-02,9.234602563083171844e-03,1.795105636119842529e-01,-1.538398265838623047e-01,-1.011081933975219727e-01,1.637051254510879517e-01,-1.405315101146697998e-01,-8.440365083515644073e-03,-1.556591689586639404e-01,1.202126964926719666e-01,9.062783420085906982e-02,-4.647518042474985123e-03,-1.493596285581588745e-01,2.876707119867205620e-03,4.395451396703720093e-02,-1.837034672498703003e-01,-1.229492947459220886e-01,1.690585762262344360e-01,1.647520437836647034e-02,1.128555983304977417e-01,2.166206017136573792e-02,-1.765434257686138153e-02,-2.034444808959960938e-01,-2.055258005857467651e-01,-3.213257715106010437e-02,1.784802041947841644e-02,-1.746189896948635578e-03,-7.415447849780321121e-03,-1.207343302667140961e-02,1.496112253516912460e-02,2.387636154890060425e-02,-3.713862225413322449e-02,-1.528594493865966797e-01,3.949625790119171143e-02,1.549674663692712784e-02,-9.914270043373107910e-02,-5.526031181216239929e-02,-2.071683760732412338e-03,3.088236600160598755e-02,8.820224553346633911e-03,1.420927047729492188e-01,5.139666143804788589e-03,-2.666656859219074249e-02,4.969384148716926575e-02,1.519097238779067993e-01,-1.370415687561035156e-01,4.985920339822769165e-02,-1.301905959844589233e-01,-5.441557988524436951e-02,9.051667526364326477e-03,1.744170486927032471e-01,-3.477478399872779846e-02,-1.544166058301925659e-01,-9.233831427991390228e-03,2.294491380453109741e-01,-5.103220418095588684e-02,-1.406446397304534912e-01,1.817583143711090088e-01,3.441041335463523865e-03,-1.237461864948272705e-01,3.353334963321685791e-03,-1.406159549951553345e-01,-1.573278754949569702e-01,1.562144160270690918e-01,7.928107865154743195e-03,1.091495826840400696e-01,3.418127819895744324e-02,-6.092214584350585938e-02,-2.759230509400367737e-02,-9.601834416389465332e-02,-9.660107316449284554e-04,-1.356919556856155396e-01,-2.649188041687011719e-02,1.421639472246170044e-01,-5.624671466648578644e-04,-1.204399242997169495e-01,9.831754118204116821e-02,-3.850714489817619324e-02,1.165635883808135986e-01,-1.589809656143188477e-01,-2.516276948153972626e-02,2.124010920524597168e-01,6.994471698999404907e-02,-1.348776072263717651e-01,-1.235250309109687805e-01,-1.406126916408538818e-01,-2.106888778507709503e-02,8.232511579990386963e-02,-8.222230523824691772e-02,-8.355379104614257812e-02,3.095972165465354919e-02,1.705512404441833496e-01,-1.760386824607849121e-01,1.252287477254867554e-01,4.346641525626182556e-02,-2.159372717142105103e-01,3.227563574910163879e-02,1.072793453931808472e-01,1.759918779134750366e-01,1.575804352760314941e-01,-7.203351706266403198e-02,-1.286390870809555054e-01,-1.228379607200622559e-01,1.314743235707283020e-02,7.688740640878677368e-02
3.281068503856658936e-01,4.802025109529495239e-02,-2.951243519783020020e-01,1.893080472946166992e-01,2.608131468296051025e-01,7.920741103589534760e-03,3.821929544210433960e-02,3.930869102478027344e-01,5.436167586594820023e-03,4.316045343875885010e-02,1.365883182734251022e-02,-1.083025932312011719e-01,2.410743385553359985e-01,3.892915546894073486e-01,3.686853945255279541e-01,2.738374173641204834e-01,-1.577025279402732849e-02,1.533859223127365112e-01,1.365617290139198303e-02,-1.234848424792289734e-01,-7.854776829481124878e-02,3.073600232601165771e-01,2.102544307708740234e-01,9.513711556792259216e-03,1.185402274131774902e-02,1.882116794586181641e-01,-2.781468331813812256e-01,-3.053314983844757080e-01,2.876227498054504395e-01,-2.249751985073089600e-01,-3.795149549841880798e-02,-2.007044851779937744e-01,1.054980382323265076e-01,1.941282153129577637e-01,-2.312548272311687469e-02,-3.075010776519775391e-01,9.135317988693714142e-03,6.346713006496429443e-02,-3.098799288272857666e-01,-4.196795821189880371e-01,2.286780327558517456e-01,4.120761528611183167e-02,2.861624956130981445e-01,4.455989599227905273e-02,1.832783967256546021e-01,-2.617624104022979736e-01,-3.443845808506011963e-01,-1.067311689257621765e-01,-7.220157980918884277e-02,4.364266619086265564e-02,4.923691600561141968e-02,-1.716203391551971436e-01,1.101052016019821167e-01,-9.244711697101593018e-02,-1.216548904776573181e-01,-3.453833758831024170e-01,1.199927926063537598e-01,3.299365192651748657e-02,-9.435856342315673828e-02,-1.034710630774497986e-01,8.354693651199340820e-02,-2.048283815383911133e-02,1.758224144577980042e-02,-4.752738028764724731e-02,-1.017317399382591248e-01,-1.011784281581640244e-02,1.059754043817520142e-01,3.402119278907775879e-01,-2.574237883090972900e-01,6.899610161781311035e-02,-2.253114134073257446e-01,-2.275042235851287842e-01,-5.496425088495016098e-03,2.789950966835021973e-01,-3.816629573702812195e-02,-2.325275391340255737e-01,-1.128903869539499283e-02,2.944507002830505371e-01,-1.557783335447311401e-01,-2.540799379348754883e-01,2.411475330591201782e-01,6.145457271486520767e-03,-3.352939188480377197e-01,9.906677529215812683e-03,-2.487184554338455200e-01,-2.813488841056823730e-01,2.270886003971099854e-01,1.929474249482154846e-02,6.285642832517623901e-02,3.337873518466949463e-02,-7.522717863321304321e-02,-5.132338777184486389e-02,-1.009233072400093079e-01,-3.721423074603080750e-02,-1.550693511962890625e-01,-1.045604869723320007e-01,3.656221628189086914e-01,-8.202677126973867416e-04,-2.416749447584152222e-01,1.173341199755668640e-01,-5.769179016351699829e-02,5.837445333600044250e-02,-2.359969466924667358e-01,-3.933368995785713196e-02,1.828917115926742554e-01,1.362313926219940186e-01,-1.713597960770130157e-02,-2.499433010816574097e-01,-9.773492813110351562e-02,-1.112835481762886047e-02,2.305988073348999023e-01,6.719285156577825546e-03,-2.208885848522186279e-01,-2.181203365325927734e-01,4.051862061023712158e-01,-2.707503437995910645e-01,3.532628118991851807e-01,-2.703412994742393494e-02,-3.998007476329803467e-01,3.966702148318290710e-02,9.024788625538349152e-03,2.417155206203460693e-01,2.606156468391418457e-01,-1.423263270407915115e-02,-2.276776134967803955e-01,-1.150816380977630615e-01,-2.394912391901016235e-02,1.451627910137176514e-01
7.792361080646514893e-02,2.030676603317260742e-02,-9.664048999547958374e-02,3.597786650061607361e-02,7.238686084747314453e-02,-1.166832670569419861e-01,2.107667736709117889e-02,5.436167586594820023e-03,8.826814591884613037e-02,3.936384245753288269e-02,-1.422521565109491348e-02,-3.949305042624473572e-02,1.241915822029113770e-01,9.089124947786331177e-02,1.254629045724868774e-01,1.087671816349029541e-01,5.283273290842771530e-03,8.129582554101943970e-02,-1.613025926053524017e-02,-3.492858260869979858e-02,-1.564231514930725098e-01,1.063132733106613159e-01,4.816671833395957947e-02,-1.831130124628543854e-02,1.788641698658466339e-02,1.654127240180969238e-01,-1.071333661675453186e-01,-8.801444619894027710e-02,1.645192131400108337e-02,-6.783728487789630890e-03,-4.165681079030036926e-02,-1.543758362531661987e-01,1.246684491634368896e-01,2.125409804284572601e-02,5.991362500935792923e-03,-1.233826205134391785e-01,8.482790552079677582e-03,2.927224896848201752e-02,-7.523500919342041016e-02,-1.009617373347282410e-01,1.562703698873519897e-01,1.968675665557384491e-02,6.299632042646408081e-02,9.517476893961429596e-03,-6.763240694999694824e-02,-1.029216349124908447e-01,-1.205303370952606201e-01,-3.114210814237594604e-02,1.300127990543842316e-02,4.535102099180221558e-02,-6.604643166065216064e-02,3.183653578162193298e-02,5.270751938223838806e-02,2.620064467191696167e-02,1.163242571055889130e-02,-9.753210097551345825e-02,2.193021960556507111e-02,7.620228920131921768e-03,-6.502800434827804565e-02,-4.975527524948120117e-02,-1.681477390229701996e-02,2.929104305803775787e-02,7.598995231091976166e-03,1.186734586954116821e-01,-2.316786721348762512e-02,-2.939962595701217651e-02,3.777570277452468872e-02,1.289021968841552734e-01,-1.220107600092887878e-01,9.218688122928142548e-03,-7.366622984409332275e-02,8.818878978490829468e-02,-4.004580527544021606e-02,1.285382807254791260e-01,-4.920760914683341980e-02,-9.289585053920745850e-02,-6.513891275972127914e-03,1.289368867874145508e-01,-7.210571318864822388e-02,-1.054684966802597046e-01,1.285244822502136230e-01,2.343360567465424538e-03,-5.742553249001502991e-02,8.633374236524105072e-03,-1.150625646114349365e-01,-1.278467923402786255e-01,3.453585505485534668e-02,6.595832295715808868e-03,1.089881658554077148e-01,1.497185882180929184e-02,-2.400468476116657257e-02,-4.655213281512260437e-02,-9.962202608585357666e-02,3.551698848605155945e-02,-1.112678572535514832e-01,-1.094881328754127026e-03,6.868565082550048828e-02,-3.781270352192223072e-04,-7.103273272514343262e-02,8.008830994367599487e-02,8.711321279406547546e-03,6.308330595493316650e-02,-1.396900713443756104e-01,-1.643744111061096191e-02,1.318477690219879150e-01,-2.163188718259334564e-02,-1.070177853107452393e-01,-9.141267091035842896e-02,-9.812647104263305664e-02,-1.890640333294868469e-02,1.518220603466033936e-01,-1.103962026536464691e-02,-9.035497903823852539e-02,-5.472502484917640686e-02,9.365599602460861206e-02,-1.363406628370285034e-01,7.624275237321853638e-02,-6.342833861708641052e-03,-1.471556276082992554e-01,3.818402439355850220e-02,7.015817798674106598e-03,1.191958934068679810e-01,1.316089481115341187e-01,-7.304489612579345703e-02,-6.983009725809097290e-02,-9.667608886957168579e-02,9.016843978315591812e-04,1.960728317499160767e-02
4.997877776622772217e-02,2.698700129985809326e-02,-1.775015145540237427e-01,8.705829828977584839e-02,9.271967411041259766e-02,-4.750947281718254089e-02,4.885525628924369812e-02,4.316045343875885010e-02,3.936384245753288269e-02,4.489024728536605835e-02,2.734682289883494377e-03,-5.906548723578453064e-02,1.504760533571243286e-01,9.065085649490356445e-02,1.610547453165054321e-01,1.442098915576934814e-01,2.539199311286211014e-03,9.778232872486114502e-02,-4.834208264946937561e-02,-8.528409898281097412e-02,-9.582683444023132324e-02,1.763601154088973999e-01,1.148638203740119934e-01,-2.291390858590602875e-02,1.997983641922473907e-02,2.009769976139068604e-01,-1.702187955379486084e-01,-1.055233627557754517e-01,1.246455237269401550e-01,-6.486353278160095215e-02,-1.279701199382543564e-02,-1.864083707332611084e-01,1.385411620140075684e-01,7.300642132759094238e-02,1.642540446482598782e-03,-1.727611273527145386e-01,1.371544972062110901e-02,4.349807649850845337e-02,-1.222112253308296204e-01,-1.409993767738342285e-01,1.785076707601547241e-01,1.055814512073993683e-02,1.422048360109329224e-01,1.920485869050025940e-02,-3.799188509583473206e-02,-1.416169106960296631e-01,-1.818000823259353638e-01,-3.858327865600585938e-02,-4.389083012938499451e-03,2.458897046744823456e-02,-1.542912330478429794e-02,-6.461532320827245712e-03,5.722405016422271729e-02,3.270949237048625946e-03,-1.940843462944030762e-02,-1.644985079765319824e-01,4.095884785056114197e-02,1.390176266431808472e-02,-8.089914172887802124e-02,-6.502225995063781738e-02,-9.631130844354629517e-03,2.774223312735557556e-02,9.096672758460044861e-03,9.824077039957046509e-02,-2.691562660038471222e-02,-3.350563719868659973e-02,6.177515536546707153e-02,1.724706590175628662e-01,-1.589559465646743774e-01,1.765309832990169525e-02,-1.167817786335945129e-01,2.046990580856800079e-02,-2.871638722717761993e-02,1.716848164796829224e-01,-4.062440618872642517e-02,-1.325860321521759033e-01,-7.138176355510950089e-03,1.966749131679534912e-01,-6.827235966920852661e-02,-1.619527786970138550e-01,1.900321990251541138e-01,3.484837478026747704e-03,-1.077138558030128479e-01,8.346317335963249207e-03,-1.435560733079910278e-01,-1.530963033437728882e-01,8.050020784139633179e-02,1.058560889214277267e-02,1.047189384698867798e-01,2.643487416207790375e-02,-3.961637616157531738e-02,-4.909017309546470642e-02,-1.371411532163619995e-01,3.856546804308891296e-02,-1.475150138139724731e-01,-2.522199228405952454e-02,1.117931082844734192e-01,-5.265597719699144363e-04,-1.138020902872085571e-01,8.620680123567581177e-02,-1.596395112574100494e-02,6.598163396120071411e-02,-1.800307780504226685e-01,-2.389521896839141846e-02,2.069157660007476807e-01,2.564807981252670288e-02,-1.435889750719070435e-01,-1.473409384489059448e-01,-7.516668736934661865e-02,-2.409833297133445740e-02,1.513620167970657349e-01,-5.565444007515907288e-02,-1.282530874013900757e-01,-5.717306397855281830e-03,1.765910983085632324e-01,-1.791474521160125732e-01,1.138704121112823486e-01,3.302101045846939087e-02,-1.915233880281448364e-01,4.583444818854331970e-02,5.932338163256645203e-02,1.531723886728286743e-01,1.724600493907928467e-01,-7.332978397607803345e-02,-1.425265967845916748e-01,-1.031797602772712708e-01,5.534130614250898361e-03,6.999245285987854004e-02
-3.885459527373313904e-02,1.026410516351461411e-02,-6.557976454496383667e-02,-5.102748423814773560e-02,1.680793985724449158e-02,-5.957032088190317154e-03,1.282067969441413879e-02,1.365883182734251022e-02,-1.422521565109491348e-02,2.734682289883494377e-03,7.411760091781616211e-02,-1.506765373051166534e-02,8.303806185722351074e-02,-2.263281308114528656e-02,3.751213103532791138e-02,6.348767876625061035e-02,-3.770387498661875725e-03,-6.462684366852045059e-03,-9.185126051306724548e-03,-5.712915584444999695e-02,1.370324492454528809e-01,5.067801848053932190e-02,6.881528347730636597e-02,1.865741424262523651e-02,-4.444923717528581619e-03,8.017604798078536987e-02,-8.267586678266525269e-02,-5.150559172034263611e-02,1.286320388317108154e-01,-3.815897926688194275e-02,2.850847318768501282e-02,-1.484899688512086868e-02,-4.360496252775192261e-02,8.997900784015655518e-02,-9.586863219738006592e-03,-7.019559293985366821e-02,-6.034339312463998795e-03,1.953341998159885406e-02,-7.769986987113952637e-02,5.149753764271736145e-02,-3.958698362112045288e-03,-3.175032883882522583e-02,8.796471357345581055e-02,8.328371681272983551e-03,4.465404525399208069e-02,-1.000138148665428162e-01,-7.514146715402603149e-02,3.881310671567916870e-02,-1.622367836534976959e-02,-7.708379626274108887e-02,3.276093676686286926e-02,-3.522926568984985352e-02,-3.931192308664321899e-02,3.968127444386482239e-02,-8.565492182970046997e-02,-6.702317297458648682e-02,2.321592904627323151e-02,1.091511081904172897e-02,-2.162192389369010925e-02,2.952549373731017113e-03,4.635087773203849792e-02,-2.271180972456932068e-02,-3.459351835772395134e-03,-7.139819860458374023e-02,-8.753328584134578705e-03,-8.155841380357742310e-03,2.308936417102813721e-02,1.661931723356246948e-02,-7.389819622039794922e-02,1.792095834389328957e-03,-1.804740913212299347e-02,-1.271335035562515259e-01,5.519800353795289993e-03,5.679602921009063721e-02,2.071462571620941162e-02,4.217024147510528564e-02,-4.992316942662000656e-03,7.772656530141830444e-02,1.158822402358055115e-01,-4.367998987436294556e-02,-9.321630001068115234e-03,1.142198685556650162e-03,-6.054249033331871033e-02,-3.191010910086333752e-04,4.661510512232780457e-02,-9.560936689376831055e-02,5.939983576536178589e-02,6.674517877399921417e-03,4.829227179288864136e-02,1.207694225013256073e-02,-1.163272466510534286e-02,4.311108961701393127e-02,1.986802555620670319e-02,-3.145207092165946960e-02,-1.310536358505487442e-02,5.676352884620428085e-03,1.197037007659673691e-02,-7.935296889627352357e-05,-7.492675632238388062e-02,-3.480867668986320496e-02,-3.018452413380146027e-02,2.418507076799869537e-02,-3.243115544319152832e-02,-9.688171558082103729e-03,5.853343009948730469e-02,-7.828885316848754883e-02,5.671020597219467163e-02,-5.388450250029563904e-02,1.416839472949504852e-02,-6.216431967914104462e-03,-4.278946667909622192e-02,2.250095456838607788e-02,-2.921846881508827209e-02,3.725619986653327942e-02,7.618776708841323853e-02,-5.611341074109077454e-02,4.655987396836280823e-02,4.859064891934394836e-02,-1.017954759299755096e-02,-1.011505816131830215e-02,4.999840632081031799e-02,2.285842597484588623e-02,2.920186519622802734e-02,2.533852588385343552e-03,-8.929502964019775391e-02,2.396158641204237938e-03,7.325669750571250916e-03,-5.055140703916549683e-03
-8.360776305198669434e-02,-4.091766104102134705e-02,2.701852619647979736e-01,-1.463851332664489746e-01,-1.389225721359252930e-01,4.133646935224533081e-02,-5.391497164964675903e-02,-1.083025932312011719e-01,-3.949305042624473572e-02,-5.906548723578453064e-02,-1.506765373051166534e-02,9.378767758607864380e-02,-2.295653223991394043e-01,-1.595233976840972900e-01,-2.498961985111236572e-01,-2.209044843912124634e-01,-1.354420790448784828e-03,-1.497137546539306641e-01,6.533174216747283936e-02,1.259240955114364624e-01,1.084214150905609131e-01,-2.756436467170715332e-01,-1.934024989604949951e-01,4.123663529753684998e-02,-2.890426106750965118e-02,-2.835901379585266113e-01,2.595303952693939209e-01,1.638634651899337769e-01,-2.134934961795806885e-01,9.623881429433822632e-02,1.619684509932994843e-02,2.691051959991455078e-01,-1.832919269800186157e-01,-1.339082121849060059e-01,2.577470848336815834e-03,2.714925408363342285e-01,-2.090111002326011658e-02,-6.544759124517440796e-02,1.856129020452499390e-01,2.279047816991806030e-01,-2.449004203081130981e-01,-9.468358941376209259e-03,-2.340779304504394531e-01,-3.056187555193901062e-02,1.243608072400093079e-02,2.101427316665649414e-01,2.754592597484588623e-01,5.758947506546974182e-02,2.543845400214195251e-02,-1.604857668280601501e-02,1.235486473888158798e-03,3.840487450361251831e-02,-8.787912130355834961e-02,2.129365503787994385e-02,4.485442489385604858e-02,2.626134157180786133e-01,-7.488652318716049194e-02,-2.367199771106243134e-02,9.753085672855377197e-02,9.809415787458419800e-02,-3.016728151123970747e-04,-3.170310333371162415e-02,-1.322991494089365005e-02,-8.640053868293762207e-02,5.241179838776588440e-02,4.601199179887771606e-02,-9.166534245014190674e-02,-2.583015561103820801e-01,2.445174753665924072e-01,-1.414996851235628128e-02,1.767250150442123413e-01,1.260179933160543442e-02,4.589967802166938782e-02,-2.594828009605407715e-01,4.793355613946914673e-02,1.732313930988311768e-01,9.527045302093029022e-03,-2.912897169589996338e-01,9.550120681524276733e-02,2.529960274696350098e-01,-2.792798280715942383e-01,-5.516154691576957703e-03,1.711993664503097534e-01,-1.230883039534091949e-02,2.012145519256591797e-01,2.255810499191284180e-01,-1.071496680378913879e-01,-1.716446503996849060e-02,-1.310756653547286987e-01,-4.027005285024642944e-02,5.120204016566276550e-02,6.760969758033752441e-02,1.964219808578491211e-01,-5.165299028158187866e-02,2.102364748716354370e-01,4.897784069180488586e-02,-1.702029854059219360e-01,7.706100586801767349e-04,1.826460808515548706e-01,-1.152125522494316101e-01,3.125882521271705627e-02,-7.542117685079574585e-02,2.676740586757659912e-01,3.586675971746444702e-02,-2.946044802665710449e-01,-4.543967172503471375e-02,1.848764270544052124e-01,2.323814779520034790e-01,6.964401155710220337e-02,3.283540159463882446e-02,-2.343041300773620605e-01,7.349382340908050537e-02,2.098347842693328857e-01,1.354982797056436539e-02,-2.830203771591186523e-01,2.590436935424804688e-01,-1.842862069606781006e-01,-5.537711083889007568e-02,2.851583957672119141e-01,-6.547586619853973389e-02,-7.645354419946670532e-02,-2.180095613002777100e-01,-2.522389590740203857e-01,8.567566424608230591e-02,2.348051518201828003e-01,1.392844617366790771e-01,-6.203672382980585098e-03,-1.090794950723648071e-01
