4.850202798843383789e-01,-1.402594149112701416e-03,-7.820896804332733154e-02,-2.369429543614387512e-02,1.937974095344543457e-01,-1.807905882596969604e-01,1.438837051391601562e-01,3.821327388286590576e-01,1.051863804459571838e-01,1.075189784169197083e-01,-1.575776785612106323e-01,-6.731820851564407349e-02,-4.799004271626472473e-02,1.097237840294837952e-01,1.354842334985733032e-01,1.242474764585494995e-01,-2.936535282060503960e-03,-2.475937083363533020e-02,2.377681620419025421e-02,-3.557210788130760193e-02,-1.196496561169624329e-01,-1.017459668219089508e-02,-1.773944310843944550e-02,6.545009464025497437e-02,1.390136592090129852e-02,6.062826886773109436e-02,5.427086353302001953e-02,-1.890131533145904541e-01,7.484051585197448730e-02,-1.503529846668243408e-01,-1.273611336946487427e-01,-1.669878326356410980e-02,1.557178609073162079e-02,7.948870211839675903e-02,-2.119123935699462891e-02,-4.695123806595802307e-02,4.615706857293844223e-03,8.689213544130325317e-02,-2.519714534282684326e-01,-3.647970855236053467e-01,2.007000595331192017e-01,8.419093489646911621e-02,-1.073099970817565918e-01,2.910916320979595184e-02,-8.746059983968734741e-02,9.564542025327682495e-02,-1.554398834705352783e-01,-1.146061643958091736e-01,8.427971601486206055e-02,-5.243101343512535095e-02,-1.538808196783065796e-01,-8.854450285434722900e-02,2.755343019962310791e-01,-7.778941839933395386e-02,-1.085264310240745544e-01,-1.591029763221740723e-01,8.661282062530517578e-02,8.497858420014381409e-03,2.071624808013439178e-02,-4.170573875308036804e-02,-6.737747788429260254e-02,-4.915448650717735291e-02,2.911173738539218903e-03,2.434689253568649292e-01,-1.051407423801720142e-03,3.850143111776560545e-04,-2.564211785793304443e-01,1.498187333345413208e-01,-1.511048376560211182e-01,1.483201831579208374e-01,-2.238016575574874878e-01,8.947139233350753784e-02,3.049628436565399170e-02,1.392628103494644165e-01,-1.522759497165679932e-01,-1.652023941278457642e-01,-4.935815813951194286e-04,1.303230971097946167e-01,-1.466984003782272339e-01,-6.201305612921714783e-02,1.374749988317489624e-01,4.366728826425969601e-04,-2.430134117603302002e-01,-3.525680862367153168e-03,-2.631783187389373779e-01,4.015956446528434753e-02,3.218666315078735352e-01,1.419679960235953331e-03,-8.371859043836593628e-02,1.074565649032592773e-01,-1.749947965145111084e-01,1.007075607776641846e-01,1.198221147060394287e-01,-1.830234527587890625e-01,-1.229131966829299927e-01,-2.929568886756896973e-01,1.752462536096572876e-01,-9.261435479857027531e-05,-9.486276656389236450e-02,2.648946642875671387e-01,-2.129492908716201782e-01,3.064639568328857422e-01,-4.029370844364166260e-02,-7.923965901136398315e-02,5.373570695519447327e-02,2.729348540306091309e-01,6.090817600488662720e-02,9.166648983955383301e-02,-3.053570985794067383e-01,8.195313625037670135e-03,-4.412277042865753174e-02,2.911877259612083435e-02,9.867813438177108765e-03,-3.215546533465385437e-02,1.580875068902969360e-01,-1.439226120710372925e-01,2.646373212337493896e-01,-2.725569717586040497e-02,-3.028602302074432373e-01,-1.095513696782290936e-03,-8.380448073148727417e-02,1.577989310026168823e-01,1.564573347568511963e-01,1.746477037668228149e-01,-1.055499725043773651e-02,-3.973043709993362427e-02,-1.124955434352159500e-02,7.415027916431427002e-02
-1.402594149112701416e-03,1.229387521743774414e-02,-8.789710700511932373e-02,6.702604889869689941e-02,5.938506871461868286e-02,-2.000766061246395111e-02,-2.182412892580032349e-02,4.780744016170501709e-02,3.792344406247138977e-02,4.319860413670539856e-02,2.782504074275493622e-03,-4.647257924079895020e-02,8.746429532766342163e-02,4.067931324243545532e-02,9.194102138280868530e-02,1.024741753935813904e-01,5.854452028870582581e-04,4.631829261779785156e-02,-6.379073858261108398e-02,-4.742310568690299988e-02,-2.530497312545776367e-02,8.129602670669555664e-02,4.874017462134361267e-02,-3.117412142455577850e-02,1.174147240817546844e-02,1.011164411902427673e-01,-1.054410934448242188e-01,-5.816078558564186096e-02,7.632862776517868042e-02,-1.924620009958744049e-03,-1.407339330762624741e-02,-1.045455709099769592e-01,5.694878846406936646e-02,3.703764081001281738e-02,-5.559496115893125534e-03,-1.044139266014099121e-01,3.776390105485916138e-02,7.627371698617935181e-02,-8.110505342483520508e-02,-4.311662167310714722e-02,9.134540706872940063e-02,1.050745137035846710e-02,8.435049653053283691e-02,1.507411058992147446e-02,1.204838044941425323e-02,-6.261931359767913818e-02,-9.240261465311050415e-02,-2.662311866879463196e-02,2.560534048825502396e-03,2.168543636798858643e-02,-1.132093183696269989e-02,8.318029344081878662e-03,4.640821367502212524e-02,-1.660872995853424072e-02,-2.301293425261974335e-02,-1.115076765418052673e-01,3.345080092549324036e-02,7.292856462299823761e-03,-5.851081386208534241e-02,-4.931162670254707336e-02,-3.799254307523369789e-03,1.269935350865125656e-02,2.669858746230602264e-03,5.601291079074144363e-03,1.449851505458354950e-02,-2.650227211415767670e-02,3.833953291177749634e-02,9.491404145956039429e-02,-8.824457228183746338e-02,2.709629945456981659e-02,-7.547752559185028076e-02,1.099606137722730637e-02,-2.327341213822364807e-02,9.060379117727279663e-02,-3.062055818736553192e-02,-8.278585970401763916e-02,-1.471502939239144325e-03,1.063897907733917236e-01,-2.973397634923458099e-02,-9.468267858028411865e-02,9.219598770141601562e-02,4.850226978305727243e-04,-7.015474140644073486e-02,1.475842902436852455e-03,-8.732538670301437378e-02,-7.987435907125473022e-02,2.155080996453762054e-02,3.285818966105580330e-03,7.242023944854736328e-02,7.180727273225784302e-02,-2.341229654848575592e-02,-1.324409805238246918e-02,-7.867251336574554443e-02,5.032024905085563660e-02,-8.093699812889099121e-02,-1.135114766657352448e-02,4.167404770851135254e-02,-3.337080488563515246e-05,-7.984075695276260376e-02,7.401515543460845947e-02,-2.825491316616535187e-02,5.799504369497299194e-02,-1.087014973163604736e-01,-7.315042614936828613e-02,1.077802106738090515e-01,-2.191239595413208008e-02,-6.922425329685211182e-02,-9.633246064186096191e-02,-1.760319806635379791e-02,-5.647564306855201721e-03,7.169020920991897583e-02,-4.047915339469909668e-02,-9.501747041940689087e-02,-1.292220409959554672e-02,1.044225841760635376e-01,-8.785688877105712891e-02,5.907898768782615662e-02,2.955252490937709808e-02,-9.041493386030197144e-02,3.806112334132194519e-02,5.220327153801918030e-02,7.679909467697143555e-02,9.144397825002670288e-02,-6.114832684397697449e-02,-6.486508250236511230e-02,-2.892164140939712524e-02,8.249755017459392548e-03,4.839917644858360291e-02
-7.820896804332733154e-02,-8.789710700511932373e-02,7.251057028770446777e-01,-5.974974632263183594e-01,-4.298770427703857422e-01,1.169047206640243530e-01,8.138457685708999634e-02,-4.207843542098999023e-01,-2.923789024353027344e-01,-3.880762755870819092e-01,6.489674001932144165e-02,3.833739757537841797e-01,-6.043770909309387207e-01,-4.089494049549102783e-01,-6.958910822868347168e-01,-7.093831300735473633e-01,-4.406278021633625031e-03,-3.376809358596801758e-01,5.746747255325317383e-01,4.063979387283325195e-01,2.951673269271850586e-01,-6.232190132141113281e-01,-4.666220843791961670e-01,2.489864379167556763e-01,-1.000455468893051147e-01,-6.731742024421691895e-01,7.039766311645507812e-01,3.652234673500061035e-01,-6.237410902976989746e-01,3.305475786328315735e-02,1.430841684341430664e-01,7.657718062400817871e-01,-5.148258209228515625e-01,-3.863940536975860596e-01,4.601008445024490356e-02,7.262636423110961914e-01,-2.981456518173217773e-01,-6.244271397590637207e-01,5.815495252609252930e-01,4.538469612598419189e-01,-6.883212327957153320e-01,-1.076443046331405640e-01,-5.778498649597167969e-01,-1.309429407119750977e-01,-3.298214823007583618e-02,4.613322615623474121e-01,7.491559386253356934e-01,2.320971935987472534e-01,-5.084253102540969849e-02,-4.671816527843475342e-02,1.119396016001701355e-01,-4.718076065182685852e-02,-4.447039961814880371e-01,1.650599092245101929e-01,1.556043028831481934e-01,7.976725697517395020e-01,-3.045490682125091553e-01,-6.156362593173980713e-02,4.452861845493316650e-01,4.209212958812713623e-01,7.825545221567153931e-02,-1.418865472078323364e-01,-2.267284691333770752e-02,-1.259677708148956299e-01,-9.845245629549026489e-02,2.075459957122802734e-01,-1.836801022291183472e-01,-6.731022596359252930e-01,6.912017464637756348e-01,-1.438959687948226929e-01,6.393487453460693359e-01,-8.596965670585632324e-02,2.108500450849533081e-01,-7.280356287956237793e-01,2.523364722728729248e-01,6.457148790359497070e-01,9.803115390241146088e-03,-8.039439916610717773e-01,3.524820506572723389e-01,7.246803045272827148e-01,-7.659090757369995117e-01,-4.073617514222860336e-03,5.818087458610534668e-01,-1.042411662638187408e-02,6.518390178680419922e-01,5.664768218994140625e-01,-2.587843239307403564e-01,-2.432958409190177917e-02,-4.953470528125762939e-01,-6.022015213966369629e-01,2.133204787969589233e-01,1.155802682042121887e-01,6.022239923477172852e-01,-3.408848345279693604e-01,6.764630079269409180e-01,1.412067711353302002e-01,-3.387447893619537354e-01,2.883231500163674355e-04,5.688288211822509766e-01,-6.165030002593994141e-01,3.065507113933563232e-01,-4.726378619670867920e-01,7.936826348304748535e-01,5.956778526306152344e-01,-8.123430013656616211e-01,-3.060170449316501617e-02,5.861678123474121094e-01,6.524326801300048828e-01,1.519651561975479126e-01,4.401867464184761047e-02,-5.554152131080627441e-01,4.584788382053375244e-01,7.104607820510864258e-01,-2.292988449335098267e-02,-7.593033313751220703e-01,7.092742323875427246e-01,-4.247924983501434326e-01,-2.740096151828765869e-01,7.386357784271240234e-01,-3.212811350822448730e-01,-3.753731548786163330e-01,-6.560431122779846191e-01,-7.129467129707336426e-01,4.013346135616302490e-01,5.416777729988098145e-01,2.903190553188323975e-01,-7.744307816028594971e-02,-4.494383335113525391e-01
-2.369429543614387512e-02,6.702604889869689941e-02,-5.974974632263183594e-01,6.405258178710937500e-01,2.508435845375061035e-01,-1.476994715631008148e-03,-8.661399781703948975e-02,2.336863875389099121e-01,2.209133952856063843e-01,2.980874478816986084e-01,-9.186297655105590820e-02,-3.079113364219665527e-01,4.216870069503784180e-01,4.121260046958923340e-01,5.770119428634643555e-01,5.094598531723022461e-01,9.149990975856781006e-03,3.184660077095031738e-01,-5.299367308616638184e-01,-3.171002566814422607e-01,-3.595775365829467773e-01,5.415108799934387207e-01,4.111908972263336182e-01,-1.963148862123489380e-01,8.227802067995071411e-02,4.563047289848327637e-01,-5.415359735488891602e-01,-1.284844726324081421e-01,4.080382287502288818e-01,1.184399500489234924e-01,-1.219561696052551270e-01,-6.722746491432189941e-01,5.259853005409240723e-01,2.700742781162261963e-01,-2.412971854209899902e-02,-5.633695125579833984e-01,2.310680747032165527e-01,4.784854948520660400e-01,-3.193261921405792236e-01,-4.400212168693542480e-01,5.379316210746765137e-01,1.071078777313232422e-01,4.492773711681365967e-01,9.749390929937362671e-02,-1.056839060038328171e-02,-2.556350231170654297e-01,-6.259579658508300781e-01,-2.099616229534149170e-01,1.649439148604869843e-02,1.044126376509666443e-01,-7.779531180858612061e-02,7.347000390291213989e-02,3.920492827892303467e-01,-1.452643871307373047e-01,8.997705765068531036e-03,-6.188482642173767090e-01,2.559047937393188477e-01,4.586454853415489197e-02,-3.751099109649658203e-01,-3.826738595962524414e-01,-1.184354797005653381e-01,1.913895308971405029e-01,2.303601801395416260e-02,4.588405787944793701e-02,9.834664314985275269e-02,-1.679991036653518677e-01,1.782750040292739868e-01,4.807317256927490234e-01,-5.088791847229003906e-01,-1.007409952580928802e-02,-4.625113010406494141e-01,2.173548638820648193e-01,-2.394321709871292114e-01,6.150279641151428223e-01,-1.952567100524902344e-01,-5.163497328758239746e-01,-4.248066339641809464e-03,6.134604811668395996e-01,-4.491235315799713135e-01,-5.932954549789428711e-01,6.937201619148254395e-01,3.265788313001394272e-03,-3.720242977142333984e-01,1.008256617933511734e-02,-4.949740171432495117e-01,-4.182074069976806641e-01,1.205378863960504532e-02,1.603658869862556458e-02,3.564540147781372070e-01,4.569166600704193115e-01,-1.455536186695098877e-01,-2.090438306331634521e-01,-5.796729326248168945e-01,3.840991854667663574e-01,-5.780083537101745605e-01,-3.805968165397644043e-02,2.134884297847747803e-01,-2.111399080604314804e-04,-3.761191964149475098e-01,4.386848211288452148e-01,-1.557914763689041138e-01,2.080530077219009399e-01,-7.107364535331726074e-01,-4.490495324134826660e-01,6.727830171585083008e-01,1.416465938091278076e-01,-6.477817296981811523e-01,-5.211670994758605957e-01,-3.398899920284748077e-03,-3.772282227873802185e-02,5.838078260421752930e-01,-4.742584824562072754e-01,-6.256781816482543945e-01,9.824206680059432983e-02,5.748755335807800293e-01,-5.512805581092834473e-01,2.033526599407196045e-01,2.190854102373123169e-01,-5.745620131492614746e-01,3.152167499065399170e-01,3.119411170482635498e-01,5.491652488708496094e-01,5.888822078704833984e-01,-3.629957437515258789e-01,-4.247578680515289307e-01,-2.687336802482604980e-01,5.663622170686721802e-02,3.638381063938140869e-01
1.937974095344543457e-01,5.938506871461868286e-02,-4.298770427703857422e-01,2.508435845375061035e-01,4.435632824897766113e-01,-1.741092056035995483e-01,-6.257965415716171265e-02,4.623404741287231445e-01,1.643487960100173950e-01,2.253987789154052734e-01,-4.446641542017459869e-03,-2.500635385513305664e-01,4.231413006782531738e-01,1.821261942386627197e-01,5.098974704742431641e-01,5.871065258979797363e-01,-6.076331483200192451e-04,2.147784233093261719e-01,-2.239423096179962158e-01,-2.315155565738677979e-01,-8.327247574925422668e-03,3.785178661346435547e-01,1.910131573677062988e-01,-1.077585667371749878e-01,5.409396439790725708e-02,5.365425348281860352e-01,-5.186781287193298340e-01,-4.549035131931304932e-01,4.565944671630859375e-01,-1.401195377111434937e-01,-1.004038304090499878e-01,-4.501650631427764893e-01,1.708157062530517578e-01,2.219762653112411499e-01,-4.429836198687553406e-02,-5.391312241554260254e-01,1.793804466724395752e-01,3.955152332782745361e-01,-5.965170264244079590e-01,-3.196097612380981445e-01,5.009936094284057617e-01,7.082812488079071045e-02,4.016310572624206543e-01,8.843254297971725464e-02,1.247317716479301453e-01,-3.210754394531250000e-01,-4.960351586341857910e-01,-1.729114502668380737e-01,1.988688111305236816e-02,9.908179193735122681e-02,-1.065614148974418640e-01,-7.880159467458724976e-02,2.823753356933593750e-01,-1.000972241163253784e-01,-2.357188761234283447e-01,-6.350712776184082031e-01,1.938215047121047974e-01,3.977867960929870605e-02,-2.582784593105316162e-01,-2.344895750284194946e-01,7.999626919627189636e-03,-2.881894260644912720e-02,1.131312642246484756e-02,7.523778825998306274e-02,5.743696540594100952e-02,-1.202983260154724121e-01,1.160387322306632996e-01,5.626608133316040039e-01,-4.680248796939849854e-01,2.863764464855194092e-01,-4.677397906780242920e-01,-2.210306189954280853e-02,-3.292693570256233215e-02,4.666852653026580811e-01,-1.839952319860458374e-01,-4.660345613956451416e-01,-8.758387528359889984e-03,5.726029872894287109e-01,-1.003288179636001587e-01,-4.565681815147399902e-01,4.331003129482269287e-01,2.452522516250610352e-03,-4.823558926582336426e-01,3.893109736964106560e-03,-5.446262955665588379e-01,-4.198191761970520020e-01,2.808089554309844971e-01,1.833602041006088257e-02,3.086692690849304199e-01,3.866373002529144287e-01,-2.072225809097290039e-01,5.056625977158546448e-02,-2.583370506763458252e-01,1.233813390135765076e-01,-3.861115276813507080e-01,-1.944410949945449829e-01,3.416582047939300537e-01,-1.957201893674209714e-04,-4.769961535930633545e-01,4.521764218807220459e-01,-2.464084625244140625e-01,4.399376809597015381e-01,-4.955646693706512451e-01,-3.866816461086273193e-01,4.928467869758605957e-01,-5.069014802575111389e-02,-1.869854480028152466e-01,-4.525094330310821533e-01,-2.442429512739181519e-01,-1.765022054314613342e-02,2.373951375484466553e-01,-8.190888166427612305e-02,-4.360086321830749512e-01,-1.525391489267349243e-01,6.231063008308410645e-01,-4.435562789440155029e-01,4.754018187522888184e-01,1.279297322034835815e-01,-5.584440827369689941e-01,1.454537808895111084e-01,2.418485432863235474e-01,3.801262080669403076e-01,4.834210276603698730e-01,-2.179166227579116821e-01,-3.244596421718597412e-01,-9.327817708253860474e-02,2.264710329473018646e-02,2.337020486593246460e-01
-1.807905882596969604e-01,-2.000766061246395111e-02,1.169047206640243530e-01,-1.476994715631008148e-03,-1.741092056035995483e-01,2.354562878608703613e-01,-6.953689269721508026e-03,-1.698036938905715942e-01,-1.837645024061203003e-01,-1.166915670037269592e-01,6.234486773610115051e-02,7.384730130434036255e-02,-1.598155200481414795e-01,-7.720884168520569801e-04,-1.325275748968124390e-01,-2.137620449066162109e-01,1.384659786708652973e-03,-7.318125665187835693e-02,9.615392982959747314e-02,4.527319222688674927e-02,1.143809631466865540e-01,-6.112041324377059937e-02,-3.087857039645314217e-03,2.114330232143402100e-02,-2.487825043499469757e-02,-2.650548517704010010e-01,1.282490193843841553e-01,1.952724158763885498e-01,-1.006371453404426575e-01,5.384542047977447510e-02,7.411807030439376831e-02,1.595247685909271240e-01,-1.057338565587997437e-01,-3.325939876958727837e-03,9.663680568337440491e-03,1.682312339544296265e-01,-6.595924496650695801e-02,-1.527220308780670166e-01,2.326527982950210571e-01,8.169469237327575684e-02,-2.674773931503295898e-01,-3.581722080707550049e-02,-6.510821729898452759e-02,-2.267450466752052307e-02,1.018795371055603027e-01,6.269354373216629028e-02,1.649321764707565308e-01,5.543035641312599182e-02,-8.574885874986648560e-02,-5.433009192347526550e-02,9.972072392702102661e-02,-8.055736124515533447e-02,-1.552774757146835327e-01,2.052413485944271088e-02,7.488358020782470703e-02,1.895262151956558228e-01,-5.114543437957763672e-02,-1.135557331144809723e-02,1.152164265513420105e-01,6.804950535297393799e-02,2.795101702213287354e-02,4.404776263982057571e-03,-2.385271945968270302e-03,-1.960460841655731201e-01,-4.085201770067214966e-02,4.946757853031158447e-02,3.968253731727600098e-02,-1.968709379434585571e-01,2.076210081577301025e-01,-1.100352928042411804e-01,1.899562627077102661e-01,-1.380337327718734741e-01,2.840820513665676117e-02,-1.648811846971511841e-01,1.526136845350265503e-01,1.700146645307540894e-01,4.245975986123085022e-03,-1.945090293884277344e-01,5.004923790693283081e-02,1.607385873794555664e-01,-1.582144349813461304e-01,-6.041789893060922623e-04,1.854736953973770142e-01,-2.672650385648012161e-03,2.454766035079956055e-01,1.188312396407127380e-01,-1.715925037860870361e-01,-5.995034240186214447e-03,-1.464756727218627930e-01,-1.418211609125137329e-01,9.553191065788269043e-02,-1.815566793084144592e-02,7.581903785467147827e-02,2.649603784084320068e-02,1.879261732101440430e-01,1.088079661130905151e-01,-8.801763504743576050e-02,7.956641638884320855e-05,1.388807743787765503e-01,-2.632030546665191650e-01,8.818329870700836182e-02,-2.683733999729156494e-01,1.652816534042358398e-01,1.433452367782592773e-01,-2.167471349239349365e-01,6.638272851705551147e-02,6.723201274871826172e-02,1.241414323449134827e-01,2.088683992624282837e-01,9.309425950050354004e-03,-4.497625678777694702e-02,-2.446941286325454712e-02,1.135457009077072144e-01,9.814538806676864624e-02,-1.877529770135879517e-01,2.142979949712753296e-01,-1.758418232202529907e-01,-1.549617853015661240e-02,2.201419919729232788e-01,-4.385535418987274170e-02,-4.144293814897537231e-02,-1.680365949869155884e-01,-1.839800775051116943e-01,4.603377729654312134e-02,2.901083230972290039e-02,5.122038349509239197e-02,-8.927345275878906250e-03,-8.222830295562744141e-02
1.438837051391601562e-01,-2.182412892580032349e-02,8.138457685708999634e-02,-8.661399781703948975e-02,-6.257965415716171265e-02,-6.953689269721508026e-03,1.519135981798171997e-01,2.437929622828960419e-02,-5.236180871725082397e-02,-1.532607618719339371e-02,-1.059385016560554504e-01,7.150255143642425537e-02,-1.689457446336746216e-01,-5.809497088193893433e-02,-1.354155391454696655e-01,-1.698974221944808960e-01,-3.127532079815864563e-03,-7.716380059719085693e-02,4.746574908494949341e-02,5.473710969090461731e-02,-3.541071340441703796e-02,-1.703885048627853394e-01,-4.911300539970397949e-02,9.394934028387069702e-02,-1.416916772723197937e-02,-1.749064922332763672e-01,2.188954651355743408e-01,9.123276919126510620e-02,-7.450238615274429321e-02,-7.064221054315567017e-02,6.223763339221477509e-03,1.791174113750457764e-01,-2.637003175914287567e-02,-2.608389221131801605e-02,6.803222931921482086e-03,1.998051404953002930e-01,-6.192078068852424622e-02,-8.896026760339736938e-02,7.285046577453613281e-02,-3.797253221273422241e-02,-8.711806684732437134e-02,1.454183924943208694e-02,-1.851489394903182983e-01,-1.329961419105529785e-02,-1.191077083349227905e-01,1.348052918910980225e-01,7.997159659862518311e-02,1.841652579605579376e-02,4.455557465553283691e-02,-5.434817820787429810e-02,-1.554524339735507965e-02,-3.248821198940277100e-02,4.307106137275695801e-03,3.559658676385879517e-02,1.962599158287048340e-02,1.486265063285827637e-01,-4.218944162130355835e-02,-9.894719347357749939e-03,5.712276324629783630e-02,6.368101388216018677e-02,-2.970283664762973785e-02,-1.674198172986507416e-02,-3.833157010376453400e-03,1.343135833740234375e-01,-4.009834304451942444e-02,4.223705083131790161e-02,-1.653098613023757935e-01,-1.285326331853866577e-01,1.046941056847572327e-01,-2.340158633887767792e-02,3.157409653067588806e-02,1.010260917246341705e-02,5.280994251370429993e-02,-1.077684909105300903e-01,-8.608038537204265594e-03,6.841754913330078125e-02,2.541852649301290512e-03,-1.166953369975090027e-01,-3.033037669956684113e-02,1.506749540567398071e-01,-7.905286550521850586e-02,-7.648731116205453873e-04,1.989430189132690430e-02,-4.449692554771900177e-03,7.764891535043716431e-02,1.516286879777908325e-01,1.349638700485229492e-01,-5.874758586287498474e-03,-1.785320937633514404e-01,-8.545862138271331787e-02,-2.993958257138729095e-02,3.735516220331192017e-02,1.507618576288223267e-01,-1.685244292020797729e-01,6.695822626352310181e-02,-7.229586690664291382e-02,-4.480166826397180557e-04,1.839832657424267381e-05,1.505771130323410034e-01,-2.037311159074306488e-02,-2.325086109340190887e-02,5.609629675745964050e-03,1.747963875532150269e-01,9.565581381320953369e-02,-1.066731587052345276e-01,1.939441859722137451e-01,7.693099975585937500e-02,2.178538888692855835e-01,-9.079657495021820068e-02,1.085740327835083008e-02,-1.844180077314376831e-01,4.190875682979822159e-03,1.794090420007705688e-01,5.506310611963272095e-02,-1.172849759459495544e-01,6.246513873338699341e-02,-6.900949776172637939e-02,-3.129403665661811829e-02,3.449939563870429993e-02,-6.182105466723442078e-02,-1.014916673302650452e-01,-6.157905235886573792e-02,-9.335493296384811401e-02,1.663905382156372070e-01,1.337796598672866821e-01,1.458363980054855347e-02,-1.667267829179763794e-02,-1.094688102602958679e-02
3.821327388286590576e-01,4.780744016170501709e-02,-4.207843542098999023e-01,2.336863875389099121e-01,4.623404741287231445e-01,-1.698036938905715942e-01,2.437929622828960419e-02,6.354209780693054199e-01,1.389085203409194946e-01,2.426835596561431885e-01,-5.344296619296073914e-02,-2.653552293777465820e-01,3.323655128479003906e-01,2.394842952489852905e-01,5.120800137519836426e-01,5.522626638412475586e-01,-2.140961354598402977e-03,1.447059959173202515e-01,-1.791211068630218506e-01,-2.312625944614410400e-01,1.100547146052122116e-02,3.550427854061126709e-01,1.934774518013000488e-01,-1.029608026146888733e-01,5.352662876248359680e-02,4.548526108264923096e-01,-4.152353107929229736e-01,-4.697848558425903320e-01,4.953138828277587891e-01,-2.124159634113311768e-01,-1.436064392328262329e-01,-3.736257851123809814e-01,1.100778728723526001e-01,3.051145970821380615e-01,-5.691841617226600647e-02,-4.885679483413696289e-01,1.603143811225891113e-01,3.957223594188690186e-01,-6.513145565986633301e-01,-4.653252363204956055e-01,4.838337004184722900e-01,9.214726090431213379e-02,2.961668074131011963e-01,9.912844002246856689e-02,1.454622447490692139e-01,-2.860504984855651855e-01,-5.066596269607543945e-01,-2.037872821092605591e-01,4.250506311655044556e-02,-3.355916962027549744e-02,-1.484030187129974365e-01,-1.639540195465087891e-01,3.587508797645568848e-01,-1.579839885234832764e-01,-2.924932539463043213e-01,-6.192433834075927734e-01,2.342761605978012085e-01,4.285579174757003784e-02,-1.663322299718856812e-01,-2.283527404069900513e-01,-1.754250191152095795e-02,-5.796597898006439209e-02,1.066251657903194427e-02,1.168294474482536316e-01,3.608818724751472473e-02,-1.014940217137336731e-01,-4.195203632116317749e-02,5.387868881225585938e-01,-4.823743402957916260e-01,3.064550757408142090e-01,-5.311047434806823730e-01,-8.883693814277648926e-02,-2.027363749220967293e-03,4.820693433284759521e-01,-1.863013654947280884e-01,-4.583374559879302979e-01,-7.746862713247537613e-03,5.630693435668945312e-01,-1.488451212644577026e-01,-4.226590394973754883e-01,4.332958757877349854e-01,2.575581427663564682e-03,-5.477492809295654297e-01,1.051649684086441994e-03,-5.586348772048950195e-01,-3.495363891124725342e-01,4.187056422233581543e-01,1.764567568898200989e-02,2.043654918670654297e-01,4.119206666946411133e-01,-2.583307623863220215e-01,1.330723762512207031e-01,-1.507437527179718018e-01,1.511311624199151993e-03,-3.792779147624969482e-01,-3.215066492557525635e-01,3.890395760536193848e-01,-2.227681980002671480e-04,-4.764186441898345947e-01,4.986765682697296143e-01,-3.680032193660736084e-01,5.355777740478515625e-01,-4.291733205318450928e-01,-3.892319500446319580e-01,4.306785464286804199e-01,1.158330067992210388e-01,-9.245347976684570312e-02,-3.500959873199462891e-01,-3.273654580116271973e-01,-8.331290446221828461e-03,1.730765700340270996e-01,-8.717853575944900513e-02,-3.766363263130187988e-01,-9.335628896951675415e-02,6.108017563819885254e-01,-4.370161592960357666e-01,5.468500256538391113e-01,1.360063850879669189e-01,-6.237666010856628418e-01,1.168254166841506958e-01,1.687982827425003052e-01,3.975413143634796143e-01,4.627071619033813477e-01,-6.623872369527816772e-02,-3.394809067249298096e-01,-9.655851125717163086e-02,2.307506091892719269e-02,2.541261911392211914e-01
1.051863804459571838e-01,3.792344406247138977e-02,-2.923789024353027344e-01,2.209133952856063843e-01,1.643487960100173950e-01,-1.837645024061203003e-01,-5.236180871725082397e-02,1.389085203409194946e-01,2.825679779052734375e-01,1.984661668539047241e-01,-7.271376997232437134e-02,-1.641608923673629761e-01,2.745452225208282471e-01,1.706378310918807983e-01,2.929817438125610352e-01,3.363289237022399902e-01,3.464753972366452217e-03,1.371353864669799805e-01,-2.764896154403686523e-01,-1.460278183221817017e-01,-3.068549633026123047e-01,2.526742815971374512e-01,1.468896865844726562e-01,-1.180987432599067688e-01,5.266555398702621460e-02,3.777873814105987549e-01,-2.936861813068389893e-01,-1.476443260908126831e-01,1.737014502286911011e-01,4.944347962737083435e-02,-1.182803586125373840e-01,-4.192425310611724854e-01,3.019478619098663330e-01,8.603583276271820068e-02,-1.045947521924972534e-02,-3.399621546268463135e-01,1.346605420112609863e-01,2.803892791271209717e-01,-2.230569422245025635e-01,-1.972495019435882568e-01,4.025204181671142578e-01,6.153824552893638611e-02,1.825717538595199585e-01,4.458379000425338745e-02,-1.265531629323959351e-01,-1.271044164896011353e-01,-3.297603130340576172e-01,-1.020512804388999939e-01,8.648566156625747681e-02,3.711358457803726196e-02,-1.129441484808921814e-01,1.594533622264862061e-01,2.712902128696441650e-01,-8.422885090112686157e-02,-8.843955583870410919e-03,-3.464854657649993896e-01,1.223507523536682129e-01,2.350475452840328217e-02,-1.984592229127883911e-01,-1.805878281593322754e-01,-8.395812660455703735e-02,1.056743040680885315e-01,1.067551877349615097e-02,1.760811060667037964e-01,7.700034976005554199e-02,-9.949736297130584717e-02,1.815558038651943207e-02,2.906895875930786133e-01,-3.563286662101745605e-01,1.804892905056476593e-02,-2.764640748500823975e-01,2.305022031068801880e-01,-1.526437401771545410e-01,3.531456887722015381e-01,-1.851296722888946533e-01,-2.837353944778442383e-01,-4.267564974725246429e-03,3.633650541305541992e-01,-2.084021717309951782e-01,-3.627841174602508545e-01,3.916262388229370117e-01,1.638188259676098824e-03,-2.202260792255401611e-01,7.509056478738784790e-03,-3.382568955421447754e-01,-2.025617808103561401e-01,8.361522853374481201e-02,9.276542812585830688e-03,2.769185304641723633e-01,2.659897506237030029e-01,-8.563660830259323120e-02,-9.388504922389984131e-02,-2.985818684101104736e-01,1.493405103683471680e-01,-3.624815344810485840e-01,-6.899131089448928833e-02,6.599265336990356445e-02,-1.271482615265995264e-04,-2.253661006689071655e-01,3.487674891948699951e-01,-1.034674420952796936e-01,2.667979598045349121e-01,-4.139181673526763916e-01,-2.612935304641723633e-01,4.284195005893707275e-01,-3.858836367726325989e-02,-3.269011974334716797e-01,-2.789017260074615479e-01,-1.179594099521636963e-01,-2.561951428651809692e-02,3.213266432285308838e-01,-1.791909784078598022e-01,-3.243876099586486816e-01,-2.893263706937432289e-03,2.948403358459472656e-01,-3.751711547374725342e-01,1.605003178119659424e-01,8.132565021514892578e-02,-3.487981259822845459e-01,1.607181429862976074e-01,1.073856651782989502e-01,3.407184779644012451e-01,3.457269668579101562e-01,-1.684004217386245728e-01,-1.831335276365280151e-01,-1.698996871709823608e-01,4.287635907530784607e-02,1.836297065019607544e-01
1.075189784169197083e-01,4.319860413670539856e-02,-3.880762755870819092e-01,2.980874478816986084e-01,2.253987789154052734e-01,-1.166915670037269592e-01,-1.532607618719339371e-02,2.426835596561431885e-01,1.984661668539047241e-01,2.222502082586288452e-01,-7.276398688554763794e-02,-1.965987831354141235e-01,3.145666420459747314e-01,2.068891823291778564e-01,3.724550902843475342e-01,3.964343070983886719e-01,1.930128084495663643e-03,1.640062779188156128e-01,-3.130161762237548828e-01,-2.014115452766418457e-01,-2.207534611225128174e-01,3.053716123104095459e-01,2.262292951345443726e-01,-1.202284470200538635e-01,5.486837401986122131e-02,3.911122083663940430e-01,-3.658183813095092773e-01,-1.903718411922454834e-01,3.193852007389068604e-01,-2.247809432446956635e-02,-9.662878513336181641e-02,-4.395734071731567383e-01,2.990144789218902588e-01,1.861128062009811401e-01,-2.216544933617115021e-02,-3.968964219093322754e-01,1.527109891176223755e-01,3.331222534179687500e-01,-3.301144540309906006e-01,-2.662188410758972168e-01,4.156441688537597656e-01,6.743834912776947021e-02,2.624315321445465088e-01,6.643724441528320312e-02,-4.634650796651840210e-02,-2.118370383977890015e-01,-4.232272207736968994e-01,-1.243986785411834717e-01,5.983972176909446716e-02,1.273015420883893967e-02,-8.965032547712326050e-02,5.603774636983871460e-02,2.733370363712310791e-01,-8.768457174301147461e-02,-7.392643392086029053e-02,-4.559707045555114746e-01,1.568425595760345459e-01,3.115913271903991699e-02,-2.302300333976745605e-01,-2.154318392276763916e-01,-6.320875883102416992e-02,8.175076544284820557e-02,1.161415316164493561e-02,1.414214968681335449e-01,5.403696000576019287e-02,-1.079798042774200439e-01,4.031825438141822815e-02,3.656268417835235596e-01,-3.966482579708099365e-01,6.796514242887496948e-02,-3.617075383663177490e-01,1.014942750334739685e-01,-1.184912696480751038e-01,4.123968482017517090e-01,-1.658410578966140747e-01,-3.530063033103942871e-01,-5.025833379477262497e-03,4.661914110183715820e-01,-2.111259102821350098e-01,-4.050508141517639160e-01,4.538535773754119873e-01,2.048984868451952934e-03,-3.193395137786865234e-01,5.597965326160192490e-03,-3.825089931488037109e-01,-2.716319561004638672e-01,1.744361668825149536e-01,1.198745984584093094e-02,2.540941834449768066e-01,3.183995187282562256e-01,-1.265664994716644287e-01,-6.048622354865074158e-02,-3.105745315551757812e-01,1.412227749824523926e-01,-3.935435414314270020e-01,-1.026379913091659546e-01,1.662255674600601196e-01,-1.580254465807229280e-04,-2.861690819263458252e-01,3.779034912586212158e-01,-1.735128015279769897e-01,3.002496659755706787e-01,-4.575051963329315186e-01,-3.107116520404815674e-01,4.915356040000915527e-01,4.018728807568550110e-02,-3.351225554943084717e-01,-3.294102251529693604e-01,-1.285341680049896240e-01,-2.346145361661911011e-02,2.945325076580047607e-01,-2.368949353694915771e-01,-3.752476274967193604e-01,1.672822982072830200e-02,4.232192635536193848e-01,-4.205921292304992676e-01,2.261354923248291016e-01,1.329379081726074219e-01,-4.433698356151580811e-01,1.673498898744583130e-01,1.653730720281600952e-01,3.726817071437835693e-01,4.052741527557373047e-01,-1.775513291358947754e-01,-2.561052143573760986e-01,-1.674192249774932861e-01,4.154601320624351501e-02,2.407713830471038818e-01
-1.575776785612106323e-01,2.782504074275493622e-03,6.489674001932144165e-02,-9.186297655105590820e-02,-4.446641542017459869e-03,6.234486773610115051e-02,-1.059385016560554504e-01,-5.344296619296073914e-02,-7.271376997232437134e-02,-7.276398688554763794e-02,1.644677817821502686e-01,9.430115111172199249e-03,6.118898838758468628e-02,-4.709429293870925903e-02,-1.983679644763469696e-02,3.262766823172569275e-02,-8.214138215407729149e-04,-3.039866313338279724e-02,1.138982176780700684e-01,8.218774572014808655e-03,2.219649255275726318e-01,3.071424923837184906e-02,-3.080718219280242920e-02,-5.403257161378860474e-02,-1.150333881378173828e-02,3.093068115413188934e-02,-8.813332766294479370e-02,-7.392159849405288696e-02,3.455008938908576965e-02,-9.742444381117820740e-03,5.496951565146446228e-02,3.485084325075149536e-02,-1.675051748752593994e-01,1.467894483357667923e-02,-7.484806701540946960e-03,-5.105534568428993225e-02,-1.087261945940554142e-03,-3.893879055976867676e-02,-2.202214673161506653e-02,1.646666079759597778e-01,-1.080743595957756042e-01,-5.699758231639862061e-02,9.191008657217025757e-02,-6.057766731828451157e-03,1.939035952091217041e-01,-1.328753679990768433e-01,9.146223962306976318e-02,5.044721439480781555e-02,-7.068636268377304077e-02,-3.306771814823150635e-02,6.850115209817886353e-02,-5.101367831230163574e-02,-1.502184420824050903e-01,7.684457581490278244e-03,-6.978536397218704224e-02,4.404957871884107590e-03,-2.275714278221130371e-02,-1.015414818539284170e-04,6.399346143007278442e-02,4.891847446560859680e-02,8.816704899072647095e-02,-5.882216244935989380e-02,-3.640450770035386086e-03,-1.981654018163681030e-01,-8.231474086642265320e-03,8.312466554343700409e-03,1.239770874381065369e-01,1.730964984744787216e-03,3.284290060400962830e-02,4.473046958446502686e-02,8.432037383317947388e-02,-2.014527469873428345e-01,4.190992191433906555e-02,-6.884963810443878174e-02,1.054310053586959839e-01,8.145754784345626831e-02,-1.837472198531031609e-03,-3.249546512961387634e-02,2.043742984533309937e-01,1.985632255673408508e-02,-1.362815201282501221e-01,-7.250750059029087424e-06,5.592507496476173401e-02,1.397734304191544652e-04,8.585758507251739502e-02,-5.325990542769432068e-02,-8.864531666040420532e-02,2.505260752514004707e-03,6.232326850295066833e-02,-3.052375279366970062e-02,7.542495429515838623e-02,5.983268842101097107e-02,3.151695802807807922e-02,4.741414636373519897e-02,1.193361878395080566e-01,7.152214646339416504e-02,-3.591429069638252258e-02,3.520471727824769914e-05,-7.019256055355072021e-02,-1.269851624965667725e-01,2.327164635062217712e-02,-5.651039257645606995e-02,4.818099737167358398e-02,2.225588820874691010e-02,-9.366780519485473633e-02,-2.281126379966735840e-01,1.607123315334320068e-01,-7.888068258762359619e-02,1.109721064567565918e-01,1.977781765162944794e-03,-1.779423840343952179e-02,1.107121184468269348e-01,4.609847441315650940e-03,-5.566126480698585510e-02,-2.023601904511451721e-02,1.063995286822319031e-01,4.232349991798400879e-02,-5.655576474964618683e-03,1.238454952836036682e-01,-4.263735935091972351e-02,2.983462437987327576e-02,-1.075456291437149048e-01,-8.223687112331390381e-02,-5.089861527085304260e-02,-5.858939886093139648e-02,7.494910806417465210e-02,6.133916787803173065e-03,-7.670526206493377686e-02
-6.731820851564407349e-02,-4.647257924079895020e-02,3.833739757537841797e-01,-3.079113364219665527e-01,-2.500635385513305664e-01,7.384730130434036255e-02,7.150255143642425537e-02,-2.653552293777465820e-01,-1.641608923673629761e-01,-1.965987831354141235e-01,9.430115111172199249e-03,2.165427207946777344e-01,-3.338828086853027344e-01,-2.347190380096435547e-01,-4.150770306587219238e-01,-4.378503561019897461e-01,-3.115147352218627930e-03,-1.677345335483551025e-01,2.667227685451507568e-01,2.086520642042160034e-01,1.327972710132598877e-01,-3.600252568721771240e-01,-2.254218459129333496e-01,1.453914791345596313e-01,-5.263692140579223633e-02,-4.013443291187286377e-01,4.202974140644073486e-01,2.330540418624877930e-01,-3.408185243606567383e-01,9.580827318131923676e-03,9.301450103521347046e-02,4.500761926174163818e-01,-2.356317043304443359e-01,-2.054457664489746094e-01,2.886939235031604767e-02,4.475720524787902832e-01,-1.569156944751739502e-01,-3.325505554676055908e-01,3.598832786083221436e-01,2.708632349967956543e-01,-3.927557766437530518e-01,-5.739062279462814331e-02,-3.146462738513946533e-01,-6.977742165327072144e-02,-6.404461711645126343e-02,2.491672635078430176e-01,4.205465912818908691e-01,1.326020061969757080e-01,-1.658571697771549225e-02,-1.480538304895162582e-02,7.468487322330474854e-02,-8.072021417319774628e-03,-2.492404282093048096e-01,1.103675290942192078e-01,1.026282310485839844e-01,4.936307370662689209e-01,-1.735030561685562134e-01,-3.352279961109161377e-02,2.000369280576705933e-01,2.199192196130752563e-01,3.701870888471603394e-02,-5.905861407518386841e-02,-1.219351682811975479e-02,-3.047260642051696777e-02,-5.870253220200538635e-02,1.079007908701896667e-01,-9.386204928159713745e-02,-3.954702913761138916e-01,3.960171639919281006e-01,-9.646532684564590454e-02,3.493371009826660156e-01,-3.633248060941696167e-02,1.093237027525901794e-01,-4.210116565227508545e-01,1.276076138019561768e-01,3.491948246955871582e-01,5.306874867528676987e-03,-4.716190695762634277e-01,1.727369576692581177e-01,4.224048554897308350e-01,-4.317035973072052002e-01,-2.250784542411565781e-03,3.140397965908050537e-01,-5.757210310548543930e-03,3.863764107227325439e-01,3.076469004154205322e-01,-1.117712631821632385e-01,-1.351548917591571808e-02,-2.722736597061157227e-01,-3.259450197219848633e-01,1.128415316343307495e-01,4.199321195483207703e-02,3.098640739917755127e-01,-1.852733194828033447e-01,3.610076010227203369e-01,9.135049581527709961e-02,-1.763993650674819946e-01,1.536325871711596847e-04,3.434844613075256348e-01,-3.390250802040100098e-01,1.741809248924255371e-01,-2.715166509151458740e-01,4.744972884654998779e-01,3.178890645503997803e-01,-4.536804258823394775e-01,9.868183173239231110e-03,2.887044250965118408e-01,3.792135417461395264e-01,7.901584357023239136e-02,2.178071253001689911e-02,-3.320803642272949219e-01,1.991332918405532837e-01,4.090291559696197510e-01,5.859216209501028061e-03,-4.499219059944152832e-01,3.829447329044342041e-01,-2.746435999870300293e-01,-1.314766258001327515e-01,4.298172295093536377e-01,-1.670623570680618286e-01,-1.871525198221206665e-01,-3.528496325016021729e-01,-4.007436633110046387e-01,2.038365453481674194e-01,3.097125291824340820e-01,1.407133489847183228e-01,-4.100100323557853699e-02,-2.142738550901412964e-01
