9.018089175224304199e-01,-1.477844454348087311e-02,-1.096156542189419270e-03,-2.205827534198760986e-01,2.901156842708587646e-01,3.408437073230743408e-01,-4.988620579242706299e-01,4.879565238952636719e-01,3.867596685886383057e-01,-3.014619052410125732e-01,2.188558727502822876e-01,1.313593983650207520e-01,1.548424512147903442e-01,7.613283991813659668e-01,5.664449334144592285e-01,-3.464038670063018799e-02,-2.931581139564514160e-01,1.323312819004058838e-01,7.562420964241027832e-01,5.047562122344970703e-01,-4.344208240509033203e-01,-5.147618055343627930e-01,-9.236672520637512207e-02,1.443061977624893188e-01,-4.393001496791839600e-01,-8.257531523704528809e-01,2.667882442474365234e-01,-1.691587865352630615e-01,-6.586157083511352539e-01,-4.077895283699035645e-01,-2.761011123657226562e-01,-1.998236626386642456e-01,3.241840004920959473e-01,-3.971946835517883301e-01,-5.364491371437907219e-04,-2.221535295248031616e-01,2.360374480485916138e-01,-7.698073051869869232e-03,-4.683913886547088623e-01,1.557451933622360229e-01,-2.255169451236724854e-01,3.407061100006103516e-02,-3.015219569206237793e-01,-8.829332143068313599e-02,3.689211308956146240e-01,3.864344954490661621e-02,3.601069450378417969e-01,-2.580934464931488037e-01,-2.735555469989776611e-01,1.665079146623611450e-01,2.216648012399673462e-01,1.083917915821075439e-01,1.768097281455993652e-01,-4.564892351627349854e-01,1.841539293527603149e-01,3.605981171131134033e-02,-3.901129066944122314e-01,-2.031607180833816528e-02,-3.977487385272979736e-01,1.695239692926406860e-01,-1.740062385797500610e-01,2.901071012020111084e-01,-3.931856527924537659e-02,-5.538202524185180664e-01,2.742409110069274902e-01,2.457422912120819092e-01,-1.498521864414215088e-01,-7.063879817724227905e-02,2.458181530237197876e-01,-9.888401627540588379e-02,2.136425822973251343e-01,-4.804377555847167969e-01,7.652384042739868164e-02,1.840092986822128296e-01,-2.245997935533523560e-01,1.817612648010253906e-01,7.644561678171157837e-02,-3.020588159561157227e-01,-3.700756654143333435e-02,-5.881553888320922852e-01,-7.629552483558654785e-01,-3.144390881061553955e-02,3.050621449947357178e-01,-1.884912848472595215e-01,-1.369548141956329346e-01,3.929922580718994141e-01,-4.604697525501251221e-01,-2.991563081741333008e-01,-2.337799668312072754e-01,1.645102947950363159e-01,8.628895878791809082e-02,1.661997586488723755e-01,2.795316278934478760e-01,-1.069331392645835876e-01,5.532957315444946289e-01,-7.071523070335388184e-01,8.378107100725173950e-02,8.819327689707279205e-03,-6.070967912673950195e-01,4.808221459388732910e-01,3.337307274341583252e-01,1.337805688381195068e-01,-6.446881592273712158e-02,-8.987626433372497559e-02,-4.791426360607147217e-01,5.352786183357238770e-01,3.356282711029052734e-01,4.704042673110961914e-01,3.343141078948974609e-01,3.576419055461883545e-01,2.095919847488403320e-01,2.803760468959808350e-01,5.760506168007850647e-02,-4.882659018039703369e-01,-3.958690166473388672e-01,-3.547639250755310059e-01,2.413844317197799683e-01,-3.928402662277221680e-01,-2.617188990116119385e-01,-3.624480068683624268e-01,8.021371066570281982e-02,5.299599170684814453e-01,-2.184366434812545776e-02,1.057405173778533936e-01,5.382764339447021484e-01,2.432236447930335999e-03,1.091219633817672729e-01,2.109917402267456055e-01
-1.477844454348087311e-02,4.734051227569580078e-02,-1.567624658346176147e-01,1.375340670347213745e-02,5.536646395921707153e-02,-1.023771315813064575e-01,5.214513838291168213e-02,9.367536008358001709e-02,-4.078086465597152710e-02,4.415671806782484055e-03,-1.316258758306503296e-01,-6.392329931259155273e-02,1.737509518861770630e-01,-2.927131392061710358e-02,7.517985254526138306e-02,9.471572190523147583e-02,6.306525319814682007e-02,-8.859296888113021851e-02,-1.011744420975446701e-02,-5.898981913924217224e-02,-6.332269310951232910e-02,6.273352354764938354e-02,1.420015245676040649e-01,-1.478880941867828369e-01,8.120628446340560913e-02,3.632316365838050842e-02,-5.284004658460617065e-02,-2.701794914901256561e-02,2.752514369785785675e-02,-6.919818371534347534e-02,-9.016312658786773682e-02,5.923911184072494507e-02,1.194562297314405441e-02,4.212933033704757690e-02,-9.061542339622974396e-03,-7.046133279800415039e-02,-9.106709063053131104e-02,2.450674399733543396e-02,1.286008208990097046e-01,-1.557958275079727173e-01,5.357215553522109985e-02,8.221479505300521851e-02,4.936063662171363831e-02,3.748965263366699219e-02,6.572278589010238647e-02,-1.492941081523895264e-01,-1.778478324413299561e-01,7.261446118354797363e-02,8.327566832304000854e-02,-2.171643078327178955e-02,3.546466305851936340e-02,1.400422155857086182e-01,-4.719465598464012146e-02,1.264258176088333130e-01,-3.135496005415916443e-02,-3.782756999135017395e-02,1.400046646595001221e-01,3.944728523492813110e-02,1.489906162023544312e-01,-1.457197684794664383e-02,9.645221382379531860e-02,-2.863099798560142517e-02,3.249785676598548889e-02,4.208089038729667664e-02,-6.232970580458641052e-02,-3.388014063239097595e-02,1.477530598640441895e-01,1.053423061966896057e-01,-1.152967959642410278e-01,1.313113868236541748e-01,-1.785496920347213745e-01,-1.348800510168075562e-01,-3.606081753969192505e-02,-1.171888411045074463e-01,2.250953204929828644e-02,-1.327455341815948486e-01,-2.718032896518707275e-02,3.312417492270469666e-02,-1.680627912282943726e-01,4.185813292860984802e-02,2.336275018751621246e-02,1.303367968648672104e-02,-1.176416873931884766e-01,7.950984686613082886e-02,1.098107323050498962e-01,-3.013792634010314941e-02,1.040481328964233398e-01,8.062203973531723022e-02,1.660173535346984863e-01,-7.563345134258270264e-02,6.138749420642852783e-03,-1.588568240404129028e-01,-1.047022864222526550e-01,7.207516580820083618e-02,-6.131429225206375122e-02,-3.225255291908979416e-03,1.377263814210891724e-01,-4.257146269083023071e-03,1.263590604066848755e-01,1.661967858672142029e-02,-1.286696456372737885e-02,-7.181085180491209030e-03,-1.513491384685039520e-03,-1.728087477385997772e-02,1.645690053701400757e-01,-8.441981673240661621e-02,-9.764593839645385742e-02,1.511756982654333115e-02,-1.458878368139266968e-01,-8.947358280420303345e-02,6.873263418674468994e-02,3.071441501379013062e-02,4.977793432772159576e-03,-3.133784979581832886e-03,1.617697328329086304e-01,-8.143494278192520142e-02,-1.013608053326606750e-01,1.094258502125740051e-01,-1.399988532066345215e-01,5.256049335002899170e-02,-2.039590626955032349e-01,-7.043857127428054810e-02,-1.363210473209619522e-02,-1.402605623006820679e-01,5.162291228771209717e-02,-7.858713716268539429e-02,-3.822490200400352478e-02,7.521360367536544800e-02
-1.096156542189419270e-03,-1.567624658346176147e-01,7.721076607704162598e-01,-3.029476404190063477e-01,-2.639808952808380127e-01,3.101932816207408905e-02,-3.479236960411071777e-01,-2.247257828712463379e-01,1.849130690097808838e-01,-3.106294386088848114e-02,5.882820487022399902e-01,1.388906687498092651e-01,-6.811248660087585449e-01,5.163796618580818176e-02,-2.315206229686737061e-01,-4.499886631965637207e-01,-1.592814624309539795e-01,8.459766954183578491e-02,1.047626659274101257e-01,3.818440139293670654e-01,3.194891214370727539e-01,-4.585314691066741943e-01,-6.932434439659118652e-01,4.289540052413940430e-01,-3.638133108615875244e-01,-1.728332340717315674e-01,4.128110110759735107e-01,3.513408899307250977e-01,-3.065756857395172119e-01,5.340051651000976562e-01,5.409435033798217773e-01,-1.634907573461532593e-01,1.559889912605285645e-01,-1.500402987003326416e-01,-8.332137949764728546e-03,1.747168153524398804e-01,3.160672783851623535e-01,-4.913463443517684937e-02,-5.291701555252075195e-01,7.702178955078125000e-01,-2.276163361966609955e-02,-3.430745005607604980e-01,-4.531903266906738281e-01,-1.865560561418533325e-01,-5.548764392733573914e-02,3.462352752685546875e-01,7.081491947174072266e-01,-1.139528825879096985e-01,-2.055893689393997192e-01,-1.109483912587165833e-01,-4.855014383792877197e-01,-4.900496602058410645e-01,5.807001888751983643e-02,-3.786065876483917236e-01,2.666803598403930664e-01,4.377409517765045166e-01,-5.086094141006469727e-01,-1.064783781766891479e-01,-4.135244190692901611e-01,2.747947582975029945e-03,-1.379823982715606689e-01,4.327752441167831421e-02,-1.430043876171112061e-01,-1.317451708018779755e-02,4.689937233924865723e-01,5.466492474079132080e-02,-6.818760633468627930e-01,-5.930306315422058105e-01,2.949773967266082764e-01,-3.970668017864227295e-01,6.801691055297851562e-01,6.262325048446655273e-01,-1.235842257738113403e-01,6.518209576606750488e-01,-1.397941410541534424e-01,6.719773411750793457e-01,9.633668512105941772e-02,-8.106147870421409607e-03,6.003549695014953613e-01,3.978522121906280518e-02,-1.983522772789001465e-01,-3.665158152580261230e-02,6.251016855239868164e-01,-2.981595396995544434e-01,-1.933036744594573975e-01,-1.606300622224807739e-01,-4.102114140987396240e-01,-3.570676147937774658e-01,-4.633553028106689453e-01,3.874119222164154053e-01,1.124562770128250122e-01,6.056174635887145996e-01,2.864603400230407715e-01,-4.631822407245635986e-01,1.032563373446464539e-01,7.904317229986190796e-02,-6.297825574874877930e-01,1.467175874859094620e-02,-5.187146067619323730e-01,-3.567754328250885010e-01,4.828791692852973938e-02,2.805253565311431885e-01,-1.301773488521575928e-01,1.786567866802215576e-01,-6.303523182868957520e-01,1.818399429321289062e-01,4.838522076606750488e-01,1.069201976060867310e-01,2.991535663604736328e-01,3.301092684268951416e-01,-2.345425337553024292e-01,9.654896706342697144e-02,-1.704790890216827393e-01,1.022792235016822815e-01,-6.881762742996215820e-01,3.335236608982086182e-01,1.163312271237373352e-01,-3.230708837509155273e-01,3.003426790237426758e-01,-1.526778787374496460e-01,6.751002669334411621e-01,4.835414588451385498e-01,-1.423618048429489136e-01,5.184575915336608887e-01,1.223062071949243546e-02,2.046186774969100952e-01,1.565589308738708496e-01,-5.397199392318725586e-01
-2.205827534198760986e-01,1.375340670347213745e-02,-3.029476404190063477e-01,6.942291259765625000e-01,-2.033200114965438843e-02,2.859835326671600342e-01,4.337728321552276611e-01,-3.123085796833038330e-01,-4.542618617415428162e-02,1.729479581117630005e-01,-4.873048663139343262e-01,1.070455089211463928e-01,4.185168743133544922e-01,-8.690895140171051025e-02,-1.995839476585388184e-01,1.882260441780090332e-01,-6.232959218323230743e-03,3.537589013576507568e-01,-2.996277213096618652e-01,-4.678594470024108887e-01,-4.633182287216186523e-01,4.405964016914367676e-01,6.208815574645996094e-01,-8.520264923572540283e-02,3.863748013973236084e-01,3.463430702686309814e-01,-4.966836571693420410e-01,-4.749952554702758789e-01,4.109634757041931152e-01,-3.567160367965698242e-01,-3.986541926860809326e-01,-2.190993577241897583e-01,-1.979842334985733032e-01,-1.212774030864238739e-02,1.118489429354667664e-01,9.020758420228958130e-02,-3.505507856607437134e-02,-1.246752589941024780e-01,5.241968631744384766e-01,-6.526169776916503906e-01,-4.000146090984344482e-01,1.645142436027526855e-01,6.901737451553344727e-01,1.118643879890441895e-01,-4.587788879871368408e-01,1.067099869251251221e-01,-3.744353652000427246e-01,-1.542865335941314697e-01,-9.501580148935317993e-02,4.280877709388732910e-01,4.108698368072509766e-01,9.863045066595077515e-02,1.726211309432983398e-01,3.656371831893920898e-01,-1.222328469157218933e-01,-5.299232006072998047e-01,1.946031302213668823e-01,-5.947852879762649536e-02,9.879741817712783813e-02,-5.695562809705734253e-03,-1.998537927865982056e-01,1.025938913226127625e-01,8.835016191005706787e-02,5.515609681606292725e-02,-7.179194092750549316e-01,-6.477175338659435511e-05,5.681605935096740723e-01,5.623025298118591309e-01,2.105830311775207520e-01,2.210656367242336273e-02,-3.888832926750183105e-01,-1.227477416396141052e-01,3.543611168861389160e-01,-6.639207601547241211e-01,1.398115158081054688e-01,-6.591498255729675293e-01,-2.573446743190288544e-02,-2.638889253139495850e-01,-3.510532677173614502e-01,-1.855204701423645020e-01,4.898717999458312988e-01,-2.732614520937204361e-03,-4.998512268066406250e-01,1.439873129129409790e-01,-2.002551257610321045e-01,4.054816067218780518e-01,1.698929667472839355e-01,2.307462245225906372e-01,2.628993475809693336e-03,-2.619839012622833252e-01,-8.649247884750366211e-02,-3.775227963924407959e-01,-3.135457336902618408e-01,6.972682476043701172e-01,-2.040922455489635468e-02,1.603401079773902893e-02,3.692447543144226074e-01,-2.905987901613116264e-03,5.946855545043945312e-01,3.583105206489562988e-01,-7.336480077356100082e-03,-6.204738020896911621e-01,1.154325306415557861e-01,-1.840946525335311890e-01,4.789645969867706299e-01,-1.083775386214256287e-01,-6.929447054862976074e-01,-3.333933055400848389e-01,1.194448396563529968e-01,-1.899318099021911621e-01,2.782064080238342285e-01,-5.884816050529479980e-01,1.574859619140625000e-01,1.039311140775680542e-01,4.609961509704589844e-01,1.762995310127735138e-02,1.678655445575714111e-01,-1.440499350428581238e-02,2.325761020183563232e-01,1.772226393222808838e-01,-3.257858753204345703e-01,-7.222498655319213867e-01,4.762831330299377441e-01,-4.164288043975830078e-01,-4.387306571006774902e-01,1.371983438730239868e-01,-6.756548583507537842e-02,5.731166601181030273e-01
2.901156842708587646e-01,5.536646395921707153e-02,-2.639808952808380127e-01,-2.033200114965438843e-02,7.719184160232543945e-01,8.982223272323608398e-02,2.190125435590744019e-01,-1.462621986865997314e-01,1.303836703300476074e-01,-1.026455033570528030e-02,-7.249829173088073730e-02,1.187578216195106506e-01,2.804872021079063416e-02,1.527488678693771362e-01,2.690867483615875244e-01,2.053743451833724976e-01,-1.171894147992134094e-01,2.345719784498214722e-01,1.949671506881713867e-01,-2.020551860332489014e-01,-4.245711863040924072e-02,5.295723304152488708e-02,-3.319340571761131287e-02,3.002333939075469971e-01,-2.208714485168457031e-01,-3.508341312408447266e-02,-3.253637552261352539e-01,-3.134678006172180176e-01,8.359985798597335815e-02,-4.760955274105072021e-01,-4.590972959995269775e-01,1.719439178705215454e-01,-2.861869037151336670e-01,-1.872436106204986572e-01,8.733916282653808594e-02,2.949524521827697754e-01,-1.479427516460418701e-01,-1.327675767242908478e-02,-1.028664857149124146e-01,-1.636060029268264771e-01,2.666156888008117676e-01,1.535860896110534668e-01,1.612026095390319824e-01,3.880222886800765991e-02,-3.205453231930732727e-02,1.767828613519668579e-01,-2.297450006008148193e-01,-2.623325884342193604e-01,4.720005765557289124e-02,3.519319891929626465e-01,1.932409256696701050e-01,-8.018681406974792480e-02,4.776490852236747742e-02,1.738143414258956909e-01,-2.630329430103302002e-01,-2.855723798274993896e-01,-8.908440172672271729e-02,-4.550590738654136658e-02,-3.538073599338531494e-01,1.752715855836868286e-01,-1.279865205287933350e-01,-2.088561654090881348e-02,-3.094418440014123917e-03,-1.035777032375335693e-01,-4.441938921809196472e-02,1.233025714755058289e-01,2.860990166664123535e-01,4.473394155502319336e-01,1.571834087371826172e-01,4.876820147037506104e-01,-4.670405760407447815e-03,-1.584874391555786133e-01,3.972043991088867188e-01,-1.841489225625991821e-01,-2.468940243124961853e-02,-3.181878030300140381e-01,-1.352785062044858932e-02,8.250658959150314331e-02,1.005369424819946289e-01,-3.706198558211326599e-02,-3.006125986576080322e-01,-2.596283890306949615e-02,-4.376680552959442139e-01,-7.634924352169036865e-02,-1.961611211299896240e-01,-2.532461583614349365e-01,2.139965295791625977e-01,-1.981180533766746521e-02,9.821715764701366425e-03,-2.748448252677917480e-01,-5.222972631454467773e-01,2.780934423208236694e-02,4.183650910854339600e-01,9.527572989463806152e-02,1.089723333716392517e-01,4.373927414417266846e-02,4.311261475086212158e-01,3.557591466233134270e-03,-6.791143864393234253e-02,2.960483133792877197e-01,8.425683528184890747e-02,-1.027735173702239990e-01,2.505157291889190674e-01,-6.291475892066955566e-02,-9.043845534324645996e-02,6.419254094362258911e-02,1.094643846154212952e-01,2.214736491441726685e-01,-8.981246501207351685e-02,4.516568034887313843e-02,-4.447401463985443115e-01,2.216618210077285767e-01,4.541392624378204346e-01,-5.470330715179443359e-01,2.925485372543334961e-01,-3.674061894416809082e-01,3.722756803035736084e-01,-2.974388599395751953e-01,5.045099556446075439e-02,-1.964531987905502319e-01,8.918211609125137329e-02,-4.771709814667701721e-02,1.258790045976638794e-01,-1.995999366044998169e-01,1.139156147837638855e-01,9.284843504428863525e-02,-2.089560925960540771e-01,9.639683365821838379e-02
3.408437073230743408e-01,-1.023771315813064575e-01,3.101932816207408905e-02,2.859835326671600342e-01,8.982223272323608398e-02,8.133207559585571289e-01,-4.971968010067939758e-02,-1.782447248697280884e-01,1.210108175873756409e-01,-4.729211330413818359e-02,9.756558388471603394e-02,2.945240437984466553e-01,-8.187606185674667358e-02,3.385394811630249023e-01,-2.256365679204463959e-02,-1.315294206142425537e-01,-2.993122339248657227e-01,4.585272967815399170e-01,1.389756947755813599e-01,-3.673622012138366699e-02,-2.699672877788543701e-01,-3.474633442237973213e-03,7.878886908292770386e-02,3.896732628345489502e-01,-2.025790810585021973e-01,-2.814087569713592529e-01,-1.480869203805923462e-01,-3.481142520904541016e-01,5.902005359530448914e-02,-4.237503707408905029e-01,-1.743473261594772339e-01,-3.036015033721923828e-01,-1.063852235674858093e-01,-1.899069845676422119e-01,7.919050753116607666e-02,2.093895524740219116e-01,2.840291857719421387e-01,-1.270236819982528687e-01,-1.880388259887695312e-01,-2.181331813335418701e-02,-5.009140968322753906e-01,-8.828216046094894409e-02,2.391084432601928711e-01,-4.502157121896743774e-02,-2.570538222789764404e-01,4.455180764198303223e-01,2.963675558567047119e-01,-4.621886312961578369e-01,-4.422173500061035156e-01,3.794927895069122314e-01,4.732265174388885498e-01,-2.886467576026916504e-01,3.029147088527679443e-01,-3.556171059608459473e-01,-3.460216149687767029e-02,-3.083361089229583740e-01,-3.966782987117767334e-01,-1.444797962903976440e-01,-4.718056619167327881e-01,1.590898782014846802e-01,-4.369858503341674805e-01,2.231798022985458374e-01,-4.335726797580718994e-02,-3.511771261692047119e-01,-1.720749437808990479e-01,2.366023659706115723e-01,-2.368611469864845276e-02,1.658530086278915405e-01,5.349276065826416016e-01,-2.455868124961853027e-01,2.465404272079467773e-01,-1.576216071844100952e-01,4.326726496219635010e-01,-1.349729150533676147e-01,-4.276397079229354858e-02,-7.802052795886993408e-02,8.394987136125564575e-02,-2.807113528251647949e-01,1.958207339048385620e-01,-4.786326289176940918e-01,-1.100477576255798340e-01,-4.922650754451751709e-02,1.538225682452321053e-03,-2.280173897743225098e-01,-4.874320328235626221e-01,5.311055779457092285e-01,-2.664993703365325928e-01,-1.790466606616973877e-01,-5.016864538192749023e-01,3.563655540347099304e-02,-1.368135511875152588e-01,1.946124881505966187e-01,2.873256802558898926e-01,2.173159569501876831e-01,4.681301712989807129e-01,-3.566136956214904785e-01,2.175890654325485229e-02,1.258226577192544937e-02,-2.461661398410797119e-01,4.005432724952697754e-01,1.408110857009887695e-01,-3.085957169532775879e-01,1.621966809034347534e-01,-1.190024167299270630e-01,-2.800996005535125732e-01,5.433604717254638672e-01,-4.944591596722602844e-02,-9.889004379510879517e-02,5.392235517501831055e-01,2.696409225463867188e-01,2.176139503717422485e-02,-3.605018258094787598e-01,1.908678263425827026e-01,-1.873154342174530029e-01,-1.447472572326660156e-01,1.087878597900271416e-03,4.898500442504882812e-01,-3.895361721515655518e-01,3.184662163257598877e-01,-2.352810651063919067e-01,3.163701295852661133e-01,-7.876273244619369507e-02,3.266144394874572754e-01,1.519913822412490845e-01,-1.556501686573028564e-01,2.538921535015106201e-01,8.610218763351440430e-02,3.244984149932861328e-01
-4.988620579242706299e-01,5.214513838291168213e-02,-3.479236960411071777e-01,4.337728321552276611e-01,2.190125435590744019e-01,-4.971968010067939758e-02,8.155123591423034668e-01,-3.602152466773986816e-01,-3.360829353332519531e-01,2.564450204372406006e-01,-5.058239102363586426e-01,-8.251062035560607910e-02,1.340325921773910522e-01,-5.666185021400451660e-01,-2.038964778184890747e-01,2.426695823669433594e-01,2.435220628976821899e-01,-2.281907945871353149e-02,-5.583716034889221191e-01,-6.034510135650634766e-01,1.295474767684936523e-01,5.626714229583740234e-01,2.887392342090606689e-01,-1.767467111349105835e-01,3.939382135868072510e-01,6.333449482917785645e-01,-4.591170847415924072e-01,-1.181502565741539001e-01,6.605998277664184570e-01,-2.055915743112564087e-01,-2.156987935304641724e-01,2.494218647480010986e-01,-3.463314175605773926e-01,1.814893335103988647e-01,4.575174301862716675e-02,2.765961885452270508e-01,-3.682132363319396973e-01,2.325844764709472656e-02,4.800595045089721680e-01,-5.954509973526000977e-01,1.885296404361724854e-01,2.619627714157104492e-01,4.461448490619659424e-01,1.569405645132064819e-01,-2.677940726280212402e-01,-9.057211130857467651e-02,-6.524270772933959961e-01,3.025029972195625305e-02,3.542485535144805908e-01,1.299892365932464600e-01,1.085104718804359436e-01,5.620720610022544861e-02,-6.657562404870986938e-02,5.358185768127441406e-01,-2.685063183307647705e-01,-3.270628154277801514e-01,4.119582772254943848e-01,1.726268045604228973e-02,2.912665903568267822e-01,-6.347682327032089233e-02,4.747547209262847900e-02,-1.667097806930541992e-01,1.007374525070190430e-01,4.711902737617492676e-01,-4.275951981544494629e-01,-1.255807727575302124e-01,5.278449058532714844e-01,4.315918982028961182e-01,-4.336871206760406494e-02,3.821020126342773438e-01,-4.821057915687561035e-01,1.026296168565750122e-01,2.244166582822799683e-01,-4.894754588603973389e-01,2.009259015321731567e-01,-6.094775199890136719e-01,-9.384310990571975708e-02,2.553009092807769775e-01,-2.579782009124755859e-01,3.835183978080749512e-01,6.028795242309570312e-01,2.334346808493137360e-02,-6.600853204727172852e-01,2.219177633523941040e-01,9.679476730525493622e-03,-2.412359863519668579e-01,5.412070751190185547e-01,3.246046602725982666e-01,3.428150713443756104e-01,-3.885709643363952637e-01,-3.810080885887145996e-01,-3.737666904926300049e-01,-1.054094806313514709e-01,3.137087821960449219e-01,-4.720844626426696777e-01,4.372586607933044434e-01,4.149060249328613281e-01,-1.152593083679676056e-02,6.715036034584045410e-01,6.041515991091728210e-02,-2.311117202043533325e-01,-2.167510986328125000e-01,2.022420018911361694e-01,-6.043377518653869629e-02,6.424868106842041016e-01,-2.286928296089172363e-01,-5.488468408584594727e-01,-3.476053774356842041e-01,-4.339052438735961914e-01,-3.411791622638702393e-01,-2.327828258275985718e-01,-3.204817473888397217e-01,3.329091072082519531e-01,1.659827530384063721e-01,6.603723168373107910e-01,7.589574158191680908e-02,-7.532105594873428345e-02,2.555915117263793945e-01,8.023293316364288330e-02,2.785689830780029297e-01,-2.670506238937377930e-01,-6.440805196762084961e-01,1.410054564476013184e-01,-3.151053488254547119e-01,-3.142884075641632080e-01,-4.206901043653488159e-02,-2.376563996076583862e-01,1.257085055112838745e-01
4.879565238952636719e-01,9.367536008358001709e-02,-2.247257828712463379e-01,-3.123085796833038330e-01,-1.462621986865997314e-01,-1.782447248697280884e-01,-3.602152466773986816e-01,9.480447769165039062e-01,-8.888790011405944824e-02,-2.922071814537048340e-01,-1.220339536666870117e-01,-3.799538314342498779e-01,4.214547276496887207e-01,2.740562260150909424e-01,6.170418262481689453e-01,8.365026861429214478e-02,2.380521297454833984e-01,-6.086627244949340820e-01,4.439496099948883057e-01,5.742673873901367188e-01,-2.167298793792724609e-01,-3.687590658664703369e-01,7.623063772916793823e-02,-6.374391913414001465e-01,2.746042050421237946e-02,-6.366813778877258301e-01,5.592637658119201660e-01,3.444202840328216553e-01,-5.858954787254333496e-01,-6.328199058771133423e-02,-3.330878540873527527e-02,1.218689754605293274e-01,6.489748954772949219e-01,6.807386875152587891e-03,-1.920366585254669189e-01,-6.815289855003356934e-01,-1.387963742017745972e-01,2.341910600662231445e-01,-1.008509173989295959e-01,-7.359759509563446045e-02,3.948716074228286743e-02,2.577100098133087158e-01,-5.593909025192260742e-01,1.203362457454204559e-02,7.978050708770751953e-01,-6.866677999496459961e-01,-4.888204857707023621e-02,4.000827074050903320e-01,3.034609854221343994e-01,-4.823189973831176758e-01,-7.223313301801681519e-02,6.551002860069274902e-01,-1.974415332078933716e-01,-2.583863139152526855e-01,3.663304746150970459e-01,3.969006240367889404e-01,2.448404729366302490e-01,2.399919331073760986e-01,4.446052014827728271e-01,-1.234047636389732361e-01,3.729607462882995605e-01,1.128377094864845276e-01,8.619073033332824707e-02,-1.121341288089752197e-01,3.970857560634613037e-01,-7.787916809320449829e-02,-6.579721719026565552e-02,-3.575782477855682373e-01,-4.058240950107574463e-01,-2.307337522506713867e-02,-3.460490107536315918e-01,-5.991654992103576660e-01,-5.614377260208129883e-01,1.869881600141525269e-01,-1.114324852824211121e-01,2.017417252063751221e-01,-4.089159891009330750e-02,5.818302556872367859e-02,-5.788184404373168945e-01,-1.458745747804641724e-01,-3.732092976570129395e-01,6.166869029402732849e-02,3.801348507404327393e-01,2.218907028436660767e-01,5.438072085380554199e-01,2.152210623025894165e-01,-2.053260356187820435e-01,1.342534087598323822e-02,4.512286186218261719e-01,1.769593954086303711e-01,4.990272223949432373e-01,-3.296887874603271484e-01,-2.753138840198516846e-01,-3.049324452877044678e-01,-2.736820094287395477e-02,-5.755622386932373047e-01,6.175180524587631226e-02,-1.657987385988235474e-02,-2.065933197736740112e-01,1.582184284925460815e-01,1.024210080504417419e-01,5.431243777275085449e-01,-3.326166868209838867e-01,-1.744411513209342957e-02,1.205198019742965698e-01,2.756087481975555420e-01,6.317179650068283081e-02,3.245399296283721924e-01,-2.892310917377471924e-01,-4.358303919434547424e-02,5.540017485618591309e-01,3.889530301094055176e-01,-3.408089280128479004e-01,6.422146409749984741e-02,-1.884472668170928955e-01,-2.053221166133880615e-01,-5.628983378410339355e-01,4.152749180793762207e-01,-8.324572443962097168e-01,7.821506261825561523e-02,-5.083333849906921387e-01,5.073150396347045898e-01,-5.166589021682739258e-01,2.694505453109741211e-02,7.655547857284545898e-01,-5.670320987701416016e-01,1.179497763514518738e-01,7.192888110876083374e-02
3.867596685886383057e-01,-4.078086465597152710e-02,1.849130690097808838e-01,-4.542618617415428162e-02,1.303836703300476074e-01,1.210108175873756409e-01,-3.360829353332519531e-01,-8.888790011405944824e-02,5.430224537849426270e-01,-7.231273502111434937e-02,3.084442317485809326e-01,2.984069287776947021e-01,-4.809970781207084656e-02,6.084761023521423340e-01,2.453276887536048889e-02,-5.264192819595336914e-02,-3.731574118137359619e-01,5.159716010093688965e-01,4.037533998489379883e-01,2.467519938945770264e-01,-4.025164544582366943e-01,-2.158117145299911499e-01,-6.022262573242187500e-02,4.872804880142211914e-01,-2.867750227451324463e-01,-2.933207452297210693e-01,-2.758554369211196899e-02,-3.605375289916992188e-01,-3.804877400398254395e-01,-5.877225846052169800e-02,-2.530246675014495850e-01,-3.382755517959594727e-01,-2.634803578257560730e-02,-4.165147840976715088e-01,1.429887562990188599e-01,8.499018102884292603e-02,3.248429894447326660e-01,-1.596727520227432251e-01,-2.993030250072479248e-01,2.436130493879318237e-01,-1.460671722888946533e-01,-1.476249843835830688e-01,7.518508285284042358e-02,-8.323834836483001709e-02,-2.747016847133636475e-01,4.832495450973510742e-01,4.128254055976867676e-01,-2.769472897052764893e-01,-3.548658788204193115e-01,4.292967915534973145e-01,8.680970221757888794e-02,-1.544008851051330566e-01,2.513981163501739502e-01,-2.263908386230468750e-01,4.320427402853965759e-02,-1.345568895339965820e-01,-4.401462376117706299e-01,-1.379754543304443359e-01,-6.031922101974487305e-01,1.490834802389144897e-01,-4.690880477428436279e-01,2.550774812698364258e-01,-7.128848135471343994e-02,-5.018377900123596191e-01,-9.354060888290405273e-02,1.988763511180877686e-01,-1.446933001279830933e-01,1.139787212014198303e-01,3.194956779479980469e-01,-2.831786274909973145e-01,4.358891844749450684e-01,4.808352142572402954e-02,2.852858901023864746e-01,1.149234175682067871e-01,-1.542428880929946899e-01,7.614427804946899414e-02,8.474002778530120850e-02,-4.773393571376800537e-01,2.519063651561737061e-01,-4.785754680633544922e-01,-3.995680510997772217e-01,-5.375489965081214905e-02,1.550030261278152466e-01,-2.061159014701843262e-01,-3.944815099239349365e-01,2.865666449069976807e-01,-3.604730665683746338e-01,-2.181174457073211670e-01,-4.682557284832000732e-01,7.398232072591781616e-02,-2.061244845390319824e-02,3.446830511093139648e-01,2.165384143590927124e-01,1.021218150854110718e-01,4.671131074428558350e-01,-1.880501508712768555e-01,-7.223192602396011353e-02,1.510123163461685181e-02,-3.840162158012390137e-01,3.264567255973815918e-01,2.696066796779632568e-01,-2.649036049842834473e-01,6.456700153648853302e-03,-7.267819344997406006e-02,-5.937743186950683594e-01,-5.082692205905914307e-02,3.122946023941040039e-01,2.658298909664154053e-01,6.092234849929809570e-01,2.774642705917358398e-01,-2.084316872060298920e-02,4.402492195367813110e-02,7.457096129655838013e-02,-4.491115808486938477e-01,-4.309604167938232422e-01,-3.180970549583435059e-01,5.508097410202026367e-01,-5.587075352668762207e-01,3.669284880161285400e-01,-2.653802931308746338e-01,2.993623018264770508e-01,1.876473724842071533e-01,2.480817735195159912e-01,5.468728393316268921e-02,-2.949342131614685059e-02,2.423852086067199707e-01,8.280909806489944458e-02,1.846841871738433838e-01
-3.014619052410125732e-01,4.415671806782484055e-03,-3.106294386088848114e-02,1.729479581117630005e-01,-1.026455033570528030e-02,-4.729211330413818359e-02,2.564450204372406006e-01,-2.922071814537048340e-01,-7.231273502111434937e-02,1.216001138091087341e-01,-1.307648122310638428e-01,1.634676009416580200e-02,-7.624681107699871063e-03,-2.350538671016693115e-01,-1.908655762672424316e-01,3.527562692761421204e-02,4.479485750198364258e-02,8.354749530553817749e-02,-2.505687475204467773e-01,-2.561569511890411377e-01,5.346681550145149231e-02,2.077037245035171509e-01,1.089112684130668640e-01,2.065103128552436829e-02,1.417455226182937622e-01,3.478507995605468750e-01,-1.993704140186309814e-01,-7.243813574314117432e-02,2.892148494720458984e-01,2.452650293707847595e-02,-9.338240139186382294e-03,1.477177813649177551e-02,-1.632752865552902222e-01,6.738403439521789551e-02,3.515780344605445862e-02,1.223844513297080994e-01,-6.184023991227149963e-02,-3.356372565031051636e-02,2.050438225269317627e-01,-1.574135422706604004e-01,1.171925105154514313e-02,1.836973614990711212e-02,2.557963132858276367e-01,3.796819597482681274e-02,-2.444828897714614868e-01,6.852355599403381348e-02,-1.711231470108032227e-01,-2.642726525664329529e-03,3.807226940989494324e-02,8.866514265537261963e-02,1.307689934037625790e-03,-6.253243982791900635e-02,6.915198173373937607e-04,2.293730825185775757e-01,-9.116433560848236084e-02,-1.260361522436141968e-01,1.008830741047859192e-01,-2.251695655286312103e-02,6.720790266990661621e-02,-2.047252282500267029e-02,-2.173187024891376495e-02,-5.857433751225471497e-02,1.785059086978435516e-02,1.762402653694152832e-01,-2.260276079177856445e-01,-4.522113874554634094e-02,1.548651903867721558e-01,1.665269881486892700e-01,1.910323649644851685e-02,7.314871251583099365e-02,-9.689106792211532593e-02,1.713113039731979370e-01,1.004431024193763733e-01,-1.801361292600631714e-01,6.943853199481964111e-02,-2.065129429101943970e-01,-2.003483287990093231e-02,3.378378227353096008e-02,5.432560108602046967e-03,1.460093557834625244e-01,2.925329804420471191e-01,1.519248937256634235e-03,-2.260449975728988647e-01,4.598636552691459656e-02,-4.242585226893424988e-02,-9.136354178190231323e-02,1.636372655630111694e-01,9.739059209823608398e-02,3.477938100695610046e-02,-1.056522801518440247e-01,-9.542366862297058105e-02,-7.882847636938095093e-02,-8.153735101222991943e-02,1.723814755678176880e-01,-1.446700245141983032e-01,2.332343161106109619e-01,6.617630273103713989e-02,-1.362195820547640324e-03,2.871912121772766113e-01,-7.142401486635208130e-02,-7.612224668264389038e-02,-1.830365359783172607e-01,6.413277983665466309e-02,-3.901326330378651619e-03,2.065111547708511353e-01,-1.747676730155944824e-01,-2.143542468547821045e-01,-1.475536227226257324e-01,-7.663040608167648315e-02,-1.052262187004089355e-01,-9.384333342313766479e-02,-1.850713789463043213e-01,7.179769873619079590e-02,1.080367565155029297e-01,2.210122048854827881e-01,7.727593183517456055e-02,2.651757374405860901e-02,3.634768351912498474e-02,1.913124322891235352e-01,9.868303686380386353e-02,-2.941173315048217773e-02,-3.148653805255889893e-01,1.232670918107032776e-01,-1.208393573760986328e-01,-2.708162963390350342e-01,5.325034260749816895e-02,-5.818850547075271606e-02,2.424707449972629547e-02
2.188558727502822876e-01,-1.316258758306503296e-01,5.882820487022399902e-01,-4.873048663139343262e-01,-7.249829173088073730e-02,9.756558388471603394e-02,-5.058239102363586426e-01,-1.220339536666870117e-01,3.084442317485809326e-01,-1.307648122310638428e-01,7.613241672515869141e-01,2.190065234899520874e-01,-6.812977194786071777e-01,3.058909177780151367e-01,-7.645320147275924683e-02,-3.622433543205261230e-01,-3.155786097049713135e-01,1.810865402221679688e-01,3.178804516792297363e-01,4.241158366203308105e-01,3.355894684791564941e-01,-4.278619587421417236e-01,-6.709719896316528320e-01,5.892166495323181152e-01,-5.638587474822998047e-01,-3.124074935913085938e-01,3.400908410549163818e-01,1.785602867603302002e-01,-3.466232717037200928e-01,3.646233677864074707e-01,3.957138657569885254e-01,-1.017539501190185547e-01,-1.291855517774820328e-02,-1.987343430519104004e-01,6.149008404463529587e-03,1.735823154449462891e-01,3.731731474399566650e-01,-6.489530950784683228e-02,-6.930825710296630859e-01,8.254985809326171875e-01,7.082396000623703003e-02,-4.014776051044464111e-01,-4.139409661293029785e-01,-1.890355348587036133e-01,-2.626943401992321014e-02,4.699300229549407959e-01,7.393843531608581543e-01,-1.992041170597076416e-01,-3.208770155906677246e-01,-4.811244085431098938e-02,-2.626262605190277100e-01,-5.106347203254699707e-01,9.494496881961822510e-02,-5.574826598167419434e-01,9.076445549726486206e-02,3.177653849124908447e-01,-6.071208119392395020e-01,-1.214008256793022156e-01,-5.941983461380004883e-01,1.121625006198883057e-01,-2.590072154998779297e-01,5.848509818315505981e-02,-1.723988205194473267e-01,-3.221608698368072510e-01,4.968160688877105713e-01,1.682242602109909058e-01,-7.174341678619384766e-01,-4.886988401412963867e-01,2.380049973726272583e-01,-3.802163302898406982e-01,8.070506453514099121e-01,3.714523613452911377e-01,1.877242513000965118e-02,6.845713853836059570e-01,-1.858503222465515137e-01,6.936264038085937500e-01,1.155792549252510071e-01,-7.757098227739334106e-02,7.244002819061279297e-01,-1.067508384585380554e-01,-4.657587707042694092e-01,-5.340166017413139343e-02,5.621758699417114258e-01,-3.857629001140594482e-01,-2.823449373245239258e-01,-1.327972114086151123e-01,-4.357785284519195557e-01,-4.184218347072601318e-01,-5.491634011268615723e-01,3.618133366107940674e-01,1.974822487682104111e-03,7.416543364524841309e-01,5.256677865982055664e-01,-5.190690159797668457e-01,3.603083193302154541e-01,8.816058747470378876e-03,-5.531051158905029297e-01,1.939229108393192291e-02,-7.483012676239013672e-01,-2.276359051465988159e-01,1.164169311523437500e-01,2.411274909973144531e-01,-2.144976519048213959e-02,1.425416022539138794e-01,-8.454085588455200195e-01,1.761823892593383789e-01,7.726238965988159180e-01,2.610504627227783203e-01,4.613246619701385498e-01,4.384115934371948242e-01,-3.892096579074859619e-01,3.034403324127197266e-01,-7.128860801458358765e-02,-2.257500141859054565e-01,-7.170572876930236816e-01,6.271795183420181274e-02,3.484869003295898438e-01,-4.331564903259277344e-01,3.536759912967681885e-01,-3.707109987735748291e-01,7.630715370178222656e-01,5.952340960502624512e-01,-1.300577968358993530e-01,5.763530135154724121e-01,4.190036654472351074e-02,2.268376797437667847e-01,1.683322340250015259e-01,-4.628856778144836426e-01
1.313593983650207520e-01,-6.392329931259155273e-02,1.388906687498092651e-01,1.070455089211463928e-01,1.187578216195106506e-01,2.945240437984466553e-01,-8.251062035560607910e-02,-3.799538314342498779e-01,2.984069287776947021e-01,1.634676009416580200e-02,2.190065234899520874e-01,2.998522818088531494e-01,-1.767787635326385498e-01,2.983779311180114746e-01,-1.586988419294357300e-01,-6.220712885260581970e-02,-3.076610565185546875e-01,5.592685937881469727e-01,1.124572902917861938e-01,-5.853023752570152283e-02,-1.733003556728363037e-01,1.572576910257339478e-02,-2.772529609501361847e-02,5.476229190826416016e-01,-1.929911226034164429e-01,-2.435318427160382271e-03,-2.153038978576660156e-01,-3.786918222904205322e-01,2.021162398159503937e-02,-1.220886483788490295e-01,-1.443737745285034180e-01,-2.424557954072952271e-01,-2.572907805442810059e-01,-2.215889692306518555e-01,1.254055052995681763e-01,2.453511655330657959e-01,2.539887428283691406e-01,-1.621628105640411377e-01,-1.712490022182464600e-01,1.350565850734710693e-01,-1.808797717094421387e-01,-1.634224802255630493e-01,3.040653765201568604e-01,-4.949015751481056213e-02,-4.405612349510192871e-01,5.711932778358459473e-01,2.857832014560699463e-01,-3.244652450084686279e-01,-3.481588363647460938e-01,4.234949648380279541e-01,2.134869396686553955e-01,-3.136517703533172607e-01,2.297393977642059326e-01,-1.410468220710754395e-01,-9.920918196439743042e-02,-2.644346654415130615e-01,-3.614601194858551025e-01,-1.523423045873641968e-01,-5.595258474349975586e-01,1.384413540363311768e-01,-4.229606389999389648e-01,1.294607371091842651e-01,-6.586578488349914551e-02,-3.169569671154022217e-01,-2.171554863452911377e-01,1.690715402364730835e-01,-6.439401209354400635e-02,2.144517004489898682e-01,3.486440777778625488e-01,-1.992986798286437988e-01,3.898443579673767090e-01,1.420630663633346558e-01,4.026403129100799561e-01,-3.400808200240135193e-02,-5.118694901466369629e-02,-3.841627016663551331e-02,6.791550666093826294e-02,-3.086816668510437012e-01,3.804411292076110840e-01,-3.072993159294128418e-01,-1.227049976587295532e-01,-5.116514489054679871e-02,-6.223807111382484436e-02,-2.030577659606933594e-01,-4.482515752315521240e-01,2.095945179462432861e-01,-1.681934744119644165e-01,-1.425721496343612671e-01,-4.951061904430389404e-01,7.737200241535902023e-03,-1.690735071897506714e-01,3.215945661067962646e-01,2.687664330005645752e-01,1.842861473560333252e-01,3.545001447200775146e-01,-9.213522076606750488e-03,-4.062689095735549927e-02,1.403320953249931335e-02,-1.945375353097915649e-01,2.084173411130905151e-01,1.239424720406532288e-01,-3.910361230373382568e-01,1.289355009794235229e-01,-5.768044665455818176e-02,-4.111769199371337891e-01,1.676956564188003540e-02,1.532668620347976685e-01,2.996712177991867065e-02,5.472787022590637207e-01,2.033959478139877319e-01,-1.968824714422225952e-01,-1.479415744543075562e-01,1.572414636611938477e-01,-2.903271615505218506e-01,-1.686489582061767578e-01,-9.902156144380569458e-02,5.952393412590026855e-01,-4.888494014739990234e-01,5.522211790084838867e-01,-2.133041918277740479e-01,4.039235115051269531e-01,-9.686347097158432007e-02,3.341266810894012451e-01,6.665223836898803711e-02,-3.156766593456268311e-01,3.174971938133239746e-01,3.274319320917129517e-02,1.497841179370880127e-01
