3.251856863498687744e-01,9.521187283098697662e-03,-4.425775632262229919e-02,4.591356497257947922e-03,2.751490175724029541e-01,-1.847840249538421631e-01,3.741218522191047668e-02,3.494684398174285889e-01,6.562460958957672119e-02,4.977806285023689270e-02,-1.213259994983673096e-01,-1.124652251601219177e-01,-4.563592001795768738e-02,5.301935970783233643e-02,1.111109182238578796e-01,1.957041621208190918e-01,1.660334528423845768e-03,7.748907059431076050e-02,2.847095765173435211e-02,-3.428411483764648438e-02,-3.682741522789001465e-02,2.410043776035308838e-02,-9.974210709333419800e-02,7.410907745361328125e-02,1.989783346652984619e-02,1.264569908380508423e-01,6.307099014520645142e-03,-2.970173656940460205e-01,1.601766981184482574e-02,-9.829287976026535034e-02,-1.750048249959945679e-01,-7.412585616111755371e-02,-2.381141297519207001e-02,2.069581672549247742e-02,-1.815893128514289856e-02,-8.939619362354278564e-02,4.340325295925140381e-02,8.392458409070968628e-02,-2.682317793369293213e-01,-3.208405971527099609e-01,2.767829596996307373e-01,8.210387080907821655e-02,-3.843214362859725952e-02,1.807519048452377319e-02,-1.115793362259864807e-02,1.320455670356750488e-01,-1.137522235512733459e-01,-1.284142136573791504e-01,3.527782857418060303e-02,6.129715964198112488e-02,-1.063312068581581116e-01,-7.387328892946243286e-02,2.503648698329925537e-01,-9.401258081197738647e-02,-5.601580440998077393e-02,-1.587783396244049072e-01,1.274716854095458984e-01,7.696606218814849854e-03,-9.436934255063533783e-03,-4.919229820370674133e-02,-5.643180012702941895e-02,-7.767692953348159790e-02,2.963186707347631454e-03,1.408476233482360840e-01,1.140639409422874451e-01,-1.735810562968254089e-02,-9.970520436763763428e-02,2.127075344324111938e-01,-1.064588055014610291e-01,2.485004067420959473e-01,-2.152274996042251587e-01,1.958615332841873169e-01,3.265148028731346130e-02,1.015804633498191833e-01,-1.603512614965438843e-01,-2.495037317276000977e-01,2.681785845197737217e-04,6.277897208929061890e-02,-1.121115162968635559e-01,-1.173699423670768738e-01,1.294412314891815186e-01,2.672857081051915884e-04,-1.301332116127014160e-01,-3.150337142869830132e-04,-3.576509952545166016e-01,3.067713044583797455e-02,1.515856981277465820e-01,3.104138420894742012e-03,-7.526417821645736694e-02,1.061068996787071228e-01,-1.734376847743988037e-01,8.876184374094009399e-02,-7.569700828753411770e-04,-1.442201063036918640e-02,-1.382195353507995605e-01,-2.539997100830078125e-01,1.560751497745513916e-01,-3.882656528730876744e-05,-1.571741253137588501e-01,2.693704962730407715e-01,-1.756349802017211914e-01,2.034523785114288330e-01,-1.001438796520233154e-01,-1.024113968014717102e-01,4.308673739433288574e-02,1.822618991136550903e-01,2.354753948748111725e-02,-2.368392609059810638e-02,-2.659868896007537842e-01,3.837301628664135933e-03,1.151033956557512283e-02,7.668123394250869751e-02,-7.746742665767669678e-02,-6.527501344680786133e-02,1.595078855752944946e-01,-6.065478920936584473e-02,2.734770774841308594e-01,-8.798521012067794800e-02,-2.432693541049957275e-01,-3.176346886903047562e-03,-7.602620869874954224e-02,1.840075254440307617e-01,1.616656333208084106e-01,8.106063306331634521e-02,-2.947490662336349487e-02,6.770138442516326904e-02,1.042081974446773529e-02,9.004504978656768799e-02
9.521187283098697662e-03,8.928931318223476410e-03,-7.343576103448867798e-02,5.247576534748077393e-02,4.423762857913970947e-02,-1.929672062397003174e-02,-8.564312011003494263e-03,4.120660200715065002e-02,2.950810268521308899e-02,4.202593117952346802e-02,6.592280697077512741e-03,-3.931983187794685364e-02,7.180050015449523926e-02,5.153249949216842651e-02,7.808653265237808228e-02,8.747872710227966309e-02,-1.398452557623386383e-03,3.499041497707366943e-02,-5.541538447141647339e-02,-4.037483409047126770e-02,-3.014322556555271149e-02,5.005047470331192017e-02,4.552398994565010071e-02,-2.323954738676548004e-02,1.093247253447771072e-02,8.089157193899154663e-02,-8.347632735967636108e-02,-3.999615088105201721e-02,7.529903203248977661e-02,-1.709958538413047791e-02,3.073070198297500610e-03,-9.014906734228134155e-02,4.028232768177986145e-02,5.466508492827415466e-02,-4.652077332139015198e-03,-8.874859660863876343e-02,3.963056951761245728e-02,7.166215777397155762e-02,-6.864663213491439819e-02,-3.559773415327072144e-02,6.881809234619140625e-02,8.031765930354595184e-03,7.009003311395645142e-02,1.535577699542045593e-02,1.326189190149307251e-02,-6.504205614328384399e-02,-7.541447877883911133e-02,-1.524860598146915436e-02,4.059270489960908890e-03,-8.010003715753555298e-03,1.745259575545787811e-02,-4.118369426578283310e-03,3.586019948124885559e-02,-5.901549942791461945e-03,-3.086620755493640900e-02,-9.340056777000427246e-02,2.173051051795482635e-02,5.410642828792333603e-03,-5.723976343870162964e-02,-5.624543502926826477e-02,-7.200405932962894440e-03,6.521029863506555557e-03,1.498006517067551613e-03,5.658545065671205521e-03,-1.999873667955398560e-03,-2.327456511557102203e-02,3.236818686127662659e-02,7.721430063247680664e-02,-7.762007415294647217e-02,1.362107228487730026e-02,-6.709524244070053101e-02,-2.304983511567115784e-02,-1.469434425234794617e-02,7.890399545431137085e-02,-7.006835658103227615e-03,-6.316708028316497803e-02,-8.962377905845642090e-04,9.091944992542266846e-02,-4.593507386744022369e-03,-7.744419574737548828e-02,7.839605957269668579e-02,2.534922969061881304e-04,-7.425668835639953613e-02,-2.453562046866863966e-04,-6.084294617176055908e-02,-7.432967424392700195e-02,2.904076874256134033e-02,2.093229442834854126e-03,6.004849821329116821e-02,5.165463685989379883e-02,-1.695725880563259125e-02,-3.137165913358330727e-03,-5.691337957978248596e-02,1.223856024444103241e-02,-6.798692047595977783e-02,-3.989466000348329544e-03,4.533021524548530579e-02,-1.081234040611889213e-05,-7.064211368560791016e-02,5.811863765120506287e-02,-3.027592413127422333e-02,3.162909299135208130e-02,-8.621315658092498779e-02,-6.837468594312667847e-02,9.289281070232391357e-02,-2.182034589350223541e-02,-5.401349812746047974e-02,-7.886082679033279419e-02,-4.491792526096105576e-03,-3.123954869806766510e-03,5.273151770234107971e-02,-4.842732474207878113e-02,-7.143586874008178711e-02,-7.966476492583751678e-03,8.814372867345809937e-02,-7.531461864709854126e-02,5.690067261457443237e-02,2.106260694563388824e-02,-8.077079057693481445e-02,2.947422116994857788e-02,3.872187063097953796e-02,6.019244715571403503e-02,7.349584251642227173e-02,-3.295650333166122437e-02,-4.924252629280090332e-02,-3.221418336033821106e-02,3.310559317469596863e-03,4.365121200680732727e-02
-4.425775632262229919e-02,-7.343576103448867798e-02,6.798642873764038086e-01,-5.561190843582153320e-01,-3.416894972324371338e-01,8.029699325561523438e-02,5.524523928761482239e-02,-3.411254584789276123e-01,-2.098483741283416748e-01,-3.897067904472351074e-01,-4.556898400187492371e-02,3.660942614078521729e-01,-5.904576778411865234e-01,-5.169353485107421875e-01,-6.936581134796142578e-01,-7.000719308853149414e-01,1.248388364911079407e-02,-2.995606660842895508e-01,5.450831055641174316e-01,4.019212722778320312e-01,2.661457955837249756e-01,-4.910202920436859131e-01,-4.762761890888214111e-01,2.325915843248367310e-01,-1.006147339940071106e-01,-6.257232427597045898e-01,7.046030759811401367e-01,2.754368782043457031e-01,-6.806594133377075195e-01,1.420332491397857666e-01,-3.052776493132114410e-02,7.610107660293579102e-01,-3.887644410133361816e-01,-5.757593512535095215e-01,4.303342476487159729e-02,7.330288887023925781e-01,-3.580214679241180420e-01,-6.415794491767883301e-01,5.373621582984924316e-01,3.573003113269805908e-01,-5.565722584724426270e-01,-7.367622852325439453e-02,-6.134421825408935547e-01,-1.475694030523300171e-01,-1.409535109996795654e-01,5.837801098823547363e-01,6.964785456657409668e-01,1.395260840654373169e-01,-2.145541645586490631e-02,1.511681526899337769e-01,-1.748560070991516113e-01,6.693550199270248413e-02,-3.265732228755950928e-01,7.316250354051589966e-02,2.591946423053741455e-01,7.820995450019836426e-01,-2.279884815216064453e-01,-5.116098374128341675e-02,5.053353309631347656e-01,5.445299148559570312e-01,7.195289433002471924e-02,-7.938951253890991211e-02,-1.477764081209897995e-02,-1.674040593206882477e-02,2.890554070472717285e-02,2.088591903448104858e-01,-2.747418880462646484e-01,-6.309646368026733398e-01,6.741545200347900391e-01,-6.005080044269561768e-02,5.955930352210998535e-01,2.521506845951080322e-01,1.515210717916488647e-01,-7.063256502151489258e-01,1.297460962086915970e-02,5.426500439643859863e-01,7.159997243434190750e-03,-7.861557602882385254e-01,8.841515332460403442e-02,6.798173785209655762e-01,-7.182680964469909668e-01,-2.417369512841105461e-03,6.417908668518066406e-01,3.022510791197419167e-03,4.814302027225494385e-01,6.491222381591796875e-01,-2.441797554492950439e-01,-1.820771768689155579e-02,-4.988039135932922363e-01,-4.790035784244537354e-01,1.415124088525772095e-01,4.427276924252510071e-02,5.363827347755432129e-01,-1.259884238243103027e-01,6.126060485839843750e-01,9.726891294121742249e-03,-4.026879370212554932e-01,9.802132990444079041e-05,5.905179381370544434e-01,-4.809490740299224854e-01,3.135213851928710938e-01,-2.107065320014953613e-01,7.444520592689514160e-01,6.110517978668212891e-01,-7.925719618797302246e-01,9.982551634311676025e-02,5.201121568679809570e-01,6.696637272834777832e-01,-3.938196599483489990e-02,2.818470261991024017e-02,-4.948590099811553955e-01,5.349144935607910156e-01,6.506134271621704102e-01,-3.965907171368598938e-02,-7.495691776275634766e-01,6.631034016609191895e-01,-4.408689141273498535e-01,-2.275837063789367676e-01,6.998411417007446289e-01,-2.865448296070098877e-01,-3.579317927360534668e-01,-5.564267039299011230e-01,-6.445651650428771973e-01,2.880207896232604980e-01,5.043105483055114746e-01,3.116429448127746582e-01,-3.914719074964523315e-02,-4.232895374298095703e-01
4.591356497257947922e-03,5.247576534748077393e-02,-5.561190843582153320e-01,6.129552721977233887e-01,1.739762574434280396e-01,7.436132058501243591e-03,-5.215522274374961853e-02,1.630764305591583252e-01,1.889989674091339111e-01,3.229934275150299072e-01,-3.329485282301902771e-02,-2.997435927391052246e-01,3.860383331775665283e-01,5.417040586471557617e-01,5.860466957092285156e-01,4.795980751514434814e-01,-7.351765874773263931e-03,2.589876353740692139e-01,-5.266010761260986328e-01,-3.421473801136016846e-01,-3.760972619056701660e-01,4.456175267696380615e-01,4.333739280700683594e-01,-1.873545646667480469e-01,8.500438928604125977e-02,3.849198818206787109e-01,-5.275593996047973633e-01,-4.020878672599792480e-02,4.730779528617858887e-01,7.840164937078952789e-03,-3.852296387776732445e-03,-6.595058441162109375e-01,4.487699568271636963e-01,4.748972058296203613e-01,-2.120507508516311646e-02,-5.559265613555908203e-01,2.763299047946929932e-01,5.009585022926330566e-01,-2.578122913837432861e-01,-3.948657214641571045e-01,4.442532658576965332e-01,9.245219081640243530e-02,4.505590498447418213e-01,1.171510815620422363e-01,6.610918045043945312e-02,-3.873645067214965820e-01,-6.175782084465026855e-01,-1.360203772783279419e-01,1.363931503146886826e-02,-1.061522737145423889e-01,1.629467904567718506e-01,1.232512388378381729e-02,3.398152887821197510e-01,-9.286301583051681519e-02,-8.487723022699356079e-02,-6.002216339111328125e-01,2.221803665161132812e-01,3.901926428079605103e-02,-4.146406650543212891e-01,-5.088564157485961914e-01,-1.154399737715721130e-01,1.491155028343200684e-01,1.748640462756156921e-02,-2.428259886801242828e-02,2.650165185332298279e-02,-1.661517918109893799e-01,2.228567153215408325e-01,4.122493565082550049e-01,-5.304998755455017090e-01,-1.183422803878784180e-01,-4.316100478172302246e-01,-8.088958263397216797e-02,-2.067314088344573975e-01,6.148099303245544434e-01,-1.914913766086101532e-02,-4.236181378364562988e-01,-3.415792249143123627e-03,6.040936112403869629e-01,-2.516079246997833252e-01,-5.576445460319519043e-01,6.789604425430297852e-01,1.978931715711951256e-03,-4.379229843616485596e-01,-2.733590663410723209e-04,-3.464965522289276123e-01,-4.950752258300781250e-01,3.971357271075248718e-02,1.073445472866296768e-02,3.593174815177917480e-01,3.654145002365112305e-01,-1.105078309774398804e-01,-1.759831309318542480e-01,-5.186278223991394043e-01,1.841566264629364014e-01,-5.563117861747741699e-01,5.314414203166961670e-02,2.776641249656677246e-01,-7.168063166318461299e-05,-3.821597099304199219e-01,3.293899297714233398e-01,-1.923796385526657104e-01,-3.528887033462524414e-02,-6.708700656890869141e-01,-4.627636075019836426e-01,6.722229719161987305e-01,6.969734281301498413e-02,-6.164833307266235352e-01,-5.162774920463562012e-01,1.640838235616683960e-01,-2.590618841350078583e-02,5.356190204620361328e-01,-5.706078410148620605e-01,-5.619688034057617188e-01,1.687686741352081299e-01,5.687659382820129395e-01,-5.278931856155395508e-01,2.214712500572204590e-01,1.609745025634765625e-01,-5.602620840072631836e-01,3.047084212303161621e-01,2.749714255332946777e-01,5.127131938934326172e-01,5.429913401603698730e-01,-2.628648877143859863e-01,-4.056905806064605713e-01,-3.063450455665588379e-01,2.256001532077789307e-02,3.378427028656005859e-01
2.751490175724029541e-01,4.423762857913970947e-02,-3.416894972324371338e-01,1.739762574434280396e-01,4.452646970748901367e-01,-2.155532985925674438e-01,7.771621458232402802e-03,5.031911730766296387e-01,1.125837564468383789e-01,1.988224983215332031e-01,-3.542615100741386414e-02,-2.439248263835906982e-01,2.949939966201782227e-01,1.947744190692901611e-01,3.995225727558135986e-01,5.455409884452819824e-01,-5.918574985116720200e-03,2.020940929651260376e-01,-1.686862707138061523e-01,-1.777276098728179932e-01,-2.790303900837898254e-02,2.067742198705673218e-01,1.043526381254196167e-01,-3.232342749834060669e-02,5.505552887916564941e-02,4.607295393943786621e-01,-3.585420846939086914e-01,-4.548923373222351074e-01,3.909193277359008789e-01,-2.007958590984344482e-01,-1.024133414030075073e-01,-3.933341503143310547e-01,7.200551778078079224e-02,2.517407238483428955e-01,-4.066636040806770325e-02,-4.437953531742095947e-01,1.968148946762084961e-01,3.652429878711700439e-01,-5.841714143753051758e-01,-3.490203619003295898e-01,4.752977490425109863e-01,7.896484434604644775e-02,2.902343273162841797e-01,8.048442751169204712e-02,9.973373264074325562e-02,-2.190908938646316528e-01,-3.933363854885101318e-01,-1.502356827259063721e-01,2.901641465723514557e-02,-3.918657079339027405e-03,-9.089035913348197937e-03,-1.408944576978683472e-01,2.833095490932464600e-01,-7.370253652334213257e-02,-2.341337054967880249e-01,-5.365155339241027832e-01,1.756824254989624023e-01,2.986066602170467377e-02,-2.294782847166061401e-01,-2.442343384027481079e-01,-3.583311289548873901e-02,-7.882628589868545532e-02,5.595648661255836487e-03,1.126252785325050354e-01,3.830181807279586792e-02,-1.056367382407188416e-01,6.625177711248397827e-02,5.202395319938659668e-01,-3.915956914424896240e-01,3.123295009136199951e-01,-4.706819653511047363e-01,-4.310178011655807495e-02,1.954295672476291656e-02,3.871515989303588867e-01,-1.200787425041198730e-01,-4.479896426200866699e-01,-4.345010966062545776e-03,4.510036110877990723e-01,-2.238434180617332458e-02,-4.020814001560211182e-01,3.808797597885131836e-01,1.243633101694285870e-03,-4.551458358764648438e-01,-2.762530231848359108e-03,-5.343381166458129883e-01,-3.101638853549957275e-01,3.048123717308044434e-01,1.267717406153678894e-02,1.791432797908782959e-01,3.014613986015319824e-01,-2.102805376052856445e-01,1.271443367004394531e-01,-1.774641275405883789e-01,-1.488780509680509567e-02,-3.527922630310058594e-01,-2.332332730293273926e-01,3.513725399971008301e-01,-7.610954344272613525e-05,-4.498339891433715820e-01,4.579185843467712402e-01,-2.945193946361541748e-01,3.552866578102111816e-01,-3.981429934501647949e-01,-3.727339208126068115e-01,4.006561040878295898e-01,1.457936968654394150e-02,-1.080733537673950195e-01,-3.608784675598144531e-01,-2.600221931934356689e-01,-5.512927658855915070e-03,1.385492235422134399e-01,-8.302303403615951538e-02,-3.427991569042205811e-01,-1.367822885513305664e-01,5.322604179382324219e-01,-3.468436598777770996e-01,4.979048669338226318e-01,3.995834290981292725e-02,-5.299719572067260742e-01,8.408167213201522827e-02,1.182805895805358887e-01,3.411830961704254150e-01,4.082166850566864014e-01,-5.320648103952407837e-02,-2.357128411531448364e-01,-4.926909878849983215e-02,1.826779171824455261e-02,2.499109804630279541e-01
-1.847840249538421631e-01,-1.929672062397003174e-02,8.029699325561523438e-02,7.436132058501243591e-03,-2.155532985925674438e-01,2.052099704742431641e-01,5.793373566120862961e-03,-2.180997878313064575e-01,-1.286224573850631714e-01,-7.883896678686141968e-02,4.842099547386169434e-02,9.518033266067504883e-02,-9.707495570182800293e-02,-1.971917413175106049e-02,-1.201861873269081116e-01,-2.323648631572723389e-01,4.936409532092511654e-04,-8.709160983562469482e-02,4.518468677997589111e-02,4.030895978212356567e-02,7.037520408630371094e-02,-3.893518075346946716e-02,4.783110693097114563e-02,-6.678559817373752594e-03,-2.522284537553787231e-02,-2.393376827239990234e-01,9.987315535545349121e-02,2.413872182369232178e-01,-7.139099389314651489e-02,7.463132590055465698e-02,8.789877593517303467e-02,1.499525308609008789e-01,-3.638659790158271790e-02,-1.650563441216945648e-02,1.243135798722505569e-02,1.628552228212356567e-01,-7.609778642654418945e-02,-1.341948658227920532e-01,2.451831847429275513e-01,1.356275975704193115e-01,-2.695002257823944092e-01,-4.323124885559082031e-02,-5.807749554514884949e-02,-1.911983825266361237e-02,3.053439408540725708e-02,7.066583726555109024e-03,1.111844182014465332e-01,7.113438099622726440e-02,-5.570425465703010559e-02,-5.780529230833053589e-02,4.606042057275772095e-02,-9.248761460185050964e-03,-1.647068411111831665e-01,4.069890826940536499e-02,7.009013742208480835e-02,1.763430535793304443e-01,-6.760375201702117920e-02,-8.949882350862026215e-03,9.475653618574142456e-02,6.804001331329345703e-02,4.096632078289985657e-02,3.730205446481704712e-02,-1.596895162947475910e-03,-1.358317136764526367e-01,-7.055552303791046143e-02,4.487471655011177063e-02,1.501649804413318634e-02,-2.176384776830673218e-01,1.560710668563842773e-01,-1.773322075605392456e-01,1.878220438957214355e-01,-1.355446130037307739e-01,1.623613876290619373e-03,-1.289002746343612671e-01,1.333900094032287598e-01,2.035701870918273926e-01,1.756560755893588066e-03,-1.293115466833114624e-01,2.340133488178253174e-02,1.552495956420898438e-01,-1.290339231491088867e-01,-3.452212549746036530e-04,1.525554955005645752e-01,-4.520464281085878611e-04,2.856135666370391846e-01,7.450387626886367798e-02,-1.205056607723236084e-01,-4.757559858262538910e-03,-9.095006436109542847e-02,-1.173497587442398071e-01,1.077692583203315735e-01,-5.064284428954124451e-02,6.800380349159240723e-02,2.425929065793752670e-03,1.598879843950271606e-01,1.318052858114242554e-01,-1.039076223969459534e-01,3.269059743615798652e-05,1.798247396945953369e-01,-2.494617104530334473e-01,9.965448081493377686e-02,-2.098278403282165527e-01,1.499412059783935547e-01,1.407574862241744995e-01,-1.463166475296020508e-01,3.019411675631999969e-02,2.641879022121429443e-02,1.232563629746437073e-01,2.027987986803054810e-01,4.463056102395057678e-03,-4.657735675573348999e-02,-4.741092398762702942e-02,1.136438697576522827e-01,1.017349362373352051e-01,-1.667503267526626587e-01,1.321830153465270996e-01,-2.283271700143814087e-01,2.778614126145839691e-02,2.054505199193954468e-01,-2.274402789771556854e-02,-7.318558171391487122e-03,-1.560279726982116699e-01,-1.606827527284622192e-01,4.398912191390991211e-03,3.196549043059349060e-02,1.850905129685997963e-03,-1.068868022412061691e-02,-8.432589471340179443e-02
3.741218522191047668e-02,-8.564312011003494263e-03,5.524523928761482239e-02,-5.215522274374961853e-02,7.771621458232402802e-03,5.793373566120862961e-03,7.962995767593383789e-02,2.457906864583492279e-02,-6.389848142862319946e-02,-2.702247351408004761e-02,-7.276080548763275146e-02,4.143244028091430664e-02,-1.053579673171043396e-01,-1.065359711647033691e-01,-9.302876889705657959e-02,-9.007681906223297119e-02,1.107487711124122143e-03,-3.034829348325729370e-02,2.872465923428535461e-02,3.370768949389457703e-02,3.994051367044448853e-02,-7.971100509166717529e-02,-6.763790547847747803e-02,5.779024213552474976e-02,-1.003762613981962204e-02,-8.355838060379028320e-02,1.168530434370040894e-01,4.217843990772962570e-03,-6.659206002950668335e-02,-3.530594706535339355e-02,-2.340320870280265808e-02,1.147925183176994324e-01,-8.114718832075595856e-03,-5.771813169121742249e-02,4.541507456451654434e-03,1.265932619571685791e-01,-4.228026047348976135e-02,-6.079057976603507996e-02,3.140116110444068909e-02,-1.659132726490497589e-02,-2.073145285248756409e-02,1.074708066880702972e-02,-8.918015658855438232e-02,-1.430525351315736771e-02,-6.784792244434356689e-02,1.091732829809188843e-01,5.623112246394157410e-02,1.869735307991504669e-03,1.942629739642143250e-02,4.304250329732894897e-02,-2.427159994840621948e-02,-1.914776489138603210e-02,-2.323443186469376087e-04,1.558384019881486893e-02,2.881255187094211578e-02,8.869935572147369385e-02,-1.903749443590641022e-02,-5.895119626075029373e-03,2.705806307494640350e-02,6.612484157085418701e-02,-1.483782008290290833e-02,-1.995324529707431793e-02,-1.746380235999822617e-03,7.013587653636932373e-02,1.597246341407299042e-02,2.359383367002010345e-02,-7.949796319007873535e-02,-4.956536367535591125e-02,9.073311090469360352e-02,4.685103520750999451e-02,1.661019772291183472e-02,7.465995848178863525e-02,4.237613454461097717e-02,-9.247261285781860352e-02,-4.100890457630157471e-02,-1.096992287784814835e-03,1.311639673076570034e-03,-8.668336272239685059e-02,-2.240337617695331573e-02,8.645192533731460571e-02,-6.574656814336776733e-02,-3.397511027287691832e-04,4.426265507936477661e-02,-8.971629431471228600e-04,-8.332968689501285553e-03,1.041741147637367249e-01,4.855037853121757507e-02,-2.409130334854125977e-03,-1.027095541357994080e-01,-3.946667164564132690e-02,-3.395626693964004517e-02,2.288459986448287964e-02,6.420687586069107056e-02,-3.301774337887763977e-02,4.128309339284896851e-02,-5.324998870491981506e-02,-6.771188694983720779e-03,-1.285386929339438211e-06,7.008810341358184814e-02,-1.933575113071128726e-04,-5.362751428037881851e-03,2.603306062519550323e-02,1.012695878744125366e-01,6.187362223863601685e-02,-6.836460530757904053e-02,1.139149218797683716e-01,5.398700013756752014e-02,1.101295277476310730e-01,-7.748288661241531372e-02,4.574433434754610062e-03,-1.345426887273788452e-01,4.179395362734794617e-02,8.710519224405288696e-02,1.913287863135337830e-02,-6.372093409299850464e-02,5.938037857413291931e-02,-4.479388892650604248e-02,-1.796747371554374695e-02,3.238303959369659424e-02,-4.100371897220611572e-02,-4.366921260952949524e-02,-3.141345456242561340e-02,-6.075720489025115967e-02,6.569496542215347290e-02,7.414326816797256470e-02,4.427532106637954712e-02,-5.772738717496395111e-03,7.896188646554946899e-03
3.494684398174285889e-01,4.120660200715065002e-02,-3.411254584789276123e-01,1.630764305591583252e-01,5.031911730766296387e-01,-2.180997878313064575e-01,2.457906864583492279e-02,6.543829441070556641e-01,7.243122905492782593e-02,1.950342953205108643e-01,-2.888223901391029358e-02,-2.886761426925659180e-01,2.613871693611145020e-01,1.997964680194854736e-01,4.160313010215759277e-01,5.767896771430969238e-01,-4.701763857156038284e-03,1.806741654872894287e-01,-1.248285099864006042e-01,-1.867079585790634155e-01,7.968690991401672363e-02,2.361432611942291260e-01,7.574792951345443726e-02,-4.717468097805976868e-02,5.900372937321662903e-02,4.681390821933746338e-01,-3.342767357826232910e-01,-5.473082065582275391e-01,4.335816502571105957e-01,-2.468537837266921997e-01,-1.540659964084625244e-01,-3.660375177860260010e-01,-3.097701445221900940e-02,3.115084469318389893e-01,-5.604267865419387817e-02,-4.529560208320617676e-01,2.050794214010238647e-01,3.821087777614593506e-01,-6.855789422988891602e-01,-4.235645830631256104e-01,4.972015023231506348e-01,8.255611360073089600e-02,2.548950910568237305e-01,8.945237845182418823e-02,1.710972934961318970e-01,-2.147457599639892578e-01,-4.033813774585723877e-01,-1.799417436122894287e-01,2.500239200890064240e-02,-9.005265682935714722e-02,-5.441047623753547668e-02,-2.211567759513854980e-01,3.155170679092407227e-01,-1.302839964628219604e-01,-2.952279746532440186e-01,-5.597164630889892578e-01,2.329951375722885132e-01,3.491562977433204651e-02,-1.596889197826385498e-01,-2.416206002235412598e-01,-3.139848262071609497e-02,-1.349636465311050415e-01,4.348276183009147644e-03,1.024967283010482788e-01,4.870067164301872253e-02,-1.037439331412315369e-01,3.477075952105224133e-04,5.616277456283569336e-01,-4.163340628147125244e-01,4.027974009513854980e-01,-5.420628786087036133e-01,-8.995432406663894653e-02,5.385717377066612244e-02,4.099920690059661865e-01,-9.706787019968032837e-02,-4.753646850585937500e-01,-4.377644509077072144e-03,4.660743772983551025e-01,-1.518005132675170898e-02,-4.160506427288055420e-01,3.840507268905639648e-01,1.417928608134388924e-03,-4.889758229255676270e-01,-3.628974547609686852e-03,-5.886803269386291504e-01,-2.928355336189270020e-01,3.759990036487579346e-01,1.501837745308876038e-02,1.203948482871055603e-01,3.489782810211181641e-01,-2.401211410760879517e-01,2.317371815443038940e-01,-1.367926895618438721e-01,-4.625590518116950989e-02,-3.527292609214782715e-01,-3.222491145133972168e-01,3.838641643524169922e-01,-8.981366408988833427e-05,-5.037667751312255859e-01,5.137521624565124512e-01,-4.123644828796386719e-01,4.578380286693572998e-01,-3.861971199512481689e-01,-4.039037227630615234e-01,3.657407164573669434e-01,6.795733422040939331e-02,-1.055878587067127228e-02,-3.519671559333801270e-01,-3.331985473632812500e-01,-6.011527730152010918e-04,1.063011214137077332e-01,-5.309305712580680847e-02,-3.556705713272094727e-01,-1.137711256742477417e-01,5.545818805694580078e-01,-3.375071585178375244e-01,5.805328488349914551e-01,4.807242378592491150e-02,-5.747608542442321777e-01,5.049148574471473694e-02,7.979261875152587891e-02,3.646630942821502686e-01,4.017018675804138184e-01,2.663805149495601654e-02,-2.946276366710662842e-01,7.426673546433448792e-04,3.848984092473983765e-02,2.756797671318054199e-01
6.562460958957672119e-02,2.950810268521308899e-02,-2.098483741283416748e-01,1.889989674091339111e-01,1.125837564468383789e-01,-1.286224573850631714e-01,-6.389848142862319946e-02,7.243122905492782593e-02,2.145595848560333252e-01,1.553346365690231323e-01,-2.387703768908977509e-02,-1.425892412662506104e-01,1.976953148841857910e-01,2.023767828941345215e-01,2.548105120658874512e-01,2.740787267684936523e-01,-1.848590211011469364e-03,1.183611154556274414e-01,-2.242641896009445190e-01,-1.345971673727035522e-01,-2.613030076026916504e-01,1.758683919906616211e-01,1.110012009739875793e-01,-8.551158010959625244e-02,4.581584781408309937e-02,2.803927659988403320e-01,-2.440204322338104248e-01,-8.736793696880340576e-02,1.446420997381210327e-01,1.076215598732233047e-02,-4.309395700693130493e-02,-3.489073216915130615e-01,2.184419780969619751e-01,1.389866918325424194e-01,-5.679714027792215347e-03,-2.889117598533630371e-01,1.362449675798416138e-01,2.366650551557540894e-01,-1.398419290781021118e-01,-1.491520255804061890e-01,3.026643991470336914e-01,4.903975501656532288e-02,1.685473769903182983e-01,4.145766422152519226e-02,-4.357138648629188538e-02,-1.333311349153518677e-01,-2.398561686277389526e-01,-6.774789094924926758e-02,5.504734441637992859e-02,2.284302609041333199e-03,3.011396713554859161e-02,9.700169414281845093e-02,2.054840624332427979e-01,-5.983209609985351562e-02,-1.976208202540874481e-02,-2.678421437740325928e-01,9.071791172027587891e-02,1.568215340375900269e-02,-2.053443193435668945e-01,-2.078357040882110596e-01,-7.518924027681350708e-02,7.133215665817260742e-02,7.465533912181854248e-03,8.538103848695755005e-02,6.971156597137451172e-02,-8.643889427185058594e-02,7.859021425247192383e-02,2.222439348697662354e-01,-2.744484245777130127e-01,-4.257578868418931961e-03,-1.982976794242858887e-01,1.072531417012214661e-01,-1.195486858487129211e-01,2.822506427764892578e-01,-9.396853297948837280e-02,-2.195377349853515625e-01,-2.127518644556403160e-03,2.616278827190399170e-01,-1.069895476102828979e-01,-2.796863615512847900e-01,3.091066777706146240e-01,8.142337901517748833e-04,-1.798814684152603149e-01,1.933760009706020355e-03,-2.306157797574996948e-01,-2.062715142965316772e-01,1.026916597038507462e-02,5.321723408997058868e-03,2.357993572950363159e-01,1.730245351791381836e-01,-5.946864560246467590e-02,-8.506696671247482300e-02,-2.541925609111785889e-01,1.022184938192367554e-01,-2.826684117317199707e-01,4.013231955468654633e-03,7.872978597879409790e-02,-3.447629205766133964e-05,-2.028353959321975708e-01,2.222598344087600708e-01,-5.802595987915992737e-02,6.961049884557723999e-02,-3.359344601631164551e-01,-2.218495905399322510e-01,3.328893780708312988e-01,-6.449978053569793701e-02,-2.833988368511199951e-01,-2.493887543678283691e-01,-1.864832267165184021e-02,-1.718975231051445007e-02,2.801440060138702393e-01,-1.854000389575958252e-01,-2.582039833068847656e-01,1.276790164411067963e-02,2.266031354665756226e-01,-2.681967914104461670e-01,1.398413479328155518e-01,3.520338609814643860e-02,-2.608906626701354980e-01,1.360979974269866943e-01,9.078110009431838989e-02,2.653898894786834717e-01,2.620020508766174316e-01,-1.240176782011985779e-01,-1.366400718688964844e-01,-1.386671811342239380e-01,2.091308496892452240e-02,1.358556002378463745e-01
4.977806285023689270e-02,4.202593117952346802e-02,-3.897067904472351074e-01,3.229934275150299072e-01,1.988224983215332031e-01,-7.883896678686141968e-02,-2.702247351408004761e-02,1.950342953205108643e-01,1.553346365690231323e-01,2.333518415689468384e-01,-6.876795087009668350e-03,-2.126685380935668945e-01,3.291772902011871338e-01,2.919813096523284912e-01,4.089004397392272949e-01,4.264304339885711670e-01,-6.250997073948383331e-03,1.730219423770904541e-01,-3.361765146255493164e-01,-2.297313660383224487e-01,-2.073497921228408813e-01,2.727195024490356445e-01,2.483243644237518311e-01,-1.279672086238861084e-01,6.126109138131141663e-02,3.877958059310913086e-01,-4.083196520805358887e-01,-1.542245596647262573e-01,3.770850002765655518e-01,-7.256965339183807373e-02,-6.143302191048860550e-03,-4.815035462379455566e-01,2.604852318763732910e-01,3.150046765804290771e-01,-2.111988328397274017e-02,-4.411425888538360596e-01,2.061931639909744263e-01,3.792774081230163574e-01,-3.108790814876556396e-01,-2.268088608980178833e-01,3.726134896278381348e-01,5.441216006875038147e-02,3.313337564468383789e-01,8.089885860681533813e-02,3.426336124539375305e-02,-3.094417750835418701e-01,-4.151763617992401123e-01,-8.757839351892471313e-02,3.543221578001976013e-02,-6.738453358411788940e-02,8.659118413925170898e-02,-3.595004091039299965e-03,2.270912081003189087e-01,-5.260543525218963623e-02,-1.213977634906768799e-01,-4.754710495471954346e-01,1.356239318847656250e-01,2.823505178093910217e-02,-3.016026914119720459e-01,-3.135042488574981689e-01,-6.580095738172531128e-02,5.784494802355766296e-02,9.072457440197467804e-03,5.805609747767448425e-02,1.469979435205459595e-02,-1.231500133872032166e-01,1.331304907798767090e-01,3.735685050487518311e-01,-4.051705002784729004e-01,3.455505892634391785e-02,-3.564245104789733887e-01,-6.796130537986755371e-02,-1.041336134076118469e-01,4.290181398391723633e-01,-4.706531018018722534e-02,-3.367124497890472412e-01,-3.735293401405215263e-03,4.761071801185607910e-01,-8.542248606681823730e-02,-4.124886989593505859e-01,4.596434235572814941e-01,1.347205368801951408e-03,-3.634826838970184326e-01,-9.863349841907620430e-04,-3.160868287086486816e-01,-3.629594445228576660e-01,1.300493180751800537e-01,9.845955297350883484e-03,2.919114232063293457e-01,2.775239646434783936e-01,-9.543109685182571411e-02,-4.514870420098304749e-02,-3.280673325061798096e-01,8.673749864101409912e-02,-3.888319134712219238e-01,-1.336895767599344254e-02,2.118453830480575562e-01,-5.901967233512550592e-05,-3.370757699012756348e-01,3.067978322505950928e-01,-1.732704490423202515e-01,1.283541917800903320e-01,-4.718544781208038330e-01,-3.551640212535858154e-01,5.135253667831420898e-01,-3.730079531669616699e-02,-3.464719951152801514e-01,-3.897809982299804688e-01,-4.093369003385305405e-03,-1.834477670490741730e-02,3.032413423061370850e-01,-3.177305757999420166e-01,-3.857222795486450195e-01,3.727011382579803467e-02,4.448163509368896484e-01,-4.051329493522644043e-01,2.447574734687805176e-01,1.188722476363182068e-01,-4.362328052520751953e-01,1.738234758377075195e-01,1.889069825410842896e-01,3.522338867187500000e-01,3.904460072517395020e-01,-1.605190038681030273e-01,-2.709721922874450684e-01,-1.858758032321929932e-01,2.536374889314174652e-02,2.506590783596038818e-01
-1.213259994983673096e-01,6.592280697077512741e-03,-4.556898400187492371e-02,-3.329485282301902771e-02,-3.542615100741386414e-02,4.842099547386169434e-02,-7.276080548763275146e-02,-2.888223901391029358e-02,-2.387703768908977509e-02,-6.876795087009668350e-03,1.798423081636428833e-01,-4.448473453521728516e-03,1.733029782772064209e-01,4.122812300920486450e-02,5.483948439359664917e-02,8.859503269195556641e-02,-3.853744361549615860e-03,-8.658058010041713715e-03,4.402431473135948181e-02,-1.192959770560264587e-02,1.381591856479644775e-01,4.995794966816902161e-02,9.092079102993011475e-02,-8.187010884284973145e-02,-3.442145185545086861e-03,9.209130704402923584e-02,-1.537081897258758545e-01,-2.709269151091575623e-02,1.512830853462219238e-01,-1.462252438068389893e-02,1.109021380543708801e-01,-4.938348382711410522e-02,-1.164834052324295044e-01,7.403265684843063354e-02,-1.237867958843708038e-02,-1.336838304996490479e-01,2.929925546050071716e-02,3.798000514507293701e-02,-8.925832808017730713e-02,1.589408814907073975e-01,-1.081230267882347107e-01,-6.373667716979980469e-02,1.459052711725234985e-01,1.432458031922578812e-02,1.628773361444473267e-01,-2.310342192649841309e-01,1.206806628033518791e-03,5.368302762508392334e-02,-5.635162070393562317e-02,-1.058989837765693665e-01,5.327912047505378723e-02,-5.529381334781646729e-02,-1.502543240785598755e-01,3.872520104050636292e-02,-1.158140972256660461e-01,-8.762578666210174561e-02,-3.640007227659225464e-02,5.812093615531921387e-03,1.472403295338153839e-02,-7.165231276303529739e-03,8.598226308822631836e-02,-2.638741210103034973e-02,-2.995614428073167801e-03,-1.512068212032318115e-01,-1.087318211793899536e-01,-1.066915690898895264e-02,1.148775368928909302e-01,4.454837739467620850e-02,-6.624586135149002075e-02,-2.593460120260715485e-02,1.701202988624572754e-02,-2.989000678062438965e-01,1.959708705544471741e-02,4.119999706745147705e-02,1.419507265090942383e-01,8.642811328172683716e-02,-2.770039951428771019e-03,1.052940785884857178e-01,1.837694942951202393e-01,-3.925843164324760437e-02,-4.425762221217155457e-02,2.784666139632463455e-04,-7.077712565660476685e-02,-1.348242978565394878e-03,1.130250394344329834e-01,-1.439093500375747681e-01,1.037920080125331879e-02,4.068392794579267502e-03,1.150160133838653564e-01,1.574296504259109497e-02,9.371789544820785522e-02,6.338231265544891357e-02,1.761963218450546265e-02,-3.217482566833496094e-02,6.349531561136245728e-02,8.165310323238372803e-02,5.359303671866655350e-03,1.126249389926670119e-05,-8.425891399383544922e-02,-7.747545838356018066e-02,-3.784123808145523071e-03,1.838850788772106171e-02,-1.830093935132026672e-02,-4.400796815752983093e-02,1.876039989292621613e-02,-2.442322373390197754e-01,1.022582501173019409e-01,-1.207123398780822754e-01,1.069696024060249329e-01,5.169223877601325512e-04,3.262494131922721863e-02,2.056981623172760010e-02,-3.273618966341018677e-02,-7.295265048742294312e-02,6.515662372112274170e-02,-2.186765708029270172e-02,6.336720287799835205e-02,6.098863482475280762e-02,3.347092866897583008e-02,-1.652668230235576630e-02,7.886683940887451172e-02,-8.681962639093399048e-02,-8.185951970517635345e-03,-5.314383655786514282e-02,-8.841959387063980103e-02,-1.187657471746206284e-02,5.287420470267534256e-03,-4.071467369794845581e-02
-1.124652251601219177e-01,-3.931983187794685364e-02,3.660942614078521729e-01,-2.997435927391052246e-01,-2.439248263835906982e-01,9.518033266067504883e-02,4.143244028091430664e-02,-2.886761426925659180e-01,-1.425892412662506104e-01,-2.126685380935668945e-01,-4.448473453521728516e-03,2.377943545579910278e-01,-2.975555956363677979e-01,-3.106623888015747070e-01,-4.204821586608886719e-01,-4.585912525653839111e-01,4.730517510324716568e-03,-1.673610806465148926e-01,2.708564996719360352e-01,2.163127660751342773e-01,1.458380520343780518e-01,-2.838281989097595215e-01,-2.129265666007995605e-01,1.193779334425926208e-01,-6.011873856186866760e-02,-3.849831223487854004e-01,3.862075805664062500e-01,2.226547747850418091e-01,-3.777618110179901123e-01,7.857879251241683960e-02,5.107071250677108765e-02,4.625720083713531494e-01,-1.729543507099151611e-01,-3.185568153858184814e-01,2.980923652648925781e-02,4.537974298000335693e-01,-2.008063495159149170e-01,-3.692413270473480225e-01,3.824467658996582031e-01,2.822474837303161621e-01,-3.850672245025634766e-01,-5.933504179120063782e-02,-2.987737655639648438e-01,-8.181967586278915405e-02,-9.253562241792678833e-02,2.809671461582183838e-01,4.112119972705841064e-01,1.125368922948837280e-01,-1.941226609051227570e-02,9.805709868669509888e-02,-4.408898204565048218e-02,5.014103278517723083e-02,-2.481206357479095459e-01,9.099766612052917480e-02,1.509800553321838379e-01,4.951718747615814209e-01,-1.726397871971130371e-01,-3.004067391157150269e-02,2.343475222587585449e-01,3.020381331443786621e-01,5.559841543436050415e-02,-1.830244809389114380e-02,-8.595867082476615906e-03,-2.816626243293285370e-02,-2.969102934002876282e-02,1.145813167095184326e-01,-1.053487882018089294e-01,-3.994019329547882080e-01,4.090111553668975830e-01,-9.125800430774688721e-02,3.808093070983886719e-01,7.974363863468170166e-02,8.272293210029602051e-02,-4.375129044055938721e-01,3.627042844891548157e-02,3.423276841640472412e-01,3.562710713595151901e-03,-4.675741791725158691e-01,8.427686989307403564e-02,4.197628498077392578e-01,-4.498902261257171631e-01,-1.410957542248070240e-03,3.679236173629760742e-01,9.414027445018291473e-04,3.589583039283752441e-01,3.432619869709014893e-01,-1.391887515783309937e-01,-1.075560040771961212e-02,-2.416305541992187500e-01,-2.876825928688049316e-01,1.116423979401588440e-01,-8.418783545494079590e-03,2.835246026515960693e-01,-7.160984724760055542e-02,3.705372214317321777e-01,7.308155298233032227e-02,-2.280916720628738403e-01,6.136743468232452869e-05,3.689270019531250000e-01,-3.303260207176208496e-01,2.229259610176086426e-01,-1.661694198846817017e-01,4.646525979042053223e-01,3.569851517677307129e-01,-4.601722657680511475e-01,1.315547991544008255e-02,2.708777189254760742e-01,3.799944818019866943e-01,4.265790060162544250e-02,1.399849262088537216e-02,-3.006841838359832764e-01,2.590865194797515869e-01,3.865570724010467529e-01,-2.144864760339260101e-02,-4.588126540184020996e-01,3.729575276374816895e-01,-3.154711127281188965e-01,-9.268995374441146851e-02,4.565184414386749268e-01,-1.504229009151458740e-01,-1.483764350414276123e-01,-3.547071218490600586e-01,-3.859747648239135742e-01,1.169108971953392029e-01,2.915444076061248779e-01,1.413995325565338135e-01,-3.225008025765419006e-02,-2.321334332227706909e-01
