4.911904633045196533e-01,-1.070625521242618561e-02,7.298630475997924805e-02,-1.686033904552459717e-01,1.538189202547073364e-01,-1.564678698778152466e-01,1.370789706707000732e-01,3.910425603389739990e-01,6.605462729930877686e-02,1.745773130096495152e-03,-1.128133311867713928e-01,-1.502304221503436565e-03,-8.083983510732650757e-02,-1.053782459348440170e-02,5.875333398580551147e-02,9.947923012077808380e-03,5.702720489352941513e-03,-1.057451218366622925e-01,2.010440975427627563e-01,4.804611578583717346e-02,8.214797824621200562e-03,-1.276004612445831299e-01,-1.472298949956893921e-01,9.367628395557403564e-02,-1.110643055289983749e-02,-9.553954005241394043e-02,1.759611815214157104e-01,-2.037628889083862305e-01,-1.020657271146774292e-01,-1.878554373979568481e-01,-1.757624894380569458e-01,1.043473333120346069e-01,-1.132836565375328064e-01,-6.990361213684082031e-02,-2.637886069715023041e-02,8.418734371662139893e-02,-6.419588625431060791e-02,-1.251984201371669769e-02,-2.658404409885406494e-01,-2.383899837732315063e-01,1.208527386188507080e-01,7.113209366798400879e-02,-2.369863390922546387e-01,-7.644619327038526535e-03,-7.664979901164770126e-03,9.784354269504547119e-02,-2.250956371426582336e-02,-6.190781295299530029e-02,7.802832126617431641e-02,4.518353193998336792e-02,-1.498133242130279541e-01,-1.542593445628881454e-02,1.709280610084533691e-01,-4.125689715147018433e-02,-1.174814626574516296e-01,-6.694170180708169937e-03,1.393423415720462799e-02,-1.185510889627039433e-03,1.302640186622738838e-03,5.730217695236206055e-02,3.046438097953796387e-02,-6.232629343867301941e-02,8.432518807239830494e-04,1.120441108942031860e-01,1.521122828125953674e-02,3.430344909429550171e-02,-1.887401044368743896e-01,5.362003296613693237e-02,3.812132403254508972e-02,1.768532544374465942e-01,-1.123960912227630615e-01,8.761817216873168945e-02,9.812343120574951172e-02,8.130536414682865143e-03,-8.663883805274963379e-02,-6.665654014796018600e-03,-2.370977017562836409e-04,-5.503764748573303223e-02,-6.334766745567321777e-02,4.870253056287765503e-02,-1.247747093439102173e-01,-4.205651930533349514e-04,-1.606839299201965332e-01,-6.195962894707918167e-03,-2.123767137527465820e-01,9.348353743553161621e-02,2.338419556617736816e-01,-4.882827401161193848e-03,-1.054241061210632324e-01,1.952046900987625122e-02,-1.155016645789146423e-01,1.053572520613670349e-01,2.488543242216110229e-01,-2.132818251848220825e-01,5.559219047427177429e-02,-3.057094216346740723e-01,1.013770103454589844e-01,-8.533453365089371800e-05,-8.708111196756362915e-02,2.628538012504577637e-01,-7.236330211162567139e-02,2.990080118179321289e-01,1.046947166323661804e-01,1.575681008398532867e-02,-1.525848954916000366e-01,2.225987464189529419e-01,2.335553616285324097e-01,2.024751901626586914e-01,-3.268818855285644531e-01,2.120332047343254089e-02,-1.495926678180694580e-01,1.990935206413269043e-01,1.251188963651657104e-01,-1.311757862567901611e-01,2.439950592815876007e-02,-8.689799346029758453e-03,2.923959195613861084e-01,-1.085251942276954651e-01,-1.911602616310119629e-01,-6.230651214718818665e-02,-1.257891952991485596e-01,7.392425835132598877e-02,5.076411738991737366e-02,1.757498979568481445e-01,1.559810191392898560e-01,1.923186518251895905e-02,-2.045961655676364899e-02,-4.865606501698493958e-02
-1.070625521242618561e-02,1.443623844534158707e-02,-9.470717608928680420e-02,7.605648785829544067e-02,4.366681352257728577e-02,-1.157672889530658722e-02,-3.112965822219848633e-02,9.955973364412784576e-03,2.079230360686779022e-02,3.404901176691055298e-02,1.454216428101062775e-02,-4.273706302046775818e-02,7.672604173421859741e-02,7.402198761701583862e-02,9.550511837005615234e-02,9.714159369468688965e-02,2.223978808615356684e-04,3.895866870880126953e-02,-5.714578554034233093e-02,-4.580013826489448547e-02,-4.836172983050346375e-02,9.491485357284545898e-02,5.019173398613929749e-02,-8.947675116360187531e-03,1.149377040565013885e-02,1.072117462754249573e-01,-1.063211187720298767e-01,-1.147227268666028976e-02,8.706640452146530151e-02,2.664763107895851135e-02,2.420853637158870697e-02,-9.728769958019256592e-02,5.662201717495918274e-02,5.396076291799545288e-02,-3.537902841344475746e-03,-1.061046048998832703e-01,2.799063734710216522e-02,5.236522480845451355e-02,-5.266531184315681458e-02,-4.460904747247695923e-02,7.302455604076385498e-02,9.596263058483600616e-03,9.137548506259918213e-02,1.447619963437318802e-02,3.698543645441532135e-03,-5.809656903147697449e-02,-1.026468649506568909e-01,-2.663333527743816376e-02,-1.344535313546657562e-02,6.782428361475467682e-03,-6.928231101483106613e-03,-2.182964608073234558e-02,5.233869422227144241e-03,4.923890810459852219e-03,-2.952418755739927292e-03,-1.098116487264633179e-01,2.665994688868522644e-02,8.365758694708347321e-03,-2.994160726666450500e-02,-5.916258320212364197e-02,1.819929108023643494e-03,7.869482040405273438e-03,3.345979144796729088e-03,1.806846261024475098e-02,5.765453912317752838e-03,-2.441170811653137207e-02,4.476915672421455383e-02,9.637886285781860352e-02,-9.648031741380691528e-02,-5.451943725347518921e-03,-6.741312146186828613e-02,-1.176816411316394806e-02,-3.178767859935760498e-02,9.776320308446884155e-02,-4.989642184227705002e-03,-8.250907808542251587e-02,-2.215307904407382011e-03,1.129025444388389587e-01,-3.499547019600868225e-02,-8.824180066585540771e-02,1.013612225651741028e-01,8.983581210486590862e-04,-6.920424848794937134e-02,1.840336131863296032e-03,-6.059119477868080139e-02,-1.045272424817085266e-01,7.433578837662935257e-03,4.628837574273347855e-03,4.555513709783554077e-02,4.152935370802879333e-02,-8.474159054458141327e-03,-2.594394981861114502e-02,-8.331947773694992065e-02,3.715037181973457336e-02,-8.619350194931030273e-02,2.453834749758243561e-02,5.554890260100364685e-02,-6.212374864844605327e-05,-6.299746781587600708e-02,2.300564013421535492e-02,-2.280815877020359039e-02,-8.018311345949769020e-04,-1.085272356867790222e-01,-4.651255533099174500e-02,1.093806102871894836e-01,-9.598943404853343964e-03,-7.041855901479721069e-02,-9.947670251131057739e-02,9.373066015541553497e-03,-7.553902454674243927e-03,7.559205591678619385e-02,-4.255116730928421021e-02,-9.507111459970474243e-02,-1.035804022103548050e-02,1.085056513547897339e-01,-9.031432867050170898e-02,2.289752289652824402e-02,1.687264256179332733e-02,-9.218408912420272827e-02,3.546573594212532043e-02,5.975904688239097595e-02,6.840382516384124756e-02,9.151440113782882690e-02,-5.269103124737739563e-02,-5.497860535979270935e-02,-4.240000247955322266e-02,1.718888597679324448e-05,2.590815536677837372e-02
7.298630475997924805e-02,-9.470717608928680420e-02,7.015219926834106445e-01,-6.022396087646484375e-01,-2.689681351184844971e-01,-8.149936795234680176e-03,1.942293792963027954e-01,-8.381621539592742920e-02,-1.191409006714820862e-01,-2.610830664634704590e-01,-9.680386632680892944e-02,3.363647460937500000e-01,-4.778396487236022949e-01,-5.948547124862670898e-01,-6.785425543785095215e-01,-6.647661924362182617e-01,-7.725543808192014694e-03,-2.242430597543716431e-01,4.500656723976135254e-01,3.801439404487609863e-01,3.630652427673339844e-01,-7.016891837120056152e-01,-4.248997271060943604e-01,1.192132681608200073e-01,-8.987554162740707397e-02,-6.948757767677307129e-01,7.142378687858581543e-01,3.390703350305557251e-03,-6.471110582351684570e-01,-1.771191358566284180e-01,-1.613032817840576172e-01,7.054027915000915527e-01,-4.121826589107513428e-01,-4.675838351249694824e-01,3.295869007706642151e-02,7.353485226631164551e-01,-2.102316468954086304e-01,-3.885734081268310547e-01,3.561578691005706787e-01,3.978182673454284668e-01,-5.129684805870056152e-01,-7.920008152723312378e-02,-6.187995672225952148e-01,-1.112349554896354675e-01,-4.522643610835075378e-02,4.331740140914916992e-01,7.238820195198059082e-01,2.133179306983947754e-01,9.327171742916107178e-02,5.611203610897064209e-02,2.687883935868740082e-02,1.840589195489883423e-01,-5.382311716675758362e-02,3.111999481916427612e-02,4.719782155007123947e-04,7.589430212974548340e-01,-2.389191836118698120e-01,-6.444574892520904541e-02,1.505072265863418579e-01,4.502093791961669922e-01,2.576751634478569031e-02,-9.625356644392013550e-02,-2.770058624446392059e-02,-1.353919208049774170e-01,-5.072114616632461548e-02,1.761707216501235962e-01,-2.829380631446838379e-01,-6.501682996749877930e-01,6.859532594680786133e-01,7.860249280929565430e-02,5.228345990180969238e-01,1.132415011525154114e-01,2.446348220109939575e-01,-7.120707631111145020e-01,1.152450870722532272e-02,5.855574011802673340e-01,1.419414579868316650e-02,-7.936555743217468262e-01,3.138062953948974609e-01,6.652755141258239746e-01,-7.512503266334533691e-01,-7.261530961841344833e-03,5.059612989425659180e-01,-1.137752458453178406e-02,4.572710990905761719e-01,6.670058965682983398e-01,-5.120035633444786072e-02,-3.285307809710502625e-02,-2.995302677154541016e-01,-3.400079309940338135e-01,5.016537383198738098e-02,2.056633681058883667e-01,6.055091023445129395e-01,-2.904153168201446533e-01,6.411995291709899902e-01,-1.369260698556900024e-01,-3.911254703998565674e-01,4.905179957859218121e-04,4.778656363487243652e-01,-1.878392547369003296e-01,2.338871508836746216e-01,1.091596949845552444e-02,7.645350098609924316e-01,3.519336581230163574e-01,-7.471494078636169434e-01,-4.772074520587921143e-02,5.401226878166198730e-01,6.901586055755615234e-01,-1.156349778175354004e-01,5.741668865084648132e-02,-5.872346162796020508e-01,4.172077775001525879e-01,6.871071457862854004e-01,-6.397546827793121338e-02,-7.276156544685363770e-01,6.156153678894042969e-01,-1.742969304323196411e-01,-1.477608531713485718e-01,6.793618202209472656e-01,-2.793069481849670410e-01,-4.315266609191894531e-01,-5.458412170410156250e-01,-6.524473428726196289e-01,3.433158695697784424e-01,4.795288741588592529e-01,3.706565201282501221e-01,-2.046887017786502838e-02,-2.068327069282531738e-01
-1.686033904552459717e-01,7.605648785829544067e-02,-6.022396087646484375e-01,6.546357274055480957e-01,1.412987709045410156e-01,9.304794669151306152e-02,-1.841698586940765381e-01,-6.168923899531364441e-02,9.360708296298980713e-02,2.209352254867553711e-01,5.894619971513748169e-02,-2.863496840000152588e-01,2.971419692039489746e-01,5.787063241004943848e-01,5.565862059593200684e-01,5.069481730461120605e-01,1.013495959341526031e-02,2.257694900035858154e-01,-4.619983732700347900e-01,-3.194621205329895020e-01,-4.415643811225891113e-01,6.415601372718811035e-01,3.794305026531219482e-01,-1.403270214796066284e-01,8.377432823181152344e-02,5.637133717536926270e-01,-5.863082408905029297e-01,1.346222907304763794e-01,4.839375019073486328e-01,2.529946863651275635e-01,1.505626291036605835e-01,-6.649774909019470215e-01,4.660320878028869629e-01,3.643967807292938232e-01,-1.084201317280530930e-02,-6.164835095405578613e-01,1.966009140014648438e-01,3.071909546852111816e-01,-1.237943619489669800e-01,-4.129079878330230713e-01,4.349285364151000977e-01,8.100973814725875854e-02,5.354474186897277832e-01,9.094409644603729248e-02,-1.623194105923175812e-02,-2.420171648263931274e-01,-5.921410918235778809e-01,-2.109919488430023193e-01,-9.043402969837188721e-02,-8.434535702690482140e-04,2.143442817032337189e-02,-1.155430823564529419e-01,6.746151298284530640e-02,-7.050415873527526855e-02,1.471754759550094604e-01,-6.009692549705505371e-01,2.094104886054992676e-01,4.891885444521903992e-02,-1.030829325318336487e-01,-4.196025431156158447e-01,-1.186014190316200256e-01,1.526741981506347656e-01,2.920886501669883728e-02,1.355501264333724976e-01,7.797547429800033569e-02,-1.524972021579742432e-01,2.651578485965728760e-01,5.039464831352233887e-01,-5.637311339378356934e-01,-1.488842964172363281e-01,-3.985562026500701904e-01,5.302817001938819885e-02,-2.624712288379669189e-01,6.101306676864624023e-01,-1.886817626655101776e-02,-5.560109019279479980e-01,-7.629852276295423508e-03,6.560728549957275391e-01,-4.122495949268341064e-01,-5.714517235755920410e-01,7.425224184989929199e-01,6.211200263351202011e-03,-3.205018937587738037e-01,1.206051837652921677e-02,-3.948093652725219727e-01,-5.081531405448913574e-01,-1.171114891767501831e-01,2.442035824060440063e-02,2.531679570674896240e-01,2.750860750675201416e-01,-8.778656832873821259e-03,-2.800647020339965820e-01,-6.406224370002746582e-01,3.742775321006774902e-01,-6.024748086929321289e-01,1.889419257640838623e-01,3.003211021423339844e-01,-3.950585378333926201e-04,-3.258706927299499512e-01,9.194239974021911621e-02,-1.526751071214675903e-01,-1.499710381031036377e-01,-7.081233859062194824e-01,-2.878180146217346191e-01,6.616986393928527832e-01,1.146401613950729370e-01,-6.413859128952026367e-01,-6.206207275390625000e-01,1.971647888422012329e-01,-5.460681766271591187e-02,6.366505622863769531e-01,-4.903676807880401611e-01,-6.269792318344116211e-01,1.448598355054855347e-01,5.492060184478759766e-01,-4.774869084358215332e-01,2.102570794522762299e-02,1.273493319749832153e-01,-5.523988604545593262e-01,2.842495143413543701e-01,3.652740716934204102e-01,4.914973676204681396e-01,5.352641940116882324e-01,-3.331099152565002441e-01,-4.158485531806945801e-01,-3.646363317966461182e-01,2.213662117719650269e-02,2.085746824741363525e-01
1.538189202547073364e-01,4.366681352257728577e-02,-2.689681351184844971e-01,1.412987709045410156e-01,2.458461076021194458e-01,-1.280400305986404419e-01,-3.767930716276168823e-02,2.322378903627395630e-01,7.032233476638793945e-02,1.063576713204383850e-01,2.848610747605562210e-03,-1.323143243789672852e-01,2.611082494258880615e-01,1.604527235031127930e-01,3.277582526206970215e-01,3.347706794738769531e-01,-1.525482948636636138e-04,9.067203104496002197e-02,-9.427487850189208984e-02,-1.173975989222526550e-01,-7.079419493675231934e-02,2.348528355360031128e-01,8.264283835887908936e-02,2.798674814403057098e-02,2.816764079034328461e-02,3.218359053134918213e-01,-2.883855402469635010e-01,-1.652855575084686279e-01,2.780335247516632080e-01,-3.207015991210937500e-02,1.020223461091518402e-02,-2.284301072359085083e-01,1.026349812746047974e-01,1.314127445220947266e-01,-2.480113878846168518e-02,-3.007538914680480957e-01,6.005071103572845459e-02,1.730073541402816772e-01,-3.545533418655395508e-01,-1.736626774072647095e-01,2.914474308490753174e-01,5.164441093802452087e-02,2.017404139041900635e-01,4.436468333005905151e-02,3.110259026288986206e-02,-1.831911951303482056e-01,-3.555630445480346680e-01,-9.761472046375274658e-02,-6.246710661798715591e-03,5.966952443122863770e-02,-9.388471394777297974e-02,-8.294839411973953247e-02,6.260125339031219482e-02,2.390981279313564301e-02,-1.059397906064987183e-01,-3.722252547740936279e-01,7.945080846548080444e-02,2.797183953225612640e-02,-1.292056739330291748e-01,-1.536873131990432739e-01,5.670744553208351135e-02,-3.024098649621009827e-02,8.058155886828899384e-03,1.006309464573860168e-01,2.129141613841056824e-02,-6.617476046085357666e-02,8.523155748844146729e-02,3.514111042022705078e-01,-2.799822688102722168e-01,9.144470840692520142e-02,-2.846960127353668213e-01,-4.838622733950614929e-02,-2.763746492564678192e-02,3.052333593368530273e-01,-5.109837651252746582e-02,-2.647759318351745605e-01,-8.924937807023525238e-03,3.450635373592376709e-01,-9.054045379161834717e-02,-2.542893886566162109e-01,2.392509132623672485e-01,2.463138429448008537e-03,-3.171967267990112305e-01,3.468267852440476418e-03,-2.785358726978302002e-01,-3.318797051906585693e-01,1.676301211118698120e-01,1.439874805510044098e-02,1.010890007019042969e-01,1.406631767749786377e-01,-9.782808274030685425e-02,-3.379000583663582802e-03,-1.321993917226791382e-01,-1.656846515834331512e-02,-2.354227453470230103e-01,-4.064695909619331360e-02,2.479144185781478882e-01,-2.311982243554666638e-04,-2.423984110355377197e-01,2.069130986928939819e-01,-1.001884117722511292e-01,1.621435731649398804e-01,-2.819238901138305664e-01,-1.481186896562576294e-01,3.038747012615203857e-01,2.092795446515083313e-02,-8.414112031459808350e-02,-2.408112883567810059e-01,-1.386876702308654785e-01,-1.314341276884078979e-02,9.279878437519073486e-02,-1.850386033765971661e-03,-2.414185553789138794e-01,-1.336080282926559448e-01,4.068965613842010498e-01,-3.197080492973327637e-01,2.044847458600997925e-01,2.197046950459480286e-02,-3.696062266826629639e-01,6.840043514966964722e-02,1.655109673738479614e-01,2.226055115461349487e-01,3.130327761173248291e-01,-1.037790700793266296e-01,-8.947432786226272583e-02,-8.255349099636077881e-02,-1.313063967972993851e-02,6.748400628566741943e-02
-1.564678698778152466e-01,-1.157672889530658722e-02,-8.149936795234680176e-03,9.304794669151306152e-02,-1.280400305986404419e-01,2.682856321334838867e-01,-1.511264499276876450e-02,-1.146763935685157776e-01,-1.482176333665847778e-01,-5.390376597642898560e-02,5.345989763736724854e-02,2.550213225185871124e-02,-1.535032242536544800e-01,9.455247223377227783e-02,-6.651141494512557983e-02,-1.220764145255088806e-01,-3.235156415030360222e-03,-1.261742133647203445e-02,-9.745179675519466400e-03,-2.842762693762779236e-02,5.870663002133369446e-02,1.342932041734457016e-02,1.060515865683555603e-01,-1.873288862407207489e-02,-1.238654833287000656e-02,-1.815766543149948120e-01,4.664641618728637695e-02,1.301307976245880127e-01,-6.270137149840593338e-03,2.439308352768421173e-02,8.293654024600982666e-02,4.845375940203666687e-02,-2.574531547725200653e-02,8.718515187501907349e-02,6.788061000406742096e-03,5.842310190200805664e-02,-1.886110636405646801e-03,-7.207038998603820801e-02,2.300508022308349609e-01,-6.917030364274978638e-02,-2.189895957708358765e-01,-2.563514932990074158e-02,7.748281210660934448e-02,-2.028514863923192024e-04,9.966514259576797485e-02,5.319725349545478821e-02,1.037142574787139893e-01,1.036608684808015823e-02,-9.027314186096191406e-02,-6.869939714670181274e-02,1.602213978767395020e-01,-1.150662451982498169e-01,-6.350633502006530762e-02,-5.631956830620765686e-02,7.813281565904617310e-02,8.693330734968185425e-02,1.299658790230751038e-02,-6.166202947497367859e-03,1.082236841320991516e-01,8.957123383879661560e-03,-4.001859948039054871e-02,2.417939156293869019e-02,1.510121044702827930e-03,-1.730755269527435303e-01,-3.134011849761009216e-02,3.240638971328735352e-02,3.162192553281784058e-02,-1.152065098285675049e-01,8.789843320846557617e-02,-6.629320234060287476e-02,1.201246678829193115e-01,-1.332364678382873535e-01,-8.494527079164981842e-03,-9.533026069402694702e-02,8.199065923690795898e-02,3.898888826370239258e-02,6.441950798034667969e-03,-8.749731630086898804e-02,7.883824408054351807e-03,7.460693269968032837e-02,-2.296667778864502907e-03,-1.004070363705977798e-04,1.032150611281394958e-01,-4.618330392986536026e-03,1.476787477731704712e-01,1.232056170701980591e-01,-1.259885728359222412e-01,-4.584575537592172623e-03,-8.890070766210556030e-02,-5.312494933605194092e-02,6.618245691061019897e-02,-4.806219041347503662e-02,-2.776422910392284393e-02,1.102872714400291443e-01,8.262074738740921021e-02,5.626329407095909119e-02,-2.014713361859321594e-02,9.122423216467723250e-05,5.180521309375762939e-02,-2.334655076265335083e-01,6.941344123333692551e-03,-2.462706416845321655e-01,6.061254814267158508e-02,5.183761194348335266e-02,-1.270030289888381958e-01,1.103765591979026794e-01,-4.454354941844940186e-02,1.818282529711723328e-02,2.194596529006958008e-01,5.484039429575204849e-03,8.413760364055633545e-02,-1.462094187736511230e-01,1.200722530484199524e-02,1.310342252254486084e-01,-1.189522519707679749e-01,1.849593967199325562e-01,-8.622822910547256470e-02,4.159362614154815674e-02,1.301372498273849487e-01,4.487430211156606674e-03,-2.205437049269676208e-02,-8.083631843328475952e-02,-1.185876727104187012e-01,1.755889691412448883e-02,-1.054416969418525696e-01,-9.208372794091701508e-03,1.525135943666100502e-03,2.179842628538608551e-02
1.370789706707000732e-01,-3.112965822219848633e-02,1.942293792963027954e-01,-1.841698586940765381e-01,-3.767930716276168823e-02,-1.511264499276876450e-02,1.364001780748367310e-01,9.644952416419982910e-02,-4.396251589059829712e-02,-5.896496400237083435e-02,-7.933823764324188232e-02,8.482669293880462646e-02,-1.729527264833450317e-01,-1.898577809333801270e-01,-1.801562160253524780e-01,-1.949827671051025391e-01,1.594809349626302719e-03,-1.131638363003730774e-01,1.434194892644882202e-01,9.275838732719421387e-02,1.102336421608924866e-01,-2.227302491664886475e-01,-1.428610235452651978e-01,4.229672998189926147e-02,-2.472871355712413788e-02,-2.353609651327133179e-01,2.498380392789840698e-01,-3.085082396864891052e-02,-1.813343763351440430e-01,-1.353275477886199951e-01,-9.492526948451995850e-02,2.247282117605209351e-01,-1.293469369411468506e-01,-1.488473564386367798e-01,-6.331680197035893798e-05,2.454777210950851440e-01,-7.179136574268341064e-02,-9.829845279455184937e-02,4.222963470965623856e-03,4.181633889675140381e-02,-8.198274672031402588e-02,4.593583289533853531e-03,-2.561544775962829590e-01,-3.021095879375934601e-02,-3.001582249999046326e-02,1.462581008672714233e-01,1.849114000797271729e-01,3.504117578268051147e-02,6.556110084056854248e-02,2.433978579938411713e-02,-2.546032518148422241e-02,5.682487785816192627e-02,3.634424880146980286e-02,-1.477565523236989975e-02,-3.570874407887458801e-02,2.078359425067901611e-01,-5.805064365267753601e-02,-1.696825399994850159e-02,2.970707602798938751e-02,1.370777785778045654e-01,-1.193372183479368687e-03,-2.720402553677558899e-02,-6.274587940424680710e-03,2.496844157576560974e-02,2.474943641573190689e-03,5.404586344957351685e-02,-1.343352049589157104e-01,-1.629183590412139893e-01,2.129185199737548828e-01,7.647754997014999390e-02,7.752474397420883179e-02,5.523504316806793213e-02,1.097649112343788147e-01,-1.926025599241256714e-01,-2.303466759622097015e-02,1.312097311019897461e-01,3.872277680784463882e-03,-2.268556803464889526e-01,3.418162092566490173e-02,1.837927252054214478e-01,-2.268453091382980347e-01,-1.974849961698055267e-03,8.387461304664611816e-02,-5.291606765240430832e-03,3.499319776892662048e-02,2.394388020038604736e-01,8.696871995925903320e-02,-1.032101456075906754e-02,-1.276278495788574219e-01,-6.867615878582000732e-02,-3.023664094507694244e-02,8.119861036539077759e-02,2.186540067195892334e-01,-1.353177577257156372e-01,1.744196563959121704e-01,-1.429378092288970947e-01,-7.222360372543334961e-02,8.045220602070912719e-05,1.116440594196319580e-01,6.194022670388221741e-02,2.271290495991706848e-02,1.164034605026245117e-01,2.418217957019805908e-01,9.037476032972335815e-02,-2.208409309387207031e-01,9.565264731645584106e-02,1.820747256278991699e-01,2.544048726558685303e-01,-1.349888741970062256e-01,1.923366077244281769e-02,-2.356079667806625366e-01,1.204460039734840393e-01,2.346795052289962769e-01,5.374080967158079147e-03,-1.854008734226226807e-01,1.520837396383285522e-01,3.031298890709877014e-02,-5.766430497169494629e-02,1.191415935754776001e-01,-8.981297165155410767e-02,-1.280667632818222046e-01,-1.035399809479713440e-01,-1.556464731693267822e-01,1.420655846595764160e-01,1.683629006147384644e-01,1.003654077649116516e-01,-1.059395843185484409e-03,-3.947212174534797668e-02
3.910425603389739990e-01,9.955973364412784576e-03,-8.381621539592742920e-02,-6.168923899531364441e-02,2.322378903627395630e-01,-1.146763935685157776e-01,9.644952416419982910e-02,4.877247214317321777e-01,-6.245112512260675430e-03,3.244039788842201233e-02,-4.984955117106437683e-02,-6.283345818519592285e-02,8.531655371189117432e-02,1.760139502584934235e-02,1.938533335924148560e-01,1.714828908443450928e-01,3.130429540760815144e-04,-5.554148927330970764e-02,1.100409552454948425e-01,-1.837441138923168182e-02,1.406672447919845581e-01,2.252388186752796173e-02,-4.602306336164474487e-02,6.450927257537841797e-02,-2.513175131753087044e-03,5.823837220668792725e-02,-1.823757961392402649e-02,-2.372130006551742554e-01,1.520828604698181152e-01,-2.024671137332916260e-01,-9.793870151042938232e-02,3.165349736809730530e-02,-1.183058470487594604e-01,5.688130483031272888e-02,-4.055013880133628845e-02,-8.451166003942489624e-02,-2.399643696844577789e-02,7.777909934520721436e-02,-4.467363357543945312e-01,-2.091563194990158081e-01,1.762554198503494263e-01,5.397786945104598999e-02,-5.941562727093696594e-02,2.027464471757411957e-02,1.067664921283721924e-01,-7.825303077697753906e-02,-2.026570737361907959e-01,-7.147078961133956909e-02,3.828732669353485107e-02,4.703943151980638504e-03,-1.154667213559150696e-01,-1.053879037499427795e-01,1.019326150417327881e-01,-3.550705313682556152e-02,-2.059070169925689697e-01,-2.082054316997528076e-01,5.859294161200523376e-02,1.661784946918487549e-02,-3.266257420182228088e-02,-1.628251560032367706e-02,8.794566988945007324e-02,-9.581180661916732788e-02,6.054483237676322460e-04,4.118324816226959229e-02,9.358362294733524323e-03,1.199130128952674568e-04,-9.443540871143341064e-02,1.951341032981872559e-01,-9.646394848823547363e-02,1.808655560016632080e-01,-2.448933124542236328e-01,-1.091059297323226929e-01,1.019017025828361511e-01,1.443082392215728760e-01,-4.643034934997558594e-02,-9.394319355487823486e-02,-5.105589982122182846e-03,1.381410956382751465e-01,-3.059477359056472778e-02,-6.850963085889816284e-02,-1.220847293734550476e-02,8.263485506176948547e-04,-3.008958697319030762e-01,-4.296078812330961227e-03,-2.390742748975753784e-01,-1.010414585471153259e-01,2.909704148769378662e-01,5.089095793664455414e-03,-7.250782847404479980e-02,8.673240244388580322e-02,-1.410706192255020142e-01,1.366564035415649414e-01,1.646459102630615234e-01,-2.226361632347106934e-01,-3.512118384242057800e-02,-2.486735880374908447e-01,2.165765315294265747e-01,-1.680014393059536815e-04,-1.959767192602157593e-01,2.790258228778839111e-01,-1.296365112066268921e-01,3.144198358058929443e-01,-2.511401847004890442e-02,-6.242834776639938354e-02,3.474337607622146606e-02,1.699453294277191162e-01,2.094284296035766602e-01,2.179379761219024658e-02,-2.843351364135742188e-01,1.629145070910453796e-02,-1.595123112201690674e-01,1.677141189575195312e-01,-1.592846959829330444e-02,-1.435105353593826294e-01,2.651000618934631348e-01,-1.497382670640945435e-01,3.201319277286529541e-01,-1.927836611866950989e-02,-3.090848922729492188e-01,-4.337369650602340698e-02,9.039260447025299072e-03,1.171119213104248047e-01,1.449828892946243286e-01,1.194304376840591431e-01,5.044763907790184021e-02,2.790867537260055542e-02,-2.205253206193447113e-02,1.119440421462059021e-02
6.605462729930877686e-02,2.079230360686779022e-02,-1.191409006714820862e-01,9.360708296298980713e-02,7.032233476638793945e-02,-1.482176333665847778e-01,-4.396251589059829712e-02,-6.245112512260675430e-03,1.679701805114746094e-01,9.234244376420974731e-02,-2.768050692975521088e-02,-8.354910463094711304e-02,1.324817240238189697e-01,1.194246932864189148e-01,1.633042395114898682e-01,1.780276298522949219e-01,8.781098760664463043e-03,3.592840954661369324e-02,-1.029843688011169434e-01,-5.663455277681350708e-02,-2.355250865221023560e-01,1.481851488351821899e-01,1.765712536871433258e-02,-4.352140426635742188e-02,3.259970247745513916e-02,2.515253424644470215e-01,-1.514904797077178955e-01,6.707861903123557568e-04,6.353750079870223999e-02,8.596249669790267944e-02,-3.820354491472244263e-02,-2.380191981792449951e-01,1.535363793373107910e-01,2.710169553756713867e-02,-2.647576155140995979e-03,-1.822550296783447266e-01,4.732385277748107910e-02,1.067180857062339783e-01,-9.942037612199783325e-02,-7.600463181734085083e-02,2.445091903209686279e-01,4.142749309539794922e-02,4.408515244722366333e-02,1.663056388497352600e-02,-1.152679175138473511e-01,-6.736423075199127197e-02,-1.799096614122390747e-01,-5.670486390590667725e-02,4.814760759472846985e-02,1.066604070365428925e-02,-1.125631704926490784e-01,8.005540817975997925e-02,8.072078973054885864e-02,4.155041649937629700e-03,3.023845702409744263e-02,-1.752688139677047729e-01,4.066883400082588196e-02,1.267150696367025375e-02,-6.222170963883399963e-02,-1.045128181576728821e-01,-3.544080629944801331e-02,5.469528958201408386e-02,7.655604276806116104e-03,1.706230789422988892e-01,4.088418930768966675e-02,-5.565815791487693787e-02,1.331066805869340897e-02,1.607279181480407715e-01,-1.961017102003097534e-01,-3.459870070219039917e-02,-1.379697620868682861e-01,1.592073738574981689e-01,-9.150586277246475220e-02,2.170541137456893921e-01,-5.930554866790771484e-02,-1.295192092657089233e-01,-4.588434472680091858e-03,2.125244736671447754e-01,-1.251917183399200439e-01,-1.971550583839416504e-01,2.080134451389312744e-01,1.644205767661333084e-03,-9.545440226793289185e-02,6.180583033710718155e-03,-1.787674874067306519e-01,-1.680762767791748047e-01,7.762079127132892609e-03,6.781450007110834122e-03,1.373774260282516479e-01,9.919988363981246948e-02,-2.008485794067382812e-02,-6.295230984687805176e-02,-1.518775969743728638e-01,5.146970972418785095e-02,-2.105914503335952759e-01,5.782306194305419922e-03,2.794721163809299469e-02,-1.449087139917537570e-04,-9.973561763763427734e-02,1.603323966264724731e-01,-3.822828456759452820e-02,1.080407202243804932e-01,-2.332860678434371948e-01,-9.377352893352508545e-02,2.342426180839538574e-01,-3.619077429175376892e-02,-1.654331237077713013e-01,-1.443511992692947388e-01,-7.169147580862045288e-02,-2.032445184886455536e-02,1.820557564496994019e-01,-5.511115863919258118e-02,-1.603490412235260010e-01,-3.977068699896335602e-03,1.464296877384185791e-01,-2.180468440055847168e-01,3.342950344085693359e-02,-1.398697961121797562e-02,-2.105585485696792603e-01,8.162996917963027954e-02,6.328915059566497803e-02,1.829489022493362427e-01,2.015250474214553833e-01,-8.041339367628097534e-02,-4.687315225601196289e-02,-1.269923597574234009e-01,1.396346744149923325e-02,1.453163195401430130e-02
1.745773130096495152e-03,3.404901176691055298e-02,-2.610830664634704590e-01,2.209352254867553711e-01,1.063576713204383850e-01,-5.390376597642898560e-02,-5.896496400237083435e-02,3.244039788842201233e-02,9.234244376420974731e-02,1.170168519020080566e-01,9.908559732139110565e-03,-1.334184259176254272e-01,1.933042854070663452e-01,2.140941768884658813e-01,2.698975205421447754e-01,2.721926271915435791e-01,6.469304673373699188e-03,6.850192695856094360e-02,-1.802294552326202393e-01,-1.376104801893234253e-01,-1.911141872406005859e-01,2.737764418125152588e-01,1.310219317674636841e-01,-6.001302972435951233e-02,3.982837125658988953e-02,3.204265236854553223e-01,-2.842842340469360352e-01,5.622889380902051926e-03,2.366562187671661377e-01,7.126665860414505005e-02,2.803219854831695557e-02,-3.140174448490142822e-01,1.789011508226394653e-01,1.463366597890853882e-01,-1.205297093838453293e-02,-3.000824451446533203e-01,7.990050315856933594e-02,1.602633148431777954e-01,-1.649399846792221069e-01,-1.419569104909896851e-01,2.612114548683166504e-01,4.107888415455818176e-02,1.930252313613891602e-01,3.956779092550277710e-02,-3.356205299496650696e-02,-1.595366299152374268e-01,-3.043844699859619141e-01,-8.394613862037658691e-02,1.054850523360073566e-03,-1.944473199546337128e-02,-5.576503649353981018e-02,-1.714690215885639191e-02,4.970950260758399963e-02,-1.105732191354036331e-02,3.430819837376475334e-03,-3.168063759803771973e-01,8.633551001548767090e-02,2.435765415430068970e-02,-6.984242796897888184e-02,-1.701658666133880615e-01,-2.423413470387458801e-02,5.209218710660934448e-02,1.100584119558334351e-02,1.185836568474769592e-01,3.413129597902297974e-02,-7.467403262853622437e-02,8.222212642431259155e-02,2.598903477191925049e-01,-2.847571671009063721e-01,-3.457773849368095398e-02,-2.216963917016983032e-01,2.533882297575473785e-02,-9.955407679080963135e-02,3.126378059387207031e-01,-2.685334347188472748e-02,-2.288605719804763794e-01,-6.069262977689504623e-03,3.501298725605010986e-01,-1.466872692108154297e-01,-2.882159650325775146e-01,3.291299045085906982e-01,2.796957269310951233e-03,-1.878459304571151733e-01,5.716319195926189423e-03,-2.138588577508926392e-01,-2.667523920536041260e-01,3.128291666507720947e-02,1.240253634750843048e-02,1.369734853506088257e-01,1.456935703754425049e-01,-2.839046530425548553e-02,-8.009062707424163818e-02,-2.435885667800903320e-01,9.675666689872741699e-02,-2.842920124530792236e-01,3.439442813396453857e-02,1.237190589308738708e-01,-2.107806794811040163e-04,-1.768761575222015381e-01,1.370873600244522095e-01,-9.261304885149002075e-02,5.881641060113906860e-02,-3.394083976745605469e-01,-1.433695703744888306e-01,3.496701419353485107e-01,9.258207865059375763e-03,-2.359425425529479980e-01,-2.680172026157379150e-01,-2.354603260755538940e-03,-2.522342279553413391e-02,2.386543005704879761e-01,-1.508597582578659058e-01,-2.692131996154785156e-01,3.612276911735534668e-02,2.982808053493499756e-01,-2.844709753990173340e-01,6.339379400014877319e-02,4.316378384828567505e-02,-3.057121336460113525e-01,1.128607690334320068e-01,1.570387631654739380e-01,2.361409962177276611e-01,2.826893031597137451e-01,-1.280763745307922363e-01,-1.590773016214370728e-01,-1.565483510494232178e-01,1.520153973251581192e-02,7.279554009437561035e-02
-1.128133311867713928e-01,1.454216428101062775e-02,-9.680386632680892944e-02,5.894619971513748169e-02,2.848610747605562210e-03,5.345989763736724854e-02,-7.933823764324188232e-02,-4.984955117106437683e-02,-2.768050692975521088e-02,9.908559732139110565e-03,9.043757617473602295e-02,-3.218904137611389160e-02,1.099767982959747314e-01,8.868870139122009277e-02,7.222802191972732544e-02,9.270025044679641724e-02,-4.733422305434942245e-03,4.794193059206008911e-02,-4.790476709604263306e-02,-5.519983172416687012e-02,4.645177349448204041e-02,1.030894219875335693e-01,1.078388467431068420e-01,-2.127067558467388153e-02,4.693999886512756348e-03,9.250319749116897583e-02,-1.421355903148651123e-01,3.417132655158638954e-03,1.382638812065124512e-01,4.991480335593223572e-02,8.865179866552352905e-02,-6.879115104675292969e-02,-2.587608527392148972e-03,1.286257356405258179e-01,-4.671820905059576035e-03,-1.266080141067504883e-01,3.164130821824073792e-02,3.819711506366729736e-02,-1.811693888157606125e-03,2.724260464310646057e-02,-5.051059275865554810e-02,-2.922323904931545258e-02,1.752333790063858032e-01,1.718767546117305756e-02,8.914099633693695068e-02,-1.403398513793945312e-01,-7.113309949636459351e-02,1.354558952152729034e-02,-6.565362960100173950e-02,-7.264997810125350952e-02,5.814975127577781677e-02,-8.691409230232238770e-02,-7.177677750587463379e-02,2.066182158887386322e-02,-2.858232520520687103e-02,-1.043633073568344116e-01,2.882483229041099548e-02,9.661489166319370270e-03,1.291846390813589096e-02,-5.016689747571945190e-02,3.848490118980407715e-02,-1.472245436161756516e-02,-1.214166404679417610e-04,-1.038642302155494690e-01,-3.221196308732032776e-02,-1.822167821228504181e-02,8.156739175319671631e-02,5.872386321425437927e-02,-1.010341867804527283e-01,-4.272098466753959656e-02,-7.178346160799264908e-03,-1.682371944189071655e-01,-4.108669236302375793e-02,6.686931848526000977e-02,5.554328113794326782e-02,-9.101284667849540710e-03,-2.275369828566908836e-03,1.051405295729637146e-01,7.823853939771652222e-02,-6.895983964204788208e-02,6.450625509023666382e-02,9.416387765668332577e-04,-4.510395601391792297e-02,7.004278013482689857e-04,6.590397655963897705e-02,-1.307577490806579590e-01,-3.228452429175376892e-02,6.113388109952211380e-03,4.952141642570495605e-02,2.058309130370616913e-02,3.512241691350936890e-02,-5.018788855522871017e-03,-7.348104566335678101e-02,5.207116901874542236e-02,-3.444238007068634033e-02,8.613514155149459839e-02,2.500998787581920624e-02,-7.727320735284592956e-06,-6.830378621816635132e-02,-1.044680997729301453e-01,-2.518000639975070953e-02,-9.806083887815475464e-02,-8.312898129224777222e-02,-3.430972993373870850e-02,7.470256835222244263e-02,-9.328154474496841431e-02,-1.738211326301097870e-02,-1.300666779279708862e-01,1.251458674669265747e-01,-6.007331423461437225e-03,8.607134968042373657e-02,-4.455814138054847717e-02,-1.023582071065902710e-01,3.333497093990445137e-03,9.199791401624679565e-02,-3.735104203224182129e-02,-7.279099430888891220e-03,5.266844481229782104e-02,-8.551720529794692993e-03,2.440945990383625031e-02,6.723738461732864380e-02,-3.642790485173463821e-03,4.154000803828239441e-02,-5.493100360035896301e-02,-1.278010755777359009e-01,-2.128862030804157257e-02,-1.656161330174654722e-04,9.286927059292793274e-03
-1.502304221503436565e-03,-4.273706302046775818e-02,3.363647460937500000e-01,-2.863496840000152588e-01,-1.323143243789672852e-01,2.550213225185871124e-02,8.482669293880462646e-02,-6.283345818519592285e-02,-8.354910463094711304e-02,-1.334184259176254272e-01,-3.218904137611389160e-02,1.680225282907485962e-01,-2.295776903629302979e-01,-2.957559823989868164e-01,-3.470184803009033203e-01,-3.394820988178253174e-01,-6.365063134580850601e-03,-8.852183818817138672e-02,2.106650322675704956e-01,1.743768155574798584e-01,1.992494761943817139e-01,-3.500139117240905762e-01,-1.855121254920959473e-01,7.010639458894729614e-02,-4.578468576073646545e-02,-3.721311092376708984e-01,3.527081906795501709e-01,-3.273603739216923714e-03,-3.142946362495422363e-01,-8.708391338586807251e-02,-5.026828497648239136e-02,3.744997978210449219e-01,-1.980815827846527100e-01,-2.150262296199798584e-01,1.784902438521385193e-02,3.808058798313140869e-01,-9.769853204488754272e-02,-1.927243769168853760e-01,2.003061473369598389e-01,2.050979137420654297e-01,-2.834859490394592285e-01,-4.598373919725418091e-02,-2.686642408370971680e-01,-5.207778140902519226e-02,-5.941146053373813629e-03,2.056371569633483887e-01,3.796165287494659424e-01,1.061105951666831970e-01,2.496280334889888763e-02,4.274843260645866394e-02,4.420904442667961121e-02,6.664694845676422119e-02,-4.809317737817764282e-02,2.521965838968753815e-02,3.250910434871912003e-03,3.997985720634460449e-01,-1.187624335289001465e-01,-3.150190040469169617e-02,6.253249198198318481e-02,2.148166000843048096e-01,2.102010697126388550e-02,-5.271964892745018005e-02,-1.357745379209518433e-02,-9.342659264802932739e-02,-3.286554291844367981e-02,8.657608181238174438e-02,-1.080305278301239014e-01,-3.199223577976226807e-01,3.529384136199951172e-01,4.323641210794448853e-02,2.678398787975311279e-01,2.366389334201812744e-02,1.210010126233100891e-01,-3.848037719726562500e-01,1.479057502001523972e-02,2.770186066627502441e-01,6.934563163667917252e-03,-4.306955635547637939e-01,1.685488522052764893e-01,3.494150936603546143e-01,-4.024406373500823975e-01,-3.571827430278062820e-03,2.428655624389648438e-01,-5.955165717750787735e-03,2.442055195569992065e-01,3.338581621646881104e-01,-2.662349678575992584e-02,-1.553461328148841858e-02,-1.502306461334228516e-01,-1.750440150499343872e-01,3.006725199520587921e-02,9.361603111028671265e-02,2.906253337860107422e-01,-1.211172565817832947e-01,3.348988890647888184e-01,-4.365836083889007568e-02,-1.722938269376754761e-01,2.514143416192382574e-04,2.347219586372375488e-01,-1.318403333425521851e-01,1.219485327601432800e-01,-3.711336851119995117e-02,4.128968417644500732e-01,1.737179756164550781e-01,-4.054249823093414307e-01,-3.123594820499420166e-02,2.704688608646392822e-01,3.390033245086669922e-01,-2.795636281371116638e-02,2.794427052140235901e-02,-3.052081167697906494e-01,1.888087838888168335e-01,3.429418504238128662e-01,-4.106489568948745728e-02,-3.756259679794311523e-01,3.266067504882812500e-01,-9.224695712327957153e-02,-6.416096538305282593e-02,3.750663995742797852e-01,-1.362873613834381104e-01,-1.927882432937622070e-01,-2.802872955799102783e-01,-3.359487056732177734e-01,1.467552930116653442e-01,2.212287783622741699e-01,1.900093555450439453e-01,-1.369559019804000854e-02,-8.950667828321456909e-02
