9.999980926513671875e-01,-9.999978542327880859e-01,-9.999858140945434570e-01,9.999980330467224121e-01,9.999988079071044922e-01,-9.999983906745910645e-01,9.999713897705078125e-01,9.999988079071044922e-01,-9.999966025352478027e-01,9.999958872795104980e-01,-9.999944567680358887e-01,-9.999986886978149414e-01,9.999980926513671875e-01,9.999971985816955566e-01,9.999408721923828125e-01,9.999977946281433105e-01,9.999976754188537598e-01,-9.999977350234985352e-01,9.999263286590576172e-01,-9.999989867210388184e-01,-9.999988079071044922e-01,9.999851584434509277e-01,9.999970197677612305e-01,9.999982714653015137e-01,9.999818801879882812e-01,9.999989271163940430e-01,-9.999983310699462891e-01,-9.999988079071044922e-01,9.999781250953674316e-01,-9.999950528144836426e-01,-9.999972581863403320e-01,-9.999985694885253906e-01,9.999963045120239258e-01,9.999977946281433105e-01,-9.999969005584716797e-01,-9.999945759773254395e-01,9.999988675117492676e-01,9.999985098838806152e-01,9.999929070472717285e-01,-9.999987483024597168e-01,9.999982118606567383e-01,-9.999972581863403320e-01,9.999410510063171387e-01,9.999983906745910645e-01,9.999961853027343750e-01,9.999973177909851074e-01,9.999951720237731934e-01,9.999968409538269043e-01,9.999986886978149414e-01,-9.999983906745910645e-01,-9.999986290931701660e-01,-9.999969005584716797e-01,-9.999983310699462891e-01,-9.999890923500061035e-01,-9.999956488609313965e-01,-9.999974370002746582e-01,-9.999977946281433105e-01,9.999780058860778809e-01,9.999973177909851074e-01,9.999973177909851074e-01,-9.999942183494567871e-01,9.999987483024597168e-01,9.999981522560119629e-01,9.999950528144836426e-01,-9.999941587448120117e-01,-9.999986886978149414e-01,-9.999988675117492676e-01,-9.999924302101135254e-01,-9.999979138374328613e-01,9.999988079071044922e-01,-9.999983906745910645e-01,9.999971985816955566e-01,9.999961853027343750e-01,-9.999867081642150879e-01,9.999004602432250977e-01,-9.999976754188537598e-01,9.999826550483703613e-01,9.999979734420776367e-01,-9.999893903732299805e-01,-9.999974370002746582e-01,9.999300837516784668e-01,9.999976754188537598e-01,-9.999986290931701660e-01,-9.998646378517150879e-01,-9.999983310699462891e-01,-9.999835491180419922e-01,9.999932050704956055e-01,9.999985694885253906e-01,-9.999836683273315430e-01,9.999979734420776367e-01,-9.999982118606567383e-01,9.999982714653015137e-01,-9.999684691429138184e-01,-9.999982714653015137e-01,9.999984502792358398e-01,-9.999973773956298828e-01,9.994031786918640137e-01,9.999988079071044922e-01,-9.999986290931701660e-01,9.999924302101135254e-01,-9.999974370002746582e-01,9.999984502792358398e-01,-9.999882578849792480e-01,-9.999768733978271484e-01,9.999983310699462891e-01,9.999938011169433594e-01,9.999865889549255371e-01,-9.999971985816955566e-01,-9.999942183494567871e-01,9.999982714653015137e-01,-9.999971985816955566e-01,9.999984502792358398e-01,-9.999977946281433105e-01,-9.999921917915344238e-01,9.999988675117492676e-01,-9.999983310699462891e-01,9.999982118606567383e-01,-9.999985694885253906e-01,-9.999844431877136230e-01,-9.999977350234985352e-01,-9.999988079071044922e-01,9.999955296516418457e-01,9.999985694885253906e-01,-9.999972581863403320e-01,9.999805092811584473e-01,-9.999950528144836426e-01,-9.999656677246093750e-01,-9.999976754188537598e-01
-9.999978542327880859e-01,9.999977946281433105e-01,9.999849200248718262e-01,-9.999980330467224121e-01,-9.999986886978149414e-01,9.999983310699462891e-01,-9.999693632125854492e-01,-9.999988675117492676e-01,9.999963641166687012e-01,-9.999957680702209473e-01,9.999941587448120117e-01,9.999986886978149414e-01,-9.999980330467224121e-01,-9.999971389770507812e-01,-9.999368190765380859e-01,-9.999977350234985352e-01,-9.999974966049194336e-01,9.999977350234985352e-01,-9.999212026596069336e-01,9.999989271163940430e-01,9.999987483024597168e-01,-9.999842047691345215e-01,-9.999969005584716797e-01,-9.999982714653015137e-01,-9.999806284904479980e-01,-9.999989271163940430e-01,9.999982118606567383e-01,9.999987483024597168e-01,-9.999766945838928223e-01,9.999948143959045410e-01,9.999971389770507812e-01,9.999985098838806152e-01,-9.999961853027343750e-01,-9.999977350234985352e-01,9.999967217445373535e-01,9.999942779541015625e-01,-9.999988079071044922e-01,-9.999985098838806152e-01,-9.999923706054687500e-01,9.999986290931701660e-01,-9.999982118606567383e-01,9.999971389770507812e-01,-9.999370574951171875e-01,-9.999983906745910645e-01,-9.999961256980895996e-01,-9.999971985816955566e-01,-9.999949336051940918e-01,-9.999967217445373535e-01,-9.999986886978149414e-01,9.999983310699462891e-01,9.999986290931701660e-01,9.999967813491821289e-01,9.999982714653015137e-01,9.999883770942687988e-01,9.999953508377075195e-01,9.999973177909851074e-01,9.999977350234985352e-01,-9.999765753746032715e-01,-9.999971985816955566e-01,-9.999971985816955566e-01,9.999939203262329102e-01,-9.999986886978149414e-01,-9.999980926513671875e-01,-9.999947547912597656e-01,9.999938607215881348e-01,9.999986886978149414e-01,9.999988079071044922e-01,9.999920129776000977e-01,9.999977946281433105e-01,-9.999988079071044922e-01,9.999983906745910645e-01,-9.999970793724060059e-01,-9.999960064888000488e-01,9.999858736991882324e-01,-9.998934864997863770e-01,9.999976158142089844e-01,-9.999815225601196289e-01,-9.999979138374328613e-01,9.999885559082031250e-01,9.999973177909851074e-01,-9.999252557754516602e-01,-9.999974966049194336e-01,9.999985694885253906e-01,9.998551011085510254e-01,9.999983310699462891e-01,9.999825358390808105e-01,-9.999928474426269531e-01,-9.999984502792358398e-01,9.999825358390808105e-01,-9.999979138374328613e-01,9.999981522560119629e-01,-9.999982714653015137e-01,9.999662637710571289e-01,9.999982118606567383e-01,-9.999983310699462891e-01,9.999970793724060059e-01,-9.993611574172973633e-01,-9.999988079071044922e-01,9.999985694885253906e-01,-9.999918937683105469e-01,9.999973773956298828e-01,-9.999984502792358398e-01,9.999876022338867188e-01,9.999753236770629883e-01,-9.999983310699462891e-01,-9.999934434890747070e-01,-9.999857544898986816e-01,9.999970793724060059e-01,9.999938607215881348e-01,-9.999982118606567383e-01,9.999970197677612305e-01,-9.999984502792358398e-01,9.999976754188537598e-01,9.999916553497314453e-01,-9.999988675117492676e-01,9.999982118606567383e-01,-9.999981522560119629e-01,9.999985694885253906e-01,9.999834299087524414e-01,9.999975562095642090e-01,9.999987483024597168e-01,-9.999953508377075195e-01,-9.999985098838806152e-01,9.999971985816955566e-01,-9.999791383743286133e-01,9.999946951866149902e-01,9.999632835388183594e-01,9.999976158142089844e-01
-9.999858140945434570e-01,9.999849200248718262e-01,9.998937845230102539e-01,-9.999864697456359863e-01,-9.999911189079284668e-01,9.999884366989135742e-01,-9.997845888137817383e-01,-9.999920129776000977e-01,9.999749064445495605e-01,-9.999703764915466309e-01,9.999586343765258789e-01,9.999910593032836914e-01,-9.999859929084777832e-01,-9.999803304672241211e-01,-9.995586276054382324e-01,-9.999837875366210938e-01,-9.999827146530151367e-01,9.999843835830688477e-01,-9.994494318962097168e-01,9.999925494194030762e-01,9.999912977218627930e-01,-9.998895525932312012e-01,-9.999788999557495117e-01,-9.999880194664001465e-01,-9.998643398284912109e-01,-9.999923110008239746e-01,9.999875426292419434e-01,9.999913573265075684e-01,-9.998368024826049805e-01,9.999631643295288086e-01,9.999802112579345703e-01,9.999896883964538574e-01,-9.999728202819824219e-01,-9.999839067459106445e-01,9.999773502349853516e-01,9.999591708183288574e-01,-9.999918341636657715e-01,-9.999896883964538574e-01,-9.999474287033081055e-01,9.999907016754150391e-01,-9.999878406524658203e-01,9.999802112579345703e-01,-9.995600581169128418e-01,-9.999889731407165527e-01,-9.999727010726928711e-01,-9.999805092811584473e-01,-9.999644756317138672e-01,-9.999769926071166992e-01,-9.999902248382568359e-01,9.999886751174926758e-01,9.999898672103881836e-01,9.999769926071166992e-01,9.999882578849792480e-01,9.999182224273681641e-01,9.999675154685974121e-01,9.999809861183166504e-01,9.999840855598449707e-01,-9.998359084129333496e-01,-9.999803304672241211e-01,-9.999806880950927734e-01,9.999572634696960449e-01,-9.999911785125732422e-01,-9.999869465827941895e-01,-9.999638795852661133e-01,9.999570250511169434e-01,9.999904632568359375e-01,9.999915361404418945e-01,9.999440312385559082e-01,9.999850988388061523e-01,-9.999911785125732422e-01,9.999890327453613281e-01,-9.999803900718688965e-01,-9.999723434448242188e-01,9.999011158943176270e-01,-9.992557764053344727e-01,9.999836087226867676e-01,-9.998701810836791992e-01,-9.999858736991882324e-01,9.999199509620666504e-01,9.999811053276062012e-01,-9.994772672653198242e-01,-9.999824762344360352e-01,9.999903440475463867e-01,9.989879727363586426e-01,9.999877214431762695e-01,9.998775720596313477e-01,-9.999499917030334473e-01,-9.999893307685852051e-01,9.998776316642761230e-01,-9.999852180480957031e-01,9.999874234199523926e-01,-9.999872446060180664e-01,9.997636675834655762e-01,9.999870657920837402e-01,-9.999886751174926758e-01,9.999805688858032227e-01,-9.955502748489379883e-01,-9.999913573265075684e-01,9.999902844429016113e-01,-9.999432563781738281e-01,9.999813437461853027e-01,-9.999893307685852051e-01,9.999125003814697266e-01,9.998273849487304688e-01,-9.999878406524658203e-01,-9.999542236328125000e-01,-9.999000430107116699e-01,9.999792575836181641e-01,9.999568462371826172e-01,-9.999879002571105957e-01,9.999794363975524902e-01,-9.999886155128479004e-01,9.999840259552001953e-01,9.999415874481201172e-01,-9.999923110008239746e-01,9.999876618385314941e-01,-9.999874830245971680e-01,9.999900460243225098e-01,9.998840689659118652e-01,9.999832510948181152e-01,9.999907612800598145e-01,-9.999673962593078613e-01,-9.999892711639404297e-01,9.999809265136718750e-01,-9.998541474342346191e-01,9.999630451202392578e-01,9.997431635856628418e-01,9.999834895133972168e-01
9.999980330467224121e-01,-9.999980330467224121e-01,-9.999864697456359863e-01,9.999981522560119629e-01,9.999987483024597168e-01,-9.999983906745910645e-01,9.999727010726928711e-01,9.999988675117492676e-01,-9.999967813491821289e-01,9.999960660934448242e-01,-9.999947547912597656e-01,-9.999987483024597168e-01,9.999981522560119629e-01,9.999973177909851074e-01,9.999436736106872559e-01,9.999979138374328613e-01,9.999977946281433105e-01,-9.999978542327880859e-01,9.999297261238098145e-01,-9.999991059303283691e-01,-9.999988675117492676e-01,9.999858736991882324e-01,9.999971985816955566e-01,9.999983310699462891e-01,9.999826550483703613e-01,9.999990463256835938e-01,-9.999982714653015137e-01,-9.999988675117492676e-01,9.999791383743286133e-01,-9.999952912330627441e-01,-9.999973773956298828e-01,-9.999986290931701660e-01,9.999963641166687012e-01,9.999979138374328613e-01,-9.999970793724060059e-01,-9.999948143959045410e-01,9.999988675117492676e-01,9.999985098838806152e-01,9.999932050704956055e-01,-9.999986886978149414e-01,9.999983906745910645e-01,-9.999973773956298828e-01,9.999438524246215820e-01,9.999985098838806152e-01,9.999964833259582520e-01,9.999974370002746582e-01,9.999954700469970703e-01,9.999969005584716797e-01,9.999986290931701660e-01,-9.999984502792358398e-01,-9.999986886978149414e-01,-9.999970197677612305e-01,-9.999983906745910645e-01,-9.999895691871643066e-01,-9.999958276748657227e-01,-9.999974966049194336e-01,-9.999979138374328613e-01,9.999791383743286133e-01,9.999974370002746582e-01,9.999974370002746582e-01,-9.999944567680358887e-01,9.999988079071044922e-01,9.999982118606567383e-01,9.999952912330627441e-01,-9.999944567680358887e-01,-9.999986886978149414e-01,-9.999988675117492676e-01,-9.999927878379821777e-01,-9.999980330467224121e-01,9.999988079071044922e-01,-9.999985098838806152e-01,9.999973177909851074e-01,9.999963641166687012e-01,-9.999873638153076172e-01,9.999050498008728027e-01,-9.999977946281433105e-01,9.999834895133972168e-01,9.999981522560119629e-01,-9.999898076057434082e-01,-9.999974966049194336e-01,9.999333620071411133e-01,9.999977350234985352e-01,-9.999986886978149414e-01,-9.998708963394165039e-01,-9.999983906745910645e-01,-9.999843239784240723e-01,9.999936223030090332e-01,9.999985694885253906e-01,-9.999844431877136230e-01,9.999980926513671875e-01,-9.999983906745910645e-01,9.999983310699462891e-01,-9.999699592590332031e-01,-9.999982118606567383e-01,9.999985098838806152e-01,-9.999974370002746582e-01,9.994309544563293457e-01,9.999988675117492676e-01,-9.999986886978149414e-01,9.999927878379821777e-01,-9.999975562095642090e-01,9.999986290931701660e-01,-9.999888539314270020e-01,-9.999779462814331055e-01,9.999983310699462891e-01,9.999940991401672363e-01,9.999873042106628418e-01,-9.999973177909851074e-01,-9.999945163726806641e-01,9.999984502792358398e-01,-9.999973177909851074e-01,9.999984502792358398e-01,-9.999978542327880859e-01,-9.999925494194030762e-01,9.999989271163940430e-01,-9.999983310699462891e-01,9.999982714653015137e-01,-9.999985694885253906e-01,-9.999851584434509277e-01,-9.999977350234985352e-01,-9.999988079071044922e-01,9.999957680702209473e-01,9.999985098838806152e-01,-9.999974370002746582e-01,9.999814629554748535e-01,-9.999952912330627441e-01,-9.999672770500183105e-01,-9.999977946281433105e-01
9.999988079071044922e-01,-9.999986886978149414e-01,-9.999911189079284668e-01,9.999987483024597168e-01,9.999992847442626953e-01,-9.999990463256835938e-01,9.999818801879882812e-01,9.999993443489074707e-01,-9.999978542327880859e-01,9.999974370002746582e-01,-9.999964237213134766e-01,-9.999991655349731445e-01,9.999988675117492676e-01,9.999982118606567383e-01,9.999626278877258301e-01,9.999986886978149414e-01,9.999986290931701660e-01,-9.999986290931701660e-01,9.999532699584960938e-01,-9.999994635581970215e-01,-9.999994039535522461e-01,9.999906420707702637e-01,9.999981522560119629e-01,9.999989867210388184e-01,9.999885559082031250e-01,9.999994039535522461e-01,-9.999989271163940430e-01,-9.999992847442626953e-01,9.999862313270568848e-01,-9.999969005584716797e-01,-9.999982118606567383e-01,-9.999991655349731445e-01,9.999976754188537598e-01,9.999986290931701660e-01,-9.999981522560119629e-01,-9.999964833259582520e-01,9.999994039535522461e-01,9.999991655349731445e-01,9.999955892562866211e-01,-9.999992251396179199e-01,9.999989271163940430e-01,-9.999982714653015137e-01,9.999627470970153809e-01,9.999991059303283691e-01,9.999976754188537598e-01,9.999983310699462891e-01,9.999969601631164551e-01,9.999980330467224121e-01,9.999992847442626953e-01,-9.999991059303283691e-01,-9.999991655349731445e-01,-9.999981522560119629e-01,-9.999990463256835938e-01,-9.999932050704956055e-01,-9.999971985816955566e-01,-9.999983906745910645e-01,-9.999986290931701660e-01,9.999861121177673340e-01,9.999983906745910645e-01,9.999983310699462891e-01,-9.999963045120239258e-01,9.999992847442626953e-01,9.999988675117492676e-01,9.999969005584716797e-01,-9.999963045120239258e-01,-9.999992251396179199e-01,-9.999992847442626953e-01,-9.999952912330627441e-01,-9.999986886978149414e-01,9.999992847442626953e-01,-9.999992251396179199e-01,9.999983310699462891e-01,9.999975562095642090e-01,-9.999915957450866699e-01,9.999369382858276367e-01,-9.999985694885253906e-01,9.999890923500061035e-01,9.999988675117492676e-01,-9.999933242797851562e-01,-9.999984502792358398e-01,9.999557733535766602e-01,9.999985694885253906e-01,-9.999992251396179199e-01,-9.999142289161682129e-01,-9.999989271163940430e-01,-9.999895691871643066e-01,9.999957680702209473e-01,9.999991655349731445e-01,-9.999897480010986328e-01,9.999987483024597168e-01,-9.999989867210388184e-01,9.999989867210388184e-01,-9.999800324440002441e-01,-9.999988675117492676e-01,9.999992251396179199e-01,-9.999983310699462891e-01,9.996217489242553711e-01,9.999994039535522461e-01,-9.999992847442626953e-01,9.999952912330627441e-01,-9.999985098838806152e-01,9.999991655349731445e-01,-9.999926090240478516e-01,-9.999855160713195801e-01,9.999989867210388184e-01,9.999960660934448242e-01,9.999915957450866699e-01,-9.999982118606567383e-01,-9.999963045120239258e-01,9.999989271163940430e-01,-9.999983310699462891e-01,9.999991059303283691e-01,-9.999986290931701660e-01,-9.999950528144836426e-01,9.999994039535522461e-01,-9.999989271163940430e-01,9.999989867210388184e-01,-9.999991059303283691e-01,-9.999902248382568359e-01,-9.999985694885253906e-01,-9.999992251396179199e-01,9.999971985816955566e-01,9.999991059303283691e-01,-9.999983310699462891e-01,9.999876618385314941e-01,-9.999969005584716797e-01,-9.999783039093017578e-01,-9.999985694885253906e-01
-9.999983906745910645e-01,9.999983310699462891e-01,9.999884366989135742e-01,-9.999983906745910645e-01,-9.999990463256835938e-01,9.999987483024597168e-01,-9.999763965606689453e-01,-9.999991655349731445e-01,9.999971985816955566e-01,-9.999967217445373535e-01,9.999955296516418457e-01,9.999990463256835938e-01,-9.999984502792358398e-01,-9.999977946281433105e-01,-9.999514222145080566e-01,-9.999982714653015137e-01,-9.999982118606567383e-01,9.999982714653015137e-01,-9.999393820762634277e-01,9.999992251396179199e-01,9.999991059303283691e-01,-9.999878406524658203e-01,-9.999976158142089844e-01,-9.999986886978149414e-01,-9.999850988388061523e-01,-9.999991655349731445e-01,9.999985098838806152e-01,9.999991059303283691e-01,-9.999820590019226074e-01,9.999960064888000488e-01,9.999977946281433105e-01,9.999989271163940430e-01,-9.999969601631164551e-01,-9.999982714653015137e-01,9.999975562095642090e-01,9.999955296516418457e-01,-9.999992251396179199e-01,-9.999988675117492676e-01,-9.999942183494567871e-01,9.999989867210388184e-01,-9.999986886978149414e-01,9.999977350234985352e-01,-9.999515414237976074e-01,-9.999987483024597168e-01,-9.999969601631164551e-01,-9.999977946281433105e-01,-9.999960064888000488e-01,-9.999974370002746582e-01,-9.999989867210388184e-01,9.999986886978149414e-01,9.999989271163940430e-01,9.999974370002746582e-01,9.999986886978149414e-01,9.999910593032836914e-01,9.999963641166687012e-01,9.999979138374328613e-01,9.999982118606567383e-01,-9.999819397926330566e-01,-9.999978542327880859e-01,-9.999978542327880859e-01,9.999952912330627441e-01,-9.999990463256835938e-01,-9.999984502792358398e-01,-9.999958276748657227e-01,9.999952912330627441e-01,9.999989867210388184e-01,9.999991059303283691e-01,9.999938607215881348e-01,9.999983310699462891e-01,-9.999990463256835938e-01,9.999987483024597168e-01,-9.999977946281433105e-01,-9.999969005584716797e-01,9.999891519546508789e-01,-9.999179840087890625e-01,9.999981522560119629e-01,-9.999858140945434570e-01,-9.999983906745910645e-01,9.999912381172180176e-01,9.999979138374328613e-01,-9.999425411224365234e-01,-9.999981522560119629e-01,9.999989271163940430e-01,9.998884797096252441e-01,9.999986290931701660e-01,9.999865293502807617e-01,-9.999945163726806641e-01,-9.999988079071044922e-01,9.999866485595703125e-01,-9.999983310699462891e-01,9.999986886978149414e-01,-9.999985694885253906e-01,9.999740123748779297e-01,9.999986290931701660e-01,-9.999987483024597168e-01,9.999978542327880859e-01,-9.995082616806030273e-01,-9.999992251396179199e-01,9.999989271163940430e-01,-9.999938607215881348e-01,9.999979734420776367e-01,-9.999988079071044922e-01,9.999904036521911621e-01,9.999809861183166504e-01,-9.999986290931701660e-01,-9.999949932098388672e-01,-9.999890327453613281e-01,9.999976754188537598e-01,9.999952316284179688e-01,-9.999986290931701660e-01,9.999977350234985352e-01,-9.999988079071044922e-01,9.999982118606567383e-01,9.999935626983642578e-01,-9.999991655349731445e-01,9.999986290931701660e-01,-9.999985694885253906e-01,9.999988079071044922e-01,9.999872446060180664e-01,9.999982118606567383e-01,9.999991059303283691e-01,-9.999963641166687012e-01,-9.999988079071044922e-01,9.999977946281433105e-01,-9.999839663505554199e-01,9.999960064888000488e-01,9.999718666076660156e-01,9.999981522560119629e-01
9.999713897705078125e-01,-9.999693632125854492e-01,-9.997845888137817383e-01,9.999727010726928711e-01,9.999818801879882812e-01,-9.999763965606689453e-01,9.995630979537963867e-01,9.999838471412658691e-01,-9.999489188194274902e-01,9.999397993087768555e-01,-9.999159574508666992e-01,-9.999818801879882812e-01,9.999714493751525879e-01,9.999600648880004883e-01,9.991050362586975098e-01,9.999669790267944336e-01,9.999649524688720703e-01,-9.999682903289794922e-01,9.988837838172912598e-01,-9.999846816062927246e-01,-9.999822974205017090e-01,9.997760653495788574e-01,9.999569654464721680e-01,9.999756217002868652e-01,9.997248053550720215e-01,9.999843835830688477e-01,-9.999747276306152344e-01,-9.999825358390808105e-01,9.996688961982727051e-01,-9.999252557754516602e-01,-9.999597072601318359e-01,-9.999788999557495117e-01,9.999448657035827637e-01,9.999672770500183105e-01,-9.999538660049438477e-01,-9.999171495437622070e-01,9.999833703041076660e-01,9.999791979789733887e-01,9.998934268951416016e-01,-9.999809861183166504e-01,9.999752044677734375e-01,-9.999598264694213867e-01,9.991078376770019531e-01,9.999776482582092285e-01,9.999444484710693359e-01,9.999606013298034668e-01,9.999278187751770020e-01,9.999530911445617676e-01,9.999802112579345703e-01,-9.999770522117614746e-01,-9.999794363975524902e-01,-9.999533295631408691e-01,-9.999762177467346191e-01,-9.998340010643005371e-01,-9.999341368675231934e-01,-9.999614953994750977e-01,-9.999675750732421875e-01,9.996671080589294434e-01,9.999601244926452637e-01,9.999609589576721191e-01,-9.999133348464965820e-01,9.999820590019226074e-01,9.999734759330749512e-01,9.999266862869262695e-01,-9.999129176139831543e-01,-9.999805688858032227e-01,-9.999827742576599121e-01,-9.998865127563476562e-01,-9.999695420265197754e-01,9.999820590019226074e-01,-9.999777078628540039e-01,9.999603033065795898e-01,9.999440312385559082e-01,-9.997994899749755859e-01,9.984913468360900879e-01,-9.999667406082153320e-01,9.997364878654479980e-01,9.999712109565734863e-01,-9.998376369476318359e-01,-9.999616146087646484e-01,9.989401102066040039e-01,9.999641180038452148e-01,-9.999805092811584473e-01,-9.979488849639892578e-01,-9.999750256538391113e-01,-9.997516870498657227e-01,9.998985528945922852e-01,9.999784231185913086e-01,-9.997516870498657227e-01,9.999701380729675293e-01,-9.999745488166809082e-01,9.999741911888122559e-01,-9.995205402374267578e-01,-9.999738335609436035e-01,9.999771118164062500e-01,-9.999605417251586914e-01,9.910136461257934570e-01,9.999824762344360352e-01,-9.999802708625793457e-01,9.998847842216491699e-01,-9.999620318412780762e-01,9.999784231185913086e-01,-9.998223781585693359e-01,-9.996497035026550293e-01,9.999753832817077637e-01,9.999072551727294922e-01,9.997973442077636719e-01,-9.999577999114990234e-01,-9.999125003814697266e-01,9.999752640724182129e-01,-9.999580979347229004e-01,9.999768733978271484e-01,-9.999676346778869629e-01,-9.998816251754760742e-01,9.999843239784240723e-01,-9.999751448631286621e-01,9.999744296073913574e-01,-9.999797344207763672e-01,-9.997649788856506348e-01,-9.999659061431884766e-01,-9.999812245368957520e-01,9.999339580535888672e-01,9.999781847000122070e-01,-9.999611973762512207e-01,9.997040033340454102e-01,-9.999250769615173340e-01,-9.994789958000183105e-01,-9.999663829803466797e-01
9.999988079071044922e-01,-9.999988675117492676e-01,-9.999920129776000977e-01,9.999988675117492676e-01,9.999993443489074707e-01,-9.999991655349731445e-01,9.999838471412658691e-01,9.999994039535522461e-01,-9.999980926513671875e-01,9.999976754188537598e-01,-9.999968409538269043e-01,-9.999992847442626953e-01,9.999989867210388184e-01,9.999983906745910645e-01,9.999666213989257812e-01,9.999988079071044922e-01,9.999986886978149414e-01,-9.999987483024597168e-01,9.999583959579467773e-01,-9.999994635581970215e-01,-9.999993443489074707e-01,9.999917149543762207e-01,9.999982714653015137e-01,9.999990463256835938e-01,9.999898076057434082e-01,9.999994635581970215e-01,-9.999991059303283691e-01,-9.999994039535522461e-01,9.999876022338867188e-01,-9.999971985816955566e-01,-9.999983906745910645e-01,-9.999992251396179199e-01,9.999979138374328613e-01,9.999987483024597168e-01,-9.999982714653015137e-01,-9.999969005584716797e-01,9.999993443489074707e-01,9.999991655349731445e-01,9.999958872795104980e-01,-9.999993443489074707e-01,9.999991059303283691e-01,-9.999985098838806152e-01,9.999667406082153320e-01,9.999991059303283691e-01,9.999978542327880859e-01,9.999984502792358398e-01,9.999972581863403320e-01,9.999982118606567383e-01,9.999992847442626953e-01,-9.999991655349731445e-01,-9.999991655349731445e-01,-9.999982118606567383e-01,-9.999991655349731445e-01,-9.999938607215881348e-01,-9.999974370002746582e-01,-9.999985694885253906e-01,-9.999987483024597168e-01,9.999876618385314941e-01,9.999985098838806152e-01,9.999984502792358398e-01,-9.999966621398925781e-01,9.999992847442626953e-01,9.999989271163940430e-01,9.999971389770507812e-01,-9.999967217445373535e-01,-9.999992847442626953e-01,-9.999994039535522461e-01,-9.999957084655761719e-01,-9.999988675117492676e-01,9.999993443489074707e-01,-9.999992251396179199e-01,9.999983310699462891e-01,9.999978542327880859e-01,-9.999924302101135254e-01,9.999438524246215820e-01,-9.999986886978149414e-01,9.999902248382568359e-01,9.999989271163940430e-01,-9.999939799308776855e-01,-9.999986290931701660e-01,9.999605417251586914e-01,9.999986290931701660e-01,-9.999992251396179199e-01,-9.999235272407531738e-01,-9.999991059303283691e-01,-9.999907016754150391e-01,9.999961853027343750e-01,9.999991655349731445e-01,-9.999907612800598145e-01,9.999988675117492676e-01,-9.999991059303283691e-01,9.999991059303283691e-01,-9.999821782112121582e-01,-9.999990463256835938e-01,9.999991059303283691e-01,-9.999985098838806152e-01,9.996630549430847168e-01,9.999993443489074707e-01,-9.999992251396179199e-01,9.999957084655761719e-01,-9.999986290931701660e-01,9.999991059303283691e-01,-9.999933838844299316e-01,-9.999868869781494141e-01,9.999991059303283691e-01,9.999964237213134766e-01,9.999924898147583008e-01,-9.999983906745910645e-01,-9.999966025352478027e-01,9.999989867210388184e-01,-9.999983906745910645e-01,9.999991655349731445e-01,-9.999988079071044922e-01,-9.999955296516418457e-01,9.999994039535522461e-01,-9.999991059303283691e-01,9.999991059303283691e-01,-9.999991655349731445e-01,-9.999912381172180176e-01,-9.999986886978149414e-01,-9.999993443489074707e-01,9.999974370002746582e-01,9.999992251396179199e-01,-9.999984502792358398e-01,9.999890327453613281e-01,-9.999971985816955566e-01,-9.999806880950927734e-01,-9.999986886978149414e-01
-9.999966025352478027e-01,9.999963641166687012e-01,9.999749064445495605e-01,-9.999967813491821289e-01,-9.999978542327880859e-01,9.999971985816955566e-01,-9.999489188194274902e-01,-9.999980926513671875e-01,9.999941587448120117e-01,-9.999929070472717285e-01,9.999902844429016113e-01,9.999977946281433105e-01,-9.999966025352478027e-01,-9.999952912330627441e-01,-9.998953938484191895e-01,-9.999960660934448242e-01,-9.999958872795104980e-01,9.999962449073791504e-01,-9.998695254325866699e-01,9.999982714653015137e-01,9.999979138374328613e-01,-9.999738931655883789e-01,-9.999949932098388672e-01,-9.999971389770507812e-01,-9.999678730964660645e-01,-9.999981522560119629e-01,9.999970197677612305e-01,9.999979138374328613e-01,-9.999613165855407715e-01,9.999913573265075684e-01,9.999952316284179688e-01,9.999974966049194336e-01,-9.999935626983642578e-01,-9.999962449073791504e-01,9.999946355819702148e-01,9.999903440475463867e-01,-9.999980330467224121e-01,-9.999975562095642090e-01,-9.999876022338867188e-01,9.999977350234985352e-01,-9.999970793724060059e-01,9.999952912330627441e-01,-9.998956322669982910e-01,-9.999973773956298828e-01,-9.999935030937194824e-01,-9.999953508377075195e-01,-9.999915957450866699e-01,-9.999945163726806641e-01,-9.999977350234985352e-01,9.999972581863403320e-01,9.999975562095642090e-01,9.999945759773254395e-01,9.999971985816955566e-01,9.999806880950927734e-01,9.999923110008239746e-01,9.999955892562866211e-01,9.999961853027343750e-01,-9.999610781669616699e-01,-9.999953508377075195e-01,-9.999954700469970703e-01,9.999898076057434082e-01,-9.999978542327880859e-01,-9.999968409538269043e-01,-9.999914169311523438e-01,9.999898672103881836e-01,9.999976754188537598e-01,9.999979734420776367e-01,9.999867677688598633e-01,9.999963641166687012e-01,-9.999978542327880859e-01,9.999973177909851074e-01,-9.999952912330627441e-01,-9.999933838844299316e-01,9.999765157699584961e-01,-9.998236298561096191e-01,9.999959468841552734e-01,-9.999693632125854492e-01,-9.999966621398925781e-01,9.999810457229614258e-01,9.999955892562866211e-01,-9.998760819435119629e-01,-9.999958872795104980e-01,9.999976158142089844e-01,9.997601509094238281e-01,9.999970197677612305e-01,9.999709129333496094e-01,-9.999881982803344727e-01,-9.999974370002746582e-01,9.999711513519287109e-01,-9.999964237213134766e-01,9.999969601631164551e-01,-9.999969601631164551e-01,9.999440908432006836e-01,9.999969005584716797e-01,-9.999973773956298828e-01,9.999953508377075195e-01,-9.989423751831054688e-01,-9.999979734420776367e-01,9.999976754188537598e-01,-9.999865293502807617e-01,9.999956488609313965e-01,-9.999974370002746582e-01,9.999793171882629395e-01,9.999590516090393066e-01,-9.999970793724060059e-01,-9.999891519546508789e-01,-9.999763369560241699e-01,9.999950528144836426e-01,9.999898076057434082e-01,-9.999970793724060059e-01,9.999951720237731934e-01,-9.999971985816955566e-01,9.999961853027343750e-01,9.999861717224121094e-01,-9.999981522560119629e-01,9.999970197677612305e-01,-9.999969601631164551e-01,9.999976158142089844e-01,9.999725818634033203e-01,9.999959468841552734e-01,9.999977350234985352e-01,-9.999923110008239746e-01,-9.999974370002746582e-01,9.999954700469970703e-01,-9.999654293060302734e-01,9.999912977218627930e-01,9.999392628669738770e-01,9.999960064888000488e-01
9.999958872795104980e-01,-9.999957680702209473e-01,-9.999703764915466309e-01,9.999960660934448242e-01,9.999974370002746582e-01,-9.999967217445373535e-01,9.999397993087768555e-01,9.999976754188537598e-01,-9.999929070472717285e-01,9.999916553497314453e-01,-9.999884366989135742e-01,-9.999973773956298828e-01,9.999960064888000488e-01,9.999944567680358887e-01,9.998766779899597168e-01,9.999954700469970703e-01,9.999951720237731934e-01,-9.999955892562866211e-01,9.998462200164794922e-01,-9.999978542327880859e-01,-9.999974966049194336e-01,9.999691247940063477e-01,9.999939799308776855e-01,9.999964833259582520e-01,9.999620914459228516e-01,9.999977350234985352e-01,-9.999964833259582520e-01,-9.999975562095642090e-01,9.999543428421020508e-01,-9.999898076057434082e-01,-9.999943971633911133e-01,-9.999970793724060059e-01,9.999924302101135254e-01,9.999954700469970703e-01,-9.999936819076538086e-01,-9.999885559082031250e-01,9.999976754188537598e-01,9.999970197677612305e-01,9.999853372573852539e-01,-9.999974370002746582e-01,9.999965429306030273e-01,-9.999943971633911133e-01,9.998770952224731445e-01,9.999967813491821289e-01,9.999923706054687500e-01,9.999945163726806641e-01,9.999900460243225098e-01,9.999935626983642578e-01,9.999971985816955566e-01,-9.999967813491821289e-01,-9.999971389770507812e-01,-9.999935626983642578e-01,-9.999966025352478027e-01,-9.999772310256958008e-01,-9.999909400939941406e-01,-9.999946951866149902e-01,-9.999955296516418457e-01,9.999541640281677246e-01,9.999945163726806641e-01,9.999945759773254395e-01,-9.999880194664001465e-01,9.999974370002746582e-01,9.999961853027343750e-01,9.999898672103881836e-01,-9.999880194664001465e-01,-9.999972581863403320e-01,-9.999975562095642090e-01,-9.999843835830688477e-01,-9.999958276748657227e-01,9.999974370002746582e-01,-9.999969005584716797e-01,9.999944567680358887e-01,9.999921917915344238e-01,-9.999723434448242188e-01,9.997921586036682129e-01,-9.999953508377075195e-01,9.999637007713317871e-01,9.999959468841552734e-01,-9.999777674674987793e-01,-9.999946951866149902e-01,9.998540878295898438e-01,9.999951124191284180e-01,-9.999971985816955566e-01,-9.997171759605407715e-01,-9.999964833259582520e-01,-9.999657273292541504e-01,9.999860525131225586e-01,9.999969601631164551e-01,-9.999657869338989258e-01,9.999958872795104980e-01,-9.999964237213134766e-01,9.999963641166687012e-01,-9.999340176582336426e-01,-9.999963045120239258e-01,9.999967217445373535e-01,-9.999945163726806641e-01,9.987536072731018066e-01,9.999976158142089844e-01,-9.999972581863403320e-01,9.999841451644897461e-01,-9.999948143959045410e-01,9.999969601631164551e-01,-9.999755620956420898e-01,-9.999516606330871582e-01,9.999965429306030273e-01,9.999872446060180664e-01,9.999721646308898926e-01,-9.999942183494567871e-01,-9.999879002571105957e-01,9.999965429306030273e-01,-9.999942183494567871e-01,9.999967813491821289e-01,-9.999954700469970703e-01,-9.999836683273315430e-01,9.999977350234985352e-01,-9.999964237213134766e-01,9.999964237213134766e-01,-9.999971985816955566e-01,-9.999675750732421875e-01,-9.999952912330627441e-01,-9.999973773956298828e-01,9.999908804893493652e-01,9.999969601631164551e-01,-9.999945759773254395e-01,9.999592304229736328e-01,-9.999896883964538574e-01,-9.999282360076904297e-01,-9.999954104423522949e-01
-9.999944567680358887e-01,9.999941587448120117e-01,9.999586343765258789e-01,-9.999947547912597656e-01,-9.999964237213134766e-01,9.999955296516418457e-01,-9.999159574508666992e-01,-9.999968409538269043e-01,9.999902844429016113e-01,-9.999884366989135742e-01,9.999839067459106445e-01,9.999963641166687012e-01,-9.999945759773254395e-01,-9.999923110008239746e-01,-9.998278021812438965e-01,-9.999937415122985840e-01,-9.999932646751403809e-01,9.999939203262329102e-01,-9.997851848602294922e-01,9.999970197677612305e-01,9.999965429306030273e-01,-9.999569058418273926e-01,-9.999917149543762207e-01,-9.999952912330627441e-01,-9.999471306800842285e-01,-9.999969601631164551e-01,9.999951124191284180e-01,9.999966025352478027e-01,-9.999362826347351074e-01,9.999857544898986816e-01,9.999922513961791992e-01,9.999959468841552734e-01,-9.999894499778747559e-01,-9.999938011169433594e-01,9.999911785125732422e-01,9.999840855598449707e-01,-9.999968409538269043e-01,-9.999960064888000488e-01,-9.999795556068420410e-01,9.999963641166687012e-01,-9.999952912330627441e-01,9.999923110008239746e-01,-9.998283386230468750e-01,-9.999957084655761719e-01,-9.999893903732299805e-01,-9.999924302101135254e-01,-9.999861121177673340e-01,-9.999910593032836914e-01,-9.999962449073791504e-01,9.999955892562866211e-01,9.999960064888000488e-01,9.999909996986389160e-01,9.999954104423522949e-01,9.999681115150451660e-01,9.999873638153076172e-01,9.999926090240478516e-01,9.999938607215881348e-01,-9.999359250068664551e-01,-9.999923110008239746e-01,-9.999924898147583008e-01,9.999833106994628906e-01,-9.999964833259582520e-01,-9.999948740005493164e-01,-9.999859333038330078e-01,9.999832510948181152e-01,9.999961853027343750e-01,9.999967217445373535e-01,9.999781847000122070e-01,9.999941587448120117e-01,-9.999964833259582520e-01,9.999957680702209473e-01,-9.999922513961791992e-01,-9.999892711639404297e-01,9.999614357948303223e-01,-9.997094869613647461e-01,9.999936223030090332e-01,-9.999493956565856934e-01,-9.999944567680358887e-01,9.999687671661376953e-01,9.999927282333374023e-01,-9.997960925102233887e-01,-9.999932050704956055e-01,9.999961853027343750e-01,9.996048212051391602e-01,9.999951720237731934e-01,9.999521970748901367e-01,-9.999805092811584473e-01,-9.999958276748657227e-01,9.999523162841796875e-01,-9.999943375587463379e-01,9.999951124191284180e-01,-9.999951124191284180e-01,9.999077916145324707e-01,9.999949336051940918e-01,-9.999956488609313965e-01,9.999924302101135254e-01,-9.982591271400451660e-01,-9.999965429306030273e-01,9.999961256980895996e-01,-9.999779462814331055e-01,9.999926686286926270e-01,-9.999958276748657227e-01,9.999658465385437012e-01,9.999326467514038086e-01,-9.999952316284179688e-01,-9.999821782112121582e-01,-9.999610781669616699e-01,9.999919533729553223e-01,9.999831914901733398e-01,-9.999952912330627441e-01,9.999920725822448730e-01,-9.999955892562866211e-01,9.999938011169433594e-01,9.999772310256958008e-01,-9.999969601631164551e-01,9.999951720237731934e-01,-9.999951124191284180e-01,9.999960660934448242e-01,9.999547600746154785e-01,9.999934434890747070e-01,9.999964237213134766e-01,-9.999873042106628418e-01,-9.999958276748657227e-01,9.999924302101135254e-01,-9.999430179595947266e-01,9.999856948852539062e-01,9.998998045921325684e-01,9.999936223030090332e-01
-9.999986886978149414e-01,9.999986886978149414e-01,9.999910593032836914e-01,-9.999987483024597168e-01,-9.999991655349731445e-01,9.999990463256835938e-01,-9.999818801879882812e-01,-9.999992847442626953e-01,9.999977946281433105e-01,-9.999973773956298828e-01,9.999963641166687012e-01,9.999991655349731445e-01,-9.999988079071044922e-01,-9.999982118606567383e-01,-9.999626874923706055e-01,-9.999986290931701660e-01,-9.999985098838806152e-01,9.999985098838806152e-01,-9.999535083770751953e-01,9.999994039535522461e-01,9.999992847442626953e-01,-9.999906420707702637e-01,-9.999980926513671875e-01,-9.999989271163940430e-01,-9.999885559082031250e-01,-9.999994039535522461e-01,9.999988079071044922e-01,9.999992251396179199e-01,-9.999862909317016602e-01,9.999968409538269043e-01,9.999982118606567383e-01,9.999991655349731445e-01,-9.999976754188537598e-01,-9.999986290931701660e-01,9.999980330467224121e-01,9.999964833259582520e-01,-9.999993443489074707e-01,-9.999990463256835938e-01,-9.999955296516418457e-01,9.999992251396179199e-01,-9.999989271163940430e-01,9.999982118606567383e-01,-9.999628067016601562e-01,-9.999989867210388184e-01,-9.999976158142089844e-01,-9.999982714653015137e-01,-9.999969601631164551e-01,-9.999980330467224121e-01,-9.999992251396179199e-01,9.999989867210388184e-01,9.999991655349731445e-01,9.999980330467224121e-01,9.999989271163940430e-01,9.999930858612060547e-01,9.999971985816955566e-01,9.999983906745910645e-01,9.999985694885253906e-01,-9.999861121177673340e-01,-9.999983310699462891e-01,-9.999982714653015137e-01,9.999962449073791504e-01,-9.999992251396179199e-01,-9.999988079071044922e-01,-9.999968409538269043e-01,9.999963045120239258e-01,9.999992251396179199e-01,9.999992251396179199e-01,9.999952316284179688e-01,9.999986290931701660e-01,-9.999992251396179199e-01,9.999991059303283691e-01,-9.999981522560119629e-01,-9.999974966049194336e-01,9.999915361404418945e-01,-9.999371170997619629e-01,9.999985098838806152e-01,-9.999890923500061035e-01,-9.999986886978149414e-01,9.999932646751403809e-01,9.999983906745910645e-01,-9.999558925628662109e-01,-9.999985098838806152e-01,9.999992251396179199e-01,9.999144673347473145e-01,9.999988675117492676e-01,9.999896287918090820e-01,-9.999957084655761719e-01,-9.999990463256835938e-01,9.999896883964538574e-01,-9.999987483024597168e-01,9.999989271163940430e-01,-9.999989271163940430e-01,9.999800920486450195e-01,9.999988675117492676e-01,-9.999989867210388184e-01,9.999982118606567383e-01,-9.996234178543090820e-01,-9.999992847442626953e-01,9.999992251396179199e-01,-9.999952316284179688e-01,9.999983906745910645e-01,-9.999991655349731445e-01,9.999925494194030762e-01,9.999854564666748047e-01,-9.999989867210388184e-01,-9.999960064888000488e-01,-9.999915361404418945e-01,9.999980926513671875e-01,9.999963045120239258e-01,-9.999989867210388184e-01,9.999982118606567383e-01,-9.999989867210388184e-01,9.999985694885253906e-01,9.999949932098388672e-01,-9.999992847442626953e-01,9.999989271163940430e-01,-9.999988675117492676e-01,9.999991059303283691e-01,9.999901652336120605e-01,9.999984502792358398e-01,9.999992251396179199e-01,-9.999971389770507812e-01,-9.999990463256835938e-01,9.999982714653015137e-01,-9.999877214431762695e-01,9.999968409538269043e-01,9.999783635139465332e-01,9.999985098838806152e-01
