9.999984502792358398e-01,-9.999986886978149414e-01,-9.999940991401672363e-01,9.999977946281433105e-01,9.999988079071044922e-01,-9.999988079071044922e-01,9.999957084655761719e-01,9.999991059303283691e-01,-9.999966621398925781e-01,9.999982714653015137e-01,-9.999987483024597168e-01,-9.999988079071044922e-01,9.999980330467224121e-01,9.999984502792358398e-01,9.999936819076538086e-01,9.999957084655761719e-01,9.999973177909851074e-01,-9.999981522560119629e-01,9.999929070472717285e-01,-9.999991059303283691e-01,-9.999989271163940430e-01,9.999934434890747070e-01,9.999985694885253906e-01,9.999979734420776367e-01,9.999886155128479004e-01,9.999989271163940430e-01,-9.999983310699462891e-01,-9.999989271163940430e-01,9.999901056289672852e-01,-9.999962449073791504e-01,-9.999919533729553223e-01,-9.999982714653015137e-01,9.999870061874389648e-01,9.999958276748657227e-01,-9.999980330467224121e-01,9.999641180038452148e-01,9.999989867210388184e-01,9.999985694885253906e-01,9.999897480010986328e-01,-9.999989271163940430e-01,9.999986290931701660e-01,-9.999499320983886719e-01,9.999827146530151367e-01,9.999989867210388184e-01,9.999983906745910645e-01,9.999982118606567383e-01,-9.999934434890747070e-01,9.999985694885253906e-01,9.999987483024597168e-01,-9.999985098838806152e-01,-9.999988079071044922e-01,-9.999984502792358398e-01,-9.999989271163940430e-01,-9.999931454658508301e-01,-9.999984502792358398e-01,-9.999981522560119629e-01,-9.999926090240478516e-01,9.999853372573852539e-01,9.999961853027343750e-01,9.999983906745910645e-01,-9.999985098838806152e-01,9.999989867210388184e-01,9.999985098838806152e-01,9.999954700469970703e-01,-9.999948740005493164e-01,-9.999988079071044922e-01,-9.999991059303283691e-01,-9.999959468841552734e-01,-9.999989867210388184e-01,9.999985694885253906e-01,-9.999987483024597168e-01,9.999975562095642090e-01,9.999409914016723633e-01,-9.999936819076538086e-01,-9.999815821647644043e-01,-9.999983310699462891e-01,9.999920725822448730e-01,9.999986290931701660e-01,-9.999946951866149902e-01,-9.999958872795104980e-01,9.999850392341613770e-01,9.999976754188537598e-01,-9.999988675117492676e-01,9.999980926513671875e-01,-9.999982714653015137e-01,-9.999884366989135742e-01,9.999727010726928711e-01,9.999989867210388184e-01,9.999898076057434082e-01,-2.356006205081939697e-01,-9.999956488609313965e-01,9.999983310699462891e-01,-9.999848008155822754e-01,-9.999976158142089844e-01,9.999979734420776367e-01,-9.999977946281433105e-01,-9.999893307685852051e-01,9.999990463256835938e-01,-9.999988079071044922e-01,9.999967217445373535e-01,-9.999966621398925781e-01,9.999988675117492676e-01,-3.205814361572265625e-01,9.999319911003112793e-01,9.999986290931701660e-01,9.999970793724060059e-01,-9.999817013740539551e-01,-9.999983906745910645e-01,-9.999939203262329102e-01,9.999985694885253906e-01,-9.999986290931701660e-01,9.999980330467224121e-01,-9.999983310699462891e-01,-9.999429583549499512e-01,9.999990463256835938e-01,-9.999974370002746582e-01,9.999990463256835938e-01,-9.999980926513671875e-01,-9.999952316284179688e-01,-9.999974370002746582e-01,-9.999986886978149414e-01,9.999966025352478027e-01,9.999980926513671875e-01,-9.999974370002746582e-01,-9.999905824661254883e-01,-9.999951720237731934e-01,9.999886751174926758e-01,-9.999942183494567871e-01
-9.999986886978149414e-01,9.999988675117492676e-01,9.999951124191284180e-01,-9.999981522560119629e-01,-9.999991655349731445e-01,9.999990463256835938e-01,-9.999964237213134766e-01,-9.999992251396179199e-01,9.999971389770507812e-01,-9.999985694885253906e-01,9.999989271163940430e-01,9.999991655349731445e-01,-9.999983310699462891e-01,-9.999987483024597168e-01,-9.999946951866149902e-01,-9.999963641166687012e-01,-9.999978542327880859e-01,9.999985694885253906e-01,-9.999940395355224609e-01,9.999992847442626953e-01,9.999991059303283691e-01,-9.999945759773254395e-01,-9.999988079071044922e-01,-9.999984502792358398e-01,-9.999905228614807129e-01,-9.999990463256835938e-01,9.999985098838806152e-01,9.999991059303283691e-01,-9.999917745590209961e-01,9.999967813491821289e-01,9.999932646751403809e-01,9.999985694885253906e-01,-9.999891519546508789e-01,-9.999964237213134766e-01,9.999983310699462891e-01,-9.999702572822570801e-01,-9.999992251396179199e-01,-9.999988675117492676e-01,-9.999915361404418945e-01,9.999992251396179199e-01,-9.999989271163940430e-01,9.999585151672363281e-01,-9.999856948852539062e-01,-9.999991655349731445e-01,-9.999986886978149414e-01,-9.999983906745910645e-01,9.999944567680358887e-01,-9.999988079071044922e-01,-9.999989867210388184e-01,9.999987483024597168e-01,9.999990463256835938e-01,9.999987483024597168e-01,9.999991059303283691e-01,9.999943971633911133e-01,9.999986290931701660e-01,9.999984502792358398e-01,9.999938011169433594e-01,-9.999878406524658203e-01,-9.999968409538269043e-01,-9.999985694885253906e-01,9.999986886978149414e-01,-9.999991655349731445e-01,-9.999987483024597168e-01,-9.999961256980895996e-01,9.999956488609313965e-01,9.999991059303283691e-01,9.999992251396179199e-01,9.999967813491821289e-01,9.999991655349731445e-01,-9.999987483024597168e-01,9.999989867210388184e-01,-9.999979734420776367e-01,-9.999509453773498535e-01,9.999946355819702148e-01,9.999847412109375000e-01,9.999986290931701660e-01,-9.999933838844299316e-01,-9.999988675117492676e-01,9.999955892562866211e-01,9.999964833259582520e-01,-9.999876022338867188e-01,-9.999980926513671875e-01,9.999991059303283691e-01,-9.999984502792358398e-01,9.999986886978149414e-01,9.999904036521911621e-01,-9.999774098396301270e-01,-9.999991655349731445e-01,-9.999914765357971191e-01,2.356518507003784180e-01,9.999963641166687012e-01,-9.999986290931701660e-01,9.999873638153076172e-01,9.999980330467224121e-01,-9.999982714653015137e-01,9.999981522560119629e-01,9.999911189079284668e-01,-9.999992251396179199e-01,9.999990463256835938e-01,-9.999972581863403320e-01,9.999972581863403320e-01,-9.999991059303283691e-01,3.206511437892913818e-01,-9.999436736106872559e-01,-9.999988675117492676e-01,-9.999974966049194336e-01,9.999848008155822754e-01,9.999986290931701660e-01,9.999948740005493164e-01,-9.999987483024597168e-01,9.999988079071044922e-01,-9.999983310699462891e-01,9.999986290931701660e-01,9.999526739120483398e-01,-9.999992251396179199e-01,9.999978542327880859e-01,-9.999991655349731445e-01,9.999984502792358398e-01,9.999960064888000488e-01,9.999977946281433105e-01,9.999988675117492676e-01,-9.999971985816955566e-01,-9.999983906745910645e-01,9.999978542327880859e-01,9.999922513961791992e-01,9.999959468841552734e-01,-9.999905824661254883e-01,9.999951720237731934e-01
-9.999940991401672363e-01,9.999951124191284180e-01,9.999787211418151855e-01,-9.999919533729553223e-01,-9.999960064888000488e-01,9.999955892562866211e-01,-9.999841451644897461e-01,-9.999964833259582520e-01,9.999878406524658203e-01,-9.999940395355224609e-01,9.999955296516418457e-01,9.999958872795104980e-01,-9.999929666519165039e-01,-9.999945163726806641e-01,-9.999768137931823730e-01,-9.999845027923583984e-01,-9.999905228614807129e-01,9.999934434890747070e-01,-9.999740719795227051e-01,9.999966621398925781e-01,9.999960660934448242e-01,-9.999763369560241699e-01,-9.999950528144836426e-01,-9.999928474426269531e-01,-9.999586939811706543e-01,-9.999961853027343750e-01,9.999936223030090332e-01,9.999960064888000488e-01,-9.999642968177795410e-01,9.999865889549255371e-01,9.999704957008361816e-01,9.999938011169433594e-01,-9.999528527259826660e-01,-9.999846220016479492e-01,9.999927282333374023e-01,-9.998701810836791992e-01,-9.999962449073791504e-01,-9.999949336051940918e-01,-9.999629259109497070e-01,9.999960064888000488e-01,-9.999951720237731934e-01,9.998190402984619141e-01,-9.999371767044067383e-01,-9.999960064888000488e-01,-9.999940395355224609e-01,-9.999935626983642578e-01,9.999759793281555176e-01,-9.999948143959045410e-01,-9.999955892562866211e-01,9.999946355819702148e-01,9.999955892562866211e-01,9.999943971633911133e-01,9.999959468841552734e-01,9.999753236770629883e-01,9.999943971633911133e-01,9.999933838844299316e-01,9.999729394912719727e-01,-9.999468326568603516e-01,-9.999864697456359863e-01,-9.999938011169433594e-01,9.999945163726806641e-01,-9.999960660934448242e-01,-9.999943971633911133e-01,-9.999835491180419922e-01,9.999811649322509766e-01,9.999958276748657227e-01,9.999965429306030273e-01,9.999856352806091309e-01,9.999962449073791504e-01,-9.999945759773254395e-01,9.999956488609313965e-01,-9.999911189079284668e-01,-9.997864961624145508e-01,9.999770522117614746e-01,9.999333024024963379e-01,9.999941587448120117e-01,-9.999712109565734863e-01,-9.999954700469970703e-01,9.999808073043823242e-01,9.999849200248718262e-01,-9.999458789825439453e-01,-9.999917149543762207e-01,9.999958276748657227e-01,-9.999932646751403809e-01,9.999939203262329102e-01,9.999579787254333496e-01,-9.999011754989624023e-01,-9.999961256980895996e-01,-9.999626874923706055e-01,2.348175495862960815e-01,9.999839663505554199e-01,-9.999942183494567871e-01,9.999444484710693359e-01,9.999911785125732422e-01,-9.999926686286926270e-01,9.999919533729553223e-01,9.999610781669616699e-01,-9.999963641166687012e-01,9.999957084655761719e-01,-9.999883174896240234e-01,9.999881386756896973e-01,-9.999958872795104980e-01,3.195159137248992920e-01,-9.997541308403015137e-01,-9.999952316284179688e-01,-9.999893903732299805e-01,9.999336600303649902e-01,9.999943375587463379e-01,9.999775886535644531e-01,-9.999946951866149902e-01,9.999947547912597656e-01,-9.999927878379821777e-01,9.999939799308776855e-01,9.997937679290771484e-01,-9.999963045120239258e-01,9.999908804893493652e-01,-9.999962449073791504e-01,9.999932646751403809e-01,9.999826550483703613e-01,9.999908804893493652e-01,9.999952316284179688e-01,-9.999879002571105957e-01,-9.999932050704956055e-01,9.999907612800598145e-01,9.999656081199645996e-01,9.999826550483703613e-01,-9.999585747718811035e-01,9.999791383743286133e-01
9.999977946281433105e-01,-9.999981522560119629e-01,-9.999919533729553223e-01,9.999969005584716797e-01,9.999985098838806152e-01,-9.999982714653015137e-01,9.999940991401672363e-01,9.999986290931701660e-01,-9.999954104423522949e-01,9.999976754188537598e-01,-9.999983310699462891e-01,-9.999983906745910645e-01,9.999973177909851074e-01,9.999978542327880859e-01,9.999913573265075684e-01,9.999940991401672363e-01,9.999963045120239258e-01,-9.999974966049194336e-01,9.999902248382568359e-01,-9.999986886978149414e-01,-9.999985098838806152e-01,9.999911785125732422e-01,9.999980926513671875e-01,9.999973177909851074e-01,9.999844431877136230e-01,9.999985098838806152e-01,-9.999975562095642090e-01,-9.999984502792358398e-01,9.999865889549255371e-01,-9.999949336051940918e-01,-9.999890327453613281e-01,-9.999975562095642090e-01,9.999823570251464844e-01,9.999942779541015625e-01,-9.999972581863403320e-01,9.999513626098632812e-01,9.999986290931701660e-01,9.999980330467224121e-01,9.999861717224121094e-01,-9.999984502792358398e-01,9.999981522560119629e-01,-9.999322891235351562e-01,9.999765753746032715e-01,9.999985098838806152e-01,9.999977946281433105e-01,9.999974966049194336e-01,-9.999909996986389160e-01,9.999980330467224121e-01,9.999982118606567383e-01,-9.999979138374328613e-01,-9.999982714653015137e-01,-9.999977946281433105e-01,-9.999985098838806152e-01,-9.999907612800598145e-01,-9.999977946281433105e-01,-9.999974966049194336e-01,-9.999898076057434082e-01,9.999800920486450195e-01,9.999948740005493164e-01,9.999976754188537598e-01,-9.999978542327880859e-01,9.999985694885253906e-01,9.999978542327880859e-01,9.999939203262329102e-01,-9.999929666519165039e-01,-9.999984502792358398e-01,-9.999986886978149414e-01,-9.999946355819702148e-01,-9.999985694885253906e-01,9.999979138374328613e-01,-9.999983310699462891e-01,9.999967217445373535e-01,9.999200701713562012e-01,-9.999913573265075684e-01,-9.999750852584838867e-01,-9.999977350234985352e-01,9.999892711639404297e-01,9.999981522560119629e-01,-9.999928474426269531e-01,-9.999943375587463379e-01,9.999797940254211426e-01,9.999967813491821289e-01,-9.999983906745910645e-01,9.999973773956298828e-01,-9.999976754188537598e-01,-9.999843239784240723e-01,9.999630451202392578e-01,9.999985694885253906e-01,9.999860525131225586e-01,-2.354948073625564575e-01,-9.999939799308776855e-01,9.999977946281433105e-01,-9.999792575836181641e-01,-9.999966621398925781e-01,9.999971985816955566e-01,-9.999969005584716797e-01,-9.999854564666748047e-01,9.999985694885253906e-01,-9.999983906745910645e-01,9.999955892562866211e-01,-9.999955892562866211e-01,9.999983310699462891e-01,-3.204374313354492188e-01,9.999079704284667969e-01,9.999980926513671875e-01,9.999959468841552734e-01,-9.999751448631286621e-01,-9.999977946281433105e-01,-9.999915957450866699e-01,9.999979734420776367e-01,-9.999980330467224121e-01,9.999972581863403320e-01,-9.999976754188537598e-01,-9.999228119850158691e-01,9.999985694885253906e-01,-9.999965429306030273e-01,9.999986290931701660e-01,-9.999973773956298828e-01,-9.999934434890747070e-01,-9.999965429306030273e-01,-9.999982118606567383e-01,9.999954700469970703e-01,9.999973177909851074e-01,-9.999964237213134766e-01,-9.999871253967285156e-01,-9.999934434890747070e-01,9.999845623970031738e-01,-9.999920725822448730e-01
9.999988079071044922e-01,-9.999991655349731445e-01,-9.999960064888000488e-01,9.999985098838806152e-01,9.999992251396179199e-01,-9.999992251396179199e-01,9.999970197677612305e-01,9.999992847442626953e-01,-9.999976158142089844e-01,9.999988675117492676e-01,-9.999991059303283691e-01,-9.999992251396179199e-01,9.999986886978149414e-01,9.999989271163940430e-01,9.999957084655761719e-01,9.999970197677612305e-01,9.999982118606567383e-01,-9.999987483024597168e-01,9.999951124191284180e-01,-9.999994039535522461e-01,-9.999992251396179199e-01,9.999955296516418457e-01,9.999991059303283691e-01,9.999986290931701660e-01,9.999923706054687500e-01,9.999992251396179199e-01,-9.999988079071044922e-01,-9.999992847442626953e-01,9.999933242797851562e-01,-9.999973773956298828e-01,-9.999944567680358887e-01,-9.999987483024597168e-01,9.999911785125732422e-01,9.999970793724060059e-01,-9.999986290931701660e-01,9.999758601188659668e-01,9.999992847442626953e-01,9.999991059303283691e-01,9.999931454658508301e-01,-9.999992847442626953e-01,9.999991655349731445e-01,-9.999663233757019043e-01,9.999883174896240234e-01,9.999992847442626953e-01,9.999988675117492676e-01,9.999986886978149414e-01,-9.999955296516418457e-01,9.999989867210388184e-01,9.999992251396179199e-01,-9.999989271163940430e-01,-9.999992251396179199e-01,-9.999989271163940430e-01,-9.999992847442626953e-01,-9.999954104423522949e-01,-9.999988675117492676e-01,-9.999987483024597168e-01,-9.999949336051940918e-01,9.999901056289672852e-01,9.999973773956298828e-01,9.999988079071044922e-01,-9.999989271163940430e-01,9.999992251396179199e-01,9.999989271163940430e-01,9.999969005584716797e-01,-9.999963641166687012e-01,-9.999992847442626953e-01,-9.999993443489074707e-01,-9.999973177909851074e-01,-9.999993443489074707e-01,9.999989271163940430e-01,-9.999991059303283691e-01,9.999983310699462891e-01,9.999603629112243652e-01,-9.999957084655761719e-01,-9.999875426292419434e-01,-9.999988079071044922e-01,9.999946355819702148e-01,9.999991059303283691e-01,-9.999963045120239258e-01,-9.999971389770507812e-01,9.999899268150329590e-01,9.999983310699462891e-01,-9.999991655349731445e-01,9.999986886978149414e-01,-9.999988675117492676e-01,-9.999921917915344238e-01,9.999817013740539551e-01,9.999993443489074707e-01,9.999930858612060547e-01,-2.356993108987808228e-01,-9.999969601631164551e-01,9.999988079071044922e-01,-9.999896287918090820e-01,-9.999982118606567383e-01,9.999985098838806152e-01,-9.999985098838806152e-01,-9.999927878379821777e-01,9.999992847442626953e-01,-9.999992251396179199e-01,9.999977350234985352e-01,-9.999976754188537598e-01,9.999991655349731445e-01,-3.207157254219055176e-01,9.999543428421020508e-01,9.999990463256835938e-01,9.999978542327880859e-01,-9.999876022338867188e-01,-9.999988675117492676e-01,-9.999957680702209473e-01,9.999990463256835938e-01,-9.999990463256835938e-01,9.999986290931701660e-01,-9.999988079071044922e-01,-9.999617338180541992e-01,9.999992251396179199e-01,-9.999981522560119629e-01,9.999993443489074707e-01,-9.999986290931701660e-01,-9.999966621398925781e-01,-9.999981522560119629e-01,-9.999990463256835938e-01,9.999976158142089844e-01,9.999986290931701660e-01,-9.999981522560119629e-01,-9.999935030937194824e-01,-9.999966621398925781e-01,9.999923110008239746e-01,-9.999960660934448242e-01
-9.999988079071044922e-01,9.999990463256835938e-01,9.999955892562866211e-01,-9.999982714653015137e-01,-9.999992251396179199e-01,9.999990463256835938e-01,-9.999967813491821289e-01,-9.999992251396179199e-01,9.999973773956298828e-01,-9.999988079071044922e-01,9.999991655349731445e-01,9.999992251396179199e-01,-9.999985098838806152e-01,-9.999988079071044922e-01,-9.999952912330627441e-01,-9.999966621398925781e-01,-9.999979138374328613e-01,9.999985694885253906e-01,-9.999946355819702148e-01,9.999993443489074707e-01,9.999992847442626953e-01,-9.999951720237731934e-01,-9.999989867210388184e-01,-9.999985098838806152e-01,-9.999915361404418945e-01,-9.999991655349731445e-01,9.999986886978149414e-01,9.999992251396179199e-01,-9.999927282333374023e-01,9.999971389770507812e-01,9.999939203262329102e-01,9.999986290931701660e-01,-9.999903440475463867e-01,-9.999968409538269043e-01,9.999985098838806152e-01,-9.999735355377197266e-01,-9.999992847442626953e-01,-9.999989271163940430e-01,-9.999924302101135254e-01,9.999992251396179199e-01,-9.999990463256835938e-01,9.999630451202392578e-01,-9.999871850013732910e-01,-9.999992251396179199e-01,-9.999987483024597168e-01,-9.999985694885253906e-01,9.999951124191284180e-01,-9.999988675117492676e-01,-9.999990463256835938e-01,9.999988675117492676e-01,9.999991655349731445e-01,9.999988079071044922e-01,9.999992251396179199e-01,9.999949336051940918e-01,9.999987483024597168e-01,9.999986290931701660e-01,9.999943971633911133e-01,-9.999891519546508789e-01,-9.999971985816955566e-01,-9.999986886978149414e-01,9.999988675117492676e-01,-9.999992847442626953e-01,-9.999988079071044922e-01,-9.999966025352478027e-01,9.999960660934448242e-01,9.999991059303283691e-01,9.999992251396179199e-01,9.999970197677612305e-01,9.999991655349731445e-01,-9.999988675117492676e-01,9.999991655349731445e-01,-9.999981522560119629e-01,-9.999563694000244141e-01,9.999952316284179688e-01,9.999862909317016602e-01,9.999986886978149414e-01,-9.999940991401672363e-01,-9.999989867210388184e-01,9.999958872795104980e-01,9.999967813491821289e-01,-9.999889731407165527e-01,-9.999981522560119629e-01,9.999991655349731445e-01,-9.999985098838806152e-01,9.999987483024597168e-01,9.999914169311523438e-01,-9.999798536300659180e-01,-9.999992847442626953e-01,-9.999923706054687500e-01,2.356790006160736084e-01,9.999966621398925781e-01,-9.999988079071044922e-01,9.999886155128479004e-01,9.999980330467224121e-01,-9.999984502792358398e-01,9.999982714653015137e-01,9.999920725822448730e-01,-9.999992251396179199e-01,9.999991655349731445e-01,-9.999974966049194336e-01,9.999975562095642090e-01,-9.999992251396179199e-01,3.206880688667297363e-01,-9.999496936798095703e-01,-9.999989271163940430e-01,-9.999977946281433105e-01,9.999864697456359863e-01,9.999987483024597168e-01,9.999954104423522949e-01,-9.999989271163940430e-01,9.999988675117492676e-01,-9.999985098838806152e-01,9.999986886978149414e-01,9.999577403068542480e-01,-9.999992251396179199e-01,9.999979734420776367e-01,-9.999992847442626953e-01,9.999984502792358398e-01,9.999963045120239258e-01,9.999979734420776367e-01,9.999990463256835938e-01,-9.999974966049194336e-01,-9.999985098838806152e-01,9.999980926513671875e-01,9.999929666519165039e-01,9.999963045120239258e-01,-9.999915361404418945e-01,9.999956488609313965e-01
9.999957084655761719e-01,-9.999964237213134766e-01,-9.999841451644897461e-01,9.999940991401672363e-01,9.999970197677612305e-01,-9.999967813491821289e-01,9.999881386756896973e-01,9.999974370002746582e-01,-9.999908208847045898e-01,9.999955892562866211e-01,-9.999966621398925781e-01,-9.999970197677612305e-01,9.999948143959045410e-01,9.999959468841552734e-01,9.999826550483703613e-01,9.999884366989135742e-01,9.999929070472717285e-01,-9.999951720237731934e-01,9.999806284904479980e-01,-9.999976158142089844e-01,-9.999972581863403320e-01,9.999822974205017090e-01,9.999961853027343750e-01,9.999946951866149902e-01,9.999691843986511230e-01,9.999971985816955566e-01,-9.999953508377075195e-01,-9.999970197677612305e-01,9.999732971191406250e-01,-9.999900460243225098e-01,-9.999780654907226562e-01,-9.999953508377075195e-01,9.999647140502929688e-01,9.999885559082031250e-01,-9.999946951866149902e-01,9.999026060104370117e-01,9.999972581863403320e-01,9.999961853027343750e-01,9.999722242355346680e-01,-9.999970197677612305e-01,9.999964237213134766e-01,-9.998643398284912109e-01,9.999528527259826660e-01,9.999970793724060059e-01,9.999955296516418457e-01,9.999951720237731934e-01,-9.999820590019226074e-01,9.999960660934448242e-01,9.999966025352478027e-01,-9.999960660934448242e-01,-9.999967217445373535e-01,-9.999958276748657227e-01,-9.999969601631164551e-01,-9.999814629554748535e-01,-9.999957680702209473e-01,-9.999951124191284180e-01,-9.999797940254211426e-01,9.999601244926452637e-01,9.999898672103881836e-01,9.999954104423522949e-01,-9.999958872795104980e-01,9.999971985816955566e-01,9.999958276748657227e-01,9.999877810478210449e-01,-9.999859333038330078e-01,-9.999968409538269043e-01,-9.999974966049194336e-01,-9.999893903732299805e-01,-9.999971985816955566e-01,9.999960064888000488e-01,-9.999966621398925781e-01,9.999933838844299316e-01,9.998400211334228516e-01,-9.999828338623046875e-01,-9.999501109123229980e-01,-9.999956488609313965e-01,9.999784827232360840e-01,9.999965429306030273e-01,-9.999855756759643555e-01,-9.999886751174926758e-01,9.999594092369079590e-01,9.999938607215881348e-01,-9.999969005584716797e-01,9.999950528144836426e-01,-9.999954700469970703e-01,-9.999686479568481445e-01,9.999260306358337402e-01,9.999971985816955566e-01,9.999721646308898926e-01,-2.350875437259674072e-01,-9.999881386756896973e-01,9.999957084655761719e-01,-9.999583959579467773e-01,-9.999933838844299316e-01,9.999945759773254395e-01,-9.999941587448120117e-01,-9.999709725379943848e-01,9.999972581863403320e-01,-9.999968409538269043e-01,9.999912381172180176e-01,-9.999911785125732422e-01,9.999969005584716797e-01,-3.198833167552947998e-01,9.998155832290649414e-01,9.999964833259582520e-01,9.999921321868896484e-01,-9.999503493309020996e-01,-9.999958276748657227e-01,-9.999832510948181152e-01,9.999959468841552734e-01,-9.999960064888000488e-01,9.999947547912597656e-01,-9.999955892562866211e-01,-9.998453855514526367e-01,9.999973177909851074e-01,-9.999931454658508301e-01,9.999973773956298828e-01,-9.999949336051940918e-01,-9.999870657920837402e-01,-9.999931454658508301e-01,-9.999964833259582520e-01,9.999909400939941406e-01,9.999949932098388672e-01,-9.999930858612060547e-01,-9.999743103981018066e-01,-9.999870061874389648e-01,9.999690055847167969e-01,-9.999842643737792969e-01
9.999991059303283691e-01,-9.999992251396179199e-01,-9.999964833259582520e-01,9.999986290931701660e-01,9.999992847442626953e-01,-9.999992251396179199e-01,9.999974370002746582e-01,9.999994635581970215e-01,-9.999979138374328613e-01,9.999990463256835938e-01,-9.999992251396179199e-01,-9.999992847442626953e-01,9.999988079071044922e-01,9.999991655349731445e-01,9.999961853027343750e-01,9.999974370002746582e-01,9.999984502792358398e-01,-9.999989271163940430e-01,9.999957680702209473e-01,-9.999994635581970215e-01,-9.999994039535522461e-01,9.999959468841552734e-01,9.999992847442626953e-01,9.999988079071044922e-01,9.999931454658508301e-01,9.999994039535522461e-01,-9.999989271163940430e-01,-9.999993443489074707e-01,9.999941587448120117e-01,-9.999977350234985352e-01,-9.999952316284179688e-01,-9.999989271163940430e-01,9.999923110008239746e-01,9.999974370002746582e-01,-9.999988079071044922e-01,9.999787211418151855e-01,9.999993443489074707e-01,9.999992251396179199e-01,9.999939799308776855e-01,-9.999994635581970215e-01,9.999992251396179199e-01,-9.999704957008361816e-01,9.999897480010986328e-01,9.999994039535522461e-01,9.999991655349731445e-01,9.999988675117492676e-01,-9.999960064888000488e-01,9.999991655349731445e-01,9.999992847442626953e-01,-9.999991655349731445e-01,-9.999992251396179199e-01,-9.999989867210388184e-01,-9.999994635581970215e-01,-9.999960064888000488e-01,-9.999989867210388184e-01,-9.999989271163940430e-01,-9.999955296516418457e-01,9.999912977218627930e-01,9.999977350234985352e-01,9.999989867210388184e-01,-9.999991059303283691e-01,9.999994039535522461e-01,9.999991059303283691e-01,9.999972581863403320e-01,-9.999969005584716797e-01,-9.999993443489074707e-01,-9.999994039535522461e-01,-9.999976158142089844e-01,-9.999993443489074707e-01,9.999991655349731445e-01,-9.999993443489074707e-01,9.999986290931701660e-01,9.999650716781616211e-01,-9.999961853027343750e-01,-9.999891519546508789e-01,-9.999991059303283691e-01,9.999952912330627441e-01,9.999992251396179199e-01,-9.999967217445373535e-01,-9.999974966049194336e-01,9.999911189079284668e-01,9.999985694885253906e-01,-9.999993443489074707e-01,9.999988675117492676e-01,-9.999990463256835938e-01,-9.999931454658508301e-01,9.999839067459106445e-01,9.999994039535522461e-01,9.999939203262329102e-01,-2.357234656810760498e-01,-9.999973177909851074e-01,9.999991059303283691e-01,-9.999908804893493652e-01,-9.999985098838806152e-01,9.999988675117492676e-01,-9.999986886978149414e-01,-9.999936819076538086e-01,9.999994635581970215e-01,-9.999993443489074707e-01,9.999980926513671875e-01,-9.999980330467224121e-01,9.999993443489074707e-01,-3.207485973834991455e-01,9.999597668647766113e-01,9.999992251396179199e-01,9.999982118606567383e-01,-9.999892115592956543e-01,-9.999991059303283691e-01,-9.999963045120239258e-01,9.999991655349731445e-01,-9.999991655349731445e-01,9.999988079071044922e-01,-9.999989271163940430e-01,-9.999662041664123535e-01,9.999994039535522461e-01,-9.999983906745910645e-01,9.999995231628417969e-01,-9.999988079071044922e-01,-9.999970793724060059e-01,-9.999983906745910645e-01,-9.999992847442626953e-01,9.999979734420776367e-01,9.999988079071044922e-01,-9.999983906745910645e-01,-9.999944567680358887e-01,-9.999970197677612305e-01,9.999932646751403809e-01,-9.999965429306030273e-01
-9.999966621398925781e-01,9.999971389770507812e-01,9.999878406524658203e-01,-9.999954104423522949e-01,-9.999976158142089844e-01,9.999973773956298828e-01,-9.999908208847045898e-01,-9.999979138374328613e-01,9.999929666519165039e-01,-9.999964237213134766e-01,9.999973773956298828e-01,9.999976754188537598e-01,-9.999960064888000488e-01,-9.999967813491821289e-01,-9.999866485595703125e-01,-9.999910593032836914e-01,-9.999945163726806641e-01,9.999963045120239258e-01,-9.999850392341613770e-01,9.999980926513671875e-01,9.999977946281433105e-01,-9.999863505363464355e-01,-9.999970793724060059e-01,-9.999958872795104980e-01,-9.999761581420898438e-01,-9.999977350234985352e-01,9.999963641166687012e-01,9.999976158142089844e-01,-9.999794363975524902e-01,9.999923110008239746e-01,9.999830126762390137e-01,9.999963641166687012e-01,-9.999728798866271973e-01,-9.999911785125732422e-01,9.999958276748657227e-01,-9.999251961708068848e-01,-9.999977946281433105e-01,-9.999970197677612305e-01,-9.999787211418151855e-01,9.999976754188537598e-01,-9.999971985816955566e-01,9.998956918716430664e-01,-9.999637603759765625e-01,-9.999977350234985352e-01,-9.999965429306030273e-01,-9.999962449073791504e-01,9.999861717224121094e-01,-9.999969601631164551e-01,-9.999973773956298828e-01,9.999968409538269043e-01,9.999974370002746582e-01,9.999967217445373535e-01,9.999976754188537598e-01,9.999857544898986816e-01,9.999967217445373535e-01,9.999961256980895996e-01,9.999843835830688477e-01,-9.999694228172302246e-01,-9.999920725822448730e-01,-9.999963641166687012e-01,9.999967217445373535e-01,-9.999977946281433105e-01,-9.999966621398925781e-01,-9.999905228614807129e-01,9.999891519546508789e-01,9.999975562095642090e-01,9.999980330467224121e-01,9.999917745590209961e-01,9.999978542327880859e-01,-9.999969005584716797e-01,9.999974370002746582e-01,-9.999948143959045410e-01,-9.998769760131835938e-01,9.999867081642150879e-01,9.999615550041198730e-01,9.999965429306030273e-01,-9.999834299087524414e-01,-9.999973773956298828e-01,9.999889135360717773e-01,9.999912977218627930e-01,-9.999688863754272461e-01,-9.999951124191284180e-01,9.999975562095642090e-01,-9.999960660934448242e-01,9.999964237213134766e-01,9.999758601188659668e-01,-9.999430775642395020e-01,-9.999977946281433105e-01,-9.999785423278808594e-01,2.352755218744277954e-01,9.999908208847045898e-01,-9.999966025352478027e-01,9.999679923057556152e-01,9.999949336051940918e-01,-9.999958276748657227e-01,9.999953508377075195e-01,9.999775886535644531e-01,-9.999978542327880859e-01,9.999974370002746582e-01,-9.999932646751403809e-01,9.999931454658508301e-01,-9.999976158142089844e-01,3.201390504837036133e-01,-9.998582601547241211e-01,-9.999971985816955566e-01,-9.999938011169433594e-01,9.999616742134094238e-01,9.999967217445373535e-01,9.999870657920837402e-01,-9.999969005584716797e-01,9.999969601631164551e-01,-9.999958276748657227e-01,9.999963641166687012e-01,9.998810887336730957e-01,-9.999978542327880859e-01,9.999946355819702148e-01,-9.999978542327880859e-01,9.999959468841552734e-01,9.999899864196777344e-01,9.999946951866149902e-01,9.999971985816955566e-01,-9.999929666519165039e-01,-9.999960064888000488e-01,9.999946355819702148e-01,9.999802708625793457e-01,9.999899864196777344e-01,-9.999761581420898438e-01,9.999879002571105957e-01
9.999982714653015137e-01,-9.999985694885253906e-01,-9.999940395355224609e-01,9.999976754188537598e-01,9.999988675117492676e-01,-9.999988079071044922e-01,9.999955892562866211e-01,9.999990463256835938e-01,-9.999964237213134766e-01,9.999983310699462891e-01,-9.999987483024597168e-01,-9.999988675117492676e-01,9.999980330467224121e-01,9.999983906745910645e-01,9.999935030937194824e-01,9.999956488609313965e-01,9.999973177909851074e-01,-9.999980926513671875e-01,9.999926090240478516e-01,-9.999991059303283691e-01,-9.999989271163940430e-01,9.999932646751403809e-01,9.999986290931701660e-01,9.999979734420776367e-01,9.999881982803344727e-01,9.999989867210388184e-01,-9.999982714653015137e-01,-9.999989867210388184e-01,9.999899268150329590e-01,-9.999962449073791504e-01,-9.999916553497314453e-01,-9.999982118606567383e-01,9.999865293502807617e-01,9.999957084655761719e-01,-9.999979734420776367e-01,9.999629855155944824e-01,9.999989271163940430e-01,9.999985694885253906e-01,9.999895095825195312e-01,-9.999989867210388184e-01,9.999986886978149414e-01,-9.999483823776245117e-01,9.999821186065673828e-01,9.999989271163940430e-01,9.999983310699462891e-01,9.999981522560119629e-01,-9.999931454658508301e-01,9.999985694885253906e-01,9.999988079071044922e-01,-9.999985098838806152e-01,-9.999987483024597168e-01,-9.999983906745910645e-01,-9.999988675117492676e-01,-9.999929070472717285e-01,-9.999983906745910645e-01,-9.999980926513671875e-01,-9.999922513961791992e-01,9.999848604202270508e-01,9.999960660934448242e-01,9.999982118606567383e-01,-9.999984502792358398e-01,9.999989271163940430e-01,9.999983310699462891e-01,9.999953508377075195e-01,-9.999946951866149902e-01,-9.999988079071044922e-01,-9.999991655349731445e-01,-9.999959468841552734e-01,-9.999989867210388184e-01,9.999985098838806152e-01,-9.999988079071044922e-01,9.999975562095642090e-01,9.999391436576843262e-01,-9.999934434890747070e-01,-9.999810457229614258e-01,-9.999983906745910645e-01,9.999918341636657715e-01,9.999986886978149414e-01,-9.999945163726806641e-01,-9.999957680702209473e-01,9.999845623970031738e-01,9.999976158142089844e-01,-9.999988675117492676e-01,9.999980330467224121e-01,-9.999982118606567383e-01,-9.999880194664001465e-01,9.999718070030212402e-01,9.999989867210388184e-01,9.999894499778747559e-01,-2.355906814336776733e-01,-9.999954700469970703e-01,9.999983906745910645e-01,-9.999841451644897461e-01,-9.999974966049194336e-01,9.999979138374328613e-01,-9.999977350234985352e-01,-9.999889731407165527e-01,9.999989867210388184e-01,-9.999988079071044922e-01,9.999967217445373535e-01,-9.999966621398925781e-01,9.999988079071044922e-01,-3.205679059028625488e-01,9.999297857284545898e-01,9.999986886978149414e-01,9.999969005584716797e-01,-9.999811649322509766e-01,-9.999983906745910645e-01,-9.999936819076538086e-01,9.999985694885253906e-01,-9.999985694885253906e-01,9.999979734420776367e-01,-9.999982714653015137e-01,-9.999411702156066895e-01,9.999989867210388184e-01,-9.999973773956298828e-01,9.999989867210388184e-01,-9.999980330467224121e-01,-9.999950528144836426e-01,-9.999973773956298828e-01,-9.999986290931701660e-01,9.999964833259582520e-01,9.999981522560119629e-01,-9.999973177909851074e-01,-9.999902844429016113e-01,-9.999950528144836426e-01,9.999882578849792480e-01,-9.999940991401672363e-01
-9.999987483024597168e-01,9.999989271163940430e-01,9.999955296516418457e-01,-9.999983310699462891e-01,-9.999991059303283691e-01,9.999991655349731445e-01,-9.999966621398925781e-01,-9.999992251396179199e-01,9.999973773956298828e-01,-9.999987483024597168e-01,9.999990463256835938e-01,9.999991059303283691e-01,-9.999985098838806152e-01,-9.999988079071044922e-01,-9.999951720237731934e-01,-9.999966621398925781e-01,-9.999979138374328613e-01,9.999986290931701660e-01,-9.999945759773254395e-01,9.999992847442626953e-01,9.999991655349731445e-01,-9.999950528144836426e-01,-9.999989271163940430e-01,-9.999983906745910645e-01,-9.999914765357971191e-01,-9.999991655349731445e-01,9.999985694885253906e-01,9.999992251396179199e-01,-9.999925494194030762e-01,9.999971389770507812e-01,9.999938607215881348e-01,9.999986290931701660e-01,-9.999902248382568359e-01,-9.999967813491821289e-01,9.999984502792358398e-01,-9.999732375144958496e-01,-9.999992251396179199e-01,-9.999989271163940430e-01,-9.999923706054687500e-01,9.999992251396179199e-01,-9.999989271163940430e-01,9.999626874923706055e-01,-9.999870657920837402e-01,-9.999991059303283691e-01,-9.999987483024597168e-01,-9.999985098838806152e-01,9.999950528144836426e-01,-9.999988675117492676e-01,-9.999991059303283691e-01,9.999988079071044922e-01,9.999990463256835938e-01,9.999987483024597168e-01,9.999991059303283691e-01,9.999948740005493164e-01,9.999987483024597168e-01,9.999985098838806152e-01,9.999944567680358887e-01,-9.999889731407165527e-01,-9.999970793724060059e-01,-9.999986886978149414e-01,9.999988079071044922e-01,-9.999991655349731445e-01,-9.999987483024597168e-01,-9.999965429306030273e-01,9.999960660934448242e-01,9.999991655349731445e-01,9.999992251396179199e-01,9.999970197677612305e-01,9.999992847442626953e-01,-9.999988079071044922e-01,9.999991655349731445e-01,-9.999980330467224121e-01,-9.999560713768005371e-01,9.999952316284179688e-01,9.999861717224121094e-01,9.999986886978149414e-01,-9.999939799308776855e-01,-9.999989867210388184e-01,9.999960064888000488e-01,9.999967813491821289e-01,-9.999887943267822266e-01,-9.999981522560119629e-01,9.999991655349731445e-01,-9.999985098838806152e-01,9.999987483024597168e-01,9.999913573265075684e-01,-9.999796748161315918e-01,-9.999991655349731445e-01,-9.999922513961791992e-01,2.356772571802139282e-01,9.999966621398925781e-01,-9.999986886978149414e-01,9.999884963035583496e-01,9.999981522560119629e-01,-9.999983906745910645e-01,9.999982714653015137e-01,9.999920129776000977e-01,-9.999992251396179199e-01,9.999991655349731445e-01,-9.999974966049194336e-01,9.999974966049194336e-01,-9.999991059303283691e-01,3.206857144832611084e-01,-9.999492168426513672e-01,-9.999990463256835938e-01,-9.999977350234985352e-01,9.999862909317016602e-01,9.999987483024597168e-01,9.999952912330627441e-01,-9.999988079071044922e-01,9.999988675117492676e-01,-9.999983906745910645e-01,9.999986886978149414e-01,9.999574422836303711e-01,-9.999992251396179199e-01,9.999979734420776367e-01,-9.999992847442626953e-01,9.999985098838806152e-01,9.999963045120239258e-01,9.999979734420776367e-01,9.999990463256835938e-01,-9.999973773956298828e-01,-9.999985098838806152e-01,9.999979734420776367e-01,9.999929070472717285e-01,9.999963045120239258e-01,-9.999914765357971191e-01,9.999956488609313965e-01
-9.999988079071044922e-01,9.999991655349731445e-01,9.999958872795104980e-01,-9.999983906745910645e-01,-9.999992251396179199e-01,9.999992251396179199e-01,-9.999970197677612305e-01,-9.999992847442626953e-01,9.999976754188537598e-01,-9.999988675117492676e-01,9.999991059303283691e-01,9.999992251396179199e-01,-9.999986886978149414e-01,-9.999989271163940430e-01,-9.999956488609313965e-01,-9.999970793724060059e-01,-9.999982118606567383e-01,9.999987483024597168e-01,-9.999951124191284180e-01,9.999994039535522461e-01,9.999992847442626953e-01,-9.999955296516418457e-01,-9.999991059303283691e-01,-9.999985694885253906e-01,-9.999922513961791992e-01,-9.999992251396179199e-01,9.999988079071044922e-01,9.999992847442626953e-01,-9.999933242797851562e-01,9.999974370002746582e-01,9.999944567680358887e-01,9.999987483024597168e-01,-9.999912381172180176e-01,-9.999971389770507812e-01,9.999985694885253906e-01,-9.999759197235107422e-01,-9.999992847442626953e-01,-9.999989867210388184e-01,-9.999931454658508301e-01,9.999992847442626953e-01,-9.999991655349731445e-01,9.999663829803466797e-01,-9.999883770942687988e-01,-9.999992251396179199e-01,-9.999988675117492676e-01,-9.999987483024597168e-01,9.999954700469970703e-01,-9.999991059303283691e-01,-9.999992251396179199e-01,9.999989271163940430e-01,9.999991655349731445e-01,9.999989271163940430e-01,9.999992847442626953e-01,9.999954104423522949e-01,9.999988675117492676e-01,9.999987483024597168e-01,9.999949336051940918e-01,-9.999901056289672852e-01,-9.999973773956298828e-01,-9.999988079071044922e-01,9.999988675117492676e-01,-9.999992251396179199e-01,-9.999988675117492676e-01,-9.999969005584716797e-01,9.999964833259582520e-01,9.999991655349731445e-01,9.999993443489074707e-01,9.999973177909851074e-01,9.999993443489074707e-01,-9.999989867210388184e-01,9.999992251396179199e-01,-9.999983310699462891e-01,-9.999604225158691406e-01,9.999957084655761719e-01,9.999876618385314941e-01,9.999988079071044922e-01,-9.999946951866149902e-01,-9.999991059303283691e-01,9.999963045120239258e-01,9.999970793724060059e-01,-9.999899268150329590e-01,-9.999983310699462891e-01,9.999991655349731445e-01,-9.999986886978149414e-01,9.999988675117492676e-01,9.999922513961791992e-01,-9.999816417694091797e-01,-9.999993443489074707e-01,-9.999930858612060547e-01,2.356996685266494751e-01,9.999969601631164551e-01,-9.999989271163940430e-01,9.999896287918090820e-01,9.999983310699462891e-01,-9.999986290931701660e-01,9.999985098838806152e-01,9.999927878379821777e-01,-9.999992847442626953e-01,9.999991655349731445e-01,-9.999977350234985352e-01,9.999977946281433105e-01,-9.999992847442626953e-01,3.207162022590637207e-01,-9.999544024467468262e-01,-9.999990463256835938e-01,-9.999978542327880859e-01,9.999876618385314941e-01,9.999988079071044922e-01,9.999957680702209473e-01,-9.999990463256835938e-01,9.999989271163940430e-01,-9.999985694885253906e-01,9.999988079071044922e-01,9.999616742134094238e-01,-9.999992847442626953e-01,9.999981522560119629e-01,-9.999992847442626953e-01,9.999986290931701660e-01,9.999966621398925781e-01,9.999982118606567383e-01,9.999990463256835938e-01,-9.999976158142089844e-01,-9.999986290931701660e-01,9.999981522560119629e-01,9.999936223030090332e-01,9.999966621398925781e-01,-9.999923706054687500e-01,9.999959468841552734e-01
