4.863329231739044189e-01,-2.924236468970775604e-03,-4.643891379237174988e-02,-3.398694470524787903e-02,1.546479612588882446e-01,-6.175737455487251282e-02,8.470673859119415283e-02,3.025516867637634277e-01,6.410636752843856812e-02,8.924135006964206696e-03,-5.447681993246078491e-02,-6.190190557390451431e-03,2.403797348961234093e-03,3.948424458503723145e-01,1.807390451431274414e-01,3.432095423340797424e-02,-3.486234229058027267e-03,-7.064698636531829834e-02,1.506557762622833252e-01,8.959501981735229492e-03,-1.129541322588920593e-01,-4.071310535073280334e-02,-9.243030945071950555e-05,4.762032255530357361e-02,-2.669112198054790497e-02,-1.171657219529151917e-01,8.590580523014068604e-02,-2.472806721925735474e-01,4.662699066102504730e-03,-2.116167247295379639e-01,-1.435332149267196655e-01,5.887384712696075439e-02,-1.924793235957622528e-02,3.118644282221794128e-02,-2.659720927476882935e-02,8.358581922948360443e-03,-3.064197115600109100e-02,-9.615065529942512512e-03,-2.420968413352966309e-01,-3.142669796943664551e-01,4.021639004349708557e-02,8.316416293382644653e-02,-6.924550235271453857e-02,1.285316981375217438e-02,1.070828959345817566e-01,-1.157930642366409302e-01,-1.137715503573417664e-01,-8.977486193180084229e-02,1.390747725963592529e-02,7.106308639049530029e-02,-4.751596599817276001e-02,-7.731407135725021362e-02,3.689603134989738464e-02,-6.149326637387275696e-02,-4.235812276601791382e-02,-3.198932111263275146e-02,4.452888295054435730e-02,8.151523768901824951e-03,8.490285836160182953e-03,-2.705569844692945480e-03,5.290175229310989380e-02,-1.238226611167192459e-02,1.097769849002361298e-02,5.358325317502021790e-02,-4.518351331353187561e-02,4.152945429086685181e-02,-5.165695026516914368e-02,1.154359281063079834e-01,6.084829103201627731e-03,1.201557442545890808e-01,-9.646443277597427368e-02,-1.551599949598312378e-01,7.812472432851791382e-02,2.962230890989303589e-02,-6.312345713376998901e-02,-1.586095392704010010e-01,-4.557472188025712967e-03,1.770924590528011322e-02,-1.615480333566665649e-01,4.584864154458045959e-02,-8.078760467469692230e-03,6.703347316943109035e-04,-1.792500019073486328e-01,-7.514929864555597305e-03,-1.712330579757690430e-01,1.366338809020817280e-03,2.329710870981216431e-01,-4.787482786923646927e-03,-7.592292875051498413e-02,-2.491924911737442017e-03,-5.493913963437080383e-02,4.237639252096414566e-03,1.458023488521575928e-01,-1.295798271894454956e-01,5.972551926970481873e-02,-1.312725543975830078e-01,2.839323282241821289e-01,-1.976176572497934103e-04,-6.380560994148254395e-02,1.504753381013870239e-01,-4.073686897754669189e-02,1.087674722075462341e-01,5.405225232243537903e-02,-3.297541989013552666e-03,-1.642947345972061157e-01,2.019117623567581177e-01,1.449281424283981323e-01,7.375790923833847046e-02,-2.322575896978378296e-01,2.780473604798316956e-02,-7.155184168368577957e-03,6.360033154487609863e-02,6.027187034487724304e-02,-2.749302983283996582e-01,3.842917457222938538e-02,-2.089264802634716034e-02,2.892432212829589844e-01,-1.250335425138473511e-01,-2.178061753511428833e-01,-3.463853150606155396e-02,-1.125602945685386658e-01,8.416700363159179688e-02,3.209543973207473755e-02,4.584324359893798828e-02,1.031617522239685059e-01,-1.256382167339324951e-01,-2.306979335844516754e-02,4.805594682693481445e-02
-2.924236468970775604e-03,2.264636382460594177e-02,-1.212667226791381836e-01,7.821239531040191650e-02,5.437961220741271973e-02,-3.308993298560380936e-03,-1.378143904730677605e-03,4.077033326029777527e-02,6.715070921927690506e-03,2.708101272583007812e-02,8.513935841619968414e-03,-4.643233120441436768e-02,9.535803645849227905e-02,3.823417052626609802e-02,1.121501103043556213e-01,1.094809696078300476e-01,2.158093964681029320e-03,5.225927755236625671e-02,-5.558948963880538940e-02,-6.512141227722167969e-02,-4.566285759210586548e-02,1.296119987964630127e-01,5.227647721767425537e-02,-5.079496186226606369e-03,1.663549616932868958e-02,1.432845741510391235e-01,-1.285001188516616821e-01,-3.080356679856777191e-02,7.739206403493881226e-02,5.452981684356927872e-03,3.515027090907096863e-02,-1.272304505109786987e-01,9.047845005989074707e-02,5.382510647177696228e-02,3.331493935547769070e-04,-1.297082304954528809e-01,1.507721561938524246e-02,3.920714184641838074e-02,-5.489470064640045166e-02,-8.487937599420547485e-02,1.184012815356254578e-01,2.239017747342586517e-03,1.203449293971061707e-01,1.370617002248764038e-02,-3.712351666763424873e-03,-4.745023697614669800e-02,-1.229740530252456665e-01,-3.336696326732635498e-02,-8.288696408271789551e-03,1.303978916257619858e-02,1.283848658204078674e-02,1.109566446393728256e-02,3.560494258999824524e-02,-1.425510458648204803e-02,1.254474557936191559e-02,-1.272828131914138794e-01,2.682800777256488800e-02,9.943969547748565674e-03,-5.901063978672027588e-02,-5.932143330574035645e-02,-8.994205854833126068e-03,1.076639071106910706e-02,5.044041201472282410e-03,1.939600706100463867e-02,2.353843674063682556e-02,-2.774501405656337738e-02,2.507927455008029938e-02,1.225680485367774963e-01,-1.231580004096031189e-01,1.357324235141277313e-02,-7.446010410785675049e-02,3.805849328637123108e-02,-3.649014607071876526e-02,1.200383603572845459e-01,-2.487605065107345581e-02,-8.991477638483047485e-02,-3.237918252125382423e-03,1.373596340417861938e-01,-3.880434483289718628e-02,-1.085047200322151184e-01,1.213594302535057068e-01,2.034367294982075691e-03,-8.223674446344375610e-02,5.213918630033731461e-03,-7.936803251504898071e-02,-1.164084151387214661e-01,2.469814568758010864e-02,7.584546227008104324e-03,6.712324172258377075e-02,2.670823782682418823e-02,-3.042239136993885040e-02,-2.747611328959465027e-02,-1.056098490953445435e-01,4.558128118515014648e-02,-1.087262853980064392e-01,8.428721688687801361e-03,6.555911898612976074e-02,-2.409655862720683217e-04,-9.056815505027770996e-02,2.379254810512065887e-02,-1.722732186317443848e-02,3.931549936532974243e-02,-1.300294846296310425e-01,-2.151164785027503967e-02,1.387566477060317993e-01,1.402103248983621597e-02,-9.020146727561950684e-02,-1.162833124399185181e-01,-2.236979454755783081e-02,-1.557981129735708237e-02,1.022155210375785828e-01,-3.309549391269683838e-02,-1.122094392776489258e-01,3.641830291599035263e-03,1.408202648162841797e-01,-1.155173629522323608e-01,4.674648493528366089e-02,4.174825921654701233e-02,-1.264933198690414429e-01,3.789068758487701416e-02,5.226049199700355530e-02,9.974998235702514648e-02,1.184386610984802246e-01,-4.270276427268981934e-02,-9.972015023231506348e-02,-3.502067551016807556e-02,-1.802582060918211937e-03,4.090486839413642883e-02
-4.643891379237174988e-02,-1.212667226791381836e-01,7.537846565246582031e-01,-4.929176568984985352e-01,-2.953735888004302979e-01,-4.905697330832481384e-02,-8.829768747091293335e-02,-2.896565496921539307e-01,-1.947395130991935730e-02,-1.777379810810089111e-01,-4.849686846137046814e-02,2.916080951690673828e-01,-5.432680249214172363e-01,-3.102281987667083740e-01,-6.611608862876892090e-01,-6.290946602821350098e-01,-2.112024649977684021e-02,-2.205292880535125732e-01,3.452236652374267578e-01,4.325664639472961426e-01,2.450644671916961670e-01,-7.349063158035278320e-01,-3.959021866321563721e-01,1.116563752293586731e-01,-9.380406886339187622e-02,-7.438147664070129395e-01,6.896317005157470703e-01,1.785513907670974731e-01,-5.498803257942199707e-01,7.800735533237457275e-02,-1.592803597450256348e-01,7.156239748001098633e-01,-5.513133406639099121e-01,-3.792383670806884766e-01,1.024512574076652527e-02,7.238570451736450195e-01,-8.641838282346725464e-02,-2.445480525493621826e-01,4.267842173576354980e-01,5.505387783050537109e-01,-6.768116950988769531e-01,-2.736144512891769409e-02,-6.555594205856323242e-01,-9.012059122323989868e-02,-2.931152004748582840e-03,3.814882040023803711e-01,7.438712120056152344e-01,2.145671993494033813e-01,1.769511215388774872e-02,7.799200247973203659e-03,-1.152545437216758728e-01,-7.631063461303710938e-02,-1.955482065677642822e-01,1.637945622205734253e-01,-8.179441094398498535e-02,7.236869335174560547e-01,-1.939878165721893311e-01,-6.679312884807586670e-02,3.061081469058990479e-01,3.629122972488403320e-01,9.265790134668350220e-02,-1.190432533621788025e-01,-3.476651012897491455e-02,-1.645318716764450073e-01,-1.538635641336441040e-01,1.612164676189422607e-01,-9.708157181739807129e-02,-6.788701415061950684e-01,7.004767656326293945e-01,-7.254590839147567749e-02,5.129553079605102539e-01,-1.280910521745681763e-01,1.866479814052581787e-01,-7.123610377311706543e-01,1.593763232231140137e-01,5.621259212493896484e-01,1.924812234938144684e-02,-8.056862354278564453e-01,2.960382103919982910e-01,6.671078205108642578e-01,-7.385251522064208984e-01,-1.338027324527502060e-02,4.981074631214141846e-01,-2.619599737226963043e-02,5.350145697593688965e-01,5.831842422485351562e-01,-2.289810478687286377e-01,-4.276741668581962585e-02,-3.697285950183868408e-01,-1.875157505273818970e-01,1.957138329744338989e-01,1.625988632440567017e-01,5.918034911155700684e-01,-2.342464923858642578e-01,6.446356177330017090e-01,9.052847744897007942e-04,-4.151357710361480713e-01,1.610941137187182903e-03,5.685489773750305176e-01,-2.430426478385925293e-01,1.594211906194686890e-01,-3.141765594482421875e-01,7.264120578765869141e-01,1.380639821290969849e-01,-7.701007127761840820e-01,-2.078750580549240112e-01,5.510197877883911133e-01,6.651841402053833008e-01,1.590475440025329590e-01,9.004636108875274658e-02,-5.648765563964843750e-01,2.976372838020324707e-01,6.318631768226623535e-01,-1.228016838431358337e-01,-7.524160742759704590e-01,6.680995225906372070e-01,-3.392573595046997070e-01,-3.075802028179168701e-01,7.597117424011230469e-01,-2.268012166023254395e-01,-3.302728533744812012e-01,-6.359402537345886230e-01,-6.778767108917236328e-01,2.190446406602859497e-01,6.124303936958312988e-01,3.257686197757720947e-01,-1.411258801817893982e-02,-3.221180438995361328e-01
-3.398694470524787903e-02,7.821239531040191650e-02,-4.929176568984985352e-01,5.098711252212524414e-01,1.415490657091140747e-01,1.073223948478698730e-01,-2.674985677003860474e-02,1.669737398624420166e-01,-6.745404098182916641e-03,1.089249700307846069e-01,-4.157140478491783142e-02,-2.049137353897094727e-01,2.393383085727691650e-01,2.412260472774505615e-01,4.210339784622192383e-01,3.787279129028320312e-01,1.942005380988121033e-02,2.463740408420562744e-01,-2.751039564609527588e-01,-2.313609570264816284e-01,-3.322231471538543701e-01,5.662218332290649414e-01,2.275806218385696411e-01,-1.247705966234207153e-01,8.472731709480285645e-02,5.206831097602844238e-01,-4.468068182468414307e-01,3.047025762498378754e-02,2.249490171670913696e-01,9.923020750284194946e-02,1.234339028596878052e-01,-5.858573317527770996e-01,4.575803875923156738e-01,1.898356378078460693e-01,9.570189751684665680e-03,-5.057540535926818848e-01,8.633443713188171387e-02,1.448174715042114258e-01,-9.471295773983001709e-02,-4.847582280635833740e-01,5.138531327247619629e-01,3.088698349893093109e-02,4.349890947341918945e-01,5.200861394405364990e-02,-4.809593781828880310e-02,-5.117985233664512634e-02,-4.516355991363525391e-01,-2.058828771114349365e-01,-3.700564429163932800e-02,6.922136992216110229e-02,7.767184823751449585e-02,7.004582136869430542e-02,2.071931213140487671e-01,-2.057520300149917603e-01,1.911965161561965942e-01,-4.868866801261901855e-01,1.314341723918914795e-01,3.432814404368400574e-02,-1.463790833950042725e-01,-2.889896035194396973e-01,-1.268647611141204834e-01,1.011995673179626465e-01,2.831774763762950897e-02,1.350212693214416504e-01,1.294864267110824585e-01,-1.129466965794563293e-01,6.936723738908767700e-02,4.818592965602874756e-01,-4.828763306140899658e-01,-8.394580334424972534e-03,-3.188929259777069092e-01,3.059276044368743896e-01,-1.943394094705581665e-01,5.010566115379333496e-01,-1.036983802914619446e-01,-3.935894072055816650e-01,-3.438014304265379906e-03,5.485890507698059082e-01,-3.567392230033874512e-01,-4.766222536563873291e-01,6.323283314704895020e-01,9.016495198011398315e-03,-2.401239275932312012e-01,2.222328819334506989e-02,-4.042408466339111328e-01,-3.095387518405914307e-01,-4.120646044611930847e-02,2.569643035531044006e-02,1.838559955358505249e-01,1.196925714612007141e-01,-8.901114761829376221e-02,-2.039723098278045654e-01,-5.475540757179260254e-01,2.813868820667266846e-01,-5.001787543296813965e-01,-1.241581514477729797e-03,2.212684303522109985e-01,-1.033181208185851574e-03,-3.085770308971405029e-01,1.478807777166366577e-01,-6.473449617624282837e-02,8.500342816114425659e-02,-5.812397599220275879e-01,-8.186582475900650024e-02,5.903385877609252930e-01,2.482760399580001831e-01,-5.344541072845458984e-01,-4.912739098072052002e-01,-5.096534732729196548e-03,-6.472311913967132568e-02,5.898784995079040527e-01,-2.762272953987121582e-01,-5.179821848869323730e-01,1.123277395963668823e-01,5.173767805099487305e-01,-3.969070613384246826e-01,1.020470261573791504e-01,1.808145046234130859e-01,-5.643215775489807129e-01,1.973314732313156128e-01,1.762531548738479614e-01,4.404451251029968262e-01,4.797793030738830566e-01,-1.509663760662078857e-01,-4.106305837631225586e-01,-1.797866523265838623e-01,-1.956549240276217461e-03,2.162061929702758789e-01
1.546479612588882446e-01,5.437961220741271973e-02,-2.953735888004302979e-01,1.415490657091140747e-01,2.220626175403594971e-01,-4.211866483092308044e-02,3.896491229534149170e-02,2.116718739271163940e-01,2.361815422773361206e-02,6.496465951204299927e-02,7.981507107615470886e-03,-1.055513918399810791e-01,2.433531582355499268e-01,1.731704622507095337e-01,3.338038921356201172e-01,2.816439270973205566e-01,-5.146492039784789085e-04,9.579934179782867432e-02,-7.349014282226562500e-02,-1.582751125097274780e-01,-9.164384007453918457e-02,2.779989242553710938e-01,9.967269003391265869e-02,4.228998720645904541e-02,2.398432046175003052e-02,2.951072454452514648e-01,-2.944037616252899170e-01,-1.945098191499710083e-01,2.140462249517440796e-01,-1.030530184507369995e-01,4.426529258489608765e-02,-2.421541810035705566e-01,1.843475550413131714e-01,1.290718913078308105e-01,-9.072194807231426239e-03,-2.909082472324371338e-01,1.789054088294506073e-02,9.184327721595764160e-02,-2.562038302421569824e-01,-2.749419808387756348e-01,2.851593792438507080e-01,3.331242129206657410e-02,2.679725289344787598e-01,3.813969716429710388e-02,4.804017022252082825e-02,-1.738812774419784546e-01,-3.414001166820526123e-01,-9.926228970289230347e-02,-1.315782405436038971e-02,7.558351755142211914e-02,8.966813795268535614e-03,-1.539188902825117111e-02,8.246019482612609863e-02,-1.116565894335508347e-02,-1.996247656643390656e-02,-3.193970024585723877e-01,6.576544791460037231e-02,2.656181342899799347e-02,-1.776541024446487427e-01,-1.271164864301681519e-01,2.332497388124465942e-02,7.923422381281852722e-04,1.342372223734855652e-02,6.042108684778213501e-02,4.012088105082511902e-02,-4.853228852152824402e-02,6.158378347754478455e-02,3.348324596881866455e-01,-2.630172371864318848e-01,1.059234812855720520e-01,-2.113508284091949463e-01,-3.005763050168752670e-03,-3.066776320338249207e-02,2.775644063949584961e-01,-7.802075147628784180e-02,-2.861956954002380371e-01,-1.125289872288703918e-02,3.211870789527893066e-01,-1.071135103702545166e-01,-2.247345298528671265e-01,2.435054183006286621e-01,4.483905620872974396e-03,-2.856450974941253662e-01,9.345187805593013763e-03,-2.397837191820144653e-01,-3.165334463119506836e-01,1.817696839570999146e-01,1.677040569484233856e-02,1.484240442514419556e-01,5.733287334442138672e-02,-1.135971471667289734e-01,-3.989840298891067505e-02,-1.630236357450485229e-01,2.995470166206359863e-02,-2.178111672401428223e-01,-1.121599785983562469e-02,2.925913929939270020e-01,-6.092180847190320492e-04,-2.384077906608581543e-01,9.660870581865310669e-02,-5.217304453253746033e-02,1.474045664072036743e-01,-2.630308866500854492e-01,-5.306295678019523621e-02,2.653055489063262939e-01,8.113921433687210083e-02,-1.280815005302429199e-01,-2.416582405567169189e-01,-1.651600301265716553e-01,-2.518303878605365753e-02,1.639844775199890137e-01,-2.004278451204299927e-02,-2.198789417743682861e-01,-1.174446567893028259e-01,3.746010661125183105e-01,-2.980115413665771484e-01,2.233859747648239136e-01,4.814151674509048462e-02,-3.588373959064483643e-01,6.434705853462219238e-02,1.132890805602073669e-01,2.504436373710632324e-01,2.880683541297912598e-01,-9.526454657316207886e-02,-1.830437779426574707e-01,-9.389296919107437134e-02,-1.714507304131984711e-02,1.126625984907150269e-01
-6.175737455487251282e-02,-3.308993298560380936e-03,-4.905697330832481384e-02,1.073223948478698730e-01,-4.211866483092308044e-02,1.862802952527999878e-01,-1.715205609798431396e-02,3.868658468127250671e-02,-9.849669039249420166e-02,-1.701041311025619507e-02,7.540331222116947174e-03,-1.239749416708946228e-02,-7.104153931140899658e-02,3.818341344594955444e-02,-1.664730906486511230e-02,-2.705620415508747101e-02,-1.576890470460057259e-03,3.401968162506818771e-03,-3.108406066894531250e-02,-2.626750804483890533e-02,6.598243117332458496e-02,4.797883704304695129e-02,7.485078275203704834e-02,-2.711111865937709808e-02,1.516042742878198624e-03,-5.783927440643310547e-02,-2.721451921388506889e-03,7.332284748554229736e-02,7.186714559793472290e-02,-1.078548189252614975e-02,5.117040127515792847e-02,-5.548389162868261337e-03,-1.169051695615053177e-02,6.273533403873443604e-02,-5.545484367758035660e-03,-5.815688986331224442e-03,1.338622532784938812e-02,-7.828320376574993134e-03,5.715073645114898682e-02,-6.380673497915267944e-02,-4.854004085063934326e-02,-1.198963541537523270e-02,5.948261171579360962e-02,5.519358906894922256e-03,6.175077706575393677e-02,4.390526562929153442e-02,1.440342701971530914e-02,-2.157291769981384277e-02,-4.635554179549217224e-02,-4.214219748973846436e-02,9.061446785926818848e-02,-7.601459324359893799e-02,1.954025821760296822e-03,-9.505037218332290649e-02,1.220185589045286179e-02,-2.669295482337474823e-02,2.300787530839443207e-02,1.568553852848708630e-03,5.695793777704238892e-02,-1.706397719681262970e-02,4.102019302081316710e-04,-3.517156001180410385e-03,1.687809359282255173e-03,-7.663643360137939453e-02,3.231852315366268158e-03,1.034742407500743866e-02,5.593517329543828964e-03,3.554432420060038567e-03,3.109497483819723129e-03,-1.666420884430408478e-02,-5.591270048171281815e-03,-6.669075042009353638e-02,-2.422231948003172874e-03,-2.372625051066279411e-03,3.969498351216316223e-02,4.641847684979438782e-03,5.883020814508199692e-03,1.698543131351470947e-02,-2.367327734827995300e-02,-1.958000473678112030e-02,5.379413440823554993e-02,7.688795449212193489e-04,1.729647628962993622e-03,-3.871632739901542664e-03,1.735327206552028656e-02,7.984413951635360718e-02,-3.018695302307605743e-02,1.484556996729224920e-04,-9.270104765892028809e-02,6.009661592543125153e-03,1.995301805436611176e-02,-2.024883404374122620e-02,-4.640629887580871582e-02,4.722716659307479858e-02,-2.469441620633006096e-03,-4.169009253382682800e-02,9.425539523363113403e-03,5.435491630123578943e-07,-9.517197497189044952e-03,-4.549390077590942383e-02,-3.185826539993286133e-02,-8.210121840238571167e-02,-9.270178154110908508e-03,3.405312541872262955e-03,5.541140213608741760e-03,1.238999515771865845e-01,-4.332741349935531616e-02,-2.860777825117111206e-02,1.222496852278709412e-01,1.857872470282018185e-03,4.687647521495819092e-02,-9.625183790922164917e-02,-4.614951089024543762e-02,9.049982577562332153e-02,3.162214159965515137e-02,5.630139634013175964e-02,-2.342913486063480377e-02,4.222401604056358337e-02,-9.437095373868942261e-03,9.257141500711441040e-03,1.509688887745141983e-02,-5.161138717085123062e-03,-8.800047449767589569e-03,3.060224838554859161e-02,-7.595660537481307983e-02,2.495701052248477936e-02,2.829282311722636223e-03,4.575990140438079834e-02
8.470673859119415283e-02,-1.378143904730677605e-03,-8.829768747091293335e-02,-2.674985677003860474e-02,3.896491229534149170e-02,-1.715205609798431396e-02,1.240226477384567261e-01,4.461389407515525818e-02,9.624352678656578064e-03,2.833023108541965485e-02,-2.747407415881752968e-03,-1.054910663515329361e-02,3.865674510598182678e-02,2.441090345382690430e-02,5.942108854651451111e-02,2.999355830252170563e-02,4.363405983895063400e-03,-7.939513027667999268e-02,-9.481268934905529022e-03,-5.613402277231216431e-02,1.607377268373966217e-02,1.829298213124275208e-02,3.306538239121437073e-02,-2.053960971534252167e-02,-7.108476944267749786e-03,3.182740509510040283e-02,-1.896946877241134644e-02,-6.725630909204483032e-02,1.004089713096618652e-01,-1.412459313869476318e-01,-3.916588053107261658e-02,-1.825971342623233795e-02,3.614451363682746887e-02,2.015771530568599701e-02,-8.072887547314167023e-03,-1.803299598395824432e-02,-1.231424510478973389e-02,2.276686765253543854e-02,-1.603907048702239990e-01,-4.686091467738151550e-02,6.230748817324638367e-02,2.143813483417034149e-02,-1.337582431733608246e-02,9.630716405808925629e-03,-2.609776100143790245e-03,-1.250039786100387573e-01,-1.061691790819168091e-01,-7.015244103968143463e-03,5.040253698825836182e-02,-1.889614388346672058e-02,2.231718972325325012e-03,3.374004736542701721e-02,-1.555895525962114334e-02,9.266114793717861176e-03,-2.518079429864883423e-02,-3.700649738311767578e-02,6.938502192497253418e-03,6.916425656527280807e-03,-4.720608890056610107e-02,-3.192136064171791077e-04,-2.155448682606220245e-02,3.751114010810852051e-02,3.499857382848858833e-03,8.920158445835113525e-02,1.954393275082111359e-02,-3.255060175433754921e-03,-2.657047100365161896e-02,3.031042031943798065e-02,-1.792212016880512238e-02,4.042731970548629761e-02,-7.887763530015945435e-02,-7.850861549377441406e-02,5.066591873764991760e-02,4.940325394272804260e-02,-3.577128797769546509e-02,-1.007444337010383606e-01,-5.013319198042154312e-03,8.894956111907958984e-02,-3.257730603218078613e-02,-3.597664460539817810e-02,5.175272002816200256e-02,6.694130133837461472e-04,-5.956614390015602112e-02,-2.438471186906099319e-03,-8.811660110950469971e-02,-1.351091824471950531e-02,1.510359197854995728e-01,-7.441880297847092152e-04,3.938057273626327515e-02,2.272492647171020508e-02,-5.161701142787933350e-02,1.977375149726867676e-02,2.454662695527076721e-02,-6.207469850778579712e-02,-2.837878093123435974e-02,-2.786199562251567841e-02,7.586756348609924316e-02,-2.078364341286942363e-04,-4.374581575393676758e-02,1.047400906682014465e-01,-3.739902004599571228e-02,1.374125331640243530e-01,-1.622710749506950378e-02,-1.499721780419349670e-02,6.915544718503952026e-02,5.939997732639312744e-02,-2.016221173107624054e-02,-3.208523849025368690e-03,-1.262125074863433838e-01,-2.275624428875744343e-04,-6.992921233177185059e-02,-4.039389640092849731e-02,3.646105527877807617e-02,3.019460290670394897e-02,3.475639969110488892e-02,-8.039557933807373047e-02,9.207671880722045898e-02,2.976065501570701599e-02,-9.739141166210174561e-02,-6.232260260730981827e-03,5.201223492622375488e-02,7.095585763454437256e-02,3.462308272719383240e-02,-4.366283304989337921e-03,5.278386641293764114e-03,-9.696407616138458252e-02,1.615634188055992126e-02,6.975022703409194946e-02
3.025516867637634277e-01,4.077033326029777527e-02,-2.896565496921539307e-01,1.669737398624420166e-01,2.116718739271163940e-01,3.868658468127250671e-02,4.461389407515525818e-02,3.915857374668121338e-01,-1.421038713306188583e-02,4.417853429913520813e-02,1.680698245763778687e-02,-1.110536009073257446e-01,1.935511529445648193e-01,3.482316434383392334e-01,3.596246242523193359e-01,2.561004757881164551e-01,-1.276278286240994930e-03,3.538575023412704468e-02,-1.231301389634609222e-02,-1.364936381578445435e-01,-2.319579385221004486e-02,2.676714658737182617e-01,1.449818760156631470e-01,-8.336089551448822021e-03,1.016933284699916840e-02,1.794575005769729614e-01,-2.212197482585906982e-01,-2.076900154352188110e-01,2.705437541007995605e-01,-1.576758772134780884e-01,-2.500168920960277319e-04,-1.815640479326248169e-01,1.023813560605049133e-01,1.958923041820526123e-01,-3.046371042728424072e-02,-2.810294330120086670e-01,7.702243980020284653e-03,7.851891964673995972e-02,-3.259384036064147949e-01,-3.942171633243560791e-01,2.188700884580612183e-01,4.474021494388580322e-02,2.292271703481674194e-01,4.277788102626800537e-02,1.821070164442062378e-01,-2.133058756589889526e-01,-3.527868092060089111e-01,-1.187582612037658691e-01,-3.414165601134300232e-02,1.056057168170809746e-03,4.980705678462982178e-02,-9.389171749353408813e-02,7.462792843580245972e-02,-1.171593666076660156e-01,-5.589552968740463257e-02,-3.235089182853698730e-01,1.120661422610282898e-01,3.297181054949760437e-02,-6.320536881685256958e-02,-1.214621216058731079e-01,4.713502526283264160e-02,-9.516980499029159546e-03,1.539681106805801392e-02,-4.167333990335464478e-02,1.731384731829166412e-02,-1.992905326187610626e-02,1.197756826877593994e-02,3.070100843906402588e-01,-2.506029009819030762e-01,8.327420800924301147e-02,-2.375123649835586548e-01,-1.577509194612503052e-01,-7.182426750659942627e-03,2.816023230552673340e-01,-4.855426400899887085e-02,-2.364479452371597290e-01,-8.430110290646553040e-03,3.106663823127746582e-01,-1.539776623249053955e-01,-2.086870819330215454e-01,2.314864099025726318e-01,5.126449745148420334e-03,-3.174899518489837646e-01,4.123614635318517685e-03,-2.381048053503036499e-01,-2.439188957214355469e-01,2.018435448408126831e-01,1.474011316895484924e-02,4.023741185665130615e-02,6.330021470785140991e-02,-9.986523538827896118e-02,-2.005193941295146942e-02,-8.691927045583724976e-02,-3.734048083424568176e-02,-1.654322892427444458e-01,-8.424568176269531250e-02,3.443200290203094482e-01,-6.133377901278436184e-04,-2.570177614688873291e-01,1.182846873998641968e-01,-9.561477601528167725e-02,1.329517960548400879e-01,-2.249513715505599976e-01,-4.968020319938659668e-02,1.700401902198791504e-01,1.917769610881805420e-01,-2.970810234546661377e-02,-2.161325067281723022e-01,-1.301441639661788940e-01,-6.066225003451108932e-03,1.728179156780242920e-01,-1.781601272523403168e-02,-2.108095288276672363e-01,-1.405435502529144287e-01,3.701926767826080322e-01,-2.351261973381042480e-01,2.998923063278198242e-01,3.781685233116149902e-02,-4.109238982200622559e-01,4.067660123109817505e-02,4.671590402722358704e-02,2.399606257677078247e-01,2.372854799032211304e-01,6.011791061609983444e-03,-1.876777559518814087e-01,-1.135579571127891541e-01,-2.055703476071357727e-02,1.268095672130584717e-01
6.410636752843856812e-02,6.715070921927690506e-03,-1.947395130991935730e-02,-6.745404098182916641e-03,2.361815422773361206e-02,-9.849669039249420166e-02,9.624352678656578064e-03,-1.421038713306188583e-02,8.009382337331771851e-02,2.435259148478507996e-02,-2.440537139773368835e-02,-1.262314245104789734e-02,4.939963668584823608e-02,4.806598648428916931e-02,5.164528638124465942e-02,3.968648612499237061e-02,5.933858454227447510e-03,1.300925202667713165e-02,-1.358904177322983742e-03,2.646734472364187241e-03,-1.338064521551132202e-01,2.313675917685031891e-02,-1.780034229159355164e-02,-1.349453721195459366e-02,9.143096394836902618e-03,7.492113858461380005e-02,-1.579585485160350800e-02,-2.915989235043525696e-02,-5.615963786840438843e-02,2.576025389134883881e-02,-4.357267916202545166e-02,-7.454229891300201416e-02,7.386799901723861694e-02,-2.603312395513057709e-02,5.699928384274244308e-03,-3.842189535498619080e-02,2.117578638717532158e-03,1.355310808867216110e-02,-2.414052560925483704e-02,-4.344496130943298340e-02,8.978170156478881836e-02,1.998958177864551544e-02,-1.872695423662662506e-02,1.940924557857215405e-04,-6.862702965736389160e-02,-1.910133659839630127e-02,-4.294187575578689575e-02,-2.011518739163875580e-02,3.109199367463588715e-02,3.436157107353210449e-02,-5.762994289398193359e-02,6.696218252182006836e-02,3.161524236202239990e-02,1.111449301242828369e-02,4.053308814764022827e-02,-1.630576327443122864e-02,6.173827569000422955e-04,9.028826607391238213e-04,-2.717431634664535522e-02,-2.328952401876449585e-02,-3.244712576270103455e-02,3.120704740285873413e-02,4.026693757623434067e-03,8.888261020183563232e-02,8.041961118578910828e-03,-1.544652041047811508e-02,-1.171259023249149323e-02,4.550199210643768311e-02,-4.860137030482292175e-02,1.099536544643342495e-03,-2.815853245556354523e-02,9.802848100662231445e-02,-2.620487660169601440e-02,5.293192714452743530e-02,-4.515077546238899231e-02,-4.710502922534942627e-02,-2.687517087906599045e-03,4.260376095771789551e-02,-6.109147146344184875e-02,-3.484707698225975037e-02,5.305960401892662048e-02,5.948502803221344948e-04,-5.526135209947824478e-03,3.972737584263086319e-03,-6.995675712823867798e-02,-4.079188406467437744e-02,4.079453647136688232e-03,6.242846138775348663e-04,6.329802423715591431e-02,8.694978430867195129e-03,-1.265622489154338837e-02,-2.550665475428104401e-02,-3.479154780507087708e-02,1.392591185867786407e-02,-5.059715732932090759e-02,1.001989189535379410e-02,8.175445720553398132e-03,-1.212203933391720057e-04,-2.026256360113620758e-02,6.570959836244583130e-02,1.502123102545738220e-02,6.076095998287200928e-02,-5.698516964912414551e-02,-8.429158478975296021e-03,4.274219647049903870e-02,-1.982378773391246796e-02,-4.970199987292289734e-02,-1.826924271881580353e-02,-7.938107848167419434e-02,-7.176290731877088547e-03,7.176504284143447876e-02,7.847091183066368103e-03,-2.474343217909336090e-02,-4.385675117373466492e-02,-4.470932180993258953e-04,-6.273714452981948853e-02,2.520996518433094025e-02,-1.526486314833164215e-02,-6.760108470916748047e-02,2.046955749392509460e-02,-1.937839388847351074e-02,5.636302009224891663e-02,5.236699804663658142e-02,-3.172993287444114685e-02,1.437364146113395691e-02,-7.018511742353439331e-02,1.268523978069424629e-03,-1.342157716862857342e-03
8.924135006964206696e-03,2.708101272583007812e-02,-1.777379810810089111e-01,1.089249700307846069e-01,6.496465951204299927e-02,-1.701041311025619507e-02,2.833023108541965485e-02,4.417853429913520813e-02,2.435259148478507996e-02,4.774447157979011536e-02,-2.080556441796943545e-05,-6.635671854019165039e-02,1.280378252267837524e-01,6.031972914934158325e-02,1.560300290584564209e-01,1.455495059490203857e-01,7.053537294268608093e-03,4.989670589566230774e-02,-8.518705517053604126e-02,-9.348036348819732666e-02,-9.390019625425338745e-02,1.792694479227066040e-01,7.646797597408294678e-02,-3.457423672080039978e-02,2.412167191505432129e-02,2.055492699146270752e-01,-1.648433655500411987e-01,-3.216479718685150146e-02,1.048293411731719971e-01,-7.476898375898599625e-03,2.516835369169712067e-02,-1.935648322105407715e-01,1.497131884098052979e-01,6.621366739273071289e-02,1.134166726842522621e-03,-1.768231987953186035e-01,2.033121697604656219e-02,5.780703574419021606e-02,-9.485760331153869629e-02,-1.277630776166915894e-01,1.862674951553344727e-01,1.149208843708038330e-02,1.371908038854598999e-01,1.903850771486759186e-02,-2.876389026641845703e-02,-8.367512375116348267e-02,-1.840418875217437744e-01,-5.037841573357582092e-02,1.077099144458770752e-02,9.249765425920486450e-03,7.201637607067823410e-03,4.607608914375305176e-02,5.175783857703208923e-02,-2.946590818464756012e-02,3.473975509405136108e-02,-1.690515577793121338e-01,3.786040097475051880e-02,1.393196359276771545e-02,-7.684297859668731689e-02,-8.479966968297958374e-02,-3.914657980203628540e-02,3.994543477892875671e-02,8.543068543076515198e-03,7.374474406242370605e-02,4.151108115911483765e-02,-4.144476726651191711e-02,1.781549118459224701e-02,1.610300093889236450e-01,-1.696072369813919067e-01,1.223751157522201538e-02,-1.197625920176506042e-01,6.835749000310897827e-02,-4.760674387216567993e-02,1.785025298595428467e-01,-4.806067794561386108e-02,-1.406683027744293213e-01,-4.746953956782817841e-03,2.080063968896865845e-01,-8.501479029655456543e-02,-1.634766608476638794e-01,1.984014362096786499e-01,2.994986250996589661e-03,-9.762826561927795410e-02,7.169920951128005981e-03,-1.385653018951416016e-01,-1.379738599061965942e-01,4.358908534049987793e-02,9.170392528176307678e-03,1.043257936835289001e-01,4.419625177979469299e-02,-4.752632603049278259e-02,-4.490742087364196777e-02,-1.516610532999038696e-01,5.798498168587684631e-02,-1.650977134704589844e-01,8.619382046163082123e-03,8.177506178617477417e-02,-3.864422906190156937e-04,-1.215637028217315674e-01,7.470086216926574707e-02,-2.809502743184566498e-02,8.969468623399734497e-02,-1.908674538135528564e-01,-3.252327814698219299e-02,2.148662358522415161e-01,3.858608007431030273e-02,-1.562462449073791504e-01,-1.567524075508117676e-01,-5.658955499529838562e-02,-2.288035489618778229e-02,1.488602161407470703e-01,-7.117317616939544678e-02,-1.464241594076156616e-01,3.188718482851982117e-02,1.756726801395416260e-01,-1.729148924350738525e-01,6.580232828855514526e-02,6.766919791698455811e-02,-1.968585848808288574e-01,5.734489113092422485e-02,7.487154006958007812e-02,1.562062352895736694e-01,1.679155975580215454e-01,-5.994825810194015503e-02,-1.295650303363800049e-01,-9.046114981174468994e-02,5.421347916126251221e-03,7.236646860837936401e-02
-5.447681993246078491e-02,8.513935841619968414e-03,-4.849686846137046814e-02,-4.157140478491783142e-02,7.981507107615470886e-03,7.540331222116947174e-03,-2.747407415881752968e-03,1.680698245763778687e-02,-2.440537139773368835e-02,-2.080556441796943545e-05,7.241310924291610718e-02,-1.425454579293727875e-02,9.190952032804489136e-02,-3.746643289923667908e-02,2.628587372601032257e-02,5.798839777708053589e-02,-3.751388983801007271e-03,-1.378878485411405563e-02,-1.259864494204521179e-02,-4.777041450142860413e-02,1.407618075609207153e-01,4.239805415272712708e-02,5.887883529067039490e-02,7.459280546754598618e-03,-2.703649923205375671e-03,6.604474037885665894e-02,-8.162520825862884521e-02,-3.285202756524085999e-02,1.313943713903427124e-01,-2.085258252918720245e-02,4.326399788260459900e-02,-5.546584725379943848e-03,-4.798247292637825012e-02,8.096862584352493286e-02,-9.578636847436428070e-03,-6.831352412700653076e-02,-2.582715824246406555e-03,2.138445340096950531e-02,-6.552375853061676025e-02,6.576449424028396606e-02,-2.129369787871837616e-02,-3.068918921053409576e-02,8.841176331043243408e-02,7.910204119980335236e-03,6.325700879096984863e-02,-9.997475147247314453e-02,-5.932424217462539673e-02,4.043498635292053223e-02,-1.832425221800804138e-02,-8.192464709281921387e-02,3.746168315410614014e-02,-3.574544563889503479e-02,-3.869784250855445862e-02,2.795456908643245697e-02,-7.767228037118911743e-02,-6.627092510461807251e-02,1.793518289923667908e-02,9.662882424890995026e-03,-1.267547905445098877e-02,2.388326916843652725e-03,4.243256524205207825e-02,-2.351626753807067871e-02,-3.947548102587461472e-03,-9.040163457393646240e-02,-8.208859711885452271e-03,-8.283595554530620575e-03,1.549443043768405914e-02,7.955647073686122894e-03,-6.100016087293624878e-02,-7.049616426229476929e-03,-1.275815814733505249e-02,-1.203724518418312073e-01,1.033750828355550766e-03,4.218200221657752991e-02,2.594609372317790985e-02,4.996776580810546875e-02,-3.703562542796134949e-03,6.528811156749725342e-02,1.151271313428878784e-01,-4.038520157337188721e-02,-1.398605108261108398e-02,8.126612519845366478e-04,-5.079872906208038330e-02,4.611007170751690865e-05,6.248586624860763550e-02,-8.869578689336776733e-02,3.754010424017906189e-02,6.185394711792469025e-03,3.732516989111900330e-02,1.226748060435056686e-02,-5.574260838329792023e-03,4.753300175070762634e-02,1.462580449879169464e-02,-2.969890274107456207e-02,-7.560662459582090378e-03,1.665442250669002533e-02,-4.152364563196897507e-03,-3.028385253855958581e-05,-6.395418941974639893e-02,-4.568434879183769226e-02,-3.189637139439582825e-02,1.742886938154697418e-02,-2.434149570763111115e-02,-1.023619249463081360e-02,4.810583218932151794e-02,-8.702035993337631226e-02,5.523714050650596619e-02,-5.317213758826255798e-02,3.949395194649696350e-02,-4.124898463487625122e-03,-3.984107822179794312e-02,2.730264514684677124e-02,-2.839350141584873199e-02,3.684607893228530884e-02,7.480233907699584961e-02,-4.534375295042991638e-02,2.987280488014221191e-02,5.517112091183662415e-02,4.755180794745683670e-03,-9.024808183312416077e-03,4.449049755930900574e-02,-2.014884492382407188e-03,1.747797429561614990e-02,1.103190053254365921e-02,-8.522674441337585449e-02,1.810550689697265625e-02,5.200218874961137772e-03,-6.060607731342315674e-03
-6.190190557390451431e-03,-4.643233120441436768e-02,2.916080951690673828e-01,-2.049137353897094727e-01,-1.055513918399810791e-01,-1.239749416708946228e-02,-1.054910663515329361e-02,-1.110536009073257446e-01,-1.262314245104789734e-02,-6.635671854019165039e-02,-1.425454579293727875e-02,1.156075522303581238e-01,-2.062917500734329224e-01,-1.220351532101631165e-01,-2.626674771308898926e-01,-2.460523545742034912e-01,-9.071755222976207733e-03,-9.906469285488128662e-02,1.355991959571838379e-01,1.508201807737350464e-01,1.139606013894081116e-01,-3.118625879287719727e-01,-1.428880691528320312e-01,5.651366710662841797e-02,-3.978282958269119263e-02,-3.231643140316009521e-01,2.805084586143493652e-01,4.449218511581420898e-02,-1.944052875041961670e-01,-7.522645872086286545e-03,-6.115689501166343689e-02,3.097638487815856934e-01,-2.183795273303985596e-01,-1.381343454122543335e-01,2.296981867402791977e-03,3.070115447044372559e-01,-3.629609197378158569e-02,-9.331665188074111938e-02,1.402601003646850586e-01,2.246786803007125854e-01,-2.794939279556274414e-01,-9.784609079360961914e-03,-2.573749423027038574e-01,-3.299894556403160095e-02,-1.173469470813870430e-03,1.249228939414024353e-01,2.983469069004058838e-01,8.463183045387268066e-02,1.063670869916677475e-02,3.141046734526753426e-03,-3.475856408476829529e-02,-3.475493937730789185e-02,-8.511904627084732056e-02,7.314539700746536255e-02,-4.399383068084716797e-02,2.964641749858856201e-01,-7.647623121738433838e-02,-2.513773553073406219e-02,1.001894548535346985e-01,1.449493467807769775e-01,4.267999529838562012e-02,-4.606323689222335815e-02,-1.332660671323537827e-02,-5.322260037064552307e-02,-6.062166020274162292e-02,6.439127773046493530e-02,-3.611281886696815491e-02,-2.683800458908081055e-01,2.889212071895599365e-01,-8.685554377734661102e-03,1.909914463758468628e-01,-8.009681105613708496e-02,8.816120773553848267e-02,-2.969518005847930908e-01,5.732226371765136719e-02,1.995648890733718872e-01,6.372313480824232101e-03,-3.385175168514251709e-01,1.256636977195739746e-01,2.739798724651336670e-01,-3.195130527019500732e-01,-5.207723472267389297e-03,1.722657382488250732e-01,-1.171921659260988235e-02,2.013389766216278076e-01,2.349987775087356567e-01,-4.216350987553596497e-02,-1.676087640225887299e-02,-1.428450345993041992e-01,-7.170837372541427612e-02,6.625257432460784912e-02,7.110002636909484863e-02,2.505767941474914551e-01,-1.004338562488555908e-01,2.638695836067199707e-01,-8.100224658846855164e-03,-1.390603482723236084e-01,6.037158891558647156e-04,2.120131552219390869e-01,-8.667198568582534790e-02,5.275655910372734070e-02,-1.044831126928329468e-01,3.168659508228302002e-01,5.217657983303070068e-02,-3.359696567058563232e-01,-7.056780159473419189e-02,2.325026392936706543e-01,2.755035758018493652e-01,3.948570415377616882e-02,3.534914180636405945e-02,-2.655365765094757080e-01,1.073407679796218872e-01,2.685194611549377441e-01,-4.649271070957183838e-02,-3.146657943725585938e-01,2.645637691020965576e-01,-1.075660958886146545e-01,-1.157592833042144775e-01,3.188086152076721191e-01,-9.342200309038162231e-02,-1.143147423863410950e-01,-2.436625361442565918e-01,-2.702697515487670898e-01,7.846571505069732666e-02,2.437305897474288940e-01,1.160163730382919312e-01,-2.886153291910886765e-03,-1.102144271135330200e-01
