5.175641179084777832e-01,-1.394153106957674026e-02,2.128688618540763855e-02,1.441775355488061905e-02,1.425195038318634033e-01,-1.216552592813968658e-02,9.937920607626438141e-03,2.900297641754150391e-01,5.895460024476051331e-02,8.452978916466236115e-03,-6.558933854103088379e-02,-1.563489064574241638e-02,-2.089625038206577301e-02,5.425096750259399414e-01,2.009788006544113159e-01,2.748016081750392914e-02,-2.334103221073746681e-03,-6.733108311891555786e-02,1.659751534461975098e-01,4.674925468862056732e-03,-2.494930475950241089e-01,-5.002387613058090210e-02,2.817936614155769348e-02,-2.966134808957576752e-02,-2.439296618103981018e-02,-2.077365517616271973e-01,2.918264828622341156e-02,-1.709768921136856079e-01,-8.598481118679046631e-02,-2.493537366390228271e-01,-1.136541590094566345e-01,4.185637459158897400e-02,-5.376951396465301514e-02,6.486301124095916748e-02,-3.498257324099540710e-02,-2.677034214138984680e-02,-2.325611002743244171e-02,-1.861964538693428040e-02,-1.366452276706695557e-01,-3.083542883396148682e-01,-2.490540593862533569e-02,1.093347966670989990e-01,-6.861151754856109619e-02,1.442172564566135406e-02,2.872915565967559814e-01,-2.030380219221115112e-01,-5.952654406428337097e-02,-8.306176960468292236e-02,-6.827123928815126419e-03,2.021591551601886749e-02,1.140492688864469528e-02,-1.368224918842315674e-01,2.507393248379230499e-02,-8.134210854768753052e-02,-3.146736696362495422e-02,-6.382759660482406616e-02,5.377402901649475098e-02,8.002119138836860657e-03,-2.127486839890480042e-02,-4.759564995765686035e-03,9.209225326776504517e-02,4.442164674401283264e-03,1.577324606478214264e-02,-1.210345793515443802e-02,-7.375969737768173218e-02,5.886409059166908264e-02,-1.141046267002820969e-02,8.063372224569320679e-02,2.484390698373317719e-02,8.343892544507980347e-02,-3.510710597038269043e-02,-3.030469119548797607e-01,3.297574818134307861e-02,1.321509759873151779e-02,-1.360457018017768860e-02,-4.900668933987617493e-02,-5.085978657007217407e-03,3.723740577697753906e-02,-1.747999936342239380e-01,-1.190993189811706543e-02,-5.165814235806465149e-02,2.006654161959886551e-03,-1.510910987854003906e-01,-9.261603467166423798e-03,-8.126420527696609497e-02,-1.724896393716335297e-02,1.782812774181365967e-01,-9.267070330679416656e-03,-3.428720682859420776e-02,-3.363190451636910439e-03,-4.390926100313663483e-03,-3.115556575357913971e-02,1.478817313909530640e-01,-9.688842296600341797e-02,1.038741394877433777e-01,-6.869228929281234741e-02,2.478231489658355713e-01,-1.418185856891795993e-04,-6.265755742788314819e-02,7.493208348751068115e-02,-3.779019415378570557e-02,2.024466544389724731e-02,4.307472705841064453e-02,3.813202260062098503e-03,-2.282518297433853149e-01,1.678442955017089844e-01,1.852697134017944336e-01,6.130691617727279663e-02,-1.160824820399284363e-01,3.018987551331520081e-02,1.808768957853317261e-01,5.637765303254127502e-02,4.654577374458312988e-02,-3.167324066162109375e-01,4.819648712873458862e-02,3.447716310620307922e-02,2.764386832714080811e-01,-2.065757364034652710e-01,-2.537162601947784424e-01,-1.934759691357612610e-02,-1.315271854400634766e-01,8.503692597150802612e-02,4.347452893853187561e-02,5.320529267191886902e-02,6.893791258335113525e-02,-9.376645833253860474e-02,-2.770004980266094208e-02,1.048570778220891953e-02
-1.394153106957674026e-02,2.719769813120365143e-02,-1.418035626411437988e-01,5.200545117259025574e-02,7.293976098299026489e-02,2.378000877797603607e-03,-1.735170930624008179e-02,5.459152162075042725e-02,2.645630738697946072e-04,1.628061383962631226e-02,3.411149978637695312e-02,-3.445651009678840637e-02,1.166923567652702332e-01,1.413911115378141403e-02,1.097764596343040466e-01,1.101064234972000122e-01,-2.126241335645318031e-03,1.187244281172752380e-01,-3.119721449911594391e-02,-5.929965525865554810e-02,1.934085786342620850e-02,1.348720788955688477e-01,7.707612961530685425e-02,3.168297559022903442e-02,1.022987067699432373e-02,1.563583463430404663e-01,-1.352489143610000610e-01,-6.192094460129737854e-02,1.022195890545845032e-01,2.361003309488296509e-03,2.454822696745395660e-02,-1.225365847349166870e-01,8.107853680849075317e-02,5.703214555978775024e-02,6.217544898390769958e-03,-1.235467195510864258e-01,7.441161200404167175e-03,2.777608670294284821e-02,-8.310826867818832397e-02,-9.453715384006500244e-02,1.294379532337188721e-01,-1.320459414273500443e-02,1.428932994604110718e-01,1.368644647300243378e-02,-9.588972665369510651e-03,-9.141840040683746338e-02,-1.333708316087722778e-01,-2.273593842983245850e-02,-2.644323557615280151e-02,2.433395572006702423e-02,1.070724334567785263e-02,2.935786033049225807e-03,1.781662181019783020e-02,-2.088055387139320374e-02,-1.869527436792850494e-02,-1.176384389400482178e-01,2.906428836286067963e-02,1.195283606648445129e-02,-1.125949919223785400e-01,-4.711387678980827332e-02,2.080172486603260040e-02,-1.740847364999353886e-03,5.659091752022504807e-03,2.937895990908145905e-02,1.375412475317716599e-02,-2.496448159217834473e-02,6.227438151836395264e-02,1.425251215696334839e-01,-1.353527158498764038e-01,1.972527988255023956e-02,-7.244259119033813477e-02,1.045739836990833282e-02,-2.529455162584781647e-02,1.101373210549354553e-01,-4.110235720872879028e-02,-1.042131111025810242e-01,-6.481867749243974686e-03,1.309786140918731689e-01,-1.143369730561971664e-02,-1.024685502052307129e-01,1.176039651036262512e-01,2.764407312497496605e-03,-1.040878072381019592e-01,7.941881194710731506e-03,-9.015764296054840088e-02,-1.314910799264907837e-01,8.250837028026580811e-02,1.093562878668308258e-02,7.565467059612274170e-02,4.241999238729476929e-03,-3.727396205067634583e-02,-2.745216153562068939e-02,-1.083727031946182251e-01,3.526806086301803589e-02,-8.610277622938156128e-02,7.950482890009880066e-03,9.187529981136322021e-02,-4.739508731290698051e-04,-8.788329362869262695e-02,3.639674559235572815e-02,4.046271555125713348e-03,3.915471211075782776e-02,-1.112466380000114441e-01,-1.234052516520023346e-02,1.421899050474166870e-01,-1.206225249916315079e-02,-6.949546933174133301e-02,-1.153023988008499146e-01,-1.479920465499162674e-02,-1.780137605965137482e-02,7.077073305845260620e-02,-2.392299473285675049e-03,-1.075564175844192505e-01,-3.580722957849502563e-02,1.506688594818115234e-01,-1.359804868698120117e-01,5.933943018317222595e-02,5.857072398066520691e-02,-1.182327121496200562e-01,2.425594255328178406e-02,1.011439189314842224e-01,1.059768125414848328e-01,1.094940081238746643e-01,-6.266295909881591797e-02,-1.056756526231765747e-01,-5.149995908141136169e-02,-5.680801346898078918e-03,6.177442148327827454e-02
2.128688618540763855e-02,-1.418035626411437988e-01,8.060721158981323242e-01,-3.623352348804473877e-01,-3.949455022811889648e-01,-1.082128658890724182e-01,3.446595370769500732e-02,-3.510575294494628906e-01,1.408523228019475937e-02,-1.179427206516265869e-01,-2.039995640516281128e-01,2.325824499130249023e-01,-6.395156383514404297e-01,-1.922097206115722656e-01,-6.596393585205078125e-01,-6.454687118530273438e-01,-7.883495651185512543e-03,-6.338361501693725586e-01,1.864529103040695190e-01,4.008825719356536865e-01,-8.399890363216400146e-02,-7.696283459663391113e-01,-5.580720305442810059e-01,-4.834854602813720703e-02,-6.230317056179046631e-02,-7.829445600509643555e-01,7.526233196258544922e-01,2.492776215076446533e-01,-6.323297023773193359e-01,6.340842694044113159e-02,-1.391813904047012329e-01,7.280638813972473145e-01,-5.157027840614318848e-01,-4.241820871829986572e-01,-2.052908018231391907e-02,7.276580929756164551e-01,-4.092107340693473816e-02,-1.686024814844131470e-01,5.532789826393127441e-01,6.166822314262390137e-01,-7.152744531631469727e-01,5.541078001260757446e-02,-7.376402020454406738e-01,-8.905990421772003174e-02,-1.977805048227310181e-02,6.482685208320617676e-01,7.637348771095275879e-01,1.528253853321075439e-01,1.310924887657165527e-01,-4.373757168650627136e-02,-8.887580037117004395e-02,4.236957058310508728e-03,-9.254852682352066040e-02,1.775256693363189697e-01,9.284010529518127441e-02,7.120373845100402832e-01,-2.026815861463546753e-01,-7.734465599060058594e-02,6.261382699012756348e-01,3.055939376354217529e-01,-7.869175076484680176e-02,-5.612916126847267151e-02,-4.134209454059600830e-02,-2.500795423984527588e-01,-8.776747435331344604e-02,1.430374383926391602e-01,-3.370206952095031738e-01,-7.624539732933044434e-01,7.489820718765258789e-01,-7.935471832752227783e-02,4.913117885589599609e-01,4.518695920705795288e-02,1.505998522043228149e-01,-6.995996832847595215e-01,2.293357402086257935e-01,5.789433121681213379e-01,3.680490329861640930e-02,-7.966538071632385254e-01,1.283097714185714722e-01,6.684002280235290527e-01,-7.250934839248657227e-01,-1.982496678829193115e-02,6.011317372322082520e-01,-4.099303856492042542e-02,5.886641144752502441e-01,6.832182407379150391e-01,-5.135496854782104492e-01,-6.020476669073104858e-02,-4.610789418220520020e-01,-5.746068805456161499e-02,2.246564626693725586e-01,1.890547275543212891e-01,6.304358243942260742e-01,-2.068118155002593994e-01,5.490116477012634277e-01,4.823893774300813675e-03,-5.464226603507995605e-01,3.200703300535678864e-03,5.810169577598571777e-01,-2.774218618869781494e-01,2.574399113655090332e-02,-2.946754693984985352e-01,6.932144165039062500e-01,7.623735815286636353e-02,-7.831468582153320312e-01,-8.263459056615829468e-02,4.807895123958587646e-01,6.748419404029846191e-01,8.411012589931488037e-02,1.102462187409400940e-01,-5.147278904914855957e-01,1.426576077938079834e-01,6.472156643867492676e-01,6.434075534343719482e-02,-7.895162105560302734e-01,7.359150648117065430e-01,-3.930035829544067383e-01,-3.976143002510070801e-01,7.427567839622497559e-01,-1.662648469209671021e-01,-6.532272696495056152e-01,-6.825057864189147949e-01,-6.789652109146118164e-01,3.361960351467132568e-01,6.824203729629516602e-01,4.220608472824096680e-01,1.430555898696184158e-02,-3.941385746002197266e-01
1.441775355488061905e-02,5.200545117259025574e-02,-3.623352348804473877e-01,2.976183295249938965e-01,1.369141489267349243e-01,1.228840351104736328e-01,-4.806158319115638733e-02,1.972617357969284058e-01,-2.530084364116191864e-02,4.625575616955757141e-02,9.116190485656261444e-03,-1.055558472871780396e-01,2.231846153736114502e-01,1.339209079742431641e-01,2.687358260154724121e-01,2.308324873447418213e-01,6.688843015581369400e-03,3.224570155143737793e-01,-9.940705448389053345e-02,-1.150597929954528809e-01,-1.070208474993705750e-01,3.723830878734588623e-01,2.328245192766189575e-01,-6.621070206165313721e-02,4.410788789391517639e-02,3.291402459144592285e-01,-2.917870283126831055e-01,-3.633327409625053406e-02,2.121416181325912476e-01,1.350449677556753159e-02,3.765801712870597839e-02,-3.821745812892913818e-01,2.934844493865966797e-01,1.190551891922950745e-01,1.743521727621555328e-02,-3.169012963771820068e-01,3.957193717360496521e-02,6.422203779220581055e-02,-1.591661125421524048e-01,-3.929973542690277100e-01,3.451250195503234863e-01,3.879874129779636860e-04,3.142761588096618652e-01,3.487134352326393127e-02,6.652382202446460724e-03,-2.151358574628829956e-01,-3.008665442466735840e-01,-1.213166341185569763e-01,-6.490056216716766357e-02,6.392360478639602661e-02,5.193665623664855957e-02,1.018214691430330276e-02,1.163066551089286804e-01,-2.085004150867462158e-01,6.050558388233184814e-02,-3.010103404521942139e-01,8.823670446872711182e-02,2.611773274838924408e-02,-2.168687880039215088e-01,-1.616887450218200684e-01,-2.411930635571479797e-02,6.338854879140853882e-02,2.403046004474163055e-02,1.316702663898468018e-01,3.232923150062561035e-02,-6.173111498355865479e-02,1.241207346320152283e-01,3.689213991165161133e-01,-3.229918777942657471e-01,-1.928300410509109497e-02,-2.255870848894119263e-01,9.644561260938644409e-02,-9.615506231784820557e-02,2.937491536140441895e-01,-1.118329018354415894e-01,-2.794322073459625244e-01,-6.515147164463996887e-03,3.483576178550720215e-01,-2.188507169485092163e-01,-3.310023248195648193e-01,4.459757804870605469e-01,8.528150618076324463e-03,-2.003675252199172974e-01,2.169639244675636292e-02,-3.283250331878662109e-01,-1.920315474271774292e-01,1.133250445127487183e-01,2.247290872037410736e-02,1.137930974364280701e-01,2.221144177019596100e-02,-6.629019975662231445e-02,-1.431882679462432861e-01,-3.662847876548767090e-01,1.341381072998046875e-01,-2.637818157672882080e-01,-3.426710516214370728e-02,2.124775201082229614e-01,-1.399675733409821987e-03,-1.883859187364578247e-01,1.811712086200714111e-01,1.167430076748132706e-02,7.029125839471817017e-02,-3.318118155002593994e-01,-2.857947722077369690e-02,3.945543169975280762e-01,1.542147397994995117e-01,-3.314398527145385742e-01,-3.149041831493377686e-01,4.201797023415565491e-02,-4.269212484359741211e-02,3.624148964881896973e-01,-1.197395250201225281e-01,-3.208085596561431885e-01,-3.122271597385406494e-02,3.578308224678039551e-01,-3.021647930145263672e-01,1.161306053400039673e-01,1.657473742961883545e-01,-3.866643607616424561e-01,1.001358330249786377e-01,2.351742535829544067e-01,2.843476831912994385e-01,2.919957935810089111e-01,-1.149587854743003845e-01,-2.710888087749481201e-01,-1.899347007274627686e-01,-8.441023528575897217e-03,2.219757586717605591e-01
1.425195038318634033e-01,7.293976098299026489e-02,-3.949455022811889648e-01,1.369141489267349243e-01,2.924064695835113525e-01,-6.769680418074131012e-03,-2.663888223469257355e-02,2.655530571937561035e-01,1.071113627403974533e-02,4.915152862668037415e-02,7.271482050418853760e-02,-9.828320890665054321e-02,3.177185356616973877e-01,2.068290114402770996e-01,3.902192115783691406e-01,3.288371860980987549e-01,-1.144955307245254517e-02,3.049176931381225586e-01,-2.951266430318355560e-02,-1.742576509714126587e-01,3.477608086541295052e-03,3.573073446750640869e-01,2.014669775962829590e-01,1.189098581671714783e-01,1.216718275099992752e-02,3.632784485816955566e-01,-3.786759376525878906e-01,-2.735911011695861816e-01,2.855617403984069824e-01,-1.236129626631736755e-01,2.851733192801475525e-02,-2.955241799354553223e-01,1.961624473333358765e-01,1.714821308851242065e-01,5.697850137948989868e-03,-3.413282334804534912e-01,7.075616158545017242e-03,7.392295449972152710e-02,-3.282544016838073730e-01,-3.606163859367370605e-01,3.640785515308380127e-01,6.132069509476423264e-03,3.829758167266845703e-01,4.600046947598457336e-02,7.963708788156509399e-02,-3.316644430160522461e-01,-4.224838018417358398e-01,-9.415810555219650269e-02,-7.108911126852035522e-02,9.826818853616714478e-02,2.916605956852436066e-02,-4.550114274024963379e-02,4.334184527397155762e-02,-6.157710403203964233e-02,-8.376021683216094971e-02,-3.560164272785186768e-01,9.577792137861251831e-02,3.736600652337074280e-02,-3.551540970802307129e-01,-1.270193904638290405e-01,1.087713912129402161e-01,-1.826281286776065826e-02,2.041254378855228424e-02,9.283166378736495972e-02,2.436217851936817169e-02,-4.588115215301513672e-02,1.875106245279312134e-01,4.363864064216613770e-01,-3.514243066310882568e-01,1.224815696477890015e-01,-2.256610542535781860e-01,-1.055088937282562256e-01,-2.934926003217697144e-02,3.059739470481872559e-01,-1.248472630977630615e-01,-3.560992181301116943e-01,-2.267312444746494293e-02,3.804309368133544922e-01,-8.250255882740020752e-02,-2.762175798416137695e-01,2.976769208908081055e-01,7.808385882526636124e-03,-3.753632605075836182e-01,1.844771951436996460e-02,-2.914337217807769775e-01,-4.096182286739349365e-01,3.441078364849090576e-01,2.768253721296787262e-02,2.082198858261108398e-01,7.260979618877172470e-03,-1.313065290451049805e-01,-7.491374760866165161e-02,-2.246413826942443848e-01,3.448095172643661499e-02,-1.943195909261703491e-01,1.762600801885128021e-02,3.940325677394866943e-01,-1.360248541459441185e-03,-2.636545002460479736e-01,1.325436383485794067e-01,-2.262452850118279457e-03,1.361344605684280396e-01,-2.764953672885894775e-01,-3.558276966214179993e-02,3.170345425605773926e-01,2.541308477520942688e-02,-1.096576228737831116e-01,-2.986880540847778320e-01,-1.304999589920043945e-01,-3.683595731854438782e-02,1.890935003757476807e-01,3.448687493801116943e-02,-2.639103233814239502e-01,-2.477780133485794067e-01,4.661424756050109863e-01,-3.910367786884307861e-01,2.784248292446136475e-01,8.230044692754745483e-02,-4.195395410060882568e-01,5.092373862862586975e-02,2.607415616512298584e-01,3.267163932323455811e-01,3.174762427806854248e-01,-1.712917536497116089e-01,-2.501070201396942139e-01,-1.648860573768615723e-01,-2.950309403240680695e-02,1.896424293518066406e-01
-1.216552592813968658e-02,2.378000877797603607e-03,-1.082128658890724182e-01,1.228840351104736328e-01,-6.769680418074131012e-03,2.070634067058563232e-01,4.057265352457761765e-03,8.995027840137481689e-02,-8.825883269309997559e-02,-4.668634850531816483e-03,9.518356062471866608e-03,-2.754118479788303375e-02,-1.400221139192581177e-02,5.730834975838661194e-02,3.378231450915336609e-02,1.372689288109540939e-02,-3.099769237451255322e-04,3.110264986753463745e-02,-3.346880525350570679e-02,-4.942501336336135864e-02,5.430010333657264709e-02,9.680889546871185303e-02,1.182237714529037476e-01,-4.586104303598403931e-02,5.120543297380208969e-03,-9.270724840462207794e-03,-5.021947622299194336e-02,4.528244584798812866e-02,1.280815154314041138e-01,-6.362643837928771973e-02,4.797372221946716309e-02,-6.161190196871757507e-02,3.295718505978584290e-02,7.924964278936386108e-02,-7.836976088583469391e-03,-5.636146664619445801e-02,1.352786272764205933e-02,6.639321334660053253e-03,-1.752564124763011932e-02,-1.272408068180084229e-01,3.479600185528397560e-03,-7.540884427726268768e-03,9.632932394742965698e-02,1.225143484771251678e-02,7.694438099861145020e-02,-3.978174179792404175e-02,-4.130658879876136780e-02,-3.587747737765312195e-02,-4.321553558111190796e-02,-4.050132259726524353e-02,1.057906746864318848e-01,-7.299959659576416016e-02,2.404723875224590302e-02,-1.253818720579147339e-01,5.714835599064826965e-03,-8.317197859287261963e-02,3.184142708778381348e-02,6.561620160937309265e-03,6.424933671951293945e-04,-3.539229556918144226e-02,3.861512523144483566e-03,1.530463434755802155e-02,5.915347021073102951e-03,-3.852202370762825012e-02,3.539779223501682281e-03,4.473425913602113724e-03,1.376178767532110214e-02,5.991881713271141052e-02,-4.179107770323753357e-02,-1.349059306085109711e-02,-5.501543357968330383e-02,-9.492984414100646973e-02,-2.459502546116709709e-03,4.670024290680885315e-02,1.239856053143739700e-02,-3.543710708618164062e-02,5.256300326436758041e-03,8.729302138090133667e-02,-5.101955309510231018e-02,-8.876917511224746704e-02,1.251897662878036499e-01,2.518505789339542389e-03,-5.034232884645462036e-02,-3.405897179618477821e-03,-5.074406415224075317e-02,4.653436318039894104e-02,3.383326530456542969e-02,2.846701303496956825e-03,-6.609471142292022705e-02,1.265186909586191177e-02,-1.217999029904603958e-03,-2.984642237424850464e-02,-7.456424087285995483e-02,3.405332937836647034e-02,-3.746394440531730652e-02,-7.278196513652801514e-02,5.206344276666641235e-02,-2.797288761939853430e-04,-5.891397222876548767e-02,1.416791789233684540e-02,-3.434162214398384094e-02,-2.705878578126430511e-02,-5.105341598391532898e-02,-2.883960958570241928e-03,7.430681586265563965e-02,1.628446727991104126e-01,-8.394645899534225464e-02,-6.925183534622192383e-02,1.036960408091545105e-01,-2.461297670379281044e-03,8.087003976106643677e-02,-1.076424270868301392e-01,-7.448443025350570679e-02,8.354964107275009155e-02,9.164348244667053223e-02,-1.050323806703090668e-02,3.018756397068500519e-02,6.912637501955032349e-02,-9.138415008783340454e-02,2.030599117279052734e-02,6.367591768503189087e-02,4.317111149430274963e-02,4.280453920364379883e-02,3.126685321331024170e-02,-1.074428185820579529e-01,-2.940401993691921234e-02,7.085583638399839401e-03,9.151097387075424194e-02
9.937920607626438141e-03,-1.735170930624008179e-02,3.446595370769500732e-02,-4.806158319115638733e-02,-2.663888223469257355e-02,4.057265352457761765e-03,8.498423546552658081e-02,-5.289865657687187195e-02,-2.576895756646990776e-03,9.748705662786960602e-03,-6.934186443686485291e-03,1.200058497488498688e-02,-7.366944849491119385e-02,-1.198521442711353302e-02,-3.309468924999237061e-02,-4.777699336409568787e-02,9.232279844582080841e-03,-9.967116266489028931e-02,7.710506208240985870e-03,-1.556935161352157593e-02,1.230197865515947342e-02,-5.632068216800689697e-02,-2.713938429951667786e-02,-2.559669502079486847e-02,-1.194969471544027328e-02,-5.940068885684013367e-02,4.686159268021583557e-02,5.491249263286590576e-02,-9.028616361320018768e-03,-6.644028425216674805e-02,-1.524482504464685917e-03,4.758385196328163147e-02,-2.598626539111137390e-02,-7.786239963024854660e-03,-7.757320068776607513e-03,5.922693759202957153e-02,-1.494980137795209885e-02,-8.073102682828903198e-03,-3.145245090126991272e-02,3.913686051964759827e-02,-3.867451101541519165e-02,1.881768368184566498e-02,-9.052763879299163818e-02,-2.441703574731945992e-03,-1.874122885055840015e-03,-4.884444922208786011e-02,1.530483365058898926e-02,1.535550877451896667e-02,4.549636319279670715e-02,-3.122586198151111603e-02,-1.506254822015762329e-02,6.135220173746347427e-03,-4.447773471474647522e-02,6.047125160694122314e-02,-7.769356016069650650e-03,4.452295228838920593e-02,-1.946448348462581635e-02,-3.844718448817729950e-03,1.612068526446819305e-02,2.410993166267871857e-02,-2.423352748155593872e-02,1.913586817681789398e-02,-1.017057220451533794e-03,6.934969127178192139e-02,1.791198365390300751e-02,1.306834630668163300e-02,-3.177609294652938843e-02,-6.494435667991638184e-02,7.167781144380569458e-02,2.075013518333435059e-02,5.692169535905122757e-03,-5.955222621560096741e-02,4.323770478367805481e-02,-1.863473281264305115e-02,1.846122741699218750e-02,5.275499075651168823e-03,-7.744166650809347630e-04,2.574648940935730934e-03,1.576591096818447113e-02,4.583320021629333496e-02,-3.935837000608444214e-02,-5.878301453776657581e-04,2.729304507374763489e-02,-7.832141593098640442e-03,1.289347279816865921e-02,2.874409966170787811e-02,4.214058071374893188e-02,-7.679014932364225388e-03,9.448396041989326477e-03,1.067488454282283783e-02,-1.346900779753923416e-02,1.991458423435688019e-02,6.404792517423629761e-02,-3.578259050846099854e-02,2.835166826844215393e-02,-5.116505548357963562e-03,-7.319716271013021469e-03,3.917603316949680448e-05,1.684773527085781097e-02,2.917241072282195091e-03,-2.338763140141963959e-02,5.479362979531288147e-02,3.739851340651512146e-02,2.737861359491944313e-03,-2.425567619502544403e-02,5.011242628097534180e-02,6.468010600656270981e-03,6.909174472093582153e-02,-8.086661249399185181e-02,4.042690619826316833e-03,-6.250277906656265259e-02,-4.577388614416122437e-02,8.315568417310714722e-02,7.988283038139343262e-02,-6.739535927772521973e-02,3.821883350610733032e-02,-4.894001409411430359e-03,-1.495681609958410263e-02,1.566869032103568316e-04,-1.270334608852863312e-02,2.872040309011936188e-02,-7.287713233381509781e-04,-2.991153486073017120e-02,1.389224920421838760e-02,3.610337153077125549e-02,-2.246232144534587860e-02,1.153291389346122742e-02,-2.063046023249626160e-02
2.900297641754150391e-01,5.459152162075042725e-02,-3.510575294494628906e-01,1.972617357969284058e-01,2.655530571937561035e-01,8.995027840137481689e-02,-5.289865657687187195e-02,4.549145102500915527e-01,-2.482971176505088806e-02,2.805738896131515503e-02,6.223530694842338562e-02,-1.079413816332817078e-01,2.740288376808166504e-01,3.953248262405395508e-01,4.021380841732025146e-01,2.955231666564941406e-01,-1.416830997914075851e-02,2.460979521274566650e-01,1.789543218910694122e-02,-1.349125504493713379e-01,2.864655572921037674e-03,3.474231660366058350e-01,2.483344376087188721e-01,1.150986924767494202e-02,5.984183866530656815e-03,2.143529653549194336e-01,-3.184455931186676025e-01,-2.421638518571853638e-01,3.019313812255859375e-01,-1.755988895893096924e-01,-6.299841217696666718e-03,-2.438866645097732544e-01,1.162612885236740112e-01,2.170733362436294556e-01,-1.676769740879535675e-02,-3.468304872512817383e-01,7.317399606108665466e-03,6.363915652036666870e-02,-3.410865962505340576e-01,-4.643383920192718506e-01,2.752085328102111816e-01,2.252548746764659882e-02,3.375144004821777344e-01,4.888137802481651306e-02,2.674065232276916504e-01,-3.466003537178039551e-01,-3.917033374309539795e-01,-1.119317784905433655e-01,-9.414355456829071045e-02,1.909722946584224701e-02,1.073108687996864319e-01,-1.163884326815605164e-01,6.368679553270339966e-02,-2.043825238943099976e-01,-9.895802289247512817e-02,-3.694511950016021729e-01,1.395253986120223999e-01,4.237635061144828796e-02,-2.308523207902908325e-01,-1.238261386752128601e-01,1.208082512021064758e-01,-1.111919619143009186e-02,2.285040169954299927e-02,-5.699785798788070679e-02,-8.372873067855834961e-03,-1.560401730239391327e-02,1.386120170354843140e-01,3.830544948577880859e-01,-3.272084891796112061e-01,5.288358777761459351e-02,-2.336818575859069824e-01,-2.700493633747100830e-01,-3.528101369738578796e-02,2.971063256263732910e-01,-8.355064690113067627e-02,-2.479423135519027710e-01,-1.597868837416172028e-02,3.515185117721557617e-01,-1.573788672685623169e-01,-3.061374127864837646e-01,2.827700376510620117e-01,8.676047436892986298e-03,-3.734591007232666016e-01,1.473348401486873627e-02,-2.673248946666717529e-01,-3.094314634799957275e-01,2.996877729892730713e-01,2.442383393645286560e-02,1.021009385585784912e-01,1.596578769385814667e-02,-9.302100539207458496e-02,-7.093690335750579834e-02,-1.601686626672744751e-01,-2.545148879289627075e-02,-1.389277428388595581e-01,-4.327321052551269531e-02,3.978497087955474854e-01,-1.257770578376948833e-03,-2.702204287052154541e-01,1.474128812551498413e-01,-3.278707712888717651e-02,8.694034814834594727e-02,-2.480112463235855103e-01,-3.286989778280258179e-02,2.195645272731781006e-01,1.157426312565803528e-01,-1.483973208814859390e-02,-2.913558483123779297e-01,-1.611871831119060516e-02,-1.484992820769548416e-02,2.669025659561157227e-01,3.916947916150093079e-02,-2.656191587448120117e-01,-2.697638571262359619e-01,4.570542871952056885e-01,-3.167030811309814453e-01,3.275600075721740723e-01,5.041126534342765808e-02,-4.608413875102996826e-01,3.921246156096458435e-02,1.620512753725051880e-01,2.983294725418090820e-01,2.618767321109771729e-01,-3.598825633525848389e-02,-2.470320016145706177e-01,-1.600065827369689941e-01,-3.165204077959060669e-02,2.002050727605819702e-01
5.895460024476051331e-02,2.645630738697946072e-04,1.408523228019475937e-02,-2.530084364116191864e-02,1.071113627403974533e-02,-8.825883269309997559e-02,-2.576895756646990776e-03,-2.482971176505088806e-02,6.602356582880020142e-02,1.542003173381090164e-02,-1.607820577919483185e-02,-3.082258626818656921e-03,2.991228178143501282e-02,5.541264265775680542e-02,3.417180106043815613e-02,1.490861084312200546e-02,7.729667704552412033e-03,8.061730302870273590e-03,2.234432846307754517e-02,1.229793112725019455e-02,-1.145131811499595642e-01,-9.841555729508399963e-03,-1.668470539152622223e-02,-2.064152806997299194e-02,5.401164293289184570e-03,3.071784786880016327e-02,-2.155279973521828651e-03,-2.571227261796593666e-03,-7.768902182579040527e-02,2.803491987287998199e-02,-3.767710924148559570e-02,-4.728639498353004456e-02,3.842207416892051697e-02,-1.415617577731609344e-02,3.550018882378935814e-03,-1.660161465406417847e-02,-3.111638594418764114e-03,-6.640371429966762662e-05,3.682524838950484991e-04,-2.613454870879650116e-02,4.134399816393852234e-02,1.978024467825889587e-02,-4.028394445776939392e-02,-2.402066951617598534e-03,-3.181208297610282898e-02,-4.819239303469657898e-02,-8.206283673644065857e-03,-5.750087089836597443e-03,2.260465361177921295e-02,1.748976297676563263e-02,-6.192721799015998840e-02,3.655375167727470398e-02,1.104525756090879440e-02,3.017591126263141632e-02,2.527310326695442200e-02,4.333314485847949982e-03,-5.065873265266418457e-03,-1.107597490772604942e-03,-1.741734892129898071e-02,-7.969483733177185059e-03,-2.037671580910682678e-02,2.346271835267543793e-02,3.149936674162745476e-03,6.825961917638778687e-02,-1.073934976011514664e-02,-6.853844504803419113e-03,-4.399288911372423172e-03,1.957133412361145020e-02,-1.763295941054821014e-02,-4.896962083876132965e-03,-1.565534505061805248e-03,5.479058995842933655e-02,-2.162886783480644226e-02,2.484768070280551910e-02,-2.308201231062412262e-02,-3.613684093579649925e-03,-2.717652823776006699e-03,1.658250205218791962e-02,-2.990501001477241516e-02,-4.597505554556846619e-03,4.803293850272893906e-03,5.536357639357447624e-04,1.235052570700645447e-02,2.899276558309793472e-03,-2.815919369459152222e-02,-2.856665477156639099e-02,-8.786526508629322052e-03,-1.504097017459571362e-03,5.690762400627136230e-02,6.045645568519830704e-04,2.470389590598642826e-04,-1.797475665807723999e-02,-7.176110986620187759e-03,1.282896380871534348e-02,-1.466564089059829712e-02,1.687867566943168640e-02,-1.258010393939912319e-03,-1.037876863847486675e-04,-8.153023198246955872e-03,2.934733405709266663e-02,1.507385540753602982e-02,3.306691348552703857e-02,-3.036063350737094879e-02,-3.200400969944894314e-04,-5.409731529653072357e-03,-3.211333975195884705e-02,-1.623944938182830811e-02,1.228405069559812546e-02,-5.487528070807456970e-02,-4.784069489687681198e-03,7.977187633514404297e-02,1.450707763433456421e-02,-3.935003187507390976e-03,-4.151573032140731812e-02,-2.718417532742023468e-02,-1.807525940239429474e-02,1.464960351586341858e-02,-2.791962586343288422e-02,-4.454083740711212158e-02,1.108429022133350372e-02,-1.918277889490127563e-02,3.087958693504333496e-02,3.127689659595489502e-02,-2.912867628037929535e-02,1.282622665166854858e-02,-4.976720362901687622e-02,-2.230760408565402031e-03,-2.906198240816593170e-02
8.452978916466236115e-03,1.628061383962631226e-02,-1.179427206516265869e-01,4.625575616955757141e-02,4.915152862668037415e-02,-4.668634850531816483e-03,9.748705662786960602e-03,2.805738896131515503e-02,1.542003173381090164e-02,2.439944259822368622e-02,1.802584156394004822e-02,-3.316263481974601746e-02,8.631782978773117065e-02,3.910174965858459473e-02,9.876779466867446899e-02,8.410257846117019653e-02,6.270606070756912231e-03,8.176919817924499512e-02,-2.389553748071193695e-02,-5.388587340712547302e-02,-2.890779450535774231e-02,1.099625080823898315e-01,7.134012877941131592e-02,-1.342806406319141388e-02,1.032693497836589813e-02,1.295954883098602295e-01,-1.055982559919357300e-01,-1.360651571303606033e-02,6.682787090539932251e-02,-5.919178947806358337e-03,8.322075940668582916e-03,-1.279813349246978760e-01,9.021335095167160034e-02,5.071082711219787598e-02,3.733697813004255295e-03,-1.057137474417686462e-01,4.165801219642162323e-03,2.270797826349735260e-02,-7.868625223636627197e-02,-1.011749729514122009e-01,1.189614981412887573e-01,2.306868322193622589e-03,8.374366909265518188e-02,1.129909418523311615e-02,-1.317813433706760406e-02,-1.212275698781013489e-01,-1.168590486049652100e-01,-2.355988137423992157e-02,-2.829413162544369698e-03,6.720680277794599533e-03,-1.032162178307771683e-02,1.561826933175325394e-02,1.370003819465637207e-02,-1.301694568246603012e-02,1.912101171910762787e-03,-9.575345367193222046e-02,2.323428355157375336e-02,9.500119835138320923e-03,-8.886130899190902710e-02,-4.475511983036994934e-02,-8.406702429056167603e-03,2.371865324676036835e-02,7.118334993720054626e-03,7.729940116405487061e-02,1.409631315618753433e-02,-2.178304828703403473e-02,3.950295597314834595e-02,1.139848828315734863e-01,-1.074676513671875000e-01,7.692490238696336746e-03,-7.246389240026473999e-02,1.327907480299472809e-02,-2.344261854887008667e-02,1.101400256156921387e-01,-3.756777197122573853e-02,-8.744972944259643555e-02,-5.458248779177665710e-03,1.356281042098999023e-01,-3.517315909266471863e-02,-9.694614261388778687e-02,1.231756806373596191e-01,2.976502990350127220e-03,-6.943556666374206543e-02,5.739459767937660217e-03,-9.733542799949645996e-02,-9.926343709230422974e-02,6.780054420232772827e-02,6.601480767130851746e-03,8.160733431577682495e-02,1.099742110818624496e-02,-3.267060220241546631e-02,-3.457975760102272034e-02,-9.594348073005676270e-02,3.331830725073814392e-02,-8.396845310926437378e-02,2.677976619452238083e-03,7.130566984415054321e-02,-4.981916281394660473e-04,-7.791149616241455078e-02,5.437757074832916260e-02,-1.846943050622940063e-03,6.043602898716926575e-02,-1.124625131487846375e-01,-1.028448343276977539e-02,1.320251524448394775e-01,2.006468549370765686e-02,-9.344788640737533569e-02,-8.573011308908462524e-02,-3.678851947188377380e-02,-1.731295511126518250e-02,1.037025824189186096e-01,-3.429001942276954651e-02,-8.414234220981597900e-02,4.041604697704315186e-03,1.040447354316711426e-01,-1.117246896028518677e-01,5.043218657374382019e-02,5.097811296582221985e-02,-1.358039677143096924e-01,2.873996086418628693e-02,9.697942435741424561e-02,1.100613698363304138e-01,1.052778363227844238e-01,-5.492787063121795654e-02,-9.358658641576766968e-02,-8.338201045989990234e-02,2.749625418800860643e-04,4.744689911603927612e-02
-6.558933854103088379e-02,3.411149978637695312e-02,-2.039995640516281128e-01,9.116190485656261444e-03,7.271482050418853760e-02,9.518356062471866608e-03,-6.934186443686485291e-03,6.223530694842338562e-02,-1.607820577919483185e-02,1.802584156394004822e-02,1.127106994390487671e-01,-4.978040605783462524e-02,1.790629178285598755e-01,-1.223710924386978149e-02,1.400317847728729248e-01,1.614056229591369629e-01,-1.929672900587320328e-03,1.173860132694244385e-01,-4.186956956982612610e-02,-1.141203045845031738e-01,1.687008887529373169e-01,1.880083978176116943e-01,1.457425206899642944e-01,3.941592946648597717e-02,4.862392786890268326e-03,2.317422181367874146e-01,-2.063791602849960327e-01,-6.484968215227127075e-02,2.217099070549011230e-01,-7.921673357486724854e-03,5.632106959819793701e-02,-1.463103294372558594e-01,4.394824430346488953e-02,1.469419598579406738e-01,-3.251416608691215515e-03,-1.886816173791885376e-01,-8.451416942989453673e-05,4.314976185560226440e-02,-1.525212675333023071e-01,-5.809169635176658630e-02,1.318794488906860352e-01,-4.620222374796867371e-02,2.083823978900909424e-01,2.043519169092178345e-02,2.869240939617156982e-02,-1.865933686494827271e-01,-2.068551331758499146e-01,1.379406545311212540e-02,-3.741495311260223389e-02,-5.730620771646499634e-02,4.011727124452590942e-02,-1.693862676620483398e-02,-2.676589973270893097e-02,1.047509629279375076e-02,-9.003213047981262207e-02,-1.753273457288742065e-01,5.442354455590248108e-02,2.281975373625755310e-02,-1.312993317842483521e-01,-4.675581306219100952e-02,5.168592929840087891e-02,-1.648794673383235931e-02,2.640710212290287018e-03,-2.618263289332389832e-02,2.301889657974243164e-02,-3.225150704383850098e-02,7.699009031057357788e-02,1.496127992868423462e-01,-2.029810100793838501e-01,1.050214841961860657e-02,-9.228791296482086182e-02,-9.168452769517898560e-02,-2.559738606214523315e-02,1.746045798063278198e-01,-2.289077267050743103e-02,-6.109858304262161255e-02,-1.087382435798645020e-02,2.100208103656768799e-01,9.148207306861877441e-02,-1.440166682004928589e-01,1.163687333464622498e-01,4.412122070789337158e-03,-1.508511900901794434e-01,7.089243736118078232e-03,-5.129747837781906128e-02,-2.127048671245574951e-01,1.335029602050781250e-01,1.685029082000255585e-02,1.252085119485855103e-01,1.734951324760913849e-02,-5.023119971156120300e-02,6.940815597772598267e-03,-1.010406315326690674e-01,1.566610857844352722e-02,-1.035437881946563721e-01,1.117526367306709290e-02,9.517068415880203247e-02,-6.147060194052755833e-04,-1.602358520030975342e-01,4.566734656691551208e-03,-2.520439215004444122e-02,7.097712159156799316e-02,-1.509792655706405640e-01,-1.918759569525718689e-02,2.053234428167343140e-01,-6.846541911363601685e-02,-2.825548499822616577e-02,-1.605557352304458618e-01,5.171317607164382935e-03,-2.541125565767288208e-02,4.657396674156188965e-02,3.712228033691644669e-03,-1.381325423717498779e-01,3.561940416693687439e-02,2.091521024703979492e-01,-1.833705604076385498e-01,8.835583925247192383e-02,1.202835068106651306e-01,-1.390923410654067993e-01,1.731190830469131470e-02,1.708960980176925659e-01,1.437604576349258423e-01,1.343020200729370117e-01,-5.446720495820045471e-02,-2.012160271406173706e-01,-6.339879333972930908e-02,1.833176822401583195e-03,5.294141545891761780e-02
-1.563489064574241638e-02,-3.445651009678840637e-02,2.325824499130249023e-01,-1.055558472871780396e-01,-9.828320890665054321e-02,-2.754118479788303375e-02,1.200058497488498688e-02,-1.079413816332817078e-01,-3.082258626818656921e-03,-3.316263481974601746e-02,-4.978040605783462524e-02,6.710185855627059937e-02,-1.758895367383956909e-01,-8.518320322036743164e-02,-1.924468725919723511e-01,-1.701012253761291504e-01,-5.394454114139080048e-03,-1.688279658555984497e-01,4.381522163748741150e-02,9.943798184394836426e-02,-1.231672824360430241e-03,-2.259387075901031494e-01,-1.568250954151153564e-01,1.841928064823150635e-02,-1.840711757540702820e-02,-2.331354022026062012e-01,2.099445164203643799e-01,4.766679927706718445e-02,-1.673637628555297852e-01,1.147832069545984268e-02,-2.421900443732738495e-02,2.258867323398590088e-01,-1.404478698968887329e-01,-1.184132769703865051e-01,-2.956330776214599609e-03,2.164822518825531006e-01,-1.057688705623149872e-02,-4.514528438448905945e-02,1.504228115081787109e-01,1.980817615985870361e-01,-2.042661607265472412e-01,9.175543673336505890e-03,-1.979203075170516968e-01,-2.364890836179256439e-02,-2.394413016736507416e-02,2.088425308465957642e-01,2.250378429889678955e-01,4.305495321750640869e-02,3.217898309230804443e-02,3.720210632309317589e-03,-1.794117875397205353e-02,6.881998706376180053e-05,-3.024572320282459259e-02,6.311649829149246216e-02,1.781959459185600281e-02,2.012768238782882690e-01,-6.056541204452514648e-02,-2.168621867895126343e-02,1.518880128860473633e-01,8.502631634473800659e-02,-1.127035822719335556e-02,-2.591655403375625610e-02,-1.215791236609220505e-02,-6.439565122127532959e-02,-1.976566016674041748e-02,3.787020593881607056e-02,-7.996861636638641357e-02,-2.178639322519302368e-01,2.184457331895828247e-01,-2.449214225634932518e-03,1.363231241703033447e-01,1.738458126783370972e-02,4.905846714973449707e-02,-2.064765691757202148e-01,5.912209674715995789e-02,1.392963975667953491e-01,9.066372178494930267e-03,-2.475808113813400269e-01,5.286844819784164429e-02,1.989912986755371094e-01,-2.254768610000610352e-01,-5.759433843195438385e-03,1.508946418762207031e-01,-1.146299205720424652e-02,1.629005670547485352e-01,1.876255124807357788e-01,-1.188505440950393677e-01,-1.541321538388729095e-02,-1.228231117129325867e-01,-1.884704269468784332e-02,5.326243117451667786e-02,5.613392218947410583e-02,1.756349503993988037e-01,-5.263425409793853760e-02,1.482782512903213501e-01,4.885562695562839508e-03,-1.398404389619827271e-01,8.868864388205111027e-04,1.591246426105499268e-01,-8.544227480888366699e-02,8.359202183783054352e-03,-8.168122172355651855e-02,2.063634693622589111e-01,2.030702307820320129e-02,-2.392063736915588379e-01,-3.236473351716995239e-02,1.378401964902877808e-01,1.863427311182022095e-01,1.183630339801311493e-02,2.866592258214950562e-02,-1.867922842502593994e-01,4.175176844000816345e-02,1.818167269229888916e-01,1.071075908839702606e-02,-2.298129498958587646e-01,2.084763795137405396e-01,-1.061696782708168030e-01,-1.056903675198554993e-01,2.438686341047286987e-01,-4.858546331524848938e-02,-1.688061058521270752e-01,-1.937128156423568726e-01,-1.865877211093902588e-01,7.577157020568847656e-02,1.963522732257843018e-01,1.282687485218048096e-01,2.812895691022276878e-03,-9.989371895790100098e-02
