5.017091631889343262e-01,3.021551296114921570e-02,-2.304118126630783081e-01,1.294164210557937622e-01,2.559076547622680664e-01,-7.431048899888992310e-02,7.150659710168838501e-02,3.258282244205474854e-01,8.081048727035522461e-02,5.238107964396476746e-02,-4.131027683615684509e-02,-8.410738408565521240e-02,1.584781408309936523e-01,5.179944634437561035e-01,3.529748916625976562e-01,2.088997662067413330e-01,-2.529720542952418327e-03,9.030951559543609619e-02,7.934363931417465210e-02,-9.281090646982192993e-02,-2.356608510017395020e-01,1.801329702138900757e-01,1.350591182708740234e-01,1.576043479144573212e-02,7.523371459683403373e-05,1.021640151739120483e-01,-1.489385068416595459e-01,-3.303845226764678955e-01,1.278279572725296021e-01,-2.620500028133392334e-01,-1.077437996864318848e-01,-1.662391275167465210e-01,1.337649375200271606e-01,1.497262865304946899e-01,-2.562827989459037781e-02,-2.223041057586669922e-01,-3.102438058704137802e-03,3.956015408039093018e-02,-3.029364347457885742e-01,-4.477514326572418213e-01,2.195009291172027588e-01,9.084854274988174438e-02,1.432992219924926758e-01,3.670335561037063599e-02,1.366624385118484497e-01,-2.808814048767089844e-01,-2.963423728942871094e-01,-1.415432840585708618e-01,-3.126490116119384766e-02,9.504774957895278931e-02,-4.750561341643333435e-02,-1.386345028877258301e-01,9.281957149505615234e-02,-6.021247431635856628e-02,-4.081172496080398560e-02,-2.429416924715042114e-01,1.003207415342330933e-01,2.506280131638050079e-02,-1.000096797943115234e-01,-9.878903627395629883e-02,7.852898538112640381e-02,-3.460383042693138123e-03,2.187916450202465057e-02,1.297746747732162476e-01,-6.526552140712738037e-02,3.933426458388566971e-03,5.809793621301651001e-02,3.174847960472106934e-01,-1.904992461204528809e-01,1.539831459522247314e-01,-1.989822834730148315e-01,-1.661233901977539062e-01,1.292999461293220520e-02,2.307542711496353149e-01,-7.599412649869918823e-02,-2.797658145427703857e-01,-1.116290781646966934e-02,2.624984681606292725e-01,-2.309748679399490356e-01,-1.561516523361206055e-01,2.130689322948455811e-01,5.160475615411996841e-03,-2.888922989368438721e-01,1.712669269181787968e-03,-2.689120769500732422e-01,-2.217527329921722412e-01,2.534698545932769775e-01,8.404613472521305084e-03,4.898041486740112305e-02,2.546948567032814026e-02,-7.248339056968688965e-02,-7.309880852699279785e-02,-4.102835804224014282e-02,-3.594706952571868896e-02,-1.104518100619316101e-01,-1.061414852738380432e-01,3.949194252490997314e-01,-7.142539252527058125e-04,-1.958258450031280518e-01,1.727663576602935791e-01,-5.276107043027877808e-02,1.074431687593460083e-01,-1.770136803388595581e-01,-2.861274778842926025e-02,6.219541653990745544e-02,2.261275053024291992e-01,-2.403992787003517151e-02,-1.358963400125503540e-01,-2.459760159254074097e-01,-1.384836272336542606e-03,2.581653594970703125e-01,-1.174176577478647232e-02,-1.396123468875885010e-01,-3.085631132125854492e-01,2.800301313400268555e-01,-1.979392617940902710e-01,3.630688488483428955e-01,-9.824760258197784424e-02,-4.438062906265258789e-01,3.071877360343933105e-02,-4.175908863544464111e-02,2.663407623767852783e-01,2.375508993864059448e-01,-7.052808254957199097e-02,-1.026707068085670471e-01,-1.924391388893127441e-01,-2.319395355880260468e-02,1.029485836625099182e-01
3.021551296114921570e-02,2.342055179178714752e-02,-1.278951466083526611e-01,5.556643754243850708e-02,7.973043620586395264e-02,-3.367161005735397339e-02,1.961042173206806183e-02,4.151044040918350220e-02,2.076992020010948181e-02,2.759689092636108398e-02,1.099527440965175629e-02,-4.145567119121551514e-02,1.171983033418655396e-01,5.680205300450325012e-02,1.205815374851226807e-01,1.126423627138137817e-01,-1.526119071058928967e-03,7.527781277894973755e-02,-3.226028010249137878e-02,-6.268674880266189575e-02,-4.932553321123123169e-02,1.291817426681518555e-01,7.894464582204818726e-02,3.472852753475308418e-03,1.354789454489946365e-02,1.437958478927612305e-01,-1.348249614238739014e-01,-1.010034829378128052e-01,9.710333496332168579e-02,-4.633188247680664062e-02,-2.744609082583338022e-04,-1.234513372182846069e-01,8.633308112621307373e-02,5.697186291217803955e-02,8.273607818409800529e-04,-1.273762732744216919e-01,9.748379699885845184e-03,3.201757743954658508e-02,-7.949907332658767700e-02,-9.557319432497024536e-02,1.177287474274635315e-01,3.273242386057972908e-03,1.271039843559265137e-01,1.467843819409608841e-02,-1.733104325830936432e-02,-8.157815784215927124e-02,-1.277149915695190430e-01,-2.564848214387893677e-02,-1.608318462967872620e-02,2.596792764961719513e-02,-3.520925296470522881e-03,-1.630904339253902435e-02,4.498654231429100037e-02,1.277288608253002167e-02,-2.223479934036731720e-02,-1.268588155508041382e-01,2.488283254206180573e-02,1.042881235480308533e-02,-6.571076810359954834e-02,-4.484182968735694885e-02,3.253681119531393051e-03,7.542519364506006241e-03,5.342337768524885178e-03,3.829934820532798767e-02,-2.384037524461746216e-02,-2.318899147212505341e-02,5.163509026169776917e-02,1.304254382848739624e-01,-1.172210574150085449e-01,2.407392859458923340e-02,-7.678844779729843140e-02,-2.129450731445103884e-04,-1.888143643736839294e-02,1.140643507242202759e-01,-2.709465846419334412e-02,-9.484899789094924927e-02,-4.972057882696390152e-03,1.288861632347106934e-01,-2.483632415533065796e-02,-1.124178394675254822e-01,1.140087470412254333e-01,2.223048824816942215e-03,-9.244384616613388062e-02,5.761752370744943619e-03,-8.902002125978469849e-02,-1.244755089282989502e-01,5.066525563597679138e-02,8.391167968511581421e-03,7.836948335170745850e-02,1.532290410250425339e-02,-3.029933571815490723e-02,-2.725789509713649750e-02,-8.784980326890945435e-02,2.647426910698413849e-02,-9.731103479862213135e-02,-1.513711828738451004e-02,8.954357355833053589e-02,-3.156269376631826162e-04,-9.440905600786209106e-02,4.325718060135841370e-02,-8.411497808992862701e-03,3.796937689185142517e-02,-1.188079565763473511e-01,-1.774704456329345703e-02,1.352927088737487793e-01,3.598492126911878586e-03,-7.653361558914184570e-02,-1.099316403269767761e-01,-3.613153100013732910e-02,-1.586423441767692566e-02,9.155802428722381592e-02,-2.137911319732666016e-02,-9.515772759914398193e-02,-2.910850010812282562e-02,1.420315355062484741e-01,-1.283366382122039795e-01,9.078538417816162109e-02,2.490893937647342682e-02,-1.213060617446899414e-01,2.967865951359272003e-02,3.783727809786796570e-02,9.816734492778778076e-02,1.223287805914878845e-01,-5.569279566407203674e-02,-1.050456538796424866e-01,-5.798405408859252930e-02,1.972857280634343624e-04,4.811885580420494080e-02
-2.304118126630783081e-01,-1.278951466083526611e-01,7.832136750221252441e-01,-3.991020023822784424e-01,-4.490595459938049316e-01,1.285378038883209229e-01,-1.953642070293426514e-01,-2.654011845588684082e-01,-1.018456891179084778e-01,-1.841146051883697510e-01,-6.864798069000244141e-02,2.767634391784667969e-01,-6.602429747581481934e-01,-4.205955862998962402e-01,-7.107667922973632812e-01,-6.624653935432434082e-01,-4.375762306153774261e-03,-4.063783586025238037e-01,2.137696444988250732e-01,4.291653335094451904e-01,2.823541462421417236e-01,-7.532284259796142578e-01,-5.730550289154052734e-01,8.152471482753753662e-02,-8.070559054613113403e-02,-7.654826641082763672e-01,7.413792610168457031e-01,5.764967203140258789e-01,-6.431897282600402832e-01,3.726604878902435303e-01,3.258468955755233765e-02,7.283223867416381836e-01,-5.570422410964965820e-01,-4.296618402004241943e-01,8.605828508734703064e-03,7.430849671363830566e-01,-6.063218414783477783e-02,-2.043497860431671143e-01,5.555679202079772949e-01,6.017845273017883301e-01,-6.853829026222229004e-01,-3.115932643413543701e-02,-7.029879689216613770e-01,-9.786488860845565796e-02,6.582909822463989258e-02,5.957593321800231934e-01,7.686745524406433105e-01,1.782163679599761963e-01,8.098768442869186401e-02,-7.199876755475997925e-02,3.338422859087586403e-03,1.170675158500671387e-01,-2.510709166526794434e-01,-1.210461277514696121e-02,1.159377470612525940e-01,7.420544028282165527e-01,-1.918481141328811646e-01,-7.197569310665130615e-02,3.553366959095001221e-01,3.001373410224914551e-01,6.380630657076835632e-04,-8.962824195623397827e-02,-3.805293887853622437e-02,-3.142807781696319580e-01,1.176561266183853149e-01,1.422324627637863159e-01,-2.849163413047790527e-01,-7.326284050941467285e-01,6.971130967140197754e-01,-1.462290883064270020e-01,5.325096249580383301e-01,8.538988232612609863e-02,1.022209078073501587e-01,-7.173974514007568359e-01,1.590932309627532959e-01,5.806526541709899902e-01,2.941859699785709381e-02,-8.016127347946166992e-01,2.168610394001007080e-01,6.990562677383422852e-01,-7.340124249458312988e-01,-1.567602902650833130e-02,5.431530475616455078e-01,-2.961711771786212921e-02,5.768705010414123535e-01,6.681547164916992188e-01,-3.459954559803009033e-01,-4.934831708669662476e-02,-4.478227496147155762e-01,-1.237929463386535645e-01,1.882701963186264038e-01,1.815759241580963135e-01,5.541076064109802246e-01,-1.567780077457427979e-01,6.251481175422668457e-01,1.287082284688949585e-01,-5.548614859580993652e-01,2.149754436686635017e-03,6.074476242065429688e-01,-3.389129638671875000e-01,1.037467345595359802e-01,-2.800937592983245850e-01,7.211626768112182617e-01,1.154391542077064514e-01,-7.791007161140441895e-01,-1.686441600322723389e-01,5.282906293869018555e-01,6.689150929450988770e-01,2.404364645481109619e-01,9.854139387607574463e-02,-5.777088403701782227e-01,2.517839670181274414e-01,6.048299074172973633e-01,6.202525272965431213e-02,-7.793201804161071777e-01,7.260864377021789551e-01,-5.746648907661437988e-01,-2.107989639043807983e-01,7.576699852943420410e-01,-1.923165172338485718e-01,-2.750432193279266357e-01,-6.558210253715515137e-01,-7.242362499237060547e-01,3.354509770870208740e-01,6.737396121025085449e-01,4.534429907798767090e-01,-2.605153992772102356e-02,-3.437154293060302734e-01
1.294164210557937622e-01,5.556643754243850708e-02,-3.991020023822784424e-01,3.630675971508026123e-01,1.876932829618453979e-01,3.822874510660767555e-03,5.462504178285598755e-02,1.648373305797576904e-01,3.690822795033454895e-02,8.893295377492904663e-02,-4.845541343092918396e-02,-1.489350050687789917e-01,2.734128832817077637e-01,2.841955721378326416e-01,3.685289025306701660e-01,2.906411290168762207e-01,7.952271029353141785e-03,2.626895308494567871e-01,-1.249895691871643066e-01,-1.554339528083801270e-01,-3.048888742923736572e-01,4.314014613628387451e-01,2.769620716571807861e-01,-1.232032328844070435e-01,5.818957835435867310e-02,3.736191987991333008e-01,-3.502377569675445557e-01,-2.114398330450057983e-01,2.388823330402374268e-01,-1.042670235037803650e-01,-4.695125296711921692e-02,-4.495324194431304932e-01,3.635045886039733887e-01,1.529046446084976196e-01,4.889432340860366821e-03,-3.854942023754119873e-01,5.202334746718406677e-02,8.854378759860992432e-02,-1.719242334365844727e-01,-4.572456181049346924e-01,3.916159272193908691e-01,4.225878417491912842e-02,3.329854905605316162e-01,4.435345157980918884e-02,-5.691603198647499084e-02,-1.753203272819519043e-01,-3.665896058082580566e-01,-1.536074131727218628e-01,-5.241857469081878662e-02,1.001646444201469421e-01,-8.050868287682533264e-03,-4.335654899477958679e-02,2.136402726173400879e-01,-1.097831726074218750e-01,5.449540913105010986e-02,-3.822608888149261475e-01,9.847140312194824219e-02,2.853520214557647705e-02,-1.061686947941780090e-01,-1.847569495439529419e-01,-7.493647187948226929e-02,8.439669013023376465e-02,2.575955726206302643e-02,1.876421272754669189e-01,-6.429498642683029175e-02,-7.107739895582199097e-02,1.254534274339675903e-01,4.096933007240295410e-01,-3.304211199283599854e-01,1.873391866683959961e-02,-2.779146730899810791e-01,1.172236800193786621e-01,-9.099372476339340210e-02,3.683963716030120850e-01,-9.285147488117218018e-02,-3.332619667053222656e-01,-5.355949513614177704e-03,3.999080061912536621e-01,-2.915922105312347412e-01,-3.949305415153503418e-01,5.062958598136901855e-01,8.051726967096328735e-03,-1.895573884248733521e-01,1.861133053898811340e-02,-3.733893930912017822e-01,-2.344657927751541138e-01,2.800081670284271240e-02,2.083853818476200104e-02,1.403000354766845703e-01,5.974052101373672485e-02,-6.359630078077316284e-02,-1.699005067348480225e-01,-3.878278136253356934e-01,1.585001498460769653e-01,-3.528494834899902344e-01,-9.827937185764312744e-02,2.568494975566864014e-01,-1.099847257137298584e-03,-2.396756708621978760e-01,2.168333679437637329e-01,-2.397308498620986938e-02,6.452284753322601318e-02,-4.206157028675079346e-01,-5.122344195842742920e-02,4.420143365859985352e-01,2.192283570766448975e-01,-4.052964448928833008e-01,-3.497098982334136963e-01,-3.683704137802124023e-02,-4.712492227554321289e-02,4.667072892189025879e-01,-1.979302167892456055e-01,-3.552886247634887695e-01,-2.010734379291534424e-02,4.009621143341064453e-01,-3.439427018165588379e-01,2.356651872396469116e-01,8.743886649608612061e-02,-4.511194229125976562e-01,1.319887042045593262e-01,7.474384456872940063e-02,3.283159136772155762e-01,3.930040597915649414e-01,-1.533051580190658569e-01,-3.326452374458312988e-01,-2.349517047405242920e-01,8.135069161653518677e-03,2.134981602430343628e-01
2.559076547622680664e-01,7.973043620586395264e-02,-4.490595459938049316e-01,1.876932829618453979e-01,3.524765968322753906e-01,-1.260945349931716919e-01,9.473852068185806274e-02,2.467493861913681030e-01,7.614771276712417603e-02,9.743797779083251953e-02,1.815177686512470245e-02,-1.445796340703964233e-01,3.940957188606262207e-01,3.111905455589294434e-01,4.757062792778015137e-01,4.071247875690460205e-01,-9.447147138416767120e-03,2.430575788021087646e-01,-6.691017001867294312e-02,-2.211633920669555664e-01,-1.914720386266708374e-01,4.334267079830169678e-01,2.527930438518524170e-01,4.880022630095481873e-02,3.442425653338432312e-02,4.490224719047546387e-01,-4.551027715206146240e-01,-4.250170290470123291e-01,3.473064303398132324e-01,-2.607216835021972656e-01,-3.015157580375671387e-02,-3.886723518371582031e-01,2.809129953384399414e-01,2.059548050165176392e-01,-5.629925522953271866e-03,-4.339226782321929932e-01,2.249834313988685608e-02,1.082633733749389648e-01,-3.662682771682739258e-01,-4.178951084613800049e-01,4.201668202877044678e-01,4.336945340037345886e-02,4.233071506023406982e-01,5.673730000853538513e-02,7.669939193874597549e-03,-3.388992249965667725e-01,-4.849953949451446533e-01,-1.202439814805984497e-01,-5.253813043236732483e-02,1.244447976350784302e-01,-2.307124063372612000e-02,-1.019343212246894836e-01,1.535774916410446167e-01,3.903323411941528320e-02,-9.925165772438049316e-02,-4.570623934268951416e-01,9.897771477699279785e-02,3.877641260623931885e-02,-2.551675438880920410e-01,-1.555595248937606812e-01,4.918894171714782715e-02,9.397611953318119049e-03,2.177371643483638763e-02,1.557524651288986206e-01,-8.718006312847137451e-02,-6.235786154866218567e-02,1.824043840169906616e-01,4.905865788459777832e-01,-3.857409060001373291e-01,1.463786810636520386e-01,-2.958397269248962402e-01,-8.448394387960433960e-02,-2.726524509489536285e-02,4.004176855087280273e-01,-1.051662489771842957e-01,-3.958992958068847656e-01,-1.993812434375286102e-02,4.594239890575408936e-01,-1.318161636590957642e-01,-3.705987334251403809e-01,3.814198672771453857e-01,7.725408766418695450e-03,-4.001023769378662109e-01,1.704713702201843262e-02,-3.567600250244140625e-01,-4.632308781147003174e-01,2.754369974136352539e-01,2.728449739515781403e-02,2.579971551895141602e-01,5.011964216828346252e-02,-1.337325572967529297e-01,-9.012237191200256348e-02,-2.377070039510726929e-01,3.445355221629142761e-02,-3.105984032154083252e-01,-6.903696060180664062e-02,4.307466447353363037e-01,-1.141525688581168652e-03,-3.430078327655792236e-01,1.822566092014312744e-01,-4.215756803750991821e-02,1.641644090414047241e-01,-3.867595493793487549e-01,-6.280717998743057251e-02,4.118118286132812500e-01,8.159502595663070679e-02,-2.072959840297698975e-01,-3.634659647941589355e-01,-2.193948328495025635e-01,-4.470968991518020630e-02,2.950728535652160645e-01,-4.321767017245292664e-02,-3.027969896793365479e-01,-2.153036445379257202e-01,5.311603546142578125e-01,-4.550089240074157715e-01,3.997860848903656006e-01,3.116653673350811005e-02,-4.996581971645355225e-01,8.849494159221649170e-02,1.158796474337577820e-01,3.711343407630920410e-01,4.314422905445098877e-01,-1.863485872745513916e-01,-3.236974477767944336e-01,-2.179578989744186401e-01,-1.244069356471300125e-02,1.794638931751251221e-01
-7.431048899888992310e-02,-3.367161005735397339e-02,1.285378038883209229e-01,3.822874510660767555e-03,-1.260945349931716919e-01,2.204024195671081543e-01,-3.185746446251869202e-02,4.918047226965427399e-03,-1.239844337105751038e-01,-5.483217164874076843e-02,-6.013371050357818604e-03,5.022044479846954346e-02,-2.021923661231994629e-01,-5.669527873396873474e-02,-1.708783060312271118e-01,-1.763413995504379272e-01,-3.290660679340362549e-03,-1.071202084422111511e-01,3.020228445529937744e-02,6.025899201631546021e-02,1.512439996004104614e-01,-1.437252312898635864e-01,-4.213731363415718079e-02,-9.171591140329837799e-03,-2.145996876060962677e-02,-2.647383213043212891e-01,1.779247671365737915e-01,1.618852913379669189e-01,-5.227551236748695374e-02,1.975261420011520386e-02,4.321685060858726501e-02,1.879350543022155762e-01,-1.418511718511581421e-01,-2.674765139818191528e-02,-8.815376088023185730e-03,1.777561902999877930e-01,-6.342008709907531738e-03,-5.047233775258064270e-02,1.323596388101577759e-01,7.335308939218521118e-02,-2.179999500513076782e-01,-1.468644104897975922e-02,-1.134440824389457703e-01,-1.405168138444423676e-02,9.160495549440383911e-02,1.462444514036178589e-01,1.835992485284805298e-01,1.799187995493412018e-02,-2.259025163948535919e-02,-5.899373814463615417e-02,9.185963124036788940e-02,-5.858080834150314331e-02,-5.626190826296806335e-02,-9.360726177692413330e-02,1.848818548023700714e-02,1.433370113372802734e-01,-2.156942896544933319e-02,-1.255275588482618332e-02,1.239686459302902222e-01,5.688892677426338196e-02,8.819643408060073853e-03,-2.200989797711372375e-02,-6.402775179594755173e-03,-1.383614987134933472e-01,2.188505791127681732e-02,4.646366834640502930e-02,-6.078016012907028198e-02,-1.656671464443206787e-01,1.804612427949905396e-01,-2.902800962328910828e-02,9.508465975522994995e-02,-1.019198745489120483e-01,4.462264105677604675e-02,-1.745830476284027100e-01,6.789711862802505493e-02,1.178365796804428101e-01,1.210532616823911667e-02,-1.748405545949935913e-01,2.646663226187229156e-02,1.437940001487731934e-01,-1.302279978990554810e-01,-2.592181786894798279e-03,1.067440733313560486e-01,-1.280309166759252548e-02,1.339652538299560547e-01,2.366565614938735962e-01,-6.250458955764770508e-02,-1.123204827308654785e-02,-2.017444372177124023e-01,-1.970256119966506958e-02,4.958941414952278137e-02,3.325349837541580200e-02,1.023550257086753845e-01,-1.275899820029735565e-02,1.511263847351074219e-01,-3.017894923686981201e-02,-9.352975338697433472e-02,4.434235452208667994e-04,1.141354739665985107e-01,-9.559661149978637695e-02,-1.590947620570659637e-02,-1.151266768574714661e-01,1.800450980663299561e-01,2.724175713956356049e-02,-1.978976577520370483e-01,1.080268397927284241e-01,9.660016000270843506e-02,1.385213583707809448e-01,1.526920050382614136e-01,2.701911143958568573e-02,-1.300447583198547363e-01,-3.729266300797462463e-02,1.057196110486984253e-01,9.514046460390090942e-02,-1.525665372610092163e-01,2.157793790102005005e-01,-1.131986379623413086e-01,-3.524169791489839554e-03,1.667605638504028320e-01,-4.198724403977394104e-02,-3.533904999494552612e-02,-1.536306589841842651e-01,-1.761630773544311523e-01,1.074436455965042114e-01,8.918559551239013672e-02,1.118025407195091248e-01,1.025357283651828766e-03,-9.409287013113498688e-03
7.150659710168838501e-02,1.961042173206806183e-02,-1.953642070293426514e-01,5.462504178285598755e-02,9.473852068185806274e-02,-3.185746446251869202e-02,1.158040612936019897e-01,3.762105852365493774e-02,2.196289412677288055e-02,5.000722408294677734e-02,1.236526947468519211e-02,-5.361099913716316223e-02,1.203447803854942322e-01,8.530516177415847778e-02,1.549731045961380005e-01,1.315098106861114502e-01,6.032649893313646317e-03,2.774745039641857147e-02,-5.063935369253158569e-02,-1.144148558378219604e-01,-4.204019159078598022e-02,1.538130044937133789e-01,1.102653518319129944e-01,-2.682496607303619385e-02,8.845935575664043427e-03,1.770543307065963745e-01,-1.495331525802612305e-01,-1.158638224005699158e-01,1.664230376482009888e-01,-1.528373658657073975e-01,-1.373541634529829025e-02,-1.537029147148132324e-01,1.226749941706657410e-01,8.979174494743347168e-02,-4.977047909051179886e-03,-1.478804796934127808e-01,3.383568720892071724e-03,4.634006693959236145e-02,-1.868770718574523926e-01,-1.209901273250579834e-01,1.702159941196441650e-01,1.855311542749404907e-02,1.135581657290458679e-01,2.208346873521804810e-02,-1.931991241872310638e-02,-1.986256390810012817e-01,-2.058973312377929688e-01,-3.376756235957145691e-02,2.035367116332054138e-02,-2.667535096406936646e-03,-5.607012193650007248e-03,-5.033808760344982147e-03,1.627341657876968384e-02,2.461519278585910797e-02,-3.005714528262615204e-02,-1.510907113552093506e-01,3.724656254053115845e-02,1.570620946586132050e-02,-9.820470958948135376e-02,-5.583465471863746643e-02,-7.367725018411874771e-03,3.477013111114501953e-02,8.702431805431842804e-03,1.450909674167633057e-01,1.038677804172039032e-02,-2.712733112275600433e-02,4.289183020591735840e-02,1.488821655511856079e-01,-1.374803334474563599e-01,5.916577577590942383e-02,-1.322102397680282593e-01,-5.757570639252662659e-02,1.127915456891059875e-02,1.715559214353561401e-01,-3.917521610856056213e-02,-1.589035987854003906e-01,-8.985707536339759827e-03,2.296933382749557495e-01,-5.127483606338500977e-02,-1.419546604156494141e-01,1.803472638130187988e-01,3.263437421992421150e-03,-1.248218715190887451e-01,2.756147412583231926e-03,-1.434634774923324585e-01,-1.526424586772918701e-01,1.519977897405624390e-01,7.449261844158172607e-03,1.153004989027976990e-01,3.549154475331306458e-02,-6.305114179849624634e-02,-2.535520121455192566e-02,-9.139908850193023682e-02,-5.703599192202091217e-03,-1.370141804218292236e-01,-2.554493583738803864e-02,1.439540684223175049e-01,-5.238755256868898869e-04,-1.264947354793548584e-01,1.096958965063095093e-01,-4.019765183329582214e-02,1.298314630985260010e-01,-1.555398851633071899e-01,-2.693585678935050964e-02,2.134968787431716919e-01,7.396672666072845459e-02,-1.313955038785934448e-01,-1.253157258033752441e-01,-1.425027400255203247e-01,-2.000380121171474457e-02,7.493955641984939575e-02,-8.424873650074005127e-02,-8.001279830932617188e-02,2.442979253828525543e-02,1.676039844751358032e-01,-1.775148063898086548e-01,1.294730305671691895e-01,5.106803029775619507e-02,-2.163874059915542603e-01,3.163335844874382019e-02,1.034321039915084839e-01,1.774098128080368042e-01,1.537713557481765747e-01,-7.371510565280914307e-02,-1.201625689864158630e-01,-1.353293359279632568e-01,1.463145110756158829e-02,8.320568501949310303e-02
3.258282244205474854e-01,4.151044040918350220e-02,-2.654011845588684082e-01,1.648373305797576904e-01,2.467493861913681030e-01,4.918047226965427399e-03,3.762105852365493774e-02,3.731712996959686279e-01,1.176296966150403023e-03,3.806976974010467529e-02,1.427825819700956345e-02,-9.937256574630737305e-02,2.118833512067794800e-01,3.723462224006652832e-01,3.441891670227050781e-01,2.477089017629623413e-01,-1.204171124845743179e-02,1.185826659202575684e-01,2.331846207380294800e-02,-1.133496761322021484e-01,-6.252078711986541748e-02,2.689028978347778320e-01,1.832576394081115723e-01,4.387405235320329666e-03,7.445834111422300339e-03,1.561320722103118896e-01,-2.412049472332000732e-01,-2.958494424819946289e-01,2.614204585552215576e-01,-2.209160178899765015e-01,-4.464058950543403625e-02,-1.710920482873916626e-01,8.992660790681838989e-02,1.876683235168457031e-01,-2.553410455584526062e-02,-2.746973931789398193e-01,5.221995059400796890e-03,5.743036046624183655e-02,-2.956716120243072510e-01,-3.914614617824554443e-01,1.976706236600875854e-01,4.368324205279350281e-02,2.498435676097869873e-01,4.192600399255752563e-02,1.802611798048019409e-01,-2.395656853914260864e-01,-3.178412914276123047e-01,-1.053910553455352783e-01,-6.803268194198608398e-02,4.052121564745903015e-02,3.027188032865524292e-02,-1.626729071140289307e-01,9.899077564477920532e-02,-7.744722068309783936e-02,-1.042268127202987671e-01,-3.141284286975860596e-01,1.056819260120391846e-01,3.118837811052799225e-02,-7.663920521736145020e-02,-9.685729444026947021e-02,7.655026018619537354e-02,-2.312559261918067932e-02,1.595398969948291779e-02,-3.590385615825653076e-02,-7.979281246662139893e-02,-7.071606349200010300e-03,8.753202855587005615e-02,3.083796203136444092e-01,-2.256367802619934082e-01,8.802246302366256714e-02,-2.100588083267211914e-01,-2.292181700468063354e-01,5.202332511544227600e-03,2.518885135650634766e-01,-3.544010221958160400e-02,-2.187888473272323608e-01,-9.591045789420604706e-03,2.684588432312011719e-01,-1.381493061780929565e-01,-2.189810872077941895e-01,2.093321830034255981e-01,5.437450949102640152e-03,-3.094460964202880859e-01,6.581393070518970490e-03,-2.211987674236297607e-01,-2.573820352554321289e-01,1.948260068893432617e-01,1.616533473134040833e-02,5.515293031930923462e-02,3.252325579524040222e-02,-7.601298391819000244e-02,-4.028040915727615356e-02,-6.619675457477569580e-02,-4.399603977799415588e-02,-1.324551105499267578e-01,-9.638197720050811768e-02,3.530901968479156494e-01,-6.906067137606441975e-04,-2.356377542018890381e-01,1.127357184886932373e-01,-5.832596868276596069e-02,6.827746331691741943e-02,-2.033000886440277100e-01,-3.695102408528327942e-02,1.441341787576675415e-01,1.523875892162322998e-01,-4.311766009777784348e-03,-2.148510515689849854e-01,-9.595730155706405640e-02,-6.394435185939073563e-03,2.002977132797241211e-01,6.718886550515890121e-03,-1.958683580160140991e-01,-2.199827730655670166e-01,3.699971735477447510e-01,-2.361143976449966431e-01,3.334054052829742432e-01,-1.894461736083030701e-02,-3.735808134078979492e-01,3.240316361188888550e-02,4.626987501978874207e-03,2.210612893104553223e-01,2.346932291984558105e-01,-2.243997901678085327e-02,-1.998301446437835693e-01,-1.145553812384605408e-01,-2.219862490892410278e-02,1.267772614955902100e-01
8.081048727035522461e-02,2.076992020010948181e-02,-1.018456891179084778e-01,3.690822795033454895e-02,7.614771276712417603e-02,-1.239844337105751038e-01,2.196289412677288055e-02,1.176296966150403023e-03,9.119205921888351440e-02,4.144652187824249268e-02,-1.485058385878801346e-02,-4.149837046861648560e-02,1.278518736362457275e-01,9.341628104448318481e-02,1.305180341005325317e-01,1.132944598793983459e-01,5.981374066323041916e-03,7.870814204216003418e-02,-1.941602304577827454e-02,-3.770877420902252197e-02,-1.634753197431564331e-01,1.094965189695358276e-01,4.798348620533943176e-02,-2.231455035507678986e-02,1.854183524847030640e-02,1.707954704761505127e-01,-1.101269349455833435e-01,-1.003578677773475647e-01,1.731859333813190460e-02,-1.207157783210277557e-02,-4.665810242295265198e-02,-1.600503474473953247e-01,1.319347769021987915e-01,2.312207408249378204e-02,6.137565243989229202e-03,-1.275833845138549805e-01,9.357918985188007355e-03,3.156303986907005310e-02,-7.534906268119812012e-02,-1.038659363985061646e-01,1.622821390628814697e-01,2.142222784459590912e-02,6.758955866098403931e-02,1.029019709676504135e-02,-7.266900688409805298e-02,-9.800425171852111816e-02,-1.251888871192932129e-01,-3.482206538319587708e-02,1.311319135129451752e-02,4.817053675651550293e-02,-6.985211372375488281e-02,3.663992881774902344e-02,5.812958255410194397e-02,2.880116179585456848e-02,2.004476450383663177e-02,-1.012846976518630981e-01,1.984858885407447815e-02,8.122262544929981232e-03,-6.632653623819351196e-02,-5.371893197298049927e-02,-2.246217057108879089e-02,3.260646387934684753e-02,7.745851296931505203e-03,1.273602992296218872e-01,-1.787150278687477112e-02,-3.135774284601211548e-02,3.592592477798461914e-02,1.317481696605682373e-01,-1.253298819065093994e-01,1.707519777119159698e-02,-7.723931968212127686e-02,9.216890484094619751e-02,-4.019573330879211426e-02,1.317991763353347778e-01,-5.406058207154273987e-02,-1.004256531596183777e-01,-6.277814973145723343e-03,1.341668516397476196e-01,-7.394704967737197876e-02,-1.105349287390708923e-01,1.350060850381851196e-01,2.330607734620571136e-03,-5.532426387071609497e-02,8.201084099709987640e-03,-1.191315576434135437e-01,-1.309773623943328857e-01,2.483977936208248138e-02,6.433236412703990936e-03,1.173663958907127380e-01,1.657601073384284973e-02,-2.686560526490211487e-02,-4.785507917404174805e-02,-1.011552512645721436e-01,3.674506396055221558e-02,-1.169501170516014099e-01,7.945826509967446327e-04,7.237125188112258911e-02,-3.620786883402615786e-04,-7.955311983823776245e-02,8.803614228963851929e-02,9.848958812654018402e-03,7.143688946962356567e-02,-1.435607224702835083e-01,-1.813416741788387299e-02,1.374627649784088135e-01,-1.502835005521774292e-02,-1.129112765192985535e-01,-9.496963024139404297e-02,-9.903836995363235474e-02,-1.904728077352046967e-02,1.542881429195404053e-01,-1.445855107158422470e-02,-9.359861910343170166e-02,-6.020559370517730713e-02,9.553396701812744141e-02,-1.411630660295486450e-01,7.953269034624099731e-02,1.160351093858480453e-03,-1.514314264059066772e-01,4.062571376562118530e-02,7.185067050158977509e-03,1.230817139148712158e-01,1.360614597797393799e-01,-8.116925507783889771e-02,-7.038480043411254883e-02,-1.084136441349983215e-01,2.308816881850361824e-03,2.306386455893516541e-02
5.238107964396476746e-02,2.759689092636108398e-02,-1.841146051883697510e-01,8.893295377492904663e-02,9.743797779083251953e-02,-5.483217164874076843e-02,5.000722408294677734e-02,3.806976974010467529e-02,4.144652187824249268e-02,4.737122356891632080e-02,3.447695169597864151e-03,-6.198737025260925293e-02,1.557767391204833984e-01,9.439539909362792969e-02,1.692030876874923706e-01,1.500334292650222778e-01,3.660114249214529991e-03,9.314420074224472046e-02,-5.239165946841239929e-02,-8.911116421222686768e-02,-1.027545705437660217e-01,1.807726770639419556e-01,1.157572790980339050e-01,-2.922143414616584778e-02,2.080719359219074249e-02,2.073572725057601929e-01,-1.749612241983413696e-01,-1.222225576639175415e-01,1.271929144859313965e-01,-7.139537483453750610e-02,-1.852265745401382446e-02,-1.939760893583297729e-01,1.478733271360397339e-01,7.774095982313156128e-02,1.431967364624142647e-03,-1.787416189908981323e-01,1.463889889419078827e-02,4.645688086748123169e-02,-1.218039840459823608e-01,-1.446226984262466431e-01,1.836293041706085205e-01,1.303343009203672409e-02,1.480849832296371460e-01,2.040725201368331909e-02,-4.173497483134269714e-02,-1.370809525251388550e-01,-1.879499256610870361e-01,-4.291431978344917297e-02,-5.468762479722499847e-03,2.727287262678146362e-02,-2.140610292553901672e-02,-2.559730084612965584e-03,6.312832981348037720e-02,8.590961806476116180e-03,-8.625877089798450470e-03,-1.701442599296569824e-01,3.776687011122703552e-02,1.469922624528408051e-02,-8.214288949966430664e-02,-7.031422853469848633e-02,-1.723319292068481445e-02,3.164986893534660339e-02,9.289020672440528870e-03,1.079989448189735413e-01,-2.057275921106338501e-02,-3.608996048569679260e-02,5.989717692136764526e-02,1.766464859247207642e-01,-1.629491299390792847e-01,2.834326215088367462e-02,-1.214484944939613342e-01,2.179997600615024567e-02,-2.883420139551162720e-02,1.758540421724319458e-01,-4.547403752803802490e-02,-1.421024203300476074e-01,-6.809755694121122360e-03,2.038390040397644043e-01,-6.853214651346206665e-02,-1.678089499473571777e-01,1.967719495296478271e-01,3.480431623756885529e-03,-1.048093065619468689e-01,7.793306373059749603e-03,-1.460814028978347778e-01,-1.582227945327758789e-01,6.519202142953872681e-02,1.032800134271383286e-02,1.161131784319877625e-01,2.851053327322006226e-02,-4.334260523319244385e-02,-5.005104467272758484e-02,-1.386730819940567017e-01,4.124764725565910339e-02,-1.543378978967666626e-01,-2.149138785898685455e-02,1.176411136984825134e-01,-5.035795620642602444e-04,-1.264073699712753296e-01,9.330731630325317383e-02,-1.554549764841794968e-02,7.615174353122711182e-02,-1.848481148481369019e-01,-2.618780173361301422e-02,2.129689753055572510e-01,3.420455753803253174e-02,-1.508458107709884644e-01,-1.519254893064498901e-01,-7.359386980533599854e-02,-2.417597919702529907e-02,1.557764112949371338e-01,-6.181085854768753052e-02,-1.331524550914764404e-01,-1.134578883647918701e-02,1.803197115659713745e-01,-1.836806386709213257e-01,1.174101158976554871e-01,4.388466849923133850e-02,-1.971550881862640381e-01,4.890953376889228821e-02,5.903796479105949402e-02,1.582092344760894775e-01,1.782828420400619507e-01,-8.557148277759552002e-02,-1.454298794269561768e-01,-1.176489666104316711e-01,7.264009676873683929e-03,7.333831489086151123e-02
-4.131027683615684509e-02,1.099527440965175629e-02,-6.864798069000244141e-02,-4.845541343092918396e-02,1.815177686512470245e-02,-6.013371050357818604e-03,1.236526947468519211e-02,1.427825819700956345e-02,-1.485058385878801346e-02,3.447695169597864151e-03,7.593930512666702271e-02,-1.634649187326431274e-02,8.859433978796005249e-02,-2.360492385923862457e-02,4.017021879553794861e-02,6.685610115528106689e-02,-3.945136442780494690e-03,-6.170861423015594482e-03,-1.134371291846036911e-02,-5.808180198073387146e-02,1.353924274444580078e-01,5.497673153877258301e-02,7.188811153173446655e-02,1.604729145765304565e-02,-3.650870174169540405e-03,8.416024595499038696e-02,-8.735892176628112793e-02,-5.525125563144683838e-02,1.343362629413604736e-01,-3.955816105008125305e-02,2.970996685326099396e-02,-1.886582560837268829e-02,-3.893852978944778442e-02,9.071432054042816162e-02,-9.603455662727355957e-03,-7.513767480850219727e-02,-5.119022447615861893e-03,2.139257639646530151e-02,-7.890367507934570312e-02,5.074439942836761475e-02,-3.757800208404660225e-03,-3.143518045544624329e-02,9.396748244762420654e-02,8.916736580431461334e-03,4.506504163146018982e-02,-1.029384881258010864e-01,-7.659526914358139038e-02,3.915970772504806519e-02,-1.776367798447608948e-02,-7.750877737998962402e-02,3.289972618222236633e-02,-3.570622950792312622e-02,-3.702932596206665039e-02,3.978610038757324219e-02,-8.514472842216491699e-02,-7.144720107316970825e-02,2.216603420674800873e-02,1.112877484411001205e-02,-2.168201841413974762e-02,1.433141063898801804e-03,4.460747912526130676e-02,-2.198031917214393616e-02,-3.378388937562704086e-03,-7.239428162574768066e-02,-1.167827658355236053e-02,-9.245736524462699890e-03,2.417185902595520020e-02,2.007029950618743896e-02,-7.713731378316879272e-02,2.421964425593614578e-03,-2.045652456581592560e-02,-1.295299828052520752e-01,4.771127365529537201e-03,5.872728675603866577e-02,2.011258527636528015e-02,3.810528293251991272e-02,-4.904501140117645264e-03,8.065923303365707397e-02,1.168512478470802307e-01,-4.797976091504096985e-02,-5.646935664117336273e-03,1.157033722847700119e-03,-6.323415786027908325e-02,-7.403967174468562007e-05,4.672581702470779419e-02,-9.777592122554779053e-02,5.579921975731849670e-02,6.908735260367393494e-03,5.094419419765472412e-02,1.239474024623632431e-02,-1.163435820490121841e-02,4.329479113221168518e-02,1.761406287550926208e-02,-3.076113574206829071e-02,-1.608173176646232605e-02,6.408160086721181870e-03,1.282459404319524765e-02,-8.069103205343708396e-05,-7.867581397294998169e-02,-3.314680233597755432e-02,-3.072200715541839600e-02,2.633023820817470551e-02,-3.513075038790702820e-02,-1.067478023469448090e-02,6.321343779563903809e-02,-8.012414723634719849e-02,5.254159122705459595e-02,-5.949898436665534973e-02,1.872552372515201569e-02,-6.472070701420307159e-03,-3.998921811580657959e-02,2.165152691304683685e-02,-3.241077437996864319e-02,3.572925552725791931e-02,8.126235753297805786e-02,-5.986926332116127014e-02,4.861443862318992615e-02,5.323934555053710938e-02,-1.060677133500576019e-02,-8.946007117629051208e-03,4.916681721806526184e-02,2.169272303581237793e-02,3.182838857173919678e-02,6.446233019232749939e-04,-9.275481849908828735e-02,-4.177751252427697182e-04,7.583780679851770401e-03,-2.117978408932685852e-03
-8.410738408565521240e-02,-4.145567119121551514e-02,2.767634391784667969e-01,-1.489350050687789917e-01,-1.445796340703964233e-01,5.022044479846954346e-02,-5.361099913716316223e-02,-9.937256574630737305e-02,-4.149837046861648560e-02,-6.198737025260925293e-02,-1.634649187326431274e-02,9.762231260538101196e-02,-2.351402193307876587e-01,-1.623589843511581421e-01,-2.606281638145446777e-01,-2.273984849452972412e-01,-3.302820958197116852e-03,-1.424984186887741089e-01,7.034464925527572632e-02,1.298675388097763062e-01,1.174268573522567749e-01,-2.802464365959167480e-01,-1.924328953027725220e-01,5.071426182985305786e-02,-3.005838766694068909e-02,-2.910138964653015137e-01,2.648994326591491699e-01,1.854707300662994385e-01,-2.143402546644210815e-01,1.019143313169479370e-01,2.412047237157821655e-02,2.788087427616119385e-01,-1.961315274238586426e-01,-1.400884091854095459e-01,2.932725241407752037e-03,2.780885100364685059e-01,-2.201992832124233246e-02,-6.893723458051681519e-02,1.817079484462738037e-01,2.317183613777160645e-01,-2.493360340595245361e-01,-1.314711105078458786e-02,-2.400992065668106079e-01,-3.209528699517250061e-02,1.834825426340103149e-02,2.007627189159393311e-01,2.818174958229064941e-01,6.388244777917861938e-02,2.782214805483818054e-02,-2.062852680683135986e-02,1.281104516237974167e-02,3.327682986855506897e-02,-9.631227701902389526e-02,1.205227524042129517e-02,2.789350599050521851e-02,2.691581547260284424e-01,-6.865841150283813477e-02,-2.461499162018299103e-02,9.750182181596755981e-02,1.056668087840080261e-01,1.157085224986076355e-02,-3.657121211290359497e-02,-1.340567693114280701e-02,-1.007872670888900757e-01,4.235959053039550781e-02,4.965409263968467712e-02,-8.895523101091384888e-02,-2.628739476203918457e-01,2.474502772092819214e-01,-2.989607490599155426e-02,1.819353550672531128e-01,9.519357234239578247e-03,4.586303234100341797e-02,-2.637682259082794189e-01,5.385223776102066040e-02,1.864437162876129150e-01,8.867532946169376373e-03,-2.989670932292938232e-01,9.430659562349319458e-02,2.588348686695098877e-01,-2.868348956108093262e-01,-5.466626491397619247e-03,1.639514267444610596e-01,-1.139265857636928558e-02,2.016735970973968506e-01,2.323745489120483398e-01,-7.969190925359725952e-02,-1.660615950822830200e-02,-1.466365605592727661e-01,-4.288255423307418823e-02,5.632731691002845764e-02,6.879584491252899170e-02,1.970977932214736938e-01,-5.677449703216552734e-02,2.184772342443466187e-01,4.242294281721115112e-02,-1.775774210691452026e-01,7.304279133677482605e-04,2.002089321613311768e-01,-1.225456297397613525e-01,3.007539920508861542e-02,-8.831927925348281860e-02,2.728534340858459473e-01,3.881350532174110413e-02,-2.998926937580108643e-01,-5.871840566396713257e-02,1.960698366165161133e-01,2.362590432167053223e-01,6.470970809459686279e-02,3.275611996650695801e-02,-2.404655069112777710e-01,8.243062347173690796e-02,2.163312435150146484e-01,2.121722884476184845e-02,-2.866434752941131592e-01,2.624188661575317383e-01,-1.863650679588317871e-01,-7.121865451335906982e-02,2.904526591300964355e-01,-6.991598010063171387e-02,-7.562968879938125610e-02,-2.228330820798873901e-01,-2.595414221286773682e-01,1.049279719591140747e-01,2.389066517353057861e-01,1.581171303987503052e-01,-8.489200845360755920e-03,-1.112014576792716980e-01
