4.438251852989196777e-01,-3.083331976085901260e-03,1.344357430934906006e-01,-2.381128072738647461e-01,3.435670137405395508e-01,-3.916118443012237549e-01,8.765649050474166870e-02,4.368004798889160156e-01,3.944381698966026306e-02,-4.853149875998497009e-02,-2.346413880586624146e-01,-1.624278575181961060e-01,-1.802866756916046143e-01,-9.657661616802215576e-02,-5.603863298892974854e-02,2.105682194232940674e-01,1.149092148989439011e-02,-1.423627883195877075e-01,1.292378455400466919e-01,-8.683977276086807251e-02,-1.667617112398147583e-01,-2.636013925075531006e-01,-2.215116173028945923e-01,1.297055184841156006e-01,2.166156098246574402e-02,1.733690798282623291e-01,3.620570898056030273e-02,-3.795280754566192627e-01,9.184043854475021362e-03,-1.035993024706840515e-01,-2.163316309452056885e-01,-5.401203408837318420e-02,-1.646463125944137573e-01,5.285257846117019653e-02,-1.778319291770458221e-02,-6.001658271998167038e-03,5.609377846121788025e-02,-2.696799347177147865e-03,-2.302661240100860596e-01,-2.805113196372985840e-01,1.158212423324584961e-01,1.284335553646087646e-01,-1.796813756227493286e-01,-1.688671112060546875e-02,5.353403743356466293e-03,2.900720238685607910e-01,3.672026097774505615e-02,5.247434601187705994e-03,1.351887732744216919e-01,-1.296953111886978149e-01,-2.159411609172821045e-01,-2.281821817159652710e-01,1.760867238044738770e-01,1.703135855495929718e-02,5.613614991307258606e-02,-6.474050879478454590e-02,1.464466154575347900e-01,2.224782714620232582e-03,1.887608468532562256e-01,2.526488006114959717e-01,-1.185883656144142151e-01,2.179917842149734497e-01,-5.251435097306966782e-03,2.246463298797607422e-01,1.080271750688552856e-01,-9.566251188516616821e-03,-3.750415742397308350e-01,9.379810839891433716e-02,7.506573572754859924e-03,3.122406601905822754e-01,-2.038287818431854248e-01,2.456055581569671631e-01,-3.204226493835449219e-02,-1.022622734308242798e-01,-1.264152824878692627e-01,-1.009473353624343872e-01,1.106965006329119205e-03,-7.171560823917388916e-02,1.328704953193664551e-01,-7.127456367015838623e-02,2.275004610419273376e-02,-9.756008694239426404e-06,-1.410681903362274170e-01,-1.405762624926865101e-03,-3.110498189926147461e-01,1.640662252902984619e-01,2.798929810523986816e-01,2.515094587579369545e-03,-1.278018057346343994e-01,1.234159693121910095e-01,-1.585245430469512939e-01,3.285445272922515869e-01,1.792205870151519775e-01,-1.743903607130050659e-01,-2.749127149581909180e-02,-3.700289130210876465e-01,-6.566564738750457764e-02,-8.044890819292049855e-06,-1.745644360780715942e-01,8.916570246219635010e-02,-3.217113912105560303e-01,3.751103579998016357e-01,-4.489846993237733841e-03,-1.070137992501258850e-01,-1.215777918696403503e-01,1.157925799489021301e-01,2.136916667222976685e-01,2.009869664907455444e-01,-4.337348341941833496e-01,1.074745692312717438e-02,-5.401603132486343384e-02,2.220750600099563599e-01,7.820401340723037720e-02,3.039142303168773651e-02,-2.000088104978203773e-03,-7.231019437313079834e-03,3.360612392425537109e-01,-1.755252927541732788e-01,-1.145075187087059021e-01,-1.312591284513473511e-01,-2.135053277015686035e-01,-1.067410316318273544e-02,5.530257150530815125e-02,3.377374112606048584e-01,-1.103195250034332275e-01,1.535660028457641602e-01,4.426695033907890320e-02,9.053781628608703613e-02
-3.083331976085901260e-03,1.156562007963657379e-02,-9.163197875022888184e-02,8.049944788217544556e-02,3.855366632342338562e-02,-2.292663324624300003e-03,-1.173765677958726883e-02,2.503232657909393311e-02,7.543715834617614746e-02,7.054320722818374634e-02,-1.524518337100744247e-02,-3.831921890377998352e-02,7.771566510200500488e-02,7.590444386005401611e-02,8.983733505010604858e-02,8.869829773902893066e-02,-2.772881882265210152e-03,8.336899429559707642e-02,-8.801670372486114502e-02,-5.486818775534629822e-02,-5.641689896583557129e-02,6.723652780055999756e-02,6.715615093708038330e-02,-2.464006654918193817e-02,1.647593080997467041e-02,8.146621286869049072e-02,-8.132541179656982422e-02,-1.857862435281276703e-02,8.123327046632766724e-02,-9.851162321865558624e-03,2.009218558669090271e-02,-1.024330407381057739e-01,7.092209905385971069e-02,6.997122615575790405e-02,-1.648323028348386288e-03,-9.852622449398040771e-02,7.295843213796615601e-02,9.032971411943435669e-02,-6.771817803382873535e-02,-6.182697042822837830e-02,9.056121855974197388e-02,8.005358278751373291e-03,8.887675404548645020e-02,3.242216631770133972e-02,-2.094608731567859650e-02,-7.642272859811782837e-02,-9.084116667509078979e-02,-3.079360723495483398e-02,-1.664259284734725952e-02,1.686330884695053101e-02,1.268541254103183746e-02,8.559606038033962250e-03,6.272029131650924683e-02,-6.839657668024301529e-03,-1.188138965517282486e-02,-9.882319718599319458e-02,4.825668781995773315e-02,3.983944188803434372e-03,-8.364704251289367676e-02,-7.819027453660964966e-02,-1.058239582926034927e-02,-2.318640612065792084e-02,2.572206780314445496e-03,2.501146867871284485e-02,7.134299725294113159e-03,-3.833884000778198242e-02,3.799429535865783691e-02,9.524745494127273560e-02,-9.568255394697189331e-02,1.773276738822460175e-02,-8.005005866289138794e-02,-1.009928807616233826e-02,-3.788330405950546265e-02,9.010434895753860474e-02,-3.286349773406982422e-02,-9.362833946943283081e-02,-2.906014560721814632e-04,9.784879535436630249e-02,-4.476813599467277527e-02,-8.129061013460159302e-02,9.742911159992218018e-02,7.522293162764981389e-05,-8.047136664390563965e-02,3.576349990908056498e-05,-8.217427134513854980e-02,-9.092830121517181396e-02,3.128128498792648315e-02,1.002722070552408695e-03,7.681374251842498779e-02,6.126131862401962280e-02,-2.063761465251445770e-02,-4.346467182040214539e-02,-8.850187063217163086e-02,3.781599551439285278e-02,-8.814711123704910278e-02,2.413547970354557037e-02,6.042091548442840576e-02,-2.699377148474013666e-07,-6.624738126993179321e-02,7.192160934209823608e-02,-2.251119911670684814e-02,2.727673947811126709e-02,-9.653746336698532104e-02,-8.233189582824707031e-02,1.070546805858612061e-01,1.137998700141906738e-02,-9.195697307586669922e-02,-9.294500946998596191e-02,-8.057121303863823414e-04,-2.444402314722537994e-03,7.346451282501220703e-02,-8.063166588544845581e-02,-9.338805824518203735e-02,-5.959874484688043594e-03,9.701164811849594116e-02,-8.923664689064025879e-02,3.380959481000900269e-02,4.882412776350975037e-02,-9.297454357147216797e-02,6.330647319555282593e-02,8.332029730081558228e-02,8.253158628940582275e-02,7.775302976369857788e-02,-6.558161973953247070e-02,-3.877642750740051270e-02,-5.957891792058944702e-02,-8.429995737969875336e-03,7.016849517822265625e-02
1.344357430934906006e-01,-9.163197875022888184e-02,7.702029943466186523e-01,-7.081190943717956543e-01,-2.746836543083190918e-01,-1.027925312519073486e-01,8.686330169439315796e-02,-1.606722772121429443e-01,-5.572379231452941895e-01,-6.178002357482910156e-01,9.177964925765991211e-02,3.202369213104248047e-01,-6.402345895767211914e-01,-6.528017520904541016e-01,-7.447208166122436523e-01,-6.454122066497802734e-01,2.566164359450340271e-02,-6.878529787063598633e-01,7.344079017639160156e-01,4.853764772415161133e-01,3.808845281600952148e-01,-6.307343840599060059e-01,-6.370296478271484375e-01,2.442641258239746094e-01,-1.392284184694290161e-01,-5.891808271408081055e-01,6.792302131652832031e-01,7.808345556259155273e-02,-6.896228194236755371e-01,8.362768590450286865e-02,-2.143349200487136841e-01,7.549999356269836426e-01,-5.806273221969604492e-01,-6.218333244323730469e-01,1.616887748241424561e-02,7.521291375160217285e-01,-6.107124686241149902e-01,-7.363849282264709473e-01,5.012674927711486816e-01,4.750236272811889648e-01,-6.712834239006042480e-01,-3.866178169846534729e-02,-7.496567368507385254e-01,-2.972666621208190918e-01,1.207493394613265991e-01,6.928344368934631348e-01,7.547033429145812988e-01,2.640549838542938232e-01,1.900712251663208008e-01,-9.203152358531951904e-02,-1.480538249015808105e-01,-3.870768472552299500e-02,-4.730936586856842041e-01,4.983023554086685181e-02,1.351410299539566040e-01,7.708076238632202148e-01,-4.235051870346069336e-01,-3.617927432060241699e-02,6.980558037757873535e-01,6.680766940116882324e-01,5.291514843702316284e-02,2.492347061634063721e-01,-2.209587767720222473e-02,-1.364975720643997192e-01,-8.445248939096927643e-03,3.299281001091003418e-01,-3.542247712612152100e-01,-7.242571711540222168e-01,7.513510584831237793e-01,-9.589921683073043823e-02,6.275879740715026855e-01,1.911770701408386230e-01,3.066902756690979004e-01,-7.506073117256164551e-01,1.980232745409011841e-01,7.193304300308227539e-01,2.629729686304926872e-03,-7.998394370079040527e-01,3.928591310977935791e-01,6.574173569679260254e-01,-7.638855576515197754e-01,-6.921530002728104591e-04,6.515495777130126953e-01,1.103726215660572052e-03,5.846420526504516602e-01,7.676913738250732422e-01,-2.419084906578063965e-01,-8.588474243879318237e-03,-6.342107057571411133e-01,-5.336253046989440918e-01,1.497936546802520752e-01,3.676073253154754639e-01,7.154774069786071777e-01,-3.414654731750488281e-01,7.054022550582885742e-01,-2.711035311222076416e-01,-5.427846312522888184e-01,3.025147634616587311e-07,5.277246236801147461e-01,-5.585753917694091797e-01,2.029021978378295898e-01,-1.583009064197540283e-01,7.503100633621215820e-01,6.630914211273193359e-01,-8.271319270133972168e-01,-1.279557645320892334e-01,7.111029028892517090e-01,7.590421438217163086e-01,-8.749536424875259399e-02,1.922938600182533264e-02,-5.788837075233459473e-01,7.026775479316711426e-01,7.573649287223815918e-01,-2.503827214241027832e-03,-7.859910726547241211e-01,7.093629240989685059e-01,-2.227279990911483765e-01,-4.851767420768737793e-01,7.299978733062744141e-01,-5.650846362113952637e-01,-7.163395881652832031e-01,-6.552127003669738770e-01,-6.261080503463745117e-01,5.786370038986206055e-01,3.723964691162109375e-01,5.394023060798645020e-01,7.537417858839035034e-02,-5.976132750511169434e-01
-2.381128072738647461e-01,8.049944788217544556e-02,-7.081190943717956543e-01,7.917854189872741699e-01,6.138310953974723816e-02,2.336560934782028198e-01,-7.609197497367858887e-02,-7.227019220590591431e-02,5.577872395515441895e-01,5.635311007499694824e-01,-1.829798072576522827e-01,-2.084435373544692993e-01,4.724273085594177246e-01,6.659480929374694824e-01,6.897436976432800293e-01,4.119261205196380615e-01,-2.253092080354690552e-02,6.035631895065307617e-01,-7.255250215530395508e-01,-4.676440954208374023e-01,-4.527477920055389404e-01,6.616588830947875977e-01,6.309776306152343750e-01,-1.763931810855865479e-01,1.308996975421905518e-01,3.539061844348907471e-01,-5.672959685325622559e-01,2.153141945600509644e-01,4.897058010101318359e-01,8.702775090932846069e-02,1.849592477083206177e-01,-6.864148378372192383e-01,7.026926279067993164e-01,5.791284441947937012e-01,8.350360207259654999e-03,-5.691612958908081055e-01,4.649708867073059082e-01,6.498228907585144043e-01,-2.024027556180953979e-01,-4.480645358562469482e-01,6.262198686599731445e-01,1.103598773479461670e-01,6.634836196899414062e-01,2.471852302551269531e-01,-2.752306759357452393e-01,-6.073076725006103516e-01,-7.231682538986206055e-01,-2.324082851409912109e-01,-7.791724056005477905e-02,1.457126736640930176e-01,1.858921349048614502e-01,2.662894725799560547e-01,5.167585015296936035e-01,-9.114313125610351562e-02,1.824919320642948151e-02,-6.139214634895324707e-01,4.403369426727294922e-01,2.886230312287807465e-02,-6.770277023315429688e-01,-7.732201218605041504e-01,-1.058304533362388611e-01,-1.654664427042007446e-01,2.738345228135585785e-02,4.406701773405075073e-02,6.296975910663604736e-02,-2.955917119979858398e-01,2.963853776454925537e-01,5.321275591850280762e-01,-6.553129553794860840e-01,-1.751365214586257935e-01,-4.563704729080200195e-01,-4.366320208646357059e-04,-4.007238447666168213e-01,7.090096473693847656e-01,-2.593177556991577148e-01,-5.936318635940551758e-01,-1.191510469652712345e-03,6.843950748443603516e-01,-5.688399672508239746e-01,-5.565407276153564453e-01,7.296873331069946289e-01,6.219618371687829494e-04,-5.062870383262634277e-01,4.453508649021387100e-03,-4.205738902091979980e-01,-7.034968733787536621e-01,-7.667839992791414261e-03,3.298684721812605858e-03,5.376319885253906250e-01,4.412642121315002441e-01,-1.832193881273269653e-01,-5.454742312431335449e-01,-7.596436738967895508e-01,4.728501737117767334e-01,-6.682294011116027832e-01,4.077486097812652588e-01,4.172235727310180664e-01,-2.601162805149215274e-07,-3.252987861633300781e-01,4.071893095970153809e-01,-5.735941603779792786e-02,-1.140163838863372803e-01,-7.220492362976074219e-01,-5.121622085571289062e-01,7.859472036361694336e-01,3.225243389606475830e-01,-8.130204677581787109e-01,-6.605609655380249023e-01,2.929374277591705322e-01,-3.131898120045661926e-02,6.358330249786376953e-01,-7.625063657760620117e-01,-7.401894330978393555e-01,1.839158982038497925e-01,6.728909015655517578e-01,-6.444725394248962402e-01,-5.346228927373886108e-02,4.325870871543884277e-01,-6.016547679901123047e-01,6.470367908477783203e-01,6.290231943130493164e-01,6.967111825942993164e-01,6.150076389312744141e-01,-6.069526672363281250e-01,-3.708980977535247803e-01,-6.160900592803955078e-01,-7.207205891609191895e-02,4.901627302169799805e-01
3.435670137405395508e-01,3.855366632342338562e-02,-2.746836543083190918e-01,6.138310953974723816e-02,5.654711127281188965e-01,-3.464212417602539062e-01,2.731072530150413513e-02,6.278673410415649414e-01,2.137543857097625732e-01,2.327472865581512451e-01,-1.413999199867248535e-01,-3.540869951248168945e-01,2.774577140808105469e-01,1.644714772701263428e-01,3.115139901638031006e-01,6.486330628395080566e-01,-3.331038868054747581e-03,2.635087072849273682e-01,-2.209956645965576172e-01,-2.500310838222503662e-01,-1.647433787584304810e-01,3.856789320707321167e-02,9.053284674882888794e-02,-5.930080637335777283e-02,7.549241185188293457e-02,5.778415203094482422e-01,-3.299240767955780029e-01,-5.727261900901794434e-01,5.074536204338073730e-01,-2.419779300689697266e-01,-6.770999729633331299e-02,-4.034310579299926758e-01,-4.964637104421854019e-03,3.359451889991760254e-01,-4.260943457484245300e-02,-4.805138707160949707e-01,4.090756475925445557e-01,3.852349817752838135e-01,-6.910717487335205078e-01,-4.225645065307617188e-01,4.001010060310363770e-01,4.386352375149726868e-02,2.524457275867462158e-01,1.476278305053710938e-01,1.165716275572776794e-01,-1.446197330951690674e-01,-3.315112590789794922e-01,-1.370960175991058350e-01,-8.521579205989837646e-02,-1.222697719931602478e-01,-1.413699388504028320e-01,-3.805738091468811035e-01,2.698652446269989014e-01,2.508447691798210144e-02,-1.529267877340316772e-01,-5.271652340888977051e-01,2.802667021751403809e-01,2.352431789040565491e-02,-1.537951081991195679e-01,-2.298729727044701576e-03,-5.308372527360916138e-02,-3.090894781053066254e-02,-9.117381414398550987e-04,2.703612446784973145e-01,3.421804308891296387e-02,-1.648873537778854370e-01,-9.557845443487167358e-02,5.491390228271484375e-01,-3.793377578258514404e-01,5.060849189758300781e-01,-5.824584364891052246e-01,-7.712575048208236694e-02,-4.333230480551719666e-02,2.806196212768554688e-01,-1.022976115345954895e-01,-4.881208539009094238e-01,-1.345905358903110027e-03,3.999171853065490723e-01,8.455454558134078979e-02,-4.117627739906311035e-01,3.785651922225952148e-01,3.342263516969978809e-04,-5.012173056602478027e-01,-6.095259450376033783e-03,-6.358938217163085938e-01,-2.595716118812561035e-01,5.109766721725463867e-01,1.012721098959445953e-02,2.148575931787490845e-01,3.897616863250732422e-01,-1.583280265331268311e-01,2.754504382610321045e-01,-1.167186796665191650e-01,-1.261602491140365601e-01,-3.490370512008666992e-01,-2.904677391052246094e-01,2.895813882350921631e-01,-5.348503236746182665e-06,-5.169743895530700684e-01,4.358815848827362061e-01,-4.607846736907958984e-01,5.809112191200256348e-01,-3.509990870952606201e-01,-4.962499737739562988e-01,2.981910109519958496e-01,-8.373289369046688080e-03,-3.700411319732666016e-02,-2.742300033569335938e-01,-4.677297174930572510e-01,1.407586596906185150e-02,1.101872026920318604e-01,-6.430409103631973267e-02,-2.887650728225708008e-01,-1.279952973127365112e-01,4.542683959007263184e-01,-3.436284065246582031e-01,5.751590132713317871e-01,1.280019134283065796e-01,-5.182427167892456055e-01,4.906428977847099304e-02,2.263887077569961548e-01,2.126845717430114746e-01,2.802595496177673340e-01,5.279617011547088623e-02,-2.341387867927551270e-01,-1.588930375874042511e-02,2.918242244049906731e-03,3.986060619354248047e-01
-3.916118443012237549e-01,-2.292663324624300003e-03,-1.027925312519073486e-01,2.336560934782028198e-01,-3.464212417602539062e-01,3.956225514411926270e-01,-4.848793894052505493e-02,-4.333769083023071289e-01,-6.613225489854812622e-02,2.701695635914802551e-02,1.529616266489028931e-01,1.789720803499221802e-01,8.965805172920227051e-02,8.496304601430892944e-02,3.620159626007080078e-02,-2.697483003139495850e-01,-9.144353680312633514e-03,8.392898738384246826e-02,-1.073396801948547363e-01,5.942864343523979187e-02,1.234245151281356812e-01,2.213167697191238403e-01,1.953891515731811523e-01,-7.918240129947662354e-02,-2.222817949950695038e-02,-2.492994964122772217e-01,8.659519371576607227e-04,4.133764803409576416e-01,-6.247201934456825256e-02,1.109699010848999023e-01,1.806546151638031006e-01,7.699625194072723389e-02,1.856339871883392334e-01,-3.530501574277877808e-02,2.254717983305454254e-02,7.986756414175033569e-02,-9.911277145147323608e-02,-2.750200219452381134e-02,3.040029704570770264e-01,2.223867475986480713e-01,-1.289580017328262329e-01,-7.492421567440032959e-02,1.283037066459655762e-01,3.961980808526277542e-03,-4.878950864076614380e-02,-2.196292728185653687e-01,-2.762523293495178223e-02,6.424394436180591583e-03,-8.708817511796951294e-02,1.228562071919441223e-01,2.011908590793609619e-01,2.345355153083801270e-01,-1.313206553459167480e-01,-1.731009036302566528e-02,-4.316273145377635956e-03,9.861885011196136475e-02,-1.227129027247428894e-01,-4.386374261230230331e-03,-1.551848351955413818e-01,-2.416080981492996216e-01,8.649926632642745972e-02,-1.532451808452606201e-01,6.265390664339065552e-03,-2.136222124099731445e-01,-8.496389538049697876e-02,2.256730571389198303e-02,2.857690155506134033e-01,-1.437655985355377197e-01,3.624290600419044495e-02,-3.416822254657745361e-01,2.211576700210571289e-01,-1.643747538328170776e-01,7.937066256999969482e-03,6.038867682218551636e-02,8.829167485237121582e-02,1.203542053699493408e-01,-3.730315365828573704e-04,2.979753911495208740e-02,-1.610660552978515625e-01,1.054501831531524658e-01,-2.777755074203014374e-02,-2.134239548468030989e-05,1.533870249986648560e-01,1.775561831891536713e-03,3.196090757846832275e-01,-1.126188486814498901e-01,-2.889662086963653564e-01,-3.977451473474502563e-03,5.966995283961296082e-02,-1.349006444215774536e-01,1.113440841436386108e-01,-3.258978426456451416e-01,-1.554991900920867920e-01,1.767979562282562256e-01,4.005780443549156189e-02,3.378615677356719971e-01,4.109009727835655212e-02,6.369005859596654773e-06,2.136991471052169800e-01,-1.370714306831359863e-01,2.979966402053833008e-01,-4.085632860660552979e-01,2.798325568437576294e-02,1.426971554756164551e-01,8.770725876092910767e-02,6.495735608041286469e-03,-2.155693918466567993e-01,-1.212366521358489990e-01,4.332929551601409912e-01,-1.133511587977409363e-02,4.592641815543174744e-02,-2.215309590101242065e-01,-5.032842606306076050e-02,4.539333656430244446e-02,-2.245219238102436066e-02,2.866808511316776276e-02,-3.748575448989868164e-01,1.364608556032180786e-01,1.290542781352996826e-01,1.327130794525146484e-01,1.559977531433105469e-01,2.063284441828727722e-02,-4.352772980928421021e-02,-2.846818566322326660e-01,8.296173065900802612e-02,-1.507528275251388550e-01,-4.027242213487625122e-02,-9.768052399158477783e-02
8.765649050474166870e-02,-1.173765677958726883e-02,8.686330169439315796e-02,-7.609197497367858887e-02,2.731072530150413513e-02,-4.848793894052505493e-02,6.140587106347084045e-02,5.991476774215698242e-02,-5.718543753027915955e-02,-4.812157899141311646e-02,-7.895792275667190552e-02,-5.914890207350254059e-03,-1.371442228555679321e-01,-5.528640374541282654e-02,-6.056343019008636475e-02,-4.631398245692253113e-02,5.564872175455093384e-03,-1.224160790443420410e-01,7.373531162738800049e-02,-2.168700285255908966e-02,-2.654690295457839966e-02,-9.432589262723922729e-02,-8.316415548324584961e-02,5.791393294930458069e-02,-2.434032969176769257e-03,-5.946164578199386597e-02,5.435439571738243103e-02,-1.668583229184150696e-02,-5.901737883687019348e-02,-2.751206513494253159e-03,-6.899670511484146118e-02,4.314779117703437805e-02,-5.906877294182777405e-02,4.600957036018371582e-03,-5.191239179112017155e-04,9.201093018054962158e-02,-5.294270440936088562e-02,-5.921882018446922302e-02,4.158242419362068176e-02,-5.678758025169372559e-02,-3.838322311639785767e-02,4.960104078054428101e-02,-1.137402504682540894e-01,-2.582858502864837646e-02,-9.070969186723232269e-03,1.203257516026496887e-01,5.284118652343750000e-02,3.618704900145530701e-02,7.372307777404785156e-02,-6.633393466472625732e-02,-5.500073730945587158e-02,-5.041597411036491394e-02,2.813762612640857697e-02,1.008679158985614777e-02,4.548191279172897339e-02,5.032135173678398132e-02,2.329337783157825470e-02,-2.605534391477704048e-03,1.038467288017272949e-01,9.001801908016204834e-02,-4.103907197713851929e-02,1.038938313722610474e-01,-1.442797132767736912e-03,2.140130102634429932e-02,2.388885430991649628e-02,2.387007884681224823e-02,-1.489932686090469360e-01,-6.457970291376113892e-02,7.066307216882705688e-02,1.811322197318077087e-02,1.331480313092470169e-02,7.950606942176818848e-02,-1.048715598881244659e-02,-7.861763983964920044e-02,-1.713530276902019978e-03,4.848498851060867310e-02,8.387819980271160603e-04,-7.551241666078567505e-02,3.592505306005477905e-02,3.587916120886802673e-02,-4.215886443853378296e-02,-3.449944415478967130e-05,1.763514988124370575e-02,-4.161711549386382103e-04,-1.575940405018627644e-03,9.568382799625396729e-02,2.452542074024677277e-02,-9.767769370228052139e-04,-9.679692238569259644e-02,-5.773244425654411316e-03,-3.904335573315620422e-02,8.509763330221176147e-02,9.217491000890731812e-02,-3.497894108295440674e-02,4.670560732483863831e-02,-9.000571817159652710e-02,-8.142432570457458496e-02,-2.179070861529908143e-06,2.166296541690826416e-02,-6.690677255392074585e-02,-7.578627020120620728e-02,3.496214747428894043e-02,5.364993587136268616e-02,4.031201452016830444e-02,-8.565696328878402710e-02,9.005545079708099365e-02,8.294890075922012329e-02,1.380712091922760010e-01,-5.920021608471870422e-02,1.912144711241126060e-03,-4.327242076396942139e-02,6.433011591434478760e-02,8.024396002292633057e-02,9.812347590923309326e-02,-6.533191353082656860e-02,5.645357072353363037e-02,1.412148866802453995e-02,-8.047189563512802124e-02,3.624568507075309753e-02,-5.096194520592689514e-02,-1.185310333967208862e-01,-3.572374209761619568e-02,-1.984134502708911896e-02,1.329218745231628418e-01,-4.796213656663894653e-02,4.558520019054412842e-02,1.966765522956848145e-02,-2.359473519027233124e-02
4.368004798889160156e-01,2.503232657909393311e-02,-1.606722772121429443e-01,-7.227019220590591431e-02,6.278673410415649414e-01,-4.333769083023071289e-01,5.991476774215698242e-02,7.365410923957824707e-01,1.197065412998199463e-01,1.504718810319900513e-01,-1.362449526786804199e-01,-3.911511600017547607e-01,1.826434284448623657e-01,7.433442771434783936e-02,2.209097445011138916e-01,6.156879663467407227e-01,2.109541324898600578e-03,1.492061316967010498e-01,-9.404220432043075562e-02,-2.178285568952560425e-01,-9.249951690435409546e-02,-7.371597737073898315e-02,-2.316765487194061279e-02,-3.342475742101669312e-02,6.530302017927169800e-02,5.484814643859863281e-01,-2.636314630508422852e-01,-6.666772961616516113e-01,4.714294672012329102e-01,-2.785882055759429932e-01,-1.332500278949737549e-01,-3.035852313041687012e-01,-1.633344739675521851e-01,2.990946471691131592e-01,-5.407934635877609253e-02,-4.021765291690826416e-01,3.752349019050598145e-01,3.008346557617187500e-01,-7.016284465789794922e-01,-4.110838472843170166e-01,3.117098212242126465e-01,3.462715074419975281e-02,1.346793472766876221e-01,1.255900710821151733e-01,2.185088992118835449e-01,-4.281771555542945862e-02,-2.327885925769805908e-01,-1.076579019427299500e-01,-7.458294928073883057e-02,-2.337651550769805908e-01,-2.149190753698348999e-01,-5.182479619979858398e-01,2.094617336988449097e-01,4.070439562201499939e-02,-1.761174201965332031e-01,-4.547689855098724365e-01,2.751218080520629883e-01,2.278280444443225861e-02,-8.082614280283451080e-03,1.492605209350585938e-01,-4.750898107886314392e-02,1.704492978751659393e-02,-6.684994325041770935e-03,2.727258503437042236e-01,1.989441178739070892e-02,-1.344600319862365723e-01,-2.138204574584960938e-01,4.834016561508178711e-01,-2.927037775516510010e-01,6.026878952980041504e-01,-5.612799525260925293e-01,-1.005435064435005188e-01,1.489957422018051147e-02,1.839023381471633911e-01,-3.010353632271289825e-02,-4.078935980796813965e-01,-1.177828409709036350e-03,3.098905980587005615e-01,2.059559375047683716e-01,-3.558055460453033447e-01,2.739641070365905762e-01,2.993282978422939777e-04,-4.714527428150177002e-01,-8.040931075811386108e-03,-6.045261621475219727e-01,-1.522367596626281738e-01,5.920856595039367676e-01,1.121858693659305573e-02,1.164955794811248779e-01,3.882490992546081543e-01,-1.470378190279006958e-01,4.551806151866912842e-01,2.982349880039691925e-02,-2.336084544658660889e-01,-2.544342279434204102e-01,-4.215750694274902344e-01,2.238015532493591309e-01,-6.306880095507949591e-06,-5.284188389778137207e-01,3.848085999488830566e-01,-5.641248226165771484e-01,6.749243140220642090e-01,-2.498456984758377075e-01,-4.582062363624572754e-01,1.544939577579498291e-01,-3.383556380867958069e-02,1.388416886329650879e-01,-1.545332819223403931e-01,-5.959877371788024902e-01,2.356731332838535309e-02,8.791827596724033356e-03,7.024015486240386963e-02,-1.761660277843475342e-01,-1.265346854925155640e-01,3.664135336875915527e-01,-2.496155202388763428e-01,6.587936282157897949e-01,6.451241672039031982e-02,-4.532711505889892578e-01,-7.139160484075546265e-02,1.068604439496994019e-01,1.015392020344734192e-01,1.967563331127166748e-01,2.131217122077941895e-01,-2.467516809701919556e-01,9.978381544351577759e-02,2.843832969665527344e-02,3.675288259983062744e-01
3.944381698966026306e-02,7.543715834617614746e-02,-5.572379231452941895e-01,5.577872395515441895e-01,2.137543857097625732e-01,-6.613225489854812622e-02,-5.718543753027915955e-02,1.197065412998199463e-01,6.292104721069335938e-01,4.945536553859710693e-01,-2.457486987113952637e-01,-2.868061363697052002e-01,3.444206714630126953e-01,5.735937356948852539e-01,6.114174723625183105e-01,5.328665375709533691e-01,-1.287471596151590347e-02,4.322918355464935303e-01,-5.857256054878234863e-01,-4.803617596626281738e-01,-5.846135020256042480e-01,4.451369643211364746e-01,4.076915979385375977e-01,-1.011120975017547607e-01,1.359843611717224121e-01,4.912442564964294434e-01,-5.486857891082763672e-01,-8.769662119448184967e-03,4.238659441471099854e-01,2.829548530280590057e-02,4.004496335983276367e-02,-7.546273469924926758e-01,5.343601107597351074e-01,5.398636460304260254e-01,-1.619431306608021259e-03,-5.895363688468933105e-01,4.603492617607116699e-01,5.948302149772644043e-01,-3.000181019306182861e-01,-5.349273681640625000e-01,6.712412834167480469e-01,1.631341129541397095e-01,4.902427196502685547e-01,1.967512518167495728e-01,-2.730786800384521484e-01,-4.134917557239532471e-01,-6.124759912490844727e-01,-1.702036708593368530e-01,6.019679456949234009e-02,3.774765878915786743e-02,1.910099387168884277e-02,1.702760607004165649e-01,5.805017948150634766e-01,-8.716309070587158203e-02,6.975109875202178955e-02,-6.116720438003540039e-01,4.524145722389221191e-01,2.514526620507240295e-02,-5.070804953575134277e-01,-5.573982000350952148e-01,-1.811416894197463989e-01,3.353606164455413818e-02,2.218823321163654327e-02,2.067416757345199585e-01,1.364895701408386230e-01,-2.729904353618621826e-01,7.670044153928756714e-02,5.597267150878906250e-01,-6.477316021919250488e-01,1.983513869345188141e-02,-5.069965720176696777e-01,1.535125523805618286e-01,-4.218357205390930176e-01,6.139701604843139648e-01,-2.987922430038452148e-01,-5.930923223495483398e-01,-6.883976166136562824e-04,6.004474163055419922e-01,-3.943825662136077881e-01,-5.839435458183288574e-01,6.912894248962402344e-01,5.582016310654580593e-04,-5.353506207466125488e-01,4.553681239485740662e-03,-5.497466921806335449e-01,-5.699422359466552734e-01,1.333826780319213867e-01,4.337002523243427277e-03,5.046602487564086914e-01,4.596107304096221924e-01,-2.109773010015487671e-01,-3.330603837966918945e-01,-6.159887313842773438e-01,3.655915558338165283e-01,-6.219669580459594727e-01,1.767841577529907227e-01,2.496475130319595337e-01,-4.370126134745078161e-06,-4.191730022430419922e-01,4.013812839984893799e-01,-2.037168592214584351e-01,1.468891799449920654e-01,-6.969404816627502441e-01,-5.313214063644409180e-01,7.032583951950073242e-01,2.361631691455841064e-01,-6.735993623733520508e-01,-5.071372985839843750e-01,1.298754382878541946e-02,-2.901007980108261108e-02,6.465478539466857910e-01,-5.779005885124206543e-01,-6.374405026435852051e-01,1.819359064102172852e-01,5.786402225494384766e-01,-6.211827993392944336e-01,1.573802083730697632e-01,2.330193221569061279e-01,-5.993597507476806641e-01,5.010272264480590820e-01,4.263848960399627686e-01,6.483149528503417969e-01,6.059188246726989746e-01,-3.659256398677825928e-01,-4.051143825054168701e-01,-4.887901544570922852e-01,-2.720760740339756012e-02,4.711703956127166748e-01
-4.853149875998497009e-02,7.054320722818374634e-02,-6.178002357482910156e-01,5.635311007499694824e-01,2.327472865581512451e-01,2.701695635914802551e-02,-4.812157899141311646e-02,1.504718810319900513e-01,4.945536553859710693e-01,5.019420385360717773e-01,-1.104347929358482361e-01,-2.720278501510620117e-01,4.850818812847137451e-01,5.405747890472412109e-01,6.302349567413330078e-01,5.886142849922180176e-01,-1.764170266687870026e-02,5.016868710517883301e-01,-6.078692078590393066e-01,-4.337202310562133789e-01,-4.000188112258911133e-01,4.669936895370483398e-01,4.671123027801513672e-01,-1.769027709960937500e-01,1.188956722617149353e-01,5.366834402084350586e-01,-5.931270718574523926e-01,-7.638853788375854492e-02,5.724710822105407715e-01,-7.530733942985534668e-02,1.360161453485488892e-01,-7.285404205322265625e-01,4.721041023731231689e-01,5.456250905990600586e-01,-1.226624473929405212e-02,-6.667406558990478516e-01,4.898034036159515381e-01,6.189725399017333984e-01,-4.351614415645599365e-01,-4.458513557910919189e-01,5.949274301528930664e-01,6.580657511949539185e-02,5.800705552101135254e-01,2.233672291040420532e-01,-1.329989433288574219e-01,-5.446196794509887695e-01,-6.258007287979125977e-01,-1.763600856065750122e-01,-7.288471609354019165e-02,2.879185602068901062e-02,7.695847749710083008e-02,3.300911560654640198e-02,4.469552934169769287e-01,-4.262745752930641174e-02,-6.777653843164443970e-02,-6.906630992889404297e-01,3.543277978897094727e-01,2.711236476898193359e-02,-5.467247366905212402e-01,-5.305179357528686523e-01,-8.600863069295883179e-02,-1.055257990956306458e-01,1.808276399970054626e-02,1.631814837455749512e-01,3.716339170932769775e-02,-2.620945870876312256e-01,2.144375145435333252e-01,6.299008131027221680e-01,-6.580250859260559082e-01,9.328629821538925171e-02,-5.458061099052429199e-01,-9.900031238794326782e-02,-2.896685600280761719e-01,6.272595524787902832e-01,-1.774384528398513794e-01,-6.184324026107788086e-01,-1.692929770797491074e-03,6.896201372146606445e-01,-2.902707159519195557e-01,-5.741900205612182617e-01,6.831434369087219238e-01,5.537050892598927021e-04,-5.633682012557983398e-01,-4.513156600296497345e-04,-5.349938869476318359e-01,-6.280901432037353516e-01,2.099608182907104492e-01,6.368668749928474426e-03,5.371114015579223633e-01,4.378311336040496826e-01,-1.345644444227218628e-01,-2.816779017448425293e-01,-5.904796719551086426e-01,2.869943678379058838e-01,-5.987697839736938477e-01,1.786785423755645752e-01,3.611438274383544922e-01,-2.024258719757199287e-06,-4.525841176509857178e-01,4.292527735233306885e-01,-2.074679881334304810e-01,1.871808767318725586e-01,-6.624600887298583984e-01,-5.637637972831726074e-01,7.464735507965087891e-01,1.086463704705238342e-01,-6.332071423530578613e-01,-6.013163328170776367e-01,3.841275349259376526e-02,-1.897256635129451752e-02,5.338394641876220703e-01,-5.909330844879150391e-01,-6.262461543083190918e-01,7.627883553504943848e-02,6.540209054946899414e-01,-6.091675162315368652e-01,2.075865715742111206e-01,3.242809474468231201e-01,-6.343883275985717773e-01,4.421263635158538818e-01,5.441459417343139648e-01,5.682880878448486328e-01,5.439187288284301758e-01,-4.147382676601409912e-01,-3.510835170745849609e-01,-4.363414347171783447e-01,-4.527057334780693054e-02,4.844655394554138184e-01
-2.346413880586624146e-01,-1.524518337100744247e-02,9.177964925765991211e-02,-1.829798072576522827e-01,-1.413999199867248535e-01,1.529616266489028931e-01,-7.895792275667190552e-02,-1.362449526786804199e-01,-2.457486987113952637e-01,-1.104347929358482361e-01,4.009306728839874268e-01,1.178934127092361450e-01,1.739110499620437622e-01,-1.712479293346405029e-01,-1.668112725019454956e-01,-1.067862063646316528e-01,-6.302573718130588531e-03,3.232830902561545372e-03,1.643905192613601685e-01,2.499742954969406128e-01,4.296824336051940918e-01,-2.265733666718006134e-02,-1.600814796984195709e-02,-1.324551254510879517e-01,-6.148446351289749146e-02,-4.628373682498931885e-02,7.702503353357315063e-02,-4.128769785165786743e-02,1.105448976159095764e-02,-9.427528828382492065e-02,1.735574901103973389e-01,2.788074612617492676e-01,-2.579684257507324219e-01,-2.401142865419387817e-01,-1.144885364919900894e-02,3.198023512959480286e-02,-7.665964961051940918e-02,-1.663987785577774048e-01,-4.551656544208526611e-02,4.248865842819213867e-01,-3.208973705768585205e-01,-2.457774132490158081e-01,5.736997816711664200e-03,-2.266153506934642792e-02,2.692263722419738770e-01,-1.354405432939529419e-01,2.269215136766433716e-01,4.181617870926856995e-02,-2.279767394065856934e-01,1.353819668292999268e-02,1.044832095503807068e-01,-1.086624190211296082e-01,-4.273532032966613770e-01,5.553659051656723022e-02,-2.203221619129180908e-01,1.494619399309158325e-01,-3.150263428688049316e-01,-5.024063400924205780e-03,6.311032176017761230e-02,1.805183440446853638e-01,2.153559774160385132e-01,-2.514333128929138184e-01,-1.065945159643888474e-02,-1.512675434350967407e-01,-1.832673996686935425e-01,8.241145312786102295e-02,3.147312700748443604e-01,-1.001392751932144165e-01,1.497441679239273071e-01,3.949321061372756958e-02,1.983238458633422852e-01,-4.505019187927246094e-01,2.745644748210906982e-01,-1.362633854150772095e-01,2.830354571342468262e-01,2.063954472541809082e-01,-2.205605851486325264e-03,-9.067821502685546875e-02,2.566329836845397949e-01,1.861870735883712769e-01,-2.983277738094329834e-01,-1.478186168242245913e-04,1.835060268640518188e-01,-5.590215791016817093e-03,2.967426180839538574e-01,5.459139496088027954e-02,-1.723708584904670715e-02,1.857996336184442043e-03,1.823319867253303528e-02,-1.877751797437667847e-01,2.631970942020416260e-01,8.965880423784255981e-02,1.815342009067535400e-01,-1.422885209321975708e-01,2.537240386009216309e-01,7.567024230957031250e-02,3.780059888958930969e-02,6.863157068437431008e-06,8.342295140027999878e-02,-8.110016584396362305e-02,1.855335384607315063e-01,-2.786054834723472595e-02,2.761055827140808105e-01,1.453092843294143677e-01,-1.850600391626358032e-01,-4.529714286327362061e-01,2.724655568599700928e-01,-4.335978627204895020e-02,9.387461096048355103e-02,1.423393376171588898e-02,-2.606165111064910889e-01,1.693695783615112305e-01,2.057403922080993652e-01,-3.022703528404235840e-01,-1.541861444711685181e-01,1.998498141765594482e-01,-3.671536222100257874e-03,6.866921484470367432e-02,2.192380279302597046e-01,-1.961130350828170776e-01,5.150662735104560852e-02,-3.162338435649871826e-01,-2.857812643051147461e-01,-6.488415598869323730e-02,2.546168863773345947e-01,1.632439643144607544e-01,-2.008362114429473877e-02,-1.633058786392211914e-01
-1.624278575181961060e-01,-3.831921890377998352e-02,3.202369213104248047e-01,-2.084435373544692993e-01,-3.540869951248168945e-01,1.789720803499221802e-01,-5.914890207350254059e-03,-3.911511600017547607e-01,-2.868061363697052002e-01,-2.720278501510620117e-01,1.178934127092361450e-01,3.026956915855407715e-01,-2.423314303159713745e-01,-2.904326021671295166e-01,-3.795813024044036865e-01,-5.444978475570678711e-01,4.362337756901979446e-03,-2.360763400793075562e-01,2.880801856517791748e-01,3.025902807712554932e-01,2.513245046138763428e-01,-1.719457507133483887e-01,-1.739508360624313354e-01,7.636243104934692383e-02,-8.371932804584503174e-02,-4.741704761981964111e-01,3.850336968898773193e-01,3.058090507984161377e-01,-4.510324895381927490e-01,1.191278770565986633e-01,2.969861775636672974e-02,4.892282187938690186e-01,-1.143411248922348022e-01,-3.968405127525329590e-01,2.884427830576896667e-02,4.703748226165771484e-01,-3.614977300167083740e-01,-3.980967700481414795e-01,5.006152391433715820e-01,4.033642411231994629e-01,-4.040457904338836670e-01,-5.843748152256011963e-02,-2.787839174270629883e-01,-1.427741646766662598e-01,-3.572585061192512512e-02,2.417943477630615234e-01,3.745459616184234619e-01,1.036812663078308105e-01,2.952663414180278778e-02,1.458408236503601074e-01,8.683951944112777710e-02,2.009189575910568237e-01,-3.076787889003753662e-01,1.143393572419881821e-02,7.824963331222534180e-02,5.110121369361877441e-01,-3.037656247615814209e-01,-2.146563865244388580e-02,2.017452567815780640e-01,1.557118743658065796e-01,7.486145198345184326e-02,-1.086438540369272232e-02,-5.281297955662012100e-03,-1.693422645330429077e-01,-3.237558528780937195e-02,1.695628613233566284e-01,5.372413620352745056e-02,-4.798587262630462646e-01,4.241390824317932129e-01,-2.795918583869934082e-01,4.838567674160003662e-01,6.665846705436706543e-02,1.535094529390335083e-01,-3.629187643527984619e-01,6.749872863292694092e-02,4.323507249355316162e-01,1.010249718092381954e-03,-4.416539669036865234e-01,3.749429807066917419e-02,4.217933416366577148e-01,-4.292334914207458496e-01,-3.966017684433609247e-04,4.614148736000061035e-01,2.775828121230006218e-03,5.037250518798828125e-01,3.375713527202606201e-01,-3.261683881282806396e-01,-7.172045297920703888e-03,-2.756110429763793945e-01,-3.668370842933654785e-01,1.178629025816917419e-01,-9.731668233871459961e-02,2.329201847314834595e-01,-4.844904690980911255e-02,3.648140132427215576e-01,9.856797009706497192e-02,-1.886214017868041992e-01,3.728102001332445070e-06,4.324955344200134277e-01,-3.127399086952209473e-01,3.582962453365325928e-01,-3.869259357452392578e-01,4.185956120491027832e-01,4.460424184799194336e-01,-3.835508525371551514e-01,-5.762878432869911194e-02,2.002600282430648804e-01,2.998544573783874512e-01,2.381879836320877075e-01,5.061127594672143459e-04,-2.774628996849060059e-01,2.250812500715255737e-01,3.518955707550048828e-01,-4.186822846531867981e-02,-4.361231029033660889e-01,3.725987970829010010e-01,-3.799861967563629150e-01,-1.397491395473480225e-01,4.741515517234802246e-01,-1.646035611629486084e-01,-2.369767874479293823e-01,-3.023596107959747314e-01,-3.339275717735290527e-01,5.124285072088241577e-02,3.124566674232482910e-01,1.602254360914230347e-01,-7.803301792591810226e-03,-3.565444946289062500e-01
