9.999982118606567383e-01,-9.999984502792358398e-01,-9.999941587448120117e-01,9.999969601631164551e-01,9.999988079071044922e-01,-9.999986886978149414e-01,9.999943375587463379e-01,9.999990463256835938e-01,-9.999893307685852051e-01,9.999983310699462891e-01,-9.999986886978149414e-01,-9.999988675117492676e-01,9.999977350234985352e-01,9.999982714653015137e-01,9.999955296516418457e-01,9.999924898147583008e-01,9.999973773956298828e-01,-9.999974966049194336e-01,9.999914169311523438e-01,-9.999991059303283691e-01,-9.999988675117492676e-01,9.999946355819702148e-01,9.999985694885253906e-01,9.999967813491821289e-01,9.999892115592956543e-01,9.999988079071044922e-01,-9.999980926513671875e-01,-9.999986886978149414e-01,9.999914765357971191e-01,-9.999966025352478027e-01,-9.999896883964538574e-01,-9.999979138374328613e-01,9.999814629554748535e-01,9.999941587448120117e-01,-9.999978542327880859e-01,9.999546408653259277e-01,9.999989867210388184e-01,9.999984502792358398e-01,9.999811053276062012e-01,-9.999988079071044922e-01,9.999985694885253906e-01,9.999910593032836914e-01,9.999818801879882812e-01,9.999988675117492676e-01,9.999980926513671875e-01,9.999977350234985352e-01,-9.999932646751403809e-01,9.999986290931701660e-01,9.999985694885253906e-01,-9.999984502792358398e-01,-9.999987483024597168e-01,-9.999984502792358398e-01,-9.999986886978149414e-01,-9.999929666519165039e-01,-9.999985694885253906e-01,-9.999979734420776367e-01,9.999656677246093750e-01,9.999941587448120117e-01,9.999930262565612793e-01,9.999981522560119629e-01,-9.999983906745910645e-01,9.999987483024597168e-01,9.999982714653015137e-01,9.999954104423522949e-01,-9.999931454658508301e-01,-9.999988079071044922e-01,-9.999990463256835938e-01,-9.999951720237731934e-01,-9.999989271163940430e-01,9.999980926513671875e-01,-9.999987483024597168e-01,9.999948143959045410e-01,-9.999944567680358887e-01,-9.999935030937194824e-01,-9.999858736991882324e-01,-9.999982714653015137e-01,9.999900460243225098e-01,9.999986886978149414e-01,-9.999930262565612793e-01,-9.999949336051940918e-01,9.999918937683105469e-01,9.999974370002746582e-01,-9.999987483024597168e-01,9.999980926513671875e-01,-9.999982714653015137e-01,-9.999820590019226074e-01,-9.999073743820190430e-01,9.999988675117492676e-01,9.999928474426269531e-01,9.999912381172180176e-01,-9.999927878379821777e-01,9.999981522560119629e-01,-9.999861717224121094e-01,-9.999971389770507812e-01,9.999970197677612305e-01,-9.999977350234985352e-01,-9.999848008155822754e-01,9.999989271163940430e-01,-9.999988079071044922e-01,9.999972581863403320e-01,-9.999966025352478027e-01,9.999988675117492676e-01,9.999530315399169922e-01,9.999567866325378418e-01,9.999986290931701660e-01,9.999950528144836426e-01,-9.999810457229614258e-01,-9.999983310699462891e-01,-9.999940991401672363e-01,9.999984502792358398e-01,-9.999985098838806152e-01,9.999971985816955566e-01,-9.999981522560119629e-01,-9.998621940612792969e-01,9.999989867210388184e-01,-9.999963045120239258e-01,9.999988675117492676e-01,-9.999976754188537598e-01,-9.999952912330627441e-01,-9.999957680702209473e-01,-9.999982118606567383e-01,9.999966025352478027e-01,9.999973177909851074e-01,-9.999966025352478027e-01,-9.999914169311523438e-01,-9.999943375587463379e-01,9.999523162841796875e-01,-9.999892711639404297e-01
-9.999984502792358398e-01,9.999987483024597168e-01,9.999949336051940918e-01,-9.999973773956298828e-01,-9.999990463256835938e-01,9.999988675117492676e-01,-9.999951124191284180e-01,-9.999992847442626953e-01,9.999908208847045898e-01,-9.999986290931701660e-01,9.999988675117492676e-01,9.999991655349731445e-01,-9.999980926513671875e-01,-9.999985098838806152e-01,-9.999960660934448242e-01,-9.999935626983642578e-01,-9.999976754188537598e-01,9.999979138374328613e-01,-9.999926686286926270e-01,9.999991059303283691e-01,9.999991059303283691e-01,-9.999954700469970703e-01,-9.999987483024597168e-01,-9.999971985816955566e-01,-9.999906420707702637e-01,-9.999991655349731445e-01,9.999983310699462891e-01,9.999989271163940430e-01,-9.999926686286926270e-01,9.999971389770507812e-01,9.999911785125732422e-01,9.999983310699462891e-01,-9.999840259552001953e-01,-9.999949932098388672e-01,9.999982714653015137e-01,-9.999609589576721191e-01,-9.999991059303283691e-01,-9.999986290931701660e-01,-9.999837279319763184e-01,9.999990463256835938e-01,-9.999988079071044922e-01,-9.999922513961791992e-01,-9.999843835830688477e-01,-9.999992251396179199e-01,-9.999982714653015137e-01,-9.999980330467224121e-01,9.999942183494567871e-01,-9.999988675117492676e-01,-9.999987483024597168e-01,9.999986886978149414e-01,9.999989271163940430e-01,9.999987483024597168e-01,9.999988675117492676e-01,9.999939203262329102e-01,9.999987483024597168e-01,9.999981522560119629e-01,-9.999704957008361816e-01,-9.999948740005493164e-01,-9.999939799308776855e-01,-9.999983906745910645e-01,9.999985098838806152e-01,-9.999989271163940430e-01,-9.999985098838806152e-01,-9.999960064888000488e-01,9.999939799308776855e-01,9.999989867210388184e-01,9.999991655349731445e-01,9.999958872795104980e-01,9.999991059303283691e-01,-9.999983310699462891e-01,9.999989271163940430e-01,-9.999955296516418457e-01,9.999952316284179688e-01,9.999943971633911133e-01,9.999878406524658203e-01,9.999985098838806152e-01,-9.999914765357971191e-01,-9.999988675117492676e-01,9.999939799308776855e-01,9.999956488609313965e-01,-9.999930858612060547e-01,-9.999977946281433105e-01,9.999989271163940430e-01,-9.999983310699462891e-01,9.999985098838806152e-01,9.999846220016479492e-01,9.999201297760009766e-01,-9.999991059303283691e-01,-9.999937415122985840e-01,-9.999923706054687500e-01,9.999938011169433594e-01,-9.999985098838806152e-01,9.999881386756896973e-01,9.999975562095642090e-01,-9.999974966049194336e-01,9.999979734420776367e-01,9.999869465827941895e-01,-9.999991655349731445e-01,9.999989867210388184e-01,-9.999976754188537598e-01,9.999971389770507812e-01,-9.999991655349731445e-01,-9.999595284461975098e-01,-9.999628067016601562e-01,-9.999988079071044922e-01,-9.999958276748657227e-01,9.999836683273315430e-01,9.999985694885253906e-01,9.999949932098388672e-01,-9.999987483024597168e-01,9.999986886978149414e-01,-9.999975562095642090e-01,9.999983906745910645e-01,9.998813271522521973e-01,-9.999991655349731445e-01,9.999968409538269043e-01,-9.999991655349731445e-01,9.999980926513671875e-01,9.999960064888000488e-01,9.999963045120239258e-01,9.999984502792358398e-01,-9.999971389770507812e-01,-9.999976754188537598e-01,9.999971389770507812e-01,9.999926686286926270e-01,9.999951124191284180e-01,-9.999589920043945312e-01,9.999908208847045898e-01
-9.999941587448120117e-01,9.999949336051940918e-01,9.999805688858032227e-01,-9.999899864196777344e-01,-9.999960064888000488e-01,9.999957680702209473e-01,-9.999812841415405273e-01,-9.999966621398925781e-01,9.999646544456481934e-01,-9.999948740005493164e-01,9.999958276748657227e-01,9.999961853027343750e-01,-9.999927282333374023e-01,-9.999944567680358887e-01,-9.999849796295166016e-01,-9.999750852584838867e-01,-9.999913573265075684e-01,9.999918937683105469e-01,-9.999719262123107910e-01,9.999966621398925781e-01,9.999962449073791504e-01,-9.999822974205017090e-01,-9.999952912330627441e-01,-9.999895095825195312e-01,-9.999638795852661133e-01,-9.999961256980895996e-01,9.999936819076538086e-01,9.999958872795104980e-01,-9.999717473983764648e-01,9.999890923500061035e-01,9.999660253524780273e-01,9.999932050704956055e-01,-9.999386072158813477e-01,-9.999807476997375488e-01,9.999930858612060547e-01,-9.998501539230346680e-01,-9.999963641166687012e-01,-9.999948740005493164e-01,-9.999373555183410645e-01,9.999960064888000488e-01,-9.999952912330627441e-01,-9.999700188636779785e-01,-9.999399185180664062e-01,-9.999963045120239258e-01,-9.999936223030090332e-01,-9.999926686286926270e-01,9.999777674674987793e-01,-9.999955296516418457e-01,-9.999952912330627441e-01,9.999949336051940918e-01,9.999958872795104980e-01,9.999952912330627441e-01,9.999956488609313965e-01,9.999767541885375977e-01,9.999952912330627441e-01,9.999933242797851562e-01,-9.998863935470581055e-01,-9.999806880950927734e-01,-9.999768733978271484e-01,-9.999939203262329102e-01,9.999943971633911133e-01,-9.999960064888000488e-01,-9.999942779541015625e-01,-9.999848008155822754e-01,9.999771714210510254e-01,9.999959468841552734e-01,9.999966621398925781e-01,9.999840855598449707e-01,9.999964833259582520e-01,-9.999938011169433594e-01,9.999958872795104980e-01,-9.999828338623046875e-01,9.999818205833435059e-01,9.999783039093017578e-01,9.999530315399169922e-01,9.999947547912597656e-01,-9.999670982360839844e-01,-9.999956488609313965e-01,9.999768137931823730e-01,9.999833106994628906e-01,-9.999733567237854004e-01,-9.999917149543762207e-01,9.999959468841552734e-01,-9.999937415122985840e-01,9.999942779541015625e-01,9.999408125877380371e-01,9.996934533119201660e-01,-9.999963045120239258e-01,-9.999762773513793945e-01,-9.999712109565734863e-01,9.999760985374450684e-01,-9.999942779541015625e-01,9.999544620513916016e-01,9.999907612800598145e-01,-9.999902844429016113e-01,9.999926090240478516e-01,9.999496936798095703e-01,-9.999966621398925781e-01,9.999959468841552734e-01,-9.999911189079284668e-01,9.999892115592956543e-01,-9.999961853027343750e-01,-9.998446106910705566e-01,-9.998571872711181641e-01,-9.999955296516418457e-01,-9.999836683273315430e-01,9.999372363090515137e-01,9.999947547912597656e-01,9.999806880950927734e-01,-9.999949932098388672e-01,9.999951124191284180e-01,-9.999907612800598145e-01,9.999939203262329102e-01,9.995445013046264648e-01,-9.999965429306030273e-01,9.999883770942687988e-01,-9.999964833259582520e-01,9.999924302101135254e-01,9.999844431877136230e-01,9.999859929084777832e-01,9.999940991401672363e-01,-9.999890923500061035e-01,-9.999911189079284668e-01,9.999892115592956543e-01,9.999713897705078125e-01,9.999812245368957520e-01,-9.998426437377929688e-01,9.999644160270690918e-01
9.999969601631164551e-01,-9.999973773956298828e-01,-9.999899864196777344e-01,9.999948143959045410e-01,9.999979734420776367e-01,-9.999978542327880859e-01,9.999903440475463867e-01,9.999982714653015137e-01,-9.999818205833435059e-01,9.999973177909851074e-01,-9.999978542327880859e-01,-9.999980330467224121e-01,9.999961853027343750e-01,9.999970793724060059e-01,9.999923706054687500e-01,9.999872446060180664e-01,9.999955892562866211e-01,-9.999958872795104980e-01,9.999853968620300293e-01,-9.999983310699462891e-01,-9.999981522560119629e-01,9.999908804893493652e-01,9.999974966049194336e-01,9.999945759773254395e-01,9.999814629554748535e-01,9.999979734420776367e-01,-9.999967217445373535e-01,-9.999977946281433105e-01,9.999853968620300293e-01,-9.999943971633911133e-01,-9.999824762344360352e-01,-9.999964237213134766e-01,9.999683499336242676e-01,9.999901056289672852e-01,-9.999964833259582520e-01,9.999225735664367676e-01,9.999980926513671875e-01,9.999973177909851074e-01,9.999676942825317383e-01,-9.999980330467224121e-01,9.999976158142089844e-01,9.999845623970031738e-01,9.999690055847167969e-01,9.999980926513671875e-01,9.999967217445373535e-01,9.999962449073791504e-01,-9.999886155128479004e-01,9.999977350234985352e-01,9.999976158142089844e-01,-9.999973177909851074e-01,-9.999978542327880859e-01,-9.999976158142089844e-01,-9.999977946281433105e-01,-9.999880790710449219e-01,-9.999975562095642090e-01,-9.999964833259582520e-01,9.999412894248962402e-01,9.999900460243225098e-01,9.999879598617553711e-01,9.999967813491821289e-01,-9.999971389770507812e-01,9.999980330467224121e-01,9.999970793724060059e-01,9.999922513961791992e-01,-9.999882578849792480e-01,-9.999979734420776367e-01,-9.999983906745910645e-01,-9.999918341636657715e-01,-9.999981522560119629e-01,9.999967217445373535e-01,-9.999979138374328613e-01,9.999911785125732422e-01,-9.999906420707702637e-01,-9.999888539314270020e-01,-9.999758005142211914e-01,-9.999972581863403320e-01,9.999830126762390137e-01,9.999977350234985352e-01,-9.999880790710449219e-01,-9.999913573265075684e-01,9.999861121177673340e-01,9.999957084655761719e-01,-9.999979138374328613e-01,9.999967217445373535e-01,-9.999970197677612305e-01,-9.999694824218750000e-01,-9.998416900634765625e-01,9.999980926513671875e-01,9.999877214431762695e-01,9.999850988388061523e-01,-9.999876618385314941e-01,9.999971389770507812e-01,-9.999765157699584961e-01,-9.999952316284179688e-01,9.999949932098388672e-01,-9.999961853027343750e-01,-9.999741315841674805e-01,9.999982118606567383e-01,-9.999979734420776367e-01,9.999954104423522949e-01,-9.999945163726806641e-01,9.999980330467224121e-01,9.999197721481323242e-01,9.999262094497680664e-01,9.999977350234985352e-01,9.999915957450866699e-01,-9.999676346778869629e-01,-9.999971985816955566e-01,-9.999901056289672852e-01,9.999973773956298828e-01,-9.999974370002746582e-01,9.999952316284179688e-01,-9.999967813491821289e-01,-9.997646212577819824e-01,9.999983310699462891e-01,-9.999939799308776855e-01,9.999981522560119629e-01,-9.999960064888000488e-01,-9.999920129776000977e-01,-9.999927878379821777e-01,-9.999969005584716797e-01,9.999943971633911133e-01,9.999954104423522949e-01,-9.999943971633911133e-01,-9.999852180480957031e-01,-9.999902844429016113e-01,9.999186396598815918e-01,-9.999817013740539551e-01
9.999988079071044922e-01,-9.999990463256835938e-01,-9.999960064888000488e-01,9.999979734420776367e-01,9.999992251396179199e-01,-9.999992847442626953e-01,9.999961256980895996e-01,9.999993443489074707e-01,-9.999927878379821777e-01,9.999988675117492676e-01,-9.999991655349731445e-01,-9.999993443489074707e-01,9.999985098838806152e-01,9.999988675117492676e-01,9.999969005584716797e-01,9.999949336051940918e-01,9.999983310699462891e-01,-9.999983310699462891e-01,9.999942779541015625e-01,-9.999994039535522461e-01,-9.999992847442626953e-01,9.999963045120239258e-01,9.999992251396179199e-01,9.999978542327880859e-01,9.999926686286926270e-01,9.999992847442626953e-01,-9.999986886978149414e-01,-9.999991059303283691e-01,9.999942183494567871e-01,-9.999977350234985352e-01,-9.999930262565612793e-01,-9.999985694885253906e-01,9.999875426292419434e-01,9.999961256980895996e-01,-9.999986290931701660e-01,9.999695420265197754e-01,9.999994039535522461e-01,9.999989271163940430e-01,9.999872446060180664e-01,-9.999992251396179199e-01,9.999991059303283691e-01,9.999939203262329102e-01,9.999877810478210449e-01,9.999992847442626953e-01,9.999986886978149414e-01,9.999985694885253906e-01,-9.999954700469970703e-01,9.999991059303283691e-01,9.999991059303283691e-01,-9.999989271163940430e-01,-9.999991059303283691e-01,-9.999991059303283691e-01,-9.999992847442626953e-01,-9.999952912330627441e-01,-9.999991059303283691e-01,-9.999986290931701660e-01,9.999768733978271484e-01,9.999960064888000488e-01,9.999952912330627441e-01,9.999986886978149414e-01,-9.999989271163940430e-01,9.999992847442626953e-01,9.999988675117492676e-01,9.999969601631164551e-01,-9.999953508377075195e-01,-9.999992251396179199e-01,-9.999994635581970215e-01,-9.999967217445373535e-01,-9.999993443489074707e-01,9.999986886978149414e-01,-9.999992251396179199e-01,9.999964237213134766e-01,-9.999962449073791504e-01,-9.999955296516418457e-01,-9.999904632568359375e-01,-9.999989271163940430e-01,9.999933242797851562e-01,9.999990463256835938e-01,-9.999952912330627441e-01,-9.999965429306030273e-01,9.999945759773254395e-01,9.999982714653015137e-01,-9.999992251396179199e-01,9.999988079071044922e-01,-9.999988079071044922e-01,-9.999879598617553711e-01,-9.999375343322753906e-01,9.999994039535522461e-01,9.999951720237731934e-01,9.999941587448120117e-01,-9.999952316284179688e-01,9.999988079071044922e-01,-9.999907612800598145e-01,-9.999980926513671875e-01,9.999979734420776367e-01,-9.999985098838806152e-01,-9.999898672103881836e-01,9.999994039535522461e-01,-9.999992847442626953e-01,9.999981522560119629e-01,-9.999977946281433105e-01,9.999992847442626953e-01,9.999684095382690430e-01,9.999710321426391602e-01,9.999992251396179199e-01,9.999966025352478027e-01,-9.999873638153076172e-01,-9.999988675117492676e-01,-9.999960064888000488e-01,9.999990463256835938e-01,-9.999990463256835938e-01,9.999982118606567383e-01,-9.999987483024597168e-01,-9.999071359634399414e-01,9.999994039535522461e-01,-9.999976158142089844e-01,9.999993443489074707e-01,-9.999983906745910645e-01,-9.999967813491821289e-01,-9.999970793724060059e-01,-9.999988079071044922e-01,9.999977350234985352e-01,9.999981522560119629e-01,-9.999977946281433105e-01,-9.999942779541015625e-01,-9.999961256980895996e-01,9.999679327011108398e-01,-9.999927878379821777e-01
-9.999986886978149414e-01,9.999988675117492676e-01,9.999957680702209473e-01,-9.999978542327880859e-01,-9.999992847442626953e-01,9.999991059303283691e-01,-9.999959468841552734e-01,-9.999994039535522461e-01,9.999923706054687500e-01,-9.999988675117492676e-01,9.999991059303283691e-01,9.999993443489074707e-01,-9.999983906745910645e-01,-9.999988079071044922e-01,-9.999967813491821289e-01,-9.999945759773254395e-01,-9.999982118606567383e-01,9.999983310699462891e-01,-9.999938607215881348e-01,9.999993443489074707e-01,9.999993443489074707e-01,-9.999961853027343750e-01,-9.999989867210388184e-01,-9.999976754188537598e-01,-9.999921917915344238e-01,-9.999992251396179199e-01,9.999986290931701660e-01,9.999991655349731445e-01,-9.999939203262329102e-01,9.999976158142089844e-01,9.999926090240478516e-01,9.999985694885253906e-01,-9.999865889549255371e-01,-9.999958276748657227e-01,9.999984502792358398e-01,-9.999672174453735352e-01,-9.999993443489074707e-01,-9.999989271163940430e-01,-9.999862909317016602e-01,9.999991655349731445e-01,-9.999989867210388184e-01,-9.999935626983642578e-01,-9.999868869781494141e-01,-9.999993443489074707e-01,-9.999986290931701660e-01,-9.999984502792358398e-01,9.999952316284179688e-01,-9.999990463256835938e-01,-9.999989867210388184e-01,9.999988675117492676e-01,9.999991655349731445e-01,9.999989867210388184e-01,9.999992251396179199e-01,9.999949932098388672e-01,9.999989271163940430e-01,9.999985098838806152e-01,-9.999752640724182129e-01,-9.999957680702209473e-01,-9.999949336051940918e-01,-9.999986290931701660e-01,9.999988079071044922e-01,-9.999992251396179199e-01,-9.999987483024597168e-01,-9.999966025352478027e-01,9.999949932098388672e-01,9.999991655349731445e-01,9.999994039535522461e-01,9.999964833259582520e-01,9.999992847442626953e-01,-9.999986290931701660e-01,9.999991655349731445e-01,-9.999963045120239258e-01,9.999959468841552734e-01,9.999952912330627441e-01,9.999897480010986328e-01,9.999989271163940430e-01,-9.999929070472717285e-01,-9.999991059303283691e-01,9.999949336051940918e-01,9.999963641166687012e-01,-9.999941587448120117e-01,-9.999981522560119629e-01,9.999991655349731445e-01,-9.999986886978149414e-01,9.999987483024597168e-01,9.999870657920837402e-01,9.999328255653381348e-01,-9.999993443489074707e-01,-9.999948143959045410e-01,-9.999936819076538086e-01,9.999948143959045410e-01,-9.999987483024597168e-01,9.999900460243225098e-01,9.999979138374328613e-01,-9.999979138374328613e-01,9.999983906745910645e-01,9.999890923500061035e-01,-9.999993443489074707e-01,9.999992251396179199e-01,-9.999980330467224121e-01,9.999976754188537598e-01,-9.999993443489074707e-01,-9.999659657478332520e-01,-9.999687671661376953e-01,-9.999991655349731445e-01,-9.999963641166687012e-01,9.999863505363464355e-01,9.999987483024597168e-01,9.999958276748657227e-01,-9.999989271163940430e-01,9.999989867210388184e-01,-9.999979734420776367e-01,9.999986290931701660e-01,9.999001026153564453e-01,-9.999994039535522461e-01,9.999974370002746582e-01,-9.999992847442626953e-01,9.999983906745910645e-01,9.999966621398925781e-01,9.999969601631164551e-01,9.999986886978149414e-01,-9.999976158142089844e-01,-9.999980330467224121e-01,9.999976754188537598e-01,9.999938011169433594e-01,9.999958872795104980e-01,-9.999654889106750488e-01,9.999923110008239746e-01
9.999943375587463379e-01,-9.999951124191284180e-01,-9.999812841415405273e-01,9.999903440475463867e-01,9.999961256980895996e-01,-9.999959468841552734e-01,9.999819397926330566e-01,9.999967813491821289e-01,-9.999658465385437012e-01,9.999949932098388672e-01,-9.999959468841552734e-01,-9.999963045120239258e-01,9.999929666519165039e-01,9.999946355819702148e-01,9.999855160713195801e-01,9.999759793281555176e-01,9.999916553497314453e-01,-9.999921917915344238e-01,9.999727606773376465e-01,-9.999967813491821289e-01,-9.999963641166687012e-01,9.999828338623046875e-01,9.999954104423522949e-01,9.999898672103881836e-01,9.999651312828063965e-01,9.999962449073791504e-01,-9.999939203262329102e-01,-9.999960064888000488e-01,9.999727010726928711e-01,-9.999895095825195312e-01,-9.999671578407287598e-01,-9.999933838844299316e-01,9.999406933784484863e-01,9.999813437461853027e-01,-9.999933242797851562e-01,9.998551607131958008e-01,9.999964833259582520e-01,9.999950528144836426e-01,9.999394416809082031e-01,-9.999963045120239258e-01,9.999954104423522949e-01,9.999711513519287109e-01,9.999419450759887695e-01,9.999964237213134766e-01,9.999938607215881348e-01,9.999929666519165039e-01,-9.999785423278808594e-01,9.999957084655761719e-01,9.999954700469970703e-01,-9.999950528144836426e-01,-9.999958872795104980e-01,-9.999954104423522949e-01,-9.999958276748657227e-01,-9.999775290489196777e-01,-9.999954700469970703e-01,-9.999935626983642578e-01,9.998902082443237305e-01,9.999812841415405273e-01,9.999776482582092285e-01,9.999940991401672363e-01,-9.999946355819702148e-01,9.999961853027343750e-01,9.999945759773254395e-01,9.999853372573852539e-01,-9.999780654907226562e-01,-9.999961853027343750e-01,-9.999967813491821289e-01,-9.999847412109375000e-01,-9.999964833259582520e-01,9.999939799308776855e-01,-9.999960660934448242e-01,9.999834299087524414e-01,-9.999824762344360352e-01,-9.999790787696838379e-01,-9.999545812606811523e-01,-9.999949336051940918e-01,9.999684095382690430e-01,9.999957680702209473e-01,-9.999776482582092285e-01,-9.999839067459106445e-01,9.999741911888122559e-01,9.999920129776000977e-01,-9.999960064888000488e-01,9.999939203262329102e-01,-9.999944567680358887e-01,-9.999426603317260742e-01,-9.997037649154663086e-01,9.999964237213134766e-01,9.999769926071166992e-01,9.999720454216003418e-01,-9.999769926071166992e-01,9.999944567680358887e-01,-9.999560117721557617e-01,-9.999909996986389160e-01,9.999906420707702637e-01,-9.999929666519165039e-01,-9.999513626098632812e-01,9.999966621398925781e-01,-9.999959468841552734e-01,9.999914169311523438e-01,-9.999895691871643066e-01,9.999963641166687012e-01,9.998499155044555664e-01,9.998620152473449707e-01,9.999956488609313965e-01,9.999843239784240723e-01,-9.999393224716186523e-01,-9.999948740005493164e-01,-9.999812841415405273e-01,9.999951720237731934e-01,-9.999952912330627441e-01,9.999911189079284668e-01,-9.999940991401672363e-01,-9.995597600936889648e-01,9.999966621398925781e-01,-9.999887943267822266e-01,9.999966025352478027e-01,-9.999926090240478516e-01,-9.999850392341613770e-01,-9.999864697456359863e-01,-9.999942779541015625e-01,9.999895095825195312e-01,9.999914169311523438e-01,-9.999895691871643066e-01,-9.999723434448242188e-01,-9.999818205833435059e-01,9.998478889465332031e-01,-9.999656081199645996e-01
9.999990463256835938e-01,-9.999992847442626953e-01,-9.999966621398925781e-01,9.999982714653015137e-01,9.999993443489074707e-01,-9.999994039535522461e-01,9.999967813491821289e-01,9.999994635581970215e-01,-9.999940991401672363e-01,9.999991655349731445e-01,-9.999994039535522461e-01,-9.999994039535522461e-01,9.999987483024597168e-01,9.999992251396179199e-01,9.999974966049194336e-01,9.999958276748657227e-01,9.999985098838806152e-01,-9.999986290931701660e-01,9.999952316284179688e-01,-9.999994039535522461e-01,-9.999994635581970215e-01,9.999969005584716797e-01,9.999993443489074707e-01,9.999982714653015137e-01,9.999939203262329102e-01,9.999994635581970215e-01,-9.999989271163940430e-01,-9.999993443489074707e-01,9.999951720237731934e-01,-9.999981522560119629e-01,-9.999942183494567871e-01,-9.999988675117492676e-01,9.999895691871643066e-01,9.999966621398925781e-01,-9.999988675117492676e-01,9.999744892120361328e-01,9.999994635581970215e-01,9.999991655349731445e-01,9.999893307685852051e-01,-9.999994635581970215e-01,9.999992251396179199e-01,9.999949932098388672e-01,9.999897480010986328e-01,9.999994635581970215e-01,9.999989271163940430e-01,9.999988079071044922e-01,-9.999962449073791504e-01,9.999992847442626953e-01,9.999992251396179199e-01,-9.999991655349731445e-01,-9.999993443489074707e-01,-9.999993443489074707e-01,-9.999992847442626953e-01,-9.999960660934448242e-01,-9.999992251396179199e-01,-9.999988675117492676e-01,9.999806284904479980e-01,9.999967813491821289e-01,9.999960064888000488e-01,9.999989271163940430e-01,-9.999991059303283691e-01,9.999994039535522461e-01,9.999991059303283691e-01,9.999974370002746582e-01,-9.999960660934448242e-01,-9.999993443489074707e-01,-9.999995231628417969e-01,-9.999972581863403320e-01,-9.999994039535522461e-01,9.999989271163940430e-01,-9.999993443489074707e-01,9.999971389770507812e-01,-9.999968409538269043e-01,-9.999962449073791504e-01,-9.999920129776000977e-01,-9.999991655349731445e-01,9.999943971633911133e-01,9.999992847442626953e-01,-9.999958872795104980e-01,-9.999971985816955566e-01,9.999954700469970703e-01,9.999985694885253906e-01,-9.999993443489074707e-01,9.999989867210388184e-01,-9.999990463256835938e-01,-9.999899268150329590e-01,-9.999477863311767578e-01,9.999994039535522461e-01,9.999960064888000488e-01,9.999951124191284180e-01,-9.999960064888000488e-01,9.999991059303283691e-01,-9.999922513961791992e-01,-9.999983906745910645e-01,9.999983310699462891e-01,-9.999987483024597168e-01,-9.999914765357971191e-01,9.999994635581970215e-01,-9.999994039535522461e-01,9.999984502792358398e-01,-9.999982714653015137e-01,9.999994039535522461e-01,9.999735355377197266e-01,9.999756813049316406e-01,9.999993443489074707e-01,9.999972581863403320e-01,-9.999893307685852051e-01,-9.999990463256835938e-01,-9.999967813491821289e-01,9.999992847442626953e-01,-9.999992847442626953e-01,9.999983906745910645e-01,-9.999989271163940430e-01,-9.999223351478576660e-01,9.999994635581970215e-01,-9.999979734420776367e-01,9.999994635581970215e-01,-9.999987483024597168e-01,-9.999973177909851074e-01,-9.999976754188537598e-01,-9.999990463256835938e-01,9.999981522560119629e-01,9.999984502792358398e-01,-9.999982118606567383e-01,-9.999952912330627441e-01,-9.999967217445373535e-01,9.999731779098510742e-01,-9.999940395355224609e-01
-9.999893307685852051e-01,9.999908208847045898e-01,9.999646544456481934e-01,-9.999818205833435059e-01,-9.999927878379821777e-01,9.999923706054687500e-01,-9.999658465385437012e-01,-9.999940991401672363e-01,9.999355673789978027e-01,-9.999906420707702637e-01,9.999923706054687500e-01,9.999932050704956055e-01,-9.999867677688598633e-01,-9.999898672103881836e-01,-9.999726414680480957e-01,-9.999547600746154785e-01,-9.999843239784240723e-01,9.999852776527404785e-01,-9.999485611915588379e-01,9.999942183494567871e-01,9.999932050704956055e-01,-9.999675154685974121e-01,-9.999913573265075684e-01,-9.999808669090270996e-01,-9.999342560768127441e-01,-9.999930262565612793e-01,9.999884963035583496e-01,9.999924898147583008e-01,-9.999483823776245117e-01,9.999802708625793457e-01,9.999381303787231445e-01,9.999876618385314941e-01,-9.998881220817565918e-01,-9.999648928642272949e-01,9.999874234199523926e-01,-9.997267127037048340e-01,-9.999935626983642578e-01,-9.999907612800598145e-01,-9.998857378959655762e-01,9.999929666519165039e-01,-9.999914169311523438e-01,-9.999454617500305176e-01,-9.998905062675476074e-01,-9.999935030937194824e-01,-9.999885559082031250e-01,-9.999867081642150879e-01,9.999594688415527344e-01,-9.999918937683105469e-01,-9.999914169311523438e-01,9.999907612800598145e-01,9.999926090240478516e-01,9.999912977218627930e-01,9.999920129776000977e-01,9.999575614929199219e-01,9.999914169311523438e-01,9.999878406524658203e-01,-9.997929334640502930e-01,-9.999647140502929688e-01,-9.999577999114990234e-01,-9.999887943267822266e-01,9.999898076057434082e-01,-9.999929666519165039e-01,-9.999897480010986328e-01,-9.999722838401794434e-01,9.999585151672363281e-01,9.999929070472717285e-01,9.999941587448120117e-01,9.999711513519287109e-01,9.999936223030090332e-01,-9.999886751174926758e-01,9.999926686286926270e-01,-9.999687671661376953e-01,9.999668598175048828e-01,9.999605417251586914e-01,9.999145269393920898e-01,9.999904036521911621e-01,-9.999401569366455078e-01,-9.999921917915344238e-01,9.999577999114990234e-01,9.999694824218750000e-01,-9.999513030052185059e-01,-9.999848604202270508e-01,9.999926090240478516e-01,-9.999886751174926758e-01,9.999894499778747559e-01,9.998920559883117676e-01,9.994412064552307129e-01,-9.999933242797851562e-01,-9.999565482139587402e-01,-9.999473094940185547e-01,9.999563694000244141e-01,-9.999897480010986328e-01,9.999169707298278809e-01,9.999830722808837891e-01,-9.999822974205017090e-01,9.999867677688598633e-01,9.999082684516906738e-01,-9.999938607215881348e-01,9.999924898147583008e-01,-9.999838471412658691e-01,9.999803900718688965e-01,-9.999932050704956055e-01,-9.997167587280273438e-01,-9.997396469116210938e-01,-9.999918341636657715e-01,-9.999702572822570801e-01,9.998855590820312500e-01,9.999904632568359375e-01,9.999647736549377441e-01,-9.999908804893493652e-01,9.999910593032836914e-01,-9.999832510948181152e-01,9.999889135360717773e-01,9.991697669029235840e-01,-9.999938011169433594e-01,9.999787807464599609e-01,-9.999936819076538086e-01,9.999860525131225586e-01,9.999715685844421387e-01,9.999746084213256836e-01,9.999892711639404297e-01,-9.999802112579345703e-01,-9.999838471412658691e-01,9.999803304672241211e-01,9.999479055404663086e-01,9.999656081199645996e-01,-9.997131228446960449e-01,9.999352097511291504e-01
9.999983310699462891e-01,-9.999986290931701660e-01,-9.999948740005493164e-01,9.999973177909851074e-01,9.999988675117492676e-01,-9.999988675117492676e-01,9.999949932098388672e-01,9.999991655349731445e-01,-9.999906420707702637e-01,9.999985694885253906e-01,-9.999988079071044922e-01,-9.999990463256835938e-01,9.999980330467224121e-01,9.999985098838806152e-01,9.999960064888000488e-01,9.999934434890747070e-01,9.999976158142089844e-01,-9.999978542327880859e-01,9.999924898147583008e-01,-9.999991059303283691e-01,-9.999990463256835938e-01,9.999952316284179688e-01,9.999987483024597168e-01,9.999970793724060059e-01,9.999904632568359375e-01,9.999989867210388184e-01,-9.999982118606567383e-01,-9.999988079071044922e-01,9.999925494194030762e-01,-9.999970197677612305e-01,-9.999909996986389160e-01,-9.999981522560119629e-01,9.999837279319763184e-01,9.999949336051940918e-01,-9.999980330467224121e-01,9.999603629112243652e-01,9.999991059303283691e-01,9.999985694885253906e-01,9.999834299087524414e-01,-9.999989271163940430e-01,9.999987483024597168e-01,9.999920129776000977e-01,9.999841451644897461e-01,9.999991059303283691e-01,9.999982118606567383e-01,9.999980330467224121e-01,-9.999940395355224609e-01,9.999987483024597168e-01,9.999987483024597168e-01,-9.999985694885253906e-01,-9.999988675117492676e-01,-9.999986290931701660e-01,-9.999988079071044922e-01,-9.999937415122985840e-01,-9.999987483024597168e-01,-9.999982118606567383e-01,9.999698996543884277e-01,9.999948740005493164e-01,9.999938011169433594e-01,9.999982714653015137e-01,-9.999985098838806152e-01,9.999988675117492676e-01,9.999985098838806152e-01,9.999960064888000488e-01,-9.999939799308776855e-01,-9.999988675117492676e-01,-9.999991655349731445e-01,-9.999958276748657227e-01,-9.999991059303283691e-01,9.999982118606567383e-01,-9.999988675117492676e-01,9.999954700469970703e-01,-9.999951124191284180e-01,-9.999942183494567871e-01,-9.999876618385314941e-01,-9.999985098838806152e-01,9.999912381172180176e-01,9.999988079071044922e-01,-9.999938011169433594e-01,-9.999955892562866211e-01,9.999928474426269531e-01,9.999977350234985352e-01,-9.999989271163940430e-01,9.999983310699462891e-01,-9.999983906745910645e-01,-9.999842643737792969e-01,-9.999189972877502441e-01,9.999989867210388184e-01,9.999937415122985840e-01,9.999922513961791992e-01,-9.999936819076538086e-01,9.999983906745910645e-01,-9.999880194664001465e-01,-9.999974370002746582e-01,9.999973177909851074e-01,-9.999980330467224121e-01,-9.999867081642150879e-01,9.999991655349731445e-01,-9.999988675117492676e-01,9.999976158142089844e-01,-9.999971389770507812e-01,9.999990463256835938e-01,9.999588727951049805e-01,9.999621510505676270e-01,9.999988079071044922e-01,9.999957084655761719e-01,-9.999834299087524414e-01,-9.999984502792358398e-01,-9.999949336051940918e-01,9.999986290931701660e-01,-9.999986290931701660e-01,9.999974370002746582e-01,-9.999983906745910645e-01,-9.998794794082641602e-01,9.999991655349731445e-01,-9.999967813491821289e-01,9.999989867210388184e-01,-9.999979138374328613e-01,-9.999958872795104980e-01,-9.999962449073791504e-01,-9.999983906745910645e-01,9.999970197677612305e-01,9.999974966049194336e-01,-9.999970793724060059e-01,-9.999924302101135254e-01,-9.999949336051940918e-01,9.999583363533020020e-01,-9.999906420707702637e-01
-9.999986886978149414e-01,9.999988675117492676e-01,9.999958276748657227e-01,-9.999978542327880859e-01,-9.999991655349731445e-01,9.999991059303283691e-01,-9.999959468841552734e-01,-9.999994039535522461e-01,9.999923706054687500e-01,-9.999988079071044922e-01,9.999991059303283691e-01,9.999992251396179199e-01,-9.999983906745910645e-01,-9.999988079071044922e-01,-9.999967217445373535e-01,-9.999946355819702148e-01,-9.999980926513671875e-01,9.999982118606567383e-01,-9.999939203262329102e-01,9.999993443489074707e-01,9.999993443489074707e-01,-9.999961256980895996e-01,-9.999990463256835938e-01,-9.999976754188537598e-01,-9.999921917915344238e-01,-9.999992847442626953e-01,9.999986290931701660e-01,9.999991655349731445e-01,-9.999938607215881348e-01,9.999976158142089844e-01,9.999926686286926270e-01,9.999985694885253906e-01,-9.999867677688598633e-01,-9.999958276748657227e-01,9.999985098838806152e-01,-9.999675750732421875e-01,-9.999993443489074707e-01,-9.999988675117492676e-01,-9.999864697456359863e-01,9.999992847442626953e-01,-9.999989867210388184e-01,-9.999935626983642578e-01,-9.999870061874389648e-01,-9.999993443489074707e-01,-9.999985694885253906e-01,-9.999984502792358398e-01,9.999952912330627441e-01,-9.999991059303283691e-01,-9.999990463256835938e-01,9.999988079071044922e-01,9.999991655349731445e-01,9.999990463256835938e-01,9.999991059303283691e-01,9.999950528144836426e-01,9.999990463256835938e-01,9.999985098838806152e-01,-9.999754428863525391e-01,-9.999957680702209473e-01,-9.999949932098388672e-01,-9.999985694885253906e-01,9.999987483024597168e-01,-9.999992251396179199e-01,-9.999988675117492676e-01,-9.999966621398925781e-01,9.999950528144836426e-01,9.999991655349731445e-01,9.999993443489074707e-01,9.999965429306030273e-01,9.999992847442626953e-01,-9.999985694885253906e-01,9.999991655349731445e-01,-9.999963641166687012e-01,9.999960064888000488e-01,9.999952316284179688e-01,9.999898672103881836e-01,9.999988675117492676e-01,-9.999929070472717285e-01,-9.999991059303283691e-01,9.999949336051940918e-01,9.999963045120239258e-01,-9.999941587448120117e-01,-9.999982714653015137e-01,9.999992847442626953e-01,-9.999986290931701660e-01,9.999987483024597168e-01,9.999871850013732910e-01,9.999337196350097656e-01,-9.999993443489074707e-01,-9.999948143959045410e-01,-9.999937415122985840e-01,9.999948143959045410e-01,-9.999987483024597168e-01,9.999901652336120605e-01,9.999979734420776367e-01,-9.999978542327880859e-01,9.999983906745910645e-01,9.999892115592956543e-01,-9.999994039535522461e-01,9.999992251396179199e-01,-9.999980330467224121e-01,9.999976158142089844e-01,-9.999992251396179199e-01,-9.999663829803466797e-01,-9.999691247940063477e-01,-9.999991655349731445e-01,-9.999964237213134766e-01,9.999864697456359863e-01,9.999988675117492676e-01,9.999958276748657227e-01,-9.999989867210388184e-01,9.999989271163940430e-01,-9.999979734420776367e-01,9.999986886978149414e-01,9.999012947082519531e-01,-9.999992847442626953e-01,9.999973773956298828e-01,-9.999992847442626953e-01,9.999983310699462891e-01,9.999966621398925781e-01,9.999969005584716797e-01,9.999986886978149414e-01,-9.999976158142089844e-01,-9.999980330467224121e-01,9.999976158142089844e-01,9.999938011169433594e-01,9.999959468841552734e-01,-9.999658465385437012e-01,9.999923110008239746e-01
-9.999988675117492676e-01,9.999991655349731445e-01,9.999961853027343750e-01,-9.999980330467224121e-01,-9.999993443489074707e-01,9.999993443489074707e-01,-9.999963045120239258e-01,-9.999994039535522461e-01,9.999932050704956055e-01,-9.999990463256835938e-01,9.999992251396179199e-01,9.999994039535522461e-01,-9.999985694885253906e-01,-9.999989271163940430e-01,-9.999971389770507812e-01,-9.999952912330627441e-01,-9.999983906745910645e-01,9.999983906745910645e-01,-9.999945163726806641e-01,9.999994039535522461e-01,9.999994039535522461e-01,-9.999966025352478027e-01,-9.999991059303283691e-01,-9.999979734420776367e-01,-9.999931454658508301e-01,-9.999992847442626953e-01,9.999987483024597168e-01,9.999992251396179199e-01,-9.999945163726806641e-01,9.999978542327880859e-01,9.999933838844299316e-01,9.999986886978149414e-01,-9.999882578849792480e-01,-9.999962449073791504e-01,9.999987483024597168e-01,-9.999710917472839355e-01,-9.999994039535522461e-01,-9.999990463256835938e-01,-9.999880194664001465e-01,9.999992847442626953e-01,-9.999991059303283691e-01,-9.999943375587463379e-01,-9.999884366989135742e-01,-9.999993443489074707e-01,-9.999986886978149414e-01,-9.999986290931701660e-01,9.999957680702209473e-01,-9.999992847442626953e-01,-9.999991059303283691e-01,9.999991655349731445e-01,9.999992251396179199e-01,9.999991059303283691e-01,9.999991655349731445e-01,9.999955892562866211e-01,9.999991059303283691e-01,9.999987483024597168e-01,-9.999781847000122070e-01,-9.999963045120239258e-01,-9.999955296516418457e-01,-9.999988079071044922e-01,9.999989867210388184e-01,-9.999992847442626953e-01,-9.999989867210388184e-01,-9.999970793724060059e-01,9.999956488609313965e-01,9.999993443489074707e-01,9.999994039535522461e-01,9.999969005584716797e-01,9.999993443489074707e-01,-9.999988079071044922e-01,9.999992847442626953e-01,-9.999967217445373535e-01,9.999964237213134766e-01,9.999957680702209473e-01,9.999909400939941406e-01,9.999989867210388184e-01,-9.999936819076538086e-01,-9.999992251396179199e-01,9.999955296516418457e-01,9.999967217445373535e-01,-9.999948740005493164e-01,-9.999983906745910645e-01,9.999993443489074707e-01,-9.999988675117492676e-01,9.999989271163940430e-01,9.999885559082031250e-01,9.999408125877380371e-01,-9.999993443489074707e-01,-9.999954104423522949e-01,-9.999944567680358887e-01,9.999954104423522949e-01,-9.999988675117492676e-01,9.999912977218627930e-01,9.999982118606567383e-01,-9.999980926513671875e-01,9.999985694885253906e-01,9.999903440475463867e-01,-9.999994635581970215e-01,9.999993443489074707e-01,-9.999983906745910645e-01,9.999979138374328613e-01,-9.999994039535522461e-01,-9.999700188636779785e-01,-9.999724626541137695e-01,-9.999991655349731445e-01,-9.999967813491821289e-01,9.999879002571105957e-01,9.999989271163940430e-01,9.999962449073791504e-01,-9.999990463256835938e-01,9.999991059303283691e-01,-9.999983310699462891e-01,9.999988079071044922e-01,9.999119043350219727e-01,-9.999993443489074707e-01,9.999977350234985352e-01,-9.999993443489074707e-01,9.999985694885253906e-01,9.999970197677612305e-01,9.999972581863403320e-01,9.999989271163940430e-01,-9.999978542327880859e-01,-9.999982714653015137e-01,9.999978542327880859e-01,9.999945759773254395e-01,9.999964237213134766e-01,-9.999696016311645508e-01,9.999931454658508301e-01
