3.371814787387847900e-01,-2.001162101805675775e-05,4.243577644228935242e-02,-7.638694345951080322e-02,2.401075363159179688e-01,-1.827119886875152588e-01,6.174040213227272034e-02,3.385788500308990479e-01,3.029226325452327728e-02,5.118679255247116089e-04,-1.297390162944793701e-01,-6.390594691038131714e-02,-1.354165375232696533e-01,-3.142539411783218384e-02,1.478296983987092972e-02,9.775588661432266235e-02,2.427686238661408424e-03,3.343687951564788818e-02,1.085298433899879456e-01,2.062530815601348877e-02,1.517369877547025681e-02,-4.248250275850296021e-02,-1.751600354909896851e-01,1.108982190489768982e-01,6.798369809985160828e-03,4.130894690752029419e-02,1.118675544857978821e-01,-2.917973995208740234e-01,-8.421389758586883545e-02,-9.556427597999572754e-02,-1.982131451368331909e-01,4.080517217516899109e-02,-8.258359134197235107e-02,-6.250480562448501587e-02,-1.446143351495265961e-02,2.029920369386672974e-02,-5.815158598124980927e-03,-5.179154104553163052e-04,-2.168478071689605713e-01,-2.755773663520812988e-01,2.031171470880508423e-01,6.936885416507720947e-02,-1.312481313943862915e-01,-2.529874676838517189e-03,-3.186055272817611694e-02,2.339207530021667480e-01,-1.876827143132686615e-02,-1.118290647864341736e-01,3.592704981565475464e-02,8.577130734920501709e-02,-1.291956305503845215e-01,-6.466450542211532593e-02,2.132123857736587524e-01,-8.464163541793823242e-02,-2.951606921851634979e-02,-4.925638809800148010e-02,9.936192631721496582e-02,1.039540045894682407e-03,5.800521373748779297e-02,3.517486155033111572e-02,-4.238831624388694763e-02,-1.004163995385169983e-01,7.800005259923636913e-04,1.423878222703933716e-01,1.133024170994758606e-01,1.180712785571813583e-02,-1.390679627656936646e-01,1.382699608802795410e-01,-1.760913059115409851e-02,2.597888410091400146e-01,-1.509229093790054321e-01,2.338534742593765259e-01,6.388577073812484741e-02,8.543517324142158031e-04,-1.647373884916305542e-01,-1.854767650365829468e-01,1.192862633615732193e-03,-5.468723177909851074e-02,-9.990074485540390015e-02,-2.299827523529529572e-02,1.867587491869926453e-02,-8.707119559403508902e-05,-5.176240205764770508e-02,5.575392788159660995e-05,-3.088856637477874756e-01,1.324598491191864014e-01,1.470760703086853027e-01,8.332506404258310795e-04,-1.534233093261718750e-01,4.490836337208747864e-02,-1.595099866390228271e-01,1.057166755199432373e-01,7.620791345834732056e-02,-3.114950470626354218e-02,-5.250066146254539490e-02,-2.753113210201263428e-01,1.064891666173934937e-01,-2.974462040583603084e-05,-7.897589355707168579e-02,2.275766134262084961e-01,-1.494937688112258911e-01,1.919328123331069946e-01,1.372520625591278076e-02,-2.159796096384525299e-02,-6.991109251976013184e-02,2.008953094482421875e-01,1.180269420146942139e-01,7.588087767362594604e-02,-2.899667024612426758e-01,8.166247047483921051e-03,-7.902839779853820801e-02,1.546585261821746826e-01,1.877404563128948212e-02,-7.177221775054931641e-02,5.953389406204223633e-02,3.424423933029174805e-02,2.392394691705703735e-01,-1.271991729736328125e-01,-1.533929109573364258e-01,-5.342152342200279236e-02,-1.373973935842514038e-01,1.075443476438522339e-01,7.868032157421112061e-02,1.307620853185653687e-01,4.282082989811897278e-02,1.217577084898948669e-01,6.316650658845901489e-03,5.139899626374244690e-02
-2.001162101805675775e-05,1.097373291850090027e-02,-8.490716665983200073e-02,6.123827025294303894e-02,4.981334134936332703e-02,-1.673097908496856689e-02,2.325215376913547516e-03,3.702107816934585571e-02,3.438111394643783569e-02,4.721667617559432983e-02,5.788746755570173264e-03,-4.474166780710220337e-02,7.421070337295532227e-02,5.490150302648544312e-02,8.923792093992233276e-02,9.730698168277740479e-02,-7.240319391712546349e-04,3.030947968363761902e-02,-6.445543467998504639e-02,-4.927589371800422668e-02,-4.121904447674751282e-02,6.200500205159187317e-02,4.088371992111206055e-02,-1.729586347937583923e-02,1.228601951152086258e-02,9.084518253803253174e-02,-9.208731353282928467e-02,-3.020689263939857483e-02,7.834288477897644043e-02,-6.310691125690937042e-03,6.000915542244911194e-03,-1.025693118572235107e-01,4.943417385220527649e-02,5.858525633811950684e-02,-4.896474070847034454e-03,-9.830179810523986816e-02,4.161103442311286926e-02,7.991664111614227295e-02,-7.205992937088012695e-02,-4.446012526750564575e-02,7.996740192174911499e-02,1.201393920928239822e-02,7.808510214090347290e-02,1.690873876214027405e-02,4.484959936235100031e-05,-6.642705947160720825e-02,-8.704014122486114502e-02,-2.116566896438598633e-02,6.524958182126283646e-03,1.961852656677365303e-03,1.132881175726652145e-02,1.048468239605426788e-02,4.203010722994804382e-02,-2.405585721135139465e-03,-1.975964941084384918e-02,-1.035827398300170898e-01,2.276067063212394714e-02,6.085596513003110886e-03,-6.774252653121948242e-02,-6.669155508279800415e-02,-1.406408380717039108e-02,8.468587882816791534e-03,2.078547608107328415e-03,1.460814289748668671e-02,9.457857348024845123e-03,-2.686150372028350830e-02,3.822238743305206299e-02,8.529946953058242798e-02,-8.659957349300384521e-02,1.859063655138015747e-02,-7.374125719070434570e-02,-9.670113213360309601e-03,-1.845354773104190826e-02,9.012328088283538818e-02,-1.124642882496118546e-02,-7.299628853797912598e-02,-9.751930483616888523e-04,1.021051779389381409e-01,-8.341300301253795624e-03,-8.700820803642272949e-02,8.958176523447036743e-02,3.042999014724045992e-04,-8.338016271591186523e-02,-2.026576985372230411e-04,-6.654370576143264771e-02,-8.536607772111892700e-02,2.089253254234790802e-02,2.263771602883934975e-03,6.850916892290115356e-02,5.674277245998382568e-02,-2.366445027291774750e-02,-1.219549402594566345e-02,-6.570467352867126465e-02,2.195512503385543823e-02,-7.826513051986694336e-02,4.529567901045084000e-03,5.388251692056655884e-02,-1.497804350947262719e-05,-8.125399798154830933e-02,6.268259137868881226e-02,-2.994825690984725952e-02,3.419971838593482971e-02,-9.903894364833831787e-02,-7.510121166706085205e-02,1.041517257690429688e-01,-1.077014207839965820e-02,-6.501256674528121948e-02,-8.669050782918930054e-02,-1.912118494510650635e-02,-4.301126580685377121e-03,6.481318920850753784e-02,-5.610767751932144165e-02,-8.189359307289123535e-02,-9.190462529659271240e-03,9.721802920103073120e-02,-8.453863114118576050e-02,5.886319279670715332e-02,2.176905050873756409e-02,-9.140609949827194214e-02,3.722390905022621155e-02,5.100601166486740112e-02,7.203144580125808716e-02,8.341282606124877930e-02,-4.372330009937286377e-02,-5.775046721100807190e-02,-4.065586999058723450e-02,3.154008649289608002e-03,4.339517652988433838e-02
4.243577644228935242e-02,-8.490716665983200073e-02,7.105764746665954590e-01,-5.778842568397521973e-01,-3.608392179012298584e-01,4.908321052789688110e-02,-4.230298846960067749e-02,-2.759876251220703125e-01,-2.315499633550643921e-01,-4.017741680145263672e-01,-3.736792877316474915e-02,3.815505504608154297e-01,-5.631098151206970215e-01,-5.044072270393371582e-01,-7.159258127212524414e-01,-7.121936082839965820e-01,5.823531653732061386e-03,-2.315925657749176025e-01,5.735200643539428711e-01,4.457513391971588135e-01,3.325218260288238525e-01,-5.498300790786743164e-01,-4.010036289691925049e-01,1.656091511249542236e-01,-1.035889014601707458e-01,-6.484152078628540039e-01,7.096925377845764160e-01,1.701816618442535400e-01,-6.539490222930908203e-01,4.183629527688026428e-02,-5.549573153257369995e-02,7.818541526794433594e-01,-4.302690327167510986e-01,-5.697156786918640137e-01,4.182609915733337402e-02,7.389360666275024414e-01,-3.463384211063385010e-01,-6.554828286170959473e-01,5.158677697181701660e-01,3.932332992553710938e-01,-5.928275585174560547e-01,-9.987192600965499878e-02,-6.269546747207641602e-01,-1.488953679800033569e-01,-1.783119328320026398e-02,5.505849123001098633e-01,7.234107255935668945e-01,1.767521202564239502e-01,-4.075588285923004150e-02,5.972156673669815063e-02,-1.114614382386207581e-01,-6.134207174181938171e-02,-3.456917107105255127e-01,3.781835734844207764e-02,1.449368000030517578e-01,7.860062718391418457e-01,-2.159527391195297241e-01,-5.288843438029289246e-02,5.524904727935791016e-01,5.850576162338256836e-01,1.208491697907447815e-01,-8.830832690000534058e-02,-1.832807250320911407e-02,-9.417788684368133545e-02,-7.113804668188095093e-02,2.221002429723739624e-01,-3.017442226409912109e-01,-6.394569277763366699e-01,6.875401139259338379e-01,-9.838080406188964844e-02,5.984289646148681641e-01,1.303822249174118042e-01,1.690089404582977295e-01,-7.276688814163208008e-01,4.675335064530372620e-02,5.742173790931701660e-01,7.266320753842592239e-03,-7.987806200981140137e-01,1.079690083861351013e-01,6.959113478660583496e-01,-7.380325794219970703e-01,-2.653038362041115761e-03,6.588753461837768555e-01,2.551381243392825127e-03,4.821056723594665527e-01,6.771699786186218262e-01,-1.602570712566375732e-01,-1.815670356154441833e-02,-5.294952392578125000e-01,-4.829782545566558838e-01,1.858538687229156494e-01,1.160178035497665405e-01,5.624673962593078613e-01,-1.940763294696807861e-01,6.390898823738098145e-01,-6.574526429176330566e-02,-4.424295723438262939e-01,1.244162122020497918e-04,6.248018741607666016e-01,-4.774083197116851807e-01,2.876269221305847168e-01,-2.193777114152908325e-01,7.684957981109619141e-01,6.184244751930236816e-01,-8.024939894676208496e-01,-2.125168539350852370e-04,5.560020804405212402e-01,6.738927364349365234e-01,8.694267272949218750e-02,3.581042215228080750e-02,-5.419911742210388184e-01,5.530169010162353516e-01,6.767092943191528320e-01,-2.348226122558116913e-02,-7.506493330001831055e-01,6.800266504287719727e-01,-4.189443588256835938e-01,-2.192661762237548828e-01,7.170518040657043457e-01,-3.263213336467742920e-01,-4.365777075290679932e-01,-5.999708771705627441e-01,-6.655066013336181641e-01,3.567759394645690918e-01,5.360864400863647461e-01,3.581743538379669189e-01,-3.559991344809532166e-02,-3.889015913009643555e-01
-7.638694345951080322e-02,6.123827025294303894e-02,-5.778842568397521973e-01,6.152271032333374023e-01,1.865486055612564087e-01,4.189471155405044556e-02,2.442535758018493652e-02,9.965335577726364136e-02,1.954063326120376587e-01,3.212752342224121094e-01,-3.322792798280715942e-02,-3.018684387207031250e-01,3.482299149036407471e-01,5.199347138404846191e-01,5.982021689414978027e-01,4.860356152057647705e-01,-1.563873956911265850e-03,2.029721587896347046e-01,-5.374630093574523926e-01,-3.673135936260223389e-01,-4.114286899566650391e-01,4.857071638107299805e-01,3.602317571640014648e-01,-1.282202899456024170e-01,8.447812497615814209e-02,4.027320742607116699e-01,-5.251563191413879395e-01,5.779251828789710999e-02,4.353482425212860107e-01,8.775689452886581421e-02,2.586726099252700806e-02,-6.697354912757873535e-01,4.678515195846557617e-01,4.542192518711090088e-01,-1.888473704457283020e-02,-5.534860491752624512e-01,2.600158154964447021e-01,5.004439949989318848e-01,-2.325266152620315552e-01,-4.085645973682403564e-01,4.654847681522369385e-01,1.092364117503166199e-01,4.589107036590576172e-01,1.156129017472267151e-01,-3.002792410552501678e-02,-3.564032316207885742e-01,-6.275676488876342773e-01,-1.621353924274444580e-01,2.535067498683929443e-02,-2.457189932465553284e-02,1.150260120630264282e-01,1.117846816778182983e-01,3.301332592964172363e-01,-5.845931172370910645e-02,8.699957281351089478e-03,-5.931463241577148438e-01,2.011677622795104980e-01,3.920483216643333435e-02,-4.466761350631713867e-01,-5.280625820159912109e-01,-1.519756168127059937e-01,1.530283242464065552e-01,1.990349963307380676e-02,3.502770140767097473e-02,1.066924631595611572e-01,-1.725430488586425781e-01,2.459746003150939941e-01,4.111714363098144531e-01,-5.289859175682067871e-01,-8.097499608993530273e-02,-4.200259149074554443e-01,1.504750363528728485e-02,-2.139098644256591797e-01,6.236921548843383789e-01,-3.935503959655761719e-02,-4.397560656070709229e-01,-3.394222119823098183e-03,6.119557619094848633e-01,-2.529514729976654053e-01,-5.580301284790039062e-01,6.797170639038085938e-01,2.113731577992439270e-03,-4.506123363971710205e-01,-2.570774813648313284e-04,-3.345699608325958252e-01,-5.231119394302368164e-01,-3.049126826226711273e-02,1.021185144782066345e-02,3.875743448734283447e-01,3.581233322620391846e-01,-1.421249359846115112e-01,-2.289873808622360229e-01,-5.240340828895568848e-01,2.345577776432037354e-01,-5.638577342033386230e-01,1.172398328781127930e-01,3.070039749145507812e-01,-8.970257476903498173e-05,-4.125573635101318359e-01,3.143507242202758789e-01,-1.584285199642181396e-01,-2.499833330512046814e-02,-6.803436875343322754e-01,-4.567902684211730957e-01,6.725869178771972656e-01,1.457051187753677368e-01,-6.296292543411254883e-01,-5.126498341560363770e-01,5.783807858824729919e-02,-3.112230822443962097e-02,5.586320161819458008e-01,-5.715093016624450684e-01,-5.704933404922485352e-01,1.458074897527694702e-01,5.589171648025512695e-01,-5.296871066093444824e-01,1.928840726613998413e-01,1.514670401811599731e-01,-5.674561858177185059e-01,3.288958370685577393e-01,3.388145267963409424e-01,5.354453921318054199e-01,5.430363416671752930e-01,-3.151382803916931152e-01,-4.138869047164916992e-01,-3.400970399379730225e-01,1.614524610340595245e-02,2.966522872447967529e-01
2.401075363159179688e-01,4.981334134936332703e-02,-3.608392179012298584e-01,1.865486055612564087e-01,4.551773667335510254e-01,-2.059589028358459473e-01,6.907903403043746948e-02,4.867299795150756836e-01,1.219152063131332397e-01,2.053912580013275146e-01,-4.258853197097778320e-02,-2.489928454160690308e-01,2.752970755100250244e-01,1.767468005418777466e-01,4.142298102378845215e-01,5.501269102096557617e-01,-3.080702386796474457e-03,1.659912616014480591e-01,-1.795140355825424194e-01,-1.965181976556777954e-01,-6.002612411975860596e-02,2.345085740089416504e-01,5.771698430180549622e-02,1.006212644279003143e-02,5.627139657735824585e-02,4.710580706596374512e-01,-3.590376079082489014e-01,-4.152201712131500244e-01,3.696532547473907471e-01,-1.529871225357055664e-01,-1.014835610985755920e-01,-4.055290222167968750e-01,9.471942484378814697e-02,2.364482879638671875e-01,-4.071675240993499756e-02,-4.455061852931976318e-01,1.865674406290054321e-01,3.716328144073486328e-01,-5.840826034545898438e-01,-3.706955611705780029e-01,4.940694570541381836e-01,9.095267951488494873e-02,2.916995882987976074e-01,7.924721390008926392e-02,3.274881094694137573e-02,-1.842457950115203857e-01,-4.107731282711029053e-01,-1.692168116569519043e-01,4.080217704176902771e-02,5.466812476515769958e-02,-4.286707937717437744e-02,-7.008313387632369995e-02,3.022343516349792480e-01,-5.135448649525642395e-02,-1.753883063793182373e-01,-5.438911914825439453e-01,1.703933179378509521e-01,3.036195039749145508e-02,-2.555663585662841797e-01,-2.595498561859130859e-01,-5.879244953393936157e-02,-7.900310307741165161e-02,7.434634026139974594e-03,1.484024077653884888e-01,8.389961719512939453e-02,-1.106952354311943054e-01,8.171106129884719849e-02,5.296384692192077637e-01,-3.998602628707885742e-01,3.348880708217620850e-01,-4.795232117176055908e-01,3.072504326701164246e-02,1.433293707668781281e-02,4.001855850219726562e-01,-1.427946835756301880e-01,-4.668310284614562988e-01,-4.386778455227613449e-03,4.537588655948638916e-01,-3.738367184996604919e-02,-4.095493555068969727e-01,3.876777887344360352e-01,1.330334227532148361e-03,-4.670022130012512207e-01,-2.309969626367092133e-03,-5.430710315704345703e-01,-3.177093565464019775e-01,2.686316072940826416e-01,1.264181360602378845e-02,1.854510754346847534e-01,3.003376722335815430e-01,-2.337736487388610840e-01,9.024702757596969604e-02,-1.909112334251403809e-01,2.528039552271366119e-02,-3.670611381530761719e-01,-2.074749767780303955e-01,3.710097074508666992e-01,-9.222512017004191875e-05,-4.624427855014801025e-01,4.655013084411621094e-01,-2.827542126178741455e-01,3.566671013832092285e-01,-4.133106768131256104e-01,-3.725787997245788574e-01,4.112821817398071289e-01,6.855766475200653076e-02,-1.245853602886199951e-01,-3.602908551692962646e-01,-3.319095075130462646e-01,-9.121527895331382751e-03,1.603722870349884033e-01,-8.944486826658248901e-02,-3.522888123989105225e-01,-1.428168714046478271e-01,5.404881238937377930e-01,-3.520401716232299805e-01,4.985332190990447998e-01,2.543016523122787476e-02,-5.436190366744995117e-01,9.963411092758178711e-02,1.471856981515884399e-01,3.644014298915863037e-01,4.267163276672363281e-01,-8.290524035692214966e-02,-2.453114688396453857e-01,-6.408503651618957520e-02,1.504968293011188507e-02,2.386293560266494751e-01
-1.827119886875152588e-01,-1.673097908496856689e-02,4.908321052789688110e-02,4.189471155405044556e-02,-2.059589028358459473e-01,2.103128433227539062e-01,-2.254516445100307465e-02,-2.101090401411056519e-01,-1.194078847765922546e-01,-6.301745027303695679e-02,5.673973262310028076e-02,7.719184458255767822e-02,-6.026938930153846741e-02,2.936073951423168182e-02,-8.184744417667388916e-02,-1.962284594774246216e-01,-5.497122765518724918e-04,-5.746239796280860901e-02,1.648901589214801788e-02,2.310096286237239838e-02,5.739869922399520874e-02,-1.469723600894212723e-02,9.427557885646820068e-02,-3.070084005594253540e-02,-2.082382701337337494e-02,-2.123769223690032959e-01,5.698107182979583740e-02,2.347307205200195312e-01,-2.543750964105129242e-02,6.379719823598861694e-02,9.996490925550460815e-02,1.070348322391510010e-01,-1.951343938708305359e-02,2.255884371697902679e-02,1.098354998975992203e-02,1.184584796428680420e-01,-5.451956018805503845e-02,-1.036913543939590454e-01,2.288461774587631226e-01,1.208045184612274170e-01,-2.486946582794189453e-01,-4.143019020557403564e-02,-1.795849017798900604e-02,-1.025428995490074158e-02,6.244170665740966797e-02,-4.352085664868354797e-02,7.715233415365219116e-02,6.822971254587173462e-02,-6.286717206239700317e-02,-7.923194020986557007e-02,6.827885657548904419e-02,-3.398008272051811218e-02,-1.575908958911895752e-01,3.069043345749378204e-02,4.549257457256317139e-02,1.341572999954223633e-01,-5.406960844993591309e-02,-6.392425857484340668e-03,7.313295453786849976e-02,3.516196459531784058e-02,4.303141683340072632e-02,4.769653454422950745e-02,-9.374010260216891766e-04,-1.559154540300369263e-01,-8.267624676227569580e-02,3.541833534836769104e-02,3.271911665797233582e-02,-1.930276900529861450e-01,1.233963891863822937e-01,-1.919833868741989136e-01,1.675882786512374878e-01,-1.759649068117141724e-01,-1.128408964723348618e-02,-8.968224376440048218e-02,1.441040486097335815e-01,1.858869940042495728e-01,1.448860042728483677e-03,-8.476069569587707520e-02,2.055566571652889252e-02,1.203444376587867737e-01,-8.776611089706420898e-02,-2.155295369448140264e-04,1.239718347787857056e-01,-8.212839602492749691e-04,2.730503380298614502e-01,3.280365094542503357e-02,-1.146843135356903076e-01,-3.972748760133981705e-03,-5.923046171665191650e-02,-9.447321295738220215e-02,1.098301783204078674e-01,-5.245596170425415039e-02,4.044358804821968079e-02,2.195919863879680634e-03,1.311906278133392334e-01,1.325140595436096191e-01,-8.552611619234085083e-02,3.352949715917930007e-05,1.525789052248001099e-01,-2.400198727846145630e-01,9.036651998758316040e-02,-2.141916155815124512e-01,1.074946969747543335e-01,1.097014397382736206e-01,-1.071213260293006897e-01,1.087955199182033539e-02,-1.065145898610353470e-02,8.149651437997817993e-02,2.378514260053634644e-01,4.001670517027378082e-03,-9.289572946727275848e-03,-7.860442996025085449e-02,7.777369767427444458e-02,1.065262183547019958e-01,-1.278221309185028076e-01,9.906151890754699707e-02,-2.167000323534011841e-01,4.512086883187294006e-02,1.731565445661544800e-01,-4.802508745342493057e-03,1.081574708223342896e-02,-1.317039132118225098e-01,-1.329168677330017090e-01,-1.001085899770259857e-02,6.961097475141286850e-03,-1.679079607129096985e-02,-1.055800169706344604e-02,-6.883177161216735840e-02
6.174040213227272034e-02,2.325215376913547516e-03,-4.230298846960067749e-02,2.442535758018493652e-02,6.907903403043746948e-02,-2.254516445100307465e-02,7.883297652006149292e-02,9.454647451639175415e-02,-2.541739493608474731e-02,3.226435184478759766e-02,-7.312981784343719482e-02,-1.604932732880115509e-02,-2.251240983605384827e-02,-3.874218836426734924e-02,1.395045407116413116e-02,2.701571956276893616e-02,-4.077465855516493320e-04,1.166926603764295578e-02,-4.547196626663208008e-02,-2.390740066766738892e-02,-1.652895356528460979e-03,-1.143547147512435913e-02,-1.336616184562444687e-02,2.994191274046897888e-02,5.629376508295536041e-03,2.165627107024192810e-02,1.291905343532562256e-02,-5.090932920575141907e-02,3.305578604340553284e-02,-5.739666521549224854e-02,-3.337298333644866943e-02,-6.673277355730533600e-03,4.595473036170005798e-02,2.309619449079036713e-02,-2.608072012662887573e-03,1.214337162673473358e-02,9.766878560185432434e-03,3.762939572334289551e-02,-6.746364384889602661e-02,-8.103933930397033691e-02,7.785212993621826172e-02,2.454088442027568817e-02,-7.273658178746700287e-03,6.288964767009019852e-03,-5.535790324211120605e-02,3.619192913174629211e-02,-5.042215064167976379e-02,-2.393911778926849365e-02,2.822177670896053314e-02,2.571709826588630676e-02,-9.131042286753654480e-03,-2.305002696812152863e-02,6.326870620250701904e-02,2.586965216323733330e-03,-6.798545829951763153e-03,-4.005954787135124207e-02,1.876953803002834320e-02,1.649314770475029945e-03,-4.559008032083511353e-02,-1.054956298321485519e-02,-2.874099835753440857e-02,-1.388147100806236267e-02,3.930531383957713842e-04,8.632021397352218628e-02,2.074682153761386871e-02,-7.626640610396862030e-03,-4.796404018998146057e-02,5.496976152062416077e-02,-1.620585843920707703e-02,6.828833371400833130e-02,-8.366880565881729126e-02,5.789642781019210815e-02,2.212620340287685394e-02,1.839207112789154053e-02,-5.434786155819892883e-02,-9.089620411396026611e-02,3.196109319105744362e-04,3.539464622735977173e-02,-4.048704728484153748e-02,-2.089106850326061249e-02,4.827427864074707031e-02,6.755775302735855803e-06,-5.425257608294487000e-02,-1.143432455137372017e-03,-1.007839292287826538e-01,1.375227794051170349e-02,9.049960225820541382e-02,3.466523194219917059e-04,-3.491138294339179993e-02,3.418090194463729858e-02,-6.377463042736053467e-02,2.166954241693019867e-02,-1.204345189034938812e-02,-1.416670996695756912e-02,-5.598420649766921997e-02,-6.659536063671112061e-02,5.228461325168609619e-02,-1.841713310568593442e-05,-2.364481240510940552e-02,8.768223971128463745e-02,-5.939202755689620972e-02,6.964529305696487427e-02,-1.771355420351028442e-02,-3.121882118284702301e-02,5.992744863033294678e-02,1.085793077945709229e-01,-1.811228878796100616e-02,1.123939454555511475e-02,-9.427239000797271729e-02,3.875432594213634729e-04,-6.133985146880149841e-02,-2.815256081521511078e-02,-1.172112114727497101e-02,2.130020037293434143e-02,5.791986361145973206e-02,-4.186879098415374756e-02,3.465488180518150330e-02,8.162577636539936066e-03,-8.553971350193023682e-02,-2.088436158373951912e-03,1.693653175607323647e-03,5.702312290668487549e-02,4.499454051256179810e-02,3.022828884422779083e-02,1.853020396083593369e-03,5.342977121472358704e-03,1.880452036857604980e-03,7.413250207901000977e-02
3.385788500308990479e-01,3.702107816934585571e-02,-2.759876251220703125e-01,9.965335577726364136e-02,4.867299795150756836e-01,-2.101090401411056519e-01,9.454647451639175415e-02,6.385311484336853027e-01,4.739186540246009827e-02,1.542661786079406738e-01,-4.401541501283645630e-02,-2.504867613315582275e-01,1.732524782419204712e-01,1.145660802721977234e-01,3.424952328205108643e-01,5.041965246200561523e-01,-1.698500011116266251e-03,1.119752824306488037e-01,-5.893411487340927124e-02,-1.517067253589630127e-01,9.889536350965499878e-02,1.936609894037246704e-01,-2.545968256890773773e-02,2.239655703306198120e-02,4.754437506198883057e-02,4.037303924560546875e-01,-2.462592720985412598e-01,-5.172209143638610840e-01,3.472844362258911133e-01,-2.071931660175323486e-01,-1.703761816024780273e-01,-2.763075232505798340e-01,-6.841460615396499634e-02,2.294718325138092041e-01,-5.337504670023918152e-02,-3.665662705898284912e-01,1.526294350624084473e-01,3.123267590999603271e-01,-6.520010828971862793e-01,-4.064648449420928955e-01,4.501509666442871094e-01,8.363713324069976807e-02,1.794377863407135010e-01,7.065650075674057007e-02,1.026039347052574158e-01,-1.060356572270393372e-01,-3.363579213619232178e-01,-1.820456385612487793e-01,3.331143409013748169e-02,-2.047575451433658600e-02,-1.054942458868026733e-01,-1.635961085557937622e-01,3.005069494247436523e-01,-1.050789430737495422e-01,-2.268900871276855469e-01,-4.824395477771759033e-01,2.055182158946990967e-01,2.958158217370510101e-02,-1.178496256470680237e-01,-1.799922138452529907e-01,-3.506827726960182190e-02,-1.571262925863265991e-01,3.810862079262733459e-03,1.321485042572021484e-01,8.550009876489639282e-02,-8.079765737056732178e-02,-2.443929761648178101e-02,5.084323287010192871e-01,-3.463185727596282959e-01,4.334959387779235840e-01,-4.945854842662811279e-01,-5.954081658273935318e-03,8.030883222818374634e-02,3.319238722324371338e-01,-1.233233660459518433e-01,-4.359564483165740967e-01,-3.631388302892446518e-03,3.726804554462432861e-01,-1.597677730023860931e-02,-3.413926064968109131e-01,2.982105612754821777e-01,1.185065368190407753e-03,-4.312641620635986328e-01,-2.947130473330616951e-03,-5.580719113349914551e-01,-2.082162201404571533e-01,3.430081605911254883e-01,1.309012994170188904e-02,5.106768757104873657e-02,2.922353148460388184e-01,-2.505576312541961670e-01,2.194226682186126709e-01,-7.367767393589019775e-02,-3.704731911420822144e-02,-2.882472276687622070e-01,-3.242876231670379639e-01,3.636084496974945068e-01,-9.517871512798592448e-05,-4.445910751819610596e-01,4.811096191406250000e-01,-3.819180727005004883e-01,4.508629441261291504e-01,-3.008972108364105225e-01,-3.336771726608276367e-01,2.763204574584960938e-01,1.302713751792907715e-01,5.777781829237937927e-02,-2.684541642665863037e-01,-4.141567051410675049e-01,9.934689151123166084e-04,4.337912052869796753e-02,1.843159832060337067e-02,-2.797760069370269775e-01,-1.326224505901336670e-01,4.860688149929046631e-01,-2.591836154460906982e-01,5.563443303108215332e-01,2.758555347099900246e-03,-5.123295783996582031e-01,1.802931167185306549e-02,5.112858861684799194e-02,3.140245974063873291e-01,3.446362316608428955e-01,4.807605966925621033e-02,-2.396136671304702759e-01,4.012241214513778687e-02,3.105117753148078918e-02,2.284067720174789429e-01
3.029226325452327728e-02,3.438111394643783569e-02,-2.315499633550643921e-01,1.954063326120376587e-01,1.219152063131332397e-01,-1.194078847765922546e-01,-2.541739493608474731e-02,4.739186540246009827e-02,2.228353917598724365e-01,1.613344848155975342e-01,-2.353589981794357300e-02,-1.492315381765365601e-01,1.876897066831588745e-01,1.929398179054260254e-01,2.687645554542541504e-01,2.871449589729309082e-01,5.458535742945969105e-04,8.973716199398040771e-02,-2.368383109569549561e-01,-1.517536789178848267e-01,-2.828901112079620361e-01,2.015481442213058472e-01,7.807344198226928711e-02,-6.360264867544174194e-02,4.740452393889427185e-02,2.985727787017822266e-01,-2.505250275135040283e-01,-5.074134841561317444e-02,1.288795769214630127e-01,4.824684187769889832e-02,-3.569148108363151550e-02,-3.665440082550048828e-01,2.330777198076248169e-01,1.324670314788818359e-01,-5.294536240398883820e-03,-2.969927489757537842e-01,1.334166973829269409e-01,2.453241646289825439e-01,-1.359587311744689941e-01,-1.612736880779266357e-01,3.227915465831756592e-01,5.736223980784416199e-02,1.759646087884902954e-01,4.229515045881271362e-02,-9.154480695724487305e-02,-1.189133003354072571e-01,-2.566908895969390869e-01,-8.176393061876296997e-02,6.320988386869430542e-02,3.331349417567253113e-02,6.694808602333068848e-03,1.502676308155059814e-01,2.083471864461898804e-01,-4.743297025561332703e-02,2.189893089234828949e-02,-2.736110985279083252e-01,8.404365181922912598e-02,1.647610589861869812e-02,-2.208096534013748169e-01,-2.202446907758712769e-01,-9.485097974538803101e-02,7.319650053977966309e-02,8.713413029909133911e-03,1.180085688829421997e-01,1.085166409611701965e-01,-9.226149320602416992e-02,8.990289270877838135e-02,2.318154424428939819e-01,-2.857907116413116455e-01,1.499669160693883896e-02,-2.019636183977127075e-01,1.553554236888885498e-01,-1.239838525652885437e-01,2.954867482185363770e-01,-1.045913398265838623e-01,-2.374738156795501709e-01,-2.233330858871340752e-03,2.763305604457855225e-01,-1.102566272020339966e-01,-2.915855646133422852e-01,3.209010064601898193e-01,9.009080240502953529e-04,-1.929837018251419067e-01,2.152810571715235710e-03,-2.343475818634033203e-01,-2.247589230537414551e-01,-1.669488288462162018e-02,5.376791115850210190e-03,2.517108023166656494e-01,1.765714287757873535e-01,-7.598194479942321777e-02,-1.091008335351943970e-01,-2.643952965736389160e-01,1.267805993556976318e-01,-2.959614396095275879e-01,3.641262650489807129e-02,9.255962818861007690e-02,-4.431791603565216064e-05,-2.257924973964691162e-01,2.261412143707275391e-01,-5.108253657817840576e-02,8.135596662759780884e-02,-3.514650464057922363e-01,-2.265426665544509888e-01,3.454505205154418945e-01,-3.183503076434135437e-02,-2.925308942794799805e-01,-2.531290352344512939e-01,-6.985812634229660034e-02,-2.036441862583160400e-02,2.939066588878631592e-01,-1.938362717628479004e-01,-2.720049023628234863e-01,3.199545899406075478e-03,2.280813455581665039e-01,-2.790564596652984619e-01,1.370320767164230347e-01,3.188104927539825439e-02,-2.727853059768676758e-01,1.489115506410598755e-01,1.211969032883644104e-01,2.849204540252685547e-01,2.713187932968139648e-01,-1.507879346609115601e-01,-1.501731276512145996e-01,-1.579513549804687500e-01,2.099620923399925232e-02,1.251390129327774048e-01
5.118679255247116089e-04,4.721667617559432983e-02,-4.017741680145263672e-01,3.212752342224121094e-01,2.053912580013275146e-01,-6.301745027303695679e-02,3.226435184478759766e-02,1.542661786079406738e-01,1.613344848155975342e-01,2.338919192552566528e-01,-1.112303137779235840e-02,-2.133025825023651123e-01,3.040827512741088867e-01,2.654994428157806396e-01,4.114215672016143799e-01,4.268985390663146973e-01,-2.527062315493822098e-03,1.274425089359283447e-01,-3.427757918834686279e-01,-2.462920993566513062e-01,-2.346085757017135620e-01,2.930896878242492676e-01,1.956094801425933838e-01,-8.713856339454650879e-02,6.098509579896926880e-02,3.982299864292144775e-01,-4.019657075405120850e-01,-9.495306015014648438e-02,3.507197797298431396e-01,-1.899090409278869629e-02,7.089824881404638290e-03,-4.859750866889953613e-01,2.758221924304962158e-01,2.981825172901153564e-01,-1.992112770676612854e-02,-4.338982105255126953e-01,1.934469193220138550e-01,3.776172995567321777e-01,-2.957402765750885010e-01,-2.367065995931625366e-01,3.879009783267974854e-01,6.586293131113052368e-02,3.307998478412628174e-01,7.881836593151092529e-02,-3.844949230551719666e-02,-2.805329263210296631e-01,-4.225631058216094971e-01,-1.038291156291961670e-01,4.706353694200515747e-02,-1.550196763128042221e-02,4.876120388507843018e-02,6.907177716493606567e-02,2.280086129903793335e-01,-2.884500846266746521e-02,-5.643812939524650574e-02,-4.686414003372192383e-01,1.217362806200981140e-01,2.826837264001369476e-02,-3.195732831954956055e-01,-3.219633698463439941e-01,-9.001487493515014648e-02,5.864681303501129150e-02,1.051468867808580399e-02,1.052673980593681335e-01,6.834045052528381348e-02,-1.269192844629287720e-01,1.424317508935928345e-01,3.723567128181457520e-01,-4.037016332149505615e-01,5.948397889733314514e-02,-3.502264320850372314e-01,3.161753294989466667e-03,-1.069729179143905640e-01,4.306258559226989746e-01,-6.543853878974914551e-02,-3.492742180824279785e-01,-3.729988355189561844e-03,4.778835177421569824e-01,-8.880041539669036865e-02,-4.117310643196105957e-01,4.598219096660614014e-01,1.422722241841256618e-03,-3.675849735736846924e-01,-7.187692099250853062e-04,-3.107817173004150391e-01,-3.727546036243438721e-01,8.712009340524673462e-02,9.570104070007801056e-03,3.022930920124053955e-01,2.715561389923095703e-01,-1.177612319588661194e-01,-7.934611290693283081e-02,-3.308492898941040039e-01,1.182670593261718750e-01,-3.941360414028167725e-01,2.900402620434761047e-02,2.265930920839309692e-01,-7.208279566839337349e-05,-3.519849181175231934e-01,2.998863160610198975e-01,-1.561459898948669434e-01,1.370776444673538208e-01,-4.760058820247650146e-01,-3.481763005256652832e-01,5.135857462882995605e-01,1.653560809791088104e-02,-3.533776998519897461e-01,-3.805667757987976074e-01,-7.991632819175720215e-02,-2.205918543040752411e-02,3.149374127388000488e-01,-3.171143829822540283e-01,-3.902909159660339355e-01,2.373749949038028717e-02,4.362184107303619385e-01,-4.066558182239532471e-01,2.278713881969451904e-01,1.119120717048645020e-01,-4.386608898639678955e-01,1.870688050985336304e-01,2.273601144552230835e-01,3.675185739994049072e-01,3.928599655628204346e-01,-1.923845857381820679e-01,-2.788638770580291748e-01,-2.047262638807296753e-01,2.348228730261325836e-02,2.274099886417388916e-01
-1.297390162944793701e-01,5.788746755570173264e-03,-3.736792877316474915e-02,-3.322792798280715942e-02,-4.258853197097778320e-02,5.673973262310028076e-02,-7.312981784343719482e-02,-4.401541501283645630e-02,-2.353589981794357300e-02,-1.112303137779235840e-02,1.762211769819259644e-01,-3.217925783246755600e-03,1.700311303138732910e-01,4.349401220679283142e-02,4.692076146602630615e-02,7.974783331155776978e-02,-3.154189325869083405e-03,-1.662572473287582397e-02,4.121303185820579529e-02,-1.215596776455640793e-02,1.287445425987243652e-01,4.852918162941932678e-02,9.046643972396850586e-02,-7.927159965038299561e-02,-4.153981804847717285e-03,8.214800059795379639e-02,-1.471997499465942383e-01,-1.207716204226016998e-02,1.525194942951202393e-01,-5.400127265602350235e-03,1.176836639642715454e-01,-4.280126467347145081e-02,-1.135022491216659546e-01,7.450443506240844727e-02,-1.176265347748994827e-02,-1.295513361692428589e-01,2.552433684468269348e-02,3.139046952128410339e-02,-7.595816254615783691e-02,1.582823544740676880e-01,-1.105687022209167480e-01,-6.050365045666694641e-02,1.417055577039718628e-01,1.353656686842441559e-02,1.563931554555892944e-01,-2.339101433753967285e-01,5.746600683778524399e-03,5.349101498723030090e-02,-5.563337355852127075e-02,-1.049214079976081848e-01,4.518353939056396484e-02,-5.212746560573577881e-02,-1.489479392766952515e-01,3.651539236307144165e-02,-1.058858186006546021e-01,-8.059484511613845825e-02,-3.551238775253295898e-02,5.571824964135885239e-03,1.855890080332756042e-02,-1.037876494228839874e-02,8.303257822990417480e-02,-2.273141779005527496e-02,-2.859859494492411613e-03,-1.489230543375015259e-01,-1.018250808119773865e-01,-9.181236848235130310e-03,1.089930385351181030e-01,3.444520384073257446e-02,-5.887681990861892700e-02,-3.051379881799221039e-02,2.643512375652790070e-02,-2.937122881412506104e-01,1.526268571615219116e-02,3.599382936954498291e-02,1.400163322687149048e-01,9.199022501707077026e-02,-2.714806934818625450e-03,1.001061126589775085e-01,1.792857795953750610e-01,-3.402189537882804871e-02,-4.351756721735000610e-02,2.932128263637423515e-04,-5.993757024407386780e-02,-1.243979320861399174e-03,1.234667971730232239e-01,-1.376241445541381836e-01,-5.086253862828016281e-03,3.966332878917455673e-03,1.105710417032241821e-01,1.138323359191417694e-02,9.464687108993530273e-02,5.656776949763298035e-02,1.721894182264804840e-02,-2.961553260684013367e-02,6.498038768768310547e-02,8.794850856065750122e-02,2.879537409171462059e-03,9.754458005772903562e-06,-7.416068017482757568e-02,-9.046921879053115845e-02,7.595081697218120098e-04,1.105226296931505203e-02,-1.606051065027713776e-02,-3.793391585350036621e-02,1.003027986735105515e-02,-2.368008047342300415e-01,9.138103574514389038e-02,-1.160105019807815552e-01,1.089831218123435974e-01,2.375986368861049414e-04,3.922550752758979797e-02,2.026551589369773865e-02,-3.137483447790145874e-02,-6.654045730829238892e-02,5.756010860204696655e-02,-1.830226741731166840e-02,4.804659262299537659e-02,6.364279985427856445e-02,4.112418740987777710e-02,-1.232503820210695267e-02,7.968584448099136353e-02,-8.475986868143081665e-02,-1.718609780073165894e-02,-5.429710820317268372e-02,-9.066487103700637817e-02,-1.384201552718877792e-02,5.323166493326425552e-03,-5.162028223276138306e-02
-6.390594691038131714e-02,-4.474166780710220337e-02,3.815505504608154297e-01,-3.018684387207031250e-01,-2.489928454160690308e-01,7.719184458255767822e-02,-1.604932732880115509e-02,-2.504867613315582275e-01,-1.492315381765365601e-01,-2.133025825023651123e-01,-3.217925783246755600e-03,2.390617579221725464e-01,-2.721816003322601318e-01,-2.915999889373779297e-01,-4.255658090114593506e-01,-4.589952230453491211e-01,1.336805406026542187e-03,-1.220673769712448120e-01,2.789217829704284668e-01,2.331319451332092285e-01,1.753295809030532837e-01,-3.086034059524536133e-01,-1.633547395467758179e-01,8.002415299415588379e-02,-5.993652716279029846e-02,-3.941985368728637695e-01,3.813476860523223877e-01,1.657999753952026367e-01,-3.514543771743774414e-01,2.429808676242828369e-02,3.916371241211891174e-02,4.690185785293579102e-01,-1.894097328186035156e-01,-3.013782799243927002e-01,2.886247634887695312e-02,4.497315287590026855e-01,-1.885779500007629395e-01,-3.681769669055938721e-01,3.671233355998992920e-01,2.924776673316955566e-01,-3.993436694145202637e-01,-6.989675015211105347e-02,-3.004042804241180420e-01,-7.997383922338485718e-02,-2.390228211879730225e-02,2.512424588203430176e-01,4.209321141242980957e-01,1.290954649448394775e-01,-2.980777621269226074e-02,4.549533128738403320e-02,-1.012467872351408005e-02,-2.416181191802024841e-02,-2.491017878055572510e-01,6.977868080139160156e-02,8.654832094907760620e-02,4.896629750728607178e-01,-1.602935492992401123e-01,-3.024218045175075531e-02,2.528751492500305176e-01,3.116462826728820801e-01,7.796624302864074707e-02,-1.969544403254985809e-02,-1.021357253193855286e-02,-6.809918582439422607e-02,-8.191786706447601318e-02,1.180585846304893494e-01,-1.195147112011909485e-01,-3.986280858516693115e-01,4.109129905700683594e-01,-1.130696162581443787e-01,3.744803667068481445e-01,1.258194167166948318e-02,8.698350936174392700e-02,-4.415021836757659912e-01,5.430397391319274902e-02,3.545651435852050781e-01,3.585497615858912468e-03,-4.687189161777496338e-01,8.973497152328491211e-02,4.211763143539428711e-01,-4.501916170120239258e-01,-1.494458992965519428e-03,3.732239902019500732e-01,6.030191434547305107e-04,3.524902760982513428e-01,3.532021939754486084e-01,-9.546878188848495483e-02,-1.048436947166919708e-02,-2.539505064487457275e-01,-2.812733054161071777e-01,1.316881775856018066e-01,2.922965027391910553e-02,2.887603044509887695e-01,-1.057436317205429077e-01,3.765037953853607178e-01,3.257869929075241089e-02,-2.438170611858367920e-01,7.492777513107284904e-05,3.827805519104003906e-01,-3.241102695465087891e-01,2.054508775472640991e-01,-1.708484441041946411e-01,4.702847898006439209e-01,3.505011200904846191e-01,-4.604250788688659668e-01,-3.642562031745910645e-02,2.800894379615783691e-01,3.735655844211578369e-01,1.122180521488189697e-01,1.764870062470436096e-02,-3.154427409172058105e-01,2.605225443840026855e-01,3.916806578636169434e-01,-8.289473131299018860e-03,-4.515263736248016357e-01,3.732973933219909668e-01,-3.023163080215454102e-01,-8.299225568771362305e-02,4.591481387615203857e-01,-1.641297191381454468e-01,-1.847412288188934326e-01,-3.709175884723663330e-01,-3.889473974704742432e-01,1.500983983278274536e-01,2.993364334106445312e-01,1.602941304445266724e-01,-2.942341007292270660e-02,-2.099315524101257324e-01
