4.957171976566314697e-01,2.372757717967033386e-02,-1.842449307441711426e-01,4.188851267099380493e-02,2.360679507255554199e-01,-1.096334904432296753e-01,1.385670006275177002e-01,4.033662080764770508e-01,1.076684594154357910e-01,8.087383955717086792e-02,-8.198613673448562622e-02,-9.773708879947662354e-02,9.628123790025711060e-02,2.398376911878585815e-01,2.906942963600158691e-01,2.060803323984146118e-01,6.089513190090656281e-03,3.391609713435173035e-02,5.903472378849983215e-02,-6.624079495668411255e-02,-1.501655131578445435e-01,1.054721623659133911e-01,2.464499697089195251e-02,5.340565368533134460e-02,1.429839711636304855e-02,1.271225214004516602e-01,-5.654607713222503662e-02,-2.714172303676605225e-01,9.674699604511260986e-02,-1.912942677736282349e-01,-1.263533681631088257e-01,-1.498110592365264893e-01,9.455917775630950928e-02,8.362323045730590820e-02,-3.289933130145072937e-02,-1.643252819776535034e-01,8.332802681252360344e-04,9.549444168806076050e-02,-3.385054469108581543e-01,-4.006859958171844482e-01,2.622171640396118164e-01,9.506718069314956665e-02,7.456779479980468750e-03,2.933079935610294342e-02,-5.832939874380826950e-03,-7.299077510833740234e-02,-2.621024847030639648e-01,-1.378314495086669922e-01,3.437203168869018555e-02,6.957546621561050415e-02,-8.771269023418426514e-02,-6.299870461225509644e-02,1.943689733743667603e-01,-5.313752219080924988e-02,-6.541076302528381348e-02,-2.395662218332290649e-01,7.265424728393554688e-02,1.871271617710590363e-02,-7.603310793638229370e-02,-9.124167263507843018e-02,-1.920751482248306274e-02,-5.277789197862148285e-03,1.245586760342121124e-02,1.608806997537612915e-01,1.734855212271213531e-02,-1.962992362678050995e-02,-9.642014652490615845e-02,2.509122788906097412e-01,-1.779263615608215332e-01,1.888347566127777100e-01,-2.592169344425201416e-01,2.105559967458248138e-02,2.548566646873950958e-02,2.329679429531097412e-01,-1.239202320575714111e-01,-2.326018214225769043e-01,-3.811920527368783951e-03,2.044502198696136475e-01,-1.819638907909393311e-01,-1.618800312280654907e-01,1.608177274465560913e-01,2.066093496978282928e-03,-2.722308337688446045e-01,-3.857957897707819939e-03,-3.336986601352691650e-01,-1.014126688241958618e-01,2.501804828643798828e-01,3.760172287002205849e-03,-2.577251987531781197e-03,1.037466302514076233e-01,-1.281213462352752686e-01,1.408862997777760029e-03,2.905301563441753387e-02,-8.159317821264266968e-02,-1.508708298206329346e-01,-2.567936480045318604e-01,2.528363168239593506e-01,-2.912749769166111946e-04,-2.412603795528411865e-01,3.016355931758880615e-01,-1.190194264054298401e-01,2.699814438819885254e-01,-1.586594283580780029e-01,-8.198916912078857422e-02,9.810261428356170654e-02,2.741656899452209473e-01,6.525656674057245255e-03,-3.113853558897972107e-02,-2.970815002918243408e-01,4.208924714475870132e-03,7.584486901760101318e-02,2.614247053861618042e-02,-9.485669434070587158e-02,-1.366434246301651001e-01,2.342762351036071777e-01,-1.860320866107940674e-01,3.726358711719512939e-01,-4.630681872367858887e-02,-3.943848013877868652e-01,3.013809025287628174e-02,-1.157352980226278305e-02,2.427613735198974609e-01,2.567599713802337646e-01,2.932261489331722260e-02,9.588963352143764496e-03,-1.657628715038299561e-01,-5.257702898234128952e-03,7.998024672269821167e-02
2.372757717967033386e-02,2.208501473069190979e-02,-1.328810304403305054e-01,8.804111182689666748e-02,7.399686425924301147e-02,9.505919297225773335e-04,1.619699411094188690e-02,4.525417089462280273e-02,2.367947623133659363e-02,4.382208734750747681e-02,1.396978646516799927e-02,-5.232325568795204163e-02,1.015594080090522766e-01,8.394114673137664795e-02,1.227275878190994263e-01,1.229983866214752197e-01,-2.179712522774934769e-03,7.459840178489685059e-02,-6.739307940006256104e-02,-6.590131670236587524e-02,-4.707643017172813416e-02,1.215422824025154114e-01,7.220611721277236938e-02,2.118876669555902481e-03,1.453649625182151794e-02,1.377416849136352539e-01,-1.328231096267700195e-01,-7.386862486600875854e-02,1.187211573123931885e-01,-4.109217599034309387e-02,2.968755923211574554e-02,-1.256192475557327271e-01,8.857255429029464722e-02,7.306319475173950195e-02,-4.734212532639503479e-03,-1.361501365900039673e-01,3.153980523347854614e-02,6.784660369157791138e-02,-8.946304023265838623e-02,-7.748553901910781860e-02,1.058264449238777161e-01,1.084407418966293335e-02,1.223260536789894104e-01,1.900562271475791931e-02,1.729344949126243591e-03,-8.686512708663940430e-02,-1.311135590076446533e-01,-3.575007617473602295e-02,-1.498294435441493988e-02,1.825716346502304077e-02,3.578902035951614380e-02,-3.653504699468612671e-02,2.690903283655643463e-02,-2.460281597450375557e-03,-7.265848573297262192e-03,-1.380643099546432495e-01,2.518911100924015045e-02,1.087581831961870193e-02,-7.637917250394821167e-02,-6.849401444196701050e-02,-7.020823657512664795e-03,1.375255361199378967e-02,4.790723789483308792e-03,3.146738559007644653e-02,-1.033720327541232109e-03,-2.982320636510848999e-02,3.557353094220161438e-02,1.284518837928771973e-01,-1.239371299743652344e-01,3.882839158177375793e-02,-9.519739449024200439e-02,-3.030406497418880463e-02,-2.995515614748001099e-02,1.221263930201530457e-01,-2.979843690991401672e-02,-1.171638742089271545e-01,-3.014177083969116211e-03,1.445025354623794556e-01,-3.302595019340515137e-02,-1.179124489426612854e-01,1.286310255527496338e-01,1.216557575389742851e-03,-1.017277985811233521e-01,1.389470999129116535e-03,-9.882689267396926880e-02,-1.228290796279907227e-01,6.267914175987243652e-02,5.796576384454965591e-03,6.696853041648864746e-02,4.896555095911026001e-02,-2.045619301497936249e-02,-2.902560494840145111e-02,-1.019323542714118958e-01,3.788425028324127197e-02,-1.133047863841056824e-01,1.125281676650047302e-03,8.387524634599685669e-02,-1.169146999018266797e-04,-9.762519598007202148e-02,4.356117174029350281e-02,-3.207008913159370422e-02,3.918410465121269226e-02,-1.341098695993423462e-01,-5.448997765779495239e-02,1.443377435207366943e-01,2.008017851039767265e-03,-8.224978297948837280e-02,-1.255894899368286133e-01,-2.455883473157882690e-02,-9.279926307499408722e-03,7.828660309314727783e-02,-5.777891725301742554e-02,-1.135436072945594788e-01,-2.528454922139644623e-02,1.391290426254272461e-01,-1.197202876210212708e-01,7.552005350589752197e-02,3.692581504583358765e-02,-1.267337501049041748e-01,3.716877102851867676e-02,7.002401351928710938e-02,9.681236743927001953e-02,1.185084059834480286e-01,-5.210731178522109985e-02,-6.175493821501731873e-02,-7.312613725662231445e-02,4.714871756732463837e-03,7.173444330692291260e-02
-1.842449307441711426e-01,-1.328810304403305054e-01,8.073827028274536133e-01,-6.032233834266662598e-01,-4.405224621295928955e-01,-7.884337753057479858e-02,-1.599964201450347900e-01,-3.180445432662963867e-01,-1.362265050411224365e-01,-2.993342876434326172e-01,-7.210195064544677734e-02,3.600060343742370605e-01,-5.897307395935058594e-01,-5.768009424209594727e-01,-7.454304695129394531e-01,-7.302397489547729492e-01,7.137587293982505798e-03,-4.319312572479248047e-01,4.588816761970520020e-01,4.612540602684020996e-01,3.121003806591033936e-01,-7.537299394607543945e-01,-5.202860832214355469e-01,4.033997654914855957e-02,-9.965270012617111206e-02,-7.648860216140747070e-01,7.552950978279113770e-01,4.314828515052795410e-01,-7.333515882492065430e-01,3.053314685821533203e-01,-1.607449650764465332e-01,7.657153010368347168e-01,-5.772955417633056641e-01,-5.307205319404602051e-01,3.883764520287513733e-02,7.935712933540344238e-01,-2.067676335573196411e-01,-4.486028254032135010e-01,5.550315976142883301e-01,5.362387299537658691e-01,-6.508290171623229980e-01,-8.004164695739746094e-02,-6.987119317054748535e-01,-1.279411613941192627e-01,-9.325005114078521729e-03,5.696911215782165527e-01,7.849661707878112793e-01,2.498452514410018921e-01,8.163616806268692017e-02,-3.216358646750450134e-02,-2.448752373456954956e-01,2.436539977788925171e-01,-1.947445720434188843e-01,7.722168415784835815e-02,2.848357520997524261e-02,8.053990006446838379e-01,-1.971902698278427124e-01,-7.409940659999847412e-02,4.444226920604705811e-01,4.582641422748565674e-01,8.393230289220809937e-02,-1.277302950620651245e-01,-3.413241729140281677e-02,-2.347719669342041016e-01,-1.588611281476914883e-03,1.934298276901245117e-01,-1.790327429771423340e-01,-7.496474385261535645e-01,7.512781620025634766e-01,-2.364923804998397827e-01,6.461712121963500977e-01,2.152253091335296631e-01,1.947647929191589355e-01,-7.624877691268920898e-01,1.881500780582427979e-01,7.092633247375488281e-01,1.781279407441616058e-02,-8.450189232826232910e-01,2.693733572959899902e-01,7.494102716445922852e-01,-7.943269014358520508e-01,-8.591910824179649353e-03,6.431322693824768066e-01,-6.359202787280082703e-03,6.378332376480102539e-01,6.762742996215820312e-01,-4.236835837364196777e-01,-3.638269379734992981e-02,-3.990327119827270508e-01,-3.533433079719543457e-01,1.307362020015716553e-01,1.974560767412185669e-01,6.340496540069580078e-01,-2.520825266838073730e-01,7.187387943267822266e-01,5.187898501753807068e-02,-5.309486389160156250e-01,8.135105017572641373e-04,6.455601453781127930e-01,-3.366675972938537598e-01,2.698767483234405518e-01,-2.836345136165618896e-01,7.990604043006896973e-01,3.661782145500183105e-01,-8.201292753219604492e-01,-1.300618499517440796e-01,5.511033535003662109e-01,7.375242710113525391e-01,1.471003144979476929e-01,6.175661087036132812e-02,-5.222499370574951172e-01,4.680544137954711914e-01,7.123745679855346680e-01,4.034849628806114197e-02,-7.879016399383544922e-01,7.116513252258300781e-01,-5.113883614540100098e-01,-2.678923010826110840e-01,7.748138308525085449e-01,-2.558895051479339600e-01,-4.472744166851043701e-01,-6.564207077026367188e-01,-7.311488389968872070e-01,3.049430549144744873e-01,4.588989615440368652e-01,5.421065092086791992e-01,-5.404155328869819641e-02,-4.926394820213317871e-01
4.188851267099380493e-02,8.804111182689666748e-02,-6.032233834266662598e-01,5.796861052513122559e-01,2.229118496179580688e-01,1.455582976341247559e-01,8.217485249042510986e-02,1.222885996103286743e-01,6.606119126081466675e-02,1.991403549909591675e-01,1.257009617984294891e-02,-2.463101446628570557e-01,2.940891683101654053e-01,4.852330684661865234e-01,5.019056797027587891e-01,4.685006439685821533e-01,-3.620995208621025085e-03,3.357315659523010254e-01,-3.907441198825836182e-01,-3.098749220371246338e-01,-3.609546422958374023e-01,5.917853116989135742e-01,3.763675689697265625e-01,-6.411992013454437256e-02,7.624646276235580444e-02,5.259188413619995117e-01,-5.206955671310424805e-01,-1.581335216760635376e-01,4.760376214981079102e-01,-1.257315427064895630e-01,1.486679464578628540e-01,-6.154497265815734863e-01,4.937895536422729492e-01,3.198713362216949463e-01,-9.729945100843906403e-03,-5.744147300720214844e-01,1.655673831701278687e-01,2.848371565341949463e-01,-2.391425669193267822e-01,-4.628337621688842773e-01,4.699618220329284668e-01,6.842371076345443726e-02,5.235103964805603027e-01,8.446025103330612183e-02,-3.960137814283370972e-02,-2.684258222579956055e-01,-5.401109457015991211e-01,-2.109873741865158081e-01,-7.117494940757751465e-02,7.795011997222900391e-02,2.325738370418548584e-01,-1.335678994655609131e-01,1.538257300853729248e-01,-1.198227703571319580e-01,1.184620931744575500e-01,-5.550410747528076172e-01,1.447387635707855225e-01,4.367776587605476379e-02,-2.681986391544342041e-01,-3.511766493320465088e-01,-1.392648220062255859e-01,1.454064995050430298e-01,2.912958338856697083e-02,1.739086657762527466e-01,3.094330430030822754e-02,-1.309760808944702148e-01,1.449845880270004272e-01,5.164123177528381348e-01,-5.231276750564575195e-01,8.974287658929824829e-02,-4.122421145439147949e-01,-7.066326681524515152e-03,-1.856358796358108521e-01,5.466804504394531250e-01,-1.275211423635482788e-01,-5.582695603370666504e-01,-7.149901241064071655e-03,6.148046255111694336e-01,-3.399001955986022949e-01,-5.502654314041137695e-01,6.953663825988769531e-01,5.877539981156587601e-03,-3.713945448398590088e-01,6.631063297390937805e-03,-4.775583744049072266e-01,-4.068706035614013672e-01,1.521005034446716309e-01,2.190217189490795135e-02,2.435920685529708862e-01,2.284346669912338257e-01,-5.068464577198028564e-02,-2.425665855407714844e-01,-5.894444584846496582e-01,2.892225980758666992e-01,-5.643992424011230469e-01,1.369234733283519745e-02,3.429709970951080322e-01,-5.291946581564843655e-04,-3.686465919017791748e-01,1.746403127908706665e-01,-1.431853175163269043e-01,5.239154770970344543e-02,-6.487198472023010254e-01,-2.384699732065200806e-01,6.495422124862670898e-01,1.767854690551757812e-01,-5.734902620315551758e-01,-5.737645030021667480e-01,-5.738858599215745926e-03,-4.730769991874694824e-02,5.323852896690368652e-01,-4.482148587703704834e-01,-5.512621998786926270e-01,4.507232084870338440e-02,5.300376415252685547e-01,-4.672039747238159180e-01,2.351304441690444946e-01,1.736277043819427490e-01,-5.658337473869323730e-01,2.160478383302688599e-01,3.072760701179504395e-01,4.835724234580993652e-01,5.050004124641418457e-01,-2.299242317676544189e-01,-3.062081634998321533e-01,-3.906756639480590820e-01,3.652380779385566711e-02,3.772944509983062744e-01
2.360679507255554199e-01,7.399686425924301147e-02,-4.405224621295928955e-01,2.229118496179580688e-01,3.478229939937591553e-01,-7.058532536029815674e-02,1.059536561369895935e-01,3.150214850902557373e-01,8.934824168682098389e-02,1.522790193557739258e-01,1.837885007262229919e-02,-1.802562922239303589e-01,3.755832910537719727e-01,2.448609024286270142e-01,4.643421769142150879e-01,4.495339095592498779e-01,-7.142347749322652817e-03,2.295854985713958740e-01,-1.590817570686340332e-01,-2.075569778680801392e-01,-9.649016708135604858e-02,3.668872714042663574e-01,1.891679614782333374e-01,5.176416039466857910e-02,4.170510545372962952e-02,4.616240262985229492e-01,-4.276733696460723877e-01,-3.649328052997589111e-01,4.118039309978485107e-01,-2.284206002950668335e-01,3.624198213219642639e-02,-3.717378973960876465e-01,2.536776959896087646e-01,2.292848825454711914e-01,-2.868129685521125793e-02,-4.438910186290740967e-01,8.290176838636398315e-02,2.393296658992767334e-01,-4.555638134479522705e-01,-3.046725094318389893e-01,4.059614539146423340e-01,5.900413542985916138e-02,3.556100130081176758e-01,6.607354432344436646e-02,2.943456359207630157e-02,-3.126221895217895508e-01,-4.937476813793182373e-01,-1.363591849803924561e-01,-2.426117286086082458e-02,9.733864665031433105e-02,5.053062736988067627e-02,-1.386318504810333252e-01,1.255668103694915771e-01,1.239690929651260376e-02,-1.000460088253021240e-01,-5.020946264266967773e-01,8.457345515489578247e-02,3.996474295854568481e-02,-2.903544604778289795e-01,-2.133207470178604126e-01,1.324109639972448349e-02,5.686132702976465225e-03,1.494697388261556625e-02,1.441028565168380737e-01,5.927624879404902458e-04,-9.457301348447799683e-02,8.697887510061264038e-02,4.766479432582855225e-01,-4.055554270744323730e-01,2.213766574859619141e-01,-3.863213062286376953e-01,-1.275798529386520386e-01,-3.923103958368301392e-02,4.243933856487274170e-01,-1.327396780252456665e-01,-4.217853546142578125e-01,-1.231003925204277039e-02,4.925803840160369873e-01,-1.035393327474594116e-01,-3.826953768730163574e-01,3.814951479434967041e-01,3.925089258700609207e-03,-4.212073385715484619e-01,2.789577469229698181e-03,-3.978364169597625732e-01,-4.377262890338897705e-01,3.242849409580230713e-01,1.949347555637359619e-02,2.018211930990219116e-01,1.765057742595672607e-01,-1.346683651208877563e-01,-3.798840939998626709e-02,-2.354147732257843018e-01,2.693405933678150177e-02,-3.597986996173858643e-01,-8.008734881877899170e-02,3.653865754604339600e-01,-4.378668672870844603e-04,-3.761161565780639648e-01,2.545161247253417969e-01,-1.328473389148712158e-01,2.604881823062896729e-01,-4.125367701053619385e-01,-1.910908073186874390e-01,4.578843116760253906e-01,5.935003608465194702e-02,-1.721737086772918701e-01,-3.706667721271514893e-01,-2.212078571319580078e-01,-2.233012579381465912e-02,1.384622603654861450e-01,-9.399026632308959961e-02,-3.413220047950744629e-01,-1.735062450170516968e-01,5.333001613616943359e-01,-4.394510686397552490e-01,3.694616854190826416e-01,1.004897877573966980e-01,-5.004037618637084961e-01,9.622853249311447144e-02,2.232370078563690186e-01,3.410543799400329590e-01,4.329153299331665039e-01,-1.472562551498413086e-01,-1.514046490192413330e-01,-2.261458635330200195e-01,5.565299652516841888e-03,2.345972657203674316e-01
-1.096334904432296753e-01,9.505919297225773335e-04,-7.884337753057479858e-02,1.455582976341247559e-01,-7.058532536029815674e-02,2.242061942815780640e-01,-2.391595207154750824e-02,-4.170362651348114014e-02,-1.165414601564407349e-01,-1.408536918461322784e-02,4.128460213541984558e-02,-1.831287518143653870e-02,-7.320351898670196533e-02,1.346748024225234985e-01,3.829530905932188034e-03,-1.827196031808853149e-02,-3.308081533759832382e-03,7.215307094156742096e-03,-6.326077133417129517e-02,-6.571654230356216431e-02,2.171920426189899445e-02,9.601465612649917603e-02,1.386380642652511597e-01,-3.347238525748252869e-02,1.393325277604162693e-03,-6.356599181890487671e-02,-3.693137317895889282e-02,1.044476628303527832e-01,8.363053202629089355e-02,1.888826227514073253e-04,9.765162318944931030e-02,-3.875342756509780884e-02,8.481304161250591278e-03,1.175513118505477905e-01,-6.491634994745254517e-04,-4.203751310706138611e-02,2.569570951163768768e-02,-8.081072941422462463e-03,1.078088432550430298e-01,-8.534610271453857422e-02,-9.534942358732223511e-02,-1.466337218880653381e-02,1.205245777964591980e-01,1.182284578680992126e-02,8.557762205600738525e-02,-4.071392118930816650e-03,5.161670502275228500e-03,-1.759217306971549988e-02,-7.397615164518356323e-02,-7.673892378807067871e-02,1.483896076679229736e-01,-1.108559221029281616e-01,-3.693420439958572388e-02,-8.153844624757766724e-02,4.324831441044807434e-02,-2.954546548426151276e-02,4.027849063277244568e-02,2.489460399374365807e-03,7.538607716560363770e-02,-3.817407041788101196e-02,-2.515298314392566681e-02,2.432083711028099060e-02,3.848229767754673958e-03,-1.185829490423202515e-01,-1.761441677808761597e-02,8.528384380042552948e-03,3.617949411273002625e-02,-5.604278761893510818e-03,-1.556594390422105789e-02,-5.380186811089515686e-02,2.034373022615909576e-02,-1.276929080486297607e-01,-3.096312470734119415e-02,7.984629832208156586e-03,6.578946858644485474e-02,-1.659851521253585815e-02,4.052828066051006317e-03,3.761364519596099854e-02,-2.624767646193504333e-02,-3.458998352289199829e-02,9.212920814752578735e-02,8.442699327133595943e-04,5.455619189888238907e-03,-3.091426566243171692e-03,3.861884772777557373e-02,4.434211179614067078e-02,-5.859346687793731689e-02,7.242932333610951900e-04,-5.993379652500152588e-02,3.172226483002305031e-03,4.807201027870178223e-02,-5.511295050382614136e-02,-9.583441168069839478e-02,9.497389942407608032e-02,-1.182806957513093948e-02,2.529644779860973358e-02,2.117705717682838440e-02,1.056371638696873561e-05,-1.643738150596618652e-02,-1.342011839151382446e-01,-3.511811047792434692e-02,-1.660319119691848755e-01,-4.687545448541641235e-02,3.753184864763170481e-04,1.011265348643064499e-02,1.051974669098854065e-01,-9.247520565986633301e-02,-7.173848897218704224e-02,1.793262958526611328e-01,-2.103086328133940697e-03,1.399988383054733276e-01,-1.608216464519500732e-01,-7.569955289363861084e-02,1.202794536948204041e-01,1.079425867646932602e-02,6.207446381449699402e-02,-3.573590517044067383e-02,5.364637076854705811e-02,3.933964297175407410e-03,2.746033295989036560e-02,3.314220532774925232e-02,3.373123938217759132e-03,-1.699716039001941681e-02,8.485415950417518616e-03,-1.310549378395080566e-01,-3.040905855596065521e-02,5.835163407027721405e-03,5.086487159132957458e-02
1.385670006275177002e-01,1.619699411094188690e-02,-1.599964201450347900e-01,8.217485249042510986e-02,1.059536561369895935e-01,-2.391595207154750824e-02,1.204402372241020203e-01,1.448247134685516357e-01,4.371035844087600708e-02,7.253147661685943604e-02,-4.136505350470542908e-02,-6.942906975746154785e-02,9.481349587440490723e-02,6.858885288238525391e-02,1.637218296527862549e-01,1.332123726606369019e-01,5.536161363124847412e-03,2.288368158042430878e-02,-6.156659498810768127e-02,-8.125870674848556519e-02,-6.566593796014785767e-02,1.116441786289215088e-01,5.330277234315872192e-02,-1.562626101076602936e-02,1.861437596380710602e-02,1.496217995882034302e-01,-1.077798455953598022e-01,-1.092821806669235229e-01,1.355899572372436523e-01,-1.233419775962829590e-01,-4.796758666634559631e-02,-1.482111662626266479e-01,1.121546700596809387e-01,6.216793507337570190e-02,-1.479636318981647491e-02,-1.265032291412353516e-01,1.945957913994789124e-02,8.935721963644027710e-02,-2.006918638944625854e-01,-1.443387866020202637e-01,1.951596289873123169e-01,4.077077656984329224e-02,3.731925040483474731e-02,2.159306406974792480e-02,-4.243708029389381409e-02,-9.917195141315460205e-02,-1.912858188152313232e-01,-6.090655177831649780e-02,4.027669131755828857e-02,1.611885242164134979e-02,-2.133009582757949829e-02,-1.473703654482960701e-03,8.257355540990829468e-02,-1.765023730695247650e-02,-2.531271614134311676e-02,-1.711077392101287842e-01,3.255267068743705750e-02,1.401686482131481171e-02,-9.727690368890762329e-02,-6.719804555177688599e-02,-3.577604517340660095e-02,3.547516837716102600e-02,7.281347177922725677e-03,1.367280185222625732e-01,2.137146703898906708e-02,-3.449330478906631470e-02,-2.674176543951034546e-02,1.544699668884277344e-01,-1.283833384513854980e-01,8.928424865007400513e-02,-1.818363368511199951e-01,4.324520472437143326e-03,8.380349725484848022e-03,1.731356680393218994e-01,-7.242847979068756104e-02,-1.667813509702682495e-01,-3.679381683468818665e-03,1.945913136005401611e-01,-1.011935025453567505e-01,-1.494114100933074951e-01,1.686967462301254272e-01,1.518353237770497799e-03,-1.431041359901428223e-01,-3.768709430005401373e-04,-1.927258521318435669e-01,-8.703894913196563721e-02,1.590425521135330200e-01,4.476212896406650543e-03,4.812133312225341797e-02,8.868469297885894775e-02,-6.978542357683181763e-02,-9.290732443332672119e-03,-6.930241733789443970e-02,-6.933375261723995209e-03,-1.538577377796173096e-01,-9.909737110137939453e-02,1.120625138282775879e-01,-2.126412582583725452e-04,-1.294886767864227295e-01,1.914637535810470581e-01,-8.056545257568359375e-02,1.820723712444305420e-01,-1.531281024217605591e-01,-7.402456551790237427e-02,1.885826885700225830e-01,1.135637834668159485e-01,-9.743720293045043945e-02,-7.971093058586120605e-02,-1.442753374576568604e-01,-8.676311001181602478e-03,2.097677066922187805e-02,-7.754795253276824951e-02,-8.558143675327301025e-02,2.354839071631431580e-02,1.722725778818130493e-01,-1.696706116199493408e-01,1.509094387292861938e-01,3.490320965647697449e-02,-2.280161678791046143e-01,3.657616302371025085e-02,6.597050279378890991e-02,1.628118753433227539e-01,1.713597327470779419e-01,-3.094511665403842926e-02,-3.905138000845909119e-02,-1.210120394825935364e-01,2.144354023039340973e-02,1.028510555624961853e-01
4.033662080764770508e-01,4.525417089462280273e-02,-3.180445432662963867e-01,1.222885996103286743e-01,3.150214850902557373e-01,-4.170362651348114014e-02,1.448247134685516357e-01,5.034874081611633301e-01,2.743315882980823517e-02,1.002845168113708496e-01,-1.157067064195871353e-02,-1.447895765304565430e-01,2.370112240314483643e-01,2.287980467081069946e-01,3.976265788078308105e-01,3.392227590084075928e-01,-2.889473922550678253e-03,9.659415483474731445e-02,-1.806494966149330139e-02,-1.365198045969009399e-01,2.737245522439479828e-02,2.385606914758682251e-01,1.187022700905799866e-01,4.592958465218544006e-02,1.913528516888618469e-02,2.545466125011444092e-01,-2.343017756938934326e-01,-3.456961214542388916e-01,3.240643739700317383e-01,-2.703639566898345947e-01,-4.442382603883743286e-02,-1.981359124183654785e-01,8.907505124807357788e-02,2.047139257192611694e-01,-4.473250359296798706e-02,-3.066714704036712646e-01,2.941731177270412445e-02,1.706592738628387451e-01,-4.940717816352844238e-01,-3.723334670066833496e-01,3.011394143104553223e-01,7.083443552255630493e-02,1.765755861997604370e-01,5.310101807117462158e-02,1.152814105153083801e-01,-2.318500578403472900e-01,-4.076772332191467285e-01,-1.344384700059890747e-01,-6.324829533696174622e-03,3.112262301146984100e-02,2.908837050199508667e-03,-1.652828603982925415e-01,1.384835690259933472e-01,-4.927104339003562927e-02,-1.582046002149581909e-01,-4.062995314598083496e-01,9.961877763271331787e-02,3.439101949334144592e-02,-1.448426544666290283e-01,-1.399326324462890625e-01,3.078115917742252350e-02,-3.735835850238800049e-02,1.132891234010457993e-02,7.206729799509048462e-02,3.801293671131134033e-03,-4.567018151283264160e-02,-2.385710924863815308e-02,3.622302114963531494e-01,-2.879792451858520508e-01,2.263952940702438354e-01,-3.611630499362945557e-01,-1.884118467569351196e-01,3.857196494936943054e-02,3.359807729721069336e-01,-9.950906038284301758e-02,-3.063569664955139160e-01,-8.441491052508354187e-03,3.603270947933197021e-01,-1.117281317710876465e-01,-2.575440108776092529e-01,2.341105937957763672e-01,3.081291681155562401e-03,-3.978849351406097412e-01,-2.845613751560449600e-03,-3.540469110012054443e-01,-2.727894783020019531e-01,3.416627049446105957e-01,1.272251550108194351e-02,4.547697678208351135e-02,1.500732749700546265e-01,-1.559342741966247559e-01,4.209988191723823547e-02,-3.154530003666877747e-02,-1.014330983161926270e-01,-2.211320698261260986e-01,-2.112675160169601440e-01,3.577606379985809326e-01,-3.737259248737245798e-04,-3.454411923885345459e-01,2.904907166957855225e-01,-1.666559278964996338e-01,3.036953806877136230e-01,-2.516492307186126709e-01,-1.398316174745559692e-01,2.540669143199920654e-01,2.129067033529281616e-01,1.805868558585643768e-02,-1.928563714027404785e-01,-2.671759724617004395e-01,8.466614526696503162e-04,1.565369404852390289e-02,3.750218544155359268e-03,-2.074715495109558105e-01,-1.556356698274612427e-01,4.404956102371215820e-01,-3.030417859554290771e-01,4.243542253971099854e-01,5.589351058006286621e-02,-4.764317572116851807e-01,3.369804844260215759e-02,1.104764267802238464e-01,2.748920023441314697e-01,3.208915293216705322e-01,2.760725794360041618e-03,-8.417297154664993286e-02,-1.581693142652511597e-01,-5.534972529858350754e-03,1.640364378690719604e-01
1.076684594154357910e-01,2.367947623133659363e-02,-1.362265050411224365e-01,6.606119126081466675e-02,8.934824168682098389e-02,-1.165414601564407349e-01,4.371035844087600708e-02,2.743315882980823517e-02,1.495768576860427856e-01,8.253146708011627197e-02,-3.096639364957809448e-02,-6.862363964319229126e-02,1.369301378726959229e-01,9.193341434001922607e-02,1.573657691478729248e-01,1.554211676120758057e-01,5.724587943404912949e-03,7.553518563508987427e-02,-7.562121748924255371e-02,-5.342160165309906006e-02,-1.993979811668395996e-01,1.225847452878952026e-01,2.639910392463207245e-02,-1.925893686711788177e-02,2.801059558987617493e-02,2.263114750385284424e-01,-1.283735483884811401e-01,-9.451970458030700684e-02,6.735219806432723999e-02,-1.698026619851589203e-02,-4.712219163775444031e-02,-2.140705287456512451e-01,1.704289764165878296e-01,2.667847275733947754e-02,-1.822304097004234791e-03,-1.596165299415588379e-01,3.397974371910095215e-02,9.336549043655395508e-02,-1.205241084098815918e-01,-1.003156229853630066e-01,2.258388102054595947e-01,3.573027625679969788e-02,5.433086305856704712e-02,1.594030670821666718e-02,-1.155623719096183777e-01,-8.761225640773773193e-02,-1.661241203546524048e-01,-5.295702069997787476e-02,4.300083965063095093e-02,4.048341140151023865e-02,-5.337860807776451111e-02,6.240718066692352295e-02,9.393683075904846191e-02,7.987532764673233032e-03,3.308892250061035156e-02,-1.479858905076980591e-01,1.900347322225570679e-02,1.126617565751075745e-02,-1.131354197859764099e-01,-8.549264073371887207e-02,-4.838562756776809692e-02,5.575908720493316650e-02,7.774238009005784988e-03,1.709031909704208374e-01,1.990717835724353790e-02,-4.934183880686759949e-02,-9.364787489175796509e-03,1.540520489215850830e-01,-1.693349629640579224e-01,4.016743600368499756e-02,-1.358833611011505127e-01,1.221418827772140503e-01,-6.035773456096649170e-02,1.881276220083236694e-01,-9.157090634107589722e-02,-1.460818201303482056e-01,-4.465429577976465225e-03,1.861303746700286865e-01,-9.856051951646804810e-02,-1.702833920717239380e-01,1.856334060430526733e-01,1.507718465290963650e-03,-9.813890606164932251e-02,4.038320388644933701e-03,-1.784901320934295654e-01,-1.375431865453720093e-01,7.054223865270614624e-02,5.299854557961225510e-03,1.349642127752304077e-01,7.858107984066009521e-02,-3.421660512685775757e-02,-5.078643187880516052e-02,-1.250957697629928589e-01,4.260935261845588684e-02,-1.864616274833679199e-01,-3.007381036877632141e-02,4.910039156675338745e-02,-1.855989539762958884e-04,-1.124535650014877319e-01,1.622324585914611816e-01,-2.968177571892738342e-02,1.454582512378692627e-01,-1.985034495592117310e-01,-7.613428682088851929e-02,2.066119909286499023e-01,-1.159175392240285873e-02,-1.455016434192657471e-01,-1.180305033922195435e-01,-1.236135736107826233e-01,-1.692758314311504364e-02,1.366626471281051636e-01,-5.452369898557662964e-02,-1.250747442245483398e-01,-2.951473556458950043e-02,1.233875378966331482e-01,-1.926998198032379150e-01,9.348623454570770264e-02,1.001996081322431564e-02,-1.947935372591018677e-01,6.233297288417816162e-02,4.404803737998008728e-02,1.660985052585601807e-01,1.818052530288696289e-01,-7.214699685573577881e-02,-2.549150772392749786e-02,-1.502722650766372681e-01,1.932066679000854492e-02,6.773360818624496460e-02
8.087383955717086792e-02,4.382208734750747681e-02,-2.993342876434326172e-01,1.991403549909591675e-01,1.522790193557739258e-01,-1.408536918461322784e-02,7.253147661685943604e-02,1.002845168113708496e-01,8.253146708011627197e-02,1.147394105792045593e-01,4.680671729147434235e-03,-1.247934773564338684e-01,2.168370932340621948e-01,1.866505891084671021e-01,2.785234153270721436e-01,2.695097327232360840e-01,6.152665591798722744e-04,1.397027522325515747e-01,-1.605558693408966064e-01,-1.501360386610031128e-01,-1.495393961668014526e-01,2.683759927749633789e-01,1.541235446929931641e-01,-2.382591553032398224e-02,3.775448352098464966e-02,3.221031725406646729e-01,-2.792752683162689209e-01,-1.485357135534286499e-01,2.565233707427978516e-01,-1.006308346986770630e-01,2.561034075915813446e-02,-3.116415441036224365e-01,2.239549756050109863e-01,1.551180630922317505e-01,-1.201221533119678497e-02,-3.002260625362396240e-01,6.886550039052963257e-02,1.596215963363647461e-01,-2.167195826768875122e-01,-1.877877116203308105e-01,2.779399454593658447e-01,3.569647669792175293e-02,2.225596606731414795e-01,4.145393148064613342e-02,-3.933537006378173828e-02,-1.968297362327575684e-01,-3.074050247669219971e-01,-8.693129569292068481e-02,-1.796826138161122799e-03,2.100246399641036987e-02,4.801126196980476379e-02,-4.242181405425071716e-02,8.698113262653350830e-02,-1.909871213138103485e-02,2.646478824317455292e-04,-3.085051476955413818e-01,6.006477028131484985e-02,2.476231195032596588e-02,-1.664364933967590332e-01,-1.550543904304504395e-01,-4.390420019626617432e-02,5.782108008861541748e-02,1.215938013046979904e-02,1.337438821792602539e-01,9.590727277100086212e-03,-7.197909057140350342e-02,4.477719217538833618e-02,2.790191173553466797e-01,-2.811245620250701904e-01,8.220485597848892212e-02,-2.390860170125961304e-01,-2.082150615751743317e-02,-6.839890778064727783e-02,3.001366257667541504e-01,-8.534456044435501099e-02,-2.677835524082183838e-01,-6.548178382217884064e-03,3.460543155670166016e-01,-1.136964038014411926e-01,-2.874833941459655762e-01,3.240244686603546143e-01,2.913813805207610130e-03,-2.164658904075622559e-01,3.122352063655853271e-03,-2.526400685310363770e-01,-2.453783005475997925e-01,1.493242979049682617e-01,1.193762198090553284e-02,1.556233316659927368e-01,1.292598098516464233e-01,-5.262983590364456177e-02,-6.991546601057052612e-02,-2.309833467006683350e-01,8.226258307695388794e-02,-2.832709550857543945e-01,-2.720964699983596802e-02,1.637812703847885132e-01,-2.983099257107824087e-04,-2.180556952953338623e-01,1.604612469673156738e-01,-8.990698307752609253e-02,1.406546682119369507e-01,-3.223501443862915039e-01,-1.300984323024749756e-01,3.518195450305938721e-01,3.908673301339149475e-02,-2.209430485963821411e-01,-2.628040611743927002e-01,-8.817858994007110596e-02,-2.340793609619140625e-02,1.878924518823623657e-01,-1.573420912027359009e-01,-2.473831325769424438e-01,-6.312593817710876465e-03,2.978861927986145020e-01,-2.866867482662200928e-01,1.718319207429885864e-01,8.394872397184371948e-02,-3.167380690574645996e-01,9.239507466554641724e-02,1.459017992019653320e-01,2.459498941898345947e-01,2.837380766868591309e-01,-1.108748540282249451e-01,-1.367579251527786255e-01,-2.027378976345062256e-01,2.463968098163604736e-02,1.678269207477569580e-01
-8.198613673448562622e-02,1.396978646516799927e-02,-7.210195064544677734e-02,1.257009617984294891e-02,1.837885007262229919e-02,4.128460213541984558e-02,-4.136505350470542908e-02,-1.157067064195871353e-02,-3.096639364957809448e-02,4.680671729147434235e-03,8.604127168655395508e-02,-2.271821536123752594e-02,1.035743579268455505e-01,3.596482053399085999e-02,5.005893856287002563e-02,8.094035834074020386e-02,-6.941740866750478745e-03,4.179483652114868164e-02,-2.985227666795253754e-02,-5.054100975394248962e-02,1.014436781406402588e-01,7.694118469953536987e-02,8.852121978998184204e-02,-6.615658639930188656e-04,1.742454711347818375e-03,8.257403224706649780e-02,-1.230726912617683411e-01,-3.843544423580169678e-02,1.312494277954101562e-01,-1.040879916399717331e-02,7.796771079301834106e-02,-3.813798353075981140e-02,-2.605349943041801453e-02,1.145022287964820862e-01,-6.372340954840183258e-03,-1.042400896549224854e-01,2.018818259239196777e-02,3.501692414283752441e-02,-3.581488877534866333e-02,4.801617562770843506e-02,-3.895644843578338623e-02,-3.340037912130355835e-02,1.429003924131393433e-01,1.348788663744926453e-02,9.027900546789169312e-02,-1.301895231008529663e-01,-5.527335405349731445e-02,2.615490742027759552e-02,-5.202541127800941467e-02,-7.528804242610931396e-02,7.285884022712707520e-02,-8.894041180610656738e-02,-5.741705372929573059e-02,1.947045512497425079e-02,-6.044767424464225769e-02,-8.913338184356689453e-02,1.781252026557922363e-02,8.994485251605510712e-03,-1.519682910293340683e-02,-2.507027238607406616e-02,4.883839935064315796e-02,-2.597501315176486969e-02,-1.990275224670767784e-03,-1.025660037994384766e-01,-3.483781218528747559e-02,-1.325286738574504852e-02,5.331005901098251343e-02,4.734781384468078613e-02,-8.509129285812377930e-02,-8.116327226161956787e-03,-9.404608048498630524e-03,-1.740937530994415283e-01,-2.173919789493083954e-02,4.843158647418022156e-02,4.071723297238349915e-02,7.626936305314302444e-03,-2.819641260430216789e-03,8.668592572212219238e-02,1.144536435604095459e-01,-5.597488954663276672e-02,2.297162450850009918e-02,7.414613501168787479e-04,-5.644077435135841370e-02,-1.239080302184447646e-04,4.991113021969795227e-02,-1.186877712607383728e-01,2.159020677208900452e-02,5.984024610370397568e-03,5.033378675580024719e-02,1.470872294157743454e-02,2.166487649083137512e-02,2.291416190564632416e-02,-3.328057378530502319e-02,1.030169334262609482e-02,-1.863962598145008087e-02,5.420617759227752686e-02,1.712877303361892700e-02,-1.076800981536507607e-05,-6.958038359880447388e-02,-8.353792130947113037e-02,-2.836654335260391235e-02,-4.046149179339408875e-02,-5.061165243387222290e-02,-2.513768337666988373e-02,6.235838308930397034e-02,-1.055595576763153076e-01,3.619583323597908020e-02,-1.061702668666839600e-01,8.426520228385925293e-02,-3.921862225979566574e-03,2.291224524378776550e-02,-9.425009600818157196e-03,-7.350905239582061768e-02,-9.687639772891998291e-03,8.883839845657348633e-02,-3.959298878908157349e-02,2.514175139367580414e-02,5.914321914315223694e-02,-1.575363217853009701e-03,4.399160388857126236e-03,5.711542069911956787e-02,-9.408682584762573242e-03,2.730942890048027039e-02,-1.904141716659069061e-02,-1.040653511881828308e-01,-4.133698530495166779e-03,5.598387215286493301e-04,1.474844850599765778e-02
-9.773708879947662354e-02,-5.232325568795204163e-02,3.600060343742370605e-01,-2.463101446628570557e-01,-1.802562922239303589e-01,-1.831287518143653870e-02,-6.942906975746154785e-02,-1.447895765304565430e-01,-6.862363964319229126e-02,-1.247934773564338684e-01,-2.271821536123752594e-02,1.501540243625640869e-01,-2.468554973602294922e-01,-2.507846355438232422e-01,-3.352358043193817139e-01,-3.212862908840179443e-01,1.286141457967460155e-03,-1.669009923934936523e-01,1.805762946605682373e-01,1.803837567567825317e-01,1.414436399936676025e-01,-3.285452425479888916e-01,-2.034528851509094238e-01,2.543963491916656494e-02,-4.141928255558013916e-02,-3.572480380535125732e-01,3.303003907203674316e-01,1.742493957281112671e-01,-3.217878639698028564e-01,1.208970844745635986e-01,-4.893603920936584473e-02,3.527522683143615723e-01,-2.384844422340393066e-01,-2.120923101902008057e-01,1.722317934036254883e-02,3.640777170658111572e-01,-8.156666904687881470e-02,-1.843220591545104980e-01,2.537654042243957520e-01,2.419798225164413452e-01,-2.948090136051177979e-01,-3.727249056100845337e-02,-2.880885899066925049e-01,-5.153182521462440491e-02,6.432437221519649029e-04,2.376882731914520264e-01,3.628507256507873535e-01,1.043228656053543091e-01,2.484164945781230927e-02,-4.456690978258848190e-03,-8.278379589319229126e-02,8.965873718261718750e-02,-9.026422351598739624e-02,3.850357979536056519e-02,1.144640613347291946e-02,3.726314902305603027e-01,-8.339005708694458008e-02,-3.058933466672897339e-02,1.705098152160644531e-01,1.861963719129562378e-01,4.023639857769012451e-02,-5.544953420758247375e-02,-1.414462924003601074e-02,-1.061486378312110901e-01,-3.918479196727275848e-03,7.911009341478347778e-02,-5.761058256030082703e-02,-3.279215395450592041e-01,3.341666162014007568e-01,-9.278975427150726318e-02,2.764593064785003662e-01,7.620571553707122803e-02,8.063878118991851807e-02,-3.516832590103149414e-01,8.136253058910369873e-02,3.052603602409362793e-01,7.183657493442296982e-03,-4.062316715717315674e-01,1.219258084893226624e-01,3.362491130828857422e-01,-3.760707080364227295e-01,-3.557400079444050789e-03,2.664438188076019287e-01,-2.787562320008873940e-03,2.824985980987548828e-01,2.926384806632995605e-01,-1.668753772974014282e-01,-1.454384252429008484e-02,-1.634824723005294800e-01,-1.486224681138992310e-01,5.572505667805671692e-02,7.838365435600280762e-02,2.635941207408905029e-01,-9.323727339506149292e-02,3.186684548854827881e-01,3.255428746342658997e-02,-2.089111059904098511e-01,3.397576801944524050e-04,2.704222798347473145e-01,-1.571199148893356323e-01,1.137275621294975281e-01,-1.341657042503356934e-01,3.745631277561187744e-01,1.504923254251480103e-01,-3.934132456779479980e-01,-6.074986234307289124e-02,2.367277145385742188e-01,3.203052580356597900e-01,7.269320636987686157e-02,2.466874755918979645e-02,-2.336613237857818604e-01,1.833906918764114380e-01,3.034297823905944824e-01,1.307125948369503021e-02,-3.612482249736785889e-01,3.186659812927246094e-01,-2.141090929508209229e-01,-1.062268689274787903e-01,3.715861737728118896e-01,-1.051671355962753296e-01,-1.710479259490966797e-01,-2.804064154624938965e-01,-3.221424520015716553e-01,1.141722276806831360e-01,1.818052083253860474e-01,2.299592792987823486e-01,-2.359458059072494507e-02,-1.952288746833801270e-01
