9.999982714653015137e-01,-9.999984502792358398e-01,-9.999940395355224609e-01,9.999968409538269043e-01,9.999986886978149414e-01,-9.999986886978149414e-01,9.999942183494567871e-01,9.999990463256835938e-01,-9.999893307685852051e-01,9.999984502792358398e-01,-9.999988079071044922e-01,-9.999988675117492676e-01,9.999977946281433105e-01,9.999982714653015137e-01,9.999956488609313965e-01,9.999921917915344238e-01,9.999973773956298828e-01,-9.999974370002746582e-01,9.999914765357971191e-01,-9.999991059303283691e-01,-9.999988675117492676e-01,9.999944567680358887e-01,9.999985098838806152e-01,9.999966621398925781e-01,9.999892115592956543e-01,9.999988079071044922e-01,-9.999980330467224121e-01,-9.999987483024597168e-01,9.999914765357971191e-01,-9.999966621398925781e-01,-9.999895691871643066e-01,-9.999979138374328613e-01,9.999809265136718750e-01,9.999940395355224609e-01,-9.999978542327880859e-01,9.999536871910095215e-01,9.999988675117492676e-01,9.999984502792358398e-01,9.999797940254211426e-01,-9.999988079071044922e-01,9.999985098838806152e-01,9.999914169311523438e-01,9.999811053276062012e-01,9.999988675117492676e-01,9.999979138374328613e-01,9.999977946281433105e-01,-9.999932646751403809e-01,9.999986290931701660e-01,9.999985098838806152e-01,-9.999985098838806152e-01,-9.999988079071044922e-01,-9.999985694885253906e-01,-9.999986290931701660e-01,-9.999929070472717285e-01,-9.999985694885253906e-01,-9.999979138374328613e-01,9.999741911888122559e-01,9.999946355819702148e-01,9.999927878379821777e-01,9.999982118606567383e-01,-9.999982714653015137e-01,9.999988079071044922e-01,9.999982714653015137e-01,9.999952912330627441e-01,-9.999929666519165039e-01,-9.999988675117492676e-01,-9.999990463256835938e-01,-9.999951720237731934e-01,-9.999988675117492676e-01,9.999980330467224121e-01,-9.999986886978149414e-01,9.999943375587463379e-01,-9.999949336051940918e-01,-9.999934434890747070e-01,-9.999858140945434570e-01,-9.999983906745910645e-01,9.999898076057434082e-01,9.999987483024597168e-01,-9.999926686286926270e-01,-9.999948740005493164e-01,9.999922513961791992e-01,9.999974370002746582e-01,-9.999987483024597168e-01,9.999980330467224121e-01,-9.999982118606567383e-01,-9.999812245368957520e-01,-9.999408721923828125e-01,9.999989271163940430e-01,9.999927878379821777e-01,9.999916553497314453e-01,-9.999924302101135254e-01,9.999982714653015137e-01,-9.999861121177673340e-01,-9.999971389770507812e-01,9.999969005584716797e-01,-9.999977946281433105e-01,-9.999849200248718262e-01,9.999989867210388184e-01,-9.999987483024597168e-01,9.999972581863403320e-01,-9.999967217445373535e-01,9.999988675117492676e-01,9.999549984931945801e-01,9.999568462371826172e-01,9.999986290931701660e-01,9.999948143959045410e-01,-9.999806284904479980e-01,-9.999985098838806152e-01,-9.999940395355224609e-01,9.999984502792358398e-01,-9.999985694885253906e-01,9.999970197677612305e-01,-9.999980926513671875e-01,-9.998682737350463867e-01,9.999989271163940430e-01,-9.999963641166687012e-01,9.999989271163940430e-01,-9.999975562095642090e-01,-9.999951720237731934e-01,-9.999955892562866211e-01,-9.999982714653015137e-01,9.999966621398925781e-01,9.999971985816955566e-01,-9.999966025352478027e-01,-9.999911785125732422e-01,-9.999941587448120117e-01,9.999273419380187988e-01,-9.999886751174926758e-01
-9.999984502792358398e-01,9.999986290931701660e-01,9.999948740005493164e-01,-9.999973773956298828e-01,-9.999989271163940430e-01,9.999988675117492676e-01,-9.999950528144836426e-01,-9.999991655349731445e-01,9.999908208847045898e-01,-9.999986290931701660e-01,9.999989271163940430e-01,9.999990463256835938e-01,-9.999980330467224121e-01,-9.999985694885253906e-01,-9.999961256980895996e-01,-9.999933242797851562e-01,-9.999977350234985352e-01,9.999978542327880859e-01,-9.999926090240478516e-01,9.999992251396179199e-01,9.999990463256835938e-01,-9.999952316284179688e-01,-9.999987483024597168e-01,-9.999971389770507812e-01,-9.999907016754150391e-01,-9.999989867210388184e-01,9.999983310699462891e-01,9.999989271163940430e-01,-9.999927282333374023e-01,9.999971389770507812e-01,9.999909996986389160e-01,9.999981522560119629e-01,-9.999835491180419922e-01,-9.999948740005493164e-01,9.999981522560119629e-01,-9.999600648880004883e-01,-9.999991059303283691e-01,-9.999987483024597168e-01,-9.999825954437255859e-01,9.999989867210388184e-01,-9.999987483024597168e-01,-9.999926090240478516e-01,-9.999837279319763184e-01,-9.999991059303283691e-01,-9.999982118606567383e-01,-9.999980330467224121e-01,9.999941587448120117e-01,-9.999988079071044922e-01,-9.999987483024597168e-01,9.999987483024597168e-01,9.999989271163940430e-01,9.999987483024597168e-01,9.999988079071044922e-01,9.999938607215881348e-01,9.999987483024597168e-01,9.999982118606567383e-01,-9.999778866767883301e-01,-9.999954104423522949e-01,-9.999939203262329102e-01,-9.999984502792358398e-01,9.999985098838806152e-01,-9.999989271163940430e-01,-9.999985098838806152e-01,-9.999959468841552734e-01,9.999939203262329102e-01,9.999989867210388184e-01,9.999991655349731445e-01,9.999957680702209473e-01,9.999989867210388184e-01,-9.999983310699462891e-01,9.999989271163940430e-01,-9.999951720237731934e-01,9.999955892562866211e-01,9.999943375587463379e-01,9.999877810478210449e-01,9.999986290931701660e-01,-9.999912977218627930e-01,-9.999989271163940430e-01,9.999938011169433594e-01,9.999956488609313965e-01,-9.999933242797851562e-01,-9.999977350234985352e-01,9.999989271163940430e-01,-9.999983310699462891e-01,9.999984502792358398e-01,9.999837875366210938e-01,9.999490976333618164e-01,-9.999992251396179199e-01,-9.999938011169433594e-01,-9.999927878379821777e-01,9.999935030937194824e-01,-9.999985098838806152e-01,9.999879598617553711e-01,9.999975562095642090e-01,-9.999973177909851074e-01,9.999980926513671875e-01,9.999870061874389648e-01,-9.999992251396179199e-01,9.999988079071044922e-01,-9.999975562095642090e-01,9.999971985816955566e-01,-9.999990463256835938e-01,-9.999612569808959961e-01,-9.999628663063049316e-01,-9.999988675117492676e-01,-9.999955892562866211e-01,9.999832510948181152e-01,9.999986290931701660e-01,9.999948740005493164e-01,-9.999986886978149414e-01,9.999986886978149414e-01,-9.999974370002746582e-01,9.999984502792358398e-01,9.998865127563476562e-01,-9.999991655349731445e-01,9.999968409538269043e-01,-9.999992251396179199e-01,9.999979138374328613e-01,9.999958872795104980e-01,9.999961256980895996e-01,9.999985098838806152e-01,-9.999971389770507812e-01,-9.999976158142089844e-01,9.999971985816955566e-01,9.999924302101135254e-01,9.999949336051940918e-01,-9.999374151229858398e-01,9.999901652336120605e-01
-9.999940395355224609e-01,9.999948740005493164e-01,9.999800920486450195e-01,-9.999896287918090820e-01,-9.999959468841552734e-01,9.999955892562866211e-01,-9.999807476997375488e-01,-9.999967217445373535e-01,9.999643564224243164e-01,-9.999948740005493164e-01,9.999958276748657227e-01,9.999961256980895996e-01,-9.999925494194030762e-01,-9.999942779541015625e-01,-9.999852180480957031e-01,-9.999737143516540527e-01,-9.999913573265075684e-01,9.999916553497314453e-01,-9.999713897705078125e-01,9.999967217445373535e-01,9.999961256980895996e-01,-9.999815821647644043e-01,-9.999951720237731934e-01,-9.999889135360717773e-01,-9.999639391899108887e-01,-9.999960660934448242e-01,9.999936223030090332e-01,9.999958276748657227e-01,-9.999718666076660156e-01,9.999890327453613281e-01,9.999650716781616211e-01,9.999930262565612793e-01,-9.999361634254455566e-01,-9.999801516532897949e-01,9.999929070472717285e-01,-9.998453259468078613e-01,-9.999961853027343750e-01,-9.999948740005493164e-01,-9.999322891235351562e-01,9.999959468841552734e-01,-9.999951124191284180e-01,-9.999714493751525879e-01,-9.999365806579589844e-01,-9.999963045120239258e-01,-9.999935030937194824e-01,-9.999924898147583008e-01,9.999774694442749023e-01,-9.999955296516418457e-01,-9.999951720237731934e-01,9.999948740005493164e-01,9.999958872795104980e-01,9.999951720237731934e-01,9.999955296516418457e-01,9.999762177467346191e-01,9.999952316284179688e-01,9.999931454658508301e-01,-9.999141097068786621e-01,-9.999818205833435059e-01,-9.999762773513793945e-01,-9.999938011169433594e-01,9.999942183494567871e-01,-9.999959468841552734e-01,-9.999942779541015625e-01,-9.999844431877136230e-01,9.999763965606689453e-01,9.999960064888000488e-01,9.999965429306030273e-01,9.999836087226867676e-01,9.999963045120239258e-01,-9.999934434890747070e-01,9.999958872795104980e-01,-9.999811649322509766e-01,9.999830126762390137e-01,9.999781250953674316e-01,9.999526739120483398e-01,9.999946951866149902e-01,-9.999661445617675781e-01,-9.999957084655761719e-01,9.999755620956420898e-01,9.999829530715942383e-01,-9.999741315841674805e-01,-9.999914765357971191e-01,9.999958872795104980e-01,-9.999936223030090332e-01,9.999940991401672363e-01,9.999371767044067383e-01,9.998024702072143555e-01,-9.999962449073791504e-01,-9.999759197235107422e-01,-9.999720454216003418e-01,9.999747276306152344e-01,-9.999942779541015625e-01,9.999535679817199707e-01,9.999905824661254883e-01,-9.999898076057434082e-01,9.999926686286926270e-01,9.999495148658752441e-01,-9.999964833259582520e-01,9.999958276748657227e-01,-9.999908804893493652e-01,9.999892115592956543e-01,-9.999961853027343750e-01,-9.998496174812316895e-01,-9.998559951782226562e-01,-9.999954700469970703e-01,-9.999825954437255859e-01,9.999352097511291504e-01,9.999946951866149902e-01,9.999800920486450195e-01,-9.999948143959045410e-01,9.999949932098388672e-01,-9.999904632568359375e-01,9.999936819076538086e-01,9.995605349540710449e-01,-9.999964833259582520e-01,9.999879598617553711e-01,-9.999964237213134766e-01,9.999922513961791992e-01,9.999840259552001953e-01,9.999851584434509277e-01,9.999939203262329102e-01,-9.999890327453613281e-01,-9.999908208847045898e-01,9.999888539314270020e-01,9.999702572822570801e-01,9.999804496765136719e-01,-9.997577667236328125e-01,9.999621510505676270e-01
9.999968409538269043e-01,-9.999973773956298828e-01,-9.999896287918090820e-01,9.999945759773254395e-01,9.999978542327880859e-01,-9.999976754188537598e-01,9.999899864196777344e-01,9.999982118606567383e-01,-9.999815225601196289e-01,9.999973773956298828e-01,-9.999977946281433105e-01,-9.999979734420776367e-01,9.999960660934448242e-01,9.999970793724060059e-01,9.999922513961791992e-01,9.999862313270568848e-01,9.999954700469970703e-01,-9.999957084655761719e-01,9.999850988388061523e-01,-9.999982714653015137e-01,-9.999979734420776367e-01,9.999904036521911621e-01,9.999975562095642090e-01,9.999942779541015625e-01,9.999813437461853027e-01,9.999979138374328613e-01,-9.999966025352478027e-01,-9.999977946281433105e-01,9.999853372573852539e-01,-9.999943971633911133e-01,-9.999818205833435059e-01,-9.999964237213134766e-01,9.999666213989257812e-01,9.999896287918090820e-01,-9.999962449073791504e-01,9.999193549156188965e-01,9.999979734420776367e-01,9.999973177909851074e-01,9.999647140502929688e-01,-9.999979138374328613e-01,9.999974966049194336e-01,9.999850988388061523e-01,9.999669790267944336e-01,9.999980330467224121e-01,9.999966025352478027e-01,9.999960064888000488e-01,-9.999883174896240234e-01,9.999976754188537598e-01,9.999974966049194336e-01,-9.999973773956298828e-01,-9.999977946281433105e-01,-9.999974966049194336e-01,-9.999976158142089844e-01,-9.999876618385314941e-01,-9.999975562095642090e-01,-9.999963641166687012e-01,9.999551773071289062e-01,9.999905824661254883e-01,9.999876618385314941e-01,9.999968409538269043e-01,-9.999969601631164551e-01,9.999979138374328613e-01,9.999969601631164551e-01,9.999919533729553223e-01,-9.999877214431762695e-01,-9.999979734420776367e-01,-9.999982714653015137e-01,-9.999915361404418945e-01,-9.999981522560119629e-01,9.999966025352478027e-01,-9.999978542327880859e-01,9.999901652336120605e-01,-9.999911785125732422e-01,-9.999886155128479004e-01,-9.999753832817077637e-01,-9.999973177909851074e-01,9.999824166297912598e-01,9.999977946281433105e-01,-9.999873638153076172e-01,-9.999911189079284668e-01,9.999864697456359863e-01,9.999955296516418457e-01,-9.999977946281433105e-01,9.999966025352478027e-01,-9.999970197677612305e-01,-9.999672174453735352e-01,-9.998970031738281250e-01,9.999980330467224121e-01,9.999874234199523926e-01,9.999854564666748047e-01,-9.999868273735046387e-01,9.999969601631164551e-01,-9.999758601188659668e-01,-9.999950528144836426e-01,9.999946951866149902e-01,-9.999961256980895996e-01,-9.999737739562988281e-01,9.999982714653015137e-01,-9.999977946281433105e-01,9.999952912330627441e-01,-9.999943971633911133e-01,9.999979734420776367e-01,9.999216198921203613e-01,9.999248981475830078e-01,9.999976754188537598e-01,9.999909996986389160e-01,-9.999662637710571289e-01,-9.999971985816955566e-01,-9.999896883964538574e-01,9.999973773956298828e-01,-9.999973773956298828e-01,9.999949336051940918e-01,-9.999966621398925781e-01,-9.997707605361938477e-01,9.999981522560119629e-01,-9.999937415122985840e-01,9.999982714653015137e-01,-9.999959468841552734e-01,-9.999917149543762207e-01,-9.999924302101135254e-01,-9.999967813491821289e-01,9.999943971633911133e-01,9.999952912330627441e-01,-9.999942183494567871e-01,-9.999846220016479492e-01,-9.999898076057434082e-01,9.998735785484313965e-01,-9.999802708625793457e-01
9.999986886978149414e-01,-9.999989271163940430e-01,-9.999959468841552734e-01,9.999978542327880859e-01,9.999991059303283691e-01,-9.999991655349731445e-01,9.999960660934448242e-01,9.999993443489074707e-01,-9.999928474426269531e-01,9.999989271163940430e-01,-9.999992847442626953e-01,-9.999992847442626953e-01,9.999984502792358398e-01,9.999988675117492676e-01,9.999969005584716797e-01,9.999946951866149902e-01,9.999982118606567383e-01,-9.999983310699462891e-01,9.999942779541015625e-01,-9.999994039535522461e-01,-9.999992847442626953e-01,9.999962449073791504e-01,9.999991059303283691e-01,9.999976754188537598e-01,9.999927878379821777e-01,9.999992251396179199e-01,-9.999986886978149414e-01,-9.999992251396179199e-01,9.999942779541015625e-01,-9.999977946281433105e-01,-9.999929666519165039e-01,-9.999985694885253906e-01,9.999871850013732910e-01,9.999959468841552734e-01,-9.999985694885253906e-01,9.999689459800720215e-01,9.999992847442626953e-01,9.999989271163940430e-01,9.999864101409912109e-01,-9.999992251396179199e-01,9.999990463256835938e-01,9.999942779541015625e-01,9.999872446060180664e-01,9.999992847442626953e-01,9.999986290931701660e-01,9.999984502792358398e-01,-9.999954104423522949e-01,9.999991655349731445e-01,9.999990463256835938e-01,-9.999989271163940430e-01,-9.999992251396179199e-01,-9.999989867210388184e-01,-9.999991655349731445e-01,-9.999952316284179688e-01,-9.999991059303283691e-01,-9.999985098838806152e-01,9.999827146530151367e-01,9.999963045120239258e-01,9.999951720237731934e-01,9.999987483024597168e-01,-9.999988079071044922e-01,9.999992847442626953e-01,9.999987483024597168e-01,9.999967813491821289e-01,-9.999953508377075195e-01,-9.999992251396179199e-01,-9.999992847442626953e-01,-9.999966621398925781e-01,-9.999993443489074707e-01,9.999986886978149414e-01,-9.999992251396179199e-01,9.999961853027343750e-01,-9.999965429306030273e-01,-9.999955296516418457e-01,-9.999905228614807129e-01,-9.999989271163940430e-01,9.999932050704956055e-01,9.999991655349731445e-01,-9.999951124191284180e-01,-9.999965429306030273e-01,9.999948143959045410e-01,9.999981522560119629e-01,-9.999992251396179199e-01,9.999986886978149414e-01,-9.999987483024597168e-01,-9.999874234199523926e-01,-9.999602437019348145e-01,9.999992847442626953e-01,9.999951124191284180e-01,9.999943971633911133e-01,-9.999948143959045410e-01,9.999988079071044922e-01,-9.999906420707702637e-01,-9.999979734420776367e-01,9.999978542327880859e-01,-9.999984502792358398e-01,-9.999898076057434082e-01,9.999993443489074707e-01,-9.999991655349731445e-01,9.999981522560119629e-01,-9.999977350234985352e-01,9.999992847442626953e-01,9.999697804450988770e-01,9.999710917472839355e-01,9.999991059303283691e-01,9.999964237213134766e-01,-9.999868869781494141e-01,-9.999989271163940430e-01,-9.999960064888000488e-01,9.999989271163940430e-01,-9.999989271163940430e-01,9.999979138374328613e-01,-9.999986886978149414e-01,-9.999115467071533203e-01,9.999992847442626953e-01,-9.999975562095642090e-01,9.999993443489074707e-01,-9.999983310699462891e-01,-9.999967813491821289e-01,-9.999970197677612305e-01,-9.999987483024597168e-01,9.999976754188537598e-01,9.999981522560119629e-01,-9.999977350234985352e-01,-9.999940395355224609e-01,-9.999960064888000488e-01,9.999512434005737305e-01,-9.999923110008239746e-01
-9.999986886978149414e-01,9.999988675117492676e-01,9.999955892562866211e-01,-9.999976754188537598e-01,-9.999991655349731445e-01,9.999991059303283691e-01,-9.999958276748657227e-01,-9.999992847442626953e-01,9.999921917915344238e-01,-9.999988675117492676e-01,9.999991059303283691e-01,9.999992251396179199e-01,-9.999983310699462891e-01,-9.999986886978149414e-01,-9.999966621398925781e-01,-9.999943971633911133e-01,-9.999980926513671875e-01,9.999980926513671875e-01,-9.999938011169433594e-01,9.999993443489074707e-01,9.999992251396179199e-01,-9.999960064888000488e-01,-9.999988675117492676e-01,-9.999975562095642090e-01,-9.999921917915344238e-01,-9.999991059303283691e-01,9.999985694885253906e-01,9.999991655349731445e-01,-9.999938011169433594e-01,9.999976158142089844e-01,9.999924302101135254e-01,9.999984502792358398e-01,-9.999861717224121094e-01,-9.999957084655761719e-01,9.999984502792358398e-01,-9.999663829803466797e-01,-9.999992251396179199e-01,-9.999988675117492676e-01,-9.999853372573852539e-01,9.999991655349731445e-01,-9.999989271163940430e-01,-9.999938011169433594e-01,-9.999862909317016602e-01,-9.999992251396179199e-01,-9.999985098838806152e-01,-9.999983310699462891e-01,9.999951124191284180e-01,-9.999990463256835938e-01,-9.999989271163940430e-01,9.999988675117492676e-01,9.999991655349731445e-01,9.999988675117492676e-01,9.999991059303283691e-01,9.999948143959045410e-01,9.999989271163940430e-01,9.999983906745910645e-01,-9.999814033508300781e-01,-9.999958872795104980e-01,-9.999948740005493164e-01,-9.999986290931701660e-01,9.999987483024597168e-01,-9.999992251396179199e-01,-9.999986886978149414e-01,-9.999964833259582520e-01,9.999949336051940918e-01,9.999991655349731445e-01,9.999992251396179199e-01,9.999964833259582520e-01,9.999992847442626953e-01,-9.999985694885253906e-01,9.999991655349731445e-01,-9.999959468841552734e-01,9.999961853027343750e-01,9.999951720237731934e-01,9.999897480010986328e-01,9.999988675117492676e-01,-9.999926090240478516e-01,-9.999991059303283691e-01,9.999946951866149902e-01,9.999962449073791504e-01,-9.999943971633911133e-01,-9.999980330467224121e-01,9.999990463256835938e-01,-9.999985694885253906e-01,9.999986290931701660e-01,9.999862909317016602e-01,9.999571442604064941e-01,-9.999992251396179199e-01,-9.999947547912597656e-01,-9.999939799308776855e-01,9.999944567680358887e-01,-9.999987483024597168e-01,9.999898672103881836e-01,9.999978542327880859e-01,-9.999976754188537598e-01,9.999983906745910645e-01,9.999890327453613281e-01,-9.999992847442626953e-01,9.999991059303283691e-01,-9.999980330467224121e-01,9.999976158142089844e-01,-9.999992251396179199e-01,-9.999673366546630859e-01,-9.999688267707824707e-01,-9.999990463256835938e-01,-9.999961853027343750e-01,9.999859929084777832e-01,9.999988079071044922e-01,9.999957084655761719e-01,-9.999988079071044922e-01,9.999989271163940430e-01,-9.999978542327880859e-01,9.999986290931701660e-01,9.999046325683593750e-01,-9.999992847442626953e-01,9.999973773956298828e-01,-9.999992847442626953e-01,9.999982118606567383e-01,9.999964237213134766e-01,9.999967813491821289e-01,9.999986886978149414e-01,-9.999974966049194336e-01,-9.999979734420776367e-01,9.999975562095642090e-01,9.999935626983642578e-01,9.999957084655761719e-01,-9.999474287033081055e-01,9.999917745590209961e-01
9.999942183494567871e-01,-9.999950528144836426e-01,-9.999807476997375488e-01,9.999899864196777344e-01,9.999960660934448242e-01,-9.999958276748657227e-01,9.999814033508300781e-01,9.999968409538269043e-01,-9.999656081199645996e-01,9.999949932098388672e-01,-9.999958872795104980e-01,-9.999963045120239258e-01,9.999927878379821777e-01,9.999945163726806641e-01,9.999856948852539062e-01,9.999746084213256836e-01,9.999916553497314453e-01,-9.999920129776000977e-01,9.999723434448242188e-01,-9.999968409538269043e-01,-9.999963641166687012e-01,9.999821782112121582e-01,9.999953508377075195e-01,9.999893307685852051e-01,9.999651908874511719e-01,9.999961853027343750e-01,-9.999938011169433594e-01,-9.999960660934448242e-01,9.999727010726928711e-01,-9.999895095825195312e-01,-9.999662637710571289e-01,-9.999933242797851562e-01,9.999382495880126953e-01,9.999808669090270996e-01,-9.999931454658508301e-01,9.998505711555480957e-01,9.999964237213134766e-01,9.999950528144836426e-01,9.999345541000366211e-01,-9.999961256980895996e-01,9.999953508377075195e-01,9.999724030494689941e-01,9.999388456344604492e-01,9.999964237213134766e-01,9.999937415122985840e-01,9.999927282333374023e-01,-9.999782443046569824e-01,9.999956488609313965e-01,9.999953508377075195e-01,-9.999951124191284180e-01,-9.999959468841552734e-01,-9.999954104423522949e-01,-9.999957084655761719e-01,-9.999771118164062500e-01,-9.999954700469970703e-01,-9.999933838844299316e-01,9.999169707298278809e-01,9.999825358390808105e-01,9.999771714210510254e-01,9.999940395355224609e-01,-9.999944567680358887e-01,9.999961853027343750e-01,9.999943971633911133e-01,9.999850392341613770e-01,-9.999774098396301270e-01,-9.999961256980895996e-01,-9.999967217445373535e-01,-9.999841451644897461e-01,-9.999965429306030273e-01,9.999938011169433594e-01,-9.999960064888000488e-01,9.999818205833435059e-01,-9.999835491180419922e-01,-9.999788999557495117e-01,-9.999542832374572754e-01,-9.999948740005493164e-01,9.999673962593078613e-01,9.999958872795104980e-01,-9.999764561653137207e-01,-9.999835491180419922e-01,9.999749660491943359e-01,9.999917745590209961e-01,-9.999959468841552734e-01,9.999938011169433594e-01,-9.999943971633911133e-01,-9.999392032623291016e-01,-9.998092055320739746e-01,9.999964833259582520e-01,9.999767541885375977e-01,9.999732375144958496e-01,-9.999755620956420898e-01,9.999945759773254395e-01,-9.999551773071289062e-01,-9.999908804893493652e-01,9.999901652336120605e-01,-9.999929666519165039e-01,-9.999513626098632812e-01,9.999966025352478027e-01,-9.999959468841552734e-01,9.999912977218627930e-01,-9.999896287918090820e-01,9.999963045120239258e-01,9.998547434806823730e-01,9.998610019683837891e-01,9.999957084655761719e-01,9.999832510948181152e-01,-9.999374747276306152e-01,-9.999949336051940918e-01,-9.999808073043823242e-01,9.999950528144836426e-01,-9.999952912330627441e-01,9.999907016754150391e-01,-9.999939799308776855e-01,-9.995754957199096680e-01,9.999966025352478027e-01,-9.999883770942687988e-01,9.999965429306030273e-01,-9.999924898147583008e-01,-9.999846816062927246e-01,-9.999857544898986816e-01,-9.999940991401672363e-01,9.999893903732299805e-01,9.999911785125732422e-01,-9.999893307685852051e-01,-9.999713897705078125e-01,-9.999811053276062012e-01,9.997660517692565918e-01,-9.999634027481079102e-01
9.999990463256835938e-01,-9.999991655349731445e-01,-9.999967217445373535e-01,9.999982118606567383e-01,9.999993443489074707e-01,-9.999992847442626953e-01,9.999968409538269043e-01,9.999995231628417969e-01,-9.999940991401672363e-01,9.999992847442626953e-01,-9.999994039535522461e-01,-9.999994039535522461e-01,9.999987483024597168e-01,9.999992251396179199e-01,9.999974966049194336e-01,9.999956488609313965e-01,9.999985098838806152e-01,-9.999985694885253906e-01,9.999952912330627441e-01,-9.999994635581970215e-01,-9.999994039535522461e-01,9.999968409538269043e-01,9.999992251396179199e-01,9.999980926513671875e-01,9.999940395355224609e-01,9.999993443489074707e-01,-9.999989271163940430e-01,-9.999993443489074707e-01,9.999951720237731934e-01,-9.999981522560119629e-01,-9.999941587448120117e-01,-9.999988675117492676e-01,9.999892711639404297e-01,9.999966025352478027e-01,-9.999988079071044922e-01,9.999740719795227051e-01,9.999994039535522461e-01,9.999992847442626953e-01,9.999886155128479004e-01,-9.999993443489074707e-01,9.999993443489074707e-01,9.999951720237731934e-01,9.999893903732299805e-01,9.999994039535522461e-01,9.999989271163940430e-01,9.999986886978149414e-01,-9.999962449073791504e-01,9.999993443489074707e-01,9.999992251396179199e-01,-9.999991655349731445e-01,-9.999994039535522461e-01,-9.999992251396179199e-01,-9.999992847442626953e-01,-9.999959468841552734e-01,-9.999993443489074707e-01,-9.999988079071044922e-01,9.999855756759643555e-01,9.999969005584716797e-01,9.999959468841552734e-01,9.999989867210388184e-01,-9.999990463256835938e-01,9.999994039535522461e-01,9.999991059303283691e-01,9.999973773956298828e-01,-9.999961256980895996e-01,-9.999994635581970215e-01,-9.999994635581970215e-01,-9.999973177909851074e-01,-9.999994039535522461e-01,9.999989271163940430e-01,-9.999992847442626953e-01,9.999967813491821289e-01,-9.999971389770507812e-01,-9.999962449073791504e-01,-9.999920725822448730e-01,-9.999991655349731445e-01,9.999943375587463379e-01,9.999994039535522461e-01,-9.999959468841552734e-01,-9.999971985816955566e-01,9.999957084655761719e-01,9.999985694885253906e-01,-9.999993443489074707e-01,9.999989271163940430e-01,-9.999990463256835938e-01,-9.999894499778747559e-01,-9.999668598175048828e-01,9.999994635581970215e-01,9.999959468841552734e-01,9.999954104423522949e-01,-9.999957680702209473e-01,9.999991059303283691e-01,-9.999922513961791992e-01,-9.999983906745910645e-01,9.999982714653015137e-01,-9.999988079071044922e-01,-9.999915361404418945e-01,9.999995231628417969e-01,-9.999993443489074707e-01,9.999984502792358398e-01,-9.999981522560119629e-01,9.999994039535522461e-01,9.999748468399047852e-01,9.999759197235107422e-01,9.999993443489074707e-01,9.999970197677612305e-01,-9.999891519546508789e-01,-9.999991655349731445e-01,-9.999966025352478027e-01,9.999991655349731445e-01,-9.999992251396179199e-01,9.999982714653015137e-01,-9.999989867210388184e-01,-9.999261498451232910e-01,9.999994635581970215e-01,-9.999979734420776367e-01,9.999995231628417969e-01,-9.999986886978149414e-01,-9.999973177909851074e-01,-9.999975562095642090e-01,-9.999990463256835938e-01,9.999981522560119629e-01,9.999985098838806152e-01,-9.999982118606567383e-01,-9.999950528144836426e-01,-9.999966621398925781e-01,9.999593496322631836e-01,-9.999936819076538086e-01
-9.999893307685852051e-01,9.999908208847045898e-01,9.999643564224243164e-01,-9.999815225601196289e-01,-9.999928474426269531e-01,9.999921917915344238e-01,-9.999656081199645996e-01,-9.999940991401672363e-01,9.999364018440246582e-01,-9.999907612800598145e-01,9.999924898147583008e-01,9.999932050704956055e-01,-9.999867677688598633e-01,-9.999899268150329590e-01,-9.999735355377197266e-01,-9.999528527259826660e-01,-9.999845623970031738e-01,9.999852180480957031e-01,-9.999487996101379395e-01,9.999942779541015625e-01,9.999933242797851562e-01,-9.999669790267944336e-01,-9.999914765357971191e-01,-9.999803304672241211e-01,-9.999357461929321289e-01,-9.999930262565612793e-01,9.999886751174926758e-01,9.999925494194030762e-01,-9.999495744705200195e-01,9.999805688858032227e-01,9.999375939369201660e-01,9.999874830245971680e-01,-9.998857378959655762e-01,-9.999644756317138672e-01,9.999874830245971680e-01,-9.997236132621765137e-01,-9.999934434890747070e-01,-9.999908208847045898e-01,-9.998790621757507324e-01,9.999929070472717285e-01,-9.999913573265075684e-01,-9.999487996101379395e-01,-9.998866319656372070e-01,-9.999935626983642578e-01,-9.999885559082031250e-01,-9.999865889549255371e-01,9.999597668647766113e-01,-9.999919533729553223e-01,-9.999913573265075684e-01,9.999908804893493652e-01,9.999926686286926270e-01,9.999914765357971191e-01,9.999920129776000977e-01,9.999575614929199219e-01,9.999914765357971191e-01,9.999877810478210449e-01,-9.998465180397033691e-01,-9.999675750732421875e-01,-9.999576807022094727e-01,-9.999890327453613281e-01,9.999896883964538574e-01,-9.999929666519165039e-01,-9.999897480010986328e-01,-9.999723434448242188e-01,9.999579787254333496e-01,9.999930262565612793e-01,9.999939799308776855e-01,9.999707341194152832e-01,9.999935626983642578e-01,-9.999884963035583496e-01,9.999927282333374023e-01,-9.999663233757019043e-01,9.999697208404541016e-01,9.999608397483825684e-01,9.999154806137084961e-01,9.999905824661254883e-01,-9.999396204948425293e-01,-9.999923706054687500e-01,9.999562501907348633e-01,9.999694824218750000e-01,-9.999536275863647461e-01,-9.999849200248718262e-01,9.999926090240478516e-01,-9.999885559082031250e-01,9.999896287918090820e-01,9.998877048492431641e-01,9.996470212936401367e-01,-9.999933838844299316e-01,-9.999568462371826172e-01,-9.999501705169677734e-01,9.999547600746154785e-01,-9.999898076057434082e-01,9.999171495437622070e-01,9.999831914901733398e-01,-9.999818801879882812e-01,9.999869465827941895e-01,9.999099969863891602e-01,-9.999938011169433594e-01,9.999924898147583008e-01,-9.999838471412658691e-01,9.999808073043823242e-01,-9.999932646751403809e-01,-9.997312426567077637e-01,-9.997427463531494141e-01,-9.999919533729553223e-01,-9.999688863754272461e-01,9.998843073844909668e-01,9.999905824661254883e-01,9.999644160270690918e-01,-9.999908804893493652e-01,9.999911785125732422e-01,-9.999829530715942383e-01,9.999887347221374512e-01,9.992150664329528809e-01,-9.999938607215881348e-01,9.999784827232360840e-01,-9.999936819076538086e-01,9.999861717224121094e-01,9.999716877937316895e-01,9.999736547470092773e-01,9.999892115592956543e-01,-9.999805092811584473e-01,-9.999835491180419922e-01,9.999801516532897949e-01,9.999467730522155762e-01,9.999650120735168457e-01,-9.995670914649963379e-01,9.999324083328247070e-01
9.999984502792358398e-01,-9.999986290931701660e-01,-9.999948740005493164e-01,9.999973773956298828e-01,9.999989271163940430e-01,-9.999988675117492676e-01,9.999949932098388672e-01,9.999992847442626953e-01,-9.999907612800598145e-01,9.999986290931701660e-01,-9.999989271163940430e-01,-9.999990463256835938e-01,9.999980330467224121e-01,9.999985694885253906e-01,9.999961256980895996e-01,9.999932646751403809e-01,9.999977350234985352e-01,-9.999977350234985352e-01,9.999926090240478516e-01,-9.999992251396179199e-01,-9.999991655349731445e-01,9.999952316284179688e-01,9.999988079071044922e-01,9.999970197677612305e-01,9.999907016754150391e-01,9.999989867210388184e-01,-9.999983906745910645e-01,-9.999989271163940430e-01,9.999927282333374023e-01,-9.999971389770507812e-01,-9.999909996986389160e-01,-9.999981522560119629e-01,9.999835491180419922e-01,9.999948740005493164e-01,-9.999981522560119629e-01,9.999599456787109375e-01,9.999991059303283691e-01,9.999986886978149414e-01,9.999825358390808105e-01,-9.999988675117492676e-01,9.999987483024597168e-01,9.999926090240478516e-01,9.999836087226867676e-01,9.999991059303283691e-01,9.999982118606567383e-01,9.999980330467224121e-01,-9.999941587448120117e-01,9.999988079071044922e-01,9.999987483024597168e-01,-9.999986290931701660e-01,-9.999989867210388184e-01,-9.999986886978149414e-01,-9.999988079071044922e-01,-9.999938607215881348e-01,-9.999987483024597168e-01,-9.999982118606567383e-01,9.999778270721435547e-01,9.999952912330627441e-01,9.999938607215881348e-01,9.999983906745910645e-01,-9.999985098838806152e-01,9.999989271163940430e-01,9.999985098838806152e-01,9.999959468841552734e-01,-9.999939203262329102e-01,-9.999990463256835938e-01,-9.999991655349731445e-01,-9.999958276748657227e-01,-9.999991059303283691e-01,9.999983310699462891e-01,-9.999988675117492676e-01,9.999951124191284180e-01,-9.999955892562866211e-01,-9.999943375587463379e-01,-9.999878406524658203e-01,-9.999986290931701660e-01,9.999912977218627930e-01,9.999989271163940430e-01,-9.999936819076538086e-01,-9.999955892562866211e-01,9.999933242797851562e-01,9.999977350234985352e-01,-9.999989271163940430e-01,9.999983310699462891e-01,-9.999984502792358398e-01,-9.999837279319763184e-01,-9.999489188194274902e-01,9.999991059303283691e-01,9.999937415122985840e-01,9.999927878379821777e-01,-9.999934434890747070e-01,9.999985098838806152e-01,-9.999879598617553711e-01,-9.999974966049194336e-01,9.999973177909851074e-01,-9.999980926513671875e-01,-9.999870061874389648e-01,9.999992251396179199e-01,-9.999989271163940430e-01,9.999975562095642090e-01,-9.999971985816955566e-01,9.999990463256835938e-01,9.999611377716064453e-01,9.999627470970153809e-01,9.999988079071044922e-01,9.999955892562866211e-01,-9.999832510948181152e-01,-9.999986886978149414e-01,-9.999948740005493164e-01,9.999986886978149414e-01,-9.999986886978149414e-01,9.999974370002746582e-01,-9.999984502792358398e-01,-9.998861551284790039e-01,9.999991655349731445e-01,-9.999968409538269043e-01,9.999992251396179199e-01,-9.999979138374328613e-01,-9.999958276748657227e-01,-9.999961256980895996e-01,-9.999983906745910645e-01,9.999971389770507812e-01,9.999976754188537598e-01,-9.999970793724060059e-01,-9.999923110008239746e-01,-9.999949336051940918e-01,9.999374151229858398e-01,-9.999901652336120605e-01
-9.999988079071044922e-01,9.999989271163940430e-01,9.999958276748657227e-01,-9.999977946281433105e-01,-9.999992847442626953e-01,9.999991059303283691e-01,-9.999958872795104980e-01,-9.999994039535522461e-01,9.999924898147583008e-01,-9.999989271163940430e-01,9.999992251396179199e-01,9.999992251396179199e-01,-9.999983906745910645e-01,-9.999988675117492676e-01,-9.999967813491821289e-01,-9.999944567680358887e-01,-9.999981522560119629e-01,9.999982118606567383e-01,-9.999939799308776855e-01,9.999993443489074707e-01,9.999993443489074707e-01,-9.999960064888000488e-01,-9.999990463256835938e-01,-9.999976754188537598e-01,-9.999924302101135254e-01,-9.999992251396179199e-01,9.999986886978149414e-01,9.999991655349731445e-01,-9.999940991401672363e-01,9.999977350234985352e-01,9.999926686286926270e-01,9.999985694885253906e-01,-9.999863505363464355e-01,-9.999958276748657227e-01,9.999984502792358398e-01,-9.999669790267944336e-01,-9.999992251396179199e-01,-9.999989271163940430e-01,-9.999855756759643555e-01,9.999991655349731445e-01,-9.999989867210388184e-01,-9.999939203262329102e-01,-9.999865889549255371e-01,-9.999993443489074707e-01,-9.999986290931701660e-01,-9.999984502792358398e-01,9.999952316284179688e-01,-9.999991059303283691e-01,-9.999989867210388184e-01,9.999989867210388184e-01,9.999992847442626953e-01,9.999989867210388184e-01,9.999991059303283691e-01,9.999949932098388672e-01,9.999990463256835938e-01,9.999986290931701660e-01,-9.999817013740539551e-01,-9.999960660934448242e-01,-9.999949336051940918e-01,-9.999987483024597168e-01,9.999988079071044922e-01,-9.999992251396179199e-01,-9.999988079071044922e-01,-9.999965429306030273e-01,9.999950528144836426e-01,9.999991655349731445e-01,9.999993443489074707e-01,9.999964237213134766e-01,9.999992847442626953e-01,-9.999986290931701660e-01,9.999991655349731445e-01,-9.999960660934448242e-01,9.999963045120239258e-01,9.999953508377075195e-01,9.999899864196777344e-01,9.999989271163940430e-01,-9.999927878379821777e-01,-9.999992251396179199e-01,9.999947547912597656e-01,9.999964237213134766e-01,-9.999944567680358887e-01,-9.999981522560119629e-01,9.999991655349731445e-01,-9.999986886978149414e-01,9.999987483024597168e-01,9.999867081642150879e-01,9.999578595161437988e-01,-9.999992251396179199e-01,-9.999948740005493164e-01,-9.999940395355224609e-01,9.999946951866149902e-01,-9.999988079071044922e-01,9.999901056289672852e-01,9.999980330467224121e-01,-9.999977946281433105e-01,9.999983906745910645e-01,9.999892711639404297e-01,-9.999994039535522461e-01,9.999991655349731445e-01,-9.999981522560119629e-01,9.999976754188537598e-01,-9.999992251396179199e-01,-9.999679327011108398e-01,-9.999694228172302246e-01,-9.999990463256835938e-01,-9.999963641166687012e-01,9.999862909317016602e-01,9.999989271163940430e-01,9.999958276748657227e-01,-9.999988675117492676e-01,9.999989867210388184e-01,-9.999979734420776367e-01,9.999986886978149414e-01,9.999060630798339844e-01,-9.999992847442626953e-01,9.999973773956298828e-01,-9.999993443489074707e-01,9.999983310699462891e-01,9.999965429306030273e-01,9.999969005584716797e-01,9.999987483024597168e-01,-9.999976754188537598e-01,-9.999981522560119629e-01,9.999976754188537598e-01,9.999937415122985840e-01,9.999958872795104980e-01,-9.999483227729797363e-01,9.999919533729553223e-01
-9.999988675117492676e-01,9.999990463256835938e-01,9.999961256980895996e-01,-9.999979734420776367e-01,-9.999992847442626953e-01,9.999992251396179199e-01,-9.999963045120239258e-01,-9.999994039535522461e-01,9.999932050704956055e-01,-9.999990463256835938e-01,9.999992251396179199e-01,9.999992847442626953e-01,-9.999985694885253906e-01,-9.999989271163940430e-01,-9.999971389770507812e-01,-9.999949932098388672e-01,-9.999983310699462891e-01,9.999983906745910645e-01,-9.999945759773254395e-01,9.999994039535522461e-01,9.999992847442626953e-01,-9.999964237213134766e-01,-9.999991059303283691e-01,-9.999978542327880859e-01,-9.999931454658508301e-01,-9.999992251396179199e-01,9.999987483024597168e-01,9.999991655349731445e-01,-9.999945759773254395e-01,9.999979138374328613e-01,9.999932646751403809e-01,9.999986290931701660e-01,-9.999878406524658203e-01,-9.999961853027343750e-01,9.999985694885253906e-01,-9.999706149101257324e-01,-9.999993443489074707e-01,-9.999990463256835938e-01,-9.999871253967285156e-01,9.999992847442626953e-01,-9.999991059303283691e-01,-9.999945759773254395e-01,-9.999879598617553711e-01,-9.999993443489074707e-01,-9.999986886978149414e-01,-9.999984502792358398e-01,9.999957084655761719e-01,-9.999991655349731445e-01,-9.999991059303283691e-01,9.999989271163940430e-01,9.999992251396179199e-01,9.999991059303283691e-01,9.999991059303283691e-01,9.999954104423522949e-01,9.999991059303283691e-01,9.999986886978149414e-01,-9.999836087226867676e-01,-9.999964833259582520e-01,-9.999954104423522949e-01,-9.999988079071044922e-01,9.999988675117492676e-01,-9.999992251396179199e-01,-9.999988675117492676e-01,-9.999969005584716797e-01,9.999955296516418457e-01,9.999992847442626953e-01,9.999993443489074707e-01,9.999968409538269043e-01,9.999992847442626953e-01,-9.999987483024597168e-01,9.999992847442626953e-01,-9.999963641166687012e-01,9.999967217445373535e-01,9.999957680702209473e-01,9.999909996986389160e-01,9.999989271163940430e-01,-9.999935626983642578e-01,-9.999992847442626953e-01,9.999953508377075195e-01,9.999967217445373535e-01,-9.999950528144836426e-01,-9.999982714653015137e-01,9.999992251396179199e-01,-9.999987483024597168e-01,9.999988079071044922e-01,9.999879598617553711e-01,9.999623894691467285e-01,-9.999993443489074707e-01,-9.999953508377075195e-01,-9.999946355819702148e-01,9.999951124191284180e-01,-9.999989271163940430e-01,9.999911189079284668e-01,9.999980926513671875e-01,-9.999980330467224121e-01,9.999985694885253906e-01,9.999903440475463867e-01,-9.999993443489074707e-01,9.999991655349731445e-01,-9.999982714653015137e-01,9.999978542327880859e-01,-9.999992251396179199e-01,-9.999713897705078125e-01,-9.999726414680480957e-01,-9.999991655349731445e-01,-9.999966621398925781e-01,9.999877214431762695e-01,9.999989867210388184e-01,9.999961256980895996e-01,-9.999990463256835938e-01,9.999991059303283691e-01,-9.999980330467224121e-01,9.999988079071044922e-01,9.999162554740905762e-01,-9.999994039535522461e-01,9.999976158142089844e-01,-9.999993443489074707e-01,9.999983906745910645e-01,9.999968409538269043e-01,9.999971389770507812e-01,9.999988079071044922e-01,-9.999977946281433105e-01,-9.999980926513671875e-01,9.999978542327880859e-01,9.999943375587463379e-01,9.999961256980895996e-01,-9.999538660049438477e-01,9.999927878379821777e-01
