9.999982714653015137e-01,-9.999985694885253906e-01,-9.999942183494567871e-01,9.999973773956298828e-01,9.999988675117492676e-01,-9.999987483024597168e-01,9.999949932098388672e-01,9.999990463256835938e-01,-9.999944567680358887e-01,9.999982714653015137e-01,-9.999988079071044922e-01,-9.999989271163940430e-01,9.999979734420776367e-01,9.999983906745910645e-01,9.999947547912597656e-01,9.999942779541015625e-01,9.999973177909851074e-01,-9.999977350234985352e-01,9.999921321868896484e-01,-9.999991059303283691e-01,-9.999989271163940430e-01,9.999940395355224609e-01,9.999985694885253906e-01,9.999974966049194336e-01,9.999884963035583496e-01,9.999988079071044922e-01,-9.999981522560119629e-01,-9.999988675117492676e-01,9.999908208847045898e-01,-9.999964833259582520e-01,-9.999908208847045898e-01,-9.999979734420776367e-01,9.999838471412658691e-01,9.999949932098388672e-01,-9.999979734420776367e-01,9.999678730964660645e-01,9.999989271163940430e-01,9.999984502792358398e-01,9.999860525131225586e-01,-9.999988079071044922e-01,9.999985694885253906e-01,9.999821186065673828e-01,9.999835491180419922e-01,9.999988675117492676e-01,9.999981522560119629e-01,9.999979734420776367e-01,-9.999927878379821777e-01,9.999985694885253906e-01,9.999986886978149414e-01,-9.999984502792358398e-01,-9.999988079071044922e-01,-9.999985098838806152e-01,-9.999987483024597168e-01,-9.999930858612060547e-01,-9.999983906745910645e-01,-9.999980330467224121e-01,-9.999775290489196777e-01,9.999911785125732422e-01,9.999950528144836426e-01,9.999982714653015137e-01,-9.999983310699462891e-01,9.999988079071044922e-01,9.999983310699462891e-01,9.999953508377075195e-01,-9.999940991401672363e-01,-9.999988675117492676e-01,-9.999990463256835938e-01,-9.999957084655761719e-01,-9.999989271163940430e-01,9.999982714653015137e-01,-9.999988079071044922e-01,9.999965429306030273e-01,-9.999873638153076172e-01,-9.999935626983642578e-01,-9.999842047691345215e-01,-9.999982714653015137e-01,9.999907016754150391e-01,9.999986886978149414e-01,-9.999940991401672363e-01,-9.999952316284179688e-01,9.999896287918090820e-01,9.999975562095642090e-01,-9.999988079071044922e-01,9.999981522560119629e-01,-9.999982714653015137e-01,-9.999856352806091309e-01,9.998263120651245117e-01,9.999989271163940430e-01,9.999917149543762207e-01,9.999822378158569336e-01,-9.999939799308776855e-01,9.999982118606567383e-01,-9.999857544898986816e-01,-9.999972581863403320e-01,9.999974966049194336e-01,-9.999977350234985352e-01,-9.999876022338867188e-01,9.999989867210388184e-01,-9.999987483024597168e-01,9.999971389770507812e-01,-9.999966621398925781e-01,9.999988079071044922e-01,9.999212622642517090e-01,9.999533295631408691e-01,9.999986290931701660e-01,9.999962449073791504e-01,-9.999821782112121582e-01,-9.999983310699462891e-01,-9.999938011169433594e-01,9.999984502792358398e-01,-9.999984502792358398e-01,9.999976754188537598e-01,-9.999982118606567383e-01,-9.998824000358581543e-01,9.999989271163940430e-01,-9.999969601631164551e-01,9.999989271163940430e-01,-9.999978542327880859e-01,-9.999952316284179688e-01,-9.999966621398925781e-01,-9.999984502792358398e-01,9.999966025352478027e-01,9.999977350234985352e-01,-9.999970793724060059e-01,-9.999914169311523438e-01,-9.999946951866149902e-01,9.999818205833435059e-01,-9.999920129776000977e-01
-9.999985694885253906e-01,9.999988675117492676e-01,9.999952316284179688e-01,-9.999977946281433105e-01,-9.999991059303283691e-01,9.999989867210388184e-01,-9.999958276748657227e-01,-9.999993443489074707e-01,9.999953508377075195e-01,-9.999986290931701660e-01,9.999990463256835938e-01,9.999992251396179199e-01,-9.999983310699462891e-01,-9.999986290931701660e-01,-9.999955892562866211e-01,-9.999952316284179688e-01,-9.999977946281433105e-01,9.999981522560119629e-01,-9.999934434890747070e-01,9.999992251396179199e-01,9.999991655349731445e-01,-9.999950528144836426e-01,-9.999988079071044922e-01,-9.999979734420776367e-01,-9.999904632568359375e-01,-9.999991059303283691e-01,9.999984502792358398e-01,9.999991655349731445e-01,-9.999923110008239746e-01,9.999970793724060059e-01,9.999924302101135254e-01,9.999983906745910645e-01,-9.999865293502807617e-01,-9.999958872795104980e-01,9.999982714653015137e-01,-9.999732971191406250e-01,-9.999991655349731445e-01,-9.999988079071044922e-01,-9.999883770942687988e-01,9.999991059303283691e-01,-9.999988079071044922e-01,-9.999851584434509277e-01,-9.999863505363464355e-01,-9.999991059303283691e-01,-9.999985098838806152e-01,-9.999983310699462891e-01,9.999939799308776855e-01,-9.999988079071044922e-01,-9.999989271163940430e-01,9.999986886978149414e-01,9.999990463256835938e-01,9.999988079071044922e-01,9.999989867210388184e-01,9.999942779541015625e-01,9.999986886978149414e-01,9.999983906745910645e-01,9.999813437461853027e-01,-9.999926686286926270e-01,-9.999959468841552734e-01,-9.999984502792358398e-01,9.999986290931701660e-01,-9.999989867210388184e-01,-9.999986886978149414e-01,-9.999961853027343750e-01,9.999951720237731934e-01,9.999990463256835938e-01,9.999993443489074707e-01,9.999963641166687012e-01,9.999991655349731445e-01,-9.999985694885253906e-01,9.999989867210388184e-01,-9.999971389770507812e-01,9.999895691871643066e-01,9.999946355819702148e-01,9.999869465827941895e-01,9.999986886978149414e-01,-9.999923110008239746e-01,-9.999989271163940430e-01,9.999950528144836426e-01,9.999961853027343750e-01,-9.999913573265075684e-01,-9.999979734420776367e-01,9.999990463256835938e-01,-9.999984502792358398e-01,9.999986290931701660e-01,9.999880790710449219e-01,-9.998553395271301270e-01,-9.999991059303283691e-01,-9.999930858612060547e-01,-9.999851584434509277e-01,9.999950528144836426e-01,-9.999985694885253906e-01,9.999881386756896973e-01,9.999977350234985352e-01,-9.999979734420776367e-01,9.999980926513671875e-01,9.999897480010986328e-01,-9.999992847442626953e-01,9.999990463256835938e-01,-9.999976158142089844e-01,9.999972581863403320e-01,-9.999991059303283691e-01,-9.999344944953918457e-01,-9.999610781669616699e-01,-9.999988675117492676e-01,-9.999968409538269043e-01,9.999851584434509277e-01,9.999986886978149414e-01,9.999948740005493164e-01,-9.999986290931701660e-01,9.999987483024597168e-01,-9.999979734420776367e-01,9.999985694885253906e-01,9.999021291732788086e-01,-9.999992251396179199e-01,9.999974370002746582e-01,-9.999991655349731445e-01,9.999981522560119629e-01,9.999960064888000488e-01,9.999973177909851074e-01,9.999988079071044922e-01,-9.999972581863403320e-01,-9.999980926513671875e-01,9.999975562095642090e-01,9.999928474426269531e-01,9.999956488609313965e-01,-9.999849200248718262e-01,9.999934434890747070e-01
-9.999942183494567871e-01,9.999952316284179688e-01,9.999805092811584473e-01,-9.999911785125732422e-01,-9.999961853027343750e-01,9.999957680702209473e-01,-9.999830126762390137e-01,-9.999967217445373535e-01,9.999812841415405273e-01,-9.999946355819702148e-01,9.999958872795104980e-01,9.999961853027343750e-01,-9.999930858612060547e-01,-9.999946355819702148e-01,-9.999822378158569336e-01,-9.999806880950927734e-01,-9.999911189079284668e-01,9.999926090240478516e-01,-9.999735355377197266e-01,9.999967813491821289e-01,9.999963045120239258e-01,-9.999799132347106934e-01,-9.999952316284179688e-01,-9.999918341636657715e-01,-9.999613761901855469e-01,-9.999962449073791504e-01,9.999937415122985840e-01,9.999960660934448242e-01,-9.999693632125854492e-01,9.999883174896240234e-01,9.999692440032958984e-01,9.999935626983642578e-01,-9.999453425407409668e-01,-9.999831914901733398e-01,9.999932050704956055e-01,-9.998916387557983398e-01,-9.999965429306030273e-01,-9.999949336051940918e-01,-9.999529123306274414e-01,9.999960064888000488e-01,-9.999953508377075195e-01,-9.999399185180664062e-01,-9.999440908432006836e-01,-9.999962449073791504e-01,-9.999939203262329102e-01,-9.999932646751403809e-01,9.999757409095764160e-01,-9.999953508377075195e-01,-9.999955892562866211e-01,9.999948143959045410e-01,9.999959468841552734e-01,9.999949932098388672e-01,9.999959468841552734e-01,9.999767541885375977e-01,9.999949336051940918e-01,9.999935626983642578e-01,9.999240636825561523e-01,-9.999703168869018555e-01,-9.999834299087524414e-01,-9.999940395355224609e-01,9.999945759773254395e-01,-9.999962449073791504e-01,-9.999945759773254395e-01,-9.999843835830688477e-01,9.999803900718688965e-01,9.999960064888000488e-01,9.999966621398925781e-01,9.999855160713195801e-01,9.999964237213134766e-01,-9.999942779541015625e-01,9.999958872795104980e-01,-9.999886155128479004e-01,9.999575018882751465e-01,9.999782443046569824e-01,9.999466538429260254e-01,9.999946355819702148e-01,-9.999689459800720215e-01,-9.999956488609313965e-01,9.999797940254211426e-01,9.999843239784240723e-01,-9.999647736549377441e-01,-9.999918937683105469e-01,9.999960064888000488e-01,-9.999938011169433594e-01,9.999943375587463379e-01,9.999515414237976074e-01,-9.994142651557922363e-01,-9.999963045120239258e-01,-9.999719858169555664e-01,-9.999399781227111816e-01,9.999797344207763672e-01,-9.999943375587463379e-01,9.999518990516662598e-01,9.999910593032836914e-01,-9.999918937683105469e-01,9.999924898147583008e-01,9.999583959579467773e-01,-9.999966025352478027e-01,9.999958872795104980e-01,-9.999904036521911621e-01,9.999890327453613281e-01,-9.999961256980895996e-01,-9.997346401214599609e-01,-9.998427033424377441e-01,-9.999954700469970703e-01,-9.999874830245971680e-01,9.999397397041320801e-01,9.999947547912597656e-01,9.999790191650390625e-01,-9.999949336051940918e-01,9.999951124191284180e-01,-9.999920129776000977e-01,9.999940395355224609e-01,9.996036887168884277e-01,-9.999965429306030273e-01,9.999899268150329590e-01,-9.999964833259582520e-01,9.999930262565612793e-01,9.999840855598449707e-01,9.999892711639404297e-01,9.999949932098388672e-01,-9.999887943267822266e-01,-9.999923706054687500e-01,9.999902248382568359e-01,9.999712109565734863e-01,9.999823570251464844e-01,-9.999386072158813477e-01,9.999731779098510742e-01
9.999973773956298828e-01,-9.999977946281433105e-01,-9.999911785125732422e-01,9.999958872795104980e-01,9.999982118606567383e-01,-9.999980926513671875e-01,9.999924302101135254e-01,9.999985098838806152e-01,-9.999915361404418945e-01,9.999974966049194336e-01,-9.999980926513671875e-01,-9.999982714653015137e-01,9.999967813491821289e-01,9.999974966049194336e-01,9.999919533729553223e-01,9.999912977218627930e-01,9.999959468841552734e-01,-9.999966025352478027e-01,9.999880194664001465e-01,-9.999984502792358398e-01,-9.999982118606567383e-01,9.999909400939941406e-01,9.999977350234985352e-01,9.999962449073791504e-01,9.999826550483703613e-01,9.999982118606567383e-01,-9.999970793724060059e-01,-9.999982118606567383e-01,9.999862313270568848e-01,-9.999947547912597656e-01,-9.999860525131225586e-01,-9.999969601631164551e-01,9.999753832817077637e-01,9.999924302101135254e-01,-9.999968409538269043e-01,9.999511241912841797e-01,9.999983906745910645e-01,9.999976754188537598e-01,9.999788403511047363e-01,-9.999982118606567383e-01,9.999978542327880859e-01,9.999728798866271973e-01,9.999749064445495605e-01,9.999983310699462891e-01,9.999972581863403320e-01,9.999970197677612305e-01,-9.999890327453613281e-01,9.999978542327880859e-01,9.999979734420776367e-01,-9.999976158142089844e-01,-9.999980926513671875e-01,-9.999977350234985352e-01,-9.999980926513671875e-01,-9.999894499778747559e-01,-9.999976754188537598e-01,-9.999970197677612305e-01,-9.999657869338989258e-01,9.999865889549255371e-01,9.999925494194030762e-01,9.999972581863403320e-01,-9.999974966049194336e-01,9.999983310699462891e-01,9.999975562095642090e-01,9.999929666519165039e-01,-9.999911785125732422e-01,-9.999982118606567383e-01,-9.999985098838806152e-01,-9.999934434890747070e-01,-9.999983906745910645e-01,9.999973177909851074e-01,-9.999981522560119629e-01,9.999948740005493164e-01,-9.999808669090270996e-01,-9.999902248382568359e-01,-9.999759793281555176e-01,-9.999974966049194336e-01,9.999860525131225586e-01,9.999980330467224121e-01,-9.999908804893493652e-01,-9.999929070472717285e-01,9.999841451644897461e-01,9.999963045120239258e-01,-9.999981522560119629e-01,9.999971389770507812e-01,-9.999973773956298828e-01,-9.999782443046569824e-01,9.997363090515136719e-01,9.999982118606567383e-01,9.999874234199523926e-01,9.999729990959167480e-01,-9.999908804893493652e-01,9.999973773956298828e-01,-9.999784231185913086e-01,-9.999959468841552734e-01,9.999962449073791504e-01,-9.999965429306030273e-01,-9.999812841415405273e-01,9.999984502792358398e-01,-9.999980926513671875e-01,9.999956488609313965e-01,-9.999950528144836426e-01,9.999981522560119629e-01,9.998805522918701172e-01,9.999291300773620605e-01,9.999979138374328613e-01,9.999943375587463379e-01,-9.999729394912719727e-01,-9.999976158142089844e-01,-9.999905228614807129e-01,9.999976158142089844e-01,-9.999977350234985352e-01,9.999964237213134766e-01,-9.999973177909851074e-01,-9.998217225074768066e-01,9.999984502792358398e-01,-9.999954104423522949e-01,9.999983906745910645e-01,-9.999967813491821289e-01,-9.999927878379821777e-01,-9.999951124191284180e-01,-9.999976754188537598e-01,9.999949336051940918e-01,9.999965429306030273e-01,-9.999955892562866211e-01,-9.999870061874389648e-01,-9.999920725822448730e-01,9.999724030494689941e-01,-9.999879002571105957e-01
9.999988675117492676e-01,-9.999991059303283691e-01,-9.999961853027343750e-01,9.999982118606567383e-01,9.999993443489074707e-01,-9.999992847442626953e-01,9.999965429306030273e-01,9.999994635581970215e-01,-9.999962449073791504e-01,9.999989271163940430e-01,-9.999992847442626953e-01,-9.999992847442626953e-01,9.999986886978149414e-01,9.999989271163940430e-01,9.999964237213134766e-01,9.999961256980895996e-01,9.999982118606567383e-01,-9.999985098838806152e-01,9.999947547912597656e-01,-9.999994039535522461e-01,-9.999992847442626953e-01,9.999959468841552734e-01,9.999991059303283691e-01,9.999983310699462891e-01,9.999922513961791992e-01,9.999992251396179199e-01,-9.999987483024597168e-01,-9.999993443489074707e-01,9.999939203262329102e-01,-9.999976754188537598e-01,-9.999939203262329102e-01,-9.999986290931701660e-01,9.999892115592956543e-01,9.999966025352478027e-01,-9.999986886978149414e-01,9.999785423278808594e-01,9.999994039535522461e-01,9.999989867210388184e-01,9.999907612800598145e-01,-9.999992847442626953e-01,9.999991059303283691e-01,9.999881386756896973e-01,9.999890327453613281e-01,9.999994039535522461e-01,9.999988079071044922e-01,9.999986290931701660e-01,-9.999951720237731934e-01,9.999991059303283691e-01,9.999991655349731445e-01,-9.999989867210388184e-01,-9.999993443489074707e-01,-9.999990463256835938e-01,-9.999993443489074707e-01,-9.999954104423522949e-01,-9.999990463256835938e-01,-9.999987483024597168e-01,-9.999849796295166016e-01,9.999941587448120117e-01,9.999966621398925781e-01,9.999988675117492676e-01,-9.999989271163940430e-01,9.999992251396179199e-01,9.999989867210388184e-01,9.999969601631164551e-01,-9.999960660934448242e-01,-9.999993443489074707e-01,-9.999994039535522461e-01,-9.999970793724060059e-01,-9.999993443489074707e-01,9.999988675117492676e-01,-9.999992251396179199e-01,9.999977350234985352e-01,-9.999915957450866699e-01,-9.999957084655761719e-01,-9.999895095825195312e-01,-9.999989867210388184e-01,9.999938607215881348e-01,9.999991655349731445e-01,-9.999960660934448242e-01,-9.999968409538269043e-01,9.999931454658508301e-01,9.999983906745910645e-01,-9.999992251396179199e-01,9.999987483024597168e-01,-9.999989271163940430e-01,-9.999904036521911621e-01,9.998838901519775391e-01,9.999992847442626953e-01,9.999944567680358887e-01,9.999880790710449219e-01,-9.999960660934448242e-01,9.999988675117492676e-01,-9.999905824661254883e-01,-9.999982118606567383e-01,9.999984502792358398e-01,-9.999985098838806152e-01,-9.999917745590209961e-01,9.999993443489074707e-01,-9.999992251396179199e-01,9.999980926513671875e-01,-9.999977946281433105e-01,9.999992847442626953e-01,9.999474883079528809e-01,9.999688863754272461e-01,9.999991655349731445e-01,9.999974370002746582e-01,-9.999880790710449219e-01,-9.999989271163940430e-01,-9.999958872795104980e-01,9.999989271163940430e-01,-9.999990463256835938e-01,9.999984502792358398e-01,-9.999988675117492676e-01,-9.999215006828308105e-01,9.999993443489074707e-01,-9.999980330467224121e-01,9.999993443489074707e-01,-9.999985694885253906e-01,-9.999969005584716797e-01,-9.999979138374328613e-01,-9.999990463256835938e-01,9.999977946281433105e-01,9.999984502792358398e-01,-9.999980330467224121e-01,-9.999942779541015625e-01,-9.999964237213134766e-01,9.999878406524658203e-01,-9.999946951866149902e-01
-9.999987483024597168e-01,9.999989867210388184e-01,9.999957680702209473e-01,-9.999980926513671875e-01,-9.999992847442626953e-01,9.999992251396179199e-01,-9.999962449073791504e-01,-9.999992847442626953e-01,9.999960064888000488e-01,-9.999988079071044922e-01,9.999992251396179199e-01,9.999992251396179199e-01,-9.999985694885253906e-01,-9.999988079071044922e-01,-9.999960660934448242e-01,-9.999958872795104980e-01,-9.999980330467224121e-01,9.999983906745910645e-01,-9.999942779541015625e-01,9.999993443489074707e-01,9.999992251396179199e-01,-9.999956488609313965e-01,-9.999989271163940430e-01,-9.999982118606567383e-01,-9.999917149543762207e-01,-9.999992251396179199e-01,9.999986290931701660e-01,9.999991655349731445e-01,-9.999933838844299316e-01,9.999974370002746582e-01,9.999933242797851562e-01,9.999985098838806152e-01,-9.999881982803344727e-01,-9.999963045120239258e-01,9.999985098838806152e-01,-9.999765157699584961e-01,-9.999992847442626953e-01,-9.999988675117492676e-01,-9.999898672103881836e-01,9.999991655349731445e-01,-9.999990463256835938e-01,-9.999870061874389648e-01,-9.999880194664001465e-01,-9.999993443489074707e-01,-9.999986886978149414e-01,-9.999985098838806152e-01,9.999947547912597656e-01,-9.999989867210388184e-01,-9.999992251396179199e-01,9.999988675117492676e-01,9.999992251396179199e-01,9.999989867210388184e-01,9.999992251396179199e-01,9.999949336051940918e-01,9.999989271163940430e-01,9.999986290931701660e-01,9.999836087226867676e-01,-9.999935626983642578e-01,-9.999962449073791504e-01,-9.999987483024597168e-01,9.999988079071044922e-01,-9.999992251396179199e-01,-9.999988675117492676e-01,-9.999965429306030273e-01,9.999957680702209473e-01,9.999992847442626953e-01,9.999994039535522461e-01,9.999967813491821289e-01,9.999992847442626953e-01,-9.999987483024597168e-01,9.999991655349731445e-01,-9.999974966049194336e-01,9.999908208847045898e-01,9.999953508377075195e-01,9.999884963035583496e-01,9.999988675117492676e-01,-9.999932646751403809e-01,-9.999991059303283691e-01,9.999957084655761719e-01,9.999965429306030273e-01,-9.999924898147583008e-01,-9.999983310699462891e-01,9.999991655349731445e-01,-9.999986886978149414e-01,9.999987483024597168e-01,9.999895095825195312e-01,-9.998729228973388672e-01,-9.999991655349731445e-01,-9.999939203262329102e-01,-9.999870657920837402e-01,9.999956488609313965e-01,-9.999987483024597168e-01,9.999895691871643066e-01,9.999980330467224121e-01,-9.999982118606567383e-01,9.999983310699462891e-01,9.999909400939941406e-01,-9.999992847442626953e-01,9.999991655349731445e-01,-9.999979138374328613e-01,9.999976158142089844e-01,-9.999992251396179199e-01,-9.999425411224365234e-01,-9.999658465385437012e-01,-9.999990463256835938e-01,-9.999972581863403320e-01,9.999869465827941895e-01,9.999988675117492676e-01,9.999955296516418457e-01,-9.999988079071044922e-01,9.999989271163940430e-01,-9.999983310699462891e-01,9.999986886978149414e-01,9.999141693115234375e-01,-9.999992847442626953e-01,9.999978542327880859e-01,-9.999992847442626953e-01,9.999984502792358398e-01,9.999964833259582520e-01,9.999976158142089844e-01,9.999988675117492676e-01,-9.999976158142089844e-01,-9.999983310699462891e-01,9.999978542327880859e-01,9.999938607215881348e-01,9.999961256980895996e-01,-9.999867677688598633e-01,9.999942779541015625e-01
9.999949932098388672e-01,-9.999958276748657227e-01,-9.999830126762390137e-01,9.999924302101135254e-01,9.999965429306030273e-01,-9.999962449073791504e-01,9.999851584434509277e-01,9.999971389770507812e-01,-9.999835491180419922e-01,9.999953508377075195e-01,-9.999964237213134766e-01,-9.999967217445373535e-01,9.999939203262329102e-01,9.999953508377075195e-01,9.999844431877136230e-01,9.999830722808837891e-01,9.999921917915344238e-01,-9.999936223030090332e-01,9.999768137931823730e-01,-9.999971985816955566e-01,-9.999967813491821289e-01,9.999824762344360352e-01,9.999958276748657227e-01,9.999927878379821777e-01,9.999661445617675781e-01,9.999967217445373535e-01,-9.999945759773254395e-01,-9.999965429306030273e-01,9.999731779098510742e-01,-9.999898076057434082e-01,-9.999730587005615234e-01,-9.999943971633911133e-01,9.999520778656005859e-01,9.999852180480957031e-01,-9.999940395355224609e-01,9.999049901962280273e-01,9.999968409538269043e-01,9.999956488609313965e-01,9.999588131904602051e-01,-9.999966025352478027e-01,9.999959468841552734e-01,9.999473094940185547e-01,9.999511241912841797e-01,9.999967217445373535e-01,9.999946951866149902e-01,9.999941587448120117e-01,-9.999787211418151855e-01,9.999959468841552734e-01,9.999960660934448242e-01,-9.999955296516418457e-01,-9.999964237213134766e-01,-9.999957680702209473e-01,-9.999964237213134766e-01,-9.999796748161315918e-01,-9.999956488609313965e-01,-9.999942779541015625e-01,-9.999334812164306641e-01,9.999741911888122559e-01,9.999855160713195801e-01,9.999947547912597656e-01,-9.999952912330627441e-01,9.999967217445373535e-01,9.999953508377075195e-01,9.999862909317016602e-01,-9.999828934669494629e-01,-9.999966025352478027e-01,-9.999971985816955566e-01,-9.999873042106628418e-01,-9.999969601631164551e-01,9.999949336051940918e-01,-9.999963641166687012e-01,9.999901056289672852e-01,-9.999628663063049316e-01,-9.999810457229614258e-01,-9.999532699584960938e-01,-9.999952912330627441e-01,9.999727606773376465e-01,9.999961256980895996e-01,-9.999823570251464844e-01,-9.999861717224121094e-01,9.999692440032958984e-01,9.999929070472717285e-01,-9.999964237213134766e-01,9.999946355819702148e-01,-9.999949932098388672e-01,-9.999575614929199219e-01,9.994866847991943359e-01,9.999967217445373535e-01,9.999755620956420898e-01,9.999473094940185547e-01,-9.999822974205017090e-01,9.999951124191284180e-01,-9.999579191207885742e-01,-9.999923110008239746e-01,9.999929666519165039e-01,-9.999933838844299316e-01,-9.999636411666870117e-01,9.999970197677612305e-01,-9.999964237213134766e-01,9.999915957450866699e-01,-9.999902844429016113e-01,9.999966025352478027e-01,9.997675418853759766e-01,9.998621344566345215e-01,9.999959468841552734e-01,9.999890327453613281e-01,-9.999471902847290039e-01,-9.999954104423522949e-01,-9.999816417694091797e-01,9.999956488609313965e-01,-9.999957084655761719e-01,9.999930858612060547e-01,-9.999948143959045410e-01,-9.996526837348937988e-01,9.999969601631164551e-01,-9.999911785125732422e-01,9.999969005584716797e-01,-9.999938607215881348e-01,-9.999859929084777832e-01,-9.999906420707702637e-01,-9.999955892562866211e-01,9.999902844429016113e-01,9.999934434890747070e-01,-9.999914169311523438e-01,-9.999746680259704590e-01,-9.999846220016479492e-01,9.999461770057678223e-01,-9.999765753746032715e-01
9.999990463256835938e-01,-9.999993443489074707e-01,-9.999967217445373535e-01,9.999985098838806152e-01,9.999994635581970215e-01,-9.999992847442626953e-01,9.999971389770507812e-01,9.999995231628417969e-01,-9.999967813491821289e-01,9.999991059303283691e-01,-9.999994039535522461e-01,-9.999994039535522461e-01,9.999989271163940430e-01,9.999991059303283691e-01,9.999969005584716797e-01,9.999966621398925781e-01,9.999984502792358398e-01,-9.999987483024597168e-01,9.999954104423522949e-01,-9.999994635581970215e-01,-9.999994039535522461e-01,9.999965429306030273e-01,9.999991059303283691e-01,9.999985694885253906e-01,9.999935030937194824e-01,9.999994039535522461e-01,-9.999988675117492676e-01,-9.999994635581970215e-01,9.999947547912597656e-01,-9.999979734420776367e-01,-9.999947547912597656e-01,-9.999988079071044922e-01,9.999907016754150391e-01,9.999970793724060059e-01,-9.999988079071044922e-01,9.999815821647644043e-01,9.999995231628417969e-01,9.999991655349731445e-01,9.999920725822448730e-01,-9.999993443489074707e-01,9.999992251396179199e-01,9.999898076057434082e-01,9.999905824661254883e-01,9.999994039535522461e-01,9.999989271163940430e-01,9.999989271163940430e-01,-9.999958872795104980e-01,9.999992251396179199e-01,9.999992847442626953e-01,-9.999991655349731445e-01,-9.999994039535522461e-01,-9.999992847442626953e-01,-9.999993443489074707e-01,-9.999960064888000488e-01,-9.999991059303283691e-01,-9.999988675117492676e-01,-9.999870657920837402e-01,9.999949932098388672e-01,9.999971389770507812e-01,9.999989867210388184e-01,-9.999991059303283691e-01,9.999993443489074707e-01,9.999991059303283691e-01,9.999973177909851074e-01,-9.999966025352478027e-01,-9.999993443489074707e-01,-9.999995231628417969e-01,-9.999974966049194336e-01,-9.999994039535522461e-01,9.999990463256835938e-01,-9.999993443489074707e-01,9.999980330467224121e-01,-9.999927878379821777e-01,-9.999962449073791504e-01,-9.999909996986389160e-01,-9.999991059303283691e-01,9.999946951866149902e-01,9.999992251396179199e-01,-9.999964833259582520e-01,-9.999972581863403320e-01,9.999940991401672363e-01,9.999985694885253906e-01,-9.999993443489074707e-01,9.999989271163940430e-01,-9.999991655349731445e-01,-9.999917745590209961e-01,9.999001622200012207e-01,9.999993443489074707e-01,9.999952316284179688e-01,9.999898672103881836e-01,-9.999964833259582520e-01,9.999991059303283691e-01,-9.999918341636657715e-01,-9.999984502792358398e-01,9.999985694885253906e-01,-9.999987483024597168e-01,-9.999929666519165039e-01,9.999994635581970215e-01,-9.999993443489074707e-01,9.999983310699462891e-01,-9.999980926513671875e-01,9.999994039535522461e-01,9.999548792839050293e-01,9.999732375144958496e-01,9.999991655349731445e-01,9.999978542327880859e-01,-9.999897480010986328e-01,-9.999991655349731445e-01,-9.999963641166687012e-01,9.999990463256835938e-01,-9.999992251396179199e-01,9.999986886978149414e-01,-9.999989867210388184e-01,-9.999325275421142578e-01,9.999994635581970215e-01,-9.999982714653015137e-01,9.999994039535522461e-01,-9.999988079071044922e-01,-9.999972581863403320e-01,-9.999981522560119629e-01,-9.999991655349731445e-01,9.999981522560119629e-01,9.999986886978149414e-01,-9.999983310699462891e-01,-9.999950528144836426e-01,-9.999968409538269043e-01,9.999896287918090820e-01,-9.999954104423522949e-01
-9.999944567680358887e-01,9.999953508377075195e-01,9.999812841415405273e-01,-9.999915361404418945e-01,-9.999962449073791504e-01,9.999960064888000488e-01,-9.999835491180419922e-01,-9.999967813491821289e-01,9.999819993972778320e-01,-9.999947547912597656e-01,9.999960064888000488e-01,9.999963045120239258e-01,-9.999933242797851562e-01,-9.999947547912597656e-01,-9.999828934669494629e-01,-9.999813437461853027e-01,-9.999914169311523438e-01,9.999929666519165039e-01,-9.999744296073913574e-01,9.999967813491821289e-01,9.999964237213134766e-01,-9.999806880950927734e-01,-9.999954104423522949e-01,-9.999920725822448730e-01,-9.999628663063049316e-01,-9.999963641166687012e-01,9.999940395355224609e-01,9.999962449073791504e-01,-9.999705553054809570e-01,9.999887347221374512e-01,9.999703168869018555e-01,9.999938011169433594e-01,-9.999474287033081055e-01,-9.999837279319763184e-01,9.999935030937194824e-01,-9.998956322669982910e-01,-9.999965429306030273e-01,-9.999951124191284180e-01,-9.999547600746154785e-01,9.999961853027343750e-01,-9.999955296516418457e-01,-9.999421834945678711e-01,-9.999462366104125977e-01,-9.999964237213134766e-01,-9.999941587448120117e-01,-9.999935030937194824e-01,9.999766945838928223e-01,-9.999954700469970703e-01,-9.999957084655761719e-01,9.999949336051940918e-01,9.999960064888000488e-01,9.999951720237731934e-01,9.999959468841552734e-01,9.999775886535644531e-01,9.999951124191284180e-01,9.999937415122985840e-01,9.999268651008605957e-01,-9.999714493751525879e-01,-9.999841451644897461e-01,-9.999942779541015625e-01,9.999946951866149902e-01,-9.999963641166687012e-01,-9.999947547912597656e-01,-9.999849796295166016e-01,9.999811649322509766e-01,9.999962449073791504e-01,9.999967813491821289e-01,9.999859333038330078e-01,9.999965429306030273e-01,-9.999943971633911133e-01,9.999960064888000488e-01,-9.999890327453613281e-01,9.999591112136840820e-01,9.999790787696838379e-01,9.999486804008483887e-01,9.999947547912597656e-01,-9.999701380729675293e-01,-9.999958276748657227e-01,9.999805688858032227e-01,9.999848008155822754e-01,-9.999660849571228027e-01,-9.999921917915344238e-01,9.999960660934448242e-01,-9.999940395355224609e-01,9.999945163726806641e-01,9.999533891677856445e-01,-9.994364976882934570e-01,-9.999963045120239258e-01,-9.999730587005615234e-01,-9.999421238899230957e-01,9.999805688858032227e-01,-9.999945163726806641e-01,9.999537467956542969e-01,9.999913573265075684e-01,-9.999921321868896484e-01,9.999927282333374023e-01,9.999600648880004883e-01,-9.999966621398925781e-01,9.999959468841552734e-01,-9.999907016754150391e-01,9.999892711639404297e-01,-9.999962449073791504e-01,-9.997447133064270020e-01,-9.998486042022705078e-01,-9.999956488609313965e-01,-9.999878406524658203e-01,9.999420046806335449e-01,9.999949336051940918e-01,9.999798536300659180e-01,-9.999951124191284180e-01,9.999952316284179688e-01,-9.999922513961791992e-01,9.999942779541015625e-01,9.996186494827270508e-01,-9.999967217445373535e-01,9.999902844429016113e-01,-9.999966025352478027e-01,9.999932646751403809e-01,9.999846220016479492e-01,9.999896883964538574e-01,9.999951124191284180e-01,-9.999892115592956543e-01,-9.999926686286926270e-01,9.999905824661254883e-01,9.999722242355346680e-01,9.999830126762390137e-01,-9.999408125877380371e-01,9.999741911888122559e-01
9.999982714653015137e-01,-9.999986290931701660e-01,-9.999946355819702148e-01,9.999974966049194336e-01,9.999989271163940430e-01,-9.999988079071044922e-01,9.999953508377075195e-01,9.999991059303283691e-01,-9.999947547912597656e-01,9.999985098838806152e-01,-9.999988079071044922e-01,-9.999989271163940430e-01,9.999981522560119629e-01,9.999983906745910645e-01,9.999949932098388672e-01,9.999945759773254395e-01,9.999974370002746582e-01,-9.999979138374328613e-01,9.999926686286926270e-01,-9.999991655349731445e-01,-9.999989867210388184e-01,9.999943971633911133e-01,9.999985694885253906e-01,9.999976158142089844e-01,9.999893307685852051e-01,9.999988079071044922e-01,-9.999981522560119629e-01,-9.999989271163940430e-01,9.999914765357971191e-01,-9.999967217445373535e-01,-9.999914765357971191e-01,-9.999980926513671875e-01,9.999849200248718262e-01,9.999953508377075195e-01,-9.999980926513671875e-01,9.999700188636779785e-01,9.999990463256835938e-01,9.999985694885253906e-01,9.999870061874389648e-01,-9.999988675117492676e-01,9.999986886978149414e-01,9.999834299087524414e-01,9.999846220016479492e-01,9.999989271163940430e-01,9.999983310699462891e-01,9.999979734420776367e-01,-9.999933242797851562e-01,9.999986290931701660e-01,9.999986886978149414e-01,-9.999984502792358398e-01,-9.999989271163940430e-01,-9.999986290931701660e-01,-9.999987483024597168e-01,-9.999935030937194824e-01,-9.999985098838806152e-01,-9.999981522560119629e-01,-9.999790787696838379e-01,9.999917745590209961e-01,9.999952912330627441e-01,9.999982714653015137e-01,-9.999983906745910645e-01,9.999988675117492676e-01,9.999984502792358398e-01,9.999956488609313965e-01,-9.999945163726806641e-01,-9.999988675117492676e-01,-9.999991655349731445e-01,-9.999959468841552734e-01,-9.999990463256835938e-01,9.999983906745910645e-01,-9.999988675117492676e-01,9.999967813491821289e-01,-9.999882578849792480e-01,-9.999939799308776855e-01,-9.999852776527404785e-01,-9.999983906745910645e-01,9.999913573265075684e-01,9.999986886978149414e-01,-9.999943971633911133e-01,-9.999955892562866211e-01,9.999902844429016113e-01,9.999976754188537598e-01,-9.999988079071044922e-01,9.999982714653015137e-01,-9.999982714653015137e-01,-9.999866485595703125e-01,9.998382925987243652e-01,9.999989271163940430e-01,9.999922513961791992e-01,9.999834299087524414e-01,-9.999943971633911133e-01,9.999983310699462891e-01,-9.999867677688598633e-01,-9.999974370002746582e-01,9.999976158142089844e-01,-9.999979138374328613e-01,-9.999884963035583496e-01,9.999989867210388184e-01,-9.999987483024597168e-01,9.999972581863403320e-01,-9.999968409538269043e-01,9.999988675117492676e-01,9.999266862869262695e-01,9.999564290046691895e-01,9.999986290931701660e-01,9.999963641166687012e-01,-9.999833106994628906e-01,-9.999985098838806152e-01,-9.999942183494567871e-01,9.999985098838806152e-01,-9.999985694885253906e-01,9.999977350234985352e-01,-9.999983310699462891e-01,-9.998905062675476074e-01,9.999991059303283691e-01,-9.999971389770507812e-01,9.999989867210388184e-01,-9.999979138374328613e-01,-9.999955296516418457e-01,-9.999970197677612305e-01,-9.999985694885253906e-01,9.999968409538269043e-01,9.999977946281433105e-01,-9.999971985816955566e-01,-9.999920129776000977e-01,-9.999950528144836426e-01,9.999831318855285645e-01,-9.999926090240478516e-01
-9.999988079071044922e-01,9.999990463256835938e-01,9.999958872795104980e-01,-9.999980926513671875e-01,-9.999992847442626953e-01,9.999992251396179199e-01,-9.999964237213134766e-01,-9.999994039535522461e-01,9.999960064888000488e-01,-9.999988079071044922e-01,9.999992847442626953e-01,9.999993443489074707e-01,-9.999985694885253906e-01,-9.999989271163940430e-01,-9.999961256980895996e-01,-9.999959468841552734e-01,-9.999982118606567383e-01,9.999983906745910645e-01,-9.999944567680358887e-01,9.999994039535522461e-01,9.999993443489074707e-01,-9.999957680702209473e-01,-9.999989867210388184e-01,-9.999982118606567383e-01,-9.999918341636657715e-01,-9.999992251396179199e-01,9.999987483024597168e-01,9.999992847442626953e-01,-9.999934434890747070e-01,9.999975562095642090e-01,9.999935030937194824e-01,9.999986886978149414e-01,-9.999883174896240234e-01,-9.999963641166687012e-01,9.999986290931701660e-01,-9.999769926071166992e-01,-9.999993443489074707e-01,-9.999989867210388184e-01,-9.999900460243225098e-01,9.999992251396179199e-01,-9.999991655349731445e-01,-9.999872446060180664e-01,-9.999881386756896973e-01,-9.999993443489074707e-01,-9.999986886978149414e-01,-9.999986290931701660e-01,9.999948740005493164e-01,-9.999990463256835938e-01,-9.999991059303283691e-01,9.999989271163940430e-01,9.999992847442626953e-01,9.999989867210388184e-01,9.999991655349731445e-01,9.999951124191284180e-01,9.999989271163940430e-01,9.999986886978149414e-01,9.999838471412658691e-01,-9.999936819076538086e-01,-9.999964237213134766e-01,-9.999987483024597168e-01,9.999988079071044922e-01,-9.999992251396179199e-01,-9.999988675117492676e-01,-9.999966025352478027e-01,9.999958872795104980e-01,9.999992847442626953e-01,9.999994039535522461e-01,9.999968409538269043e-01,9.999992847442626953e-01,-9.999987483024597168e-01,9.999992847442626953e-01,-9.999976158142089844e-01,9.999909400939941406e-01,9.999954104423522949e-01,9.999886751174926758e-01,9.999988675117492676e-01,-9.999933838844299316e-01,-9.999992251396179199e-01,9.999957680702209473e-01,9.999966025352478027e-01,-9.999926090240478516e-01,-9.999983310699462891e-01,9.999992847442626953e-01,-9.999987483024597168e-01,9.999988079071044922e-01,9.999896883964538574e-01,-9.998747110366821289e-01,-9.999993443489074707e-01,-9.999940991401672363e-01,-9.999872446060180664e-01,9.999957084655761719e-01,-9.999988675117492676e-01,9.999898076057434082e-01,9.999981522560119629e-01,-9.999982118606567383e-01,9.999983906745910645e-01,9.999911189079284668e-01,-9.999994039535522461e-01,9.999991655349731445e-01,-9.999979138374328613e-01,9.999976754188537598e-01,-9.999993443489074707e-01,-9.999433755874633789e-01,-9.999663829803466797e-01,-9.999990463256835938e-01,-9.999973773956298828e-01,9.999871253967285156e-01,9.999988675117492676e-01,9.999955892562866211e-01,-9.999989271163940430e-01,9.999989271163940430e-01,-9.999983310699462891e-01,9.999988079071044922e-01,9.999153017997741699e-01,-9.999994039535522461e-01,9.999978542327880859e-01,-9.999994039535522461e-01,9.999985098838806152e-01,9.999966621398925781e-01,9.999977350234985352e-01,9.999989867210388184e-01,-9.999977350234985352e-01,-9.999983310699462891e-01,9.999979138374328613e-01,9.999939203262329102e-01,9.999961853027343750e-01,-9.999870061874389648e-01,9.999943375587463379e-01
-9.999989271163940430e-01,9.999992251396179199e-01,9.999961853027343750e-01,-9.999982714653015137e-01,-9.999992847442626953e-01,9.999992251396179199e-01,-9.999967217445373535e-01,-9.999994039535522461e-01,9.999963045120239258e-01,-9.999989271163940430e-01,9.999993443489074707e-01,9.999994039535522461e-01,-9.999988079071044922e-01,-9.999989867210388184e-01,-9.999964833259582520e-01,-9.999963045120239258e-01,-9.999982714653015137e-01,9.999985694885253906e-01,-9.999948740005493164e-01,9.999994635581970215e-01,9.999993443489074707e-01,-9.999961853027343750e-01,-9.999991059303283691e-01,-9.999983906745910645e-01,-9.999925494194030762e-01,-9.999992847442626953e-01,9.999988079071044922e-01,9.999993443489074707e-01,-9.999940991401672363e-01,9.999976754188537598e-01,9.999940395355224609e-01,9.999987483024597168e-01,-9.999894499778747559e-01,-9.999967217445373535e-01,9.999987483024597168e-01,-9.999790787696838379e-01,-9.999993443489074707e-01,-9.999990463256835938e-01,-9.999909996986389160e-01,9.999992847442626953e-01,-9.999991655349731445e-01,-9.999883770942687988e-01,-9.999892711639404297e-01,-9.999994039535522461e-01,-9.999988675117492676e-01,-9.999987483024597168e-01,9.999952912330627441e-01,-9.999991059303283691e-01,-9.999991655349731445e-01,9.999989867210388184e-01,9.999993443489074707e-01,9.999991655349731445e-01,9.999992251396179199e-01,9.999954700469970703e-01,9.999991059303283691e-01,9.999988079071044922e-01,9.999854564666748047e-01,-9.999943375587463379e-01,-9.999967813491821289e-01,-9.999988675117492676e-01,9.999989271163940430e-01,-9.999992251396179199e-01,-9.999989867210388184e-01,-9.999969601631164551e-01,9.999961256980895996e-01,9.999993443489074707e-01,9.999994635581970215e-01,9.999971389770507812e-01,9.999993443489074707e-01,-9.999989271163940430e-01,9.999993443489074707e-01,-9.999977350234985352e-01,9.999918341636657715e-01,9.999957680702209473e-01,9.999897480010986328e-01,9.999989867210388184e-01,-9.999939799308776855e-01,-9.999992251396179199e-01,9.999961256980895996e-01,9.999969005584716797e-01,-9.999932646751403809e-01,-9.999983906745910645e-01,9.999992251396179199e-01,-9.999988675117492676e-01,9.999989271163940430e-01,9.999906420707702637e-01,-9.998866319656372070e-01,-9.999993443489074707e-01,-9.999946355819702148e-01,-9.999884963035583496e-01,9.999960064888000488e-01,-9.999989271163940430e-01,9.999907016754150391e-01,9.999982714653015137e-01,-9.999985098838806152e-01,9.999985098838806152e-01,9.999920129776000977e-01,-9.999994635581970215e-01,9.999992251396179199e-01,-9.999980926513671875e-01,9.999979138374328613e-01,-9.999992847442626953e-01,-9.999487400054931641e-01,-9.999696016311645508e-01,-9.999991655349731445e-01,-9.999975562095642090e-01,9.999883770942687988e-01,9.999990463256835938e-01,9.999960064888000488e-01,-9.999990463256835938e-01,9.999991059303283691e-01,-9.999985098838806152e-01,9.999988079071044922e-01,9.999233484268188477e-01,-9.999993443489074707e-01,9.999981522560119629e-01,-9.999993443489074707e-01,9.999986290931701660e-01,9.999968409538269043e-01,9.999979138374328613e-01,9.999990463256835938e-01,-9.999978542327880859e-01,-9.999985098838806152e-01,9.999980926513671875e-01,9.999943971633911133e-01,9.999965429306030273e-01,-9.999881982803344727e-01,9.999948143959045410e-01
