9.999983310699462891e-01,-9.999986290931701660e-01,-9.999942183494567871e-01,9.999976754188537598e-01,9.999988079071044922e-01,-9.999987483024597168e-01,9.999954700469970703e-01,9.999989867210388184e-01,-9.999957084655761719e-01,9.999982118606567383e-01,-9.999987483024597168e-01,-9.999988079071044922e-01,9.999978542327880859e-01,9.999983906745910645e-01,9.999938607215881348e-01,9.999953508377075195e-01,9.999973177909851074e-01,-9.999980926513671875e-01,9.999924898147583008e-01,-9.999989867210388184e-01,-9.999989271163940430e-01,9.999939203262329102e-01,9.999985098838806152e-01,9.999979734420776367e-01,9.999883770942687988e-01,9.999989271163940430e-01,-9.999982118606567383e-01,-9.999988079071044922e-01,9.999902248382568359e-01,-9.999962449073791504e-01,-9.999915361404418945e-01,-9.999980926513671875e-01,9.999861717224121094e-01,9.999954700469970703e-01,-9.999979734420776367e-01,9.999663233757019043e-01,9.999989867210388184e-01,9.999984502792358398e-01,9.999889731407165527e-01,-9.999988079071044922e-01,9.999985694885253906e-01,9.998946189880371094e-01,9.999835491180419922e-01,9.999989271163940430e-01,9.999981522560119629e-01,9.999981522560119629e-01,-9.999931454658508301e-01,9.999984502792358398e-01,9.999987483024597168e-01,-9.999983906745910645e-01,-9.999986886978149414e-01,-9.999983310699462891e-01,-9.999987483024597168e-01,-9.999930858612060547e-01,-9.999984502792358398e-01,-9.999979734420776367e-01,-9.999899864196777344e-01,9.999872446060180664e-01,9.999958872795104980e-01,9.999982118606567383e-01,-9.999984502792358398e-01,9.999989271163940430e-01,9.999983906745910645e-01,9.999954700469970703e-01,-9.999944567680358887e-01,-9.999987483024597168e-01,-9.999991059303283691e-01,-9.999960064888000488e-01,-9.999989271163940430e-01,9.999983310699462891e-01,-9.999986290931701660e-01,9.999972581863403320e-01,-9.999420046806335449e-01,-9.999936819076538086e-01,-9.999828934669494629e-01,-9.999982714653015137e-01,9.999917149543762207e-01,9.999985694885253906e-01,-9.999945759773254395e-01,-9.999956488609313965e-01,9.999870061874389648e-01,9.999976158142089844e-01,-9.999987483024597168e-01,9.999981522560119629e-01,-9.999982714653015137e-01,-9.999879598617553711e-01,9.999674558639526367e-01,9.999988079071044922e-01,9.999905824661254883e-01,9.999278783798217773e-01,-9.999951720237731934e-01,9.999983310699462891e-01,-9.999852776527404785e-01,-9.999973773956298828e-01,9.999978542327880859e-01,-9.999977350234985352e-01,-9.999880790710449219e-01,9.999990463256835938e-01,-9.999987483024597168e-01,9.999968409538269043e-01,-9.999966025352478027e-01,9.999988079071044922e-01,9.997510910034179688e-01,9.999462962150573730e-01,9.999985694885253906e-01,9.999968409538269043e-01,-9.999827742576599121e-01,-9.999983310699462891e-01,-9.999938011169433594e-01,9.999985098838806152e-01,-9.999984502792358398e-01,9.999978542327880859e-01,-9.999983310699462891e-01,-9.999378323554992676e-01,9.999990463256835938e-01,-9.999972581863403320e-01,9.999989271163940430e-01,-9.999980330467224121e-01,-9.999952912330627441e-01,-9.999971985816955566e-01,-9.999986290931701660e-01,9.999965429306030273e-01,9.999979734420776367e-01,-9.999972581863403320e-01,-9.999909996986389160e-01,-9.999951124191284180e-01,9.999878406524658203e-01,-9.999936819076538086e-01
-9.999986290931701660e-01,9.999989271163940430e-01,9.999951720237731934e-01,-9.999981522560119629e-01,-9.999991059303283691e-01,9.999990463256835938e-01,-9.999963045120239258e-01,-9.999992251396179199e-01,9.999964833259582520e-01,-9.999986290931701660e-01,9.999990463256835938e-01,9.999992251396179199e-01,-9.999983310699462891e-01,-9.999987483024597168e-01,-9.999949336051940918e-01,-9.999961853027343750e-01,-9.999977350234985352e-01,9.999983906745910645e-01,-9.999937415122985840e-01,9.999992847442626953e-01,9.999991655349731445e-01,-9.999949336051940918e-01,-9.999988079071044922e-01,-9.999982714653015137e-01,-9.999904036521911621e-01,-9.999991655349731445e-01,9.999985098838806152e-01,9.999992251396179199e-01,-9.999918341636657715e-01,9.999969601631164551e-01,9.999930262565612793e-01,9.999985098838806152e-01,-9.999886155128479004e-01,-9.999963045120239258e-01,9.999983310699462891e-01,-9.999718666076660156e-01,-9.999992847442626953e-01,-9.999987483024597168e-01,-9.999908208847045898e-01,9.999991059303283691e-01,-9.999988675117492676e-01,-9.999121427536010742e-01,-9.999863505363464355e-01,-9.999991655349731445e-01,-9.999985694885253906e-01,-9.999984502792358398e-01,9.999943375587463379e-01,-9.999988675117492676e-01,-9.999989867210388184e-01,9.999987483024597168e-01,9.999990463256835938e-01,9.999986886978149414e-01,9.999991059303283691e-01,9.999943971633911133e-01,9.999988079071044922e-01,9.999984502792358398e-01,9.999917149543762207e-01,-9.999894499778747559e-01,-9.999965429306030273e-01,-9.999985098838806152e-01,9.999987483024597168e-01,-9.999992847442626953e-01,-9.999986886978149414e-01,-9.999962449073791504e-01,9.999953508377075195e-01,9.999991059303283691e-01,9.999992251396179199e-01,9.999966621398925781e-01,9.999991655349731445e-01,-9.999986886978149414e-01,9.999989271163940430e-01,-9.999978542327880859e-01,9.999516606330871582e-01,9.999948143959045410e-01,9.999856948852539062e-01,9.999986290931701660e-01,-9.999931454658508301e-01,-9.999988675117492676e-01,9.999955892562866211e-01,9.999963641166687012e-01,-9.999892711639404297e-01,-9.999981522560119629e-01,9.999990463256835938e-01,-9.999984502792358398e-01,9.999986290931701660e-01,9.999900460243225098e-01,-9.999729990959167480e-01,-9.999991655349731445e-01,-9.999921917915344238e-01,-9.999398589134216309e-01,9.999960660934448242e-01,-9.999986886978149414e-01,9.999878406524658203e-01,9.999979138374328613e-01,-9.999982118606567383e-01,9.999981522560119629e-01,9.999901652336120605e-01,-9.999991059303283691e-01,9.999989271163940430e-01,-9.999974370002746582e-01,9.999971985816955566e-01,-9.999991059303283691e-01,-9.997922182083129883e-01,-9.999551773071289062e-01,-9.999988675117492676e-01,-9.999974370002746582e-01,9.999856948852539062e-01,9.999986886978149414e-01,9.999949336051940918e-01,-9.999987483024597168e-01,9.999988675117492676e-01,-9.999983310699462891e-01,9.999986886978149414e-01,9.999480843544006348e-01,-9.999992251396179199e-01,9.999977350234985352e-01,-9.999991655349731445e-01,9.999983906745910645e-01,9.999961256980895996e-01,9.999977350234985352e-01,9.999988675117492676e-01,-9.999972581863403320e-01,-9.999984502792358398e-01,9.999977946281433105e-01,9.999924302101135254e-01,9.999960064888000488e-01,-9.999898672103881836e-01,9.999947547912597656e-01
-9.999942183494567871e-01,9.999951720237731934e-01,9.999794960021972656e-01,-9.999918937683105469e-01,-9.999960660934448242e-01,9.999957680702209473e-01,-9.999839663505554199e-01,-9.999965429306030273e-01,9.999847412109375000e-01,-9.999941587448120117e-01,9.999957084655761719e-01,9.999960660934448242e-01,-9.999930262565612793e-01,-9.999945759773254395e-01,-9.999786019325256348e-01,-9.999836087226867676e-01,-9.999906420707702637e-01,9.999933242797851562e-01,-9.999734759330749512e-01,9.999967217445373535e-01,9.999962449073791504e-01,-9.999784827232360840e-01,-9.999949932098388672e-01,-9.999927878379821777e-01,-9.999589323997497559e-01,-9.999961256980895996e-01,9.999936819076538086e-01,9.999960660934448242e-01,-9.999651312828063965e-01,9.999873638153076172e-01,9.999703764915466309e-01,9.999937415122985840e-01,-9.999511837959289551e-01,-9.999842047691345215e-01,9.999930858612060547e-01,-9.998807907104492188e-01,-9.999963641166687012e-01,-9.999948740005493164e-01,-9.999610185623168945e-01,9.999960064888000488e-01,-9.999952316284179688e-01,-9.996268749237060547e-01,-9.999418854713439941e-01,-9.999961256980895996e-01,-9.999939203262329102e-01,-9.999935030937194824e-01,9.999758005142211914e-01,-9.999949932098388672e-01,-9.999955892562866211e-01,9.999945759773254395e-01,9.999957084655761719e-01,9.999945759773254395e-01,9.999958872795104980e-01,9.999759793281555176e-01,9.999945759773254395e-01,9.999934434890747070e-01,9.999647736549377441e-01,-9.999551177024841309e-01,-9.999855756759643555e-01,-9.999938011169433594e-01,9.999945163726806641e-01,-9.999963045120239258e-01,-9.999943971633911133e-01,-9.999839663505554199e-01,9.999803304672241211e-01,9.999959468841552734e-01,9.999966025352478027e-01,9.999860525131225586e-01,9.999963045120239258e-01,-9.999943375587463379e-01,9.999956488609313965e-01,-9.999907612800598145e-01,9.997950792312622070e-01,9.999777078628540039e-01,9.999393224716186523e-01,9.999942779541015625e-01,-9.999709129333496094e-01,-9.999954700469970703e-01,9.999808669090270996e-01,9.999846220016479492e-01,-9.999540448188781738e-01,-9.999917745590209961e-01,9.999958872795104980e-01,-9.999935030937194824e-01,9.999940395355224609e-01,9.999573826789855957e-01,-9.998847842216491699e-01,-9.999961853027343750e-01,-9.999667406082153320e-01,-9.997450709342956543e-01,9.999830722808837891e-01,-9.999942779541015625e-01,9.999478459358215332e-01,9.999911189079284668e-01,-9.999926090240478516e-01,9.999922513961791992e-01,9.999580979347229004e-01,-9.999963045120239258e-01,9.999957084655761719e-01,-9.999891519546508789e-01,9.999883174896240234e-01,-9.999959468841552734e-01,-9.991187453269958496e-01,-9.998096227645874023e-01,-9.999952912330627441e-01,-9.999892711639404297e-01,9.999391436576843262e-01,9.999945759773254395e-01,9.999784231185913086e-01,-9.999947547912597656e-01,9.999948740005493164e-01,-9.999925494194030762e-01,9.999940991401672363e-01,9.997801780700683594e-01,-9.999964833259582520e-01,9.999905824661254883e-01,-9.999962449073791504e-01,9.999931454658508301e-01,9.999833703041076660e-01,9.999903440475463867e-01,9.999951720237731934e-01,-9.999881982803344727e-01,-9.999930262565612793e-01,9.999907016754150391e-01,9.999682307243347168e-01,9.999828338623046875e-01,-9.999569058418273926e-01,9.999775886535644531e-01
9.999976754188537598e-01,-9.999981522560119629e-01,-9.999918937683105469e-01,9.999967813491821289e-01,9.999984502792358398e-01,-9.999982714653015137e-01,9.999937415122985840e-01,9.999986290931701660e-01,-9.999940991401672363e-01,9.999976158142089844e-01,-9.999982714653015137e-01,-9.999985694885253906e-01,9.999971985816955566e-01,9.999978542327880859e-01,9.999915361404418945e-01,9.999936223030090332e-01,9.999962449073791504e-01,-9.999973773956298828e-01,9.999894499778747559e-01,-9.999986886978149414e-01,-9.999985098838806152e-01,9.999915361404418945e-01,9.999980330467224121e-01,9.999971389770507812e-01,9.999837875366210938e-01,9.999985098838806152e-01,-9.999974966049194336e-01,-9.999983906745910645e-01,9.999863505363464355e-01,-9.999949932098388672e-01,-9.999883770942687988e-01,-9.999974966049194336e-01,9.999808073043823242e-01,9.999937415122985840e-01,-9.999971985816955566e-01,9.999530315399169922e-01,9.999986290931701660e-01,9.999979734420776367e-01,9.999847412109375000e-01,-9.999983906745910645e-01,9.999980926513671875e-01,9.998528957366943359e-01,9.999771118164062500e-01,9.999984502792358398e-01,9.999975562095642090e-01,9.999974370002746582e-01,-9.999905228614807129e-01,9.999979734420776367e-01,9.999983310699462891e-01,-9.999978542327880859e-01,-9.999983310699462891e-01,-9.999978542327880859e-01,-9.999983310699462891e-01,-9.999905228614807129e-01,-9.999978542327880859e-01,-9.999973773956298828e-01,-9.999861121177673340e-01,9.999822974205017090e-01,9.999942779541015625e-01,9.999974966049194336e-01,-9.999977946281433105e-01,9.999985694885253906e-01,9.999978542327880859e-01,9.999937415122985840e-01,-9.999922513961791992e-01,-9.999983906745910645e-01,-9.999987483024597168e-01,-9.999945163726806641e-01,-9.999985694885253906e-01,9.999977946281433105e-01,-9.999982714653015137e-01,9.999964237213134766e-01,-9.999191761016845703e-01,-9.999912381172180176e-01,-9.999761581420898438e-01,-9.999976754188537598e-01,9.999884963035583496e-01,9.999982118606567383e-01,-9.999924898147583008e-01,-9.999939799308776855e-01,9.999819397926330566e-01,9.999967217445373535e-01,-9.999983310699462891e-01,9.999973773956298828e-01,-9.999976754188537598e-01,-9.999831914901733398e-01,9.999545812606811523e-01,9.999983906745910645e-01,9.999869465827941895e-01,9.998993873596191406e-01,-9.999933242797851562e-01,9.999977350234985352e-01,-9.999795556068420410e-01,-9.999964833259582520e-01,9.999970793724060059e-01,-9.999969005584716797e-01,-9.999834895133972168e-01,9.999985694885253906e-01,-9.999983310699462891e-01,9.999957680702209473e-01,-9.999953508377075195e-01,9.999985098838806152e-01,9.996522068977355957e-01,9.999248981475830078e-01,9.999982118606567383e-01,9.999957680702209473e-01,-9.999760389328002930e-01,-9.999977946281433105e-01,-9.999914765357971191e-01,9.999979138374328613e-01,-9.999980330467224121e-01,9.999970793724060059e-01,-9.999976754188537598e-01,-9.999132156372070312e-01,9.999986886978149414e-01,-9.999962449073791504e-01,9.999985694885253906e-01,-9.999972581863403320e-01,-9.999934434890747070e-01,-9.999961853027343750e-01,-9.999980926513671875e-01,9.999953508377075195e-01,9.999971985816955566e-01,-9.999963045120239258e-01,-9.999875426292419434e-01,-9.999932050704956055e-01,9.999830722808837891e-01,-9.999911785125732422e-01
9.999988079071044922e-01,-9.999991059303283691e-01,-9.999960660934448242e-01,9.999984502792358398e-01,9.999992251396179199e-01,-9.999992251396179199e-01,9.999968409538269043e-01,9.999992847442626953e-01,-9.999970793724060059e-01,9.999988079071044922e-01,-9.999993443489074707e-01,-9.999994039535522461e-01,9.999986290931701660e-01,9.999989271163940430e-01,9.999958872795104980e-01,9.999969005584716797e-01,9.999982118606567383e-01,-9.999986886978149414e-01,9.999948740005493164e-01,-9.999994039535522461e-01,-9.999993443489074707e-01,9.999958872795104980e-01,9.999991059303283691e-01,9.999985694885253906e-01,9.999921917915344238e-01,9.999993443489074707e-01,-9.999988079071044922e-01,-9.999992847442626953e-01,9.999933838844299316e-01,-9.999974966049194336e-01,-9.999942779541015625e-01,-9.999987483024597168e-01,9.999907016754150391e-01,9.999969601631164551e-01,-9.999986290931701660e-01,9.999774098396301270e-01,9.999993443489074707e-01,9.999989271163940430e-01,9.999926090240478516e-01,-9.999992847442626953e-01,9.999991655349731445e-01,9.999290108680725098e-01,9.999889731407165527e-01,9.999992847442626953e-01,9.999988079071044922e-01,9.999987483024597168e-01,-9.999954104423522949e-01,9.999991059303283691e-01,9.999992251396179199e-01,-9.999989271163940430e-01,-9.999991655349731445e-01,-9.999989271163940430e-01,-9.999991655349731445e-01,-9.999954104423522949e-01,-9.999989867210388184e-01,-9.999987483024597168e-01,-9.999932050704956055e-01,9.999914765357971191e-01,9.999971389770507812e-01,9.999988079071044922e-01,-9.999989271163940430e-01,9.999994039535522461e-01,9.999989271163940430e-01,9.999969601631164551e-01,-9.999961853027343750e-01,-9.999992847442626953e-01,-9.999994039535522461e-01,-9.999973177909851074e-01,-9.999993443489074707e-01,9.999988675117492676e-01,-9.999992251396179199e-01,9.999982118606567383e-01,-9.999610185623168945e-01,-9.999957680702209473e-01,-9.999885559082031250e-01,-9.999988079071044922e-01,9.999943971633911133e-01,9.999991655349731445e-01,-9.999963045120239258e-01,-9.999969601631164551e-01,9.999912381172180176e-01,9.999983906745910645e-01,-9.999992251396179199e-01,9.999987483024597168e-01,-9.999989271163940430e-01,-9.999918937683105469e-01,9.999781847000122070e-01,9.999993443489074707e-01,9.999936223030090332e-01,9.999514818191528320e-01,-9.999967217445373535e-01,9.999988675117492676e-01,-9.999901056289672852e-01,-9.999982714653015137e-01,9.999985694885253906e-01,-9.999985098838806152e-01,-9.999920725822448730e-01,9.999992847442626953e-01,-9.999992251396179199e-01,9.999979138374328613e-01,-9.999977350234985352e-01,9.999992847442626953e-01,9.998323321342468262e-01,9.999638199806213379e-01,9.999991655349731445e-01,9.999978542327880859e-01,-9.999884366989135742e-01,-9.999989271163940430e-01,-9.999958872795104980e-01,9.999990463256835938e-01,-9.999990463256835938e-01,9.999985694885253906e-01,-9.999988675117492676e-01,-9.999580979347229004e-01,9.999993443489074707e-01,-9.999982118606567383e-01,9.999993443489074707e-01,-9.999986290931701660e-01,-9.999969005584716797e-01,-9.999981522560119629e-01,-9.999991059303283691e-01,9.999977946281433105e-01,9.999986290931701660e-01,-9.999982118606567383e-01,-9.999939203262329102e-01,-9.999966025352478027e-01,9.999918341636657715e-01,-9.999958276748657227e-01
-9.999987483024597168e-01,9.999990463256835938e-01,9.999957680702209473e-01,-9.999982714653015137e-01,-9.999992251396179199e-01,9.999992847442626953e-01,-9.999966621398925781e-01,-9.999993443489074707e-01,9.999969005584716797e-01,-9.999987483024597168e-01,9.999991655349731445e-01,9.999992251396179199e-01,-9.999985098838806152e-01,-9.999988675117492676e-01,-9.999954700469970703e-01,-9.999966025352478027e-01,-9.999980330467224121e-01,9.999986886978149414e-01,-9.999944567680358887e-01,9.999992847442626953e-01,9.999992847442626953e-01,-9.999955296516418457e-01,-9.999989867210388184e-01,-9.999985694885253906e-01,-9.999915361404418945e-01,-9.999992847442626953e-01,9.999986886978149414e-01,9.999992251396179199e-01,-9.999928474426269531e-01,9.999973177909851074e-01,9.999938607215881348e-01,9.999986290931701660e-01,-9.999898672103881836e-01,-9.999966621398925781e-01,9.999986290931701660e-01,-9.999752640724182129e-01,-9.999994039535522461e-01,-9.999989271163940430e-01,-9.999919533729553223e-01,9.999992251396179199e-01,-9.999990463256835938e-01,-9.999223947525024414e-01,-9.999880194664001465e-01,-9.999993443489074707e-01,-9.999986886978149414e-01,-9.999986290931701660e-01,9.999949932098388672e-01,-9.999989867210388184e-01,-9.999992251396179199e-01,9.999988675117492676e-01,9.999991655349731445e-01,9.999988675117492676e-01,9.999991655349731445e-01,9.999949932098388672e-01,9.999988675117492676e-01,9.999986290931701660e-01,9.999926686286926270e-01,-9.999906420707702637e-01,-9.999969601631164551e-01,-9.999987483024597168e-01,9.999989271163940430e-01,-9.999993443489074707e-01,-9.999988079071044922e-01,-9.999967217445373535e-01,9.999959468841552734e-01,9.999991655349731445e-01,9.999994039535522461e-01,9.999970793724060059e-01,9.999993443489074707e-01,-9.999987483024597168e-01,9.999990463256835938e-01,-9.999980330467224121e-01,9.999573230743408203e-01,9.999953508377075195e-01,9.999874830245971680e-01,9.999988079071044922e-01,-9.999940395355224609e-01,-9.999991059303283691e-01,9.999959468841552734e-01,9.999967813491821289e-01,-9.999904632568359375e-01,-9.999982714653015137e-01,9.999991655349731445e-01,-9.999986290931701660e-01,9.999988079071044922e-01,9.999911189079284668e-01,-9.999760389328002930e-01,-9.999992251396179199e-01,-9.999930858612060547e-01,-9.999468922615051270e-01,9.999964237213134766e-01,-9.999988675117492676e-01,9.999892711639404297e-01,9.999981522560119629e-01,-9.999983906745910645e-01,9.999983906745910645e-01,9.999912977218627930e-01,-9.999992847442626953e-01,9.999991655349731445e-01,-9.999977350234985352e-01,9.999974966049194336e-01,-9.999992251396179199e-01,-9.998164772987365723e-01,-9.999604225158691406e-01,-9.999990463256835938e-01,-9.999977350234985352e-01,9.999873638153076172e-01,9.999989271163940430e-01,9.999955296516418457e-01,-9.999989271163940430e-01,9.999989271163940430e-01,-9.999984502792358398e-01,9.999987483024597168e-01,9.999541640281677246e-01,-9.999994039535522461e-01,9.999980330467224121e-01,-9.999992847442626953e-01,9.999985694885253906e-01,9.999966025352478027e-01,9.999979734420776367e-01,9.999989271163940430e-01,-9.999975562095642090e-01,-9.999985098838806152e-01,9.999980330467224121e-01,9.999934434890747070e-01,9.999963641166687012e-01,-9.999910593032836914e-01,9.999954104423522949e-01
9.999954700469970703e-01,-9.999963045120239258e-01,-9.999839663505554199e-01,9.999937415122985840e-01,9.999968409538269043e-01,-9.999966621398925781e-01,9.999876618385314941e-01,9.999973177909851074e-01,-9.999881982803344727e-01,9.999954104423522949e-01,-9.999966621398925781e-01,-9.999969601631164551e-01,9.999945759773254395e-01,9.999957680702209473e-01,9.999833703041076660e-01,9.999872446060180664e-01,9.999927282333374023e-01,-9.999948143959045410e-01,9.999794960021972656e-01,-9.999974370002746582e-01,-9.999970793724060059e-01,9.999833703041076660e-01,9.999961256980895996e-01,9.999943375587463379e-01,9.999681711196899414e-01,9.999970793724060059e-01,-9.999951124191284180e-01,-9.999968409538269043e-01,9.999731183052062988e-01,-9.999902248382568359e-01,-9.999770522117614746e-01,-9.999951720237731934e-01,9.999622702598571777e-01,9.999877214431762695e-01,-9.999945759773254395e-01,9.999077320098876953e-01,9.999972581863403320e-01,9.999960064888000488e-01,9.999698400497436523e-01,-9.999968409538269043e-01,9.999963641166687012e-01,9.997109770774841309e-01,9.999549984931945801e-01,9.999970197677612305e-01,9.999952912330627441e-01,9.999949932098388672e-01,-9.999811649322509766e-01,9.999960660934448242e-01,9.999966621398925781e-01,-9.999958872795104980e-01,-9.999966025352478027e-01,-9.999958276748657227e-01,-9.999966621398925781e-01,-9.999814033508300781e-01,-9.999958276748657227e-01,-9.999948740005493164e-01,-9.999727606773376465e-01,9.999651908874511719e-01,9.999887347221374512e-01,9.999951720237731934e-01,-9.999957680702209473e-01,9.999971389770507812e-01,9.999956488609313965e-01,9.999876022338867188e-01,-9.999847412109375000e-01,-9.999967217445373535e-01,-9.999973773956298828e-01,-9.999891519546508789e-01,-9.999971389770507812e-01,9.999956488609313965e-01,-9.999965429306030273e-01,9.999928474426269531e-01,-9.998412728309631348e-01,-9.999827146530151367e-01,-9.999529123306274414e-01,-9.999955296516418457e-01,9.999773502349853516e-01,9.999964833259582520e-01,-9.999852180480957031e-01,-9.999881982803344727e-01,9.999644160270690918e-01,9.999937415122985840e-01,-9.999966621398925781e-01,9.999948740005493164e-01,-9.999954104423522949e-01,-9.999669194221496582e-01,9.999107718467712402e-01,9.999969601631164551e-01,9.999741911888122559e-01,9.998025298118591309e-01,-9.999868869781494141e-01,9.999956488609313965e-01,-9.999595880508422852e-01,-9.999930858612060547e-01,9.999941587448120117e-01,-9.999939203262329102e-01,-9.999674558639526367e-01,9.999971389770507812e-01,-9.999966025352478027e-01,9.999915957450866699e-01,-9.999908804893493652e-01,9.999968409538269043e-01,9.993171691894531250e-01,9.998525381088256836e-01,9.999964237213134766e-01,9.999916553497314453e-01,-9.999528527259826660e-01,-9.999957680702209473e-01,-9.999832510948181152e-01,9.999959468841552734e-01,-9.999959468841552734e-01,9.999942183494567871e-01,-9.999954700469970703e-01,-9.998297095298767090e-01,9.999972581863403320e-01,-9.999927282333374023e-01,9.999970793724060059e-01,-9.999946951866149902e-01,-9.999871253967285156e-01,-9.999926090240478516e-01,-9.999962449073791504e-01,9.999909400939941406e-01,9.999945759773254395e-01,-9.999928474426269531e-01,-9.999753832817077637e-01,-9.999867081642150879e-01,9.999666213989257812e-01,-9.999826550483703613e-01
9.999989867210388184e-01,-9.999992251396179199e-01,-9.999965429306030273e-01,9.999986290931701660e-01,9.999992847442626953e-01,-9.999993443489074707e-01,9.999973177909851074e-01,9.999994039535522461e-01,-9.999974966049194336e-01,9.999989867210388184e-01,-9.999993443489074707e-01,-9.999994039535522461e-01,9.999987483024597168e-01,9.999990463256835938e-01,9.999963045120239258e-01,9.999971985816955566e-01,9.999983310699462891e-01,-9.999988675117492676e-01,9.999954700469970703e-01,-9.999994039535522461e-01,-9.999994039535522461e-01,9.999963641166687012e-01,9.999991059303283691e-01,9.999987483024597168e-01,9.999931454658508301e-01,9.999994039535522461e-01,-9.999988675117492676e-01,-9.999993443489074707e-01,9.999942779541015625e-01,-9.999977946281433105e-01,-9.999950528144836426e-01,-9.999988675117492676e-01,9.999918341636657715e-01,9.999973177909851074e-01,-9.999988079071044922e-01,9.999801516532897949e-01,9.999994039535522461e-01,9.999991059303283691e-01,9.999935030937194824e-01,-9.999992847442626953e-01,9.999992251396179199e-01,9.999379515647888184e-01,9.999902844429016113e-01,9.999994039535522461e-01,9.999989271163940430e-01,9.999988675117492676e-01,-9.999959468841552734e-01,9.999992251396179199e-01,9.999992847442626953e-01,-9.999990463256835938e-01,-9.999992251396179199e-01,-9.999991655349731445e-01,-9.999992847442626953e-01,-9.999959468841552734e-01,-9.999991655349731445e-01,-9.999988079071044922e-01,-9.999941587448120117e-01,9.999925494194030762e-01,9.999974966049194336e-01,9.999988675117492676e-01,-9.999991059303283691e-01,9.999994039535522461e-01,9.999991059303283691e-01,9.999972581863403320e-01,-9.999966025352478027e-01,-9.999993443489074707e-01,-9.999994635581970215e-01,-9.999975562095642090e-01,-9.999994039535522461e-01,9.999989867210388184e-01,-9.999992251396179199e-01,9.999984502792358398e-01,-9.999659061431884766e-01,-9.999962449073791504e-01,-9.999899268150329590e-01,-9.999991059303283691e-01,9.999951720237731934e-01,9.999992251396179199e-01,-9.999967813491821289e-01,-9.999973773956298828e-01,9.999923706054687500e-01,9.999986290931701660e-01,-9.999993443489074707e-01,9.999987483024597168e-01,-9.999990463256835938e-01,-9.999927878379821777e-01,9.999808669090270996e-01,9.999993443489074707e-01,9.999943971633911133e-01,9.999575018882751465e-01,-9.999970793724060059e-01,9.999991059303283691e-01,-9.999913573265075684e-01,-9.999984502792358398e-01,9.999987483024597168e-01,-9.999986290931701660e-01,-9.999930262565612793e-01,9.999993443489074707e-01,-9.999991655349731445e-01,9.999981522560119629e-01,-9.999980330467224121e-01,9.999993443489074707e-01,9.998534321784973145e-01,9.999684095382690430e-01,9.999992847442626953e-01,9.999982118606567383e-01,-9.999899268150329590e-01,-9.999991059303283691e-01,-9.999963641166687012e-01,9.999990463256835938e-01,-9.999991655349731445e-01,9.999987483024597168e-01,-9.999990463256835938e-01,-9.999634027481079102e-01,9.999994635581970215e-01,-9.999983906745910645e-01,9.999994039535522461e-01,-9.999988079071044922e-01,-9.999971985816955566e-01,-9.999982714653015137e-01,-9.999991655349731445e-01,9.999980330467224121e-01,9.999988079071044922e-01,-9.999983310699462891e-01,-9.999945759773254395e-01,-9.999970793724060059e-01,9.999928474426269531e-01,-9.999962449073791504e-01
-9.999957084655761719e-01,9.999964833259582520e-01,9.999847412109375000e-01,-9.999940991401672363e-01,-9.999970793724060059e-01,9.999969005584716797e-01,-9.999881982803344727e-01,-9.999974966049194336e-01,9.999887943267822266e-01,-9.999957680702209473e-01,9.999969005584716797e-01,9.999972581863403320e-01,-9.999948143959045410e-01,-9.999959468841552734e-01,-9.999840855598449707e-01,-9.999879002571105957e-01,-9.999931454658508301e-01,9.999951124191284180e-01,-9.999803304672241211e-01,9.999976158142089844e-01,9.999973773956298828e-01,-9.999841451644897461e-01,-9.999963045120239258e-01,-9.999946951866149902e-01,-9.999696016311645508e-01,-9.999972581863403320e-01,9.999953508377075195e-01,9.999970793724060059e-01,-9.999741911888122559e-01,9.999906420707702637e-01,9.999780654907226562e-01,9.999954104423522949e-01,-9.999638199806213379e-01,-9.999883174896240234e-01,9.999948740005493164e-01,-9.999116659164428711e-01,-9.999973773956298828e-01,-9.999961256980895996e-01,-9.999712109565734863e-01,9.999970793724060059e-01,-9.999965429306030273e-01,-9.997230172157287598e-01,-9.999569654464721680e-01,-9.999971389770507812e-01,-9.999955892562866211e-01,-9.999952316284179688e-01,9.999821186065673828e-01,-9.999962449073791504e-01,-9.999967813491821289e-01,9.999960064888000488e-01,9.999968409538269043e-01,9.999960660934448242e-01,9.999969005584716797e-01,9.999822378158569336e-01,9.999960660934448242e-01,9.999951720237731934e-01,9.999738931655883789e-01,-9.999667406082153320e-01,-9.999892711639404297e-01,-9.999954104423522949e-01,9.999960064888000488e-01,-9.999973177909851074e-01,-9.999959468841552734e-01,-9.999881386756896973e-01,9.999855160713195801e-01,9.999970197677612305e-01,9.999975562095642090e-01,9.999896287918090820e-01,9.999972581863403320e-01,-9.999958872795104980e-01,9.999967217445373535e-01,-9.999932646751403809e-01,9.998479485511779785e-01,9.999835491180419922e-01,9.999549388885498047e-01,9.999957680702209473e-01,-9.999784827232360840e-01,-9.999967217445373535e-01,9.999859333038330078e-01,9.999886751174926758e-01,-9.999659657478332520e-01,-9.999939799308776855e-01,9.999969005584716797e-01,-9.999951720237731934e-01,9.999957084655761719e-01,9.999684691429138184e-01,-9.999146461486816406e-01,-9.999971985816955566e-01,-9.999754428863525391e-01,-9.998106956481933594e-01,9.999875426292419434e-01,-9.999958276748657227e-01,9.999613165855407715e-01,9.999934434890747070e-01,-9.999945163726806641e-01,9.999942183494567871e-01,9.999690651893615723e-01,-9.999973177909851074e-01,9.999968409538269043e-01,-9.999920129776000977e-01,9.999913573265075684e-01,-9.999970793724060059e-01,-9.993456006050109863e-01,-9.998586773872375488e-01,-9.999965429306030273e-01,-9.999920129776000977e-01,9.999548196792602539e-01,9.999960064888000488e-01,9.999840259552001953e-01,-9.999961853027343750e-01,9.999962449073791504e-01,-9.999945163726806641e-01,9.999957084655761719e-01,9.998368620872497559e-01,-9.999974370002746582e-01,9.999930262565612793e-01,-9.999973773956298828e-01,9.999949336051940918e-01,9.999877810478210449e-01,9.999929070472717285e-01,9.999964833259582520e-01,-9.999912977218627930e-01,-9.999948740005493164e-01,9.999932050704956055e-01,9.999765157699584961e-01,9.999873638153076172e-01,-9.999680519104003906e-01,9.999834895133972168e-01
9.999982118606567383e-01,-9.999986290931701660e-01,-9.999941587448120117e-01,9.999976158142089844e-01,9.999988079071044922e-01,-9.999987483024597168e-01,9.999954104423522949e-01,9.999989867210388184e-01,-9.999957680702209473e-01,9.999983310699462891e-01,-9.999987483024597168e-01,-9.999988675117492676e-01,9.999979734420776367e-01,9.999983906745910645e-01,9.999938607215881348e-01,9.999952912330627441e-01,9.999973177909851074e-01,-9.999980926513671875e-01,9.999924898147583008e-01,-9.999989867210388184e-01,-9.999989271163940430e-01,9.999938011169433594e-01,9.999985694885253906e-01,9.999979138374328613e-01,9.999883770942687988e-01,9.999988675117492676e-01,-9.999981522560119629e-01,-9.999988079071044922e-01,9.999901056289672852e-01,-9.999963641166687012e-01,-9.999915957450866699e-01,-9.999980926513671875e-01,9.999862313270568848e-01,9.999954700469970703e-01,-9.999979734420776367e-01,9.999662041664123535e-01,9.999989867210388184e-01,9.999984502792358398e-01,9.999888539314270020e-01,-9.999988079071044922e-01,9.999986290931701660e-01,9.998941421508789062e-01,9.999835491180419922e-01,9.999989271163940430e-01,9.999982714653015137e-01,9.999980330467224121e-01,-9.999931454658508301e-01,9.999984502792358398e-01,9.999987483024597168e-01,-9.999983906745910645e-01,-9.999986886978149414e-01,-9.999984502792358398e-01,-9.999987483024597168e-01,-9.999932050704956055e-01,-9.999984502792358398e-01,-9.999979734420776367e-01,-9.999899864196777344e-01,9.999871850013732910e-01,9.999958872795104980e-01,9.999982118606567383e-01,-9.999984502792358398e-01,9.999989271163940430e-01,9.999983906745910645e-01,9.999954104423522949e-01,-9.999943375587463379e-01,-9.999988079071044922e-01,-9.999991059303283691e-01,-9.999960064888000488e-01,-9.999989271163940430e-01,9.999983310699462891e-01,-9.999986886978149414e-01,9.999973177909851074e-01,-9.999418258666992188e-01,-9.999935626983642578e-01,-9.999828934669494629e-01,-9.999982714653015137e-01,9.999917149543762207e-01,9.999986290931701660e-01,-9.999945759773254395e-01,-9.999956488609313965e-01,9.999870061874389648e-01,9.999975562095642090e-01,-9.999987483024597168e-01,9.999981522560119629e-01,-9.999983906745910645e-01,-9.999878406524658203e-01,9.999673366546630859e-01,9.999988675117492676e-01,9.999905228614807129e-01,9.999276399612426758e-01,-9.999951124191284180e-01,9.999983310699462891e-01,-9.999851584434509277e-01,-9.999973773956298828e-01,9.999978542327880859e-01,-9.999976754188537598e-01,-9.999881386756896973e-01,9.999989271163940430e-01,-9.999986886978149414e-01,9.999968409538269043e-01,-9.999966025352478027e-01,9.999988675117492676e-01,9.997500777244567871e-01,9.999459981918334961e-01,9.999986290931701660e-01,9.999968409538269043e-01,-9.999827146530151367e-01,-9.999983906745910645e-01,-9.999938011169433594e-01,9.999985098838806152e-01,-9.999985098838806152e-01,9.999979138374328613e-01,-9.999982714653015137e-01,-9.999375939369201660e-01,9.999990463256835938e-01,-9.999973177909851074e-01,9.999989271163940430e-01,-9.999980330467224121e-01,-9.999952912330627441e-01,-9.999971389770507812e-01,-9.999985098838806152e-01,9.999966025352478027e-01,9.999978542327880859e-01,-9.999973177909851074e-01,-9.999909996986389160e-01,-9.999950528144836426e-01,9.999877810478210449e-01,-9.999936819076538086e-01
-9.999987483024597168e-01,9.999990463256835938e-01,9.999957084655761719e-01,-9.999982714653015137e-01,-9.999993443489074707e-01,9.999991655349731445e-01,-9.999966621398925781e-01,-9.999993443489074707e-01,9.999969005584716797e-01,-9.999987483024597168e-01,9.999992847442626953e-01,9.999993443489074707e-01,-9.999985098838806152e-01,-9.999988675117492676e-01,-9.999955892562866211e-01,-9.999966025352478027e-01,-9.999980330467224121e-01,9.999986886978149414e-01,-9.999944567680358887e-01,9.999993443489074707e-01,9.999992847442626953e-01,-9.999955296516418457e-01,-9.999990463256835938e-01,-9.999985694885253906e-01,-9.999915957450866699e-01,-9.999992847442626953e-01,9.999987483024597168e-01,9.999992847442626953e-01,-9.999928474426269531e-01,9.999973177909851074e-01,9.999938607215881348e-01,9.999986886978149414e-01,-9.999898672103881836e-01,-9.999966621398925781e-01,9.999986290931701660e-01,-9.999752640724182129e-01,-9.999994039535522461e-01,-9.999989867210388184e-01,-9.999919533729553223e-01,9.999992251396179199e-01,-9.999991655349731445e-01,-9.999223947525024414e-01,-9.999880194664001465e-01,-9.999992251396179199e-01,-9.999988079071044922e-01,-9.999987483024597168e-01,9.999949932098388672e-01,-9.999989867210388184e-01,-9.999992251396179199e-01,9.999989271163940430e-01,9.999991655349731445e-01,9.999989271163940430e-01,9.999991655349731445e-01,9.999950528144836426e-01,9.999989271163940430e-01,9.999986290931701660e-01,9.999926686286926270e-01,-9.999907612800598145e-01,-9.999970197677612305e-01,-9.999986886978149414e-01,9.999989271163940430e-01,-9.999993443489074707e-01,-9.999988675117492676e-01,-9.999967217445373535e-01,9.999959468841552734e-01,9.999992847442626953e-01,9.999994039535522461e-01,9.999970793724060059e-01,9.999993443489074707e-01,-9.999988079071044922e-01,9.999991655349731445e-01,-9.999980330467224121e-01,9.999573230743408203e-01,9.999954104423522949e-01,9.999874830245971680e-01,9.999988079071044922e-01,-9.999939203262329102e-01,-9.999991059303283691e-01,9.999960660934448242e-01,9.999968409538269043e-01,-9.999905228614807129e-01,-9.999983906745910645e-01,9.999991655349731445e-01,-9.999986290931701660e-01,9.999988675117492676e-01,9.999911785125732422e-01,-9.999761581420898438e-01,-9.999992251396179199e-01,-9.999932050704956055e-01,-9.999468922615051270e-01,9.999964237213134766e-01,-9.999989271163940430e-01,9.999892711639404297e-01,9.999981522560119629e-01,-9.999985098838806152e-01,9.999983906745910645e-01,9.999912977218627930e-01,-9.999992847442626953e-01,9.999990463256835938e-01,-9.999977350234985352e-01,9.999976158142089844e-01,-9.999992847442626953e-01,-9.998165369033813477e-01,-9.999604225158691406e-01,-9.999990463256835938e-01,-9.999977350234985352e-01,9.999873638153076172e-01,9.999989271163940430e-01,9.999955296516418457e-01,-9.999989271163940430e-01,9.999989867210388184e-01,-9.999985098838806152e-01,9.999988675117492676e-01,9.999542236328125000e-01,-9.999994039535522461e-01,9.999980330467224121e-01,-9.999992847442626953e-01,9.999985694885253906e-01,9.999966025352478027e-01,9.999979734420776367e-01,9.999990463256835938e-01,-9.999975562095642090e-01,-9.999986290931701660e-01,9.999980330467224121e-01,9.999934434890747070e-01,9.999964833259582520e-01,-9.999911189079284668e-01,9.999954104423522949e-01
-9.999988079071044922e-01,9.999992251396179199e-01,9.999960660934448242e-01,-9.999985694885253906e-01,-9.999994039535522461e-01,9.999992251396179199e-01,-9.999969601631164551e-01,-9.999994039535522461e-01,9.999972581863403320e-01,-9.999988675117492676e-01,9.999993443489074707e-01,9.999994039535522461e-01,-9.999986886978149414e-01,-9.999989867210388184e-01,-9.999959468841552734e-01,-9.999968409538269043e-01,-9.999982118606567383e-01,9.999988079071044922e-01,-9.999949932098388672e-01,9.999994039535522461e-01,9.999993443489074707e-01,-9.999960064888000488e-01,-9.999991059303283691e-01,-9.999986886978149414e-01,-9.999922513961791992e-01,-9.999993443489074707e-01,9.999988079071044922e-01,9.999993443489074707e-01,-9.999935030937194824e-01,9.999975562095642090e-01,9.999944567680358887e-01,9.999988079071044922e-01,-9.999908208847045898e-01,-9.999969601631164551e-01,9.999987483024597168e-01,-9.999775886535644531e-01,-9.999994635581970215e-01,-9.999991059303283691e-01,-9.999926686286926270e-01,9.999992847442626953e-01,-9.999991655349731445e-01,-9.999296665191650391e-01,-9.999891519546508789e-01,-9.999994039535522461e-01,-9.999989271163940430e-01,-9.999987483024597168e-01,9.999954700469970703e-01,-9.999992251396179199e-01,-9.999992251396179199e-01,9.999989867210388184e-01,9.999991655349731445e-01,9.999990463256835938e-01,9.999992847442626953e-01,9.999954700469970703e-01,9.999989867210388184e-01,9.999988079071044922e-01,9.999933838844299316e-01,-9.999915361404418945e-01,-9.999973177909851074e-01,-9.999988079071044922e-01,9.999989867210388184e-01,-9.999994039535522461e-01,-9.999989271163940430e-01,-9.999970197677612305e-01,9.999962449073791504e-01,9.999992847442626953e-01,9.999994635581970215e-01,9.999973177909851074e-01,9.999994039535522461e-01,-9.999989271163940430e-01,9.999992251396179199e-01,-9.999983310699462891e-01,9.999613761901855469e-01,9.999957680702209473e-01,9.999886751174926758e-01,9.999989271163940430e-01,-9.999945163726806641e-01,-9.999992251396179199e-01,9.999964237213134766e-01,9.999970793724060059e-01,-9.999914765357971191e-01,-9.999985098838806152e-01,9.999992847442626953e-01,-9.999987483024597168e-01,9.999989271163940430e-01,9.999920129776000977e-01,-9.999784827232360840e-01,-9.999993443489074707e-01,-9.999937415122985840e-01,-9.999518990516662598e-01,9.999968409538269043e-01,-9.999990463256835938e-01,9.999902844429016113e-01,9.999983310699462891e-01,-9.999986290931701660e-01,9.999985098838806152e-01,9.999921321868896484e-01,-9.999993443489074707e-01,9.999992251396179199e-01,-9.999979734420776367e-01,9.999977946281433105e-01,-9.999993443489074707e-01,-9.998338222503662109e-01,-9.999641180038452148e-01,-9.999991655349731445e-01,-9.999979734420776367e-01,9.999885559082031250e-01,9.999989867210388184e-01,9.999960064888000488e-01,-9.999991655349731445e-01,9.999991655349731445e-01,-9.999986290931701660e-01,9.999989867210388184e-01,9.999584555625915527e-01,-9.999994635581970215e-01,9.999982118606567383e-01,-9.999993443489074707e-01,9.999987483024597168e-01,9.999969005584716797e-01,9.999981522560119629e-01,9.999991059303283691e-01,-9.999977946281433105e-01,-9.999986886978149414e-01,9.999982118606567383e-01,9.999940395355224609e-01,9.999967217445373535e-01,-9.999919533729553223e-01,9.999958276748657227e-01
