9.999983906745910645e-01,-9.999986886978149414e-01,-9.999931454658508301e-01,9.999980926513671875e-01,9.999989271163940430e-01,-9.999988079071044922e-01,9.999960064888000488e-01,9.999991059303283691e-01,-9.999971985816955566e-01,9.999980926513671875e-01,-9.999987483024597168e-01,-9.999989271163940430e-01,9.999982118606567383e-01,9.999985098838806152e-01,9.999910593032836914e-01,9.999965429306030273e-01,9.999974966049194336e-01,-9.999985098838806152e-01,9.999935626983642578e-01,-9.999991059303283691e-01,-9.999989867210388184e-01,9.999926686286926270e-01,9.999985694885253906e-01,9.999982714653015137e-01,9.999889135360717773e-01,9.999990463256835938e-01,-9.999984502792358398e-01,-9.999989867210388184e-01,9.999886155128479004e-01,-9.999959468841552734e-01,-9.999926686286926270e-01,-9.999983906745910645e-01,9.999895095825195312e-01,9.999965429306030273e-01,-9.999976754188537598e-01,9.998157620429992676e-01,9.999991655349731445e-01,9.999986290931701660e-01,9.999919533729553223e-01,-9.999988079071044922e-01,9.999987483024597168e-01,-9.999931454658508301e-01,9.999794960021972656e-01,9.999988675117492676e-01,9.999983906745910645e-01,9.999982714653015137e-01,-9.999931454658508301e-01,9.999985694885253906e-01,9.999988675117492676e-01,-9.999985098838806152e-01,-9.999988675117492676e-01,-9.999982714653015137e-01,-9.999989271163940430e-01,-9.999929070472717285e-01,-9.999981522560119629e-01,-9.999982118606567383e-01,-9.999954700469970703e-01,9.999669790267944336e-01,9.999971985816955566e-01,9.999984502792358398e-01,-9.999985098838806152e-01,9.999990463256835938e-01,9.999985098838806152e-01,9.999954700469970703e-01,-9.999955296516418457e-01,-9.999989271163940430e-01,-9.999992251396179199e-01,-9.999960064888000488e-01,-9.999989867210388184e-01,9.999986290931701660e-01,-9.999988675117492676e-01,9.999978542327880859e-01,9.999917745590209961e-01,-9.999935626983642578e-01,-9.999749660491943359e-01,-9.999983310699462891e-01,9.999928474426269531e-01,9.999987483024597168e-01,-9.999944567680358887e-01,-9.999963641166687012e-01,9.999640583992004395e-01,9.999977350234985352e-01,-9.999989271163940430e-01,9.999978542327880859e-01,-9.999982714653015137e-01,-9.999892115592956543e-01,9.999811053276062012e-01,9.999989271163940430e-01,9.999836683273315430e-01,9.999449849128723145e-01,-9.999968409538269043e-01,9.999984502792358398e-01,-9.999819993972778320e-01,-9.999977350234985352e-01,9.999982118606567383e-01,-9.999979138374328613e-01,-9.999917745590209961e-01,9.999991655349731445e-01,-9.999988079071044922e-01,9.999957084655761719e-01,-9.999969005584716797e-01,9.999988079071044922e-01,-9.999392628669738770e-01,-4.466540813446044922e-01,9.999986290931701660e-01,9.999973177909851074e-01,-9.999774098396301270e-01,-9.999983310699462891e-01,-9.999940991401672363e-01,9.999985098838806152e-01,-9.999984502792358398e-01,9.999983310699462891e-01,-9.999983310699462891e-01,-9.999692440032958984e-01,9.999992251396179199e-01,-9.999978542327880859e-01,9.999989867210388184e-01,-9.999983906745910645e-01,-9.999950528144836426e-01,-9.999978542327880859e-01,-9.999988675117492676e-01,9.999963641166687012e-01,9.999983906745910645e-01,-9.999976754188537598e-01,-9.999883770942687988e-01,-9.999955892562866211e-01,9.999907612800598145e-01,-9.999958276748657227e-01
-9.999986886978149414e-01,9.999989271163940430e-01,9.999943971633911133e-01,-9.999983310699462891e-01,-9.999991655349731445e-01,9.999990463256835938e-01,-9.999966025352478027e-01,-9.999991655349731445e-01,9.999976754188537598e-01,-9.999984502792358398e-01,9.999989271163940430e-01,9.999991655349731445e-01,-9.999983310699462891e-01,-9.999986886978149414e-01,-9.999926686286926270e-01,-9.999971985816955566e-01,-9.999977946281433105e-01,9.999986886978149414e-01,-9.999946355819702148e-01,9.999994039535522461e-01,9.999991059303283691e-01,-9.999939799308776855e-01,-9.999988079071044922e-01,-9.999986290931701660e-01,-9.999909400939941406e-01,-9.999992251396179199e-01,9.999986290931701660e-01,9.999991655349731445e-01,-9.999907016754150391e-01,9.999966025352478027e-01,9.999939799308776855e-01,9.999986886978149414e-01,-9.999914169311523438e-01,-9.999970793724060059e-01,9.999980330467224121e-01,-9.998489618301391602e-01,-9.999992251396179199e-01,-9.999988675117492676e-01,-9.999933242797851562e-01,9.999990463256835938e-01,-9.999989271163940430e-01,9.999943971633911133e-01,-9.999831318855285645e-01,-9.999991655349731445e-01,-9.999985694885253906e-01,-9.999986290931701660e-01,9.999943971633911133e-01,-9.999987483024597168e-01,-9.999990463256835938e-01,9.999987483024597168e-01,9.999990463256835938e-01,9.999985694885253906e-01,9.999991655349731445e-01,9.999941587448120117e-01,9.999983906745910645e-01,9.999985098838806152e-01,9.999961853027343750e-01,-9.999729990959167480e-01,-9.999976754188537598e-01,-9.999986886978149414e-01,9.999986886978149414e-01,-9.999991059303283691e-01,-9.999986886978149414e-01,-9.999961853027343750e-01,9.999962449073791504e-01,9.999991059303283691e-01,9.999992847442626953e-01,9.999966621398925781e-01,9.999991655349731445e-01,-9.999988675117492676e-01,9.999990463256835938e-01,-9.999981522560119629e-01,-9.999932050704956055e-01,9.999946951866149902e-01,9.999794363975524902e-01,9.999986290931701660e-01,-9.999940395355224609e-01,-9.999989271163940430e-01,9.999954104423522949e-01,9.999970197677612305e-01,-9.999705553054809570e-01,-9.999981522560119629e-01,9.999991059303283691e-01,-9.999982714653015137e-01,9.999985694885253906e-01,9.999911785125732422e-01,-9.999843835830688477e-01,-9.999991059303283691e-01,-9.999865889549255371e-01,-9.999549388885498047e-01,9.999973177909851074e-01,-9.999986886978149414e-01,9.999850392341613770e-01,9.999981522560119629e-01,-9.999984502792358398e-01,9.999982714653015137e-01,9.999932050704956055e-01,-9.999992251396179199e-01,9.999991059303283691e-01,-9.999964237213134766e-01,9.999973773956298828e-01,-9.999989867210388184e-01,9.999502301216125488e-01,4.467559158802032471e-01,-9.999988675117492676e-01,-9.999977350234985352e-01,9.999814033508300781e-01,9.999986290931701660e-01,9.999951720237731934e-01,-9.999986886978149414e-01,9.999986290931701660e-01,-9.999986290931701660e-01,9.999985098838806152e-01,9.999747872352600098e-01,-9.999992251396179199e-01,9.999981522560119629e-01,-9.999992251396179199e-01,9.999986886978149414e-01,9.999958872795104980e-01,9.999983310699462891e-01,9.999990463256835938e-01,-9.999969601631164551e-01,-9.999986290931701660e-01,9.999980330467224121e-01,9.999904632568359375e-01,9.999962449073791504e-01,-9.999923706054687500e-01,9.999964237213134766e-01
-9.999931454658508301e-01,9.999943971633911133e-01,9.999714493751525879e-01,-9.999918937683105469e-01,-9.999955296516418457e-01,9.999948740005493164e-01,-9.999829530715942383e-01,-9.999958872795104980e-01,9.999883174896240234e-01,-9.999920129776000977e-01,9.999946951866149902e-01,9.999954700469970703e-01,-9.999921321868896484e-01,-9.999938011169433594e-01,-9.999622106552124023e-01,-9.999861121177673340e-01,-9.999892115592956543e-01,9.999936819076538086e-01,-9.999724626541137695e-01,9.999961256980895996e-01,9.999957084655761719e-01,-9.999685883522033691e-01,-9.999939799308776855e-01,-9.999929070472717285e-01,-9.999532699584960938e-01,-9.999957680702209473e-01,9.999932050704956055e-01,9.999955296516418457e-01,-9.999519586563110352e-01,9.999827742576599121e-01,9.999691247940063477e-01,9.999933838844299316e-01,-9.999556541442871094e-01,-9.999852180480957031e-01,9.999904036521911621e-01,-9.992230534553527832e-01,-9.999958872795104980e-01,-9.999942183494567871e-01,-9.999660849571228027e-01,9.999952912330627441e-01,-9.999943375587463379e-01,9.999710321426391602e-01,-9.999130368232727051e-01,-9.999953508377075195e-01,-9.999932050704956055e-01,-9.999929070472717285e-01,9.999709725379943848e-01,-9.999936223030090332e-01,-9.999949932098388672e-01,9.999939203262329102e-01,9.999949932098388672e-01,9.999927878379821777e-01,9.999954104423522949e-01,9.999699592590332031e-01,9.999922513961791992e-01,9.999924898147583008e-01,9.999805688858032227e-01,-9.998607635498046875e-01,-9.999883770942687988e-01,-9.999935030937194824e-01,9.999934434890747070e-01,-9.999957084655761719e-01,-9.999933838844299316e-01,-9.999806880950927734e-01,9.999809861183166504e-01,9.999951720237731934e-01,9.999959468841552734e-01,9.999831318855285645e-01,9.999955892562866211e-01,-9.999942183494567871e-01,9.999948143959045410e-01,-9.999912381172180176e-01,-9.999649524688720703e-01,9.999727010726928711e-01,9.998942017555236816e-01,9.999930858612060547e-01,-9.999697804450988770e-01,-9.999947547912597656e-01,9.999766349792480469e-01,9.999846220016479492e-01,-9.998483657836914062e-01,-9.999904036521911621e-01,9.999952316284179688e-01,-9.999911189079284668e-01,9.999929070472717285e-01,9.999544620513916016e-01,-9.999200105667114258e-01,-9.999955892562866211e-01,-9.999307394027709961e-01,-9.997684955596923828e-01,9.999865293502807617e-01,-9.999932646751403809e-01,9.999235272407531738e-01,9.999906420707702637e-01,-9.999926686286926270e-01,9.999912977218627930e-01,9.999649524688720703e-01,-9.999958276748657227e-01,9.999949932098388672e-01,-9.999820590019226074e-01,9.999867081642150879e-01,-9.999951124191284180e-01,9.997438788414001465e-01,4.448413848876953125e-01,-9.999942779541015625e-01,-9.999888539314270020e-01,9.999042153358459473e-01,9.999930858612060547e-01,9.999747276306152344e-01,-9.999938011169433594e-01,9.999934434890747070e-01,-9.999928474426269531e-01,9.999930262565612793e-01,9.998700022697448730e-01,-9.999959468841552734e-01,9.999909996986389160e-01,-9.999955892562866211e-01,9.999932646751403809e-01,9.999787211418151855e-01,9.999913573265075684e-01,9.999949932098388672e-01,-9.999849796295166016e-01,-9.999932050704956055e-01,9.999901652336120605e-01,9.999508857727050781e-01,9.999810457229614258e-01,-9.999605417251586914e-01,9.999822974205017090e-01
9.999980926513671875e-01,-9.999983310699462891e-01,-9.999918937683105469e-01,9.999976158142089844e-01,9.999986290931701660e-01,-9.999985098838806152e-01,9.999951720237731934e-01,9.999988079071044922e-01,-9.999966025352478027e-01,9.999977350234985352e-01,-9.999983906745910645e-01,-9.999986290931701660e-01,9.999976754188537598e-01,9.999980926513671875e-01,9.999893903732299805e-01,9.999959468841552734e-01,9.999968409538269043e-01,-9.999980926513671875e-01,9.999921917915344238e-01,-9.999988675117492676e-01,-9.999986886978149414e-01,9.999911785125732422e-01,9.999982118606567383e-01,9.999979734420776367e-01,9.999867677688598633e-01,9.999988079071044922e-01,-9.999980330467224121e-01,-9.999986886978149414e-01,9.999864101409912109e-01,-9.999951720237731934e-01,-9.999912381172180176e-01,-9.999979734420776367e-01,9.999876022338867188e-01,9.999957680702209473e-01,-9.999971389770507812e-01,9.997813105583190918e-01,9.999987483024597168e-01,9.999983310699462891e-01,9.999903440475463867e-01,-9.999985694885253906e-01,9.999983906745910645e-01,-9.999917745590209961e-01,9.999755620956420898e-01,9.999985694885253906e-01,9.999979734420776367e-01,9.999978542327880859e-01,-9.999917745590209961e-01,9.999982118606567383e-01,9.999985098838806152e-01,-9.999981522560119629e-01,-9.999985694885253906e-01,-9.999978542327880859e-01,-9.999985694885253906e-01,-9.999914765357971191e-01,-9.999977350234985352e-01,-9.999978542327880859e-01,-9.999945163726806641e-01,9.999607205390930176e-01,9.999967217445373535e-01,9.999980330467224121e-01,-9.999980926513671875e-01,9.999986886978149414e-01,9.999979734420776367e-01,9.999944567680358887e-01,-9.999946355819702148e-01,-9.999986290931701660e-01,-9.999988675117492676e-01,-9.999951720237731934e-01,-9.999987483024597168e-01,9.999983906745910645e-01,-9.999984502792358398e-01,9.999974370002746582e-01,9.999901056289672852e-01,-9.999922513961791992e-01,-9.999703168869018555e-01,-9.999980330467224121e-01,9.999914765357971191e-01,9.999984502792358398e-01,-9.999933838844299316e-01,-9.999956488609313965e-01,9.999572634696960449e-01,9.999972581863403320e-01,-9.999985694885253906e-01,9.999973773956298828e-01,-9.999979734420776367e-01,-9.999871253967285156e-01,9.999774694442749023e-01,9.999986886978149414e-01,9.999805092811584473e-01,9.999347925186157227e-01,-9.999961256980895996e-01,9.999980926513671875e-01,-9.999785423278808594e-01,-9.999972581863403320e-01,9.999978542327880859e-01,-9.999974370002746582e-01,-9.999901652336120605e-01,9.999987483024597168e-01,-9.999985098838806152e-01,9.999949336051940918e-01,-9.999961853027343750e-01,9.999986290931701660e-01,-9.999278783798217773e-01,-4.465484619140625000e-01,9.999982714653015137e-01,9.999968409538269043e-01,-9.999731183052062988e-01,-9.999979138374328613e-01,-9.999927878379821777e-01,9.999981522560119629e-01,-9.999980330467224121e-01,9.999979734420776367e-01,-9.999979138374328613e-01,-9.999633431434631348e-01,9.999987483024597168e-01,-9.999973773956298828e-01,9.999986886978149414e-01,-9.999980926513671875e-01,-9.999939203262329102e-01,-9.999974966049194336e-01,-9.999985098838806152e-01,9.999957084655761719e-01,9.999979138374328613e-01,-9.999971985816955566e-01,-9.999862313270568848e-01,-9.999946951866149902e-01,9.999889135360717773e-01,-9.999949336051940918e-01
9.999989271163940430e-01,-9.999991655349731445e-01,-9.999955296516418457e-01,9.999986290931701660e-01,9.999993443489074707e-01,-9.999991655349731445e-01,9.999972581863403320e-01,9.999994039535522461e-01,-9.999980330467224121e-01,9.999988079071044922e-01,-9.999992251396179199e-01,-9.999993443489074707e-01,9.999986886978149414e-01,9.999990463256835938e-01,9.999940395355224609e-01,9.999977350234985352e-01,9.999982714653015137e-01,-9.999990463256835938e-01,9.999956488609313965e-01,-9.999995231628417969e-01,-9.999992847442626953e-01,9.999950528144836426e-01,9.999991059303283691e-01,9.999989271163940430e-01,9.999926686286926270e-01,9.999994635581970215e-01,-9.999989271163940430e-01,-9.999993443489074707e-01,9.999926090240478516e-01,-9.999972581863403320e-01,-9.999951720237731934e-01,-9.999989271163940430e-01,9.999930858612060547e-01,9.999977350234985352e-01,-9.999983906745910645e-01,9.998779296875000000e-01,9.999994039535522461e-01,9.999992251396179199e-01,9.999946355819702148e-01,-9.999992251396179199e-01,9.999991655349731445e-01,-9.999954104423522949e-01,9.999863505363464355e-01,9.999992847442626953e-01,9.999989271163940430e-01,9.999988675117492676e-01,-9.999954700469970703e-01,9.999991655349731445e-01,9.999992251396179199e-01,-9.999991059303283691e-01,-9.999992251396179199e-01,-9.999988675117492676e-01,-9.999994039535522461e-01,-9.999952912330627441e-01,-9.999986886978149414e-01,-9.999988675117492676e-01,-9.999969005584716797e-01,9.999781847000122070e-01,9.999980330467224121e-01,9.999989867210388184e-01,-9.999989867210388184e-01,9.999993443489074707e-01,9.999989271163940430e-01,9.999969601631164551e-01,-9.999970197677612305e-01,-9.999992847442626953e-01,-9.999994635581970215e-01,-9.999972581863403320e-01,-9.999993443489074707e-01,9.999991655349731445e-01,-9.999992251396179199e-01,9.999986290931701660e-01,9.999945163726806641e-01,-9.999957084655761719e-01,-9.999834299087524414e-01,-9.999989271163940430e-01,9.999952316284179688e-01,9.999992251396179199e-01,-9.999961853027343750e-01,-9.999976158142089844e-01,9.999762177467346191e-01,9.999985098838806152e-01,-9.999992847442626953e-01,9.999985694885253906e-01,-9.999988675117492676e-01,-9.999928474426269531e-01,9.999873638153076172e-01,9.999993443489074707e-01,9.999891519546508789e-01,9.999635815620422363e-01,-9.999978542327880859e-01,9.999989271163940430e-01,-9.999880194664001465e-01,-9.999985098838806152e-01,9.999987483024597168e-01,-9.999986290931701660e-01,-9.999945163726806641e-01,9.999994039535522461e-01,-9.999992847442626953e-01,9.999971389770507812e-01,-9.999979734420776367e-01,9.999992847442626953e-01,-9.999597668647766113e-01,-4.468450248241424561e-01,9.999991655349731445e-01,9.999982118606567383e-01,-9.999849796295166016e-01,-9.999988675117492676e-01,-9.999959468841552734e-01,9.999990463256835938e-01,-9.999989271163940430e-01,9.999988079071044922e-01,-9.999988079071044922e-01,-9.999796152114868164e-01,9.999994039535522461e-01,-9.999985098838806152e-01,9.999992847442626953e-01,-9.999989271163940430e-01,-9.999966025352478027e-01,-9.999986290931701660e-01,-9.999992251396179199e-01,9.999975562095642090e-01,9.999989271163940430e-01,-9.999984502792358398e-01,-9.999923110008239746e-01,-9.999970793724060059e-01,9.999938011169433594e-01,-9.999971985816955566e-01
-9.999988079071044922e-01,9.999990463256835938e-01,9.999948740005493164e-01,-9.999985098838806152e-01,-9.999991655349731445e-01,9.999990463256835938e-01,-9.999969601631164551e-01,-9.999992251396179199e-01,9.999977946281433105e-01,-9.999985694885253906e-01,9.999989867210388184e-01,9.999992251396179199e-01,-9.999985098838806152e-01,-9.999988079071044922e-01,-9.999932646751403809e-01,-9.999974370002746582e-01,-9.999979734420776367e-01,9.999988079071044922e-01,-9.999951124191284180e-01,9.999993443489074707e-01,9.999992847442626953e-01,-9.999944567680358887e-01,-9.999988675117492676e-01,-9.999986886978149414e-01,-9.999917149543762207e-01,-9.999992847442626953e-01,9.999986886978149414e-01,9.999992251396179199e-01,-9.999915361404418945e-01,9.999968409538269043e-01,9.999944567680358887e-01,9.999988079071044922e-01,-9.999922513961791992e-01,-9.999972581863403320e-01,9.999982118606567383e-01,-9.998630881309509277e-01,-9.999992847442626953e-01,-9.999989867210388184e-01,-9.999939799308776855e-01,9.999991059303283691e-01,-9.999990463256835938e-01,9.999948143959045410e-01,-9.999847412109375000e-01,-9.999991059303283691e-01,-9.999988079071044922e-01,-9.999987483024597168e-01,9.999948143959045410e-01,-9.999988675117492676e-01,-9.999991655349731445e-01,9.999988675117492676e-01,9.999991655349731445e-01,9.999986290931701660e-01,9.999992251396179199e-01,9.999946951866149902e-01,9.999985694885253906e-01,9.999986290931701660e-01,9.999964237213134766e-01,-9.999754428863525391e-01,-9.999978542327880859e-01,-9.999987483024597168e-01,9.999988079071044922e-01,-9.999991655349731445e-01,-9.999988079071044922e-01,-9.999964833259582520e-01,9.999966025352478027e-01,9.999991059303283691e-01,9.999992251396179199e-01,9.999969005584716797e-01,9.999992847442626953e-01,-9.999989867210388184e-01,9.999990463256835938e-01,-9.999983310699462891e-01,-9.999938607215881348e-01,9.999951124191284180e-01,9.999813437461853027e-01,9.999986886978149414e-01,-9.999946355819702148e-01,-9.999990463256835938e-01,9.999958276748657227e-01,9.999972581863403320e-01,-9.999732375144958496e-01,-9.999982118606567383e-01,9.999991059303283691e-01,-9.999983310699462891e-01,9.999987483024597168e-01,9.999919533729553223e-01,-9.999858736991882324e-01,-9.999991655349731445e-01,-9.999877214431762695e-01,-9.999591708183288574e-01,9.999974966049194336e-01,-9.999988079071044922e-01,9.999864697456359863e-01,9.999983310699462891e-01,-9.999986290931701660e-01,9.999983310699462891e-01,9.999937415122985840e-01,-9.999992847442626953e-01,9.999990463256835938e-01,-9.999967813491821289e-01,9.999976158142089844e-01,-9.999991655349731445e-01,9.999548196792602539e-01,4.467996954917907715e-01,-9.999989271163940430e-01,-9.999980330467224121e-01,9.999831318855285645e-01,9.999986886978149414e-01,9.999954700469970703e-01,-9.999988079071044922e-01,9.999987483024597168e-01,-9.999986886978149414e-01,9.999986886978149414e-01,9.999770522117614746e-01,-9.999993443489074707e-01,9.999983310699462891e-01,-9.999991655349731445e-01,9.999987483024597168e-01,9.999961256980895996e-01,9.999983906745910645e-01,9.999990463256835938e-01,-9.999973177909851074e-01,-9.999986886978149414e-01,9.999981522560119629e-01,9.999912977218627930e-01,9.999966025352478027e-01,-9.999930858612060547e-01,9.999968409538269043e-01
9.999960064888000488e-01,-9.999966025352478027e-01,-9.999829530715942383e-01,9.999951720237731934e-01,9.999972581863403320e-01,-9.999969601631164551e-01,9.999898672103881836e-01,9.999975562095642090e-01,-9.999930858612060547e-01,9.999952912330627441e-01,-9.999968409538269043e-01,-9.999972581863403320e-01,9.999953508377075195e-01,9.999961853027343750e-01,9.999774694442749023e-01,9.999917149543762207e-01,9.999935626983642578e-01,-9.999961853027343750e-01,9.999834895133972168e-01,-9.999977946281433105e-01,-9.999973773956298828e-01,9.999812245368957520e-01,9.999963641166687012e-01,9.999958276748657227e-01,9.999721646308898926e-01,9.999974966049194336e-01,-9.999959468841552734e-01,-9.999973177909851074e-01,9.999713897705078125e-01,-9.999897480010986328e-01,-9.999815225601196289e-01,-9.999959468841552734e-01,9.999736547470092773e-01,9.999912381172180176e-01,-9.999942779541015625e-01,9.995345473289489746e-01,9.999974966049194336e-01,9.999964833259582520e-01,9.999797940254211426e-01,-9.999971985816955566e-01,9.999967217445373535e-01,-9.999827146530151367e-01,9.999479055404663086e-01,9.999972581863403320e-01,9.999960064888000488e-01,9.999958276748657227e-01,-9.999826550483703613e-01,9.999961256980895996e-01,9.999970793724060059e-01,-9.999963045120239258e-01,-9.999970197677612305e-01,-9.999957680702209473e-01,-9.999972581863403320e-01,-9.999820590019226074e-01,-9.999954104423522949e-01,-9.999956488609313965e-01,-9.999884366989135742e-01,9.999166131019592285e-01,9.999932050704956055e-01,9.999960660934448242e-01,-9.999960660934448242e-01,9.999974370002746582e-01,9.999960660934448242e-01,9.999884963035583496e-01,-9.999886751174926758e-01,-9.999970793724060059e-01,-9.999976754188537598e-01,-9.999899268150329590e-01,-9.999974370002746582e-01,9.999965429306030273e-01,-9.999969005584716797e-01,9.999948143959045410e-01,9.999790191650390625e-01,-9.999837279319763184e-01,-9.999366998672485352e-01,-9.999959468841552734e-01,9.999819397926330566e-01,9.999968409538269043e-01,-9.999860525131225586e-01,-9.999907612800598145e-01,9.999092817306518555e-01,9.999942779541015625e-01,-9.999970793724060059e-01,9.999947547912597656e-01,-9.999958872795104980e-01,-9.999727606773376465e-01,9.999521374702453613e-01,9.999973177909851074e-01,9.999586343765258789e-01,9.998614192008972168e-01,-9.999920129776000977e-01,9.999960064888000488e-01,-9.999542236328125000e-01,-9.999945163726806641e-01,9.999955296516418457e-01,-9.999947547912597656e-01,-9.999790191650390625e-01,9.999975562095642090e-01,-9.999970197677612305e-01,9.999892711639404297e-01,-9.999921917915344238e-01,9.999970197677612305e-01,-9.998466968536376953e-01,-4.457926154136657715e-01,9.999966025352478027e-01,9.999934434890747070e-01,-9.999426603317260742e-01,-9.999958872795104980e-01,-9.999848604202270508e-01,9.999962449073791504e-01,-9.999960660934448242e-01,9.999957680702209473e-01,-9.999958276748657227e-01,-9.999221563339233398e-01,9.999976158142089844e-01,-9.999946355819702148e-01,9.999973773956298828e-01,-9.999960064888000488e-01,-9.999873042106628418e-01,-9.999948740005493164e-01,-9.999970197677612305e-01,9.999909996986389160e-01,9.999959468841552734e-01,-9.999941587448120117e-01,-9.999706149101257324e-01,-9.999887347221374512e-01,9.999765157699584961e-01,-9.999894499778747559e-01
9.999991059303283691e-01,-9.999991655349731445e-01,-9.999958872795104980e-01,9.999988079071044922e-01,9.999994039535522461e-01,-9.999992251396179199e-01,9.999975562095642090e-01,9.999994039535522461e-01,-9.999983310699462891e-01,9.999988675117492676e-01,-9.999992251396179199e-01,-9.999994039535522461e-01,9.999988675117492676e-01,9.999991655349731445e-01,9.999946355819702148e-01,9.999980330467224121e-01,9.999984502792358398e-01,-9.999990463256835938e-01,9.999960064888000488e-01,-9.999995231628417969e-01,-9.999994039535522461e-01,9.999955296516418457e-01,9.999991655349731445e-01,9.999989867210388184e-01,9.999933838844299316e-01,9.999994039535522461e-01,-9.999990463256835938e-01,-9.999994039535522461e-01,9.999932050704956055e-01,-9.999974966049194336e-01,-9.999955892562866211e-01,-9.999991059303283691e-01,9.999937415122985840e-01,9.999978542327880859e-01,-9.999985694885253906e-01,9.998899698257446289e-01,9.999994635581970215e-01,9.999992251396179199e-01,9.999952316284179688e-01,-9.999992847442626953e-01,9.999992251396179199e-01,-9.999958872795104980e-01,9.999877214431762695e-01,9.999993443489074707e-01,9.999991059303283691e-01,9.999989271163940430e-01,-9.999958276748657227e-01,9.999991655349731445e-01,9.999993443489074707e-01,-9.999991655349731445e-01,-9.999992847442626953e-01,-9.999989867210388184e-01,-9.999993443489074707e-01,-9.999957084655761719e-01,-9.999988675117492676e-01,-9.999989867210388184e-01,-9.999971985816955566e-01,9.999803304672241211e-01,9.999982714653015137e-01,9.999991059303283691e-01,-9.999991059303283691e-01,9.999994039535522461e-01,9.999991059303283691e-01,9.999971389770507812e-01,-9.999972581863403320e-01,-9.999993443489074707e-01,-9.999994635581970215e-01,-9.999974966049194336e-01,-9.999994039535522461e-01,9.999992251396179199e-01,-9.999992847442626953e-01,9.999987483024597168e-01,9.999950528144836426e-01,-9.999961256980895996e-01,-9.999849796295166016e-01,-9.999990463256835938e-01,9.999957084655761719e-01,9.999992251396179199e-01,-9.999966621398925781e-01,-9.999977946281433105e-01,9.999786019325256348e-01,9.999986290931701660e-01,-9.999992847442626953e-01,9.999986290931701660e-01,-9.999989867210388184e-01,-9.999935626983642578e-01,9.999885559082031250e-01,9.999993443489074707e-01,9.999902248382568359e-01,9.999671578407287598e-01,-9.999980926513671875e-01,9.999991059303283691e-01,-9.999892115592956543e-01,-9.999985694885253906e-01,9.999988675117492676e-01,-9.999986886978149414e-01,-9.999950528144836426e-01,9.999994635581970215e-01,-9.999993443489074707e-01,9.999974370002746582e-01,-9.999980926513671875e-01,9.999993443489074707e-01,-9.999637007713317871e-01,-4.468823671340942383e-01,9.999991655349731445e-01,9.999983906745910645e-01,-9.999864697456359863e-01,-9.999990463256835938e-01,-9.999963641166687012e-01,9.999990463256835938e-01,-9.999991059303283691e-01,9.999989271163940430e-01,-9.999989271163940430e-01,-9.999816417694091797e-01,9.999994635581970215e-01,-9.999986290931701660e-01,9.999994039535522461e-01,-9.999991059303283691e-01,-9.999968409538269043e-01,-9.999986886978149414e-01,-9.999993443489074707e-01,9.999978542327880859e-01,9.999991059303283691e-01,-9.999985694885253906e-01,-9.999930858612060547e-01,-9.999972581863403320e-01,9.999945163726806641e-01,-9.999974370002746582e-01
-9.999971985816955566e-01,9.999976754188537598e-01,9.999883174896240234e-01,-9.999966025352478027e-01,-9.999980330467224121e-01,9.999977946281433105e-01,-9.999930858612060547e-01,-9.999983310699462891e-01,9.999952316284179688e-01,-9.999967217445373535e-01,9.999977350234985352e-01,9.999981522560119629e-01,-9.999966621398925781e-01,-9.999973773956298828e-01,-9.999846816062927246e-01,-9.999942779541015625e-01,-9.999956488609313965e-01,9.999973773956298828e-01,-9.999887943267822266e-01,9.999985098838806152e-01,9.999982118606567383e-01,-9.999872446060180664e-01,-9.999975562095642090e-01,-9.999970793724060059e-01,-9.999811053276062012e-01,-9.999982714653015137e-01,9.999971389770507812e-01,9.999981522560119629e-01,-9.999805688858032227e-01,9.999929666519165039e-01,9.999873638153076172e-01,9.999972581863403320e-01,-9.999821186065673828e-01,-9.999940395355224609e-01,9.999960064888000488e-01,-9.996850490570068359e-01,-9.999983310699462891e-01,-9.999976158142089844e-01,-9.999862313270568848e-01,9.999979734420776367e-01,-9.999977350234985352e-01,9.999882578849792480e-01,-9.999647736549377441e-01,-9.999980926513671875e-01,-9.999971389770507812e-01,-9.999970793724060059e-01,9.999881982803344727e-01,-9.999973773956298828e-01,-9.999979734420776367e-01,9.999974966049194336e-01,9.999979138374328613e-01,9.999970197677612305e-01,9.999980926513671875e-01,9.999877214431762695e-01,9.999967813491821289e-01,9.999970197677612305e-01,9.999921321868896484e-01,-9.999435544013977051e-01,-9.999952316284179688e-01,-9.999972581863403320e-01,9.999972581863403320e-01,-9.999982118606567383e-01,-9.999973773956298828e-01,-9.999921917915344238e-01,9.999922513961791992e-01,9.999980330467224121e-01,9.999983906745910645e-01,9.999931454658508301e-01,9.999982118606567383e-01,-9.999976754188537598e-01,9.999978542327880859e-01,-9.999963045120239258e-01,-9.999858140945434570e-01,9.999889731407165527e-01,9.999570846557617188e-01,9.999971389770507812e-01,-9.999877214431762695e-01,-9.999977946281433105e-01,9.999905228614807129e-01,9.999937415122985840e-01,-9.999384284019470215e-01,-9.999960660934448242e-01,9.999980330467224121e-01,-9.999962449073791504e-01,9.999970793724060059e-01,9.999815821647644043e-01,-9.999675750732421875e-01,-9.999980926513671875e-01,-9.999719858169555664e-01,-9.999060630798339844e-01,9.999945163726806641e-01,-9.999971985816955566e-01,9.999690651893615723e-01,9.999961853027343750e-01,-9.999969005584716797e-01,9.999963045120239258e-01,9.999858140945434570e-01,-9.999982714653015137e-01,9.999979734420776367e-01,-9.999926686286926270e-01,9.999946355819702148e-01,-9.999979734420776367e-01,9.998961687088012695e-01,4.462531805038452148e-01,-9.999976158142089844e-01,-9.999954104423522949e-01,9.999611973762512207e-01,9.999970793724060059e-01,9.999897480010986328e-01,-9.999974370002746582e-01,9.999972581863403320e-01,-9.999970793724060059e-01,9.999970197677612305e-01,9.999473094940185547e-01,-9.999983310699462891e-01,9.999962449073791504e-01,-9.999982118606567383e-01,9.999971985816955566e-01,9.999913573265075684e-01,9.999964833259582520e-01,9.999979138374328613e-01,-9.999939203262329102e-01,-9.999971985816955566e-01,9.999960064888000488e-01,9.999801516532897949e-01,9.999923110008239746e-01,-9.999840259552001953e-01,9.999927878379821777e-01
9.999980926513671875e-01,-9.999984502792358398e-01,-9.999920129776000977e-01,9.999977350234985352e-01,9.999988079071044922e-01,-9.999985694885253906e-01,9.999952912330627441e-01,9.999988675117492676e-01,-9.999967217445373535e-01,9.999977946281433105e-01,-9.999984502792358398e-01,-9.999988079071044922e-01,9.999977946281433105e-01,9.999982118606567383e-01,9.999895095825195312e-01,9.999960660934448242e-01,9.999969601631164551e-01,-9.999982118606567383e-01,9.999923706054687500e-01,-9.999990463256835938e-01,-9.999988079071044922e-01,9.999912381172180176e-01,9.999982714653015137e-01,9.999979734420776367e-01,9.999870657920837402e-01,9.999988675117492676e-01,-9.999980330467224121e-01,-9.999988079071044922e-01,9.999865889549255371e-01,-9.999952316284179688e-01,-9.999913573265075684e-01,-9.999980926513671875e-01,9.999877214431762695e-01,9.999959468841552734e-01,-9.999972581863403320e-01,9.997825026512145996e-01,9.999988079071044922e-01,9.999984502792358398e-01,9.999905228614807129e-01,-9.999986886978149414e-01,9.999985098838806152e-01,-9.999919533729553223e-01,9.999758005142211914e-01,9.999987483024597168e-01,9.999980926513671875e-01,9.999979734420776367e-01,-9.999918937683105469e-01,9.999982118606567383e-01,9.999985694885253906e-01,-9.999983906745910645e-01,-9.999985694885253906e-01,-9.999979734420776367e-01,-9.999987483024597168e-01,-9.999916553497314453e-01,-9.999978542327880859e-01,-9.999979138374328613e-01,-9.999946355819702148e-01,9.999610781669616699e-01,9.999968409538269043e-01,9.999981522560119629e-01,-9.999982118606567383e-01,9.999988675117492676e-01,9.999980926513671875e-01,9.999946355819702148e-01,-9.999947547912597656e-01,-9.999986290931701660e-01,-9.999989271163940430e-01,-9.999952912330627441e-01,-9.999988079071044922e-01,9.999983906745910645e-01,-9.999985694885253906e-01,9.999975562095642090e-01,9.999902844429016113e-01,-9.999923706054687500e-01,-9.999704957008361816e-01,-9.999980330467224121e-01,9.999915957450866699e-01,9.999984502792358398e-01,-9.999935030937194824e-01,-9.999957084655761719e-01,9.999575614929199219e-01,9.999973773956298828e-01,-9.999986290931701660e-01,9.999974966049194336e-01,-9.999979734420776367e-01,-9.999873042106628418e-01,9.999776482582092285e-01,9.999987483024597168e-01,9.999806880950927734e-01,9.999352097511291504e-01,-9.999963045120239258e-01,9.999980926513671875e-01,-9.999786615371704102e-01,-9.999974370002746582e-01,9.999979138374328613e-01,-9.999974966049194336e-01,-9.999902248382568359e-01,9.999988079071044922e-01,-9.999986290931701660e-01,9.999949336051940918e-01,-9.999962449073791504e-01,9.999986290931701660e-01,-9.999282956123352051e-01,-4.465518593788146973e-01,9.999983906745910645e-01,9.999968409538269043e-01,-9.999733567237854004e-01,-9.999980330467224121e-01,-9.999929070472717285e-01,9.999982714653015137e-01,-9.999981522560119629e-01,9.999979734420776367e-01,-9.999980330467224121e-01,-9.999635815620422363e-01,9.999988675117492676e-01,-9.999975562095642090e-01,9.999988675117492676e-01,-9.999980926513671875e-01,-9.999940395355224609e-01,-9.999975562095642090e-01,-9.999985694885253906e-01,9.999958276748657227e-01,9.999980926513671875e-01,-9.999972581863403320e-01,-9.999863505363464355e-01,-9.999947547912597656e-01,9.999890923500061035e-01,-9.999951124191284180e-01
-9.999987483024597168e-01,9.999989271163940430e-01,9.999946951866149902e-01,-9.999983906745910645e-01,-9.999992251396179199e-01,9.999989867210388184e-01,-9.999968409538269043e-01,-9.999992251396179199e-01,9.999977350234985352e-01,-9.999984502792358398e-01,9.999989867210388184e-01,9.999991059303283691e-01,-9.999984502792358398e-01,-9.999987483024597168e-01,-9.999929666519165039e-01,-9.999972581863403320e-01,-9.999980330467224121e-01,9.999987483024597168e-01,-9.999949336051940918e-01,9.999993443489074707e-01,9.999991655349731445e-01,-9.999942183494567871e-01,-9.999987483024597168e-01,-9.999986290931701660e-01,-9.999913573265075684e-01,-9.999992847442626953e-01,9.999986290931701660e-01,9.999992251396179199e-01,-9.999911189079284668e-01,9.999967813491821289e-01,9.999942183494567871e-01,9.999986886978149414e-01,-9.999918937683105469e-01,-9.999971389770507812e-01,9.999981522560119629e-01,-9.998572468757629395e-01,-9.999992847442626953e-01,-9.999988675117492676e-01,-9.999936819076538086e-01,9.999991059303283691e-01,-9.999989271163940430e-01,9.999946355819702148e-01,-9.999839663505554199e-01,-9.999991655349731445e-01,-9.999986886978149414e-01,-9.999986290931701660e-01,9.999946355819702148e-01,-9.999988079071044922e-01,-9.999991059303283691e-01,9.999988079071044922e-01,9.999991059303283691e-01,9.999985694885253906e-01,9.999991655349731445e-01,9.999943971633911133e-01,9.999985098838806152e-01,9.999985694885253906e-01,9.999963045120239258e-01,-9.999743700027465820e-01,-9.999977946281433105e-01,-9.999986886978149414e-01,9.999987483024597168e-01,-9.999991655349731445e-01,-9.999987483024597168e-01,-9.999963045120239258e-01,9.999964237213134766e-01,9.999990463256835938e-01,9.999992847442626953e-01,9.999968409538269043e-01,9.999992251396179199e-01,-9.999988675117492676e-01,9.999989867210388184e-01,-9.999982714653015137e-01,-9.999935030937194824e-01,9.999949336051940918e-01,9.999805688858032227e-01,9.999986290931701660e-01,-9.999943971633911133e-01,-9.999989867210388184e-01,9.999956488609313965e-01,9.999971389770507812e-01,-9.999722242355346680e-01,-9.999982118606567383e-01,9.999990463256835938e-01,-9.999982714653015137e-01,9.999985694885253906e-01,9.999916553497314453e-01,-9.999852776527404785e-01,-9.999991059303283691e-01,-9.999872446060180664e-01,-9.999574422836303711e-01,9.999974966049194336e-01,-9.999987483024597168e-01,9.999858736991882324e-01,9.999982714653015137e-01,-9.999985694885253906e-01,9.999982714653015137e-01,9.999935626983642578e-01,-9.999991655349731445e-01,9.999990463256835938e-01,-9.999966621398925781e-01,9.999974966049194336e-01,-9.999990463256835938e-01,9.999529719352722168e-01,4.467817246913909912e-01,-9.999988675117492676e-01,-9.999978542327880859e-01,9.999824166297912598e-01,9.999986290931701660e-01,9.999953508377075195e-01,-9.999988079071044922e-01,9.999987483024597168e-01,-9.999986290931701660e-01,9.999986290931701660e-01,9.999760985374450684e-01,-9.999992847442626953e-01,9.999983310699462891e-01,-9.999991655349731445e-01,9.999986886978149414e-01,9.999959468841552734e-01,9.999983310699462891e-01,9.999989867210388184e-01,-9.999971389770507812e-01,-9.999985694885253906e-01,9.999981522560119629e-01,9.999909996986389160e-01,9.999964833259582520e-01,-9.999926686286926270e-01,9.999966025352478027e-01
-9.999989271163940430e-01,9.999991655349731445e-01,9.999954700469970703e-01,-9.999986290931701660e-01,-9.999993443489074707e-01,9.999992251396179199e-01,-9.999972581863403320e-01,-9.999994039535522461e-01,9.999981522560119629e-01,-9.999988079071044922e-01,9.999991059303283691e-01,9.999992847442626953e-01,-9.999987483024597168e-01,-9.999990463256835938e-01,-9.999939799308776855e-01,-9.999976754188537598e-01,-9.999982714653015137e-01,9.999990463256835938e-01,-9.999955892562866211e-01,9.999994039535522461e-01,9.999992847442626953e-01,-9.999949932098388672e-01,-9.999989867210388184e-01,-9.999988675117492676e-01,-9.999926090240478516e-01,-9.999993443489074707e-01,9.999988675117492676e-01,9.999992847442626953e-01,-9.999923706054687500e-01,9.999971389770507812e-01,9.999949932098388672e-01,9.999989271163940430e-01,-9.999929666519165039e-01,-9.999976754188537598e-01,9.999983906745910645e-01,-9.998763799667358398e-01,-9.999993443489074707e-01,-9.999991059303283691e-01,-9.999946355819702148e-01,9.999992251396179199e-01,-9.999991655349731445e-01,9.999953508377075195e-01,-9.999862313270568848e-01,-9.999992847442626953e-01,-9.999989271163940430e-01,-9.999988675117492676e-01,9.999953508377075195e-01,-9.999990463256835938e-01,-9.999992251396179199e-01,9.999991059303283691e-01,9.999992251396179199e-01,9.999988079071044922e-01,9.999992847442626953e-01,9.999952316284179688e-01,9.999986886978149414e-01,9.999988079071044922e-01,9.999968409538269043e-01,-9.999778866767883301e-01,-9.999981522560119629e-01,-9.999988675117492676e-01,9.999989271163940430e-01,-9.999993443489074707e-01,-9.999989867210388184e-01,-9.999969005584716797e-01,9.999969005584716797e-01,9.999992847442626953e-01,9.999994039535522461e-01,9.999971985816955566e-01,9.999993443489074707e-01,-9.999991059303283691e-01,9.999992251396179199e-01,-9.999985098838806152e-01,-9.999944567680358887e-01,9.999955892562866211e-01,9.999832510948181152e-01,9.999988675117492676e-01,-9.999951124191284180e-01,-9.999991059303283691e-01,9.999962449073791504e-01,9.999974966049194336e-01,-9.999758601188659668e-01,-9.999984502792358398e-01,9.999991655349731445e-01,-9.999985694885253906e-01,9.999988675117492676e-01,9.999927878379821777e-01,-9.999873042106628418e-01,-9.999993443489074707e-01,-9.999890327453613281e-01,-9.999631047248840332e-01,9.999979138374328613e-01,-9.999989271163940430e-01,9.999878406524658203e-01,9.999985098838806152e-01,-9.999987483024597168e-01,9.999985694885253906e-01,9.999943375587463379e-01,-9.999993443489074707e-01,9.999992251396179199e-01,-9.999970793724060059e-01,9.999978542327880859e-01,-9.999992847442626953e-01,9.999591708183288574e-01,4.468403160572052002e-01,-9.999990463256835938e-01,-9.999982118606567383e-01,9.999849200248718262e-01,9.999988079071044922e-01,9.999960660934448242e-01,-9.999990463256835938e-01,9.999989271163940430e-01,-9.999988079071044922e-01,9.999988079071044922e-01,9.999793767929077148e-01,-9.999994635581970215e-01,9.999984502792358398e-01,-9.999993443489074707e-01,9.999989271163940430e-01,9.999966025352478027e-01,9.999985098838806152e-01,9.999992251396179199e-01,-9.999975562095642090e-01,-9.999988079071044922e-01,9.999985098838806152e-01,9.999921917915344238e-01,9.999969601631164551e-01,-9.999937415122985840e-01,9.999971985816955566e-01
