5.163873434066772461e-01,4.281768109649419785e-03,1.256614029407501221e-01,-1.847539097070693970e-01,3.880225419998168945e-01,-4.351253211498260498e-01,1.325758248567581177e-01,5.069128870964050293e-01,-6.023162277415394783e-04,1.498946826905012131e-02,-3.101283609867095947e-01,-2.839708328247070312e-01,-1.778274774551391602e-01,-2.353104390203952789e-02,-4.192986711859703064e-02,2.352688759565353394e-01,6.172708235681056976e-03,-8.330145478248596191e-02,1.042542606592178345e-01,-1.131121739745140076e-01,-1.479343324899673462e-01,-2.848113179206848145e-01,-2.127192318439483643e-01,1.667170226573944092e-01,2.876450307667255402e-02,2.451657950878143311e-01,-3.017980046570301056e-02,-4.604797661304473877e-01,9.181217849254608154e-02,-1.171940416097640991e-01,-1.974025070667266846e-01,-5.111904814839363098e-02,-2.044751495122909546e-01,9.244776517152786255e-02,-1.925083622336387634e-02,-6.973206996917724609e-02,1.187358126044273376e-01,7.397225499153137207e-02,-3.348057568073272705e-01,-2.945991158485412598e-01,1.595126539468765259e-01,1.243093907833099365e-01,-1.592652946710586548e-01,1.006895489990711212e-02,1.659377291798591614e-02,2.426481097936630249e-01,-6.002139672636985779e-02,4.048829898238182068e-02,2.205479294061660767e-01,-8.319330960512161255e-02,-2.723404169082641602e-01,-3.329522311687469482e-01,1.533790379762649536e-01,-7.926558144390583038e-03,-4.983179271221160889e-02,-1.202020943164825439e-01,1.741520762443542480e-01,3.740205429494380951e-03,1.037982925772666931e-01,2.556435763835906982e-01,-1.505891382694244385e-01,2.440361529588699341e-01,-7.028548978269100189e-03,2.709539830684661865e-01,1.349984556436538696e-01,-3.208865597844123840e-02,-3.900601863861083984e-01,1.371440142393112183e-01,-4.395604133605957031e-02,4.002420604228973389e-01,-2.870866358280181885e-01,2.433409392833709717e-01,-3.265190497040748596e-02,-4.696047678589820862e-02,-2.301156222820281982e-01,-1.846669316291809082e-01,7.102589006535708904e-04,6.753480527549982071e-03,1.019445061683654785e-01,-8.244549855589866638e-03,7.134947925806045532e-02,-1.530402914795558900e-05,-1.756794452667236328e-01,-3.829685971140861511e-03,-3.143339753150939941e-01,1.272278279066085815e-01,3.940030336380004883e-01,2.823377493768930435e-03,-1.283801347017288208e-01,1.662589609622955322e-01,-1.502027362585067749e-01,3.919641375541687012e-01,1.287126392126083374e-01,-2.863082587718963623e-01,-3.490922600030899048e-02,-3.601805567741394043e-01,-2.698785439133644104e-02,-6.406868578778812662e-06,-1.274093538522720337e-01,1.576999574899673462e-01,-4.233116507530212402e-01,4.659262597560882568e-01,-1.440868712961673737e-02,-1.757467538118362427e-01,-9.260503947734832764e-02,3.318013623356819153e-02,2.371058464050292969e-01,1.570357978343963623e-01,-4.999033510684967041e-01,2.256945334374904633e-02,-1.416068673133850098e-01,2.328225225210189819e-01,7.438234984874725342e-02,-1.283407211303710938e-01,9.610521048307418823e-02,-7.877980172634124756e-02,3.978480994701385498e-01,-2.205302268266677856e-01,-1.335593611001968384e-01,-1.667728722095489502e-01,-1.280426234006881714e-01,4.004189278930425644e-03,1.586950384080410004e-02,3.764145076274871826e-01,-9.479695558547973633e-02,2.345224171876907349e-01,5.944129545241594315e-03,1.520491391420364380e-01
4.281768109649419785e-03,1.869867555797100067e-02,-1.239516809582710266e-01,9.748804569244384766e-02,7.097885012626647949e-02,1.585611701011657715e-02,-1.983415707945823669e-02,4.831083491444587708e-02,1.036210507154464722e-01,9.667029231786727905e-02,-2.568986639380455017e-02,-5.439592525362968445e-02,1.065664142370223999e-01,1.001859456300735474e-01,1.160333454608917236e-01,1.288761794567108154e-01,-2.002360299229621887e-03,9.845796972513198853e-02,-1.209921091794967651e-01,-8.966486155986785889e-02,-7.716017961502075195e-02,8.433451503515243530e-02,9.003993123769760132e-02,-3.754685446619987488e-02,2.546562813222408295e-02,1.122345775365829468e-01,-1.110124811530113220e-01,-5.260034278035163879e-02,1.134603023529052734e-01,-2.511188574135303497e-02,2.659614197909832001e-02,-1.345869451761245728e-01,8.494793623685836792e-02,1.030136048793792725e-01,-2.377978991717100143e-03,-1.320014894008636475e-01,1.027340516448020935e-01,1.204733401536941528e-01,-9.466280043125152588e-02,-9.386318176984786987e-02,1.121302992105484009e-01,1.831229589879512787e-02,1.146655082702636719e-01,7.101860642433166504e-02,-3.895685449242591858e-02,-1.137293502688407898e-01,-1.150910332798957825e-01,-3.330358117818832397e-02,2.746144076809287071e-03,-7.959855720400810242e-03,1.560353767126798630e-02,2.184901386499404907e-02,9.185093641281127930e-02,-2.214260213077068329e-02,-1.725486852228641510e-02,-1.256605833768844604e-01,6.954335421323776245e-02,4.222047049552202225e-03,-1.147938743233680725e-01,-9.117594361305236816e-02,3.158315084874629974e-03,-2.833619341254234314e-02,4.115220624953508377e-03,3.545385599136352539e-02,1.886348985135555267e-02,-4.419356957077980042e-02,5.820297822356224060e-02,1.268352419137954712e-01,-1.244606524705886841e-01,2.866534143686294556e-02,-1.075476408004760742e-01,-3.188803419470787048e-02,-6.070749834179878235e-02,1.148876547813415527e-01,-7.423297315835952759e-02,-1.183936744928359985e-01,-3.792943316511809826e-04,1.264457255601882935e-01,-4.845619946718215942e-02,-1.117843985557556152e-01,1.203345805406570435e-01,6.592055433429777622e-05,-1.082777753472328186e-01,9.701687376946210861e-04,-1.158976927399635315e-01,-1.140054464340209961e-01,4.837211221456527710e-02,1.186692621558904648e-03,1.107270941138267517e-01,9.470889717340469360e-02,-2.537246420979499817e-02,-4.463478922843933105e-02,-1.111530140042304993e-01,3.688989952206611633e-02,-1.173335462808609009e-01,1.084139384329319000e-02,8.458252996206283569e-02,3.133602888283348875e-07,-1.000097393989562988e-01,1.083251014351844788e-01,-4.260415583848953247e-02,6.428214907646179199e-02,-1.247870400547981262e-01,-1.127805933356285095e-01,1.354472488164901733e-01,6.570933386683464050e-03,-1.176066994667053223e-01,-1.251284331083297729e-01,5.253053386695683002e-04,-2.832938218489289284e-03,9.691338986158370972e-02,-1.069992408156394958e-01,-1.220236197113990784e-01,2.430446678772568703e-03,1.210720315575599670e-01,-1.172205284237861633e-01,4.950441792607307434e-02,8.723223954439163208e-02,-1.245726794004440308e-01,8.529394119977951050e-02,1.153195425868034363e-01,1.101054251194000244e-01,1.010843366384506226e-01,-7.527539134025573730e-02,-7.064223289489746094e-02,-7.919500023126602173e-02,-9.172112680971622467e-03,9.743292629718780518e-02
1.256614029407501221e-01,-1.239516809582710266e-01,8.334449529647827148e-01,-7.394928336143493652e-01,-4.031235575675964355e-01,-2.641968727111816406e-01,1.517530083656311035e-01,-2.210385799407958984e-01,-6.710811853408813477e-01,-6.615156531333923340e-01,1.558145731687545776e-01,3.441621065139770508e-01,-6.951535344123840332e-01,-7.163342833518981934e-01,-7.928130626678466797e-01,-7.289496660232543945e-01,1.460441388189792633e-02,-6.709997057914733887e-01,8.066775798797607422e-01,6.265625953674316406e-01,4.852805137634277344e-01,-6.770974993705749512e-01,-7.008166313171386719e-01,2.989174127578735352e-01,-1.860344409942626953e-01,-6.339060664176940918e-01,7.357992529869079590e-01,2.190238833427429199e-01,-7.250357270240783691e-01,1.331372708082199097e-01,-2.231776863336563110e-01,8.134139776229858398e-01,-6.141684055328369141e-01,-7.112342119216918945e-01,1.436483394354581833e-02,7.867583036422729492e-01,-6.741652488708496094e-01,-7.773732542991638184e-01,5.024350881576538086e-01,5.908838510513305664e-01,-6.939157247543334961e-01,-1.244971901178359985e-01,-7.901373505592346191e-01,-5.265741944313049316e-01,2.657436132431030273e-01,7.942073941230773926e-01,7.704249620437622070e-01,2.411909252405166626e-01,1.192801818251609802e-02,1.125012189149856567e-01,-1.608762741088867188e-01,-1.978761106729507446e-01,-5.997121930122375488e-01,1.624115854501724243e-01,9.838309139013290405e-02,7.778878808021545410e-01,-5.095409154891967773e-01,-3.155173733830451965e-02,7.683407068252563477e-01,6.841691136360168457e-01,-6.177346408367156982e-02,2.419387549161911011e-01,-3.153185918927192688e-02,-1.512117087841033936e-01,-8.937408030033111572e-02,3.197681605815887451e-01,-4.289997816085815430e-01,-7.607861757278442383e-01,7.889791131019592285e-01,-9.615308046340942383e-02,6.484228372573852539e-01,2.755934298038482666e-01,4.533704519271850586e-01,-7.842332720756530762e-01,4.415980577468872070e-01,7.188947796821594238e-01,2.692460548132658005e-03,-8.201151490211486816e-01,3.958736658096313477e-01,7.530405521392822266e-01,-7.792225480079650879e-01,-5.207312642596662045e-04,7.012292146682739258e-01,-7.432781159877777100e-03,6.623818874359130859e-01,7.977205514907836914e-01,-2.435640245676040649e-01,-7.879388518631458282e-03,-7.417156100273132324e-01,-6.455144882202148438e-01,1.666614413261413574e-01,3.660821020603179932e-01,7.600834369659423828e-01,-3.547701835632324219e-01,7.646185159683227539e-01,-1.665758788585662842e-01,-5.925609469413757324e-01,-2.319725581401144154e-06,6.535329818725585938e-01,-6.613438725471496582e-01,2.559182643890380859e-01,-3.024057745933532715e-01,8.047690987586975098e-01,7.073280215263366699e-01,-8.525536060333251953e-01,-1.372634321451187134e-01,7.655960917472839355e-01,8.081736564636230469e-01,-1.440510153770446777e-01,2.534790523350238800e-02,-6.778751611709594727e-01,7.729405760765075684e-01,8.136505484580993652e-01,-1.445855349302291870e-01,-7.837430238723754883e-01,7.487518191337585449e-01,-2.258783727884292603e-01,-6.840975880622863770e-01,7.794336676597595215e-01,-6.557602286338806152e-01,-7.739648818969726562e-01,-7.291954159736633301e-01,-7.004930973052978516e-01,5.857591032981872559e-01,5.440103411674499512e-01,6.242458820343017578e-01,5.517454445362091064e-02,-6.514917612075805664e-01
-1.847539097070693970e-01,9.748804569244384766e-02,-7.394928336143493652e-01,7.496815919876098633e-01,2.403526902198791504e-01,2.879731655120849609e-01,-1.234777569770812988e-01,4.890888556838035583e-02,6.225504279136657715e-01,4.988094568252563477e-01,-2.482230961322784424e-01,-1.974845081567764282e-01,5.078209042549133301e-01,6.343895196914672852e-01,7.015548348426818848e-01,5.396326184272766113e-01,-1.018666289746761322e-02,5.227828621864318848e-01,-7.468124628067016602e-01,-5.712793469429016113e-01,-5.216304659843444824e-01,6.187782287597656250e-01,6.107864379882812500e-01,-2.052700966596603394e-01,1.684268116950988770e-01,4.315344393253326416e-01,-6.011800169944763184e-01,1.825560932047665119e-03,5.380481481552124023e-01,7.899887859821319580e-03,1.426512300968170166e-01,-7.426907420158386230e-01,6.770267486572265625e-01,6.424856781959533691e-01,2.657846547663211823e-03,-6.048122644424438477e-01,5.060917735099792480e-01,6.737272143363952637e-01,-2.545642256736755371e-01,-5.300698876380920410e-01,6.386246085166931152e-01,2.114205956459045410e-01,6.631132364273071289e-01,3.928510248661041260e-01,-3.800660371780395508e-01,-6.677046418190002441e-01,-7.009893059730529785e-01,-1.862704604864120483e-01,1.071311011910438538e-01,-6.571988761425018311e-02,1.515007764101028442e-01,3.472000956535339355e-01,6.071034669876098633e-01,-1.818051636219024658e-01,7.905938476324081421e-02,-6.222827434539794922e-01,5.065701007843017578e-01,2.486550994217395782e-02,-6.688802242279052734e-01,-7.340273261070251465e-01,1.110520958900451660e-02,-1.343144923448562622e-01,3.311216086149215698e-02,8.037451654672622681e-02,1.333369016647338867e-01,-2.700408995151519775e-01,3.063856959342956543e-01,5.818837881088256836e-01,-6.684175729751586914e-01,-9.459793567657470703e-02,-4.978068768978118896e-01,-6.576673686504364014e-02,-5.048007965087890625e-01,6.832244396209716797e-01,-4.489411711692810059e-01,-5.695613026618957520e-01,-1.347960089333355427e-03,6.941538453102111816e-01,-4.820812046527862549e-01,-6.584275364875793457e-01,7.176799774169921875e-01,4.456658498384058475e-04,-5.731863975524902344e-01,1.203178241848945618e-02,-5.282084345817565918e-01,-7.021138668060302734e-01,4.060806334018707275e-02,3.889280371367931366e-03,6.153170466423034668e-01,5.358334183692932129e-01,-2.107682675123214722e-01,-4.642718136310577393e-01,-7.320823073387145996e-01,4.370064735412597656e-01,-7.042334079742431641e-01,2.280525118112564087e-01,4.288073480129241943e-01,4.591268520925950725e-07,-4.704681336879730225e-01,5.073298811912536621e-01,-1.425909996032714844e-01,9.969779103994369507e-02,-7.470193505287170410e-01,-5.551222562789916992e-01,7.936528325080871582e-01,3.290642797946929932e-01,-8.054052591323852539e-01,-6.736930012702941895e-01,2.713226675987243652e-01,-3.437932580709457397e-02,6.768903732299804688e-01,-7.632834315299987793e-01,-7.693232893943786621e-01,3.175855278968811035e-01,6.584640145301818848e-01,-6.559755802154541016e-01,-1.367110409773886204e-03,5.847010016441345215e-01,-6.547133922576904297e-01,6.589080095291137695e-01,6.316044330596923828e-01,7.247689366340637207e-01,6.509457230567932129e-01,-5.497144460678100586e-01,-5.089658498764038086e-01,-6.422353386878967285e-01,-2.877410687506198883e-02,5.179494619369506836e-01
3.880225419998168945e-01,7.097885012626647949e-02,-4.031235575675964355e-01,2.403526902198791504e-01,6.423630714416503906e-01,-2.400790601968765259e-01,3.178538754582405090e-02,6.756830811500549316e-01,3.263655900955200195e-01,4.115716516971588135e-01,-2.866906225681304932e-01,-5.156534910202026367e-01,3.283593058586120605e-01,3.829664289951324463e-01,4.434332549571990967e-01,7.273188233375549316e-01,-3.445131005719304085e-03,3.576060831546783447e-01,-3.811702132225036621e-01,-4.360885024070739746e-01,-3.034321963787078857e-01,1.335437297821044922e-01,2.130982279777526855e-01,-5.850354954600334167e-02,1.208932027220726013e-01,6.624475717544555664e-01,-4.940513968467712402e-01,-6.346186399459838867e-01,6.215490102767944336e-01,-2.356021255254745483e-01,-2.966225147247314453e-02,-5.309757590293884277e-01,8.396051079034805298e-02,5.163247585296630859e-01,-3.648455068469047546e-02,-6.000439524650573730e-01,5.426502823829650879e-01,5.427985787391662598e-01,-7.375898361206054688e-01,-5.949168801307678223e-01,5.200397968292236328e-01,9.919933974742889404e-02,3.560821115970611572e-01,3.422639966011047363e-01,-8.740692283026874065e-05,-3.125298023223876953e-01,-5.154759883880615234e-01,-1.167800724506378174e-01,9.560874104499816895e-02,-1.896319985389709473e-01,-1.653707325458526611e-01,-3.209119439125061035e-01,4.157981872558593750e-01,-6.847266852855682373e-02,-2.167437821626663208e-01,-6.389855146408081055e-01,4.143566489219665527e-01,2.336083911359310150e-02,-3.574504852294921875e-01,-1.114083975553512573e-01,-5.539179220795631409e-02,1.320455595850944519e-02,5.797092802822589874e-03,3.127773404121398926e-01,1.169136390089988708e-01,-2.072408646345138550e-01,-5.332567170262336731e-02,6.434904336929321289e-01,-5.250625610351562500e-01,5.142437219619750977e-01,-6.980806589126586914e-01,-9.956640005111694336e-02,-1.907592713832855225e-01,4.411381483078002930e-01,-3.738178908824920654e-01,-6.252179145812988281e-01,-1.442420412786304951e-03,5.540427565574645996e-01,-4.243934899568557739e-02,-4.513764679431915283e-01,5.242314934730529785e-01,2.905105939134955406e-04,-6.032773852348327637e-01,-3.257984528318047523e-03,-7.044783234596252441e-01,-3.815522491931915283e-01,5.878625512123107910e-01,8.963495492935180664e-03,3.251114487648010254e-01,5.474002361297607422e-01,-1.804374307394027710e-01,2.451260238885879517e-01,-2.920718193054199219e-01,-1.458111554384231567e-01,-4.685022830963134766e-01,-2.757292091846466064e-01,3.730147182941436768e-01,-4.182199973001843318e-06,-5.539078116416931152e-01,5.657457709312438965e-01,-5.864393711090087891e-01,6.777598261833190918e-01,-4.908354282379150391e-01,-6.279055476188659668e-01,4.293325543403625488e-01,1.391040161252021790e-03,-1.846435815095901489e-01,-3.977756202220916748e-01,-4.387428164482116699e-01,1.645271293818950653e-02,2.031709998846054077e-01,-2.204706370830535889e-01,-4.159167706966400146e-01,-1.323026269674301147e-01,6.062688827514648438e-01,-5.035730600357055664e-01,5.903937220573425293e-01,2.301203757524490356e-01,-6.241943240165710449e-01,1.649910062551498413e-01,3.940952718257904053e-01,3.745124340057373047e-01,3.770672380924224854e-01,2.225428074598312378e-02,-3.936120569705963135e-01,-8.134751766920089722e-02,-3.212333098053932190e-02,5.348286628723144531e-01
-4.351253211498260498e-01,1.585611701011657715e-02,-2.641968727111816406e-01,2.879731655120849609e-01,-2.400790601968765259e-01,4.187864661216735840e-01,-1.204898878931999207e-01,-3.631677329540252686e-01,9.606014192104339600e-02,1.102185547351837158e-01,2.231343686580657959e-01,1.790872663259506226e-01,2.804274857044219971e-01,1.375249177217483521e-01,1.822105944156646729e-01,-5.316626653075218201e-02,-7.755385711789131165e-03,1.815044432878494263e-01,-2.455935329198837280e-01,-2.716935984790325165e-02,5.175420269370079041e-02,3.444371819496154785e-01,2.997351586818695068e-01,-1.931909471750259399e-01,6.356982514262199402e-03,-8.379920572042465210e-02,-1.131204366683959961e-01,3.323519229888916016e-01,7.854680716991424561e-02,4.974104836583137512e-02,2.092192620038986206e-01,-1.119366809725761414e-01,2.808399200439453125e-01,6.579025834798812866e-02,1.297751534730195999e-02,-9.480009227991104126e-02,2.336312644183635712e-02,8.739797770977020264e-02,1.669003665447235107e-01,1.277703940868377686e-01,-1.171983405947685242e-02,-7.924599200487136841e-02,2.759250402450561523e-01,8.484213054180145264e-02,-5.630812048912048340e-02,-3.501662015914916992e-01,-9.790050238370895386e-02,-7.421312481164932251e-02,-1.836827099323272705e-01,5.674025043845176697e-02,2.549553513526916504e-01,2.876071035861968994e-01,-1.859585754573345184e-02,-1.692237704992294312e-02,1.196531206369400024e-02,-6.037622690200805664e-02,-6.397075951099395752e-02,2.171036321669816971e-03,-2.328856289386749268e-01,-3.281812071800231934e-01,1.348979473114013672e-01,-2.451265007257461548e-01,1.120904367417097092e-02,-1.846014410257339478e-01,-9.650152921676635742e-02,-2.618225850164890289e-02,3.992675840854644775e-01,3.883106634020805359e-02,-1.062849611043930054e-01,-2.987902462482452393e-01,1.020518690347671509e-01,-2.630087733268737793e-01,-3.536397218704223633e-02,1.786858886480331421e-01,1.097173914313316345e-01,3.217322053387761116e-03,-9.836183162406086922e-04,1.578852385282516479e-01,-1.472492963075637817e-01,-1.232116818428039551e-01,9.406824409961700439e-02,9.588937246007844806e-05,1.248324196785688400e-02,3.651883918792009354e-03,1.272770762443542480e-01,-2.454729080200195312e-01,-2.656073272228240967e-01,-9.260273072868585587e-04,2.397624105215072632e-01,-2.153734490275382996e-02,8.854432404041290283e-02,-3.821738958358764648e-01,-2.413365840911865234e-01,2.849669754505157471e-01,-1.142089366912841797e-01,3.144918978214263916e-01,1.477394551038742065e-01,5.017653165850788355e-06,-1.238609012216329575e-02,-6.449187640100717545e-03,2.907455861568450928e-01,-3.172391653060913086e-01,-1.329314708709716797e-01,7.681181188672780991e-03,2.498587369918823242e-01,3.710595192387700081e-03,-3.479472100734710693e-01,-2.835407257080078125e-01,4.341104328632354736e-01,-2.137136459350585938e-02,2.195057719945907593e-01,-3.450647592544555664e-01,-2.114025205373764038e-01,1.311571300029754639e-01,7.692251354455947876e-02,-7.725440710783004761e-02,-2.888425588607788086e-01,3.072133362293243408e-01,-4.930494353175163269e-02,2.440185844898223877e-01,2.613807022571563721e-01,1.292779445648193359e-01,1.036752611398696899e-01,-4.093094170093536377e-01,-1.556215062737464905e-02,-2.960435748100280762e-01,-1.876711286604404449e-02,8.693542913533747196e-04
1.325758248567581177e-01,-1.983415707945823669e-02,1.517530083656311035e-01,-1.234777569770812988e-01,3.178538754582405090e-02,-1.204898878931999207e-01,8.492456376552581787e-02,9.033291786909103394e-02,-1.044694855809211731e-01,-8.767204731702804565e-02,-1.013045161962509155e-01,-2.854198962450027466e-02,-1.899731308221817017e-01,-9.000387042760848999e-02,-1.093139797449111938e-01,-6.887488812208175659e-02,4.781535826623439789e-03,-1.594916880130767822e-01,1.357799172401428223e-01,1.343514118343591690e-02,1.529609784483909607e-03,-1.580333262681961060e-01,-1.451488286256790161e-01,9.700030833482742310e-02,-8.888249285519123077e-03,-5.417277663946151733e-02,7.810864597558975220e-02,-5.137512460350990295e-02,-8.169519156217575073e-02,2.014719182625412941e-03,-9.041038900613784790e-02,9.072959423065185547e-02,-1.261173784732818604e-01,-3.403016924858093262e-02,-2.278779400512576103e-03,1.173901781439781189e-01,-7.108067721128463745e-02,-8.558113127946853638e-02,2.264054678380489349e-02,-2.295539155602455139e-02,-5.634859204292297363e-02,4.936734959483146667e-02,-1.672064214944839478e-01,-6.856039166450500488e-02,1.372303813695907593e-02,1.788535863161087036e-01,7.755970954895019531e-02,6.732477992773056030e-02,1.084805503487586975e-01,-4.112567380070686340e-02,-1.026840284466743469e-01,-1.136072874069213867e-01,-1.503673475235700607e-02,1.452585682272911072e-02,2.805832400918006897e-02,7.791363447904586792e-02,1.124590821564197540e-02,-2.928663976490497589e-03,1.496594697237014771e-01,1.446699500083923340e-01,-6.673666834831237793e-02,1.411635875701904297e-01,-4.318656865507364273e-03,3.956033661961555481e-02,2.586778812110424042e-02,2.939394675195217133e-02,-2.067185193300247192e-01,-9.053055942058563232e-02,1.025838702917098999e-01,7.006127387285232544e-02,1.486951112747192383e-02,1.202436983585357666e-01,1.305700279772281647e-02,-1.200576722621917725e-01,4.130586516112089157e-03,6.457716971635818481e-02,8.326757233589887619e-04,-1.067547127604484558e-01,6.399259716272354126e-02,9.348361939191818237e-02,-7.690668106079101562e-02,-4.858877946389839053e-05,3.935339301824569702e-02,-1.979715656489133835e-03,2.256532572209835052e-02,1.376520693302154541e-01,5.507999658584594727e-02,-7.225266890600323677e-04,-1.471832990646362305e-01,-2.673008665442466736e-02,-3.576053306460380554e-02,1.482354104518890381e-01,1.383503675460815430e-01,-8.692988753318786621e-02,9.941256046295166016e-02,-1.103126779198646545e-01,-1.190069243311882019e-01,-3.260315452280337922e-06,6.111447513103485107e-02,-8.541146665811538696e-02,-1.041978374123573303e-01,6.663729250431060791e-02,1.010500118136405945e-01,5.596867948770523071e-02,-1.405172944068908691e-01,5.611436069011688232e-02,1.629441380500793457e-01,1.900911927223205566e-01,-1.191681623458862305e-01,7.051777094602584839e-03,-1.121461540460586548e-01,1.387906223535537720e-01,1.335055232048034668e-01,3.819008171558380127e-02,-8.363241702318191528e-02,8.118155598640441895e-02,4.312446713447570801e-02,-1.569773107767105103e-01,7.640592753887176514e-02,-1.153006330132484436e-01,-1.625063568353652954e-01,-8.417102694511413574e-02,-7.231273502111434937e-02,1.948902308940887451e-01,-9.278862737119197845e-03,1.169847398996353149e-01,1.803787983953952789e-02,-4.349351301789283752e-02
5.069128870964050293e-01,4.831083491444587708e-02,-2.210385799407958984e-01,4.890888556838035583e-02,6.756830811500549316e-01,-3.631677329540252686e-01,9.033291786909103394e-02,7.862926125526428223e-01,1.553906053304672241e-01,3.162367343902587891e-01,-2.559776604175567627e-01,-5.804625749588012695e-01,1.997165381908416748e-01,2.537179887294769287e-01,2.925813794136047363e-01,6.445757150650024414e-01,2.219936277469969355e-06,2.308757752180099487e-01,-1.870057433843612671e-01,-3.378683626651763916e-01,-1.627045869827270508e-01,-3.367151319980621338e-02,5.273716524243354797e-02,-9.706947952508926392e-03,9.275887161493301392e-02,6.150725483894348145e-01,-3.872077465057373047e-01,-7.375732064247131348e-01,5.561624765396118164e-01,-2.793602943420410156e-01,-8.866447210311889648e-02,-3.571569919586181641e-01,-1.514768898487091064e-01,4.116753041744232178e-01,-4.817352816462516785e-02,-4.838727712631225586e-01,4.773100912570953369e-01,4.074654877185821533e-01,-7.609404325485229492e-01,-5.250654816627502441e-01,3.815768361091613770e-01,3.964689373970031738e-02,1.911729276180267334e-01,2.902568876743316650e-01,1.616201996803283691e-01,-1.518577337265014648e-01,-3.736346960067749023e-01,-6.969007104635238647e-02,8.379994332790374756e-02,-2.607908844947814941e-01,-2.618593573570251465e-01,-5.314155220985412598e-01,2.768428325653076172e-01,-2.705157175660133362e-02,-2.996364235877990723e-01,-5.350084304809570312e-01,3.474183380603790283e-01,2.100126445293426514e-02,-1.773566305637359619e-01,1.157748848199844360e-01,-6.436008214950561523e-02,6.763850152492523193e-02,-4.954296629875898361e-03,3.212836384773254395e-01,7.940296828746795654e-02,-1.626001149415969849e-01,-1.871600598096847534e-01,5.436013340950012207e-01,-3.904177844524383545e-01,6.536526679992675781e-01,-6.496906280517578125e-01,-1.276224255561828613e-01,-6.175304576754570007e-02,2.990260124206542969e-01,-2.595287561416625977e-01,-5.269184112548828125e-01,-1.306189689785242081e-03,4.214069247245788574e-01,1.166397035121917725e-01,-3.099766671657562256e-01,3.699951767921447754e-01,2.235272986581549048e-04,-5.237784981727600098e-01,-8.681998588144779205e-03,-6.239110231399536133e-01,-2.210357934236526489e-01,6.943469047546386719e-01,9.909731335937976837e-03,1.658579111099243164e-01,4.877708852291107178e-01,-1.356306970119476318e-01,4.802945852279663086e-01,-8.921557664871215820e-02,-3.209846019744873047e-01,-3.024193346500396729e-01,-4.146753251552581787e-01,2.886998951435089111e-01,-5.911778771405806765e-06,-5.053799152374267578e-01,4.765270352363586426e-01,-6.802812814712524414e-01,7.594626545906066895e-01,-3.200199306011199951e-01,-5.528753399848937988e-01,2.212214469909667969e-01,-9.634877741336822510e-02,7.684329897165298462e-02,-2.289096266031265259e-01,-6.125478744506835938e-01,3.339780494570732117e-02,9.599755518138408661e-03,-1.068948861211538315e-02,-2.267291694879531860e-01,-2.297402620315551758e-01,4.898108839988708496e-01,-3.619995713233947754e-01,6.989935636520385742e-01,9.031827002763748169e-02,-5.052540302276611328e-01,-3.222458064556121826e-02,2.424609810113906860e-01,1.863039582967758179e-01,2.206948250532150269e-01,2.308882921934127808e-01,-3.329930007457733154e-01,1.216435357928276062e-01,-2.063743583858013153e-02,4.712438881397247314e-01
-6.023162277415394783e-04,1.036210507154464722e-01,-6.710811853408813477e-01,6.225504279136657715e-01,3.263655900955200195e-01,9.606014192104339600e-02,-1.044694855809211731e-01,1.553906053304672241e-01,6.825919151306152344e-01,5.145505666732788086e-01,-2.851924896240234375e-01,-2.805876433849334717e-01,4.583210051059722900e-01,6.176282763481140137e-01,6.650342345237731934e-01,6.214922070503234863e-01,-8.542875759303569794e-03,4.582319855690002441e-01,-6.916223168373107910e-01,-5.927265286445617676e-01,-5.999190807342529297e-01,5.069177746772766113e-01,5.062528252601623535e-01,-1.503814011812210083e-01,1.745815277099609375e-01,5.450451970100402832e-01,-6.213729977607727051e-01,-1.494371891021728516e-01,5.226016044616699219e-01,-4.263193160295486450e-02,8.644525706768035889e-02,-7.899013757705688477e-01,5.796890854835510254e-01,6.274108290672302246e-01,-2.136818831786513329e-03,-6.548172235488891602e-01,5.358437299728393555e-01,6.740787625312805176e-01,-3.394673466682434082e-01,-5.753315091133117676e-01,6.851373910903930664e-01,2.325098216533660889e-01,5.938016176223754883e-01,3.660883307456970215e-01,-3.949902951717376709e-01,-5.899076461791992188e-01,-6.680642366409301758e-01,-1.384250223636627197e-01,1.988196820020675659e-01,-8.029963821172714233e-02,5.630578845739364624e-02,2.745621800422668457e-01,6.368061900138854980e-01,-1.894174069166183472e-01,7.421953976154327393e-02,-6.358010768890380859e-01,5.180450081825256348e-01,2.340684831142425537e-02,-6.203123331069946289e-01,-6.199064254760742188e-01,-5.057926103472709656e-02,-1.698128879070281982e-02,3.083859384059906006e-02,2.010892778635025024e-01,1.762379258871078491e-01,-2.702447772026062012e-01,2.108327597379684448e-01,6.182774901390075684e-01,-6.946784257888793945e-01,3.030708245933055878e-02,-5.442458987236022949e-01,1.687714643776416779e-02,-5.279746055603027344e-01,6.528740525245666504e-01,-5.090085864067077637e-01,-6.025183796882629395e-01,-1.281365635804831982e-03,6.688057184219360352e-01,-3.940898776054382324e-01,-6.646240353584289551e-01,7.084451317787170410e-01,4.133744805585592985e-04,-5.969527363777160645e-01,1.155888754874467850e-02,-6.044149994850158691e-01,-6.467666029930114746e-01,1.482734084129333496e-01,4.581363406032323837e-03,6.200546026229858398e-01,5.553038716316223145e-01,-2.161364853382110596e-01,-3.530737757682800293e-01,-6.786202788352966309e-01,3.518722653388977051e-01,-6.817845106124877930e-01,1.235669329762458801e-01,3.561176657676696777e-01,1.308363721364003140e-06,-5.085700154304504395e-01,5.348976254463195801e-01,-2.266498506069183350e-01,2.602789103984832764e-01,-7.364119291305541992e-01,-5.891132950782775879e-01,7.682673931121826172e-01,2.156422585248947144e-01,-7.418044209480285645e-01,-6.251698136329650879e-01,1.065706312656402588e-01,-3.044546395540237427e-02,6.819023489952087402e-01,-6.650654077529907227e-01,-7.175253629684448242e-01,2.322991341352462769e-01,6.282075643539428711e-01,-6.818733215332031250e-01,1.383190453052520752e-01,4.530436098575592041e-01,-6.542570590972900391e-01,5.811083912849426270e-01,5.594791769981384277e-01,7.105187773704528809e-01,6.473923921585083008e-01,-4.211765229701995850e-01,-5.082430839538574219e-01,-5.639103651046752930e-01,-2.391146868467330933e-02,5.397024154663085938e-01
1.498946826905012131e-02,9.667029231786727905e-02,-6.615156531333923340e-01,4.988094568252563477e-01,4.115716516971588135e-01,1.102185547351837158e-01,-8.767204731702804565e-02,3.162367343902587891e-01,5.145505666732788086e-01,5.735930204391479492e-01,-8.511868864297866821e-02,-3.451254367828369141e-01,6.041774153709411621e-01,5.457398295402526855e-01,6.337424516677856445e-01,7.275351285934448242e-01,-1.150650251656770706e-02,5.187327265739440918e-01,-6.445974707603454590e-01,-5.102446675300598145e-01,-3.515712618827819824e-01,4.604948759078979492e-01,5.010161399841308594e-01,-2.416027337312698364e-01,1.404231488704681396e-01,6.564884781837463379e-01,-6.475568413734436035e-01,-3.437900543212890625e-01,6.852943301200866699e-01,-2.009052038192749023e-01,1.805680692195892334e-01,-7.160996198654174805e-01,3.779017627239227295e-01,5.913604497909545898e-01,-2.093535661697387695e-02,-7.502492070198059082e-01,5.929650664329528809e-01,6.573586463928222656e-01,-5.919547080993652344e-01,-5.021679997444152832e-01,5.661672353744506836e-01,5.031565949320793152e-02,6.256748437881469727e-01,4.195970892906188965e-01,-1.378374397754669189e-01,-6.496139764785766602e-01,-6.158863306045532227e-01,-1.621551662683486938e-01,-9.725692681968212128e-03,-1.107741966843605042e-01,7.689902931451797485e-02,7.257940713316202164e-03,4.580740034580230713e-01,-1.001541092991828918e-01,-1.716229766607284546e-01,-7.204577326774597168e-01,3.650835156440734863e-01,2.437134645879268646e-02,-6.088048219680786133e-01,-4.334686398506164551e-01,3.501919656991958618e-02,-1.678924560546875000e-01,2.006651088595390320e-02,2.020501792430877686e-01,5.439976230263710022e-02,-2.454252243041992188e-01,3.325931429862976074e-01,7.144668102264404297e-01,-6.816775798797607422e-01,2.243739068508148193e-01,-6.189077496528625488e-01,-2.916135787963867188e-01,-2.918766438961029053e-01,6.322127580642700195e-01,-3.327144980430603027e-01,-6.580020785331726074e-01,-2.379502635449171066e-03,7.133732438087463379e-01,-1.883223056793212891e-01,-6.134518384933471680e-01,6.467974185943603516e-01,3.846646286547183990e-04,-6.097951531410217285e-01,1.984234666451811790e-03,-6.303603649139404297e-01,-6.258726716041564941e-01,3.344728052616119385e-01,7.825413718819618225e-03,6.230582594871520996e-01,5.421455502510070801e-01,-1.000262573361396790e-01,-1.626993864774703979e-01,-5.598257780075073242e-01,1.678863316774368286e-01,-6.082222461700439453e-01,3.540335223078727722e-02,4.793233871459960938e-01,2.269530114062945358e-06,-5.862618088722229004e-01,5.832733511924743652e-01,-3.025605380535125732e-01,4.228827655315399170e-01,-6.523340940475463867e-01,-6.462201476097106934e-01,7.208276391029357910e-01,-5.110079050064086914e-02,-5.687153339385986328e-01,-6.826916933059692383e-01,-2.360057458281517029e-02,-1.026539597660303116e-02,4.922647178173065186e-01,-5.687779188156127930e-01,-6.271416544914245605e-01,4.378197714686393738e-03,6.694562435150146484e-01,-6.314117312431335449e-01,3.356322348117828369e-01,4.867324233055114746e-01,-6.854220628738403320e-01,4.256938397884368896e-01,6.428195834159851074e-01,5.452678799629211426e-01,5.259239673614501953e-01,-3.755595088005065918e-01,-4.232911169528961182e-01,-4.019414782524108887e-01,-5.099285766482353210e-02,5.590186715126037598e-01
-3.101283609867095947e-01,-2.568986639380455017e-02,1.558145731687545776e-01,-2.482230961322784424e-01,-2.866906225681304932e-01,2.231343686580657959e-01,-1.013045161962509155e-01,-2.559776604175567627e-01,-2.851924896240234375e-01,-8.511868864297866821e-02,5.697026252746582031e-01,2.005122900009155273e-01,1.629989296197891235e-01,-2.269742339849472046e-01,-2.294137030839920044e-01,-2.329160422086715698e-01,-6.252754479646682739e-03,1.187059562653303146e-02,2.247644066810607910e-01,3.723764717578887939e-01,5.067584514617919922e-01,2.995388582348823547e-03,-2.190685644745826721e-02,-1.758415549993515015e-01,-1.037433519959449768e-01,-1.754964441061019897e-01,1.923892796039581299e-01,1.233310773968696594e-01,-1.099493876099586487e-01,-7.058048248291015625e-02,2.155520766973495483e-01,3.643106520175933838e-01,-2.662582099437713623e-01,-3.610574007034301758e-01,-4.878630861639976501e-03,1.291360706090927124e-01,-1.682846248149871826e-01,-2.955891788005828857e-01,7.195665687322616577e-02,4.950431883335113525e-01,-4.261316061019897461e-01,-3.645249903202056885e-01,-3.511952981352806091e-02,-6.025050207972526550e-02,3.574539422988891602e-01,-3.842108696699142456e-02,3.457418978214263916e-01,-2.015106379985809326e-02,-4.409663081169128418e-01,7.152453809976577759e-02,1.980493068695068359e-01,-7.438154518604278564e-02,-5.025534629821777344e-01,1.332293301820755005e-01,-2.336550056934356689e-01,2.320172339677810669e-01,-4.524743854999542236e-01,-8.997769095003604889e-03,1.238255649805068970e-01,2.290232628583908081e-01,2.143881469964981079e-01,-3.263891935348510742e-01,-1.456503756344318390e-02,-2.179160863161087036e-01,-2.550770640373229980e-01,1.208662986755371094e-01,3.802419900894165039e-01,-1.901028603315353394e-01,2.377390563488006592e-01,-8.160963654518127441e-02,3.296950757503509521e-01,-4.830751717090606689e-01,3.992165029048919678e-01,-1.876644790172576904e-01,4.728672206401824951e-01,2.724099755287170410e-01,-1.731568132527172565e-03,-2.084019929170608521e-01,2.711653709411621094e-01,2.521183788776397705e-01,-3.761863708496093750e-01,-1.518558128736913204e-04,3.123555779457092285e-01,-8.618748746812343597e-03,3.895288109779357910e-01,1.392600238323211670e-01,-1.274935305118560791e-01,3.313360793981701136e-04,-4.823347181081771851e-02,-3.146900832653045654e-01,3.242157101631164551e-01,1.917748153209686279e-02,2.376551479101181030e-01,-9.027097374200820923e-02,3.254350721836090088e-01,1.378567814826965332e-01,1.941509358584880829e-02,8.525170414941385388e-06,1.460017561912536621e-01,-2.010769993066787720e-01,3.366144001483917236e-01,-2.133539319038391113e-01,3.449236452579498291e-01,2.579419016838073730e-01,-2.605599164962768555e-01,-4.862225353717803955e-01,2.798809409141540527e-01,9.614801965653896332e-03,1.496901512145996094e-01,1.099189184606075287e-02,-2.573957443237304688e-01,1.962863951921463013e-01,2.859044969081878662e-01,-3.099896311759948730e-01,-2.728657424449920654e-01,3.129026591777801514e-01,-6.950090825557708740e-02,2.681735344231128693e-02,3.017935454845428467e-01,-2.183452546596527100e-01,-1.462177652865648270e-02,-4.003329277038574219e-01,-3.270770013332366943e-01,-1.060850173234939575e-01,3.580402135848999023e-01,1.747403740882873535e-01,-2.792125009000301361e-02,-2.552534937858581543e-01
-2.839708328247070312e-01,-5.439592525362968445e-02,3.441621065139770508e-01,-1.974845081567764282e-01,-5.156534910202026367e-01,1.790872663259506226e-01,-2.854198962450027466e-02,-5.804625749588012695e-01,-2.805876433849334717e-01,-3.451254367828369141e-01,2.005122900009155273e-01,4.593891501426696777e-01,-2.664962112903594971e-01,-3.568775653839111328e-01,-4.027901589870452881e-01,-6.717235445976257324e-01,1.933796913363039494e-03,-2.494001239538192749e-01,3.118445873260498047e-01,4.011823832988739014e-01,2.599658370018005371e-01,-1.293822526931762695e-01,-1.757115572690963745e-01,5.485536158084869385e-02,-1.055502668023109436e-01,-5.968482494354248047e-01,4.776058495044708252e-01,5.436939001083374023e-01,-5.706801414489746094e-01,1.913111656904220581e-01,2.435192279517650604e-02,5.124443173408508301e-01,-1.521159429103136063e-02,-4.871532022953033447e-01,3.401898592710494995e-02,5.615633130073547363e-01,-4.657387435436248779e-01,-4.713815450668334961e-01,6.711367368698120117e-01,5.131002068519592285e-01,-4.284281134605407715e-01,-6.439924985170364380e-02,-2.986395955085754395e-01,-2.850326299667358398e-01,-3.573282063007354736e-02,3.076453804969787598e-01,4.403645098209381104e-01,5.754445865750312805e-02,-9.493947029113769531e-02,2.427501678466796875e-01,1.588621884584426880e-01,3.064135313034057617e-01,-3.393155336380004883e-01,6.338034570217132568e-02,1.878301501274108887e-01,5.857799053192138672e-01,-3.645348250865936279e-01,-1.983041130006313324e-02,2.692691385746002197e-01,7.398024946451187134e-02,4.229081794619560242e-02,-4.878330975770950317e-02,-4.171343054622411728e-03,-2.275083959102630615e-01,-6.247606128454208374e-02,1.725028604269027710e-01,6.461866945028305054e-02,-5.708081722259521484e-01,4.826019108295440674e-01,-4.336517453193664551e-01,6.084113717079162598e-01,1.500998884439468384e-01,1.798478215932846069e-01,-3.949640989303588867e-01,2.452547997236251831e-01,5.191479921340942383e-01,1.318530994467437267e-03,-5.193796753883361816e-01,-7.442602422088384628e-03,4.043062329292297363e-01,-4.556621611118316650e-01,-2.722364733926951885e-04,5.418312549591064453e-01,3.466900438070297241e-03,5.937536358833312988e-01,3.498019278049468994e-01,-5.018296241760253906e-01,-7.775234524160623550e-03,-2.959254980087280273e-01,-4.829688072204589844e-01,1.066077128052711487e-01,-2.525677978992462158e-01,2.305919378995895386e-01,9.744725376367568970e-02,3.698933124542236328e-01,2.206460386514663696e-01,-2.498331815004348755e-01,2.448778332109213807e-06,4.938859641551971436e-01,-4.357807040214538574e-01,5.340485572814941406e-01,-6.168910264968872070e-01,4.362449645996093750e-01,5.544915795326232910e-01,-3.783569931983947754e-01,3.969809412956237793e-02,1.326416432857513428e-01,3.380779027938842773e-01,3.563742041587829590e-01,-1.308858767151832581e-02,-2.147058993577957153e-01,1.995121538639068604e-01,3.530474603176116943e-01,6.108868494629859924e-02,-5.276978015899658203e-01,4.330146014690399170e-01,-5.262799263000488281e-01,-1.786750108003616333e-01,5.387668609619140625e-01,-1.226727291941642761e-01,-3.139843046665191650e-01,-3.077171742916107178e-01,-3.233179748058319092e-01,-5.031497403979301453e-02,3.957401514053344727e-01,7.643785327672958374e-02,9.748954325914382935e-03,-4.524589478969573975e-01
