9.999982714653015137e-01,-9.999984502792358398e-01,-9.999942779541015625e-01,9.999970793724060059e-01,9.999987483024597168e-01,-9.999988079071044922e-01,9.999946951866149902e-01,9.999990463256835938e-01,-9.999939799308776855e-01,9.999983906745910645e-01,-9.999987483024597168e-01,-9.999988675117492676e-01,9.999978542327880859e-01,9.999983906745910645e-01,9.999949336051940918e-01,9.999936223030090332e-01,9.999973773956298828e-01,-9.999976158142089844e-01,9.999919533729553223e-01,-9.999989867210388184e-01,-9.999988079071044922e-01,9.999940991401672363e-01,9.999985694885253906e-01,9.999973177909851074e-01,9.999885559082031250e-01,9.999988675117492676e-01,-9.999980926513671875e-01,-9.999986886978149414e-01,9.999913573265075684e-01,-9.999964833259582520e-01,-9.999905824661254883e-01,-9.999980330467224121e-01,9.999830722808837891e-01,9.999947547912597656e-01,-9.999979734420776367e-01,9.999641180038452148e-01,9.999989271163940430e-01,9.999984502792358398e-01,9.999843835830688477e-01,-9.999987483024597168e-01,9.999985694885253906e-01,9.999871253967285156e-01,9.999834895133972168e-01,9.999988079071044922e-01,9.999981522560119629e-01,9.999979138374328613e-01,-9.999930858612060547e-01,9.999986290931701660e-01,9.999986290931701660e-01,-9.999983906745910645e-01,-9.999987483024597168e-01,-9.999984502792358398e-01,-9.999987483024597168e-01,-9.999930858612060547e-01,-9.999985098838806152e-01,-9.999980330467224121e-01,-9.999657273292541504e-01,9.999924302101135254e-01,9.999946355819702148e-01,9.999982118606567383e-01,-9.999982714653015137e-01,9.999988079071044922e-01,9.999983310699462891e-01,9.999953508377075195e-01,-9.999938011169433594e-01,-9.999988079071044922e-01,-9.999990463256835938e-01,-9.999954700469970703e-01,-9.999989271163940430e-01,9.999982118606567383e-01,-9.999987483024597168e-01,9.999961853027343750e-01,-9.999900460243225098e-01,-9.999934434890747070e-01,-9.999847412109375000e-01,-9.999983906745910645e-01,9.999904036521911621e-01,9.999986886978149414e-01,-9.999938607215881348e-01,-9.999951720237731934e-01,9.999902248382568359e-01,9.999975562095642090e-01,-9.999988675117492676e-01,9.999980926513671875e-01,-9.999981522560119629e-01,-9.999843835830688477e-01,3.614500761032104492e-01,9.999988675117492676e-01,9.999917745590209961e-01,9.999868273735046387e-01,-9.999936223030090332e-01,9.999982118606567383e-01,-9.999860525131225586e-01,-9.999972581863403320e-01,9.999973773956298828e-01,-9.999977350234985352e-01,-9.999869465827941895e-01,9.999989867210388184e-01,-9.999987483024597168e-01,9.999971985816955566e-01,-9.999966621398925781e-01,9.999988675117492676e-01,9.999346733093261719e-01,9.999550580978393555e-01,9.999986290931701660e-01,9.999959468841552734e-01,-9.999812841415405273e-01,-9.999983906745910645e-01,-9.999939203262329102e-01,9.999983906745910645e-01,-9.999985098838806152e-01,9.999974966049194336e-01,-9.999982118606567383e-01,-9.998885393142700195e-01,9.999989867210388184e-01,-9.999967813491821289e-01,9.999988675117492676e-01,-9.999978542327880859e-01,-9.999952316284179688e-01,-9.999965429306030273e-01,-9.999983310699462891e-01,9.999965429306030273e-01,9.999975562095642090e-01,-9.999969005584716797e-01,-9.999910593032836914e-01,-9.999944567680358887e-01,9.999741911888122559e-01,-9.999912381172180176e-01
-9.999984502792358398e-01,9.999987483024597168e-01,9.999952912330627441e-01,-9.999976158142089844e-01,-9.999989271163940430e-01,9.999989271163940430e-01,-9.999955892562866211e-01,-9.999992847442626953e-01,9.999948740005493164e-01,-9.999986886978149414e-01,9.999989271163940430e-01,9.999991059303283691e-01,-9.999980926513671875e-01,-9.999986290931701660e-01,-9.999957680702209473e-01,-9.999946355819702148e-01,-9.999977946281433105e-01,9.999979138374328613e-01,-9.999932646751403809e-01,9.999991655349731445e-01,9.999989867210388184e-01,-9.999949336051940918e-01,-9.999987483024597168e-01,-9.999977350234985352e-01,-9.999904632568359375e-01,-9.999991059303283691e-01,9.999983906745910645e-01,9.999989271163940430e-01,-9.999927282333374023e-01,9.999971389770507812e-01,9.999921321868896484e-01,9.999983310699462891e-01,-9.999856948852539062e-01,-9.999955892562866211e-01,9.999982714653015137e-01,-9.999700188636779785e-01,-9.999991655349731445e-01,-9.999986886978149414e-01,-9.999868869781494141e-01,9.999990463256835938e-01,-9.999988079071044922e-01,-9.999892115592956543e-01,-9.999861121177673340e-01,-9.999991059303283691e-01,-9.999984502792358398e-01,-9.999982714653015137e-01,9.999942779541015625e-01,-9.999988079071044922e-01,-9.999988675117492676e-01,9.999985694885253906e-01,9.999990463256835938e-01,9.999986886978149414e-01,9.999989271163940430e-01,9.999942779541015625e-01,9.999988079071044922e-01,9.999983310699462891e-01,9.999712705612182617e-01,-9.999936819076538086e-01,-9.999954700469970703e-01,-9.999984502792358398e-01,9.999985098838806152e-01,-9.999989867210388184e-01,-9.999986290931701660e-01,-9.999960660934448242e-01,9.999948143959045410e-01,9.999991655349731445e-01,9.999991059303283691e-01,9.999960660934448242e-01,9.999991655349731445e-01,-9.999985098838806152e-01,9.999989867210388184e-01,-9.999967217445373535e-01,9.999916553497314453e-01,9.999944567680358887e-01,9.999870657920837402e-01,9.999985694885253906e-01,-9.999920129776000977e-01,-9.999989271163940430e-01,9.999949336051940918e-01,9.999958872795104980e-01,-9.999917149543762207e-01,-9.999979138374328613e-01,9.999990463256835938e-01,-9.999985098838806152e-01,9.999985098838806152e-01,9.999868869781494141e-01,-3.615263700485229492e-01,-9.999989867210388184e-01,-9.999931454658508301e-01,-9.999889135360717773e-01,9.999946355819702148e-01,-9.999985694885253906e-01,9.999881982803344727e-01,9.999976158142089844e-01,-9.999977946281433105e-01,9.999980330467224121e-01,9.999890327453613281e-01,-9.999991655349731445e-01,9.999989271163940430e-01,-9.999976754188537598e-01,9.999973177909851074e-01,-9.999991059303283691e-01,-9.999451637268066406e-01,-9.999622702598571777e-01,-9.999988675117492676e-01,-9.999965429306030273e-01,9.999842643737792969e-01,9.999986886978149414e-01,9.999948143959045410e-01,-9.999987483024597168e-01,9.999987483024597168e-01,-9.999978542327880859e-01,9.999985098838806152e-01,9.999064803123474121e-01,-9.999991655349731445e-01,9.999973177909851074e-01,-9.999991655349731445e-01,9.999982118606567383e-01,9.999960660934448242e-01,9.999971389770507812e-01,9.999985694885253906e-01,-9.999971985816955566e-01,-9.999979734420776367e-01,9.999973773956298828e-01,9.999924898147583008e-01,9.999953508377075195e-01,-9.999784231185913086e-01,9.999926686286926270e-01
-9.999942779541015625e-01,9.999952912330627441e-01,9.999812841415405273e-01,-9.999908804893493652e-01,-9.999961256980895996e-01,9.999958872795104980e-01,-9.999825358390808105e-01,-9.999967813491821289e-01,9.999800920486450195e-01,-9.999948740005493164e-01,9.999960660934448242e-01,9.999962449073791504e-01,-9.999929666519165039e-01,-9.999948143959045410e-01,-9.999835491180419922e-01,-9.999793171882629395e-01,-9.999914169311523438e-01,9.999924302101135254e-01,-9.999735951423645020e-01,9.999968409538269043e-01,9.999963641166687012e-01,-9.999805092811584473e-01,-9.999953508377075195e-01,-9.999912381172180176e-01,-9.999625682830810547e-01,-9.999963641166687012e-01,9.999938607215881348e-01,9.999960064888000488e-01,-9.999714493751525879e-01,9.999889731407165527e-01,9.999693036079406738e-01,9.999935626983642578e-01,-9.999442696571350098e-01,-9.999828338623046875e-01,9.999934434890747070e-01,-9.998820424079895020e-01,-9.999965429306030273e-01,-9.999951124191284180e-01,-9.999487996101379395e-01,9.999961256980895996e-01,-9.999953508377075195e-01,-9.999575018882751465e-01,-9.999454617500305176e-01,-9.999963641166687012e-01,-9.999940991401672363e-01,-9.999932646751403809e-01,9.999771118164062500e-01,-9.999954700469970703e-01,-9.999956488609313965e-01,9.999948740005493164e-01,9.999960064888000488e-01,9.999951720237731934e-01,9.999959468841552734e-01,9.999772310256958008e-01,9.999952912330627441e-01,9.999936819076538086e-01,9.998869895935058594e-01,-9.999750852584838867e-01,-9.999823570251464844e-01,-9.999940991401672363e-01,9.999946355819702148e-01,-9.999962449073791504e-01,-9.999945759773254395e-01,-9.999848604202270508e-01,9.999796748161315918e-01,9.999960660934448242e-01,9.999967217445373535e-01,9.999851584434509277e-01,9.999964833259582520e-01,-9.999943375587463379e-01,9.999960660934448242e-01,-9.999877214431762695e-01,9.999675750732421875e-01,9.999786615371704102e-01,9.999495148658752441e-01,9.999946951866149902e-01,-9.999686479568481445e-01,-9.999957680702209473e-01,9.999797940254211426e-01,9.999840855598449707e-01,-9.999677538871765137e-01,-9.999920725822448730e-01,9.999960660934448242e-01,-9.999939799308776855e-01,9.999943375587463379e-01,9.999485015869140625e-01,-3.603630959987640381e-01,-9.999963641166687012e-01,-9.999730587005615234e-01,-9.999564886093139648e-01,9.999790191650390625e-01,-9.999945163726806641e-01,9.999536275863647461e-01,9.999909996986389160e-01,-9.999916553497314453e-01,9.999927878379821777e-01,9.999568462371826172e-01,-9.999966025352478027e-01,9.999959468841552734e-01,-9.999909400939941406e-01,9.999893307685852051e-01,-9.999963045120239258e-01,-9.997848272323608398e-01,-9.998521804809570312e-01,-9.999955296516418457e-01,-9.999865293502807617e-01,9.999382495880126953e-01,9.999949336051940918e-01,9.999800324440002441e-01,-9.999950528144836426e-01,9.999952316284179688e-01,-9.999918937683105469e-01,9.999940991401672363e-01,9.996328949928283691e-01,-9.999967217445373535e-01,9.999896287918090820e-01,-9.999966025352478027e-01,9.999930262565612793e-01,9.999845027923583984e-01,9.999888539314270020e-01,9.999947547912597656e-01,-9.999891519546508789e-01,-9.999922513961791992e-01,9.999898672103881836e-01,9.999704957008361816e-01,9.999821186065673828e-01,-9.999150037765502930e-01,9.999713301658630371e-01
9.999970793724060059e-01,-9.999976158142089844e-01,-9.999908804893493652e-01,9.999954700469970703e-01,9.999980926513671875e-01,-9.999979734420776367e-01,9.999915361404418945e-01,9.999985098838806152e-01,-9.999902248382568359e-01,9.999974966049194336e-01,-9.999980926513671875e-01,-9.999981522560119629e-01,9.999964237213134766e-01,9.999974370002746582e-01,9.999919533729553223e-01,9.999898672103881836e-01,9.999958276748657227e-01,-9.999961256980895996e-01,9.999871253967285156e-01,-9.999983906745910645e-01,-9.999982118606567383e-01,9.999904632568359375e-01,9.999976754188537598e-01,9.999957084655761719e-01,9.999817609786987305e-01,9.999981522560119629e-01,-9.999969601631164551e-01,-9.999980330467224121e-01,9.999861121177673340e-01,-9.999945759773254395e-01,-9.999850392341613770e-01,-9.999968409538269043e-01,9.999728202819824219e-01,9.999915957450866699e-01,-9.999967217445373535e-01,9.999426007270812988e-01,9.999982714653015137e-01,9.999975562095642090e-01,9.999750256538391113e-01,-9.999980926513671875e-01,9.999976754188537598e-01,9.999793171882629395e-01,9.999735355377197266e-01,9.999980926513671875e-01,9.999970197677612305e-01,9.999966621398925781e-01,-9.999888539314270020e-01,9.999976754188537598e-01,9.999978542327880859e-01,-9.999974370002746582e-01,-9.999980330467224121e-01,-9.999976158142089844e-01,-9.999979734420776367e-01,-9.999888539314270020e-01,-9.999976158142089844e-01,-9.999968409538269043e-01,-9.999449849128723145e-01,9.999879002571105957e-01,9.999913573265075684e-01,9.999970793724060059e-01,-9.999973177909851074e-01,9.999982118606567383e-01,9.999973177909851074e-01,9.999926090240478516e-01,-9.999900460243225098e-01,-9.999980926513671875e-01,-9.999983310699462891e-01,-9.999928474426269531e-01,-9.999982714653015137e-01,9.999971985816955566e-01,-9.999980330467224121e-01,9.999940395355224609e-01,-9.999842643737792969e-01,-9.999896287918090820e-01,-9.999755024909973145e-01,-9.999973773956298828e-01,9.999847412109375000e-01,9.999979138374328613e-01,-9.999902248382568359e-01,-9.999922513961791992e-01,9.999843239784240723e-01,9.999960660934448242e-01,-9.999981522560119629e-01,9.999969601631164551e-01,-9.999971389770507812e-01,-9.999749660491943359e-01,3.611633777618408203e-01,9.999982118606567383e-01,9.999869465827941895e-01,9.999789595603942871e-01,-9.999897480010986328e-01,9.999971985816955566e-01,-9.999775290489196777e-01,-9.999956488609313965e-01,9.999959468841552734e-01,-9.999964237213134766e-01,-9.999790191650390625e-01,9.999983310699462891e-01,-9.999979734420776367e-01,9.999956488609313965e-01,-9.999948143959045410e-01,9.999981522560119629e-01,9.998952150344848633e-01,9.999279975891113281e-01,9.999978542327880859e-01,9.999934434890747070e-01,-9.999700784683227539e-01,-9.999974370002746582e-01,-9.999902248382568359e-01,9.999975562095642090e-01,-9.999976158142089844e-01,9.999959468841552734e-01,-9.999970793724060059e-01,-9.998213648796081543e-01,9.999983310699462891e-01,-9.999949336051940918e-01,9.999983310699462891e-01,-9.999965429306030273e-01,-9.999923706054687500e-01,-9.999945759773254395e-01,-9.999973773956298828e-01,9.999946951866149902e-01,9.999961256980895996e-01,-9.999950528144836426e-01,-9.999856352806091309e-01,-9.999912977218627930e-01,9.999585747718811035e-01,-9.999859929084777832e-01
9.999987483024597168e-01,-9.999989271163940430e-01,-9.999961256980895996e-01,9.999980926513671875e-01,9.999991655349731445e-01,-9.999991655349731445e-01,9.999963641166687012e-01,9.999993443489074707e-01,-9.999958872795104980e-01,9.999989271163940430e-01,-9.999992251396179199e-01,-9.999991655349731445e-01,9.999984502792358398e-01,9.999989271163940430e-01,9.999964833259582520e-01,9.999957084655761719e-01,9.999982118606567383e-01,-9.999983310699462891e-01,9.999946355819702148e-01,-9.999992251396179199e-01,-9.999992251396179199e-01,9.999959468841552734e-01,9.999991059303283691e-01,9.999982118606567383e-01,9.999922513961791992e-01,9.999991655349731445e-01,-9.999986290931701660e-01,-9.999991655349731445e-01,9.999941587448120117e-01,-9.999976754188537598e-01,-9.999936223030090332e-01,-9.999985694885253906e-01,9.999886155128479004e-01,9.999964237213134766e-01,-9.999986290931701660e-01,9.999760389328002930e-01,9.999993443489074707e-01,9.999989271163940430e-01,9.999895095825195312e-01,-9.999991655349731445e-01,9.999989867210388184e-01,9.999913573265075684e-01,9.999888539314270020e-01,9.999992251396179199e-01,9.999987483024597168e-01,9.999986290931701660e-01,-9.999952912330627441e-01,9.999989867210388184e-01,9.999990463256835938e-01,-9.999988675117492676e-01,-9.999992251396179199e-01,-9.999989271163940430e-01,-9.999992251396179199e-01,-9.999953508377075195e-01,-9.999990463256835938e-01,-9.999986886978149414e-01,-9.999770522117614746e-01,9.999948740005493164e-01,9.999963641166687012e-01,9.999988079071044922e-01,-9.999987483024597168e-01,9.999992251396179199e-01,9.999988079071044922e-01,9.999967813491821289e-01,-9.999958276748657227e-01,-9.999992251396179199e-01,-9.999992251396179199e-01,-9.999968409538269043e-01,-9.999992251396179199e-01,9.999988079071044922e-01,-9.999992251396179199e-01,9.999973773956298828e-01,-9.999932050704956055e-01,-9.999955892562866211e-01,-9.999896883964538574e-01,-9.999988675117492676e-01,9.999935030937194824e-01,9.999990463256835938e-01,-9.999958872795104980e-01,-9.999967217445373535e-01,9.999933838844299316e-01,9.999983310699462891e-01,-9.999992251396179199e-01,9.999987483024597168e-01,-9.999987483024597168e-01,-9.999894499778747559e-01,3.616065084934234619e-01,9.999992251396179199e-01,9.999945163726806641e-01,9.999911785125732422e-01,-9.999957084655761719e-01,9.999987483024597168e-01,-9.999905228614807129e-01,-9.999980330467224121e-01,9.999981522560119629e-01,-9.999984502792358398e-01,-9.999911785125732422e-01,9.999992847442626953e-01,-9.999992251396179199e-01,9.999980330467224121e-01,-9.999977350234985352e-01,9.999992847442626953e-01,9.999561905860900879e-01,9.999698400497436523e-01,9.999991655349731445e-01,9.999971389770507812e-01,-9.999874234199523926e-01,-9.999989271163940430e-01,-9.999958872795104980e-01,9.999989867210388184e-01,-9.999989867210388184e-01,9.999982118606567383e-01,-9.999988079071044922e-01,-9.999251961708068848e-01,9.999992847442626953e-01,-9.999978542327880859e-01,9.999992251396179199e-01,-9.999984502792358398e-01,-9.999967813491821289e-01,-9.999976754188537598e-01,-9.999988079071044922e-01,9.999977350234985352e-01,9.999983906745910645e-01,-9.999978542327880859e-01,-9.999939799308776855e-01,-9.999961853027343750e-01,9.999826550483703613e-01,-9.999941587448120117e-01
-9.999988079071044922e-01,9.999989271163940430e-01,9.999958872795104980e-01,-9.999979734420776367e-01,-9.999991655349731445e-01,9.999992251396179199e-01,-9.999960660934448242e-01,-9.999994039535522461e-01,9.999955892562866211e-01,-9.999989271163940430e-01,9.999992251396179199e-01,9.999992251396179199e-01,-9.999984502792358398e-01,-9.999988675117492676e-01,-9.999963045120239258e-01,-9.999954104423522949e-01,-9.999980926513671875e-01,9.999982714653015137e-01,-9.999941587448120117e-01,9.999993443489074707e-01,9.999992251396179199e-01,-9.999957084655761719e-01,-9.999989271163940430e-01,-9.999980330467224121e-01,-9.999917745590209961e-01,-9.999992251396179199e-01,9.999986886978149414e-01,9.999991655349731445e-01,-9.999936819076538086e-01,9.999975562095642090e-01,9.999932050704956055e-01,9.999985694885253906e-01,-9.999877214431762695e-01,-9.999961256980895996e-01,9.999985694885253906e-01,-9.999739527702331543e-01,-9.999992847442626953e-01,-9.999988675117492676e-01,-9.999886155128479004e-01,9.999991655349731445e-01,-9.999990463256835938e-01,-9.999907016754150391e-01,-9.999879598617553711e-01,-9.999992251396179199e-01,-9.999986290931701660e-01,-9.999985098838806152e-01,9.999949336051940918e-01,-9.999989867210388184e-01,-9.999990463256835938e-01,9.999989271163940430e-01,9.999992251396179199e-01,9.999989271163940430e-01,9.999992251396179199e-01,9.999949932098388672e-01,9.999989271163940430e-01,9.999986290931701660e-01,9.999751448631286621e-01,-9.999945163726806641e-01,-9.999961256980895996e-01,-9.999986886978149414e-01,9.999988079071044922e-01,-9.999992251396179199e-01,-9.999988675117492676e-01,-9.999966025352478027e-01,9.999955296516418457e-01,9.999991655349731445e-01,9.999993443489074707e-01,9.999967217445373535e-01,9.999993443489074707e-01,-9.999988079071044922e-01,9.999991655349731445e-01,-9.999973177909851074e-01,9.999927282333374023e-01,9.999952912330627441e-01,9.999888539314270020e-01,9.999988079071044922e-01,-9.999932050704956055e-01,-9.999991059303283691e-01,9.999955892562866211e-01,9.999965429306030273e-01,-9.999929070472717285e-01,-9.999983310699462891e-01,9.999992847442626953e-01,-9.999986886978149414e-01,9.999987483024597168e-01,9.999886155128479004e-01,-3.615789711475372314e-01,-9.999992251396179199e-01,-9.999940395355224609e-01,-9.999904632568359375e-01,9.999954104423522949e-01,-9.999987483024597168e-01,9.999897480010986328e-01,9.999979734420776367e-01,-9.999980926513671875e-01,9.999982714653015137e-01,9.999905228614807129e-01,-9.999992847442626953e-01,9.999991655349731445e-01,-9.999980330467224121e-01,9.999976754188537598e-01,-9.999992847442626953e-01,-9.999524950981140137e-01,-9.999672770500183105e-01,-9.999990463256835938e-01,-9.999969601631164551e-01,9.999864697456359863e-01,9.999988675117492676e-01,9.999955892562866211e-01,-9.999988675117492676e-01,9.999989271163940430e-01,-9.999981522560119629e-01,9.999987483024597168e-01,9.999188184738159180e-01,-9.999992847442626953e-01,9.999976754188537598e-01,-9.999992847442626953e-01,9.999984502792358398e-01,9.999964833259582520e-01,9.999975562095642090e-01,9.999988675117492676e-01,-9.999976158142089844e-01,-9.999983310699462891e-01,9.999977350234985352e-01,9.999935030937194824e-01,9.999960064888000488e-01,-9.999812245368957520e-01,9.999937415122985840e-01
9.999946951866149902e-01,-9.999955892562866211e-01,-9.999825358390808105e-01,9.999915361404418945e-01,9.999963641166687012e-01,-9.999960660934448242e-01,9.999837279319763184e-01,9.999970197677612305e-01,-9.999814629554748535e-01,9.999952912330627441e-01,-9.999961256980895996e-01,-9.999964833259582520e-01,9.999934434890747070e-01,9.999951124191284180e-01,9.999846220016479492e-01,9.999806880950927734e-01,9.999920129776000977e-01,-9.999929070472717285e-01,9.999752640724182129e-01,-9.999970197677612305e-01,-9.999964833259582520e-01,9.999817609786987305e-01,9.999956488609313965e-01,9.999918937683105469e-01,9.999650716781616211e-01,9.999964833259582520e-01,-9.999942779541015625e-01,-9.999961853027343750e-01,9.999734163284301758e-01,-9.999896287918090820e-01,-9.999712705612182617e-01,-9.999940991401672363e-01,9.999479651451110840e-01,9.999839067459106445e-01,-9.999938011169433594e-01,9.998899698257446289e-01,9.999967217445373535e-01,9.999954104423522949e-01,9.999522566795349121e-01,-9.999963641166687012e-01,9.999957084655761719e-01,9.999604225158691406e-01,9.999492168426513672e-01,9.999964833259582520e-01,9.999943971633911133e-01,9.999936819076538086e-01,-9.999786615371704102e-01,9.999957680702209473e-01,9.999959468841552734e-01,-9.999951720237731934e-01,-9.999963045120239258e-01,-9.999955296516418457e-01,-9.999962449073791504e-01,-9.999787211418151855e-01,-9.999955892562866211e-01,-9.999939799308776855e-01,-9.998946785926818848e-01,9.999767541885375977e-01,9.999835491180419922e-01,9.999945759773254395e-01,-9.999949932098388672e-01,9.999965429306030273e-01,9.999950528144836426e-01,9.999858736991882324e-01,-9.999809861183166504e-01,-9.999964237213134766e-01,-9.999969601631164551e-01,-9.999862313270568848e-01,-9.999967217445373535e-01,9.999947547912597656e-01,-9.999963045120239258e-01,9.999885559082031250e-01,-9.999697804450988770e-01,-9.999800920486450195e-01,-9.999529123306274414e-01,-9.999951124191284180e-01,9.999708533287048340e-01,9.999959468841552734e-01,-9.999811649322509766e-01,-9.999851584434509277e-01,9.999699592590332031e-01,9.999925494194030762e-01,-9.999963641166687012e-01,9.999943971633911133e-01,-9.999947547912597656e-01,-9.999519586563110352e-01,3.604673445224761963e-01,9.999967217445373535e-01,9.999747872352600098e-01,9.999594688415527344e-01,-9.999803304672241211e-01,9.999948740005493164e-01,-9.999566674232482910e-01,-9.999915957450866699e-01,9.999921321868896484e-01,-9.999932646751403809e-01,-9.999597072601318359e-01,9.999967813491821289e-01,-9.999962449073791504e-01,9.999915361404418945e-01,-9.999900460243225098e-01,9.999966025352478027e-01,9.997993707656860352e-01,9.998620748519897461e-01,9.999958872795104980e-01,9.999875426292419434e-01,-9.999423623085021973e-01,-9.999952912330627441e-01,-9.999814629554748535e-01,9.999954700469970703e-01,-9.999955296516418457e-01,9.999923706054687500e-01,-9.999945759773254395e-01,-9.996573925018310547e-01,9.999969601631164551e-01,-9.999902844429016113e-01,9.999967813491821289e-01,-9.999935626983642578e-01,-9.999853968620300293e-01,-9.999896883964538574e-01,-9.999951720237731934e-01,9.999899268150329590e-01,9.999926686286926270e-01,-9.999905824661254883e-01,-9.999724626541137695e-01,-9.999832510948181152e-01,9.999207258224487305e-01,-9.999731183052062988e-01
9.999990463256835938e-01,-9.999992847442626953e-01,-9.999967813491821289e-01,9.999985098838806152e-01,9.999993443489074707e-01,-9.999994039535522461e-01,9.999970197677612305e-01,9.999995231628417969e-01,-9.999964833259582520e-01,9.999991655349731445e-01,-9.999994039535522461e-01,-9.999994039535522461e-01,9.999987483024597168e-01,9.999991059303283691e-01,9.999970793724060059e-01,9.999963641166687012e-01,9.999985098838806152e-01,-9.999986886978149414e-01,9.999954700469970703e-01,-9.999994635581970215e-01,-9.999994635581970215e-01,9.999965429306030273e-01,9.999992251396179199e-01,9.999984502792358398e-01,9.999935030937194824e-01,9.999994039535522461e-01,-9.999989867210388184e-01,-9.999993443489074707e-01,9.999951124191284180e-01,-9.999980330467224121e-01,-9.999946355819702148e-01,-9.999989271163940430e-01,9.999903440475463867e-01,9.999969601631164551e-01,-9.999988675117492676e-01,9.999796748161315918e-01,9.999995231628417969e-01,9.999991655349731445e-01,9.999911189079284668e-01,-9.999992847442626953e-01,9.999992251396179199e-01,9.999926686286926270e-01,9.999906420707702637e-01,9.999994039535522461e-01,9.999989867210388184e-01,9.999988079071044922e-01,-9.999960660934448242e-01,9.999992251396179199e-01,9.999992847442626953e-01,-9.999992251396179199e-01,-9.999994039535522461e-01,-9.999992251396179199e-01,-9.999994039535522461e-01,-9.999960660934448242e-01,-9.999992847442626953e-01,-9.999989271163940430e-01,-9.999804496765136719e-01,9.999957084655761719e-01,9.999969005584716797e-01,9.999990463256835938e-01,-9.999991059303283691e-01,9.999994039535522461e-01,9.999992251396179199e-01,9.999973177909851074e-01,-9.999964237213134766e-01,-9.999994635581970215e-01,-9.999994635581970215e-01,-9.999973773956298828e-01,-9.999995231628417969e-01,9.999991655349731445e-01,-9.999994039535522461e-01,9.999978542327880859e-01,-9.999943971633911133e-01,-9.999962449073791504e-01,-9.999912381172180176e-01,-9.999991059303283691e-01,9.999946355819702148e-01,9.999992847442626953e-01,-9.999965429306030273e-01,-9.999971985816955566e-01,9.999943971633911133e-01,9.999986886978149414e-01,-9.999995231628417969e-01,9.999990463256835938e-01,-9.999990463256835938e-01,-9.999911785125732422e-01,3.616536557674407959e-01,9.999994635581970215e-01,9.999954104423522949e-01,9.999924898147583008e-01,-9.999963045120239258e-01,9.999991059303283691e-01,-9.999920129776000977e-01,-9.999985098838806152e-01,9.999986290931701660e-01,-9.999987483024597168e-01,-9.999925494194030762e-01,9.999994635581970215e-01,-9.999994039535522461e-01,9.999983906745910645e-01,-9.999982118606567383e-01,9.999994635581970215e-01,9.999627470970153809e-01,9.999743700027465820e-01,9.999992847442626953e-01,9.999976754188537598e-01,-9.999894499778747559e-01,-9.999992847442626953e-01,-9.999966025352478027e-01,9.999991655349731445e-01,-9.999992847442626953e-01,9.999985694885253906e-01,-9.999990463256835938e-01,-9.999362826347351074e-01,9.999995231628417969e-01,-9.999982714653015137e-01,9.999994039535522461e-01,-9.999988675117492676e-01,-9.999972581863403320e-01,-9.999981522560119629e-01,-9.999991655349731445e-01,9.999980926513671875e-01,9.999986886978149414e-01,-9.999982118606567383e-01,-9.999949336051940918e-01,-9.999968409538269043e-01,9.999852776527404785e-01,-9.999951124191284180e-01
-9.999939799308776855e-01,9.999948740005493164e-01,9.999800920486450195e-01,-9.999902248382568359e-01,-9.999958872795104980e-01,9.999955892562866211e-01,-9.999814629554748535e-01,-9.999964833259582520e-01,9.999788999557495117e-01,-9.999945163726806641e-01,9.999957084655761719e-01,9.999960064888000488e-01,-9.999925494194030762e-01,-9.999943971633911133e-01,-9.999824762344360352e-01,-9.999780058860778809e-01,-9.999908804893493652e-01,9.999918937683105469e-01,-9.999719262123107910e-01,9.999966621398925781e-01,9.999961256980895996e-01,-9.999793171882629395e-01,-9.999949932098388672e-01,-9.999907016754150391e-01,-9.999602437019348145e-01,-9.999960064888000488e-01,9.999935030937194824e-01,9.999957680702209473e-01,-9.999697208404541016e-01,9.999881386756896973e-01,9.999672770500183105e-01,9.999931454658508301e-01,-9.999408125877380371e-01,-9.999817013740539551e-01,9.999929070472717285e-01,-9.998748898506164551e-01,-9.999962449073791504e-01,-9.999946951866149902e-01,-9.999456405639648438e-01,9.999958872795104980e-01,-9.999950528144836426e-01,-9.999548196792602539e-01,-9.999421834945678711e-01,-9.999961256980895996e-01,-9.999936223030090332e-01,-9.999928474426269531e-01,9.999757409095764160e-01,-9.999951124191284180e-01,-9.999952912330627441e-01,9.999945163726806641e-01,9.999957084655761719e-01,9.999949336051940918e-01,9.999956488609313965e-01,9.999757409095764160e-01,9.999949336051940918e-01,9.999932050704956055e-01,9.998801946640014648e-01,-9.999735951423645020e-01,-9.999812245368957520e-01,-9.999937415122985840e-01,9.999942183494567871e-01,-9.999959468841552734e-01,-9.999942779541015625e-01,-9.999838471412658691e-01,9.999783635139465332e-01,9.999958872795104980e-01,9.999964237213134766e-01,9.999843835830688477e-01,9.999963045120239258e-01,-9.999939203262329102e-01,9.999957680702209473e-01,-9.999869465827941895e-01,9.999654889106750488e-01,9.999772906303405762e-01,9.999464750289916992e-01,9.999943971633911133e-01,-9.999666810035705566e-01,-9.999954700469970703e-01,9.999785423278808594e-01,9.999830722808837891e-01,-9.999657869338989258e-01,-9.999915361404418945e-01,9.999957680702209473e-01,-9.999936223030090332e-01,9.999939799308776855e-01,9.999454021453857422e-01,-3.602697849273681641e-01,-9.999961256980895996e-01,-9.999714493751525879e-01,-9.999538660049438477e-01,9.999776482582092285e-01,-9.999941587448120117e-01,9.999507665634155273e-01,9.999904036521911621e-01,-9.999909996986389160e-01,9.999923706054687500e-01,9.999542236328125000e-01,-9.999963641166687012e-01,9.999957084655761719e-01,-9.999903440475463867e-01,9.999886155128479004e-01,-9.999960064888000488e-01,-9.997718334197998047e-01,-9.998432993888854980e-01,-9.999952316284179688e-01,-9.999857544898986816e-01,9.999344944953918457e-01,9.999944567680358887e-01,9.999787807464599609e-01,-9.999947547912597656e-01,9.999949336051940918e-01,-9.999913573265075684e-01,9.999937415122985840e-01,9.996107816696166992e-01,-9.999964237213134766e-01,9.999889731407165527e-01,-9.999963045120239258e-01,9.999924898147583008e-01,9.999834299087524414e-01,9.999881982803344727e-01,9.999944567680358887e-01,-9.999884963035583496e-01,-9.999916553497314453e-01,9.999892711639404297e-01,9.999687671661376953e-01,9.999809861183166504e-01,-9.999098777770996094e-01,9.999694824218750000e-01
9.999983906745910645e-01,-9.999986886978149414e-01,-9.999948740005493164e-01,9.999974966049194336e-01,9.999989271163940430e-01,-9.999989271163940430e-01,9.999952912330627441e-01,9.999991655349731445e-01,-9.999945163726806641e-01,9.999986290931701660e-01,-9.999989271163940430e-01,-9.999990463256835938e-01,9.999980330467224121e-01,9.999986290931701660e-01,9.999954700469970703e-01,9.999942779541015625e-01,9.999976754188537598e-01,-9.999978542327880859e-01,9.999926686286926270e-01,-9.999991655349731445e-01,-9.999991655349731445e-01,9.999946355819702148e-01,9.999986886978149414e-01,9.999976158142089844e-01,9.999896883964538574e-01,9.999990463256835938e-01,-9.999983906745910645e-01,-9.999988079071044922e-01,9.999922513961791992e-01,-9.999969601631164551e-01,-9.999914765357971191e-01,-9.999983310699462891e-01,9.999846220016479492e-01,9.999952912330627441e-01,-9.999982714653015137e-01,9.999675154685974121e-01,9.999991059303283691e-01,9.999986290931701660e-01,9.999858736991882324e-01,-9.999988675117492676e-01,9.999988079071044922e-01,9.999883770942687988e-01,9.999849796295166016e-01,9.999990463256835938e-01,9.999983906745910645e-01,9.999980926513671875e-01,-9.999938011169433594e-01,9.999987483024597168e-01,9.999988079071044922e-01,-9.999985694885253906e-01,-9.999989271163940430e-01,-9.999987483024597168e-01,-9.999989271163940430e-01,-9.999938011169433594e-01,-9.999986290931701660e-01,-9.999983310699462891e-01,-9.999688863754272461e-01,9.999931454658508301e-01,9.999951124191284180e-01,9.999984502792358398e-01,-9.999985098838806152e-01,9.999989867210388184e-01,9.999985694885253906e-01,9.999958276748657227e-01,-9.999943971633911133e-01,-9.999989867210388184e-01,-9.999991655349731445e-01,-9.999959468841552734e-01,-9.999991059303283691e-01,9.999985098838806152e-01,-9.999989271163940430e-01,9.999965429306030273e-01,-9.999910593032836914e-01,-9.999940991401672363e-01,-9.999861121177673340e-01,-9.999985098838806152e-01,9.999914169311523438e-01,9.999988675117492676e-01,-9.999945163726806641e-01,-9.999956488609313965e-01,9.999911189079284668e-01,9.999977946281433105e-01,-9.999989867210388184e-01,9.999982714653015137e-01,-9.999985098838806152e-01,-9.999859333038330078e-01,3.614930808544158936e-01,9.999990463256835938e-01,9.999926686286926270e-01,9.999880194664001465e-01,-9.999941587448120117e-01,9.999984502792358398e-01,-9.999871850013732910e-01,-9.999974966049194336e-01,9.999977350234985352e-01,-9.999979734420776367e-01,-9.999881982803344727e-01,9.999991059303283691e-01,-9.999989271163940430e-01,9.999975562095642090e-01,-9.999970793724060059e-01,9.999991059303283691e-01,9.999405741691589355e-01,9.999592900276184082e-01,9.999988079071044922e-01,9.999962449073791504e-01,-9.999830722808837891e-01,-9.999986290931701660e-01,-9.999945163726806641e-01,9.999986290931701660e-01,-9.999987483024597168e-01,9.999977946281433105e-01,-9.999983310699462891e-01,-9.998986124992370605e-01,9.999991059303283691e-01,-9.999971985816955566e-01,9.999991059303283691e-01,-9.999981522560119629e-01,-9.999957680702209473e-01,-9.999969601631164551e-01,-9.999985694885253906e-01,9.999970197677612305e-01,9.999978542327880859e-01,-9.999971389770507812e-01,-9.999918341636657715e-01,-9.999950528144836426e-01,9.999765753746032715e-01,-9.999921917915344238e-01
-9.999987483024597168e-01,9.999989271163940430e-01,9.999960660934448242e-01,-9.999980926513671875e-01,-9.999992251396179199e-01,9.999992251396179199e-01,-9.999961256980895996e-01,-9.999994039535522461e-01,9.999957084655761719e-01,-9.999989271163940430e-01,9.999992847442626953e-01,9.999992251396179199e-01,-9.999984502792358398e-01,-9.999989271163940430e-01,-9.999963641166687012e-01,-9.999955892562866211e-01,-9.999980926513671875e-01,9.999983310699462891e-01,-9.999943375587463379e-01,9.999993443489074707e-01,9.999992251396179199e-01,-9.999958276748657227e-01,-9.999990463256835938e-01,-9.999980926513671875e-01,-9.999919533729553223e-01,-9.999993443489074707e-01,9.999987483024597168e-01,9.999991655349731445e-01,-9.999938607215881348e-01,9.999976158142089844e-01,9.999933242797851562e-01,9.999986886978149414e-01,-9.999879002571105957e-01,-9.999961853027343750e-01,9.999986290931701660e-01,-9.999744892120361328e-01,-9.999992847442626953e-01,-9.999989867210388184e-01,-9.999888539314270020e-01,9.999992251396179199e-01,-9.999990463256835938e-01,-9.999908208847045898e-01,-9.999881386756896973e-01,-9.999992251396179199e-01,-9.999987483024597168e-01,-9.999985098838806152e-01,9.999951124191284180e-01,-9.999990463256835938e-01,-9.999991655349731445e-01,9.999989271163940430e-01,9.999992847442626953e-01,9.999989271163940430e-01,9.999991655349731445e-01,9.999951124191284180e-01,9.999989867210388184e-01,9.999986886978149414e-01,9.999754428863525391e-01,-9.999946355819702148e-01,-9.999961853027343750e-01,-9.999987483024597168e-01,9.999988675117492676e-01,-9.999992251396179199e-01,-9.999988079071044922e-01,-9.999966621398925781e-01,9.999956488609313965e-01,9.999992847442626953e-01,9.999993443489074707e-01,9.999967217445373535e-01,9.999993443489074707e-01,-9.999988079071044922e-01,9.999992847442626953e-01,-9.999973773956298828e-01,9.999929666519165039e-01,9.999954104423522949e-01,9.999890327453613281e-01,9.999988079071044922e-01,-9.999932050704956055e-01,-9.999992251396179199e-01,9.999956488609313965e-01,9.999964833259582520e-01,-9.999930262565612793e-01,-9.999983310699462891e-01,9.999992847442626953e-01,-9.999987483024597168e-01,9.999988079071044922e-01,9.999889135360717773e-01,-3.615843355655670166e-01,-9.999992251396179199e-01,-9.999942183494567871e-01,-9.999905228614807129e-01,9.999954700469970703e-01,-9.999988079071044922e-01,9.999899864196777344e-01,9.999981522560119629e-01,-9.999981522560119629e-01,9.999983906745910645e-01,9.999907016754150391e-01,-9.999992847442626953e-01,9.999991655349731445e-01,-9.999980926513671875e-01,9.999977350234985352e-01,-9.999993443489074707e-01,-9.999532103538513184e-01,-9.999678730964660645e-01,-9.999990463256835938e-01,-9.999971389770507812e-01,9.999867677688598633e-01,9.999989271163940430e-01,9.999956488609313965e-01,-9.999989867210388184e-01,9.999989867210388184e-01,-9.999983310699462891e-01,9.999987483024597168e-01,9.999200701713562012e-01,-9.999994039535522461e-01,9.999977946281433105e-01,-9.999994039535522461e-01,9.999985694885253906e-01,9.999966621398925781e-01,9.999976158142089844e-01,9.999988675117492676e-01,-9.999976754188537598e-01,-9.999983906745910645e-01,9.999978542327880859e-01,9.999935626983642578e-01,9.999960660934448242e-01,-9.999815225601196289e-01,9.999938011169433594e-01
-9.999988675117492676e-01,9.999991059303283691e-01,9.999962449073791504e-01,-9.999981522560119629e-01,-9.999991655349731445e-01,9.999992251396179199e-01,-9.999964833259582520e-01,-9.999994039535522461e-01,9.999960064888000488e-01,-9.999990463256835938e-01,9.999992251396179199e-01,9.999992847442626953e-01,-9.999985098838806152e-01,-9.999989867210388184e-01,-9.999967217445373535e-01,-9.999959468841552734e-01,-9.999982714653015137e-01,9.999985098838806152e-01,-9.999948740005493164e-01,9.999994039535522461e-01,9.999993443489074707e-01,-9.999960660934448242e-01,-9.999991059303283691e-01,-9.999982714653015137e-01,-9.999926090240478516e-01,-9.999992847442626953e-01,9.999987483024597168e-01,9.999992847442626953e-01,-9.999943971633911133e-01,9.999977946281433105e-01,9.999939203262329102e-01,9.999988079071044922e-01,-9.999890327453613281e-01,-9.999965429306030273e-01,9.999986886978149414e-01,-9.999768137931823730e-01,-9.999993443489074707e-01,-9.999990463256835938e-01,-9.999898672103881836e-01,9.999991655349731445e-01,-9.999991059303283691e-01,-9.999916553497314453e-01,-9.999892711639404297e-01,-9.999993443489074707e-01,-9.999988675117492676e-01,-9.999986290931701660e-01,9.999954700469970703e-01,-9.999991655349731445e-01,-9.999991655349731445e-01,9.999989867210388184e-01,9.999992251396179199e-01,9.999991059303283691e-01,9.999992251396179199e-01,9.999955296516418457e-01,9.999992251396179199e-01,9.999986886978149414e-01,9.999778270721435547e-01,-9.999951124191284180e-01,-9.999964833259582520e-01,-9.999988079071044922e-01,9.999989271163940430e-01,-9.999992847442626953e-01,-9.999989271163940430e-01,-9.999969601631164551e-01,9.999960660934448242e-01,9.999993443489074707e-01,9.999994039535522461e-01,9.999970793724060059e-01,9.999993443489074707e-01,-9.999989271163940430e-01,9.999992251396179199e-01,-9.999975562095642090e-01,9.999935030937194824e-01,9.999957680702209473e-01,9.999900460243225098e-01,9.999989867210388184e-01,-9.999938011169433594e-01,-9.999992251396179199e-01,9.999959468841552734e-01,9.999968409538269043e-01,-9.999936819076538086e-01,-9.999983906745910645e-01,9.999993443489074707e-01,-9.999988675117492676e-01,9.999988675117492676e-01,9.999899268150329590e-01,-3.616164624691009521e-01,-9.999994039535522461e-01,-9.999947547912597656e-01,-9.999914765357971191e-01,9.999958872795104980e-01,-9.999989271163940430e-01,9.999908804893493652e-01,9.999982118606567383e-01,-9.999983310699462891e-01,9.999985694885253906e-01,9.999914765357971191e-01,-9.999993443489074707e-01,9.999992251396179199e-01,-9.999982118606567383e-01,9.999978542327880859e-01,-9.999992847442626953e-01,-9.999575614929199219e-01,-9.999709129333496094e-01,-9.999992847442626953e-01,-9.999973773956298828e-01,9.999879002571105957e-01,9.999989867210388184e-01,9.999960064888000488e-01,-9.999990463256835938e-01,9.999991059303283691e-01,-9.999984502792358398e-01,9.999988079071044922e-01,9.999275803565979004e-01,-9.999994635581970215e-01,9.999979138374328613e-01,-9.999994635581970215e-01,9.999986886978149414e-01,9.999969601631164551e-01,9.999977946281433105e-01,9.999989271163940430e-01,-9.999978542327880859e-01,-9.999985098838806152e-01,9.999979734420776367e-01,9.999941587448120117e-01,9.999964237213134766e-01,-9.999832510948181152e-01,9.999943971633911133e-01
