9.067357778549194336e-01,-9.512829780578613281e-02,-4.558941721916198730e-01,1.034675836563110352e-01,-4.149659723043441772e-02,3.365179598331451416e-01,-1.511250585317611694e-01,4.847823977470397949e-01,3.127766251564025879e-01,-2.382581233978271484e-01,-5.299251154065132141e-02,1.999012529850006104e-01,3.071015179157257080e-01,3.808766901493072510e-01,1.478360295295715332e-01,1.869407743215560913e-01,-2.264212816953659058e-01,1.716459691524505615e-01,3.014638423919677734e-01,2.818253636360168457e-01,-6.929266452789306641e-01,-1.175214648246765137e-01,4.029289782047271729e-01,-3.092769905924797058e-02,-1.246151179075241089e-01,-7.619572877883911133e-01,-4.498167335987091064e-02,-3.983529210090637207e-01,-4.921981692314147949e-01,-6.265663504600524902e-01,-2.911398112773895264e-01,-2.997072637081146240e-01,1.784245520830154419e-01,-4.223065078258514404e-01,1.869847029447555542e-01,-4.247242510318756104e-01,1.679190397262573242e-01,-8.195614814758300781e-02,-1.963726803660392761e-02,-2.094567865133285522e-01,-4.535805284976959229e-01,1.042632907629013062e-01,1.363619565963745117e-01,-4.021947830915451050e-02,3.523490950465202332e-02,8.824505656957626343e-02,1.888380348682403564e-01,-1.938176006078720093e-01,-1.945013999938964844e-01,3.242554068565368652e-01,5.298923850059509277e-01,1.691209375858306885e-01,3.215873241424560547e-01,-8.711903542280197144e-02,1.544404774904251099e-01,-2.235401123762130737e-01,-1.846841275691986084e-01,-9.755133092403411865e-02,-1.406923532485961914e-01,6.719787418842315674e-02,-3.003925383090972900e-01,5.135979652404785156e-01,5.532462149858474731e-02,-5.339509844779968262e-01,-2.479800581932067871e-01,2.061394304037094116e-01,3.429636061191558838e-01,3.065787255764007568e-01,3.298487663269042969e-01,-1.193195767700672150e-02,-9.443644434213638306e-02,-6.473840475082397461e-01,1.447134464979171753e-01,-1.544239968061447144e-01,-2.932875417172908783e-02,-2.428253591060638428e-01,8.388290554285049438e-02,-5.141149163246154785e-01,-6.228252053260803223e-01,-5.671611428260803223e-01,-3.125348091125488281e-01,-4.653397202491760254e-02,-4.123866930603981018e-02,-4.461308568716049194e-02,-2.311418503522872925e-01,5.910329818725585938e-01,-3.190386891365051270e-01,-7.629251480102539062e-02,-1.174317672848701477e-01,3.015770576894283295e-02,1.305696666240692139e-01,-1.616442352533340454e-01,-2.404802292585372925e-01,3.816736042499542236e-01,5.296016335487365723e-01,-5.528823733329772949e-01,4.045739471912384033e-01,4.143222700804471970e-03,-1.229206100106239319e-01,5.952568650245666504e-01,4.368440806865692139e-01,-2.178550213575363159e-01,-3.538762331008911133e-01,-2.731376290321350098e-01,-7.292771339416503906e-02,8.871516585350036621e-02,-9.250419586896896362e-02,2.565955519676208496e-01,3.386424481868743896e-01,1.407405287027359009e-01,5.844153165817260742e-01,-5.218982696533203125e-02,1.423879116773605347e-01,-2.854722142219543457e-01,-1.217170655727386475e-01,-4.402163326740264893e-01,1.803041994571685791e-01,-1.366748660802841187e-01,-2.099415063858032227e-01,-1.632495522499084473e-01,-3.812413215637207031e-01,2.204903401434421539e-02,1.740569770336151123e-01,-3.745080530643463135e-01,2.758484482765197754e-01,6.161929108202457428e-03,1.602787524461746216e-01,5.941385030746459961e-01
-9.512829780578613281e-02,1.922189444303512573e-01,-9.199184179306030273e-02,-2.248992770910263062e-01,3.764863312244415283e-01,2.668919973075389862e-02,-3.073509335517883301e-01,1.539650410413742065e-01,-3.386921882629394531e-01,1.950049959123134613e-02,-3.536093831062316895e-01,-3.198899328708648682e-01,3.097473084926605225e-01,-4.185121953487396240e-01,3.676471710205078125e-01,2.015987187623977661e-01,3.135165274143218994e-01,-4.027377665042877197e-01,-3.346566557884216309e-01,-1.470821946859359741e-01,1.609586775302886963e-01,3.020834922790527344e-01,-3.110861480236053467e-01,-4.082458913326263428e-01,3.086433112621307373e-01,7.570959627628326416e-02,-1.737223714590072632e-01,3.834717273712158203e-01,-7.299952954053878784e-02,1.655545681715011597e-01,-2.136982083320617676e-01,2.335496395826339722e-01,2.823334336280822754e-01,3.055477142333984375e-01,-4.986521974205970764e-02,2.297767400741577148e-01,-3.169596195220947266e-01,2.559248208999633789e-01,3.479303121566772461e-01,-3.108107745647430420e-01,2.582793533802032471e-01,2.739278674125671387e-01,-1.063512861728668213e-01,1.432856619358062744e-01,3.545457124710083008e-01,-2.557687461376190186e-01,-4.418602883815765381e-01,2.867146432399749756e-01,3.997742831707000732e-01,-3.090804517269134521e-01,-5.852196738123893738e-02,3.697235882282257080e-01,-1.929000020027160645e-01,-4.981449991464614868e-02,-1.173403933644294739e-01,-2.763303555548191071e-02,4.140256941318511963e-01,2.335730195045471191e-01,4.451357126235961914e-01,9.111697971820831299e-02,1.777804046869277954e-01,-2.419772148132324219e-01,8.880417793989181519e-02,2.249190658330917358e-01,2.452649772167205811e-01,-3.133060038089752197e-01,-6.060555577278137207e-02,-2.589936554431915283e-01,-2.367731034755706787e-01,-7.879783958196640015e-02,-3.957141935825347900e-01,1.261171996593475342e-01,-3.492277562618255615e-01,-2.928757965564727783e-01,-1.839627474546432495e-01,-2.348332665860652924e-02,-1.394207179546356201e-01,2.930303215980529785e-01,-1.419273167848587036e-01,3.153075873851776123e-01,1.305038481950759888e-01,6.163123250007629395e-02,1.132838577032089233e-01,2.964453697204589844e-01,3.246329724788665771e-01,-5.705414712429046631e-02,3.916195407509803772e-02,3.087948262691497803e-01,4.516524076461791992e-01,-2.864035069942474365e-01,-1.519550979137420654e-01,-3.392106294631958008e-01,3.576348125934600830e-01,-1.705626994371414185e-01,-3.035972416400909424e-01,3.788391351699829102e-01,-2.902738749980926514e-02,-2.007825672626495361e-02,5.406374577432870865e-03,-3.371350467205047607e-01,-2.290309220552444458e-01,2.211515009403228760e-01,1.477684229612350464e-01,6.559129804372787476e-02,3.927602767944335938e-01,2.954440116882324219e-01,-2.037914842367172241e-01,-3.124006390571594238e-01,-4.355573654174804688e-01,-3.220590651035308838e-01,-9.644873440265655518e-02,3.645047247409820557e-01,1.743954792618751526e-02,-2.215394526720046997e-01,3.896070420742034912e-01,-2.012259662151336670e-01,-4.556641876697540283e-01,4.083002209663391113e-01,-2.489802539348602295e-01,2.971778512001037598e-01,-2.685209512710571289e-01,-1.652775108814239502e-01,-3.700819015502929688e-01,-1.307709608227014542e-02,1.348328143358230591e-01,-3.086735904216766357e-01,-3.296440839767456055e-01,-7.694217562675476074e-02
-4.558941721916198730e-01,-9.199184179306030273e-02,7.913870811462402344e-01,-2.566947638988494873e-01,-2.916590571403503418e-01,-6.214107871055603027e-01,2.784609794616699219e-01,-1.582047045230865479e-01,5.243542045354843140e-02,5.522208660840988159e-02,4.396885335445404053e-01,1.583200134336948395e-02,-6.267686486244201660e-01,2.100612521171569824e-01,-2.248900234699249268e-01,-4.693366289138793945e-01,-6.228805333375930786e-02,-4.837792366743087769e-02,2.750686109066009521e-01,2.354261279106140137e-01,5.648933649063110352e-01,-4.820047020912170410e-01,-3.895938694477081299e-01,2.534281313419342041e-01,-2.622334659099578857e-01,1.561081260442733765e-01,5.300248265266418457e-01,1.748315542936325073e-01,5.431123450398445129e-02,3.850374817848205566e-01,5.296966433525085449e-01,2.158140093088150024e-01,-2.148565798997879028e-01,1.652832031250000000e-01,-2.708007395267486572e-01,-6.443063914775848389e-02,1.114755868911743164e-01,-1.958269625902175903e-01,-4.330710768699645996e-01,5.843855142593383789e-01,3.070347309112548828e-01,-1.819059699773788452e-01,-5.121585130691528320e-01,-1.395958811044692993e-01,5.077605694532394409e-02,-3.155775964260101318e-01,2.915249764919281006e-01,7.331871241331100464e-02,-1.524309515953063965e-01,-2.308744490146636963e-01,-6.126559972763061523e-01,-3.629462420940399170e-01,-3.523807823657989502e-01,-1.608934402465820312e-01,2.301892042160034180e-01,5.914873480796813965e-01,-2.250546663999557495e-01,-5.757590383291244507e-02,-2.284659147262573242e-01,-9.354066848754882812e-02,5.454192161560058594e-01,-3.391299545764923096e-01,-1.224202513694763184e-01,5.004045367240905762e-01,3.993086516857147217e-01,1.636295169591903687e-01,-4.113737642765045166e-01,-3.656865656375885010e-01,-2.900648117065429688e-01,1.819079220294952393e-01,4.566819369792938232e-01,2.499853819608688354e-01,-4.321069642901420593e-02,5.799533128738403320e-01,5.757441371679306030e-02,6.356816887855529785e-01,3.965577483177185059e-02,3.601928353309631348e-01,5.646161437034606934e-01,4.031357169151306152e-01,-2.739068269729614258e-01,1.670909672975540161e-02,3.303523957729339600e-01,-2.552956938743591309e-01,2.606150507926940918e-01,-6.176335811614990234e-01,2.671270370483398438e-01,-3.427600860595703125e-01,-1.122167930006980896e-01,3.866587281227111816e-01,1.639030426740646362e-01,4.808803498744964600e-01,-1.745553500950336456e-02,-5.088410377502441406e-01,-3.262975513935089111e-01,-1.759578287601470947e-02,-3.538694381713867188e-01,1.073017064481973648e-02,-2.761488556861877441e-01,-3.312583863735198975e-01,-1.319098472595214844e-01,4.002604186534881592e-01,-1.680538058280944824e-02,2.618939280509948730e-01,-3.928127288818359375e-01,-1.766395419836044312e-01,4.938035309314727783e-01,1.307977437973022461e-01,-1.366861462593078613e-01,2.542474269866943359e-01,-3.267910182476043701e-01,-1.137612164020538330e-01,-3.163438439369201660e-01,4.903013408184051514e-01,-4.231767356395721436e-01,6.823918223381042480e-01,6.864544004201889038e-02,-3.445763587951660156e-01,-1.523712575435638428e-01,-2.010450959205627441e-01,3.059866726398468018e-01,5.383487939834594727e-01,7.189079653471708298e-03,2.655177414417266846e-01,1.567602753639221191e-01,8.538807183504104614e-02,1.419764012098312378e-01,-6.822957992553710938e-01
1.034675836563110352e-01,-2.248992770910263062e-01,-2.566947638988494873e-01,8.470585942268371582e-01,-1.379483491182327271e-01,5.496768355369567871e-01,4.280931949615478516e-01,-6.412698626518249512e-01,3.098681271076202393e-01,2.056166082620620728e-01,-3.480158513411879539e-03,5.118929147720336914e-01,1.107716336846351624e-01,7.341066747903823853e-02,-4.689683616161346436e-01,8.878465741872787476e-02,-3.671211004257202148e-01,7.422673702239990234e-01,-2.163593284785747528e-02,-4.467776417732238770e-01,-5.955467224121093750e-01,1.490528434514999390e-01,7.241303324699401855e-01,4.554951488971710205e-01,-9.438914060592651367e-02,2.165209650993347168e-01,-4.854076504707336426e-01,-6.516656279563903809e-01,4.376169145107269287e-01,-4.386836588382720947e-01,-9.535697847604751587e-02,-6.030155420303344727e-01,-3.936071693897247314e-01,-5.664922595024108887e-01,3.707254528999328613e-01,2.965470775961875916e-02,3.139134347438812256e-01,-2.500756978988647461e-01,4.582121223211288452e-02,-1.424496173858642578e-01,-6.609629988670349121e-01,-2.906200587749481201e-01,8.379644751548767090e-01,-8.103725314140319824e-02,-7.777994871139526367e-01,8.445728421211242676e-01,2.176590859889984131e-01,-6.101967692375183105e-01,-3.259078562259674072e-01,7.604152560234069824e-01,5.160186290740966797e-01,-3.641424477100372314e-01,6.561071276664733887e-01,6.515130400657653809e-01,-1.248078122735023499e-01,-6.244000196456909180e-01,-3.148260712623596191e-01,-4.101035892963409424e-01,-4.187205135822296143e-01,-1.153983697295188904e-01,-7.593740224838256836e-01,5.936299562454223633e-01,-5.559157580137252808e-02,-5.592434406280517578e-01,-8.322367072105407715e-01,2.150391638278961182e-01,6.177657842636108398e-01,7.826567292213439941e-01,7.529582381248474121e-01,1.235789954662322998e-01,1.263204067945480347e-01,8.720450848340988159e-02,6.064563393592834473e-01,-2.379305660724639893e-01,4.056748449802398682e-01,-7.065805196762084961e-01,1.762056797742843628e-01,-6.285544037818908691e-01,-4.515478387475013733e-03,-6.042022705078125000e-01,4.347898662090301514e-01,-1.345056742429733276e-01,-6.989027857780456543e-01,-2.117130905389785767e-01,-8.288820981979370117e-01,3.704548180103302002e-01,-1.523397415876388550e-01,-5.669356510043144226e-02,-5.699087977409362793e-01,-5.704351514577865601e-02,-1.872635185718536377e-01,7.252452429383993149e-03,-4.084466397762298584e-01,8.226361274719238281e-01,5.154570341110229492e-01,-1.568869650363922119e-01,3.371419608592987061e-01,2.712672017514705658e-02,6.713736057281494141e-01,6.268285512924194336e-01,3.528769612312316895e-01,-8.520623445510864258e-01,-1.291053742170333862e-01,-3.087598979473114014e-01,-1.514360494911670685e-02,-3.330734670162200928e-01,-3.907970786094665527e-01,1.597462445497512817e-01,6.318965554237365723e-01,1.374634355306625366e-01,1.685292273759841919e-01,-5.270804166793823242e-01,4.199678003787994385e-01,-1.656760647892951965e-02,1.070588007569313049e-01,-3.905740752816200256e-02,5.496104359626770020e-01,-3.027051687240600586e-01,8.020300269126892090e-01,-1.574528217315673828e-01,4.857629537582397461e-01,-5.422194004058837891e-01,6.535114049911499023e-01,-2.916525006294250488e-01,-6.394015550613403320e-01,6.076801419258117676e-01,2.752443552017211914e-01,6.146132946014404297e-01
-4.149659723043441772e-02,3.764863312244415283e-01,-2.916590571403503418e-01,-1.379483491182327271e-01,8.798300623893737793e-01,2.923323810100555420e-01,-4.664808809757232666e-01,1.412975490093231201e-01,-6.231779456138610840e-01,1.282088756561279297e-01,-7.625781297683715820e-01,-5.418754816055297852e-01,6.687693595886230469e-01,-7.422277331352233887e-01,7.035928368568420410e-01,5.882992148399353027e-01,6.280371546745300293e-01,-5.110852718353271484e-01,-6.485792398452758789e-01,-4.555003345012664795e-01,4.620088636875152588e-02,6.691134572029113770e-01,-4.300943315029144287e-01,-6.267876625061035156e-01,5.799470543861389160e-01,1.506948769092559814e-01,-5.668522119522094727e-01,5.038590431213378906e-01,-7.120115309953689575e-02,3.782704845070838928e-02,-6.842683553695678711e-01,2.981384694576263428e-01,4.725013673305511475e-01,3.946110904216766357e-01,5.700442939996719360e-02,6.323134303092956543e-01,-7.137062549591064453e-01,5.667697191238403320e-01,6.816635727882385254e-01,-7.356247901916503906e-01,3.236792087554931641e-01,6.831277012825012207e-01,7.500091195106506348e-02,3.560702502727508545e-01,4.687268733978271484e-01,-2.135850489139556885e-01,-8.519583940505981445e-01,3.882018327713012695e-01,8.057563304901123047e-01,-3.002860248088836670e-01,1.151309460401535034e-01,6.626844406127929688e-01,-2.177768945693969727e-01,1.623707264661788940e-01,-3.202490806579589844e-01,-3.062655329704284668e-01,7.223154306411743164e-01,4.363265037536621094e-01,6.556280851364135742e-01,2.081115990877151489e-01,7.185418158769607544e-02,-2.897775471210479736e-01,2.279931753873825073e-01,2.972851693630218506e-01,2.275370061397552490e-01,-6.435686349868774414e-01,2.194611728191375732e-01,-1.951104253530502319e-01,-1.558490097522735596e-01,-7.871686480939388275e-03,-7.987634539604187012e-01,2.437509894371032715e-01,-4.743170738220214844e-01,-7.072030901908874512e-01,-3.350376784801483154e-01,-3.439857065677642822e-01,-3.048461675643920898e-01,4.024774432182312012e-01,-4.134564995765686035e-01,4.191582500934600830e-01,3.913291394710540771e-01,1.011651828885078430e-01,-8.640975505113601685e-02,6.357612609863281250e-01,3.225282728672027588e-01,-8.211403153836727142e-03,3.718452900648117065e-02,6.784424781799316406e-01,7.449566125869750977e-01,-7.560731172561645508e-01,-5.845389962196350098e-01,-7.615708112716674805e-01,7.162870168685913086e-01,-6.812586914747953415e-03,-4.759648740291595459e-01,6.964868903160095215e-01,2.217556983232498169e-01,-4.320581629872322083e-02,3.085487484931945801e-01,-3.327859342098236084e-01,-3.718100190162658691e-01,1.558291763067245483e-01,3.522841930389404297e-01,-4.208681639283895493e-04,7.749391198158264160e-01,5.458171367645263672e-01,-5.698778629302978516e-01,-6.308772563934326172e-01,-6.869854331016540527e-01,-6.735599040985107422e-01,-1.554601937532424927e-01,6.720511317253112793e-01,3.488947451114654541e-01,-6.446872949600219727e-01,8.305399417877197266e-01,-4.757160246372222900e-01,-6.595460176467895508e-01,6.727573275566101074e-01,-2.889510989189147949e-01,5.982314944267272949e-01,-4.414436221122741699e-01,-5.160042047500610352e-01,-5.698303580284118652e-01,-2.096722275018692017e-01,1.951656639575958252e-01,-5.169471502304077148e-01,-7.368046045303344727e-01,1.349385380744934082e-01
3.365179598331451416e-01,2.668919973075389862e-02,-6.214107871055603027e-01,5.496768355369567871e-01,2.923323810100555420e-01,9.288388490676879883e-01,-1.332228630781173706e-01,-1.233542859554290771e-01,-1.944644898176193237e-01,1.125404089689254761e-01,-5.416705608367919922e-01,3.311153128743171692e-02,6.472947001457214355e-01,-3.477286398410797119e-01,9.655550867319107056e-02,4.668255448341369629e-01,8.982956409454345703e-02,1.900214552879333496e-01,-4.290256798267364502e-01,-4.862427115440368652e-01,-6.258506774902343750e-01,6.030029654502868652e-01,4.606777131557464600e-01,-1.934720128774642944e-01,3.774662613868713379e-01,-5.614148080348968506e-02,-7.043445110321044922e-01,-2.170405089855194092e-01,2.225300073623657227e-01,-4.912492036819458008e-01,-4.842051565647125244e-01,-3.716613650321960449e-01,1.754824817180633545e-01,-1.636261641979217529e-01,3.391878902912139893e-01,2.370187044143676758e-01,-1.271682232618331909e-01,2.107484936714172363e-01,5.352290272712707520e-01,-6.781947612762451172e-01,-5.583636164665222168e-01,1.935822516679763794e-01,7.254031300544738770e-01,1.718438565731048584e-01,-2.165443599224090576e-01,4.795486927032470703e-01,-2.530406117439270020e-01,-1.913546621799468994e-01,1.203173995018005371e-01,3.391786217689514160e-01,7.593178749084472656e-01,2.602644264698028564e-01,5.396275520324707031e-01,3.475947678089141846e-01,-1.694373041391372681e-01,-7.657288908958435059e-01,2.126056402921676636e-01,-1.399654336273670197e-02,1.884405016899108887e-01,8.144088834524154663e-02,-6.259080171585083008e-01,4.212300777435302734e-01,1.383185088634490967e-01,-4.292983710765838623e-01,-6.028441190719604492e-01,-2.137981355190277100e-01,5.567739605903625488e-01,4.441812336444854736e-01,5.631564259529113770e-01,-2.152869403362274170e-01,-4.889128506183624268e-01,-6.003874912858009338e-02,1.019503027200698853e-01,-7.112036347389221191e-01,9.641671180725097656e-02,-7.504237294197082520e-01,-2.405494824051856995e-02,-3.971949219703674316e-01,-4.949061572551727295e-01,-4.568380713462829590e-01,5.563958287239074707e-01,-3.554961830377578735e-02,-4.296288192272186279e-01,2.778076827526092529e-01,-4.596768319606781006e-01,7.150532007217407227e-01,-3.670124709606170654e-01,4.221592843532562256e-01,-2.876018732786178589e-02,-4.662495851516723633e-01,-2.798977196216583252e-01,-5.447165966033935547e-01,5.793319270014762878e-02,6.842508316040039062e-01,2.714956104755401611e-01,4.852752760052680969e-02,3.543027937412261963e-01,-9.742756374180316925e-03,5.457500219345092773e-01,4.048646688461303711e-01,3.810708597302436829e-02,-6.127968430519104004e-01,-4.210309311747550964e-02,-3.441403508186340332e-01,5.239161252975463867e-01,3.487237691879272461e-01,-7.344471216201782227e-01,-3.104706406593322754e-01,2.218195348978042603e-01,-3.168371319770812988e-01,4.083513319492340088e-01,-1.209259405732154846e-01,4.067018628120422363e-01,-3.243494629859924316e-01,5.367870926856994629e-01,-4.414045214653015137e-01,-4.075351357460021973e-02,2.882197499275207520e-01,3.209985792636871338e-01,2.854351997375488281e-01,-8.946146816015243530e-02,-7.577246427536010742e-01,1.339871436357498169e-01,-2.689325809478759766e-01,-4.041125476360321045e-01,1.022993400692939758e-01,-1.583190858364105225e-01,7.807981371879577637e-01
-1.511250585317611694e-01,-3.073509335517883301e-01,2.784609794616699219e-01,4.280931949615478516e-01,-4.664808809757232666e-01,-1.332228630781173706e-01,8.787571787834167480e-01,-5.450134873390197754e-01,4.771649539470672607e-01,8.034613728523254395e-02,6.494470834732055664e-01,6.217139363288879395e-01,-6.953929662704467773e-01,5.556647181510925293e-01,-6.133781075477600098e-01,-4.445646703243255615e-01,-5.776873826980590820e-01,6.736583709716796875e-01,5.163022875785827637e-01,-5.035367980599403381e-02,6.841813027858734131e-02,-4.445157647132873535e-01,3.804362714290618896e-01,8.299193382263183594e-01,-6.706253886222839355e-01,1.410922706127166748e-01,1.965696662664413452e-01,-6.094478964805603027e-01,5.392652153968811035e-01,-3.230780065059661865e-01,4.020072221755981445e-01,-1.603474915027618408e-01,-7.666525840759277344e-01,-4.609543085098266602e-01,2.879380434751510620e-02,-1.433480083942413330e-01,4.812254309654235840e-01,-5.232425332069396973e-01,-6.740759015083312988e-01,5.717199444770812988e-01,-2.313423156738281250e-01,-5.122807025909423828e-01,1.828964501619338989e-01,-2.507749199867248535e-01,-6.396962404251098633e-01,4.983188509941101074e-01,5.625387430191040039e-01,-6.396043300628662109e-01,-5.699077844619750977e-01,5.501251220703125000e-01,7.663231343030929565e-02,-8.109973669052124023e-01,1.939306557178497314e-01,2.588246464729309082e-01,-1.180914938449859619e-01,7.635488361120223999e-02,-7.058863639831542969e-01,-5.047474503517150879e-01,-8.112221360206604004e-01,-1.742384582757949829e-01,-2.500343322753906250e-01,2.512762248516082764e-01,-2.152729034423828125e-01,-2.217991501092910767e-01,-2.844430506229400635e-01,6.137637495994567871e-01,1.487946659326553345e-01,4.528225660324096680e-01,3.659740686416625977e-01,5.261665582656860352e-01,7.104646563529968262e-01,-1.316495835781097412e-01,7.435697913169860840e-01,5.420245528221130371e-01,4.384542703628540039e-01,-3.881245478987693787e-02,2.552828788757324219e-01,-2.695173323154449463e-01,5.786723494529724121e-01,-2.077213674783706665e-01,-2.039088606834411621e-01,-1.311188787221908569e-01,-4.448257386684417725e-01,-6.497498750686645508e-01,-5.629543066024780273e-01,-3.474239408969879150e-01,3.713276088237762451e-01,-6.082109212875366211e-01,-6.849510669708251953e-01,4.030654132366180420e-01,-8.618786931037902832e-02,6.443333625793457031e-01,-3.675110340118408203e-01,1.643741726875305176e-01,3.964746594429016113e-01,-3.608614802360534668e-01,1.904662996530532837e-01,4.334111511707305908e-02,7.043634355068206787e-02,4.103331267833709717e-01,3.779164850711822510e-01,-2.596442997455596924e-01,8.431254327297210693e-02,-4.276812449097633362e-02,-6.529624462127685547e-01,-5.682202577590942383e-01,4.222298860549926758e-01,5.297883152961730957e-01,4.930901825428009033e-01,6.196906566619873047e-01,-4.084038734436035156e-01,-5.771751403808593750e-01,2.951169908046722412e-01,3.148513436317443848e-01,-4.862298965454101562e-01,4.282730519771575928e-01,7.947322726249694824e-01,-7.392753362655639648e-01,5.210868716239929199e-01,-6.322221159934997559e-01,7.785236239433288574e-01,2.535684704780578613e-01,6.369642615318298340e-01,1.442313790321350098e-01,-1.787319183349609375e-01,5.235693454742431641e-01,5.257188677787780762e-01,-1.052555218338966370e-01
4.847823977470397949e-01,1.539650410413742065e-01,-1.582047045230865479e-01,-6.412698626518249512e-01,1.412975490093231201e-01,-1.233542859554290771e-01,-5.450134873390197754e-01,9.533264040946960449e-01,-1.715438067913055420e-01,-3.668392002582550049e-01,-1.538666337728500366e-01,-4.210504591464996338e-01,2.129972726106643677e-01,6.092446669936180115e-02,5.615752935409545898e-01,1.284516900777816772e-01,2.772904634475708008e-01,-5.927080512046813965e-01,9.279274940490722656e-02,5.908979177474975586e-01,5.131006613373756409e-02,-4.442230984568595886e-02,-4.013719856739044189e-01,-5.416704416275024414e-01,1.389220803976058960e-01,-6.491800546646118164e-01,3.288592696189880371e-01,3.720930516719818115e-01,-6.874819397926330566e-01,-1.493644155561923981e-02,-2.398782670497894287e-01,3.517719209194183350e-01,5.596161484718322754e-01,2.781582772731781006e-01,-2.071009874343872070e-01,-2.134089320898056030e-01,-2.520461976528167725e-01,2.803527116775512695e-01,5.455567687749862671e-02,-1.634645909070968628e-01,3.054441213607788086e-01,4.175678491592407227e-01,-5.933313965797424316e-01,1.009027585387229919e-01,7.519828081130981445e-01,-6.809827089309692383e-01,-1.617028117179870605e-01,4.867387115955352783e-01,2.552777528762817383e-01,-5.222882032394409180e-01,-2.794646658003330231e-02,5.423279404640197754e-01,-3.437483608722686768e-01,-7.105268239974975586e-01,2.487789541482925415e-01,3.240989446640014648e-01,2.614459395408630371e-01,3.886099159717559814e-01,3.890453279018402100e-01,1.787084043025970459e-01,4.095009267330169678e-01,-1.984380483627319336e-01,1.284718811511993408e-01,1.351048797369003296e-01,5.341305136680603027e-01,-1.499390900135040283e-01,-3.552210032939910889e-01,-5.264089703559875488e-01,-4.431454241275787354e-01,-2.886210083961486816e-01,-3.067319095134735107e-01,-4.751988053321838379e-01,-5.107874870300292969e-01,4.007721145171672106e-04,-4.456460773944854736e-01,4.126661121845245361e-01,-1.393765807151794434e-01,2.239700406789779663e-01,-5.321865677833557129e-01,1.115689799189567566e-01,-4.588672518730163574e-01,1.108920648694038391e-01,6.108156442642211914e-01,2.712641954421997070e-01,5.627365708351135254e-01,1.784979999065399170e-01,-2.086864113807678223e-01,1.063244640827178955e-01,4.880279600620269775e-01,1.154960040003061295e-02,2.378891408443450928e-01,-2.084049880504608154e-01,3.042248785495758057e-01,-4.505428373813629150e-01,-1.719260811805725098e-01,-1.825871318578720093e-01,-8.296874910593032837e-02,-2.993646450340747833e-02,-6.242787241935729980e-01,-1.400070339441299438e-01,-1.088442951440811157e-01,5.878170728683471680e-01,-1.168491318821907043e-01,5.887162685394287109e-02,1.152152940630912781e-01,4.798541963100433350e-01,1.617085784673690796e-01,-9.878381341695785522e-02,-3.529853522777557373e-01,-1.112668216228485107e-01,2.989414334297180176e-01,4.929980337619781494e-01,-2.730094790458679199e-01,-2.060332745313644409e-01,-7.262889295816421509e-02,-3.021680712699890137e-01,-4.510419666767120361e-01,3.053546249866485596e-01,-8.424814939498901367e-01,1.346843540668487549e-01,-7.746549844741821289e-01,3.603868782520294189e-01,-5.501777529716491699e-01,1.315703392028808594e-01,6.955301761627197266e-01,-6.060752868652343750e-01,-2.074740380048751831e-01,-6.211821734905242920e-02
3.127766251564025879e-01,-3.386921882629394531e-01,5.243542045354843140e-02,3.098681271076202393e-01,-6.231779456138610840e-01,-1.944644898176193237e-01,4.771649539470672607e-01,-1.715438067913055420e-01,8.087230324745178223e-01,-1.110054403543472290e-01,6.693757176399230957e-01,6.633797287940979004e-01,-4.936457872390747070e-01,8.111949563026428223e-01,-5.976794362068176270e-01,-3.415959775447845459e-01,-6.825608015060424805e-01,6.950928568840026855e-01,7.110289335250854492e-01,3.385543525218963623e-01,-3.660714328289031982e-01,-6.228801012039184570e-01,5.830577611923217773e-01,7.325233221054077148e-01,-6.646450757980346680e-01,-2.340577244758605957e-01,3.260966539382934570e-01,-7.290510535240173340e-01,-5.899813398718833923e-02,-3.051794767379760742e-01,3.156456351280212402e-01,-4.588708877563476562e-01,-5.248967409133911133e-01,-6.976970434188842773e-01,1.548056751489639282e-01,-5.411648750305175781e-01,6.578786969184875488e-01,-5.645605325698852539e-01,-6.465969085693359375e-01,5.828462243080139160e-01,-3.720278143882751465e-01,-5.400108098983764648e-01,1.288532167673110962e-01,-3.214686512947082520e-01,-5.985719561576843262e-01,4.392639696598052979e-01,7.515301108360290527e-01,-5.633059740066528320e-01,-7.065415978431701660e-01,6.192440986633300781e-01,5.234633386135101318e-02,-6.219717860221862793e-01,3.505443930625915527e-01,1.377815902233123779e-01,1.808444857597351074e-01,7.247258722782135010e-02,-7.653850913047790527e-01,-4.934370517730712891e-01,-7.959641218185424805e-01,-1.819821000099182129e-01,-3.438077270984649658e-01,5.282825827598571777e-01,-1.865883320569992065e-01,-5.366407036781311035e-01,-3.804880976676940918e-01,6.610668301582336426e-01,1.955652534961700439e-01,5.374823808670043945e-01,3.418928682804107666e-01,2.838829755783081055e-01,7.110790610313415527e-01,-3.352964520454406738e-01,6.551113128662109375e-01,5.422616004943847656e-01,3.213810920715332031e-01,-5.234776530414819717e-03,2.910519838333129883e-01,-5.970764160156250000e-01,1.849668174982070923e-01,-5.661385655403137207e-01,-4.145132899284362793e-01,-1.370753943920135498e-01,-2.543754875659942627e-01,-6.067963838577270508e-01,-5.207203626632690430e-01,2.992692776024341583e-02,-3.907144418917596340e-04,-6.288470625877380371e-01,-7.246158123016357422e-01,5.242038965225219727e-01,2.931208014488220215e-01,6.032184362411499023e-01,-7.293716073036193848e-01,2.967448830604553223e-01,6.683644056320190430e-01,-6.862668991088867188e-01,1.930817514657974243e-01,4.384113848209381104e-02,-8.771216869354248047e-02,6.032298207283020020e-01,6.270421743392944336e-01,-3.362299501895904541e-01,-3.137861192226409912e-01,-1.359869837760925293e-01,-7.631378769874572754e-01,-7.159529924392700195e-01,4.488022029399871826e-01,7.420598268508911133e-01,7.210420966148376465e-01,6.458535790443420410e-01,1.388696879148483276e-01,-5.358850359916687012e-01,-7.158534601330757141e-03,1.929643303155899048e-01,-6.946853995323181152e-01,1.020195260643959045e-01,7.992519736289978027e-01,-7.350767850875854492e-01,3.667299747467041016e-01,-6.303885579109191895e-01,3.656674623489379883e-01,3.762918114662170410e-01,6.698504686355590820e-01,-1.335408389568328857e-01,-6.250324845314025879e-02,5.311233401298522949e-01,6.528152227401733398e-01,1.566044837236404419e-01
-2.382581233978271484e-01,1.950049959123134613e-02,5.522208660840988159e-02,2.056166082620620728e-01,1.282088756561279297e-01,1.125404089689254761e-01,8.034613728523254395e-02,-3.668392002582550049e-01,-1.110054403543472290e-01,1.895238906145095825e-01,-1.774617433547973633e-01,-1.333911437541246414e-02,1.213501021265983582e-01,-2.848094701766967773e-01,-7.202787697315216064e-02,4.973708093166351318e-02,7.925284653902053833e-02,9.017512202262878418e-02,-2.638516724109649658e-01,-3.024296164512634277e-01,-2.099529467523097992e-02,1.885484755039215088e-01,1.479050796478986740e-02,2.712960122153162956e-03,1.833322495222091675e-01,3.395039141178131104e-01,-2.362750470638275146e-01,3.474141657352447510e-02,2.158942520618438721e-01,9.227003902196884155e-02,-4.113321751356124878e-02,-9.238732606172561646e-02,-2.410864457488059998e-02,1.676056534051895142e-02,6.717652827501296997e-02,1.981667429208755493e-01,-7.398812472820281982e-02,4.621999710798263550e-02,2.116959393024444580e-01,-1.551390141248703003e-01,-5.505379661917686462e-02,2.142865024507045746e-02,2.626818120479583740e-01,4.778103530406951904e-02,-1.833254098892211914e-01,1.792210936546325684e-01,-1.472674310207366943e-01,-2.450781688094139099e-02,1.033679991960525513e-01,7.804878801107406616e-02,-2.600163221359252930e-02,-8.140455931425094604e-03,7.999532669782638550e-02,2.839353680610656738e-01,-5.842137336730957031e-02,-1.706809550523757935e-01,1.221706867218017578e-01,-1.167507562786340714e-02,7.346574217081069946e-02,-1.496095489710569382e-02,-1.213022470474243164e-01,-1.031858939677476883e-02,1.703013665974140167e-02,9.737233817577362061e-02,-1.724563241004943848e-01,-1.406202912330627441e-01,1.174293980002403259e-01,9.549751132726669312e-02,1.336478888988494873e-01,-1.640664786100387573e-02,-1.149174869060516357e-01,3.665226399898529053e-01,6.975882686674594879e-03,-2.076084166765213013e-01,4.645662009716033936e-02,-2.194474637508392334e-01,-2.605316042900085449e-02,2.134798653423786163e-02,8.020687848329544067e-02,5.119438469409942627e-02,3.697870969772338867e-01,-4.899417515844106674e-03,-1.893517374992370605e-01,9.054848551750183105e-02,-1.241676360368728638e-01,-2.090228162705898285e-02,-1.880381722003221512e-03,1.553748697042465210e-01,-7.009282242506742477e-03,-1.530292481184005737e-01,-1.384383887052536011e-01,-1.261616647243499756e-01,3.452311083674430847e-02,1.767896562814712524e-01,-1.344939917325973511e-01,2.602350115776062012e-01,-2.498392015695571899e-02,-2.004659036174416542e-03,3.498712778091430664e-01,-4.171933978796005249e-02,-9.453778713941574097e-02,-2.070152163505554199e-01,5.232006311416625977e-02,-7.265352178364992142e-03,2.262315005064010620e-01,-1.206288952380418777e-02,-2.935281693935394287e-01,-1.693166196346282959e-01,-3.247833251953125000e-02,-1.533070653676986694e-01,-7.187133282423019409e-02,-6.951511651277542114e-02,1.187155619263648987e-01,2.890326641499996185e-02,2.503466904163360596e-01,8.106024563312530518e-02,-4.659692943096160889e-02,6.042095273733139038e-02,2.891483008861541748e-01,1.569263935089111328e-01,1.688545495271682739e-01,-3.251808285713195801e-01,5.149080604314804077e-02,-8.541030436754226685e-02,-3.043309152126312256e-01,1.051729395985603333e-01,-9.986926615238189697e-02,4.504803568124771118e-02
-5.299251154065132141e-02,-3.536093831062316895e-01,4.396885335445404053e-01,-3.480158513411879539e-03,-7.625781297683715820e-01,-5.416705608367919922e-01,6.494470834732055664e-01,-1.538666337728500366e-01,6.693757176399230957e-01,-1.774617433547973633e-01,9.481548070907592773e-01,6.023744940757751465e-01,-9.188332557678222656e-01,8.626477122306823730e-01,-6.252976655960083008e-01,-7.201006412506103516e-01,-6.973380446434020996e-01,4.801792204380035400e-01,8.487497568130493164e-01,4.720751047134399414e-01,2.244602143764495850e-01,-8.349916338920593262e-01,2.441804409027099609e-01,8.025802969932556152e-01,-8.637803792953491211e-01,-1.621525436639785767e-01,6.843325495719909668e-01,-5.019195079803466797e-01,1.673261821269989014e-01,-1.114155277609825134e-01,6.894171833992004395e-01,-5.185972526669502258e-02,-6.809629201889038086e-01,-3.932321667671203613e-01,-1.597477346658706665e-01,-5.282669067382812500e-01,6.791022419929504395e-01,-6.781536340713500977e-01,-9.304933547973632812e-01,9.301716685295104980e-01,-4.532727599143981934e-02,-6.734048724174499512e-01,-2.868841886520385742e-01,-3.993587195873260498e-01,-3.946618139743804932e-01,1.290503293275833130e-01,8.247482180595397949e-01,-4.737223088741302490e-01,-7.538746595382690430e-01,3.016232550144195557e-01,-2.332570105791091919e-01,-8.200681209564208984e-01,-4.442544281482696533e-02,-1.578599959611892700e-01,1.431367695331573486e-01,5.172148346900939941e-01,-8.425904512405395508e-01,-4.863835573196411133e-01,-8.277391791343688965e-01,-2.063305974006652832e-01,1.070262491703033447e-01,1.460220962762832642e-01,-2.879908382892608643e-01,-1.700674742460250854e-01,4.568129032850265503e-02,7.966734766960144043e-01,-2.225797474384307861e-01,1.792406886816024780e-01,1.778629957698285580e-03,4.502719640731811523e-01,9.396855831146240234e-01,-3.646201789379119873e-01,5.959401130676269531e-01,9.131850600242614746e-01,3.447227776050567627e-01,4.569864869117736816e-01,3.113545477390289307e-01,-1.888903379440307617e-01,6.347622871398925781e-01,-1.521390378475189209e-01,-6.652079820632934570e-01,-1.096994802355766296e-01,-4.215858411043882370e-03,-8.169091939926147461e-01,-2.182044237852096558e-01,-4.340905249118804932e-01,3.731219768524169922e-01,-8.715327382087707520e-01,-6.724694967269897461e-01,7.761092782020568848e-01,3.487656116485595703e-01,9.087703227996826172e-01,-5.469924211502075195e-01,-2.108666598796844482e-01,4.260699450969696045e-01,-6.291646361351013184e-01,-3.920772671699523926e-02,4.993286728858947754e-02,-4.576670825481414795e-01,2.342267185449600220e-01,4.674027264118194580e-01,9.238345175981521606e-02,-9.252026677131652832e-02,1.046628281474113464e-01,-9.616482853889465332e-01,-6.602281928062438965e-01,8.546772599220275879e-01,7.906241416931152344e-01,4.821493625640869141e-01,8.393345475196838379e-01,-2.792183756828308105e-01,-5.316818952560424805e-01,-1.924123913049697876e-01,4.920150041580200195e-01,-8.813734054565429688e-01,4.966480731964111328e-01,7.489919066429138184e-01,-8.199657797813415527e-01,1.502618193626403809e-01,-8.188133239746093750e-01,5.623903274536132812e-01,7.587842941284179688e-01,5.311704277992248535e-01,2.324060052633285522e-01,1.320578008890151978e-01,4.101516008377075195e-01,7.337254285812377930e-01,-3.891794979572296143e-01
1.999012529850006104e-01,-3.198899328708648682e-01,1.583200134336948395e-02,5.118929147720336914e-01,-5.418754816055297852e-01,3.311153128743171692e-02,6.217139363288879395e-01,-4.210504591464996338e-01,6.633797287940979004e-01,-1.333911437541246414e-02,6.023744940757751465e-01,6.927657723426818848e-01,-4.877812564373016357e-01,7.101483345031738281e-01,-6.456343531608581543e-01,-2.975028753280639648e-01,-6.471006870269775391e-01,8.246300220489501953e-01,5.948418974876403809e-01,5.097278207540512085e-02,-3.647364377975463867e-01,-4.638051390647888184e-01,6.902928948402404785e-01,8.411026597023010254e-01,-6.441937685012817383e-01,-8.960301429033279419e-02,1.086409687995910645e-01,-8.097274303436279297e-01,2.746490538120269775e-01,-4.528083205223083496e-01,2.973635494709014893e-01,-4.544245898723602295e-01,-6.571112871170043945e-01,-6.573610901832580566e-01,1.675515025854110718e-01,-3.554047942161560059e-01,5.865640044212341309e-01,-5.163297057151794434e-01,-5.898506045341491699e-01,4.971060752868652344e-01,-4.879815578460693359e-01,-5.243420004844665527e-01,3.794974982738494873e-01,-2.601730525493621826e-01,-7.521007657051086426e-01,6.412292718887329102e-01,7.002847194671630859e-01,-6.710242033004760742e-01,-6.994922161102294922e-01,7.424720525741577148e-01,2.664420306682586670e-01,-7.169321775436401367e-01,4.030574262142181396e-01,3.081824779510498047e-01,-2.054273616522550583e-03,-1.130197271704673767e-01,-7.656810879707336426e-01,-5.075825452804565430e-01,-8.686420321464538574e-01,-1.647569835186004639e-01,-4.622508287429809570e-01,5.191650986671447754e-01,-1.745716780424118042e-01,-5.617957115173339844e-01,-5.320482254028320312e-01,6.222848296165466309e-01,3.222983181476593018e-01,6.906681060791015625e-01,4.883570075035095215e-01,4.044835865497589111e-01,6.863344311714172363e-01,-2.907821834087371826e-01,7.872554063796997070e-01,4.167374372482299805e-01,4.060494601726531982e-01,-2.050823718309402466e-01,2.732326984405517578e-01,-5.850663185119628906e-01,3.067037761211395264e-01,-5.626338124275207520e-01,-2.255944758653640747e-01,-1.439029425382614136e-01,-4.969161748886108398e-01,-5.973101854324340820e-01,-6.964514851570129395e-01,3.473874554038047791e-02,1.035998165607452393e-01,-5.566173195838928223e-01,-8.199955224990844727e-01,3.977356851100921631e-01,7.907529175281524658e-02,5.466772913932800293e-01,-6.464558839797973633e-01,4.558165371417999268e-01,6.913600564002990723e-01,-5.845104455947875977e-01,2.888571619987487793e-01,4.258157685399055481e-02,1.211784929037094116e-01,6.485871076583862305e-01,5.378975868225097656e-01,-5.247548222541809082e-01,-1.625020503997802734e-01,-1.591311395168304443e-01,-6.868346929550170898e-01,-6.430712938308715820e-01,3.178399801254272461e-01,6.359304785728454590e-01,7.704836130142211914e-01,5.901625156402587891e-01,7.895471528172492981e-03,-6.325401067733764648e-01,1.683545261621475220e-01,1.829195320606231689e-01,-5.254997014999389648e-01,1.719761788845062256e-01,9.052188992500305176e-01,-7.547941207885742188e-01,5.846667885780334473e-01,-6.072598099708557129e-01,5.899125337600708008e-01,1.682417243719100952e-01,7.658714056015014648e-01,-1.333488076925277710e-01,-2.546569705009460449e-01,6.115902662277221680e-01,5.876861810684204102e-01,2.384128421545028687e-01
