5.463091731071472168e-01,1.588797755539417267e-02,1.789044290781021118e-01,-2.652640938758850098e-01,3.961035013198852539e-01,-4.205564856529235840e-01,1.121903210878372192e-01,4.856871068477630615e-01,-2.072621323168277740e-02,-4.799707606434822083e-02,-3.709457218647003174e-01,-2.707704305648803711e-01,-2.475204914808273315e-01,-6.618639081716537476e-02,-1.747460290789604187e-02,2.050233781337738037e-01,5.750456824898719788e-03,-1.645675152540206909e-01,1.476718485355377197e-01,-1.879492402076721191e-01,-2.203443199396133423e-01,-3.400351405143737793e-01,-3.150906860828399658e-01,2.230819910764694214e-01,3.544926270842552185e-02,2.119649797677993774e-01,-5.831972509622573853e-02,-4.619269669055938721e-01,2.088876999914646149e-02,-1.595268249511718750e-01,-2.052660435438156128e-01,-6.384857743978500366e-02,-2.546177208423614502e-01,1.419628113508224487e-01,-1.420998573303222656e-02,-3.200685232877731323e-02,1.003916859626770020e-01,2.424557134509086609e-02,-2.397977560758590698e-01,-3.774809837341308594e-01,1.275254040956497192e-01,1.727992594242095947e-01,-2.387015819549560547e-01,-9.836601093411445618e-04,-9.197656065225601196e-03,3.252779543399810791e-01,1.459579821676015854e-02,8.629664778709411621e-02,1.923852264881134033e-01,-1.226654276251792908e-01,-2.827999293804168701e-01,-3.375066816806793213e-01,1.612687408924102783e-01,-5.971576645970344543e-02,3.741435334086418152e-02,-8.724538236856460571e-02,1.605601161718368530e-01,2.246753574581816792e-04,1.924525797367095947e-01,3.541481792926788330e-01,-1.436176151037216187e-01,2.931945323944091797e-01,-7.709360681474208832e-03,3.257981538772583008e-01,1.730589717626571655e-01,-2.020067721605300903e-02,-4.436023235321044922e-01,9.179025143384933472e-02,-2.575173601508140564e-02,4.000808000564575195e-01,-2.490264773368835449e-01,2.482682317495346069e-01,-9.201475977897644043e-02,-1.088722646236419678e-01,-2.334197610616683960e-01,-1.381941884756088257e-01,1.133968122303485870e-03,-2.724194712936878204e-02,1.654583215713500977e-01,5.534169450402259827e-02,3.820046409964561462e-02,-7.017577445367351174e-05,-1.729202717542648315e-01,-5.697621498256921768e-03,-2.604170143604278564e-01,1.575393527746200562e-01,3.918053805828094482e-01,1.707692979834973812e-03,-1.442933082580566406e-01,1.248351186513900757e-01,-1.522445976734161377e-01,4.206673204898834229e-01,2.296501547098159790e-01,-2.584907710552215576e-01,2.782591991126537323e-02,-3.945161402225494385e-01,-1.017891094088554382e-01,-1.152354434452718124e-05,-1.528007984161376953e-01,4.033784195780754089e-02,-4.580493867397308350e-01,4.648999571800231934e-01,5.552916228771209717e-02,-1.178870722651481628e-01,-1.393669694662094116e-01,1.078415960073471069e-01,3.145017921924591064e-01,2.315881848335266113e-01,-4.912545084953308105e-01,2.031195349991321564e-02,-1.432905793190002441e-01,2.652138769626617432e-01,1.435750275850296021e-01,-4.619218036532402039e-02,4.464884474873542786e-02,-5.414256453514099121e-02,3.582876920700073242e-01,-3.102339506149291992e-01,-9.996400773525238037e-02,-2.254495620727539062e-01,-2.148706912994384766e-01,-8.321008644998073578e-03,3.680557943880558014e-03,4.284925460815429688e-01,-1.208252832293510437e-01,2.819072604179382324e-01,7.518433965742588043e-03,1.599945276975631714e-01
1.588797755539417267e-02,1.173669472336769104e-02,-8.023713529109954834e-02,5.252861604094505310e-02,6.889495253562927246e-02,-2.470462955534458160e-02,-1.126044429838657379e-02,5.919414758682250977e-02,6.622651219367980957e-02,7.193177193403244019e-02,3.355283057317137718e-03,-5.330748483538627625e-02,7.971906661987304688e-02,6.197149306535720825e-02,7.583139836788177490e-02,1.058224290609359741e-01,-9.574798750691115856e-04,7.046331465244293213e-02,-7.673168182373046875e-02,-4.214140027761459351e-02,-2.046650461852550507e-02,4.608638584613800049e-02,5.209325253963470459e-02,-3.149523586034774780e-02,1.488413754850625992e-02,9.541694074869155884e-02,-7.436852157115936279e-02,-6.138445436954498291e-02,9.224914759397506714e-02,-3.760572895407676697e-02,1.874164212495088577e-03,-8.852244168519973755e-02,3.270025923848152161e-02,6.255527585744857788e-02,-3.915012348443269730e-03,-9.986080229282379150e-02,7.954715937376022339e-02,8.801628649234771729e-02,-9.970520436763763428e-02,-5.436329171061515808e-02,8.117087930440902710e-02,-6.111620459705591202e-03,7.379216700792312622e-02,4.737278074026107788e-02,7.523090578615665436e-03,-6.876239180564880371e-02,-7.644584774971008301e-02,-3.261886537075042725e-02,-3.230040892958641052e-02,1.284784870222210884e-03,6.346243317238986492e-04,-3.860057517886161804e-02,5.074318870902061462e-02,6.096650846302509308e-03,-4.587289318442344666e-02,-9.257997572422027588e-02,3.884353861212730408e-02,3.078480251133441925e-03,-7.992201298475265503e-02,-3.762017190456390381e-02,1.100515574216842651e-02,-3.439026698470115662e-02,1.655764528550207615e-03,2.846902795135974884e-02,8.084775879979133606e-03,-3.019490838050842285e-02,4.228804260492324829e-02,1.003740727901458740e-01,-8.339492976665496826e-02,5.123926699161529541e-02,-8.630689233541488647e-02,-3.181726485490798950e-02,-1.445904001593589783e-02,8.237914741039276123e-02,-4.874255508184432983e-02,-9.141866862773895264e-02,-3.650955040939152241e-04,8.837875723838806152e-02,-1.040439307689666748e-02,-7.817351073026657104e-02,7.683981209993362427e-02,4.265243114787153900e-05,-7.862925529479980469e-02,-2.937819517683237791e-04,-9.550956636667251587e-02,-7.571924477815628052e-02,5.580896511673927307e-02,1.148094655945897102e-03,7.740757614374160767e-02,7.322274148464202881e-02,-8.720120415091514587e-03,-4.544030409306287766e-03,-6.454353034496307373e-02,2.833301201462745667e-03,-7.957625389099121094e-02,-1.211557630449533463e-02,6.603116542100906372e-02,4.347370179402787471e-07,-7.815659046173095703e-02,8.832626789808273315e-02,-3.768084198236465454e-02,6.533728539943695068e-02,-8.411518484354019165e-02,-9.233263134956359863e-02,8.713361620903015137e-02,-2.928585745394229889e-02,-5.739834159612655640e-02,-9.030654281377792358e-02,-4.806445911526679993e-02,8.282631170004606247e-04,4.325918480753898621e-02,-5.692435801029205322e-02,-7.928515225648880005e-02,-3.705499321222305298e-02,8.821654319763183594e-02,-7.903504371643066406e-02,6.970282644033432007e-02,5.309258773922920227e-02,-9.309117496013641357e-02,4.258106276392936707e-02,8.293388783931732178e-02,6.652817875146865845e-02,6.170536950230598450e-02,-4.321232065558433533e-02,-3.189072012901306152e-02,-2.837968245148658752e-02,-8.103163912892341614e-03,6.935740262269973755e-02
1.789044290781021118e-01,-8.023713529109954834e-02,7.874112725257873535e-01,-6.981016993522644043e-01,-3.670274615287780762e-01,-2.203430794179439545e-02,1.242959648370742798e-01,-2.308204025030136108e-01,-6.092420220375061035e-01,-6.311314105987548828e-01,-8.850552886724472046e-02,3.434438705444335938e-01,-6.845496296882629395e-01,-6.545705795288085938e-01,-7.197781801223754883e-01,-7.119681835174560547e-01,9.097992442548274994e-03,-6.437282562255859375e-01,7.531564235687255859e-01,3.926751613616943359e-01,1.759991943836212158e-01,-6.259909868240356445e-01,-6.518427729606628418e-01,3.572411835193634033e-01,-1.424351632595062256e-01,-6.199324727058410645e-01,6.405833363533020020e-01,1.975129097700119019e-01,-7.439417839050292969e-01,1.919131129980087280e-01,-6.964676827192306519e-02,7.349826097488403320e-01,-4.945794343948364258e-01,-5.848574638366699219e-01,2.506597340106964111e-02,7.601205110549926758e-01,-6.256616711616516113e-01,-7.567272186279296875e-01,6.042308211326599121e-01,3.796060383319854736e-01,-6.557235717773437500e-01,5.156508088111877441e-02,-7.437971234321594238e-01,-4.312429130077362061e-01,-2.051701024174690247e-02,7.482165694236755371e-01,7.334741353988647461e-01,3.175988197326660156e-01,2.975492179393768311e-01,1.871129870414733887e-02,-1.018629446625709534e-01,1.353032737970352173e-01,-4.710749387741088867e-01,-7.000633329153060913e-02,3.420586884021759033e-01,7.357198596000671387e-01,-4.132572114467620850e-01,-2.998007833957672119e-02,7.492993474006652832e-01,6.048412919044494629e-01,-1.404708474874496460e-01,3.757127523422241211e-01,-2.323037199676036835e-02,-4.160582646727561951e-02,5.144760478287935257e-03,2.841666042804718018e-01,-4.683470726013183594e-01,-7.459982633590698242e-01,7.139136195182800293e-01,-1.817516684532165527e-01,6.203649640083312988e-01,3.085787296295166016e-01,2.099050730466842651e-01,-7.780295610427856445e-01,3.460443913936614990e-01,6.890639662742614746e-01,3.243475686758756638e-03,-7.817353606224060059e-01,2.827583551406860352e-01,7.330800890922546387e-01,-7.096654176712036133e-01,-4.855439183302223682e-04,6.350512504577636719e-01,-3.309053834527730942e-03,6.512463688850402832e-01,7.698014378547668457e-01,-2.398632913827896118e-01,-8.542529307305812836e-03,-7.046529650688171387e-01,-6.310220360755920410e-01,6.607636064291000366e-02,2.770600318908691406e-01,7.127657532691955566e-01,-2.505611181259155273e-01,7.273780703544616699e-01,-1.386290937662124634e-01,-5.815204381942749023e-01,-7.467634077329421416e-06,5.727608203887939453e-01,-6.693756580352783203e-01,1.606769114732742310e-01,-2.459900379180908203e-01,7.808158397674560547e-01,7.136769294738769531e-01,-8.100956678390502930e-01,8.156333118677139282e-02,6.840991973876953125e-01,8.074776530265808105e-01,1.133362352848052979e-01,9.897432290017604828e-03,-5.447255373001098633e-01,7.084767222404479980e-01,7.861911654472351074e-01,9.069083631038665771e-02,-7.607683539390563965e-01,6.805330514907836914e-01,-3.427724540233612061e-01,-6.457603573799133301e-01,7.418462634086608887e-01,-5.844746232032775879e-01,-7.636130452156066895e-01,-6.577304005622863770e-01,-6.271294355392456055e-01,5.797110199928283691e-01,3.828249275684356689e-01,4.920974969863891602e-01,3.763321042060852051e-02,-5.524814128875732422e-01
-2.652640938758850098e-01,5.252861604094505310e-02,-6.981016993522644043e-01,7.636368870735168457e-01,1.579437255859375000e-01,8.897703886032104492e-02,-9.558205306529998779e-02,5.291287321597337723e-03,6.041367650032043457e-01,4.792097508907318115e-01,-4.275250062346458435e-02,-1.753525882959365845e-01,4.883371889591217041e-01,6.195207238197326660e-01,6.442636847496032715e-01,4.937669038772583008e-01,-5.908317863941192627e-03,4.998697042465209961e-01,-7.077604532241821289e-01,-3.899744749069213867e-01,-3.025614917278289795e-01,6.145155429840087891e-01,6.115564107894897461e-01,-2.703335285186767578e-01,1.392661780118942261e-01,3.944686055183410645e-01,-5.151412487030029297e-01,7.421118021011352539e-02,5.455843806266784668e-01,-1.050952635705471039e-02,1.819433085620403290e-02,-6.737601757049560547e-01,6.293090581893920898e-01,5.376719832420349121e-01,-5.659022368490695953e-03,-5.717234015464782715e-01,4.473419189453125000e-01,6.643465757369995117e-01,-3.176438808441162109e-01,-3.307806551456451416e-01,6.056016087532043457e-01,7.401238381862640381e-02,6.311210393905639648e-01,3.067520260810852051e-01,-1.718988418579101562e-01,-6.438717246055603027e-01,-6.891480088233947754e-01,-2.488892376422882080e-01,-9.269600361585617065e-02,7.734445389360189438e-03,9.366786479949951172e-02,1.096856296062469482e-01,5.321479439735412598e-01,2.008801884949207306e-02,-1.135418266057968140e-01,-5.684317946434020996e-01,4.612166583538055420e-01,2.457758784294128418e-02,-6.563034653663635254e-01,-7.371631860733032227e-01,6.037527322769165039e-02,-2.374980002641677856e-01,2.932572551071643829e-02,-3.773251548409461975e-02,3.915731608867645264e-02,-2.488564997911453247e-01,3.537674248218536377e-01,5.519676208496093750e-01,-6.023259758949279785e-01,-5.976242572069168091e-02,-4.582809209823608398e-01,-6.904689967632293701e-02,-3.415980339050292969e-01,7.002786397933959961e-01,-3.731590211391448975e-01,-5.326778292655944824e-01,-1.834960654377937317e-03,6.531792879104614258e-01,-4.446530640125274658e-01,-6.658890247344970703e-01,6.771460175514221191e-01,4.505551187321543694e-04,-5.033437609672546387e-01,1.139451004564762115e-02,-4.922193586826324463e-01,-7.066763043403625488e-01,-2.049230388365685940e-04,4.411175847053527832e-03,5.851138830184936523e-01,5.322757363319396973e-01,-1.332705616950988770e-01,-4.386642575263977051e-01,-7.443161606788635254e-01,3.949414193630218506e-01,-6.807366013526916504e-01,2.659385204315185547e-01,4.113376140594482422e-01,4.152605470153503120e-06,-3.620089292526245117e-01,5.027007460594177246e-01,-2.808300405740737915e-02,-6.853580940514802933e-03,-7.478700280189514160e-01,-5.513228178024291992e-01,7.733832001686096191e-01,1.662120372056961060e-01,-7.884098291397094727e-01,-6.744298338890075684e-01,9.055706858634948730e-02,-2.681072615087032318e-02,6.226887106895446777e-01,-7.531629800796508789e-01,-7.633798718452453613e-01,1.644602715969085693e-01,6.373799443244934082e-01,-6.172043681144714355e-01,7.387915998697280884e-02,5.753120183944702148e-01,-5.956702232360839844e-01,6.558576226234436035e-01,6.223580241203308105e-01,6.913093924522399902e-01,6.270006299018859863e-01,-5.752994418144226074e-01,-4.085366427898406982e-01,-5.944731235504150391e-01,5.681854672729969025e-03,4.149542450904846191e-01
3.961035013198852539e-01,6.889495253562927246e-02,-3.670274615287780762e-01,1.579437255859375000e-01,6.860405206680297852e-01,-3.702908754348754883e-01,1.502408646047115326e-02,7.061834335327148438e-01,2.962151765823364258e-01,3.836405575275421143e-01,-1.929653882980346680e-01,-5.453724265098571777e-01,3.094060122966766357e-01,3.319002985954284668e-01,4.545812308788299561e-01,7.366047501564025879e-01,-1.404780778102576733e-03,3.188518881797790527e-01,-3.408400416374206543e-01,-3.758089542388916016e-01,-1.678870320320129395e-01,7.564732432365417480e-02,1.203527674078941345e-01,-5.971768125891685486e-02,1.100503206253051758e-01,6.722102761268615723e-01,-4.962154924869537354e-01,-6.688895225524902344e-01,6.083705425262451172e-01,-3.421828746795654297e-01,-1.184543892741203308e-01,-5.164367556571960449e-01,-3.718091174960136414e-02,5.065581798553466797e-01,-4.022969678044319153e-02,-5.883789062500000000e-01,5.521329045295715332e-01,5.237607359886169434e-01,-7.572355270385742188e-01,-5.720340013504028320e-01,5.077458024024963379e-01,3.313800320029258728e-02,2.972739934921264648e-01,3.204149901866912842e-01,1.590640693902969360e-01,-2.391201257705688477e-01,-4.537015259265899658e-01,-1.485479474067687988e-01,-1.419558972120285034e-01,-1.672958284616470337e-01,-1.944148689508438110e-01,-5.514498353004455566e-01,3.541871607303619385e-01,1.921493187546730042e-02,-3.109205067157745361e-01,-6.242845058441162109e-01,3.556300997734069824e-01,2.106438018381595612e-02,-3.180416524410247803e-01,2.644284628331661224e-02,1.518850214779376984e-02,-5.648154765367507935e-02,5.444681155495345592e-04,3.214458823204040527e-01,1.076702401041984558e-01,-1.957828551530838013e-01,-4.867071658372879028e-02,6.404027342796325684e-01,-4.971373975276947021e-01,5.991126298904418945e-01,-6.857011914253234863e-01,-1.463025361299514771e-01,-9.766910225152969360e-02,4.183061420917510986e-01,-3.478432297706604004e-01,-6.101668477058410645e-01,-1.640822505578398705e-03,5.377457737922668457e-01,8.823993057012557983e-02,-4.160793125629425049e-01,4.730582833290100098e-01,2.386845008004456758e-04,-6.016899943351745605e-01,-8.562549948692321777e-03,-6.993485689163208008e-01,-3.645013868808746338e-01,6.244984865188598633e-01,9.036806412041187286e-03,3.320240974426269531e-01,5.407041311264038086e-01,-1.274142414331436157e-01,3.346676230430603027e-01,-1.897369027137756348e-01,-1.865826547145843506e-01,-4.268867373466491699e-01,-3.485912084579467773e-01,3.502707183361053467e-01,-3.336485633553820662e-06,-5.899903774261474609e-01,5.203287005424499512e-01,-5.898256301879882812e-01,6.896618604660034180e-01,-4.405368864536285400e-01,-6.282024383544921875e-01,3.816997408866882324e-01,-8.205927163362503052e-02,-6.002416834235191345e-02,-3.753129243850708008e-01,-6.109375357627868652e-01,2.548777312040328979e-02,1.155604794621467590e-01,-1.603368520736694336e-01,-3.674674630165100098e-01,-2.357436269521713257e-01,5.831877589225769043e-01,-4.647521972656250000e-01,6.644519567489624023e-01,1.616058647632598877e-01,-6.218022108078002930e-01,8.196897804737091064e-02,3.583258986473083496e-01,3.396961688995361328e-01,3.438985347747802734e-01,4.449997842311859131e-02,-3.244421184062957764e-01,4.900914430618286133e-02,-3.569905832409858704e-02,5.331634283065795898e-01
-4.205564856529235840e-01,-2.470462955534458160e-02,-2.203430794179439545e-02,8.897703886032104492e-02,-3.702908754348754883e-01,3.673101365566253662e-01,-6.595180928707122803e-02,-4.180371165275573730e-01,-1.204755976796150208e-01,-4.591650888323783875e-02,3.105070292949676514e-01,2.733587920665740967e-01,1.155618280172348022e-01,-7.063396275043487549e-02,-1.106468737125396729e-01,-2.981756925582885742e-01,-3.923471551388502121e-03,3.883486986160278320e-02,5.146010080352425575e-04,2.244333475828170776e-01,2.577033638954162598e-01,1.758683025836944580e-01,1.622576266527175903e-01,-1.448007225990295410e-01,-5.599603429436683655e-02,-2.784412801265716553e-01,1.561861783266067505e-01,3.938357532024383545e-01,-1.244613453745841980e-01,1.270164847373962402e-01,1.777116507291793823e-01,2.073887884616851807e-01,1.124432459473609924e-01,-2.213224619626998901e-01,1.371935196220874786e-02,1.588597595691680908e-01,-1.752104163169860840e-01,-1.539301425218582153e-01,2.841511368751525879e-01,3.836661279201507568e-01,-2.366420477628707886e-01,-1.517326533794403076e-01,8.120207488536834717e-02,-5.211012065410614014e-02,3.051483258605003357e-02,-1.491063982248306274e-01,1.170910447835922241e-01,-2.994420006871223450e-02,-1.432035267353057861e-01,1.139869391918182373e-01,2.309403270483016968e-01,2.635784447193145752e-01,-2.381814718246459961e-01,4.861873388290405273e-02,-1.039778254926204681e-02,1.906078755855560303e-01,-2.265484035015106201e-01,-4.727796651422977448e-03,-4.340549558401107788e-02,-1.624604761600494385e-01,1.108665764331817627e-01,-2.095819711685180664e-01,1.815062831155955791e-03,-2.659761905670166016e-01,-1.548666507005691528e-01,6.345396488904953003e-02,3.131095468997955322e-01,-1.958271563053131104e-01,1.536612212657928467e-01,-3.307556509971618652e-01,3.013998270034790039e-01,-2.008868902921676636e-01,1.485872119665145874e-01,-5.036792531609535217e-02,2.619976997375488281e-01,2.179783284664154053e-01,-5.354551831260323524e-04,-1.095409244298934937e-01,-6.909327208995819092e-02,9.070297330617904663e-02,-1.619974076747894287e-01,-2.448190753057133406e-05,2.477791905403137207e-01,2.404478378593921661e-03,3.278056979179382324e-01,1.087860763072967529e-02,-3.357285261154174805e-01,-2.355189993977546692e-03,6.587533280253410339e-03,-2.106480896472930908e-01,1.424694955348968506e-01,-2.842079401016235352e-01,-5.140331760048866272e-02,1.509448736906051636e-01,1.062810644507408142e-01,2.858685255050659180e-01,3.040497377514839172e-02,8.409208021475933492e-06,2.061692923307418823e-01,-1.339383274316787720e-01,3.942713439464569092e-01,-4.066375494003295898e-01,1.112110987305641174e-01,2.141452431678771973e-01,-3.321675583720207214e-02,-9.843299537897109985e-02,-1.198921576142311096e-01,-5.747574567794799805e-02,4.146777689456939697e-01,-1.207726541906595230e-02,-1.550839934498071671e-02,-9.547650814056396484e-02,2.972675487399101257e-02,2.343349717557430267e-02,-1.640195995569229126e-01,1.660030931234359741e-01,-3.409679532051086426e-01,1.693070232868194580e-01,2.000039368867874146e-01,7.349741458892822266e-02,6.950707733631134033e-02,-1.271951794624328613e-01,-1.296045333147048950e-01,-2.617280185222625732e-01,1.796405911445617676e-01,-1.348829716444015503e-01,-1.194920390844345093e-02,-2.042334228754043579e-01
1.121903210878372192e-01,-1.126044429838657379e-02,1.242959648370742798e-01,-9.558205306529998779e-02,1.502408646047115326e-02,-6.595180928707122803e-02,6.203687563538551331e-02,4.861271753907203674e-02,-7.348617911338806152e-02,-8.764041960239410400e-02,-1.330046504735946655e-01,-5.249233916401863098e-03,-1.758544743061065674e-01,-6.788788735866546631e-02,-6.658698618412017822e-02,-7.165741175413131714e-02,3.121287794783711433e-03,-1.464388668537139893e-01,1.034323498606681824e-01,-4.413487389683723450e-02,-6.951153278350830078e-02,-1.264003813266754150e-01,-1.294110268354415894e-01,9.839678555727005005e-02,5.811259616166353226e-04,-6.292389333248138428e-02,4.595106840133666992e-02,-2.263433299958705902e-02,-9.322942048311233521e-02,9.308464825153350830e-03,-6.116650998592376709e-02,5.358799174427986145e-02,-7.437608391046524048e-02,5.651850253343582153e-03,1.942860544659197330e-03,1.052531301975250244e-01,-6.464892625808715820e-02,-7.553398609161376953e-02,7.104702293872833252e-02,-6.671904772520065308e-02,-4.480330273509025574e-02,8.088651299476623535e-02,-1.467246562242507935e-01,-5.326478555798530579e-02,-4.294405505061149597e-02,1.561199277639389038e-01,6.663406640291213989e-02,7.351683080196380615e-02,1.228845566511154175e-01,-4.526868462562561035e-02,-8.110194653272628784e-02,-3.409552201628684998e-02,2.115295268595218658e-02,-2.621396444737911224e-02,8.396358788013458252e-02,6.852801144123077393e-02,2.666649222373962402e-02,-3.128878539428114891e-03,1.388781219720840454e-01,1.058154553174972534e-01,-6.685543805360794067e-02,1.449525505304336548e-01,-1.741420244798064232e-03,5.239956080913543701e-02,4.226316884160041809e-02,2.228899672627449036e-02,-1.851240545511245728e-01,-8.780315518379211426e-02,7.606187462806701660e-02,3.131038323044776917e-02,2.082408778369426727e-02,1.212409734725952148e-01,-4.407268762588500977e-02,-1.081889793276786804e-01,-1.685416698455810547e-02,6.006452813744544983e-02,9.000178542919456959e-04,-8.954238891601562500e-02,3.135821595788002014e-02,8.527188748121261597e-02,-4.916705936193466187e-02,-4.879357584286481142e-05,2.654565125703811646e-02,-6.956697325222194195e-04,3.569332510232925415e-02,1.082979068160057068e-01,2.717238105833530426e-02,-1.141810091212391853e-03,-1.193037182092666626e-01,-3.166584670543670654e-02,-4.776519536972045898e-02,9.429689496755599976e-02,1.118840351700782776e-01,-3.568143025040626526e-02,8.358246833086013794e-02,-7.763364166021347046e-02,-1.156799793243408203e-01,-4.139478278375463560e-06,5.015616118907928467e-02,-1.040691360831260681e-01,-8.984107524156570435e-02,3.526581451296806335e-02,8.620766550302505493e-02,6.656138598918914795e-02,-1.058109551668167114e-01,1.106846109032630920e-01,1.133323982357978821e-01,1.727170050144195557e-01,-5.206893384456634521e-02,1.601615222170948982e-03,-5.677640810608863831e-02,9.003560990095138550e-02,1.108783185482025146e-01,9.531352669000625610e-02,-7.446721196174621582e-02,5.463980883359909058e-02,-6.821813527494668961e-03,-1.391839683055877686e-01,6.861278414726257324e-02,-8.225533366203308105e-02,-1.530376970767974854e-01,-4.601222276687622070e-02,-3.984545916318893433e-02,1.586748510599136353e-01,-4.022327810525894165e-02,7.134053856134414673e-02,1.805635169148445129e-02,-2.571148239076137543e-02
4.856871068477630615e-01,5.919414758682250977e-02,-2.308204025030136108e-01,5.291287321597337723e-03,7.061834335327148438e-01,-4.180371165275573730e-01,4.861271753907203674e-02,7.794695496559143066e-01,1.696356385946273804e-01,2.974075376987457275e-01,-2.063192427158355713e-01,-5.860175490379333496e-01,1.975404769182205200e-01,2.333758473396301270e-01,3.587870895862579346e-01,6.695975661277770996e-01,6.453055539168417454e-04,2.041754275560379028e-01,-1.952254325151443481e-01,-3.496253192424774170e-01,-1.097761392593383789e-01,-5.232300981879234314e-02,-1.787961460649967194e-02,-2.782354131340980530e-03,9.445489943027496338e-02,6.283789873123168945e-01,-4.387956857681274414e-01,-7.403714656829833984e-01,5.389288663864135742e-01,-3.713940083980560303e-01,-1.456137448549270630e-01,-4.048498570919036865e-01,-2.144796550273895264e-01,4.578747451305389404e-01,-4.559559002518653870e-02,-4.978714585304260254e-01,5.038408637046813965e-01,4.113429188728332520e-01,-7.345213890075683594e-01,-5.659404993057250977e-01,4.009329080581665039e-01,2.074936963617801666e-02,1.649280935525894165e-01,2.879324257373809814e-01,2.428910732269287109e-01,-1.160865500569343567e-01,-3.370360732078552246e-01,-9.188240021467208862e-02,-1.244551390409469604e-01,-2.419756799936294556e-01,-2.574118673801422119e-01,-6.596851944923400879e-01,2.640505731105804443e-01,8.167174644768238068e-03,-3.166888058185577393e-01,-5.500296950340270996e-01,3.112296760082244873e-01,1.828987710177898407e-02,-1.679868549108505249e-01,2.044156044721603394e-01,3.370392136275768280e-03,1.356440037488937378e-02,-6.876798346638679504e-03,3.446907103061676025e-01,9.959463030099868774e-02,-1.617686599493026733e-01,-1.668791174888610840e-01,5.564076900482177734e-01,-4.090301394462585449e-01,6.793507933616638184e-01,-6.431467533111572266e-01,-1.647548526525497437e-01,-4.245960339903831482e-02,2.955303490161895752e-01,-2.660003304481506348e-01,-5.284766554832458496e-01,-1.331363338977098465e-03,4.422416090965270996e-01,2.076359391212463379e-01,-2.966275513172149658e-01,3.612307906150817871e-01,1.745867775753140450e-04,-5.505976676940917969e-01,-1.261674053966999054e-02,-6.276889443397521973e-01,-2.388608455657958984e-01,6.949579715728759766e-01,9.207658469676971436e-03,2.157729715108871460e-01,4.841423332691192627e-01,-1.025731042027473450e-01,5.070540904998779297e-01,-2.276961132884025574e-02,-2.911027967929840088e-01,-2.930637598037719727e-01,-4.529945850372314453e-01,2.640993893146514893e-01,-4.815572538063861430e-06,-5.691431760787963867e-01,4.210739433765411377e-01,-6.743651032447814941e-01,7.568628191947937012e-01,-3.027831614017486572e-01,-5.547139644622802734e-01,2.247696816921234131e-01,-1.094308570027351379e-01,1.401209831237792969e-01,-2.328003346920013428e-01,-6.932511329650878906e-01,3.568888455629348755e-02,-1.060178223997354507e-02,-8.231614716351032257e-03,-2.184211611747741699e-01,-2.543455064296722412e-01,4.878232181072235107e-01,-3.595120906829833984e-01,7.082853317260742188e-01,4.456833004951477051e-02,-5.341644287109375000e-01,-7.341431081295013428e-02,2.265302538871765137e-01,2.045802623033523560e-01,2.302842438220977783e-01,2.093519419431686401e-01,-3.064731061458587646e-01,1.973902434110641479e-01,-2.791134826838970184e-02,5.023258328437805176e-01
-2.072621323168277740e-02,6.622651219367980957e-02,-6.092420220375061035e-01,6.041367650032043457e-01,2.962151765823364258e-01,-1.204755976796150208e-01,-7.348617911338806152e-02,1.696356385946273804e-01,6.552180647850036621e-01,4.798400700092315674e-01,-1.260879486799240112e-01,-2.933162450790405273e-01,4.138362109661102295e-01,5.975684523582458496e-01,6.340413093566894531e-01,6.139485239982604980e-01,-4.070816095918416977e-03,4.031231701374053955e-01,-6.324764490127563477e-01,-4.661419391632080078e-01,-4.199152290821075439e-01,4.631623923778533936e-01,4.551036357879638672e-01,-1.835292130708694458e-01,1.529642194509506226e-01,5.357872247695922852e-01,-5.724714994430541992e-01,-1.337596476078033447e-01,5.451045036315917969e-01,-9.988941997289657593e-02,-5.347222834825515747e-02,-7.560944557189941406e-01,4.796002805233001709e-01,5.742868781089782715e-01,-1.171366125345230103e-02,-6.424978971481323242e-01,4.970722198486328125e-01,6.739735603332519531e-01,-4.292964637279510498e-01,-4.473018050193786621e-01,6.640492081642150879e-01,1.233470812439918518e-01,5.253719091415405273e-01,2.876994609832763672e-01,-1.838449388742446899e-01,-5.315172076225280762e-01,-6.466726064682006836e-01,-1.775802820920944214e-01,4.048763774335384369e-03,-4.757831990718841553e-02,-2.885099500417709351e-02,-1.202958170324563980e-02,5.812155604362487793e-01,-2.087582647800445557e-02,-9.891469776630401611e-02,-6.066702008247375488e-01,4.887767732143402100e-01,2.286358363926410675e-02,-5.747116208076477051e-01,-5.664843916893005371e-01,-5.189159419387578964e-03,-8.288051933050155640e-02,2.606659755110740662e-02,1.313571780920028687e-01,1.107299253344535828e-01,-2.511954307556152344e-01,2.072708755731582642e-01,6.108604669570922852e-01,-6.453068256378173828e-01,1.144237443804740906e-01,-5.385226011276245117e-01,1.180033013224601746e-02,-3.925011456012725830e-01,6.660035848617553711e-01,-4.459274709224700928e-01,-5.837256312370300293e-01,-1.581093762069940567e-03,6.433339118957519531e-01,-3.182130455970764160e-01,-6.605154275894165039e-01,6.741129159927368164e-01,4.054106830153614283e-04,-5.604828000068664551e-01,9.102246724069118500e-03,-5.946398377418518066e-01,-6.492169499397277832e-01,1.631710380315780640e-01,5.206815898418426514e-03,5.834622979164123535e-01,5.683461427688598633e-01,-1.506633907556533813e-01,-2.670195102691650391e-01,-6.498198509216308594e-01,2.926367223262786865e-01,-6.426319479942321777e-01,1.080095097422599792e-01,3.191397190093994141e-01,1.603593091203947552e-06,-4.429309666156768799e-01,5.100385546684265137e-01,-1.824059933423995972e-01,2.157062590122222900e-01,-7.329630851745605469e-01,-6.034376025199890137e-01,7.421088218688964844e-01,8.246468752622604370e-02,-6.785423159599304199e-01,-6.063225269317626953e-01,-1.205881163477897644e-01,-2.063275687396526337e-02,6.188840270042419434e-01,-6.350523829460144043e-01,-6.967873573303222656e-01,1.067851483821868896e-01,6.221874356269836426e-01,-6.561797857284545898e-01,2.493886947631835938e-01,4.004197120666503906e-01,-6.171357035636901855e-01,5.320013761520385742e-01,5.254231691360473633e-01,6.795019507408142090e-01,6.265006065368652344e-01,-3.936586380004882812e-01,-4.399309456348419189e-01,-4.721811115741729736e-01,1.067346241325139999e-02,4.666031599044799805e-01
-4.799707606434822083e-02,7.193177193403244019e-02,-6.311314105987548828e-01,4.792097508907318115e-01,3.836405575275421143e-01,-4.591650888323783875e-02,-8.764041960239410400e-02,2.974075376987457275e-01,4.798400700092315674e-01,5.485649108886718750e-01,1.010269597172737122e-01,-3.331861793994903564e-01,6.065312623977661133e-01,5.030078887939453125e-01,5.932729244232177734e-01,7.092915773391723633e-01,-7.728115655481815338e-03,5.064406394958496094e-01,-6.044967174530029297e-01,-3.306283652782440186e-01,-1.172829791903495789e-01,4.387867152690887451e-01,4.707266986370086670e-01,-2.851245701313018799e-01,1.115039661526679993e-01,6.307979822158813477e-01,-5.791434645652770996e-01,-3.018780648708343506e-01,6.856620311737060547e-01,-2.423187047243118286e-01,6.624854356050491333e-02,-6.597749590873718262e-01,2.944065034389495850e-01,4.947205781936645508e-01,-2.612743899226188660e-02,-7.229773998260498047e-01,5.580247044563293457e-01,6.452505588531494141e-01,-6.429426074028015137e-01,-3.361884355545043945e-01,5.449585318565368652e-01,-6.982958316802978516e-02,5.916587114334106445e-01,3.564801812171936035e-01,6.073896586894989014e-02,-6.122494935989379883e-01,-5.784967541694641113e-01,-2.268203347921371460e-01,-2.502013146877288818e-01,-2.935509197413921356e-02,5.586188286542892456e-02,-2.232801914215087891e-01,3.562182188034057617e-01,5.914658680558204651e-02,-3.310983479022979736e-01,-6.763936281204223633e-01,2.872152924537658691e-01,2.308874018490314484e-02,-6.074917316436767578e-01,-3.795381486415863037e-01,1.074883639812469482e-01,-2.822961211204528809e-01,1.508676540106534958e-02,1.180733591318130493e-01,-3.567869774997234344e-03,-2.232858687639236450e-01,3.824368417263031006e-01,6.998860239982604980e-01,-6.179754137992858887e-01,2.668149769306182861e-01,-5.785523653030395508e-01,-3.188085556030273438e-01,-1.259233057498931885e-01,6.409350633621215820e-01,-2.668417394161224365e-01,-6.236842274665832520e-01,-2.793153049424290657e-03,6.824131011962890625e-01,-1.145290061831474304e-01,-6.006873846054077148e-01,5.791775584220886230e-01,3.580841294024139643e-04,-5.586133003234863281e-01,-1.216136268340051174e-03,-6.113941669464111328e-01,-6.171674132347106934e-01,3.082010746002197266e-01,7.915620692074298859e-03,6.111485958099365234e-01,5.314139127731323242e-01,-2.675710059702396393e-02,-1.244798675179481506e-01,-5.270270705223083496e-01,1.242858394980430603e-01,-5.792183279991149902e-01,2.507253736257553101e-02,4.746176898479461670e-01,6.078410933696432039e-06,-5.371987223625183105e-01,5.830408930778503418e-01,-2.088107317686080933e-01,3.529632091522216797e-01,-6.382938027381896973e-01,-6.504005789756774902e-01,6.877601146697998047e-01,-1.966105699539184570e-01,-5.039742588996887207e-01,-6.928725838661193848e-01,-1.983723044395446777e-01,-1.077813678421080112e-03,3.962268233299255371e-01,-5.305193066596984863e-01,-6.158786416053771973e-01,-1.585849821567535400e-01,6.477484703063964844e-01,-5.732477903366088867e-01,4.037756025791168213e-01,4.661618471145629883e-01,-6.572778820991516113e-01,3.833189010620117188e-01,6.411853432655334473e-01,4.989150166511535645e-01,4.809804856777191162e-01,-4.035896360874176025e-01,-2.921026647090911865e-01,-3.100210428237915039e-01,-4.598386213183403015e-02,4.815141260623931885e-01
-3.709457218647003174e-01,3.355283057317137718e-03,-8.850552886724472046e-02,-4.275250062346458435e-02,-1.929653882980346680e-01,3.105070292949676514e-01,-1.330046504735946655e-01,-2.063192427158355713e-01,-1.260879486799240112e-01,1.010269597172737122e-01,5.767806172370910645e-01,1.202185079455375671e-01,3.692987561225891113e-01,-5.583747476339340210e-02,-7.229053974151611328e-02,-4.516228288412094116e-02,-8.213675580918788910e-03,2.096881419420242310e-01,4.981331992894411087e-03,3.061145544052124023e-01,4.673206806182861328e-01,1.861754357814788818e-01,1.901520639657974243e-01,-2.604818940162658691e-01,-7.206369191408157349e-02,-1.839333213865756989e-02,4.386113956570625305e-02,9.178006649017333984e-02,7.805177569389343262e-02,-5.219328403472900391e-02,2.702735960483551025e-01,1.718196719884872437e-01,-1.013136953115463257e-01,-2.459277957677841187e-01,-7.673896383494138718e-03,-6.681424379348754883e-02,-4.830555990338325500e-03,-9.887292236089706421e-02,-6.145317107439041138e-02,4.223691523075103760e-01,-2.388665229082107544e-01,-3.588334023952484131e-01,2.060535997152328491e-01,6.237666308879852295e-02,3.027195036411285400e-01,-2.867092490196228027e-01,1.359328776597976685e-01,-9.957391768693923950e-02,-4.213148355484008789e-01,8.372797071933746338e-02,2.750243246555328369e-01,1.109634339809417725e-02,-3.999298512935638428e-01,1.125768795609474182e-01,-2.829487323760986328e-01,3.441855683922767639e-02,-3.562450110912322998e-01,-8.578086853958666325e-04,-1.259878724813461304e-01,2.786358632147312164e-02,2.311906516551971436e-01,-4.021027386188507080e-01,-7.912748493254184723e-03,-2.277328222990036011e-01,-2.408386021852493286e-01,4.837334901094436646e-02,5.016731619834899902e-01,4.265838302671909332e-03,4.212643206119537354e-02,-9.501970559358596802e-02,1.814866811037063599e-01,-5.456846952438354492e-01,3.452664017677307129e-01,1.491626817733049393e-02,3.821906745433807373e-01,9.661876410245895386e-02,-2.462377306073904037e-03,6.830581929534673691e-03,1.573311984539031982e-01,4.890932887792587280e-02,-2.006647288799285889e-01,-1.593205161043442786e-05,1.528211981058120728e-01,-6.800581701099872589e-03,2.001745551824569702e-01,-4.014060273766517639e-02,-1.003594771027565002e-01,2.044706139713525772e-03,1.435247212648391724e-01,-1.574191302061080933e-01,2.897205650806427002e-01,-9.625838696956634521e-02,2.102700248360633850e-02,-2.277591638267040253e-02,1.092230826616287231e-01,1.792947202920913696e-01,1.847628504037857056e-01,1.490273552917642519e-05,-7.299702148884534836e-03,2.617161907255649567e-02,3.133831620216369629e-01,-1.359822154045104980e-01,1.191386282444000244e-01,6.744185090065002441e-02,-3.797050938010215759e-02,-4.973892569541931152e-01,5.893188714981079102e-02,-2.248288691043853760e-01,2.141802608966827393e-01,7.216026075184345245e-03,-1.144281178712844849e-01,1.638326793909072876e-02,4.960780218243598938e-02,-3.304609358310699463e-01,-7.635486871004104614e-02,1.535712629556655884e-01,-3.105113841593265533e-02,2.323852032423019409e-01,8.581146597862243652e-02,-4.792777076363563538e-02,2.190059572458267212e-01,-2.358241826295852661e-01,-1.827147901058197021e-01,-2.751300930976867676e-01,2.819214463233947754e-01,8.706711232662200928e-03,-6.082919612526893616e-02,-1.163771152496337891e-01
-2.707704305648803711e-01,-5.330748483538627625e-02,3.434438705444335938e-01,-1.753525882959365845e-01,-5.453724265098571777e-01,2.733587920665740967e-01,-5.249233916401863098e-03,-5.860175490379333496e-01,-2.933162450790405273e-01,-3.331861793994903564e-01,1.202185079455375671e-01,4.733670055866241455e-01,-2.691883742809295654e-01,-3.496352136135101318e-01,-4.552421271800994873e-01,-7.071136832237243652e-01,6.390338530763983727e-04,-2.333808392286300659e-01,3.065256178379058838e-01,3.759054243564605713e-01,1.732519716024398804e-01,-1.163052096962928772e-01,-1.268979758024215698e-01,6.657999008893966675e-02,-1.036207973957061768e-01,-6.163718104362487793e-01,5.125463604927062988e-01,5.516904592514038086e-01,-5.793135166168212891e-01,2.728579342365264893e-01,9.514949470758438110e-02,5.486567616462707520e-01,4.880212619900703430e-02,-5.139275789260864258e-01,3.525152802467346191e-02,5.829362869262695312e-01,-4.847885370254516602e-01,-4.898740649223327637e-01,6.950075030326843262e-01,5.056757926940917969e-01,-4.457106590270996094e-01,-2.336791157722473145e-02,-2.736206054687500000e-01,-2.732287645339965820e-01,-1.479022949934005737e-01,2.803092300891876221e-01,4.164618551731109619e-01,9.041508287191390991e-02,1.004030406475067139e-01,2.207358628511428833e-01,1.770555227994918823e-01,4.754776656627655029e-01,-3.190685808658599854e-01,-3.683530259877443314e-03,2.513088285923004150e-01,5.993033051490783691e-01,-3.363727331161499023e-01,-1.850201003253459930e-02,2.669866383075714111e-01,7.081930059939622879e-03,-1.715568266808986664e-02,1.181629020720720291e-02,-2.003020141273736954e-03,-2.280841469764709473e-01,-6.088840216398239136e-02,1.729589700698852539e-01,4.290930554270744324e-02,-5.955775976181030273e-01,4.897174835205078125e-01,-4.856612682342529297e-01,6.106426715850830078e-01,1.867452412843704224e-01,1.335983425378799438e-01,-4.145635366439819336e-01,2.338309735059738159e-01,5.272845625877380371e-01,1.477594603784382343e-03,-5.403193831443786621e-01,-7.779999077320098877e-02,4.064889252185821533e-01,-4.447722136974334717e-01,-2.432096516713500023e-04,5.574238300323486328e-01,6.626922637224197388e-03,6.068338155746459961e-01,3.792118132114410400e-01,-5.157060027122497559e-01,-7.666513789445161819e-03,-3.330056965351104736e-01,-4.989016652107238770e-01,6.979291141033172607e-02,-2.886548638343811035e-01,1.912006288766860962e-01,9.084380418062210083e-02,3.605613112449645996e-01,2.474301308393478394e-01,-2.393417954444885254e-01,7.757427056276355870e-07,5.304929614067077637e-01,-4.058608412742614746e-01,5.202726125717163086e-01,-6.061570048332214355e-01,4.370655715465545654e-01,5.798830986022949219e-01,-3.840509951114654541e-01,8.623907715082168579e-02,7.527554780244827271e-02,3.545557260513305664e-01,4.823081493377685547e-01,-1.722668111324310303e-02,-1.933463066816329956e-01,2.014789879322052002e-01,3.553215861320495605e-01,1.199382022023200989e-01,-5.395449399948120117e-01,4.329641461372375488e-01,-5.774681568145751953e-01,-1.491894721984863281e-01,5.612368583679199219e-01,-8.955040574073791504e-02,-3.107890188694000244e-01,-3.203766942024230957e-01,-3.371739983558654785e-01,-3.219837695360183716e-02,3.617760539054870605e-01,1.028337981551885605e-02,4.724863450974225998e-03,-4.560606479644775391e-01
