9.999980926513671875e-01,-9.999980330467224121e-01,-9.999850988388061523e-01,9.999980926513671875e-01,9.999988079071044922e-01,-9.999984502792358398e-01,9.999865293502807617e-01,9.999989271163940430e-01,-9.999966025352478027e-01,9.999961256980895996e-01,-9.999957084655761719e-01,-9.999988675117492676e-01,9.999980330467224121e-01,9.999974370002746582e-01,9.999435544013977051e-01,9.999976754188537598e-01,9.999975562095642090e-01,-9.999981522560119629e-01,9.999637603759765625e-01,-9.999989271163940430e-01,-9.999988079071044922e-01,9.999848604202270508e-01,9.999973773956298828e-01,9.999983906745910645e-01,9.999859333038330078e-01,9.999989271163940430e-01,-9.999982714653015137e-01,-9.999987483024597168e-01,9.999728202819824219e-01,-9.999955892562866211e-01,-9.999969005584716797e-01,-9.999985694885253906e-01,9.999958276748657227e-01,9.999977350234985352e-01,-9.999967217445373535e-01,-9.999937415122985840e-01,9.999988079071044922e-01,9.999986290931701660e-01,9.999929666519165039e-01,-9.999987483024597168e-01,9.999982714653015137e-01,-9.999973177909851074e-01,9.999346733093261719e-01,9.999985098838806152e-01,9.999964237213134766e-01,9.999974370002746582e-01,9.999951720237731934e-01,9.999971389770507812e-01,9.999987483024597168e-01,-9.999984502792358398e-01,-9.999986290931701660e-01,-9.999968409538269043e-01,-9.999983310699462891e-01,-9.999895691871643066e-01,-9.999955296516418457e-01,-9.999974966049194336e-01,-9.999977350234985352e-01,9.999793171882629395e-01,9.999974370002746582e-01,9.999976158142089844e-01,-9.999948740005493164e-01,9.999987483024597168e-01,9.999980926513671875e-01,9.999949932098388672e-01,-9.999951124191284180e-01,-9.999986886978149414e-01,-9.999988079071044922e-01,-9.999927878379821777e-01,-9.999980926513671875e-01,9.999988079071044922e-01,-9.999985098838806152e-01,9.999975562095642090e-01,9.999963641166687012e-01,-9.999868869781494141e-01,9.998672604560852051e-01,-9.999977946281433105e-01,9.999852180480957031e-01,9.999982118606567383e-01,-9.999891519546508789e-01,-9.999972581863403320e-01,-7.093014568090438843e-02,9.999974370002746582e-01,-9.999986290931701660e-01,9.999458789825439453e-01,-9.999982118606567383e-01,-9.999821782112121582e-01,9.999932050704956055e-01,9.999986290931701660e-01,-9.999811053276062012e-01,9.999977946281433105e-01,-9.999982714653015137e-01,9.999982714653015137e-01,-9.999701976776123047e-01,-9.999980926513671875e-01,9.999983906745910645e-01,-9.999972581863403320e-01,-9.999579191207885742e-01,9.999988079071044922e-01,-9.999987483024597168e-01,9.999909400939941406e-01,-9.999973773956298828e-01,9.999985694885253906e-01,-9.999862313270568848e-01,-9.999783039093017578e-01,9.999983906745910645e-01,9.999951124191284180e-01,9.999846816062927246e-01,-9.999972581863403320e-01,-9.999942779541015625e-01,9.999983906745910645e-01,-9.999973177909851074e-01,9.999985098838806152e-01,-9.999978542327880859e-01,-9.999910593032836914e-01,9.999989271163940430e-01,-9.999982714653015137e-01,9.999983310699462891e-01,-9.999986886978149414e-01,-9.999887347221374512e-01,-9.999977946281433105e-01,-9.999987483024597168e-01,9.999956488609313965e-01,9.999985098838806152e-01,-9.999973177909851074e-01,9.999756813049316406e-01,-9.999949336051940918e-01,-9.999130964279174805e-01,-9.999977350234985352e-01
-9.999980330467224121e-01,9.999979734420776367e-01,9.999846816062927246e-01,-9.999979734420776367e-01,-9.999987483024597168e-01,9.999983906745910645e-01,-9.999861121177673340e-01,-9.999989271163940430e-01,9.999965429306030273e-01,-9.999960660934448242e-01,9.999956488609313965e-01,9.999988675117492676e-01,-9.999979734420776367e-01,-9.999974370002746582e-01,-9.999420046806335449e-01,-9.999976158142089844e-01,-9.999975562095642090e-01,9.999980926513671875e-01,-9.999628067016601562e-01,9.999989271163940430e-01,9.999988675117492676e-01,-9.999844431877136230e-01,-9.999973177909851074e-01,-9.999982714653015137e-01,-9.999856352806091309e-01,-9.999989867210388184e-01,9.999982118606567383e-01,9.999988079071044922e-01,-9.999721646308898926e-01,9.999954700469970703e-01,9.999968409538269043e-01,9.999985098838806152e-01,-9.999958276748657227e-01,-9.999977350234985352e-01,9.999966621398925781e-01,9.999935626983642578e-01,-9.999988675117492676e-01,-9.999985694885253906e-01,-9.999927282333374023e-01,9.999986886978149414e-01,-9.999982714653015137e-01,9.999971389770507812e-01,-9.999328255653381348e-01,-9.999984502792358398e-01,-9.999963045120239258e-01,-9.999973773956298828e-01,-9.999951124191284180e-01,-9.999970793724060059e-01,-9.999986290931701660e-01,9.999984502792358398e-01,9.999985694885253906e-01,9.999968409538269043e-01,9.999983906745910645e-01,9.999892711639404297e-01,9.999954700469970703e-01,9.999974966049194336e-01,9.999976754188537598e-01,-9.999787807464599609e-01,-9.999973773956298828e-01,-9.999975562095642090e-01,9.999946951866149902e-01,-9.999988079071044922e-01,-9.999981522560119629e-01,-9.999949336051940918e-01,9.999949932098388672e-01,9.999986886978149414e-01,9.999988079071044922e-01,9.999926686286926270e-01,9.999980330467224121e-01,-9.999987483024597168e-01,9.999985098838806152e-01,-9.999974966049194336e-01,-9.999963045120239258e-01,9.999866485595703125e-01,-9.998635649681091309e-01,9.999977350234985352e-01,-9.999849200248718262e-01,-9.999981522560119629e-01,9.999888539314270020e-01,9.999972581863403320e-01,7.092740386724472046e-02,-9.999973773956298828e-01,9.999985694885253906e-01,-9.999443888664245605e-01,9.999982714653015137e-01,9.999816417694091797e-01,-9.999930262565612793e-01,-9.999985694885253906e-01,9.999805688858032227e-01,-9.999977946281433105e-01,9.999982118606567383e-01,-9.999982118606567383e-01,9.999694824218750000e-01,9.999981522560119629e-01,-9.999983906745910645e-01,9.999972581863403320e-01,9.999567866325378418e-01,-9.999988079071044922e-01,9.999987483024597168e-01,-9.999907016754150391e-01,9.999973177909851074e-01,-9.999985098838806152e-01,9.999858736991882324e-01,9.999777078628540039e-01,-9.999983310699462891e-01,-9.999949932098388672e-01,-9.999841451644897461e-01,9.999971985816955566e-01,9.999940991401672363e-01,-9.999983310699462891e-01,9.999972581863403320e-01,-9.999984502792358398e-01,9.999977946281433105e-01,9.999908804893493652e-01,-9.999989867210388184e-01,9.999982118606567383e-01,-9.999983310699462891e-01,9.999985694885253906e-01,9.999884963035583496e-01,9.999977946281433105e-01,9.999987483024597168e-01,-9.999954700469970703e-01,-9.999984502792358398e-01,9.999973177909851074e-01,-9.999750852584838867e-01,9.999947547912597656e-01,9.999106526374816895e-01,9.999976754188537598e-01
-9.999850988388061523e-01,9.999846816062927246e-01,9.998829960823059082e-01,-9.999854564666748047e-01,-9.999906420707702637e-01,9.999879598617553711e-01,-9.998947978019714355e-01,-9.999916553497314453e-01,9.999737143516540527e-01,-9.999702572822570801e-01,9.999668002128601074e-01,9.999907016754150391e-01,-9.999848008155822754e-01,-9.999805688858032227e-01,-9.995577335357666016e-01,-9.999826550483703613e-01,-9.999818205833435059e-01,9.999855160713195801e-01,-9.997162222862243652e-01,9.999920725822448730e-01,9.999910593032836914e-01,-9.998810887336730957e-01,-9.999798536300659180e-01,-9.999876022338867188e-01,-9.998894929885864258e-01,-9.999918937683105469e-01,9.999873042106628418e-01,9.999909996986389160e-01,-9.997875094413757324e-01,9.999656677246093750e-01,9.999762773513793945e-01,9.999889135360717773e-01,-9.999683499336242676e-01,-9.999828338623046875e-01,9.999749660491943359e-01,9.999508857727050781e-01,-9.999914169311523438e-01,-9.999892115592956543e-01,-9.999446272850036621e-01,9.999904036521911621e-01,-9.999871850013732910e-01,9.999787211418151855e-01,-9.994886517524719238e-01,-9.999885559082031250e-01,-9.999723434448242188e-01,-9.999803304672241211e-01,-9.999619126319885254e-01,-9.999786019325256348e-01,-9.999898076057434082e-01,9.999881386756896973e-01,9.999893903732299805e-01,9.999763965606689453e-01,9.999878406524658203e-01,9.999181628227233887e-01,9.999647736549377441e-01,9.999811053276062012e-01,9.999828934669494629e-01,-9.998375773429870605e-01,-9.999803304672241211e-01,-9.999814033508300781e-01,9.999589920043945312e-01,-9.999908804893493652e-01,-9.999861717224121094e-01,-9.999613761901855469e-01,9.999618530273437500e-01,9.999900460243225098e-01,9.999911785125732422e-01,9.999439716339111328e-01,9.999852180480957031e-01,-9.999907612800598145e-01,9.999886751174926758e-01,-9.999807476997375488e-01,-9.999720454216003418e-01,9.998979568481445312e-01,-9.989600777626037598e-01,9.999834895133972168e-01,-9.998849034309387207e-01,-9.999861121177673340e-01,9.999147653579711914e-01,9.999793767929077148e-01,7.026802003383636475e-02,-9.999808669090270996e-01,9.999898672103881836e-01,-9.995758533477783203e-01,9.999869465827941895e-01,9.998603463172912598e-01,-9.999465942382812500e-01,-9.999892711639404297e-01,9.998517036437988281e-01,-9.999834299087524414e-01,9.999866485595703125e-01,-9.999866485595703125e-01,9.997662305831909180e-01,9.999860525131225586e-01,-9.999880790710449219e-01,9.999800324440002441e-01,9.996705651283264160e-01,-9.999909996986389160e-01,9.999899268150329590e-01,-9.999296069145202637e-01,9.999797344207763672e-01,-9.999889731407165527e-01,9.998918771743774414e-01,9.998297095298767090e-01,-9.999874830245971680e-01,-9.999617338180541992e-01,-9.998797178268432617e-01,9.999788403511047363e-01,9.999549984931945801e-01,-9.999874830245971680e-01,9.999793767929077148e-01,-9.999883174896240234e-01,9.999833703041076660e-01,9.999297261238098145e-01,-9.999918937683105469e-01,9.999871850013732910e-01,-9.999872446060180664e-01,9.999897480010986328e-01,9.999121427536010742e-01,9.999832510948181152e-01,9.999904632568359375e-01,-9.999659657478332520e-01,-9.999889731407165527e-01,9.999793767929077148e-01,-9.998098015785217285e-01,9.999594688415527344e-01,9.993196725845336914e-01,9.999825954437255859e-01
9.999980926513671875e-01,-9.999979734420776367e-01,-9.999854564666748047e-01,9.999981522560119629e-01,9.999988079071044922e-01,-9.999984502792358398e-01,9.999868869781494141e-01,9.999989271163940430e-01,-9.999966025352478027e-01,9.999962449073791504e-01,-9.999958276748657227e-01,-9.999988079071044922e-01,9.999980926513671875e-01,9.999974966049194336e-01,9.999446868896484375e-01,9.999977350234985352e-01,9.999976754188537598e-01,-9.999980330467224121e-01,9.999645352363586426e-01,-9.999989271163940430e-01,-9.999988675117492676e-01,9.999851584434509277e-01,9.999974370002746582e-01,9.999983310699462891e-01,9.999862313270568848e-01,9.999989867210388184e-01,-9.999982714653015137e-01,-9.999988079071044922e-01,9.999735355377197266e-01,-9.999956488609313965e-01,-9.999969601631164551e-01,-9.999985694885253906e-01,9.999960064888000488e-01,9.999978542327880859e-01,-9.999968409538269043e-01,-9.999938607215881348e-01,9.999988675117492676e-01,9.999986290931701660e-01,9.999930262565612793e-01,-9.999988675117492676e-01,9.999983906745910645e-01,-9.999973177909851074e-01,9.999361634254455566e-01,9.999985694885253906e-01,9.999964833259582520e-01,9.999974966049194336e-01,9.999952316284179688e-01,9.999971985816955566e-01,9.999988079071044922e-01,-9.999984502792358398e-01,-9.999986290931701660e-01,-9.999970197677612305e-01,-9.999983906745910645e-01,-9.999897480010986328e-01,-9.999955892562866211e-01,-9.999976158142089844e-01,-9.999977946281433105e-01,9.999797344207763672e-01,9.999974370002746582e-01,9.999976754188537598e-01,-9.999948740005493164e-01,9.999988675117492676e-01,9.999982714653015137e-01,9.999951124191284180e-01,-9.999952912330627441e-01,-9.999987483024597168e-01,-9.999988675117492676e-01,-9.999930262565612793e-01,-9.999980926513671875e-01,9.999988079071044922e-01,-9.999985694885253906e-01,9.999975562095642090e-01,9.999963641166687012e-01,-9.999871850013732910e-01,9.998701810836791992e-01,-9.999978542327880859e-01,9.999855756759643555e-01,9.999982118606567383e-01,-9.999893307685852051e-01,-9.999973773956298828e-01,-7.093226164579391479e-02,9.999974966049194336e-01,-9.999986290931701660e-01,9.999470710754394531e-01,-9.999982714653015137e-01,-9.999825358390808105e-01,9.999933242797851562e-01,9.999985694885253906e-01,-9.999815225601196289e-01,9.999979138374328613e-01,-9.999983310699462891e-01,9.999983310699462891e-01,-9.999708533287048340e-01,-9.999981522560119629e-01,9.999985098838806152e-01,-9.999973773956298828e-01,-9.999588131904602051e-01,9.999988675117492676e-01,-9.999988079071044922e-01,9.999911785125732422e-01,-9.999974370002746582e-01,9.999986290931701660e-01,-9.999865293502807617e-01,-9.999788403511047363e-01,9.999983906745910645e-01,9.999952316284179688e-01,9.999850392341613770e-01,-9.999973177909851074e-01,-9.999943971633911133e-01,9.999983906745910645e-01,-9.999973773956298828e-01,9.999985098838806152e-01,-9.999979138374328613e-01,-9.999912381172180176e-01,9.999989867210388184e-01,-9.999982714653015137e-01,9.999983906745910645e-01,-9.999986290931701660e-01,-9.999889731407165527e-01,-9.999978542327880859e-01,-9.999988079071044922e-01,9.999957084655761719e-01,9.999986290931701660e-01,-9.999973773956298828e-01,9.999762773513793945e-01,-9.999949932098388672e-01,-9.999149441719055176e-01,-9.999977946281433105e-01
9.999988079071044922e-01,-9.999987483024597168e-01,-9.999906420707702637e-01,9.999988079071044922e-01,9.999992847442626953e-01,-9.999991059303283691e-01,9.999915957450866699e-01,9.999993443489074707e-01,-9.999978542327880859e-01,9.999976754188537598e-01,-9.999973177909851074e-01,-9.999994039535522461e-01,9.999987483024597168e-01,9.999984502792358398e-01,9.999644756317138672e-01,9.999985694885253906e-01,9.999985098838806152e-01,-9.999988079071044922e-01,9.999772310256958008e-01,-9.999994039535522461e-01,-9.999992847442626953e-01,9.999904632568359375e-01,9.999983906745910645e-01,9.999990463256835938e-01,9.999911785125732422e-01,9.999994039535522461e-01,-9.999989867210388184e-01,-9.999992847442626953e-01,9.999829530715942383e-01,-9.999971389770507812e-01,-9.999981522560119629e-01,-9.999992847442626953e-01,9.999974370002746582e-01,9.999986290931701660e-01,-9.999980330467224121e-01,-9.999960064888000488e-01,9.999993443489074707e-01,9.999990463256835938e-01,9.999956488609313965e-01,-9.999993443489074707e-01,9.999990463256835938e-01,-9.999982714653015137e-01,9.999589920043945312e-01,9.999991059303283691e-01,9.999977946281433105e-01,9.999983906745910645e-01,9.999970197677612305e-01,9.999982714653015137e-01,9.999993443489074707e-01,-9.999991059303283691e-01,-9.999991655349731445e-01,-9.999980926513671875e-01,-9.999990463256835938e-01,-9.999935626983642578e-01,-9.999971985816955566e-01,-9.999984502792358398e-01,-9.999986290931701660e-01,9.999870061874389648e-01,9.999983906745910645e-01,9.999985098838806152e-01,-9.999967813491821289e-01,9.999992251396179199e-01,9.999989271163940430e-01,9.999968409538269043e-01,-9.999969005584716797e-01,-9.999992251396179199e-01,-9.999993443489074707e-01,-9.999955296516418457e-01,-9.999988079071044922e-01,9.999994039535522461e-01,-9.999992251396179199e-01,9.999984502792358398e-01,9.999977350234985352e-01,-9.999917745590209961e-01,9.999166727066040039e-01,-9.999986290931701660e-01,9.999908208847045898e-01,9.999988675117492676e-01,-9.999932050704956055e-01,-9.999983906745910645e-01,-7.096647471189498901e-02,9.999983310699462891e-01,-9.999991059303283691e-01,9.999659657478332520e-01,-9.999988675117492676e-01,-9.999888539314270020e-01,9.999957680702209473e-01,9.999991655349731445e-01,-9.999880194664001465e-01,9.999986290931701660e-01,-9.999989271163940430e-01,9.999988675117492676e-01,-9.999813437461853027e-01,-9.999988675117492676e-01,9.999991059303283691e-01,-9.999982714653015137e-01,-9.999736547470092773e-01,9.999992847442626953e-01,-9.999993443489074707e-01,9.999943971633911133e-01,-9.999983310699462891e-01,9.999991655349731445e-01,-9.999914169311523438e-01,-9.999864697456359863e-01,9.999989867210388184e-01,9.999969601631164551e-01,9.999902844429016113e-01,-9.999982714653015137e-01,-9.999963641166687012e-01,9.999989867210388184e-01,-9.999983310699462891e-01,9.999992251396179199e-01,-9.999986290931701660e-01,-9.999944567680358887e-01,9.999994635581970215e-01,-9.999989867210388184e-01,9.999989867210388184e-01,-9.999992251396179199e-01,-9.999929666519165039e-01,-9.999987483024597168e-01,-9.999992847442626953e-01,9.999971389770507812e-01,9.999991655349731445e-01,-9.999983310699462891e-01,9.999848008155822754e-01,-9.999967813491821289e-01,-9.999454617500305176e-01,-9.999986886978149414e-01
-9.999984502792358398e-01,9.999983906745910645e-01,9.999879598617553711e-01,-9.999984502792358398e-01,-9.999991059303283691e-01,9.999987483024597168e-01,-9.999890923500061035e-01,-9.999991655349731445e-01,9.999971985816955566e-01,-9.999969005584716797e-01,9.999965429306030273e-01,9.999992251396179199e-01,-9.999983906745910645e-01,-9.999979734420776367e-01,-9.999542832374572754e-01,-9.999980926513671875e-01,-9.999980926513671875e-01,9.999985098838806152e-01,-9.999707937240600586e-01,9.999992251396179199e-01,9.999991059303283691e-01,-9.999877214431762695e-01,-9.999979138374328613e-01,-9.999986886978149414e-01,-9.999886751174926758e-01,-9.999992251396179199e-01,9.999986886978149414e-01,9.999991059303283691e-01,-9.999780654907226562e-01,9.999963045120239258e-01,9.999975562095642090e-01,9.999988675117492676e-01,-9.999966621398925781e-01,-9.999982118606567383e-01,9.999974370002746582e-01,9.999949336051940918e-01,-9.999991655349731445e-01,-9.999988079071044922e-01,-9.999942183494567871e-01,9.999990463256835938e-01,-9.999987483024597168e-01,9.999978542327880859e-01,-9.999472498893737793e-01,-9.999988675117492676e-01,-9.999971985816955566e-01,-9.999979734420776367e-01,-9.999960064888000488e-01,-9.999976754188537598e-01,-9.999989867210388184e-01,9.999987483024597168e-01,9.999988675117492676e-01,9.999975562095642090e-01,9.999986290931701660e-01,9.999915957450866699e-01,9.999964237213134766e-01,9.999980330467224121e-01,9.999982118606567383e-01,-9.999833106994628906e-01,-9.999979138374328613e-01,-9.999979734420776367e-01,9.999957680702209473e-01,-9.999991059303283691e-01,-9.999985694885253906e-01,-9.999959468841552734e-01,9.999960064888000488e-01,9.999989867210388184e-01,9.999991059303283691e-01,9.999942183494567871e-01,9.999984502792358398e-01,-9.999991059303283691e-01,9.999988675117492676e-01,-9.999980926513671875e-01,-9.999970793724060059e-01,9.999893903732299805e-01,-9.998926520347595215e-01,9.999982714653015137e-01,-9.999881386756896973e-01,-9.999985694885253906e-01,9.999912381172180176e-01,9.999978542327880859e-01,7.094884663820266724e-02,-9.999980330467224121e-01,9.999988675117492676e-01,-9.999562501907348633e-01,9.999986290931701660e-01,9.999856352806091309e-01,-9.999945163726806641e-01,-9.999988675117492676e-01,9.999847412109375000e-01,-9.999982714653015137e-01,9.999986290931701660e-01,-9.999986290931701660e-01,9.999759197235107422e-01,9.999985098838806152e-01,-9.999987483024597168e-01,9.999979138374328613e-01,9.999660253524780273e-01,-9.999991059303283691e-01,9.999989867210388184e-01,-9.999927878379821777e-01,9.999979138374328613e-01,-9.999988675117492676e-01,9.999888539314270020e-01,9.999824762344360352e-01,-9.999986886978149414e-01,-9.999960064888000488e-01,-9.999876022338867188e-01,9.999977946281433105e-01,9.999953508377075195e-01,-9.999987483024597168e-01,9.999978542327880859e-01,-9.999988675117492676e-01,9.999982714653015137e-01,9.999928474426269531e-01,-9.999992251396179199e-01,9.999985694885253906e-01,-9.999986886978149414e-01,9.999989271163940430e-01,9.999909400939941406e-01,9.999982714653015137e-01,9.999990463256835938e-01,-9.999964237213134766e-01,-9.999988675117492676e-01,9.999979138374328613e-01,-9.999803900718688965e-01,9.999958872795104980e-01,9.999297857284545898e-01,9.999981522560119629e-01
9.999865293502807617e-01,-9.999861121177673340e-01,-9.998947978019714355e-01,9.999868869781494141e-01,9.999915957450866699e-01,-9.999890923500061035e-01,9.999053478240966797e-01,9.999924898147583008e-01,-9.999763965606689453e-01,9.999732375144958496e-01,-9.999700784683227539e-01,-9.999917149543762207e-01,9.999862313270568848e-01,9.999825358390808105e-01,9.996021389961242676e-01,9.999843835830688477e-01,9.999836087226867676e-01,-9.999869465827941895e-01,9.997447729110717773e-01,-9.999929070472717285e-01,-9.999918937683105469e-01,9.998929500579833984e-01,9.999818205833435059e-01,9.999888539314270020e-01,9.999004006385803223e-01,9.999927282333374023e-01,-9.999885559082031250e-01,-9.999918937683105469e-01,9.998088479042053223e-01,-9.999691247940063477e-01,-9.999785423278808594e-01,-9.999900460243225098e-01,9.999713897705078125e-01,9.999845623970031738e-01,-9.999774098396301270e-01,-9.999558329582214355e-01,9.999923110008239746e-01,9.999902248382568359e-01,9.999501705169677734e-01,-9.999912977218627930e-01,9.999884366989135742e-01,-9.999808073043823242e-01,9.995400309562683105e-01,9.999896287918090820e-01,9.999751448631286621e-01,9.999822974205017090e-01,9.999657273292541504e-01,9.999806880950927734e-01,9.999908804893493652e-01,-9.999893307685852051e-01,-9.999904632568359375e-01,-9.999787807464599609e-01,-9.999889731407165527e-01,-9.999263882637023926e-01,-9.999682903289794922e-01,-9.999830126762390137e-01,-9.999845623970031738e-01,9.998539090156555176e-01,9.999822974205017090e-01,9.999833106994628906e-01,-9.999631643295288086e-01,9.999918341636657715e-01,9.999875426292419434e-01,9.999652504920959473e-01,-9.999656081199645996e-01,-9.999910593032836914e-01,-9.999919533729553223e-01,-9.999495744705200195e-01,-9.999865889549255371e-01,9.999916553497314453e-01,-9.999898076057434082e-01,9.999827146530151367e-01,9.999748468399047852e-01,-9.999082088470458984e-01,9.990644454956054688e-01,-9.999851584434509277e-01,9.998964667320251465e-01,9.999874830245971680e-01,-9.999232888221740723e-01,-9.999813437461853027e-01,-7.034362852573394775e-02,9.999827742576599121e-01,-9.999908804893493652e-01,9.996184706687927246e-01,-9.999881982803344727e-01,-9.998743534088134766e-01,9.999519586563110352e-01,9.999902844429016113e-01,-9.998665452003479004e-01,9.999849796295166016e-01,-9.999879598617553711e-01,9.999880194664001465e-01,-9.997897148132324219e-01,-9.999874234199523926e-01,9.999892711639404297e-01,-9.999819993972778320e-01,-9.997036457061767578e-01,9.999918341636657715e-01,-9.999909400939941406e-01,9.999365806579589844e-01,-9.999817609786987305e-01,9.999900460243225098e-01,-9.999027252197265625e-01,-9.998468160629272461e-01,9.999886751174926758e-01,9.999655485153198242e-01,9.998918175697326660e-01,-9.999809861183166504e-01,-9.999595284461975098e-01,9.999887347221374512e-01,-9.999814033508300781e-01,9.999895095825195312e-01,-9.999850392341613770e-01,-9.999366998672485352e-01,9.999927282333374023e-01,-9.999883770942687988e-01,9.999886155128479004e-01,-9.999907016754150391e-01,-9.999209642410278320e-01,-9.999849796295166016e-01,-9.999914169311523438e-01,9.999693036079406738e-01,9.999899864196777344e-01,-9.999814629554748535e-01,9.998289346694946289e-01,-9.999634623527526855e-01,-9.993878602981567383e-01,-9.999843239784240723e-01
9.999989271163940430e-01,-9.999989271163940430e-01,-9.999916553497314453e-01,9.999989271163940430e-01,9.999993443489074707e-01,-9.999991655349731445e-01,9.999924898147583008e-01,9.999995231628417969e-01,-9.999980926513671875e-01,9.999979138374328613e-01,-9.999976158142089844e-01,-9.999994635581970215e-01,9.999989867210388184e-01,9.999985694885253906e-01,9.999684095382690430e-01,9.999986886978149414e-01,9.999987483024597168e-01,-9.999989271163940430e-01,9.999797940254211426e-01,-9.999994635581970215e-01,-9.999994635581970215e-01,9.999915361404418945e-01,9.999985098838806152e-01,9.999991655349731445e-01,9.999921917915344238e-01,9.999995231628417969e-01,-9.999991059303283691e-01,-9.999994039535522461e-01,9.999848008155822754e-01,-9.999974966049194336e-01,-9.999982714653015137e-01,-9.999992251396179199e-01,9.999976754188537598e-01,9.999987483024597168e-01,-9.999981522560119629e-01,-9.999964237213134766e-01,9.999994039535522461e-01,9.999992847442626953e-01,9.999960064888000488e-01,-9.999994039535522461e-01,9.999992251396179199e-01,-9.999985694885253906e-01,9.999634027481079102e-01,9.999992847442626953e-01,9.999979734420776367e-01,9.999986290931701660e-01,9.999972581863403320e-01,9.999983906745910645e-01,9.999994039535522461e-01,-9.999991655349731445e-01,-9.999992847442626953e-01,-9.999982714653015137e-01,-9.999991655349731445e-01,-9.999942183494567871e-01,-9.999974966049194336e-01,-9.999986290931701660e-01,-9.999987483024597168e-01,9.999884963035583496e-01,9.999985694885253906e-01,9.999986290931701660e-01,-9.999971389770507812e-01,9.999992847442626953e-01,9.999990463256835938e-01,9.999971985816955566e-01,-9.999973177909851074e-01,-9.999994039535522461e-01,-9.999994635581970215e-01,-9.999960660934448242e-01,-9.999989867210388184e-01,9.999993443489074707e-01,-9.999992251396179199e-01,9.999986886978149414e-01,9.999980330467224121e-01,-9.999927282333374023e-01,9.999256134033203125e-01,-9.999988079071044922e-01,9.999918341636657715e-01,9.999990463256835938e-01,-9.999939799308776855e-01,-9.999985694885253906e-01,-7.097306102514266968e-02,9.999985098838806152e-01,-9.999992847442626953e-01,9.999697208404541016e-01,-9.999991059303283691e-01,-9.999900460243225098e-01,9.999962449073791504e-01,9.999992847442626953e-01,-9.999895095825195312e-01,9.999988079071044922e-01,-9.999991059303283691e-01,9.999991059303283691e-01,-9.999833703041076660e-01,-9.999989867210388184e-01,9.999992847442626953e-01,-9.999985694885253906e-01,-9.999764561653137207e-01,9.999994635581970215e-01,-9.999994039535522461e-01,9.999948740005493164e-01,-9.999985098838806152e-01,9.999992251396179199e-01,-9.999923706054687500e-01,-9.999879002571105957e-01,9.999991655349731445e-01,9.999973177909851074e-01,9.999914169311523438e-01,-9.999984502792358398e-01,-9.999967217445373535e-01,9.999991655349731445e-01,-9.999985694885253906e-01,9.999992251396179199e-01,-9.999988079071044922e-01,-9.999950528144836426e-01,9.999995231628417969e-01,-9.999991059303283691e-01,9.999991059303283691e-01,-9.999992847442626953e-01,-9.999937415122985840e-01,-9.999988675117492676e-01,-9.999994039535522461e-01,9.999975562095642090e-01,9.999992251396179199e-01,-9.999985694885253906e-01,9.999864101409912109e-01,-9.999971389770507812e-01,-9.999513030052185059e-01,-9.999988079071044922e-01
-9.999966025352478027e-01,9.999965429306030273e-01,9.999737143516540527e-01,-9.999966025352478027e-01,-9.999978542327880859e-01,9.999971985816955566e-01,-9.999763965606689453e-01,-9.999980926513671875e-01,9.999940395355224609e-01,-9.999934434890747070e-01,9.999925494194030762e-01,9.999979138374328613e-01,-9.999965429306030273e-01,-9.999956488609313965e-01,-9.999006986618041992e-01,-9.999960660934448242e-01,-9.999959468841552734e-01,9.999967217445373535e-01,-9.999364018440246582e-01,9.999980926513671875e-01,9.999979138374328613e-01,-9.999733567237854004e-01,-9.999954700469970703e-01,-9.999970793724060059e-01,-9.999752640724182129e-01,-9.999981522560119629e-01,9.999970793724060059e-01,9.999979734420776367e-01,-9.999522566795349121e-01,9.999921917915344238e-01,9.999946355819702148e-01,9.999974966049194336e-01,-9.999929070472717285e-01,-9.999961256980895996e-01,9.999942779541015625e-01,9.999890327453613281e-01,-9.999979734420776367e-01,-9.999974966049194336e-01,-9.999876022338867188e-01,9.999977946281433105e-01,-9.999970793724060059e-01,9.999952316284179688e-01,-9.998853206634521484e-01,-9.999973177909851074e-01,-9.999938011169433594e-01,-9.999955892562866211e-01,-9.999914765357971191e-01,-9.999951720237731934e-01,-9.999976754188537598e-01,9.999972581863403320e-01,9.999976158142089844e-01,9.999946355819702148e-01,9.999971389770507812e-01,9.999817013740539551e-01,9.999920725822448730e-01,9.999957680702209473e-01,9.999960064888000488e-01,-9.999635815620422363e-01,-9.999955892562866211e-01,-9.999957680702209473e-01,9.999908804893493652e-01,-9.999978542327880859e-01,-9.999968409538269043e-01,-9.999912977218627930e-01,9.999914765357971191e-01,9.999977350234985352e-01,9.999979734420776367e-01,9.999874830245971680e-01,9.999966025352478027e-01,-9.999978542327880859e-01,9.999974370002746582e-01,-9.999956488609313965e-01,-9.999937415122985840e-01,9.999771118164062500e-01,-9.997667670249938965e-01,9.999961256980895996e-01,-9.999742507934570312e-01,-9.999968409538269043e-01,9.999809265136718750e-01,9.999953508377075195e-01,7.085622102022171021e-02,-9.999956488609313965e-01,9.999976158142089844e-01,-9.999048709869384766e-01,9.999970197677612305e-01,9.999687671661376953e-01,-9.999880790710449219e-01,-9.999974966049194336e-01,9.999666810035705566e-01,-9.999962449073791504e-01,9.999969601631164551e-01,-9.999969601631164551e-01,9.999475479125976562e-01,9.999968409538269043e-01,-9.999973177909851074e-01,9.999954700469970703e-01,9.999260902404785156e-01,-9.999978542327880859e-01,9.999977350234985352e-01,-9.999842643737792969e-01,9.999954700469970703e-01,-9.999974966049194336e-01,9.999758005142211914e-01,9.999617338180541992e-01,-9.999970793724060059e-01,-9.999914169311523438e-01,-9.999731183052062988e-01,9.999951720237731934e-01,9.999899268150329590e-01,-9.999971389770507812e-01,9.999953508377075195e-01,-9.999973177909851074e-01,9.999961853027343750e-01,9.999842643737792969e-01,-9.999981522560119629e-01,9.999970197677612305e-01,-9.999970793724060059e-01,9.999976158142089844e-01,9.999803304672241211e-01,9.999961853027343750e-01,9.999977946281433105e-01,-9.999923706054687500e-01,-9.999974966049194336e-01,9.999953508377075195e-01,-9.999573230743408203e-01,9.999909996986389160e-01,9.998474121093750000e-01,9.999960064888000488e-01
9.999961256980895996e-01,-9.999960660934448242e-01,-9.999702572822570801e-01,9.999962449073791504e-01,9.999976754188537598e-01,-9.999969005584716797e-01,9.999732375144958496e-01,9.999979138374328613e-01,-9.999934434890747070e-01,9.999924302101135254e-01,-9.999915361404418945e-01,-9.999976754188537598e-01,9.999961853027343750e-01,9.999950528144836426e-01,9.998873472213745117e-01,9.999955892562866211e-01,9.999953508377075195e-01,-9.999963641166687012e-01,9.999277591705322266e-01,-9.999979734420776367e-01,-9.999977350234985352e-01,9.999697804450988770e-01,9.999949336051940918e-01,9.999967813491821289e-01,9.999719858169555664e-01,9.999980330467224121e-01,-9.999967813491821289e-01,-9.999977350234985352e-01,9.999458789825439453e-01,-9.999912977218627930e-01,-9.999940395355224609e-01,-9.999971389770507812e-01,9.999919533729553223e-01,9.999957084655761719e-01,-9.999936819076538086e-01,-9.999876022338867188e-01,9.999977946281433105e-01,9.999971985816955566e-01,9.999859333038330078e-01,-9.999975562095642090e-01,9.999967813491821289e-01,-9.999946355819702148e-01,9.998697638511657715e-01,9.999970197677612305e-01,9.999930858612060547e-01,9.999950528144836426e-01,9.999904036521911621e-01,9.999945759773254395e-01,9.999974370002746582e-01,-9.999969601631164551e-01,-9.999972581863403320e-01,-9.999939799308776855e-01,-9.999968409538269043e-01,-9.999792575836181641e-01,-9.999911189079284668e-01,-9.999951720237731934e-01,-9.999956488609313965e-01,9.999586939811706543e-01,9.999950528144836426e-01,9.999952912330627441e-01,-9.999896883964538574e-01,9.999977350234985352e-01,9.999964237213134766e-01,9.999902844429016113e-01,-9.999904036521911621e-01,-9.999974966049194336e-01,-9.999977946281433105e-01,-9.999857544898986816e-01,-9.999962449073791504e-01,9.999976754188537598e-01,-9.999970793724060059e-01,9.999952316284179688e-01,9.999929666519165039e-01,-9.999740719795227051e-01,9.997350573539733887e-01,-9.999957680702209473e-01,9.999707341194152832e-01,9.999965429306030273e-01,-9.999784231185913086e-01,-9.999947547912597656e-01,-7.083293050527572632e-02,9.999951720237731934e-01,-9.999973773956298828e-01,9.998920559883117676e-01,-9.999966621398925781e-01,-9.999644160270690918e-01,9.999864101409912109e-01,9.999972581863403320e-01,-9.999622702598571777e-01,9.999958276748657227e-01,-9.999965429306030273e-01,9.999965429306030273e-01,-9.999405741691589355e-01,-9.999964833259582520e-01,9.999970197677612305e-01,-9.999949932098388672e-01,-9.999161362648010254e-01,9.999977350234985352e-01,-9.999974370002746582e-01,9.999820590019226074e-01,-9.999948143959045410e-01,9.999971985816955566e-01,-9.999726414680480957e-01,-9.999566078186035156e-01,9.999967813491821289e-01,9.999903440475463867e-01,9.999694228172302246e-01,-9.999946355819702148e-01,-9.999885559082031250e-01,9.999967813491821289e-01,-9.999948143959045410e-01,9.999970793724060059e-01,-9.999958276748657227e-01,-9.999821782112121582e-01,9.999979734420776367e-01,-9.999966621398925781e-01,9.999967217445373535e-01,-9.999973773956298828e-01,-9.999777674674987793e-01,-9.999958276748657227e-01,-9.999976158142089844e-01,9.999914169311523438e-01,9.999971389770507812e-01,-9.999948143959045410e-01,9.999516606330871582e-01,-9.999898076057434082e-01,-9.998267292976379395e-01,-9.999956488609313965e-01
-9.999957084655761719e-01,9.999956488609313965e-01,9.999668002128601074e-01,-9.999958276748657227e-01,-9.999973177909851074e-01,9.999965429306030273e-01,-9.999700784683227539e-01,-9.999976158142089844e-01,9.999925494194030762e-01,-9.999915361404418945e-01,9.999905228614807129e-01,9.999973177909851074e-01,-9.999957084655761719e-01,-9.999943971633911133e-01,-9.998742341995239258e-01,-9.999949336051940918e-01,-9.999947547912597656e-01,9.999958872795104980e-01,-9.999194145202636719e-01,9.999977350234985352e-01,9.999973177909851074e-01,-9.999662041664123535e-01,-9.999942779541015625e-01,-9.999963045120239258e-01,-9.999685287475585938e-01,-9.999977350234985352e-01,9.999962449073791504e-01,9.999973177909851074e-01,-9.999395608901977539e-01,9.999902248382568359e-01,9.999932050704956055e-01,9.999967813491821289e-01,-9.999909400939941406e-01,-9.999950528144836426e-01,9.999928474426269531e-01,9.999861121177673340e-01,-9.999975562095642090e-01,-9.999969005584716797e-01,-9.999843239784240723e-01,9.999971985816955566e-01,-9.999963045120239258e-01,9.999939203262329102e-01,-9.998547434806823730e-01,-9.999966621398925781e-01,-9.999921321868896484e-01,-9.999943971633911133e-01,-9.999892115592956543e-01,-9.999938607215881348e-01,-9.999971389770507812e-01,9.999966025352478027e-01,9.999969601631164551e-01,9.999933242797851562e-01,9.999964833259582520e-01,9.999768137931823730e-01,9.999899864196777344e-01,9.999945759773254395e-01,9.999951124191284180e-01,-9.999538660049438477e-01,-9.999943375587463379e-01,-9.999946951866149902e-01,9.999883770942687988e-01,-9.999973773956298828e-01,-9.999960064888000488e-01,-9.999889731407165527e-01,9.999892711639404297e-01,9.999971389770507812e-01,9.999974370002746582e-01,9.999840259552001953e-01,9.999957084655761719e-01,-9.999973177909851074e-01,9.999967217445373535e-01,-9.999945163726806641e-01,-9.999920725822448730e-01,9.999710917472839355e-01,-9.997044205665588379e-01,9.999952316284179688e-01,-9.999672174453735352e-01,-9.999958872795104980e-01,9.999758601188659668e-01,9.999940991401672363e-01,7.081051170825958252e-02,-9.999945163726806641e-01,9.999970197677612305e-01,-9.998794794082641602e-01,9.999961256980895996e-01,9.999602437019348145e-01,-9.999848604202270508e-01,-9.999968409538269043e-01,9.999578595161437988e-01,-9.999952316284179688e-01,9.999961256980895996e-01,-9.999961853027343750e-01,9.999335408210754395e-01,9.999959468841552734e-01,-9.999965429306030273e-01,9.999942779541015625e-01,9.999064207077026367e-01,-9.999973773956298828e-01,9.999970793724060059e-01,-9.999799728393554688e-01,9.999942779541015625e-01,-9.999968409538269043e-01,9.999693632125854492e-01,9.999516010284423828e-01,-9.999963641166687012e-01,-9.999891519546508789e-01,-9.999657869338989258e-01,9.999939799308776855e-01,9.999872446060180664e-01,-9.999963641166687012e-01,9.999940395355224609e-01,-9.999966621398925781e-01,9.999952316284179688e-01,9.999800324440002441e-01,-9.999976158142089844e-01,9.999961853027343750e-01,-9.999963045120239258e-01,9.999969601631164551e-01,9.999750256538391113e-01,9.999951720237731934e-01,9.999972581863403320e-01,-9.999902844429016113e-01,-9.999967217445373535e-01,9.999940991401672363e-01,-9.999458789825439453e-01,9.999884963035583496e-01,9.998067021369934082e-01,9.999949932098388672e-01
-9.999988675117492676e-01,9.999988675117492676e-01,9.999907016754150391e-01,-9.999988079071044922e-01,-9.999994039535522461e-01,9.999992251396179199e-01,-9.999917149543762207e-01,-9.999994635581970215e-01,9.999979138374328613e-01,-9.999976754188537598e-01,9.999973177909851074e-01,9.999994039535522461e-01,-9.999988675117492676e-01,-9.999985098838806152e-01,-9.999648332595825195e-01,-9.999986290931701660e-01,-9.999985098838806152e-01,9.999989271163940430e-01,-9.999775886535644531e-01,9.999994039535522461e-01,9.999994039535522461e-01,-9.999906420707702637e-01,-9.999983906745910645e-01,-9.999991655349731445e-01,-9.999912381172180176e-01,-9.999994635581970215e-01,9.999990463256835938e-01,9.999994039535522461e-01,-9.999831318855285645e-01,9.999972581863403320e-01,9.999980926513671875e-01,9.999992847442626953e-01,-9.999974966049194336e-01,-9.999986290931701660e-01,9.999979734420776367e-01,9.999960660934448242e-01,-9.999994039535522461e-01,-9.999991655349731445e-01,-9.999955892562866211e-01,9.999993443489074707e-01,-9.999991059303283691e-01,9.999983906745910645e-01,-9.999594092369079590e-01,-9.999992251396179199e-01,-9.999978542327880859e-01,-9.999985098838806152e-01,-9.999970197677612305e-01,-9.999981522560119629e-01,-9.999993443489074707e-01,9.999991059303283691e-01,9.999992847442626953e-01,9.999982118606567383e-01,9.999991059303283691e-01,9.999935030937194824e-01,9.999972581863403320e-01,9.999984502792358398e-01,9.999986290931701660e-01,-9.999871850013732910e-01,-9.999985098838806152e-01,-9.999985098838806152e-01,9.999967813491821289e-01,-9.999994039535522461e-01,-9.999989271163940430e-01,-9.999969601631164551e-01,9.999970197677612305e-01,9.999993443489074707e-01,9.999994039535522461e-01,9.999956488609313965e-01,9.999988079071044922e-01,-9.999994039535522461e-01,9.999992251396179199e-01,-9.999985098838806152e-01,-9.999977946281433105e-01,9.999919533729553223e-01,-9.999172687530517578e-01,9.999987483024597168e-01,-9.999909400939941406e-01,-9.999989271163940430e-01,9.999933242797851562e-01,9.999984502792358398e-01,7.096698880195617676e-02,-9.999983906745910645e-01,9.999992251396179199e-01,-9.999662637710571289e-01,9.999989271163940430e-01,9.999889135360717773e-01,-9.999958276748657227e-01,-9.999992847442626953e-01,9.999882578849792480e-01,-9.999987483024597168e-01,9.999989867210388184e-01,-9.999989867210388184e-01,9.999815821647644043e-01,9.999989271163940430e-01,-9.999992251396179199e-01,9.999983906745910645e-01,9.999738931655883789e-01,-9.999994039535522461e-01,9.999993443489074707e-01,-9.999943971633911133e-01,9.999984502792358398e-01,-9.999992847442626953e-01,9.999915361404418945e-01,9.999865889549255371e-01,-9.999990463256835938e-01,-9.999970197677612305e-01,-9.999904632568359375e-01,9.999983906745910645e-01,9.999964833259582520e-01,-9.999991655349731445e-01,9.999984502792358398e-01,-9.999992251396179199e-01,9.999987483024597168e-01,9.999945163726806641e-01,-9.999994039535522461e-01,9.999989867210388184e-01,-9.999990463256835938e-01,9.999992251396179199e-01,9.999931454658508301e-01,9.999987483024597168e-01,9.999993443489074707e-01,-9.999972581863403320e-01,-9.999991655349731445e-01,9.999984502792358398e-01,-9.999849200248718262e-01,9.999969005584716797e-01,9.999458789825439453e-01,9.999986886978149414e-01
