6.716967225074768066e-01,6.118920072913169861e-02,-3.621418178081512451e-01,1.882409304380416870e-01,2.671325802803039551e-01,-3.569810837507247925e-02,2.262297458946704865e-02,5.974773764610290527e-01,6.775423884391784668e-02,3.251272067427635193e-02,-3.278754011262208223e-04,-1.086838170886039734e-01,5.473952889442443848e-01,5.497223734855651855e-01,4.734366536140441895e-01,1.495530754327774048e-01,-1.119915489107370377e-02,3.406215906143188477e-01,2.012588977813720703e-01,6.325525045394897461e-02,-1.311894059181213379e-01,1.506323814392089844e-01,4.206466078758239746e-01,-2.696920931339263916e-01,2.698076702654361725e-02,-1.079535633325576782e-01,-2.133546769618988037e-01,-3.079576194286346436e-01,1.314394176006317139e-02,-5.062689185142517090e-01,-2.075979560613632202e-01,-3.385191857814788818e-01,2.693347632884979248e-01,6.974215060472488403e-02,-3.557724505662918091e-02,-4.396878480911254883e-01,-4.075263440608978271e-02,6.253923475742340088e-02,-2.734724283218383789e-01,-6.477802395820617676e-01,2.861509621143341064e-01,1.062091663479804993e-01,1.155725568532943726e-01,6.119241565465927124e-02,5.904385447502136230e-01,-5.430122613906860352e-01,-3.847162127494812012e-01,-8.076854795217514038e-02,-6.721207499504089355e-02,1.492656860500574112e-02,1.577374488115310669e-01,8.476986736059188843e-02,3.529714643955230713e-01,-2.061192244291305542e-01,-2.760167792439460754e-02,-3.542440831661224365e-01,9.898383170366287231e-02,5.225693434476852417e-02,-9.393423795700073242e-02,-1.197985783219337463e-01,-6.225064769387245178e-02,1.679262518882751465e-01,5.630287900567054749e-02,-1.917242407798767090e-01,-1.332116127014160156e-01,-1.492752111516892910e-03,2.040008008480072021e-01,4.290080070495605469e-01,-3.591014742851257324e-01,-2.993869967758655548e-02,-4.884665906429290771e-01,-4.626433253288269043e-01,-9.205949306488037109e-02,2.134160697460174561e-01,-1.792752146720886230e-01,-3.804062902927398682e-01,-1.745834760367870331e-02,3.225711286067962646e-01,-4.487386047840118408e-01,-4.934997856616973877e-01,1.514387428760528564e-01,1.775257661938667297e-02,-2.626255154609680176e-01,3.774558380246162415e-02,-3.167941868305206299e-01,5.878845974802970886e-02,1.887569203972816467e-02,2.519461885094642639e-02,1.424163877964019775e-01,-2.238454483449459076e-02,-6.412979960441589355e-02,-2.489638030529022217e-01,-2.038041055202484131e-01,6.046800687909126282e-02,-8.417615294456481934e-02,-1.809137761592864990e-01,3.959215581417083740e-01,-4.120964091271162033e-03,-2.854779958724975586e-01,5.008949637413024902e-01,4.478610306978225708e-02,7.567872852087020874e-02,-2.060908973217010498e-01,-1.871101371943950653e-02,3.007396459579467773e-01,2.428493946790695190e-01,-8.720757067203521729e-02,-8.213891088962554932e-02,-1.598633378744125366e-01,-1.839976571500301361e-02,4.934453964233398438e-01,-5.445402860641479492e-02,-1.361444145441055298e-01,-4.696755707263946533e-01,3.917118906974792480e-01,-3.382935225963592529e-01,3.638315498828887939e-01,-1.040309444069862366e-01,-6.649813652038574219e-01,4.656083136796951294e-02,-1.516399532556533813e-01,4.866236150264739990e-01,3.067455887794494629e-01,-1.150918826460838318e-01,6.128605082631111145e-02,-5.379220843315124512e-02,1.020641066133975983e-02,3.358317017555236816e-01
6.118920072913169861e-02,2.886954694986343384e-02,-1.105517372488975525e-01,-1.762259780662134290e-04,7.392513751983642578e-02,-4.586921259760856628e-02,-1.221292372792959213e-02,1.242297422140836716e-02,2.137801423668861389e-02,7.671416271477937698e-03,3.911873325705528259e-02,-1.729761622846126556e-02,8.372237533330917358e-02,-4.332376178354024887e-03,8.966846019029617310e-02,4.342656582593917847e-02,-3.484700107946991920e-03,1.109859868884086609e-01,6.090086884796619415e-03,-3.209929540753364563e-02,6.634446978569030762e-02,7.215777039527893066e-02,5.670583620667457581e-02,5.768787860870361328e-02,1.583591289818286896e-02,1.079239994287490845e-01,-1.097243130207061768e-01,-1.116154342889785767e-01,7.049499452114105225e-02,-6.378918141126632690e-02,-3.031654655933380127e-02,-8.362676948308944702e-02,4.412094503641128540e-02,3.929799422621726990e-02,3.007128136232495308e-03,-7.394274324178695679e-02,-1.863409951329231262e-02,1.710104756057262421e-02,1.189156714826822281e-02,-1.001251116394996643e-01,1.180288568139076233e-01,-2.578246220946311951e-02,1.203727498650550842e-01,1.135581173002719879e-02,2.145377360284328461e-02,-2.225521951913833618e-02,-9.444780647754669189e-02,-6.464870180934667587e-03,-3.515166789293289185e-02,8.206162601709365845e-03,5.195082630962133408e-03,-1.171694044023752213e-02,7.808318734169006348e-02,3.833958879113197327e-02,-4.180607572197914124e-02,-8.597498387098312378e-02,1.461388636380434036e-02,6.667490582913160324e-03,-8.153633028268814087e-02,-1.835145242512226105e-02,2.605755254626274109e-02,-8.239077404141426086e-03,7.551934104412794113e-03,-1.838158257305622101e-02,-4.876272007822990417e-02,-1.537011377513408661e-02,4.917494952678680420e-02,1.337395757436752319e-01,-1.080002710223197937e-01,3.201594203710556030e-02,-5.224648863077163696e-02,-5.078210029751062393e-03,-2.045571617782115936e-02,6.470269709825515747e-02,-4.120565578341484070e-02,-1.113819405436515808e-01,-7.107225712388753891e-03,8.217275142669677734e-02,1.479886285960674286e-02,-7.285247743129730225e-02,2.906386740505695343e-02,3.043771488592028618e-03,-9.227751940488815308e-02,6.501254159957170486e-03,-7.761363685131072998e-02,-9.031743556261062622e-02,3.847355023026466370e-02,1.311913691461086273e-02,6.612134724855422974e-02,-1.535159349441528320e-02,-3.462481871247291565e-02,-2.255010046064853668e-02,-1.604099757969379425e-02,1.877111755311489105e-02,-5.053365230560302734e-02,-2.906745066866278648e-03,7.444322109222412109e-02,-7.073034648783504963e-04,-5.315622314810752869e-02,3.297264873981475830e-02,5.062594078481197357e-03,-1.811743155121803284e-02,-3.903431445360183716e-02,-1.275899703614413738e-03,8.810030668973922729e-02,-6.904151290655136108e-03,7.427732460200786591e-03,-3.412084281444549561e-02,-5.930974334478378296e-02,-1.844439469277858734e-02,-3.626747056841850281e-03,1.720282365567982197e-03,-4.632885381579399109e-02,-8.465653657913208008e-02,1.259419173002243042e-01,-1.155792549252510071e-01,9.867718815803527832e-02,3.995394799858331680e-03,-6.357041001319885254e-02,1.131422072649002075e-02,3.997830674052238464e-02,7.414664328098297119e-02,9.450787305831909180e-02,-6.231342628598213196e-02,-7.482042908668518066e-02,7.245368789881467819e-03,1.759144943207502365e-03,3.620255365967750549e-02
-3.621418178081512451e-01,-1.105517372488975525e-01,7.485869526863098145e-01,-1.591312289237976074e-01,-1.886148750782012939e-01,5.153195559978485107e-02,-2.537428587675094604e-02,-1.270548403263092041e-01,-1.724276505410671234e-02,-8.382026851177215576e-02,-2.947567999362945557e-01,1.564455926418304443e-01,-4.079959690570831299e-01,6.423131376504898071e-02,-4.550499320030212402e-01,-1.978420168161392212e-01,-3.240865096449851990e-02,-6.292658448219299316e-01,8.654410950839519501e-03,2.621173858642578125e-01,-5.202112793922424316e-01,-5.105982422828674316e-01,-4.843223392963409424e-01,-1.064035147428512573e-01,-1.001105830073356628e-01,-5.686904191970825195e-01,6.424305438995361328e-01,4.787655770778656006e-01,-6.046708226203918457e-01,5.196284055709838867e-01,5.834706500172615051e-02,6.323442459106445312e-01,-3.692708313465118408e-01,-3.976328670978546143e-01,5.284667946398258209e-03,5.520231723785400391e-01,1.008723080158233643e-01,-1.108846068382263184e-01,9.288134425878524780e-02,6.401339173316955566e-01,-6.346736550331115723e-01,1.478270590305328369e-01,-5.998359918594360352e-01,-7.858602702617645264e-02,-2.734548151493072510e-01,4.041825532913208008e-01,5.560567378997802734e-01,5.122343823313713074e-02,1.781554669141769409e-01,1.458674967288970947e-01,-1.124550476670265198e-01,1.988563835620880127e-01,-4.564498662948608398e-01,-8.990633487701416016e-02,1.621486693620681763e-01,5.496767759323120117e-01,-1.229852288961410522e-01,-5.628900229930877686e-02,2.345086932182312012e-01,2.112635970115661621e-01,-7.599169760942459106e-02,-5.896072462201118469e-02,-5.809914693236351013e-02,-4.707768931984901428e-02,1.771543473005294800e-01,9.727010875940322876e-02,-2.725347578525543213e-01,-7.231476902961730957e-01,6.802224516868591309e-01,-3.059127368032932281e-02,4.871753454208374023e-01,2.138456553220748901e-01,1.533199399709701538e-01,-5.482292175292968750e-01,2.737660109996795654e-01,5.779399871826171875e-01,4.103486612439155579e-02,-7.142798304557800293e-01,3.421453060582280159e-03,4.893105626106262207e-01,-5.146391987800598145e-01,-2.842585556209087372e-02,4.620412290096282959e-01,-3.418950363993644714e-02,5.433365702629089355e-01,3.913405537605285645e-01,-2.584483325481414795e-01,-8.490034937858581543e-02,-3.839645087718963623e-01,3.332626819610595703e-02,2.045112997293472290e-01,2.132270038127899170e-01,3.595221936702728271e-01,-2.125013917684555054e-01,3.495060205459594727e-01,6.533289700746536255e-02,-4.352845549583435059e-01,6.433210801333189011e-03,3.152566850185394287e-01,-2.002942562103271484e-01,2.055331366136670113e-03,-4.240639135241508484e-02,3.143400847911834717e-01,6.886832416057586670e-03,-7.067393660545349121e-01,-1.272218227386474609e-01,2.217879295349121094e-01,2.612037062644958496e-01,3.992747664451599121e-01,1.348227262496948242e-01,-2.049713134765625000e-01,2.751344144344329834e-01,3.373748064041137695e-01,2.747077345848083496e-01,-7.426077723503112793e-01,6.350370645523071289e-01,-4.289813339710235596e-01,-2.148396968841552734e-01,5.511987805366516113e-01,-9.398489445447921753e-02,-4.850710928440093994e-01,-5.645559430122375488e-01,-6.007325649261474609e-01,2.732749283313751221e-01,5.139068961143493652e-01,6.909671239554882050e-03,-9.158490598201751709e-02,-3.543577790260314941e-01
1.882409304380416870e-01,-1.762259780662134290e-04,-1.591312289237976074e-01,2.174623310565948486e-01,-2.189766988158226013e-02,7.406718283891677856e-02,3.237911313772201538e-02,1.591750383377075195e-01,-1.314457692205905914e-02,2.602179348468780518e-02,-4.983385279774665833e-02,-5.444296449422836304e-02,1.526354402303695679e-01,6.156914308667182922e-02,6.731736660003662109e-02,3.609861014410853386e-03,1.578250527381896973e-02,2.028438895940780640e-01,-6.982677616178989410e-03,3.895087167620658875e-02,-2.878519520163536072e-02,9.201795607805252075e-02,1.905943751335144043e-01,-2.156688570976257324e-01,5.030485242605209351e-02,1.725359633564949036e-02,-6.451819837093353271e-02,2.839393354952335358e-02,7.654102146625518799e-02,-1.464536935091018677e-01,-4.310983791947364807e-02,-2.284087389707565308e-01,2.269049584865570068e-01,-5.650911480188369751e-03,-2.437462331727147102e-03,-1.710956692695617676e-01,-4.725427366793155670e-03,3.021472878754138947e-02,-3.445896878838539124e-02,-3.235433697700500488e-01,1.457658261060714722e-01,1.468954049050807953e-02,3.535798192024230957e-02,2.130970172584056854e-02,1.670944690704345703e-01,-1.408573240041732788e-01,-6.995005160570144653e-02,-5.848588794469833374e-02,-7.469101808965206146e-03,-1.629840582609176636e-02,3.137680515646934509e-02,4.950858280062675476e-02,2.415407449007034302e-01,-1.554770916700363159e-01,6.575389206409454346e-02,-1.454962939023971558e-01,1.986600272357463837e-02,7.903695106506347656e-03,3.537638857960700989e-02,-9.758733958005905151e-02,-1.561694890260696411e-01,1.463300287723541260e-01,2.647572942078113556e-02,3.073843009769916534e-02,-6.858389079570770264e-02,-2.699475921690464020e-02,3.411860391497612000e-02,1.708526015281677246e-01,-1.245021447539329529e-01,-1.321949958801269531e-01,-2.340641468763351440e-01,-2.242128178477287292e-02,-6.387399137020111084e-02,1.094286590814590454e-01,-7.859101891517639160e-02,-1.840573102235794067e-01,1.216959953308105469e-02,1.598576307296752930e-01,-2.591195404529571533e-01,-2.609865665435791016e-01,2.970686554908752441e-01,8.596931584179401398e-03,3.954902291297912598e-02,1.797093451023101807e-02,-2.387762367725372314e-01,1.653907150030136108e-01,-1.411089301109313965e-01,9.081896394491195679e-03,-1.123220752924680710e-02,6.316211074590682983e-03,-1.520303916186094284e-02,-1.442062258720397949e-01,-2.089280784130096436e-01,5.786675214767456055e-02,-1.271523535251617432e-01,-9.992041438817977905e-02,3.694447875022888184e-02,-2.129656728357076645e-03,-2.980192564427852631e-02,2.517209947109222412e-01,1.907430216670036316e-02,7.620666641741991043e-03,-1.400445401668548584e-01,-4.405384883284568787e-03,2.783754765987396240e-01,2.388716489076614380e-01,-2.737537622451782227e-01,-6.635309010744094849e-02,-2.346639521420001984e-03,-2.006168290972709656e-02,2.636749148368835449e-01,-1.730653047561645508e-01,-9.380657225847244263e-02,4.223515745252370834e-03,1.416662633419036865e-01,-1.248927339911460876e-01,5.103052780032157898e-02,7.662828266620635986e-02,-2.432655990123748779e-01,6.443354487419128418e-02,4.993749782443046570e-02,1.443393081426620483e-01,1.593084484338760376e-01,-7.899231277406215668e-03,-4.684030637145042419e-02,-2.657216973602771759e-02,3.618319332599639893e-02,1.784144639968872070e-01
2.671325802803039551e-01,7.392513751983642578e-02,-1.886148750782012939e-01,-2.189766988158226013e-02,4.068765044212341309e-01,-7.662295550107955933e-02,1.550027867779135704e-03,1.932693719863891602e-01,4.865500703454017639e-02,-1.472927397117018700e-03,9.252583258785307407e-04,-7.688330020755529404e-03,2.316191047430038452e-01,1.885210871696472168e-01,3.158873617649078369e-01,1.316073983907699585e-01,-4.669298231601715088e-02,1.751845479011535645e-01,9.282851219177246094e-02,-2.268212102353572845e-02,-2.242286875844001770e-02,1.022744551301002502e-01,4.573126137256622314e-02,2.136621326208114624e-01,-1.149594224989414215e-02,2.463207021355628967e-02,-1.908612549304962158e-01,-3.875185251235961914e-01,4.738149419426918030e-02,-2.527404427528381348e-01,-1.383296251296997070e-01,-1.522098109126091003e-02,2.890423499047756195e-02,-3.385916352272033691e-02,7.451633922755718231e-03,-9.670826047658920288e-02,-4.416783526539802551e-02,2.410897240042686462e-02,-1.097659468650817871e-01,-2.588533163070678711e-01,1.980646550655364990e-01,3.874609246850013733e-02,2.386363446712493896e-01,3.053599409759044647e-02,1.284535527229309082e-01,-5.593411624431610107e-02,-3.057813346385955811e-01,-3.662145882844924927e-02,-6.862292438745498657e-02,1.504651755094528198e-01,5.244126543402671814e-02,-3.525874577462673187e-03,1.297340542078018188e-01,8.726871758699417114e-02,-1.178610175848007202e-01,-1.810058653354644775e-01,2.305490709841251373e-02,1.714267022907733917e-02,-2.859538495540618896e-01,1.995975896716117859e-02,1.010949760675430298e-01,-5.091578140854835510e-02,1.527961250394582748e-02,-1.472690701484680176e-01,-1.375654488801956177e-01,1.491943839937448502e-02,1.614565849304199219e-01,2.837184369564056396e-01,-1.134208068251609802e-01,1.909461319446563721e-01,-1.119523271918296814e-01,-1.520625650882720947e-01,5.960477888584136963e-02,1.803741045296192169e-02,-7.756820321083068848e-02,-3.432776927947998047e-01,-2.558180689811706543e-02,3.760828077793121338e-02,-4.469603672623634338e-02,-1.379112750291824341e-01,-1.379039883613586426e-01,1.065795542672276497e-03,-3.656751513481140137e-01,1.395677682012319565e-02,-1.490988880395889282e-01,-2.353811413049697876e-01,2.018076479434967041e-01,1.320194359868764877e-02,1.172195151448249817e-01,-5.982271954417228699e-02,-1.174370124936103821e-01,-2.779148519039154053e-02,1.678098440170288086e-01,-8.173998445272445679e-02,-1.142712682485580444e-02,-5.671875923871994019e-02,3.647994101047515869e-01,-6.804669392295181751e-04,-1.518398821353912354e-01,1.520016938447952271e-01,2.200214564800262451e-02,-2.487938851118087769e-02,1.922835223376750946e-02,-1.420705020427703857e-02,-1.874943496659398079e-03,2.797404490411281586e-02,1.713281869888305664e-01,-2.114672027528285980e-02,-1.650063395500183105e-01,3.280410310253500938e-03,-1.268998235464096069e-01,1.665208488702774048e-01,2.053217962384223938e-02,-3.930234313011169434e-01,2.973566949367523193e-01,-2.348237335681915283e-01,3.689953386783599854e-01,-1.855975389480590820e-01,-1.674392521381378174e-01,-1.070413179695606232e-02,-1.115997210144996643e-01,1.443102955818176270e-01,1.229205355048179626e-01,-1.445478349924087524e-01,3.401635214686393738e-02,-7.439763750880956650e-03,-6.082045659422874451e-02,1.080810353159904480e-01
-3.569810837507247925e-02,-4.586921259760856628e-02,5.153195559978485107e-02,7.406718283891677856e-02,-7.662295550107955933e-02,2.580257058143615723e-01,4.068502411246299744e-02,5.689319223165512085e-02,-1.065201386809349060e-01,-1.288652420043945312e-02,-6.342019885778427124e-02,2.054447866976261139e-02,-1.180140674114227295e-01,2.186069265007972717e-02,-9.814123064279556274e-02,-6.451656669378280640e-02,-2.893329132348299026e-03,-1.415375918149948120e-01,-1.529377885162830353e-02,-4.421500489115715027e-03,-4.611107707023620605e-02,-4.740437865257263184e-02,-1.167453592643141747e-03,-7.312295585870742798e-02,-3.079488687217235565e-02,-2.138108164072036743e-01,1.212587729096412659e-01,9.275917708873748779e-02,1.442095823585987091e-02,-5.170765519142150879e-02,8.077736943960189819e-02,1.164213716983795166e-01,-6.114155426621437073e-02,-1.344199385493993759e-02,-1.101613976061344147e-02,8.343911916017532349e-02,2.860304340720176697e-02,-2.660315670073032379e-02,-7.959928363561630249e-02,3.714193403720855713e-02,-1.828459203243255615e-01,4.218094795942306519e-02,-6.907577812671661377e-02,-2.432026900351047516e-03,2.836389467120170593e-02,4.145527200307697058e-04,7.159743458032608032e-02,-2.127182297408580780e-02,1.220104284584522247e-02,-1.865507103502750397e-02,1.154276207089424133e-01,-4.533777013421058655e-02,-8.249006420373916626e-02,-1.620788425207138062e-01,4.110785946249961853e-02,4.743640124797821045e-02,-1.088692713528871536e-02,-4.498139955103397369e-03,1.275799274444580078e-01,1.993843726813793182e-02,-2.978256158530712128e-02,1.250057667493820190e-02,-5.470416508615016937e-03,-1.284054853022098541e-02,4.688517376780509949e-02,3.950809314846992493e-02,-3.947217762470245361e-02,-1.354672014713287354e-01,1.525483578443527222e-01,-2.812325954437255859e-02,2.189653180539608002e-02,-1.276677399873733521e-01,7.956270873546600342e-02,-1.137769818305969238e-01,5.454967916011810303e-02,7.459052652120590210e-02,1.183247286826372147e-02,-7.067602127790451050e-02,-4.971922188997268677e-02,5.624189227819442749e-02,4.626986384391784668e-02,-3.098658518865704536e-03,5.569065362215042114e-02,-1.431431062519550323e-02,6.050967052578926086e-02,1.910801380872726440e-01,2.809481136500835419e-02,-1.604099012911319733e-02,-1.707066148519515991e-01,2.159911952912807465e-02,1.703965477645397186e-02,1.592242345213890076e-02,3.693484887480735779e-02,-4.192344099283218384e-02,8.712162077426910400e-02,-7.589641213417053223e-02,-2.701622142922133207e-04,6.256974302232265472e-04,3.053014166653156281e-02,-1.466743275523185730e-02,-3.017269261181354523e-02,6.944827269762754440e-03,9.544189274311065674e-02,4.299798456486314535e-05,-9.839356690645217896e-02,1.628535240888595581e-01,-5.485902354121208191e-02,3.400487080216407776e-02,1.288100779056549072e-01,3.257331624627113342e-02,-1.014933176338672638e-02,-7.085093110799789429e-02,7.550641149282455444e-02,1.236067488789558411e-01,-6.223279237747192383e-02,1.588884294033050537e-01,-4.292898625135421753e-02,1.795656234025955200e-02,3.824225813150405884e-02,-1.871567405760288239e-02,5.921072792261838913e-03,-1.031701490283012390e-01,-1.092536374926567078e-01,1.049422696232795715e-01,7.143199443817138672e-02,-1.528032496571540833e-02,1.309940824285149574e-03,6.718419492244720459e-02
2.262297458946704865e-02,-1.221292372792959213e-02,-2.537428587675094604e-02,3.237911313772201538e-02,1.550027867779135704e-03,4.068502411246299744e-02,8.453971892595291138e-02,8.810340426862239838e-03,-1.611951924860477448e-02,2.069058641791343689e-02,-1.073066983371973038e-02,-5.759002640843391418e-03,-5.194593966007232666e-02,2.252143248915672302e-02,1.157525926828384399e-03,-1.479792967438697815e-02,1.366207282990217209e-02,-3.082285448908805847e-02,1.091788290068507195e-03,-1.690432429313659668e-02,-1.745471544563770294e-02,-1.247682841494679451e-03,-2.749887295067310333e-02,-9.427351877093315125e-03,-1.311649009585380554e-02,-3.619148582220077515e-02,1.260138675570487976e-02,2.694995328783988953e-02,2.728606015443801880e-02,-7.309949398040771484e-02,3.339340910315513611e-02,-1.884157396852970123e-02,5.955962091684341431e-02,-9.121539071202278137e-03,3.232092421967536211e-04,7.666049525141716003e-03,-2.626124070957303047e-03,-2.145929727703332901e-03,-9.500560909509658813e-02,-2.837941981852054596e-02,-8.945088833570480347e-03,5.005046352744102478e-02,-6.839454919099807739e-02,1.975069055333733559e-03,2.136220969259738922e-02,-1.136207953095436096e-01,-1.631683856248855591e-02,-9.637598879635334015e-03,4.038437083363533020e-02,5.893340799957513809e-03,-2.093646861612796783e-02,-5.237953737378120422e-02,-3.264538198709487915e-02,5.331254750490188599e-02,4.604474827647209167e-02,2.492078021168708801e-02,-1.114493515342473984e-02,1.519779209047555923e-03,6.681272760033607483e-03,-2.060121670365333557e-02,-1.857969723641872406e-02,3.113115392625331879e-02,5.138168111443519592e-03,1.177822500467300415e-01,4.779615998268127441e-02,9.966501034796237946e-03,1.399385649710893631e-02,8.641927503049373627e-03,2.488996088504791260e-02,2.691957913339138031e-02,-5.489298328757286072e-02,-5.756311863660812378e-02,2.473079040646553040e-02,3.225591033697128296e-02,-1.969551295042037964e-02,-5.248414725065231323e-02,-8.784045465290546417e-03,7.643207907676696777e-02,-5.048386007547378540e-02,3.510742262005805969e-02,6.217942759394645691e-02,1.601856201887130737e-03,-4.003714025020599365e-02,-2.417583484202623367e-03,-5.134525522589683533e-02,-3.628832474350929260e-02,8.911723643541336060e-02,-4.531894810497760773e-03,4.094268754124641418e-02,7.454198319464921951e-03,-2.484945952892303467e-02,-2.771048620343208313e-02,-6.282263994216918945e-02,3.001571260392665863e-02,-3.530299291014671326e-03,-1.426484994590282440e-02,8.363230526447296143e-02,-6.779981194995343685e-04,1.224535237997770309e-02,-1.356042176485061646e-02,4.239869769662618637e-03,1.087448522448539734e-01,-5.031254142522811890e-03,-2.027395879849791527e-03,4.047456011176109314e-02,4.677397385239601135e-02,-6.885741651058197021e-02,1.371561456471681595e-02,-1.430087238550186157e-01,-2.899235812947154045e-03,1.515603903681039810e-02,-7.272375375032424927e-02,3.780300542712211609e-02,1.726146414875984192e-02,-4.509821999818086624e-03,2.851644763723015785e-03,-4.297892376780509949e-02,-1.961882039904594421e-02,-9.840319305658340454e-02,2.204192569479346275e-03,5.995392054319381714e-02,7.335568964481353760e-02,-1.062477007508277893e-02,-8.094741962850093842e-03,6.293912976980209351e-02,-4.512217640876770020e-02,4.167602397501468658e-03,3.187471255660057068e-02
5.974773764610290527e-01,1.242297422140836716e-02,-1.270548403263092041e-01,1.591750383377075195e-01,1.932693719863891602e-01,5.689319223165512085e-02,8.810340426862239838e-03,6.819851398468017578e-01,2.688070572912693024e-02,-3.651603357866406441e-03,-8.398938924074172974e-02,-6.722371280193328857e-02,4.430935382843017578e-01,6.363103389739990234e-01,3.509935140609741211e-01,8.842506259679794312e-02,-2.497096173465251923e-02,9.815775603055953979e-02,2.282397747039794922e-01,1.573314070701599121e-01,-2.877815663814544678e-01,6.622067186981439590e-03,3.163642287254333496e-01,-3.844195902347564697e-01,-1.943503879010677338e-02,-3.801370561122894287e-01,1.394719257950782776e-02,-1.432501226663589478e-01,-1.599000394344329834e-01,-3.883864283561706543e-01,-1.999226212501525879e-01,-1.057085394859313965e-01,9.382424503564834595e-02,-2.794850617647171021e-02,-4.910089448094367981e-02,-2.931004464626312256e-01,-4.587008617818355560e-03,2.815066464245319366e-02,-3.301858305931091309e-01,-4.629323184490203857e-01,3.569260612130165100e-02,1.645667552947998047e-01,-1.017207056283950806e-01,4.175867885351181030e-02,6.071164608001708984e-01,-4.793335497379302979e-01,-2.469039112329483032e-01,-6.366426497697830200e-02,-1.585336774587631226e-02,1.196319889277219772e-02,1.994969695806503296e-01,1.520768553018569946e-01,1.852868795394897461e-01,-3.535103499889373779e-01,2.889253664761781693e-03,-2.033354192972183228e-01,8.602958917617797852e-02,4.602696746587753296e-02,7.334870100021362305e-02,-4.712030664086341858e-02,-8.909767866134643555e-02,1.573420464992523193e-01,3.807678073644638062e-02,-3.114232122898101807e-01,-6.042467430233955383e-02,4.519698023796081543e-02,1.138341277837753296e-01,1.551675200462341309e-01,-1.397587805986404419e-01,-9.504596889019012451e-02,-3.705706298351287842e-01,-5.333407521247863770e-01,-2.920619398355484009e-02,4.079512506723403931e-02,-7.601738721132278442e-02,-1.400194466114044189e-01,-3.492397721856832504e-03,9.556224197149276733e-02,-4.838770627975463867e-01,-3.797159194946289062e-01,-1.524951681494712830e-02,9.756890125572681427e-03,-1.207993775606155396e-01,2.704583480954170227e-02,-1.078692376613616943e-01,2.429377585649490356e-01,-5.897761881351470947e-02,-1.994596794247627258e-03,-2.614485286176204681e-02,2.111122943460941315e-03,6.592304445803165436e-03,-1.759749501943588257e-01,-5.852045118808746338e-02,-5.419405922293663025e-02,7.276228815317153931e-02,-1.850761771202087402e-01,2.731690108776092529e-01,-2.143016317859292030e-03,-2.202591150999069214e-01,4.860742986202239990e-01,3.213691338896751404e-02,7.426148653030395508e-02,-9.166419506072998047e-02,-2.137385681271553040e-02,5.271973088383674622e-02,2.326226085424423218e-01,2.708272449672222137e-02,-5.077017471194267273e-03,3.829509764909744263e-02,3.866517543792724609e-02,4.620391130447387695e-01,5.513673648238182068e-02,-2.450505644083023071e-02,-3.900964856147766113e-01,1.718479543924331665e-01,-1.172665432095527649e-01,2.463046163320541382e-01,-1.612283140420913696e-01,-5.230357646942138672e-01,2.222670707851648331e-03,-3.395923078060150146e-01,3.090169429779052734e-01,7.848779857158660889e-02,4.444567859172821045e-02,2.410881221294403076e-01,-5.273328721523284912e-02,-1.381049491465091705e-02,2.645528018474578857e-01
6.775423884391784668e-02,2.137801423668861389e-02,-1.724276505410671234e-02,-1.314457692205905914e-02,4.865500703454017639e-02,-1.065201386809349060e-01,-1.611951924860477448e-02,2.688070572912693024e-02,5.673922225832939148e-02,5.528571084141731262e-03,1.931055099703371525e-03,-1.140697021037340164e-02,9.040395170450210571e-02,5.200080573558807373e-02,6.441037356853485107e-02,2.982895076274871826e-02,-1.651486265473067760e-03,6.793072819709777832e-02,2.550232596695423126e-02,2.889251150190830231e-02,-4.098035022616386414e-02,7.228378206491470337e-03,1.963303983211517334e-02,-8.164184167981147766e-03,1.449054200202226639e-02,4.694964364171028137e-02,-3.718419373035430908e-02,-3.797203674912452698e-02,-4.779820144176483154e-02,1.017160015180706978e-03,-5.420071631669998169e-02,-6.077001616358757019e-02,5.348157882690429688e-02,-2.025652304291725159e-02,3.958950750529766083e-03,-5.041299387812614441e-02,-1.029966119676828384e-02,1.147596538066864014e-02,2.517593279480934143e-02,-5.945745110511779785e-02,7.946717739105224609e-02,3.047397360205650330e-03,4.421857651323080063e-03,2.879946958273649216e-03,2.465923130512237549e-02,-2.663516998291015625e-02,-2.883296087384223938e-02,-1.104900613427162170e-03,-9.369514300487935543e-04,2.745661325752735138e-02,-4.855287075042724609e-02,4.588023573160171509e-02,6.203772500157356262e-02,4.172230884432792664e-02,-2.152174711227416992e-03,-2.752904966473579407e-02,1.708470052108168602e-03,2.091038040816783905e-03,-5.823538079857826233e-02,-1.293660700321197510e-02,-1.054139528423547745e-02,1.831046119332313538e-02,6.174037698656320572e-03,-3.652554471045732498e-03,-3.231107071042060852e-02,-1.321785990148782730e-02,2.340304665267467499e-02,7.233488559722900391e-02,-6.147317215800285339e-02,7.213974371552467346e-03,-3.745321929454803467e-02,3.483732417225837708e-02,-3.812551498413085938e-02,3.855326399207115173e-02,-3.105198964476585388e-02,-5.469534918665885925e-02,-2.970736473798751831e-03,2.059339918196201324e-02,-4.107565805315971375e-02,-5.261806771159172058e-02,-2.202252112329006195e-02,1.610702020116150379e-03,-1.541426219046115875e-02,8.831378072500228882e-03,-4.106402024626731873e-02,-3.973755985498428345e-02,-3.817989304661750793e-02,4.269638564437627792e-03,6.589110940694808960e-02,-1.188021618872880936e-02,-2.331967931240797043e-03,-2.858163788914680481e-02,-2.892859093844890594e-02,2.067855186760425568e-02,-3.427958860993385315e-02,1.186705566942691803e-02,1.548756286501884460e-02,-3.829373745247721672e-04,-2.244040183722972870e-02,5.527049303054809570e-02,2.182682976126670837e-02,9.045100887306034565e-04,-5.127471685409545898e-02,-1.255007460713386536e-03,3.842832148075103760e-02,-3.828429058194160461e-02,5.649812985211610794e-03,-6.341110914945602417e-03,-5.064671114087104797e-02,-9.555637836456298828e-03,5.632368847727775574e-02,2.674258686602115631e-02,-3.115915320813655853e-02,-8.477533608675003052e-02,2.010824717581272125e-02,-7.369931787252426147e-02,2.719447761774063110e-02,-2.854831703007221222e-02,-6.033655256032943726e-02,1.271384395658969879e-02,-5.130032077431678772e-02,6.263490766286849976e-02,5.197963118553161621e-02,-4.901797696948051453e-02,8.054446429014205933e-03,-2.456480637192726135e-03,-4.004258196800947189e-03,-7.895311340689659119e-03
3.251272067427635193e-02,7.671416271477937698e-03,-8.382026851177215576e-02,2.602179348468780518e-02,-1.472927397117018700e-03,-1.288652420043945312e-02,2.069058641791343689e-02,-3.651603357866406441e-03,5.528571084141731262e-03,1.678311266005039215e-02,3.027023188769817352e-02,-2.041612938046455383e-02,2.976961806416511536e-02,-1.933447644114494324e-02,3.477820381522178650e-02,1.276372093707323074e-02,1.092155743390321732e-02,7.056539505720138550e-02,-7.640345953404903412e-03,-2.708872780203819275e-02,5.543910712003707886e-02,5.216593295335769653e-02,4.290975630283355713e-02,-3.421346656978130341e-03,1.342919748276472092e-02,7.973405718803405762e-02,-6.598714739084243774e-02,-2.137157693505287170e-02,6.925894320011138916e-02,-5.229742079973220825e-02,2.952978713437914848e-03,-9.395144134759902954e-02,6.960310041904449463e-02,3.974885866045951843e-02,1.248557120561599731e-03,-6.031835824251174927e-02,-1.083036884665489197e-02,1.251855678856372833e-02,-1.441082824021577835e-02,-7.597851008176803589e-02,7.672768086194992065e-02,-8.935229852795600891e-03,3.848340734839439392e-02,7.148751523345708847e-03,2.257719822227954865e-02,-7.016979902982711792e-02,-4.544790089130401611e-02,-5.634734872728586197e-03,-4.279865417629480362e-03,-2.018749713897705078e-02,-1.311369892209768295e-02,-2.722588181495666504e-02,4.948461055755615234e-02,3.000861406326293945e-02,3.802401944994926453e-03,-4.584654793143272400e-02,7.707304321229457855e-03,4.898101557046175003e-03,-1.589347422122955322e-02,-3.424235060811042786e-02,-8.928941562771797180e-03,2.206742018461227417e-02,7.682811934500932693e-03,5.415553599596023560e-02,-4.289981443434953690e-03,-1.395841687917709351e-02,2.516071498394012451e-02,8.293057233095169067e-02,-7.657261192798614502e-02,-4.120261874049901962e-03,-6.551365554332733154e-02,-7.418669294565916061e-03,-2.410656213760375977e-02,7.752089947462081909e-02,-3.655389323830604553e-02,-6.845965981483459473e-02,-5.081638693809509277e-03,1.079554632306098938e-01,-1.400190498679876328e-02,-4.605907946825027466e-02,9.038117527961730957e-02,3.800353035330772400e-03,-3.451424092054367065e-02,4.028599243611097336e-03,-7.515539228916168213e-02,-4.802000150084495544e-02,2.565189823508262634e-02,8.364867419004440308e-03,5.947805941104888916e-02,-6.217046029632911086e-05,-2.192253805696964264e-02,-3.455399721860885620e-02,-7.792852818965911865e-02,4.312008619308471680e-02,-5.122789740562438965e-02,-1.223553670570254326e-03,4.171063005924224854e-02,-9.200656786561012268e-04,-2.016016654670238495e-02,1.507595088332891464e-02,3.899996401742100716e-03,3.295561671257019043e-02,-4.990686848759651184e-02,-9.015318937599658966e-05,1.113392561674118042e-01,1.598313078284263611e-02,-6.249744072556495667e-02,-2.706482447683811188e-02,-8.187749981880187988e-02,-1.933615282177925110e-02,4.508168622851371765e-02,-5.985179170966148376e-02,-3.750012442469596863e-02,-6.793867796659469604e-03,7.008887827396392822e-02,-7.192288339138031006e-02,9.871461428701877594e-03,3.078532218933105469e-02,-8.501701056957244873e-02,1.653469167649745941e-02,7.646804302930831909e-02,8.141880482435226440e-02,6.865161657333374023e-02,-3.364335745573043823e-02,-5.065306648612022400e-02,-1.207943074405193329e-02,1.556420419365167618e-02,3.514325991272926331e-02
-3.278754011262208223e-04,3.911873325705528259e-02,-2.947567999362945557e-01,-4.983385279774665833e-02,9.252583258785307407e-04,-6.342019885778427124e-02,-1.073066983371973038e-02,-8.398938924074172974e-02,1.931055099703371525e-03,3.027023188769817352e-02,2.220492362976074219e-01,-5.386826768517494202e-02,6.477180123329162598e-02,-1.528379172086715698e-01,1.276125013828277588e-01,7.690417021512985229e-02,2.215301059186458588e-02,1.883267909288406372e-01,-3.085451945662498474e-02,-1.730596274137496948e-01,3.749754428863525391e-01,2.171521037817001343e-01,1.290472298860549927e-01,1.433315128087997437e-01,2.560029923915863037e-02,3.602374196052551270e-01,-2.895103394985198975e-01,-1.818162351846694946e-01,3.251310884952545166e-01,-1.244669184088706970e-01,3.238536790013313293e-02,-2.239149063825607300e-01,3.439773991703987122e-02,2.508590519428253174e-01,-4.382292740046977997e-03,-1.794798672199249268e-01,-4.485423117876052856e-02,3.887351974844932556e-02,-1.307857409119606018e-02,-1.029746979475021362e-01,2.284297198057174683e-01,-1.131547093391418457e-01,2.718466520309448242e-01,2.174667455255985260e-02,1.917102187871932983e-02,-1.418359279632568359e-01,-1.993423849344253540e-01,2.637025341391563416e-02,-7.525718212127685547e-02,-1.335536837577819824e-01,2.342071197926998138e-02,-1.542918682098388672e-01,5.869429185986518860e-02,1.323040723800659180e-01,-1.142680048942565918e-01,-1.686349511146545410e-01,5.607027187943458557e-02,2.411546185612678528e-02,-5.911943688988685608e-02,-6.100765615701675415e-02,1.261947154998779297e-01,-5.442124232649803162e-02,9.558759629726409912e-03,3.502052277326583862e-02,-1.187445782124996185e-02,-4.299525544047355652e-02,8.558115363121032715e-02,2.394356280565261841e-01,-3.023191690444946289e-01,3.378379344940185547e-02,-8.964990824460983276e-02,-7.663286477327346802e-02,-6.190681830048561096e-02,2.572008371353149414e-01,-7.851760834455490112e-02,-1.088516116142272949e-01,-2.576254121959209442e-02,3.378074169158935547e-01,1.995248198509216309e-01,-7.646466791629791260e-02,1.554071903228759766e-01,1.041739154607057571e-02,-1.967670917510986328e-01,4.226186778396368027e-03,-1.052079200744628906e-01,-3.047300279140472412e-01,1.872500628232955933e-01,4.005009680986404419e-02,2.079251408576965332e-01,-3.145528491586446762e-03,-7.636658847332000732e-02,-5.895355250686407089e-03,-1.016870439052581787e-01,9.000547230243682861e-02,-1.127715408802032471e-01,5.598148331046104431e-02,1.218068078160285950e-01,-2.058922313153743744e-03,-1.142162606120109558e-01,-1.033542305231094360e-01,-2.297834493219852448e-02,3.349469974637031555e-02,-9.439459443092346191e-02,1.658778521232306957e-03,2.742764949798583984e-01,-1.157799735665321350e-01,2.370050549507141113e-02,-1.092686876654624939e-01,-1.888403594493865967e-01,-6.482199579477310181e-02,-2.973589673638343811e-02,-7.514087110757827759e-02,-1.394287943840026855e-01,-4.086545482277870178e-02,2.889897525310516357e-01,-2.378394454717636108e-01,9.964333474636077881e-02,1.371008306741714478e-01,-1.291946470737457275e-01,1.126772630959749222e-02,3.050861358642578125e-01,1.929441243410110474e-01,1.981751471757888794e-01,-9.072502702474594116e-02,-2.969374358654022217e-01,1.776796765625476837e-02,4.739552736282348633e-02,4.513222724199295044e-02
-1.086838170886039734e-01,-1.729761622846126556e-02,1.564455926418304443e-01,-5.444296449422836304e-02,-7.688330020755529404e-03,2.054447866976261139e-02,-5.759002640843391418e-03,-6.722371280193328857e-02,-1.140697021037340164e-02,-2.041612938046455383e-02,-5.386826768517494202e-02,4.349364340305328369e-02,-1.145158857107162476e-01,-2.308135852217674255e-02,-9.726197272539138794e-02,-3.634117543697357178e-02,-1.298301387578248978e-02,-1.415453404188156128e-01,-8.128052577376365662e-03,2.855169586837291718e-02,-8.748542517423629761e-02,-9.766124188899993896e-02,-1.276772022247314453e-01,5.327032878994941711e-02,-2.578869834542274475e-02,-1.070976108312606812e-01,1.196054071187973022e-01,5.895083025097846985e-02,-1.077144220471382141e-01,1.077387705445289612e-01,2.496889978647232056e-02,1.682425886392593384e-01,-1.017121672630310059e-01,-7.936880737543106079e-02,5.638670176267623901e-03,1.434682607650756836e-01,1.881568133831024170e-02,-2.666258998215198517e-02,3.076620213687419891e-02,1.727681457996368408e-01,-1.357093155384063721e-01,2.032913453876972198e-02,-8.420063555240631104e-02,-1.665154471993446350e-02,-1.053957343101501465e-01,1.393265277147293091e-01,1.047740131616592407e-01,1.118606142699718475e-02,2.622243016958236694e-02,4.810299351811408997e-02,-1.285908278077840805e-02,1.747565343976020813e-02,-1.142237335443496704e-01,1.290496997535228729e-02,1.391404960304498672e-02,1.145917549729347229e-01,-3.053298406302928925e-02,-1.444006897509098053e-02,9.796198457479476929e-03,5.776735767722129822e-02,1.772556640207767487e-02,-4.390060901641845703e-02,-1.519054267555475235e-02,-8.244420401751995087e-03,2.899378724396228790e-02,2.359315007925033569e-02,-4.846104979515075684e-02,-1.530072242021560669e-01,1.597868502140045166e-01,3.585497289896011353e-02,1.353260427713394165e-01,6.166462600231170654e-02,5.424746498465538025e-02,-1.324968636035919189e-01,6.187464296817779541e-02,1.047454401850700378e-01,5.601788405328989029e-03,-1.784242987632751465e-01,5.276532098650932312e-02,1.396769881248474121e-01,-1.407343149185180664e-01,-7.372093386948108673e-03,5.306429415941238403e-02,-1.036484539508819580e-02,1.201314926147460938e-01,4.116871580481529236e-02,-9.104143246077001095e-04,-1.678836345672607422e-02,-8.125928044319152832e-02,-6.169023254187777638e-05,2.753699943423271179e-02,6.602997332811355591e-02,1.160083934664726257e-01,-5.616876110434532166e-02,7.862564921379089355e-02,1.592378690838813782e-02,-6.499253958463668823e-02,1.603651675395667553e-03,6.695448607206344604e-02,-8.157298713922500610e-02,-5.572454538196325302e-03,-2.519620768725872040e-02,9.521777182817459106e-02,1.866235630586743355e-03,-1.907580792903900146e-01,-3.938288614153862000e-02,8.002592623233795166e-02,5.595874413847923279e-02,7.546807825565338135e-02,2.851477637887001038e-02,-1.243059858679771423e-01,7.502131909132003784e-02,8.498906344175338745e-02,4.891566559672355652e-02,-1.467690616846084595e-01,1.366959214210510254e-01,-5.802026391029357910e-02,-5.714363604784011841e-02,1.700307577848434448e-01,-2.736727148294448853e-02,-8.694248646497726440e-02,-1.466232091188430786e-01,-1.297339797019958496e-01,4.188131913542747498e-02,9.608712047338485718e-02,8.178501389920711517e-03,-2.741349115967750549e-02,-7.929456979036331177e-02
