9.999982714653015137e-01,-9.999986886978149414e-01,-9.999930858612060547e-01,9.999980926513671875e-01,9.999989271163940430e-01,-9.999987483024597168e-01,9.999958872795104980e-01,9.999991059303283691e-01,-9.999971985816955566e-01,9.999979138374328613e-01,-9.999987483024597168e-01,-9.999989271163940430e-01,9.999979734420776367e-01,9.999985098838806152e-01,9.999907016754150391e-01,9.999967217445373535e-01,9.999974370002746582e-01,-9.999984502792358398e-01,9.999934434890747070e-01,-9.999991059303283691e-01,-9.999989867210388184e-01,9.999924302101135254e-01,9.999985694885253906e-01,9.999982118606567383e-01,9.999889731407165527e-01,9.999991655349731445e-01,-9.999982714653015137e-01,-9.999989271163940430e-01,9.999881982803344727e-01,-9.999958872795104980e-01,-9.999927878379821777e-01,-9.999983310699462891e-01,9.999896883964538574e-01,9.999966025352478027e-01,-9.999976158142089844e-01,9.997120499610900879e-01,9.999989271163940430e-01,9.999986290931701660e-01,9.999921321868896484e-01,-9.999988675117492676e-01,9.999986886978149414e-01,-9.999935626983642578e-01,9.999791383743286133e-01,9.999988079071044922e-01,9.999983906745910645e-01,9.999982714653015137e-01,-9.999929666519165039e-01,9.999984502792358398e-01,9.999988079071044922e-01,-9.999985694885253906e-01,-9.999988675117492676e-01,-9.999982118606567383e-01,-9.999988675117492676e-01,-9.999928474426269531e-01,-9.999981522560119629e-01,-9.999980926513671875e-01,-9.999955892562866211e-01,9.999638795852661133e-01,9.999971985816955566e-01,9.999984502792358398e-01,-9.999983906745910645e-01,9.999989271163940430e-01,9.999983906745910645e-01,9.999954104423522949e-01,-9.999954700469970703e-01,-9.999988675117492676e-01,-9.999991059303283691e-01,-9.999959468841552734e-01,-9.999989271163940430e-01,9.999986290931701660e-01,-9.999987483024597168e-01,9.999979138374328613e-01,9.999922513961791992e-01,-9.999935030937194824e-01,-9.999740123748779297e-01,-9.999983310699462891e-01,9.999929070472717285e-01,9.999986886978149414e-01,-9.999945163726806641e-01,-9.999964237213134766e-01,9.999589920043945312e-01,9.999976158142089844e-01,-9.999988675117492676e-01,9.999977946281433105e-01,-9.999982714653015137e-01,-9.999892115592956543e-01,9.999820590019226074e-01,9.999989271163940430e-01,9.999825954437255859e-01,9.999582171440124512e-01,-9.999968409538269043e-01,9.999983906745910645e-01,-9.999817609786987305e-01,-9.999978542327880859e-01,9.999982714653015137e-01,-9.999979138374328613e-01,-9.999917745590209961e-01,9.999990463256835938e-01,-9.999988079071044922e-01,9.999955892562866211e-01,-9.999967217445373535e-01,9.999988079071044922e-01,-9.999445676803588867e-01,-9.994263052940368652e-01,9.999986290931701660e-01,9.999973177909851074e-01,-9.999768733978271484e-01,-9.999983310699462891e-01,-9.999939799308776855e-01,9.999985098838806152e-01,-9.999984502792358398e-01,9.999983310699462891e-01,-9.999983310699462891e-01,-9.999694824218750000e-01,9.999991059303283691e-01,-9.999977946281433105e-01,9.999989271163940430e-01,-9.999983906745910645e-01,-9.999948740005493164e-01,-9.999979734420776367e-01,-9.999988675117492676e-01,9.999963641166687012e-01,9.999983906745910645e-01,-9.999976158142089844e-01,-9.999879598617553711e-01,-9.999955296516418457e-01,9.999907016754150391e-01,-9.999958276748657227e-01
-9.999986886978149414e-01,9.999989867210388184e-01,9.999943375587463379e-01,-9.999984502792358398e-01,-9.999991655349731445e-01,9.999990463256835938e-01,-9.999966621398925781e-01,-9.999992251396179199e-01,9.999977350234985352e-01,-9.999983906745910645e-01,9.999989867210388184e-01,9.999991655349731445e-01,-9.999984502792358398e-01,-9.999988675117492676e-01,-9.999924302101135254e-01,-9.999973177909851074e-01,-9.999979138374328613e-01,9.999988079071044922e-01,-9.999946355819702148e-01,9.999992847442626953e-01,9.999992847442626953e-01,-9.999936819076538086e-01,-9.999988079071044922e-01,-9.999985098838806152e-01,-9.999910593032836914e-01,-9.999993443489074707e-01,9.999986290931701660e-01,9.999991655349731445e-01,-9.999904036521911621e-01,9.999966025352478027e-01,9.999940991401672363e-01,9.999986290931701660e-01,-9.999916553497314453e-01,-9.999971985816955566e-01,9.999980926513671875e-01,-9.997640252113342285e-01,-9.999992251396179199e-01,-9.999988675117492676e-01,-9.999935626983642578e-01,9.999991655349731445e-01,-9.999989271163940430e-01,9.999947547912597656e-01,-9.999828934669494629e-01,-9.999990463256835938e-01,-9.999987483024597168e-01,-9.999986290931701660e-01,9.999942183494567871e-01,-9.999988079071044922e-01,-9.999991059303283691e-01,9.999988079071044922e-01,9.999991655349731445e-01,9.999985694885253906e-01,9.999991655349731445e-01,9.999942183494567871e-01,9.999985694885253906e-01,9.999985098838806152e-01,9.999964237213134766e-01,-9.999704360961914062e-01,-9.999976754188537598e-01,-9.999988079071044922e-01,9.999986886978149414e-01,-9.999992251396179199e-01,-9.999986886978149414e-01,-9.999961853027343750e-01,9.999963641166687012e-01,9.999992251396179199e-01,9.999992847442626953e-01,9.999966621398925781e-01,9.999991655349731445e-01,-9.999988675117492676e-01,9.999990463256835938e-01,-9.999982118606567383e-01,-9.999936223030090332e-01,9.999947547912597656e-01,9.999787807464599609e-01,9.999986886978149414e-01,-9.999941587448120117e-01,-9.999989867210388184e-01,9.999955296516418457e-01,9.999970793724060059e-01,-9.999663233757019043e-01,-9.999981522560119629e-01,9.999992251396179199e-01,-9.999982118606567383e-01,9.999985694885253906e-01,9.999911189079284668e-01,-9.999852776527404785e-01,-9.999991655349731445e-01,-9.999857544898986816e-01,-9.999657869338989258e-01,9.999974370002746582e-01,-9.999986886978149414e-01,9.999850988388061523e-01,9.999982714653015137e-01,-9.999985694885253906e-01,9.999982714653015137e-01,9.999933838844299316e-01,-9.999992251396179199e-01,9.999992251396179199e-01,-9.999963045120239258e-01,9.999973773956298828e-01,-9.999991059303283691e-01,9.999545812606811523e-01,9.995298981666564941e-01,-9.999988675117492676e-01,-9.999977946281433105e-01,9.999810457229614258e-01,9.999986290931701660e-01,9.999950528144836426e-01,-9.999988079071044922e-01,9.999986886978149414e-01,-9.999986290931701660e-01,9.999985098838806152e-01,9.999749660491943359e-01,-9.999992251396179199e-01,9.999982714653015137e-01,-9.999991655349731445e-01,9.999987483024597168e-01,9.999958872795104980e-01,9.999983310699462891e-01,9.999991655349731445e-01,-9.999970197677612305e-01,-9.999987483024597168e-01,9.999980330467224121e-01,9.999902248382568359e-01,9.999964237213134766e-01,-9.999924302101135254e-01,9.999964833259582520e-01
-9.999930858612060547e-01,9.999943375587463379e-01,9.999700188636779785e-01,-9.999918937683105469e-01,-9.999954104423522949e-01,9.999947547912597656e-01,-9.999825358390808105e-01,-9.999958872795104980e-01,9.999881386756896973e-01,-9.999916553497314453e-01,9.999945163726806641e-01,9.999953508377075195e-01,-9.999918937683105469e-01,-9.999936223030090332e-01,-9.999595284461975098e-01,-9.999860525131225586e-01,-9.999890923500061035e-01,9.999936819076538086e-01,-9.999716877937316895e-01,9.999958872795104980e-01,9.999955892562866211e-01,-9.999672174453735352e-01,-9.999938607215881348e-01,-9.999926686286926270e-01,-9.999523162841796875e-01,-9.999957084655761719e-01,9.999929666519165039e-01,9.999952912330627441e-01,-9.999492168426513672e-01,9.999821186065673828e-01,9.999688267707824707e-01,9.999932646751403809e-01,-9.999557137489318848e-01,-9.999850988388061523e-01,9.999902248382568359e-01,-9.987574219703674316e-01,-9.999956488609313965e-01,-9.999940991401672363e-01,-9.999658465385437012e-01,9.999952316284179688e-01,-9.999942779541015625e-01,9.999725222587585449e-01,-9.999096393585205078e-01,-9.999951720237731934e-01,-9.999930262565612793e-01,-9.999927878379821777e-01,9.999696612358093262e-01,-9.999935626983642578e-01,-9.999949336051940918e-01,9.999938011169433594e-01,9.999948740005493164e-01,9.999923706054687500e-01,9.999951720237731934e-01,9.999690055847167969e-01,9.999921917915344238e-01,9.999921321868896484e-01,9.999808669090270996e-01,-9.998443722724914551e-01,-9.999882578849792480e-01,-9.999933242797851562e-01,9.999931454658508301e-01,-9.999955296516418457e-01,-9.999930858612060547e-01,-9.999802112579345703e-01,9.999803900718688965e-01,9.999951124191284180e-01,9.999958872795104980e-01,9.999827146530151367e-01,9.999954104423522949e-01,-9.999940991401672363e-01,9.999947547912597656e-01,-9.999911189079284668e-01,-9.999664425849914551e-01,9.999719858169555664e-01,9.998878240585327148e-01,9.999929070472717285e-01,-9.999693632125854492e-01,-9.999946951866149902e-01,9.999763369560241699e-01,9.999843239784240723e-01,-9.998227357864379883e-01,-9.999902844429016113e-01,9.999951720237731934e-01,-9.999906420707702637e-01,9.999926090240478516e-01,9.999531507492065430e-01,-9.999222755432128906e-01,-9.999954700469970703e-01,-9.999248981475830078e-01,-9.998196959495544434e-01,9.999865293502807617e-01,-9.999929666519165039e-01,9.999212026596069336e-01,9.999905228614807129e-01,-9.999925494194030762e-01,9.999910593032836914e-01,9.999645948410034180e-01,-9.999957084655761719e-01,9.999949932098388672e-01,-9.999808073043823242e-01,9.999862909317016602e-01,-9.999949932098388672e-01,9.997606873512268066e-01,9.975268244743347168e-01,-9.999941587448120117e-01,-9.999886155128479004e-01,9.999001622200012207e-01,9.999928474426269531e-01,9.999740123748779297e-01,-9.999936819076538086e-01,9.999933242797851562e-01,-9.999929070472717285e-01,9.999927282333374023e-01,9.998679757118225098e-01,-9.999957680702209473e-01,9.999909400939941406e-01,-9.999955296516418457e-01,9.999931454658508301e-01,9.999781847000122070e-01,9.999912977218627930e-01,9.999948740005493164e-01,-9.999845027923583984e-01,-9.999930858612060547e-01,9.999899268150329590e-01,9.999480247497558594e-01,9.999807476997375488e-01,-9.999599456787109375e-01,9.999822974205017090e-01
9.999980926513671875e-01,-9.999984502792358398e-01,-9.999918937683105469e-01,9.999977946281433105e-01,9.999987483024597168e-01,-9.999985694885253906e-01,9.999952912330627441e-01,9.999988675117492676e-01,-9.999968409538269043e-01,9.999977350234985352e-01,-9.999985098838806152e-01,-9.999987483024597168e-01,9.999977350234985352e-01,9.999982714653015137e-01,9.999890923500061035e-01,9.999961853027343750e-01,9.999970197677612305e-01,-9.999982714653015137e-01,9.999923110008239746e-01,-9.999989271163940430e-01,-9.999988675117492676e-01,9.999910593032836914e-01,9.999983310699462891e-01,9.999980330467224121e-01,9.999871253967285156e-01,9.999988675117492676e-01,-9.999980926513671875e-01,-9.999987483024597168e-01,9.999862909317016602e-01,-9.999951124191284180e-01,-9.999915957450866699e-01,-9.999981522560119629e-01,9.999880194664001465e-01,9.999960064888000488e-01,-9.999973177909851074e-01,9.996632933616638184e-01,9.999987483024597168e-01,9.999983906745910645e-01,9.999907016754150391e-01,-9.999987483024597168e-01,9.999984502792358398e-01,-9.999924898147583008e-01,9.999755620956420898e-01,9.999986290931701660e-01,9.999982118606567383e-01,9.999980330467224121e-01,-9.999918341636657715e-01,9.999982118606567383e-01,9.999986290931701660e-01,-9.999982714653015137e-01,-9.999986290931701660e-01,-9.999979138374328613e-01,-9.999986886978149414e-01,-9.999917149543762207e-01,-9.999978542327880859e-01,-9.999978542327880859e-01,-9.999948740005493164e-01,9.999578595161437988e-01,9.999967217445373535e-01,9.999981522560119629e-01,-9.999981522560119629e-01,9.999988079071044922e-01,9.999981522560119629e-01,9.999947547912597656e-01,-9.999947547912597656e-01,-9.999986290931701660e-01,-9.999988675117492676e-01,-9.999953508377075195e-01,-9.999987483024597168e-01,9.999983310699462891e-01,-9.999985694885253906e-01,9.999974966049194336e-01,9.999909400939941406e-01,-9.999924302101135254e-01,-9.999696612358093262e-01,-9.999981522560119629e-01,9.999916553497314453e-01,9.999984502792358398e-01,-9.999935626983642578e-01,-9.999958276748657227e-01,9.999519586563110352e-01,9.999973177909851074e-01,-9.999987483024597168e-01,9.999974370002746582e-01,-9.999979734420776367e-01,-9.999872446060180664e-01,9.999790191650390625e-01,9.999988079071044922e-01,9.999796748161315918e-01,9.999511241912841797e-01,-9.999964237213134766e-01,9.999980926513671875e-01,-9.999787211418151855e-01,-9.999974966049194336e-01,9.999979734420776367e-01,-9.999975562095642090e-01,-9.999904632568359375e-01,9.999988675117492676e-01,-9.999986290931701660e-01,9.999948143959045410e-01,-9.999961853027343750e-01,9.999986290931701660e-01,-9.999352097511291504e-01,-9.993292093276977539e-01,9.999985098838806152e-01,9.999968409538269043e-01,-9.999729394912719727e-01,-9.999980330467224121e-01,-9.999929666519165039e-01,9.999982714653015137e-01,-9.999981522560119629e-01,9.999980330467224121e-01,-9.999979138374328613e-01,-9.999642968177795410e-01,9.999988079071044922e-01,-9.999975562095642090e-01,9.999987483024597168e-01,-9.999980926513671875e-01,-9.999940991401672363e-01,-9.999976754188537598e-01,-9.999985694885253906e-01,9.999958276748657227e-01,9.999982118606567383e-01,-9.999972581863403320e-01,-9.999860525131225586e-01,-9.999947547912597656e-01,9.999892115592956543e-01,-9.999951720237731934e-01
9.999989271163940430e-01,-9.999991655349731445e-01,-9.999954104423522949e-01,9.999987483024597168e-01,9.999993443489074707e-01,-9.999992251396179199e-01,9.999973177909851074e-01,9.999994039535522461e-01,-9.999981522560119629e-01,9.999986886978149414e-01,-9.999992251396179199e-01,-9.999993443489074707e-01,9.999987483024597168e-01,9.999990463256835938e-01,9.999939203262329102e-01,9.999978542327880859e-01,9.999983310699462891e-01,-9.999990463256835938e-01,9.999956488609313965e-01,-9.999994039535522461e-01,-9.999993443489074707e-01,9.999949932098388672e-01,9.999992251396179199e-01,9.999988079071044922e-01,9.999927282333374023e-01,9.999993443489074707e-01,-9.999988675117492676e-01,-9.999993443489074707e-01,9.999922513961791992e-01,-9.999972581863403320e-01,-9.999952316284179688e-01,-9.999989271163940430e-01,9.999932050704956055e-01,9.999976754188537598e-01,-9.999983906745910645e-01,9.998096823692321777e-01,9.999992847442626953e-01,9.999991059303283691e-01,9.999946951866149902e-01,-9.999992847442626953e-01,9.999991655349731445e-01,-9.999957680702209473e-01,9.999861717224121094e-01,9.999992251396179199e-01,9.999989271163940430e-01,9.999988675117492676e-01,-9.999953508377075195e-01,9.999989867210388184e-01,9.999992847442626953e-01,-9.999991059303283691e-01,-9.999993443489074707e-01,-9.999988079071044922e-01,-9.999992847442626953e-01,-9.999953508377075195e-01,-9.999988079071044922e-01,-9.999988079071044922e-01,-9.999970197677612305e-01,9.999762177467346191e-01,9.999982118606567383e-01,9.999989867210388184e-01,-9.999989271163940430e-01,9.999992847442626953e-01,9.999989271163940430e-01,9.999969601631164551e-01,-9.999969601631164551e-01,-9.999992847442626953e-01,-9.999994039535522461e-01,-9.999973177909851074e-01,-9.999992847442626953e-01,9.999991655349731445e-01,-9.999992251396179199e-01,9.999985694885253906e-01,9.999948740005493164e-01,-9.999957680702209473e-01,-9.999828934669494629e-01,-9.999989271163940430e-01,9.999952316284179688e-01,9.999992251396179199e-01,-9.999963045120239258e-01,-9.999976158142089844e-01,9.999728798866271973e-01,9.999983906745910645e-01,-9.999994039535522461e-01,9.999985694885253906e-01,-9.999988675117492676e-01,-9.999928474426269531e-01,9.999881386756896973e-01,9.999993443489074707e-01,9.999884963035583496e-01,9.999724626541137695e-01,-9.999979734420776367e-01,9.999988675117492676e-01,-9.999879002571105957e-01,-9.999986290931701660e-01,9.999988675117492676e-01,-9.999985098838806152e-01,-9.999946355819702148e-01,9.999994039535522461e-01,-9.999992847442626953e-01,9.999970197677612305e-01,-9.999978542327880859e-01,9.999992847442626953e-01,-9.999633431434631348e-01,-9.996207356452941895e-01,9.999991655349731445e-01,9.999982118606567383e-01,-9.999847412109375000e-01,-9.999988079071044922e-01,-9.999959468841552734e-01,9.999990463256835938e-01,-9.999989867210388184e-01,9.999988675117492676e-01,-9.999988675117492676e-01,-9.999797940254211426e-01,9.999994039535522461e-01,-9.999985098838806152e-01,9.999993443489074707e-01,-9.999989271163940430e-01,-9.999966025352478027e-01,-9.999986290931701660e-01,-9.999993443489074707e-01,9.999976158142089844e-01,9.999989867210388184e-01,-9.999984502792358398e-01,-9.999920725822448730e-01,-9.999970197677612305e-01,9.999938607215881348e-01,-9.999972581863403320e-01
-9.999987483024597168e-01,9.999990463256835938e-01,9.999947547912597656e-01,-9.999985694885253906e-01,-9.999992251396179199e-01,9.999991655349731445e-01,-9.999969601631164551e-01,-9.999993443489074707e-01,9.999979734420776367e-01,-9.999984502792358398e-01,9.999989867210388184e-01,9.999992251396179199e-01,-9.999986290931701660e-01,-9.999988675117492676e-01,-9.999931454658508301e-01,-9.999975562095642090e-01,-9.999980926513671875e-01,9.999988079071044922e-01,-9.999951720237731934e-01,9.999992847442626953e-01,9.999993443489074707e-01,-9.999942779541015625e-01,-9.999989271163940430e-01,-9.999987483024597168e-01,-9.999918341636657715e-01,-9.999992847442626953e-01,9.999987483024597168e-01,9.999992251396179199e-01,-9.999912977218627930e-01,9.999969005584716797e-01,9.999945759773254395e-01,9.999987483024597168e-01,-9.999924302101135254e-01,-9.999973773956298828e-01,9.999982714653015137e-01,-9.997865557670593262e-01,-9.999992251396179199e-01,-9.999989867210388184e-01,-9.999941587448120117e-01,9.999992251396179199e-01,-9.999990463256835938e-01,9.999952316284179688e-01,-9.999845027923583984e-01,-9.999991059303283691e-01,-9.999988079071044922e-01,-9.999987483024597168e-01,9.999948143959045410e-01,-9.999988675117492676e-01,-9.999991655349731445e-01,9.999988675117492676e-01,9.999991655349731445e-01,9.999986886978149414e-01,9.999992251396179199e-01,9.999947547912597656e-01,9.999986290931701660e-01,9.999986290931701660e-01,9.999966621398925781e-01,-9.999732375144958496e-01,-9.999979138374328613e-01,-9.999988079071044922e-01,9.999987483024597168e-01,-9.999991655349731445e-01,-9.999988079071044922e-01,-9.999965429306030273e-01,9.999966025352478027e-01,9.999991655349731445e-01,9.999993443489074707e-01,9.999969005584716797e-01,9.999992847442626953e-01,-9.999990463256835938e-01,9.999991655349731445e-01,-9.999984502792358398e-01,-9.999943375587463379e-01,9.999951720237731934e-01,9.999808073043823242e-01,9.999988079071044922e-01,-9.999947547912597656e-01,-9.999991059303283691e-01,9.999960064888000488e-01,9.999973177909851074e-01,-9.999696016311645508e-01,-9.999983310699462891e-01,9.999992847442626953e-01,-9.999983906745910645e-01,9.999987483024597168e-01,9.999919533729553223e-01,-9.999867081642150879e-01,-9.999992847442626953e-01,-9.999871253967285156e-01,-9.999690651893615723e-01,9.999977350234985352e-01,-9.999988079071044922e-01,9.999865293502807617e-01,9.999984502792358398e-01,-9.999986886978149414e-01,9.999984502792358398e-01,9.999939799308776855e-01,-9.999994039535522461e-01,9.999991655349731445e-01,-9.999966621398925781e-01,9.999976158142089844e-01,-9.999991655349731445e-01,9.999589920043945312e-01,9.995745420455932617e-01,-9.999990463256835938e-01,-9.999980330467224121e-01,9.999828338623046875e-01,9.999987483024597168e-01,9.999955296516418457e-01,-9.999988675117492676e-01,9.999988079071044922e-01,-9.999987483024597168e-01,9.999986886978149414e-01,9.999774694442749023e-01,-9.999993443489074707e-01,9.999983310699462891e-01,-9.999992847442626953e-01,9.999988079071044922e-01,9.999961853027343750e-01,9.999985098838806152e-01,9.999991655349731445e-01,-9.999973177909851074e-01,-9.999988079071044922e-01,9.999982714653015137e-01,9.999911189079284668e-01,9.999967217445373535e-01,-9.999931454658508301e-01,9.999968409538269043e-01
9.999958872795104980e-01,-9.999966621398925781e-01,-9.999825358390808105e-01,9.999952912330627441e-01,9.999973177909851074e-01,-9.999969601631164551e-01,9.999898672103881836e-01,9.999975562095642090e-01,-9.999930858612060547e-01,9.999951720237731934e-01,-9.999967813491821289e-01,-9.999972581863403320e-01,9.999952316284179688e-01,9.999962449073791504e-01,9.999765157699584961e-01,9.999918937683105469e-01,9.999936223030090332e-01,-9.999961853027343750e-01,9.999835491180419922e-01,-9.999976158142089844e-01,-9.999973773956298828e-01,9.999808669090270996e-01,9.999963641166687012e-01,9.999957680702209473e-01,9.999722838401794434e-01,9.999974370002746582e-01,-9.999958872795104980e-01,-9.999972581863403320e-01,9.999703764915466309e-01,-9.999895691871643066e-01,-9.999818205833435059e-01,-9.999958872795104980e-01,9.999742507934570312e-01,9.999913573265075684e-01,-9.999942779541015625e-01,9.992765784263610840e-01,9.999974966049194336e-01,9.999964833259582520e-01,9.999801516532897949e-01,-9.999971985816955566e-01,9.999966621398925781e-01,-9.999839663505554199e-01,9.999474287033081055e-01,9.999970793724060059e-01,9.999960064888000488e-01,9.999957680702209473e-01,-9.999823570251464844e-01,9.999962449073791504e-01,9.999969005584716797e-01,-9.999962449073791504e-01,-9.999970197677612305e-01,-9.999956488609313965e-01,-9.999971985816955566e-01,-9.999819397926330566e-01,-9.999954700469970703e-01,-9.999955296516418457e-01,-9.999888539314270020e-01,9.999094605445861816e-01,9.999932050704956055e-01,9.999960660934448242e-01,-9.999959468841552734e-01,9.999973177909851074e-01,9.999959468841552734e-01,9.999884963035583496e-01,-9.999886155128479004e-01,-9.999971985816955566e-01,-9.999974966049194336e-01,-9.999899268150329590e-01,-9.999973177909851074e-01,9.999964833259582520e-01,-9.999969005584716797e-01,9.999948143959045410e-01,9.999805092811584473e-01,-9.999836683273315430e-01,-9.999347329139709473e-01,-9.999958872795104980e-01,9.999821186065673828e-01,9.999968409538269043e-01,-9.999862313270568848e-01,-9.999908804893493652e-01,9.998968243598937988e-01,9.999943375587463379e-01,-9.999971985816955566e-01,9.999945759773254395e-01,-9.999957680702209473e-01,-9.999728202819824219e-01,9.999547004699707031e-01,9.999973177909851074e-01,9.999563097953796387e-01,9.998950958251953125e-01,-9.999921917915344238e-01,9.999959468841552734e-01,-9.999541640281677246e-01,-9.999945163726806641e-01,9.999956488609313965e-01,-9.999948143959045410e-01,-9.999794363975524902e-01,9.999974966049194336e-01,-9.999970197677612305e-01,9.999888539314270020e-01,-9.999920725822448730e-01,9.999971389770507812e-01,-9.998607635498046875e-01,-9.985594153404235840e-01,9.999966025352478027e-01,9.999933838844299316e-01,-9.999419450759887695e-01,-9.999958276748657227e-01,-9.999848604202270508e-01,9.999962449073791504e-01,-9.999960660934448242e-01,9.999958872795104980e-01,-9.999958276748657227e-01,-9.999231696128845215e-01,9.999975562095642090e-01,-9.999946951866149902e-01,9.999973177909851074e-01,-9.999960660934448242e-01,-9.999871850013732910e-01,-9.999950528144836426e-01,-9.999970793724060059e-01,9.999909996986389160e-01,9.999960064888000488e-01,-9.999941587448120117e-01,-9.999697804450988770e-01,-9.999887943267822266e-01,9.999767541885375977e-01,-9.999897480010986328e-01
9.999991059303283691e-01,-9.999992251396179199e-01,-9.999958872795104980e-01,9.999988675117492676e-01,9.999994039535522461e-01,-9.999993443489074707e-01,9.999975562095642090e-01,9.999994635581970215e-01,-9.999983310699462891e-01,9.999987483024597168e-01,-9.999992847442626953e-01,-9.999994039535522461e-01,9.999988079071044922e-01,9.999991655349731445e-01,9.999945163726806641e-01,9.999980330467224121e-01,9.999984502792358398e-01,-9.999991655349731445e-01,9.999960660934448242e-01,-9.999994635581970215e-01,-9.999994039535522461e-01,9.999954104423522949e-01,9.999991655349731445e-01,9.999990463256835938e-01,9.999934434890747070e-01,9.999994039535522461e-01,-9.999989867210388184e-01,-9.999992847442626953e-01,9.999929070472717285e-01,-9.999974370002746582e-01,-9.999956488609313965e-01,-9.999991059303283691e-01,9.999939203262329102e-01,9.999979138374328613e-01,-9.999986290931701660e-01,9.998283982276916504e-01,9.999993443489074707e-01,9.999992251396179199e-01,9.999952316284179688e-01,-9.999993443489074707e-01,9.999991655349731445e-01,-9.999961853027343750e-01,9.999875426292419434e-01,9.999992847442626953e-01,9.999991059303283691e-01,9.999989867210388184e-01,-9.999958276748657227e-01,9.999991655349731445e-01,9.999993443489074707e-01,-9.999991655349731445e-01,-9.999994039535522461e-01,-9.999988675117492676e-01,-9.999992847442626953e-01,-9.999957680702209473e-01,-9.999988675117492676e-01,-9.999988675117492676e-01,-9.999973773956298828e-01,9.999785423278808594e-01,9.999983906745910645e-01,9.999991059303283691e-01,-9.999991059303283691e-01,9.999993443489074707e-01,9.999991059303283691e-01,9.999972581863403320e-01,-9.999972581863403320e-01,-9.999993443489074707e-01,-9.999994635581970215e-01,-9.999975562095642090e-01,-9.999994039535522461e-01,9.999991655349731445e-01,-9.999992847442626953e-01,9.999986886978149414e-01,9.999952912330627441e-01,-9.999960660934448242e-01,-9.999845623970031738e-01,-9.999990463256835938e-01,9.999957084655761719e-01,9.999992251396179199e-01,-9.999966621398925781e-01,-9.999978542327880859e-01,9.999755620956420898e-01,9.999985694885253906e-01,-9.999994635581970215e-01,9.999986886978149414e-01,-9.999989271163940430e-01,-9.999935626983642578e-01,9.999892115592956543e-01,9.999994039535522461e-01,9.999895691871643066e-01,9.999751448631286621e-01,-9.999980926513671875e-01,9.999989867210388184e-01,-9.999891519546508789e-01,-9.999987483024597168e-01,9.999989271163940430e-01,-9.999987483024597168e-01,-9.999951124191284180e-01,9.999994635581970215e-01,-9.999993443489074707e-01,9.999973177909851074e-01,-9.999979734420776367e-01,9.999993443489074707e-01,-9.999669790267944336e-01,-9.996579289436340332e-01,9.999991655349731445e-01,9.999983906745910645e-01,-9.999862909317016602e-01,-9.999990463256835938e-01,-9.999963641166687012e-01,9.999991655349731445e-01,-9.999991059303283691e-01,9.999990463256835938e-01,-9.999990463256835938e-01,-9.999818205833435059e-01,9.999994635581970215e-01,-9.999986886978149414e-01,9.999994039535522461e-01,-9.999991059303283691e-01,-9.999968409538269043e-01,-9.999988079071044922e-01,-9.999993443489074707e-01,9.999978542327880859e-01,9.999991059303283691e-01,-9.999985694885253906e-01,-9.999928474426269531e-01,-9.999973177909851074e-01,9.999945163726806641e-01,-9.999974370002746582e-01
-9.999971985816955566e-01,9.999977350234985352e-01,9.999881386756896973e-01,-9.999968409538269043e-01,-9.999981522560119629e-01,9.999979734420776367e-01,-9.999930858612060547e-01,-9.999983310699462891e-01,9.999954104423522949e-01,-9.999966621398925781e-01,9.999978542327880859e-01,9.999981522560119629e-01,-9.999967813491821289e-01,-9.999974370002746582e-01,-9.999841451644897461e-01,-9.999945163726806641e-01,-9.999957680702209473e-01,9.999974370002746582e-01,-9.999887943267822266e-01,9.999984502792358398e-01,9.999983310699462891e-01,-9.999870657920837402e-01,-9.999976158142089844e-01,-9.999970793724060059e-01,-9.999811649322509766e-01,-9.999982714653015137e-01,9.999971985816955566e-01,9.999981522560119629e-01,-9.999799728393554688e-01,9.999929666519165039e-01,9.999876618385314941e-01,9.999973177909851074e-01,-9.999825358390808105e-01,-9.999942183494567871e-01,9.999960660934448242e-01,-9.995082616806030273e-01,-9.999983310699462891e-01,-9.999976158142089844e-01,-9.999865293502807617e-01,9.999980926513671875e-01,-9.999977350234985352e-01,9.999891519546508789e-01,-9.999643564224243164e-01,-9.999980926513671875e-01,-9.999971985816955566e-01,-9.999970793724060059e-01,9.999880790710449219e-01,-9.999973773956298828e-01,-9.999979734420776367e-01,9.999974966049194336e-01,9.999979734420776367e-01,9.999970197677612305e-01,9.999982118606567383e-01,9.999878406524658203e-01,9.999969005584716797e-01,9.999969005584716797e-01,9.999925494194030762e-01,-9.999384880065917969e-01,-9.999954104423522949e-01,-9.999973177909851074e-01,9.999972581863403320e-01,-9.999982118606567383e-01,-9.999973177909851074e-01,-9.999923110008239746e-01,9.999923706054687500e-01,9.999981522560119629e-01,9.999983906745910645e-01,9.999931454658508301e-01,9.999982118606567383e-01,-9.999976754188537598e-01,9.999979734420776367e-01,-9.999964833259582520e-01,-9.999867677688598633e-01,9.999889135360717773e-01,9.999557137489318848e-01,9.999972581863403320e-01,-9.999879002571105957e-01,-9.999978542327880859e-01,9.999907016754150391e-01,9.999938607215881348e-01,-9.999299645423889160e-01,-9.999960660934448242e-01,9.999981522560119629e-01,-9.999962449073791504e-01,9.999970793724060059e-01,9.999815225601196289e-01,-9.999693632125854492e-01,-9.999982714653015137e-01,-9.999703764915466309e-01,-9.999287128448486328e-01,9.999947547912597656e-01,-9.999971985816955566e-01,9.999689459800720215e-01,9.999963045120239258e-01,-9.999970793724060059e-01,9.999964237213134766e-01,9.999861121177673340e-01,-9.999982714653015137e-01,9.999979734420776367e-01,-9.999924302101135254e-01,9.999946355819702148e-01,-9.999979734420776367e-01,9.999054074287414551e-01,9.990205764770507812e-01,-9.999977350234985352e-01,-9.999954700469970703e-01,9.999605417251586914e-01,9.999971389770507812e-01,9.999898076057434082e-01,-9.999974370002746582e-01,9.999973773956298828e-01,-9.999971389770507812e-01,9.999971389770507812e-01,9.999478459358215332e-01,-9.999984502792358398e-01,9.999963641166687012e-01,-9.999982118606567383e-01,9.999973177909851074e-01,9.999913573265075684e-01,9.999966025352478027e-01,9.999980330467224121e-01,-9.999938607215881348e-01,-9.999972581863403320e-01,9.999959468841552734e-01,9.999795556068420410e-01,9.999924898147583008e-01,-9.999842047691345215e-01,9.999930262565612793e-01
9.999979138374328613e-01,-9.999983906745910645e-01,-9.999916553497314453e-01,9.999977350234985352e-01,9.999986886978149414e-01,-9.999984502792358398e-01,9.999951720237731934e-01,9.999987483024597168e-01,-9.999966621398925781e-01,9.999976158142089844e-01,-9.999985098838806152e-01,-9.999986886978149414e-01,9.999976754188537598e-01,9.999980926513671875e-01,9.999887943267822266e-01,9.999960660934448242e-01,9.999969005584716797e-01,-9.999980926513671875e-01,9.999921917915344238e-01,-9.999988079071044922e-01,-9.999987483024597168e-01,9.999908804893493652e-01,9.999982714653015137e-01,9.999979138374328613e-01,9.999868273735046387e-01,9.999988079071044922e-01,-9.999979138374328613e-01,-9.999986886978149414e-01,9.999858736991882324e-01,-9.999949932098388672e-01,-9.999912977218627930e-01,-9.999979734420776367e-01,9.999876618385314941e-01,9.999958872795104980e-01,-9.999971389770507812e-01,9.996555447578430176e-01,9.999987483024597168e-01,9.999982118606567383e-01,9.999905228614807129e-01,-9.999986886978149414e-01,9.999983906745910645e-01,-9.999923110008239746e-01,9.999749064445495605e-01,9.999985694885253906e-01,9.999980330467224121e-01,9.999979734420776367e-01,-9.999915361404418945e-01,9.999981522560119629e-01,9.999985694885253906e-01,-9.999982714653015137e-01,-9.999986290931701660e-01,-9.999978542327880859e-01,-9.999985694885253906e-01,-9.999914169311523438e-01,-9.999977946281433105e-01,-9.999976754188537598e-01,-9.999946951866149902e-01,9.999569058418273926e-01,9.999966025352478027e-01,9.999981522560119629e-01,-9.999979734420776367e-01,9.999986886978149414e-01,9.999979734420776367e-01,9.999944567680358887e-01,-9.999945759773254395e-01,-9.999986290931701660e-01,-9.999988675117492676e-01,-9.999951720237731934e-01,-9.999986290931701660e-01,9.999982714653015137e-01,-9.999985098838806152e-01,9.999974370002746582e-01,9.999906420707702637e-01,-9.999922513961791992e-01,-9.999690055847167969e-01,-9.999980330467224121e-01,9.999914169311523438e-01,9.999983906745910645e-01,-9.999934434890747070e-01,-9.999956488609313965e-01,9.999508857727050781e-01,9.999971985816955566e-01,-9.999986290931701660e-01,9.999973773956298828e-01,-9.999979734420776367e-01,-9.999870061874389648e-01,9.999784231185913086e-01,9.999987483024597168e-01,9.999791383743286133e-01,9.999500513076782227e-01,-9.999962449073791504e-01,9.999979734420776367e-01,-9.999781250953674316e-01,-9.999973177909851074e-01,9.999979138374328613e-01,-9.999974966049194336e-01,-9.999902844429016113e-01,9.999987483024597168e-01,-9.999985694885253906e-01,9.999946951866149902e-01,-9.999961853027343750e-01,9.999985694885253906e-01,-9.999336600303649902e-01,-9.993138313293457031e-01,9.999982714653015137e-01,9.999967813491821289e-01,-9.999724626541137695e-01,-9.999979734420776367e-01,-9.999927878379821777e-01,9.999982118606567383e-01,-9.999980330467224121e-01,9.999979734420776367e-01,-9.999979734420776367e-01,-9.999634027481079102e-01,9.999987483024597168e-01,-9.999973773956298828e-01,9.999986886978149414e-01,-9.999980926513671875e-01,-9.999938607215881348e-01,-9.999975562095642090e-01,-9.999985694885253906e-01,9.999957084655761719e-01,9.999980330467224121e-01,-9.999971985816955566e-01,-9.999856352806091309e-01,-9.999946355819702148e-01,9.999889135360717773e-01,-9.999950528144836426e-01
-9.999987483024597168e-01,9.999989867210388184e-01,9.999945163726806641e-01,-9.999985098838806152e-01,-9.999992251396179199e-01,9.999989867210388184e-01,-9.999967813491821289e-01,-9.999992847442626953e-01,9.999978542327880859e-01,-9.999985098838806152e-01,9.999990463256835938e-01,9.999992251396179199e-01,-9.999985098838806152e-01,-9.999988079071044922e-01,-9.999927282333374023e-01,-9.999974370002746582e-01,-9.999979734420776367e-01,9.999988675117492676e-01,-9.999948740005493164e-01,9.999992251396179199e-01,9.999993443489074707e-01,-9.999940991401672363e-01,-9.999988675117492676e-01,-9.999986886978149414e-01,-9.999914765357971191e-01,-9.999992847442626953e-01,9.999986886978149414e-01,9.999991059303283691e-01,-9.999908804893493652e-01,9.999966621398925781e-01,9.999943971633911133e-01,9.999986886978149414e-01,-9.999920129776000977e-01,-9.999972581863403320e-01,9.999982118606567383e-01,-9.997757673263549805e-01,-9.999992847442626953e-01,-9.999988675117492676e-01,-9.999938607215881348e-01,9.999991059303283691e-01,-9.999989867210388184e-01,9.999949932098388672e-01,-9.999837279319763184e-01,-9.999990463256835938e-01,-9.999988079071044922e-01,-9.999986886978149414e-01,9.999945163726806641e-01,-9.999988675117492676e-01,-9.999991059303283691e-01,9.999988675117492676e-01,9.999991059303283691e-01,9.999985694885253906e-01,9.999991059303283691e-01,9.999943971633911133e-01,9.999986290931701660e-01,9.999985098838806152e-01,9.999964833259582520e-01,-9.999719262123107910e-01,-9.999977946281433105e-01,-9.999988079071044922e-01,9.999987483024597168e-01,-9.999992251396179199e-01,-9.999987483024597168e-01,-9.999964833259582520e-01,9.999964237213134766e-01,9.999991655349731445e-01,9.999992847442626953e-01,9.999968409538269043e-01,9.999992251396179199e-01,-9.999988675117492676e-01,9.999991059303283691e-01,-9.999983906745910645e-01,-9.999939799308776855e-01,9.999949336051940918e-01,9.999797940254211426e-01,9.999986886978149414e-01,-9.999944567680358887e-01,-9.999991059303283691e-01,9.999957084655761719e-01,9.999971389770507812e-01,-9.999682307243347168e-01,-9.999982118606567383e-01,9.999991655349731445e-01,-9.999982118606567383e-01,9.999985694885253906e-01,9.999915361404418945e-01,-9.999860525131225586e-01,-9.999992251396179199e-01,-9.999864697456359863e-01,-9.999675750732421875e-01,9.999975562095642090e-01,-9.999986886978149414e-01,9.999858140945434570e-01,9.999982714653015137e-01,-9.999986886978149414e-01,9.999982714653015137e-01,9.999936223030090332e-01,-9.999992847442626953e-01,9.999991059303283691e-01,-9.999964833259582520e-01,9.999974370002746582e-01,-9.999991059303283691e-01,9.999568462371826172e-01,9.995533823966979980e-01,-9.999989271163940430e-01,-9.999978542327880859e-01,9.999819993972778320e-01,9.999986290931701660e-01,9.999952912330627441e-01,-9.999988675117492676e-01,9.999987483024597168e-01,-9.999986886978149414e-01,9.999986290931701660e-01,9.999762177467346191e-01,-9.999992847442626953e-01,9.999982714653015137e-01,-9.999992251396179199e-01,9.999987483024597168e-01,9.999960064888000488e-01,9.999983906745910645e-01,9.999991059303283691e-01,-9.999971389770507812e-01,-9.999987483024597168e-01,9.999982714653015137e-01,9.999907016754150391e-01,9.999964833259582520e-01,-9.999926686286926270e-01,9.999966621398925781e-01
-9.999989271163940430e-01,9.999991655349731445e-01,9.999953508377075195e-01,-9.999987483024597168e-01,-9.999993443489074707e-01,9.999992251396179199e-01,-9.999972581863403320e-01,-9.999994039535522461e-01,9.999981522560119629e-01,-9.999986886978149414e-01,9.999992251396179199e-01,9.999992847442626953e-01,-9.999987483024597168e-01,-9.999991655349731445e-01,-9.999937415122985840e-01,-9.999978542327880859e-01,-9.999982714653015137e-01,9.999991655349731445e-01,-9.999955892562866211e-01,9.999993443489074707e-01,9.999993443489074707e-01,-9.999949336051940918e-01,-9.999991059303283691e-01,-9.999988675117492676e-01,-9.999927282333374023e-01,-9.999993443489074707e-01,9.999988675117492676e-01,9.999992847442626953e-01,-9.999921321868896484e-01,9.999971389770507812e-01,9.999951720237731934e-01,9.999988675117492676e-01,-9.999931454658508301e-01,-9.999976754188537598e-01,9.999984502792358398e-01,-9.998072385787963867e-01,-9.999994039535522461e-01,-9.999991059303283691e-01,-9.999947547912597656e-01,9.999992847442626953e-01,-9.999991655349731445e-01,9.999957680702209473e-01,-9.999859929084777832e-01,-9.999992847442626953e-01,-9.999989867210388184e-01,-9.999988675117492676e-01,9.999952912330627441e-01,-9.999989867210388184e-01,-9.999992251396179199e-01,9.999991059303283691e-01,9.999992251396179199e-01,9.999988079071044922e-01,9.999992847442626953e-01,9.999952912330627441e-01,9.999987483024597168e-01,9.999988079071044922e-01,9.999970793724060059e-01,-9.999758601188659668e-01,-9.999980330467224121e-01,-9.999989867210388184e-01,9.999989271163940430e-01,-9.999993443489074707e-01,-9.999989271163940430e-01,-9.999969601631164551e-01,9.999969005584716797e-01,9.999992847442626953e-01,9.999994635581970215e-01,9.999972581863403320e-01,9.999993443489074707e-01,-9.999991655349731445e-01,9.999992251396179199e-01,-9.999985098838806152e-01,-9.999948143959045410e-01,9.999957084655761719e-01,9.999826550483703613e-01,9.999989271163940430e-01,-9.999952316284179688e-01,-9.999991059303283691e-01,9.999963045120239258e-01,9.999976158142089844e-01,-9.999726414680480957e-01,-9.999984502792358398e-01,9.999993443489074707e-01,-9.999985098838806152e-01,9.999988675117492676e-01,9.999927878379821777e-01,-9.999879598617553711e-01,-9.999993443489074707e-01,-9.999883770942687988e-01,-9.999721050262451172e-01,9.999979734420776367e-01,-9.999989271163940430e-01,9.999877214431762695e-01,9.999985098838806152e-01,-9.999988079071044922e-01,9.999986290931701660e-01,9.999945759773254395e-01,-9.999993443489074707e-01,9.999992251396179199e-01,-9.999969601631164551e-01,9.999977946281433105e-01,-9.999992847442626953e-01,9.999628663063049316e-01,9.996158480644226074e-01,-9.999991655349731445e-01,-9.999982118606567383e-01,9.999845623970031738e-01,9.999988675117492676e-01,9.999959468841552734e-01,-9.999990463256835938e-01,9.999989271163940430e-01,-9.999989271163940430e-01,9.999988079071044922e-01,9.999796152114868164e-01,-9.999994039535522461e-01,9.999985098838806152e-01,-9.999993443489074707e-01,9.999989271163940430e-01,9.999964833259582520e-01,9.999986886978149414e-01,9.999993443489074707e-01,-9.999975562095642090e-01,-9.999989867210388184e-01,9.999983906745910645e-01,9.999920129776000977e-01,9.999969601631164551e-01,-9.999938011169433594e-01,9.999971985816955566e-01
