9.999983906745910645e-01,-9.999986886978149414e-01,-9.999936223030090332e-01,9.999979734420776367e-01,9.999989271163940430e-01,-9.999988675117492676e-01,9.999957680702209473e-01,9.999992251396179199e-01,-9.999970793724060059e-01,9.999981522560119629e-01,-9.999988079071044922e-01,-9.999988675117492676e-01,9.999979734420776367e-01,9.999985098838806152e-01,9.999920129776000977e-01,9.999964237213134766e-01,9.999973177909851074e-01,-9.999983906745910645e-01,9.999933242797851562e-01,-9.999990463256835938e-01,-9.999990463256835938e-01,9.999927878379821777e-01,9.999985694885253906e-01,9.999983310699462891e-01,9.999888539314270020e-01,9.999989867210388184e-01,-9.999983310699462891e-01,-9.999988079071044922e-01,9.999892711639404297e-01,-9.999960064888000488e-01,-9.999923110008239746e-01,-9.999983906745910645e-01,9.999887943267822266e-01,9.999961256980895996e-01,-9.999977946281433105e-01,9.999192357063293457e-01,9.999990463256835938e-01,9.999985694885253906e-01,9.999915361404418945e-01,-9.999989271163940430e-01,9.999986886978149414e-01,-9.999904036521911621e-01,9.999802708625793457e-01,9.999988675117492676e-01,9.999983906745910645e-01,9.999982714653015137e-01,-9.999933838844299316e-01,9.999985098838806152e-01,9.999988079071044922e-01,-9.999985098838806152e-01,-9.999988079071044922e-01,-9.999983310699462891e-01,-9.999988675117492676e-01,-9.999930858612060547e-01,-9.999982714653015137e-01,-9.999982118606567383e-01,-9.999946951866149902e-01,9.999743103981018066e-01,9.999970793724060059e-01,9.999983906745910645e-01,-9.999984502792358398e-01,9.999989867210388184e-01,9.999983906745910645e-01,9.999955296516418457e-01,-9.999953508377075195e-01,-9.999989271163940430e-01,-9.999992251396179199e-01,-9.999960064888000488e-01,-9.999988675117492676e-01,9.999985694885253906e-01,-9.999987483024597168e-01,9.999978542327880859e-01,9.999887943267822266e-01,-9.999937415122985840e-01,-9.999776482582092285e-01,-9.999983310699462891e-01,9.999926686286926270e-01,9.999988079071044922e-01,-9.999946355819702148e-01,-9.999961256980895996e-01,9.999741315841674805e-01,9.999977350234985352e-01,-9.999988675117492676e-01,9.999980330467224121e-01,-9.999982714653015137e-01,-9.999892115592956543e-01,9.999812245368957520e-01,9.999989271163940430e-01,9.999861121177673340e-01,9.998242855072021484e-01,-9.999965429306030273e-01,9.999983906745910645e-01,-9.999827742576599121e-01,-9.999976754188537598e-01,9.999982714653015137e-01,-9.999979138374328613e-01,-9.999909996986389160e-01,9.999989271163940430e-01,-9.999988079071044922e-01,9.999960660934448242e-01,-9.999967813491821289e-01,9.999988079071044922e-01,-9.999136924743652344e-01,9.997599124908447266e-01,9.999986290931701660e-01,9.999973177909851074e-01,-9.999795556068420410e-01,-9.999983906745910645e-01,-9.999939203262329102e-01,9.999986290931701660e-01,-9.999984502792358398e-01,9.999983310699462891e-01,-9.999983310699462891e-01,-9.999604225158691406e-01,9.999991655349731445e-01,-9.999977350234985352e-01,9.999990463256835938e-01,-9.999982714653015137e-01,-9.999951124191284180e-01,-9.999978542327880859e-01,-9.999987483024597168e-01,9.999964237213134766e-01,9.999983906745910645e-01,-9.999976158142089844e-01,-9.999894499778747559e-01,-9.999954700469970703e-01,9.999901652336120605e-01,-9.999953508377075195e-01
-9.999986886978149414e-01,9.999989867210388184e-01,9.999947547912597656e-01,-9.999983310699462891e-01,-9.999992847442626953e-01,9.999990463256835938e-01,-9.999965429306030273e-01,-9.999992251396179199e-01,9.999976158142089844e-01,-9.999985694885253906e-01,9.999990463256835938e-01,9.999991655349731445e-01,-9.999984502792358398e-01,-9.999988675117492676e-01,-9.999934434890747070e-01,-9.999971389770507812e-01,-9.999978542327880859e-01,9.999987483024597168e-01,-9.999945163726806641e-01,9.999992847442626953e-01,9.999992251396179199e-01,-9.999941587448120117e-01,-9.999988079071044922e-01,-9.999986290931701660e-01,-9.999908208847045898e-01,-9.999992847442626953e-01,9.999986290931701660e-01,9.999991655349731445e-01,-9.999911785125732422e-01,9.999967217445373535e-01,9.999936819076538086e-01,9.999986290931701660e-01,-9.999908208847045898e-01,-9.999969005584716797e-01,9.999982118606567383e-01,-9.999336004257202148e-01,-9.999992251396179199e-01,-9.999988675117492676e-01,-9.999931454658508301e-01,9.999991059303283691e-01,-9.999989271163940430e-01,9.999921321868896484e-01,-9.999837875366210938e-01,-9.999992251396179199e-01,-9.999987483024597168e-01,-9.999985694885253906e-01,9.999945163726806641e-01,-9.999987483024597168e-01,-9.999990463256835938e-01,9.999988675117492676e-01,9.999990463256835938e-01,9.999986290931701660e-01,9.999991655349731445e-01,9.999943375587463379e-01,9.999985694885253906e-01,9.999985694885253906e-01,9.999957084655761719e-01,-9.999788403511047363e-01,-9.999976754188537598e-01,-9.999986886978149414e-01,9.999986886978149414e-01,-9.999991655349731445e-01,-9.999986886978149414e-01,-9.999961853027343750e-01,9.999961256980895996e-01,9.999991059303283691e-01,9.999993443489074707e-01,9.999967217445373535e-01,9.999991655349731445e-01,-9.999988079071044922e-01,9.999990463256835938e-01,-9.999982714653015137e-01,-9.999909400939941406e-01,9.999948740005493164e-01,9.999816417694091797e-01,9.999986290931701660e-01,-9.999940991401672363e-01,-9.999989867210388184e-01,9.999956488609313965e-01,9.999968409538269043e-01,-9.999787807464599609e-01,-9.999980926513671875e-01,9.999991059303283691e-01,-9.999984502792358398e-01,9.999986290931701660e-01,9.999911189079284668e-01,-9.999845623970031738e-01,-9.999992847442626953e-01,-9.999886155128479004e-01,-9.998555779457092285e-01,9.999970793724060059e-01,-9.999986886978149414e-01,9.999859333038330078e-01,9.999980926513671875e-01,-9.999985098838806152e-01,9.999983310699462891e-01,9.999926090240478516e-01,-9.999992251396179199e-01,9.999991059303283691e-01,-9.999967813491821289e-01,9.999973177909851074e-01,-9.999991059303283691e-01,9.999290108680725098e-01,-9.998026490211486816e-01,-9.999989867210388184e-01,-9.999978542327880859e-01,9.999831914901733398e-01,9.999986290931701660e-01,9.999951124191284180e-01,-9.999988079071044922e-01,9.999987483024597168e-01,-9.999986290931701660e-01,9.999986886978149414e-01,9.999674558639526367e-01,-9.999992251396179199e-01,9.999980330467224121e-01,-9.999992251396179199e-01,9.999985694885253906e-01,9.999959468841552734e-01,9.999982714653015137e-01,9.999990463256835938e-01,-9.999969601631164551e-01,-9.999986886978149414e-01,9.999980330467224121e-01,9.999914169311523438e-01,9.999962449073791504e-01,-9.999919533729553223e-01,9.999961853027343750e-01
-9.999936223030090332e-01,9.999947547912597656e-01,9.999747872352600098e-01,-9.999920725822448730e-01,-9.999957680702209473e-01,9.999952912330627441e-01,-9.999833703041076660e-01,-9.999961256980895996e-01,9.999886751174926758e-01,-9.999928474426269531e-01,9.999951720237731934e-01,9.999956488609313965e-01,-9.999925494194030762e-01,-9.999941587448120117e-01,-9.999682903289794922e-01,-9.999859333038330078e-01,-9.999896883964538574e-01,9.999938011169433594e-01,-9.999735951423645020e-01,9.999963641166687012e-01,9.999959468841552734e-01,-9.999716877937316895e-01,-9.999944567680358887e-01,-9.999930858612060547e-01,-9.999555945396423340e-01,-9.999959468841552734e-01,9.999933838844299316e-01,9.999956488609313965e-01,-9.999572038650512695e-01,9.999843239784240723e-01,9.999694824218750000e-01,9.999936223030090332e-01,-9.999553561210632324e-01,-9.999853372573852539e-01,9.999914765357971191e-01,-9.996794462203979492e-01,-9.999960660934448242e-01,-9.999945163726806641e-01,-9.999664425849914551e-01,9.999955892562866211e-01,-9.999948143959045410e-01,9.999618530273437500e-01,-9.999215602874755859e-01,-9.999955892562866211e-01,-9.999936223030090332e-01,-9.999932646751403809e-01,9.999735355377197266e-01,-9.999940395355224609e-01,-9.999952912330627441e-01,9.999941587448120117e-01,9.999952316284179688e-01,9.999934434890747070e-01,9.999956488609313965e-01,9.999722242355346680e-01,9.999932050704956055e-01,9.999929070472717285e-01,9.999790787696838379e-01,-9.998978972434997559e-01,-9.999886751174926758e-01,-9.999937415122985840e-01,9.999938607215881348e-01,-9.999959468841552734e-01,-9.999938011169433594e-01,-9.999819397926330566e-01,9.999815821647644043e-01,9.999954700469970703e-01,9.999962449073791504e-01,9.999843239784240723e-01,9.999958872795104980e-01,-9.999944567680358887e-01,9.999951124191284180e-01,-9.999914169311523438e-01,-9.999553561210632324e-01,9.999747276306152344e-01,9.999111890792846680e-01,9.999934434890747070e-01,-9.999709725379943848e-01,-9.999951124191284180e-01,9.999786615371704102e-01,9.999848604202270508e-01,-9.998972415924072266e-01,-9.999910593032836914e-01,9.999954700469970703e-01,-9.999920725822448730e-01,9.999932646751403809e-01,9.999569058418273926e-01,-9.999252557754516602e-01,-9.999958276748657227e-01,-9.999448060989379883e-01,-9.993028044700622559e-01,9.999859929084777832e-01,-9.999936223030090332e-01,9.999318122863769531e-01,9.999909996986389160e-01,-9.999927878379821777e-01,9.999915957450866699e-01,9.999641776084899902e-01,-9.999960660934448242e-01,9.999953508377075195e-01,-9.999846816062927246e-01,9.999872446060180664e-01,-9.999954700469970703e-01,9.996572136878967285e-01,-9.990475177764892578e-01,-9.999947547912597656e-01,-9.999893903732299805e-01,9.999187588691711426e-01,9.999936223030090332e-01,9.999759197235107422e-01,-9.999941587448120117e-01,9.999940395355224609e-01,-9.999929666519165039e-01,9.999934434890747070e-01,9.998429417610168457e-01,-9.999961256980895996e-01,9.999911189079284668e-01,-9.999960064888000488e-01,9.999933242797851562e-01,9.999805092811584473e-01,9.999914169311523438e-01,9.999952316284179688e-01,-9.999859929084777832e-01,-9.999933242797851562e-01,9.999905824661254883e-01,9.999583363533020020e-01,9.999819397926330566e-01,-9.999608397483825684e-01,9.999817013740539551e-01
9.999979734420776367e-01,-9.999983310699462891e-01,-9.999920725822448730e-01,9.999974370002746582e-01,9.999986886978149414e-01,-9.999985098838806152e-01,9.999946951866149902e-01,9.999987483024597168e-01,-9.999963045120239258e-01,9.999977350234985352e-01,-9.999983906745910645e-01,-9.999985694885253906e-01,9.999975562095642090e-01,9.999981522560119629e-01,9.999901056289672852e-01,9.999956488609313965e-01,9.999967813491821289e-01,-9.999980330467224121e-01,9.999917745590209961e-01,-9.999988079071044922e-01,-9.999987483024597168e-01,9.999911785125732422e-01,9.999982714653015137e-01,9.999977946281433105e-01,9.999862313270568848e-01,9.999987483024597168e-01,-9.999978542327880859e-01,-9.999985694885253906e-01,9.999866485595703125e-01,-9.999951124191284180e-01,-9.999904632568359375e-01,-9.999978542327880859e-01,9.999861717224121094e-01,9.999953508377075195e-01,-9.999972581863403320e-01,9.999002814292907715e-01,9.999987483024597168e-01,9.999981522560119629e-01,9.999895095825195312e-01,-9.999986290931701660e-01,9.999983310699462891e-01,-9.999881386756896973e-01,9.999755620956420898e-01,9.999985694885253906e-01,9.999979734420776367e-01,9.999977946281433105e-01,-9.999918341636657715e-01,9.999981522560119629e-01,9.999984502792358398e-01,-9.999982118606567383e-01,-9.999985098838806152e-01,-9.999978542327880859e-01,-9.999985694885253906e-01,-9.999913573265075684e-01,-9.999977946281433105e-01,-9.999977350234985352e-01,-9.999935030937194824e-01,9.999682307243347168e-01,9.999964237213134766e-01,9.999979138374328613e-01,-9.999979734420776367e-01,9.999986886978149414e-01,9.999980330467224121e-01,9.999944567680358887e-01,-9.999942183494567871e-01,-9.999985694885253906e-01,-9.999988079071044922e-01,-9.999951124191284180e-01,-9.999986290931701660e-01,9.999982714653015137e-01,-9.999983906745910645e-01,9.999973177909851074e-01,9.999861717224121094e-01,-9.999920129776000977e-01,-9.999723434448242188e-01,-9.999979734420776367e-01,9.999909996986389160e-01,9.999983906745910645e-01,-9.999933838844299316e-01,-9.999952316284179688e-01,9.999681115150451660e-01,9.999971985816955566e-01,-9.999985098838806152e-01,9.999974966049194336e-01,-9.999978542327880859e-01,-9.999865889549255371e-01,9.999768137931823730e-01,9.999986886978149414e-01,9.999828338623046875e-01,9.997833371162414551e-01,-9.999956488609313965e-01,9.999979734420776367e-01,-9.999787211418151855e-01,-9.999970793724060059e-01,9.999976754188537598e-01,-9.999973773956298828e-01,-9.999887943267822266e-01,9.999986886978149414e-01,-9.999985098838806152e-01,9.999951720237731934e-01,-9.999960064888000488e-01,9.999985098838806152e-01,-9.998933672904968262e-01,9.997038841247558594e-01,9.999983310699462891e-01,9.999965429306030273e-01,-9.999747276306152344e-01,-9.999979734420776367e-01,-9.999924898147583008e-01,9.999981522560119629e-01,-9.999980330467224121e-01,9.999977946281433105e-01,-9.999978542327880859e-01,-9.999510645866394043e-01,9.999988079071044922e-01,-9.999971389770507812e-01,9.999987483024597168e-01,-9.999979138374328613e-01,-9.999939203262329102e-01,-9.999972581863403320e-01,-9.999983906745910645e-01,9.999955892562866211e-01,9.999979138374328613e-01,-9.999970197677612305e-01,-9.999871253967285156e-01,-9.999943375587463379e-01,9.999878406524658203e-01,-9.999942183494567871e-01
9.999989271163940430e-01,-9.999992847442626953e-01,-9.999957680702209473e-01,9.999986886978149414e-01,9.999994039535522461e-01,-9.999993443489074707e-01,9.999971985816955566e-01,9.999994039535522461e-01,-9.999980926513671875e-01,9.999988675117492676e-01,-9.999993443489074707e-01,-9.999993443489074707e-01,9.999987483024597168e-01,9.999990463256835938e-01,9.999946951866149902e-01,9.999976158142089844e-01,9.999982714653015137e-01,-9.999989867210388184e-01,9.999955892562866211e-01,-9.999994039535522461e-01,-9.999994039535522461e-01,9.999952912330627441e-01,9.999991059303283691e-01,9.999988079071044922e-01,9.999925494194030762e-01,9.999994635581970215e-01,-9.999989271163940430e-01,-9.999992847442626953e-01,9.999928474426269531e-01,-9.999973773956298828e-01,-9.999949336051940918e-01,-9.999989271163940430e-01,9.999926686286926270e-01,9.999974966049194336e-01,-9.999985694885253906e-01,9.999461770057678223e-01,9.999994635581970215e-01,9.999991059303283691e-01,9.999944567680358887e-01,-9.999994039535522461e-01,9.999991655349731445e-01,-9.999936819076538086e-01,9.999868273735046387e-01,9.999992847442626953e-01,9.999989867210388184e-01,9.999989271163940430e-01,-9.999956488609313965e-01,9.999990463256835938e-01,9.999993443489074707e-01,-9.999991059303283691e-01,-9.999992251396179199e-01,-9.999989271163940430e-01,-9.999992847442626953e-01,-9.999954104423522949e-01,-9.999989271163940430e-01,-9.999988675117492676e-01,-9.999964237213134766e-01,9.999828934669494629e-01,9.999982118606567383e-01,9.999989271163940430e-01,-9.999989867210388184e-01,9.999993443489074707e-01,9.999989867210388184e-01,9.999969005584716797e-01,-9.999969601631164551e-01,-9.999993443489074707e-01,-9.999994635581970215e-01,-9.999974370002746582e-01,-9.999993443489074707e-01,9.999992251396179199e-01,-9.999993443489074707e-01,9.999986290931701660e-01,9.999926090240478516e-01,-9.999958276748657227e-01,-9.999850988388061523e-01,-9.999989867210388184e-01,9.999951720237731934e-01,9.999992251396179199e-01,-9.999963641166687012e-01,-9.999974966049194336e-01,9.999828338623046875e-01,9.999985694885253906e-01,-9.999992847442626953e-01,9.999987483024597168e-01,-9.999988675117492676e-01,-9.999929070472717285e-01,9.999874830245971680e-01,9.999994039535522461e-01,9.999907612800598145e-01,9.998828768730163574e-01,-9.999976754188537598e-01,9.999989271163940430e-01,-9.999886155128479004e-01,-9.999985694885253906e-01,9.999988675117492676e-01,-9.999986290931701660e-01,-9.999939799308776855e-01,9.999993443489074707e-01,-9.999992847442626953e-01,9.999973773956298828e-01,-9.999979138374328613e-01,9.999992847442626953e-01,-9.999425411224365234e-01,9.998401403427124023e-01,9.999991655349731445e-01,9.999982118606567383e-01,-9.999864101409912109e-01,-9.999989271163940430e-01,-9.999960064888000488e-01,9.999990463256835938e-01,-9.999989867210388184e-01,9.999988675117492676e-01,-9.999989271163940430e-01,-9.999736547470092773e-01,9.999994635581970215e-01,-9.999985098838806152e-01,9.999994039535522461e-01,-9.999989271163940430e-01,-9.999966621398925781e-01,-9.999986290931701660e-01,-9.999993443489074707e-01,9.999975562095642090e-01,9.999989867210388184e-01,-9.999983906745910645e-01,-9.999930262565612793e-01,-9.999969601631164551e-01,9.999935626983642578e-01,-9.999969005584716797e-01
-9.999988675117492676e-01,9.999990463256835938e-01,9.999952912330627441e-01,-9.999985098838806152e-01,-9.999993443489074707e-01,9.999992847442626953e-01,-9.999968409538269043e-01,-9.999994039535522461e-01,9.999979138374328613e-01,-9.999986886978149414e-01,9.999992251396179199e-01,9.999992251396179199e-01,-9.999985694885253906e-01,-9.999989271163940430e-01,-9.999940991401672363e-01,-9.999973773956298828e-01,-9.999980330467224121e-01,9.999988675117492676e-01,-9.999951124191284180e-01,9.999993443489074707e-01,9.999993443489074707e-01,-9.999946951866149902e-01,-9.999989271163940430e-01,-9.999987483024597168e-01,-9.999917745590209961e-01,-9.999994039535522461e-01,9.999987483024597168e-01,9.999992251396179199e-01,-9.999920129776000977e-01,9.999970793724060059e-01,9.999943971633911133e-01,9.999988675117492676e-01,-9.999917149543762207e-01,-9.999971985816955566e-01,9.999985098838806152e-01,-9.999399185180664062e-01,-9.999992847442626953e-01,-9.999990463256835938e-01,-9.999938011169433594e-01,9.999992847442626953e-01,-9.999991655349731445e-01,9.999929666519165039e-01,-9.999853372573852539e-01,-9.999992251396179199e-01,-9.999988675117492676e-01,-9.999988079071044922e-01,9.999951124191284180e-01,-9.999989271163940430e-01,-9.999992847442626953e-01,9.999989867210388184e-01,9.999991655349731445e-01,9.999987483024597168e-01,9.999993443489074707e-01,9.999948740005493164e-01,9.999988079071044922e-01,9.999987483024597168e-01,9.999960064888000488e-01,-9.999809265136718750e-01,-9.999979138374328613e-01,-9.999988675117492676e-01,9.999989271163940430e-01,-9.999993443489074707e-01,-9.999988675117492676e-01,-9.999966621398925781e-01,9.999966025352478027e-01,9.999991655349731445e-01,9.999994039535522461e-01,9.999970793724060059e-01,9.999992847442626953e-01,-9.999989867210388184e-01,9.999992251396179199e-01,-9.999984502792358398e-01,-9.999917745590209961e-01,9.999953508377075195e-01,9.999834299087524414e-01,9.999987483024597168e-01,-9.999947547912597656e-01,-9.999992251396179199e-01,9.999960660934448242e-01,9.999971985816955566e-01,-9.999808669090270996e-01,-9.999983906745910645e-01,9.999991655349731445e-01,-9.999986886978149414e-01,9.999987483024597168e-01,9.999920129776000977e-01,-9.999860525131225586e-01,-9.999993443489074707e-01,-9.999896883964538574e-01,-9.998694062232971191e-01,9.999974370002746582e-01,-9.999988079071044922e-01,9.999872446060180664e-01,9.999983906745910645e-01,-9.999986886978149414e-01,9.999985098838806152e-01,9.999933242797851562e-01,-9.999992847442626953e-01,9.999991655349731445e-01,-9.999970793724060059e-01,9.999976754188537598e-01,-9.999992847442626953e-01,9.999357461929321289e-01,-9.998215436935424805e-01,-9.999990463256835938e-01,-9.999980926513671875e-01,9.999849200248718262e-01,9.999988675117492676e-01,9.999955296516418457e-01,-9.999989867210388184e-01,9.999989271163940430e-01,-9.999987483024597168e-01,9.999988079071044922e-01,9.999707341194152832e-01,-9.999994039535522461e-01,9.999983310699462891e-01,-9.999993443489074707e-01,9.999988079071044922e-01,9.999963045120239258e-01,9.999984502792358398e-01,9.999992251396179199e-01,-9.999973773956298828e-01,-9.999988079071044922e-01,9.999983310699462891e-01,9.999921917915344238e-01,9.999966025352478027e-01,-9.999927878379821777e-01,9.999965429306030273e-01
9.999957680702209473e-01,-9.999965429306030273e-01,-9.999833703041076660e-01,9.999946951866149902e-01,9.999971985816955566e-01,-9.999968409538269043e-01,9.999890327453613281e-01,9.999974966049194336e-01,-9.999924302101135254e-01,9.999952912330627441e-01,-9.999967813491821289e-01,-9.999970793724060059e-01,9.999949336051940918e-01,9.999960660934448242e-01,9.999791383743286133e-01,9.999907016754150391e-01,9.999932646751403809e-01,-9.999959468841552734e-01,9.999826550483703613e-01,-9.999974966049194336e-01,-9.999973177909851074e-01,9.999812841415405273e-01,9.999961853027343750e-01,9.999954700469970703e-01,9.999708533287048340e-01,9.999973177909851074e-01,-9.999955892562866211e-01,-9.999970197677612305e-01,9.999718666076660156e-01,-9.999896883964538574e-01,-9.999798536300659180e-01,-9.999957680702209473e-01,9.999706745147705078e-01,9.999902844429016113e-01,-9.999943375587463379e-01,9.997891783714294434e-01,9.999973773956298828e-01,9.999962449073791504e-01,9.999779462814331055e-01,-9.999970793724060059e-01,9.999965429306030273e-01,-9.999749660491943359e-01,9.999483227729797363e-01,9.999970197677612305e-01,9.999957084655761719e-01,9.999955296516418457e-01,-9.999826550483703613e-01,9.999959468841552734e-01,9.999968409538269043e-01,-9.999961853027343750e-01,-9.999967217445373535e-01,-9.999957084655761719e-01,-9.999970793724060059e-01,-9.999817013740539551e-01,-9.999955296516418457e-01,-9.999953508377075195e-01,-9.999862313270568848e-01,9.999327063560485840e-01,9.999925494194030762e-01,9.999958276748657227e-01,-9.999958872795104980e-01,9.999972581863403320e-01,9.999958276748657227e-01,9.999881982803344727e-01,-9.999879002571105957e-01,-9.999969601631164551e-01,-9.999974966049194336e-01,-9.999896883964538574e-01,-9.999971985816955566e-01,9.999961853027343750e-01,-9.999967217445373535e-01,9.999942779541015625e-01,9.999707341194152832e-01,-9.999833703041076660e-01,-9.999415874481201172e-01,-9.999957680702209473e-01,9.999809265136718750e-01,9.999967217445373535e-01,-9.999858736991882324e-01,-9.999899864196777344e-01,9.999324083328247070e-01,9.999940991401672363e-01,-9.999970197677612305e-01,9.999948740005493164e-01,-9.999955296516418457e-01,-9.999717473983764648e-01,9.999508857727050781e-01,9.999972581863403320e-01,9.999636411666870117e-01,9.995414018630981445e-01,-9.999907612800598145e-01,9.999957084655761719e-01,-9.999552369117736816e-01,-9.999940991401672363e-01,9.999951720237731934e-01,-9.999944567680358887e-01,-9.999765157699584961e-01,9.999973177909851074e-01,-9.999969005584716797e-01,9.999899268150329590e-01,-9.999915957450866699e-01,9.999969601631164551e-01,-9.997746944427490234e-01,9.993733763694763184e-01,9.999964833259582520e-01,9.999930262565612793e-01,-9.999465346336364746e-01,-9.999957084655761719e-01,-9.999841451644897461e-01,9.999961256980895996e-01,-9.999958872795104980e-01,9.999954104423522949e-01,-9.999956488609313965e-01,-9.998966455459594727e-01,9.999974370002746582e-01,-9.999940991401672363e-01,9.999973773956298828e-01,-9.999955296516418457e-01,-9.999870657920837402e-01,-9.999943375587463379e-01,-9.999967813491821289e-01,9.999907612800598145e-01,9.999955892562866211e-01,-9.999937415122985840e-01,-9.999725818634033203e-01,-9.999880790710449219e-01,9.999743103981018066e-01,-9.999879002571105957e-01
9.999992251396179199e-01,-9.999992251396179199e-01,-9.999961256980895996e-01,9.999987483024597168e-01,9.999994039535522461e-01,-9.999994039535522461e-01,9.999974966049194336e-01,9.999995231628417969e-01,-9.999982714653015137e-01,9.999989867210388184e-01,-9.999994039535522461e-01,-9.999992847442626953e-01,9.999988079071044922e-01,9.999991655349731445e-01,9.999951720237731934e-01,9.999978542327880859e-01,9.999984502792358398e-01,-9.999992251396179199e-01,9.999959468841552734e-01,-9.999994039535522461e-01,-9.999994635581970215e-01,9.999957084655761719e-01,9.999992251396179199e-01,9.999989271163940430e-01,9.999933242797851562e-01,9.999995231628417969e-01,-9.999989271163940430e-01,-9.999992847442626953e-01,9.999935030937194824e-01,-9.999976754188537598e-01,-9.999954104423522949e-01,-9.999991059303283691e-01,9.999933242797851562e-01,9.999977350234985352e-01,-9.999986886978149414e-01,9.999518394470214844e-01,9.999994635581970215e-01,9.999992251396179199e-01,9.999949932098388672e-01,-9.999994635581970215e-01,9.999992251396179199e-01,-9.999943375587463379e-01,9.999881386756896973e-01,9.999994039535522461e-01,9.999992251396179199e-01,9.999989867210388184e-01,-9.999960064888000488e-01,9.999991655349731445e-01,9.999994039535522461e-01,-9.999991655349731445e-01,-9.999993443489074707e-01,-9.999990463256835938e-01,-9.999993443489074707e-01,-9.999958872795104980e-01,-9.999989867210388184e-01,-9.999989867210388184e-01,-9.999967813491821289e-01,9.999846816062927246e-01,9.999982714653015137e-01,9.999991059303283691e-01,-9.999991059303283691e-01,9.999994039535522461e-01,9.999991059303283691e-01,9.999973177909851074e-01,-9.999971985816955566e-01,-9.999993443489074707e-01,-9.999995231628417969e-01,-9.999976754188537598e-01,-9.999994039535522461e-01,9.999992847442626953e-01,-9.999992847442626953e-01,9.999987483024597168e-01,9.999933838844299316e-01,-9.999962449073791504e-01,-9.999867081642150879e-01,-9.999990463256835938e-01,9.999957084655761719e-01,9.999992847442626953e-01,-9.999967217445373535e-01,-9.999976754188537598e-01,9.999845623970031738e-01,9.999986290931701660e-01,-9.999992847442626953e-01,9.999988675117492676e-01,-9.999989867210388184e-01,-9.999935626983642578e-01,9.999887347221374512e-01,9.999994635581970215e-01,9.999917149543762207e-01,9.998951554298400879e-01,-9.999979138374328613e-01,9.999991059303283691e-01,-9.999896883964538574e-01,-9.999986886978149414e-01,9.999989271163940430e-01,-9.999988079071044922e-01,-9.999946355819702148e-01,9.999994635581970215e-01,-9.999994039535522461e-01,9.999976754188537598e-01,-9.999980926513671875e-01,9.999993443489074707e-01,-9.999485015869140625e-01,9.998567700386047363e-01,9.999993443489074707e-01,9.999985098838806152e-01,-9.999877810478210449e-01,-9.999991059303283691e-01,-9.999963045120239258e-01,9.999991655349731445e-01,-9.999991655349731445e-01,9.999989271163940430e-01,-9.999991655349731445e-01,-9.999764561653137207e-01,9.999995231628417969e-01,-9.999986290931701660e-01,9.999994635581970215e-01,-9.999989867210388184e-01,-9.999970197677612305e-01,-9.999987483024597168e-01,-9.999992847442626953e-01,9.999978542327880859e-01,9.999990463256835938e-01,-9.999985694885253906e-01,-9.999937415122985840e-01,-9.999972581863403320e-01,9.999941587448120117e-01,-9.999971985816955566e-01
-9.999970793724060059e-01,9.999976158142089844e-01,9.999886751174926758e-01,-9.999963045120239258e-01,-9.999980926513671875e-01,9.999979138374328613e-01,-9.999924302101135254e-01,-9.999982714653015137e-01,9.999949336051940918e-01,-9.999967217445373535e-01,9.999978542327880859e-01,9.999980330467224121e-01,-9.999964833259582520e-01,-9.999974370002746582e-01,-9.999858140945434570e-01,-9.999936819076538086e-01,-9.999953508377075195e-01,9.999971985816955566e-01,-9.999881386756896973e-01,9.999982714653015137e-01,9.999981522560119629e-01,-9.999872446060180664e-01,-9.999974370002746582e-01,-9.999968409538269043e-01,-9.999800920486450195e-01,-9.999981522560119629e-01,9.999970197677612305e-01,9.999979138374328613e-01,-9.999808669090270996e-01,9.999929666519165039e-01,9.999862909317016602e-01,9.999971985816955566e-01,-9.999800324440002441e-01,-9.999933838844299316e-01,9.999961256980895996e-01,-9.998560547828674316e-01,-9.999982118606567383e-01,-9.999974966049194336e-01,-9.999849796295166016e-01,9.999979734420776367e-01,-9.999976158142089844e-01,9.999829530715942383e-01,-9.999647140502929688e-01,-9.999980330467224121e-01,-9.999970793724060059e-01,-9.999968409538269043e-01,9.999881386756896973e-01,-9.999972581863403320e-01,-9.999978542327880859e-01,9.999973773956298828e-01,9.999977946281433105e-01,9.999970197677612305e-01,9.999980330467224121e-01,9.999875426292419434e-01,9.999969005584716797e-01,9.999968409538269043e-01,9.999905824661254883e-01,-9.999541640281677246e-01,-9.999949336051940918e-01,-9.999971389770507812e-01,9.999971985816955566e-01,-9.999981522560119629e-01,-9.999971985816955566e-01,-9.999919533729553223e-01,9.999917149543762207e-01,9.999979138374328613e-01,9.999983906745910645e-01,9.999929666519165039e-01,9.999980330467224121e-01,-9.999974370002746582e-01,9.999977350234985352e-01,-9.999960660934448242e-01,-9.999800920486450195e-01,9.999886751174926758e-01,9.999601244926452637e-01,9.999970793724060059e-01,-9.999870657920837402e-01,-9.999977946281433105e-01,9.999905228614807129e-01,9.999932050704956055e-01,-9.999538660049438477e-01,-9.999960660934448242e-01,9.999979138374328613e-01,-9.999964833259582520e-01,9.999969601631164551e-01,9.999807476997375488e-01,-9.999663829803466797e-01,-9.999982118606567383e-01,-9.999752640724182129e-01,-9.996868371963500977e-01,9.999936819076538086e-01,-9.999970793724060059e-01,9.999694824218750000e-01,9.999959468841552734e-01,-9.999967217445373535e-01,9.999961853027343750e-01,9.999839663505554199e-01,-9.999982118606567383e-01,9.999979138374328613e-01,-9.999930858612060547e-01,9.999943375587463379e-01,-9.999979138374328613e-01,9.998460412025451660e-01,-9.995721578598022461e-01,-9.999976158142089844e-01,-9.999952912330627441e-01,9.999634623527526855e-01,9.999970793724060059e-01,9.999892711639404297e-01,-9.999973773956298828e-01,9.999973177909851074e-01,-9.999967813491821289e-01,9.999970197677612305e-01,9.999294877052307129e-01,-9.999983310699462891e-01,9.999960064888000488e-01,-9.999981522560119629e-01,9.999969601631164551e-01,9.999911785125732422e-01,9.999960660934448242e-01,9.999977946281433105e-01,-9.999936819076538086e-01,-9.999969601631164551e-01,9.999957680702209473e-01,9.999813437461853027e-01,9.999919533729553223e-01,-9.999824762344360352e-01,9.999917149543762207e-01
9.999981522560119629e-01,-9.999985694885253906e-01,-9.999928474426269531e-01,9.999977350234985352e-01,9.999988675117492676e-01,-9.999986886978149414e-01,9.999952912330627441e-01,9.999989867210388184e-01,-9.999967217445373535e-01,9.999979138374328613e-01,-9.999986886978149414e-01,-9.999987483024597168e-01,9.999977946281433105e-01,9.999983906745910645e-01,9.999909996986389160e-01,9.999960064888000488e-01,9.999970197677612305e-01,-9.999983310699462891e-01,9.999926090240478516e-01,-9.999989867210388184e-01,-9.999988079071044922e-01,9.999918937683105469e-01,9.999983906745910645e-01,9.999979734420776367e-01,9.999873638153076172e-01,9.999989271163940430e-01,-9.999980926513671875e-01,-9.999987483024597168e-01,9.999878406524658203e-01,-9.999955296516418457e-01,-9.999912977218627930e-01,-9.999981522560119629e-01,9.999872446060180664e-01,9.999957680702209473e-01,-9.999975562095642090e-01,9.999086856842041016e-01,9.999988675117492676e-01,9.999983906745910645e-01,9.999904632568359375e-01,-9.999987483024597168e-01,9.999985098838806152e-01,-9.999891519546508789e-01,9.999777078628540039e-01,9.999987483024597168e-01,9.999982714653015137e-01,9.999980330467224121e-01,-9.999924898147583008e-01,9.999982714653015137e-01,9.999986886978149414e-01,-9.999983310699462891e-01,-9.999986290931701660e-01,-9.999980926513671875e-01,-9.999987483024597168e-01,-9.999921917915344238e-01,-9.999980330467224121e-01,-9.999980330467224121e-01,-9.999940395355224609e-01,9.999709725379943848e-01,9.999967217445373535e-01,9.999982118606567383e-01,-9.999982118606567383e-01,9.999988079071044922e-01,9.999982118606567383e-01,9.999949336051940918e-01,-9.999947547912597656e-01,-9.999987483024597168e-01,-9.999989867210388184e-01,-9.999955296516418457e-01,-9.999988079071044922e-01,9.999985098838806152e-01,-9.999986290931701660e-01,9.999975562095642090e-01,9.999874234199523926e-01,-9.999929070472717285e-01,-9.999747276306152344e-01,-9.999981522560119629e-01,9.999917745590209961e-01,9.999985694885253906e-01,-9.999940395355224609e-01,-9.999957084655761719e-01,9.999708533287048340e-01,9.999974370002746582e-01,-9.999986886978149414e-01,9.999977946281433105e-01,-9.999980926513671875e-01,-9.999878406524658203e-01,9.999787807464599609e-01,9.999988675117492676e-01,9.999843239784240723e-01,9.998013377189636230e-01,-9.999959468841552734e-01,9.999980330467224121e-01,-9.999806284904479980e-01,-9.999973773956298828e-01,9.999979138374328613e-01,-9.999975562095642090e-01,-9.999898076057434082e-01,9.999988675117492676e-01,-9.999986886978149414e-01,9.999956488609313965e-01,-9.999963641166687012e-01,9.999986886978149414e-01,-9.999023079872131348e-01,9.997285604476928711e-01,9.999985694885253906e-01,9.999969601631164551e-01,-9.999768733978271484e-01,-9.999981522560119629e-01,-9.999932646751403809e-01,9.999983310699462891e-01,-9.999982714653015137e-01,9.999979734420776367e-01,-9.999982118606567383e-01,-9.999552369117736816e-01,9.999989867210388184e-01,-9.999974370002746582e-01,9.999989271163940430e-01,-9.999980926513671875e-01,-9.999944567680358887e-01,-9.999975562095642090e-01,-9.999986290931701660e-01,9.999959468841552734e-01,9.999980926513671875e-01,-9.999972581863403320e-01,-9.999881982803344727e-01,-9.999948740005493164e-01,9.999889731407165527e-01,-9.999948143959045410e-01
-9.999988079071044922e-01,9.999990463256835938e-01,9.999951720237731934e-01,-9.999983906745910645e-01,-9.999993443489074707e-01,9.999992251396179199e-01,-9.999967813491821289e-01,-9.999994039535522461e-01,9.999978542327880859e-01,-9.999986886978149414e-01,9.999991059303283691e-01,9.999992251396179199e-01,-9.999984502792358398e-01,-9.999989271163940430e-01,-9.999939203262329102e-01,-9.999973177909851074e-01,-9.999980330467224121e-01,9.999988675117492676e-01,-9.999949932098388672e-01,9.999993443489074707e-01,9.999993443489074707e-01,-9.999944567680358887e-01,-9.999989271163940430e-01,-9.999986290931701660e-01,-9.999914765357971191e-01,-9.999993443489074707e-01,9.999986886978149414e-01,9.999992251396179199e-01,-9.999917745590209961e-01,9.999969005584716797e-01,9.999940991401672363e-01,9.999987483024597168e-01,-9.999914169311523438e-01,-9.999971389770507812e-01,9.999984502792358398e-01,-9.999382495880126953e-01,-9.999992847442626953e-01,-9.999989867210388184e-01,-9.999936223030090332e-01,9.999992847442626953e-01,-9.999989867210388184e-01,9.999927878379821777e-01,-9.999849200248718262e-01,-9.999992847442626953e-01,-9.999987483024597168e-01,-9.999986886978149414e-01,9.999949336051940918e-01,-9.999988675117492676e-01,-9.999992251396179199e-01,9.999988675117492676e-01,9.999991059303283691e-01,9.999986886978149414e-01,9.999992251396179199e-01,9.999946355819702148e-01,9.999987483024597168e-01,9.999986886978149414e-01,9.999960064888000488e-01,-9.999803900718688965e-01,-9.999978542327880859e-01,-9.999987483024597168e-01,9.999988675117492676e-01,-9.999993443489074707e-01,-9.999988675117492676e-01,-9.999964833259582520e-01,9.999964833259582520e-01,9.999991655349731445e-01,9.999992847442626953e-01,9.999970197677612305e-01,9.999992251396179199e-01,-9.999989867210388184e-01,9.999991059303283691e-01,-9.999983906745910645e-01,-9.999915361404418945e-01,9.999952316284179688e-01,9.999830126762390137e-01,9.999988079071044922e-01,-9.999945163726806641e-01,-9.999991059303283691e-01,9.999959468841552734e-01,9.999970197677612305e-01,-9.999803304672241211e-01,-9.999983310699462891e-01,9.999991655349731445e-01,-9.999985694885253906e-01,9.999986886978149414e-01,9.999917149543762207e-01,-9.999856352806091309e-01,-9.999993443489074707e-01,-9.999893903732299805e-01,-9.998657107353210449e-01,9.999972581863403320e-01,-9.999987483024597168e-01,9.999868869781494141e-01,9.999982714653015137e-01,-9.999986886978149414e-01,9.999983310699462891e-01,9.999930858612060547e-01,-9.999992847442626953e-01,9.999992251396179199e-01,-9.999970197677612305e-01,9.999974966049194336e-01,-9.999991655349731445e-01,9.999339580535888672e-01,-9.998164176940917969e-01,-9.999990463256835938e-01,-9.999979734420776367e-01,9.999843835830688477e-01,9.999988079071044922e-01,9.999954104423522949e-01,-9.999989271163940430e-01,9.999989271163940430e-01,-9.999986886978149414e-01,9.999988079071044922e-01,9.999698996543884277e-01,-9.999992847442626953e-01,9.999982714653015137e-01,-9.999993443489074707e-01,9.999986886978149414e-01,9.999961853027343750e-01,9.999983906745910645e-01,9.999992251396179199e-01,-9.999972581863403320e-01,-9.999987483024597168e-01,9.999981522560119629e-01,9.999920725822448730e-01,9.999964833259582520e-01,-9.999926090240478516e-01,9.999964237213134766e-01
-9.999988675117492676e-01,9.999991655349731445e-01,9.999956488609313965e-01,-9.999985694885253906e-01,-9.999993443489074707e-01,9.999992251396179199e-01,-9.999970793724060059e-01,-9.999992847442626953e-01,9.999980330467224121e-01,-9.999987483024597168e-01,9.999992251396179199e-01,9.999992251396179199e-01,-9.999986290931701660e-01,-9.999990463256835938e-01,-9.999945759773254395e-01,-9.999974966049194336e-01,-9.999981522560119629e-01,9.999989271163940430e-01,-9.999955296516418457e-01,9.999993443489074707e-01,9.999993443489074707e-01,-9.999951720237731934e-01,-9.999991059303283691e-01,-9.999988079071044922e-01,-9.999923706054687500e-01,-9.999993443489074707e-01,9.999988675117492676e-01,9.999992847442626953e-01,-9.999926686286926270e-01,9.999971985816955566e-01,9.999947547912597656e-01,9.999989271163940430e-01,-9.999924898147583008e-01,-9.999974966049194336e-01,9.999984502792358398e-01,-9.999456405639648438e-01,-9.999993443489074707e-01,-9.999991059303283691e-01,-9.999943375587463379e-01,9.999992847442626953e-01,-9.999991655349731445e-01,9.999935626983642578e-01,-9.999866485595703125e-01,-9.999992847442626953e-01,-9.999988079071044922e-01,-9.999988675117492676e-01,9.999955296516418457e-01,-9.999990463256835938e-01,-9.999992251396179199e-01,9.999990463256835938e-01,9.999991059303283691e-01,9.999988675117492676e-01,9.999992847442626953e-01,9.999952912330627441e-01,9.999988079071044922e-01,9.999987483024597168e-01,9.999964237213134766e-01,-9.999826550483703613e-01,-9.999980330467224121e-01,-9.999989271163940430e-01,9.999988675117492676e-01,-9.999993443489074707e-01,-9.999988675117492676e-01,-9.999969005584716797e-01,9.999968409538269043e-01,9.999992847442626953e-01,9.999994039535522461e-01,9.999973177909851074e-01,9.999992847442626953e-01,-9.999991059303283691e-01,9.999992251396179199e-01,-9.999985694885253906e-01,-9.999924302101135254e-01,9.999956488609313965e-01,9.999849796295166016e-01,9.999988675117492676e-01,-9.999950528144836426e-01,-9.999992251396179199e-01,9.999962449073791504e-01,9.999973773956298828e-01,-9.999825358390808105e-01,-9.999984502792358398e-01,9.999992847442626953e-01,-9.999986290931701660e-01,9.999988079071044922e-01,9.999927282333374023e-01,-9.999872446060180664e-01,-9.999993443489074707e-01,-9.999905824661254883e-01,-9.998816847801208496e-01,9.999974966049194336e-01,-9.999988675117492676e-01,9.999883770942687988e-01,9.999984502792358398e-01,-9.999987483024597168e-01,9.999985694885253906e-01,9.999939203262329102e-01,-9.999992847442626953e-01,9.999992251396179199e-01,-9.999973773956298828e-01,9.999977946281433105e-01,-9.999992847442626953e-01,9.999418854713439941e-01,-9.998382925987243652e-01,-9.999991655349731445e-01,-9.999981522560119629e-01,9.999861717224121094e-01,9.999989271163940430e-01,9.999958872795104980e-01,-9.999989271163940430e-01,9.999989867210388184e-01,-9.999988079071044922e-01,9.999988675117492676e-01,9.999734163284301758e-01,-9.999994039535522461e-01,9.999983906745910645e-01,-9.999993443489074707e-01,9.999988079071044922e-01,9.999965429306030273e-01,9.999985098838806152e-01,9.999992251396179199e-01,-9.999975562095642090e-01,-9.999988675117492676e-01,9.999982714653015137e-01,9.999929666519165039e-01,9.999968409538269043e-01,-9.999933838844299316e-01,9.999968409538269043e-01
