4.827254712581634521e-01,1.776411756873130798e-02,-1.558836102485656738e-01,1.653115637600421906e-02,2.185060381889343262e-01,-1.422809958457946777e-01,1.153566762804985046e-01,3.866334855556488037e-01,1.129153370857238770e-01,7.649135589599609375e-02,-8.972482383251190186e-02,-9.278509765863418579e-02,7.153493911027908325e-02,1.999971866607666016e-01,2.707755565643310547e-01,1.913354247808456421e-01,9.105756878852844238e-03,1.115007605403661728e-02,6.918315589427947998e-02,-5.540216341614723206e-02,-1.323248445987701416e-01,7.380149513483047485e-02,-5.249125882983207703e-03,5.237897485494613647e-02,1.426993589848279953e-02,1.227686405181884766e-01,-3.144770860671997070e-02,-2.281206250190734863e-01,7.481054961681365967e-02,-1.408790946006774902e-01,-1.530504524707794189e-01,-1.339524686336517334e-01,6.824190914630889893e-02,6.684745103120803833e-02,-3.305079042911529541e-02,-1.421164274215698242e-01,-4.852421581745147705e-03,8.981651812791824341e-02,-3.308528959751129150e-01,-3.695279359817504883e-01,2.422974109649658203e-01,9.062705188989639282e-02,-3.234471008181571960e-02,2.420903556048870087e-02,-2.944029495120048523e-02,-4.311829805374145508e-02,-2.373112142086029053e-01,-1.268976628780364990e-01,4.654803499579429626e-02,5.294499173760414124e-02,-1.480019092559814453e-01,-3.156198188662528992e-02,2.082604318857192993e-01,-3.971764817833900452e-02,-5.919034779071807861e-02,-2.203578799962997437e-01,7.195547968149185181e-02,1.656163856387138367e-02,-6.413692235946655273e-02,-8.074320107698440552e-02,-1.643043383955955505e-02,-1.430775225162506104e-02,9.959361515939235687e-03,1.758101731538772583e-01,3.416064381599426270e-02,-1.859812811017036438e-02,-1.210063248872756958e-01,2.235800623893737793e-01,-1.669528633356094360e-01,1.644517779350280762e-01,-2.451427578926086426e-01,7.553068548440933228e-02,2.284649573266506195e-02,2.239222824573516846e-01,-1.183610707521438599e-01,-1.949579715728759766e-01,-3.159163985401391983e-03,1.906197518110275269e-01,-1.699703186750411987e-01,-1.377232074737548828e-01,1.352679133415222168e-01,1.774020958691835403e-03,-2.723818719387054443e-01,-3.900243667885661125e-03,-3.070429265499114990e-01,-8.882592618465423584e-02,2.235413640737533569e-01,2.853563986718654633e-03,-1.135990116745233536e-02,1.088162213563919067e-01,-1.252811104059219360e-01,1.929584518074989319e-02,4.902007803320884705e-02,-9.045608341693878174e-02,-1.453302353620529175e-01,-2.760981321334838867e-01,2.096778154373168945e-01,-2.415240451227873564e-04,-2.330244779586791992e-01,3.106030225753784180e-01,-1.271660774946212769e-01,2.854450643062591553e-01,-1.389505118131637573e-01,-8.020388334989547729e-02,7.915241271257400513e-02,2.780371010303497314e-01,2.099704556167125702e-02,2.277861349284648895e-03,-3.013817667961120605e-01,4.383014049381017685e-03,5.754062905907630920e-02,4.920254647731781006e-02,-7.724303752183914185e-02,-1.013798415660858154e-01,2.116937190294265747e-01,-1.626549810171127319e-01,3.453461229801177979e-01,-5.670898780226707458e-02,-3.719168603420257568e-01,2.876272238790988922e-02,-4.716804251074790955e-03,2.305222302675247192e-01,2.418691962957382202e-01,4.460113868117332458e-02,1.369906868785619736e-02,-1.327948719263076782e-01,-5.650669336318969727e-03,3.305318206548690796e-02
1.776411756873130798e-02,1.962463743984699249e-02,-1.203442290425300598e-01,8.757542073726654053e-02,6.404610723257064819e-02,-2.050559036433696747e-02,-1.144542358815670013e-02,4.261896759271621704e-02,2.426253072917461395e-02,4.092510044574737549e-02,2.492309315130114555e-03,-5.178751051425933838e-02,9.360980242490768433e-02,8.078507333993911743e-02,1.124975085258483887e-01,1.165457144379615784e-01,-2.275406441185623407e-04,6.579735875129699707e-02,-7.057131826877593994e-02,-5.757738277316093445e-02,-6.232511252164840698e-02,1.142705902457237244e-01,6.003989651799201965e-02,-1.593641377985477448e-02,1.459851209074258804e-02,1.275000572204589844e-01,-1.247420459985733032e-01,-4.681730642914772034e-02,1.045013740658760071e-01,-4.507820587605237961e-03,1.459386851638555527e-02,-1.169863864779472351e-01,8.125369995832443237e-02,5.324931442737579346e-02,-4.381204023957252502e-03,-1.262527406215667725e-01,3.299795091152191162e-02,6.601208448410034180e-02,-7.738118618726730347e-02,-6.907767057418823242e-02,1.022102385759353638e-01,1.312670949846506119e-02,1.112904250621795654e-01,1.705455407500267029e-02,-1.033439207822084427e-02,-6.964470446109771729e-02,-1.228022128343582153e-01,-3.715051710605621338e-02,-9.180512279272079468e-03,2.327544428408145905e-02,6.721145939081907272e-03,-1.700572669506072998e-03,2.626954391598701477e-02,-6.899679545313119888e-03,1.890787272714078426e-03,-1.311614215373992920e-01,2.673366107046604156e-02,1.005087234079837799e-02,-5.755833536386489868e-02,-6.700196862220764160e-02,-6.174957845360040665e-03,1.324561517685651779e-02,4.364296793937683105e-03,3.505880385637283325e-02,1.146383490413427353e-02,-2.952540293335914612e-02,3.197860717773437500e-02,1.195920780301094055e-01,-1.151876598596572876e-01,1.554577425122261047e-02,-8.822759985923767090e-02,-7.133877370506525040e-03,-3.321423381567001343e-02,1.138943880796432495e-01,-2.500432357192039490e-02,-1.059848219156265259e-01,-2.568569267168641090e-03,1.341487616300582886e-01,-5.571030452847480774e-02,-1.114879027009010315e-01,1.212468519806861877e-01,1.067206379957497120e-03,-8.637572079896926880e-02,2.249215962365269661e-03,-9.411711990833282471e-02,-1.165349408984184265e-01,3.414334356784820557e-02,5.537052638828754425e-03,5.707409605383872986e-02,5.118509382009506226e-02,-1.555242203176021576e-02,-3.507190197706222534e-02,-1.011663898825645447e-01,3.966393321752548218e-02,-1.047591865062713623e-01,4.429802298545837402e-03,6.831551343202590942e-02,-9.086063801078125834e-05,-8.487179130315780640e-02,6.025619432330131531e-02,-2.579853683710098267e-02,3.083284385502338409e-02,-1.282943785190582275e-01,-5.529621616005897522e-02,1.351248323917388916e-01,6.328620482236146927e-03,-8.286480605602264404e-02,-1.176955848932266235e-01,-1.367834024131298065e-02,-8.972705341875553131e-03,8.205211162567138672e-02,-4.490866884589195251e-02,-1.115751266479492188e-01,-2.622205205261707306e-02,1.307317316532135010e-01,-1.154818683862686157e-01,4.995716735720634460e-02,2.529258653521537781e-02,-1.169751212000846863e-01,3.830054402351379395e-02,8.050411939620971680e-02,9.042362123727798462e-02,1.112698838114738464e-01,-5.431488528847694397e-02,-4.996550083160400391e-02,-5.415059626102447510e-02,3.708720905706286430e-03,5.984603613615036011e-02
-1.558836102485656738e-01,-1.203442290425300598e-01,7.730872035026550293e-01,-6.080573797225952148e-01,-3.891561329364776611e-01,6.850893795490264893e-02,2.201038785278797150e-02,-3.135585486888885498e-01,-1.445397436618804932e-01,-2.885262072086334229e-01,4.468821454793214798e-03,3.671860694885253906e-01,-5.521754026412963867e-01,-5.757943391799926758e-01,-7.168661952018737793e-01,-7.163175344467163086e-01,-5.808733403682708740e-03,-3.824067413806915283e-01,4.904608130455017090e-01,4.213559925556182861e-01,4.168900847434997559e-01,-7.344068288803100586e-01,-4.467455744743347168e-01,1.565430909395217896e-01,-1.032108291983604431e-01,-7.400906085968017578e-01,7.387130260467529297e-01,2.575578689575195312e-01,-6.839556097984313965e-01,6.486582010984420776e-02,-6.061660498380661011e-02,7.463486790657043457e-01,-5.431908369064331055e-01,-4.145788550376892090e-01,3.784482181072235107e-02,7.705956101417541504e-01,-2.208682298660278320e-01,-4.486200511455535889e-01,5.002821087837219238e-01,5.086545944213867188e-01,-6.491127610206604004e-01,-9.871885180473327637e-02,-6.593005061149597168e-01,-1.180351227521896362e-01,7.046099752187728882e-02,4.807390868663787842e-01,7.683873176574707031e-01,2.656174898147583008e-01,4.358044266700744629e-02,-6.254205852746963501e-02,-4.951513186097145081e-02,1.714738644659519196e-02,-2.037000060081481934e-01,1.026199236512184143e-01,-3.095755539834499359e-02,7.981837987899780273e-01,-2.151359021663665771e-01,-7.038198411464691162e-02,3.333286941051483154e-01,4.601500034332275391e-01,8.062812685966491699e-02,-1.260759681463241577e-01,-3.198067843914031982e-02,-2.639011442661285400e-01,-8.711928129196166992e-02,1.962590962648391724e-01,-1.553155779838562012e-01,-7.251604199409484863e-01,7.292327284812927246e-01,-8.422125130891799927e-02,6.202855706214904785e-01,6.004563346505165100e-02,2.240529507398605347e-01,-7.432882785797119141e-01,1.589583903551101685e-01,6.691598892211914062e-01,1.542685553431510925e-02,-8.271026015281677246e-01,4.235166311264038086e-01,7.330793142318725586e-01,-7.809004783630371094e-01,-7.793202996253967285e-03,5.801580548286437988e-01,-1.246858853846788406e-02,6.281942725181579590e-01,6.660487651824951172e-01,-2.469287812709808350e-01,-3.562194854021072388e-02,-3.469068109989166260e-01,-3.806825876235961914e-01,1.026634648442268372e-01,2.403452098369598389e-01,6.407484412193298340e-01,-2.693360745906829834e-01,6.946198940277099609e-01,3.813390433788299561e-02,-4.411543905735015869e-01,6.579713081009685993e-04,5.929559469223022461e-01,-4.508192539215087891e-01,2.405563741922378540e-01,-2.397659569978713989e-01,7.925291657447814941e-01,3.822609782218933105e-01,-8.042473793029785156e-01,-1.675682514905929565e-01,5.631396174430847168e-01,7.146298289299011230e-01,8.314873278141021729e-02,6.149868294596672058e-02,-5.575194954872131348e-01,3.898290097713470459e-01,7.128962874412536621e-01,4.397991672158241272e-02,-7.749755382537841797e-01,7.070860266685485840e-01,-3.600429296493530273e-01,-1.895255744457244873e-01,7.559669613838195801e-01,-2.716625928878784180e-01,-5.292993187904357910e-01,-6.377027034759521484e-01,-7.139116525650024414e-01,3.211621344089508057e-01,3.942898809909820557e-01,4.254638254642486572e-01,-4.706251621246337891e-02,-4.167517721652984619e-01
1.653115637600421906e-02,8.757542073726654053e-02,-6.080573797225952148e-01,6.195226907730102539e-01,2.129354476928710938e-01,4.168682545423507690e-02,-4.897303879261016846e-02,1.297300755977630615e-01,8.172103762626647949e-02,2.110899090766906738e-01,-3.507323190569877625e-02,-2.770863473415374756e-01,3.038238584995269775e-01,5.173097848892211914e-01,5.195345282554626465e-01,4.992491006851196289e-01,6.094233132898807526e-03,3.227043151855468750e-01,-4.518115222454071045e-01,-3.147323429584503174e-01,-4.529025554656982422e-01,6.243689656257629395e-01,3.551042079925537109e-01,-1.613282263278961182e-01,8.532434701919555664e-02,5.381742715835571289e-01,-5.574316978454589844e-01,-5.499979853630065918e-02,4.640294015407562256e-01,3.875442221760749817e-02,7.994318008422851562e-02,-6.394467949867248535e-01,5.080204606056213379e-01,2.659485042095184326e-01,-1.088917441666126251e-02,-5.925306677818298340e-01,1.889527440071105957e-01,3.146585822105407715e-01,-2.119229584932327271e-01,-4.678849577903747559e-01,5.066566467285156250e-01,8.938416093587875366e-02,5.304767489433288574e-01,8.534680306911468506e-02,-9.515631943941116333e-02,-2.245800495147705078e-01,-5.681767463684082031e-01,-2.362469285726547241e-01,-4.801035299897193909e-02,1.027237698435783386e-01,1.053979918360710144e-01,2.281406521797180176e-02,1.706583797931671143e-01,-1.415501683950424194e-01,1.594870537519454956e-01,-5.915170907974243164e-01,1.681232601404190063e-01,4.617532342672348022e-02,-2.185595929622650146e-01,-3.804437220096588135e-01,-1.457497328519821167e-01,1.596418023109436035e-01,2.990183047950267792e-02,2.009358704090118408e-01,9.546162188053131104e-02,-1.466928571462631226e-01,1.445515453815460205e-01,5.304567813873291016e-01,-5.390695333480834961e-01,-1.631588861346244812e-02,-4.253961443901062012e-01,9.044513851404190063e-02,-2.226584404706954956e-01,5.694170594215393066e-01,-1.178113296627998352e-01,-5.648666024208068848e-01,-6.782044656574726105e-03,6.303901076316833496e-01,-4.719476401805877686e-01,-5.850323438644409180e-01,7.146405577659606934e-01,5.832575727254152298e-03,-3.398616909980773926e-01,1.215979363769292831e-02,-5.051512718200683594e-01,-4.427045583724975586e-01,3.268427029252052307e-02,2.383415214717388153e-02,2.474427968263626099e-01,2.706178724765777588e-01,-3.808190301060676575e-02,-2.922742664813995361e-01,-6.273265480995178223e-01,3.231685161590576172e-01,-5.813593864440917969e-01,4.083650931715965271e-02,3.052984178066253662e-01,-4.656892560888081789e-04,-3.604713678359985352e-01,2.763657271862030029e-01,-1.302835941314697266e-01,2.998940832912921906e-02,-6.816254258155822754e-01,-2.738683819770812988e-01,6.677138209342956543e-01,1.974098086357116699e-01,-6.088681221008300781e-01,-5.972229242324829102e-01,4.985330626368522644e-02,-5.165808275341987610e-02,5.822789072990417480e-01,-4.182769060134887695e-01,-5.980129837989807129e-01,3.403446823358535767e-02,5.532429814338684082e-01,-5.125354528427124023e-01,1.454275697469711304e-01,1.365633308887481689e-01,-5.762657523155212402e-01,2.464098185300827026e-01,4.043189883232116699e-01,5.069053769111633301e-01,5.305350422859191895e-01,-2.664951980113983154e-01,-2.930111587047576904e-01,-3.438723981380462646e-01,3.548964112997055054e-02,3.607276976108551025e-01
2.185060381889343262e-01,6.404610723257064819e-02,-3.891561329364776611e-01,2.129354476928710938e-01,3.085162937641143799e-01,-1.388093829154968262e-01,1.515294704586267471e-02,3.027220666408538818e-01,8.830893039703369141e-02,1.377355009317398071e-01,-1.806772686541080475e-02,-1.726027280092239380e-01,3.363802731037139893e-01,2.263622581958770752e-01,4.196490943431854248e-01,4.172692298889160156e-01,-1.203431515023112297e-03,1.998857408761978149e-01,-1.582310646772384644e-01,-1.716015338897705078e-01,-1.383243203163146973e-01,3.271177411079406738e-01,1.444909125566482544e-01,4.237664397805929184e-03,4.050721973180770874e-02,4.194363355636596680e-01,-3.807580173015594482e-01,-2.703881561756134033e-01,3.584911823272705078e-01,-1.030941531062126160e-01,-1.152977719902992249e-02,-3.312643766403198242e-01,2.185525596141815186e-01,1.633206158876419067e-01,-2.710254490375518799e-02,-4.006885290145874023e-01,8.491723984479904175e-02,2.260194420814514160e-01,-4.138514995574951172e-01,-2.712847590446472168e-01,3.783524632453918457e-01,6.252574920654296875e-02,3.083134591579437256e-01,5.798624083399772644e-02,-1.219197548925876617e-02,-2.440206855535507202e-01,-4.507804811000823975e-01,-1.378964483737945557e-01,-7.805353496223688126e-03,1.109557151794433594e-01,-4.937045276165008545e-02,-3.191063553094863892e-02,1.254914849996566772e-01,-1.994723221287131310e-03,-6.749828159809112549e-02,-4.640690088272094727e-01,8.917161822319030762e-02,3.595093637704849243e-02,-2.221121042966842651e-01,-2.043356895446777344e-01,1.776789128780364990e-02,-3.412540070712566376e-03,1.279611233621835709e-02,1.556793302297592163e-01,4.111487790942192078e-02,-9.043086320161819458e-02,6.881806254386901855e-02,4.378310441970825195e-01,-3.709533810615539551e-01,1.471512913703918457e-01,-3.558011651039123535e-01,-4.079555720090866089e-02,-4.808771982789039612e-02,3.883303999900817871e-01,-1.154785975813865662e-01,-3.728832006454467773e-01,-1.031412277370691299e-02,4.471640586853027344e-01,-1.668090075254440308e-01,-3.449910283088684082e-01,3.479734957218170166e-01,3.345931647345423698e-03,-3.751459419727325439e-01,4.847615025937557220e-03,-3.697768747806549072e-01,-4.036053121089935303e-01,2.284850478172302246e-01,1.805498823523521423e-02,1.555987596511840820e-01,1.787336319684982300e-01,-1.168624460697174072e-01,-5.082435905933380127e-02,-2.259069681167602539e-01,2.883628569543361664e-02,-3.251820206642150879e-01,-8.011767268180847168e-02,3.072874844074249268e-01,-3.379159606993198395e-04,-3.302392065525054932e-01,2.985030114650726318e-01,-1.142548248171806335e-01,2.306132763624191284e-01,-3.814132213592529297e-01,-1.882662177085876465e-01,4.123705327510833740e-01,7.890253514051437378e-02,-1.691117137670516968e-01,-3.311294913291931152e-01,-1.896499991416931152e-01,-2.024226449429988861e-02,1.504685431718826294e-01,-4.843329638242721558e-02,-3.257077634334564209e-01,-1.680939942598342896e-01,4.925956726074218750e-01,-4.050164818763732910e-01,2.841860949993133545e-01,6.076734140515327454e-02,-4.581190347671508789e-01,9.615936875343322754e-02,2.463396787643432617e-01,3.114250302314758301e-01,3.981535434722900391e-01,-1.462729275226593018e-01,-1.096301749348640442e-01,-1.550339013338088989e-01,5.749595584347844124e-04,1.797039210796356201e-01
-1.422809958457946777e-01,-2.050559036433696747e-02,6.850893795490264893e-02,4.168682545423507690e-02,-1.388093829154968262e-01,2.496225833892822266e-01,-2.583315409719944000e-02,-9.203353524208068848e-02,-1.564949005842208862e-01,-6.776963174343109131e-02,3.997470438480377197e-02,4.424685239791870117e-02,-1.882809102535247803e-01,4.211049526929855347e-02,-1.259179413318634033e-01,-1.583058685064315796e-01,-3.235005540773272514e-03,-6.975091248750686646e-02,2.367268688976764679e-02,7.420412148348987103e-04,8.829438686370849609e-02,-3.554264456033706665e-02,6.051303073763847351e-02,-1.425436791032552719e-02,-1.727847382426261902e-02,-2.336536198854446411e-01,9.782440960407257080e-02,1.596875041723251343e-01,-4.912832379341125488e-02,1.433859393000602722e-02,8.453626185655593872e-02,1.103642284870147705e-01,-9.280551970005035400e-02,4.472136124968528748e-02,5.864686798304319382e-03,1.137982830405235291e-01,-1.502716168761253357e-02,-9.094765782356262207e-02,2.207682281732559204e-01,-1.016355026513338089e-02,-2.221817374229431152e-01,-2.625953219830989838e-02,1.976851839572191238e-03,-8.592767640948295593e-03,1.110325530171394348e-01,8.768614381551742554e-02,1.560172289609909058e-01,2.498652413487434387e-02,-7.123317569494247437e-02,-8.523134887218475342e-02,1.447612941265106201e-01,-1.131959930062294006e-01,-7.571847736835479736e-02,-6.502880156040191650e-02,3.760571777820587158e-02,1.255342513322830200e-01,2.227812306955456734e-03,-1.026400551199913025e-02,1.400197297334671021e-01,4.482769221067428589e-02,-1.360674202442169189e-02,6.629038136452436447e-03,-1.060666516423225403e-03,-1.835712641477584839e-01,-3.424482420086860657e-02,4.571824893355369568e-02,1.380094699561595917e-02,-1.450946331024169922e-01,1.370819956064224243e-01,-7.330361008644104004e-02,1.401092112064361572e-01,-1.317923814058303833e-01,1.006297022104263306e-02,-1.411957144737243652e-01,1.021450459957122803e-01,1.048883050680160522e-01,6.956844590604305267e-03,-1.388046741485595703e-01,3.522628173232078552e-02,1.042344197630882263e-01,-7.199560105800628662e-02,-5.791930598206818104e-04,1.176168248057365417e-01,-4.980491008609533310e-03,1.536592543125152588e-01,1.711571961641311646e-01,-1.137328147888183594e-01,-5.897484254091978073e-03,-1.196675077080726624e-01,-6.572676450014114380e-02,6.659922003746032715e-02,-2.003693394362926483e-02,2.846910990774631500e-02,5.650534480810165405e-02,1.312985867261886597e-01,4.126228764653205872e-02,-5.216722562909126282e-02,1.300608128076419234e-04,8.821424841880798340e-02,-2.221241146326065063e-01,1.131099369376897812e-02,-2.270006835460662842e-01,1.153949946165084839e-01,7.083185762166976929e-02,-1.692622303962707520e-01,8.661574870347976685e-02,2.096101269125938416e-02,6.864226609468460083e-02,2.119647264480590820e-01,9.239930659532546997e-03,3.625680133700370789e-02,-9.334768354892730713e-02,5.990898236632347107e-02,1.235936507582664490e-01,-1.451098620891571045e-01,1.986260563135147095e-01,-1.006406769156455994e-01,1.407021842896938324e-02,1.553242951631546021e-01,-1.920529641211032867e-02,-5.433760210871696472e-02,-1.156032383441925049e-01,-1.538397073745727539e-01,6.643635779619216919e-02,-6.570428609848022461e-02,4.628003388643264771e-02,-4.383997060358524323e-03,-1.648209989070892334e-02
1.153566762804985046e-01,-1.144542358815670013e-02,2.201038785278797150e-02,-4.897303879261016846e-02,1.515294704586267471e-02,-2.583315409719944000e-02,1.004173681139945984e-01,8.672209084033966064e-02,8.672847412526607513e-03,8.808449842035770416e-03,-5.261563882231712341e-02,6.942122243344783783e-03,-4.307186976075172424e-02,-4.880417510867118835e-02,-3.999888431280851364e-03,-3.255624324083328247e-02,5.898137576878070831e-03,-6.585776060819625854e-02,4.203342273831367493e-02,1.007806975394487381e-02,1.562565192580223083e-02,-6.251754611730575562e-02,-4.748659580945968628e-02,1.160602644085884094e-02,-3.069984028115868568e-03,-3.713227063417434692e-02,7.703685015439987183e-02,-2.509371563792228699e-02,-2.628574147820472717e-02,-7.411847263574600220e-02,-7.610645145177841187e-02,3.199090436100959778e-02,-1.675160601735115051e-02,-3.257686272263526917e-02,-7.987461984157562256e-03,5.929890647530555725e-02,-2.577149681746959686e-02,-6.992154289036989212e-03,-8.293317258358001709e-02,-3.884280100464820862e-02,3.868036717176437378e-02,2.185713872313499451e-02,-1.212798357009887695e-01,-4.528620280325412750e-03,-3.836774453520774841e-02,2.603803388774394989e-02,-5.384932737797498703e-03,-8.687127381563186646e-03,5.231828987598419189e-02,-7.863825885578989983e-05,-6.367326527833938599e-02,2.626752294600009918e-02,4.968024417757987976e-02,-1.346670906059443951e-03,-2.245665714144706726e-02,2.014175988733768463e-02,-2.975868061184883118e-03,-1.408585463650524616e-03,-5.340249277651309967e-03,2.822354435920715332e-02,-1.806406117975711823e-02,3.362718736752867699e-03,-2.659787242009770125e-05,8.362781256437301636e-02,1.695636287331581116e-02,8.555000647902488708e-03,-7.094040513038635254e-02,-1.629158668220043182e-02,3.602140396833419800e-02,5.022020265460014343e-02,-4.767485707998275757e-02,4.627107083797454834e-02,5.122433602809906006e-02,-1.381900365231558681e-04,-3.260728716850280762e-02,-7.466811221092939377e-03,2.688170061446726322e-04,-9.649117477238178253e-03,-3.080456517636775970e-02,2.630513533949851990e-02,-2.155713364481925964e-02,-2.089242334477603436e-04,-2.573087438941001892e-02,-2.898247679695487022e-03,-5.000775307416915894e-02,7.320877164602279663e-02,8.846253156661987305e-02,-3.280673408880829811e-03,-4.730701819062232971e-02,1.519089005887508392e-02,-4.429174214601516724e-02,3.918365389108657837e-02,7.671075314283370972e-02,-6.315840035676956177e-02,3.497069701552391052e-03,-1.095030382275581360e-01,9.652488864958286285e-03,-4.346945570432581007e-05,-2.688794163987040520e-03,1.101636216044425964e-01,-3.748675435781478882e-02,1.264388561248779297e-01,3.973118960857391357e-02,4.044599831104278564e-03,-1.976060494780540466e-02,1.062461659312248230e-01,3.075257688760757446e-02,9.426213800907135010e-02,-1.224809736013412476e-01,4.971371032297611237e-03,-9.295490384101867676e-02,1.200932543724775314e-02,7.296346873044967651e-02,4.596730694174766541e-02,-1.385639421641826630e-02,4.872240591794252396e-03,6.336091458797454834e-02,-2.023721672594547272e-02,-4.966102540493011475e-02,-1.825118996202945709e-02,-3.774334117770195007e-02,2.810280211269855499e-02,8.082577027380466461e-03,4.455392807722091675e-02,4.749020934104919434e-02,-1.125448662787675858e-02,8.976456709206104279e-03,-8.117104880511760712e-03
3.866334855556488037e-01,4.261896759271621704e-02,-3.135585486888885498e-01,1.297300755977630615e-01,3.027220666408538818e-01,-9.203353524208068848e-02,8.672209084033966064e-02,5.000138282775878906e-01,3.080842085182666779e-02,1.010996028780937195e-01,-3.092412464320659637e-02,-1.520061492919921875e-01,2.304669171571731567e-01,2.182389050722122192e-01,3.969915807247161865e-01,3.472782671451568604e-01,1.127859926782548428e-03,9.066644310951232910e-02,-3.035396151244640350e-02,-1.271504908800125122e-01,-3.558387048542499542e-03,2.330870926380157471e-01,1.003355607390403748e-01,2.012533694505691528e-02,2.253575064241886139e-02,2.676034271717071533e-01,-2.309770137071609497e-01,-2.889988124370574951e-01,3.257560431957244873e-01,-1.841834187507629395e-01,-7.356103509664535522e-02,-2.007498890161514282e-01,7.747511565685272217e-02,1.822953671216964722e-01,-4.493361711502075195e-02,-3.102414011955261230e-01,3.693762049078941345e-02,1.787815839052200317e-01,-4.956466257572174072e-01,-3.561573624610900879e-01,3.023381233215332031e-01,7.156398892402648926e-02,1.647386401891708374e-01,5.153993517160415649e-02,8.168704062700271606e-02,-2.059020996093750000e-01,-4.065976738929748535e-01,-1.394407153129577637e-01,2.466214122250676155e-03,3.437377139925956726e-02,-7.424098253250122070e-02,-1.043525785207748413e-01,1.503397822380065918e-01,-5.167947709560394287e-02,-1.384236365556716919e-01,-4.132330715656280518e-01,1.085055619478225708e-01,3.384224697947502136e-02,-1.201705485582351685e-01,-1.494075953960418701e-01,3.307771310210227966e-02,-4.562073200941085815e-02,1.003935933113098145e-02,9.404434263706207275e-02,3.321664035320281982e-02,-5.122946575284004211e-02,-3.477778658270835876e-02,3.632552623748779297e-01,-2.972343564033508301e-01,1.845237761735916138e-01,-3.642447590827941895e-01,-1.237837299704551697e-01,2.550269104540348053e-02,3.455405533313751221e-01,-9.307932108640670776e-02,-2.916280627250671387e-01,-7.758710067719221115e-03,3.698798120021820068e-01,-1.491381973028182983e-01,-2.539413571357727051e-01,2.401633560657501221e-01,2.932034432888031006e-03,-4.032244086265563965e-01,-1.431337092071771622e-03,-3.479643762111663818e-01,-2.817571163177490234e-01,2.916911542415618896e-01,1.306231599301099777e-02,2.989660203456878662e-02,1.673836857080459595e-01,-1.499881297349929810e-01,3.866958245635032654e-02,-4.768592864274978638e-02,-9.280195832252502441e-02,-2.297719568014144897e-01,-2.205494344234466553e-01,3.269109725952148438e-01,-3.253720642533153296e-04,-3.431424200534820557e-01,3.290707468986511230e-01,-1.705508828163146973e-01,3.041025698184967041e-01,-2.619478106498718262e-01,-1.526929587125778198e-01,2.597575783729553223e-01,2.261139303445816040e-01,1.040137489326298237e-03,-1.887365728616714478e-01,-2.580518722534179688e-01,-4.413707647472620010e-04,3.707804158329963684e-02,2.209920063614845276e-02,-2.213889956474304199e-01,-1.375884115695953369e-01,4.461136162281036377e-01,-3.027419447898864746e-01,3.814009726047515869e-01,4.215140640735626221e-02,-4.761150777339935303e-01,4.243936017155647278e-02,1.460290402173995972e-01,2.751243114471435547e-01,3.250741362571716309e-01,-4.873941186815500259e-03,-7.743237912654876709e-02,-1.191475465893745422e-01,-7.052499335259199142e-03,1.276530027389526367e-01
1.129153370857238770e-01,2.426253072917461395e-02,-1.445397436618804932e-01,8.172103762626647949e-02,8.830893039703369141e-02,-1.564949005842208862e-01,8.672847412526607513e-03,3.080842085182666779e-02,1.668313592672348022e-01,9.128285944461822510e-02,-4.690930992364883423e-02,-8.093328028917312622e-02,1.459972560405731201e-01,1.054364964365959167e-01,1.672459542751312256e-01,1.757872104644775391e-01,8.553012274205684662e-03,7.552129030227661133e-02,-9.768737852573394775e-02,-5.806020274758338928e-02,-2.288129925727844238e-01,1.376933157444000244e-01,2.182695455849170685e-02,-4.467637464404106140e-02,3.242708742618560791e-02,2.516386508941650391e-01,-1.429052650928497314e-01,-6.585431843996047974e-02,6.656631827354431152e-02,3.017398342490196228e-02,-6.848070770502090454e-02,-2.372789084911346436e-01,1.812703311443328857e-01,1.577358879148960114e-02,-3.001951612532138824e-03,-1.778982430696487427e-01,4.328947514295578003e-02,1.082662045955657959e-01,-1.248779147863388062e-01,-1.038980707526206970e-01,2.476443648338317871e-01,4.112268611788749695e-02,5.531783774495124817e-02,1.663405820727348328e-02,-1.419182866811752319e-01,-8.043543249368667603e-02,-1.835859566926956177e-01,-6.127767637372016907e-02,5.493910983204841614e-02,4.038364067673683167e-02,-9.682415425777435303e-02,1.142963245511054993e-01,1.089729815721511841e-01,1.641796203330159187e-03,4.718503728508949280e-02,-1.700704246759414673e-01,3.037708066403865814e-02,1.272669807076454163e-02,-1.030599400401115417e-01,-9.907774627208709717e-02,-5.091485381126403809e-02,6.020496040582656860e-02,7.947606965899467468e-03,1.944332122802734375e-01,4.233938083052635193e-02,-5.658622831106185913e-02,-1.791450195014476776e-02,1.655950099229812622e-01,-1.932090371847152710e-01,8.605580776929855347e-03,-1.504250913858413696e-01,1.659578382968902588e-01,-7.707212120294570923e-02,2.102654576301574707e-01,-9.359792619943618774e-02,-1.491108387708663940e-01,-4.491411615163087845e-03,2.097810506820678711e-01,-1.358525454998016357e-01,-1.920324414968490601e-01,2.078008949756622314e-01,1.607778132893145084e-03,-1.019307449460029602e-01,5.528423935174942017e-03,-1.960037350654602051e-01,-1.534404009580612183e-01,4.604547470808029175e-02,6.248503457754850388e-03,1.384043395519256592e-01,9.844414144754409790e-02,-3.058419004082679749e-02,-6.396899372339248657e-02,-1.460953503847122192e-01,4.991444945335388184e-02,-2.102343440055847168e-01,-3.638752922415733337e-02,3.601588681340217590e-02,-1.729612413328140974e-04,-1.179553866386413574e-01,2.036792188882827759e-01,-3.569001704454421997e-02,1.551547646522521973e-01,-2.244842946529388428e-01,-9.208435565233230591e-02,2.327942997217178345e-01,-4.532790044322609901e-04,-1.668517440557479858e-01,-1.332293003797531128e-01,-1.200760528445243835e-01,-1.931889541447162628e-02,1.624228358268737793e-01,-4.985900968313217163e-02,-1.489663422107696533e-01,-2.237793430685997009e-02,1.411846280097961426e-01,-2.145447731018066406e-01,7.420456409454345703e-02,-1.148988376371562481e-03,-2.137396186590194702e-01,7.485280185937881470e-02,7.375507801771163940e-02,1.881887316703796387e-01,2.022606879472732544e-01,-8.009603619575500488e-02,-2.564222179353237152e-02,-1.418519765138626099e-01,2.088157646358013153e-02,5.854740366339683533e-02
7.649135589599609375e-02,4.092510044574737549e-02,-2.885262072086334229e-01,2.110899090766906738e-01,1.377355009317398071e-01,-6.776963174343109131e-02,8.808449842035770416e-03,1.010996028780937195e-01,9.128285944461822510e-02,1.160421893000602722e-01,-2.258604578673839569e-02,-1.329172849655151367e-01,2.086699604988098145e-01,1.970991343259811401e-01,2.723585367202758789e-01,2.738430202007293701e-01,5.236083175987005234e-03,1.273786425590515137e-01,-1.794042736291885376e-01,-1.426871865987777710e-01,-1.966210007667541504e-01,2.702335417270660400e-01,1.355147659778594971e-01,-6.607779860496520996e-02,4.084451869130134583e-02,3.205160498619079590e-01,-2.784619629383087158e-01,-8.849630504846572876e-02,2.382797300815582275e-01,-1.610424369573593140e-02,-8.926060982048511505e-03,-3.154179155826568604e-01,2.196419984102249146e-01,1.221493706107139587e-01,-1.230843085795640945e-02,-2.990797162055969238e-01,7.737791538238525391e-02,1.662513911724090576e-01,-1.997512131929397583e-01,-1.843367666006088257e-01,2.860985994338989258e-01,4.334446787834167480e-02,2.097142487764358521e-01,3.947862982749938965e-02,-7.124837487936019897e-02,-1.671522259712219238e-01,-3.070207238197326660e-01,-9.582964330911636353e-02,1.227978896349668503e-02,2.793471887707710266e-02,-2.056095190346240997e-02,3.807455301284790039e-02,9.682022035121917725e-02,-3.056299313902854919e-02,2.315702661871910095e-02,-3.149493038654327393e-01,7.094191759824752808e-02,2.448784559965133667e-02,-1.305240243673324585e-01,-1.628395318984985352e-01,-4.545727744698524475e-02,6.000025570392608643e-02,1.183451712131500244e-02,1.504412144422531128e-01,4.134580120444297791e-02,-7.585220038890838623e-02,3.507240489125251770e-02,2.747546136379241943e-01,-2.839816212654113770e-01,2.734747342765331268e-02,-2.384278327226638794e-01,3.856579586863517761e-02,-8.459731191396713257e-02,3.033199906349182129e-01,-7.767447084188461304e-02,-2.550517320632934570e-01,-5.851832218468189240e-03,3.467526733875274658e-01,-1.734599918127059937e-01,-2.929108142852783203e-01,3.286960422992706299e-01,2.776365494355559349e-03,-1.984648555517196655e-01,5.347037222236394882e-03,-2.576982378959655762e-01,-2.471775114536285400e-01,9.085053205490112305e-02,1.218070928007364273e-02,1.421838700771331787e-01,1.457434445619583130e-01,-4.294600710272789001e-02,-8.898565173149108887e-02,-2.447739094495773315e-01,9.218111634254455566e-02,-2.860194742679595947e-01,-2.685488387942314148e-02,1.353301852941513062e-01,-2.526747703086584806e-04,-2.051658034324645996e-01,2.090231329202651978e-01,-8.578186482191085815e-02,1.305797696113586426e-01,-3.323958516120910645e-01,-1.416424065828323364e-01,3.535094857215881348e-01,5.661701783537864685e-02,-2.359683364629745483e-01,-2.616768181324005127e-01,-6.745746731758117676e-02,-2.449019812047481537e-02,2.160697728395462036e-01,-1.376409381628036499e-01,-2.617890536785125732e-01,-2.660411177203059196e-03,2.984731197357177734e-01,-2.938969135284423828e-01,1.239721700549125671e-01,5.825155228376388550e-02,-3.167996108531951904e-01,1.030751094222068787e-01,1.796388179063796997e-01,2.518084943294525146e-01,2.876336276531219482e-01,-1.184806153178215027e-01,-1.223234310746192932e-01,-1.702317744493484497e-01,2.355688437819480896e-02,1.441370099782943726e-01
-8.972482383251190186e-02,2.492309315130114555e-03,4.468821454793214798e-03,-3.507323190569877625e-02,-1.806772686541080475e-02,3.997470438480377197e-02,-5.261563882231712341e-02,-3.092412464320659637e-02,-4.690930992364883423e-02,-2.258604578673839569e-02,7.525227963924407959e-02,9.146244265139102936e-03,4.834945499897003174e-02,-8.875440806150436401e-03,-1.897090673446655273e-02,1.025646738708019257e-02,-6.220349110662937164e-03,4.493429791182279587e-03,1.424546446651220322e-02,-8.308134041726589203e-03,1.138176247477531433e-01,6.661282852292060852e-03,4.458075016736984253e-02,-6.652985466644167900e-04,-7.303853984922170639e-03,-2.835280727595090866e-03,-4.694727808237075806e-02,-5.109950900077819824e-03,6.140616536140441895e-02,9.666652418673038483e-03,6.595480442047119141e-02,4.014483094215393066e-02,-7.599038630723953247e-02,6.533084809780120850e-02,-3.012356115505099297e-03,-2.427029795944690704e-02,2.236997010186314583e-03,-5.899020470678806305e-03,1.461397856473922729e-02,8.709856122732162476e-02,-9.734487533569335938e-02,-3.769518435001373291e-02,7.875155657529830933e-02,2.795943291857838631e-03,9.313216805458068848e-02,-8.432478457689285278e-02,2.175371162593364716e-02,4.265654087066650391e-02,-4.688591137528419495e-02,-7.058280706405639648e-02,5.710158124566078186e-02,-6.925344467163085938e-02,-7.843880355358123779e-02,2.114546298980712891e-02,-5.664745345711708069e-02,-8.140577003359794617e-03,-2.178600552724674344e-04,2.256105188280344009e-03,2.846020087599754333e-02,1.425408478826284409e-02,5.640316754579544067e-02,-3.681676834821701050e-02,-4.327174276113510132e-03,-1.234418526291847229e-01,-3.727728873491287231e-02,5.017638672143220901e-03,4.045407101511955261e-02,-1.895923912525177002e-02,-8.843667805194854736e-03,-2.334178425371646881e-02,4.677872732281684875e-02,-1.640449762344360352e-01,-1.066305208951234818e-03,-2.813881449401378632e-02,5.791120231151580811e-02,6.958361715078353882e-02,-1.116663916036486626e-03,-2.964583458378911018e-03,1.253084838390350342e-01,1.590357907116413116e-02,-5.575638264417648315e-02,-1.638528738112654537e-05,2.524308627471327782e-03,-6.943455082364380360e-04,1.020709723234176636e-01,-5.014545097947120667e-02,-1.172213535755872726e-02,2.581703942269086838e-03,7.893532514572143555e-03,-1.842557825148105621e-02,3.269462659955024719e-02,3.616655617952346802e-02,2.237553149461746216e-02,-9.922788478434085846e-03,5.489844828844070435e-02,5.768950656056404114e-02,-2.046366594731807709e-02,5.240072641754522920e-05,-1.190030388534069061e-02,-1.073938012123107910e-01,-2.343564527109265327e-03,-7.019907236099243164e-02,2.989822998642921448e-02,8.341340348124504089e-03,-2.675938606262207031e-02,-1.073195263743400574e-01,8.430002629756927490e-02,-3.471341356635093689e-02,9.484056383371353149e-02,2.104340353980660439e-03,-2.170522324740886688e-02,2.942579612135887146e-02,-6.262606941163539886e-03,-1.492268405854701996e-02,1.046153437346220016e-02,2.858305163681507111e-02,-1.526840031147003174e-02,3.226003795862197876e-02,7.087460160255432129e-02,-1.921390369534492493e-02,1.537429541349411011e-02,-6.909792870283126831e-02,-4.116369783878326416e-02,4.862776957452297211e-03,-5.801644548773765564e-02,4.213441908359527588e-02,-4.637827631086111069e-03,-2.083160355687141418e-02
-9.278509765863418579e-02,-5.178751051425933838e-02,3.671860694885253906e-01,-2.770863473415374756e-01,-1.726027280092239380e-01,4.424685239791870117e-02,6.942122243344783783e-03,-1.520061492919921875e-01,-8.093328028917312622e-02,-1.329172849655151367e-01,9.146244265139102936e-03,1.689609885215759277e-01,-2.490492463111877441e-01,-2.772805988788604736e-01,-3.479541838169097900e-01,-3.441832363605499268e-01,-4.532412625849246979e-03,-1.609072238206863403e-01,2.141280621290206909e-01,1.818541884422302246e-01,2.105894833803176880e-01,-3.508753776550292969e-01,-1.915591955184936523e-01,8.049364387989044189e-02,-4.765067249536514282e-02,-3.731911182403564453e-01,3.503292500972747803e-01,1.084330454468727112e-01,-3.176290690898895264e-01,2.147825621068477631e-02,-9.835077449679374695e-03,3.771448433399200439e-01,-2.469854503870010376e-01,-1.827750653028488159e-01,1.819729246199131012e-02,3.826577067375183105e-01,-9.660170227289199829e-02,-2.023988217115402222e-01,2.434879839420318604e-01,2.525102496147155762e-01,-3.212096393108367920e-01,-4.930012300610542297e-02,-2.904835343360900879e-01,-5.207075923681259155e-02,3.842045366764068604e-02,2.140779942274093628e-01,3.822374343872070312e-01,1.218730434775352478e-01,1.050772145390510559e-02,-1.533804181963205338e-02,-3.559577045962214470e-03,-2.887302776798605919e-03,-1.059203296899795532e-01,5.424070730805397034e-02,-1.706464029848575592e-02,4.016433358192443848e-01,-1.000668704509735107e-01,-3.178903460502624512e-02,1.366227865219116211e-01,2.064715325832366943e-01,4.487610235810279846e-02,-6.194429844617843628e-02,-1.466776896268129349e-02,-1.303436160087585449e-01,-4.285794496536254883e-02,8.835925161838531494e-02,-5.128816887736320496e-02,-3.417441546916961670e-01,3.535627126693725586e-01,-3.040141984820365906e-02,2.889161109924316406e-01,9.073011577129364014e-03,1.051467731595039368e-01,-3.744555115699768066e-01,7.533755898475646973e-02,3.076199889183044434e-01,6.695433054119348526e-03,-4.284781515598297119e-01,2.043243795633316040e-01,3.617767393589019775e-01,-4.021868109703063965e-01,-3.570943605154752731e-03,2.568195164203643799e-01,-5.779739469289779663e-03,3.041268289089202881e-01,3.127377331256866455e-01,-1.003955751657485962e-01,-1.559898909181356430e-02,-1.581143587827682495e-01,-1.764079183340072632e-01,4.678474366664886475e-02,1.075694561004638672e-01,2.971216738224029541e-01,-1.139589548110961914e-01,3.379110693931579590e-01,2.963455952703952789e-02,-1.854476779699325562e-01,3.025248879566788673e-04,2.693719863891601562e-01,-2.229827493429183960e-01,1.127681359648704529e-01,-1.249936744570732117e-01,4.079231023788452148e-01,1.726251989603042603e-01,-4.159370660781860352e-01,-8.446106314659118652e-02,2.696320116519927979e-01,3.370745480060577393e-01,4.747922718524932861e-02,2.746829763054847717e-02,-2.820458412170410156e-01,1.699297279119491577e-01,3.383918106555938721e-01,1.077879685908555984e-02,-3.814941048622131348e-01,3.455450236797332764e-01,-1.649220734834671021e-01,-8.093690872192382812e-02,3.909555971622467041e-01,-1.246455237269401550e-01,-2.244194298982620239e-01,-3.012071847915649414e-01,-3.445975184440612793e-01,1.320263296365737915e-01,1.749777793884277344e-01,2.021207660436630249e-01,-2.334819547832012177e-02,-1.787503063678741455e-01
