9.999981522560119629e-01,-9.999985694885253906e-01,-9.999896287918090820e-01,9.999982118606567383e-01,9.999989271163940430e-01,-9.999986886978149414e-01,9.999957084655761719e-01,9.999990463256835938e-01,-9.999973773956298828e-01,9.999976158142089844e-01,-9.999984502792358398e-01,-9.999988675117492676e-01,9.999979734420776367e-01,9.999982714653015137e-01,9.999821782112121582e-01,9.999971389770507812e-01,9.999974370002746582e-01,-9.999986290931701660e-01,9.999930858612060547e-01,-9.999989867210388184e-01,-9.999988675117492676e-01,9.999888539314270020e-01,9.999983906745910645e-01,9.999984502792358398e-01,9.999890923500061035e-01,9.999990463256835938e-01,-9.999983310699462891e-01,-9.999988079071044922e-01,9.999827146530151367e-01,-9.999955892562866211e-01,-9.999936223030090332e-01,-9.999983906745910645e-01,9.999918937683105469e-01,9.999970793724060059e-01,-9.999971389770507812e-01,-9.999724626541137695e-01,9.999989271163940430e-01,9.999985098838806152e-01,9.999927282333374023e-01,-9.999988079071044922e-01,9.999985694885253906e-01,-9.999964237213134766e-01,9.999737739562988281e-01,9.999986290931701660e-01,9.999980330467224121e-01,9.999982118606567383e-01,-9.999836087226867676e-01,9.999982714653015137e-01,9.999988079071044922e-01,-9.999985694885253906e-01,-9.999986290931701660e-01,-9.999979138374328613e-01,-9.999988079071044922e-01,-9.999917745590209961e-01,-9.999973773956298828e-01,-9.999980926513671875e-01,-9.999966025352478027e-01,9.998534321784973145e-01,9.999976158142089844e-01,9.999982714653015137e-01,-9.999979734420776367e-01,9.999988675117492676e-01,9.999982118606567383e-01,9.999950528144836426e-01,-9.999955892562866211e-01,-9.999987483024597168e-01,-9.999989271163940430e-01,-9.999953508377075195e-01,-9.999987483024597168e-01,9.999986290931701660e-01,-9.999986290931701660e-01,9.999980330467224121e-01,9.999957680702209473e-01,-9.999924898147583008e-01,-9.999495148658752441e-01,-9.999982714653015137e-01,9.999928474426269531e-01,9.999987483024597168e-01,-9.999935626983642578e-01,-9.999966621398925781e-01,-9.999158978462219238e-01,9.999975562095642090e-01,-9.999987483024597168e-01,9.999969005584716797e-01,-9.999981522560119629e-01,-9.999873638153076172e-01,9.999891519546508789e-01,9.999988079071044922e-01,9.999575614929199219e-01,9.999942779541015625e-01,-9.999976754188537598e-01,9.999982714653015137e-01,-9.999776482582092285e-01,-9.999979138374328613e-01,9.999983310699462891e-01,-9.999979138374328613e-01,-9.999919533729553223e-01,9.999988675117492676e-01,-9.999986886978149414e-01,9.999917745590209961e-01,-9.999969601631164551e-01,9.999987483024597168e-01,-9.999707937240600586e-01,-9.999563097953796387e-01,9.999985694885253906e-01,9.999973177909851074e-01,-9.999497532844543457e-01,-9.999979138374328613e-01,-9.999941587448120117e-01,9.999983906745910645e-01,-9.999980330467224121e-01,9.999985098838806152e-01,-9.999982118606567383e-01,-9.999820590019226074e-01,9.999989271163940430e-01,-9.999981522560119629e-01,9.999988079071044922e-01,-9.999985098838806152e-01,-9.999944567680358887e-01,-9.999981522560119629e-01,-9.999987483024597168e-01,9.999959468841552734e-01,9.999985098838806152e-01,-9.999976158142089844e-01,-9.999802112579345703e-01,-9.999955892562866211e-01,9.999894499778747559e-01,-9.999968409538269043e-01
-9.999985694885253906e-01,9.999988675117492676e-01,9.999915361404418945e-01,-9.999985694885253906e-01,-9.999991655349731445e-01,9.999989271163940430e-01,-9.999965429306030273e-01,-9.999992251396179199e-01,9.999979138374328613e-01,-9.999979138374328613e-01,9.999986886978149414e-01,9.999991655349731445e-01,-9.999983906745910645e-01,-9.999986886978149414e-01,-9.999854564666748047e-01,-9.999977350234985352e-01,-9.999978542327880859e-01,9.999988079071044922e-01,-9.999944567680358887e-01,9.999992847442626953e-01,9.999991655349731445e-01,-9.999908804893493652e-01,-9.999986290931701660e-01,-9.999986886978149414e-01,-9.999910593032836914e-01,-9.999992251396179199e-01,9.999986290931701660e-01,9.999991655349731445e-01,-9.999858736991882324e-01,9.999963641166687012e-01,9.999947547912597656e-01,9.999986886978149414e-01,-9.999933838844299316e-01,-9.999976158142089844e-01,9.999976754188537598e-01,9.999774098396301270e-01,-9.999991059303283691e-01,-9.999988675117492676e-01,-9.999940395355224609e-01,9.999990463256835938e-01,-9.999988079071044922e-01,9.999969601631164551e-01,-9.999786019325256348e-01,-9.999990463256835938e-01,-9.999985098838806152e-01,-9.999984502792358398e-01,9.999865293502807617e-01,-9.999985694885253906e-01,-9.999990463256835938e-01,9.999988079071044922e-01,9.999988675117492676e-01,9.999982714653015137e-01,9.999990463256835938e-01,9.999933242797851562e-01,9.999978542327880859e-01,9.999984502792358398e-01,9.999973177909851074e-01,-9.998797774314880371e-01,-9.999980926513671875e-01,-9.999985694885253906e-01,9.999984502792358398e-01,-9.999991655349731445e-01,-9.999985694885253906e-01,-9.999958276748657227e-01,9.999962449073791504e-01,9.999991059303283691e-01,9.999992251396179199e-01,9.999961853027343750e-01,9.999991059303283691e-01,-9.999989271163940430e-01,9.999988675117492676e-01,-9.999983906745910645e-01,-9.999964833259582520e-01,9.999938607215881348e-01,9.999586343765258789e-01,9.999985694885253906e-01,-9.999942183494567871e-01,-9.999989271163940430e-01,9.999947547912597656e-01,9.999972581863403320e-01,9.999310374259948730e-01,-9.999979138374328613e-01,9.999989867210388184e-01,-9.999973773956298828e-01,9.999985694885253906e-01,9.999896287918090820e-01,-9.999911785125732422e-01,-9.999991655349731445e-01,-9.999651908874511719e-01,-9.999952912330627441e-01,9.999980926513671875e-01,-9.999987483024597168e-01,9.999817013740539551e-01,9.999983310699462891e-01,-9.999986290931701660e-01,9.999983310699462891e-01,9.999934434890747070e-01,-9.999991655349731445e-01,9.999990463256835938e-01,-9.999933242797851562e-01,9.999976158142089844e-01,-9.999989867210388184e-01,9.999761581420898438e-01,9.999641776084899902e-01,-9.999988079071044922e-01,-9.999977946281433105e-01,9.999588727951049805e-01,9.999983906745910645e-01,9.999951720237731934e-01,-9.999986886978149414e-01,9.999983906745910645e-01,-9.999986886978149414e-01,9.999985694885253906e-01,9.999852180480957031e-01,-9.999992251396179199e-01,9.999983906745910645e-01,-9.999991059303283691e-01,9.999987483024597168e-01,9.999955296516418457e-01,9.999984502792358398e-01,9.999991059303283691e-01,-9.999966621398925781e-01,-9.999988079071044922e-01,9.999980330467224121e-01,9.999837875366210938e-01,9.999962449073791504e-01,-9.999914169311523438e-01,9.999974370002746582e-01
-9.999896287918090820e-01,9.999915361404418945e-01,9.999377727508544922e-01,-9.999894499778747559e-01,-9.999934434890747070e-01,9.999924898147583008e-01,-9.999748468399047852e-01,-9.999939203262329102e-01,9.999845623970031738e-01,-9.999857544898986816e-01,9.999911189079284668e-01,9.999933242797851562e-01,-9.999887943267822266e-01,-9.999903440475463867e-01,-9.998927116394042969e-01,-9.999835491180419922e-01,-9.999853372573852539e-01,9.999917745590209961e-01,-9.999588131904602051e-01,9.999942779541015625e-01,9.999935030937194824e-01,-9.999331831932067871e-01,-9.999904632568359375e-01,-9.999906420707702637e-01,-9.999344944953918457e-01,-9.999939203262329102e-01,9.999906420707702637e-01,9.999934434890747070e-01,-9.998958110809326172e-01,9.999737739562988281e-01,9.999611973762512207e-01,9.999908804893493652e-01,-9.999512434005737305e-01,-9.999825954437255859e-01,9.999829530715942383e-01,9.998334050178527832e-01,-9.999938607215881348e-01,-9.999917149543762207e-01,-9.999564290046691895e-01,9.999932050704956055e-01,-9.999914765357971191e-01,9.999786615371704102e-01,-9.998420476913452148e-01,-9.999927282333374023e-01,-9.999890923500061035e-01,-9.999893307685852051e-01,9.999011158943176270e-01,-9.999898076057434082e-01,-9.999926686286926270e-01,9.999913573265075684e-01,9.999923110008239746e-01,9.999876022338867188e-01,9.999928474426269531e-01,9.999505877494812012e-01,9.999845623970031738e-01,9.999886751174926758e-01,9.999803900718688965e-01,-9.991157650947570801e-01,-9.999860525131225586e-01,-9.999903440475463867e-01,9.999886155128479004e-01,-9.999936819076538086e-01,-9.999897480010986328e-01,-9.999704957008361816e-01,9.999736547470092773e-01,9.999927878379821777e-01,9.999939799308776855e-01,9.999722242355346680e-01,9.999929070472717285e-01,-9.999923706054687500e-01,9.999922513961791992e-01,-9.999884366989135742e-01,-9.999743103981018066e-01,9.999550580978393555e-01,9.996950626373291016e-01,9.999895691871643066e-01,-9.999573230743408203e-01,-9.999923706054687500e-01,9.999610185623168945e-01,9.999800920486450195e-01,9.994921684265136719e-01,-9.999856352806091309e-01,9.999928474426269531e-01,-9.999813437461853027e-01,9.999895095825195312e-01,9.999235272407531738e-01,-9.999349117279052734e-01,-9.999933838844299316e-01,-9.997440576553344727e-01,-9.999653697013854980e-01,9.999861121177673340e-01,-9.999901652336120605e-01,9.998651742935180664e-01,9.999876618385314941e-01,-9.999905824661254883e-01,9.999879002571105957e-01,9.999514222145080566e-01,-9.999936819076538086e-01,9.999926686286926270e-01,-9.999507069587707520e-01,9.999819993972778320e-01,-9.999924898147583008e-01,9.998232722282409668e-01,9.997367858886718750e-01,-9.999914765357971191e-01,-9.999840855598449707e-01,9.996967315673828125e-01,9.999882578849792480e-01,9.999644160270690918e-01,-9.999909996986389160e-01,9.999889135360717773e-01,-9.999909996986389160e-01,9.999893903732299805e-01,9.998918175697326660e-01,-9.999940395355224609e-01,9.999890327453613281e-01,-9.999932050704956055e-01,9.999915361404418945e-01,9.999669194221496582e-01,9.999888539314270020e-01,9.999928474426269531e-01,-9.999756217002868652e-01,-9.999912381172180176e-01,9.999857544898986816e-01,9.998806118965148926e-01,9.999735951423645020e-01,-9.999361634254455566e-01,9.999817609786987305e-01
9.999982118606567383e-01,-9.999985694885253906e-01,-9.999894499778747559e-01,9.999981522560119629e-01,9.999989271163940430e-01,-9.999986886978149414e-01,9.999956488609313965e-01,9.999989867210388184e-01,-9.999973773956298828e-01,9.999975562095642090e-01,-9.999984502792358398e-01,-9.999988675117492676e-01,9.999981522560119629e-01,9.999983310699462891e-01,9.999817013740539551e-01,9.999972581863403320e-01,9.999974370002746582e-01,-9.999985694885253906e-01,9.999930262565612793e-01,-9.999991059303283691e-01,-9.999988675117492676e-01,9.999887347221374512e-01,9.999983906745910645e-01,9.999983906745910645e-01,9.999888539314270020e-01,9.999989867210388184e-01,-9.999983906745910645e-01,-9.999988675117492676e-01,9.999822974205017090e-01,-9.999955296516418457e-01,-9.999933838844299316e-01,-9.999984502792358398e-01,9.999917149543762207e-01,9.999970793724060059e-01,-9.999970793724060059e-01,-9.999716281890869141e-01,9.999990463256835938e-01,9.999986290931701660e-01,9.999926090240478516e-01,-9.999987483024597168e-01,9.999985694885253906e-01,-9.999963045120239258e-01,9.999732375144958496e-01,9.999987483024597168e-01,9.999982118606567383e-01,9.999981522560119629e-01,-9.999831318855285645e-01,9.999983310699462891e-01,9.999988079071044922e-01,-9.999985098838806152e-01,-9.999986290931701660e-01,-9.999978542327880859e-01,-9.999988675117492676e-01,-9.999915957450866699e-01,-9.999972581863403320e-01,-9.999980330467224121e-01,-9.999966025352478027e-01,9.998492002487182617e-01,9.999976158142089844e-01,9.999983310699462891e-01,-9.999980330467224121e-01,9.999989271163940430e-01,9.999982118606567383e-01,9.999949932098388672e-01,-9.999954700469970703e-01,-9.999987483024597168e-01,-9.999989867210388184e-01,-9.999952912330627441e-01,-9.999988079071044922e-01,9.999986886978149414e-01,-9.999986886978149414e-01,9.999979734420776367e-01,9.999957084655761719e-01,-9.999923706054687500e-01,-9.999480247497558594e-01,-9.999982118606567383e-01,9.999927282333374023e-01,9.999987483024597168e-01,-9.999933838844299316e-01,-9.999966621398925781e-01,-9.999133944511413574e-01,9.999975562095642090e-01,-9.999988079071044922e-01,9.999967813491821289e-01,-9.999982118606567383e-01,-9.999870061874389648e-01,9.999889135360717773e-01,9.999988675117492676e-01,9.999563694000244141e-01,9.999942183494567871e-01,-9.999976158142089844e-01,9.999982714653015137e-01,-9.999770522117614746e-01,-9.999979734420776367e-01,9.999983906745910645e-01,-9.999979138374328613e-01,-9.999917149543762207e-01,9.999989867210388184e-01,-9.999987483024597168e-01,9.999915957450866699e-01,-9.999969601631164551e-01,9.999987483024597168e-01,-9.999698996543884277e-01,-9.999551773071289062e-01,9.999986290931701660e-01,9.999972581863403320e-01,-9.999483823776245117e-01,-9.999980926513671875e-01,-9.999939799308776855e-01,9.999984502792358398e-01,-9.999980926513671875e-01,9.999984502792358398e-01,-9.999981522560119629e-01,-9.999815225601196289e-01,9.999989867210388184e-01,-9.999980926513671875e-01,9.999988675117492676e-01,-9.999985694885253906e-01,-9.999943971633911133e-01,-9.999980926513671875e-01,-9.999986886978149414e-01,9.999959468841552734e-01,9.999985098838806152e-01,-9.999976158142089844e-01,-9.999796748161315918e-01,-9.999955296516418457e-01,9.999891519546508789e-01,-9.999967813491821289e-01
9.999989271163940430e-01,-9.999991655349731445e-01,-9.999934434890747070e-01,9.999989271163940430e-01,9.999994039535522461e-01,-9.999992251396179199e-01,9.999973177909851074e-01,9.999994635581970215e-01,-9.999984502792358398e-01,9.999985098838806152e-01,-9.999992251396179199e-01,-9.999994039535522461e-01,9.999988675117492676e-01,9.999990463256835938e-01,9.999886155128479004e-01,9.999983310699462891e-01,9.999984502792358398e-01,-9.999992847442626953e-01,9.999956488609313965e-01,-9.999994039535522461e-01,-9.999993443489074707e-01,9.999929666519165039e-01,9.999989867210388184e-01,9.999990463256835938e-01,9.999930858612060547e-01,9.999994039535522461e-01,-9.999990463256835938e-01,-9.999993443489074707e-01,9.999890327453613281e-01,-9.999972581863403320e-01,-9.999960064888000488e-01,-9.999991059303283691e-01,9.999949336051940918e-01,9.999982714653015137e-01,-9.999982714653015137e-01,-9.999824762344360352e-01,9.999994635581970215e-01,9.999992847442626953e-01,9.999954104423522949e-01,-9.999993443489074707e-01,9.999991655349731445e-01,-9.999977350234985352e-01,9.999833703041076660e-01,9.999992847442626953e-01,9.999989271163940430e-01,9.999989271163940430e-01,-9.999895691871643066e-01,9.999990463256835938e-01,9.999992847442626953e-01,-9.999992251396179199e-01,-9.999992251396179199e-01,-9.999987483024597168e-01,-9.999993443489074707e-01,-9.999948143959045410e-01,-9.999983310699462891e-01,-9.999988675117492676e-01,-9.999979734420776367e-01,9.999064803123474121e-01,9.999986290931701660e-01,9.999990463256835938e-01,-9.999988675117492676e-01,9.999993443489074707e-01,9.999989271163940430e-01,9.999968409538269043e-01,-9.999971985816955566e-01,-9.999994039535522461e-01,-9.999994635581970215e-01,-9.999970197677612305e-01,-9.999992847442626953e-01,9.999992251396179199e-01,-9.999992251396179199e-01,9.999989271163940430e-01,9.999973177909851074e-01,-9.999952912330627441e-01,-9.999678134918212891e-01,-9.999989271163940430e-01,9.999955892562866211e-01,9.999993443489074707e-01,-9.999959468841552734e-01,-9.999979138374328613e-01,-9.999462962150573730e-01,9.999984502792358398e-01,-9.999992847442626953e-01,9.999980330467224121e-01,-9.999989271163940430e-01,-9.999920725822448730e-01,9.999931454658508301e-01,9.999994039535522461e-01,9.999729990959167480e-01,9.999964237213134766e-01,-9.999986290931701660e-01,9.999989867210388184e-01,-9.999858736991882324e-01,-9.999987483024597168e-01,9.999990463256835938e-01,-9.999986886978149414e-01,-9.999948740005493164e-01,9.999994635581970215e-01,-9.999993443489074707e-01,9.999948143959045410e-01,-9.999981522560119629e-01,9.999993443489074707e-01,-9.999814033508300781e-01,-9.999722242355346680e-01,9.999991655349731445e-01,9.999983906745910645e-01,-9.999679923057556152e-01,-9.999988079071044922e-01,-9.999961853027343750e-01,9.999991059303283691e-01,-9.999988079071044922e-01,9.999991059303283691e-01,-9.999989271163940430e-01,-9.999886751174926758e-01,9.999994039535522461e-01,-9.999989271163940430e-01,9.999993443489074707e-01,-9.999992847442626953e-01,-9.999965429306030273e-01,-9.999988079071044922e-01,-9.999992847442626953e-01,9.999974966049194336e-01,9.999991059303283691e-01,-9.999985694885253906e-01,-9.999874234199523926e-01,-9.999971985816955566e-01,9.999933838844299316e-01,-9.999980330467224121e-01
-9.999986886978149414e-01,9.999989271163940430e-01,9.999924898147583008e-01,-9.999986886978149414e-01,-9.999992251396179199e-01,9.999990463256835938e-01,-9.999968409538269043e-01,-9.999992251396179199e-01,9.999980926513671875e-01,-9.999982714653015137e-01,9.999989271163940430e-01,9.999992251396179199e-01,-9.999986290931701660e-01,-9.999988079071044922e-01,-9.999870061874389648e-01,-9.999979734420776367e-01,-9.999980926513671875e-01,9.999990463256835938e-01,-9.999949932098388672e-01,9.999992847442626953e-01,9.999992847442626953e-01,-9.999918341636657715e-01,-9.999988079071044922e-01,-9.999988079071044922e-01,-9.999920725822448730e-01,-9.999992847442626953e-01,9.999988675117492676e-01,9.999992251396179199e-01,-9.999873638153076172e-01,9.999966621398925781e-01,9.999952316284179688e-01,9.999988079071044922e-01,-9.999940991401672363e-01,-9.999978542327880859e-01,9.999979138374328613e-01,9.999797940254211426e-01,-9.999992847442626953e-01,-9.999989867210388184e-01,-9.999946355819702148e-01,9.999991059303283691e-01,-9.999989271163940430e-01,9.999973773956298828e-01,-9.999808669090270996e-01,-9.999990463256835938e-01,-9.999986290931701660e-01,-9.999986886978149414e-01,9.999879598617553711e-01,-9.999987483024597168e-01,-9.999991655349731445e-01,9.999989271163940430e-01,9.999991059303283691e-01,9.999984502792358398e-01,9.999992847442626953e-01,9.999940395355224609e-01,9.999980926513671875e-01,9.999986290931701660e-01,9.999976158142089844e-01,-9.998925328254699707e-01,-9.999982714653015137e-01,-9.999987483024597168e-01,9.999985098838806152e-01,-9.999992847442626953e-01,-9.999987483024597168e-01,-9.999962449073791504e-01,9.999966621398925781e-01,9.999992847442626953e-01,9.999992847442626953e-01,9.999964833259582520e-01,9.999991059303283691e-01,-9.999989867210388184e-01,9.999989867210388184e-01,-9.999985694885253906e-01,-9.999967813491821289e-01,9.999944567680358887e-01,9.999629855155944824e-01,9.999986886978149414e-01,-9.999948143959045410e-01,-9.999991059303283691e-01,9.999952316284179688e-01,9.999974966049194336e-01,9.999381899833679199e-01,-9.999981522560119629e-01,9.999991059303283691e-01,-9.999977350234985352e-01,9.999987483024597168e-01,9.999908208847045898e-01,-9.999921321868896484e-01,-9.999992251396179199e-01,-9.999690055847167969e-01,-9.999958276748657227e-01,9.999982714653015137e-01,-9.999988079071044922e-01,9.999836087226867676e-01,9.999985098838806152e-01,-9.999988079071044922e-01,9.999985098838806152e-01,9.999940991401672363e-01,-9.999992847442626953e-01,9.999990463256835938e-01,-9.999940395355224609e-01,9.999978542327880859e-01,-9.999991059303283691e-01,9.999785423278808594e-01,9.999681115150451660e-01,-9.999989271163940430e-01,-9.999980330467224121e-01,9.999631643295288086e-01,9.999984502792358398e-01,9.999956488609313965e-01,-9.999988675117492676e-01,9.999986290931701660e-01,-9.999989271163940430e-01,9.999986886978149414e-01,9.999868273735046387e-01,-9.999992847442626953e-01,9.999986290931701660e-01,-9.999991059303283691e-01,9.999989867210388184e-01,9.999959468841552734e-01,9.999986290931701660e-01,9.999991655349731445e-01,-9.999970197677612305e-01,-9.999989271163940430e-01,9.999982714653015137e-01,9.999855160713195801e-01,9.999966621398925781e-01,-9.999922513961791992e-01,9.999977946281433105e-01
9.999957084655761719e-01,-9.999965429306030273e-01,-9.999748468399047852e-01,9.999956488609313965e-01,9.999973177909851074e-01,-9.999968409538269043e-01,9.999898076057434082e-01,9.999975562095642090e-01,-9.999938011169433594e-01,9.999942779541015625e-01,-9.999962449073791504e-01,-9.999971985816955566e-01,9.999954104423522949e-01,9.999959468841552734e-01,9.999566078186035156e-01,9.999932646751403809e-01,9.999940991401672363e-01,-9.999965429306030273e-01,9.999833703041076660e-01,-9.999976158142089844e-01,-9.999973177909851074e-01,9.999729394912719727e-01,9.999960064888000488e-01,9.999961853027343750e-01,9.999734759330749512e-01,9.999974370002746582e-01,-9.999960660934448242e-01,-9.999971985816955566e-01,9.999578595161437988e-01,-9.999893307685852051e-01,-9.999842643737792969e-01,-9.999961853027343750e-01,9.999802708625793457e-01,9.999929666519165039e-01,-9.999930262565612793e-01,-9.999325275421142578e-01,9.999974370002746582e-01,9.999966025352478027e-01,9.999823570251464844e-01,-9.999971985816955566e-01,9.999965429306030273e-01,-9.999913573265075684e-01,9.999361038208007812e-01,9.999969005584716797e-01,9.999955892562866211e-01,9.999956488609313965e-01,-9.999600052833557129e-01,9.999958872795104980e-01,9.999970197677612305e-01,-9.999963641166687012e-01,-9.999967813491821289e-01,-9.999949336051940918e-01,-9.999969601631164551e-01,-9.999800324440002441e-01,-9.999937415122985840e-01,-9.999954104423522949e-01,-9.999919533729553223e-01,9.996422529220581055e-01,9.999943375587463379e-01,9.999960660934448242e-01,-9.999954104423522949e-01,9.999973177909851074e-01,9.999958276748657227e-01,9.999880194664001465e-01,-9.999892711639404297e-01,-9.999970793724060059e-01,-9.999975562095642090e-01,-9.999887347221374512e-01,-9.999971389770507812e-01,9.999968409538269043e-01,-9.999967813491821289e-01,9.999952912330627441e-01,9.999896883964538574e-01,-9.999818205833435059e-01,-9.998765587806701660e-01,-9.999957084655761719e-01,9.999827146530151367e-01,9.999969005584716797e-01,-9.999842643737792969e-01,-9.999918937683105469e-01,-9.997947216033935547e-01,9.999941587448120117e-01,-9.999970197677612305e-01,9.999924898147583008e-01,-9.999957084655761719e-01,-9.999691247940063477e-01,9.999737739562988281e-01,9.999971985816955566e-01,9.998964071273803711e-01,9.999859333038330078e-01,-9.999943375587463379e-01,9.999959468841552734e-01,-9.999454021453857422e-01,-9.999949932098388672e-01,9.999961853027343750e-01,-9.999950528144836426e-01,-9.999803900718688965e-01,9.999974370002746582e-01,-9.999969601631164551e-01,9.999800920486450195e-01,-9.999927282333374023e-01,9.999969005584716797e-01,-9.999284744262695312e-01,-9.998934268951416016e-01,9.999965429306030273e-01,9.999935030937194824e-01,-9.998773336410522461e-01,-9.999952316284179688e-01,-9.999855756759643555e-01,9.999962449073791504e-01,-9.999954700469970703e-01,9.999962449073791504e-01,-9.999957084655761719e-01,-9.999561905860900879e-01,9.999974966049194336e-01,-9.999955296516418457e-01,9.999971389770507812e-01,-9.999964237213134766e-01,-9.999865293502807617e-01,-9.999954104423522949e-01,-9.999970197677612305e-01,9.999901652336120605e-01,9.999964237213134766e-01,-9.999942183494567871e-01,-9.999516606330871582e-01,-9.999892711639404297e-01,9.999742507934570312e-01,-9.999925494194030762e-01
9.999990463256835938e-01,-9.999992251396179199e-01,-9.999939203262329102e-01,9.999989867210388184e-01,9.999994635581970215e-01,-9.999992251396179199e-01,9.999975562095642090e-01,9.999994635581970215e-01,-9.999983906745910645e-01,9.999986290931701660e-01,-9.999991655349731445e-01,-9.999994039535522461e-01,9.999989271163940430e-01,9.999991059303283691e-01,9.999896287918090820e-01,9.999983906745910645e-01,9.999985694885253906e-01,-9.999992251396179199e-01,9.999961256980895996e-01,-9.999994635581970215e-01,-9.999993443489074707e-01,9.999935626983642578e-01,9.999991059303283691e-01,9.999992251396179199e-01,9.999936819076538086e-01,9.999994635581970215e-01,-9.999991655349731445e-01,-9.999994039535522461e-01,9.999900460243225098e-01,-9.999974966049194336e-01,-9.999962449073791504e-01,-9.999990463256835938e-01,9.999953508377075195e-01,9.999983310699462891e-01,-9.999983310699462891e-01,-9.999840259552001953e-01,9.999994635581970215e-01,9.999992251396179199e-01,9.999957680702209473e-01,-9.999994039535522461e-01,9.999992251396179199e-01,-9.999979138374328613e-01,9.999848008155822754e-01,9.999992847442626953e-01,9.999989271163940430e-01,9.999990463256835938e-01,-9.999905228614807129e-01,9.999991655349731445e-01,9.999994039535522461e-01,-9.999992251396179199e-01,-9.999992847442626953e-01,-9.999988079071044922e-01,-9.999993443489074707e-01,-9.999952316284179688e-01,-9.999985098838806152e-01,-9.999989867210388184e-01,-9.999980926513671875e-01,9.999147057533264160e-01,9.999986290931701660e-01,9.999991059303283691e-01,-9.999988675117492676e-01,9.999994039535522461e-01,9.999990463256835938e-01,9.999971389770507812e-01,-9.999973773956298828e-01,-9.999994039535522461e-01,-9.999995231628417969e-01,-9.999971985816955566e-01,-9.999993443489074707e-01,9.999992847442626953e-01,-9.999992251396179199e-01,9.999989271163940430e-01,9.999975562095642090e-01,-9.999956488609313965e-01,-9.999706745147705078e-01,-9.999990463256835938e-01,9.999958872795104980e-01,9.999992847442626953e-01,-9.999961853027343750e-01,-9.999980330467224121e-01,-9.999510049819946289e-01,9.999986290931701660e-01,-9.999993443489074707e-01,9.999982118606567383e-01,-9.999989271163940430e-01,-9.999926686286926270e-01,9.999937415122985840e-01,9.999994039535522461e-01,9.999753832817077637e-01,9.999966025352478027e-01,-9.999987483024597168e-01,9.999991059303283691e-01,-9.999870657920837402e-01,-9.999988675117492676e-01,9.999991655349731445e-01,-9.999988079071044922e-01,-9.999954104423522949e-01,9.999995231628417969e-01,-9.999993443489074707e-01,9.999953508377075195e-01,-9.999983310699462891e-01,9.999992847442626953e-01,-9.999830722808837891e-01,-9.999746680259704590e-01,9.999993443489074707e-01,9.999985098838806152e-01,-9.999709129333496094e-01,-9.999988675117492676e-01,-9.999964237213134766e-01,9.999991655349731445e-01,-9.999989867210388184e-01,9.999991655349731445e-01,-9.999990463256835938e-01,-9.999896287918090820e-01,9.999994635581970215e-01,-9.999989271163940430e-01,9.999994039535522461e-01,-9.999992251396179199e-01,-9.999967813491821289e-01,-9.999989271163940430e-01,-9.999993443489074707e-01,9.999976158142089844e-01,9.999992251396179199e-01,-9.999986290931701660e-01,-9.999884963035583496e-01,-9.999974370002746582e-01,9.999939203262329102e-01,-9.999982118606567383e-01
-9.999973773956298828e-01,9.999979138374328613e-01,9.999845623970031738e-01,-9.999973773956298828e-01,-9.999984502792358398e-01,9.999980926513671875e-01,-9.999938011169433594e-01,-9.999983906745910645e-01,9.999961853027343750e-01,-9.999964833259582520e-01,9.999977350234985352e-01,9.999983310699462891e-01,-9.999970793724060059e-01,-9.999975562095642090e-01,-9.999735951423645020e-01,-9.999959468841552734e-01,-9.999963045120239258e-01,9.999979734420776367e-01,-9.999898672103881836e-01,9.999985694885253906e-01,9.999983310699462891e-01,-9.999834895133972168e-01,-9.999976158142089844e-01,-9.999976754188537598e-01,-9.999838471412658691e-01,-9.999985098838806152e-01,9.999976754188537598e-01,9.999983310699462891e-01,-9.999743103981018066e-01,9.999934434890747070e-01,9.999904036521911621e-01,9.999976754188537598e-01,-9.999879598617553711e-01,-9.999957680702209473e-01,9.999958276748657227e-01,9.999588131904602051e-01,-9.999985098838806152e-01,-9.999979138374328613e-01,-9.999892115592956543e-01,9.999982118606567383e-01,-9.999977946281433105e-01,9.999947547912597656e-01,-9.999609589576721191e-01,-9.999982118606567383e-01,-9.999972581863403320e-01,-9.999973177909851074e-01,9.999756217002868652e-01,-9.999974370002746582e-01,-9.999982118606567383e-01,9.999978542327880859e-01,9.999980926513671875e-01,9.999969601631164551e-01,9.999982118606567383e-01,9.999878406524658203e-01,9.999960660934448242e-01,9.999971985816955566e-01,9.999951720237731934e-01,-9.997814893722534180e-01,-9.999965429306030273e-01,-9.999976158142089844e-01,9.999971389770507812e-01,-9.999983906745910645e-01,-9.999974370002746582e-01,-9.999926090240478516e-01,9.999933838844299316e-01,9.999983310699462891e-01,9.999985098838806152e-01,9.999930858612060547e-01,9.999982714653015137e-01,-9.999980926513671875e-01,9.999980926513671875e-01,-9.999971985816955566e-01,-9.999936819076538086e-01,9.999888539314270020e-01,9.999246597290039062e-01,9.999973773956298828e-01,-9.999894499778747559e-01,-9.999980926513671875e-01,9.999903440475463867e-01,9.999950528144836426e-01,9.998744130134582520e-01,-9.999963045120239258e-01,9.999981522560119629e-01,-9.999953508377075195e-01,9.999973177909851074e-01,9.999812245368957520e-01,-9.999839663505554199e-01,-9.999983310699462891e-01,-9.999367594718933105e-01,-9.999914169311523438e-01,9.999965429306030273e-01,-9.999975562095642090e-01,9.999667406082153320e-01,9.999970197677612305e-01,-9.999976158142089844e-01,9.999969601631164551e-01,9.999880194664001465e-01,-9.999985098838806152e-01,9.999980926513671875e-01,-9.999877810478210449e-01,9.999955296516418457e-01,-9.999980926513671875e-01,9.999563694000244141e-01,9.999349713325500488e-01,-9.999978542327880859e-01,-9.999960064888000488e-01,9.999251365661621094e-01,9.999970197677612305e-01,9.999911785125732422e-01,-9.999976754188537598e-01,9.999971389770507812e-01,-9.999977350234985352e-01,9.999974370002746582e-01,9.999733567237854004e-01,-9.999985098838806152e-01,9.999972581863403320e-01,-9.999983310699462891e-01,9.999978542327880859e-01,9.999918341636657715e-01,9.999971985816955566e-01,9.999981522560119629e-01,-9.999939799308776855e-01,-9.999977946281433105e-01,9.999964237213134766e-01,9.999706149101257324e-01,9.999935030937194824e-01,-9.999843835830688477e-01,9.999954700469970703e-01
9.999976158142089844e-01,-9.999979138374328613e-01,-9.999857544898986816e-01,9.999975562095642090e-01,9.999985098838806152e-01,-9.999982714653015137e-01,9.999942779541015625e-01,9.999986290931701660e-01,-9.999964833259582520e-01,9.999968409538269043e-01,-9.999979734420776367e-01,-9.999984502792358398e-01,9.999973773956298828e-01,9.999977946281433105e-01,9.999756217002868652e-01,9.999961853027343750e-01,9.999966025352478027e-01,-9.999980926513671875e-01,9.999906420707702637e-01,-9.999986886978149414e-01,-9.999984502792358398e-01,9.999848008155822754e-01,9.999977946281433105e-01,9.999978542327880859e-01,9.999850988388061523e-01,9.999986290931701660e-01,-9.999978542327880859e-01,-9.999985098838806152e-01,9.999764561653137207e-01,-9.999940395355224609e-01,-9.999911785125732422e-01,-9.999979138374328613e-01,9.999889135360717773e-01,9.999960064888000488e-01,-9.999960660934448242e-01,-9.999620914459228516e-01,9.999986290931701660e-01,9.999980926513671875e-01,9.999901056289672852e-01,-9.999984502792358398e-01,9.999979138374328613e-01,-9.999951720237731934e-01,9.999639987945556641e-01,9.999982714653015137e-01,9.999975562095642090e-01,9.999976158142089844e-01,-9.999774694442749023e-01,9.999977350234985352e-01,9.999983310699462891e-01,-9.999980330467224121e-01,-9.999982714653015137e-01,-9.999971389770507812e-01,-9.999983310699462891e-01,-9.999887943267822266e-01,-9.999963641166687012e-01,-9.999974966049194336e-01,-9.999955296516418457e-01,9.997985363006591797e-01,9.999967813491821289e-01,9.999977946281433105e-01,-9.999973773956298828e-01,9.999985098838806152e-01,9.999976754188537598e-01,9.999933242797851562e-01,-9.999939203262329102e-01,-9.999984502792358398e-01,-9.999986290931701660e-01,-9.999936819076538086e-01,-9.999983906745910645e-01,9.999981522560119629e-01,-9.999982118606567383e-01,9.999973773956298828e-01,9.999941587448120117e-01,-9.999898076057434082e-01,-9.999305605888366699e-01,-9.999976754188537598e-01,9.999902844429016113e-01,9.999982714653015137e-01,-9.999911785125732422e-01,-9.999955296516418457e-01,-9.998844265937805176e-01,9.999967217445373535e-01,-9.999982714653015137e-01,9.999958276748657227e-01,-9.999976158142089844e-01,-9.999826550483703613e-01,9.999850988388061523e-01,9.999984502792358398e-01,9.999415874481201172e-01,9.999921321868896484e-01,-9.999969005584716797e-01,9.999977350234985352e-01,-9.999693632125854492e-01,-9.999972581863403320e-01,9.999978542327880859e-01,-9.999971389770507812e-01,-9.999889731407165527e-01,9.999986290931701660e-01,-9.999983310699462891e-01,9.999887943267822266e-01,-9.999959468841552734e-01,9.999982714653015137e-01,-9.999597668647766113e-01,-9.999401569366455078e-01,9.999981522560119629e-01,9.999963045120239258e-01,-9.999309778213500977e-01,-9.999973177909851074e-01,-9.999919533729553223e-01,9.999979734420776367e-01,-9.999974370002746582e-01,9.999978542327880859e-01,-9.999975562095642090e-01,-9.999754428863525391e-01,9.999986290931701660e-01,-9.999974966049194336e-01,9.999984502792358398e-01,-9.999980330467224121e-01,-9.999924898147583008e-01,-9.999974370002746582e-01,-9.999983906745910645e-01,9.999944567680358887e-01,9.999979734420776367e-01,-9.999967217445373535e-01,-9.999728798866271973e-01,-9.999940395355224609e-01,9.999855756759643555e-01,-9.999958872795104980e-01
-9.999984502792358398e-01,9.999986886978149414e-01,9.999911189079284668e-01,-9.999984502792358398e-01,-9.999992251396179199e-01,9.999989271163940430e-01,-9.999962449073791504e-01,-9.999991655349731445e-01,9.999977350234985352e-01,-9.999979734420776367e-01,9.999986886978149414e-01,9.999991059303283691e-01,-9.999983906745910645e-01,-9.999985694885253906e-01,-9.999846816062927246e-01,-9.999976158142089844e-01,-9.999978542327880859e-01,9.999988079071044922e-01,-9.999941587448120117e-01,9.999992251396179199e-01,9.999990463256835938e-01,-9.999904632568359375e-01,-9.999986290931701660e-01,-9.999986290931701660e-01,-9.999906420707702637e-01,-9.999990463256835938e-01,9.999986290931701660e-01,9.999991059303283691e-01,-9.999851584434509277e-01,9.999961853027343750e-01,9.999943971633911133e-01,9.999986290931701660e-01,-9.999930262565612793e-01,-9.999974966049194336e-01,9.999975562095642090e-01,9.999762177467346191e-01,-9.999991655349731445e-01,-9.999988079071044922e-01,-9.999938011169433594e-01,9.999989867210388184e-01,-9.999987483024597168e-01,9.999969005584716797e-01,-9.999774694442749023e-01,-9.999989271163940430e-01,-9.999983906745910645e-01,-9.999984502792358398e-01,9.999859333038330078e-01,-9.999986290931701660e-01,-9.999989271163940430e-01,9.999987483024597168e-01,9.999988079071044922e-01,9.999982118606567383e-01,9.999990463256835938e-01,9.999929666519165039e-01,9.999977946281433105e-01,9.999983906745910645e-01,9.999971389770507812e-01,-9.998734593391418457e-01,-9.999979734420776367e-01,-9.999986290931701660e-01,9.999983310699462891e-01,-9.999991655349731445e-01,-9.999985098838806152e-01,-9.999957084655761719e-01,9.999960660934448242e-01,9.999990463256835938e-01,9.999991655349731445e-01,9.999958872795104980e-01,9.999990463256835938e-01,-9.999989271163940430e-01,9.999988079071044922e-01,-9.999983310699462891e-01,-9.999963045120239258e-01,9.999935030937194824e-01,9.999563694000244141e-01,9.999985098838806152e-01,-9.999939203262329102e-01,-9.999989867210388184e-01,9.999944567680358887e-01,9.999971389770507812e-01,9.999273419380187988e-01,-9.999978542327880859e-01,9.999989867210388184e-01,-9.999971985816955566e-01,9.999983906745910645e-01,9.999890923500061035e-01,-9.999906420707702637e-01,-9.999991059303283691e-01,-9.999633431434631348e-01,-9.999950528144836426e-01,9.999979734420776367e-01,-9.999985694885253906e-01,9.999807476997375488e-01,9.999983310699462891e-01,-9.999985694885253906e-01,9.999982714653015137e-01,9.999930858612060547e-01,-9.999991655349731445e-01,9.999989271163940430e-01,-9.999929666519165039e-01,9.999973773956298828e-01,-9.999989271163940430e-01,9.999747872352600098e-01,9.999623298645019531e-01,-9.999987483024597168e-01,-9.999976754188537598e-01,9.999567270278930664e-01,9.999983310699462891e-01,9.999949336051940918e-01,-9.999986290931701660e-01,9.999983906745910645e-01,-9.999986290931701660e-01,9.999984502792358398e-01,9.999845623970031738e-01,-9.999991059303283691e-01,9.999983906745910645e-01,-9.999991059303283691e-01,9.999988079071044922e-01,9.999952912330627441e-01,9.999982714653015137e-01,9.999989271163940430e-01,-9.999964833259582520e-01,-9.999987483024597168e-01,9.999979138374328613e-01,9.999829530715942383e-01,9.999960660934448242e-01,-9.999909400939941406e-01,9.999973177909851074e-01
-9.999988675117492676e-01,9.999991655349731445e-01,9.999933242797851562e-01,-9.999988675117492676e-01,-9.999994039535522461e-01,9.999992251396179199e-01,-9.999971985816955566e-01,-9.999994039535522461e-01,9.999983310699462891e-01,-9.999984502792358398e-01,9.999991059303283691e-01,9.999993443489074707e-01,-9.999988079071044922e-01,-9.999989271163940430e-01,-9.999884366989135742e-01,-9.999982118606567383e-01,-9.999983906745910645e-01,9.999991655349731445e-01,-9.999955296516418457e-01,9.999994039535522461e-01,9.999993443489074707e-01,-9.999928474426269531e-01,-9.999989867210388184e-01,-9.999990463256835938e-01,-9.999929070472717285e-01,-9.999992847442626953e-01,9.999990463256835938e-01,9.999992251396179199e-01,-9.999888539314270020e-01,9.999971389770507812e-01,9.999959468841552734e-01,9.999990463256835938e-01,-9.999948740005493164e-01,-9.999980926513671875e-01,9.999981522560119629e-01,9.999822378158569336e-01,-9.999994039535522461e-01,-9.999991655349731445e-01,-9.999952912330627441e-01,9.999993443489074707e-01,-9.999991059303283691e-01,9.999976158142089844e-01,-9.999830722808837891e-01,-9.999991655349731445e-01,-9.999988079071044922e-01,-9.999988675117492676e-01,9.999894499778747559e-01,-9.999989867210388184e-01,-9.999992847442626953e-01,9.999991059303283691e-01,9.999992251396179199e-01,9.999986290931701660e-01,9.999992847442626953e-01,9.999946951866149902e-01,9.999983310699462891e-01,9.999988079071044922e-01,9.999979138374328613e-01,-9.999049901962280273e-01,-9.999983906745910645e-01,-9.999989271163940430e-01,9.999987483024597168e-01,-9.999992847442626953e-01,-9.999988675117492676e-01,-9.999967813491821289e-01,9.999970793724060059e-01,9.999993443489074707e-01,9.999994039535522461e-01,9.999969005584716797e-01,9.999992847442626953e-01,-9.999992251396179199e-01,9.999992251396179199e-01,-9.999988079071044922e-01,-9.999971985816955566e-01,9.999951124191284180e-01,9.999672770500183105e-01,9.999988675117492676e-01,-9.999954104423522949e-01,-9.999993443489074707e-01,9.999958276748657227e-01,9.999978542327880859e-01,9.999456405639648438e-01,-9.999983310699462891e-01,9.999991655349731445e-01,-9.999979734420776367e-01,9.999988675117492676e-01,9.999918937683105469e-01,-9.999930262565612793e-01,-9.999993443489074707e-01,-9.999725222587585449e-01,-9.999962449073791504e-01,9.999985098838806152e-01,-9.999989867210388184e-01,9.999855756759643555e-01,9.999986886978149414e-01,-9.999989867210388184e-01,9.999986886978149414e-01,9.999948143959045410e-01,-9.999993443489074707e-01,9.999992847442626953e-01,-9.999947547912597656e-01,9.999980330467224121e-01,-9.999992251396179199e-01,9.999811649322509766e-01,9.999718070030212402e-01,-9.999992251396179199e-01,-9.999982714653015137e-01,9.999674558639526367e-01,9.999987483024597168e-01,9.999960064888000488e-01,-9.999991059303283691e-01,9.999988079071044922e-01,-9.999991059303283691e-01,9.999988675117492676e-01,9.999884366989135742e-01,-9.999994039535522461e-01,9.999988675117492676e-01,-9.999992847442626953e-01,9.999991655349731445e-01,9.999964237213134766e-01,9.999988079071044922e-01,9.999991655349731445e-01,-9.999974370002746582e-01,-9.999991059303283691e-01,9.999984502792358398e-01,9.999872446060180664e-01,9.999970793724060059e-01,-9.999931454658508301e-01,9.999980330467224121e-01
