9.999982714653015137e-01,-9.999986886978149414e-01,-9.999896287918090820e-01,9.999982118606567383e-01,9.999988079071044922e-01,-9.999987483024597168e-01,9.999958276748657227e-01,9.999990463256835938e-01,-9.999974370002746582e-01,9.999976754188537598e-01,-9.999985098838806152e-01,-9.999988675117492676e-01,9.999980926513671875e-01,9.999983906745910645e-01,9.999818801879882812e-01,9.999972581863403320e-01,9.999975562095642090e-01,-9.999986290931701660e-01,9.999932050704956055e-01,-9.999991059303283691e-01,-9.999989271163940430e-01,9.999888539314270020e-01,9.999983906745910645e-01,9.999984502792358398e-01,9.999892115592956543e-01,9.999990463256835938e-01,-9.999984502792358398e-01,-9.999988675117492676e-01,9.999825358390808105e-01,-9.999955892562866211e-01,-9.999936223030090332e-01,-9.999985098838806152e-01,9.999919533729553223e-01,9.999970793724060059e-01,-9.999971389770507812e-01,-9.999731183052062988e-01,9.999989867210388184e-01,9.999986290931701660e-01,9.999927282333374023e-01,-9.999988675117492676e-01,9.999985694885253906e-01,-9.999964237213134766e-01,9.999735951423645020e-01,9.999988675117492676e-01,9.999982714653015137e-01,9.999982118606567383e-01,-9.999828338623046875e-01,9.999982714653015137e-01,9.999986886978149414e-01,-9.999985694885253906e-01,-9.999987483024597168e-01,-9.999979138374328613e-01,-9.999988675117492676e-01,-9.999917745590209961e-01,-9.999973773956298828e-01,-9.999980926513671875e-01,-9.999967217445373535e-01,9.998520016670227051e-01,9.999976754188537598e-01,9.999983906745910645e-01,-9.999979734420776367e-01,9.999989867210388184e-01,9.999982714653015137e-01,9.999951124191284180e-01,-9.999956488609313965e-01,-9.999988079071044922e-01,-9.999990463256835938e-01,-9.999954104423522949e-01,-9.999987483024597168e-01,9.999986886978149414e-01,-9.999986886978149414e-01,9.999979138374328613e-01,9.999958276748657227e-01,-9.999925494194030762e-01,-9.999482035636901855e-01,-9.999982714653015137e-01,9.999929070472717285e-01,9.999987483024597168e-01,-9.999935626983642578e-01,-9.999966621398925781e-01,-9.999211430549621582e-01,9.999974966049194336e-01,-9.999988675117492676e-01,9.999968409538269043e-01,-9.999981522560119629e-01,-9.999873042106628418e-01,9.999892711639404297e-01,9.999988675117492676e-01,9.999556541442871094e-01,9.999943375587463379e-01,-9.999976754188537598e-01,9.999983310699462891e-01,-9.999775290489196777e-01,-9.999979734420776367e-01,9.999984502792358398e-01,-9.999979734420776367e-01,-9.999920129776000977e-01,9.999989271163940430e-01,-9.999988079071044922e-01,9.999916553497314453e-01,-9.999969005584716797e-01,9.999987483024597168e-01,-9.999710321426391602e-01,-9.999573230743408203e-01,9.999985694885253906e-01,9.999972581863403320e-01,-9.999472498893737793e-01,-9.999980330467224121e-01,-9.999940991401672363e-01,9.999985098838806152e-01,-9.999981522560119629e-01,9.999985098838806152e-01,-9.999982118606567383e-01,-9.999822974205017090e-01,9.999990463256835938e-01,-9.999981522560119629e-01,9.999988675117492676e-01,-9.999985098838806152e-01,-9.999944567680358887e-01,-9.999981522560119629e-01,-9.999988675117492676e-01,9.999958872795104980e-01,9.999985098838806152e-01,-9.999976158142089844e-01,-9.999796748161315918e-01,-9.999956488609313965e-01,9.999893307685852051e-01,-9.999969601631164551e-01
-9.999986886978149414e-01,9.999989271163940430e-01,9.999915957450866699e-01,-9.999985694885253906e-01,-9.999992847442626953e-01,9.999989867210388184e-01,-9.999965429306030273e-01,-9.999992251396179199e-01,9.999979734420776367e-01,-9.999981522560119629e-01,9.999987483024597168e-01,9.999991655349731445e-01,-9.999984502792358398e-01,-9.999987483024597168e-01,-9.999852180480957031e-01,-9.999977350234985352e-01,-9.999979734420776367e-01,9.999989271163940430e-01,-9.999945163726806641e-01,9.999992847442626953e-01,9.999992847442626953e-01,-9.999908208847045898e-01,-9.999986886978149414e-01,-9.999987483024597168e-01,-9.999911785125732422e-01,-9.999993443489074707e-01,9.999988079071044922e-01,9.999992251396179199e-01,-9.999858140945434570e-01,9.999963641166687012e-01,9.999948740005493164e-01,9.999987483024597168e-01,-9.999935030937194824e-01,-9.999976754188537598e-01,9.999977350234985352e-01,9.999780654907226562e-01,-9.999992847442626953e-01,-9.999989271163940430e-01,-9.999940991401672363e-01,9.999991059303283691e-01,-9.999989271163940430e-01,9.999971985816955566e-01,-9.999784231185913086e-01,-9.999991655349731445e-01,-9.999985694885253906e-01,-9.999985098838806152e-01,9.999860525131225586e-01,-9.999986886978149414e-01,-9.999990463256835938e-01,9.999988675117492676e-01,9.999989271163940430e-01,9.999982714653015137e-01,9.999991655349731445e-01,9.999932646751403809e-01,9.999979138374328613e-01,9.999984502792358398e-01,9.999973177909851074e-01,-9.998787641525268555e-01,-9.999980926513671875e-01,-9.999986886978149414e-01,9.999985098838806152e-01,-9.999992847442626953e-01,-9.999985694885253906e-01,-9.999960660934448242e-01,9.999964833259582520e-01,9.999991059303283691e-01,9.999992251396179199e-01,9.999961853027343750e-01,9.999991059303283691e-01,-9.999989867210388184e-01,9.999989867210388184e-01,-9.999983906745910645e-01,-9.999964833259582520e-01,9.999939799308776855e-01,9.999576210975646973e-01,9.999985694885253906e-01,-9.999942183494567871e-01,-9.999989867210388184e-01,9.999947547912597656e-01,9.999973177909851074e-01,9.999353885650634766e-01,-9.999980330467224121e-01,9.999992251396179199e-01,-9.999974370002746582e-01,9.999985694885253906e-01,9.999896287918090820e-01,-9.999911785125732422e-01,-9.999991655349731445e-01,-9.999637603759765625e-01,-9.999954700469970703e-01,9.999980926513671875e-01,-9.999987483024597168e-01,9.999816417694091797e-01,9.999983906745910645e-01,-9.999988079071044922e-01,9.999984502792358398e-01,9.999935030937194824e-01,-9.999992847442626953e-01,9.999990463256835938e-01,-9.999932050704956055e-01,9.999976158142089844e-01,-9.999989271163940430e-01,9.999763369560241699e-01,9.999650716781616211e-01,-9.999989271163940430e-01,-9.999978542327880859e-01,9.999568462371826172e-01,9.999985098838806152e-01,9.999952316284179688e-01,-9.999987483024597168e-01,9.999985694885253906e-01,-9.999987483024597168e-01,9.999986290931701660e-01,9.999855756759643555e-01,-9.999993443489074707e-01,9.999985694885253906e-01,-9.999991059303283691e-01,9.999988675117492676e-01,9.999955892562866211e-01,9.999984502792358398e-01,9.999991059303283691e-01,-9.999966621398925781e-01,-9.999988675117492676e-01,9.999980330467224121e-01,9.999834299087524414e-01,9.999964833259582520e-01,-9.999912381172180176e-01,9.999976158142089844e-01
-9.999896287918090820e-01,9.999915957450866699e-01,9.999367594718933105e-01,-9.999893903732299805e-01,-9.999935030937194824e-01,9.999923706054687500e-01,-9.999747276306152344e-01,-9.999939799308776855e-01,9.999846816062927246e-01,-9.999858140945434570e-01,9.999909996986389160e-01,9.999933838844299316e-01,-9.999887347221374512e-01,-9.999902844429016113e-01,-9.998900294303894043e-01,-9.999836087226867676e-01,-9.999853372573852539e-01,9.999918937683105469e-01,-9.999584555625915527e-01,9.999942779541015625e-01,9.999936819076538086e-01,-9.999319314956665039e-01,-9.999904632568359375e-01,-9.999907612800598145e-01,-9.999341368675231934e-01,-9.999940395355224609e-01,9.999907016754150391e-01,9.999934434890747070e-01,-9.998937845230102539e-01,9.999734759330749512e-01,9.999611377716064453e-01,9.999909996986389160e-01,-9.999510645866394043e-01,-9.999826550483703613e-01,9.999827742576599121e-01,9.998363256454467773e-01,-9.999939799308776855e-01,-9.999917149543762207e-01,-9.999563097953796387e-01,9.999933242797851562e-01,-9.999915361404418945e-01,9.999787807464599609e-01,-9.998390674591064453e-01,-9.999928474426269531e-01,-9.999890327453613281e-01,-9.999893307685852051e-01,9.998953938484191895e-01,-9.999898076057434082e-01,-9.999927282333374023e-01,9.999914765357971191e-01,9.999924302101135254e-01,9.999874234199523926e-01,9.999929666519165039e-01,9.999501109123229980e-01,9.999845027923583984e-01,9.999888539314270020e-01,9.999804496765136719e-01,-9.990990161895751953e-01,-9.999861717224121094e-01,-9.999904036521911621e-01,9.999886155128479004e-01,-9.999937415122985840e-01,-9.999898076057434082e-01,-9.999703764915466309e-01,9.999735951423645020e-01,9.999928474426269531e-01,9.999940395355224609e-01,9.999720454216003418e-01,9.999930262565612793e-01,-9.999924898147583008e-01,9.999923706054687500e-01,-9.999883174896240234e-01,-9.999744892120361328e-01,9.999546408653259277e-01,9.996848106384277344e-01,9.999895691871643066e-01,-9.999569654464721680e-01,-9.999924302101135254e-01,9.999607205390930176e-01,9.999800920486450195e-01,9.995201826095581055e-01,-9.999855756759643555e-01,9.999931454658508301e-01,-9.999811053276062012e-01,9.999895691871643066e-01,9.999224543571472168e-01,-9.999345541000366211e-01,-9.999933838844299316e-01,-9.997302293777465820e-01,-9.999660253524780273e-01,9.999861717224121094e-01,-9.999902248382568359e-01,9.998633861541748047e-01,9.999877810478210449e-01,-9.999907612800598145e-01,9.999879002571105957e-01,9.999511837959289551e-01,-9.999938011169433594e-01,9.999928474426269531e-01,-9.999496340751647949e-01,9.999819397926330566e-01,-9.999925494194030762e-01,9.998235702514648438e-01,9.997403621673583984e-01,-9.999915361404418945e-01,-9.999839663505554199e-01,9.996788501739501953e-01,9.999882578849792480e-01,9.999642372131347656e-01,-9.999911189079284668e-01,9.999890327453613281e-01,-9.999910593032836914e-01,9.999893307685852051e-01,9.998919367790222168e-01,-9.999940395355224609e-01,9.999890923500061035e-01,-9.999933242797851562e-01,9.999915361404418945e-01,9.999665617942810059e-01,9.999888539314270020e-01,9.999930262565612793e-01,-9.999753832817077637e-01,-9.999913573265075684e-01,9.999856948852539062e-01,9.998762607574462891e-01,9.999735355377197266e-01,-9.999350309371948242e-01,9.999819993972778320e-01
9.999982118606567383e-01,-9.999985694885253906e-01,-9.999893903732299805e-01,9.999981522560119629e-01,9.999988079071044922e-01,-9.999986290931701660e-01,9.999956488609313965e-01,9.999989271163940430e-01,-9.999972581863403320e-01,9.999975562095642090e-01,-9.999983906745910645e-01,-9.999988079071044922e-01,9.999980330467224121e-01,9.999983310699462891e-01,9.999814033508300781e-01,9.999970793724060059e-01,9.999973773956298828e-01,-9.999985694885253906e-01,9.999929666519165039e-01,-9.999989867210388184e-01,-9.999988675117492676e-01,9.999884366989135742e-01,9.999983310699462891e-01,9.999982714653015137e-01,9.999889135360717773e-01,9.999989271163940430e-01,-9.999983310699462891e-01,-9.999988079071044922e-01,9.999819993972778320e-01,-9.999954700469970703e-01,-9.999934434890747070e-01,-9.999984502792358398e-01,9.999917149543762207e-01,9.999969005584716797e-01,-9.999970197677612305e-01,-9.999724030494689941e-01,9.999989271163940430e-01,9.999985694885253906e-01,9.999924898147583008e-01,-9.999988675117492676e-01,9.999984502792358398e-01,-9.999963641166687012e-01,9.999728798866271973e-01,9.999987483024597168e-01,9.999980926513671875e-01,9.999981522560119629e-01,-9.999823570251464844e-01,9.999982118606567383e-01,9.999986886978149414e-01,-9.999985098838806152e-01,-9.999986290931701660e-01,-9.999977946281433105e-01,-9.999987483024597168e-01,-9.999915361404418945e-01,-9.999973177909851074e-01,-9.999979734420776367e-01,-9.999965429306030273e-01,9.998479485511779785e-01,9.999976158142089844e-01,9.999983310699462891e-01,-9.999980330467224121e-01,9.999989271163940430e-01,9.999981522560119629e-01,9.999949336051940918e-01,-9.999954700469970703e-01,-9.999986886978149414e-01,-9.999989867210388184e-01,-9.999952912330627441e-01,-9.999986290931701660e-01,9.999986290931701660e-01,-9.999986886978149414e-01,9.999978542327880859e-01,9.999956488609313965e-01,-9.999923706054687500e-01,-9.999467730522155762e-01,-9.999980926513671875e-01,9.999927282333374023e-01,9.999986290931701660e-01,-9.999933838844299316e-01,-9.999964833259582520e-01,-9.999189376831054688e-01,9.999974370002746582e-01,-9.999988079071044922e-01,9.999967813491821289e-01,-9.999982118606567383e-01,-9.999869465827941895e-01,9.999889135360717773e-01,9.999988079071044922e-01,9.999543428421020508e-01,9.999942779541015625e-01,-9.999975562095642090e-01,9.999982118606567383e-01,-9.999768733978271484e-01,-9.999978542327880859e-01,9.999983906745910645e-01,-9.999979138374328613e-01,-9.999917149543762207e-01,9.999989271163940430e-01,-9.999986886978149414e-01,9.999914169311523438e-01,-9.999967813491821289e-01,9.999986290931701660e-01,-9.999702572822570801e-01,-9.999560713768005371e-01,9.999985098838806152e-01,9.999971389770507812e-01,-9.999457597732543945e-01,-9.999978542327880859e-01,-9.999939799308776855e-01,9.999983906745910645e-01,-9.999979734420776367e-01,9.999984502792358398e-01,-9.999980330467224121e-01,-9.999817609786987305e-01,9.999989271163940430e-01,-9.999981522560119629e-01,9.999987483024597168e-01,-9.999984502792358398e-01,-9.999942779541015625e-01,-9.999979734420776367e-01,-9.999988079071044922e-01,9.999957680702209473e-01,9.999985098838806152e-01,-9.999974370002746582e-01,-9.999791383743286133e-01,-9.999955296516418457e-01,9.999889731407165527e-01,-9.999969005584716797e-01
9.999988079071044922e-01,-9.999992847442626953e-01,-9.999935030937194824e-01,9.999988079071044922e-01,9.999993443489074707e-01,-9.999991655349731445e-01,9.999973177909851074e-01,9.999993443489074707e-01,-9.999983310699462891e-01,9.999984502792358398e-01,-9.999991059303283691e-01,-9.999993443489074707e-01,9.999988079071044922e-01,9.999989867210388184e-01,9.999884366989135742e-01,9.999982714653015137e-01,9.999984502792358398e-01,-9.999991655349731445e-01,9.999956488609313965e-01,-9.999993443489074707e-01,-9.999992847442626953e-01,9.999929070472717285e-01,9.999989867210388184e-01,9.999990463256835938e-01,9.999932050704956055e-01,9.999994039535522461e-01,-9.999990463256835938e-01,-9.999993443489074707e-01,9.999887943267822266e-01,-9.999971985816955566e-01,-9.999959468841552734e-01,-9.999991059303283691e-01,9.999948740005493164e-01,9.999981522560119629e-01,-9.999981522560119629e-01,-9.999828934669494629e-01,9.999994039535522461e-01,9.999990463256835938e-01,9.999954104423522949e-01,-9.999993443489074707e-01,9.999991655349731445e-01,-9.999977350234985352e-01,9.999831914901733398e-01,9.999993443489074707e-01,9.999988675117492676e-01,9.999988675117492676e-01,-9.999890923500061035e-01,9.999989271163940430e-01,9.999991655349731445e-01,-9.999991059303283691e-01,-9.999992251396179199e-01,-9.999985694885253906e-01,-9.999992847442626953e-01,-9.999947547912597656e-01,-9.999984502792358398e-01,-9.999988079071044922e-01,-9.999979138374328613e-01,9.999057054519653320e-01,9.999984502792358398e-01,9.999989867210388184e-01,-9.999988675117492676e-01,9.999993443489074707e-01,9.999989271163940430e-01,9.999968409538269043e-01,-9.999971985816955566e-01,-9.999992251396179199e-01,-9.999993443489074707e-01,-9.999970197677612305e-01,-9.999992251396179199e-01,9.999991655349731445e-01,-9.999992251396179199e-01,9.999986886978149414e-01,9.999971985816955566e-01,-9.999952316284179688e-01,-9.999669790267944336e-01,-9.999988675117492676e-01,9.999954700469970703e-01,9.999992251396179199e-01,-9.999958872795104980e-01,-9.999978542327880859e-01,-9.999497532844543457e-01,9.999984502792358398e-01,-9.999994039535522461e-01,9.999978542327880859e-01,-9.999988079071044922e-01,-9.999918937683105469e-01,9.999931454658508301e-01,9.999993443489074707e-01,9.999718070030212402e-01,9.999963641166687012e-01,-9.999985098838806152e-01,9.999989271163940430e-01,-9.999857544898986816e-01,-9.999986886978149414e-01,9.999990463256835938e-01,-9.999986886978149414e-01,-9.999948740005493164e-01,9.999993443489074707e-01,-9.999991655349731445e-01,9.999947547912597656e-01,-9.999980926513671875e-01,9.999991655349731445e-01,-9.999815225601196289e-01,-9.999727606773376465e-01,9.999991655349731445e-01,9.999982118606567383e-01,-9.999663829803466797e-01,-9.999987483024597168e-01,-9.999961853027343750e-01,9.999991059303283691e-01,-9.999988079071044922e-01,9.999989867210388184e-01,-9.999988079071044922e-01,-9.999886751174926758e-01,9.999994039535522461e-01,-9.999988079071044922e-01,9.999992251396179199e-01,-9.999990463256835938e-01,-9.999964237213134766e-01,-9.999988079071044922e-01,-9.999992847442626953e-01,9.999973773956298828e-01,9.999991059303283691e-01,-9.999984502792358398e-01,-9.999870657920837402e-01,-9.999971985816955566e-01,9.999932050704956055e-01,-9.999982118606567383e-01
-9.999987483024597168e-01,9.999989867210388184e-01,9.999923706054687500e-01,-9.999986290931701660e-01,-9.999991655349731445e-01,9.999991059303283691e-01,-9.999969005584716797e-01,-9.999992847442626953e-01,9.999980926513671875e-01,-9.999982714653015137e-01,9.999989271163940430e-01,9.999992251396179199e-01,-9.999986290931701660e-01,-9.999988079071044922e-01,-9.999867677688598633e-01,-9.999978542327880859e-01,-9.999980926513671875e-01,9.999990463256835938e-01,-9.999949932098388672e-01,9.999992847442626953e-01,9.999992847442626953e-01,-9.999918341636657715e-01,-9.999988079071044922e-01,-9.999988675117492676e-01,-9.999920725822448730e-01,-9.999992847442626953e-01,9.999988675117492676e-01,9.999992251396179199e-01,-9.999872446060180664e-01,9.999967813491821289e-01,9.999953508377075195e-01,9.999988079071044922e-01,-9.999940991401672363e-01,-9.999979138374328613e-01,9.999979734420776367e-01,9.999803304672241211e-01,-9.999992847442626953e-01,-9.999989867210388184e-01,-9.999946355819702148e-01,9.999992251396179199e-01,-9.999989867210388184e-01,9.999973773956298828e-01,-9.999806284904479980e-01,-9.999992847442626953e-01,-9.999987483024597168e-01,-9.999986290931701660e-01,9.999874234199523926e-01,-9.999987483024597168e-01,-9.999991655349731445e-01,9.999989271163940430e-01,9.999991059303283691e-01,9.999983906745910645e-01,9.999992847442626953e-01,9.999939203262329102e-01,9.999980926513671875e-01,9.999986290931701660e-01,9.999976158142089844e-01,-9.998914599418640137e-01,-9.999982714653015137e-01,-9.999988079071044922e-01,9.999985694885253906e-01,-9.999992847442626953e-01,-9.999987483024597168e-01,-9.999962449073791504e-01,9.999967813491821289e-01,9.999991655349731445e-01,9.999992847442626953e-01,9.999966025352478027e-01,9.999991059303283691e-01,-9.999990463256835938e-01,9.999991059303283691e-01,-9.999985098838806152e-01,-9.999969005584716797e-01,9.999945163726806641e-01,9.999620914459228516e-01,9.999986290931701660e-01,-9.999948143959045410e-01,-9.999991059303283691e-01,9.999953508377075195e-01,9.999975562095642090e-01,9.999421834945678711e-01,-9.999981522560119629e-01,9.999992847442626953e-01,-9.999976754188537598e-01,9.999986290931701660e-01,9.999907016754150391e-01,-9.999921321868896484e-01,-9.999992251396179199e-01,-9.999675154685974121e-01,-9.999958872795104980e-01,9.999982714653015137e-01,-9.999988079071044922e-01,9.999836087226867676e-01,9.999985694885253906e-01,-9.999988675117492676e-01,9.999985098838806152e-01,9.999942183494567871e-01,-9.999992847442626953e-01,9.999991655349731445e-01,-9.999938607215881348e-01,9.999977350234985352e-01,-9.999990463256835938e-01,9.999788403511047363e-01,9.999687671661376953e-01,-9.999989867210388184e-01,-9.999980330467224121e-01,9.999613761901855469e-01,9.999985694885253906e-01,9.999956488609313965e-01,-9.999988675117492676e-01,9.999986290931701660e-01,-9.999989271163940430e-01,9.999986886978149414e-01,9.999870061874389648e-01,-9.999992847442626953e-01,9.999986886978149414e-01,-9.999992251396179199e-01,9.999989271163940430e-01,9.999960064888000488e-01,9.999986290931701660e-01,9.999991655349731445e-01,-9.999969005584716797e-01,-9.999989271163940430e-01,9.999982118606567383e-01,9.999850988388061523e-01,9.999966621398925781e-01,-9.999921917915344238e-01,9.999977946281433105e-01
9.999958276748657227e-01,-9.999965429306030273e-01,-9.999747276306152344e-01,9.999956488609313965e-01,9.999973177909851074e-01,-9.999969005584716797e-01,9.999898672103881836e-01,9.999975562095642090e-01,-9.999936819076538086e-01,9.999942779541015625e-01,-9.999963641166687012e-01,-9.999972581863403320e-01,9.999955296516418457e-01,9.999960064888000488e-01,9.999557733535766602e-01,9.999933838844299316e-01,9.999940991401672363e-01,-9.999967813491821289e-01,9.999833703041076660e-01,-9.999976754188537598e-01,-9.999974966049194336e-01,9.999727010726928711e-01,9.999961256980895996e-01,9.999961853027343750e-01,9.999735951423645020e-01,9.999975562095642090e-01,-9.999961853027343750e-01,-9.999973177909851074e-01,9.999573826789855957e-01,-9.999892711639404297e-01,-9.999844431877136230e-01,-9.999963045120239258e-01,9.999803900718688965e-01,9.999930858612060547e-01,-9.999930858612060547e-01,-9.999342560768127441e-01,9.999976158142089844e-01,9.999966025352478027e-01,9.999824762344360352e-01,-9.999972581863403320e-01,9.999965429306030273e-01,-9.999915361404418945e-01,9.999353885650634766e-01,9.999971389770507812e-01,9.999955296516418457e-01,9.999957680702209473e-01,-9.999579787254333496e-01,9.999958872795104980e-01,9.999970197677612305e-01,-9.999964833259582520e-01,-9.999967813491821289e-01,-9.999949336051940918e-01,-9.999971389770507812e-01,-9.999799728393554688e-01,-9.999938607215881348e-01,-9.999955296516418457e-01,-9.999921321868896484e-01,9.996383190155029297e-01,9.999943971633911133e-01,9.999961853027343750e-01,-9.999954104423522949e-01,9.999974966049194336e-01,9.999958872795104980e-01,9.999880790710449219e-01,-9.999893307685852051e-01,-9.999970197677612305e-01,-9.999976158142089844e-01,-9.999887347221374512e-01,-9.999970197677612305e-01,9.999968409538269043e-01,-9.999968409538269043e-01,9.999952912330627441e-01,9.999897480010986328e-01,-9.999818801879882812e-01,-9.998734593391418457e-01,-9.999957680702209473e-01,9.999827742576599121e-01,9.999967813491821289e-01,-9.999842047691345215e-01,-9.999920129776000977e-01,-9.998074173927307129e-01,9.999942183494567871e-01,-9.999971985816955566e-01,9.999923706054687500e-01,-9.999957680702209473e-01,-9.999688863754272461e-01,9.999738335609436035e-01,9.999972581863403320e-01,9.998916387557983398e-01,9.999863505363464355e-01,-9.999943971633911133e-01,9.999959468841552734e-01,-9.999451637268066406e-01,-9.999950528144836426e-01,9.999961853027343750e-01,-9.999951720237731934e-01,-9.999803900718688965e-01,9.999974370002746582e-01,-9.999970197677612305e-01,9.999797940254211426e-01,-9.999928474426269531e-01,9.999969005584716797e-01,-9.999291896820068359e-01,-9.998957514762878418e-01,9.999964833259582520e-01,9.999936223030090332e-01,-9.998711347579956055e-01,-9.999952316284179688e-01,-9.999856352806091309e-01,9.999963641166687012e-01,-9.999955892562866211e-01,9.999963641166687012e-01,-9.999957084655761719e-01,-9.999566078186035156e-01,9.999975562095642090e-01,-9.999956488609313965e-01,9.999972581863403320e-01,-9.999964237213134766e-01,-9.999865889549255371e-01,-9.999954700469970703e-01,-9.999971985816955566e-01,9.999901056289672852e-01,9.999964237213134766e-01,-9.999942183494567871e-01,-9.999502897262573242e-01,-9.999893307685852051e-01,9.999739527702331543e-01,-9.999927282333374023e-01
9.999990463256835938e-01,-9.999992251396179199e-01,-9.999939799308776855e-01,9.999989271163940430e-01,9.999993443489074707e-01,-9.999992847442626953e-01,9.999975562095642090e-01,9.999994039535522461e-01,-9.999985098838806152e-01,9.999986290931701660e-01,-9.999991655349731445e-01,-9.999992847442626953e-01,9.999989271163940430e-01,9.999989867210388184e-01,9.999895095825195312e-01,9.999983906745910645e-01,9.999985694885253906e-01,-9.999992251396179199e-01,9.999959468841552734e-01,-9.999994039535522461e-01,-9.999994039535522461e-01,9.999933838844299316e-01,9.999991059303283691e-01,9.999991655349731445e-01,9.999937415122985840e-01,9.999994635581970215e-01,-9.999990463256835938e-01,-9.999994039535522461e-01,9.999898076057434082e-01,-9.999973773956298828e-01,-9.999962449073791504e-01,-9.999990463256835938e-01,9.999953508377075195e-01,9.999983310699462891e-01,-9.999983310699462891e-01,-9.999843835830688477e-01,9.999994635581970215e-01,9.999992251396179199e-01,9.999958276748657227e-01,-9.999992847442626953e-01,9.999991059303283691e-01,-9.999979138374328613e-01,9.999846220016479492e-01,9.999994039535522461e-01,9.999989271163940430e-01,9.999989271163940430e-01,-9.999899268150329590e-01,9.999990463256835938e-01,9.999992251396179199e-01,-9.999992251396179199e-01,-9.999992251396179199e-01,-9.999986886978149414e-01,-9.999993443489074707e-01,-9.999951720237731934e-01,-9.999985098838806152e-01,-9.999989271163940430e-01,-9.999980926513671875e-01,9.999138712882995605e-01,9.999986290931701660e-01,9.999991059303283691e-01,-9.999988675117492676e-01,9.999994635581970215e-01,9.999990463256835938e-01,9.999970197677612305e-01,-9.999974370002746582e-01,-9.999992847442626953e-01,-9.999994635581970215e-01,-9.999972581863403320e-01,-9.999992847442626953e-01,9.999992251396179199e-01,-9.999992847442626953e-01,9.999988079071044922e-01,9.999974370002746582e-01,-9.999956488609313965e-01,-9.999699592590332031e-01,-9.999989271163940430e-01,9.999958872795104980e-01,9.999992847442626953e-01,-9.999961853027343750e-01,-9.999980330467224121e-01,-9.999541640281677246e-01,9.999986290931701660e-01,-9.999993443489074707e-01,9.999981522560119629e-01,-9.999989271163940430e-01,-9.999926090240478516e-01,9.999937415122985840e-01,9.999994039535522461e-01,9.999742507934570312e-01,9.999966025352478027e-01,-9.999986290931701660e-01,9.999991059303283691e-01,-9.999868869781494141e-01,-9.999988079071044922e-01,9.999991655349731445e-01,-9.999988079071044922e-01,-9.999953508377075195e-01,9.999994039535522461e-01,-9.999992251396179199e-01,9.999951124191284180e-01,-9.999982714653015137e-01,9.999992251396179199e-01,-9.999831914901733398e-01,-9.999751448631286621e-01,9.999992251396179199e-01,9.999983310699462891e-01,-9.999693632125854492e-01,-9.999988675117492676e-01,-9.999965429306030273e-01,9.999991655349731445e-01,-9.999989271163940430e-01,9.999991059303283691e-01,-9.999989271163940430e-01,-9.999896883964538574e-01,9.999994635581970215e-01,-9.999989271163940430e-01,9.999992847442626953e-01,-9.999992251396179199e-01,-9.999967813491821289e-01,-9.999989271163940430e-01,-9.999994039535522461e-01,9.999975562095642090e-01,9.999992251396179199e-01,-9.999986290931701660e-01,-9.999881982803344727e-01,-9.999974370002746582e-01,9.999938011169433594e-01,-9.999983310699462891e-01
-9.999974370002746582e-01,9.999979734420776367e-01,9.999846816062927246e-01,-9.999972581863403320e-01,-9.999983310699462891e-01,9.999980926513671875e-01,-9.999936819076538086e-01,-9.999985098838806152e-01,9.999961853027343750e-01,-9.999964237213134766e-01,9.999977946281433105e-01,9.999983310699462891e-01,-9.999971985816955566e-01,-9.999974966049194336e-01,-9.999730587005615234e-01,-9.999958872795104980e-01,-9.999963641166687012e-01,9.999979734420776367e-01,-9.999898672103881836e-01,9.999985098838806152e-01,9.999983906745910645e-01,-9.999833703041076660e-01,-9.999976158142089844e-01,-9.999977350234985352e-01,-9.999839067459106445e-01,-9.999985098838806152e-01,9.999976754188537598e-01,9.999983310699462891e-01,-9.999740719795227051e-01,9.999934434890747070e-01,9.999905228614807129e-01,9.999976754188537598e-01,-9.999880790710449219e-01,-9.999958276748657227e-01,9.999958276748657227e-01,9.999599456787109375e-01,-9.999985098838806152e-01,-9.999978542327880859e-01,-9.999893307685852051e-01,9.999983310699462891e-01,-9.999978542327880859e-01,9.999948143959045410e-01,-9.999606013298034668e-01,-9.999983310699462891e-01,-9.999972581863403320e-01,-9.999972581863403320e-01,9.999744296073913574e-01,-9.999974370002746582e-01,-9.999982118606567383e-01,9.999978542327880859e-01,9.999980926513671875e-01,9.999969005584716797e-01,9.999982118606567383e-01,9.999878406524658203e-01,9.999961256980895996e-01,9.999971985816955566e-01,9.999951720237731934e-01,-9.997797608375549316e-01,-9.999965429306030273e-01,-9.999976158142089844e-01,9.999971985816955566e-01,-9.999983906745910645e-01,-9.999974370002746582e-01,-9.999927282333374023e-01,9.999935030937194824e-01,9.999982118606567383e-01,9.999985098838806152e-01,9.999931454658508301e-01,9.999981522560119629e-01,-9.999980926513671875e-01,9.999980926513671875e-01,-9.999970197677612305e-01,-9.999937415122985840e-01,9.999889135360717773e-01,9.999229311943054199e-01,9.999973773956298828e-01,-9.999895691871643066e-01,-9.999980926513671875e-01,9.999904036521911621e-01,9.999951124191284180e-01,9.998826384544372559e-01,-9.999964237213134766e-01,9.999983310699462891e-01,-9.999953508377075195e-01,9.999973177909851074e-01,9.999810457229614258e-01,-9.999840259552001953e-01,-9.999983310699462891e-01,-9.999340176582336426e-01,-9.999917149543762207e-01,9.999965429306030273e-01,-9.999975562095642090e-01,9.999666213989257812e-01,9.999969601631164551e-01,-9.999976754188537598e-01,9.999969601631164551e-01,9.999880790710449219e-01,-9.999984502792358398e-01,9.999982118606567383e-01,-9.999876618385314941e-01,9.999955892562866211e-01,-9.999980330467224121e-01,9.999568462371826172e-01,9.999363422393798828e-01,-9.999978542327880859e-01,-9.999960064888000488e-01,9.999215006828308105e-01,9.999970793724060059e-01,9.999912381172180176e-01,-9.999977350234985352e-01,9.999972581863403320e-01,-9.999976754188537598e-01,9.999973177909851074e-01,9.999735951423645020e-01,-9.999985098838806152e-01,9.999972581863403320e-01,-9.999983310699462891e-01,9.999978542327880859e-01,9.999918341636657715e-01,9.999971985816955566e-01,9.999983310699462891e-01,-9.999939203262329102e-01,-9.999977946281433105e-01,9.999964237213134766e-01,9.999697804450988770e-01,9.999935030937194824e-01,-9.999841451644897461e-01,9.999955892562866211e-01
9.999976754188537598e-01,-9.999981522560119629e-01,-9.999858140945434570e-01,9.999975562095642090e-01,9.999984502792358398e-01,-9.999982714653015137e-01,9.999942779541015625e-01,9.999986290931701660e-01,-9.999964237213134766e-01,9.999967813491821289e-01,-9.999979138374328613e-01,-9.999985694885253906e-01,9.999974966049194336e-01,9.999977350234985352e-01,9.999752044677734375e-01,9.999963045120239258e-01,9.999966025352478027e-01,-9.999982118606567383e-01,9.999906420707702637e-01,-9.999986886978149414e-01,-9.999985098838806152e-01,9.999846220016479492e-01,9.999978542327880859e-01,9.999979138374328613e-01,9.999852180480957031e-01,9.999986886978149414e-01,-9.999979138374328613e-01,-9.999984502792358398e-01,9.999759793281555176e-01,-9.999939799308776855e-01,-9.999912977218627930e-01,-9.999979138374328613e-01,9.999890327453613281e-01,9.999960064888000488e-01,-9.999960064888000488e-01,-9.999629259109497070e-01,9.999985694885253906e-01,9.999980926513671875e-01,9.999901056289672852e-01,-9.999985694885253906e-01,9.999980330467224121e-01,-9.999951720237731934e-01,9.999635815620422363e-01,9.999984502792358398e-01,9.999975562095642090e-01,9.999974966049194336e-01,-9.999763965606689453e-01,9.999976754188537598e-01,9.999983310699462891e-01,-9.999981522560119629e-01,-9.999982118606567383e-01,-9.999971389770507812e-01,-9.999984502792358398e-01,-9.999887943267822266e-01,-9.999965429306030273e-01,-9.999974966049194336e-01,-9.999955892562866211e-01,9.997959733009338379e-01,9.999969005584716797e-01,9.999979138374328613e-01,-9.999974370002746582e-01,9.999986290931701660e-01,9.999976754188537598e-01,9.999932646751403809e-01,-9.999939799308776855e-01,-9.999983310699462891e-01,-9.999986886978149414e-01,-9.999936223030090332e-01,-9.999983906745910645e-01,9.999981522560119629e-01,-9.999983310699462891e-01,9.999973177909851074e-01,9.999942183494567871e-01,-9.999897480010986328e-01,-9.999286532402038574e-01,-9.999976754188537598e-01,9.999903440475463867e-01,9.999983310699462891e-01,-9.999911785125732422e-01,-9.999955296516418457e-01,-9.998912811279296875e-01,9.999966621398925781e-01,-9.999984502792358398e-01,9.999957680702209473e-01,-9.999976158142089844e-01,-9.999825358390808105e-01,9.999852180480957031e-01,9.999985694885253906e-01,9.999388456344604492e-01,9.999923110008239746e-01,-9.999967813491821289e-01,9.999977946281433105e-01,-9.999691247940063477e-01,-9.999972581863403320e-01,9.999979138374328613e-01,-9.999972581863403320e-01,-9.999890327453613281e-01,9.999985694885253906e-01,-9.999983310699462891e-01,9.999886155128479004e-01,-9.999959468841552734e-01,9.999982714653015137e-01,-9.999600648880004883e-01,-9.999411702156066895e-01,9.999981522560119629e-01,9.999963045120239258e-01,-9.999272823333740234e-01,-9.999972581863403320e-01,-9.999918937683105469e-01,9.999979138374328613e-01,-9.999974966049194336e-01,9.999979138374328613e-01,-9.999975562095642090e-01,-9.999755620956420898e-01,9.999986290931701660e-01,-9.999975562095642090e-01,9.999984502792358398e-01,-9.999980330467224121e-01,-9.999925494194030762e-01,-9.999974966049194336e-01,-9.999984502792358398e-01,9.999944567680358887e-01,9.999979734420776367e-01,-9.999966621398925781e-01,-9.999721050262451172e-01,-9.999940991401672363e-01,9.999852776527404785e-01,-9.999959468841552734e-01
-9.999985098838806152e-01,9.999987483024597168e-01,9.999909996986389160e-01,-9.999983906745910645e-01,-9.999991059303283691e-01,9.999989271163940430e-01,-9.999963641166687012e-01,-9.999991655349731445e-01,9.999977946281433105e-01,-9.999979138374328613e-01,9.999986290931701660e-01,9.999989867210388184e-01,-9.999983906745910645e-01,-9.999985098838806152e-01,-9.999843835830688477e-01,-9.999975562095642090e-01,-9.999977946281433105e-01,9.999988079071044922e-01,-9.999940991401672363e-01,9.999991059303283691e-01,9.999991059303283691e-01,-9.999902248382568359e-01,-9.999985098838806152e-01,-9.999986290931701660e-01,-9.999906420707702637e-01,-9.999991655349731445e-01,9.999986290931701660e-01,9.999989867210388184e-01,-9.999848008155822754e-01,9.999961853027343750e-01,9.999943971633911133e-01,9.999986290931701660e-01,-9.999929666519165039e-01,-9.999974966049194336e-01,9.999974966049194336e-01,9.999766945838928223e-01,-9.999990463256835938e-01,-9.999987483024597168e-01,-9.999936819076538086e-01,9.999991059303283691e-01,-9.999987483024597168e-01,9.999969005584716797e-01,-9.999771118164062500e-01,-9.999989271163940430e-01,-9.999983906745910645e-01,-9.999983310699462891e-01,9.999851584434509277e-01,-9.999985098838806152e-01,-9.999988675117492676e-01,9.999987483024597168e-01,9.999988079071044922e-01,9.999982118606567383e-01,9.999989867210388184e-01,9.999929070472717285e-01,9.999977350234985352e-01,9.999983906745910645e-01,9.999970793724060059e-01,-9.998717904090881348e-01,-9.999979734420776367e-01,-9.999986290931701660e-01,9.999983310699462891e-01,-9.999991059303283691e-01,-9.999984502792358398e-01,-9.999957084655761719e-01,9.999960660934448242e-01,9.999989271163940430e-01,9.999991655349731445e-01,9.999959468841552734e-01,9.999989271163940430e-01,-9.999987483024597168e-01,9.999988675117492676e-01,-9.999983310699462891e-01,-9.999963045120239258e-01,9.999935626983642578e-01,9.999551177024841309e-01,9.999984502792358398e-01,-9.999938607215881348e-01,-9.999988675117492676e-01,9.999943971633911133e-01,9.999970793724060059e-01,9.999316930770874023e-01,-9.999978542327880859e-01,9.999989867210388184e-01,-9.999972581863403320e-01,9.999985098838806152e-01,9.999889731407165527e-01,-9.999907016754150391e-01,-9.999991059303283691e-01,-9.999616146087646484e-01,-9.999951720237731934e-01,9.999979734420776367e-01,-9.999985694885253906e-01,9.999805092811584473e-01,9.999980926513671875e-01,-9.999986290931701660e-01,9.999982118606567383e-01,9.999930858612060547e-01,-9.999990463256835938e-01,9.999988675117492676e-01,-9.999928474426269531e-01,9.999973773956298828e-01,-9.999988675117492676e-01,9.999749064445495605e-01,9.999629855155944824e-01,-9.999987483024597168e-01,-9.999976754188537598e-01,9.999542832374572754e-01,9.999982714653015137e-01,9.999948143959045410e-01,-9.999986886978149414e-01,9.999983906745910645e-01,-9.999986290931701660e-01,9.999984502792358398e-01,9.999846220016479492e-01,-9.999991059303283691e-01,9.999983906745910645e-01,-9.999991059303283691e-01,9.999986886978149414e-01,9.999951720237731934e-01,9.999983906745910645e-01,9.999990463256835938e-01,-9.999963641166687012e-01,-9.999987483024597168e-01,9.999978542327880859e-01,9.999824166297912598e-01,9.999961853027343750e-01,-9.999907612800598145e-01,9.999973773956298828e-01
-9.999988675117492676e-01,9.999991655349731445e-01,9.999933838844299316e-01,-9.999988079071044922e-01,-9.999993443489074707e-01,9.999992251396179199e-01,-9.999972581863403320e-01,-9.999992847442626953e-01,9.999983310699462891e-01,-9.999985694885253906e-01,9.999989867210388184e-01,9.999992251396179199e-01,-9.999988079071044922e-01,-9.999989271163940430e-01,-9.999882578849792480e-01,-9.999982118606567383e-01,-9.999983906745910645e-01,9.999991655349731445e-01,-9.999955892562866211e-01,9.999993443489074707e-01,9.999993443489074707e-01,-9.999927878379821777e-01,-9.999989271163940430e-01,-9.999990463256835938e-01,-9.999930262565612793e-01,-9.999994039535522461e-01,9.999990463256835938e-01,9.999993443489074707e-01,-9.999886751174926758e-01,9.999971389770507812e-01,9.999958872795104980e-01,9.999989867210388184e-01,-9.999947547912597656e-01,-9.999980926513671875e-01,9.999981522560119629e-01,9.999825954437255859e-01,-9.999992847442626953e-01,-9.999990463256835938e-01,-9.999952912330627441e-01,9.999993443489074707e-01,-9.999991059303283691e-01,9.999976158142089844e-01,-9.999828934669494629e-01,-9.999993443489074707e-01,-9.999988079071044922e-01,-9.999988675117492676e-01,9.999889135360717773e-01,-9.999988079071044922e-01,-9.999992847442626953e-01,9.999991059303283691e-01,9.999991059303283691e-01,9.999985694885253906e-01,9.999992847442626953e-01,9.999946355819702148e-01,9.999983310699462891e-01,9.999987483024597168e-01,9.999978542327880859e-01,-9.999042153358459473e-01,-9.999985098838806152e-01,-9.999989271163940430e-01,9.999987483024597168e-01,-9.999994039535522461e-01,-9.999988079071044922e-01,-9.999967813491821289e-01,9.999971389770507812e-01,9.999992847442626953e-01,9.999994039535522461e-01,9.999969601631164551e-01,9.999991655349731445e-01,-9.999991059303283691e-01,9.999992251396179199e-01,-9.999986886978149414e-01,-9.999971389770507812e-01,9.999951720237731934e-01,9.999665021896362305e-01,9.999988079071044922e-01,-9.999954104423522949e-01,-9.999991059303283691e-01,9.999958276748657227e-01,9.999978542327880859e-01,9.999489784240722656e-01,-9.999984502792358398e-01,9.999992847442626953e-01,-9.999979734420776367e-01,9.999988079071044922e-01,9.999917745590209961e-01,-9.999930262565612793e-01,-9.999993443489074707e-01,-9.999713897705078125e-01,-9.999962449073791504e-01,9.999985098838806152e-01,-9.999989271163940430e-01,9.999855160713195801e-01,9.999986886978149414e-01,-9.999990463256835938e-01,9.999986886978149414e-01,9.999948143959045410e-01,-9.999992847442626953e-01,9.999991655349731445e-01,-9.999945759773254395e-01,9.999980330467224121e-01,-9.999991059303283691e-01,9.999812841415405273e-01,9.999724626541137695e-01,-9.999991059303283691e-01,-9.999982714653015137e-01,9.999658465385437012e-01,9.999986290931701660e-01,9.999960064888000488e-01,-9.999989867210388184e-01,9.999988079071044922e-01,-9.999989867210388184e-01,9.999988079071044922e-01,9.999885559082031250e-01,-9.999993443489074707e-01,9.999988079071044922e-01,-9.999992847442626953e-01,9.999991655349731445e-01,9.999964237213134766e-01,9.999988079071044922e-01,9.999992847442626953e-01,-9.999972581863403320e-01,-9.999989867210388184e-01,9.999984502792358398e-01,9.999868869781494141e-01,9.999971389770507812e-01,-9.999930858612060547e-01,9.999980330467224121e-01
