5.907169580459594727e-01,2.482631243765354156e-02,-2.200312167406082153e-01,2.190305143594741821e-01,2.069032490253448486e-01,-5.704067298211157322e-04,-2.792086638510227203e-02,5.475412607192993164e-01,2.910353615880012512e-02,2.922224253416061401e-02,-4.176506400108337402e-02,-7.621799409389495850e-02,3.381995260715484619e-01,5.992480516433715820e-01,3.972954452037811279e-01,1.300139874219894409e-01,-1.584779284894466400e-02,2.073978781700134277e-01,1.584883928298950195e-01,6.034562364220619202e-02,-2.748707532882690430e-01,1.430912315845489502e-01,2.597912847995758057e-01,-1.973153948783874512e-01,3.566527506336569786e-03,-1.409331560134887695e-01,-1.569932401180267334e-01,-1.994980573654174805e-01,4.643647698685526848e-04,-3.434929549694061279e-01,-1.072381362318992615e-01,-1.952052414417266846e-01,1.807649880647659302e-01,4.418393969535827637e-02,-2.152712456881999969e-02,-3.199639320373535156e-01,-6.616179831326007843e-03,2.732246555387973785e-02,-2.592225670814514160e-01,-5.166896581649780273e-01,1.389500051736831665e-01,1.244329810142517090e-01,8.748491853475570679e-02,4.370827972888946533e-02,5.059139728546142578e-01,-4.430715739727020264e-01,-2.595111727714538574e-01,-1.029285416007041931e-01,-5.126353725790977478e-02,4.286940395832061768e-02,1.185498684644699097e-01,5.235054995864629745e-03,1.881204098463058472e-01,-2.350397557020187378e-01,2.893456444144248962e-02,-2.743219435214996338e-01,7.617262005805969238e-02,3.800264000892639160e-02,-9.458916634321212769e-02,-9.049869328737258911e-02,-8.976305276155471802e-02,1.109988465905189514e-01,3.516833484172821045e-02,-1.537480801343917847e-01,-9.538643807172775269e-02,2.119193971157073975e-02,1.205890700221061707e-01,3.126294612884521484e-01,-2.332477271556854248e-01,-5.919428542256355286e-02,-3.155343830585479736e-01,-4.299693107604980469e-01,-4.091031104326248169e-02,1.451223045587539673e-01,-1.297677457332611084e-01,-2.315241396427154541e-01,-1.159841846674680710e-02,2.145326584577560425e-01,-4.052368402481079102e-01,-3.152779638767242432e-01,1.498639434576034546e-01,1.085396856069564819e-02,-2.485660612583160400e-01,2.283895015716552734e-02,-2.246771603822708130e-01,3.403508570045232773e-03,1.214553192257881165e-01,8.560999296605587006e-03,2.761481329798698425e-02,-1.029353775084018707e-02,-3.048507124185562134e-02,-1.546814143657684326e-01,-1.594636440277099609e-01,-2.309292741119861603e-02,-1.539043802767992020e-02,-1.151989102363586426e-01,3.605866134166717529e-01,-2.192931016907095909e-03,-2.225311249494552612e-01,3.418364226818084717e-01,3.572439402341842651e-02,9.287038445472717285e-02,-1.646022647619247437e-01,-2.045330218970775604e-02,8.306570351123809814e-02,1.869001090526580811e-01,-3.358384594321250916e-02,-9.214494377374649048e-02,-2.381369099020957947e-02,7.382460404187440872e-03,4.461791217327117920e-01,2.099277451634407043e-02,-9.013293683528900146e-02,-3.327106237411499023e-01,3.052971959114074707e-01,-1.749659478664398193e-01,3.489093780517578125e-01,-1.203280761837959290e-01,-5.387282967567443848e-01,3.582376986742019653e-02,-1.038097515702247620e-01,3.438467681407928467e-01,1.740162819623947144e-01,-1.667628996074199677e-02,3.900514543056488037e-02,-1.751335859298706055e-01,-2.620244771242141724e-02,2.443438917398452759e-01
2.482631243765354156e-02,1.916369423270225525e-02,-9.756696224212646484e-02,2.172165922820568085e-02,5.145443230867385864e-02,-1.980355940759181976e-02,-1.618380844593048096e-02,2.983414195477962494e-02,3.337220987305045128e-03,9.650084190070629120e-03,2.693870291113853455e-02,-1.374944020062685013e-02,7.541551440954208374e-02,-1.137784682214260101e-02,7.763380557298660278e-02,4.484873637557029724e-02,-4.357843194156885147e-03,8.814935386180877686e-02,-8.713034912943840027e-03,-3.082908876240253448e-02,4.110515862703323364e-02,8.787315338850021362e-02,3.446303308010101318e-02,5.208848416805267334e-02,9.753382764756679535e-03,1.041124984622001648e-01,-1.004523709416389465e-01,-7.361332327127456665e-02,7.757299393415451050e-02,-2.785866148769855499e-02,1.797951874323189259e-03,-7.084460556507110596e-02,5.333536490797996521e-02,2.393305674195289612e-02,8.350531570613384247e-03,-7.136324048042297363e-02,-7.951051928102970123e-03,1.309708505868911743e-02,-2.664740383625030518e-02,-7.790572196245193481e-02,8.802782744169235229e-02,-1.739227399230003357e-02,1.051978543400764465e-01,9.099651128053665161e-03,3.652650339063256979e-04,-2.226903662085533142e-02,-7.947745174169540405e-02,-1.038932520896196365e-02,-2.259678766131401062e-02,7.764284498989582062e-03,6.574753671884536743e-03,-7.052639499306678772e-03,4.777304455637931824e-02,5.519954022020101547e-03,-1.901739649474620819e-02,-7.698233425617218018e-02,6.348292343318462372e-03,6.840741261839866638e-03,-5.778315290808677673e-02,-1.893034763634204865e-02,-6.302573252469301224e-03,3.779206599574536085e-04,4.184895660728216171e-03,-1.649862527847290039e-02,-2.962586842477321625e-02,-1.307118218392133713e-02,3.725960105657577515e-02,1.053232699632644653e-01,-9.292837977409362793e-02,-7.043469697237014771e-03,-4.895679280161857605e-02,-9.422589093446731567e-03,-9.586219675838947296e-03,6.381091475486755371e-02,-3.963626548647880554e-02,-8.727250248193740845e-02,-6.182303652167320251e-03,6.763914227485656738e-02,2.117208437994122505e-03,-5.646292492747306824e-02,5.954600870609283447e-02,2.318719401955604553e-03,-8.726650476455688477e-02,6.826581433415412903e-03,-6.820113956928253174e-02,-9.121981263160705566e-02,6.595887988805770874e-02,9.534047916531562805e-03,4.843138903379440308e-02,-8.053257130086421967e-03,-2.620022930204868317e-02,-1.469749864190816879e-02,-4.353817179799079895e-02,3.007163759320974350e-03,-4.315086454153060913e-02,-1.327141840010881424e-02,7.325363159179687500e-02,-5.613479879684746265e-04,-5.281324312090873718e-02,2.728774212300777435e-02,9.754791855812072754e-03,2.028198912739753723e-02,-4.945757240056991577e-02,-5.886803381145000458e-03,7.914505898952484131e-02,-1.358450017869472504e-02,-1.271371450275182724e-02,-4.978931322693824768e-02,-3.068442642688751221e-02,-1.326436456292867661e-02,1.747877802699804306e-03,1.197761576622724533e-02,-3.831474110484123230e-02,-2.440565079450607300e-02,1.107106655836105347e-01,-9.985025227069854736e-02,7.733892649412155151e-02,1.625647768378257751e-02,-5.065671727061271667e-02,1.256534084677696228e-02,5.596374720335006714e-02,5.919478461146354675e-02,5.920163542032241821e-02,-2.800657600164413452e-02,-6.688090413808822632e-02,-4.221305623650550842e-02,-2.749579725787043571e-03,4.617140442132949829e-02
-2.200312167406082153e-01,-9.756696224212646484e-02,7.545483708381652832e-01,-3.275169134140014648e-01,-2.114293575286865234e-01,1.614697650074958801e-02,5.892982333898544312e-02,-2.792393863201141357e-01,3.873699903488159180e-02,-9.725835174322128296e-02,-2.099968045949935913e-01,1.548532843589782715e-01,-5.057563781738281250e-01,-1.523337606340646744e-02,-5.239783525466918945e-01,-2.883799076080322266e-01,-9.398094378411769867e-03,-6.392420530319213867e-01,8.952202647924423218e-02,2.419584840536117554e-01,-3.429958522319793701e-01,-6.738052368164062500e-01,-4.680349826812744141e-01,-6.466599553823471069e-02,-8.198247104883193970e-02,-6.525102853775024414e-01,6.994642615318298340e-01,3.124958872795104980e-01,-6.607190370559692383e-01,3.110294640064239502e-01,-4.455643147230148315e-02,6.332191228866577148e-01,-4.793637692928314209e-01,-2.951813936233520508e-01,-3.503011912107467651e-02,6.149488091468811035e-01,4.471392184495925903e-02,-1.074955984950065613e-01,2.860310673713684082e-01,6.464465856552124023e-01,-6.257106661796569824e-01,1.122271195054054260e-01,-6.752855777740478516e-01,-8.054234087467193604e-02,-1.874755024909973145e-01,4.071202874183654785e-01,5.859237909317016602e-01,1.020814254879951477e-01,1.440493762493133545e-01,1.167345196008682251e-01,-1.107944920659065247e-01,7.449406385421752930e-02,-3.640395998954772949e-01,1.083514988422393799e-01,4.376254230737686157e-02,6.276876330375671387e-01,-9.587533026933670044e-02,-6.382836401462554932e-02,3.075402379035949707e-01,2.164843827486038208e-01,1.811038553714752197e-01,-1.293128132820129395e-01,-4.479429498314857483e-02,1.191315986216068268e-02,1.806759089231491089e-01,1.058860495686531067e-01,-2.302780002355575562e-01,-7.275236845016479492e-01,7.073356509208679199e-01,1.906415224075317383e-01,5.249236822128295898e-01,2.240438163280487061e-01,1.136417612433433533e-01,-5.865670442581176758e-01,2.997396588325500488e-01,5.750064253807067871e-01,3.498554229736328125e-02,-6.855878829956054688e-01,1.394397318363189697e-01,5.542528629302978516e-01,-6.493525505065917969e-01,-2.547190524637699127e-02,5.129007697105407715e-01,-4.623312130570411682e-02,5.972263216972351074e-01,4.711765050888061523e-01,-4.022947847843170166e-01,-7.065691798925399780e-02,-2.818272709846496582e-01,8.368654176592826843e-03,1.777130663394927979e-01,1.766868680715560913e-01,4.965274333953857422e-01,-5.325409024953842163e-02,3.850938975811004639e-01,1.192911863327026367e-01,-4.961054623126983643e-01,5.446298513561487198e-03,4.153033792972564697e-01,-3.298136889934539795e-01,-3.459095954895019531e-02,-2.237899005413055420e-01,5.147906541824340820e-01,4.511564224958419800e-02,-7.163021564483642578e-01,-1.313535869121551514e-01,3.196248710155487061e-01,4.167142212390899658e-01,1.369290798902511597e-01,1.121725067496299744e-01,-2.676907777786254883e-01,1.542214602231979370e-01,3.797257542610168457e-01,-4.848230257630348206e-02,-7.603191733360290527e-01,6.722366809844970703e-01,-4.949457645416259766e-01,-3.009061515331268311e-01,5.648775100708007812e-01,-1.320489645004272461e-01,-5.700314044952392578e-01,-5.491366982460021973e-01,-5.016676187515258789e-01,1.440495401620864868e-01,5.957051515579223633e-01,4.323964118957519531e-01,-3.554364666342735291e-02,-4.479089379310607910e-01
2.190305143594741821e-01,2.172165922820568085e-02,-3.275169134140014648e-01,3.601358532905578613e-01,3.835538774728775024e-02,7.492300122976303101e-02,-3.371798992156982422e-02,2.827431261539459229e-01,-3.652160242199897766e-02,5.138454213738441467e-02,-2.568658813834190369e-02,-8.720389008522033691e-02,2.901484668254852295e-01,1.031087562441825867e-01,2.238357514142990112e-01,7.984374463558197021e-02,9.367534890770912170e-03,3.628768026828765869e-01,-4.740607738494873047e-02,7.013872731477022171e-03,-6.645172089338302612e-02,3.173725008964538574e-01,2.635035514831542969e-01,-2.192390710115432739e-01,6.820240616798400879e-02,1.985632628202438354e-01,-2.506114244461059570e-01,3.235840937122702599e-03,2.329267412424087524e-01,-1.146024018526077271e-01,-1.253550127148628235e-02,-3.743448853492736816e-01,3.651245534420013428e-01,1.870868168771266937e-02,2.239095605909824371e-02,-3.334810435771942139e-01,6.201554089784622192e-03,4.853534698486328125e-02,-1.074942201375961304e-01,-4.992630779743194580e-01,2.697408199310302734e-01,2.148445782950147986e-04,2.244405746459960938e-01,3.715284168720245361e-02,1.781352162361145020e-01,-1.806222796440124512e-01,-1.752559989690780640e-01,-1.052979454398155212e-01,-5.038850009441375732e-02,-2.054751850664615631e-02,5.211105570197105408e-02,5.061127245426177979e-02,3.219240605831146240e-01,-2.584557831287384033e-01,9.938296675682067871e-02,-3.079579472541809082e-01,2.980370447039604187e-02,2.315070480108261108e-02,-9.054621681571006775e-03,-1.419564783573150635e-01,-2.689531147480010986e-01,1.723012328147888184e-01,3.138418495655059814e-02,-1.514197513461112976e-02,-1.242766380310058594e-01,-5.402850732207298279e-02,6.270702928304672241e-02,3.431152701377868652e-01,-2.985254228115081787e-01,-2.518033385276794434e-01,-3.387540280818939209e-01,-3.914706781506538391e-02,-9.239473938941955566e-02,2.433013170957565308e-01,-1.609572023153305054e-01,-2.993375360965728760e-01,3.717303276062011719e-03,2.809603810310363770e-01,-3.563793301582336426e-01,-3.881410956382751465e-01,4.850469529628753662e-01,1.301482412964105606e-02,-9.452697634696960449e-02,3.442101180553436279e-02,-3.901357054710388184e-01,4.454929381608963013e-02,-3.252536430954933167e-02,2.464772947132587433e-02,9.200750850141048431e-03,3.869033884257078171e-03,-4.124762117862701416e-02,-1.717237532138824463e-01,-3.632152676582336426e-01,4.053100943565368652e-02,-2.178028225898742676e-01,-1.426261663436889648e-01,1.645630747079849243e-01,-2.921962412074208260e-03,-1.399658918380737305e-01,3.340560793876647949e-01,4.942088201642036438e-02,7.993382960557937622e-02,-2.990522086620330811e-01,-2.370717190206050873e-02,4.201724231243133545e-01,2.439055293798446655e-01,-3.729158937931060791e-01,-2.074505090713500977e-01,8.207882195711135864e-02,-3.869506716728210449e-02,3.665367364883422852e-01,-1.363052427768707275e-01,-1.930473297834396362e-01,7.961148768663406372e-02,3.491130471229553223e-01,-2.859039902687072754e-01,1.952205300331115723e-01,1.429067105054855347e-01,-3.543815910816192627e-01,1.081347316503524780e-01,1.711689084768295288e-01,2.350951433181762695e-01,2.327791750431060791e-01,4.768205340951681137e-03,-2.064319252967834473e-01,-2.398699969053268433e-01,2.087698504328727722e-02,3.049410879611968994e-01
2.069032490253448486e-01,5.145443230867385864e-02,-2.114293575286865234e-01,3.835538774728775024e-02,2.620338201522827148e-01,-3.217272832989692688e-02,-2.351770363748073578e-02,2.116335332393646240e-01,8.351579308509826660e-03,1.218867953866720200e-02,3.022954426705837250e-02,-2.055389620363712311e-02,1.992769539356231689e-01,1.291716694831848145e-01,2.763258814811706543e-01,1.343469321727752686e-01,-3.461838886141777039e-02,1.749613285064697266e-01,4.264419525861740112e-02,-4.808048158884048462e-02,9.428742341697216034e-03,1.765502691268920898e-01,3.732761368155479431e-02,1.897504329681396484e-01,-2.793368883430957794e-03,1.098677292466163635e-01,-2.166866362094879150e-01,-3.033295273780822754e-01,1.323661059141159058e-01,-1.925161331892013550e-01,-4.042172431945800781e-02,-7.052068412303924561e-02,7.506238669157028198e-02,8.626800030469894409e-03,1.498758420348167419e-02,-1.460447013378143311e-01,-2.680363506078720093e-02,2.470381930470466614e-02,-1.521934419870376587e-01,-2.434276789426803589e-01,1.880265772342681885e-01,1.569056138396263123e-02,2.343712449073791504e-01,2.801343984901905060e-02,1.047755852341651917e-01,-8.856874704360961914e-02,-2.657588422298431396e-01,-4.546412825584411621e-02,-5.643645673990249634e-02,1.016954034566879272e-01,4.502794146537780762e-02,-3.488206863403320312e-02,1.002259254455566406e-01,6.865474279038608074e-04,-8.096066117286682129e-02,-1.877878904342651367e-01,2.036860398948192596e-02,1.995168067514896393e-02,-1.944873332977294922e-01,-2.092481777071952820e-02,4.496489092707633972e-02,-2.839660458266735077e-02,1.180253736674785614e-02,-1.040127202868461609e-01,-8.234791457653045654e-02,4.381109029054641724e-03,1.319776922464370728e-01,2.706011831760406494e-01,-1.622089594602584839e-01,7.214355468750000000e-02,-1.256632357835769653e-01,-1.546434164047241211e-01,3.851790726184844971e-02,9.638208150863647461e-02,-9.391193091869354248e-02,-2.859201133251190186e-01,-2.171140536665916443e-02,9.747561812400817871e-02,-5.001744255423545837e-02,-1.213594898581504822e-01,3.383050486445426941e-02,3.178441198542714119e-03,-3.299424350261688232e-01,1.553891226649284363e-02,-1.489646136760711670e-01,-2.545242011547088623e-01,2.589996755123138428e-01,1.593859493732452393e-02,1.141855493187904358e-01,-3.706946969032287598e-02,-8.779569715261459351e-02,-2.990351803600788116e-02,1.107982080429792404e-02,-6.659036129713058472e-02,-3.295088186860084534e-02,-5.030643567442893982e-02,3.256311416625976562e-01,-1.026993268169462681e-03,-1.401160359382629395e-01,1.067999750375747681e-01,2.643801644444465637e-02,5.410572886466979980e-02,-3.579988703131675720e-02,-1.804905198514461517e-02,6.265070289373397827e-02,-9.014230221509933472e-03,8.857979625463485718e-02,-8.617299050092697144e-02,-1.417367458343505859e-01,-6.274357438087463379e-03,-5.190156027674674988e-02,1.175663843750953674e-01,-1.808918267488479614e-02,-2.530384361743927002e-01,3.024616837501525879e-01,-2.371180206537246704e-01,2.903803288936614990e-01,-9.121103584766387939e-02,-1.737683564424514771e-01,3.592842258512973785e-03,1.163145713508129120e-02,1.565762162208557129e-01,1.034663245081901550e-01,-6.895814836025238037e-02,-3.382656723260879517e-02,-7.765749841928482056e-02,-3.977132216095924377e-02,1.332317441701889038e-01
-5.704067298211157322e-04,-1.980355940759181976e-02,1.614697650074958801e-02,7.492300122976303101e-02,-3.217272832989692688e-02,2.080160975456237793e-01,1.134680956602096558e-02,6.031472980976104736e-02,-8.630213886499404907e-02,-1.986074633896350861e-02,-4.165682196617126465e-02,1.192136015743017197e-02,-6.241026148200035095e-02,7.732390426099300385e-03,-6.054298952221870422e-02,-5.157295614480972290e-02,-1.131339464336633682e-02,-5.837315693497657776e-02,-1.255340687930583954e-02,3.379376139491796494e-03,-6.349364412017166615e-04,-2.429046295583248138e-02,3.755851089954376221e-02,-5.137177184224128723e-02,-7.786090020090341568e-03,-1.529534012079238892e-01,7.271857559680938721e-02,3.150745853781700134e-02,2.689843997359275818e-02,-6.713258475065231323e-02,2.863540127873420715e-02,7.931384444236755371e-02,-4.013357311487197876e-02,-9.889334440231323242e-03,-8.072540163993835449e-03,5.273881554603576660e-02,1.573577709496021271e-02,-1.377090439200401306e-02,1.175985112786293030e-02,-2.630871720612049103e-02,-1.036935821175575256e-01,6.046716123819351196e-03,-6.507532089017331600e-04,1.879726420156657696e-03,3.671736270189285278e-02,7.369224727153778076e-02,4.814868792891502380e-02,-2.487269416451454163e-02,-1.915438845753669739e-02,-2.446234226226806641e-03,1.009791642427444458e-01,-3.358632326126098633e-02,1.333033572882413864e-02,-1.485204547643661499e-01,-3.887906437739729881e-03,3.483934560790657997e-03,-2.050615614280104637e-03,-5.245053209364414215e-03,8.238990604877471924e-02,1.432583387941122055e-02,-3.213438438251614571e-03,1.383385737426578999e-03,-9.726202115416526794e-04,-6.576716154813766479e-02,-1.301809120923280716e-02,2.659753523766994476e-02,-2.017236314713954926e-02,-5.359227955341339111e-02,9.870050102472305298e-02,-5.911889020353555679e-03,9.615235961973667145e-03,-7.272308319807052612e-02,4.970287904143333435e-02,-8.793464303016662598e-02,3.872133418917655945e-02,2.137907547876238823e-03,1.320870779454708099e-02,-6.944596767425537109e-02,-5.410983413457870483e-02,-3.741936990991234779e-03,2.257087081670761108e-02,-1.960917608812451363e-03,3.952839225530624390e-02,-8.673741482198238373e-03,2.318447269499301910e-02,1.849897950887680054e-01,-2.689069695770740509e-02,-6.927513517439365387e-03,-1.518134325742721558e-01,4.266565199941396713e-03,1.327597256749868393e-02,3.137396182864904404e-03,4.488746821880340576e-02,-2.879882790148258209e-02,4.418528452515602112e-02,-8.024629950523376465e-02,-5.351774860173463821e-03,4.296449769753962755e-04,3.242296725511550903e-02,2.092432789504528046e-02,-2.696665562689304352e-02,-6.858671456575393677e-02,7.770030200481414795e-02,2.860983600839972496e-03,-5.744157731533050537e-02,1.590671539306640625e-01,-3.089295886456966400e-02,2.212938480079174042e-02,1.386964023113250732e-01,2.168995141983032227e-02,-3.375171869993209839e-02,-5.778845399618148804e-02,3.421369567513465881e-02,5.167141556739807129e-02,-1.051469892263412476e-02,8.462924510240554810e-02,6.362287793308496475e-03,1.554682478308677673e-02,4.697786644101142883e-02,-8.828246034681797028e-03,-3.548528626561164856e-02,-9.454742819070816040e-02,-4.712721332907676697e-02,6.336993724107742310e-02,1.953304000198841095e-02,4.551900923252105713e-02,4.319502972066402435e-03,7.409002631902694702e-02
-2.792086638510227203e-02,-1.618380844593048096e-02,5.892982333898544312e-02,-3.371798992156982422e-02,-2.351770363748073578e-02,1.134680956602096558e-02,7.343970239162445068e-02,-6.483612209558486938e-02,1.573434798046946526e-03,4.440361633896827698e-03,-1.911076344549655914e-02,1.136108767241239548e-02,-1.179068386554718018e-01,1.326231565326452255e-02,-6.171581149101257324e-02,-3.684915602207183838e-02,1.103703118860721588e-02,-9.697787463665008545e-02,4.683202598243951797e-03,6.408545305021107197e-04,-2.891072817146778107e-02,-7.520857453346252441e-02,-4.509683698415756226e-02,-1.526727899909019470e-02,-1.851482503116130829e-02,-7.711600512266159058e-02,7.754269242286682129e-02,6.861913949251174927e-02,-4.668854176998138428e-02,-3.050082921981811523e-02,1.387423276901245117e-02,5.527531728148460388e-02,-2.846736647188663483e-02,-2.079843357205390930e-02,-7.320194970816373825e-03,8.313435316085815430e-02,-5.103248404338955879e-04,-1.158248353749513626e-02,-1.944673992693424225e-02,6.508146971464157104e-02,-4.273682832717895508e-02,3.774683177471160889e-02,-1.059662327170372009e-01,-5.272971931844949722e-03,-1.889425888657569885e-02,-4.615425691008567810e-02,3.633221983909606934e-02,4.746554885059595108e-03,4.398474469780921936e-02,1.046742871403694153e-02,-3.015730530023574829e-02,-1.364015787839889526e-02,-7.971230894327163696e-02,7.027863711118698120e-02,3.159466385841369629e-02,7.978393882513046265e-02,-1.629114896059036255e-02,-6.609299685806035995e-03,-1.195719093084335327e-02,9.952599182724952698e-03,7.655758876353502274e-03,6.700263358652591705e-03,-9.809541516005992889e-04,1.224779114127159119e-01,5.199670791625976562e-02,1.578463986515998840e-02,-1.959543302655220032e-02,-6.069132313132286072e-02,8.704585582017898560e-02,6.746599078178405762e-02,2.244022861123085022e-02,-1.616858504712581635e-02,3.322201594710350037e-02,-3.520422428846359253e-02,2.465149387717247009e-02,9.248916991055011749e-03,-8.986897300928831100e-04,4.980258177965879440e-03,1.364186173304915428e-03,8.170811831951141357e-02,-4.062841460108757019e-02,-1.470052171498537064e-03,3.455565124750137329e-02,-1.054941583424806595e-02,2.069564163684844971e-02,1.612728834152221680e-02,2.446588315069675446e-02,-1.069795526564121246e-02,7.487136754207313061e-04,8.568885736167430878e-03,-5.092226434499025345e-03,7.201380562037229538e-03,2.913938648998737335e-02,2.531702164560556412e-03,2.876542508602142334e-02,3.021258674561977386e-02,-8.015605271793901920e-04,2.367626148043200374e-04,4.500310868024826050e-02,-3.296369314193725586e-02,-1.206897757947444916e-02,4.388008639216423035e-02,3.602627292275428772e-02,5.103318486362695694e-03,-4.147269576787948608e-02,4.129750654101371765e-02,-1.045480091124773026e-02,6.117269769310951233e-02,-9.557849913835525513e-02,6.365609820932149887e-03,-3.513586148619651794e-02,-5.759644880890846252e-02,5.649055540561676025e-02,2.181510627269744873e-02,-9.764435887336730957e-02,7.024654746055603027e-02,-7.559654861688613892e-02,-1.803519763052463531e-02,-1.842393726110458374e-02,-1.223563402891159058e-02,1.424328424036502838e-02,3.318006871268153191e-03,-4.088780283927917480e-02,-1.343161985278129578e-02,7.435360550880432129e-02,2.214745152741670609e-03,3.479456529021263123e-03,-3.959432616829872131e-02
5.475412607192993164e-01,2.983414195477962494e-02,-2.792393863201141357e-01,2.827431261539459229e-01,2.116335332393646240e-01,6.031472980976104736e-02,-6.483612209558486938e-02,6.180337071418762207e-01,-1.486162934452295303e-02,2.331290766596794128e-02,-1.849816553294658661e-02,-8.714891970157623291e-02,4.043524861335754395e-01,5.005754232406616211e-01,4.169141948223114014e-01,1.480102241039276123e-01,-2.673844061791896820e-02,2.694880366325378418e-01,1.175783574581146240e-01,5.500369146466255188e-02,-1.763787418603897095e-01,2.527883350849151611e-01,2.945682406425476074e-01,-2.135636955499649048e-01,1.920597068965435028e-02,-7.076844573020935059e-02,-2.179478257894515991e-01,-2.055833488702774048e-01,1.244074925780296326e-01,-3.209960162639617920e-01,-1.115511655807495117e-01,-2.211939692497253418e-01,1.932764053344726562e-01,5.208810418844223022e-02,-1.308595482259988785e-02,-3.747718036174774170e-01,-7.254384458065032959e-03,4.156507551670074463e-02,-2.745070755481719971e-01,-5.659785866737365723e-01,1.764743179082870483e-01,7.800924032926559448e-02,1.768112033605575562e-01,5.031546577811241150e-02,5.022642016410827637e-01,-3.618505597114562988e-01,-3.116370737552642822e-01,-1.073404103517532349e-01,-7.930036634206771851e-02,3.787239082157611847e-03,1.662548929452896118e-01,1.841823197901248932e-02,2.614295780658721924e-01,-3.431189954280853271e-01,-1.201832480728626251e-02,-3.501546978950500488e-01,9.093608707189559937e-02,4.468653351068496704e-02,-2.454271167516708374e-02,-9.659169614315032959e-02,-1.320095658302307129e-01,1.158729046583175659e-01,3.411692380905151367e-02,-2.805476188659667969e-01,-1.385185420513153076e-01,9.862031787633895874e-03,1.205279603600502014e-01,3.326638042926788330e-01,-2.810365557670593262e-01,-1.656859964132308960e-01,-3.563552200794219971e-01,-4.228582382202148438e-01,-4.365537688136100769e-02,1.914972662925720215e-01,-1.360871940851211548e-01,-2.499558627605438232e-01,-8.179176598787307739e-03,2.102623879909515381e-01,-4.091115891933441162e-01,-4.088062942028045654e-01,2.295615226030349731e-01,1.203265227377414703e-02,-2.730882465839385986e-01,3.229091316461563110e-02,-2.664539515972137451e-01,6.978873163461685181e-03,9.884842485189437866e-02,1.860666647553443909e-02,-5.027942825108766556e-04,-9.130148217082023621e-03,-4.187393933534622192e-02,-1.467217803001403809e-01,-1.617158800363540649e-01,-7.811591774225234985e-02,-5.279870703816413879e-02,-1.603603065013885498e-01,3.561270236968994141e-01,-2.444717567414045334e-03,-2.451524585485458374e-01,3.937403559684753418e-01,3.550934046506881714e-02,7.150427997112274170e-02,-1.937596350908279419e-01,-2.940425463020801544e-02,1.623697280883789062e-01,1.947876065969467163e-01,-4.499777778983116150e-02,-1.603522151708602905e-01,8.518581092357635498e-02,5.251220893114805222e-03,3.965091705322265625e-01,4.865639656782150269e-02,-1.248252466320991516e-01,-2.690531909465789795e-01,3.955116868019104004e-01,-2.539930343627929688e-01,3.984357714653015137e-01,-6.034180149435997009e-02,-4.851939678192138672e-01,4.651079699397087097e-02,-8.044049143791198730e-02,3.037393987178802490e-01,1.749093383550643921e-01,5.414553359150886536e-02,-4.950343444943428040e-02,-1.891728341579437256e-01,-2.204230614006519318e-02,3.091554045677185059e-01
2.910353615880012512e-02,3.337220987305045128e-03,3.873699903488159180e-02,-3.652160242199897766e-02,8.351579308509826660e-03,-8.630213886499404907e-02,1.573434798046946526e-03,-1.486162934452295303e-02,4.928699508309364319e-02,6.050638388842344284e-03,-8.341034874320030212e-03,1.314210356213152409e-03,1.276671700179576874e-02,4.392194002866744995e-02,1.390819903463125229e-02,6.517123430967330933e-03,4.570042248815298080e-03,-8.630103431642055511e-03,2.345009148120880127e-02,2.634478360414505005e-02,-7.216340303421020508e-02,-3.426568210124969482e-02,-3.455349802970886230e-02,-3.584980731830000877e-03,-3.653271996881812811e-04,3.696029307320713997e-04,1.562699116766452789e-02,8.000967092812061310e-03,-7.818396389484405518e-02,3.072901256382465363e-02,-2.129783481359481812e-02,-1.139571890234947205e-02,1.335909869521856308e-02,-2.477799542248249054e-02,1.688287360593676567e-03,3.224225714802742004e-03,-2.626276575028896332e-03,-1.560965436510741711e-03,6.835791748017072678e-03,1.849727891385555267e-02,1.068050693720579147e-02,2.096349559724330902e-02,-5.774857103824615479e-02,-4.375504329800605774e-03,-4.284571390599012375e-03,-3.410417586565017700e-02,1.983811706304550171e-02,6.797688547521829605e-03,1.981473155319690704e-02,2.290208823978900909e-02,-5.346091091632843018e-02,2.529098279774188995e-02,-1.233569718897342682e-02,5.928702279925346375e-02,2.232393808662891388e-02,3.086698055267333984e-02,-9.225013665854930878e-03,-1.773115829564630985e-03,-2.386142499744892120e-02,-4.270611971151083708e-04,-4.299010615795850754e-03,7.488844450563192368e-03,7.071251166053116322e-04,4.144845157861709595e-02,1.046688575297594070e-02,-2.636107383295893669e-03,-3.771478659473359585e-04,-4.906250163912773132e-03,-8.756932220421731472e-05,1.341546233743429184e-02,8.817694149911403656e-03,3.123686276376247406e-02,-1.921209879219532013e-02,3.595745423808693886e-03,-8.729549124836921692e-03,1.586522534489631653e-02,-3.290318418294191360e-03,-7.938988506793975830e-03,-1.139232050627470016e-02,2.517519704997539520e-02,-4.323202744126319885e-02,-2.066551969619467854e-04,1.203641574829816818e-02,2.158839488402009010e-03,9.995472617447376251e-03,-3.302851691842079163e-02,-1.555529702454805374e-02,-2.736877417191863060e-03,5.063895508646965027e-02,-2.938218647614121437e-03,5.985062569379806519e-03,-7.251278031617403030e-03,-8.514538407325744629e-03,1.947307586669921875e-02,3.750434610992670059e-03,3.173786401748657227e-02,-8.257593028247356415e-03,1.171630992757854983e-05,1.923206495121121407e-03,-6.535625085234642029e-03,1.660313270986080170e-02,2.645705826580524445e-02,-1.348621863871812820e-02,1.083654118701815605e-03,-2.559879794716835022e-02,-5.494355037808418274e-02,1.323916204273700714e-02,1.968219503760337830e-02,-6.224266812205314636e-02,-1.707557588815689087e-03,4.471674188971519470e-02,2.487552724778652191e-02,6.342314649373292923e-03,-4.777607694268226624e-02,-4.600593447685241699e-02,3.771254559978842735e-03,-2.447582222521305084e-02,-3.931976854801177979e-02,-2.512465976178646088e-02,9.745649877004325390e-04,-3.941844776272773743e-02,2.982860058546066284e-02,-6.312828045338392258e-04,-2.511506341397762299e-02,4.884351789951324463e-02,-9.667924605309963226e-03,-6.026314571499824524e-03,-4.531586915254592896e-02
2.922224253416061401e-02,9.650084190070629120e-03,-9.725835174322128296e-02,5.138454213738441467e-02,1.218867953866720200e-02,-1.986074633896350861e-02,4.440361633896827698e-03,2.331290766596794128e-02,6.050638388842344284e-03,1.933795958757400513e-02,1.857988350093364716e-02,-2.344993688166141510e-02,6.077872589230537415e-02,7.004668470472097397e-03,6.017244234681129456e-02,3.066791966557502747e-02,7.648190483450889587e-03,8.832541853189468384e-02,-1.405114401131868362e-02,-2.139689773321151733e-02,1.866878196597099304e-02,8.477949351072311401e-02,5.923017486929893494e-02,-2.043852768838405609e-02,1.376058068126440048e-02,9.888580441474914551e-02,-8.677377551794052124e-02,-5.059774033725261688e-03,7.470881938934326172e-02,-2.885560318827629089e-02,4.598371218889951706e-03,-1.080564856529235840e-01,8.915574103593826294e-02,2.786693349480628967e-02,5.683185067027807236e-03,-8.379723131656646729e-02,-4.743951838463544846e-03,1.430459693074226379e-02,-3.498618304729461670e-02,-9.764762967824935913e-02,9.175086021423339844e-02,-5.036442074924707413e-03,6.385503709316253662e-02,9.362947195768356323e-03,2.008238621056079865e-02,-7.834892719984054565e-02,-6.218645349144935608e-02,-1.515039522200822830e-02,-5.792830605059862137e-03,-1.474643778055906296e-02,-9.642660617828369141e-03,1.821643440052866936e-03,5.103195086121559143e-02,-1.214420073665678501e-03,1.921553350985050201e-02,-7.223001867532730103e-02,6.738469935953617096e-03,6.974411197006702423e-03,-3.794832527637481689e-02,-3.681197389960289001e-02,-5.006757751107215881e-02,3.524528443813323975e-02,7.426474709063768387e-03,4.152320325374603271e-02,-1.629285328090190887e-02,-1.791991852223873138e-02,2.310436218976974487e-02,1.004716604948043823e-01,-9.697807580232620239e-02,-3.476107493042945862e-02,-8.040858060121536255e-02,-8.986013010144233704e-03,-2.492027916014194489e-02,8.641641587018966675e-02,-4.495692998170852661e-02,-7.966133952140808105e-02,-4.003220703452825546e-03,1.120881363749504089e-01,-4.252063855528831482e-02,-7.516859471797943115e-02,1.134845316410064697e-01,3.844626015052199364e-03,-4.353566095232963562e-02,6.820378359407186508e-03,-9.717356413602828979e-02,-5.512142181396484375e-02,3.221003338694572449e-02,7.843060418963432312e-03,4.765826091170310974e-02,1.818475429899990559e-03,-2.102204971015453339e-02,-3.553272783756256104e-02,-9.499007463455200195e-02,2.135053277015686035e-02,-6.272657960653305054e-02,-7.365507073700428009e-03,5.311372876167297363e-02,-8.416289347223937511e-04,-4.618123546242713928e-02,5.291908979415893555e-02,1.004938594996929169e-02,4.779299348592758179e-02,-8.800045400857925415e-02,-5.359630100429058075e-03,1.236531808972358704e-01,2.554079145193099976e-02,-8.089193701744079590e-02,-5.055556446313858032e-02,-3.858224302530288696e-02,-1.776778139173984528e-02,7.203128188848495483e-02,-4.193553701043128967e-02,-5.254505202174186707e-02,2.415152080357074738e-02,8.760956674814224243e-02,-9.012244641780853271e-02,3.853197023272514343e-02,4.451293870806694031e-02,-1.027556210756301880e-01,2.498463541269302368e-02,8.560597151517868042e-02,8.838804811239242554e-02,7.124215364456176758e-02,-2.580271661281585693e-02,-7.157167792320251465e-02,-7.426752895116806030e-02,7.855693809688091278e-03,5.241326242685317993e-02
-4.176506400108337402e-02,2.693870291113853455e-02,-2.099968045949935913e-01,-2.568658813834190369e-02,3.022954426705837250e-02,-4.165682196617126465e-02,-1.911076344549655914e-02,-1.849816553294658661e-02,-8.341034874320030212e-03,1.857988350093364716e-02,1.361870765686035156e-01,-3.573798015713691711e-02,8.902199566364288330e-02,-6.951641291379928589e-02,1.082757115364074707e-01,8.748550713062286377e-02,6.036027800291776657e-03,1.208005845546722412e-01,-2.978390082716941833e-02,-1.211918443441390991e-01,2.519212365150451660e-01,1.797875016927719116e-01,1.120617687702178955e-01,9.349382668733596802e-02,6.532306317239999771e-03,2.584937512874603271e-01,-2.176240086555480957e-01,-9.956111013889312744e-02,2.429256439208984375e-01,-6.025938317179679871e-02,3.130527958273887634e-02,-1.359282582998275757e-01,2.550609596073627472e-02,1.606041491031646729e-01,1.212657371070235968e-04,-1.420073509216308594e-01,-2.288180962204933167e-02,2.889045886695384979e-02,-7.746578752994537354e-02,-5.762716382741928101e-02,1.501858681440353394e-01,-7.161357998847961426e-02,2.161378860473632812e-01,1.794771291315555573e-02,1.098127383738756180e-02,-1.259109526872634888e-01,-1.827394068241119385e-01,1.817684806883335114e-02,-4.173635691404342651e-02,-9.987445920705795288e-02,3.251706808805465698e-02,-6.124945729970932007e-02,-2.140687778592109680e-03,6.004941835999488831e-02,-7.670275866985321045e-02,-1.449618488550186157e-01,4.270791262388229370e-02,2.088793553411960602e-02,-9.101071953773498535e-02,-3.265903890132904053e-02,4.254571720957756042e-02,-2.001281455159187317e-02,3.440198488533496857e-03,-1.772144809365272522e-02,-1.420589908957481384e-02,-2.789700776338577271e-02,5.884505808353424072e-02,1.607843488454818726e-01,-2.188141644001007080e-01,-6.963833700865507126e-03,-7.530489563941955566e-02,-9.863243252038955688e-02,-2.189575694501399994e-02,1.782539188861846924e-01,-4.658329486846923828e-02,-6.933688372373580933e-02,-1.602268032729625702e-02,2.290972769260406494e-01,1.346520781517028809e-01,-8.616920560598373413e-02,1.104455813765525818e-01,6.287380587309598923e-03,-1.581939011812210083e-01,3.925208933651447296e-03,-7.350380718708038330e-02,-2.363615632057189941e-01,1.679008752107620239e-01,2.259159274399280548e-02,1.201371476054191589e-01,4.944553133100271225e-03,-5.065609514713287354e-02,1.343070529401302338e-02,-6.455188989639282227e-02,1.452846918255090714e-03,-7.723774015903472900e-02,2.446301653981208801e-02,1.036172062158584595e-01,-1.103202812373638153e-03,-1.228302866220474243e-01,-2.100333012640476227e-02,-1.854561269283294678e-02,6.221451237797737122e-02,-1.108729764819145203e-01,-9.121338836848735809e-03,1.911342740058898926e-01,-7.495498657226562500e-02,3.043776191771030426e-02,-1.047160699963569641e-01,-5.893434956669807434e-02,-3.604034706950187683e-02,-3.308858349919319153e-02,-1.916342042386531830e-02,-1.021137014031410217e-01,4.457572102546691895e-02,2.040808200836181641e-01,-1.816266775131225586e-01,1.018352434039115906e-01,1.143510714173316956e-01,-1.003513783216476440e-01,8.330954238772392273e-03,2.208005040884017944e-01,1.327946633100509644e-01,1.122346594929695129e-01,-3.974769264459609985e-02,-2.249085754156112671e-01,-8.368945866823196411e-02,1.794357411563396454e-02,4.705997183918952942e-02
-7.621799409389495850e-02,-1.374944020062685013e-02,1.548532843589782715e-01,-8.720389008522033691e-02,-2.055389620363712311e-02,1.192136015743017197e-02,1.136108767241239548e-02,-8.714891970157623291e-02,1.314210356213152409e-03,-2.344993688166141510e-02,-3.573798015713691711e-02,4.119922965764999390e-02,-1.172126680612564087e-01,-4.940239340066909790e-02,-1.126066967844963074e-01,-5.374500527977943420e-02,-8.457531221210956573e-03,-1.348425745964050293e-01,8.263033814728260040e-03,3.002337180078029633e-02,-4.176256805658340454e-02,-1.361950933933258057e-01,-1.201049983501434326e-01,5.464426428079605103e-02,-1.912024803459644318e-02,-1.228557601571083069e-01,1.363964080810546875e-01,2.351206727325916290e-02,-1.250174939632415771e-01,6.158068031072616577e-02,2.477568574249744415e-03,1.570672988891601562e-01,-1.131139397621154785e-01,-6.418956071138381958e-02,-2.025191904976963997e-03,1.502414196729660034e-01,6.949251983314752579e-03,-2.342136576771736145e-02,6.880941987037658691e-02,1.662925630807876587e-01,-1.220586597919464111e-01,1.095386128872632980e-02,-1.093571111559867859e-01,-1.682483404874801636e-02,-8.522155135869979858e-02,1.383742839097976685e-01,1.125722900032997131e-01,2.238150127232074738e-02,2.232282795011997223e-02,4.390450194478034973e-02,-1.638881117105484009e-02,3.746064379811286926e-03,-8.077145367860794067e-02,4.414351284503936768e-02,-1.106838230043649673e-02,1.318446844816207886e-01,-2.665754780173301697e-02,-1.545981690287590027e-02,3.497354313731193542e-02,5.408350005745887756e-02,6.505708396434783936e-02,-4.995546117424964905e-02,-1.142768561840057373e-02,3.231727750971913338e-04,3.224899247288703918e-02,2.325836755335330963e-02,-3.703685849905014038e-02,-1.489528268575668335e-01,1.591877937316894531e-01,7.057679444551467896e-02,1.305270642042160034e-01,6.848157942295074463e-02,4.037033766508102417e-02,-1.336185336112976074e-01,6.252671033143997192e-02,9.462917596101760864e-02,5.184803158044815063e-03,-1.705612987279891968e-01,7.018403708934783936e-02,1.410992890596389771e-01,-1.656626611948013306e-01,-6.357413716614246368e-03,7.237004488706588745e-02,-1.087810192257165909e-02,1.315453350543975830e-01,6.696246564388275146e-02,-4.021238163113594055e-02,-1.336343213915824890e-02,-5.234599485993385315e-02,-5.062806885689496994e-03,2.550191991031169891e-02,5.055284872651100159e-02,1.293731778860092163e-01,-1.817120239138603210e-02,8.073091506958007812e-02,2.075594477355480194e-02,-8.387240767478942871e-02,1.266218954697251320e-03,8.986902981996536255e-02,-9.416857361793518066e-02,-9.330364875495433807e-03,-5.713397637009620667e-02,1.312682330608367920e-01,9.349698200821876526e-03,-1.753200441598892212e-01,-4.261257126927375793e-02,9.245927631855010986e-02,8.581333607435226440e-02,1.070488244295120239e-02,2.268991619348526001e-02,-1.295558959245681763e-01,4.715764522552490234e-02,9.035338461399078369e-02,-2.124361880123615265e-02,-1.552379727363586426e-01,1.338524520397186279e-01,-8.472135663032531738e-02,-6.987357884645462036e-02,1.679949611425399780e-01,-3.338456153869628906e-02,-1.133853122591972351e-01,-1.336978226900100708e-01,-1.058226376771926880e-01,1.711676456034183502e-02,1.206524148583412170e-01,1.041944473981857300e-01,-1.219694409519433975e-02,-9.188553690910339355e-02
