5.107785463333129883e-01,1.279867626726627350e-02,-1.454683840274810791e-01,1.114051509648561478e-02,2.128086686134338379e-01,-1.340392082929611206e-01,1.066655516624450684e-01,3.635692298412322998e-01,8.598286658525466919e-02,4.872809350490570068e-02,-7.328461855649948120e-02,-5.543372407555580139e-02,7.191365212202072144e-02,3.476654589176177979e-01,2.360304147005081177e-01,1.314232051372528076e-01,1.977317966520786285e-03,-2.118690870702266693e-02,9.153261780738830566e-02,-5.728365480899810791e-02,-1.406330466270446777e-01,6.594865769147872925e-02,3.709765523672103882e-02,3.479069471359252930e-02,-6.079216953366994858e-03,2.545257844030857086e-02,-6.598355248570442200e-03,-2.526101469993591309e-01,7.283899188041687012e-02,-2.098982930183410645e-01,-1.332998424768447876e-01,-6.172015145421028137e-02,5.586660653352737427e-02,5.818309634923934937e-02,-2.969449386000633240e-02,-9.792609512805938721e-02,-1.686643622815608978e-02,4.476501792669296265e-02,-3.093458414077758789e-01,-3.813269734382629395e-01,1.852654367685317993e-01,8.779320865869522095e-02,-1.330170594155788422e-02,2.338016964495182037e-02,4.298556596040725708e-02,-1.226511299610137939e-01,-2.088206112384796143e-01,-1.232746914029121399e-01,3.924211859703063965e-02,7.106455415487289429e-02,-9.482783079147338867e-02,-3.185534849762916565e-02,1.064364910125732422e-01,-7.404316216707229614e-02,-8.181485533714294434e-02,-1.494570523500442505e-01,7.002710551023483276e-02,1.563717052340507507e-02,-1.916159130632877350e-02,-5.459617450833320618e-02,2.555948309600353241e-02,2.773947315290570259e-03,1.340006384998559952e-02,1.205686703324317932e-01,-1.037704944610595703e-02,9.911078959703445435e-03,-5.890910327434539795e-02,2.029803246259689331e-01,-1.092523112893104553e-01,1.420447081327438354e-01,-1.937586218118667603e-01,-7.124874740839004517e-02,5.448416993021965027e-02,1.457615643739700317e-01,-1.043616086244583130e-01,-2.135784775018692017e-01,-5.942755844444036484e-03,1.394976526498794556e-01,-1.940633952617645264e-01,-7.523866742849349976e-02,1.011670753359794617e-01,1.903017750009894371e-03,-2.526246309280395508e-01,-3.353733802214264870e-03,-2.839211225509643555e-01,-6.152341514825820923e-02,2.881186008453369141e-01,1.438283594325184822e-03,-1.268021017313003540e-02,4.355343431234359741e-02,-1.004213243722915649e-01,-8.169419132173061371e-03,6.933535635471343994e-02,-1.316450536251068115e-01,-5.590260028839111328e-02,-1.830186396837234497e-01,3.030596971511840820e-01,-3.214461030438542366e-04,-1.530782282352447510e-01,2.659333944320678711e-01,-8.644743263721466064e-02,2.239152640104293823e-01,-6.499432772397994995e-02,-3.361596912145614624e-02,-1.031160634011030197e-02,2.330659329891204834e-01,5.840384960174560547e-02,-6.179535295814275742e-03,-2.893393933773040771e-01,1.237007230520248413e-02,4.898031055927276611e-02,4.322807863354682922e-02,-2.502031251788139343e-02,-2.490719705820083618e-01,1.556898206472396851e-01,-1.468947529792785645e-01,3.522168695926666260e-01,-8.368869125843048096e-02,-3.465870320796966553e-01,7.340327138081192970e-04,-3.174278140068054199e-02,1.940521150827407837e-01,1.499352455139160156e-01,2.831173501908779144e-02,3.683356195688247681e-02,-1.764661669731140137e-01,-1.605617627501487732e-02,8.677501976490020752e-02
1.279867626726627350e-02,1.622173935174942017e-02,-1.035985872149467468e-01,7.148814201354980469e-02,6.473033875226974487e-02,-3.676922619342803955e-02,-5.733457393944263458e-03,3.212278336286544800e-02,1.435037516057491302e-02,3.084846958518028259e-02,9.372706525027751923e-03,-4.424295201897621155e-02,8.711204677820205688e-02,5.042380467057228088e-02,1.052175387740135193e-01,9.703572094440460205e-02,9.009061031974852085e-04,6.403700262308120728e-02,-4.794242233037948608e-02,-5.551256611943244934e-02,-2.844674512743949890e-02,1.069382503628730774e-01,5.625240504741668701e-02,-8.744440972805023193e-03,1.254606433212757111e-02,1.197254434227943420e-01,-1.122210919857025146e-01,-3.900467604398727417e-02,8.677721023559570312e-02,7.710700738243758678e-04,9.368228726089000702e-03,-1.050846502184867859e-01,7.637006789445877075e-02,5.406609177589416504e-02,-3.247872926294803619e-03,-1.114959046244621277e-01,1.438000053167343140e-02,4.580394178628921509e-02,-6.727865338325500488e-02,-6.485560536384582520e-02,9.301631152629852295e-02,4.699992481619119644e-03,9.936175495386123657e-02,1.388689130544662476e-02,-1.335569773800671101e-03,-7.642339169979095459e-02,-1.102777570486068726e-01,-2.964621596038341522e-02,-6.862423382699489594e-03,1.585312932729721069e-02,-2.959862910211086273e-02,-3.029160434380173683e-03,3.106305934488773346e-02,6.968391593545675278e-03,-1.581333763897418976e-02,-1.127034127712249756e-01,2.507529407739639282e-02,1.012771576642990112e-02,-4.354055970907211304e-02,-5.864995345473289490e-02,-3.718821099027991295e-04,1.026112027466297150e-02,3.888984210789203644e-03,3.131157904863357544e-02,4.872031975537538528e-03,-2.480267360806465149e-02,3.447430208325386047e-02,1.056596562266349792e-01,-9.924288839101791382e-02,1.643262431025505066e-02,-7.576303929090499878e-02,9.253640659153461456e-03,-2.249695546925067902e-02,1.037731245160102844e-01,-2.682432532310485840e-02,-9.334057569503784180e-02,-3.067499026656150818e-03,1.190174072980880737e-01,-2.288992144167423248e-02,-9.332551062107086182e-02,1.046558171510696411e-01,1.414411934092640877e-03,-8.071582764387130737e-02,3.206950379535555840e-03,-7.105804979801177979e-02,-1.062298938632011414e-01,3.936546668410301208e-02,5.626507569104433060e-03,6.053823605179786682e-02,2.952795475721359253e-02,-2.630385011434555054e-02,-2.045951597392559052e-02,-8.433623611927032471e-02,2.322160825133323669e-02,-9.107075631618499756e-02,7.325786631554365158e-03,7.361537218093872070e-02,-1.453302393201738596e-04,-6.778823584318161011e-02,4.578094556927680969e-02,-2.687095850706100464e-02,4.162789136171340942e-02,-1.089396476745605469e-01,-2.786565758287906647e-02,1.159898340702056885e-01,8.304435759782791138e-03,-7.320283353328704834e-02,-9.914658963680267334e-02,-2.574431337416172028e-02,-1.018834020942449570e-02,7.511081546545028687e-02,-3.518895432353019714e-02,-9.303209185600280762e-02,-2.887529321014881134e-02,1.207605153322219849e-01,-1.012160256505012512e-01,5.600197240710258484e-02,2.678309567272663116e-02,-1.026177257299423218e-01,3.457287326455116272e-02,5.975677818059921265e-02,8.135592937469482422e-02,1.038261577486991882e-01,-5.684637650847434998e-02,-8.229500800371170044e-02,-4.838312044739723206e-02,2.360621467232704163e-03,4.377140477299690247e-02
-1.454683840274810791e-01,-1.035985872149467468e-01,7.595100998878479004e-01,-5.453124046325683594e-01,-4.379255175590515137e-01,2.138544768095016479e-01,-3.877752274274826050e-02,-2.732423245906829834e-01,-8.712556213140487671e-02,-2.430142015218734741e-01,-5.076673999428749084e-02,3.391895592212677002e-01,-5.835831165313720703e-01,-4.326581358909606934e-01,-7.237542271614074707e-01,-6.653218865394592285e-01,-1.460993941873311996e-02,-3.888070583343505859e-01,3.727986216545104980e-01,4.431805312633514404e-01,2.016704827547073364e-01,-7.419823408126831055e-01,-4.815607368946075439e-01,1.446157395839691162e-01,-9.191469848155975342e-02,-7.549766302108764648e-01,7.245939373970031738e-01,2.487048953771591187e-01,-6.612476706504821777e-01,7.720829546451568604e-02,-1.249926630407571793e-02,7.275228500366210938e-01,-5.640439987182617188e-01,-4.416445493698120117e-01,3.366425633430480957e-02,7.458280324935913086e-01,-1.040730029344558716e-01,-3.455649912357330322e-01,5.323771238327026367e-01,5.162050724029541016e-01,-6.580259203910827637e-01,-4.755561053752899170e-02,-6.445545554161071777e-01,-1.071565821766853333e-01,6.230813451111316681e-03,5.972355604171752930e-01,7.732866406440734863e-01,2.322497218847274780e-01,1.595349609851837158e-02,-2.228375710546970367e-02,1.995919048786163330e-01,5.227736197412014008e-03,-2.286423444747924805e-01,2.853654138743877411e-02,1.114636808633804321e-01,7.622765898704528809e-01,-2.172687351703643799e-01,-7.913006842136383057e-02,2.586870789527893066e-01,4.356872141361236572e-01,4.496487602591514587e-02,-1.321497410535812378e-01,-3.230708092451095581e-02,-2.775294184684753418e-01,-4.548586159944534302e-02,1.781541705131530762e-01,-1.954181194305419922e-01,-7.021003961563110352e-01,6.922773718833923340e-01,-9.840188175439834595e-02,6.124313473701477051e-01,-5.688193254172801971e-03,1.448589861392974854e-01,-7.386967539787292480e-01,2.034394443035125732e-01,6.621521711349487305e-01,2.138973958790302277e-02,-8.241357207298278809e-01,2.345387637615203857e-01,6.974446177482604980e-01,-7.598453164100646973e-01,-1.123221777379512787e-02,5.855557322502136230e-01,-1.988750696182250977e-02,5.670608878135681152e-01,6.458892226219177246e-01,-3.480471670627593994e-01,-3.871481493115425110e-02,-4.130752086639404297e-01,-2.476166486740112305e-01,1.969261020421981812e-01,1.547422409057617188e-01,5.850779414176940918e-01,-1.384307444095611572e-01,6.627354621887207031e-01,1.047604996711015701e-02,-5.325351357460021973e-01,1.162728760391473770e-03,5.109781026840209961e-01,-4.407068789005279541e-01,2.588297128677368164e-01,-3.769783973693847656e-01,7.436056137084960938e-01,2.141311168670654297e-01,-7.824317216873168945e-01,-1.801151931285858154e-01,5.512282848358154297e-01,6.811364889144897461e-01,1.970849931240081787e-01,7.326748222112655640e-02,-5.275647640228271484e-01,3.567453324794769287e-01,6.426636576652526855e-01,9.789948910474777222e-02,-7.769112586975097656e-01,7.010324597358703613e-01,-4.516411125659942627e-01,-2.375329881906509399e-01,7.471099495887756348e-01,-2.592908143997192383e-01,-4.429045319557189941e-01,-6.329947113990783691e-01,-7.141368389129638672e-01,3.735337853431701660e-01,6.173543334007263184e-01,4.613042175769805908e-01,-4.386522248387336731e-02,-3.830194771289825439e-01
1.114051509648561478e-02,7.148814201354980469e-02,-5.453124046325683594e-01,5.751147270202636719e-01,2.475111931562423706e-01,-7.672352343797683716e-02,-4.895020276308059692e-02,1.249722689390182495e-01,4.402387887239456177e-02,1.665694862604141235e-01,-1.930033043026924133e-02,-2.552481293678283691e-01,3.077189028263092041e-01,3.629308342933654785e-01,5.207807421684265137e-01,4.436628520488739014e-01,1.601742953062057495e-02,3.709837496280670166e-01,-3.237597346305847168e-01,-2.724823653697967529e-01,-3.105760216712951660e-01,6.118816137313842773e-01,3.267192840576171875e-01,-1.518221199512481689e-01,8.343587815761566162e-02,5.649104714393615723e-01,-5.222883224487304688e-01,-2.548889070749282837e-02,3.818230032920837402e-01,1.046201661229133606e-01,2.647106535732746124e-02,-6.266890168190002441e-01,5.025263428688049316e-01,2.660451531410217285e-01,-7.002210710197687149e-03,-5.597692728042602539e-01,1.010030359029769897e-01,2.282267361879348755e-01,-2.122077345848083496e-01,-4.719121456146240234e-01,5.184259414672851562e-01,4.382168129086494446e-02,4.718343615531921387e-01,7.063377648591995239e-02,-5.796111002564430237e-02,-2.820658087730407715e-01,-5.397926568984985352e-01,-2.232902199029922485e-01,-3.709974139928817749e-02,9.028311073780059814e-02,-1.421730369329452515e-01,2.157232165336608887e-02,2.217675298452377319e-01,-9.098472446203231812e-02,6.979259103536605835e-02,-5.511809587478637695e-01,1.636673063039779663e-01,4.915162175893783569e-02,-1.314020454883575439e-01,-3.684086501598358154e-01,-1.094581782817840576e-01,1.289848834276199341e-01,2.824585884809494019e-02,2.248876690864562988e-01,6.866643577814102173e-02,-1.346784532070159912e-01,1.550196856260299683e-01,5.186393857002258301e-01,-5.002144575119018555e-01,4.663843195885419846e-03,-4.099647402763366699e-01,2.218831330537796021e-01,-1.735463142395019531e-01,5.650549530982971191e-01,-1.410828232765197754e-01,-5.199121236801147461e-01,-7.870278321206569672e-03,6.087277531623840332e-01,-3.255972266197204590e-01,-5.313595533370971680e-01,6.865288615226745605e-01,8.267740719020366669e-03,-3.258427381515502930e-01,1.848826371133327484e-02,-4.369389712810516357e-01,-4.207184016704559326e-01,5.022697150707244873e-02,2.499965205788612366e-02,2.476014941930770874e-01,1.717222481966018677e-01,-1.020910888910293579e-01,-2.143989950418472290e-01,-5.826081633567810059e-01,2.350350618362426758e-01,-5.485251545906066895e-01,2.722009830176830292e-02,3.397752046585083008e-01,-8.033732301555573940e-04,-2.875954806804656982e-01,2.757589519023895264e-01,-1.409191191196441650e-01,1.272155791521072388e-01,-6.357387304306030273e-01,-1.442256122827529907e-01,6.315804719924926758e-01,2.322276532649993896e-01,-5.801273584365844727e-01,-5.403207540512084961e-01,-3.906850516796112061e-02,-5.856790766119956970e-02,5.897875428199768066e-01,-3.550901710987091064e-01,-5.574523210525512695e-01,-2.078170701861381531e-02,5.628263950347900391e-01,-4.670603871345520020e-01,1.898966133594512939e-01,1.503913849592208862e-01,-5.652753710746765137e-01,2.377824038267135620e-01,2.912702262401580811e-01,4.776206314563751221e-01,5.420033931732177734e-01,-2.964259982109069824e-01,-4.649547338485717773e-01,-3.082283139228820801e-01,2.447904646396636963e-02,2.727039754390716553e-01
2.128086686134338379e-01,6.473033875226974487e-02,-4.379255175590515137e-01,2.475111931562423706e-01,3.431957364082336426e-01,-1.955633461475372314e-01,3.578696772456169128e-02,2.560887932777404785e-01,7.078506797552108765e-02,1.337849497795104980e-01,1.378274429589509964e-02,-1.817275434732437134e-01,3.713693916797637939e-01,2.520485222339630127e-01,4.777806699275970459e-01,4.184467792510986328e-01,2.216572174802422523e-03,2.216721922159194946e-01,-1.511881649494171143e-01,-2.352904826402664185e-01,-1.003239154815673828e-01,4.127003848552703857e-01,2.084857970476150513e-01,-7.623757701367139816e-03,4.135066270828247070e-02,4.643005430698394775e-01,-4.378674328327178955e-01,-2.558883130550384521e-01,3.809295892715454102e-01,-1.122765839099884033e-01,-8.797130547463893890e-03,-3.900813758373260498e-01,2.926933169364929199e-01,2.178089767694473267e-01,-2.350224740803241730e-02,-4.447233080863952637e-01,4.316292330622673035e-02,1.936924755573272705e-01,-4.050262868404388428e-01,-3.369862437248229980e-01,4.148047864437103271e-01,4.674645140767097473e-02,3.642180860042572021e-01,6.132663786411285400e-02,2.569908089935779572e-02,-3.558895587921142578e-01,-5.008308291435241699e-01,-1.428333371877670288e-01,-2.628193004056811333e-03,8.771662414073944092e-02,-1.467571556568145752e-01,-2.396769449114799500e-02,1.387517154216766357e-01,2.661360241472721100e-02,-1.134740188717842102e-01,-4.823271632194519043e-01,1.090501844882965088e-01,4.427368193864822388e-02,-2.025018483400344849e-01,-2.275777906179428101e-01,2.358772791922092438e-02,2.997083216905593872e-02,1.744807697832584381e-02,1.681008487939834595e-01,1.965922117233276367e-02,-9.041405469179153442e-02,1.191303431987762451e-01,4.660453796386718750e-01,-3.917584121227264404e-01,1.323466897010803223e-01,-3.635134398937225342e-01,-2.347560226917266846e-02,-4.125236719846725464e-02,4.338008761405944824e-01,-1.376423984766006470e-01,-4.317092299461364746e-01,-1.509602088481187820e-02,5.002124309539794922e-01,-1.236639544367790222e-01,-3.726669847965240479e-01,4.080936014652252197e-01,5.680943839251995087e-03,-4.057152271270751953e-01,1.071151345968246460e-02,-3.651578426361083984e-01,-4.422895014286041260e-01,2.824965417385101318e-01,2.203621715307235718e-02,2.390323728322982788e-01,1.269015371799468994e-01,-1.544514745473861694e-01,-5.623692646622657776e-02,-2.639446258544921875e-01,9.468716569244861603e-03,-3.547076582908630371e-01,-2.476547285914421082e-02,4.021802544593811035e-01,-6.554852006956934929e-04,-3.105379641056060791e-01,2.733914256095886230e-01,-1.324616223573684692e-01,2.652907371520996094e-01,-4.159192740917205811e-01,-1.195144131779670715e-01,4.459777176380157471e-01,9.408483654260635376e-02,-2.352918982505798340e-01,-3.733766973018646240e-01,-2.244391590356826782e-01,-3.308119997382164001e-02,2.303203642368316650e-01,-9.547445178031921387e-02,-3.391154110431671143e-01,-2.008718103170394897e-01,5.295659899711608887e-01,-4.496225416660308838e-01,3.359215557575225830e-01,8.189845830202102661e-02,-5.023779869079589844e-01,1.192244365811347961e-01,2.410907000303268433e-01,3.639484643936157227e-01,4.392378032207489014e-01,-2.083503752946853638e-01,-2.834612131118774414e-01,-2.255308032035827637e-01,3.428134834393858910e-03,2.024194747209548950e-01
-1.340392082929611206e-01,-3.676922619342803955e-02,2.138544768095016479e-01,-7.672352343797683716e-02,-1.955633461475372314e-01,2.820306122303009033e-01,-3.048409894108772278e-02,-6.560453772544860840e-02,-1.506357342004776001e-01,-1.020458191633224487e-01,8.664535358548164368e-03,9.892603009939193726e-02,-2.666214704513549805e-01,-8.893425762653350830e-02,-2.657347023487091064e-01,-2.555182576179504395e-01,-6.943508051335811615e-03,-1.303796917200088501e-01,9.287406504154205322e-02,1.101301535964012146e-01,1.581911891698837280e-01,-2.101550698280334473e-01,-6.159079819917678833e-02,2.510252222418785095e-02,-3.201299905776977539e-02,-3.498090803623199463e-01,2.479963153600692749e-01,1.591190844774246216e-01,-1.515468806028366089e-01,1.917533576488494873e-02,6.041438505053520203e-02,2.658132016658782959e-01,-2.143883556127548218e-01,-5.822358652949333191e-02,4.402333870530128479e-03,2.603834867477416992e-01,-2.255046181380748749e-02,-1.262248903512954712e-01,2.454642504453659058e-01,1.145135089755058289e-01,-3.136520087718963623e-01,-3.196624293923377991e-02,-1.401087045669555664e-01,-2.788463793694972992e-02,8.410647511482238770e-02,2.279739975929260254e-01,2.910283505916595459e-01,6.185797601938247681e-02,-5.590113624930381775e-02,-6.454429775476455688e-02,1.675639897584915161e-01,-1.004447340965270996e-01,-9.201849997043609619e-02,-7.062494009733200073e-02,4.329323023557662964e-02,2.472557574510574341e-01,-4.418475553393363953e-02,-2.328325994312763214e-02,1.559306085109710693e-01,1.255253404378890991e-01,1.384340692311525345e-02,-4.937338829040527344e-02,-9.401892311871051788e-03,-2.000915855169296265e-01,-2.229151502251625061e-02,7.133320719003677368e-02,-4.974741861224174500e-02,-2.487113177776336670e-01,2.497186660766601562e-01,-5.359077826142311096e-02,2.051236629486083984e-01,-1.124068051576614380e-01,4.907281324267387390e-02,-2.713027000427246094e-01,1.238891780376434326e-01,2.323041856288909912e-01,1.222791150212287903e-02,-2.931353747844696045e-01,7.374827563762664795e-02,2.330385595560073853e-01,-2.348212897777557373e-01,-2.958695171400904655e-03,1.988554298877716064e-01,-1.071004662662744522e-02,2.321764826774597168e-01,2.900446355342864990e-01,-1.509456187486648560e-01,-1.242211833596229553e-02,-2.365004271268844604e-01,-7.825855910778045654e-02,8.948688209056854248e-02,3.370124474167823792e-02,1.556441038846969604e-01,1.108930259943008423e-02,2.407951354980468750e-01,-2.133643440902233124e-02,-1.598656475543975830e-01,3.976402513217180967e-04,1.531985104084014893e-01,-2.316086590290069580e-01,4.672133550047874451e-02,-2.358403652906417847e-01,2.633455991744995117e-01,7.545179873704910278e-02,-3.047227859497070312e-01,6.666428595781326294e-02,1.558514684438705444e-01,2.083735018968582153e-01,2.088940739631652832e-01,2.655706554651260376e-02,-1.354230642318725586e-01,9.452764876186847687e-03,1.709667891263961792e-01,1.361297369003295898e-01,-2.575929462909698486e-01,3.134902715682983398e-01,-1.716029793024063110e-01,-2.866592444479465485e-02,2.803426086902618408e-01,-7.699441164731979370e-02,-1.279502362012863159e-01,-2.291602492332458496e-01,-2.676211297512054443e-01,1.476751714944839478e-01,1.102209314703941345e-01,1.760101169347763062e-01,-1.153675001114606857e-02,-8.700007200241088867e-02
1.066655516624450684e-01,-5.733457393944263458e-03,-3.877752274274826050e-02,-4.895020276308059692e-02,3.578696772456169128e-02,-3.048409894108772278e-02,1.117502376437187195e-01,6.663013994693756104e-02,8.425666019320487976e-03,1.988813467323780060e-02,-2.300151996314525604e-02,1.962313894182443619e-03,9.298548102378845215e-03,-2.642185718286782503e-04,1.989388465881347656e-02,9.477061685174703598e-04,2.492747036740183830e-03,-8.023990690708160400e-02,8.674578741192817688e-03,-3.264323621988296509e-02,2.315689250826835632e-02,-2.318895421922206879e-02,1.961489440873265266e-03,-7.267512846738100052e-03,-7.195205893367528915e-03,-1.232247613370418549e-02,2.067291736602783203e-02,-5.884765461087226868e-02,5.038735643029212952e-02,-1.381288766860961914e-01,-4.894565790891647339e-02,1.986554078757762909e-02,1.690289238467812538e-03,-6.821667775511741638e-03,-8.475349284708499908e-03,2.157569862902164459e-02,-1.480218395590782166e-02,1.355612743645906448e-02,-1.260892897844314575e-01,-2.720132470130920410e-02,4.340903833508491516e-02,2.185529470443725586e-02,-6.013584882020950317e-02,3.906867466866970062e-03,-9.443543851375579834e-03,-6.720153242349624634e-02,-5.007817968726158142e-02,-2.789781428873538971e-03,5.261020734906196594e-02,-1.434972975403070450e-02,-1.003300119191408157e-02,2.925475686788558960e-02,-4.345489200204610825e-03,9.142821654677391052e-04,-4.400883615016937256e-02,-6.788277067244052887e-03,-1.102423993870615959e-03,2.445253077894449234e-03,-3.210944309830665588e-02,2.215819619596004486e-02,-5.590348970144987106e-03,2.221707440912723541e-02,1.561768236570060253e-03,7.771396636962890625e-02,1.008277572691440582e-02,4.805441945791244507e-03,-3.756600245833396912e-02,6.076318677514791489e-03,1.290743052959442139e-02,4.582020640373229980e-02,-5.876337736845016479e-02,-6.596137583255767822e-02,5.596766993403434753e-02,1.216357760131359100e-02,-3.223249316215515137e-02,-5.051051080226898193e-02,-3.063061041757464409e-03,3.788949176669120789e-02,-2.505224570631980896e-02,-7.715777028352022171e-03,2.693529007956385612e-03,-4.463692675926722586e-05,-5.117603763937950134e-02,-3.033464308828115463e-03,-7.371775060892105103e-02,2.710150554776191711e-02,1.472035050392150879e-01,-1.911392435431480408e-03,1.144851464778184891e-02,1.680439338088035583e-02,-4.204913973808288574e-02,2.909278497099876404e-02,6.051040813326835632e-02,-7.842592895030975342e-02,-2.682548365555703640e-04,-5.976809188723564148e-02,5.097113177180290222e-02,-9.262425737688317895e-05,-2.160730212926864624e-02,1.142149269580841064e-01,-3.599207103252410889e-02,1.349170655012130737e-01,2.392161265015602112e-02,-8.988541550934314728e-03,2.484877221286296844e-02,5.426288768649101257e-02,2.325174584984779358e-02,3.581333160400390625e-02,-1.199733242392539978e-01,3.788878908380866051e-03,-1.046586781740188599e-01,-1.019776053726673126e-02,6.764320284128189087e-02,1.289803441613912582e-02,8.024167269468307495e-03,-4.793338850140571594e-02,8.411718904972076416e-02,2.871281933039426804e-03,-7.066569477319717407e-02,-1.929604448378086090e-02,2.357295341789722443e-02,4.592398181557655334e-02,7.589760702103376389e-03,2.148131467401981354e-02,4.483648017048835754e-02,-6.457195430994033813e-02,1.273953448981046677e-02,5.094433203339576721e-02
3.635692298412322998e-01,3.212278336286544800e-02,-2.732423245906829834e-01,1.249722689390182495e-01,2.560887932777404785e-01,-6.560453772544860840e-02,6.663013994693756104e-02,4.182829558849334717e-01,-4.106902924831956625e-04,6.080599501729011536e-02,5.764431785792112350e-03,-1.141477525234222412e-01,1.915496885776519775e-01,3.055798411369323730e-01,3.367235660552978516e-01,2.533881366252899170e-01,-1.618917100131511688e-03,5.436103790998458862e-02,1.724789384752511978e-03,-1.362649798393249512e-01,3.804954141378402710e-02,2.273091375827789307e-01,1.448579281568527222e-01,-1.616119872778654099e-03,5.893253721296787262e-03,1.645383983850479126e-01,-1.929477155208587646e-01,-2.417327165603637695e-01,2.875364422798156738e-01,-1.923704594373703003e-01,-4.722451418638229370e-02,-1.455644220113754272e-01,7.390391826629638672e-02,1.915175467729568481e-01,-3.990058228373527527e-02,-2.550789415836334229e-01,3.634009510278701782e-03,1.061036512255668640e-01,-3.890728056430816650e-01,-3.649931848049163818e-01,2.106321156024932861e-01,5.216056853532791138e-02,1.797708570957183838e-01,4.418866336345672607e-02,1.575944572687149048e-01,-2.489427775144577026e-01,-3.404445052146911621e-01,-1.165232583880424500e-01,-1.198324933648109436e-02,4.521896596997976303e-03,-5.401788279414176941e-02,-1.056323945522308350e-01,8.695786446332931519e-02,-6.903588026762008667e-02,-1.517064124345779419e-01,-3.188839256763458252e-01,1.086798831820487976e-01,3.315276652574539185e-02,-4.438446089625358582e-02,-1.189417243003845215e-01,6.001353263854980469e-02,-1.798214390873908997e-02,1.228772010654211044e-02,9.909865446388721466e-03,-5.989701021462678909e-03,-2.080008760094642639e-02,1.037103589624166489e-02,2.917408645153045654e-01,-2.270639687776565552e-01,1.183205768465995789e-01,-2.738702893257141113e-01,-1.992345154285430908e-01,3.367352858185768127e-02,2.655346393585205078e-01,-6.698693335056304932e-02,-2.553515136241912842e-01,-8.662764914333820343e-03,2.941684126853942871e-01,-1.145282015204429626e-01,-1.946713477373123169e-01,1.981199383735656738e-01,3.737612394616007805e-03,-3.394621908664703369e-01,5.695295985788106918e-04,-2.672335207462310791e-01,-2.228170782327651978e-01,2.825923562049865723e-01,1.199622917920351028e-02,3.588023036718368530e-02,8.314139395952224731e-02,-1.201093047857284546e-01,1.436973642557859421e-02,-2.969592623412609100e-02,-1.111437827348709106e-01,-1.473641842603683472e-01,-1.292807757854461670e-01,3.588544428348541260e-01,-4.351112584117799997e-04,-2.485680580139160156e-01,2.161305248737335205e-01,-1.365050673484802246e-01,2.099342942237854004e-01,-1.903891116380691528e-01,-6.949815899133682251e-02,1.564586609601974487e-01,1.968793869018554688e-01,1.169589068740606308e-02,-1.771960705518722534e-01,-1.915706694126129150e-01,1.628932659514248371e-03,7.882757484912872314e-02,-7.907225517556071281e-05,-1.708445847034454346e-01,-1.972834765911102295e-01,3.556622266769409180e-01,-2.418276220560073853e-01,3.559122681617736816e-01,2.428422123193740845e-02,-4.046901166439056396e-01,2.976701036095619202e-02,9.230383485555648804e-02,2.296601980924606323e-01,2.341996282339096069e-01,-8.877675980329513550e-03,-1.414123177528381348e-01,-1.457294821739196777e-01,-1.161671988666057587e-02,1.399128139019012451e-01
8.598286658525466919e-02,1.435037516057491302e-02,-8.712556213140487671e-02,4.402387887239456177e-02,7.078506797552108765e-02,-1.506357342004776001e-01,8.425666019320487976e-03,-4.106902924831956625e-04,1.113247200846672058e-01,5.391317233443260193e-02,-2.872144244611263275e-02,-4.522161185741424561e-02,1.021391525864601135e-01,8.106119930744171143e-02,1.185267493128776550e-01,1.028381437063217163e-01,7.097635418176651001e-03,6.024066731333732605e-02,-4.054589569568634033e-02,-3.435359150171279907e-02,-1.732496917247772217e-01,9.392414987087249756e-02,1.837161369621753693e-02,-2.815627679228782654e-02,1.947373710572719574e-02,1.607940047979354858e-01,-8.684552460908889771e-02,-4.897376894950866699e-02,1.282153278589248657e-02,2.624025568366050720e-02,-5.938242748379707336e-02,-1.563408970832824707e-01,1.347601711750030518e-01,8.991163340397179127e-04,3.026227699592709541e-03,-1.102167814970016479e-01,1.322049833834171295e-02,5.171153694391250610e-02,-7.395257800817489624e-02,-8.416341245174407959e-02,1.699439436197280884e-01,2.609197422862052917e-02,2.709005586802959442e-02,9.147359989583492279e-03,-9.418959915637969971e-02,-7.525913417339324951e-02,-1.177397072315216064e-01,-4.300123453140258789e-02,3.960787877440452576e-02,4.351093247532844543e-02,-1.049832105636596680e-01,8.305986970663070679e-02,6.700165569782257080e-02,1.414833869785070419e-02,2.437088079750537872e-02,-9.043796360492706299e-02,1.858738809823989868e-02,7.806550245732069016e-03,-5.228878557682037354e-02,-6.571748107671737671e-02,-3.786829113960266113e-02,4.960652813315391541e-02,6.682581733912229538e-03,1.389835923910140991e-01,1.251568831503391266e-02,-3.411037102341651917e-02,6.252216640859842300e-03,1.095699742436408997e-01,-1.147785410284996033e-01,7.403671741485595703e-03,-8.669440448284149170e-02,1.282915920019149780e-01,-4.262496903538703918e-02,1.302057504653930664e-01,-7.515604048967361450e-02,-1.107501164078712463e-01,-4.438367206603288651e-03,1.261471509933471680e-01,-8.609619736671447754e-02,-1.116253584623336792e-01,1.351247727870941162e-01,1.429048599675297737e-03,-6.192400678992271423e-02,5.624571349471807480e-03,-1.304524242877960205e-01,-1.016187295317649841e-01,3.984033316373825073e-02,3.760850755497813225e-03,1.131901666522026062e-01,3.593181446194648743e-02,-3.029265813529491425e-02,-4.468283429741859436e-02,-9.221962094306945801e-02,1.917584799230098724e-02,-1.239192858338356018e-01,1.117417006753385067e-03,5.015257000923156738e-02,-1.920096547110006213e-04,-5.552001297473907471e-02,1.351394802331924438e-01,-9.649817831814289093e-03,1.104222759604454041e-01,-1.360564529895782471e-01,-3.246024623513221741e-02,1.329544782638549805e-01,-1.239943224936723709e-02,-1.123890504240989685e-01,-8.026298880577087402e-02,-1.057365387678146362e-01,-1.418074872344732285e-02,1.254020035266876221e-01,-2.432310767471790314e-02,-8.141855895519256592e-02,-6.279442459344863892e-02,7.523479312658309937e-02,-1.402837783098220825e-01,6.672844290733337402e-02,-6.498612463474273682e-03,-1.394713073968887329e-01,4.927894845604896545e-02,2.577783726155757904e-02,1.210564076900482178e-01,1.277831494808197021e-01,-7.304234802722930908e-02,-3.606048971414566040e-02,-1.219156756997108459e-01,8.826406672596931458e-03,3.395545110106468201e-02
4.872809350490570068e-02,3.084846958518028259e-02,-2.430142015218734741e-01,1.665694862604141235e-01,1.337849497795104980e-01,-1.020458191633224487e-01,1.988813467323780060e-02,6.080599501729011536e-02,5.391317233443260193e-02,8.360370993614196777e-02,1.775394659489393234e-03,-1.040465012192726135e-01,1.879166364669799805e-01,1.257743537425994873e-01,2.381019294261932373e-01,2.111983746290206909e-01,6.627344526350498199e-03,1.201271116733551025e-01,-1.216687634587287903e-01,-1.298246085643768311e-01,-1.069606617093086243e-01,2.431632280349731445e-01,1.314125359058380127e-01,-5.356845632195472717e-02,3.135492652654647827e-02,2.782451510429382324e-01,-2.378953993320465088e-01,-6.958258152008056641e-02,1.929611414670944214e-01,-1.345171779394149780e-02,-1.329292543232440948e-02,-2.625061273574829102e-01,2.009403705596923828e-01,1.120911017060279846e-01,-6.829001009464263916e-03,-2.477741092443466187e-01,3.260363638401031494e-02,1.092657372355461121e-01,-1.674325764179229736e-01,-1.600947380065917969e-01,2.418419867753982544e-01,2.059499546885490417e-02,1.826759278774261475e-01,3.112261369824409485e-02,-3.651790693402290344e-02,-1.873514503240585327e-01,-2.624006271362304688e-01,-7.313703745603561401e-02,1.299420557916164398e-02,1.950361765921115875e-02,-8.585898578166961670e-02,3.233454748988151550e-02,8.074334263801574707e-02,-1.016518566757440567e-03,-1.781405135989189148e-02,-2.473492771387100220e-01,6.061918660998344421e-02,2.306703850626945496e-02,-8.893114328384399414e-02,-1.357033252716064453e-01,-3.077673166990280151e-02,5.526123568415641785e-02,1.057894527912139893e-02,1.277202516794204712e-01,2.086938172578811646e-02,-5.976929143071174622e-02,5.482411012053489685e-02,2.263117730617523193e-01,-2.243579179048538208e-01,2.531761303544044495e-02,-1.914778053760528564e-01,4.860107600688934326e-02,-5.064766854047775269e-02,2.524462044239044189e-01,-7.808969169855117798e-02,-2.228727042675018311e-01,-7.010719738900661469e-03,2.898960113525390625e-01,-9.249300509691238403e-02,-2.330326288938522339e-01,2.742933034896850586e-01,3.389812773093581200e-03,-1.683702468872070312e-01,7.294255308806896210e-03,-1.949374079704284668e-01,-2.103035748004913330e-01,1.006028205156326294e-01,1.129257027059793472e-02,1.499258130788803101e-01,7.826817035675048828e-02,-6.313303858041763306e-02,-5.670978501439094543e-02,-1.977037489414215088e-01,4.515506327152252197e-02,-2.283738106489181519e-01,3.208979731425642967e-03,1.514620333909988403e-01,-3.718088846653699875e-04,-1.455700844526290894e-01,1.624327152967453003e-01,-7.104049623012542725e-02,1.383164823055267334e-01,-2.620289921760559082e-01,-6.755436956882476807e-02,2.911213934421539307e-01,4.358953610062599182e-02,-2.038711011409759521e-01,-2.176896929740905762e-01,-8.451849222183227539e-02,-2.490938454866409302e-02,1.834412962198257446e-01,-1.121543943881988525e-01,-1.998241096735000610e-01,-2.903370186686515808e-02,2.521781027317047119e-01,-2.452710866928100586e-01,1.278793960809707642e-01,6.625131517648696899e-02,-2.593364715576171875e-01,8.607482910156250000e-02,1.336281597614288330e-01,2.096855342388153076e-01,2.412894666194915771e-01,-1.258160769939422607e-01,-1.790393143892288208e-01,-1.602890789508819580e-01,1.654680445790290833e-02,1.165659725666046143e-01
-7.328461855649948120e-02,9.372706525027751923e-03,-5.076673999428749084e-02,-1.930033043026924133e-02,1.378274429589509964e-02,8.664535358548164368e-03,-2.300151996314525604e-02,5.764431785792112350e-03,-2.872144244611263275e-02,1.775394659489393234e-03,7.707559317350387573e-02,-1.873767189681529999e-02,9.857361018657684326e-02,-3.125342354178428650e-02,3.451111167669296265e-02,6.474582105875015259e-02,-4.246578086167573929e-03,1.341605745255947113e-02,-1.821491867303848267e-02,-4.479182139039039612e-02,1.413124799728393555e-01,5.129753798246383667e-02,6.672205775976181030e-02,8.472912304569035769e-05,9.508602670393884182e-05,7.506121695041656494e-02,-9.623360633850097656e-02,-2.984229102730751038e-02,1.253043264150619507e-01,-5.135030951350927353e-03,4.960035905241966248e-02,-1.600896567106246948e-02,-3.867407143115997314e-02,9.038973599672317505e-02,-8.923379704356193542e-03,-8.049890398979187012e-02,3.378567984327673912e-03,2.779554575681686401e-02,-5.257000401616096497e-02,7.090236246585845947e-02,-3.225563094019889832e-02,-3.242997080087661743e-02,1.082667112350463867e-01,9.385641664266586304e-03,7.253850251436233521e-02,-1.066966280341148376e-01,-5.325608700513839722e-02,3.839394077658653259e-02,-3.026008233428001404e-02,-7.984193414449691772e-02,2.707032300531864166e-02,-5.334809049963951111e-02,-3.833910450339317322e-02,3.317117691040039062e-02,-7.917184382677078247e-02,-7.570070028305053711e-02,1.534866262227296829e-02,9.613312780857086182e-03,-1.167842932045459747e-02,-7.688714656978845596e-03,4.728083312511444092e-02,-2.687646821141242981e-02,-3.652808489277958870e-03,-9.203696250915527344e-02,-2.232850715517997742e-02,-1.169618032872676849e-02,3.201769664883613586e-02,2.208511903882026672e-02,-6.670316308736801147e-02,-1.102894078940153122e-02,-1.421097666025161743e-02,-1.348579227924346924e-01,-5.011001136153936386e-03,4.316011443734169006e-02,3.038304485380649567e-02,3.122219257056713104e-02,-3.148707328364253044e-03,7.014504820108413696e-02,1.254655569791793823e-01,-4.553925991058349609e-02,-2.352809300646185875e-03,7.614750065840780735e-04,-4.853260144591331482e-02,4.165308782830834389e-04,6.243802607059478760e-02,-9.609543532133102417e-02,2.307851985096931458e-02,6.155448500066995621e-03,4.094134643673896790e-02,1.338371261954307556e-02,2.296814927831292152e-03,4.461138695478439331e-02,-1.731201045913621783e-04,-1.630948297679424286e-02,-1.167806796729564667e-02,2.844144776463508606e-02,-1.554850721731781960e-03,-1.818984674173407257e-05,-6.234208121895790100e-02,-5.386201292276382446e-02,-3.294967487454414368e-02,8.950718620326370001e-05,-3.211652487516403198e-02,-1.450292021036148071e-02,5.491217225790023804e-02,-9.560476243495941162e-02,4.620973393321037292e-02,-7.085742801427841187e-02,5.908710509538650513e-02,-4.174870438873767853e-03,-2.431003004312515259e-02,1.773735135793685913e-02,-4.466337338089942932e-02,2.084922231733798981e-02,8.215459436178207397e-02,-3.999697044491767883e-02,2.290992438793182373e-02,5.912914127111434937e-02,1.087869424372911453e-02,-2.824862720444798470e-03,5.057023838162422180e-02,-1.354784518480300903e-02,2.500293590128421783e-02,-6.753710564225912094e-03,-9.630853682756423950e-02,1.774585247039794922e-02,4.684545099735260010e-03,7.475361780961975455e-05
-5.543372407555580139e-02,-4.424295201897621155e-02,3.391895592212677002e-01,-2.552481293678283691e-01,-1.817275434732437134e-01,9.892603009939193726e-02,1.962313894182443619e-03,-1.141477525234222412e-01,-4.522161185741424561e-02,-1.040465012192726135e-01,-1.873767189681529999e-02,1.502945870161056519e-01,-2.537395954132080078e-01,-1.979015916585922241e-01,-3.363227248191833496e-01,-2.975803613662719727e-01,-7.425992283970117569e-03,-1.798045486211776733e-01,1.633711457252502441e-01,1.775251179933547974e-01,1.088259294629096985e-01,-3.534750640392303467e-01,-2.011322230100631714e-01,7.541251182556152344e-02,-4.239498823881149292e-02,-3.699086308479309082e-01,3.364379107952117920e-01,8.773505687713623047e-02,-2.868315577507019043e-01,-1.783871994121000171e-04,-1.806323416531085968e-03,3.546334207057952881e-01,-2.548293173313140869e-01,-1.846884340047836304e-01,1.307271048426628113e-02,3.576236665248870850e-01,-4.724052548408508301e-02,-1.487034261226654053e-01,2.202632278203964233e-01,2.393939644098281860e-01,-3.045019507408142090e-01,-2.089755237102508545e-02,-2.854724228382110596e-01,-4.514013975858688354e-02,3.860375611111521721e-03,2.532037496566772461e-01,3.624906539916992188e-01,1.035759374499320984e-01,9.456838481128215790e-03,-1.005951222032308578e-02,9.686043858528137207e-02,-4.187469836324453354e-03,-1.073017865419387817e-01,2.050926722586154938e-02,3.312595561146736145e-02,3.576452136039733887e-01,-9.677291661500930786e-02,-3.399525582790374756e-02,9.602071344852447510e-02,1.952559351921081543e-01,2.815359272062778473e-02,-6.012693047523498535e-02,-1.420258637517690659e-02,-1.154497936367988586e-01,-2.231128513813018799e-02,7.914279401302337646e-02,-8.251314610242843628e-02,-3.158133029937744141e-01,3.174353837966918945e-01,-2.441080659627914429e-02,2.602394819259643555e-01,-3.101464360952377319e-02,7.690773159265518188e-02,-3.517643213272094727e-01,8.609487116336822510e-02,2.909434437751770020e-01,8.516543544828891754e-03,-3.988521695137023926e-01,1.162695288658142090e-01,3.240800797939300537e-01,-3.766804039478302002e-01,-4.930815659463405609e-03,2.383833378553390503e-01,-9.846772998571395874e-03,2.472346723079681396e-01,2.988948225975036621e-01,-1.098507642745971680e-01,-1.677226275205612183e-02,-1.798464655876159668e-01,-1.068889722228050232e-01,7.777692377567291260e-02,7.631967216730117798e-02,2.763131558895111084e-01,-6.953831017017364502e-02,3.067138791084289551e-01,-5.001146346330642700e-03,-2.169098556041717529e-01,4.961892263963818550e-04,2.135232537984848022e-01,-1.860093474388122559e-01,1.039870828390121460e-01,-1.484738886356353760e-01,3.656040132045745850e-01,9.202864021062850952e-02,-3.852174878120422363e-01,-7.343829423189163208e-02,2.644830942153930664e-01,3.176972270011901855e-01,6.965628266334533691e-02,3.214449435472488403e-02,-2.750907242298126221e-01,1.513552963733673096e-01,3.030458092689514160e-01,4.282498359680175781e-02,-3.682829737663269043e-01,3.192908167839050293e-01,-1.762717515230178833e-01,-1.001391112804412842e-01,3.536529839038848877e-01,-1.188267171382904053e-01,-1.807896047830581665e-01,-2.765970826148986816e-01,-3.271785974502563477e-01,1.591639667749404907e-01,2.770580351352691650e-01,1.969894319772720337e-01,-1.736656762659549713e-02,-1.548030078411102295e-01
