8.258575797080993652e-01,1.220831051468849182e-01,-3.655065000057220459e-01,2.678098715841770172e-02,4.469310343265533447e-01,1.013057604432106018e-01,1.351164728403091431e-01,5.878134965896606445e-01,8.141808211803436279e-02,-5.455979332327842712e-02,-2.522418200969696045e-01,-1.202589422464370728e-01,6.965165138244628906e-01,4.438721537590026855e-01,6.262257695198059082e-01,1.984411925077438354e-01,-2.714480273425579071e-02,-9.144014865159988403e-02,4.560096859931945801e-01,2.349732369184494019e-01,-4.990236461162567139e-01,-2.162695378065109253e-01,5.213544964790344238e-01,-4.218896329402923584e-01,-4.702150821685791016e-02,-6.426713466644287109e-01,1.052363961935043335e-01,-2.984100878238677979e-01,-2.290583997964859009e-01,-6.164910197257995605e-01,-4.911560118198394775e-01,-9.409017860889434814e-02,3.207065165042877197e-01,-2.704959213733673096e-01,-6.056698411703109741e-02,-3.832131922245025635e-01,-1.219184175133705139e-01,1.017899587750434875e-01,-1.834929883480072021e-01,-4.889366328716278076e-01,-6.196011230349540710e-02,3.048261404037475586e-01,-1.132141575217247009e-01,7.057276368141174316e-02,5.667893290519714355e-01,-4.576275348663330078e-01,-3.629296123981475830e-01,1.222353545017540455e-03,2.227384969592094421e-02,5.658192187547683716e-02,2.756424248218536377e-01,5.034390687942504883e-01,1.231786608695983887e-01,-4.459926113486289978e-02,6.041649729013442993e-02,-1.154748350381851196e-01,1.672236770391464233e-01,9.785544872283935547e-02,1.188006177544593811e-01,2.725012227892875671e-02,-7.694722712039947510e-02,2.305037230253219604e-01,7.781674712896347046e-02,-2.883800268173217773e-01,-1.031226217746734619e-01,8.476930856704711914e-02,3.804680705070495605e-01,3.035188317298889160e-01,1.070938333868980408e-01,2.686560750007629395e-01,-5.107977390289306641e-01,-7.276511788368225098e-01,-2.736403234302997589e-02,-2.571958303451538086e-01,-4.892504587769508362e-02,-4.152044653892517090e-01,-2.354343794286251068e-02,-7.445374131202697754e-02,-6.333195567131042480e-01,-5.320306420326232910e-01,-4.070830047130584717e-01,1.795796304941177368e-02,-1.487336754798889160e-01,9.576392918825149536e-02,3.855466842651367188e-02,2.654516100883483887e-01,-1.180784851312637329e-01,2.305914461612701416e-02,2.801952660083770752e-01,-1.100049465894699097e-01,7.286253571510314941e-02,-3.727101683616638184e-01,-1.850589364767074585e-02,-2.552630379796028137e-02,1.288630217313766479e-01,-5.231765508651733398e-01,4.448620975017547607e-01,-6.875572260469198227e-03,-3.094030916690826416e-01,6.133889555931091309e-01,1.530838906764984131e-01,1.466280668973922729e-01,-8.981160074472427368e-02,-5.553963780403137207e-02,1.517975479364395142e-01,3.565851151943206787e-01,-7.325451821088790894e-02,2.179988473653793335e-01,-1.363167315721511841e-01,-1.005436293780803680e-02,4.311573207378387451e-01,1.240005716681480408e-01,1.012184247374534607e-01,-3.779337108135223389e-01,8.293698728084564209e-02,-4.706540703773498535e-01,5.363144353032112122e-02,-3.323590755462646484e-02,-5.776618719100952148e-01,-4.126802552491426468e-03,-6.327793598175048828e-01,3.439289331436157227e-01,2.992790006101131439e-02,-2.215279191732406616e-01,5.623354911804199219e-01,-3.236821293830871582e-01,1.310619246214628220e-02,4.841188490390777588e-01
1.220831051468849182e-01,4.058774560689926147e-02,-4.859690740704536438e-02,-4.646132513880729675e-02,9.238175302743911743e-02,-7.249626517295837402e-02,-1.993989944458007812e-02,9.132055193185806274e-02,5.161850899457931519e-02,-1.187894400209188461e-02,-1.792570203542709351e-02,-1.241333782672882080e-02,1.287193894386291504e-01,1.100982353091239929e-01,9.361189603805541992e-02,4.002877697348594666e-02,-1.491306256502866745e-02,-9.756773361004889011e-04,8.706861734390258789e-02,4.519001394510269165e-02,-1.022027134895324707e-01,-4.526356235146522522e-02,9.045358002185821533e-02,-3.774300590157508850e-02,-1.535833347588777542e-02,-9.399534016847610474e-02,1.420915359631180763e-03,-6.207776442170143127e-02,-7.062466442584991455e-02,-6.886391341686248779e-02,-9.838578850030899048e-02,7.935716421343386173e-04,3.037466853857040405e-02,-4.614021629095077515e-02,-4.937798250466585159e-03,-4.997648671269416809e-02,-1.560172624886035919e-02,1.126970723271369934e-02,-2.387405605986714363e-03,-4.384536668658256531e-02,3.136328235268592834e-02,3.167365118861198425e-02,-9.160111658275127411e-03,7.994517683982849121e-03,7.689252495765686035e-02,-5.441180989146232605e-02,-4.678512364625930786e-02,1.268695667386054993e-02,-8.038974367082118988e-03,2.820839732885360718e-02,2.567633241415023804e-02,9.508612006902694702e-02,5.370811093598604202e-03,3.116143867373466492e-02,-7.025624625384807587e-03,-1.484643109142780304e-02,1.935489475727081299e-02,1.356499269604682922e-02,-1.363055594265460968e-02,2.213275246322154999e-02,2.975225215777754784e-03,2.337750978767871857e-02,7.666463963687419891e-03,-7.238563895225524902e-02,-2.216136828064918518e-02,9.385444223880767822e-03,5.178479477763175964e-02,7.748948782682418823e-02,-3.602305427193641663e-02,7.157009840011596680e-02,-5.171779170632362366e-02,-1.084044873714447021e-01,-1.595333032310009003e-02,-3.802917152643203735e-02,-1.600004173815250397e-02,-6.281985342502593994e-02,-3.331967862322926521e-03,-3.057648986577987671e-02,-6.919129192829132080e-02,-8.219660073518753052e-02,-1.226448789238929749e-01,1.517176628112792969e-03,-1.740676909685134888e-02,1.225048117339611053e-02,2.125501818954944611e-02,1.398102752864360809e-02,-1.786548085510730743e-02,3.344833618029952049e-03,4.217696934938430786e-02,-2.507736161351203918e-02,1.289570517838001251e-02,-4.248138144612312317e-02,-4.353290889412164688e-03,8.394377306103706360e-03,3.573787212371826172e-02,-5.642198026180267334e-02,5.903406068682670593e-02,-4.608925373759120703e-04,-6.267301738262176514e-02,6.666927784681320190e-02,2.925654686987400055e-02,-8.161935023963451385e-03,-2.300638332962989807e-02,-5.325229838490486145e-03,-1.413219701498746872e-02,-1.877592504024505615e-02,4.407750815153121948e-02,5.917618423700332642e-02,-5.541128106415271759e-03,-2.748638857156038284e-03,5.257110297679901123e-02,5.996192246675491333e-02,2.514031482860445976e-03,-9.194070100784301758e-02,4.940588027238845825e-03,-1.075261384248733521e-01,2.194921672344207764e-02,-2.568346820771694183e-02,-8.560272306203842163e-02,-8.248791098594665527e-03,-1.185957565903663635e-01,6.940076500177383423e-02,1.068724412471055984e-02,-7.592507451772689819e-02,8.346059918403625488e-02,-3.474761545658111572e-02,-7.459694985300302505e-03,6.068126112222671509e-02
-3.655065000057220459e-01,-4.859690740704536438e-02,8.352752923965454102e-01,-4.205037653446197510e-01,-3.306938111782073975e-01,-3.602331876754760742e-01,-6.254859566688537598e-01,1.248542219400405884e-01,2.871792912483215332e-01,-1.165666654706001282e-01,3.305666446685791016e-01,2.768362164497375488e-01,-4.724444150924682617e-01,4.220273792743682861e-01,-4.656502902507781982e-01,-2.118960916996002197e-01,-1.739758551120758057e-01,-5.259324610233306885e-02,1.831095069646835327e-01,3.828826844692230225e-01,-1.398135870695114136e-01,-3.896981477737426758e-01,-4.952518343925476074e-01,4.643692374229431152e-01,-3.586347401142120361e-01,-1.153470799326896667e-01,3.582577109336853027e-01,5.786517858505249023e-01,-5.970207452774047852e-01,7.361540794372558594e-01,1.680144220590591431e-01,4.787295162677764893e-01,-4.662947058677673340e-01,-1.428781300783157349e-01,4.570801928639411926e-02,5.945684909820556641e-01,3.961502313613891602e-01,-2.500579059123992920e-01,-4.129384160041809082e-01,7.817195057868957520e-01,-9.086216986179351807e-02,-7.919868081808090210e-02,-3.562060594558715820e-01,-1.258847713470458984e-01,-2.522722482681274414e-01,5.178687572479248047e-01,7.404444217681884766e-01,-2.066004835069179535e-02,1.404426097869873047e-01,3.044068217277526855e-01,-1.502878218889236450e-01,-1.660375669598579407e-02,-2.579217255115509033e-01,-3.415839374065399170e-01,1.580546051263809204e-01,2.175788432359695435e-01,-4.575253725051879883e-01,-1.066730543971061707e-01,-6.186527013778686523e-01,1.899272501468658447e-01,-1.333282738924026489e-01,1.507580373436212540e-02,-1.143537089228630066e-01,-2.984580695629119873e-01,4.972713887691497803e-01,9.533314406871795654e-02,-7.370936274528503418e-01,-6.174348592758178711e-01,-2.859318256378173828e-01,-5.079580545425415039e-01,6.968110203742980957e-01,3.595286011695861816e-01,1.896858215332031250e-01,3.541690111160278320e-01,-2.339650988578796387e-01,6.381666660308837891e-01,8.953776955604553223e-02,-3.991144299507141113e-01,4.313007295131683350e-01,6.068322658538818359e-01,-3.178658187389373779e-01,-4.627454653382301331e-02,5.932969450950622559e-01,-1.622413545846939087e-01,1.411265283823013306e-01,2.752296030521392822e-01,-3.252357542514801025e-01,-2.140752077102661133e-01,-5.623648762702941895e-01,2.160631865262985229e-01,-1.383823454380035400e-01,6.364344358444213867e-01,2.019022107124328613e-01,-1.312571465969085693e-01,4.326017498970031738e-01,-3.178474958986043930e-03,-1.574775725603103638e-01,1.346209179610013962e-02,-3.445567488670349121e-01,-5.542595386505126953e-01,-1.185891125351190567e-02,-6.716868281364440918e-02,6.102492660284042358e-02,-2.083812467753887177e-02,-8.051671385765075684e-01,-7.035174965858459473e-02,4.927111864089965820e-01,2.857344746589660645e-01,6.207822561264038086e-01,2.851777076721191406e-01,-3.330028951168060303e-01,2.116762697696685791e-01,-1.203982904553413391e-01,-1.430099010467529297e-01,-6.609480381011962891e-01,2.847284078598022461e-01,-1.631957441568374634e-01,-1.543826162815093994e-01,1.904997080564498901e-01,-1.953236311674118042e-01,4.963627457618713379e-01,1.194768175482749939e-01,-3.984175324440002441e-01,1.433943361043930054e-01,6.223279610276222229e-02,4.929633736610412598e-01,-1.425287127494812012e-01,-3.769957721233367920e-01
2.678098715841770172e-02,-4.646132513880729675e-02,-4.205037653446197510e-01,6.304392218589782715e-01,2.574582770466804504e-02,4.253059327602386475e-01,4.245358109474182129e-01,-3.857536613941192627e-01,-1.916260272264480591e-01,1.023096814751625061e-01,-3.791550397872924805e-01,-8.887285739183425903e-02,2.197547852993011475e-01,-4.266043603420257568e-01,6.358863413333892822e-02,3.861925005912780762e-02,9.078937023878097534e-02,3.467026948928833008e-01,-3.456875979900360107e-01,-3.324712216854095459e-01,-6.881722807884216309e-02,3.554220497608184814e-01,3.234068751335144043e-01,-2.047063261270523071e-01,3.476642370223999023e-01,2.469221502542495728e-01,-2.868617475032806396e-01,-4.122503697872161865e-01,5.107414126396179199e-01,-4.130778312683105469e-01,-5.988481640815734863e-02,-4.656797647476196289e-01,3.831777274608612061e-01,-5.829804111272096634e-03,3.313056007027626038e-02,-2.773507535457611084e-01,-1.303893178701400757e-01,1.046033427119255066e-01,4.369530975818634033e-01,-6.334406733512878418e-01,-1.387649774551391602e-01,2.651232993230223656e-03,4.834181070327758789e-01,5.957304313778877258e-02,-1.613707095384597778e-01,-1.012883186340332031e-01,-2.964177429676055908e-01,-1.246797218918800354e-01,-1.737507283687591553e-01,-1.237169653177261353e-02,1.488571166992187500e-01,-1.115139424800872803e-01,3.148997426033020020e-01,9.711871296167373657e-02,-1.954654790461063385e-02,-2.432159036397933960e-01,1.295424401760101318e-01,-1.346246339380741119e-02,3.316487371921539307e-01,-1.214927807450294495e-01,-1.873668432235717773e-01,4.804878309369087219e-02,6.390372663736343384e-02,3.082755804061889648e-01,-5.650475621223449707e-01,-7.544554024934768677e-02,4.583102464675903320e-01,3.739922642707824707e-01,4.976970851421356201e-01,5.863372236490249634e-02,-3.808221518993377686e-01,1.059649884700775146e-01,9.747179225087165833e-03,-4.223482906818389893e-01,1.423242837190628052e-01,-4.536391198635101318e-01,-2.489420585334300995e-02,7.559133321046829224e-02,-3.054070472717285156e-01,-4.301953315734863281e-01,5.242602825164794922e-01,1.618259400129318237e-02,-3.110641539096832275e-01,7.398132234811782837e-02,-3.665393888950347900e-01,5.934162065386772156e-02,8.513770997524261475e-02,1.200587823987007141e-01,1.343808025121688843e-01,-1.067702174186706543e-01,1.109128370881080627e-01,-3.992753326892852783e-01,-2.015264183282852173e-01,3.914304375648498535e-01,-3.318080306053161621e-01,1.465025357902050018e-03,-1.094366535544395447e-01,-5.469948053359985352e-03,4.462103545665740967e-01,4.035526812076568604e-01,2.218554727733135223e-02,-1.915184557437896729e-01,-7.061867509037256241e-03,5.929890088737010956e-03,6.390739083290100098e-01,2.448392063379287720e-01,-6.662221550941467285e-01,-3.665707707405090332e-01,-2.475320249795913696e-01,-1.615517884492874146e-01,3.124599158763885498e-01,-4.019704461097717285e-01,9.143149852752685547e-02,3.075160682201385498e-01,3.938127756118774414e-01,3.296672552824020386e-02,2.832635045051574707e-01,5.908702686429023743e-02,1.908935308456420898e-01,1.801129281520843506e-01,-1.688316762447357178e-01,-4.373105168342590332e-01,3.941679596900939941e-01,1.988480426371097565e-02,-2.743057012557983398e-01,-2.501962184906005859e-01,7.426446676254272461e-02,3.523083925247192383e-01
4.469310343265533447e-01,9.238175302743911743e-02,-3.306938111782073975e-01,2.574582770466804504e-02,7.047743201255798340e-01,-1.692359335720539093e-02,2.352364510297775269e-01,2.754207886755466461e-02,7.630996406078338623e-02,2.587654255330562592e-02,-2.422149479389190674e-01,-5.025564692914485931e-03,2.984482347965240479e-01,1.176465898752212524e-01,4.017530977725982666e-01,2.011693567037582397e-01,-4.404278099536895752e-02,1.866802871227264404e-01,1.563546061515808105e-01,-1.480616480112075806e-01,-1.774121522903442383e-01,1.167216598987579346e-01,1.378727555274963379e-01,1.193613409996032715e-01,-2.645928598940372467e-02,-9.617144614458084106e-02,-3.355666697025299072e-01,-4.561049044132232666e-01,8.716919273138046265e-02,-4.687690138816833496e-01,-4.329392910003662109e-01,9.291844069957733154e-02,3.410451114177703857e-02,-1.955972462892532349e-01,4.923010617494583130e-02,-4.366221651434898376e-02,-1.789269149303436279e-01,5.287323519587516785e-02,-3.004300966858863831e-02,-3.836961686611175537e-01,1.805614233016967773e-01,1.812785267829895020e-01,2.300496250391006470e-01,5.613642185926437378e-02,6.898514926433563232e-02,-5.362875014543533325e-02,-4.842385649681091309e-01,-7.618219405412673950e-02,8.605211973190307617e-03,2.666715085506439209e-01,1.802218556404113770e-01,4.983191192150115967e-02,8.198349177837371826e-02,2.474530190229415894e-01,-1.804724186658859253e-01,-2.892288863658905029e-01,5.907035246491432190e-02,1.359174121171236038e-02,-1.586174517869949341e-01,1.383346170186996460e-01,-1.032576039433479309e-01,1.310906652361154556e-02,2.828931808471679688e-02,-1.123768389225006104e-01,-2.462050616741180420e-01,6.349650025367736816e-02,4.311162233352661133e-01,5.232963562011718750e-01,1.251427382230758667e-01,4.066899418830871582e-01,-2.134196013212203979e-01,-2.711049020290374756e-01,2.603111565113067627e-01,-3.117602169513702393e-01,-7.291465252637863159e-02,-5.354694128036499023e-01,-4.360244795680046082e-02,4.821067303419113159e-02,-1.107817664742469788e-01,-2.011664360761642456e-01,-2.326317578554153442e-01,-2.796962857246398926e-03,-5.392096042633056641e-01,3.004849515855312347e-02,-2.535316348075866699e-01,-2.174167335033416748e-01,2.734493911266326904e-01,4.320223256945610046e-02,1.481065750122070312e-01,-2.235338985919952393e-01,-2.295151352882385254e-01,-1.340568661689758301e-01,3.192209303379058838e-01,1.171927601099014282e-01,4.314225167036056519e-02,-1.208539977669715881e-01,5.068550705909729004e-01,-1.956228632479906082e-03,-7.679434865713119507e-02,3.033077120780944824e-01,6.305066496133804321e-02,-5.564496666193008423e-02,1.730364263057708740e-01,-4.159867763519287109e-02,8.556968718767166138e-02,4.477778822183609009e-02,1.171199511736631393e-02,8.772484958171844482e-02,-1.826599538326263428e-01,-3.801394253969192505e-02,-1.831717491149902344e-01,2.795869410037994385e-01,2.946854233741760254e-01,-4.195532500743865967e-01,4.279791712760925293e-01,-3.629111647605895996e-01,4.108003973960876465e-01,-3.056471645832061768e-01,-8.462788164615631104e-02,-3.517821803689002991e-02,-1.492165923118591309e-01,-1.570348814129829407e-02,1.160128861665725708e-01,-2.179228067398071289e-01,1.423469632863998413e-01,-1.277981400489807129e-01,-1.465013027191162109e-01,2.607089579105377197e-01
1.013057604432106018e-01,-7.249626517295837402e-02,-3.602331876754760742e-01,4.253059327602386475e-01,-1.692359335720539093e-02,6.606153249740600586e-01,3.703302741050720215e-01,-1.132367625832557678e-01,-3.113493025302886963e-01,6.105729192495346069e-02,-2.266689985990524292e-01,-9.811860322952270508e-02,7.524491846561431885e-02,-3.155829906463623047e-01,1.074199900031089783e-01,-1.164747402071952820e-02,1.053747385740280151e-01,2.142618782818317413e-02,-2.105585336685180664e-01,-2.504060268402099609e-01,9.098944067955017090e-02,2.256920933723449707e-01,2.174725830554962158e-01,-2.303843647241592407e-01,1.666743755340576172e-01,-1.318600960075855255e-02,-1.080922186374664307e-01,-1.758294999599456787e-01,4.208508133888244629e-01,-4.138653576374053955e-01,9.925176948308944702e-02,-2.663546502590179443e-01,2.437539249658584595e-01,1.279655843973159790e-01,-2.437025122344493866e-02,-1.938681751489639282e-01,-1.103056296706199646e-01,8.103044331073760986e-02,1.259181201457977295e-01,-4.502707719802856445e-01,-2.415942847728729248e-01,6.119029968976974487e-02,1.963246315717697144e-01,5.002754554152488708e-02,6.406590342521667480e-02,-2.140607237815856934e-01,-2.396569401025772095e-01,-8.791173994541168213e-02,-7.516580075025558472e-02,-1.475937962532043457e-01,2.013969719409942627e-01,-1.516663134098052979e-01,1.507466584444046021e-01,-7.408212125301361084e-02,1.708403602242469788e-02,-1.195711940526962280e-01,1.173819452524185181e-01,2.380076050758361816e-02,3.228469491004943848e-01,-1.229753345251083374e-01,-5.938406661152839661e-02,3.542469441890716553e-02,5.234738439321517944e-02,2.338803112506866455e-01,-2.057692855596542358e-01,-1.306901592761278152e-02,3.039891123771667480e-01,1.548292040824890137e-01,3.916611671447753906e-01,7.023385912179946899e-02,-3.450178205966949463e-01,-1.779656112194061279e-01,3.674641251564025879e-02,-2.388816326856613159e-01,1.255382895469665527e-01,-2.755608260631561279e-01,-2.211258374154567719e-02,2.231966108083724976e-01,-2.525991201400756836e-01,-2.382594197988510132e-01,4.159189760684967041e-01,1.856249198317527771e-02,-2.183403074741363525e-01,4.099030047655105591e-02,-1.699522286653518677e-01,1.031935513019561768e-01,1.247560977935791016e-01,7.334993034601211548e-02,1.159293428063392639e-01,-4.498584195971488953e-02,3.948645293712615967e-02,-2.985866963863372803e-01,-1.153836175799369812e-01,1.348478049039840698e-01,-1.669326424598693848e-01,-1.038369387388229370e-01,4.121478646993637085e-02,-6.244452204555273056e-03,1.869660019874572754e-01,2.715713083744049072e-01,-2.409467101097106934e-02,7.478082925081253052e-02,6.450001895427703857e-02,1.640110160224139690e-03,4.510334730148315430e-01,4.465732872486114502e-01,-5.011987686157226562e-01,-2.496022880077362061e-01,-2.369442731142044067e-01,-9.207838028669357300e-02,2.203074991703033447e-01,-3.826411664485931396e-01,8.065023273229598999e-02,2.613362669944763184e-01,3.031267225742340088e-01,1.171840950846672058e-01,5.521475151181221008e-02,1.798721700906753540e-01,-4.297548532485961914e-02,1.051578000187873840e-01,-7.032155245542526245e-02,-1.883023083209991455e-01,1.512133330106735229e-01,1.231820657849311829e-01,-6.593030691146850586e-02,-2.193513512611389160e-01,8.722654730081558228e-02,2.463483363389968872e-01
1.351164728403091431e-01,-1.993989944458007812e-02,-6.254859566688537598e-01,4.245358109474182129e-01,2.352364510297775269e-01,3.703302741050720215e-01,7.407934665679931641e-01,-2.525110542774200439e-01,-3.262723982334136963e-01,1.461326330900192261e-01,-2.419238984584808350e-01,-2.574994564056396484e-01,1.238524243235588074e-01,-5.757185220718383789e-01,3.037309944629669189e-01,9.051442891359329224e-02,2.282274514436721802e-01,-9.361425787210464478e-02,-2.613708674907684326e-01,-3.571125864982604980e-01,3.198505043983459473e-01,2.835882604122161865e-01,1.356839090585708618e-01,-3.819411695003509521e-01,3.023113310337066650e-01,2.042856216430664062e-01,-2.348110079765319824e-01,-2.926525771617889404e-01,5.972754955291748047e-01,-5.341284275054931641e-01,4.052133858203887939e-02,-3.899157941341400146e-01,4.586748182773590088e-01,1.164568737149238586e-01,-4.221258684992790222e-02,-3.916090726852416992e-01,-3.964069783687591553e-01,2.126146256923675537e-01,2.949315607547760010e-01,-6.097823977470397949e-01,9.869170933961868286e-02,1.072507351636886597e-01,1.355808973312377930e-01,9.019046276807785034e-02,1.929242610931396484e-01,-4.897434115409851074e-01,-6.328290700912475586e-01,2.809172309935092926e-02,2.859398163855075836e-02,-2.987285554409027100e-01,-1.776747554540634155e-01,-1.881823092699050903e-01,1.584601551294326782e-01,4.849089682102203369e-01,-2.545846812427043915e-02,-2.025965834036469460e-03,3.456864356994628906e-01,7.996983081102371216e-02,5.525156855583190918e-01,-2.540720999240875244e-01,1.702833324670791626e-01,-3.136300295591354370e-02,9.576759487390518188e-02,5.505998730659484863e-01,-2.800797224044799805e-01,-1.104841381311416626e-01,5.966984629631042480e-01,3.977771997451782227e-01,3.841961920261383057e-01,5.049695372581481934e-01,-5.994746088981628418e-01,-7.675126194953918457e-02,-1.795651167631149292e-01,-1.103231087327003479e-01,2.149053364992141724e-01,-5.417987704277038574e-01,-8.527742326259613037e-02,5.336168408393859863e-01,-3.379399478435516357e-01,-3.077415227890014648e-01,4.392105638980865479e-01,4.268601536750793457e-02,-5.107805132865905762e-01,1.276709288358688354e-01,-1.008401587605476379e-01,-4.519554078578948975e-01,3.458983600139617920e-01,1.586397737264633179e-01,5.680188536643981934e-01,-1.627684682607650757e-01,5.256654694676399231e-02,-5.077742934226989746e-01,-1.988051086664199829e-01,5.993697792291641235e-03,-5.654812455177307129e-01,1.830729246139526367e-01,1.367339938879013062e-01,-1.281618513166904449e-02,4.478425383567810059e-01,3.467647135257720947e-01,-3.309991210699081421e-02,2.896129488945007324e-01,-7.674647867679595947e-02,3.967035189270973206e-02,7.721810340881347656e-01,1.008463501930236816e-01,-5.367833375930786133e-01,-2.415772825479507446e-01,-7.604478597640991211e-01,-2.529182136058807373e-01,1.423389017581939697e-01,-3.247781991958618164e-01,1.340950429439544678e-01,2.846609652042388916e-01,5.258913636207580566e-01,-2.222591079771518707e-02,-3.855880349874496460e-02,1.173355355858802795e-01,-1.901205480098724365e-01,2.098901271820068359e-01,-2.895967066287994385e-01,-4.142960160970687866e-02,2.539090216159820557e-01,-8.650375157594680786e-02,-1.947679556906223297e-02,-3.952623903751373291e-01,1.177608743309974670e-01,6.267332285642623901e-02
5.878134965896606445e-01,9.132055193185806274e-02,1.248542219400405884e-01,-3.857536613941192627e-01,2.754207886755466461e-02,-1.132367625832557678e-01,-2.525110542774200439e-01,8.980025649070739746e-01,1.709278523921966553e-01,-1.577077358961105347e-01,1.375415474176406860e-01,-7.289299368858337402e-02,3.886570632457733154e-01,6.742573976516723633e-01,3.789770007133483887e-01,3.276299685239791870e-02,-5.201006680727005005e-02,-4.917554557323455811e-01,6.731801033020019531e-01,6.601653695106506348e-01,-4.037013053894042969e-01,-6.061647534370422363e-01,2.139860987663269043e-01,-4.288645386695861816e-01,-3.078435063362121582e-01,-8.385983705520629883e-01,6.031963825225830078e-01,3.143481016159057617e-01,-6.565450429916381836e-01,-9.332881122827529907e-02,-2.519426941871643066e-01,1.698101311922073364e-01,1.010797396302223206e-01,-2.445765882730484009e-01,-1.284083127975463867e-01,-1.645435094833374023e-01,7.620616257190704346e-02,4.406804218888282776e-03,-5.585280060768127441e-01,9.886632859706878662e-02,-8.583963662385940552e-02,2.658413648605346680e-01,-6.424799561500549316e-01,-7.521887775510549545e-03,7.075129151344299316e-01,-4.120277464389801025e-01,1.099244728684425354e-01,1.358250230550765991e-01,2.130961120128631592e-01,-9.250497817993164062e-02,2.337312325835227966e-02,6.306662559509277344e-01,-1.496167033910751343e-01,-3.000784516334533691e-01,2.793803513050079346e-01,2.977198660373687744e-01,2.496596984565258026e-02,1.126718744635581970e-01,-1.297148410230875015e-03,6.756390910595655441e-03,5.844937637448310852e-02,2.694369852542877197e-01,2.514858543872833252e-02,-4.395953714847564697e-01,4.606402516365051270e-01,1.115806996822357178e-01,-1.877382397651672363e-01,-3.075895011425018311e-01,-2.411010116338729858e-01,-3.045191615819931030e-02,-2.002415657043457031e-01,-6.618807315826416016e-01,-2.108659148216247559e-01,2.489976882934570312e-01,-1.201755329966545105e-01,1.845625936985015869e-01,2.576238103210926056e-02,-1.593936383724212646e-01,-4.848955571651458740e-01,-1.660467833280563354e-01,-6.241177320480346680e-01,1.059045642614364624e-02,4.226712584495544434e-01,3.601432591676712036e-02,4.656403660774230957e-01,4.068209826946258545e-01,-4.363034367561340332e-01,-1.130340248346328735e-01,1.359266042709350586e-01,1.233648583292961121e-01,1.416738033294677734e-01,-4.809352010488510132e-02,-8.147037029266357422e-02,-4.335435926914215088e-01,3.230223655700683594e-01,-5.039779543876647949e-01,2.388366013765335083e-01,-2.913452452048659325e-03,-6.099143028259277344e-01,2.561472654342651367e-01,1.270168274641036987e-01,4.021474421024322510e-01,-2.432222664356231689e-01,-4.451699554920196533e-02,-2.788696289062500000e-01,2.851850688457489014e-01,3.192977011203765869e-01,4.820203781127929688e-01,1.021475791931152344e-01,1.512153595685958862e-01,3.779582381248474121e-01,2.219012677669525146e-01,-1.519931405782699585e-01,-3.583629429340362549e-01,-4.862737953662872314e-01,-2.873199284076690674e-01,-4.325919449329376221e-01,1.468062847852706909e-01,-7.341004014015197754e-01,-1.024359241127967834e-01,-4.933719336986541748e-01,7.061265707015991211e-01,-3.962494134902954102e-01,-9.066180884838104248e-02,7.752975821495056152e-01,-1.136018931865692139e-01,6.158645823597908020e-02,1.013024970889091492e-01
8.141808211803436279e-02,5.161850899457931519e-02,2.871792912483215332e-01,-1.916260272264480591e-01,7.630996406078338623e-02,-3.113493025302886963e-01,-3.262723982334136963e-01,1.709278523921966553e-01,2.717299163341522217e-01,-6.650784611701965332e-02,2.332811616361141205e-02,1.266528964042663574e-01,9.380172938108444214e-02,4.210425913333892822e-01,-3.740197792649269104e-02,1.228071656078100204e-02,-1.329510509967803955e-01,1.374056190252304077e-01,2.023119777441024780e-01,2.319135814905166626e-01,-3.737318217754364014e-01,-1.755908131599426270e-01,-1.085792854428291321e-02,2.004188746213912964e-01,-1.343342214822769165e-01,-1.696607172489166260e-01,8.290448039770126343e-02,4.026621207594871521e-02,-4.039926528930664062e-01,1.924843937158584595e-01,-2.220788449048995972e-01,1.665795594453811646e-01,-1.338452547788619995e-01,-2.366429865360260010e-01,4.718337208032608032e-02,1.663790792226791382e-01,1.552364528179168701e-01,-8.691100776195526123e-02,-1.267235577106475830e-01,2.083809077739715576e-01,3.616214916110038757e-02,1.728498935699462891e-02,-5.769698694348335266e-02,-3.406250476837158203e-02,-9.023273736238479614e-02,2.527081668376922607e-01,2.363704442977905273e-01,-3.125922009348869324e-02,9.143783710896968842e-03,2.838861644268035889e-01,4.802740737795829773e-02,2.027551531791687012e-01,-1.620111241936683655e-02,-1.416900753974914551e-01,2.400345541536808014e-02,-4.097014665603637695e-02,-1.810962706804275513e-01,-4.289923235774040222e-02,-3.696285784244537354e-01,1.537233293056488037e-01,-1.833518296480178833e-01,7.730549573898315430e-02,-3.304654359817504883e-02,-3.105511665344238281e-01,3.801868110895156860e-02,6.149706244468688965e-02,-1.904535889625549316e-01,-5.413951352238655090e-02,-1.211301386356353760e-01,-1.700595468282699585e-01,2.370965927839279175e-01,4.122403636574745178e-02,1.137953922152519226e-01,-2.292853407561779022e-02,-1.455554664134979248e-01,9.859465807676315308e-02,3.585248440504074097e-02,-3.458240628242492676e-01,4.769377782940864563e-02,4.868012666702270508e-02,-3.388608098030090332e-01,-2.236012369394302368e-02,1.897974759340286255e-01,-4.117206484079360962e-02,-3.349430486559867859e-02,2.279015928506851196e-01,-1.932021528482437134e-01,-7.539638131856918335e-02,-2.292219847440719604e-01,1.514197885990142822e-02,-4.499386250972747803e-02,1.918256729841232300e-01,1.309422999620437622e-01,5.265541747212409973e-02,2.571075260639190674e-01,-1.457601934671401978e-01,3.254102170467376709e-02,5.817481782287359238e-03,-2.201262116432189941e-01,-2.719498798251152039e-02,7.427214831113815308e-02,-1.747994273900985718e-01,4.182770382612943649e-03,-3.382837399840354919e-02,-4.155694842338562012e-01,-7.385165244340896606e-02,2.585078775882720947e-01,1.812991946935653687e-01,3.754232227802276611e-01,1.148297637701034546e-01,-5.471354722976684570e-02,2.293240278959274292e-01,-1.943071256391704082e-03,-2.709203362464904785e-01,-2.771020233631134033e-01,-1.526402682065963745e-01,1.227908730506896973e-01,-1.705206036567687988e-01,5.272638425230979919e-02,-9.023002535104751587e-02,1.090942602604627609e-02,5.265640839934349060e-02,-7.917110621929168701e-02,-6.443417817354202271e-02,1.207917556166648865e-01,1.297858953475952148e-01,-9.467726945877075195e-02,5.278180167078971863e-02
-5.455979332327842712e-02,-1.187894400209188461e-02,-1.165666654706001282e-01,1.023096814751625061e-01,2.587654255330562592e-02,6.105729192495346069e-02,1.461326330900192261e-01,-1.577077358961105347e-01,-6.650784611701965332e-02,3.930474817752838135e-02,-4.438079148530960083e-02,-3.348420932888984680e-02,-2.740108408033847809e-02,-1.874464005231857300e-01,5.194846075028181076e-03,8.646734058856964111e-03,4.089792817831039429e-02,3.675204887986183167e-02,-1.094352453947067261e-01,-1.251371055841445923e-01,1.109398305416107178e-01,1.078300774097442627e-01,-5.484323482960462570e-03,-1.431248243898153305e-02,7.840160280466079712e-02,1.471041887998580933e-01,-1.003583148121833801e-01,-8.200202882289886475e-02,1.821767538785934448e-01,-7.164306193590164185e-02,4.144870117306709290e-02,-7.910220324993133545e-02,6.393016129732131958e-02,4.802940040826797485e-02,5.603002384305000305e-03,-4.734099283814430237e-02,-6.839291006326675415e-02,3.176488727331161499e-02,1.089778169989585876e-01,-1.114980727434158325e-01,2.531490102410316467e-02,-1.401928346604108810e-02,1.029559150338172913e-01,1.431294158101081848e-02,-5.442627146840095520e-02,-3.559665381908416748e-02,-1.123907342553138733e-01,-5.236339289695024490e-03,-1.805795542895793915e-02,-4.368568584322929382e-02,-4.006854444742202759e-02,-9.698116034269332886e-02,3.723020851612091064e-02,1.179995760321617126e-01,-3.290408849716186523e-02,-2.420148812234401703e-02,5.225224047899246216e-02,1.444858149625360966e-03,1.000299602746963501e-01,-4.176735877990722656e-02,2.805353701114654541e-02,-3.567534312605857849e-02,1.194973383098840714e-02,1.424327045679092407e-01,-9.908740967512130737e-02,-3.003061376512050629e-02,1.146645620465278625e-01,9.581515192985534668e-02,7.860218733549118042e-02,8.558350056409835815e-02,-7.410944253206253052e-02,7.201980799436569214e-02,-1.237709634006023407e-02,-3.766187280416488647e-02,4.622653126716613770e-02,-1.063811033964157104e-01,-1.583920419216156006e-02,1.033954471349716187e-01,6.101901177316904068e-03,-2.691906318068504333e-02,1.465591043233871460e-01,5.779002327471971512e-03,-1.295648962259292603e-01,1.631714776158332825e-02,-5.511286854743957520e-02,-1.333917230367660522e-01,9.778919816017150879e-02,3.633275255560874939e-02,8.066332340240478516e-02,-3.550686687231063843e-02,-1.663383911363780499e-03,-7.404424995183944702e-02,-2.957980334758758545e-02,4.408328607678413391e-02,-1.261826455593109131e-01,8.637837320566177368e-02,-7.828447967767715454e-03,-1.694400794804096222e-03,1.383348256349563599e-01,1.762236841022968292e-02,-1.936610601842403412e-02,3.177718725055456161e-03,9.021827951073646545e-03,1.228761300444602966e-02,1.746259927749633789e-01,-2.538153901696205139e-02,-1.223026588559150696e-01,-8.358062803745269775e-02,-1.497066915035247803e-01,-5.557551980018615723e-02,-2.072876691818237305e-02,-7.522664219141006470e-02,3.180173039436340332e-02,8.800803869962692261e-02,1.459373831748962402e-01,2.637014165520668030e-02,3.886919468641281128e-02,4.048555623739957809e-03,6.108397245407104492e-02,4.359822720289230347e-02,9.904383681714534760e-03,-8.917540311813354492e-02,7.968126982450485229e-02,-7.990906946361064911e-03,-1.012250557541847229e-01,-4.940522462129592896e-02,1.427227072417736053e-02,-7.897202856838703156e-03
-2.522418200969696045e-01,-1.792570203542709351e-02,3.305666446685791016e-01,-3.791550397872924805e-01,-2.422149479389190674e-01,-2.266689985990524292e-01,-2.419238984584808350e-01,1.375415474176406860e-01,2.332811616361141205e-02,-4.438079148530960083e-02,3.455537259578704834e-01,2.460683323442935944e-02,-3.474480211734771729e-01,8.280747383832931519e-02,-1.744632273912429810e-01,-9.064295142889022827e-02,-8.372134179808199406e-04,-3.428883850574493408e-01,9.543692320585250854e-02,1.657195091247558594e-01,2.879060804843902588e-01,-2.019911855459213257e-01,-3.377839326858520508e-01,9.797693789005279541e-02,-1.830883473157882690e-01,-1.541026029735803604e-02,2.367444932460784912e-01,4.278112947940826416e-01,-2.296495586633682251e-01,4.220880866050720215e-01,2.615941166877746582e-01,2.530157268047332764e-01,-2.497758120298385620e-01,1.391637772321701050e-01,-4.285208508372306824e-02,1.842560917139053345e-01,7.447727769613265991e-02,-6.199064850807189941e-02,-2.362136542797088623e-01,5.518993735313415527e-01,6.694608181715011597e-02,-7.105980813503265381e-02,-4.020361900329589844e-01,-4.908247292041778564e-02,7.298325002193450928e-02,4.244832694530487061e-02,2.731834053993225098e-01,1.167383715510368347e-01,1.274937987327575684e-01,-1.505489945411682129e-01,-2.393520921468734741e-01,-6.590071320533752441e-02,-2.425796091556549072e-01,-2.562650665640830994e-02,4.477183520793914795e-02,2.705000340938568115e-01,-5.810708180069923401e-02,1.125537324696779251e-02,-8.985857665538787842e-02,-1.151921134442090988e-02,2.414733171463012695e-01,-8.403187990188598633e-02,-4.551097005605697632e-02,-3.085479699075222015e-02,4.671159684658050537e-01,6.033888552337884903e-03,-3.873502910137176514e-01,-3.974760770797729492e-01,-3.325349688529968262e-01,-7.531197369098663330e-02,2.963723242282867432e-01,7.477674633264541626e-02,-1.045668646693229675e-01,4.288203120231628418e-01,-2.613325417041778564e-02,4.472147524356842041e-01,1.436287537217140198e-02,7.363034784793853760e-02,2.981949448585510254e-01,4.129760861396789551e-01,-1.664751470088958740e-01,-4.076567944139242172e-03,2.981815636157989502e-01,-5.058323591947555542e-02,3.289928138256072998e-01,-1.451214104890823364e-01,-3.599194064736366272e-02,-6.954661756753921509e-02,-5.187052115797996521e-02,1.225138679146766663e-01,-1.886850595474243164e-02,2.796461880207061768e-01,2.516319788992404938e-02,-3.290140628814697266e-01,9.773966670036315918e-02,1.514476388692855835e-01,-7.682309299707412720e-02,2.767856232821941376e-03,-1.669498682022094727e-01,-4.300792217254638672e-01,-6.611535698175430298e-02,2.134142518043518066e-01,-3.895717859268188477e-02,2.401377074420452118e-02,-3.699037730693817139e-01,-2.216465473175048828e-01,4.025188684463500977e-01,1.606381237506866455e-01,8.021760731935501099e-02,7.684872299432754517e-02,-2.254782021045684814e-01,1.305278241634368896e-01,-1.357482820749282837e-01,5.482257809489965439e-03,-3.112844526767730713e-01,1.474611610174179077e-01,-3.688656687736511230e-01,7.971407473087310791e-02,-8.448366820812225342e-02,-8.154998719692230225e-02,2.206058353185653687e-01,2.798437774181365967e-01,-2.714104354381561279e-01,6.015797331929206848e-02,7.655572146177291870e-02,1.790501177310943604e-01,1.256742235273122787e-02,-3.938356637954711914e-01
-1.202589422464370728e-01,-1.241333782672882080e-02,2.768362164497375488e-01,-8.887285739183425903e-02,-5.025564692914485931e-03,-9.811860322952270508e-02,-2.574994564056396484e-01,-7.289299368858337402e-02,1.266528964042663574e-01,-3.348420932888984680e-02,2.460683323442935944e-02,1.572809815406799316e-01,-1.387558579444885254e-01,1.753473728895187378e-01,-1.791473627090454102e-01,-3.562870249152183533e-02,-1.115013360977172852e-01,2.043326050043106079e-01,1.133587490767240524e-02,2.064166218042373657e-02,-1.362433135509490967e-01,1.046876132022589445e-04,-1.297729015350341797e-01,3.540851473808288574e-01,-1.018582507967948914e-01,5.186256393790245056e-02,-4.992648214101791382e-02,2.420709095895290375e-02,-1.569551527500152588e-01,2.172897607088088989e-01,-3.341523930430412292e-02,1.869302988052368164e-01,-2.438935190439224243e-01,-7.638458162546157837e-02,6.153314188122749329e-02,2.631932199001312256e-01,1.636487841606140137e-01,-1.074919626116752625e-01,-8.184285461902618408e-02,2.265987396240234375e-01,-3.637243434786796570e-02,-5.109504610300064087e-02,1.139342710375785828e-01,-3.622745722532272339e-02,-2.837472259998321533e-01,3.833901584148406982e-01,2.414114326238632202e-01,-8.092869073152542114e-02,-3.146796301007270813e-02,2.538069784641265869e-01,1.296094805002212524e-01,-4.896788671612739563e-02,-2.421087212860584259e-02,-1.804798841476440430e-01,-4.920306056737899780e-02,-1.115140318870544434e-01,-1.993803232908248901e-01,-6.965467333793640137e-02,-3.615677058696746826e-01,1.490130126476287842e-01,-1.669325381517410278e-01,-1.676131971180438995e-02,-4.794143885374069214e-02,-1.903444528579711914e-01,9.138332679867744446e-03,5.588537082076072693e-02,-2.060607671737670898e-01,-7.378306239843368530e-02,-6.016270816326141357e-02,-2.225056737661361694e-01,3.345120251178741455e-01,1.705144941806793213e-01,2.232375293970108032e-01,-5.937717854976654053e-02,-1.082377806305885315e-01,1.340651065111160278e-01,3.308593854308128357e-02,-2.415340393781661987e-01,2.602348625659942627e-01,1.971974074840545654e-01,-9.892783313989639282e-02,-2.610236406326293945e-02,7.582924515008926392e-02,-7.270446419715881348e-02,-1.331293731927871704e-01,1.553117632865905762e-01,-4.039547964930534363e-02,-6.025957316160202026e-02,-3.378943502902984619e-01,2.328633703291416168e-02,-1.199137493968009949e-01,2.594731152057647705e-01,1.940059810876846313e-01,1.163886189460754395e-01,2.311935126781463623e-01,-4.426552355289459229e-02,-5.851511843502521515e-03,6.717653013765811920e-03,-1.110346838831901550e-01,-1.725525856018066406e-01,1.456792233511805534e-03,-2.332192957401275635e-01,1.373972743749618530e-01,-2.433653175830841064e-02,-3.651573956012725830e-01,-1.738851144909858704e-02,1.701184213161468506e-01,3.614499047398567200e-02,3.798546791076660156e-01,1.040884405374526978e-01,-2.233494669198989868e-01,1.278467327356338501e-01,4.595642164349555969e-02,-1.278455406427383423e-01,-1.103357970714569092e-01,4.487289115786552429e-02,2.149270921945571899e-01,-1.567926257848739624e-01,2.806752622127532959e-01,-9.115634113550186157e-02,2.950792610645294189e-01,-1.618815362453460693e-01,-4.185793176293373108e-02,5.695814639329910278e-02,-1.236447840929031372e-01,2.013404518365859985e-01,-1.048289760947227478e-01,1.080162255675531924e-04
