4.573644995689392090e-01,1.291711907833814621e-02,-4.817238450050354004e-02,-7.079019397497177124e-02,4.052913188934326172e-01,-3.959953188896179199e-01,4.163223318755626678e-03,4.853274524211883545e-01,1.612660735845565796e-01,8.400144428014755249e-02,-2.426313906908035278e-01,-1.826303154230117798e-01,-1.702939160168170929e-02,8.382830768823623657e-02,6.765293329954147339e-02,3.371782600879669189e-01,9.430393401999026537e-05,1.175201162695884705e-01,-2.752606943249702454e-02,-7.867915928363800049e-02,-1.379731297492980957e-01,-1.083098873496055603e-01,-6.940326094627380371e-02,6.248225644230842590e-02,3.324430435895919800e-02,2.822352349758148193e-01,-5.663948878645896912e-02,-4.246063232421875000e-01,1.577798277139663696e-01,-1.289293020963668823e-01,-2.017443627119064331e-01,-1.305052787065505981e-01,-1.049771998077630997e-02,9.278083592653274536e-02,-1.694693975150585175e-02,-1.664308607578277588e-01,1.553767472505569458e-01,1.680340468883514404e-01,-3.824627101421356201e-01,-3.096037209033966064e-01,3.054810464382171631e-01,9.020612388849258423e-02,7.183595153037458658e-05,4.309533163905143738e-02,-3.634680062532424927e-02,1.453540921211242676e-01,-1.285097897052764893e-01,-9.810785949230194092e-02,1.170865297317504883e-01,-1.510158553719520569e-02,-1.978258937597274780e-01,-2.132120877504348755e-01,2.804974019527435303e-01,-7.504147291183471680e-02,-7.307912409305572510e-02,-2.295866608619689941e-01,1.889336407184600830e-01,9.034106507897377014e-03,-1.913614757359027863e-02,7.466956973075866699e-02,-1.068828254938125610e-01,1.868049614131450653e-02,-3.666189964860677719e-03,2.670482993125915527e-01,1.480253338813781738e-01,-4.920438304543495178e-02,-2.777342796325683594e-01,2.577711641788482666e-01,-1.776323765516281128e-01,3.624768853187561035e-01,-3.111637830734252930e-01,2.126382738351821899e-01,-9.886465966701507568e-03,8.948101848363876343e-02,-2.976007759571075439e-01,-2.501990199089050293e-01,2.606272391858510673e-05,1.285525411367416382e-01,-5.960572138428688049e-02,-1.292411088943481445e-01,1.931289136409759521e-01,8.532825449947267771e-05,-2.502787113189697266e-01,-1.675004488788545132e-03,-4.182772636413574219e-01,5.657209455966949463e-02,3.261190950870513916e-01,4.388631787151098251e-03,-4.841810092329978943e-02,2.152019143104553223e-01,-1.986655741930007935e-01,2.592329382896423340e-01,-1.023287791758775711e-02,-1.063382029533386230e-01,-1.993387043476104736e-01,-3.655416965484619141e-01,1.266555041074752808e-01,-1.030441126204095781e-05,-2.093137949705123901e-01,3.308248817920684814e-01,-3.820407986640930176e-01,4.042274057865142822e-01,-1.289141029119491577e-01,-2.302727699279785156e-01,6.269919872283935547e-02,9.143330156803131104e-02,7.991999387741088867e-02,-2.572896890342235565e-02,-4.608943462371826172e-01,1.097176969051361084e-02,-4.000808671116828918e-02,1.093996390700340271e-01,-9.859566390514373779e-02,-1.210547238588333130e-01,1.963995546102523804e-01,-1.591286510229110718e-01,3.645912110805511475e-01,-4.886774718761444092e-02,-2.615047097206115723e-01,-3.789198398590087891e-02,-8.818283677101135254e-02,1.807739734649658203e-01,1.181051656603813171e-01,2.037990838289260864e-01,-8.344321697950363159e-02,1.199255436658859253e-01,1.476686540991067886e-02,1.920220255851745605e-01
1.291711907833814621e-02,9.747699834406375885e-03,-8.634535968303680420e-02,6.304283440113067627e-02,5.391021445393562317e-02,-1.078967191278934479e-02,-1.157801039516925812e-02,3.911732882261276245e-02,6.324566155672073364e-02,6.646755337715148926e-02,-1.671793125569820404e-02,-3.994106501340866089e-02,6.968937069177627563e-02,6.978704035282135010e-02,8.345820754766464233e-02,9.228241443634033203e-02,-1.571909990161657333e-03,6.357681751251220703e-02,-7.975723594427108765e-02,-6.557890772819519043e-02,-6.135004758834838867e-02,5.672259256243705750e-02,6.056056171655654907e-02,-3.026718087494373322e-02,1.309779845178127289e-02,8.141832798719406128e-02,-8.580773323774337769e-02,-4.140605777502059937e-02,7.518990337848663330e-02,-4.124169424176216125e-02,1.428876724094152451e-02,-1.004497930407524109e-01,6.507916748523712158e-02,7.191817462444305420e-02,-2.077397191897034645e-03,-8.945417404174804688e-02,6.121082603931427002e-02,8.285527676343917847e-02,-6.105670332908630371e-02,-7.142503559589385986e-02,7.950580120086669922e-02,2.504696324467658997e-02,7.993001490831375122e-02,3.091281466186046600e-02,-7.460833061486482620e-03,-6.755551695823669434e-02,-8.251634240150451660e-02,-2.424609847366809845e-02,-7.022000383585691452e-03,1.710917800664901733e-02,1.167149003595113754e-02,-7.215886376798152924e-03,6.116928905248641968e-02,-7.829189300537109375e-03,-1.666065305471420288e-02,-9.612711519002914429e-02,2.922358550131320953e-02,3.489880124107003212e-03,-7.551264017820358276e-02,-6.263518333435058594e-02,-9.396838024258613586e-03,1.034550368785858154e-02,2.881692023947834969e-03,4.342973232269287109e-02,1.337876822799444199e-02,-2.815915085375308990e-02,3.863484784960746765e-02,8.804944902658462524e-02,-8.357588201761245728e-02,4.081079363822937012e-02,-7.456502318382263184e-02,-2.060621045529842377e-02,-2.670456096529960632e-02,7.971929758787155151e-02,-3.773475065827369690e-02,-8.754758536815643311e-02,-2.441190299578011036e-04,8.840142190456390381e-02,-3.994301334023475647e-02,-8.113438636064529419e-02,8.653331547975540161e-02,9.239774226443842053e-05,-7.790154218673706055e-02,-2.935053780674934387e-04,-8.045215904712677002e-02,-7.501932233572006226e-02,4.908486083149909973e-02,9.074031841009855270e-04,7.145938277244567871e-02,6.794716417789459229e-02,-2.837190777063369751e-02,-3.637195751070976257e-02,-7.262296974658966064e-02,4.593792185187339783e-02,-7.586490362882614136e-02,-1.711702556349337101e-03,6.564243137836456299e-02,-2.674033112270990387e-06,-7.143884152173995972e-02,6.963910907506942749e-02,-3.219242766499519348e-02,3.991382569074630737e-02,-8.980048447847366333e-02,-8.270229399204254150e-02,9.841489046812057495e-02,1.117934659123420715e-02,-7.738963514566421509e-02,-8.142403513193130493e-02,-1.958068460226058960e-02,-2.212045481428503990e-03,7.041857391595840454e-02,-7.303968071937561035e-02,-8.285440504550933838e-02,6.893866229802370071e-03,8.708041161298751831e-02,-8.407058566808700562e-02,4.271299391984939575e-02,4.256582632660865784e-02,-9.090202301740646362e-02,5.479705333709716797e-02,5.745945870876312256e-02,7.220665365457534790e-02,7.892005145549774170e-02,-5.579889193177223206e-02,-5.237139016389846802e-02,-5.826092511415481567e-02,-3.192493226379156113e-03,7.117934525012969971e-02
-4.817238450050354004e-02,-8.634535968303680420e-02,7.851057648658752441e-01,-6.418789029121398926e-01,-4.580720961093902588e-01,1.322246622294187546e-02,9.120973944664001465e-02,-3.345214128494262695e-01,-5.281048417091369629e-01,-6.347281932830810547e-01,1.449507027864456177e-01,3.892633020877838135e-01,-6.209126114845275879e-01,-6.718823313713073730e-01,-7.631467580795288086e-01,-7.418640851974487305e-01,1.481072418391704559e-02,-6.020559668540954590e-01,7.199767231941223145e-01,6.434103250503540039e-01,5.069291591644287109e-01,-5.982078313827514648e-01,-6.314659118652343750e-01,3.112914562225341797e-01,-1.250621080398559570e-01,-6.612531542778015137e-01,7.586333155632019043e-01,3.164362609386444092e-01,-6.985095739364624023e-01,3.831198811531066895e-01,-1.572428792715072632e-01,8.286485075950622559e-01,-5.836462378501892090e-01,-7.103372812271118164e-01,2.279187552630901337e-02,7.536792159080505371e-01,-5.818166732788085938e-01,-7.439966201782226562e-01,5.039042234420776367e-01,6.364806294441223145e-01,-6.590703129768371582e-01,-2.293971627950668335e-01,-7.355147004127502441e-01,-3.100483417510986328e-01,1.642669923603534698e-02,6.494377851486206055e-01,7.590675354003906250e-01,2.306391149759292603e-01,1.030897870659828186e-01,-9.132935106754302979e-02,-1.260243356227874756e-01,1.108882129192352295e-01,-5.340602397918701172e-01,6.625800579786300659e-02,1.745448261499404907e-01,8.141261339187622070e-01,-3.064814507961273193e-01,-3.545325994491577148e-02,6.801257133483886719e-01,6.138075590133666992e-01,6.742991507053375244e-02,-8.611804246902465820e-02,-2.775127440690994263e-02,-3.494112491607666016e-01,-8.448467403650283813e-02,2.692276239395141602e-01,-3.670291900634765625e-01,-7.442812323570251465e-01,7.368373870849609375e-01,-3.415096700191497803e-01,6.663386821746826172e-01,2.614230215549468994e-01,2.489490956068038940e-01,-7.407044768333435059e-01,2.739102244377136230e-01,7.430807352066040039e-01,2.236058004200458527e-03,-7.926589846611022949e-01,3.898259103298187256e-01,7.310044169425964355e-01,-7.595782279968261719e-01,-9.487833594903349876e-04,7.029833793640136719e-01,3.581776283681392670e-03,6.544644236564636230e-01,7.130776047706604004e-01,-4.398565590381622314e-01,-8.748371154069900513e-03,-6.317247748374938965e-01,-6.460521221160888672e-01,2.563268244266510010e-01,3.286762535572052002e-01,6.649496555328369141e-01,-4.535572826862335205e-01,6.788277626037597656e-01,-1.830480434000492096e-02,-6.215237975120544434e-01,2.601026244519744068e-05,6.410503983497619629e-01,-5.921215415000915527e-01,3.321525454521179199e-01,-3.107824027538299561e-01,7.791396379470825195e-01,7.300149202346801758e-01,-8.307612538337707520e-01,-1.657541692256927490e-01,6.600044369697570801e-01,7.289756536483764648e-01,1.196125820279121399e-01,1.977819390594959259e-02,-6.334558129310607910e-01,7.002686858177185059e-01,7.511183619499206543e-01,-1.523772329092025757e-01,-7.781140804290771484e-01,7.373727560043334961e-01,-3.552656173706054688e-01,-4.536257386207580566e-01,7.810927629470825195e-01,-5.417981743812561035e-01,-5.756654143333435059e-01,-6.458370089530944824e-01,-7.090302109718322754e-01,5.352018475532531738e-01,5.673799514770507812e-01,5.772929787635803223e-01,2.410255558788776398e-02,-6.563605666160583496e-01
-7.079019397497177124e-02,6.304283440113067627e-02,-6.418789029121398926e-01,6.789516210556030273e-01,2.147223502397537231e-01,1.181697249412536621e-01,-5.181438848376274109e-02,9.322409331798553467e-02,4.397237896919250488e-01,4.963423311710357666e-01,-2.295974045991897583e-01,-2.653049826622009277e-01,3.694064021110534668e-01,5.593574643135070801e-01,6.218514442443847656e-01,4.624018669128417969e-01,-8.364520035684108734e-03,4.478642940521240234e-01,-6.784787178039550781e-01,-5.312557816505432129e-01,-5.294038653373718262e-01,5.547856092453002930e-01,5.287172794342041016e-01,-2.014721482992172241e-01,1.008938625454902649e-01,3.735448122024536133e-01,-5.433779358863830566e-01,-1.286468701437115669e-03,4.350711107254028320e-01,-1.301580965518951416e-01,1.162379235029220581e-01,-6.927279233932495117e-01,6.251474022865295410e-01,5.794543027877807617e-01,-1.292206114158034325e-03,-4.893803000450134277e-01,3.840399682521820068e-01,5.667622089385986328e-01,-1.612054705619812012e-01,-5.641482472419738770e-01,5.451939105987548828e-01,2.561591863632202148e-01,5.621883869171142578e-01,2.254743576049804688e-01,-1.608600616455078125e-01,-4.445234835147857666e-01,-6.626806259155273438e-01,-1.957178711891174316e-01,-3.542545810341835022e-02,1.200553104281425476e-01,1.301745623350143433e-01,1.075268983840942383e-01,5.032024383544921875e-01,-6.516861170530319214e-02,3.146973252296447754e-02,-5.927583575248718262e-01,2.979412674903869629e-01,2.432590350508689880e-02,-5.540217757225036621e-01,-6.613940000534057617e-01,-1.136025339365005493e-01,1.513496935367584229e-01,2.839907817542552948e-02,2.172656655311584473e-01,1.014913693070411682e-01,-2.069454342126846313e-01,2.463896721601486206e-01,4.943546354770660400e-01,-5.499455332756042480e-01,4.581619054079055786e-02,-4.554805457592010498e-01,-2.824271842837333679e-02,-3.109430670738220215e-01,6.118820309638977051e-01,-2.565447092056274414e-01,-5.681853294372558594e-01,-1.805957290343940258e-04,5.812622308731079102e-01,-5.064326524734497070e-01,-5.724478960037231445e-01,6.823268532752990723e-01,7.321553421206772327e-04,-4.779677391052246094e-01,1.587989507243037224e-03,-4.689853787422180176e-01,-5.672687888145446777e-01,1.457718312740325928e-01,3.207489149644970894e-03,4.434046149253845215e-01,4.709843397140502930e-01,-2.599853575229644775e-01,-4.613520503044128418e-01,-6.310617327690124512e-01,4.795393943786621094e-01,-5.915144085884094238e-01,1.517254412174224854e-01,4.291758239269256592e-01,-1.904457531054504216e-05,-3.812421262264251709e-01,3.755714893341064453e-01,-1.363706439733505249e-01,-3.717558924108743668e-03,-6.985955834388732910e-01,-5.175623297691345215e-01,7.141862511634826660e-01,3.717622160911560059e-01,-7.385929822921752930e-01,-5.309166908264160156e-01,1.025349423289299011e-01,-2.596602216362953186e-02,6.235817074775695801e-01,-6.896709203720092773e-01,-6.639439463615417480e-01,3.276466131210327148e-01,5.966022610664367676e-01,-5.797319412231445312e-01,4.238483682274818420e-02,3.534630537033081055e-01,-5.982456207275390625e-01,5.664455294609069824e-01,4.345051646232604980e-01,5.860617160797119141e-01,6.159777045249938965e-01,-4.919371604919433594e-01,-4.833135008811950684e-01,-5.493323206901550293e-01,-2.134961821138858795e-02,4.864177703857421875e-01
4.052913188934326172e-01,5.391021445393562317e-02,-4.580720961093902588e-01,2.147223502397537231e-01,6.376019716262817383e-01,-3.580176532268524170e-01,-4.741995781660079956e-02,6.522557735443115234e-01,3.417840600013732910e-01,3.773220181465148926e-01,-1.969347298145294189e-01,-3.630672395229339600e-01,3.887785971164703369e-01,3.846057951450347900e-01,4.562141299247741699e-01,7.368662357330322266e-01,-8.991896174848079681e-03,4.275426566600799561e-01,-3.583432137966156006e-01,-3.595221936702728271e-01,-2.580069303512573242e-01,1.865443885326385498e-01,2.547776699066162109e-01,-1.346618235111236572e-01,8.520347625017166138e-02,6.458800435066223145e-01,-4.822221696376800537e-01,-6.163414120674133301e-01,5.938395261764526367e-01,-3.814703226089477539e-01,-7.075022906064987183e-02,-5.305820703506469727e-01,2.034457325935363770e-01,4.399908781051635742e-01,-3.505655750632286072e-02,-5.966853499412536621e-01,4.538424015045166016e-01,5.460372567176818848e-01,-7.164002656936645508e-01,-5.334956049919128418e-01,5.649601817131042480e-01,1.377248167991638184e-01,4.114693105220794678e-01,2.029588967561721802e-01,6.786793470382690430e-02,-2.922639548778533936e-01,-4.884662330150604248e-01,-1.912388950586318970e-01,-7.023094687610864639e-03,5.713967606425285339e-03,-1.038302481174468994e-01,-3.521064221858978271e-01,4.308847784996032715e-01,-8.304752409458160400e-02,-2.542365491390228271e-01,-6.674124002456665039e-01,2.742148637771606445e-01,2.778195403516292572e-02,-3.577507138252258301e-01,-1.843703538179397583e-01,-7.025558501482009888e-02,-1.150632649660110474e-02,7.082638796418905258e-03,3.880028724670410156e-01,1.251372396945953369e-01,-1.763154864311218262e-01,8.897374384105205536e-03,6.568505167961120605e-01,-5.350108146667480469e-01,5.769320726394653320e-01,-6.424378752708435059e-01,-1.019252538681030273e-01,-4.805223271250724792e-02,4.607178866863250732e-01,-3.241596817970275879e-01,-6.035767793655395508e-01,-1.990727847442030907e-03,5.752462744712829590e-01,-1.395311802625656128e-01,-4.921805858612060547e-01,5.233435034751892090e-01,5.639985320158302784e-04,-6.138606071472167969e-01,-5.710364319384098053e-03,-7.005145549774169922e-01,-3.527651131153106689e-01,5.850186944007873535e-01,1.008061692118644714e-02,3.070927262306213379e-01,5.264007449150085449e-01,-2.562707364559173584e-01,1.471639871597290039e-01,-2.957862615585327148e-01,6.667619198560714722e-02,-4.820320010185241699e-01,-3.463048934936523438e-01,4.709170460700988770e-01,-2.215431777585763484e-05,-5.631639361381530762e-01,6.215199828147888184e-01,-5.350972414016723633e-01,6.004350781440734863e-01,-4.886321127414703369e-01,-6.086863875389099121e-01,4.864466190338134766e-01,3.942004963755607605e-02,-1.856710314750671387e-01,-4.569249451160430908e-01,-5.163939595222473145e-01,6.332784891128540039e-03,2.140710949897766113e-01,-2.208662480115890503e-01,-4.544257223606109619e-01,-1.313401311635971069e-01,6.122174263000488281e-01,-5.121668577194213867e-01,5.866917371749877930e-01,2.130267322063446045e-01,-6.465651392936706543e-01,1.664499938488006592e-01,2.546456456184387207e-01,4.221442341804504395e-01,4.245016574859619141e-01,-8.054377883672714233e-02,-3.313108086585998535e-01,-1.415944397449493408e-01,-2.829889534041285515e-03,5.053175687789916992e-01
-3.959953188896179199e-01,-1.078967191278934479e-02,1.322246622294187546e-02,1.181697249412536621e-01,-3.580176532268524170e-01,3.948046863079071045e-01,1.950772106647491455e-02,-4.286346435546875000e-01,-1.619191765785217285e-01,-6.252486258745193481e-02,1.631009727716445923e-01,1.678228825330734253e-01,-3.561273682862520218e-03,-6.050727888941764832e-02,-3.624597191810607910e-02,-3.195957243442535400e-01,-1.191416959045454860e-04,-8.923262357711791992e-02,-1.087622623890638351e-02,4.073525592684745789e-02,9.872010350227355957e-02,1.091643720865249634e-01,8.771818131208419800e-02,-3.626064211130142212e-02,-2.827546745538711548e-02,-2.878538966178894043e-01,5.190117657184600830e-02,4.039768576622009277e-01,-1.359442770481109619e-01,1.133810356259346008e-01,1.887533962726593018e-01,1.084615662693977356e-01,5.904857814311981201e-02,-4.976935684680938721e-02,1.718303561210632324e-02,1.698921620845794678e-01,-1.427562385797500610e-01,-1.401449888944625854e-01,3.696968257427215576e-01,2.196893095970153809e-01,-2.615072131156921387e-01,-4.922175407409667969e-02,2.064660936594009399e-02,-2.895220555365085602e-02,2.944529987871646881e-03,-1.218820065259933472e-01,7.659313082695007324e-02,6.946950405836105347e-02,-1.103747040033340454e-01,3.799779340624809265e-02,1.856447905302047729e-01,1.932091265916824341e-01,-2.147968858480453491e-01,6.865228712558746338e-02,8.574654161930084229e-02,1.886944621801376343e-01,-1.493538469076156616e-01,-7.951562292873859406e-03,-4.782025236636400223e-03,-1.129027679562568665e-01,8.679690957069396973e-02,-8.959775790572166443e-03,5.234951619058847427e-03,-2.341192364692687988e-01,-1.287962049245834351e-01,4.205810651183128357e-02,2.314732968807220459e-01,-2.269506752490997314e-01,1.599503904581069946e-01,-3.438295722007751465e-01,2.636833190917968750e-01,-1.683312803506851196e-01,4.143040277995169163e-04,-7.362431287765502930e-02,2.421864718198776245e-01,1.955151259899139404e-01,3.255959600210189819e-04,-1.009889543056488037e-01,2.001608954742550850e-03,1.204976513981819153e-01,-1.373456716537475586e-01,-6.937787838978692889e-05,2.058261036872863770e-01,1.562813762575387955e-03,3.573416173458099365e-01,-5.873397365212440491e-02,-2.887248396873474121e-01,-4.481153097003698349e-03,1.445515546947717667e-02,-1.855012625455856323e-01,1.346578150987625122e-01,-2.609890401363372803e-01,-1.400547195225954056e-02,1.049190610647201538e-01,1.556126177310943604e-01,3.251437842845916748e-01,-6.986249238252639771e-02,7.038614512566709891e-06,1.990527510643005371e-01,-3.006008863449096680e-01,3.357884585857391357e-01,-3.977651894092559814e-01,9.921436756849288940e-02,2.034201622009277344e-01,-3.751355782151222229e-02,2.415410242974758148e-02,-1.237166076898574829e-01,3.114394657313823700e-02,4.323448240756988525e-01,-9.901648387312889099e-03,4.510536789894104004e-02,-1.439434140920639038e-01,6.400097906589508057e-02,1.436715722084045410e-01,-1.383547931909561157e-01,1.262485533952713013e-01,-3.579303324222564697e-01,5.798397585749626160e-02,2.056341022253036499e-01,6.758357584476470947e-02,9.840381145477294922e-02,-1.312461346387863159e-01,-7.049167901277542114e-02,-1.964593082666397095e-01,5.456519871950149536e-02,-1.232336014509201050e-01,-2.173816971480846405e-02,-1.507437229156494141e-01
4.163223318755626678e-03,-1.157801039516925812e-02,9.120973944664001465e-02,-5.181438848376274109e-02,-4.741995781660079956e-02,1.950772106647491455e-02,4.398226737976074219e-02,-2.365371771156787872e-02,-9.873922169208526611e-02,-6.724112480878829956e-02,-2.759545668959617615e-02,4.862157255411148071e-02,-1.017846241593360901e-01,-8.767126500606536865e-02,-1.043968573212623596e-01,-1.222136467695236206e-01,1.601766096428036690e-03,-6.693901121616363525e-02,6.709519773721694946e-02,6.379480659961700439e-02,6.391667574644088745e-02,-7.337136566638946533e-02,-6.194797530770301819e-02,4.733545705676078796e-02,-1.432514283806085587e-02,-1.115595176815986633e-01,1.136184930801391602e-01,4.876405373215675354e-02,-8.624271303415298462e-02,4.069431126117706299e-02,-2.392544411122798920e-02,1.279250234365463257e-01,-4.923222586512565613e-02,-7.536178827285766602e-02,3.845932893455028534e-03,1.253792196512222290e-01,-7.156328111886978149e-02,-9.057307243347167969e-02,8.130049705505371094e-02,5.057634413242340088e-02,-7.886251062154769897e-02,-1.493991632014513016e-02,-9.379202872514724731e-02,-3.371604159474372864e-02,-1.998576521873474121e-02,1.055620238184928894e-01,7.976493239402770996e-02,2.338423952460289001e-02,2.239153347909450531e-02,-4.195455403532832861e-04,-9.224808774888515472e-03,-6.922996835783123970e-04,-4.518660157918930054e-02,7.630789186805486679e-03,2.756647579371929169e-02,1.094051674008369446e-01,-2.129559218883514404e-02,-4.213164094835519791e-03,7.609387487173080444e-02,6.653782725334167480e-02,-8.085256442427635193e-03,-5.567489191889762878e-03,-2.987388754263520241e-03,-3.324152156710624695e-02,-3.580763703212141991e-03,3.259806334972381592e-02,-7.144650816917419434e-02,-1.016808375716209412e-01,1.020753160119056702e-01,-4.221903905272483826e-02,6.930262595415115356e-02,5.439459532499313354e-02,2.994357421994209290e-02,-1.030924618244171143e-01,7.468203082680702209e-03,7.919441908597946167e-02,5.661722971126437187e-04,-1.058157160878181458e-01,1.533330697566270828e-02,1.019105166196823120e-01,-8.182075619697570801e-02,-1.229025947395712137e-04,8.691228181123733521e-02,2.126069448422640562e-04,7.276435941457748413e-02,1.076689139008522034e-01,-3.911897912621498108e-02,-1.342474250122904778e-03,-1.084702163934707642e-01,-7.461347430944442749e-02,3.574811853468418121e-03,3.566071763634681702e-02,7.072237133979797363e-02,-5.372010543942451477e-02,6.979995220899581909e-02,-1.984693482518196106e-02,-6.044727563858032227e-02,9.194491781272517983e-07,9.800162911415100098e-02,-6.702291965484619141e-02,1.752132736146450043e-02,-4.940225183963775635e-02,1.066444888710975647e-01,9.482998400926589966e-02,-1.011943221092224121e-01,3.795370459556579590e-02,7.193790376186370850e-02,1.104183495044708252e-01,1.858387887477874756e-02,3.287062281742691994e-03,-1.057948097586631775e-01,6.868243217468261719e-02,9.649700671434402466e-02,1.310736220329999924e-02,-8.972477912902832031e-02,9.217390418052673340e-02,-6.229505687952041626e-02,-4.775560647249221802e-02,9.256839752197265625e-02,-5.723150447010993958e-02,-6.802672147750854492e-02,-6.553116440773010254e-02,-8.951401710510253906e-02,7.814028859138488770e-02,6.116044521331787109e-02,7.319705188274383545e-02,-1.853565918281674385e-03,-5.910611152648925781e-02
4.853274524211883545e-01,3.911732882261276245e-02,-3.345214128494262695e-01,9.322409331798553467e-02,6.522557735443115234e-01,-4.286346435546875000e-01,-2.365371771156787872e-02,7.410155534744262695e-01,2.429658174514770508e-01,2.835264801979064941e-01,-1.923367828130722046e-01,-3.658992052078247070e-01,2.846921980381011963e-01,3.035025298595428467e-01,3.454630076885223389e-01,6.722296476364135742e-01,-6.417784839868545532e-03,3.411701023578643799e-01,-2.158726155757904053e-01,-2.746797204017639160e-01,-1.350692659616470337e-01,8.308929204940795898e-02,1.487077027559280396e-01,-9.932905435562133789e-02,7.262432575225830078e-02,5.878105759620666504e-01,-3.710883557796478271e-01,-6.714766025543212891e-01,5.558868646621704102e-01,-3.679890632629394531e-01,-1.460719108581542969e-01,-3.919215202331542969e-01,4.498944431543350220e-02,3.732606768608093262e-01,-4.236114397644996643e-02,-5.088236927986145020e-01,4.098444581031799316e-01,4.596058726310729980e-01,-7.432584762573242188e-01,-4.787969589233398438e-01,4.841703772544860840e-01,9.579103440046310425e-02,2.832114398479461670e-01,1.725862622261047363e-01,1.383401304483413696e-01,-1.841904819011688232e-01,-3.848364949226379395e-01,-1.713259518146514893e-01,1.610598340630531311e-02,-9.142752736806869507e-02,-1.809320151805877686e-01,-4.636777341365814209e-01,3.686655163764953613e-01,-9.523627161979675293e-02,-2.937680780887603760e-01,-5.775740146636962891e-01,2.813351154327392578e-01,2.658517658710479736e-02,-2.132022976875305176e-01,-4.205622896552085876e-02,-6.516088545322418213e-02,-4.212476685643196106e-02,-1.670592173468321562e-04,3.545349836349487305e-01,1.159569397568702698e-01,-1.441262960433959961e-01,-1.299343556165695190e-01,5.829923748970031738e-01,-4.533014893531799316e-01,6.306360960006713867e-01,-6.135509610176086426e-01,-9.630810469388961792e-02,1.988520286977291107e-02,3.700810372829437256e-01,-2.785999178886413574e-01,-5.084179639816284180e-01,-1.877266564406454563e-03,4.896516203880310059e-01,-5.570867657661437988e-02,-3.960661590099334717e-01,4.181510210037231445e-01,4.797197470907121897e-04,-5.657194852828979492e-01,-6.813515443354845047e-03,-6.515768766403198242e-01,-2.327070087194442749e-01,6.193724274635314941e-01,1.080813910812139511e-02,1.775784939527511597e-01,4.918241202831268311e-01,-2.327475994825363159e-01,3.356123268604278564e-01,-1.604666858911514282e-01,-5.300379171967506409e-02,-3.911322653293609619e-01,-4.577068090438842773e-01,3.962160944938659668e-01,-2.126430990756489336e-05,-5.254956483840942383e-01,5.858029127120971680e-01,-6.279991865158081055e-01,6.723326444625854492e-01,-3.664560019969940186e-01,-5.443512797355651855e-01,3.329252302646636963e-01,1.255329232662916183e-02,6.921603344380855560e-03,-3.430035412311553955e-01,-6.192001104354858398e-01,1.631486415863037109e-02,6.849238276481628418e-02,-7.477106153964996338e-02,-3.410826921463012695e-01,-1.671414971351623535e-01,5.263075232505798340e-01,-4.090503156185150146e-01,6.407045125961303711e-01,1.567029654979705811e-01,-5.636594891548156738e-01,3.461278229951858521e-02,1.407008022069931030e-01,3.283879756927490234e-01,3.006388247013092041e-01,9.178951382637023926e-02,-2.960534393787384033e-01,-2.646974287927150726e-03,1.593398302793502808e-02,4.462131559848785400e-01
1.612660735845565796e-01,6.324566155672073364e-02,-5.281048417091369629e-01,4.397237896919250488e-01,3.417840600013732910e-01,-1.619191765785217285e-01,-9.873922169208526611e-02,2.429658174514770508e-01,5.493584871292114258e-01,4.504844844341278076e-01,-2.262991815805435181e-01,-3.010323643684387207e-01,3.343546688556671143e-01,5.076054334640502930e-01,5.396221876144409180e-01,5.846569538116455078e-01,-7.198766805231571198e-03,3.806260228157043457e-01,-5.468304157257080078e-01,-4.597745835781097412e-01,-5.649771690368652344e-01,3.839871883392333984e-01,3.590237498283386230e-01,-1.594365686178207397e-01,1.005794480443000793e-01,5.141177773475646973e-01,-5.155240297317504883e-01,-2.197295874357223511e-01,3.857607245445251465e-01,-1.670409590005874634e-01,-3.441614797338843346e-03,-6.993778944015502930e-01,4.912182688713073730e-01,4.791688323020935059e-01,-7.263424806296825409e-03,-5.406375527381896973e-01,3.939293622970581055e-01,5.384231209754943848e-01,-2.983817756175994873e-01,-5.548344850540161133e-01,6.107514500617980957e-01,2.317900657653808594e-01,4.484412968158721924e-01,1.879989355802536011e-01,-1.607567816972732544e-01,-3.170587420463562012e-01,-5.568722486495971680e-01,-1.765310317277908325e-01,5.830911919474601746e-02,8.992878347635269165e-02,7.749577518552541733e-03,5.443001538515090942e-02,5.348284840583801270e-01,-9.521102160215377808e-02,6.058678030967712402e-03,-5.896273851394653320e-01,2.887106239795684814e-01,2.219311706721782684e-02,-4.673501551151275635e-01,-4.614676833152770996e-01,-1.490602344274520874e-01,1.660116016864776611e-01,2.113755047321319580e-02,3.383146524429321289e-01,1.718552261590957642e-01,-1.939708739519119263e-01,1.116181090474128723e-01,5.380043983459472656e-01,-5.696536898612976074e-01,2.128554582595825195e-01,-4.840686619281768799e-01,8.788603544235229492e-02,-2.919700443744659424e-01,5.466505885124206543e-01,-3.591933250427246094e-01,-5.709341764450073242e-01,-5.712221609428524971e-04,5.230498313903808594e-01,-3.828662335872650146e-01,-5.616279244422912598e-01,6.311748027801513672e-01,6.165622617118060589e-04,-4.850466251373291016e-01,1.430784352123737335e-03,-5.685301423072814941e-01,-4.384370446205139160e-01,2.482841461896896362e-01,4.755224101245403290e-03,4.391077160835266113e-01,4.704737067222595215e-01,-2.479091733694076538e-01,-2.771964073181152344e-01,-5.263598561286926270e-01,3.704186379909515381e-01,-5.650141835212707520e-01,-1.802749373018741608e-02,3.388282954692840576e-01,-1.604569115443155169e-05,-4.392370581626892090e-01,4.607806205749511719e-01,-2.357446402311325073e-01,2.212442159652709961e-01,-6.506524085998535156e-01,-5.349567532539367676e-01,6.399518847465515137e-01,1.846429556608200073e-01,-5.813893079757690430e-01,-4.659242928028106689e-01,-1.449993699789047241e-01,-2.137069031596183777e-02,5.695728063583374023e-01,-4.891420304775238037e-01,-5.804116725921630859e-01,1.569740176200866699e-01,5.194810032844543457e-01,-5.660825371742248535e-01,2.328951060771942139e-01,2.240377217531204224e-01,-5.909065008163452148e-01,4.282952547073364258e-01,2.722769379615783691e-01,5.630554556846618652e-01,5.607286691665649414e-01,-3.213167488574981689e-01,-4.041078388690948486e-01,-4.080233573913574219e-01,2.225944306701421738e-03,4.669679701328277588e-01
8.400144428014755249e-02,6.646755337715148926e-02,-6.347281932830810547e-01,4.963423311710357666e-01,3.773220181465148926e-01,-6.252486258745193481e-02,-6.724112480878829956e-02,2.835264801979064941e-01,4.504844844341278076e-01,5.027348995208740234e-01,-1.555107533931732178e-01,-3.055571615695953369e-01,4.694901108741760254e-01,5.372093915939331055e-01,6.121076941490173340e-01,6.594902873039245605e-01,-1.139145437628030777e-02,4.394530653953552246e-01,-6.108744740486145020e-01,-5.086897611618041992e-01,-4.699124693870544434e-01,4.320096969604492188e-01,4.641228914260864258e-01,-2.288506329059600830e-01,1.006060838699340820e-01,5.736681818962097168e-01,-6.271308660507202148e-01,-2.679365873336791992e-01,5.553841590881347656e-01,-2.893398404121398926e-01,8.459584414958953857e-02,-7.423226237297058105e-01,4.932427704334259033e-01,5.719892382621765137e-01,-1.438500918447971344e-02,-6.408715248107910156e-01,4.477306604385375977e-01,6.137668490409851074e-01,-4.151157438755035400e-01,-5.527099967002868652e-01,5.840011239051818848e-01,1.919106841087341309e-01,5.689691305160522461e-01,2.287170737981796265e-01,-6.521180272102355957e-02,-4.854970574378967285e-01,-6.234982013702392578e-01,-1.686309427022933960e-01,-2.353915199637413025e-02,7.694138586521148682e-02,7.959900796413421631e-02,-5.989882349967956543e-02,4.797995686531066895e-01,-6.595883518457412720e-02,-1.021567136049270630e-01,-7.076307535171508789e-01,2.504649758338928223e-01,2.600975520908832550e-02,-5.414088368415832520e-01,-4.737189710140228271e-01,-9.393455833196640015e-02,1.043297275900840759e-01,2.120123058557510376e-02,3.199206292629241943e-01,1.013701930642127991e-01,-2.077492624521255493e-01,2.339935898780822754e-01,6.291770935058593750e-01,-6.197356581687927246e-01,2.780856788158416748e-01,-5.584329962730407715e-01,-1.336805820465087891e-01,-2.236090004444122314e-01,5.953754782676696777e-01,-2.815420329570770264e-01,-6.418527364730834961e-01,-1.384997274726629257e-03,6.545059680938720703e-01,-3.262202441692352295e-01,-6.055985093116760254e-01,6.697022318840026855e-01,6.962707266211509705e-04,-5.678135156631469727e-01,-1.905963523313403130e-03,-5.843377113342285156e-01,-5.334399938583374023e-01,3.541665077209472656e-01,6.317183375358581543e-03,5.094992518424987793e-01,5.135229825973510742e-01,-2.141773849725723267e-01,-2.672583758831024170e-01,-5.519245862960815430e-01,3.652493059635162354e-01,-5.764618515968322754e-01,-9.277180768549442291e-03,4.525341093540191650e-01,-2.087997017952147871e-05,-5.045115947723388672e-01,4.973426759243011475e-01,-2.809969782829284668e-01,2.716456353664398193e-01,-6.708281040191650391e-01,-6.101322770118713379e-01,7.408447265625000000e-01,1.284766942262649536e-01,-5.889369249343872070e-01,-5.749806761741638184e-01,-1.165740936994552612e-01,-1.730339042842388153e-02,5.322183370590209961e-01,-5.744240880012512207e-01,-6.158444881439208984e-01,1.364540308713912964e-01,6.349377632141113281e-01,-6.176499724388122559e-01,2.824293673038482666e-01,3.179750740528106689e-01,-6.719573736190795898e-01,4.194749295711517334e-01,3.917250335216522217e-01,5.488415956497192383e-01,5.785239338874816895e-01,-3.826071321964263916e-01,-4.345033466815948486e-01,-4.374415278434753418e-01,-1.373471226543188095e-02,5.417599678039550781e-01
-2.426313906908035278e-01,-1.671793125569820404e-02,1.449507027864456177e-01,-2.295974045991897583e-01,-1.969347298145294189e-01,1.631009727716445923e-01,-2.759545668959617615e-02,-1.923367828130722046e-01,-2.262991815805435181e-01,-1.555107533931732178e-01,3.900337219238281250e-01,1.374044567346572876e-01,1.106150522828102112e-01,-1.667104810476303101e-01,-1.392889767885208130e-01,-1.438919156789779663e-01,-1.652720617130398750e-03,-1.280689388513565063e-01,2.632581889629364014e-01,1.800231933593750000e-01,3.616118133068084717e-01,-8.210872113704681396e-02,-6.511640548706054688e-02,-7.025174796581268311e-02,-4.694527760148048401e-02,-8.925677835941314697e-02,3.924673795700073242e-02,4.946086183190345764e-02,-1.702170260250568390e-02,-5.185098573565483093e-02,1.631613224744796753e-01,2.200432717800140381e-01,-2.962069511413574219e-01,-1.629956364631652832e-01,-7.643059361726045609e-03,4.210181906819343567e-02,-1.054397076368331909e-01,-1.842047423124313354e-01,-9.923754259943962097e-04,3.958157896995544434e-01,-3.612968921661376953e-01,-2.037669122219085693e-01,-4.388152807950973511e-02,-4.590346291661262512e-02,2.627610564231872559e-01,-1.706421375274658203e-01,2.584532201290130615e-01,1.186467781662940979e-01,-1.653748303651809692e-01,-9.024651348590850830e-02,9.777045994997024536e-02,-7.717320322990417480e-02,-4.103845059871673584e-01,9.160971641540527344e-02,-1.475680023431777954e-01,1.671425551176071167e-01,-2.557941377162933350e-01,-6.308021023869514465e-03,1.319099515676498413e-01,2.220811545848846436e-01,1.941372305154800415e-01,-1.509254872798919678e-01,-9.078130125999450684e-03,-2.191464304924011230e-01,-1.901930570602416992e-01,6.723355501890182495e-02,2.383867651224136353e-01,-1.481288224458694458e-01,1.666173934936523438e-01,-5.231722816824913025e-02,2.278863191604614258e-01,-4.170004427433013916e-01,1.924829483032226562e-01,-1.607616692781448364e-01,3.731890618801116943e-01,2.648813724517822266e-01,-1.929673715494573116e-03,-9.350434690713882446e-02,3.631847500801086426e-01,1.729575246572494507e-01,-3.432971537113189697e-01,-1.405237126164138317e-04,1.547163575887680054e-01,-4.032355733215808868e-03,3.414026796817779541e-01,2.657749224454164505e-03,-6.134534254670143127e-02,3.561505291145294905e-04,3.263094276189804077e-02,-1.912826895713806152e-01,2.789385616779327393e-01,1.136698126792907715e-01,2.365650832653045654e-01,-1.394047290086746216e-01,3.130630254745483398e-01,1.250920295715332031e-01,-9.422647953033447266e-02,1.047210207616444677e-05,6.383858621120452881e-02,-2.261387109756469727e-01,1.792089939117431641e-01,-3.584504127502441406e-02,2.772582173347473145e-01,1.752093732357025146e-01,-2.135287672281265259e-01,-4.001524150371551514e-01,3.116621971130371094e-01,2.013088576495647430e-02,1.318247765302658081e-01,8.284996263682842255e-03,-1.846494376659393311e-01,1.725710928440093994e-01,2.407480627298355103e-01,-1.875377297401428223e-01,-1.868852078914642334e-01,2.117369771003723145e-01,-7.205314468592405319e-03,-6.803468801081180573e-03,2.484427839517593384e-01,-2.170128077268600464e-01,3.845449909567832947e-02,-3.281688988208770752e-01,-2.351298481225967407e-01,-1.106320694088935852e-02,1.702864468097686768e-01,9.882228076457977295e-02,-2.828849712386727333e-03,-2.092926353216171265e-01
-1.826303154230117798e-01,-3.994106501340866089e-02,3.892633020877838135e-01,-2.653049826622009277e-01,-3.630672395229339600e-01,1.678228825330734253e-01,4.862157255411148071e-02,-3.658992052078247070e-01,-3.010323643684387207e-01,-3.055571615695953369e-01,1.374044567346572876e-01,2.688701152801513672e-01,-2.676229178905487061e-01,-3.627764284610748291e-01,-3.965888321399688721e-01,-5.341501832008361816e-01,5.569159053266048431e-03,-2.794322669506072998e-01,3.398041129112243652e-01,3.191071748733520508e-01,2.774519324302673340e-01,-2.396641671657562256e-01,-2.487650513648986816e-01,1.294116824865341187e-01,-7.054608315229415894e-02,-4.426710903644561768e-01,3.990315496921539307e-01,3.151271343231201172e-01,-4.259689450263977051e-01,2.024913728237152100e-01,3.612710535526275635e-02,4.872379601001739502e-01,-2.306768596172332764e-01,-3.944604098796844482e-01,2.007602155208587646e-02,4.558297693729400635e-01,-3.212303817272186279e-01,-4.269347488880157471e-01,4.277894794940948486e-01,4.216727018356323242e-01,-4.329026043415069580e-01,-1.249618828296661377e-01,-3.258558809757232666e-01,-1.529737412929534912e-01,-1.328368019312620163e-02,2.629779279232025146e-01,4.165105223655700684e-01,1.300165504217147827e-01,-7.492334116250276566e-03,3.693652153015136719e-02,4.685608670115470886e-02,1.577323228120803833e-01,-3.526683151721954346e-01,7.107830047607421875e-02,1.168957054615020752e-01,5.170605182647705078e-01,-2.307975441217422485e-01,-2.055534720420837402e-02,2.835285067558288574e-01,2.410334050655364990e-01,7.375560700893402100e-02,-5.447601526975631714e-02,-9.657726623117923737e-03,-2.349360138177871704e-01,-8.992158621549606323e-02,1.385272592306137085e-01,-2.493737637996673584e-02,-4.697533249855041504e-01,4.353304505348205566e-01,-3.039104938507080078e-01,4.502787292003631592e-01,6.570767611265182495e-02,1.206263676285743713e-01,-4.100792109966278076e-01,1.981938183307647705e-01,4.428137540817260742e-01,9.940682211890816689e-04,-4.613369405269622803e-01,1.834839135408401489e-01,4.176414608955383301e-01,-4.588457047939300537e-01,-4.929015995003283024e-04,4.390938878059387207e-01,2.233699196949601173e-03,4.816759824752807617e-01,3.176897466182708740e-01,-3.279007971286773682e-01,-6.082570645958185196e-03,-2.710441946983337402e-01,-3.979535996913909912e-01,1.662946045398712158e-01,6.729161832481622696e-03,3.034066557884216309e-01,-1.665063500404357910e-01,3.911690413951873779e-01,1.380726248025894165e-01,-2.894815206527709961e-01,1.469444214308168739e-05,3.963236808776855469e-01,-3.984694182872772217e-01,3.389489352703094482e-01,-3.277974128723144531e-01,4.514607787132263184e-01,4.554730653762817383e-01,-4.395919740200042725e-01,-8.958921581506729126e-02,2.656983733177185059e-01,3.548855185508728027e-01,2.421143203973770142e-01,4.063414409756660461e-03,-2.954027950763702393e-01,2.881131470203399658e-01,4.056724011898040771e-01,-5.545569956302642822e-02,-4.556605517864227295e-01,4.103527069091796875e-01,-3.242570757865905762e-01,-1.837160736322402954e-01,4.920556247234344482e-01,-2.110259532928466797e-01,-1.872570812702178955e-01,-3.670433461666107178e-01,-3.644048273563385010e-01,1.268752068281173706e-01,3.240638077259063721e-01,2.056761085987091064e-01,-1.291772257536649704e-02,-3.742355108261108398e-01
