9.497156143188476562e-01,-4.953266680240631104e-01,4.192649722099304199e-01,-6.820537894964218140e-02,-6.121326684951782227e-01,-4.225934743881225586e-01,2.999550104141235352e-01,-8.649637922644615173e-03,6.873682141304016113e-01,-6.151835918426513672e-01,6.230289340019226074e-01,4.741782546043395996e-01,-5.158756971359252930e-01,8.281140327453613281e-01,-1.468032002449035645e-01,1.496169716119766235e-01,-6.257458329200744629e-01,-2.223974764347076416e-01,7.812623977661132812e-01,3.790814578533172607e-01,-4.441776871681213379e-01,-6.910679340362548828e-01,3.285317718982696533e-01,4.396519064903259277e-01,-6.365052461624145508e-01,-5.126996040344238281e-01,3.750164508819580078e-01,-3.584659099578857422e-01,-6.108676195144653320e-01,-5.440649390220642090e-01,-4.148882031440734863e-01,2.260817438364028931e-01,-4.209856092929840088e-01,-3.232828080654144287e-01,2.338937222957611084e-01,-6.751351356506347656e-01,4.362207949161529541e-01,-5.911121964454650879e-01,-6.269962787628173828e-01,5.606938004493713379e-01,-2.522636651992797852e-01,-4.317883849143981934e-01,-2.066280841827392578e-01,-5.870009064674377441e-01,-4.838794469833374023e-02,-5.411624163389205933e-02,6.072384119033813477e-01,-4.972777664661407471e-01,-5.172209143638610840e-01,2.442311197519302368e-01,1.119104176759719849e-01,-4.414813518524169922e-01,4.900009185075759888e-02,2.073303759098052979e-01,-2.504997849464416504e-01,3.731847703456878662e-01,-6.535961031913757324e-01,-4.034041166305541992e-01,-5.806638002395629883e-01,-2.140733748674392700e-01,2.667816579341888428e-01,2.201678752899169922e-01,-2.701020240783691406e-01,-7.604672014713287354e-02,6.863602250814437866e-02,6.665506362915039062e-01,3.699584603309631348e-01,-2.035805396735668182e-02,3.511116206645965576e-01,4.605336189270019531e-01,6.007063388824462891e-01,-7.521773576736450195e-01,5.195311307907104492e-01,5.966312885284423828e-01,4.869760274887084961e-01,1.072633452713489532e-02,3.540989160537719727e-01,-4.511356651782989502e-01,2.535510994493961334e-02,-2.361812144517898560e-01,-7.111093997955322266e-01,-1.255990117788314819e-01,-2.277184575796127319e-01,-5.891594886779785156e-01,3.280572295188903809e-01,-3.162575066089630127e-01,4.750732481479644775e-01,-6.485469937324523926e-01,8.342248201370239258e-02,6.581683158874511719e-01,3.882155120372772217e-01,5.548737645149230957e-01,-4.467554688453674316e-01,-1.945225298404693604e-01,7.091035842895507812e-01,-8.150798678398132324e-01,5.661109685897827148e-01,6.712515652179718018e-02,-3.929216563701629639e-01,-4.987958073616027832e-02,6.179651618003845215e-01,3.084892034530639648e-01,-3.645196259021759033e-01,-7.418400049209594727e-02,-6.700710654258728027e-01,-4.299515187740325928e-01,6.416169404983520508e-01,6.753900647163391113e-01,-4.403498023748397827e-02,6.534951925277709961e-01,1.028232090175151825e-02,1.965711563825607300e-01,-1.516092568635940552e-01,4.796981215476989746e-01,-7.303534150123596191e-01,-6.596459746360778809e-01,5.535326600074768066e-01,-6.115660071372985840e-01,-4.659023284912109375e-01,-6.317862272262573242e-01,-7.829296588897705078e-01,6.282020807266235352e-01,4.172340929508209229e-01,3.689876496791839600e-01,5.271018743515014648e-01,-3.587310612201690674e-01,6.428118944168090820e-01,-1.563541889190673828e-01
-4.953266680240631104e-01,5.569118857383728027e-01,-5.067477822303771973e-01,-4.614348411560058594e-01,6.933357715606689453e-01,2.397781759500503540e-01,-4.589306116104125977e-01,4.480169415473937988e-01,-7.003841400146484375e-01,3.157247304916381836e-01,-5.522979497909545898e-01,-6.605338454246520996e-01,4.650020301342010498e-01,-6.780786514282226562e-01,6.240109801292419434e-01,-1.557063460350036621e-01,6.506937742233276367e-01,-3.018652200698852539e-01,-6.176592707633972168e-01,-7.431060075759887695e-02,6.314480900764465332e-01,4.579082727432250977e-01,-6.830951571464538574e-01,-7.308126688003540039e-01,5.683329701423645020e-01,-2.540986239910125732e-02,1.147828996181488037e-02,6.886479258537292480e-01,8.931758254766464233e-02,4.218942821025848389e-01,3.900501430034637451e-01,1.065547466278076172e-01,6.057747006416320801e-01,5.680328607559204102e-01,-4.057538211345672607e-01,4.463050365447998047e-01,-5.652595758438110352e-01,5.842815041542053223e-01,5.569100975990295410e-01,-5.440255999565124512e-01,4.632892310619354248e-01,5.796372294425964355e-01,-3.306048512458801270e-01,4.937172830104827881e-01,6.182577013969421387e-01,-4.768177568912506104e-01,-7.731000185012817383e-01,6.623929142951965332e-01,4.174004495143890381e-01,-6.096050143241882324e-01,-2.661838531494140625e-01,6.895864605903625488e-01,-4.241560399532318115e-01,-6.164495348930358887e-01,-4.871130455285310745e-03,9.455709718167781830e-03,7.329410314559936523e-01,5.955064296722412109e-01,7.526106834411621094e-01,3.356404900550842285e-01,1.282789856195449829e-01,-4.870574474334716797e-01,2.624577283859252930e-01,3.379980921745300293e-01,4.314304590225219727e-01,-6.110749840736389160e-01,-5.643849372863769531e-01,-3.791799545288085938e-01,-6.044448018074035645e-01,-3.664185106754302979e-01,-6.760652661323547363e-01,3.120082616806030273e-01,-6.788390278816223145e-01,-4.790666103363037109e-01,-6.087403893470764160e-01,3.603778183460235596e-01,-3.983310163021087646e-01,6.920553445816040039e-01,-1.230210363864898682e-01,5.006442666053771973e-01,4.701901674270629883e-01,2.178788334131240845e-01,5.573137998580932617e-01,5.866179466247558594e-01,1.493463367223739624e-01,2.015187144279479980e-01,-2.733617126941680908e-01,5.812539458274841309e-01,3.920775055885314941e-01,-5.777330994606018066e-01,-2.209268510341644287e-01,-6.006789803504943848e-01,6.796218156814575195e-01,-1.831148117780685425e-01,-6.900398731231689453e-01,7.642101049423217773e-01,-5.449274778366088867e-01,-6.439360231161117554e-02,-1.733461618423461914e-01,-2.491762042045593262e-01,-5.760473608970642090e-01,1.468268632888793945e-01,5.038200616836547852e-01,2.708622217178344727e-01,5.776616930961608887e-01,6.469573974609375000e-01,-4.018450975418090820e-01,-6.705833077430725098e-01,-3.699897229671478271e-01,-6.026570200920104980e-01,-1.500694751739501953e-01,1.311697661876678467e-01,1.912077516317367554e-01,-3.770072162151336670e-01,6.014593243598937988e-01,3.974664211273193359e-01,-8.274800181388854980e-01,7.131798267364501953e-01,-2.022220045328140259e-01,5.641890168190002441e-01,2.824449837207794189e-01,-2.597697079181671143e-01,-7.445812225341796875e-01,-2.492829859256744385e-01,-2.274660160765051842e-03,-1.415009647607803345e-01,-6.616281270980834961e-01,-6.620533764362335205e-02
4.192649722099304199e-01,-5.067477822303771973e-01,9.504708051681518555e-01,2.612096071243286133e-02,-7.581388354301452637e-01,-7.387763857841491699e-01,8.122365474700927734e-01,-6.892865300178527832e-01,7.107936143875122070e-01,-6.387892961502075195e-01,8.388472795486450195e-01,5.125793814659118652e-01,-8.714315891265869141e-01,7.567996978759765625e-01,-2.613623738288879395e-01,1.272005774080753326e-02,-6.388236880302429199e-01,-2.761610746383666992e-01,7.832443714141845703e-01,-2.928026318550109863e-01,-5.123538151383399963e-02,-7.757613658905029297e-01,2.084469795227050781e-01,7.549893260002136230e-01,-8.138072490692138672e-01,2.532705664634704590e-01,3.645338714122772217e-01,-3.569715619087219238e-01,-2.857478260993957520e-01,-2.588102221488952637e-01,-1.172139495611190796e-01,5.341716408729553223e-01,-8.160108327865600586e-01,-1.755023896694183350e-01,8.871097862720489502e-02,-4.042083024978637695e-01,3.377003073692321777e-01,-7.137231230735778809e-01,-8.449633717536926270e-01,8.575365543365478516e-01,2.939606830477714539e-02,-6.005747318267822266e-01,-2.085033208131790161e-01,-7.198501825332641602e-01,-2.413219958543777466e-01,1.496857311576604843e-02,4.570703804492950439e-01,-6.431062221527099609e-01,-3.228356242179870605e-01,2.459419220685958862e-01,-2.515732944011688232e-01,-8.143810629844665527e-01,-1.413149833679199219e-01,5.587234497070312500e-01,-5.201230645179748535e-01,5.260212421417236328e-01,-7.451515197753906250e-01,-4.852453172206878662e-01,-7.890339493751525879e-01,-4.364872276782989502e-01,4.515348374843597412e-01,-7.362758368253707886e-02,-4.250226616859436035e-01,2.971679568290710449e-01,1.964887082576751709e-01,7.624130249023437500e-01,4.100784063339233398e-01,-2.434024512767791748e-01,4.220896959304809570e-01,7.968695163726806641e-01,8.604006171226501465e-01,-4.888743460178375244e-01,7.228345274925231934e-01,8.427320718765258789e-01,7.172483205795288086e-01,-4.514680057764053345e-02,3.572797775268554688e-01,-2.717387378215789795e-01,6.956287026405334473e-01,1.627716273069381714e-01,-8.017769455909729004e-01,-1.286284029483795166e-01,-3.506309688091278076e-01,-7.412121891975402832e-01,4.471085071563720703e-01,-8.136299252510070801e-01,7.973772883415222168e-01,-8.243104219436645508e-01,1.714932173490524292e-01,7.938217520713806152e-01,8.251659572124481201e-02,8.350949883460998535e-01,-3.644824624061584473e-01,-4.328488111495971680e-01,6.336972117424011230e-01,-6.357616186141967773e-01,6.844156980514526367e-01,9.250797331333160400e-02,-2.890482842922210693e-01,-3.888770937919616699e-01,4.987509846687316895e-01,4.765009880065917969e-01,-1.441211104393005371e-01,1.513728350400924683e-01,-8.440181612968444824e-01,-6.829607486724853516e-01,7.838501930236816406e-01,7.406632304191589355e-01,-3.261751234531402588e-01,7.697531580924987793e-01,-5.439890027046203613e-01,3.416989743709564209e-01,7.993696630001068115e-02,7.579782605171203613e-01,-7.924994230270385742e-01,-5.905502438545227051e-01,6.523398756980895996e-01,-7.458448410034179688e-01,-2.064411491155624390e-01,-7.604137063026428223e-01,-4.445757567882537842e-01,7.125400900840759277e-01,5.647203922271728516e-01,6.428582668304443359e-01,5.141806602478027344e-01,-3.832231462001800537e-01,7.130237817764282227e-01,-6.035985350608825684e-01
-6.820537894964218140e-02,-4.614348411560058594e-01,2.612096071243286133e-02,9.370179176330566406e-01,-1.876942962408065796e-01,4.520319402217864990e-01,2.142955213785171509e-01,-4.057737588882446289e-01,2.444527149200439453e-01,2.420922964811325073e-01,-1.036954522132873535e-01,6.355884671211242676e-01,1.750073283910751343e-01,2.267746441066265106e-02,-7.449638247489929199e-01,2.573405206203460693e-01,-3.685963153839111328e-01,8.675037622451782227e-01,-3.175146644935011864e-03,-1.871232688426971436e-01,-7.690328955650329590e-01,2.306089401245117188e-01,8.171021342277526855e-01,5.077843070030212402e-01,-5.886314064264297485e-02,5.238903313875198364e-02,-6.804455518722534180e-01,-7.992117404937744141e-01,5.995463132858276367e-01,-4.491269886493682861e-01,-4.817039072513580322e-01,-6.076142787933349609e-01,-2.695738971233367920e-01,-7.754854559898376465e-01,7.019801139831542969e-01,2.999441325664520264e-02,5.010583400726318359e-01,-2.629467546939849854e-01,4.541065171360969543e-02,-6.598869711160659790e-02,-7.514720559120178223e-01,-3.340839147567749023e-01,8.978815674781799316e-01,-1.548818200826644897e-01,-8.792632222175598145e-01,9.171934723854064941e-01,5.397318005561828613e-01,-5.204619765281677246e-01,-1.158251836895942688e-01,8.529182672500610352e-01,7.141188383102416992e-01,-3.770674169063568115e-01,7.678724527359008789e-01,7.169186472892761230e-01,4.046067297458648682e-01,-6.737532019615173340e-01,-3.639608025550842285e-01,-6.443658471107482910e-01,-4.199633896350860596e-01,-2.277879565954208374e-01,-7.561585903167724609e-01,8.077579140663146973e-01,-1.272802203893661499e-01,-7.704585790634155273e-01,-9.007301926612854004e-01,1.747543513774871826e-01,6.930584311485290527e-01,8.616347908973693848e-01,6.919775009155273438e-01,-1.682297512888908386e-02,1.374770998954772949e-01,2.482457756996154785e-01,4.212260246276855469e-01,-2.195262759923934937e-01,4.021193087100982666e-01,-8.266416788101196289e-01,4.094641804695129395e-01,-7.552226781845092773e-01,-2.730202674865722656e-01,-7.502270936965942383e-01,2.089924365282058716e-01,-3.477655649185180664e-01,-7.133681178092956543e-01,-2.771610319614410400e-01,-7.959444522857666016e-01,3.814794719219207764e-01,-2.975796461105346680e-01,-6.610901653766632080e-02,-8.025130033493041992e-01,-3.140802681446075439e-02,-1.197374388575553894e-01,2.875506691634654999e-02,-5.182018280029296875e-01,7.870808243751525879e-01,3.220364153385162354e-01,-2.653743028640747070e-01,2.644607722759246826e-01,4.189762100577354431e-02,8.082641959190368652e-01,7.485953569412231445e-01,4.520038366317749023e-01,-7.703183889389038086e-01,-6.535800099372863770e-01,-7.119797468185424805e-01,8.470573276281356812e-02,-3.184685707092285156e-01,-3.520786464214324951e-01,2.344898879528045654e-01,7.639256119728088379e-01,1.662993431091308594e-01,4.989082515239715576e-01,-5.162318944931030273e-01,-3.997985273599624634e-02,-2.012523263692855835e-01,1.110715121030807495e-01,6.071369349956512451e-02,5.924503207206726074e-01,-4.279328584671020508e-01,7.832821607589721680e-01,-1.824551373720169067e-01,4.434556066989898682e-01,-5.136995315551757812e-01,6.594396829605102539e-01,-3.500173389911651611e-01,-5.788410305976867676e-01,6.754116415977478027e-01,2.322007715702056885e-01,6.512132883071899414e-01
-6.121326684951782227e-01,6.933357715606689453e-01,-7.581388354301452637e-01,-1.876942962408065796e-01,9.648337960243225098e-01,6.318182349205017090e-01,-7.403271794319152832e-01,6.553514003753662109e-01,-8.720168471336364746e-01,7.231597900390625000e-01,-8.983960747718811035e-01,-7.081809043884277344e-01,8.297600746154785156e-01,-8.833976387977600098e-01,5.256527066230773926e-01,-1.672889590263366699e-01,8.679037094116210938e-01,1.152604222297668457e-01,-8.564627766609191895e-01,1.113271415233612061e-01,3.234126865863800049e-01,7.954666614532470703e-01,-5.522308945655822754e-01,-8.328096270561218262e-01,8.559148907661437988e-01,-1.530125141143798828e-01,-2.730339169502258301e-01,5.695739984512329102e-01,2.553271353244781494e-01,3.773936629295349121e-01,3.056086897850036621e-01,-3.547292947769165039e-01,8.509656190872192383e-01,3.537733852863311768e-01,-3.466683328151702881e-01,6.532505154609680176e-01,-6.786342263221740723e-01,8.646869063377380371e-01,8.624316453933715820e-01,-8.859816789627075195e-01,2.589526772499084473e-01,8.560810089111328125e-01,-3.009189106523990631e-02,8.464657068252563477e-01,4.418244957923889160e-01,-2.159910798072814941e-01,-7.555820345878601074e-01,8.144544959068298340e-01,6.923990845680236816e-01,-4.184402525424957275e-01,1.358510460704565048e-02,8.934651613235473633e-01,-1.921073943376541138e-01,-5.774806737899780273e-01,3.928771615028381348e-01,-3.691719472408294678e-01,8.823208808898925781e-01,6.804315447807312012e-01,8.486307263374328613e-01,5.534582734107971191e-01,-2.603562474250793457e-01,-1.762510091066360474e-01,5.051656961441040039e-01,-1.719985902309417725e-02,9.802418202161788940e-02,-8.876784443855285645e-01,-5.405889153480529785e-01,-1.589839160442352295e-02,-5.814722776412963867e-01,-6.437069773674011230e-01,-9.366478323936462402e-01,6.191900372505187988e-01,-8.355847001075744629e-01,-8.400678634643554688e-01,-8.392323255538940430e-01,2.061581462621688843e-01,-5.629341006278991699e-01,5.626243948936462402e-01,-5.476926565170288086e-01,1.508433073759078979e-01,7.995704412460327148e-01,2.316254228353500366e-01,5.001547932624816895e-01,8.661853671073913574e-01,-2.992269396781921387e-01,5.912612676620483398e-01,-6.893601417541503906e-01,8.803057074546813965e-01,1.103615611791610718e-01,-8.928728699684143066e-01,-3.955858945846557617e-01,-9.223243594169616699e-01,6.864138841629028320e-01,2.410551160573959351e-01,-8.614190220832824707e-01,8.631340861320495605e-01,-6.968508362770080566e-01,-1.119822859764099121e-01,2.393559217453002930e-01,2.213264405727386475e-01,-6.927872896194458008e-01,-2.678796947002410889e-01,3.434790968894958496e-01,5.411654338240623474e-02,8.921247720718383789e-01,8.009911179542541504e-01,-7.758771777153015137e-01,-8.856351375579833984e-01,2.374819945544004440e-03,-8.804469704627990723e-01,2.765158712863922119e-01,-6.116770207881927490e-02,2.135449051856994629e-01,-7.822651863098144531e-01,8.817905783653259277e-01,7.092090249061584473e-01,-8.330581188201904297e-01,7.421231269836425781e-01,3.503891825675964355e-02,8.534474968910217285e-01,5.251578092575073242e-01,-6.344488263130187988e-01,-7.749501466751098633e-01,-6.680306196212768555e-01,-3.262028098106384277e-01,2.340737879276275635e-01,-9.229429364204406738e-01,3.723454177379608154e-01
-4.225934743881225586e-01,2.397781759500503540e-01,-7.387763857841491699e-01,4.520319402217864990e-01,6.318182349205017090e-01,9.762268662452697754e-01,-5.700264573097229004e-01,4.136083126068115234e-01,-5.999884605407714844e-01,7.638472914695739746e-01,-8.430377244949340820e-01,-1.622880697250366211e-01,8.646563887596130371e-01,-7.027238607406616211e-01,-8.655164390802383423e-02,4.794290661811828613e-02,4.578692615032196045e-01,6.727558970451354980e-01,-7.285290956497192383e-01,4.499845951795578003e-02,-3.129507005214691162e-01,8.598408102989196777e-01,1.686063408851623535e-01,-4.132755994796752930e-01,7.097765803337097168e-01,-3.051792085170745850e-01,-7.288110256195068359e-01,-5.258927494287490845e-02,6.451351046562194824e-01,-9.642238169908523560e-02,-9.459992498159408569e-02,-7.555666565895080566e-01,5.818178653717041016e-01,-1.964342445135116577e-01,2.115559726953506470e-01,4.858082234859466553e-01,-1.595508605241775513e-01,5.678052306175231934e-01,7.911354899406433105e-01,-8.376498818397521973e-01,-4.241675436496734619e-01,4.683068096637725830e-01,6.319103240966796875e-01,6.260408759117126465e-01,-1.836517751216888428e-01,4.334052801132202148e-01,-1.645263731479644775e-01,3.317966759204864502e-01,3.346751034259796143e-01,1.945899128913879395e-01,6.712483167648315430e-01,5.449632406234741211e-01,4.741459190845489502e-01,-1.312631815671920776e-01,6.405627727508544922e-01,-8.327503800392150879e-01,4.938431978225708008e-01,1.352400630712509155e-01,4.753983318805694580e-01,3.473600447177886963e-01,-7.795959711074829102e-01,4.519261419773101807e-01,3.604781031608581543e-01,-6.212867498397827148e-01,-5.841217041015625000e-01,-6.192072629928588867e-01,-1.850511506199836731e-02,5.993645787239074707e-01,-3.231513872742652893e-02,-6.831386089324951172e-01,-7.301882505416870117e-01,5.458431243896484375e-01,-4.518515169620513916e-01,-8.953907489776611328e-01,-4.274497330188751221e-01,-3.524376153945922852e-01,-1.541582643985748291e-01,-7.705637067556381226e-02,-7.291715145111083984e-01,-4.877360761165618896e-01,8.224283456802368164e-01,-4.949582740664482117e-02,-6.536716222763061523e-02,5.488448143005371094e-01,-8.039770126342773438e-01,9.022219777107238770e-01,-8.317433595657348633e-01,7.281792163848876953e-01,-5.532403588294982910e-01,-7.724868059158325195e-01,-2.945111989974975586e-01,-7.786250114440917969e-01,2.038725316524505615e-01,7.657095789909362793e-01,-4.472170770168304443e-01,4.691092967987060547e-01,-4.705911874771118164e-01,-6.929654628038406372e-02,6.729910373687744141e-01,7.413365244865417480e-01,-2.864433228969573975e-01,-7.933903336524963379e-01,-2.052738219499588013e-01,-5.158974528312683105e-01,8.329129219055175781e-01,5.745508074760437012e-01,-9.034676551818847656e-01,-6.077197194099426270e-01,6.132664680480957031e-01,-6.310613751411437988e-01,7.162798047065734863e-01,-5.554469823837280273e-01,2.885245531797409058e-02,-7.859807014465332031e-01,8.200923204421997070e-01,6.220256090164184570e-01,-3.031552135944366455e-01,3.880236744880676270e-01,5.164526700973510742e-01,6.127917170524597168e-01,6.900253891944885254e-01,-9.089532494544982910e-01,-1.903243064880371094e-01,-7.465575337409973145e-01,-6.949740052223205566e-01,6.652676463127136230e-01,-5.824782252311706543e-01,8.531320095062255859e-01
2.999550104141235352e-01,-4.589306116104125977e-01,8.122365474700927734e-01,2.142955213785171509e-01,-7.403271794319152832e-01,-5.700264573097229004e-01,9.405883550643920898e-01,-7.771416306495666504e-01,6.466484665870666504e-01,-5.517349243164062500e-01,7.729794383049011230e-01,5.730261802673339844e-01,-8.389798402786254883e-01,6.987494826316833496e-01,-2.944016158580780029e-01,1.214998140931129456e-01,-6.423335671424865723e-01,-1.460959017276763916e-01,7.113320827484130859e-01,-5.078433752059936523e-01,-1.076904833316802979e-01,-6.379576921463012695e-01,3.678904175758361816e-01,8.273178339004516602e-01,-8.270216584205627441e-01,2.421917319297790527e-01,1.059692129492759705e-01,-4.908519387245178223e-01,1.930497772991657257e-02,-4.464147090911865234e-01,-2.996780574321746826e-01,5.290379524230957031e-01,-8.697471022605895996e-01,-2.318573445081710815e-01,1.842998117208480835e-01,-2.149008810520172119e-01,3.170552253723144531e-01,-6.779034137725830078e-01,-8.354846239089965820e-01,7.997154593467712402e-01,-1.050390526652336121e-01,-5.967437624931335449e-01,2.349608391523361206e-02,-6.669887900352478027e-01,-3.672897219657897949e-01,1.939761638641357422e-01,4.281153380870819092e-01,-7.347167134284973145e-01,-2.861128449440002441e-01,3.716965615749359131e-01,1.345530734397470951e-03,-8.544549942016601562e-01,-2.954780310392379761e-02,6.681703329086303711e-01,-5.617739558219909668e-01,3.298094868659973145e-01,-7.663103938102722168e-01,-5.432415008544921875e-01,-8.382756114006042480e-01,-3.772864341735839844e-01,2.304822802543640137e-01,2.018972299993038177e-03,-4.206803739070892334e-01,1.513517647981643677e-01,1.796221919357776642e-02,7.634008526802062988e-01,5.307504534721374512e-01,-9.655132889747619629e-02,6.273682117462158203e-01,8.028498291969299316e-01,8.314221501350402832e-01,-5.241597890853881836e-01,8.383995294570922852e-01,7.614998221397399902e-01,7.392666935920715332e-01,-3.266129493713378906e-01,3.800630271434783936e-01,-3.634412586688995361e-01,6.679624319076538086e-01,1.139167547225952148e-01,-7.439983487129211426e-01,-1.751874834299087524e-01,-5.563762784004211426e-01,-7.555121779441833496e-01,2.851327061653137207e-01,-7.338570952415466309e-01,7.698350548744201660e-01,-7.813291549682617188e-01,5.154586955904960632e-02,6.871228814125061035e-01,-8.728253841400146484e-02,7.980403304100036621e-01,-3.080913424491882324e-01,-2.995162606239318848e-01,6.924864053726196289e-01,-5.982068181037902832e-01,7.252393960952758789e-01,9.163875132799148560e-02,-1.716513037681579590e-01,-2.792323529720306396e-01,5.367818474769592285e-01,3.446761965751647949e-01,-1.071462184190750122e-01,-1.933173043653368950e-03,-7.962787151336669922e-01,-6.064261794090270996e-01,6.788319349288940430e-01,7.465830445289611816e-01,-2.512178421020507812e-01,7.672293782234191895e-01,-5.807188153266906738e-01,2.514693140983581543e-01,2.863040268421173096e-01,7.028837203979492188e-01,-6.953657865524291992e-01,-6.146427989006042480e-01,7.449492812156677246e-01,-6.962147951126098633e-01,-7.480977103114128113e-03,-7.714681029319763184e-01,-2.466877400875091553e-01,5.396199226379394531e-01,6.448259353637695312e-01,6.278328299522399902e-01,4.189487397670745850e-01,-3.419212400913238525e-01,7.084054350852966309e-01,-4.636190235614776611e-01
-8.649637922644615173e-03,4.480169415473937988e-01,-6.892865300178527832e-01,-4.057737588882446289e-01,6.553514003753662109e-01,4.136083126068115234e-01,-7.771416306495666504e-01,9.631146192550659180e-01,-5.438271760940551758e-01,3.151909708976745605e-01,-6.026562452316284180e-01,-5.681238770484924316e-01,6.312673091888427734e-01,-4.649847447872161865e-01,5.604770183563232422e-01,-3.502609208226203918e-02,5.883278846740722656e-01,-1.151034235954284668e-01,-4.624109268188476562e-01,5.694329142570495605e-01,1.568929702043533325e-01,4.677437543869018555e-01,-4.883619546890258789e-01,-8.032170534133911133e-01,5.965206027030944824e-01,-5.211934447288513184e-01,4.943144693970680237e-02,5.245952010154724121e-01,-2.603071630001068115e-01,1.727626025676727295e-01,1.012355163693428040e-01,-2.371171861886978149e-01,7.444542646408081055e-01,2.964906990528106689e-01,-2.978458106517791748e-01,2.109513133764266968e-01,-4.463859796524047852e-01,6.139582991600036621e-01,5.862496495246887207e-01,-6.778086423873901367e-01,2.503143250942230225e-01,6.748635768890380859e-01,-2.750415205955505371e-01,5.917521119117736816e-01,6.032347083091735840e-01,-3.964589536190032959e-01,-4.908075630664825439e-01,6.826992630958557129e-01,3.820010125637054443e-01,-4.599482715129852295e-01,3.728533163666725159e-02,8.187049627304077148e-01,-1.859494894742965698e-01,-7.468078732490539551e-01,2.671332359313964844e-01,-1.431567817926406860e-01,6.583545804023742676e-01,5.860268473625183105e-01,7.135022282600402832e-01,4.761471748352050781e-01,-7.191687077283859253e-02,-1.370681673288345337e-01,4.088226258754730225e-01,-4.725386947393417358e-02,2.338098734617233276e-01,-5.828303694725036621e-01,-5.222914814949035645e-01,-1.265239268541336060e-01,-6.054272651672363281e-01,-5.723823308944702148e-01,-7.212452292442321777e-01,1.171647533774375916e-01,-7.002415657043457031e-01,-5.437057614326477051e-01,-6.939513683319091797e-01,4.074568748474121094e-01,-4.173152446746826172e-01,3.918055295944213867e-01,-6.756337285041809082e-01,2.915845438838005066e-02,4.421980679035186768e-01,2.180715650320053101e-01,5.296814441680908203e-01,6.456885337829589844e-01,-4.084685072302818298e-02,5.177528858184814453e-01,-5.091674923896789551e-01,6.051665544509887695e-01,2.277511358261108398e-01,-5.487356781959533691e-01,-7.388579845428466797e-02,-6.743996143341064453e-01,5.045107007026672363e-01,6.049086898565292358e-02,-5.303874015808105469e-01,4.458698034286499023e-01,-4.905429780483245850e-01,-8.748947083950042725e-02,-1.209411844611167908e-01,1.609124690294265747e-01,-4.433344006538391113e-01,-3.492091223597526550e-02,2.087017744779586792e-01,5.767424404621124268e-02,5.867419242858886719e-01,6.444801688194274902e-01,-4.103705883026123047e-01,-5.906979441642761230e-01,-2.565701864659786224e-02,-5.872719287872314453e-01,3.550514578819274902e-01,9.051413834095001221e-02,8.070898242294788361e-03,-5.888433456420898438e-01,5.093771815299987793e-01,3.508341014385223389e-01,-6.802626848220825195e-01,5.895272493362426758e-01,-3.647446930408477783e-01,5.891170501708984375e-01,-6.500577926635742188e-02,-2.719841301441192627e-01,-7.006444931030273438e-01,-3.775158226490020752e-01,-7.909489795565605164e-03,-1.305565237998962402e-02,-6.290487051010131836e-01,3.133327960968017578e-01
6.873682141304016113e-01,-7.003841400146484375e-01,7.107936143875122070e-01,2.444527149200439453e-01,-8.720168471336364746e-01,-5.999884605407714844e-01,6.466484665870666504e-01,-5.438271760940551758e-01,9.415072202682495117e-01,-6.790753602981567383e-01,8.415160179138183594e-01,7.606196403503417969e-01,-7.502526044845581055e-01,9.113975167274475098e-01,-5.231619477272033691e-01,2.447751015424728394e-01,-8.703992962837219238e-01,-1.277551800012588501e-02,8.900074362754821777e-01,6.300802528858184814e-02,-4.868959784507751465e-01,-7.759932875633239746e-01,5.794035792350769043e-01,8.384217023849487305e-01,-8.501825928688049316e-01,4.928459599614143372e-02,2.416885644197463989e-01,-6.509272456169128418e-01,-3.608792126178741455e-01,-4.395972788333892822e-01,-4.792977571487426758e-01,2.271828949451446533e-01,-7.991398572921752930e-01,-5.321783423423767090e-01,4.612319469451904297e-01,-6.291906237602233887e-01,6.795929074287414551e-01,-8.514005541801452637e-01,-8.350952863693237305e-01,8.332113623619079590e-01,-2.649816572666168213e-01,-7.759343385696411133e-01,3.996375575661659241e-02,-8.150998353958129883e-01,-4.825212359428405762e-01,2.802650630474090576e-01,7.683494091033935547e-01,-8.051827549934387207e-01,-5.686119794845581055e-01,5.330914258956909180e-01,2.074027992784976959e-02,-8.431934118270874023e-01,2.205418944358825684e-01,6.346699595451354980e-01,-2.898787856101989746e-01,3.114088773727416992e-01,-8.964614272117614746e-01,-7.124742269515991211e-01,-8.825583457946777344e-01,-5.073455572128295898e-01,1.652518957853317261e-01,3.230896592140197754e-01,-4.602636694908142090e-01,-1.241407394409179688e-01,-1.447196155786514282e-01,8.753798604011535645e-01,6.384009718894958496e-01,1.459987461566925049e-01,5.999888181686401367e-01,6.696439385414123535e-01,9.013456106185913086e-01,-5.833745002746582031e-01,8.387227654457092285e-01,7.905437350273132324e-01,7.878341078758239746e-01,-2.706059217453002930e-01,5.491463541984558105e-01,-6.580398678779602051e-01,3.542836904525756836e-01,-2.736299037933349609e-01,-7.870576381683349609e-01,-2.603811025619506836e-01,-5.420318841934204102e-01,-8.442079424858093262e-01,2.111647278070449829e-01,-5.419276356697082520e-01,6.100704073905944824e-01,-8.636323809623718262e-01,-1.024811342358589172e-01,8.325497508049011230e-01,3.225472271442413330e-01,8.489281535148620605e-01,-7.117311358451843262e-01,-1.349082440137863159e-01,8.784251809120178223e-01,-8.945575356483459473e-01,7.696699500083923340e-01,1.068687587976455688e-01,-1.425681859254837036e-01,-7.187834382057189941e-02,8.014075160026550293e-01,2.113896161317825317e-01,-4.509845972061157227e-01,-1.688084006309509277e-01,-8.692241311073303223e-01,-8.579723238945007324e-01,7.337080240249633789e-01,9.147020578384399414e-01,5.733428150415420532e-02,8.664570450782775879e-01,-1.694871187210083008e-01,1.580887585878372192e-01,-1.735664904117584229e-01,6.138744950294494629e-01,-8.652356863021850586e-01,-7.559099197387695312e-01,8.619521260261535645e-01,-8.095899224281311035e-01,-6.233924627304077148e-02,-8.456051945686340332e-01,-5.978573560714721680e-01,6.114301085472106934e-01,7.611787319183349609e-01,5.097702741622924805e-01,3.635542690753936768e-01,-1.896148473024368286e-01,8.775034546852111816e-01,-2.472598105669021606e-01
-6.151835918426513672e-01,3.157247304916381836e-01,-6.387892961502075195e-01,2.420922964811325073e-01,7.231597900390625000e-01,7.638472914695739746e-01,-5.517349243164062500e-01,3.151909708976745605e-01,-6.790753602981567383e-01,6.914065480232238770e-01,-8.618893027305603027e-01,-3.360563218593597412e-01,8.687992691993713379e-01,-8.506674766540527344e-01,5.021068081259727478e-02,-1.098208576440811157e-01,5.499814748764038086e-01,5.015142560005187988e-01,-8.248854279518127441e-01,-2.658363198861479759e-03,-2.032363414764404297e-02,8.026636838912963867e-01,-1.164203360676765442e-01,-5.462488532066345215e-01,8.004398345947265625e-01,-2.177139744162559509e-02,-4.740119874477386475e-01,1.830858737230300903e-01,5.312985181808471680e-01,2.360872477293014526e-01,2.034683823585510254e-01,-6.179067492485046387e-01,6.619144082069396973e-01,2.343244291841983795e-02,-1.212553307414054871e-02,4.488569498062133789e-01,-2.752359509468078613e-01,5.650908946990966797e-01,8.519569039344787598e-01,-8.358933925628662109e-01,-1.583185493946075439e-01,4.840299189090728760e-01,4.067958295345306396e-01,5.704204440116882324e-01,-3.421627730131149292e-02,2.031515985727310181e-01,-3.748550415039062500e-01,4.859411120414733887e-01,3.828110098838806152e-01,-3.406347334384918213e-02,2.695846557617187500e-01,6.088637113571166992e-01,2.038744539022445679e-01,-2.089273035526275635e-01,5.499289631843566895e-01,-5.874524712562561035e-01,6.433474421501159668e-01,2.733221352100372314e-01,6.416704058647155762e-01,2.631848752498626709e-01,-5.264164805412292480e-01,1.708551645278930664e-01,2.955898642539978027e-01,-2.867686450481414795e-01,-3.583186566829681396e-01,-7.053664326667785645e-01,-2.189676761627197266e-01,3.464269042015075684e-01,-2.236849069595336914e-01,-6.746470928192138672e-01,-7.899681925773620605e-01,7.540313601493835449e-01,-6.104279756546020508e-01,-8.877023458480834961e-01,-4.991314411163330078e-01,-1.275279819965362549e-01,-2.290199398994445801e-01,1.803004890680313110e-01,-5.399760603904724121e-01,-1.923797875642776489e-01,8.953943252563476562e-01,4.288931190967559814e-02,2.016796469688415527e-01,5.975706577301025391e-01,-6.328490972518920898e-01,7.589566707611083984e-01,-7.832469344139099121e-01,7.467769980430603027e-01,-3.232041597366333008e-01,-7.486269474029541016e-01,-2.181663513183593750e-01,-7.861452102661132812e-01,2.910401821136474609e-01,5.704063773155212402e-01,-6.740468144416809082e-01,6.731311082839965820e-01,-5.775477290153503418e-01,-6.268016248941421509e-02,5.789369940757751465e-01,4.972300529479980469e-01,-4.302376508712768555e-01,-6.369309425354003906e-01,-6.451939232647418976e-03,-1.699927002191543579e-01,9.035725593566894531e-01,5.538824200630187988e-01,-9.149014949798583984e-01,-7.109804153442382812e-01,3.988831043243408203e-01,-6.987523436546325684e-01,5.221384763717651367e-01,-4.250850975513458252e-01,2.645498514175415039e-02,-6.806755065917968750e-01,8.590759634971618652e-01,7.479506134986877441e-01,-5.227832198143005371e-01,4.752225279808044434e-01,4.675136208534240723e-01,6.638984084129333496e-01,7.096497416496276855e-01,-8.399335145950317383e-01,-3.690741658210754395e-01,-7.373927831649780273e-01,-6.921324729919433594e-01,5.552974343299865723e-01,-6.660878062248229980e-01,5.887436866760253906e-01
6.230289340019226074e-01,-5.522979497909545898e-01,8.388472795486450195e-01,-1.036954522132873535e-01,-8.983960747718811035e-01,-8.430377244949340820e-01,7.729794383049011230e-01,-6.026562452316284180e-01,8.415160179138183594e-01,-8.618893027305603027e-01,9.851059317588806152e-01,5.366469621658325195e-01,-9.640758633613586426e-01,9.219962954521179199e-01,-2.490472942590713501e-01,8.910397440195083618e-02,-7.827436923980712891e-01,-4.307122528553009033e-01,9.219253659248352051e-01,-1.162540763616561890e-01,-6.145234778523445129e-02,-9.311115145683288574e-01,2.620583772659301758e-01,7.456927895545959473e-01,-9.239573478698730469e-01,1.577809900045394897e-01,5.141969323158264160e-01,-3.390760421752929688e-01,-4.512459337711334229e-01,-2.896708846092224121e-01,-2.285976111888885498e-01,6.322718858718872070e-01,-8.305620551109313965e-01,-1.355600357055664062e-01,1.277298033237457275e-01,-5.897488594055175781e-01,4.724060893058776855e-01,-8.395541310310363770e-01,-9.577391743659973145e-01,9.751161336898803711e-01,4.106436669826507568e-02,-7.475163936614990234e-01,-3.019191026687622070e-01,-8.677002787590026855e-01,-1.645916849374771118e-01,-8.381514996290206909e-02,5.506497025489807129e-01,-7.065752744674682617e-01,-5.765786170959472656e-01,1.738239526748657227e-01,-2.832840383052825928e-01,-8.328329324722290039e-01,-1.460597515106201172e-01,4.321950078010559082e-01,-5.979880094528198242e-01,6.555668711662292480e-01,-8.299927115440368652e-01,-5.055807232856750488e-01,-7.987238764762878418e-01,-4.926062524318695068e-01,5.510239005088806152e-01,-1.084697693586349487e-01,-5.123897194862365723e-01,3.177801370620727539e-01,2.470663189888000488e-01,8.954558968544006348e-01,3.891627192497253418e-01,-2.882309556007385254e-01,4.230023026466369629e-01,7.920046448707580566e-01,9.523441195487976074e-01,-7.210902571678161621e-01,7.826097607612609863e-01,9.745662212371826172e-01,7.522635459899902344e-01,2.529347501695156097e-02,4.391522109508514404e-01,-3.137560486793518066e-01,6.909019947052001953e-01,1.601423472166061401e-01,-9.400684237480163574e-01,-1.269094496965408325e-01,-3.085304498672485352e-01,-8.497616648674011230e-01,5.987811088562011719e-01,-8.316261172294616699e-01,8.782237172126770020e-01,-9.388526082038879395e-01,2.431767582893371582e-01,9.357571005821228027e-01,3.336885571479797363e-01,9.589459896087646484e-01,-4.740886390209197998e-01,-5.495564937591552734e-01,7.878587841987609863e-01,-7.966752648353576660e-01,7.141679525375366211e-01,1.086382865905761719e-01,-5.139264464378356934e-01,-4.972468018531799316e-01,6.181257367134094238e-01,5.901048183441162109e-01,-9.042716771364212036e-02,2.077657133340835571e-01,-9.821078181266784668e-01,-7.367265820503234863e-01,9.442019462585449219e-01,8.743878006935119629e-01,-3.501705229282379150e-01,8.973520398139953613e-01,-5.571931600570678711e-01,3.570512533187866211e-01,-7.148621231317520142e-02,8.754987716674804688e-01,-9.607515335083007812e-01,-8.067131638526916504e-01,6.854369640350341797e-01,-6.784385442733764648e-01,-3.325927555561065674e-01,-8.793811202049255371e-01,-6.876667737960815430e-01,8.616715669631958008e-01,5.711556077003479004e-01,7.951256632804870605e-01,6.166747808456420898e-01,-5.385923385620117188e-01,8.793743848800659180e-01,-6.514985561370849609e-01
4.741782546043395996e-01,-6.605338454246520996e-01,5.125793814659118652e-01,6.355884671211242676e-01,-7.081809043884277344e-01,-1.622880697250366211e-01,5.730261802673339844e-01,-5.681238770484924316e-01,7.606196403503417969e-01,-3.360563218593597412e-01,5.366469621658325195e-01,8.364976048469543457e-01,-4.487802684307098389e-01,6.726526618003845215e-01,-7.157492637634277344e-01,2.713524103164672852e-01,-7.637527585029602051e-01,4.322758018970489502e-01,6.338323354721069336e-01,-8.830805122852325439e-02,-7.485286593437194824e-01,-4.143923223018646240e-01,8.396737575531005859e-01,8.695269823074340820e-01,-6.474621295928955078e-01,-1.383217866532504559e-03,-2.071886658668518066e-01,-8.634347915649414062e-01,7.778099179267883301e-02,-5.995563864707946777e-01,-5.828686952590942383e-01,-1.272511780261993408e-01,-7.161088585853576660e-01,-7.405941486358642578e-01,6.081010699272155762e-01,-3.865661025047302246e-01,6.681630015373229980e-01,-6.815907359123229980e-01,-5.786851644515991211e-01,5.526005029678344727e-01,-5.704134106636047363e-01,-6.638239622116088867e-01,5.046020746231079102e-01,-5.965854525566101074e-01,-7.714393138885498047e-01,6.643100976943969727e-01,8.107563853263854980e-01,-8.207328319549560547e-01,-4.228106737136840820e-01,8.092202544212341309e-01,4.454260766506195068e-01,-7.810733318328857422e-01,5.210027694702148438e-01,8.026600480079650879e-01,-4.926910251379013062e-02,-1.457367092370986938e-01,-8.206737041473388672e-01,-7.767206430435180664e-01,-8.655411005020141602e-01,-4.023447036743164062e-01,-2.902153134346008301e-01,6.220307946205139160e-01,-3.420126140117645264e-01,-4.964957833290100098e-01,-5.581369400024414062e-01,6.976356506347656250e-01,7.909876704216003418e-01,5.442938804626464844e-01,7.696019411087036133e-01,4.904258847236633301e-01,7.062218785285949707e-01,-3.366062939167022705e-01,8.205803632736206055e-01,4.423914551734924316e-01,7.353240847587585449e-01,-6.294551491737365723e-01,5.289103388786315918e-01,-8.321534395217895508e-01,1.100737974047660828e-01,-5.712132453918457031e-01,-4.708570539951324463e-01,-3.239988684654235840e-01,-7.917594909667968750e-01,-7.097055315971374512e-01,-2.587856054306030273e-01,-1.820597797632217407e-01,3.044987022876739502e-01,-6.285305619239807129e-01,-4.896648824214935303e-01,5.476820468902587891e-01,1.016633361577987671e-01,5.993317365646362305e-01,-7.302771806716918945e-01,3.089493811130523682e-01,8.065297603607177734e-01,-7.721844911575317383e-01,6.874407529830932617e-01,8.599178493022918701e-02,3.030067980289459229e-01,3.399910330772399902e-01,7.557795643806457520e-01,-2.438878417015075684e-01,-6.144389510154724121e-01,-4.426323175430297852e-01,-5.806106925010681152e-01,-7.225905656814575195e-01,3.456430435180664062e-01,7.580617666244506836e-01,4.163188338279724121e-01,6.810787320137023926e-01,1.264298558235168457e-01,-1.305063217878341675e-01,-9.126108884811401367e-02,3.162378668785095215e-01,-5.422259569168090820e-01,-5.204206705093383789e-01,9.356697797775268555e-01,-7.938980460166931152e-01,3.383482694625854492e-01,-6.733689904212951660e-01,-1.924700736999511719e-01,1.678469032049179077e-01,8.753400444984436035e-01,1.839444190263748169e-01,-5.511084105819463730e-03,1.853930503129959106e-01,7.136867642402648926e-01,1.695830672979354858e-01
