9.999982118606567383e-01,-9.999984502792358398e-01,-9.999942779541015625e-01,9.999970793724060059e-01,9.999988079071044922e-01,-9.999988079071044922e-01,9.999944567680358887e-01,9.999990463256835938e-01,-9.999911189079284668e-01,9.999985098838806152e-01,-9.999986290931701660e-01,-9.999988675117492676e-01,9.999977946281433105e-01,9.999983906745910645e-01,9.999953508377075195e-01,9.999929070472717285e-01,9.999974370002746582e-01,-9.999976158142089844e-01,9.999916553497314453e-01,-9.999991059303283691e-01,-9.999988675117492676e-01,9.999945759773254395e-01,9.999985694885253906e-01,9.999970197677612305e-01,9.999889731407165527e-01,9.999989271163940430e-01,-9.999982118606567383e-01,-9.999987483024597168e-01,9.999915361404418945e-01,-9.999966025352478027e-01,-9.999901056289672852e-01,-9.999979138374328613e-01,9.999821186065673828e-01,9.999943375587463379e-01,-9.999979734420776367e-01,9.999577999114990234e-01,9.999989867210388184e-01,9.999984502792358398e-01,9.999822378158569336e-01,-9.999988675117492676e-01,9.999986290931701660e-01,9.999906420707702637e-01,9.999822378158569336e-01,9.999989271163940430e-01,9.999980926513671875e-01,9.999979138374328613e-01,-9.999932050704956055e-01,9.999986886978149414e-01,9.999986886978149414e-01,-9.999984502792358398e-01,-9.999987483024597168e-01,-9.999986290931701660e-01,-9.999986886978149414e-01,-9.999929666519165039e-01,-9.999985694885253906e-01,-9.999980330467224121e-01,9.999251961708068848e-01,9.999936819076538086e-01,9.999935030937194824e-01,9.999982714653015137e-01,-9.999983906745910645e-01,9.999989271163940430e-01,9.999982714653015137e-01,9.999954104423522949e-01,-9.999933242797851562e-01,-9.999988675117492676e-01,-9.999990463256835938e-01,-9.999954104423522949e-01,-9.999990463256835938e-01,9.999982714653015137e-01,-9.999988079071044922e-01,9.999952912330627441e-01,-9.999938011169433594e-01,-9.999935626983642578e-01,-9.999856352806091309e-01,-9.999983906745910645e-01,9.999902248382568359e-01,9.999986886978149414e-01,-9.999932646751403809e-01,-9.999950528144836426e-01,9.999915361404418945e-01,9.999975562095642090e-01,-9.999988079071044922e-01,9.999982118606567383e-01,-9.999983310699462891e-01,-9.999828934669494629e-01,-9.998704195022583008e-01,9.999989271163940430e-01,9.999926686286926270e-01,9.999905228614807129e-01,-9.999930262565612793e-01,9.999983906745910645e-01,-9.999862313270568848e-01,-9.999971389770507812e-01,9.999971985816955566e-01,-9.999977946281433105e-01,-9.999853372573852539e-01,9.999989867210388184e-01,-9.999987483024597168e-01,9.999973773956298828e-01,-9.999967813491821289e-01,9.999988675117492676e-01,9.999493956565856934e-01,9.999571442604064941e-01,9.999986886978149414e-01,9.999953508377075195e-01,-9.999809861183166504e-01,-9.999985098838806152e-01,-9.999942779541015625e-01,9.999985694885253906e-01,-9.999985098838806152e-01,9.999973773956298828e-01,-9.999981522560119629e-01,-9.998448491096496582e-01,9.999990463256835938e-01,-9.999965429306030273e-01,9.999989867210388184e-01,-9.999977946281433105e-01,-9.999952912330627441e-01,-9.999960064888000488e-01,-9.999982714653015137e-01,9.999966621398925781e-01,9.999974370002746582e-01,-9.999967217445373535e-01,-9.999912977218627930e-01,-9.999944567680358887e-01,9.999635219573974609e-01,-9.999899864196777344e-01
-9.999984502792358398e-01,9.999986290931701660e-01,9.999950528144836426e-01,-9.999974370002746582e-01,-9.999989271163940430e-01,9.999988079071044922e-01,-9.999951720237731934e-01,-9.999991655349731445e-01,9.999924898147583008e-01,-9.999986290931701660e-01,9.999988675117492676e-01,9.999989867210388184e-01,-9.999980926513671875e-01,-9.999985694885253906e-01,-9.999959468841552734e-01,-9.999939203262329102e-01,-9.999977350234985352e-01,9.999979138374328613e-01,-9.999927282333374023e-01,9.999992251396179199e-01,9.999991059303283691e-01,-9.999952912330627441e-01,-9.999987483024597168e-01,-9.999973773956298828e-01,-9.999905228614807129e-01,-9.999990463256835938e-01,9.999983310699462891e-01,9.999988079071044922e-01,-9.999927878379821777e-01,9.999970197677612305e-01,9.999914169311523438e-01,9.999982118606567383e-01,-9.999846220016479492e-01,-9.999951124191284180e-01,9.999982118606567383e-01,-9.999638795852661133e-01,-9.999991059303283691e-01,-9.999986886978149414e-01,-9.999848008155822754e-01,9.999989867210388184e-01,-9.999987483024597168e-01,-9.999919533729553223e-01,-9.999847412109375000e-01,-9.999991059303283691e-01,-9.999982714653015137e-01,-9.999980926513671875e-01,9.999941587448120117e-01,-9.999987483024597168e-01,-9.999988079071044922e-01,9.999985694885253906e-01,9.999988675117492676e-01,9.999987483024597168e-01,9.999988079071044922e-01,9.999939203262329102e-01,9.999986886978149414e-01,9.999982714653015137e-01,-9.999361634254455566e-01,-9.999946355819702148e-01,-9.999943971633911133e-01,-9.999983906745910645e-01,9.999985694885253906e-01,-9.999990463256835938e-01,-9.999985694885253906e-01,-9.999960064888000488e-01,9.999942183494567871e-01,9.999989271163940430e-01,9.999991059303283691e-01,9.999959468841552734e-01,9.999991655349731445e-01,-9.999983906745910645e-01,9.999988675117492676e-01,-9.999959468841552734e-01,9.999946355819702148e-01,9.999943971633911133e-01,9.999876618385314941e-01,9.999986290931701660e-01,-9.999915957450866699e-01,-9.999988079071044922e-01,9.999942183494567871e-01,9.999957084655761719e-01,-9.999927282333374023e-01,-9.999978542327880859e-01,9.999988675117492676e-01,-9.999983906745910645e-01,9.999985098838806152e-01,9.999853968620300293e-01,9.998893141746520996e-01,-9.999991059303283691e-01,-9.999936819076538086e-01,-9.999918341636657715e-01,9.999939799308776855e-01,-9.999985098838806152e-01,9.999881982803344727e-01,9.999975562095642090e-01,-9.999975562095642090e-01,9.999979734420776367e-01,9.999874830245971680e-01,-9.999991655349731445e-01,9.999988675117492676e-01,-9.999976754188537598e-01,9.999970793724060059e-01,-9.999991059303283691e-01,-9.999567866325378418e-01,-9.999634027481079102e-01,-9.999987483024597168e-01,-9.999958276748657227e-01,9.999837279319763184e-01,9.999986290931701660e-01,9.999950528144836426e-01,-9.999986290931701660e-01,9.999986290931701660e-01,-9.999976158142089844e-01,9.999983310699462891e-01,9.998676180839538574e-01,-9.999991655349731445e-01,9.999969601631164551e-01,-9.999991655349731445e-01,9.999980330467224121e-01,9.999958872795104980e-01,9.999966025352478027e-01,9.999985098838806152e-01,-9.999970793724060059e-01,-9.999977350234985352e-01,9.999971389770507812e-01,9.999925494194030762e-01,9.999951720237731934e-01,-9.999689459800720215e-01,9.999913573265075684e-01
-9.999942779541015625e-01,9.999950528144836426e-01,9.999809861183166504e-01,-9.999903440475463867e-01,-9.999960660934448242e-01,9.999958276748657227e-01,-9.999817013740539551e-01,-9.999966621398925781e-01,9.999708533287048340e-01,-9.999948740005493164e-01,9.999958276748657227e-01,9.999961256980895996e-01,-9.999928474426269531e-01,-9.999946355819702148e-01,-9.999846220016479492e-01,-9.999766349792480469e-01,-9.999915361404418945e-01,9.999920725822448730e-01,-9.999724030494689941e-01,9.999968409538269043e-01,9.999963045120239258e-01,-9.999821782112121582e-01,-9.999952912330627441e-01,-9.999901652336120605e-01,-9.999633431434631348e-01,-9.999961853027343750e-01,9.999938607215881348e-01,9.999959468841552734e-01,-9.999716877937316895e-01,9.999891519546508789e-01,9.999670982360839844e-01,9.999933242797851562e-01,-9.999407529830932617e-01,-9.999814629554748535e-01,9.999932050704956055e-01,-9.998610019683837891e-01,-9.999964833259582520e-01,-9.999949336051940918e-01,-9.999412894248962402e-01,9.999961853027343750e-01,-9.999954104423522949e-01,-9.999688267707824707e-01,-9.999413490295410156e-01,-9.999963641166687012e-01,-9.999938011169433594e-01,-9.999929666519165039e-01,9.999777078628540039e-01,-9.999955296516418457e-01,-9.999954700469970703e-01,9.999948740005493164e-01,9.999960064888000488e-01,9.999953508377075195e-01,9.999956488609313965e-01,9.999769926071166992e-01,9.999952912330627441e-01,9.999934434890747070e-01,-9.997542500495910645e-01,-9.999793171882629395e-01,-9.999783635139465332e-01,-9.999940395355224609e-01,9.999944567680358887e-01,-9.999961853027343750e-01,-9.999944567680358887e-01,-9.999849200248718262e-01,9.999778270721435547e-01,9.999960660934448242e-01,9.999966025352478027e-01,9.999848008155822754e-01,9.999966025352478027e-01,-9.999939799308776855e-01,9.999960064888000488e-01,-9.999845027923583984e-01,9.999794363975524902e-01,9.999785423278808594e-01,9.999523758888244629e-01,9.999948143959045410e-01,-9.999675750732421875e-01,-9.999957084655761719e-01,9.999779462814331055e-01,9.999834895133972168e-01,-9.999720454216003418e-01,-9.999918937683105469e-01,9.999959468841552734e-01,-9.999939203262329102e-01,9.999942779541015625e-01,9.999435544013977051e-01,9.995740652084350586e-01,-9.999964237213134766e-01,-9.999756217002868652e-01,-9.999685883522033691e-01,9.999770522117614746e-01,-9.999945163726806641e-01,9.999544620513916016e-01,9.999908208847045898e-01,-9.999908208847045898e-01,9.999927878379821777e-01,9.999516606330871582e-01,-9.999965429306030273e-01,9.999958872795104980e-01,-9.999911785125732422e-01,9.999892115592956543e-01,-9.999962449073791504e-01,-9.998335242271423340e-01,-9.998589158058166504e-01,-9.999955296516418457e-01,-9.999846220016479492e-01,9.999374151229858398e-01,9.999948740005493164e-01,9.999809265136718750e-01,-9.999949932098388672e-01,9.999951720237731934e-01,-9.999911785125732422e-01,9.999939203262329102e-01,9.994897842407226562e-01,-9.999966025352478027e-01,9.999887347221374512e-01,-9.999964833259582520e-01,9.999925494194030762e-01,9.999845027923583984e-01,9.999869465827941895e-01,9.999944567680358887e-01,-9.999892711639404297e-01,-9.999915361404418945e-01,9.999893903732299805e-01,9.999713897705078125e-01,9.999815225601196289e-01,-9.998801350593566895e-01,9.999667406082153320e-01
9.999970793724060059e-01,-9.999974370002746582e-01,-9.999903440475463867e-01,9.999949932098388672e-01,9.999979734420776367e-01,-9.999979138374328613e-01,9.999905824661254883e-01,9.999982118606567383e-01,-9.999851584434509277e-01,9.999974370002746582e-01,-9.999977946281433105e-01,-9.999979734420776367e-01,9.999963045120239258e-01,9.999971985816955566e-01,9.999921321868896484e-01,9.999880194664001465e-01,9.999957084655761719e-01,-9.999959468841552734e-01,9.999858736991882324e-01,-9.999984502792358398e-01,-9.999980926513671875e-01,9.999908804893493652e-01,9.999975562095642090e-01,9.999949336051940918e-01,9.999812841415405273e-01,9.999980330467224121e-01,-9.999968409538269043e-01,-9.999978542327880859e-01,9.999856352806091309e-01,-9.999943971633911133e-01,-9.999832510948181152e-01,-9.999965429306030273e-01,9.999697804450988770e-01,9.999905228614807129e-01,-9.999965429306030273e-01,9.999288916587829590e-01,9.999982714653015137e-01,9.999974370002746582e-01,9.999699592590332031e-01,-9.999979734420776367e-01,9.999975562095642090e-01,9.999840259552001953e-01,9.999701380729675293e-01,9.999982118606567383e-01,9.999967813491821289e-01,9.999964237213134766e-01,-9.999886155128479004e-01,9.999976754188537598e-01,9.999976754188537598e-01,-9.999973773956298828e-01,-9.999979138374328613e-01,-9.999975562095642090e-01,-9.999977350234985352e-01,-9.999881982803344727e-01,-9.999975562095642090e-01,-9.999966025352478027e-01,9.998741745948791504e-01,9.999893903732299805e-01,9.999889731407165527e-01,9.999969601631164551e-01,-9.999971389770507812e-01,9.999980330467224121e-01,9.999971389770507812e-01,9.999922513961791992e-01,-9.999887347221374512e-01,-9.999979734420776367e-01,-9.999983310699462891e-01,-9.999923110008239746e-01,-9.999982118606567383e-01,9.999969005584716797e-01,-9.999979138374328613e-01,9.999920725822448730e-01,-9.999895095825195312e-01,-9.999890327453613281e-01,-9.999756813049316406e-01,-9.999972581863403320e-01,9.999835491180419922e-01,9.999977350234985352e-01,-9.999887943267822266e-01,-9.999915957450866699e-01,9.999856948852539062e-01,9.999958276748657227e-01,-9.999979138374328613e-01,9.999969005584716797e-01,-9.999970197677612305e-01,-9.999712705612182617e-01,-9.997821450233459473e-01,9.999980926513671875e-01,9.999876022338867188e-01,9.999839663505554199e-01,-9.999882578849792480e-01,9.999971985816955566e-01,-9.999768137931823730e-01,-9.999952912330627441e-01,9.999953508377075195e-01,-9.999962449073791504e-01,-9.999753236770629883e-01,9.999982118606567383e-01,-9.999977946281433105e-01,9.999954700469970703e-01,-9.999945163726806641e-01,9.999980926513671875e-01,9.999148249626159668e-01,9.999278187751770020e-01,9.999977350234985352e-01,9.999921321868896484e-01,-9.999679923057556152e-01,-9.999973773956298828e-01,-9.999902844429016113e-01,9.999974370002746582e-01,-9.999974966049194336e-01,9.999954700469970703e-01,-9.999969005584716797e-01,-9.997389912605285645e-01,9.999982714653015137e-01,-9.999942779541015625e-01,9.999983310699462891e-01,-9.999961256980895996e-01,-9.999920725822448730e-01,-9.999933838844299316e-01,-9.999970793724060059e-01,9.999944567680358887e-01,9.999957084655761719e-01,-9.999945759773254395e-01,-9.999853372573852539e-01,-9.999905824661254883e-01,9.999387264251708984e-01,-9.999830722808837891e-01
9.999988079071044922e-01,-9.999989271163940430e-01,-9.999960660934448242e-01,9.999979734420776367e-01,9.999992251396179199e-01,-9.999991655349731445e-01,9.999961853027343750e-01,9.999992847442626953e-01,-9.999940395355224609e-01,9.999989271163940430e-01,-9.999991655349731445e-01,-9.999991655349731445e-01,9.999985098838806152e-01,9.999988675117492676e-01,9.999968409538269043e-01,9.999952912330627441e-01,9.999982118606567383e-01,-9.999983310699462891e-01,9.999943375587463379e-01,-9.999994039535522461e-01,-9.999992847442626953e-01,9.999963045120239258e-01,9.999991059303283691e-01,9.999980330467224121e-01,9.999924898147583008e-01,9.999992847442626953e-01,-9.999986886978149414e-01,-9.999992251396179199e-01,9.999942779541015625e-01,-9.999977350234985352e-01,-9.999932646751403809e-01,-9.999986290931701660e-01,9.999879002571105957e-01,9.999961256980895996e-01,-9.999986886978149414e-01,9.999716281890869141e-01,9.999992847442626953e-01,9.999989271163940430e-01,9.999880790710449219e-01,-9.999992251396179199e-01,9.999991059303283691e-01,9.999936223030090332e-01,9.999880194664001465e-01,9.999992847442626953e-01,9.999986290931701660e-01,9.999985098838806152e-01,-9.999954104423522949e-01,9.999990463256835938e-01,9.999991059303283691e-01,-9.999989271163940430e-01,-9.999991059303283691e-01,-9.999991059303283691e-01,-9.999991655349731445e-01,-9.999952912330627441e-01,-9.999991059303283691e-01,-9.999986290931701660e-01,9.999496340751647949e-01,9.999957680702209473e-01,9.999955892562866211e-01,9.999987483024597168e-01,-9.999988675117492676e-01,9.999993443489074707e-01,9.999988675117492676e-01,9.999968409538269043e-01,-9.999954700469970703e-01,-9.999992251396179199e-01,-9.999992847442626953e-01,-9.999969005584716797e-01,-9.999993443489074707e-01,9.999987483024597168e-01,-9.999992251396179199e-01,9.999967813491821289e-01,-9.999958276748657227e-01,-9.999955892562866211e-01,-9.999902844429016113e-01,-9.999989867210388184e-01,9.999934434890747070e-01,9.999991655349731445e-01,-9.999954700469970703e-01,-9.999966025352478027e-01,9.999942779541015625e-01,9.999983310699462891e-01,-9.999992251396179199e-01,9.999986886978149414e-01,-9.999988675117492676e-01,-9.999884963035583496e-01,-9.999127984046936035e-01,9.999992847442626953e-01,9.999950528144836426e-01,9.999936819076538086e-01,-9.999952912330627441e-01,9.999989271163940430e-01,-9.999907612800598145e-01,-9.999980926513671875e-01,9.999980926513671875e-01,-9.999985098838806152e-01,-9.999900460243225098e-01,9.999993443489074707e-01,-9.999992251396179199e-01,9.999981522560119629e-01,-9.999977946281433105e-01,9.999991655349731445e-01,9.999659061431884766e-01,9.999711513519287109e-01,9.999991059303283691e-01,9.999968409538269043e-01,-9.999872446060180664e-01,-9.999989867210388184e-01,-9.999960064888000488e-01,9.999989867210388184e-01,-9.999990463256835938e-01,9.999981522560119629e-01,-9.999986886978149414e-01,-9.998955726623535156e-01,9.999993443489074707e-01,-9.999976158142089844e-01,9.999993443489074707e-01,-9.999984502792358398e-01,-9.999967813491821289e-01,-9.999973177909851074e-01,-9.999988079071044922e-01,9.999977350234985352e-01,9.999982118606567383e-01,-9.999977350234985352e-01,-9.999941587448120117e-01,-9.999961853027343750e-01,9.999755024909973145e-01,-9.999932050704956055e-01
-9.999988079071044922e-01,9.999988079071044922e-01,9.999958276748657227e-01,-9.999979138374328613e-01,-9.999991655349731445e-01,9.999992251396179199e-01,-9.999958872795104980e-01,-9.999992251396179199e-01,9.999936223030090332e-01,-9.999989271163940430e-01,9.999990463256835938e-01,9.999992251396179199e-01,-9.999983906745910645e-01,-9.999988079071044922e-01,-9.999965429306030273e-01,-9.999949336051940918e-01,-9.999982118606567383e-01,9.999982118606567383e-01,-9.999939799308776855e-01,9.999993443489074707e-01,9.999992251396179199e-01,-9.999961256980895996e-01,-9.999989867210388184e-01,-9.999978542327880859e-01,-9.999920129776000977e-01,-9.999992847442626953e-01,9.999986290931701660e-01,9.999991655349731445e-01,-9.999938607215881348e-01,9.999976158142089844e-01,9.999927878379821777e-01,9.999985098838806152e-01,-9.999870061874389648e-01,-9.999959468841552734e-01,9.999985694885253906e-01,-9.999694824218750000e-01,-9.999993443489074707e-01,-9.999989271163940430e-01,-9.999871253967285156e-01,9.999992847442626953e-01,-9.999989867210388184e-01,-9.999932050704956055e-01,-9.999871253967285156e-01,-9.999992251396179199e-01,-9.999986290931701660e-01,-9.999985098838806152e-01,9.999951124191284180e-01,-9.999990463256835938e-01,-9.999989867210388184e-01,9.999988675117492676e-01,9.999991655349731445e-01,9.999989867210388184e-01,9.999991059303283691e-01,9.999949336051940918e-01,9.999989271163940430e-01,9.999985098838806152e-01,-9.999457597732543945e-01,-9.999954104423522949e-01,-9.999952912330627441e-01,-9.999987483024597168e-01,9.999988079071044922e-01,-9.999992847442626953e-01,-9.999988079071044922e-01,-9.999967217445373535e-01,9.999951720237731934e-01,9.999991655349731445e-01,9.999993443489074707e-01,9.999966621398925781e-01,9.999992847442626953e-01,-9.999987483024597168e-01,9.999992847442626953e-01,-9.999965429306030273e-01,9.999955296516418457e-01,9.999953508377075195e-01,9.999896287918090820e-01,9.999988079071044922e-01,-9.999928474426269531e-01,-9.999989867210388184e-01,9.999951124191284180e-01,9.999964237213134766e-01,-9.999939203262329102e-01,-9.999982714653015137e-01,9.999991655349731445e-01,-9.999986886978149414e-01,9.999988079071044922e-01,9.999876618385314941e-01,9.999060034751892090e-01,-9.999993443489074707e-01,-9.999946951866149902e-01,-9.999931454658508301e-01,9.999949336051940918e-01,-9.999988079071044922e-01,9.999900460243225098e-01,9.999979138374328613e-01,-9.999979734420776367e-01,9.999983906745910645e-01,9.999893307685852051e-01,-9.999992847442626953e-01,9.999991655349731445e-01,-9.999980330467224121e-01,9.999976158142089844e-01,-9.999992251396179199e-01,-9.999633431434631348e-01,-9.999690651893615723e-01,-9.999990463256835938e-01,-9.999966621398925781e-01,9.999863505363464355e-01,9.999989271163940430e-01,9.999957680702209473e-01,-9.999989271163940430e-01,9.999989271163940430e-01,-9.999980330467224121e-01,9.999986886978149414e-01,9.998874068260192871e-01,-9.999992847442626953e-01,9.999974370002746582e-01,-9.999993443489074707e-01,9.999983310699462891e-01,9.999964237213134766e-01,9.999970793724060059e-01,9.999987483024597168e-01,-9.999976158142089844e-01,-9.999980926513671875e-01,9.999976754188537598e-01,9.999936819076538086e-01,9.999959468841552734e-01,-9.999735951423645020e-01,9.999926686286926270e-01
9.999944567680358887e-01,-9.999951720237731934e-01,-9.999817013740539551e-01,9.999905824661254883e-01,9.999961853027343750e-01,-9.999958872795104980e-01,9.999822974205017090e-01,9.999967217445373535e-01,-9.999719858169555664e-01,9.999951124191284180e-01,-9.999958276748657227e-01,-9.999962449073791504e-01,9.999930262565612793e-01,9.999947547912597656e-01,9.999850988388061523e-01,9.999774098396301270e-01,9.999917745590209961e-01,-9.999923706054687500e-01,9.999733567237854004e-01,-9.999968409538269043e-01,-9.999963045120239258e-01,9.999828338623046875e-01,9.999954104423522949e-01,9.999904632568359375e-01,9.999647140502929688e-01,9.999963045120239258e-01,-9.999939799308776855e-01,-9.999960660934448242e-01,9.999727606773376465e-01,-9.999895095825195312e-01,-9.999682903289794922e-01,-9.999935626983642578e-01,9.999428987503051758e-01,9.999821186065673828e-01,-9.999934434890747070e-01,9.998663067817687988e-01,9.999965429306030273e-01,9.999951124191284180e-01,9.999434351921081543e-01,-9.999962449073791504e-01,9.999954700469970703e-01,9.999698996543884277e-01,9.999436140060424805e-01,9.999963641166687012e-01,9.999939799308776855e-01,9.999931454658508301e-01,-9.999784827232360840e-01,9.999955892562866211e-01,9.999955296516418457e-01,-9.999949932098388672e-01,-9.999959468841552734e-01,-9.999954104423522949e-01,-9.999957680702209473e-01,-9.999778270721435547e-01,-9.999954104423522949e-01,-9.999936819076538086e-01,9.997633695602416992e-01,9.999800920486450195e-01,9.999791979789733887e-01,9.999941587448120117e-01,-9.999946951866149902e-01,9.999963641166687012e-01,9.999945759773254395e-01,9.999854564666748047e-01,-9.999786019325256348e-01,-9.999961853027343750e-01,-9.999967217445373535e-01,-9.999852776527404785e-01,-9.999965429306030273e-01,9.999942183494567871e-01,-9.999960064888000488e-01,9.999850988388061523e-01,-9.999800920486450195e-01,-9.999792575836181641e-01,-9.999542236328125000e-01,-9.999949336051940918e-01,9.999688267707824707e-01,9.999958276748657227e-01,-9.999787807464599609e-01,-9.999840259552001953e-01,9.999731183052062988e-01,9.999921321868896484e-01,-9.999959468841552734e-01,9.999940395355224609e-01,-9.999945163726806641e-01,-9.999457001686096191e-01,-9.995902180671691895e-01,9.999964833259582520e-01,9.999765753746032715e-01,9.999697804450988770e-01,-9.999778866767883301e-01,9.999946951866149902e-01,-9.999561309814453125e-01,-9.999910593032836914e-01,9.999911189079284668e-01,-9.999929666519165039e-01,-9.999534487724304199e-01,9.999966621398925781e-01,-9.999958872795104980e-01,9.999914169311523438e-01,-9.999896287918090820e-01,9.999962449073791504e-01,9.998397827148437500e-01,9.998642802238464355e-01,9.999956488609313965e-01,9.999852180480957031e-01,-9.999396800994873047e-01,-9.999950528144836426e-01,-9.999815225601196289e-01,9.999951124191284180e-01,-9.999952912330627441e-01,9.999914765357971191e-01,-9.999941587448120117e-01,-9.995091557502746582e-01,9.999966025352478027e-01,-9.999891519546508789e-01,9.999965429306030273e-01,-9.999928474426269531e-01,-9.999850988388061523e-01,-9.999874234199523926e-01,-9.999944567680358887e-01,9.999895691871643066e-01,9.999918341636657715e-01,-9.999898076057434082e-01,-9.999724030494689941e-01,-9.999821782112121582e-01,9.998846054077148438e-01,-9.999679923057556152e-01
9.999990463256835938e-01,-9.999991655349731445e-01,-9.999966621398925781e-01,9.999982118606567383e-01,9.999992847442626953e-01,-9.999992251396179199e-01,9.999967217445373535e-01,9.999994039535522461e-01,-9.999949336051940918e-01,9.999991655349731445e-01,-9.999991655349731445e-01,-9.999992847442626953e-01,9.999986886978149414e-01,9.999991059303283691e-01,9.999972581863403320e-01,9.999960064888000488e-01,9.999983906745910645e-01,-9.999985098838806152e-01,9.999951720237731934e-01,-9.999994039535522461e-01,-9.999993443489074707e-01,9.999969005584716797e-01,9.999991059303283691e-01,9.999982714653015137e-01,9.999936819076538086e-01,9.999994039535522461e-01,-9.999988675117492676e-01,-9.999991655349731445e-01,9.999951124191284180e-01,-9.999979734420776367e-01,-9.999942779541015625e-01,-9.999988079071044922e-01,9.999898076057434082e-01,9.999966621398925781e-01,-9.999988079071044922e-01,9.999760389328002930e-01,9.999994039535522461e-01,9.999990463256835938e-01,9.999898076057434082e-01,-9.999992847442626953e-01,9.999991059303283691e-01,9.999946355819702148e-01,9.999898076057434082e-01,9.999994039535522461e-01,9.999988675117492676e-01,9.999987483024597168e-01,-9.999960064888000488e-01,9.999991655349731445e-01,9.999991655349731445e-01,-9.999990463256835938e-01,-9.999992847442626953e-01,-9.999991059303283691e-01,-9.999991059303283691e-01,-9.999960064888000488e-01,-9.999992251396179199e-01,-9.999988675117492676e-01,9.999576807022094727e-01,9.999963641166687012e-01,9.999962449073791504e-01,9.999989271163940430e-01,-9.999989867210388184e-01,9.999994039535522461e-01,9.999991059303283691e-01,9.999972581863403320e-01,-9.999961256980895996e-01,-9.999992847442626953e-01,-9.999994039535522461e-01,-9.999973177909851074e-01,-9.999994039535522461e-01,9.999989271163940430e-01,-9.999993443489074707e-01,9.999971985816955566e-01,-9.999963641166687012e-01,-9.999962449073791504e-01,-9.999918341636657715e-01,-9.999990463256835938e-01,9.999943971633911133e-01,9.999992251396179199e-01,-9.999960660934448242e-01,-9.999971389770507812e-01,9.999951124191284180e-01,9.999985694885253906e-01,-9.999993443489074707e-01,9.999988675117492676e-01,-9.999990463256835938e-01,-9.999902844429016113e-01,-9.999265670776367188e-01,9.999994039535522461e-01,9.999958276748657227e-01,9.999945759773254395e-01,-9.999960064888000488e-01,9.999991059303283691e-01,-9.999921917915344238e-01,-9.999983906745910645e-01,9.999983906745910645e-01,-9.999986886978149414e-01,-9.999916553497314453e-01,9.999993443489074707e-01,-9.999992251396179199e-01,9.999983906745910645e-01,-9.999980330467224121e-01,9.999992847442626953e-01,9.999713897705078125e-01,9.999757409095764160e-01,9.999992847442626953e-01,9.999973177909851074e-01,-9.999891519546508789e-01,-9.999990463256835938e-01,-9.999966621398925781e-01,9.999991059303283691e-01,-9.999992251396179199e-01,9.999984502792358398e-01,-9.999988079071044922e-01,-9.999120831489562988e-01,9.999994635581970215e-01,-9.999979138374328613e-01,9.999994635581970215e-01,-9.999986290931701660e-01,-9.999971985816955566e-01,-9.999976754188537598e-01,-9.999989271163940430e-01,9.999980926513671875e-01,9.999984502792358398e-01,-9.999980330467224121e-01,-9.999950528144836426e-01,-9.999966621398925781e-01,9.999792575836181641e-01,-9.999942779541015625e-01
-9.999911189079284668e-01,9.999924898147583008e-01,9.999708533287048340e-01,-9.999851584434509277e-01,-9.999940395355224609e-01,9.999936223030090332e-01,-9.999719858169555664e-01,-9.999949336051940918e-01,9.999555349349975586e-01,-9.999921917915344238e-01,9.999935626983642578e-01,9.999941587448120117e-01,-9.999889731407165527e-01,-9.999916553497314453e-01,-9.999764561653137207e-01,-9.999642372131347656e-01,-9.999868273735046387e-01,9.999879598617553711e-01,-9.999578595161437988e-01,9.999951124191284180e-01,9.999943375587463379e-01,-9.999727010726928711e-01,-9.999928474426269531e-01,-9.999849200248718262e-01,-9.999440908432006836e-01,-9.999941587448120117e-01,9.999904036521911621e-01,9.999938011169433594e-01,-9.999567270278930664e-01,9.999832510948181152e-01,9.999497532844543457e-01,9.999897480010986328e-01,-9.999094009399414062e-01,-9.999715089797973633e-01,9.999895691871643066e-01,-9.997878670692443848e-01,-9.999945759773254395e-01,-9.999923110008239746e-01,-9.999102950096130371e-01,9.999940991401672363e-01,-9.999927282333374023e-01,-9.999521374702453613e-01,-9.999105930328369141e-01,-9.999943971633911133e-01,-9.999905228614807129e-01,-9.999890923500061035e-01,9.999657869338989258e-01,-9.999930858612060547e-01,-9.999929666519165039e-01,9.999921917915344238e-01,9.999938011169433594e-01,9.999926686286926270e-01,9.999933838844299316e-01,9.999647140502929688e-01,9.999928474426269531e-01,9.999898672103881836e-01,-9.996246695518493652e-01,-9.999684095382690430e-01,-9.999669194221496582e-01,-9.999907612800598145e-01,9.999914765357971191e-01,-9.999942183494567871e-01,-9.999914765357971191e-01,-9.999768733978271484e-01,9.999659061431884766e-01,9.999939799308776855e-01,9.999949932098388672e-01,9.999766349792480469e-01,9.999946951866149902e-01,-9.999908208847045898e-01,9.999939203262329102e-01,-9.999762773513793945e-01,9.999684691429138184e-01,9.999670982360839844e-01,9.999272823333740234e-01,9.999919533729553223e-01,-9.999504685401916504e-01,-9.999933838844299316e-01,9.999662041664123535e-01,9.999747276306152344e-01,-9.999572634696960449e-01,-9.999874234199523926e-01,9.999937415122985840e-01,-9.999905228614807129e-01,9.999912977218627930e-01,9.999138712882995605e-01,9.993500709533691406e-01,-9.999943971633911133e-01,-9.999626278877258301e-01,-9.999519586563110352e-01,9.999648332595825195e-01,-9.999914765357971191e-01,9.999304413795471191e-01,9.999858736991882324e-01,-9.999858736991882324e-01,9.999889135360717773e-01,9.999261498451232910e-01,-9.999946951866149902e-01,9.999936819076538086e-01,-9.999865293502807617e-01,9.999834895133972168e-01,-9.999942779541015625e-01,-9.997458457946777344e-01,-9.997846484184265137e-01,-9.999930858612060547e-01,-9.999764561653137207e-01,9.999043941497802734e-01,9.999921321868896484e-01,9.999707937240600586e-01,-9.999924302101135254e-01,9.999924898147583008e-01,-9.999864697456359863e-01,9.999908208847045898e-01,9.992216825485229492e-01,-9.999948143959045410e-01,9.999828934669494629e-01,-9.999947547912597656e-01,9.999885559082031250e-01,9.999762773513793945e-01,9.999800324440002441e-01,9.999912977218627930e-01,-9.999834895133972168e-01,-9.999869465827941895e-01,9.999837875366210938e-01,9.999561905860900879e-01,9.999718666076660156e-01,-9.998170733451843262e-01,9.999492168426513672e-01
9.999985098838806152e-01,-9.999986290931701660e-01,-9.999948740005493164e-01,9.999974370002746582e-01,9.999989271163940430e-01,-9.999989271163940430e-01,9.999951124191284180e-01,9.999991655349731445e-01,-9.999921917915344238e-01,9.999986290931701660e-01,-9.999988675117492676e-01,-9.999990463256835938e-01,9.999980330467224121e-01,9.999986290931701660e-01,9.999958276748657227e-01,9.999938011169433594e-01,9.999977350234985352e-01,-9.999979138374328613e-01,9.999926090240478516e-01,-9.999991655349731445e-01,-9.999990463256835938e-01,9.999952316284179688e-01,9.999987483024597168e-01,9.999973177909851074e-01,9.999902248382568359e-01,9.999990463256835938e-01,-9.999983310699462891e-01,-9.999989271163940430e-01,9.999924898147583008e-01,-9.999970197677612305e-01,-9.999911785125732422e-01,-9.999981522560119629e-01,9.999842047691345215e-01,9.999949932098388672e-01,-9.999982714653015137e-01,9.999626874923706055e-01,9.999991059303283691e-01,9.999986290931701660e-01,9.999842643737792969e-01,-9.999989867210388184e-01,9.999987483024597168e-01,9.999917149543762207e-01,9.999843239784240723e-01,9.999991059303283691e-01,9.999983310699462891e-01,9.999981522560119629e-01,-9.999940395355224609e-01,9.999988079071044922e-01,9.999988079071044922e-01,-9.999985694885253906e-01,-9.999989271163940430e-01,-9.999986886978149414e-01,-9.999987483024597168e-01,-9.999938011169433594e-01,-9.999986886978149414e-01,-9.999982118606567383e-01,9.999339580535888672e-01,9.999944567680358887e-01,9.999942183494567871e-01,9.999983310699462891e-01,-9.999985098838806152e-01,9.999990463256835938e-01,9.999985098838806152e-01,9.999959468841552734e-01,-9.999940991401672363e-01,-9.999989271163940430e-01,-9.999990463256835938e-01,-9.999959468841552734e-01,-9.999992251396179199e-01,9.999984502792358398e-01,-9.999989867210388184e-01,9.999958276748657227e-01,-9.999945163726806641e-01,-9.999942183494567871e-01,-9.999872446060180664e-01,-9.999986290931701660e-01,9.999913573265075684e-01,9.999988675117492676e-01,-9.999940991401672363e-01,-9.999955892562866211e-01,9.999924898147583008e-01,9.999978542327880859e-01,-9.999989271163940430e-01,9.999983906745910645e-01,-9.999984502792358398e-01,-9.999848604202270508e-01,-9.998855590820312500e-01,9.999990463256835938e-01,9.999934434890747070e-01,9.999915957450866699e-01,-9.999938607215881348e-01,9.999985694885253906e-01,-9.999878406524658203e-01,-9.999974966049194336e-01,9.999975562095642090e-01,-9.999980330467224121e-01,-9.999870657920837402e-01,9.999991059303283691e-01,-9.999988675117492676e-01,9.999976754188537598e-01,-9.999970793724060059e-01,9.999990463256835938e-01,9.999553561210632324e-01,9.999621510505676270e-01,9.999988079071044922e-01,9.999958872795104980e-01,-9.999832510948181152e-01,-9.999986886978149414e-01,-9.999949336051940918e-01,9.999986290931701660e-01,-9.999986886978149414e-01,9.999976158142089844e-01,-9.999982714653015137e-01,-9.998629689216613770e-01,9.999991655349731445e-01,-9.999969601631164551e-01,9.999991059303283691e-01,-9.999979734420776367e-01,-9.999958276748657227e-01,-9.999964833259582520e-01,-9.999984502792358398e-01,9.999970793724060059e-01,9.999977350234985352e-01,-9.999971389770507812e-01,-9.999924302101135254e-01,-9.999950528144836426e-01,9.999677538871765137e-01,-9.999911189079284668e-01
-9.999986290931701660e-01,9.999988675117492676e-01,9.999958276748657227e-01,-9.999977946281433105e-01,-9.999991655349731445e-01,9.999990463256835938e-01,-9.999958276748657227e-01,-9.999991655349731445e-01,9.999935626983642578e-01,-9.999988675117492676e-01,9.999990463256835938e-01,9.999991059303283691e-01,-9.999983310699462891e-01,-9.999988079071044922e-01,-9.999964833259582520e-01,-9.999949336051940918e-01,-9.999980926513671875e-01,9.999981522560119629e-01,-9.999939203262329102e-01,9.999992847442626953e-01,9.999991655349731445e-01,-9.999959468841552734e-01,-9.999988675117492676e-01,-9.999977946281433105e-01,-9.999919533729553223e-01,-9.999991059303283691e-01,9.999985694885253906e-01,9.999990463256835938e-01,-9.999938607215881348e-01,9.999974966049194336e-01,9.999927282333374023e-01,9.999984502792358398e-01,-9.999871253967285156e-01,-9.999958872795104980e-01,9.999985098838806152e-01,-9.999697208404541016e-01,-9.999991655349731445e-01,-9.999988079071044922e-01,-9.999871253967285156e-01,9.999991059303283691e-01,-9.999989271163940430e-01,-9.999932050704956055e-01,-9.999871850013732910e-01,-9.999992251396179199e-01,-9.999985694885253906e-01,-9.999983906745910645e-01,9.999950528144836426e-01,-9.999989867210388184e-01,-9.999990463256835938e-01,9.999987483024597168e-01,9.999990463256835938e-01,9.999988675117492676e-01,9.999988675117492676e-01,9.999949336051940918e-01,9.999989271163940430e-01,9.999984502792358398e-01,-9.999464750289916992e-01,-9.999954104423522949e-01,-9.999952912330627441e-01,-9.999986886978149414e-01,9.999986886978149414e-01,-9.999992251396179199e-01,-9.999986886978149414e-01,-9.999966621398925781e-01,9.999951720237731934e-01,9.999991655349731445e-01,9.999992251396179199e-01,9.999965429306030273e-01,9.999991655349731445e-01,-9.999986886978149414e-01,9.999991655349731445e-01,-9.999966025352478027e-01,9.999955296516418457e-01,9.999953508377075195e-01,9.999896883964538574e-01,9.999987483024597168e-01,-9.999929666519165039e-01,-9.999989867210388184e-01,9.999951124191284180e-01,9.999962449073791504e-01,-9.999939203262329102e-01,-9.999982118606567383e-01,9.999990463256835938e-01,-9.999986290931701660e-01,9.999987483024597168e-01,9.999877214431762695e-01,9.999072551727294922e-01,-9.999991655349731445e-01,-9.999946951866149902e-01,-9.999931454658508301e-01,9.999949336051940918e-01,-9.999987483024597168e-01,9.999901056289672852e-01,9.999979138374328613e-01,-9.999979138374328613e-01,9.999983310699462891e-01,9.999893307685852051e-01,-9.999992251396179199e-01,9.999990463256835938e-01,-9.999979138374328613e-01,9.999975562095642090e-01,-9.999991059303283691e-01,-9.999637007713317871e-01,-9.999692440032958984e-01,-9.999990463256835938e-01,-9.999964833259582520e-01,9.999864101409912109e-01,9.999988079071044922e-01,9.999957680702209473e-01,-9.999988079071044922e-01,9.999988675117492676e-01,-9.999979138374328613e-01,9.999986290931701660e-01,9.998888969421386719e-01,-9.999992251396179199e-01,9.999973773956298828e-01,-9.999991655349731445e-01,9.999982714653015137e-01,9.999964833259582520e-01,9.999970793724060059e-01,9.999986886978149414e-01,-9.999975562095642090e-01,-9.999981522560119629e-01,9.999974966049194336e-01,9.999936819076538086e-01,9.999959468841552734e-01,-9.999737739562988281e-01,9.999927878379821777e-01
-9.999988675117492676e-01,9.999989867210388184e-01,9.999961256980895996e-01,-9.999979734420776367e-01,-9.999991655349731445e-01,9.999992251396179199e-01,-9.999962449073791504e-01,-9.999992847442626953e-01,9.999941587448120117e-01,-9.999990463256835938e-01,9.999991059303283691e-01,9.999992251396179199e-01,-9.999985098838806152e-01,-9.999988675117492676e-01,-9.999968409538269043e-01,-9.999954104423522949e-01,-9.999983310699462891e-01,9.999984502792358398e-01,-9.999946355819702148e-01,9.999993443489074707e-01,9.999993443489074707e-01,-9.999964833259582520e-01,-9.999991059303283691e-01,-9.999979138374328613e-01,-9.999927282333374023e-01,-9.999992251396179199e-01,9.999986886978149414e-01,9.999991655349731445e-01,-9.999944567680358887e-01,9.999977946281433105e-01,9.999935030937194824e-01,9.999985694885253906e-01,-9.999884963035583496e-01,-9.999963045120239258e-01,9.999986290931701660e-01,-9.999728202819824219e-01,-9.999993443489074707e-01,-9.999989271163940430e-01,-9.999885559082031250e-01,9.999992847442626953e-01,-9.999991059303283691e-01,-9.999939203262329102e-01,-9.999884963035583496e-01,-9.999993443489074707e-01,-9.999986290931701660e-01,-9.999985694885253906e-01,9.999955892562866211e-01,-9.999991655349731445e-01,-9.999991655349731445e-01,9.999989271163940430e-01,9.999992251396179199e-01,9.999989867210388184e-01,9.999989867210388184e-01,9.999953508377075195e-01,9.999989867210388184e-01,9.999986290931701660e-01,-9.999518990516662598e-01,-9.999959468841552734e-01,-9.999957084655761719e-01,-9.999988079071044922e-01,9.999988675117492676e-01,-9.999992847442626953e-01,-9.999988675117492676e-01,-9.999969005584716797e-01,9.999956488609313965e-01,9.999992847442626953e-01,9.999992251396179199e-01,9.999969601631164551e-01,9.999993443489074707e-01,-9.999988079071044922e-01,9.999992251396179199e-01,-9.999968409538269043e-01,9.999959468841552734e-01,9.999958276748657227e-01,9.999907016754150391e-01,9.999989271163940430e-01,-9.999936819076538086e-01,-9.999991059303283691e-01,9.999956488609313965e-01,9.999966621398925781e-01,-9.999944567680358887e-01,-9.999983906745910645e-01,9.999992251396179199e-01,-9.999987483024597168e-01,9.999988079071044922e-01,9.999889135360717773e-01,9.999167919158935547e-01,-9.999993443489074707e-01,-9.999952316284179688e-01,-9.999938011169433594e-01,9.999954700469970703e-01,-9.999988675117492676e-01,9.999911189079284668e-01,9.999980926513671875e-01,-9.999981522560119629e-01,9.999985098838806152e-01,9.999905228614807129e-01,-9.999992847442626953e-01,9.999991655349731445e-01,-9.999981522560119629e-01,9.999977946281433105e-01,-9.999992251396179199e-01,-9.999673962593078613e-01,-9.999725222587585449e-01,-9.999991655349731445e-01,-9.999968409538269043e-01,9.999878406524658203e-01,9.999989271163940430e-01,9.999961256980895996e-01,-9.999990463256835938e-01,9.999989867210388184e-01,-9.999982714653015137e-01,9.999986886978149414e-01,9.999002814292907715e-01,-9.999993443489074707e-01,9.999977350234985352e-01,-9.999993443489074707e-01,9.999984502792358398e-01,9.999968409538269043e-01,9.999973773956298828e-01,9.999988079071044922e-01,-9.999977946281433105e-01,-9.999982118606567383e-01,9.999978542327880859e-01,9.999943971633911133e-01,9.999962449073791504e-01,-9.999764561653137207e-01,9.999935030937194824e-01
