4.762858152389526367e-01,6.217158865183591843e-03,-8.496011048555374146e-02,-4.964625462889671326e-02,1.836804747581481934e-01,-1.304108202457427979e-01,1.885169446468353271e-01,3.660340607166290283e-01,1.247427091002464294e-01,8.276800811290740967e-02,-1.101660951972007751e-01,-7.056847214698791504e-02,-6.455742567777633667e-02,1.693092286586761475e-01,1.680606305599212646e-01,1.387614607810974121e-01,1.378487446345388889e-03,-6.230498477816581726e-02,6.205473467707633972e-02,-7.575479894876480103e-02,-1.283017247915267944e-01,5.762819573283195496e-02,-3.789053112268447876e-02,9.399054944515228271e-02,1.398669276386499405e-02,6.708594411611557007e-02,4.584862664341926575e-02,-1.803218126296997070e-01,3.463216498494148254e-02,-1.944872140884399414e-01,-1.432774662971496582e-01,-1.009417772293090820e-01,-5.918672773987054825e-03,4.197347164154052734e-02,-2.566183544695377350e-02,-8.760584145784378052e-02,-4.303340800106525421e-03,6.462910026311874390e-02,-2.436342984437942505e-01,-3.819024562835693359e-01,2.322128564119338989e-01,9.040325134992599487e-02,-8.670091629028320312e-02,1.928814873099327087e-02,-1.057152822613716125e-01,7.735763490200042725e-02,-1.251805573701858521e-01,-1.112680956721305847e-01,7.769672572612762451e-02,-1.720421016216278076e-02,-1.154726892709732056e-01,-4.282946139574050903e-02,2.705302238464355469e-01,-9.044500440359115601e-02,-1.069640442728996277e-01,-1.671159267425537109e-01,7.745748013257980347e-02,6.455418653786182404e-03,3.421531990170478821e-02,-2.405968867242336273e-02,-8.111313730478286743e-02,-1.315109152346849442e-02,7.290578447282314301e-03,1.838379949331283569e-01,1.892296830192208290e-03,6.681435275822877884e-03,-1.968863755464553833e-01,1.629933565855026245e-01,-1.396047919988632202e-01,1.843418478965759277e-01,-1.997161656618118286e-01,1.312859505414962769e-01,3.187108784914016724e-02,1.603964418172836304e-01,-1.312194466590881348e-01,-1.499436795711517334e-01,-6.474754191003739834e-04,1.169780641794204712e-01,-1.091985926032066345e-01,-1.113731786608695984e-01,9.875222295522689819e-02,8.406966808252036572e-04,-2.734177112579345703e-01,-5.343413911759853363e-03,-3.179196119308471680e-01,4.898643493652343750e-02,3.003205060958862305e-01,1.737437269184738398e-04,-4.448021575808525085e-02,1.084315478801727295e-01,-1.397713273763656616e-01,5.091056972742080688e-02,1.046416461467742920e-01,-1.392448246479034424e-01,-1.238216161727905273e-01,-3.589281737804412842e-01,1.652398258447647095e-01,-1.372321275994181633e-04,-1.965593546628952026e-01,2.846722304821014404e-01,-1.826996952295303345e-01,3.256808221340179443e-01,-7.731731981039047241e-02,-6.457179784774780273e-02,2.695556171238422394e-02,2.446722388267517090e-01,6.730940937995910645e-02,7.626698911190032959e-02,-3.309979140758514404e-01,4.112254362553358078e-03,3.649374097585678101e-02,2.152854390442371368e-02,9.069183841347694397e-03,3.309508785605430603e-03,1.218306049704551697e-01,-1.099264100193977356e-01,3.617116808891296387e-01,-8.548592031002044678e-02,-2.902720570564270020e-01,1.119158137589693069e-02,-1.251456439495086670e-01,2.058810740709304810e-01,1.729807853698730469e-01,1.742599904537200928e-01,2.859791275113821030e-03,-1.187363043427467346e-01,-8.994909934699535370e-03,3.081926889717578888e-02
6.217158865183591843e-03,1.967900991439819336e-02,-1.265841275453567505e-01,9.144577383995056152e-02,6.207508221268653870e-02,-1.588347367942333221e-02,2.521831728518009186e-02,4.951311647891998291e-02,2.305616065859794617e-02,4.869502410292625427e-02,-1.349951606243848801e-02,-5.107426270842552185e-02,1.045707315206527710e-01,4.961116239428520203e-02,1.133411228656768799e-01,1.188160479068756104e-01,-3.130456607323139906e-04,9.003490209579467773e-02,-9.001815319061279297e-02,-5.542052164673805237e-02,-3.771315515041351318e-02,9.984133392572402954e-02,7.464541494846343994e-02,4.082772880792617798e-03,1.322180964052677155e-02,1.252752840518951416e-01,-1.160305142402648926e-01,-3.660006821155548096e-02,1.113890260457992554e-01,-3.427071031183004379e-03,2.286559157073497772e-02,-1.202979162335395813e-01,9.280888736248016357e-02,6.234694272279739380e-02,-5.318203009665012360e-03,-1.223141849040985107e-01,3.732053190469741821e-02,8.880516141653060913e-02,-9.040477126836776733e-02,-6.513433158397674561e-02,1.067187339067459106e-01,1.332349237054586411e-02,1.146976575255393982e-01,1.916076801717281342e-02,-3.374530747532844543e-02,-7.782463729381561279e-02,-1.303212791681289673e-01,-3.492858633399009705e-02,-1.028747204691171646e-02,3.702344372868537903e-02,-1.507701538503170013e-02,-2.209624741226434708e-03,2.883166633546352386e-02,8.612068369984626770e-03,-1.068594492971897125e-02,-1.360633522272109985e-01,2.661815658211708069e-02,1.034531649202108383e-02,-8.598633110523223877e-02,-7.826607674360275269e-02,9.466193616390228271e-03,4.359306301921606064e-03,3.267556196078658104e-03,5.515810102224349976e-02,7.493636105209589005e-03,-3.241914510726928711e-02,2.315106429159641266e-02,1.210050880908966064e-01,-1.154513880610466003e-01,3.536538407206535339e-02,-1.007774174213409424e-01,1.431882940232753754e-02,-2.988107129931449890e-02,1.195046454668045044e-01,-4.071298241615295410e-02,-1.129065081477165222e-01,-1.894476590678095818e-03,1.391083300113677979e-01,-4.489504918456077576e-02,-1.113469451665878296e-01,1.229249164462089539e-01,7.514503085985779762e-04,-9.333291649818420410e-02,1.176292309537529945e-03,-9.938603639602661133e-02,-1.201880052685737610e-01,5.120521038770675659e-02,4.709013737738132477e-03,3.856689855456352234e-02,6.847838312387466431e-02,-3.355187550187110901e-02,-2.696385420858860016e-02,-1.037712097167968750e-01,2.188669145107269287e-02,-1.083066016435623169e-01,-6.889116484671831131e-03,7.315913587808609009e-02,-6.100601967773400247e-05,-7.984111458063125610e-02,8.474116772413253784e-02,-1.803892292082309723e-02,6.030364334583282471e-02,-1.352286487817764282e-01,-7.190458476543426514e-02,1.428398191928863525e-01,3.814685344696044922e-02,-9.251704812049865723e-02,-1.155691668391227722e-01,-6.521705538034439087e-02,-6.609583273530006409e-03,6.813176721334457397e-02,-6.044072285294532776e-02,-1.225511059165000916e-01,-1.628658734261989594e-02,1.366916596889495850e-01,-1.233989447355270386e-01,2.385702542960643768e-02,6.332014501094818115e-02,-1.253519207239151001e-01,3.970896825194358826e-02,6.424999982118606567e-02,9.819208085536956787e-02,1.185452491044998169e-01,-6.490925699472427368e-02,-3.599184751510620117e-02,-5.160288512706756592e-02,1.492825336754322052e-03,8.299364894628524780e-02
-8.496011048555374146e-02,-1.265841275453567505e-01,8.257883787155151367e-01,-6.703959703445434570e-01,-3.537364304065704346e-01,3.831686079502105713e-02,-2.629930377006530762e-01,-3.147659599781036377e-01,-1.682866364717483521e-01,-3.747605681419372559e-01,1.560514420270919800e-01,3.661724030971527100e-01,-6.228470802307128906e-01,-4.592748582363128662e-01,-7.312633991241455078e-01,-7.048879861831665039e-01,-1.570556196384131908e-03,-5.853798389434814453e-01,6.658555269241333008e-01,4.340277612209320068e-01,3.727609217166900635e-01,-6.826161742210388184e-01,-6.168761849403381348e-01,-1.900530979037284851e-02,-1.001319587230682373e-01,-7.058128714561462402e-01,6.886491775512695312e-01,1.074331104755401611e-01,-7.296527028083801270e-01,2.442174404859542847e-02,-1.499778628349304199e-01,7.873331904411315918e-01,-6.616334915161132812e-01,-5.169683098793029785e-01,3.607596457004547119e-02,7.337270379066467285e-01,-2.595071494579315186e-01,-6.271881461143493652e-01,5.037373900413513184e-01,5.331048965454101562e-01,-6.623669266700744629e-01,-1.143563762307167053e-01,-7.016298770904541016e-01,-1.396054327487945557e-01,3.109125792980194092e-01,5.227457284927368164e-01,8.227330446243286133e-01,2.564265429973602295e-01,5.039745196700096130e-02,-1.330080330371856689e-01,1.001036986708641052e-01,3.261002153158187866e-02,-2.593607306480407715e-01,-3.924387693405151367e-02,1.866305805742740631e-02,8.115481138229370117e-01,-2.107085138559341431e-01,-7.308277487754821777e-02,5.753255486488342285e-01,5.737008452415466309e-01,-3.701799549162387848e-03,-1.078000441193580627e-01,-2.582810446619987488e-02,-4.470695555210113525e-01,-8.497644215822219849e-03,2.229795306921005249e-01,-6.172832101583480835e-02,-7.165092825889587402e-01,7.397673130035400391e-01,-1.430180221796035767e-01,6.858007311820983887e-01,-1.066501587629318237e-01,2.465631216764450073e-01,-7.893943786621093750e-01,2.758801579475402832e-01,7.214494943618774414e-01,1.040128245949745178e-02,-8.494675159454345703e-01,4.150350093841552734e-01,7.482885122299194336e-01,-8.246088027954101562e-01,-5.622866097837686539e-03,6.319870352745056152e-01,-5.984446033835411072e-03,6.323059201240539551e-01,7.106088399887084961e-01,-3.918231427669525146e-01,-2.997161634266376495e-02,-2.220551222562789917e-01,-5.059817433357238770e-01,2.294460535049438477e-01,2.247458547353744507e-01,6.880184412002563477e-01,-1.368231773376464844e-01,7.430830001831054688e-01,8.728732913732528687e-02,-4.783975183963775635e-01,4.469504929147660732e-04,5.043634772300720215e-01,-5.725832581520080566e-01,1.824224293231964111e-01,-3.861354589462280273e-01,8.378934860229492188e-01,5.080690979957580566e-01,-8.544703722000122070e-01,-4.224511086940765381e-01,6.635193824768066406e-01,6.830344796180725098e-01,4.286063313484191895e-01,4.870968312025070190e-02,-5.466552376747131348e-01,5.645134449005126953e-01,7.745740413665771484e-01,-4.658164829015731812e-02,-7.928922772407531738e-01,7.889755964279174805e-01,-1.182233840227127075e-01,-4.823926687240600586e-01,8.020816445350646973e-01,-3.114463090896606445e-01,-4.185466468334197998e-01,-6.930851936340332031e-01,-7.774692773818969727e-01,3.803958594799041748e-01,3.071796894073486328e-01,4.642623662948608398e-01,-2.992338687181472778e-02,-6.295444965362548828e-01
-4.964625462889671326e-02,9.144577383995056152e-02,-6.703959703445434570e-01,6.807100176811218262e-01,1.631604433059692383e-01,6.734550744295120239e-02,1.742946654558181763e-01,9.645199030637741089e-02,8.479588478803634644e-02,2.693454027175903320e-01,-1.615775227546691895e-01,-2.574109435081481934e-01,4.202630817890167236e-01,4.038442373275756836e-01,5.478759407997131348e-01,4.514083862304687500e-01,4.737181123346090317e-03,5.200061798095703125e-01,-5.905522108078002930e-01,-2.889539897441864014e-01,-4.020392000675201416e-01,4.979562461376190186e-01,5.336491465568542480e-01,3.074151091277599335e-02,7.423450052738189697e-02,4.555130302906036377e-01,-4.750806391239166260e-01,1.243485882878303528e-01,5.192913413047790527e-01,1.405392736196517944e-01,1.701755076646804810e-01,-6.182876825332641602e-01,6.384332776069641113e-01,3.724972009658813477e-01,-8.275857195258140564e-03,-4.984447658061981201e-01,1.882035434246063232e-01,4.448895156383514404e-01,-2.080483138561248779e-01,-4.449372887611389160e-01,4.345564246177673340e-01,9.706944972276687622e-02,5.574358105659484863e-01,1.005473583936691284e-01,-2.762060761451721191e-01,-2.967572510242462158e-01,-6.568526029586791992e-01,-2.028569877147674561e-01,-7.806268334388732910e-02,1.659522205591201782e-01,-5.767507851123809814e-02,-4.678012803196907043e-02,1.788301169872283936e-01,8.166372030973434448e-02,1.434105634689331055e-01,-5.843117237091064453e-01,1.354619711637496948e-01,5.044733360409736633e-02,-4.992469549179077148e-01,-4.893553256988525391e-01,-2.591648697853088379e-02,1.470431685447692871e-01,2.213611267507076263e-02,3.263502717018127441e-01,-1.152417343109846115e-02,-1.698621362447738647e-01,6.684560328722000122e-02,4.798529446125030518e-01,-5.070229172706604004e-01,-4.923878982663154602e-02,-4.609479010105133057e-01,1.755015403032302856e-01,-2.470721751451492310e-01,6.160598397254943848e-01,-1.860029548406600952e-01,-5.514124035835266113e-01,-3.481557592749595642e-03,6.392297148704528809e-01,-4.731367826461791992e-01,-5.410329103469848633e-01,7.182475924491882324e-01,4.017598461359739304e-03,-3.795696198940277100e-01,5.440794397145509720e-03,-3.982321321964263916e-01,-5.722176432609558105e-01,1.148805618286132812e-01,1.849477179348468781e-02,1.175732389092445374e-01,3.319905996322631836e-01,-1.431185156106948853e-01,-2.695558667182922363e-01,-6.129713654518127441e-01,1.825998574495315552e-01,-5.920050144195556641e-01,6.575665622949600220e-02,3.269748389720916748e-01,-2.911780611611902714e-04,-2.270364314317703247e-01,3.200937211513519287e-01,-2.520852722227573395e-02,8.604824542999267578e-02,-6.932334899902343750e-01,-3.503572344779968262e-01,7.000422477722167969e-01,4.405184090137481689e-01,-6.904034018516540527e-01,-5.089321136474609375e-01,-2.002465277910232544e-01,-3.582670539617538452e-02,5.164940357208251953e-01,-5.355278849601745605e-01,-6.452149748802185059e-01,7.622131705284118652e-02,5.831330418586730957e-01,-6.064235568046569824e-01,-1.380487680435180664e-01,4.094040393829345703e-01,-6.049560904502868652e-01,2.790020704269409180e-01,3.656399548053741455e-01,4.999158382415771484e-01,5.974658131599426270e-01,-3.341626822948455811e-01,-2.018516808748245239e-01,-3.702213466167449951e-01,1.218145713210105896e-02,5.043479204177856445e-01
1.836804747581481934e-01,6.207508221268653870e-02,-3.537364304065704346e-01,1.631604433059692383e-01,3.370919823646545410e-01,-1.222296804189682007e-01,1.020634323358535767e-01,3.687524199485778809e-01,5.693020299077033997e-02,1.393018215894699097e-01,-2.590959519147872925e-02,-1.701347827911376953e-01,3.169787228107452393e-01,1.025158613920211792e-01,3.917207419872283936e-01,4.442889392375946045e-01,-4.734049551188945770e-03,2.337675094604492188e-01,-1.645348519086837769e-01,-1.655201911926269531e-01,3.142580017447471619e-02,3.044047653675079346e-01,1.246765106916427612e-01,5.275269970297813416e-02,3.374266251921653748e-02,4.232626259326934814e-01,-3.618970215320587158e-01,-3.179669976234436035e-01,3.650253713130950928e-01,-1.556646823883056641e-01,7.782582659274339676e-03,-3.082335889339447021e-01,1.550145894289016724e-01,1.677176654338836670e-01,-3.420455008745193481e-02,-4.114338457584381104e-01,1.028221175074577332e-01,2.744168341159820557e-01,-4.789417684078216553e-01,-2.452346831560134888e-01,3.997998237609863281e-01,5.174494907259941101e-02,3.179974257946014404e-01,6.230824440717697144e-02,-2.306192182004451752e-02,-2.370088547468185425e-01,-4.055901467800140381e-01,-1.323291510343551636e-01,-1.583295315504074097e-02,1.465843319892883301e-01,-7.748889178037643433e-02,-5.354924127459526062e-02,1.284933984279632568e-01,-1.858866028487682343e-02,-1.671584397554397583e-01,-4.780391752719879150e-01,1.052654758095741272e-01,3.364597260951995850e-02,-2.191113680601119995e-01,-1.970531046390533447e-01,5.889235064387321472e-02,-7.764350622892379761e-02,8.408192545175552368e-03,1.583512872457504272e-01,5.308147147297859192e-02,-8.527372777462005615e-02,5.904382467269897461e-02,4.583160579204559326e-01,-3.706659376621246338e-01,2.938349545001983643e-01,-3.779217600822448730e-01,-1.715059741400182247e-03,-4.770921077579259872e-03,3.639368116855621338e-01,-1.546107083559036255e-01,-3.833815455436706543e-01,-8.253477513790130615e-03,4.314830303192138672e-01,-5.283630639314651489e-02,-3.318032026290893555e-01,3.003363609313964844e-01,2.244102070108056068e-03,-4.019443690776824951e-01,1.203384133987128735e-03,-4.230420589447021484e-01,-3.572878539562225342e-01,2.973202764987945557e-01,1.641760766506195068e-02,1.002672463655471802e-01,2.301853150129318237e-01,-1.729793250560760498e-01,1.366981118917465210e-02,-2.014730572700500488e-01,-2.356038242578506470e-02,-3.006541728973388672e-01,-1.646660715341567993e-01,3.339504599571228027e-01,-2.196766872657462955e-04,-3.694389164447784424e-01,3.610860109329223633e-01,-1.317115426063537598e-01,3.497379720211029053e-01,-3.652600944042205811e-01,-2.311438769102096558e-01,3.799917399883270264e-01,9.288882464170455933e-02,-1.088681817054748535e-01,-3.444559276103973389e-01,-3.461677730083465576e-01,-1.176899578422307968e-02,6.818066537380218506e-02,-3.904005512595176697e-02,-3.283797204494476318e-01,-1.511023938655853271e-01,4.952347576618194580e-01,-3.616941869258880615e-01,2.986047267913818359e-01,1.247240826487541199e-01,-4.438560903072357178e-01,7.169236987829208374e-02,1.549585461616516113e-01,3.178668320178985596e-01,3.685014545917510986e-01,-1.382510662078857422e-01,-8.473271131515502930e-02,-9.347034990787506104e-02,-1.210946310311555862e-02,2.106725275516510010e-01
-1.304108202457427979e-01,-1.588347367942333221e-02,3.831686079502105713e-02,6.734550744295120239e-02,-1.222296804189682007e-01,2.158030271530151367e-01,-3.348463028669357300e-02,-1.030099317431449890e-01,-1.385307610034942627e-01,-5.641562119126319885e-02,3.488412126898765564e-02,3.119850344955921173e-02,-1.090412288904190063e-01,6.964856386184692383e-02,-5.422274023294448853e-02,-1.402959823608398438e-01,1.716244965791702271e-03,-4.983446747064590454e-02,2.524795569479465485e-02,8.390942588448524475e-03,4.621675610542297363e-02,-2.929750271141529083e-02,7.723529636859893799e-02,-1.579873263835906982e-02,-1.377070695161819458e-02,-2.084705680608749390e-01,5.904883146286010742e-02,1.689830720424652100e-01,-1.786290481686592102e-02,5.809542909264564514e-02,5.897285416722297668e-02,9.060151129961013794e-02,-3.582236170768737793e-02,6.753890216350555420e-02,4.602417349815368652e-03,1.070482283830642700e-01,-3.074575215578079224e-02,-7.729751616716384888e-02,1.814293563365936279e-01,-2.129913540557026863e-03,-2.218277305364608765e-01,-1.825439557433128357e-02,-7.942300289869308472e-03,-4.830318503081798553e-03,1.189337819814682007e-01,2.461154945194721222e-02,7.963842153549194336e-02,2.844656072556972504e-02,-7.290604710578918457e-02,-9.054755419492721558e-02,8.259892463684082031e-02,-1.296882927417755127e-01,-7.621134072542190552e-02,9.863805957138538361e-03,6.038634851574897766e-02,9.182664006948471069e-02,-1.125694345682859421e-02,-5.032990127801895142e-03,6.379897147417068481e-02,1.630268245935440063e-02,7.744920440018177032e-03,2.732353284955024719e-02,-6.517108995467424393e-04,-1.674855649471282959e-01,-5.492705851793289185e-02,2.921889163553714752e-02,1.331978011876344681e-02,-1.361842602491378784e-01,1.289896816015243530e-01,-1.299813687801361084e-01,1.169170513749122620e-01,-1.569088399410247803e-01,-3.554305993020534515e-03,-8.299627900123596191e-02,1.163868978619575500e-01,1.082630157470703125e-01,4.454460460692644119e-03,-9.370328485965728760e-02,-2.914404263719916344e-03,9.131810814142227173e-02,-5.141663178801536560e-02,-2.003335248446092010e-04,1.095328405499458313e-01,-2.955759642645716667e-03,1.892699003219604492e-01,5.917883291840553284e-02,-1.272487193346023560e-01,-4.498825874179601669e-03,-8.750740438699722290e-02,-6.834334135055541992e-02,6.154878810048103333e-02,-1.287119369953870773e-02,3.974984213709831238e-02,4.912728816270828247e-02,1.098748892545700073e-01,8.568098396062850952e-02,-5.126908794045448303e-02,6.823630974395200610e-05,9.904094785451889038e-02,-2.133592218160629272e-01,2.925052866339683533e-02,-2.226510941982269287e-01,8.649500459432601929e-02,6.699772179126739502e-02,-1.220220774412155151e-01,8.844834566116333008e-02,-3.128171665593981743e-03,7.914061099290847778e-02,2.124355733394622803e-01,7.664906792342662811e-03,3.350384905934333801e-02,-7.670671492815017700e-02,4.140254110097885132e-02,1.015025749802589417e-01,-1.003279834985733032e-01,1.254269033670425415e-01,-1.337681114673614502e-01,3.054310567677021027e-02,1.138658821582794189e-01,-3.331077750772237778e-03,2.577285747975111008e-03,-1.155008748173713684e-01,-1.017264723777770996e-01,3.430373966693878174e-02,-7.044675946235656738e-02,1.544806733727455139e-02,1.578900264576077461e-04,-2.828275784850120544e-02
1.885169446468353271e-01,2.521831728518009186e-02,-2.629930377006530762e-01,1.742946654558181763e-01,1.020634323358535767e-01,-3.348463028669357300e-02,2.003737688064575195e-01,1.811346560716629028e-01,8.214147388935089111e-02,1.371736675500869751e-01,-1.231983751058578491e-01,-1.008742749691009521e-01,8.655629307031631470e-02,1.654463410377502441e-01,2.108053863048553467e-01,1.836674511432647705e-01,2.440263051539659500e-03,8.625554293394088745e-02,-1.849632561206817627e-01,-1.489878594875335693e-01,-2.014111131429672241e-01,1.679867208003997803e-01,1.568593978881835938e-01,3.658224269747734070e-02,3.174997866153717041e-02,1.795640140771865845e-01,-1.201987564563751221e-01,-1.168793998658657074e-02,2.002970725297927856e-01,-9.743053466081619263e-02,-1.928184740245342255e-02,-2.563882470130920410e-01,2.000053972005844116e-01,1.351511329412460327e-01,-1.365573145449161530e-02,-1.787645071744918823e-01,5.713937059044837952e-02,1.675561815500259399e-01,-1.805972605943679810e-01,-2.908989489078521729e-01,2.633033692836761475e-01,6.936515122652053833e-02,1.056233868002891541e-01,3.875196352601051331e-02,-1.820253133773803711e-01,-7.719241827726364136e-02,-2.650316357612609863e-01,-9.578453004360198975e-02,5.040331929922103882e-02,-6.880070082843303680e-03,-5.412772297859191895e-02,4.367844667285680771e-03,1.777731031179428101e-01,-2.192170917987823486e-02,-1.533992122858762741e-02,-2.603992819786071777e-01,7.404283434152603149e-02,1.728186942636966705e-02,-1.273734718561172485e-01,-1.384007781744003296e-01,-7.305861264467239380e-02,6.367968767881393433e-02,9.511764161288738251e-03,2.325740307569503784e-01,-1.020005345344543457e-02,-4.795266315340995789e-02,-9.745679795742034912e-02,2.056367844343185425e-01,-2.276668101549148560e-01,5.964299291372299194e-02,-2.535490691661834717e-01,1.009641513228416443e-01,-4.774660244584083557e-02,2.639236152172088623e-01,-1.188973784446716309e-01,-2.393624484539031982e-01,-1.632868312299251556e-03,2.855776548385620117e-01,-1.886147409677505493e-01,-2.315814346075057983e-01,2.988386452198028564e-01,1.564089558087289333e-03,-2.529775500297546387e-01,-1.297296956181526184e-03,-2.754333019256591797e-01,-1.110433787107467651e-01,2.458862215280532837e-01,5.200212821364402771e-03,1.072178501635789871e-02,1.655457764863967896e-01,-1.082596629858016968e-01,-5.319356173276901245e-02,-1.467488706111907959e-01,-2.878164499998092651e-02,-2.617178261280059814e-01,-1.675501763820648193e-01,1.504918932914733887e-01,-1.656710373936221004e-04,-1.443198770284652710e-01,2.699120938777923584e-01,-1.274744123220443726e-01,2.254101932048797607e-01,-2.583554387092590332e-01,-1.398119032382965088e-01,2.856353819370269775e-01,2.577922940254211426e-01,-2.066384255886077881e-01,-1.050682663917541504e-01,-2.330124825239181519e-01,-1.266682613641023636e-02,1.405194103717803955e-01,-2.031066119670867920e-01,-1.697193235158920288e-01,1.014353260397911072e-01,2.356856912374496460e-01,-2.620511651039123535e-01,1.231923624873161316e-01,9.151145815849304199e-02,-3.354372084140777588e-01,8.583934605121612549e-02,4.274282604455947876e-02,2.640688121318817139e-01,2.681270241737365723e-01,4.700803663581609726e-03,-6.428203731775283813e-02,-1.895328760147094727e-01,1.506641786545515060e-02,1.905448883771896362e-01
3.660340607166290283e-01,4.951311647891998291e-02,-3.147659599781036377e-01,9.645199030637741089e-02,3.687524199485778809e-01,-1.030099317431449890e-01,1.811346560716629028e-01,5.793156027793884277e-01,3.594110906124114990e-02,1.363834440708160400e-01,-3.367924317717552185e-02,-1.859979629516601562e-01,2.148630023002624512e-01,1.492609679698944092e-01,4.057210385799407959e-01,4.430213272571563721e-01,-4.252994433045387268e-03,1.088515296578407288e-01,-7.488645613193511963e-02,-1.808025687932968140e-01,1.044209748506546021e-01,3.139397203922271729e-01,7.793993502855300903e-02,4.012184590101242065e-02,3.109111636877059937e-02,3.634214401245117188e-01,-2.854650914669036865e-01,-3.809851408004760742e-01,3.754648864269256592e-01,-2.819739282131195068e-01,-7.074107974767684937e-02,-2.639079988002777100e-01,3.410174697637557983e-02,2.056522071361541748e-01,-5.292766541242599487e-02,-4.023518860340118408e-01,8.130979537963867188e-02,2.587097287178039551e-01,-5.833500623703002930e-01,-3.719991743564605713e-01,4.173564016819000244e-01,7.000470161437988281e-02,2.082100659608840942e-01,6.521642953157424927e-02,3.943022713065147400e-02,-2.078814059495925903e-01,-3.832887709140777588e-01,-1.571659743785858154e-01,1.725029572844505310e-02,3.199120610952377319e-02,-8.703047782182693481e-02,-1.061276793479919434e-01,2.057477533817291260e-01,-1.204837560653686523e-01,-2.584002614021301270e-01,-4.903878271579742432e-01,1.536589860916137695e-01,3.454099223017692566e-02,-8.784330636262893677e-02,-1.532868742942810059e-01,2.277757413685321808e-02,-1.036491319537162781e-01,8.772033266723155975e-03,1.349796801805496216e-01,5.622750893235206604e-02,-5.911488458514213562e-02,-5.239732190966606140e-02,4.486236870288848877e-01,-3.772859275341033936e-01,3.646932244300842285e-01,-4.330503940582275391e-01,-6.399755179882049561e-02,5.091625452041625977e-02,3.748058974742889404e-01,-1.509953588247299194e-01,-3.622177839279174805e-01,-7.674483116716146469e-03,4.181295037269592285e-01,-4.807560145854949951e-02,-3.228193223476409912e-01,2.642495632171630859e-01,2.427181694656610489e-03,-4.836977422237396240e-01,-2.422356046736240387e-03,-4.885071516036987305e-01,-2.444264292716979980e-01,4.250929653644561768e-01,1.525877881795167923e-02,3.556292504072189331e-02,2.635598778724670410e-01,-2.121956497430801392e-01,9.903497248888015747e-02,-7.873229682445526123e-02,-1.179693266749382019e-01,-2.791695296764373779e-01,-3.449260890483856201e-01,3.718389570713043213e-01,-2.579648571554571390e-04,-4.506728947162628174e-01,4.393056035041809082e-01,-2.594312131404876709e-01,4.891782701015472412e-01,-3.105560839176177979e-01,-2.300136983394622803e-01,3.003342151641845703e-01,1.822023540735244751e-01,2.780081517994403839e-02,-2.643363773822784424e-01,-4.317802190780639648e-01,-3.032338107004761696e-03,1.430084835737943649e-02,-5.196799989789724350e-03,-2.556339800357818604e-01,-8.117396384477615356e-02,4.837787747383117676e-01,-3.171381056308746338e-01,4.769929945468902588e-01,8.046434819698333740e-02,-4.994784891605377197e-01,3.631281480193138123e-02,5.610280483961105347e-02,3.484131395816802979e-01,3.398671746253967285e-01,2.143039368093013763e-02,-1.113295480608940125e-01,-9.857333451509475708e-02,-7.377422414720058441e-03,1.844217479228973389e-01
1.247427091002464294e-01,2.305616065859794617e-02,-1.682866364717483521e-01,8.479588478803634644e-02,5.693020299077033997e-02,-1.385307610034942627e-01,8.214147388935089111e-02,3.594110906124114990e-02,1.914527714252471924e-01,1.135158389806747437e-01,-8.415981382131576538e-02,-7.317408174276351929e-02,1.174579039216041565e-01,1.010274589061737061e-01,1.359277665615081787e-01,1.608182787895202637e-01,3.632364328950643539e-03,8.507546782493591309e-02,-1.483719199895858765e-01,-8.094105124473571777e-02,-2.539564073085784912e-01,1.191793084144592285e-01,7.191750407218933105e-02,8.319770859088748693e-05,3.159518167376518250e-02,2.250919640064239502e-01,-9.939607232809066772e-02,-1.547221373766660690e-02,7.265138626098632812e-02,1.508085709065198898e-02,-3.781012073159217834e-02,-2.548558413982391357e-01,1.920702457427978516e-01,4.188011586666107178e-02,-7.964533288031816483e-04,-1.606604158878326416e-01,5.480447784066200256e-02,1.336980164051055908e-01,-8.685351908206939697e-02,-1.463541090488433838e-01,2.493067681789398193e-01,4.539955407381057739e-02,6.955928355455398560e-02,1.920986175537109375e-02,-2.215428948402404785e-01,-5.420737341046333313e-02,-1.764096021652221680e-01,-5.814160779118537903e-02,6.480200588703155518e-02,1.526190061122179031e-02,-8.789394795894622803e-02,1.237064301967620850e-01,1.435911804437637329e-01,-6.797682028263807297e-03,3.449981287121772766e-02,-1.620273143053054810e-01,3.788119927048683167e-02,1.113967038691043854e-02,-1.061750873923301697e-01,-1.055593788623809814e-01,-6.233324855566024780e-02,7.167690247297286987e-02,6.948629859834909439e-03,2.304813861846923828e-01,1.305111683905124664e-02,-5.110711976885795593e-02,-7.127194106578826904e-02,1.500821411609649658e-01,-2.087662518024444580e-01,4.209995269775390625e-03,-1.558842062950134277e-01,2.071430236101150513e-01,-9.181519597768783569e-02,2.040376514196395874e-01,-1.246815100312232971e-01,-1.558685451745986938e-01,-2.375534502789378166e-03,2.022602260112762451e-01,-1.292748451232910156e-01,-2.032959908246994019e-01,2.257934957742691040e-01,1.093213562853634357e-03,-1.346967518329620361e-01,3.206185763701796532e-03,-2.094692587852478027e-01,-1.034803017973899841e-01,1.073637530207633972e-01,4.338022787123918533e-03,1.008878946304321289e-01,1.219184175133705139e-01,-4.671414569020271301e-02,-7.415547966957092285e-02,-1.526716649532318115e-01,9.274857118725776672e-03,-2.241483032703399658e-01,-7.561793178319931030e-02,2.806419320404529572e-02,-1.103003087337128818e-04,-9.698576480150222778e-02,2.235405594110488892e-01,-4.460800066590309143e-02,1.814722716808319092e-01,-2.289921790361404419e-01,-1.103459447622299194e-01,2.379737943410873413e-01,6.916601955890655518e-02,-1.844855099916458130e-01,-1.092416867613792419e-01,-1.762680113315582275e-01,-1.725882105529308319e-02,1.928092241287231445e-01,-1.124748364090919495e-01,-1.507972478866577148e-01,2.908498235046863556e-02,1.236506626009941101e-01,-2.236714512109756470e-01,4.941882565617561340e-02,4.784404486417770386e-02,-2.168283313512802124e-01,8.225639909505844116e-02,1.299094688147306442e-02,2.091413140296936035e-01,2.069988250732421875e-01,-4.298016801476478577e-02,-2.006054483354091644e-02,-1.658102571964263916e-01,1.852704025804996490e-02,1.154574453830718994e-01
8.276800811290740967e-02,4.869502410292625427e-02,-3.747605681419372559e-01,2.693454027175903320e-01,1.393018215894699097e-01,-5.641562119126319885e-02,1.371736675500869751e-01,1.363834440708160400e-01,1.135158389806747437e-01,1.692833155393600464e-01,-9.099270403385162354e-02,-1.477510631084442139e-01,2.524539232254028320e-01,1.861422210931777954e-01,3.100892603397369385e-01,3.111677467823028564e-01,1.686503994278609753e-03,2.166126370429992676e-01,-2.863677442073822021e-01,-1.793691813945770264e-01,-2.171843051910400391e-01,2.731946706771850586e-01,2.362751066684722900e-01,8.628064766526222229e-03,4.442735761404037476e-02,3.405147492885589600e-01,-2.799815833568572998e-01,-3.758168965578079224e-02,3.047863543033599854e-01,-2.269347570836544037e-02,3.475238382816314697e-02,-3.826186358928680420e-01,3.027081489562988281e-01,1.924481689929962158e-01,-1.355222985148429871e-02,-3.241792619228363037e-01,1.045673564076423645e-01,2.572966814041137695e-01,-2.272153645753860474e-01,-2.522607743740081787e-01,3.338305652141571045e-01,5.712255463004112244e-02,2.683361768722534180e-01,5.453378334641456604e-02,-1.844096481800079346e-01,-1.982468068599700928e-01,-3.806977570056915283e-01,-1.067971512675285339e-01,1.243475172668695450e-02,4.051063209772109985e-02,-6.254430115222930908e-02,2.664234861731529236e-02,1.432054340839385986e-01,7.866898551583290100e-03,-2.779099391773343086e-03,-3.789913356304168701e-01,8.563513308763504028e-02,2.839786186814308167e-02,-2.266308963298797607e-01,-2.250690162181854248e-01,-2.663399279117584229e-02,6.179212033748626709e-02,1.105079520493745804e-02,2.402619272470474243e-01,3.614631714299321175e-03,-9.077621996402740479e-02,-1.445267163217067719e-02,3.143788576126098633e-01,-3.427521884441375732e-01,5.420575663447380066e-02,-3.078407049179077148e-01,9.862619638442993164e-02,-1.056063994765281677e-01,3.676289618015289307e-01,-1.367753148078918457e-01,-3.187048733234405518e-01,-4.227202385663986206e-03,4.143856167793273926e-01,-1.892994046211242676e-01,-3.437100350856781006e-01,4.055050313472747803e-01,2.266120165586471558e-03,-2.789225578308105469e-01,2.593263750895857811e-03,-3.087368905544281006e-01,-2.848159372806549072e-01,1.929818242788314819e-01,1.139880809932947159e-02,9.753441065549850464e-02,2.158798426389694214e-01,-1.007584482431411743e-01,-9.584487229585647583e-02,-2.915274500846862793e-01,3.692152351140975952e-02,-3.519486188888549805e-01,-7.013328373432159424e-02,1.767703294754028320e-01,-1.944477262441068888e-04,-2.037121653556823730e-01,2.927230894565582275e-01,-9.025547653436660767e-02,2.133171260356903076e-01,-4.043317437171936035e-01,-2.092794477939605713e-01,4.343008399009704590e-01,1.889678090810775757e-01,-3.126252591609954834e-01,-2.773503065109252930e-01,-2.171796262264251709e-01,-2.192473597824573517e-02,2.422215491533279419e-01,-2.396755665540695190e-01,-3.308866322040557861e-01,4.183414578437805176e-02,3.583220541477203369e-01,-3.787262737751007080e-01,6.617889553308486938e-02,1.796633154153823853e-01,-3.976871967315673828e-01,1.305883228778839111e-01,1.416047215461730957e-01,3.203564286231994629e-01,3.633309900760650635e-01,-1.295235455036163330e-01,-1.100777089595794678e-01,-2.154308855533599854e-01,1.765285991132259369e-02,2.577635645866394043e-01
-1.101660951972007751e-01,-1.349951606243848801e-02,1.560514420270919800e-01,-1.615775227546691895e-01,-2.590959519147872925e-02,3.488412126898765564e-02,-1.231983751058578491e-01,-3.367924317717552185e-02,-8.415981382131576538e-02,-9.099270403385162354e-02,1.328400522470474243e-01,4.613555222749710083e-02,-1.928933709859848022e-02,-1.097652688622474670e-01,-1.047818362712860107e-01,-5.351572483777999878e-02,-3.297682618722319603e-03,-9.471852332353591919e-02,1.561585664749145508e-01,5.931396782398223877e-02,2.450168281793594360e-01,-6.303775310516357422e-02,-1.006503552198410034e-01,-5.344161018729209900e-02,-2.124492824077606201e-02,-6.666766107082366943e-02,8.549503982067108154e-03,-8.624875545501708984e-02,-5.478392913937568665e-02,-1.721109077334403992e-02,8.067526854574680328e-03,1.570501178503036499e-01,-2.102217972278594971e-01,-3.092944249510765076e-02,-5.312022753059864044e-03,4.506517201662063599e-02,-2.969941869378089905e-02,-8.968227356672286987e-02,1.149722095578908920e-02,1.976852864027023315e-01,-1.599383205175399780e-01,-6.040002778172492981e-02,-3.275306150317192078e-02,-1.766989752650260925e-02,2.070374637842178345e-01,-4.256483539938926697e-02,1.571383178234100342e-01,7.049488276243209839e-02,-4.073469713330268860e-02,-6.309211999177932739e-02,5.924262106418609619e-02,-3.814982622861862183e-02,-1.354793757200241089e-01,-1.855823583900928497e-02,-8.257231116294860840e-02,1.015743687748908997e-01,-2.246829494833946228e-02,-6.169039756059646606e-03,1.298225522041320801e-01,1.088846698403358459e-01,7.608652114868164062e-02,-8.175547420978546143e-02,-7.433408871293067932e-03,-2.112790495157241821e-01,1.076231617480516434e-02,3.182157129049301147e-02,7.279849797487258911e-02,-8.587092161178588867e-02,9.836589545011520386e-02,3.212277963757514954e-02,1.275445818901062012e-01,-1.942703574895858765e-01,6.362208724021911621e-02,-1.535804718732833862e-01,9.994757175445556641e-02,1.524661779403686523e-01,-9.908643551170825958e-04,-1.339033395051956177e-01,2.208067774772644043e-01,1.144414246082305908e-01,-2.154582142829895020e-01,-6.840410642325878143e-04,1.057881563901901245e-01,-1.504612882854416966e-04,1.514971256256103516e-01,6.021919101476669312e-02,-8.344884961843490601e-02,-3.557903110049664974e-04,8.352809585630893707e-03,-7.532001286745071411e-02,6.784535199403762817e-02,9.381952136754989624e-02,1.213613376021385193e-01,-1.626213430427014828e-03,1.810512989759445190e-01,5.671524256467819214e-02,-7.655239850282669067e-02,8.370989962713792920e-05,-3.522022627294063568e-03,-1.462059766054153442e-01,1.033364515751600266e-02,-6.875180453062057495e-02,1.626377552747726440e-01,6.950382143259048462e-02,-1.788692176342010498e-01,-2.209830582141876221e-01,2.293126434087753296e-01,2.336285635828971863e-02,1.360727250576019287e-01,8.831733837723731995e-03,-1.263896226882934570e-01,1.629995405673980713e-01,1.044462174177169800e-01,-5.641173571348190308e-02,-9.860201179981231689e-02,1.710285544395446777e-01,3.444805741310119629e-02,-5.705534666776657104e-02,1.933811753988265991e-01,-7.750967890024185181e-02,-3.331679850816726685e-02,-1.598577350378036499e-01,-1.681812703609466553e-01,1.712036505341529846e-02,-1.940893754363059998e-02,1.414370685815811157e-01,-1.660727197304368019e-03,-1.298922896385192871e-01
-7.056847214698791504e-02,-5.107426270842552185e-02,3.661724030971527100e-01,-2.574109435081481934e-01,-1.701347827911376953e-01,3.119850344955921173e-02,-1.008742749691009521e-01,-1.859979629516601562e-01,-7.317408174276351929e-02,-1.477510631084442139e-01,4.613555222749710083e-02,1.583692431449890137e-01,-2.642995715141296387e-01,-1.863845735788345337e-01,-3.361354768276214600e-01,-3.427337408065795898e-01,-7.547274581156671047e-04,-2.135726660490036011e-01,2.471451461315155029e-01,1.751027256250381470e-01,1.200703904032707214e-01,-3.002268671989440918e-01,-2.235204428434371948e-01,4.072893876582384109e-03,-4.026015102863311768e-02,-3.452372848987579346e-01,3.116438388824462891e-01,9.284603595733642578e-02,-3.307890594005584717e-01,3.403514996170997620e-02,-3.820814937353134155e-02,3.604262769222259521e-01,-2.456631809473037720e-01,-2.128756791353225708e-01,2.090007811784744263e-02,3.579191267490386963e-01,-1.033372282981872559e-01,-2.560763359069824219e-01,2.735018730163574219e-01,2.436977922916412354e-01,-3.123140335083007812e-01,-4.580246657133102417e-02,-2.965295910835266113e-01,-5.724672228097915649e-02,9.066791087388992310e-02,2.264768034219741821e-01,3.800878524780273438e-01,1.075680106878280640e-01,1.761879771947860718e-02,-3.350653871893882751e-02,4.958333820104598999e-02,1.873125880956649780e-02,-1.155766621232032776e-01,1.112679298967123032e-02,4.323782026767730713e-02,4.040578305721282959e-01,-9.951198101043701172e-02,-3.094409033656120300e-02,1.969323456287384033e-01,2.201365977525711060e-01,-5.186850670725107193e-03,-2.358484081923961639e-02,-1.021510269492864609e-02,-1.592312604188919067e-01,-1.430641766637563705e-02,8.745548874139785767e-02,-1.434709224849939346e-02,-3.362067043781280518e-01,3.462182283401489258e-01,-9.313176572322845459e-02,3.073428869247436523e-01,-2.585595473647117615e-02,8.720114827156066895e-02,-3.661366701126098633e-01,1.113713532686233521e-01,3.104495108127593994e-01,4.847747739404439926e-03,-4.154269099235534668e-01,1.388628333806991577e-01,3.424441218376159668e-01,-3.715414404869079590e-01,-2.378320321440696716e-03,2.890095114707946777e-01,-2.392314374446868896e-03,3.037814199924468994e-01,3.093886971473693848e-01,-1.746635884046554565e-01,-1.294138003140687943e-02,-9.674238413572311401e-02,-2.160286009311676025e-01,9.849119931459426880e-02,6.408888846635818481e-02,2.706008851528167725e-01,-3.951558843255043030e-02,3.216844797134399414e-01,7.153138518333435059e-02,-1.990662813186645508e-01,1.904990931507200003e-04,2.515032291412353516e-01,-2.698372304439544678e-01,1.014997288584709167e-01,-2.102065682411193848e-01,3.951923251152038574e-01,2.104250490665435791e-01,-4.030186533927917480e-01,-1.541073024272918701e-01,2.477239370346069336e-01,3.086776733398437500e-01,1.965873986482620239e-01,1.827343925833702087e-02,-2.245258390903472900e-01,1.923135519027709961e-01,3.438707590103149414e-01,-9.470598772168159485e-03,-3.855260908603668213e-01,3.514000177383422852e-01,-1.110985651612281799e-01,-1.791135966777801514e-01,3.898658752441406250e-01,-1.158879771828651428e-01,-1.482150703668594360e-01,-3.024287223815917969e-01,-3.446326553821563721e-01,1.315484046936035156e-01,1.372891962528228760e-01,1.772833615541458130e-01,-1.243126858025789261e-02,-2.351335287094116211e-01
