5.225111246109008789e-01,-3.441445901989936829e-02,2.857801914215087891e-01,-3.446261882781982422e-01,1.750513315200805664e-01,-3.199645280838012695e-01,1.573614180088043213e-01,3.846225440502166748e-01,1.946891285479068756e-02,-6.500577926635742188e-02,-1.613737046718597412e-01,5.415755324065685272e-03,-3.237361311912536621e-01,-1.325468719005584717e-01,-1.403590887784957886e-01,-7.998666726052761078e-03,7.317044306546449661e-03,-2.600031495094299316e-01,2.916185557842254639e-01,3.770874068140983582e-02,-6.162283942103385925e-02,-2.531618475914001465e-01,-3.051760196685791016e-01,1.165710985660552979e-01,-7.545928005129098892e-03,-7.828056067228317261e-02,2.029519379138946533e-01,-3.113314211368560791e-01,-1.997056305408477783e-01,-2.099979966878890991e-01,-2.336588501930236816e-01,1.964550763368606567e-01,-2.643609046936035156e-01,-9.367732703685760498e-02,-1.129808090627193451e-02,1.449404656887054443e-01,-1.257042586803436279e-01,-1.605321764945983887e-01,-1.189011409878730774e-01,-2.472286820411682129e-01,-3.951173275709152222e-02,9.648231416940689087e-02,-3.129569292068481445e-01,-3.716659545898437500e-02,-2.364933490753173828e-03,3.357568979263305664e-01,2.353625446557998657e-01,-1.949463412165641785e-02,1.580471098423004150e-01,-1.383652389049530029e-01,-2.599587440490722656e-01,-1.731878817081451416e-01,2.294626235961914062e-01,-1.362216938287019730e-02,-5.821642652153968811e-02,7.917637377977371216e-02,2.882867120206356049e-02,-1.052687224000692368e-02,3.171170055866241455e-01,2.719127535820007324e-01,-1.713955104351043701e-01,2.960527874529361725e-02,-7.228849921375513077e-03,2.007946968078613281e-01,5.682210251688957214e-02,6.809373199939727783e-02,-4.445772767066955566e-01,-8.593306690454483032e-02,1.559322327375411987e-01,2.621662914752960205e-01,-5.370379984378814697e-02,2.336549311876296997e-01,9.822602570056915283e-02,-2.043265849351882935e-01,-1.419735103845596313e-01,4.137118905782699585e-02,2.469917293637990952e-03,-2.267388999462127686e-01,4.503165185451507568e-02,1.233601793646812439e-01,-1.483367979526519775e-01,-3.924600314348936081e-04,1.740608178079128265e-02,-1.069257850758731365e-03,-1.263381540775299072e-01,3.387770652770996094e-01,2.580462098121643066e-01,-2.356434706598520279e-03,-2.268465459346771240e-01,-2.419741079211235046e-02,-1.388445943593978882e-01,3.574033379554748535e-01,3.003847301006317139e-01,-2.140122652053833008e-01,1.248392984271049500e-01,-4.330941438674926758e-01,-8.295188844203948975e-02,-2.433361623843666166e-05,1.166334142908453941e-03,5.199657380580902100e-02,-2.638463973999023438e-01,3.525646626949310303e-01,2.193989455699920654e-01,1.031194180250167847e-01,-3.028180003166198730e-01,1.926834434270858765e-01,3.254302144050598145e-01,3.368874192237854004e-01,-4.539007246494293213e-01,1.216443628072738647e-02,-1.223896443843841553e-01,2.960439026355743408e-01,2.856965959072113037e-01,1.085104048252105713e-01,-1.806732267141342163e-01,1.215925365686416626e-01,2.808510363101959229e-01,-1.964824795722961426e-01,1.770978979766368866e-02,-1.415590643882751465e-01,-3.536199033260345459e-01,-5.167421698570251465e-02,-6.563436985015869141e-02,4.078789651393890381e-01,2.214156650006771088e-02,2.137781232595443726e-01,5.503044649958610535e-02,-9.001877158880233765e-02
-3.441445901989936829e-02,1.297720614820718765e-02,-1.026409566402435303e-01,8.791379630565643311e-02,4.483644291758537292e-02,1.777326315641403198e-02,-1.827702485024929047e-02,1.538342796266078949e-02,5.231279507279396057e-02,5.839867144823074341e-02,-8.830912411212921143e-03,-4.563617706298828125e-02,8.515810221433639526e-02,7.604096829891204834e-02,8.724365383386611938e-02,9.774942696094512939e-02,-1.722188200801610947e-03,6.965803354978561401e-02,-9.713391959667205811e-02,-5.859217047691345215e-02,-4.420318827033042908e-02,8.600970357656478882e-02,7.528144866228103638e-02,-2.078522928059101105e-02,1.216546166688203812e-02,9.065343439579010010e-02,-9.297842532396316528e-02,-5.924260243773460388e-03,9.083598852157592773e-02,2.295532636344432831e-02,3.624783456325531006e-02,-1.084179729223251343e-01,7.838476449251174927e-02,6.196528673171997070e-02,-2.047853544354438782e-03,-9.982737898826599121e-02,6.777270138263702393e-02,8.707647025585174561e-02,-6.200800836086273193e-02,-4.666884243488311768e-02,9.248524904251098633e-02,1.135332882404327393e-02,1.014479696750640869e-01,2.554784342646598816e-02,-3.035677596926689148e-02,-7.515784353017807007e-02,-1.007446050643920898e-01,-2.913286536931991577e-02,-1.211596466600894928e-02,2.828342653810977936e-02,1.607998088002204895e-02,2.474649250507354736e-02,4.196331650018692017e-02,-1.117992866784334183e-02,3.903641831129789352e-03,-1.046471446752548218e-01,4.060765728354454041e-02,5.621665623039007187e-03,-7.755734026432037354e-02,-9.012505412101745605e-02,-4.053644835948944092e-03,-2.637473866343498230e-03,2.732330700382590294e-03,2.294044196605682373e-02,1.402145717293024063e-02,-2.980214171111583710e-02,5.932152643799781799e-02,9.830559790134429932e-02,-9.735170006752014160e-02,4.622761625796556473e-03,-7.545936107635498047e-02,-1.191533263772726059e-02,-3.499756008386611938e-02,9.158816933631896973e-02,-2.495425380766391754e-02,-9.418766945600509644e-02,-6.753910565748810768e-04,1.078492403030395508e-01,-2.987363934516906738e-02,-8.878514170646667480e-02,1.035586521029472351e-01,2.054874348687008023e-04,-7.918365299701690674e-02,2.424632293696049601e-05,-8.419524878263473511e-02,-9.782911837100982666e-02,1.155502162873744965e-02,1.919586909934878349e-03,6.942261010408401489e-02,6.685166060924530029e-02,-2.140475064516067505e-02,-5.933094769716262817e-02,-9.269359707832336426e-02,4.287820309400558472e-02,-9.029445052146911621e-02,3.039515018463134766e-02,7.419899106025695801e-02,-3.602903461796813644e-06,-7.248029112815856934e-02,6.883646547794342041e-02,-1.587973348796367645e-02,1.076149195432662964e-02,-1.074634194374084473e-01,-8.454322814941406250e-02,1.159206181764602661e-01,5.114427767693996429e-03,-9.913573414087295532e-02,-1.028557270765304565e-01,1.976555772125720978e-02,-3.532183822244405746e-03,6.869740039110183716e-02,-8.070620149374008179e-02,-1.038529500365257263e-01,-2.366138063371181488e-02,1.051592826843261719e-01,-8.916679024696350098e-02,3.029901161789894104e-02,4.516415670514106750e-02,-9.381657093763351440e-02,5.430940911173820496e-02,7.766059041023254395e-02,7.694274187088012695e-02,8.159619569778442383e-02,-7.824144512414932251e-02,-5.674390494823455811e-02,-7.038813084363937378e-02,-7.793731987476348877e-03,7.105656713247299194e-02
2.857801914215087891e-01,-1.026409566402435303e-01,7.940487265586853027e-01,-7.100171446800231934e-01,-3.663831353187561035e-01,-2.008926272392272949e-01,1.188491806387901306e-01,-1.576983928680419922e-01,-4.060570299625396729e-01,-5.045971274375915527e-01,9.221831709146499634e-02,4.017477333545684814e-01,-6.309156417846679688e-01,-6.466341614723205566e-01,-7.123202085494995117e-01,-7.155728340148925781e-01,1.401880849152803421e-02,-5.424636602401733398e-01,7.539616227149963379e-01,5.379281044006347656e-01,3.509618043899536133e-01,-7.077184319496154785e-01,-6.477261781692504883e-01,1.872409582138061523e-01,-1.060746535658836365e-01,-6.627237796783447266e-01,7.296301126480102539e-01,1.621191017329692841e-02,-7.223871946334838867e-01,-1.703658252954483032e-01,-2.966825067996978760e-01,7.980095744132995605e-01,-6.115569472312927246e-01,-5.890087485313415527e-01,2.077736519277095795e-02,7.486283183097839355e-01,-5.689371228218078613e-01,-7.085623145103454590e-01,4.651828110218048096e-01,4.227094650268554688e-01,-6.933519244194030762e-01,-1.042142361402511597e-01,-7.674116492271423340e-01,-2.257824540138244629e-01,2.289927750825881958e-01,6.140267252922058105e-01,7.851903438568115234e-01,2.457767128944396973e-01,9.808150678873062134e-02,-1.423910111188888550e-01,-1.236359626054763794e-01,-1.612761467695236206e-01,-3.685063421726226807e-01,1.039237529039382935e-01,-3.133284673094749451e-02,7.861427068710327148e-01,-3.791931569576263428e-01,-4.897629469633102417e-02,6.023011803627014160e-01,7.184396386146545410e-01,5.982282385230064392e-02,6.852188613265752792e-03,-2.299637533724308014e-02,-1.826871484518051147e-01,-1.043794304132461548e-01,2.483712732791900635e-01,-4.302003979682922363e-01,-7.359298467636108398e-01,7.529365420341491699e-01,-2.442962862551212311e-02,6.240343451499938965e-01,1.399478614330291748e-01,3.035628795623779297e-01,-7.360966801643371582e-01,1.695800870656967163e-01,7.202220559120178223e-01,5.178792402148246765e-03,-8.172556161880493164e-01,2.543106079101562500e-01,7.096825242042541504e-01,-7.898787856101989746e-01,-1.814212766475975513e-03,6.534104347229003906e-01,7.167002768255770206e-04,6.328603029251098633e-01,7.510483860969543457e-01,-1.287482082843780518e-01,-1.604759879410266876e-02,-5.586758255958557129e-01,-5.910548567771911621e-01,1.883418560028076172e-01,4.535938203334808350e-01,7.164584398269653320e-01,-3.555926978588104248e-01,7.142403125762939453e-01,-2.372877597808837891e-01,-6.117948889732360840e-01,3.505952190607786179e-05,5.973551869392395020e-01,-5.428915619850158691e-01,2.109820991754531860e-01,-9.972211718559265137e-02,7.996035814285278320e-01,6.892122030258178711e-01,-8.450107574462890625e-01,-1.283299028873443604e-01,7.284964323043823242e-01,7.616442441940307617e-01,-1.734546273946762085e-01,2.906227484345436096e-02,-5.588203668594360352e-01,6.780392527580261230e-01,7.865359187126159668e-01,9.546408802270889282e-02,-7.906540632247924805e-01,7.108089923858642578e-01,-2.467577606439590454e-01,-3.999263942241668701e-01,7.328752279281616211e-01,-4.675643146038055420e-01,-6.126312017440795898e-01,-6.338996291160583496e-01,-6.628376245498657227e-01,5.883627533912658691e-01,5.357369184494018555e-01,6.039314270019531250e-01,5.493517592549324036e-02,-6.138390898704528809e-01
-3.446261882781982422e-01,8.791379630565643311e-02,-7.100171446800231934e-01,7.426070570945739746e-01,1.894094347953796387e-01,2.778909206390380859e-01,-1.247654557228088379e-01,-1.924117840826511383e-02,3.458140492439270020e-01,4.267866611480712891e-01,-1.266551762819290161e-01,-3.248347043991088867e-01,4.942156672477722168e-01,5.976247191429138184e-01,6.218296289443969727e-01,5.152575373649597168e-01,-9.553156793117523193e-03,4.860117733478546143e-01,-7.279067039489746094e-01,-4.538793861865997314e-01,-3.812696039676666260e-01,6.583598852157592773e-01,6.069364547729492188e-01,-1.626728028059005737e-01,9.094056487083435059e-02,4.612390995025634766e-01,-5.817433595657348633e-01,2.010451257228851318e-01,5.565091967582702637e-01,2.843633592128753662e-01,2.605016827583312988e-01,-7.183267474174499512e-01,6.491163969039916992e-01,4.979867935180664062e-01,-4.541208967566490173e-03,-5.774042010307312012e-01,4.618281722068786621e-01,5.923070907592773438e-01,-2.152171283960342407e-01,-3.722834885120391846e-01,6.031171679496765137e-01,1.146428883075714111e-01,6.558768153190612793e-01,1.851599216461181641e-01,-2.630042731761932373e-01,-4.613385796546936035e-01,-7.261096239089965820e-01,-2.218319028615951538e-01,-9.496029466390609741e-02,1.731649190187454224e-01,1.603189557790756226e-01,2.434298992156982422e-01,3.314042091369628906e-01,-1.151833310723304749e-01,1.383035480976104736e-01,-6.310133337974548340e-01,3.332200944423675537e-01,3.991836309432983398e-02,-5.555210113525390625e-01,-7.023301720619201660e-01,-7.118503004312515259e-02,5.369219928979873657e-02,2.471342124044895172e-02,9.248318523168563843e-02,1.188186556100845337e-01,-2.143695354461669922e-01,4.035725593566894531e-01,5.666848421096801758e-01,-6.346257328987121582e-01,-1.642672270536422729e-01,-4.649928212165832520e-01,-1.050167065113782883e-02,-3.306286334991455078e-01,6.622781157493591309e-01,-1.382885277271270752e-01,-5.934435725212097168e-01,-3.018026240170001984e-03,6.832323670387268066e-01,-3.683420717716217041e-01,-5.950065851211547852e-01,7.309114933013916016e-01,1.557710580527782440e-03,-4.853738546371459961e-01,1.734806923195719719e-03,-4.885860085487365723e-01,-6.589110493659973145e-01,-7.071941345930099487e-02,1.072706654667854309e-02,4.381579756736755371e-01,4.678449928760528564e-01,-1.610030084848403931e-01,-5.426088571548461914e-01,-6.890190243721008301e-01,3.809812366962432861e-01,-6.519413590431213379e-01,3.282471001148223877e-01,4.871021509170532227e-01,-2.335700810363050550e-05,-4.238655865192413330e-01,3.937318325042724609e-01,-5.880325660109519958e-02,-1.175764948129653931e-01,-7.436063885688781738e-01,-5.541415810585021973e-01,7.642679810523986816e-01,2.288030534982681274e-01,-7.732576727867126465e-01,-6.505082845687866211e-01,3.172520697116851807e-01,-2.963036485016345978e-02,5.532254576683044434e-01,-6.881704926490783691e-01,-7.354860901832580566e-01,4.467887803912162781e-03,6.672912240028381348e-01,-6.058856844902038574e-01,2.552262134850025177e-02,3.572484254837036133e-01,-6.037427186965942383e-01,4.710593223571777344e-01,5.590480566024780273e-01,5.824019312858581543e-01,5.785533189773559570e-01,-5.763931274414062500e-01,-4.469806551933288574e-01,-5.855622291564941406e-01,-6.562727689743041992e-02,5.020357370376586914e-01
1.750513315200805664e-01,4.483644291758537292e-02,-3.663831353187561035e-01,1.894094347953796387e-01,4.599273204803466797e-01,-1.568441838026046753e-01,2.547834068536758423e-02,4.693081378936767578e-01,2.156026810407638550e-01,2.597656846046447754e-01,-1.123065054416656494e-01,-2.517215013504028320e-01,3.078378140926361084e-01,2.624101638793945312e-01,3.605995774269104004e-01,6.041938662528991699e-01,-7.357222028076648712e-03,2.379889935255050659e-01,-2.949344813823699951e-01,-2.650526165962219238e-01,-1.178690716624259949e-01,2.595844864845275879e-01,1.891055256128311157e-01,-3.604939579963684082e-02,5.509755015373229980e-02,5.169522166252136230e-01,-3.876693844795227051e-01,-3.888486921787261963e-01,4.690834879875183105e-01,-1.161926537752151489e-01,5.287342146039009094e-02,-3.982985913753509521e-01,1.537945866584777832e-01,2.828962802886962891e-01,-2.978164330124855042e-02,-4.894547164440155029e-01,3.051396310329437256e-01,3.886060416698455811e-01,-6.099188327789306641e-01,-3.674913346767425537e-01,4.597995579242706299e-01,8.670181781053543091e-02,3.717505037784576416e-01,1.221380606293678284e-01,-7.486877590417861938e-02,-2.649718225002288818e-01,-3.873352706432342529e-01,-1.627347171306610107e-01,1.788341812789440155e-02,3.771169483661651611e-02,-9.696297347545623779e-02,-9.438660740852355957e-02,3.086995184421539307e-01,-4.382401332259178162e-02,-1.212549880146980286e-01,-5.639991760253906250e-01,2.352643013000488281e-01,2.645780518651008606e-02,-2.025186866521835327e-01,-2.642773389816284180e-01,-7.774909585714340210e-02,-8.034630119800567627e-02,4.794872365891933441e-03,2.709207832813262939e-01,7.805199921131134033e-02,-1.153310090303421021e-01,4.238842427730560303e-02,5.351847410202026367e-01,-4.204733073711395264e-01,3.380936682224273682e-01,-5.168846249580383301e-01,-4.467327147722244263e-02,-3.526250645518302917e-02,3.463355004787445068e-01,-2.117325514554977417e-01,-5.065962076187133789e-01,-3.230043919757008553e-03,4.787689149379730225e-01,-2.579693309962749481e-02,-4.006651937961578369e-01,4.311905503273010254e-01,8.279737085103988647e-04,-4.794149696826934814e-01,-2.882181899622082710e-03,-5.805816054344177246e-01,-3.260032534599304199e-01,3.569980263710021973e-01,1.154989004135131836e-02,2.221688330173492432e-01,3.707332015037536621e-01,-2.105570733547210693e-01,3.421070054173469543e-02,-2.512181699275970459e-01,9.316044859588146210e-03,-3.840624690055847168e-01,-1.838713437318801880e-01,4.135118126869201660e-01,-3.903712422470562160e-05,-4.381136000156402588e-01,4.742178916931152344e-01,-3.431459367275238037e-01,4.119145870208740234e-01,-3.910075128078460693e-01,-4.256422519683837891e-01,4.218350350856781006e-01,7.271067798137664795e-02,-2.049786746501922607e-01,-3.792781531810760498e-01,-2.898280620574951172e-01,-2.877929480746388435e-03,1.628883630037307739e-01,-1.605413556098937988e-01,-3.532096743583679199e-01,-1.532214283943176270e-01,5.137357115745544434e-01,-3.933551013469696045e-01,4.597523212432861328e-01,1.409575641155242920e-01,-5.318533182144165039e-01,1.333363205194473267e-01,2.126054912805557251e-01,3.284032046794891357e-01,3.648183345794677734e-01,-1.209276244044303894e-01,-2.784891128540039062e-01,-1.647944152355194092e-01,-3.045828314498066902e-03,3.568062782287597656e-01
-3.199645280838012695e-01,1.777326315641403198e-02,-2.008926272392272949e-01,2.778909206390380859e-01,-1.568441838026046753e-01,2.873057126998901367e-01,-6.591209024190902710e-02,-2.496800422668457031e-01,-1.555289234966039658e-02,6.278131157159805298e-02,5.441217869520187378e-02,-2.112229913473129272e-02,1.242434978485107422e-01,1.588524580001831055e-01,1.451976299285888672e-01,-2.879331260919570923e-02,-2.723108045756816864e-03,9.359669685363769531e-02,-2.105735093355178833e-01,-9.380396455526351929e-02,-4.246148094534873962e-02,2.098512202501296997e-01,2.257717698812484741e-01,-7.714673876762390137e-02,1.114565040916204453e-02,-3.221853822469711304e-02,-1.436654478311538696e-01,2.976801693439483643e-01,1.235988810658454895e-01,1.469375193119049072e-01,1.319573670625686646e-01,-1.722007244825363159e-01,1.989130228757858276e-01,1.569290757179260254e-01,7.992745377123355865e-03,-7.271829992532730103e-02,6.544853001832962036e-02,1.012445986270904541e-01,1.589160710573196411e-01,4.191391915082931519e-02,1.317045278847217560e-02,-2.172097936272621155e-02,1.755042225122451782e-01,3.395887091755867004e-02,-1.446584705263376236e-02,-1.921024322509765625e-01,-1.782541424036026001e-01,2.135378774255514145e-03,-9.039788693189620972e-02,1.001293887384235859e-03,1.520097404718399048e-01,9.815439581871032715e-02,-6.505160778760910034e-02,-1.299617812037467957e-02,7.998097687959671021e-02,-7.616546005010604858e-02,2.070800028741359711e-02,7.116348482668399811e-03,-1.605821400880813599e-01,-1.997462362051010132e-01,5.075968056917190552e-02,4.033924639225006104e-02,7.538461592048406601e-03,-1.459607332944869995e-01,-3.535222262144088745e-02,-3.937265276908874512e-02,2.055588364601135254e-01,2.678291685879230499e-02,-1.072743684053421021e-01,-2.401045560836791992e-01,2.677820436656475067e-02,-1.434265524148941040e-01,-1.070105209946632385e-01,1.599067151546478271e-01,1.246358454227447510e-01,-2.670878916978836060e-02,-3.640561481006443501e-04,1.632192432880401611e-01,-8.538065850734710693e-02,-8.897476643323898315e-02,1.483819037675857544e-01,3.623122465796768665e-04,-2.644238248467445374e-02,4.680877900682389736e-04,9.493014216423034668e-02,-2.043720781803131104e-01,-1.720652133226394653e-01,7.039691990939900279e-05,1.045214310288429260e-01,3.471114858984947205e-02,6.740593910217285156e-02,-2.391362339258193970e-01,-1.950668990612030029e-01,1.636859625577926636e-01,-9.747523814439773560e-02,2.714572250843048096e-01,4.081391915678977966e-02,1.016430178424343467e-05,-1.726651913486421108e-03,-9.334650635719299316e-02,1.197873726487159729e-01,-2.595236897468566895e-01,-1.707352846860885620e-01,-6.250170618295669556e-02,2.016834169626235962e-01,3.939250111579895020e-02,-2.599266469478607178e-01,-1.621581315994262695e-01,3.310539424419403076e-01,-1.038227882236242294e-02,1.583009511232376099e-01,-2.836047410964965820e-01,-1.932655721902847290e-01,8.574148267507553101e-02,1.130161508917808533e-01,-9.617585688829421997e-02,-2.188941389322280884e-01,1.317186355590820312e-01,-3.803452476859092712e-02,1.336582154035568237e-01,1.828342676162719727e-01,8.208601176738739014e-02,7.418138533830642700e-02,-2.173472195863723755e-01,-1.062889322638511658e-01,-1.902061700820922852e-01,-2.640463784337043762e-02,6.588589400053024292e-02
1.573614180088043213e-01,-1.827702485024929047e-02,1.188491806387901306e-01,-1.247654557228088379e-01,2.547834068536758423e-02,-6.591209024190902710e-02,1.004259884357452393e-01,1.060450226068496704e-01,-5.717848986387252808e-02,-2.968732453882694244e-02,-6.605222076177597046e-02,2.679477259516716003e-02,-1.602877676486968994e-01,-7.501359283924102783e-02,-8.355427533388137817e-02,-7.094797492027282715e-02,2.141999080777168274e-03,-1.236695125699043274e-01,1.072791144251823425e-01,9.493586607277393341e-03,8.923528366722166538e-04,-1.130304485559463501e-01,-1.072743162512779236e-01,4.530297592282295227e-02,-7.059954106807708740e-03,-9.166900813579559326e-02,1.002324819564819336e-01,-6.831652671098709106e-02,-8.769465982913970947e-02,-1.064377054572105408e-01,-8.292391151189804077e-02,1.147388815879821777e-01,-9.524112194776535034e-02,-2.342812530696392059e-02,-1.255836104974150658e-03,1.079958230257034302e-01,-7.179868221282958984e-02,-8.386719226837158203e-02,1.291733048856258392e-02,-7.580834627151489258e-02,-6.590140610933303833e-02,2.801470272243022919e-02,-1.418198198080062866e-01,-1.918344013392925262e-02,8.741354104131460190e-04,1.273145079612731934e-01,1.073373779654502869e-01,1.725381799042224884e-02,6.065116077661514282e-02,-7.068984955549240112e-02,-6.811773777008056641e-02,-8.287407457828521729e-02,5.909401923418045044e-02,1.260418072342872620e-02,-1.431391760706901550e-02,7.044497877359390259e-02,-8.998339064419269562e-03,-6.092356517910957336e-03,1.155287027359008789e-01,1.285748481750488281e-01,-6.784903258085250854e-02,2.199524082243442535e-02,-3.241676604375243187e-03,6.477073580026626587e-02,4.465167876332998276e-03,3.587773069739341736e-02,-1.777798682451248169e-01,-8.210106194019317627e-02,1.003118678927421570e-01,7.411118596792221069e-02,6.232315208762884140e-03,5.722804367542266846e-02,4.685433581471443176e-02,-1.106354594230651855e-01,-3.079280443489551544e-02,4.022489860653877258e-02,1.401665271259844303e-03,-1.110351905226707458e-01,2.028046734631061554e-02,8.071262389421463013e-02,-7.940417528152465820e-02,-2.244128991151228547e-04,3.818837180733680725e-02,-1.132214907556772232e-03,6.460553035140037537e-03,1.612585633993148804e-01,1.037419140338897705e-01,-2.218187786638736725e-03,-1.058749035000801086e-01,-3.441743925213813782e-02,-3.771837055683135986e-02,1.291286498308181763e-01,1.244960576295852661e-01,-7.242172956466674805e-02,7.118862867355346680e-02,-1.488864868879318237e-01,-5.767742544412612915e-02,-8.169164175342302769e-06,5.057353898882865906e-02,-2.509007416665554047e-02,-9.673930704593658447e-02,9.752587229013442993e-02,1.259326785802841187e-01,7.170480489730834961e-02,-1.206480190157890320e-01,9.903882443904876709e-02,1.292233318090438843e-01,1.636521965265274048e-01,-1.343104243278503418e-01,4.884022753685712814e-03,-8.558705449104309082e-02,8.445863425731658936e-02,1.485461443662643433e-01,1.001308113336563110e-01,-1.057651042938232422e-01,7.325157523155212402e-02,4.492568224668502808e-02,-6.917045265436172485e-02,4.168531671166419983e-02,-6.367423385381698608e-02,-1.462093591690063477e-01,-3.754777461290359497e-02,-5.941926315426826477e-02,1.747670024633407593e-01,1.833076030015945435e-02,8.841652423143386841e-02,2.194730937480926514e-02,-2.539259381592273712e-02
3.846225440502166748e-01,1.538342796266078949e-02,-1.576983928680419922e-01,-1.924117840826511383e-02,4.693081378936767578e-01,-2.496800422668457031e-01,1.060450226068496704e-01,6.496056318283081055e-01,1.325048506259918213e-01,1.662834137678146362e-01,-1.215452030301094055e-01,-2.265261858701705933e-01,9.904223680496215820e-02,1.598471999168395996e-01,2.497993409633636475e-01,5.029425621032714844e-01,-2.302995650097727776e-03,3.260021656751632690e-02,-6.140773743391036987e-02,-2.053127437829971313e-01,-2.904100529849529266e-02,1.109250336885452271e-01,8.676096796989440918e-03,-3.864657133817672729e-03,4.071269184350967407e-02,3.817663788795471191e-01,-2.389776408672332764e-01,-4.971117079257965088e-01,3.562052547931671143e-01,-2.240967601537704468e-01,-6.460320949554443359e-02,-2.097220569849014282e-01,-9.082952886819839478e-02,2.527716755867004395e-01,-4.107619822025299072e-02,-3.537460565567016602e-01,1.953718662261962891e-01,2.487735599279403687e-01,-6.248253583908081055e-01,-4.150366485118865967e-01,3.075126707553863525e-01,9.459199756383895874e-02,1.485022604465484619e-01,9.336306154727935791e-02,3.754277527332305908e-02,-1.202810257673263550e-01,-1.973952502012252808e-01,-1.387061029672622681e-01,6.991278380155563354e-02,-1.506597101688385010e-01,-2.253389060497283936e-01,-2.489829510450363159e-01,3.256636857986450195e-01,-5.155184492468833923e-02,-1.915605962276458740e-01,-4.457923173904418945e-01,2.288065105676651001e-01,2.006150223314762115e-02,5.754859745502471924e-02,-6.756344437599182129e-02,-1.254091411828994751e-01,-8.606229722499847412e-02,-2.125298138707876205e-03,2.606497704982757568e-01,5.298310890793800354e-02,-5.805132165551185608e-02,-2.099546045064926147e-01,3.981656134128570557e-01,-2.748097479343414307e-01,4.365852773189544678e-01,-4.781039059162139893e-01,-6.321102380752563477e-02,5.203924700617790222e-02,2.062031477689743042e-01,-1.533451825380325317e-01,-3.606885671615600586e-01,-1.895383349619805813e-03,3.137955665588378906e-01,6.196621805429458618e-02,-2.672125399112701416e-01,2.587646245956420898e-01,5.970332422293722630e-04,-4.227008819580078125e-01,-4.392275121062994003e-03,-5.019000768661499023e-01,-1.255906373262405396e-01,4.715784490108489990e-01,1.014641486108303070e-02,4.736062139272689819e-02,3.263589143753051758e-01,-2.213390767574310303e-01,3.018815517425537109e-01,-1.527744438499212265e-02,-1.377090662717819214e-01,-2.234701514244079590e-01,-3.905077278614044189e-01,3.062252104282379150e-01,-4.744430043501779437e-05,-4.020385742187500000e-01,3.952787220478057861e-01,-4.948569536209106445e-01,5.653235316276550293e-01,-1.977425664663314819e-01,-3.172110319137573242e-01,1.706968694925308228e-01,1.483103036880493164e-01,7.063940167427062988e-02,-1.510276794433593750e-01,-4.826067090034484863e-01,8.468880318105220795e-03,4.638737067580223083e-02,2.275102399289608002e-02,-1.430803239345550537e-01,-4.167513921856880188e-02,3.502784073352813721e-01,-2.497541606426239014e-01,5.682120919227600098e-01,5.103675648570060730e-02,-4.320134520530700684e-01,9.063865058124065399e-03,-7.235575001686811447e-03,2.104704976081848145e-01,2.385307997465133667e-01,1.508535295724868774e-01,-2.749412357807159424e-01,-8.370855823159217834e-03,3.832813352346420288e-02,2.462936341762542725e-01
1.946891285479068756e-02,5.231279507279396057e-02,-4.060570299625396729e-01,3.458140492439270020e-01,2.156026810407638550e-01,-1.555289234966039658e-02,-5.717848986387252808e-02,1.325048506259918213e-01,4.208278656005859375e-01,3.147552013397216797e-01,-1.478291451930999756e-01,-2.581383883953094482e-01,2.248822599649429321e-01,4.180119037628173828e-01,4.361023008823394775e-01,4.823710322380065918e-01,-2.403671154752373695e-03,1.716860979795455933e-01,-4.346098899841308594e-01,-3.538574278354644775e-01,-4.498914480209350586e-01,4.160477519035339355e-01,2.538040578365325928e-01,-8.910799026489257812e-02,7.614762336015701294e-02,4.282031357288360596e-01,-4.213016629219055176e-01,-1.623496226966381073e-02,2.962638139724731445e-01,1.117238551378250122e-01,5.287210270762443542e-02,-5.935196280479431152e-01,3.646212816238403320e-01,3.236895501613616943e-01,-6.570155732333660126e-03,-4.682913720607757568e-01,2.989105582237243652e-01,3.894952833652496338e-01,-2.133366763591766357e-01,-4.190766811370849609e-01,5.132471323013305664e-01,1.354274600744247437e-01,3.494897484779357910e-01,1.132540553808212280e-01,-2.484207749366760254e-01,-2.058771103620529175e-01,-4.199122190475463867e-01,-1.587324440479278564e-01,6.105310842394828796e-02,1.862665452063083649e-02,-5.059876665472984314e-02,1.774690300226211548e-01,4.296678304672241211e-01,-1.146708801388740540e-01,1.084505990147590637e-01,-4.930619597434997559e-01,2.631182074546813965e-01,2.343260124325752258e-02,-2.502266168594360352e-01,-3.905508220195770264e-01,-1.886428892612457275e-01,1.076200306415557861e-01,1.573598571121692657e-02,2.280296087265014648e-01,1.472258120775222778e-01,-1.347964555025100708e-01,5.483254417777061462e-02,4.254277050495147705e-01,-4.829024672508239746e-01,1.078555267304182053e-02,-3.784582912921905518e-01,1.822775602340698242e-01,-2.664294540882110596e-01,4.412535727024078369e-01,-1.992038041353225708e-01,-4.586754143238067627e-01,-1.358828740194439888e-03,4.533281624317169189e-01,-2.067825347185134888e-01,-4.671878516674041748e-01,5.434659123420715332e-01,1.017426722683012486e-03,-3.629498779773712158e-01,2.722283825278282166e-03,-4.775027930736541748e-01,-3.482427000999450684e-01,6.860792636871337891e-02,6.972402334213256836e-03,3.400723338127136230e-01,3.588467836380004883e-01,-1.563690006732940674e-01,-2.421516925096511841e-01,-4.119288027286529541e-01,2.335505932569503784e-01,-4.725268781185150146e-01,2.220203541219234467e-02,2.456191480159759521e-01,-2.924054388131480664e-05,-3.700971007347106934e-01,3.364307880401611328e-01,-1.788675040006637573e-01,1.638003885746002197e-01,-5.453493595123291016e-01,-3.964095413684844971e-01,5.170986652374267578e-01,1.547290682792663574e-01,-4.895459711551666260e-01,-3.665009140968322754e-01,-2.575180865824222565e-02,-2.531288936734199524e-02,5.012480020523071289e-01,-3.870649039745330811e-01,-4.488293826580047607e-01,9.014660120010375977e-02,3.902044296264648438e-01,-4.507715404033660889e-01,1.893159151077270508e-01,1.276270151138305664e-01,-4.711851775646209717e-01,3.041308820247650146e-01,1.818359941244125366e-01,4.650993943214416504e-01,4.237497746944427490e-01,-2.217848300933837891e-01,-3.644030392169952393e-01,-3.756617307662963867e-01,1.665516989305615425e-03,3.155957758426666260e-01
-6.500577926635742188e-02,5.839867144823074341e-02,-5.045971274375915527e-01,4.267866611480712891e-01,2.597656846046447754e-01,6.278131157159805298e-02,-2.968732453882694244e-02,1.662834137678146362e-01,3.147552013397216797e-01,3.420243263244628906e-01,-1.233995631337165833e-01,-2.690657973289489746e-01,3.263790905475616455e-01,4.339798390865325928e-01,4.789720773696899414e-01,5.282577276229858398e-01,-6.860817316919565201e-03,2.580208778381347656e-01,-5.019456148147583008e-01,-3.814183771610260010e-01,-3.343074917793273926e-01,4.520885348320007324e-01,3.530294895172119141e-01,-1.024830117821693420e-01,7.449842989444732666e-02,4.607016742229461670e-01,-4.887053966522216797e-01,-4.217500984668731689e-02,4.501881599426269531e-01,6.214864924550056458e-02,1.237437203526496887e-01,-5.988304615020751953e-01,3.919667303562164307e-01,3.997895121574401855e-01,-1.250220928341150284e-02,-5.200733542442321777e-01,3.439470529556274414e-01,4.539354443550109863e-01,-3.173742592334747314e-01,-3.943407535552978516e-01,5.080254673957824707e-01,1.078562960028648376e-01,4.595826268196105957e-01,1.388151943683624268e-01,-1.956630796194076538e-01,-3.355534374713897705e-01,-5.092727541923522949e-01,-1.592379659414291382e-01,4.964069463312625885e-03,3.427026420831680298e-02,1.177383027970790863e-02,9.953946620225906372e-02,3.610284328460693359e-01,-8.117581903934478760e-02,4.557203873991966248e-02,-5.769033432006835938e-01,2.667184770107269287e-01,2.864912338554859161e-02,-3.307993710041046143e-01,-4.388756155967712402e-01,-1.279947757720947266e-01,4.664019867777824402e-02,1.485398318618535995e-02,2.023662030696868896e-01,1.003596857190132141e-01,-1.494251340627670288e-01,1.472783237695693970e-01,4.984093606472015381e-01,-5.176911354064941406e-01,4.974870383739471436e-02,-4.480942189693450928e-01,1.343556214123964310e-02,-2.183834165334701538e-01,4.809781312942504883e-01,-1.634659618139266968e-01,-5.212411880493164062e-01,-2.324039814993739128e-03,5.587445497512817383e-01,-1.759562790393829346e-01,-4.920414388179779053e-01,5.875766873359680176e-01,1.119225169532001019e-03,-4.395118951797485352e-01,5.883247285964898765e-05,-4.957886636257171631e-01,-4.377932846546173096e-01,1.370745450258255005e-01,9.061698801815509796e-03,3.482006490230560303e-01,3.918877840042114258e-01,-1.571755856275558472e-01,-2.476312071084976196e-01,-4.544590413570404053e-01,2.228373438119888306e-01,-5.010711550712585449e-01,5.586800351738929749e-02,3.525570333003997803e-01,-3.095926513196900487e-05,-4.003476500511169434e-01,3.687730133533477783e-01,-2.114043980836868286e-01,1.541396379470825195e-01,-5.670551061630249023e-01,-4.517558515071868896e-01,6.033902764320373535e-01,1.530326008796691895e-01,-5.113229751586914062e-01,-4.590710997581481934e-01,1.573014631867408752e-02,-2.108921296894550323e-02,4.242401719093322754e-01,-4.495787918567657471e-01,-5.026564002037048340e-01,4.059427976608276367e-02,5.130014419555664062e-01,-4.872546195983886719e-01,2.029984146356582642e-01,2.049234509468078613e-01,-5.344859957695007324e-01,3.013534545898437500e-01,2.935132682323455811e-01,4.625552296638488770e-01,4.485304355621337891e-01,-2.859057486057281494e-01,-3.850755691528320312e-01,-3.839883506298065186e-01,-1.430260203778743744e-02,3.969747722148895264e-01
-1.613737046718597412e-01,-8.830912411212921143e-03,9.221831709146499634e-02,-1.266551762819290161e-01,-1.123065054416656494e-01,5.441217869520187378e-02,-6.605222076177597046e-02,-1.215452030301094055e-01,-1.478291451930999756e-01,-1.233995631337165833e-01,2.165014594793319702e-01,9.223563969135284424e-02,8.687606453895568848e-02,-1.369665563106536865e-01,-1.233656033873558044e-01,-1.009870469570159912e-01,-2.362248022109270096e-03,-7.679870817810297012e-03,1.583586335182189941e-01,1.473474353551864624e-01,2.755572795867919922e-01,-9.700924158096313477e-02,-3.988432884216308594e-02,-2.737507037818431854e-02,-3.000375814735889435e-02,-4.671559855341911316e-02,4.351655021309852600e-02,-8.895797654986381531e-03,-1.247445237822830677e-03,-2.376981265842914581e-02,7.154107838869094849e-02,1.686321496963500977e-01,-1.791920810937881470e-01,-9.913701564073562622e-02,-4.128821194171905518e-03,5.396683514118194580e-02,-6.414400786161422729e-02,-9.839442372322082520e-02,-7.007887586951255798e-03,3.136258721351623535e-01,-2.244998514652252197e-01,-1.305079758167266846e-01,-2.076846361160278320e-02,-3.213453292846679688e-02,1.921420842409133911e-01,-1.239025294780731201e-01,1.424394845962524414e-01,9.177717566490173340e-02,-9.154251217842102051e-02,-2.978965453803539276e-02,7.608884572982788086e-02,-6.495439261198043823e-02,-3.091543912887573242e-01,6.311354786157608032e-02,-1.072942540049552917e-01,1.348196566104888916e-01,-1.363722532987594604e-01,-4.294413141906261444e-03,4.431141167879104614e-02,1.214436665177345276e-01,1.807724386453628540e-01,-9.895958006381988525e-02,-7.689511403441429138e-03,-1.801456063985824585e-01,-1.165190041065216064e-01,3.298627212643623352e-02,1.387517303228378296e-01,-9.987821429967880249e-02,1.127198338508605957e-01,-8.324000984430313110e-03,1.599459052085876465e-01,-2.815457582473754883e-01,1.090801060199737549e-01,-1.082597449421882629e-01,1.854499578475952148e-01,1.984853297472000122e-01,-1.776031102053821087e-03,-7.539332658052444458e-02,2.100567519664764404e-01,1.315047740936279297e-01,-2.255965769290924072e-01,-2.352690498810261488e-04,9.756851941347122192e-02,-1.785292057320475578e-03,2.415559589862823486e-01,-2.846240764483809471e-03,-4.697419703006744385e-02,4.939381033182144165e-04,-2.559205750003457069e-03,-1.211956590414047241e-01,1.611510962247848511e-01,8.586004376411437988e-02,1.216730251908302307e-01,-6.505595147609710693e-02,1.988333612680435181e-01,9.671495109796524048e-02,-8.464981615543365479e-02,2.084933475998695940e-05,7.453496009111404419e-02,-1.473415940999984741e-01,1.129425689578056335e-01,-6.749539822340011597e-02,1.683412641286849976e-01,1.034315824508666992e-01,-1.413115859031677246e-01,-2.914835214614868164e-01,2.128518968820571899e-01,2.316241851076483727e-03,9.130921214818954468e-02,8.399071171879768372e-03,-1.703239381313323975e-01,1.442473381757736206e-01,1.119309589266777039e-01,-1.504498869180679321e-01,-9.625290334224700928e-02,1.496130228042602539e-01,-4.889014363288879395e-02,4.065689165145158768e-03,1.913685798645019531e-01,-1.273344010114669800e-01,2.805908210575580597e-02,-2.247113883495330811e-01,-1.702548712491989136e-01,-1.850643008947372437e-02,1.239555850625038147e-01,1.199499219655990601e-01,-2.684437669813632965e-03,-1.307830363512039185e-01
5.415755324065685272e-03,-4.563617706298828125e-02,4.017477333545684814e-01,-3.248347043991088867e-01,-2.517215013504028320e-01,-2.112229913473129272e-02,2.679477259516716003e-02,-2.265261858701705933e-01,-2.581383883953094482e-01,-2.690657973289489746e-01,9.223563969135284424e-02,2.445054799318313599e-01,-2.613178193569183350e-01,-3.626322746276855469e-01,-4.104110896587371826e-01,-4.836653769016265869e-01,4.472149536013603210e-03,-1.917396336793899536e-01,3.762180209159851074e-01,3.077372610569000244e-01,2.396038323640823364e-01,-3.732512891292572021e-01,-2.665386795997619629e-01,8.777803927659988403e-02,-6.172226741909980774e-02,-4.007035195827484131e-01,4.039066433906555176e-01,9.057413041591644287e-02,-4.018854796886444092e-01,-4.153680056333541870e-02,-8.134416490793228149e-02,4.891901910305023193e-01,-2.608054280281066895e-01,-3.451971709728240967e-01,1.764419488608837128e-02,4.560359120368957520e-01,-2.859314084053039551e-01,-3.789406418800354004e-01,3.446889221668243408e-01,3.538290560245513916e-01,-4.227775633335113525e-01,-9.019995480775833130e-02,-3.651342093944549561e-01,-1.188015192747116089e-01,1.154327094554901123e-01,2.774919867515563965e-01,4.165756702423095703e-01,1.438648253679275513e-01,-2.523111877962946892e-03,2.367396652698516846e-02,3.426799923181533813e-02,-3.604203835129737854e-02,-3.098372220993041992e-01,8.185289055109024048e-02,-9.853477822616696358e-04,5.099980831146240234e-01,-2.437107264995574951e-01,-2.556813880801200867e-02,2.141380310058593750e-01,3.489008545875549316e-01,1.052146106958389282e-01,-1.730751991271972656e-02,-1.076849643141031265e-02,-1.550867706537246704e-01,-8.033198118209838867e-02,1.207912415266036987e-01,-7.933031022548675537e-02,-4.346584975719451904e-01,4.367239177227020264e-01,-8.554559201002120972e-02,4.047845602035522461e-01,1.829687133431434631e-02,1.598032414913177490e-01,-4.105583727359771729e-01,1.141256093978881836e-01,4.280084073543548584e-01,2.087202155962586403e-03,-4.776724576950073242e-01,1.219657436013221741e-01,4.157737791538238525e-01,-4.821800589561462402e-01,-9.784286376088857651e-04,3.947769999504089355e-01,3.397362306714057922e-04,4.395698904991149902e-01,3.645705580711364746e-01,-1.455255299806594849e-01,-8.684305474162101746e-03,-2.598985731601715088e-01,-3.470610380172729492e-01,1.403844207525253296e-01,1.303906291723251343e-01,3.366064429283142090e-01,-1.434523314237594604e-01,4.038619697093963623e-01,4.371216055005788803e-03,-3.015138208866119385e-01,2.921663690358400345e-05,3.726546466350555420e-01,-3.240316510200500488e-01,2.305625975131988525e-01,-1.931081861257553101e-01,4.702506065368652344e-01,3.895564377307891846e-01,-4.683825075626373291e-01,-1.348284929990768433e-01,3.625011146068572998e-01,3.744360506534576416e-01,4.722568392753601074e-02,1.400337647646665573e-02,-3.405720889568328857e-01,3.293637633323669434e-01,4.139649271965026855e-01,-2.822988107800483704e-02,-4.460885524749755859e-01,4.003407061100006104e-01,-2.399487346410751343e-01,-1.679648160934448242e-01,4.666074514389038086e-01,-2.281132042407989502e-01,-2.194902151823043823e-01,-3.730381429195404053e-01,-3.664482831954956055e-01,1.915426254272460938e-01,3.454174399375915527e-01,2.918173670768737793e-01,2.351660747081041336e-03,-3.138722181320190430e-01
