9.444566965103149414e-01,-4.062449932098388672e-01,4.012708961963653564e-01,6.030887737870216370e-02,-5.909779667854309082e-01,-5.241237282752990723e-01,-4.896811544895172119e-01,1.256317645311355591e-01,6.271580457687377930e-01,-6.166244149208068848e-01,6.154690384864807129e-01,3.399643898010253906e-01,-5.260066390037536621e-01,7.787848114967346191e-01,-2.792628407478332520e-01,4.294173419475555420e-01,-6.181734800338745117e-01,-3.454981148242950439e-01,7.471516728401184082e-01,7.084348797798156738e-01,-3.742953836917877197e-01,-6.785188317298889160e-01,3.194106221199035645e-01,3.620766997337341309e-01,-6.085495352745056152e-01,-1.799202561378479004e-01,5.028381943702697754e-01,-2.328799366950988770e-01,-6.389971971511840820e-01,-4.805985093116760254e-01,-4.790428578853607178e-01,4.092501699924468994e-01,-3.676882684230804443e-01,-3.613514006137847900e-01,4.317901432514190674e-01,-6.332333683967590332e-01,4.474602639675140381e-01,-5.672923922538757324e-01,-6.162133812904357910e-01,5.915701389312744141e-01,1.853072941303253174e-01,-4.580311775207519531e-01,-1.819901317358016968e-01,-5.763811469078063965e-01,2.994635701179504395e-02,7.934287935495376587e-02,1.136779263615608215e-01,-5.408412814140319824e-01,-9.619279950857162476e-02,2.995471060276031494e-01,1.321881860494613647e-01,-3.156836330890655518e-01,-3.714977502822875977e-01,1.466632187366485596e-01,-1.047497540712356567e-01,4.960090219974517822e-01,-5.968866348266601562e-01,-2.139213085174560547e-01,-5.430486202239990234e-01,-3.168012797832489014e-01,5.123460292816162109e-01,1.175414994359016418e-01,-2.920182943344116211e-01,5.529823154211044312e-02,2.802070379257202148e-01,6.182838082313537598e-01,4.396968781948089600e-01,-2.830538712441921234e-02,4.096830785274505615e-01,5.066830515861511230e-01,5.901446342468261719e-01,-2.893564999103546143e-01,5.204224586486816406e-01,5.958048701286315918e-01,3.919753730297088623e-01,-2.905993163585662842e-01,2.940386831760406494e-01,-4.413756430149078369e-01,-6.122727990150451660e-01,4.593298211693763733e-02,-6.657005548477172852e-01,-2.070676088333129883e-01,1.153178960084915161e-01,-5.671943426132202148e-01,4.434272050857543945e-01,-4.137203991413116455e-01,4.916072487831115723e-01,-6.169477105140686035e-01,1.898127645254135132e-01,6.501091122627258301e-01,3.650150001049041748e-01,5.560248494148254395e-01,-6.364489197731018066e-01,-2.827012538909912109e-01,6.766150593757629395e-01,-7.444526553153991699e-01,5.647791028022766113e-01,8.215719461441040039e-02,-1.988106667995452881e-01,-5.925058573484420776e-02,6.081246137619018555e-01,3.474128246307373047e-01,-4.164029657840728760e-02,-1.300541907548904419e-01,-6.368921995162963867e-01,-3.509292006492614746e-01,6.420093774795532227e-01,6.214519739151000977e-01,-2.595488131046295166e-01,6.125575304031372070e-01,-2.664380967617034912e-01,5.099154710769653320e-01,-6.009930968284606934e-01,2.567424476146697998e-01,-6.889278888702392578e-01,-6.443712115287780762e-01,4.596809148788452148e-01,-1.274287849664688110e-01,-6.319693326950073242e-01,-5.964613556861877441e-01,-7.926490306854248047e-01,6.500213146209716797e-01,5.248222500085830688e-02,-1.294944882392883301e-01,5.923672914505004883e-01,-2.373362928628921509e-01,6.390328407287597656e-01,-1.813445091247558594e-01
-4.062449932098388672e-01,6.492816805839538574e-01,-6.128765344619750977e-01,-6.898066997528076172e-01,6.491752862930297852e-01,2.406679689884185791e-01,1.904002875089645386e-01,3.192358911037445068e-01,-6.883503198623657227e-01,4.123722612857818604e-01,-4.433565437793731689e-01,-7.363930940628051758e-01,3.269303143024444580e-01,-5.259510278701782227e-01,7.736365795135498047e-01,-5.130931138992309570e-01,6.794555783271789551e-01,-3.078519403934478760e-01,-5.762557983398437500e-01,-4.512180387973785400e-01,7.198814153671264648e-01,2.766087055206298828e-01,-7.827638983726501465e-01,-7.403781414031982422e-01,5.023472905158996582e-01,-2.525621950626373291e-01,4.576510936021804810e-02,7.610505223274230957e-01,4.266019968781620264e-04,3.201486468315124512e-01,6.215881109237670898e-01,1.250316388905048370e-02,6.345551013946533203e-01,7.339504957199096680e-01,-6.289703845977783203e-01,3.079470396041870117e-01,-6.812958121299743652e-01,6.027390956878662109e-01,4.707760214805603027e-01,-4.818218946456909180e-01,1.902599036693572998e-01,6.487623453140258789e-01,-5.266686081886291504e-01,5.129898786544799805e-01,6.895992159843444824e-01,-7.080046534538269043e-01,-5.457114577293395996e-01,6.916915178298950195e-01,-1.603646874427795410e-01,-7.603672146797180176e-01,-3.955842256546020508e-01,7.199968695640563965e-01,-1.583244055509567261e-01,-6.616557836532592773e-01,-3.562383949756622314e-01,9.538280777633190155e-03,7.205749750137329102e-01,6.705290079116821289e-01,7.173170447349548340e-01,5.706942677497863770e-01,-4.228496924042701721e-02,-5.868467092514038086e-01,3.141894638538360596e-01,4.310543239116668701e-01,3.859698772430419922e-01,-5.778231024742126465e-01,-6.719858050346374512e-01,-5.410004854202270508e-01,-6.038169860839843750e-01,-4.031715989112854004e-01,-6.120066642761230469e-01,-2.240137606859207153e-01,-6.240178942680358887e-01,-3.730566501617431641e-01,-6.534612178802490234e-01,5.448322296142578125e-01,-5.564964413642883301e-01,8.024212121963500977e-01,4.324369728565216064e-01,4.328280985355377197e-01,3.610295653343200684e-01,4.469796419143676758e-01,4.090929031372070312e-01,5.680336952209472656e-01,1.634321659803390503e-01,2.011435478925704956e-01,-1.422378569841384888e-01,5.435114502906799316e-01,3.647195100784301758e-01,-5.351803302764892578e-01,-6.766711175441741943e-02,-4.906464815139770508e-01,7.463259696960449219e-01,-2.003872394561767578e-01,-6.524112820625305176e-01,7.069235444068908691e-01,-5.986290574073791504e-01,-8.445334434509277344e-02,-5.404783487319946289e-01,-4.604996144771575928e-01,-6.427242159843444824e-01,2.353990972042083740e-01,4.385046660900115967e-01,5.285905003547668457e-01,4.405230283737182617e-01,6.955565810203552246e-01,-3.067839145660400391e-01,-6.173346638679504395e-01,-2.983720302581787109e-01,-5.878244042396545410e-01,1.530154235661029816e-02,-2.703356146812438965e-01,6.114516854286193848e-01,1.165633723139762878e-01,4.321203529834747314e-01,4.414062500000000000e-01,-8.367948532104492188e-01,5.433138608932495117e-01,-7.672587037086486816e-02,5.376588702201843262e-01,2.916360199451446533e-01,-1.954762786626815796e-01,-6.578284502029418945e-01,1.975537985563278198e-01,-1.515281107276678085e-02,-4.099380373954772949e-01,-6.272046566009521484e-01,-2.486558854579925537e-01
4.012708961963653564e-01,-6.128765344619750977e-01,9.404954910278320312e-01,5.267241001129150391e-01,-7.926963567733764648e-01,-6.425461769104003906e-01,1.671153306961059570e-01,-6.288302540779113770e-01,7.810366153717041016e-01,-7.007756233215332031e-01,7.602959275245666504e-01,6.245923042297363281e-01,-7.290638089179992676e-01,7.428860068321228027e-01,-6.226287484169006348e-01,6.416829228401184082e-01,-8.058862090110778809e-01,-1.351321488618850708e-01,7.710281014442443848e-01,2.356655746698379517e-01,-3.709242939949035645e-01,-6.182469129562377930e-01,5.849207639694213867e-01,8.477457165718078613e-01,-8.081715703010559082e-01,5.153205394744873047e-01,2.794174253940582275e-01,-6.154720783233642578e-01,-2.043028324842453003e-01,-3.639700710773468018e-01,-5.835564732551574707e-01,4.858944714069366455e-01,-8.644355535507202148e-01,-6.180440187454223633e-01,6.750934123992919922e-01,-3.436981439590454102e-01,5.681466460227966309e-01,-7.969636321067810059e-01,-7.962343692779541016e-01,8.051550984382629395e-01,2.286151200532913208e-01,-7.394661307334899902e-01,2.454330772161483765e-01,-7.693262696266174316e-01,-4.708801507949829102e-01,5.157088637351989746e-01,5.855299532413482666e-02,-8.428612351417541504e-01,4.046153724193572998e-01,6.480145454406738281e-01,7.459489256143569946e-02,-8.164449930191040039e-01,-3.320899009704589844e-01,7.293670177459716797e-01,-4.899195581674575806e-02,4.076859354972839355e-01,-8.216853141784667969e-01,-5.278232693672180176e-01,-8.814311027526855469e-01,-6.930028796195983887e-01,4.693082869052886963e-01,2.092172652482986450e-01,-4.941208660602569580e-01,2.189077250659465790e-02,6.362607330083847046e-02,8.046368360519409180e-01,7.789275050163269043e-01,1.215481609106063843e-01,7.765499353408813477e-01,7.808975577354431152e-01,8.614301681518554688e-01,3.872615993022918701e-01,8.458517193794250488e-01,7.233565449714660645e-01,7.664466500282287598e-01,-6.999055743217468262e-01,4.969334602355957031e-01,-6.691952347755432129e-01,-2.485830634832382202e-01,8.849094063043594360e-02,-7.207271456718444824e-01,-4.562308490276336670e-01,-2.328918874263763428e-01,-7.956117987632751465e-01,2.899910807609558105e-01,-6.792256832122802734e-01,6.179772615432739258e-01,-8.092990517616271973e-01,9.269727021455764771e-02,7.761934995651245117e-01,5.791617091745138168e-03,7.970087528228759766e-01,-7.991397976875305176e-01,-2.527552247047424316e-01,7.823128700256347656e-01,-7.977997660636901855e-01,8.394994139671325684e-01,1.294878870248794556e-01,2.915053963661193848e-01,5.351117625832557678e-02,7.387737631797790527e-01,2.403334677219390869e-01,-4.266625642776489258e-02,-3.558640778064727783e-01,-7.615040540695190430e-01,-7.366672158241271973e-01,6.459088325500488281e-01,8.226760029792785645e-01,-2.335068285465240479e-01,8.104850649833679199e-01,-5.499885082244873047e-01,6.414225101470947266e-01,-5.503594875335693359e-01,2.477816194295883179e-01,-6.990441679954528809e-01,-7.585099339485168457e-01,8.114082813262939453e-01,-2.881036698818206787e-01,-2.571845948696136475e-01,-8.001049757003784180e-01,-4.164666533470153809e-01,5.720705986022949219e-01,4.034155607223510742e-01,-9.943612664937973022e-02,4.162292778491973877e-01,2.577894367277622223e-02,7.986657619476318359e-01,-2.507947087287902832e-01
6.030887737870216370e-02,-6.898066997528076172e-01,5.267241001129150391e-01,9.607910513877868652e-01,-4.223477244377136230e-01,1.351414620876312256e-01,1.789953187108039856e-02,-4.652107656002044678e-01,4.817653000354766846e-01,-1.693213582038879395e-01,1.221996694803237915e-01,8.648828268051147461e-01,-4.108711704611778259e-02,1.995223164558410645e-01,-7.854652404785156250e-01,5.643003582954406738e-01,-5.394858121871948242e-01,6.432510614395141602e-01,2.962064146995544434e-01,1.640704572200775146e-01,-8.232092261314392090e-01,6.645580381155014038e-02,8.857003450393676758e-01,7.790523767471313477e-01,-2.993225157260894775e-01,1.599454581737518311e-01,-4.569794535636901855e-01,-9.316056370735168457e-01,4.796829819679260254e-01,-4.593656659126281738e-01,-6.703944802284240723e-01,-2.699366211891174316e-01,-5.738024711608886719e-01,-8.562017679214477539e-01,7.398815751075744629e-01,5.782928690314292908e-02,6.490367054939270020e-01,-4.796579182147979736e-01,-2.125124484300613403e-01,2.099415957927703857e-01,-5.216442942619323730e-01,-5.470280647277832031e-01,8.635985851287841797e-01,-3.886455595493316650e-01,-9.144997596740722656e-01,9.416408538818359375e-01,6.599841713905334473e-01,-6.188129186630249023e-01,3.683313131332397461e-01,9.087181687355041504e-01,6.931592226028442383e-01,-7.435923814773559570e-01,4.260079860687255859e-01,8.618174195289611816e-01,5.443059206008911133e-01,-3.745015263557434082e-01,-6.243186593055725098e-01,-8.708949685096740723e-01,-6.463001370429992676e-01,-5.908372402191162109e-01,-3.382146060466766357e-01,8.015670180320739746e-01,-3.224363327026367188e-01,-6.905443668365478516e-01,-7.015258073806762695e-01,4.114721119403839111e-01,7.490195035934448242e-01,8.130807280540466309e-01,6.525205969810485840e-01,2.943385541439056396e-01,3.823514580726623535e-01,3.089266121387481689e-01,5.391583442687988281e-01,4.037303104996681213e-02,6.917715072631835938e-01,-7.331494688987731934e-01,7.446520924568176270e-01,-8.572515249252319336e-01,-4.160366952419281006e-01,-6.267119050025939941e-01,-5.449184775352478027e-02,-6.803626418113708496e-01,-7.519666552543640137e-01,-4.791242778301239014e-01,-5.156590938568115234e-01,7.053857296705245972e-02,-1.241187974810600281e-01,-3.389936685562133789e-01,-6.147463321685791016e-01,2.342243790626525879e-01,-2.627681493759155273e-01,2.118307650089263916e-01,-5.360529422760009766e-01,5.379624962806701660e-01,4.862142503261566162e-01,-4.551183581352233887e-01,4.857774376869201660e-01,8.889883756637573242e-02,8.600565195083618164e-01,7.362485527992248535e-01,6.018935441970825195e-01,-5.570406913757324219e-01,-6.517519950866699219e-01,-8.390921354293823242e-01,-1.299391090869903564e-01,-5.915631651878356934e-01,-8.100542426109313965e-02,4.297538995742797852e-01,5.267412662506103516e-01,4.185545444488525391e-01,1.582428812980651855e-01,6.132021918892860413e-02,-4.001559615135192871e-01,-3.858613371849060059e-01,-6.488586217164993286e-02,-2.040926963090896606e-01,8.150129318237304688e-01,-7.441936731338500977e-01,4.422911405563354492e-01,-3.983863592147827148e-01,1.431396752595901489e-01,-1.962669491767883301e-01,8.495512604713439941e-01,-4.561786353588104248e-01,-2.618497014045715332e-01,6.713863611221313477e-01,4.160352647304534912e-01,5.598126649856567383e-01
-5.909779667854309082e-01,6.491752862930297852e-01,-7.926963567733764648e-01,-4.223477244377136230e-01,9.749305844306945801e-01,7.147341966629028320e-01,3.039121814072132111e-02,5.643227100372314453e-01,-8.661714792251586914e-01,8.398684859275817871e-01,-8.838037848472595215e-01,-6.104972362518310547e-01,8.058427572250366211e-01,-8.677641749382019043e-01,6.527659296989440918e-01,-7.188162207603454590e-01,9.097395539283752441e-01,2.657845020294189453e-01,-8.699893951416015625e-01,-4.039869308471679688e-01,3.457166552543640137e-01,7.389606833457946777e-01,-6.445099115371704102e-01,-7.948354482650756836e-01,8.656575679779052734e-01,-4.759834408760070801e-01,-3.995633423328399658e-01,5.522341728210449219e-01,3.179207444190979004e-01,3.537639975547790527e-01,6.374397873878479004e-01,-5.657467842102050781e-01,8.635553121566772461e-01,5.299273133277893066e-01,-7.111857533454895020e-01,5.707698464393615723e-01,-7.141704559326171875e-01,8.880880475044250488e-01,8.622205853462219238e-01,-8.880009055137634277e-01,-2.465427070856094360e-01,8.894698023796081543e-01,-1.723805665969848633e-01,8.767008781433105469e-01,3.925107419490814209e-01,-4.414618611335754395e-01,-1.301413029432296753e-01,8.901135325431823730e-01,-6.939638406038284302e-02,-5.661529898643493652e-01,-8.194959908723831177e-02,8.418028354644775391e-01,3.447298705577850342e-01,-5.724486112594604492e-01,1.060918793082237244e-01,-5.034268498420715332e-01,8.753539919853210449e-01,5.062701702117919922e-01,8.494498729705810547e-01,7.699363231658935547e-01,-5.659573078155517578e-01,-1.484970301389694214e-01,5.756408572196960449e-01,-6.834410130977630615e-02,-1.075422391295433044e-01,-9.013420343399047852e-01,-7.313175797462463379e-01,-6.426526606082916260e-02,-7.693657875061035156e-01,-7.343604564666748047e-01,-9.335026144981384277e-01,-1.183650121092796326e-01,-8.665181398391723633e-01,-8.330059647560119629e-01,-7.980111241340637207e-01,6.411113739013671875e-01,-5.869137644767761230e-01,6.772494316101074219e-01,2.491555213928222656e-01,-1.232965290546417236e-01,8.074499368667602539e-01,4.542549848556518555e-01,1.489661931991577148e-01,8.778788447380065918e-01,-4.142923951148986816e-01,6.810299158096313477e-01,-6.776939630508422852e-01,8.868901133537292480e-01,-1.066342964768409729e-01,-9.017435312271118164e-01,-3.165143430233001709e-01,-9.068143963813781738e-01,9.045908451080322266e-01,3.484414815902709961e-01,-8.975637555122375488e-01,9.155228734016418457e-01,-8.275274038314819336e-01,-1.457570642232894897e-01,-8.342448621988296509e-02,8.875798434019088745e-02,-7.874619960784912109e-01,-3.183731436729431152e-01,-2.765061147511005402e-02,3.051268458366394043e-01,8.739866018295288086e-01,7.352872490882873535e-01,-7.775599956512451172e-01,-9.047271013259887695e-01,2.486360073089599609e-01,-8.953097462654113770e-01,5.598167777061462402e-01,-6.186909079551696777e-01,7.570272684097290039e-01,-4.297175705432891846e-01,8.388211131095886230e-01,8.404164910316467285e-01,-8.169990181922912598e-01,9.086982160806655884e-02,3.504628539085388184e-01,8.698328733444213867e-01,6.145383715629577637e-01,-6.812022328376770020e-01,-3.870754539966583252e-01,-1.350145637989044189e-01,-4.634211361408233643e-01,8.615513890981674194e-02,-9.350484013557434082e-01,3.088593482971191406e-01
-5.241237282752990723e-01,2.406679689884185791e-01,-6.425461769104003906e-01,1.351414620876312256e-01,7.147341966629028320e-01,9.882372021675109863e-01,-6.022719293832778931e-02,4.032115936279296875e-01,-6.840118169784545898e-01,8.498381972312927246e-01,-9.259875416755676270e-01,-9.235541522502899170e-02,9.355578422546386719e-01,-8.583710789680480957e-01,1.565550863742828369e-01,-4.429546892642974854e-01,6.542347669601440430e-01,7.488091588020324707e-01,-8.102337121963500977e-01,-3.406371474266052246e-01,-1.922535896301269531e-01,9.325320124626159668e-01,-3.312636911869049072e-02,-4.109033644199371338e-01,8.241946101188659668e-01,-5.566577911376953125e-01,-8.344920873641967773e-01,-4.456756578292697668e-04,7.407466769218444824e-01,1.000148504972457886e-01,3.189839720726013184e-01,-8.687712550163269043e-01,6.049438118934631348e-01,8.249031007289886475e-02,-3.201439678668975830e-01,5.751823782920837402e-01,-2.689362466335296631e-01,7.015532255172729492e-01,8.790203332901000977e-01,-9.014571905136108398e-01,-7.637386918067932129e-01,5.735939741134643555e-01,4.673658609390258789e-01,7.465401291847229004e-01,-1.851759999990463257e-01,1.453409492969512939e-01,4.520730078220367432e-01,6.003147363662719727e-01,-1.075570434331893921e-01,-5.519576743245124817e-02,5.130971670150756836e-01,4.406518936157226562e-01,8.123332262039184570e-01,-1.524922549724578857e-01,5.243988037109375000e-01,-9.024679660797119141e-01,5.804727673530578613e-01,-3.766626119613647461e-02,5.886285305023193359e-01,4.461096823215484619e-01,-9.206444621086120605e-01,4.041075408458709717e-01,4.448543190956115723e-01,-6.154919862747192383e-01,-6.884825229644775391e-01,-7.505577802658081055e-01,-3.781680762767791748e-01,5.219293236732482910e-01,-4.763372540473937988e-01,-7.712529897689819336e-01,-8.219336271286010742e-01,-1.551759392023086548e-01,-6.648544073104858398e-01,-9.532955884933471680e-01,-3.919107317924499512e-01,2.692954242229461670e-01,-7.419540733098983765e-02,1.694975644350051880e-01,4.782977700233459473e-02,-6.456632614135742188e-01,9.146368503570556641e-01,4.339860007166862488e-02,-3.940640091896057129e-01,6.924602985382080078e-01,-8.520994186401367188e-01,9.449752569198608398e-01,-9.047921299934387207e-01,8.212016224861145020e-01,-6.899448037147521973e-01,-8.592444658279418945e-01,-3.821397721767425537e-01,-8.907890915870666504e-01,6.252012252807617188e-01,8.111928701400756836e-01,-6.495257616043090820e-01,6.973402500152587891e-01,-6.796267032623291016e-01,-1.097785159945487976e-01,4.273031949996948242e-01,5.816499590873718262e-01,-5.319187641143798828e-01,-8.171343207359313965e-01,-5.408805012702941895e-01,-2.456227540969848633e-01,9.250318408012390137e-01,4.886783063411712646e-01,-9.579380750656127930e-01,-7.648676037788391113e-01,7.432512640953063965e-01,-7.555424571037292480e-01,8.510915637016296387e-01,-8.247819542884826660e-01,4.743508696556091309e-01,-6.930421590805053711e-01,9.303203821182250977e-01,8.384175300598144531e-01,-3.749435544013977051e-01,-3.382388949394226074e-01,7.392420172691345215e-01,7.602949142456054688e-01,7.833389043807983398e-01,-9.513182640075683594e-01,2.399239242076873779e-01,-3.138154149055480957e-01,-7.935549616813659668e-01,6.074513196945190430e-01,-7.522125244140625000e-01,8.009795546531677246e-01
-4.896811544895172119e-01,1.904002875089645386e-01,1.671153306961059570e-01,1.789953187108039856e-02,3.039121814072132111e-02,-6.022719293832778931e-02,8.165693879127502441e-01,-4.946856200695037842e-01,-2.303538173437118530e-01,6.170384958386421204e-02,1.380273234099149704e-02,-1.707144528627395630e-01,-1.623771637678146362e-01,-1.558224260807037354e-01,1.767295449972152710e-01,-9.285855293273925781e-02,1.286103278398513794e-01,-1.294404864311218262e-01,-1.731826514005661011e-01,-6.469529271125793457e-01,4.176086783409118652e-01,6.386128067970275879e-02,-1.440917104482650757e-01,7.136032730340957642e-02,-3.035923466086387634e-02,3.476375043392181396e-01,-4.919520393013954163e-02,5.390787124633789062e-02,3.368028700351715088e-01,5.016089230775833130e-02,2.249842137098312378e-01,2.596642673015594482e-01,-1.568879932165145874e-01,2.141872197389602661e-01,-1.623856723308563232e-01,3.262480795383453369e-01,-3.056386411190032959e-01,7.726097851991653442e-02,-7.182648032903671265e-02,4.835771769285202026e-02,1.118484139442443848e-01,8.168400824069976807e-02,6.669513881206512451e-02,5.827317014336585999e-02,1.031770184636116028e-02,-5.085845291614532471e-02,-4.155369400978088379e-01,2.191370818763971329e-03,2.545123100280761719e-01,-1.164234057068824768e-01,-1.749280393123626709e-01,-9.954646229743957520e-02,-1.705232113599777222e-01,1.873144954442977905e-01,-2.705025672912597656e-01,6.067593768239021301e-02,1.030371189117431641e-01,1.543100178241729736e-01,-7.282750215381383896e-03,4.659067839384078979e-02,6.963354349136352539e-02,-3.261426985263824463e-01,5.708993412554264069e-04,3.253130018711090088e-01,9.679570794105529785e-02,-4.814533889293670654e-02,-2.127661928534507751e-02,-2.666939198970794678e-01,1.713513135910034180e-01,1.138755828142166138e-01,1.144547481089830399e-02,2.869876325130462646e-01,8.036221563816070557e-02,4.091508314013481140e-02,6.977737881243228912e-03,-1.619695127010345459e-01,-1.756548434495925903e-01,2.000406086444854736e-01,4.788286089897155762e-01,3.743697702884674072e-01,-1.626173034310340881e-02,8.836264163255691528e-02,-6.106672063469886780e-02,3.477356955409049988e-02,8.036713302135467529e-02,-2.319222986698150635e-01,1.972703337669372559e-01,2.761695533990859985e-02,1.823936253786087036e-01,-5.565255880355834961e-02,-2.915438413619995117e-01,8.887808024883270264e-02,2.115309685468673706e-01,-2.048865556716918945e-01,-1.383623033761978149e-01,1.867220550775527954e-01,3.268573060631752014e-02,-6.138663738965988159e-03,2.090676687657833099e-02,-2.056687325239181519e-01,-1.957751065492630005e-01,1.577157378196716309e-01,3.278368115425109863e-01,1.384036988019943237e-01,1.939131878316402435e-03,1.530386060476303101e-01,-3.092093020677566528e-02,-6.436068564653396606e-02,-2.734418511390686035e-01,-3.413477167487144470e-02,-3.863366544246673584e-01,-8.471583947539329529e-03,4.077096581459045410e-01,2.885744273662567139e-01,7.858305424451828003e-02,1.442143041640520096e-02,-5.258663743734359741e-02,2.009217441082000732e-01,1.258553862571716309e-01,1.987552084028720856e-02,4.184964001178741455e-01,-3.164558485150337219e-02,-8.503986150026321411e-02,1.945486664772033691e-01,-3.426557779312133789e-02,-1.296737939119338989e-01,-7.428294420242309570e-02,-3.028506040573120117e-01
1.256317645311355591e-01,3.192358911037445068e-01,-6.288302540779113770e-01,-4.652107656002044678e-01,5.643227100372314453e-01,4.032115936279296875e-01,-4.946856200695037842e-01,9.423511624336242676e-01,-4.498246014118194580e-01,3.776962459087371826e-01,-5.014337897300720215e-01,-4.021348357200622559e-01,5.132059454917907715e-01,-3.674023151397705078e-01,5.141018033027648926e-01,-3.554356098175048828e-01,5.114018321037292480e-01,2.397448755800724030e-02,-3.656082451343536377e-01,2.157933264970779419e-01,1.161467432975769043e-01,3.456413745880126953e-01,-4.809000194072723389e-01,-6.798849105834960938e-01,4.948059618473052979e-01,-6.803233623504638672e-01,-5.278242379426956177e-02,4.627482593059539795e-01,-2.065861821174621582e-01,5.339761450886726379e-02,2.788729071617126465e-01,-3.267790675163269043e-01,6.478508114814758301e-01,3.330066204071044922e-01,-4.356750249862670898e-01,1.199534013867378235e-01,-3.714233040809631348e-01,5.246748924255371094e-01,4.944811165332794189e-01,-5.649303793907165527e-01,-6.128421053290367126e-02,5.922394394874572754e-01,-3.629059493541717529e-01,4.983162283897399902e-01,5.070823431015014648e-01,-4.388870000839233398e-01,-3.941382095217704773e-02,5.796054005622863770e-01,-1.990076452493667603e-01,-4.300697147846221924e-01,4.833206161856651306e-02,7.111642360687255859e-01,1.370220631361007690e-01,-6.421357989311218262e-01,3.954955900553613901e-04,-2.209115177392959595e-01,5.455941557884216309e-01,3.855232596397399902e-01,5.897985696792602539e-01,5.413514375686645508e-01,-2.713638544082641602e-01,-8.760584145784378052e-02,3.747586309909820557e-01,-9.389854967594146729e-02,1.159551441669464111e-01,-4.889343380928039551e-01,-5.176259279251098633e-01,-1.027824133634567261e-01,-6.304463148117065430e-01,-4.942153394222259521e-01,-6.066005229949951172e-01,-5.492628216743469238e-01,-5.815613865852355957e-01,-4.536033868789672852e-01,-5.532757639884948730e-01,5.533214807510375977e-01,-3.535692989826202393e-01,3.950947523117065430e-01,-2.668417692184448242e-01,-1.373761445283889771e-01,3.902949988842010498e-01,3.179257810115814209e-01,2.409167587757110596e-01,5.191165804862976074e-01,-1.131641417741775513e-01,4.824014604091644287e-01,-4.038999378681182861e-01,5.081626772880554199e-01,-7.238226942718029022e-03,-4.725281894207000732e-01,-6.408423185348510742e-02,-5.776105523109436035e-01,5.242408514022827148e-01,1.725790947675704956e-01,-4.419630467891693115e-01,4.397371113300323486e-01,-4.925753772258758545e-01,-8.822874724864959717e-02,-3.088263273239135742e-01,2.911229804158210754e-02,-3.948638439178466797e-01,-8.737301081418991089e-02,-7.951463013887405396e-02,2.062151730060577393e-01,4.824507832527160645e-01,5.181711912155151367e-01,-3.403745591640472412e-01,-5.130313038825988770e-01,1.169166043400764465e-01,-4.971077442169189453e-01,4.488123059272766113e-01,-2.594229578971862793e-01,2.968069612979888916e-01,-3.264832198619842529e-01,4.128535091876983643e-01,4.289924204349517822e-01,-5.820468664169311523e-01,9.602632373571395874e-02,-1.197555139660835266e-01,4.881282150745391846e-01,-3.580701723694801331e-02,-2.675123810768127441e-01,-3.994494378566741943e-01,-2.134271524846553802e-02,-4.904546588659286499e-02,-8.761136978864669800e-02,-5.355660915374755859e-01,2.499732375144958496e-01
6.271580457687377930e-01,-6.883503198623657227e-01,7.810366153717041016e-01,4.817653000354766846e-01,-8.661714792251586914e-01,-6.840118169784545898e-01,-2.303538173437118530e-01,-4.498246014118194580e-01,9.453104138374328613e-01,-7.824416160583496094e-01,8.186048865318298340e-01,6.860839724540710449e-01,-7.160310745239257812e-01,8.630799055099487305e-01,-7.019089460372924805e-01,7.351163029670715332e-01,-9.048681259155273438e-01,-1.351235806941986084e-01,8.882234096527099609e-01,5.893917083740234375e-01,-5.161880254745483398e-01,-7.107316851615905762e-01,6.547312140464782715e-01,8.013562560081481934e-01,-8.286329507827758789e-01,4.397266209125518799e-01,3.678935468196868896e-01,-6.146999597549438477e-01,-3.978087902069091797e-01,-3.384069204330444336e-01,-7.384279966354370117e-01,4.191931486129760742e-01,-8.013859987258911133e-01,-6.743286848068237305e-01,7.679711580276489258e-01,-5.605818033218383789e-01,7.568756341934204102e-01,-8.722430467605590820e-01,-8.081706166267395020e-01,8.397956490516662598e-01,2.226421236991882324e-01,-8.426861763000488281e-01,1.678214818239212036e-01,-8.347939848899841309e-01,-4.555034339427947998e-01,5.017027258872985840e-01,2.293399870395660400e-01,-8.566483855247497559e-01,1.658677756786346436e-01,6.588751077651977539e-01,7.427985221147537231e-02,-8.029027581214904785e-01,-2.820669412612915039e-01,6.029545068740844727e-01,4.824236035346984863e-02,4.416521191596984863e-01,-8.853250741958618164e-01,-5.845835208892822266e-01,-8.721240758895874023e-01,-7.455196380615234375e-01,4.852532148361206055e-01,3.081393837928771973e-01,-5.287014245986938477e-01,-7.691542059183120728e-02,4.879761114716529846e-02,8.659161925315856934e-01,7.665113210678100586e-01,1.982976049184799194e-01,7.180945277214050293e-01,7.364964485168457031e-01,9.008652567863464355e-01,2.072924077510833740e-01,8.317948579788208008e-01,7.772204279899597168e-01,7.470111250877380371e-01,-6.130955219268798828e-01,6.016365289688110352e-01,-7.509399652481079102e-01,-4.247990548610687256e-01,-2.878759242594242096e-02,-7.567150592803955078e-01,-4.913663566112518311e-01,-1.592342406511306763e-01,-8.415278196334838867e-01,3.169674873352050781e-01,-6.225422024726867676e-01,5.640394091606140137e-01,-8.632114529609680176e-01,7.022029906511306763e-02,8.458334207534790039e-01,2.675901651382446289e-01,8.224886655807495117e-01,-9.243695735931396484e-01,-2.304374426603317261e-01,8.767846822738647461e-01,-9.103855490684509277e-01,8.296749591827392578e-01,1.378696560859680176e-01,2.009207010269165039e-01,6.366872042417526245e-02,8.522503376007080078e-01,2.338845878839492798e-01,-1.254583299160003662e-01,-3.915850520133972168e-01,-8.308503627777099609e-01,-8.460251688957214355e-01,7.263672947883605957e-01,9.004614353179931641e-01,-1.420679539442062378e-01,8.641162514686584473e-01,-4.313809573650360107e-01,6.616865992546081543e-01,-7.884801626205444336e-01,1.918882280588150024e-01,-8.162756562232971191e-01,-8.002610802650451660e-01,8.363012075424194336e-01,-2.741030752658843994e-01,-3.210316598415374756e-01,-8.388535976409912109e-01,-6.773667931556701660e-01,6.407255530357360840e-01,4.083029031753540039e-01,-5.674625560641288757e-02,4.511835873126983643e-01,1.303142122924327850e-02,8.884379863739013672e-01,-1.758936643600463867e-01
-6.166244149208068848e-01,4.123722612857818604e-01,-7.007756233215332031e-01,-1.693213582038879395e-01,8.398684859275817871e-01,8.498381972312927246e-01,6.170384958386421204e-02,3.776962459087371826e-01,-7.824416160583496094e-01,8.439368605613708496e-01,-9.371866583824157715e-01,-3.760221898555755615e-01,9.233863353729248047e-01,-9.404009580612182617e-01,3.714429438114166260e-01,-5.911853909492492676e-01,7.875620722770690918e-01,5.257290005683898926e-01,-9.015856981277465820e-01,-4.054567217826843262e-01,1.271726936101913452e-01,8.500695824623107910e-01,-3.670285940170288086e-01,-6.458373069763183594e-01,9.132612943649291992e-01,-4.077563285827636719e-01,-5.890156626701354980e-01,3.122300207614898682e-01,5.454542040824890137e-01,3.619613647460937500e-01,5.700857639312744141e-01,-7.615041136741638184e-01,7.648941874504089355e-01,3.519504964351654053e-01,-5.099937319755554199e-01,4.610174894332885742e-01,-4.538530409336090088e-01,7.620525360107421875e-01,9.423042535781860352e-01,-9.389904141426086426e-01,-5.103979110717773438e-01,6.745738983154296875e-01,1.482282876968383789e-01,7.622679471969604492e-01,8.201237022876739502e-02,-1.778844445943832397e-01,1.807701289653778076e-01,7.911042571067810059e-01,-1.518807560205459595e-01,-3.610599339008331299e-01,1.174165830016136169e-01,6.361941695213317871e-01,6.164976358413696289e-01,-3.816600441932678223e-01,3.375129699707031250e-01,-7.002602219581604004e-01,7.670052647590637207e-01,2.366321533918380737e-01,7.945298552513122559e-01,5.136221647262573242e-01,-7.376810312271118164e-01,9.594915807247161865e-02,4.312822818756103516e-01,-2.886404395103454590e-01,-4.412022233009338379e-01,-8.455550074577331543e-01,-6.100729703903198242e-01,2.000540047883987427e-01,-6.625182628631591797e-01,-8.274341821670532227e-01,-9.050645828247070312e-01,-3.188837319612503052e-03,-8.418872952461242676e-01,-9.359996914863586426e-01,-5.685539841651916504e-01,5.214119553565979004e-01,-2.921347022056579590e-01,4.674815535545349121e-01,2.619595229625701904e-01,-3.707163631916046143e-01,9.365004301071166992e-01,2.359080612659454346e-01,-5.563640967011451721e-02,7.773019075393676758e-01,-6.655992865562438965e-01,8.484347462654113770e-01,-8.335491418838500977e-01,8.672139644622802734e-01,-4.055950939655303955e-01,-8.696540594100952148e-01,-2.116036117076873779e-01,-9.095549583435058594e-01,7.628468275070190430e-01,5.760485529899597168e-01,-8.503721356391906738e-01,8.594982028007507324e-01,-8.268257975578308105e-01,-1.108444407582283020e-01,1.798683702945709229e-01,3.098748624324798584e-01,-7.037542462348937988e-01,-5.982711315155029297e-01,-2.657583057880401611e-01,9.039582312107086182e-02,9.569715857505798340e-01,5.755581259727478027e-01,-9.198547601699829102e-01,-8.656268715858459473e-01,5.363115072250366211e-01,-8.539893031120300293e-01,7.473224997520446777e-01,-7.799331545829772949e-01,5.714342594146728516e-01,-4.604414105415344238e-01,9.159275293350219727e-01,9.198063015937805176e-01,-6.395320892333984375e-01,-1.176341325044631958e-01,6.359806656837463379e-01,8.277493715286254883e-01,7.530590295791625977e-01,-8.607847094535827637e-01,-5.805234611034393311e-02,-1.726588457822799683e-01,-7.448434233665466309e-01,3.732469677925109863e-01,-8.606600165367126465e-01,5.160665512084960938e-01
6.154690384864807129e-01,-4.433565437793731689e-01,7.602959275245666504e-01,1.221996694803237915e-01,-8.838037848472595215e-01,-9.259875416755676270e-01,1.380273234099149704e-02,-5.014337897300720215e-01,8.186048865318298340e-01,-9.371866583824157715e-01,9.907799959182739258e-01,3.438446819782257080e-01,-9.688961505889892578e-01,9.507458806037902832e-01,-3.828267753124237061e-01,6.286086440086364746e-01,-8.390809297561645508e-01,-6.081827282905578613e-01,9.207849502563476562e-01,4.000988006591796875e-01,-5.106408149003982544e-02,-9.322163462638854980e-01,3.256330490112304688e-01,6.418882012367248535e-01,-9.389516115188598633e-01,5.082245469093322754e-01,7.021877765655517578e-01,-2.598069608211517334e-01,-5.849004387855529785e-01,-3.110605776309967041e-01,-5.361923575401306152e-01,8.254557847976684570e-01,-7.788187861442565918e-01,-3.095626831054687500e-01,5.535730123519897461e-01,-5.684207081794738770e-01,4.817063212394714355e-01,-8.590790033340454102e-01,-9.656095504760742188e-01,9.822307229042053223e-01,5.886917114257812500e-01,-7.585079073905944824e-01,-2.085968106985092163e-01,-8.902993202209472656e-01,-5.245720967650413513e-02,1.195226684212684631e-01,-2.341437786817550659e-01,-8.099455237388610840e-01,1.267449110746383667e-01,3.074841797351837158e-01,-2.301812320947647095e-01,-6.628487706184387207e-01,-6.922438740730285645e-01,3.684091866016387939e-01,-3.931190371513366699e-01,8.048453927040100098e-01,-7.920454740524291992e-01,-2.093964815139770508e-01,-7.841090559959411621e-01,-6.166506409645080566e-01,8.393129706382751465e-01,-1.805972158908843994e-01,-5.589240193367004395e-01,4.195228517055511475e-01,4.946753680706024170e-01,9.061503410339355469e-01,6.071811914443969727e-01,-2.916097939014434814e-01,6.871424317359924316e-01,8.485107421875000000e-01,9.484034180641174316e-01,1.046128273010253906e-01,8.445245027542114258e-01,9.824355840682983398e-01,6.201918721199035645e-01,-4.984059035778045654e-01,3.193421363830566406e-01,-4.249163866043090820e-01,-1.834846585988998413e-01,4.720889031887054443e-01,-9.625647068023681641e-01,-2.513266205787658691e-01,1.607474684715270996e-01,-8.654194474220275879e-01,7.371463179588317871e-01,-9.118643999099731445e-01,8.979915976524353027e-01,-9.393550157546997070e-01,4.958542883396148682e-01,9.508698582649230957e-01,3.402124047279357910e-01,9.745703935623168945e-01,-7.917881608009338379e-01,-6.780994534492492676e-01,8.426302671432495117e-01,-8.736357688903808594e-01,8.316825628280639648e-01,1.405666172504425049e-01,-2.436174452304840088e-01,-3.999746441841125488e-01,7.262427806854248047e-01,6.713663935661315918e-01,3.711104393005371094e-01,-8.637341670691967010e-03,-9.861984848976135254e-01,-5.994812846183776855e-01,9.619694948196411133e-01,9.057359099388122559e-01,-6.078800559043884277e-01,9.070921540260314941e-01,-8.094190359115600586e-01,8.243024349212646484e-01,-6.333229541778564453e-01,6.258929371833801270e-01,-9.688314795494079590e-01,-9.398542642593383789e-01,6.181091070175170898e-01,1.773230582475662231e-01,-6.615238785743713379e-01,-9.033005833625793457e-01,-7.800782322883605957e-01,9.167098999023437500e-01,1.167328841984272003e-02,2.241868674755096436e-01,7.526649236679077148e-01,-4.505735337734222412e-01,9.156961441040039062e-01,-6.356393098831176758e-01
3.399643898010253906e-01,-7.363930940628051758e-01,6.245923042297363281e-01,8.648828268051147461e-01,-6.104972362518310547e-01,-9.235541522502899170e-02,-1.707144528627395630e-01,-4.021348357200622559e-01,6.860839724540710449e-01,-3.760221898555755615e-01,3.438446819782257080e-01,8.973717689514160156e-01,-2.256301641464233398e-01,4.454832971096038818e-01,-8.378872275352478027e-01,6.474601030349731445e-01,-7.026531696319580078e-01,4.763747453689575195e-01,5.312855839729309082e-01,3.761762082576751709e-01,-8.591871857643127441e-01,-1.656422764062881470e-01,9.229127764701843262e-01,8.513020873069763184e-01,-4.875574409961700439e-01,1.793856322765350342e-01,-2.467824816703796387e-01,-9.207488298416137695e-01,1.988870352506637573e-01,-4.695954322814941406e-01,-7.522230744361877441e-01,-1.107578724622726440e-01,-6.846857666969299316e-01,-8.855823278427124023e-01,7.908309102058410645e-01,-1.766794621944427490e-01,7.598807811737060547e-01,-6.243872642517089844e-01,-4.057180881500244141e-01,4.127741456031799316e-01,-3.534412682056427002e-01,-6.779406666755676270e-01,7.262099981307983398e-01,-5.442439913749694824e-01,-8.451310396194458008e-01,8.883354663848876953e-01,6.439144015312194824e-01,-7.377761602401733398e-01,2.694253325462341309e-01,9.253193736076354980e-01,6.057196855545043945e-01,-8.019750118255615234e-01,2.748814225196838379e-01,8.275684714317321777e-01,4.302450120449066162e-01,-1.788211464881896973e-01,-7.606586813926696777e-01,-8.471101522445678711e-01,-7.755409479141235352e-01,-6.584367752075195312e-01,-1.356708258390426636e-01,7.478517293930053711e-01,-3.781792819499969482e-01,-6.168789863586425781e-01,-5.444893836975097656e-01,5.855203866958618164e-01,8.105906248092651367e-01,7.368555068969726562e-01,6.830148696899414062e-01,4.412911534309387207e-01,5.701476335525512695e-01,2.097957879304885864e-01,6.626086235046386719e-01,2.612614631652832031e-01,7.546412348747253418e-01,-7.426289916038513184e-01,7.339578270912170410e-01,-9.202760457992553711e-01,-4.990389943122863770e-01,-5.525717735290527344e-01,-2.791889607906341553e-01,-6.384810805320739746e-01,-6.631435751914978027e-01,-6.149853467941284180e-01,-3.164713084697723389e-01,-9.531826525926589966e-02,6.182229146361351013e-02,-5.183240771293640137e-01,-5.047531723976135254e-01,4.436365962028503418e-01,-9.631118923425674438e-02,3.990354835987091064e-01,-7.355554103851318359e-01,3.844934701919555664e-01,6.836307048797607422e-01,-6.620890498161315918e-01,6.295585036277770996e-01,1.035036370158195496e-01,7.213391065597534180e-01,6.070190072059631348e-01,7.378842234611511230e-01,-3.921263217926025391e-01,-5.949380397796630859e-01,-7.521902322769165039e-01,-3.601105511188507080e-01,-7.316697835922241211e-01,1.664987206459045410e-01,6.155014634132385254e-01,4.059334695339202881e-01,5.846437215805053711e-01,4.745005816221237183e-02,2.444650828838348389e-01,-5.949234962463378906e-01,-2.782354354858398438e-01,-2.995882928371429443e-01,-4.188485443592071533e-01,9.037088751792907715e-01,-6.825654506683349609e-01,2.259655743837356567e-01,-5.544574260711669922e-01,-1.657556444406509399e-01,4.693793132901191711e-02,8.149864077568054199e-01,-3.912539482116699219e-01,-5.289424955844879150e-02,5.415791869163513184e-01,5.978900790214538574e-01,4.271920323371887207e-01
