3.690303862094879150e-01,9.011332876980304718e-03,-8.779610693454742432e-02,-1.081282272934913635e-02,3.149512708187103271e-01,-2.771133780479431152e-01,1.088539958000183105e-01,3.998355269432067871e-01,1.492335945367813110e-01,1.152561828494071960e-01,-1.976646929979324341e-01,-1.399635970592498779e-01,-1.627466827630996704e-02,9.281860291957855225e-02,1.195184886455535889e-01,2.975217700004577637e-01,2.094790339469909668e-03,3.731435537338256836e-02,-6.845626980066299438e-02,-1.113935112953186035e-01,-1.624060273170471191e-01,1.429751515388488770e-02,-3.234786167740821838e-02,7.624629884958267212e-02,2.949665486812591553e-02,2.238471657037734985e-01,-6.679224967956542969e-02,-3.183498978614807129e-01,1.235590055584907532e-01,-9.588770568370819092e-02,-1.210152506828308105e-01,-1.559955626726150513e-01,2.986239455640316010e-02,8.699890971183776855e-02,-1.656728982925415039e-02,-1.559735685586929321e-01,1.130490079522132874e-01,1.350441277027130127e-01,-3.075647950172424316e-01,-3.590660691261291504e-01,2.915371358394622803e-01,1.297119110822677612e-01,5.995478481054306030e-02,4.446903988718986511e-02,-1.204183921217918396e-01,1.090492680668830872e-01,-1.369094997644424438e-01,-1.195835918188095093e-01,9.395512193441390991e-02,-7.496316811739234254e-08,-1.841031312942504883e-01,-1.091336235404014587e-01,3.194136619567871094e-01,-2.789700403809547424e-02,-5.249808728694915771e-02,-2.541170120239257812e-01,1.655348837375640869e-01,8.650294505059719086e-03,5.381077062338590622e-03,-6.128646433353424072e-02,-1.287840604782104492e-01,-6.591470912098884583e-03,1.275564427487552166e-03,2.776404917240142822e-01,8.435975760221481323e-02,-3.774704039096832275e-02,-2.401521354913711548e-01,2.513781785964965820e-01,-1.633211970329284668e-01,2.878666222095489502e-01,-2.869920730590820312e-01,2.150444537401199341e-01,-1.054687798023223877e-02,1.128008142113685608e-01,-2.406249791383743286e-01,-2.602545619010925293e-01,1.639791880734264851e-04,1.448571234941482544e-01,-4.842118173837661743e-02,-1.795657724142074585e-01,2.078120708465576172e-01,2.590685035102069378e-04,-2.338503152132034302e-01,-1.808958593755960464e-03,-4.001788794994354248e-01,-1.654407195746898651e-02,2.381076067686080933e-01,4.010852891951799393e-03,-1.998930238187313080e-02,1.995557993650436401e-01,-1.957790851593017578e-01,1.450294852256774902e-01,-1.633785665035247803e-02,-8.633670955896377563e-02,-1.986477077007293701e-01,-3.286264240741729736e-01,1.713241189718246460e-01,-2.722051976888906211e-05,-2.231703251600265503e-01,2.951475381851196289e-01,-2.783918380737304688e-01,3.253336548805236816e-01,-1.654589474201202393e-01,-1.847820729017257690e-01,9.618281573057174683e-02,2.214184999465942383e-01,-2.807180024683475494e-02,-4.160475730895996094e-02,-3.687739670276641846e-01,2.852956065908074379e-03,7.200475037097930908e-02,3.232224285602569580e-02,-1.065206751227378845e-01,-1.561172492802143097e-02,2.124470919370651245e-01,-1.482544988393783569e-01,3.268966078758239746e-01,-2.961092442274093628e-02,-2.886690497398376465e-01,4.258063063025474548e-02,-4.260694608092308044e-02,1.864519864320755005e-01,2.061253488063812256e-01,1.068643480539321899e-01,-1.470573991537094116e-01,-2.384119667112827301e-03,2.477498911321163177e-02,1.410779356956481934e-01
9.011332876980304718e-03,8.968467824161052704e-03,-8.074566721916198730e-02,6.268080323934555054e-02,4.847605526447296143e-02,-1.670944318175315857e-02,5.779276136308908463e-03,2.783527225255966187e-02,4.935376346111297607e-02,5.143558233976364136e-02,-1.144675631076097488e-02,-3.903737664222717285e-02,6.227317452430725098e-02,6.359525024890899658e-02,7.638951390981674194e-02,8.438555896282196045e-02,-1.708271098323166370e-03,4.202259704470634460e-02,-7.430991530418395996e-02,-5.427788197994232178e-02,-4.548196122050285339e-02,5.981120839715003967e-02,5.273774266242980957e-02,-7.732463534921407700e-03,1.016756519675254822e-02,7.406637817621231079e-02,-7.666099071502685547e-02,-3.373628482222557068e-02,7.697622478008270264e-02,-2.162636257708072662e-02,1.159360539168119431e-02,-8.972727507352828979e-02,5.785616487264633179e-02,5.917686223983764648e-02,-2.628077985718846321e-03,-8.384230732917785645e-02,5.343290790915489197e-02,7.060756534337997437e-02,-6.371823698282241821e-02,-4.950573295354843140e-02,7.065770030021667480e-02,1.631560362875461578e-02,7.742374390363693237e-02,2.148752659559249878e-02,-2.090359292924404144e-02,-5.811296403408050537e-02,-7.725857943296432495e-02,-2.140113152563571930e-02,1.670787896728143096e-04,2.099501944030635059e-05,-4.052541684359312057e-03,-4.702738951891660690e-03,5.012970045208930969e-02,3.846796229481697083e-03,-7.164118811488151550e-03,-8.754925429821014404e-02,3.250530362129211426e-02,4.055194556713104248e-03,-6.745444983243942261e-02,-6.651842594146728516e-02,-4.220945760607719421e-03,-6.821829592809081078e-04,1.661614747717976570e-03,4.696906730532646179e-02,7.642426993697881699e-03,-2.247242629528045654e-02,1.845356449484825134e-02,8.002238720655441284e-02,-7.918418943881988525e-02,2.822210080921649933e-02,-6.573622673749923706e-02,-8.208839222788810730e-03,-2.679798379540443420e-02,7.470986992120742798e-02,-3.181033208966255188e-02,-7.636232674121856689e-02,-5.179208237677812576e-04,8.775518834590911865e-02,-7.100960705429315567e-03,-7.338006794452667236e-02,8.270645886659622192e-02,1.406277442583814263e-04,-7.121770083904266357e-02,-5.341525538824498653e-04,-7.033687084913253784e-02,-7.890339940786361694e-02,4.078544303774833679e-02,1.315782661549746990e-03,6.103112548589706421e-02,5.790730193257331848e-02,-1.479996647685766220e-02,-2.853003703057765961e-02,-6.603225320577621460e-02,1.163769233971834183e-02,-7.368692755699157715e-02,-2.590320305898785591e-03,5.689705163240432739e-02,-4.132933554501505569e-06,-6.043490394949913025e-02,5.656027421355247498e-02,-2.872152253985404968e-02,4.725972563028335571e-02,-8.320304751396179199e-02,-6.961440294981002808e-02,9.399503469467163086e-02,1.433739159256219864e-02,-7.278754562139511108e-02,-7.895934581756591797e-02,-2.594397403299808502e-02,-2.505534328520298004e-03,5.551158636808395386e-02,-6.287614256143569946e-02,-7.636792212724685669e-02,-5.027315113693475723e-03,8.207338303327560425e-02,-7.742113620042800903e-02,4.134145751595497131e-02,3.438225388526916504e-02,-7.886910438537597656e-02,3.694954514503479004e-02,5.265912041068077087e-02,6.799309700727462769e-02,6.998171657323837280e-02,-4.546085745096206665e-02,-4.894196614623069763e-02,-4.962681606411933899e-02,1.914811669848859310e-03,5.576738342642784119e-02
-8.779610693454742432e-02,-8.074566721916198730e-02,7.608280777931213379e-01,-6.387497782707214355e-01,-4.680472910404205322e-01,1.192036941647529602e-01,-1.033781319856643677e-01,-3.045020401477813721e-01,-4.455771744251251221e-01,-5.239615440368652344e-01,1.474221348762512207e-01,4.109664261341094971e-01,-5.418428778648376465e-01,-6.484372615814208984e-01,-7.302476167678833008e-01,-7.339968085289001465e-01,1.559033524245023727e-02,-3.775382936000823975e-01,7.080113291740417480e-01,5.775761008262634277e-01,4.264642298221588135e-01,-6.232334971427917480e-01,-5.504301786422729492e-01,8.216605335474014282e-02,-1.051687523722648621e-01,-6.413278579711914062e-01,7.079777717590332031e-01,2.882356047630310059e-01,-7.318553328514099121e-01,2.191756367683410645e-01,-9.195626527070999146e-02,7.996367216110229492e-01,-5.448777675628662109e-01,-6.499726772308349609e-01,3.000503405928611755e-02,7.449862360954284668e-01,-5.296391844749450684e-01,-6.885291337966918945e-01,5.668822526931762695e-01,5.288690924644470215e-01,-6.488251686096191406e-01,-1.737495809793472290e-01,-7.112703323364257812e-01,-2.234781086444854736e-01,1.907992660999298096e-01,5.500825643539428711e-01,7.453318238258361816e-01,2.172733694314956665e-01,-7.380453869700431824e-03,1.001906096935272217e-01,5.671262741088867188e-02,9.994927048683166504e-02,-5.114059448242187500e-01,-2.274777740240097046e-02,7.562704384326934814e-02,7.930141091346740723e-01,-3.756437003612518311e-01,-4.240047559142112732e-02,6.115161180496215820e-01,6.537588238716125488e-01,6.989088654518127441e-02,-1.019770279526710510e-02,-1.658956520259380341e-02,-4.530877172946929932e-01,-6.092725321650505066e-02,2.217937856912612915e-01,-1.044209152460098267e-01,-7.185924053192138672e-01,7.354075908660888672e-01,-2.649964690208435059e-01,6.487676501274108887e-01,9.954690188169479370e-02,2.776216268539428711e-01,-7.236071825027465820e-01,2.794296741485595703e-01,6.995394825935363770e-01,4.489195998758077621e-03,-8.052565455436706543e-01,8.447039872407913208e-02,7.055597901344299316e-01,-7.746714353561401367e-01,-1.499349949881434441e-03,6.882440447807312012e-01,6.317102350294589996e-03,6.401997804641723633e-01,7.223898768424987793e-01,-4.214366674423217773e-01,-1.297401357442140579e-02,-5.535000562667846680e-01,-6.054906249046325684e-01,1.599420756101608276e-01,2.457515746355056763e-01,6.251091957092285156e-01,-1.081670820713043213e-01,7.035477161407470703e-01,5.743696913123130798e-02,-5.568903684616088867e-01,4.579046435537748039e-05,5.900267958641052246e-01,-5.402684807777404785e-01,3.722949326038360596e-01,-4.539869129657745361e-01,7.641676664352416992e-01,6.774014234542846680e-01,-8.294309973716735840e-01,-2.458156943321228027e-01,6.564570069313049316e-01,7.094818353652954102e-01,2.469629049301147461e-01,2.366073802113533020e-02,-5.485861897468566895e-01,6.441614031791687012e-01,7.224227786064147949e-01,-6.413259357213973999e-02,-7.589105367660522461e-01,7.236279249191284180e-01,-3.958618342876434326e-01,-3.577032983303070068e-01,7.402504086494445801e-01,-3.819551169872283936e-01,-4.965776205062866211e-01,-6.622855663299560547e-01,-6.714051365852355957e-01,3.915624320507049561e-01,5.646306872367858887e-01,5.117955207824707031e-01,-3.029036521911621094e-02,-5.719602108001708984e-01
-1.081282272934913635e-02,6.268080323934555054e-02,-6.387497782707214355e-01,6.763027310371398926e-01,2.464949637651443481e-01,1.689503900706768036e-02,7.597021758556365967e-02,9.666248410940170288e-02,3.647477626800537109e-01,4.234762787818908691e-01,-1.879796087741851807e-01,-3.137790262699127197e-01,3.441194891929626465e-01,5.805206298828125000e-01,6.077768802642822266e-01,4.859610199928283691e-01,-9.781528264284133911e-03,2.972986996173858643e-01,-6.685254573822021484e-01,-4.732754528522491455e-01,-4.593108892440795898e-01,5.659659504890441895e-01,4.998109638690948486e-01,-7.095524668693542480e-02,8.624654263257980347e-02,3.834948837757110596e-01,-5.144005417823791504e-01,-4.857119638472795486e-03,5.254061818122863770e-01,-3.583780303597450256e-02,7.407953590154647827e-02,-6.877523660659790039e-01,5.846812129020690918e-01,5.325270295143127441e-01,-1.057695038616657257e-02,-5.273957848548889160e-01,3.897007703781127930e-01,5.399809479713439941e-01,-2.686783075332641602e-01,-4.671565294265747070e-01,5.305277705192565918e-01,1.825627684593200684e-01,5.455660223960876465e-01,1.719331741333007812e-01,-2.380328327417373657e-01,-3.561471700668334961e-01,-6.620132327079772949e-01,-1.871933192014694214e-01,1.188603695482015610e-02,-4.963482543826103210e-02,-8.835528045892715454e-03,3.509958833456039429e-02,4.638826251029968262e-01,-1.708353497087955475e-02,6.359841674566268921e-02,-5.987108945846557617e-01,3.245253860950469971e-01,3.188624605536460876e-02,-5.144091844558715820e-01,-6.302084922790527344e-01,-1.031579896807670593e-01,8.594356477260589600e-02,1.914289779961109161e-02,3.050666451454162598e-01,8.354164659976959229e-02,-1.779799908399581909e-01,8.208125829696655273e-02,5.016047358512878418e-01,-5.798407793045043945e-01,5.296802613884210587e-03,-4.612032473087310791e-01,5.084840208292007446e-02,-3.105198144912719727e-01,6.199010610580444336e-01,-2.224618792533874512e-01,-5.402527451515197754e-01,-1.844620564952492714e-03,6.294471025466918945e-01,-2.527990341186523438e-01,-5.580790042877197266e-01,7.002850770950317383e-01,1.223806757479906082e-03,-4.849091172218322754e-01,-2.223568037152290344e-03,-4.664892256259918213e-01,-5.857186913490295410e-01,1.660909652709960938e-01,7.059328258037567139e-03,3.896585106849670410e-01,4.519972205162048340e-01,-1.372889429330825806e-01,-3.713830113410949707e-01,-5.935750007629394531e-01,1.643871515989303589e-01,-6.147097945213317871e-01,7.477001100778579712e-02,3.951190412044525146e-01,-3.239854049752466381e-05,-3.710354864597320557e-01,3.589114546775817871e-01,-1.918593496084213257e-01,1.844188272953033447e-01,-6.887950897216796875e-01,-5.046075582504272461e-01,7.195586562156677246e-01,3.548163175582885742e-01,-7.166998982429504395e-01,-5.399330258369445801e-01,-2.852159738540649414e-02,-2.512762695550918579e-02,5.405238270759582520e-01,-6.521663069725036621e-01,-6.466324329376220703e-01,1.910082548856735229e-01,5.915788412094116211e-01,-5.975073575973510742e-01,1.281196177005767822e-01,3.029764890670776367e-01,-5.776265859603881836e-01,3.873850405216217041e-01,4.088776111602783203e-01,5.899552106857299805e-01,5.571023821830749512e-01,-3.695965409278869629e-01,-4.576374292373657227e-01,-4.955412149429321289e-01,9.743496775627136230e-03,4.363198578357696533e-01
3.149512708187103271e-01,4.847605526447296143e-02,-4.680472910404205322e-01,2.464949637651443481e-01,5.532025098800659180e-01,-3.081367611885070801e-01,1.284831017255783081e-01,5.415541529655456543e-01,2.905703783035278320e-01,3.360612392425537109e-01,-1.587146222591400146e-01,-3.156065046787261963e-01,3.448828160762786865e-01,3.462437689304351807e-01,4.646762907505035400e-01,7.027980089187622070e-01,-8.804649114608764648e-03,2.452987283468246460e-01,-3.813904225826263428e-01,-3.474896848201751709e-01,-2.093542963266372681e-01,2.926137745380401611e-01,2.232127040624618530e-01,9.845735505223274231e-03,7.048077881336212158e-02,6.012690067291259766e-01,-4.667723774909973145e-01,-5.161120891571044922e-01,5.655670762062072754e-01,-2.708787024021148682e-01,-3.241280466318130493e-02,-5.238299965858459473e-01,2.075525224208831787e-01,3.935462236404418945e-01,-3.599444031715393066e-02,-5.772456526756286621e-01,3.738297820091247559e-01,4.730796813964843750e-01,-6.873039007186889648e-01,-4.788969159126281738e-01,5.486354827880859375e-01,1.393919736146926880e-01,4.537541270256042480e-01,1.502367556095123291e-01,-1.026011928915977478e-01,-2.963441014289855957e-01,-4.770390093326568604e-01,-1.845705807209014893e-01,5.271532386541366577e-02,-6.180297955870628357e-02,-1.679190695285797119e-01,-2.152514159679412842e-01,4.288806021213531494e-01,1.698849909007549286e-02,-1.653025746345520020e-01,-6.658613681793212891e-01,2.894211709499359131e-01,2.968319691717624664e-02,-3.121950626373291016e-01,-3.262811303138732910e-01,-7.647427916526794434e-02,-7.085938006639480591e-02,4.733303096145391464e-03,4.454599916934967041e-01,6.526339799165725708e-02,-1.399099677801132202e-01,-8.367624133825302124e-02,6.287840604782104492e-01,-5.164806842803955078e-01,4.757456779479980469e-01,-5.993522405624389648e-01,-1.572502404451370239e-02,-7.217052578926086426e-02,4.520309567451477051e-01,-2.992454469203948975e-01,-5.831458568572998047e-01,-3.455722006037831306e-03,5.875177979469299316e-01,4.366360232234001160e-02,-5.105541944503784180e-01,5.348439216613769531e-01,9.186466340906918049e-04,-5.819519758224487305e-01,-6.337045226246118546e-03,-6.650926470756530762e-01,-4.238581061363220215e-01,4.892835319042205811e-01,1.187090855091810226e-02,3.045223057270050049e-01,4.714682698249816895e-01,-2.123286873102188110e-01,8.992453664541244507e-02,-2.835775017738342285e-01,-6.269946694374084473e-02,-4.928569197654724121e-01,-3.148237466812133789e-01,4.556236267089843750e-01,-4.381437247502617538e-05,-5.255778431892395020e-01,5.435633063316345215e-01,-4.424858093261718750e-01,5.804855823516845703e-01,-4.958406090736389160e-01,-5.198541283607482910e-01,5.279700160026550293e-01,1.674715578556060791e-01,-2.621493637561798096e-01,-4.652368128299713135e-01,-4.847696125507354736e-01,-4.174431785941123962e-03,2.356895804405212402e-01,-2.319778650999069214e-01,-4.371494650840759277e-01,-8.792872726917266846e-02,6.099355816841125488e-01,-4.816311597824096680e-01,5.462945699691772461e-01,1.701671779155731201e-01,-6.314920186996459961e-01,1.642684638500213623e-01,2.404298186302185059e-01,4.349935650825500488e-01,4.705721735954284668e-01,-1.012499928474426270e-01,-3.737925887107849121e-01,-1.953334808349609375e-01,3.691489994525909424e-02,4.104475378990173340e-01
-2.771133780479431152e-01,-1.670944318175315857e-02,1.192036941647529602e-01,1.689503900706768036e-02,-3.081367611885070801e-01,2.802324593067169189e-01,-5.780749395489692688e-02,-3.339148163795471191e-01,-1.797116845846176147e-01,-1.243266165256500244e-01,1.099963113665580750e-01,1.375419497489929199e-01,-9.668929129838943481e-02,-8.752045035362243652e-02,-1.374929696321487427e-01,-3.429235816001892090e-01,9.679301874712109566e-04,-8.668038994073867798e-02,9.045803546905517578e-02,1.038728132843971252e-01,1.181012615561485291e-01,-4.028162360191345215e-02,1.239376422017812729e-02,-3.898394107818603516e-02,-3.011827915906906128e-02,-3.126839697360992432e-01,1.377443373203277588e-01,3.383025527000427246e-01,-1.685977876186370850e-01,1.172854080796241760e-01,7.532470673322677612e-02,1.876498758792877197e-01,-2.697135135531425476e-02,-7.777153700590133667e-02,1.695385389029979706e-02,2.315874397754669189e-01,-1.472428739070892334e-01,-1.689348518848419189e-01,3.513465225696563721e-01,2.445042282342910767e-01,-2.883870899677276611e-01,-7.951009273529052734e-02,-1.253691017627716064e-01,-4.764689505100250244e-02,8.200910687446594238e-02,1.165945455431938171e-02,1.382281929254531860e-01,9.530311822891235352e-02,-7.298105210065841675e-02,-1.359114795923233032e-02,1.441854685544967651e-01,8.375989645719528198e-02,-2.409516721963882446e-01,6.512324791401624680e-03,7.603961974382400513e-02,2.656268775463104248e-01,-1.319620013236999512e-01,-1.016548648476600647e-02,6.817325204610824585e-02,7.175942510366439819e-02,7.338077574968338013e-02,3.651186078786849976e-02,-9.160958870779722929e-05,-2.677101194858551025e-01,-7.032656669616699219e-02,5.141546204686164856e-02,1.257192492485046387e-01,-2.809235751628875732e-01,2.036060988903045654e-01,-2.980152964591979980e-01,2.750930488109588623e-01,-1.295448690652847290e-01,1.155633106827735901e-02,-1.414657384157180786e-01,2.137226015329360962e-01,2.610795199871063232e-01,1.238635624758899212e-03,-1.868736147880554199e-01,-2.574203163385391235e-02,2.085786014795303345e-01,-1.948369592428207397e-01,-2.802120870910584927e-04,2.389492988586425781e-01,1.747876172885298729e-03,3.698920607566833496e-01,9.402859210968017578e-02,-2.368813306093215942e-01,-5.333134438842535019e-03,-9.702125191688537598e-02,-2.014205902814865112e-01,1.350279897451400757e-01,-1.155092716217041016e-01,5.921771377325057983e-02,6.542824208736419678e-02,2.029035687446594238e-01,2.528426647186279297e-01,-1.694053560495376587e-01,2.190016857639420778e-05,2.426192909479141235e-01,-3.035379648208618164e-01,2.285296916961669922e-01,-3.376616537570953369e-01,1.808841079473495483e-01,2.117987126111984253e-01,-1.555240452289581299e-01,-5.149152129888534546e-02,3.047603927552700043e-02,1.430817246437072754e-01,3.432672321796417236e-01,-3.492634568829089403e-04,-7.672099769115447998e-02,-3.126158192753791809e-02,1.318000555038452148e-01,9.255475550889968872e-02,-2.214957475662231445e-01,1.730704158544540405e-01,-3.268762230873107910e-01,-7.567918510176241398e-04,2.739733755588531494e-01,-3.614011034369468689e-02,-2.130067348480224609e-02,-1.748191416263580322e-01,-1.936860084533691406e-01,-3.129369020462036133e-02,1.177851110696792603e-01,1.462596841156482697e-02,-2.373670041561126709e-02,-1.475782245397567749e-01
1.088539958000183105e-01,5.779276136308908463e-03,-1.033781319856643677e-01,7.597021758556365967e-02,1.284831017255783081e-01,-5.780749395489692688e-02,9.006812423467636108e-02,1.546201407909393311e-01,4.133969917893409729e-02,9.142237901687622070e-02,-1.057332903146743774e-01,-7.685147225856781006e-02,-6.443372927606105804e-03,8.461119979619979858e-02,9.285862743854522705e-02,1.314392834901809692e-01,-5.348755512386560440e-04,2.002000994980335236e-02,-1.082993894815444946e-01,-1.066162437200546265e-01,-8.953713625669479370e-02,6.430063396692276001e-02,4.916622117161750793e-02,2.011820301413536072e-02,1.897851005196571350e-02,9.038325399160385132e-02,-7.197266817092895508e-02,-9.373858571052551270e-02,1.101845875382423401e-01,-6.317946314811706543e-02,-4.052384942770004272e-02,-1.152577102184295654e-01,7.060150057077407837e-02,1.112942621111869812e-01,-6.692243739962577820e-03,-8.797132968902587891e-02,7.108918577432632446e-02,1.001840680837631226e-01,-1.217824369668960571e-01,-1.921928226947784424e-01,1.437378674745559692e-01,6.262232363224029541e-02,6.614951789379119873e-02,3.384033590555191040e-02,-7.052837312221527100e-02,1.911765502882190049e-05,-1.192530542612075806e-01,-4.864350333809852600e-02,4.216746985912322998e-02,-3.128699958324432373e-02,-5.206872522830963135e-02,-6.078009679913520813e-02,1.613344550132751465e-01,-6.647612899541854858e-03,-1.518116984516382217e-02,-1.503411382436752319e-01,9.433721005916595459e-02,5.848382599651813507e-03,-4.383517429232597351e-02,-6.709915399551391602e-02,-7.334119826555252075e-02,1.577034220099449158e-02,2.098472323268651962e-03,1.313757896423339844e-01,2.766589447855949402e-02,-2.648811601102352142e-02,-1.012379974126815796e-01,1.258165985345840454e-01,-1.019281968474388123e-01,1.055264174938201904e-01,-1.584142595529556274e-01,6.009703874588012695e-02,-2.789925038814544678e-02,9.173739701509475708e-02,-9.744457900524139404e-02,-1.526745110750198364e-01,2.243046183139085770e-04,1.199603378772735596e-01,-4.041403159499168396e-02,-1.169083118438720703e-01,1.524853855371475220e-01,2.019932435359805822e-04,-1.316560506820678711e-01,-1.678280532360076904e-03,-1.816086024045944214e-01,-4.163057357072830200e-02,1.288209706544876099e-01,1.599212177097797394e-03,1.538002770394086838e-02,1.185503080487251282e-01,-8.453747630119323730e-02,2.175181917846202850e-02,-6.324349343776702881e-02,-3.933249041438102722e-03,-1.324123889207839966e-01,-1.231961473822593689e-01,8.925780653953552246e-02,-1.573457120684906840e-05,-1.005247980356216431e-01,1.318199932575225830e-01,-1.508885174989700317e-01,1.344119608402252197e-01,-1.141571104526519775e-01,-1.105737388134002686e-01,1.225925981998443604e-01,1.485483497381210327e-01,-8.258688449859619141e-02,-4.795603826642036438e-02,-1.235623806715011597e-01,-1.243563252501189709e-03,5.436856299638748169e-02,-8.547203987836837769e-02,-8.049427717924118042e-02,7.127367705106735229e-02,1.282420754432678223e-01,-1.046324968338012695e-01,1.127615198493003845e-01,2.150034345686435699e-02,-1.617890894412994385e-01,5.013453215360641479e-02,8.379478938877582550e-03,1.278676390647888184e-01,1.152554526925086975e-01,3.201366588473320007e-02,-1.161280572414398193e-01,-5.041852593421936035e-02,1.307776663452386856e-02,1.195060983300209045e-01
3.998355269432067871e-01,2.783527225255966187e-02,-3.045020401477813721e-01,9.666248410940170288e-02,5.415541529655456543e-01,-3.339148163795471191e-01,1.546201407909393311e-01,6.571549773216247559e-01,1.727603375911712646e-01,2.336765229701995850e-01,-1.590104848146438599e-01,-2.808787822723388672e-01,2.064443379640579224e-01,2.291629016399383545e-01,3.345715105533599854e-01,5.969033837318420410e-01,-3.766743233427405357e-03,1.457894891500473022e-01,-1.929189413785934448e-01,-2.454416602849960327e-01,-7.108052074909210205e-02,1.704164445400238037e-01,9.295807033777236938e-02,3.556073829531669617e-02,5.337089672684669495e-02,4.856264293193817139e-01,-3.138040006160736084e-01,-5.534371733665466309e-01,4.672407805919647217e-01,-2.576555609703063965e-01,-9.279141575098037720e-02,-3.377245962619781494e-01,1.663166657090187073e-02,3.144954144954681396e-01,-4.270501807332038879e-02,-4.381152987480163574e-01,2.864132225513458252e-01,3.518429994583129883e-01,-6.745019555091857910e-01,-4.640871882438659668e-01,4.349035620689392090e-01,1.239287704229354858e-01,2.917968034744262695e-01,1.206959336996078491e-01,-1.705705747008323669e-02,-1.652610003948211670e-01,-3.371607363224029541e-01,-1.730344891548156738e-01,5.697676166892051697e-02,-1.265763789415359497e-01,-2.244117259979248047e-01,-3.048039674758911133e-01,3.723233044147491455e-01,-3.108994802460074425e-03,-2.156929522752761841e-01,-5.511186718940734863e-01,2.743827998638153076e-01,2.520974166691303253e-02,-1.052458062767982483e-01,-1.794008314609527588e-01,-8.267442882061004639e-02,-1.021079346537590027e-01,-6.012585363350808620e-04,3.681765496730804443e-01,4.417689889669418335e-02,-9.608941525220870972e-02,-2.137676477432250977e-01,5.210974812507629395e-01,-3.803316354751586914e-01,5.211082100868225098e-01,-5.479478240013122559e-01,-2.661504410207271576e-02,2.061617560684680939e-02,3.244765400886535645e-01,-2.358134835958480835e-01,-4.574487507343292236e-01,-2.505296375602483749e-03,4.441553652286529541e-01,8.288431912660598755e-02,-3.836772739887237549e-01,3.810976743698120117e-01,7.345194462686777115e-04,-5.070697069168090820e-01,-6.877035833895206451e-03,-5.971234440803527832e-01,-2.636782228946685791e-01,4.939966499805450439e-01,1.130109466612339020e-02,1.241875290870666504e-01,4.157720804214477539e-01,-2.280914187431335449e-01,2.803107202053070068e-01,-9.500941634178161621e-02,-1.529318541288375854e-01,-3.544881641864776611e-01,-4.320051968097686768e-01,3.905093669891357422e-01,-4.341614476288668811e-05,-4.838555753231048584e-01,4.886894524097442627e-01,-5.072716474533081055e-01,5.923005938529968262e-01,-3.381196856498718262e-01,-4.233797192573547363e-01,3.076035678386688232e-01,2.039903402328491211e-01,-3.336200490593910217e-02,-2.980914711952209473e-01,-5.537359714508056641e-01,7.388645317405462265e-03,9.155048429965972900e-02,-5.849665030837059021e-02,-2.899403870105743408e-01,-7.844992727041244507e-02,5.034270882606506348e-01,-3.296060562133789062e-01,5.871081948280334473e-01,1.022917255759239197e-01,-5.356966257095336914e-01,6.493257731199264526e-02,1.092721894383430481e-01,3.028311431407928467e-01,3.510726094245910645e-01,7.130959630012512207e-02,-3.347176015377044678e-01,-5.837773531675338745e-02,4.643797501921653748e-02,3.162190914154052734e-01
1.492335945367813110e-01,4.935376346111297607e-02,-4.455771744251251221e-01,3.647477626800537109e-01,2.905703783035278320e-01,-1.797116845846176147e-01,4.133969917893409729e-02,1.727603375911712646e-01,4.247024953365325928e-01,3.353893458843231201e-01,-1.587543785572052002e-01,-2.647046446800231934e-01,2.594457268714904785e-01,4.154227375984191895e-01,4.519993066787719727e-01,5.137124657630920410e-01,-5.411193240433931351e-03,1.906033754348754883e-01,-4.665476083755493164e-01,-3.521736860275268555e-01,-4.416094422340393066e-01,3.732828497886657715e-01,2.637791335582733154e-01,-3.125391155481338501e-02,7.442705333232879639e-02,4.568226337432861328e-01,-4.190199077129364014e-01,-1.731724292039871216e-01,3.684637248516082764e-01,-6.465511769056320190e-02,-1.113305240869522095e-02,-6.046581268310546875e-01,3.871491849422454834e-01,3.429692089557647705e-01,-1.136132515966892242e-02,-4.875808954238891602e-01,3.171409666538238525e-01,4.206717610359191895e-01,-3.141173124313354492e-01,-4.069178104400634766e-01,5.186568498611450195e-01,1.550338566303253174e-01,3.882394134998321533e-01,1.192326396703720093e-01,-2.377053797245025635e-01,-2.186962068080902100e-01,-4.531970620155334473e-01,-1.512810587882995605e-01,8.047364652156829834e-02,-2.413213066756725311e-02,-9.941248595714569092e-02,5.063084140419960022e-02,4.487264454364776611e-01,-2.696325443685054779e-02,3.522615507245063782e-02,-5.113666057586669922e-01,2.568515837192535400e-01,2.293452061712741852e-02,-3.568453788757324219e-01,-4.140521287918090820e-01,-1.241585761308670044e-01,7.380955666303634644e-02,1.280959788709878922e-02,3.637939393520355225e-01,1.111115813255310059e-01,-1.393485665321350098e-01,-2.493432164192199707e-02,4.608030915260314941e-01,-4.983095526695251465e-01,1.416724473237991333e-01,-4.015093147754669189e-01,1.731548756361007690e-01,-2.477452456951141357e-01,4.707170724868774414e-01,-2.747822105884552002e-01,-4.670324027538299561e-01,-1.878960523754358292e-03,4.903502166271209717e-01,-1.228993237018585205e-01,-4.924955964088439941e-01,5.558227896690368652e-01,8.900212706066668034e-04,-4.084925353527069092e-01,-6.984419887885451317e-04,-4.943410754203796387e-01,-4.088653922080993652e-01,1.943887472152709961e-01,6.592351477593183517e-03,3.634943366050720215e-01,3.810761570930480957e-01,-1.284914463758468628e-01,-1.982361525297164917e-01,-4.155346751213073730e-01,1.085662618279457092e-01,-5.029964447021484375e-01,-8.195708692073822021e-02,2.605049908161163330e-01,-2.988643427670467645e-05,-3.656715452671051025e-01,3.799784183502197266e-01,-2.105720639228820801e-01,3.112696707248687744e-01,-5.640433430671691895e-01,-4.233717620372772217e-01,5.651633739471435547e-01,1.712199449539184570e-01,-5.047432184219360352e-01,-4.161349534988403320e-01,-2.030400633811950684e-01,-2.174269780516624451e-02,4.719938933849334717e-01,-3.837047815322875977e-01,-4.722526073455810547e-01,7.560700178146362305e-02,4.350042641162872314e-01,-4.826544523239135742e-01,2.464174628257751465e-01,1.480565369129180908e-01,-4.939105808734893799e-01,2.723034024238586426e-01,2.153586745262145996e-01,4.819391667842864990e-01,4.579747021198272705e-01,-2.128823250532150269e-01,-3.453632891178131104e-01,-3.378957509994506836e-01,2.986550144851207733e-02,3.208954930305480957e-01
1.152561828494071960e-01,5.143558233976364136e-02,-5.239615440368652344e-01,4.234762787818908691e-01,3.360612392425537109e-01,-1.243266165256500244e-01,9.142237901687622070e-02,2.336765229701995850e-01,3.353893458843231201e-01,3.651631474494934082e-01,-1.493721604347229004e-01,-2.824690341949462891e-01,3.160409033298492432e-01,4.427059590816497803e-01,5.028347373008728027e-01,5.579499006271362305e-01,-8.929441682994365692e-03,2.257474511861801147e-01,-5.127257704734802246e-01,-3.981252312660217285e-01,-3.599733412265777588e-01,4.055847525596618652e-01,3.365848064422607422e-01,-3.897989168763160706e-02,7.497455179691314697e-02,4.734272360801696777e-01,-4.840410649776458740e-01,-2.106565982103347778e-01,4.982250928878784180e-01,-1.449029892683029175e-01,2.311923541128635406e-02,-6.150605678558349609e-01,3.893353044986724854e-01,4.364295303821563721e-01,-1.798824407160282135e-02,-5.349572300910949707e-01,3.500631749629974365e-01,4.716392159461975098e-01,-4.065623879432678223e-01,-4.291651844978332520e-01,5.066241621971130371e-01,1.424186974763870239e-01,4.661631882190704346e-01,1.440950632095336914e-01,-1.837958693504333496e-01,-3.218492567539215088e-01,-5.227772593498229980e-01,-1.514066010713577271e-01,4.600962623953819275e-02,-6.232515722513198853e-02,-6.841529905796051025e-02,-4.741981625556945801e-02,4.244115352630615234e-01,1.888754079118371010e-03,-2.591839991509914398e-02,-5.951072573661804199e-01,2.700300812721252441e-01,2.700568363070487976e-02,-3.988232910633087158e-01,-4.364201724529266357e-01,-9.673126786947250366e-02,3.553911298513412476e-02,1.175342127680778503e-02,3.600577414035797119e-01,6.820309162139892578e-02,-1.473190635442733765e-01,4.007149022072553635e-03,5.190154314041137695e-01,-5.270835161209106445e-01,1.947527527809143066e-01,-4.740124642848968506e-01,2.790992148220539093e-02,-2.068655490875244141e-01,5.045395493507385254e-01,-2.419345676898956299e-01,-5.229389667510986328e-01,-2.421746496111154556e-03,5.817201137542724609e-01,-8.324979245662689209e-02,-5.165864825248718262e-01,5.977296829223632812e-01,9.805128211155533791e-04,-4.839734137058258057e-01,-3.538763849064707756e-03,-5.151936411857604980e-01,-4.693477749824523926e-01,2.906642258167266846e-01,8.040453307330608368e-03,3.668140470981597900e-01,4.197051823139190674e-01,-1.345714479684829712e-01,-1.647877097129821777e-01,-4.293156564235687256e-01,8.479240536689758301e-02,-5.254339575767517090e-01,-9.011100977659225464e-02,3.459016680717468262e-01,-3.469577131909318268e-05,-4.034262299537658691e-01,3.992485702037811279e-01,-2.786057293415069580e-01,3.471270799636840820e-01,-5.737255215644836426e-01,-4.712783098220825195e-01,6.300638318061828613e-01,2.046172618865966797e-01,-5.013175010681152344e-01,-4.726656377315521240e-01,-2.074396163225173950e-01,-1.791465841233730316e-02,4.091143906116485596e-01,-4.444670975208282471e-01,-4.985394775867462158e-01,8.215477317571640015e-02,5.333893299102783203e-01,-5.160660147666931152e-01,2.848122417926788330e-01,2.056657075881958008e-01,-5.559470653533935547e-01,2.664376795291900635e-01,2.792218625545501709e-01,4.913346469402313232e-01,4.807630777359008789e-01,-2.222093045711517334e-01,-3.918573856353759766e-01,-3.436835706233978271e-01,2.689612098038196564e-02,3.917953968048095703e-01
-1.976646929979324341e-01,-1.144675631076097488e-02,1.474221348762512207e-01,-1.879796087741851807e-01,-1.587146222591400146e-01,1.099963113665580750e-01,-1.057332903146743774e-01,-1.590104848146438599e-01,-1.587543785572052002e-01,-1.493721604347229004e-01,2.553587555885314941e-01,1.193967908620834351e-01,8.008310198783874512e-02,-1.578772366046905518e-01,-1.418311893939971924e-01,-1.449038982391357422e-01,-2.306781476363539696e-03,-4.427320137619972229e-02,2.260497212409973145e-01,1.576446592807769775e-01,2.974142134189605713e-01,-1.196263432502746582e-01,-7.125611603260040283e-02,-5.262743681669235229e-02,-3.527039289474487305e-02,-8.377607911825180054e-02,4.333633556962013245e-02,4.052416607737541199e-02,-5.666213110089302063e-02,-1.721368171274662018e-02,9.842733293771743774e-02,2.125182151794433594e-01,-2.318536490201950073e-01,-1.165416613221168518e-01,-1.354712061583995819e-03,7.525841891765594482e-02,-9.625715762376785278e-02,-1.418711245059967041e-01,4.692662134766578674e-02,3.524836003780364990e-01,-2.948181629180908203e-01,-1.572064757347106934e-01,-5.988454818725585938e-02,-4.150282591581344604e-02,2.338959723711013794e-01,-1.438620537519454956e-01,2.097730338573455811e-01,1.107372790575027466e-01,-1.018094867467880249e-01,-4.018469154834747314e-02,1.014573648571968079e-01,-3.675481677055358887e-02,-3.475451767444610596e-01,5.280804261565208435e-02,-9.011363983154296875e-02,1.792794317007064819e-01,-1.747245192527770996e-01,-6.833548191934823990e-03,8.796851336956024170e-02,1.781615316867828369e-01,1.731511056423187256e-01,-8.802063018083572388e-02,-8.170535787940025330e-03,-2.365973144769668579e-01,-1.130713000893592834e-01,4.703506827354431152e-02,1.832628846168518066e-01,-1.546209901571273804e-01,1.511231511831283569e-01,-5.883387476205825806e-02,2.074459344148635864e-01,-3.224385082721710205e-01,1.221068799495697021e-01,-1.542397737503051758e-01,2.392599433660507202e-01,2.435973435640335083e-01,-1.657102024182677269e-03,-1.247618272900581360e-01,2.228787541389465332e-01,1.839958280324935913e-01,-2.915914952754974365e-01,-2.954599622171372175e-04,1.435021162033081055e-01,-9.816752281039953232e-04,3.044477403163909912e-01,3.438516706228256226e-02,-6.945210695266723633e-02,-3.062454925384372473e-04,3.638737602159380913e-03,-1.654966622591018677e-01,1.764193177223205566e-01,1.010961085557937622e-01,1.677085608243942261e-01,-4.487007483839988708e-02,2.582394480705261230e-01,1.481496840715408325e-01,-1.119487062096595764e-01,2.234975363535340875e-05,9.884501993656158447e-02,-2.110757380723953247e-01,1.455519497394561768e-01,-1.125831156969070435e-01,2.388612031936645508e-01,1.481348276138305664e-01,-1.967059820890426636e-01,-3.368731141090393066e-01,2.788491249084472656e-01,3.823291882872581482e-02,1.438544243574142456e-01,8.296808227896690369e-03,-1.877046674489974976e-01,1.721567511558532715e-01,1.791913658380508423e-01,-1.502437591552734375e-01,-1.635362505912780762e-01,1.841978430747985840e-01,-7.514359802007675171e-02,-1.096658315509557724e-02,2.414076775312423706e-01,-1.459379941225051880e-01,2.441090065985918045e-03,-2.613627612590789795e-01,-2.145682424306869507e-01,-2.346176886931061745e-03,1.548922359943389893e-01,1.314554661512374878e-01,-9.484368376433849335e-03,-1.617413610219955444e-01
-1.399635970592498779e-01,-3.903737664222717285e-02,4.109664261341094971e-01,-3.137790262699127197e-01,-3.156065046787261963e-01,1.375419497489929199e-01,-7.685147225856781006e-02,-2.808787822723388672e-01,-2.647046446800231934e-01,-2.824690341949462891e-01,1.193967908620834351e-01,2.520803511142730713e-01,-2.467922866344451904e-01,-3.558818697929382324e-01,-4.147712290287017822e-01,-5.000269412994384766e-01,5.563896149396896362e-03,-1.691303104162216187e-01,3.775320649147033691e-01,3.093642294406890869e-01,2.507801949977874756e-01,-3.239216804504394531e-01,-2.456253021955490112e-01,2.790799550712108612e-02,-6.106787919998168945e-02,-4.081444740295410156e-01,3.860030174255371094e-01,2.278135269880294800e-01,-4.332821667194366455e-01,1.199934706091880798e-01,7.127382326871156693e-03,4.925275444984436035e-01,-2.530219554901123047e-01,-3.628483116626739502e-01,2.158002369105815887e-02,4.544133543968200684e-01,-2.876749932765960693e-01,-3.871527314186096191e-01,4.097534120082855225e-01,3.762156367301940918e-01,-4.226278066635131836e-01,-1.171618327498435974e-01,-3.634914159774780273e-01,-1.198605149984359741e-01,1.111075952649116516e-01,2.521656751632690430e-01,4.219951927661895752e-01,1.364909708499908447e-01,-3.554842621088027954e-02,9.471250325441360474e-02,9.924340248107910156e-02,8.792632818222045898e-02,-3.556486964225769043e-01,1.031417027115821838e-02,5.837133526802062988e-02,5.159512162208557129e-01,-2.441256046295166016e-01,-2.378681860864162445e-02,2.678296267986297607e-01,3.388714790344238281e-01,7.739587873220443726e-02,-6.458270829170942307e-03,-7.905952632427215576e-03,-2.846106290817260742e-01,-5.348909646272659302e-02,1.178509742021560669e-01,4.419558122754096985e-02,-4.477694630622863770e-01,4.341287612915039062e-01,-2.099811583757400513e-01,4.209023714065551758e-01,-6.889226846396923065e-03,1.446947455406188965e-01,-4.214584231376647949e-01,1.815551370382308960e-01,4.229960441589355469e-01,2.077409531921148300e-03,-4.886805117130279541e-01,4.291856661438941956e-02,4.320160150527954102e-01,-4.830398261547088623e-01,-8.462980622425675392e-04,4.231826364994049072e-01,3.382144961506128311e-03,4.570854604244232178e-01,3.813036382198333740e-01,-2.621911466121673584e-01,-7.718984503298997879e-03,-2.654489576816558838e-01,-3.671515583992004395e-01,1.236362978816032410e-01,5.302297323942184448e-02,3.032016754150390625e-01,-2.889231406152248383e-02,4.212028384208679199e-01,1.326493471860885620e-01,-2.899008393287658691e-01,3.081504110014066100e-05,3.723058104515075684e-01,-3.512746989727020264e-01,2.826932370662689209e-01,-3.420155346393585205e-01,4.710244834423065186e-01,4.009857177734375000e-01,-4.799251556396484375e-01,-1.808487027883529663e-01,3.413089513778686523e-01,3.800399601459503174e-01,2.317558676004409790e-01,1.077067852020263672e-02,-3.146155178546905518e-01,3.120166063308715820e-01,4.071681201457977295e-01,-5.658617243170738220e-02,-4.605580568313598633e-01,4.114118814468383789e-01,-3.011043369770050049e-01,-1.625995784997940063e-01,4.790791869163513184e-01,-1.962197273969650269e-01,-2.049219906330108643e-01,-3.896335661411285400e-01,-3.886448144912719727e-01,1.334803551435470581e-01,3.450508713722229004e-01,2.506590783596038818e-01,-3.092761896550655365e-02,-3.044867217540740967e-01
