5.470486879348754883e-01,1.268410310149192810e-02,2.298647314310073853e-01,-3.124951422214508057e-01,3.610884249210357666e-01,-4.090366959571838379e-01,1.220660135149955750e-01,4.511889815330505371e-01,-6.274366378784179688e-02,-8.615694940090179443e-02,-3.724259436130523682e-01,-2.358484715223312378e-01,-2.844812572002410889e-01,-1.018419191241264343e-01,-6.950833648443222046e-02,1.407879441976547241e-01,5.943851079791784286e-03,-2.015921026468276978e-01,2.018874734640121460e-01,-1.628040969371795654e-01,-2.142282873392105103e-01,-3.678961098194122314e-01,-3.480891585350036621e-01,2.459185719490051270e-01,2.587410062551498413e-02,1.566668152809143066e-01,-1.426802948117256165e-02,-4.345762133598327637e-01,-3.849347680807113647e-02,-1.358771622180938721e-01,-1.951249241828918457e-01,-1.216890010982751846e-02,-2.828220129013061523e-01,1.016700640320777893e-01,-1.177820097655057907e-02,2.417879924178123474e-02,5.674124509096145630e-02,-3.386495634913444519e-02,-1.780032515525817871e-01,-3.476853668689727783e-01,6.952539831399917603e-02,1.693540513515472412e-01,-2.810583412647247314e-01,-2.989768795669078827e-02,-1.543319132179021835e-02,3.662620782852172852e-01,7.411437481641769409e-02,1.183582693338394165e-01,1.963489949703216553e-01,-1.197554841637611389e-01,-2.698627412319183350e-01,-3.199056982994079590e-01,1.263279467821121216e-01,-6.188818812370300293e-02,5.708653107285499573e-02,-3.096399642527103424e-02,1.262276023626327515e-01,-2.072195522487163544e-03,2.497248649597167969e-01,3.915599286556243896e-01,-1.469303220510482788e-01,3.128952383995056152e-01,-8.915363810956478119e-03,3.069246709346771240e-01,1.601372510194778442e-01,-2.961975988000631332e-04,-4.576112031936645508e-01,3.143717721104621887e-02,2.213707938790321350e-02,3.676584362983703613e-01,-1.914131790399551392e-01,2.524650692939758301e-01,-8.739240467548370361e-02,-1.656008362770080566e-01,-2.069215774536132812e-01,-7.377540320158004761e-02,1.326017780229449272e-03,-8.438821136951446533e-02,1.864362359046936035e-01,1.078941822052001953e-01,-1.908566057682037354e-02,-9.513799159321933985e-05,-1.282175779342651367e-01,-6.469196639955043793e-03,-2.021833509206771851e-01,2.094921469688415527e-01,3.658882975578308105e-01,9.785176953300833702e-04,-1.908766031265258789e-01,7.551011443138122559e-02,-1.368123441934585571e-01,4.234963059425354004e-01,2.761094570159912109e-01,-2.603285014629364014e-01,8.557701110839843750e-02,-4.049164652824401855e-01,-1.504501253366470337e-01,-8.033478479774203151e-06,-1.136972457170486450e-01,-1.584569178521633148e-02,-4.440751075744628906e-01,4.342471659183502197e-01,1.113139465451240540e-01,-5.866035073995590210e-02,-1.986746937036514282e-01,1.106357797980308533e-01,3.630195856094360352e-01,2.865711450576782227e-01,-4.602291285991668701e-01,2.032557502388954163e-02,-1.687830835580825806e-01,3.087620735168457031e-01,2.006328403949737549e-01,-3.035194799304008484e-02,-1.276009716093540192e-02,3.156919265165925026e-03,3.273507952690124512e-01,-3.538604974746704102e-01,-4.067157953977584839e-02,-2.608341276645660400e-01,-2.686486840248107910e-01,-5.991866067051887512e-02,-3.330110013484954834e-02,4.523537456989288330e-01,-9.638760238885879517e-02,3.013119399547576904e-01,4.912848118692636490e-03,1.155269369482994080e-01
1.268410310149192810e-02,1.164318155497312546e-02,-7.774512469768524170e-02,4.975968599319458008e-02,6.977417320013046265e-02,-2.501703612506389618e-02,-1.505338586866855621e-02,6.165092810988426208e-02,6.370944529771804810e-02,6.963954120874404907e-02,7.732762955129146576e-03,-5.355545505881309509e-02,7.867149263620376587e-02,5.956747010350227356e-02,7.438527792692184448e-02,1.058941558003425598e-01,-8.517694659531116486e-04,6.929230690002441406e-02,-7.388589531183242798e-02,-3.855700045824050903e-02,-1.602414622902870178e-02,4.648801311850547791e-02,4.907458648085594177e-02,-3.618644177913665771e-02,1.429703086614608765e-02,9.547560662031173706e-02,-7.356010377407073975e-02,-6.267849355936050415e-02,9.085921943187713623e-02,-3.595180064439773560e-02,1.160622632596641779e-04,-8.632421493530273438e-02,2.838857658207416534e-02,6.050652638077735901e-02,-4.004580434411764145e-03,-9.857849031686782837e-02,7.913678884506225586e-02,8.643832802772521973e-02,-1.005807220935821533e-01,-5.306319147348403931e-02,8.032190054655075073e-02,-8.890852332115173340e-03,7.160112261772155762e-02,4.683862626552581787e-02,1.379704754799604416e-02,-6.646231561899185181e-02,-7.406235486268997192e-02,-3.516278043389320374e-02,-3.714656457304954529e-02,4.702969454228878021e-03,5.965806194581091404e-04,-4.138984158635139465e-02,4.727682471275329590e-02,6.395780947059392929e-03,-4.626566544175148010e-02,-9.131693840026855469e-02,3.649086877703666687e-02,3.025762271136045456e-03,-7.709109783172607422e-02,-3.447705879807472229e-02,9.795191697776317596e-03,-3.610939905047416687e-02,1.554304151795804501e-03,2.855215035378932953e-02,8.993752300739288330e-03,-2.951656095683574677e-02,4.372001066803932190e-02,9.978441148996353149e-02,-8.142399042844772339e-02,5.524870008230209351e-02,-8.627968281507492065e-02,-3.415822982788085938e-02,-9.657752700150012970e-03,8.040531724691390991e-02,-4.340896382927894592e-02,-9.118022024631500244e-02,-3.621887590270489454e-04,8.626558631658554077e-02,-8.883595466613769531e-03,-7.607536017894744873e-02,7.439187914133071899e-02,4.080006692674942315e-05,-7.690271735191345215e-02,-3.496486751828342676e-04,-9.502439200878143311e-02,-7.338385283946990967e-02,5.672360211610794067e-02,1.160835498012602329e-03,7.606206834316253662e-02,7.269027084112167358e-02,-9.273516945540904999e-03,-2.491882303729653358e-03,-6.279720366001129150e-02,6.418052129447460175e-03,-7.672367244958877563e-02,-1.048227678984403610e-02,6.571499258279800415e-02,1.006449892315686157e-07,-7.818062603473663330e-02,8.692336082458496094e-02,-3.639703989028930664e-02,6.597364693880081177e-02,-8.208668977022171021e-02,-9.213822335004806519e-02,8.436942100524902344e-02,-3.295949473977088928e-02,-5.293944105505943298e-02,-8.833426237106323242e-02,-5.235293507575988770e-02,1.036290894262492657e-03,4.078983142971992493e-02,-5.438344925642013550e-02,-7.756158709526062012e-02,-4.109904170036315918e-02,8.662260323762893677e-02,-7.691144943237304688e-02,7.117450982332229614e-02,5.148098617792129517e-02,-9.206350892782211304e-02,3.980584070086479187e-02,8.045408129692077637e-02,6.380797922611236572e-02,5.848759040236473083e-02,-4.311744496226310730e-02,-2.902499213814735413e-02,-2.524306066334247589e-02,-9.261868894100189209e-03,6.898342818021774292e-02
2.298647314310073853e-01,-7.774512469768524170e-02,7.815728187561035156e-01,-6.940537095069885254e-01,-3.646585941314697266e-01,-2.920030616223812103e-02,1.647345274686813354e-01,-2.399665862321853638e-01,-5.973548293113708496e-01,-6.170173883438110352e-01,-1.402012854814529419e-01,3.399837315082550049e-01,-6.865375638008117676e-01,-6.408107280731201172e-01,-7.156276702880859375e-01,-7.157196998596191406e-01,8.188789710402488708e-03,-6.441115736961364746e-01,7.459649443626403809e-01,3.577254712581634521e-01,1.293312460184097290e-01,-6.388647556304931641e-01,-6.424083113670349121e-01,4.127595126628875732e-01,-1.369001716375350952e-01,-6.223050951957702637e-01,6.353289484977722168e-01,1.948447376489639282e-01,-7.413606047630310059e-01,1.727353334426879883e-01,-5.552867427468299866e-02,7.234287858009338379e-01,-4.755329191684722900e-01,-5.678404569625854492e-01,2.575375139713287354e-02,7.561063766479492188e-01,-6.221730113029479980e-01,-7.530588507652282715e-01,6.140437722206115723e-01,3.588837087154388428e-01,-6.565572023391723633e-01,7.954064011573791504e-02,-7.397290468215942383e-01,-4.282094538211822510e-01,-7.948916405439376831e-02,7.449130415916442871e-01,7.284528017044067383e-01,3.538549542427062988e-01,3.435895740985870361e-01,-2.158473804593086243e-02,-1.056815534830093384e-01,1.479042023420333862e-01,-4.452856481075286865e-01,-7.781150192022323608e-02,3.476643264293670654e-01,7.313898801803588867e-01,-3.954855203628540039e-01,-2.987674251198768616e-02,7.434093952178955078e-01,6.002314686775207520e-01,-1.315982192754745483e-01,4.026315212249755859e-01,-2.292889542877674103e-02,-3.489109873771667480e-02,-1.881523639895021915e-03,2.800504267215728760e-01,-4.965248405933380127e-01,-7.474405765533447266e-01,7.035297751426696777e-01,-2.109525203704833984e-01,6.220771670341491699e-01,3.302110731601715088e-01,1.591808199882507324e-01,-7.747900485992431641e-01,2.961338162422180176e-01,6.956583261489868164e-01,3.283426864072680473e-03,-7.751991748809814453e-01,2.826438248157501221e-01,7.275758385658264160e-01,-7.016655802726745605e-01,-4.733875975944101810e-04,6.215083003044128418e-01,-3.566041123121976852e-03,6.504221558570861816e-01,7.651742696762084961e-01,-2.356872856616973877e-01,-8.723612874746322632e-03,-7.039018869400024414e-01,-6.291097998619079590e-01,7.485589385032653809e-02,2.759960293769836426e-01,7.132163047790527344e-01,-2.927547395229339600e-01,7.192478179931640625e-01,-1.754941493272781372e-01,-5.922797322273254395e-01,-4.591341166815254837e-06,5.698820352554321289e-01,-6.665939092636108398e-01,1.303047835826873779e-01,-2.360416501760482788e-01,7.762016057968139648e-01,7.161825895309448242e-01,-8.042893409729003906e-01,1.155585572123527527e-01,6.725164651870727539e-01,8.070784211158752441e-01,1.415203660726547241e-01,8.878105320036411285e-03,-5.320335030555725098e-01,7.034482955932617188e-01,7.856516838073730469e-01,1.312582045793533325e-01,-7.570173144340515137e-01,6.734293103218078613e-01,-3.469533324241638184e-01,-6.464536786079406738e-01,7.397652268409729004e-01,-5.766800045967102051e-01,-7.604340314865112305e-01,-6.483095884323120117e-01,-6.083365082740783691e-01,5.952174067497253418e-01,3.563044071197509766e-01,4.784916937351226807e-01,4.566803202033042908e-02,-5.489984750747680664e-01
-3.124951422214508057e-01,4.975968599319458008e-02,-6.940537095069885254e-01,7.643423080444335938e-01,1.537058055400848389e-01,9.391131252050399780e-02,-1.291278004646301270e-01,1.161643303930759430e-02,5.981107354164123535e-01,4.663898050785064697e-01,1.657229848206043243e-03,-1.728619933128356934e-01,4.904441535472869873e-01,6.098211407661437988e-01,6.431339979171752930e-01,4.981843233108520508e-01,-5.092331208288669586e-03,5.009549856185913086e-01,-7.044724225997924805e-01,-3.640030324459075928e-01,-2.651279866695404053e-01,6.277914047241210938e-01,6.060262322425842285e-01,-3.201583027839660645e-01,1.356142163276672363e-01,3.982283771038055420e-01,-5.128955841064453125e-01,8.003582805395126343e-02,5.431237816810607910e-01,6.313173566013574600e-03,5.180311389267444611e-03,-6.653552651405334473e-01,6.181930303573608398e-01,5.246754288673400879e-01,-6.544291973114013672e-03,-5.688010454177856445e-01,4.451944828033447266e-01,6.632755398750305176e-01,-3.270266950130462646e-01,-3.133931756019592285e-01,6.099935770034790039e-01,5.242455005645751953e-02,6.288930773735046387e-01,3.035353124141693115e-01,-1.225191652774810791e-01,-6.418833136558532715e-01,-6.896383166313171387e-01,-2.819644510746002197e-01,-1.311312764883041382e-01,4.322835803031921387e-02,9.529507160186767578e-02,9.931027889251708984e-02,5.163153409957885742e-01,2.845060080289840698e-02,-1.190558969974517822e-01,-5.658271312713623047e-01,4.513642191886901855e-01,2.470893226563930511e-02,-6.530149579048156738e-01,-7.380289435386657715e-01,5.084123834967613220e-02,-2.631256580352783203e-01,2.948081679642200470e-02,-4.355759918689727783e-02,4.568404331803321838e-02,-2.469316720962524414e-01,3.804736137390136719e-01,5.555903315544128418e-01,-5.942598581314086914e-01,-3.236951306462287903e-02,-4.618541598320007324e-01,-8.630023151636123657e-02,-2.992793619632720947e-01,7.002527117729187012e-01,-3.352066278457641602e-01,-5.429434776306152344e-01,-1.886463025584816933e-03,6.477926969528198242e-01,-4.479253292083740234e-01,-6.651318669319152832e-01,6.741886138916015625e-01,4.420297627802938223e-04,-4.916703999042510986e-01,1.193520147353410721e-02,-4.929121136665344238e-01,-7.070589661598205566e-01,-5.390089936554431915e-03,4.644273314625024796e-03,5.872800946235656738e-01,5.338082313537597656e-01,-1.458513438701629639e-01,-4.409425556659698486e-01,-7.472084164619445801e-01,4.336351156234741211e-01,-6.775642037391662598e-01,3.032112121582031250e-01,4.264400601387023926e-01,4.013861143903341144e-06,-3.608447909355163574e-01,5.009306669235229492e-01,1.150158816017210484e-03,-2.005325071513652802e-02,-7.470103502273559570e-01,-5.552638173103332520e-01,7.712240815162658691e-01,1.374067217111587524e-01,-7.844392657279968262e-01,-6.753895878791809082e-01,6.610656529664993286e-02,-2.624605409801006317e-02,6.156103610992431641e-01,-7.527320384979248047e-01,-7.650616168975830078e-01,1.294560730457305908e-01,6.364545226097106934e-01,-6.152671575546264648e-01,7.900097221136093140e-02,5.791838765144348145e-01,-5.944338440895080566e-01,6.552168130874633789e-01,6.218879818916320801e-01,6.882827877998352051e-01,6.162317991256713867e-01,-5.905340313911437988e-01,-3.904403448104858398e-01,-5.888568758964538574e-01,1.092891208827495575e-03,4.123729765415191650e-01
3.610884249210357666e-01,6.977417320013046265e-02,-3.646585941314697266e-01,1.537058055400848389e-01,6.838763356208801270e-01,-3.616292774677276611e-01,-1.069401577115058899e-02,7.056427597999572754e-01,2.895380854606628418e-01,3.769758343696594238e-01,-1.615436077117919922e-01,-5.380698442459106445e-01,3.149040341377258301e-01,3.325475752353668213e-01,4.531479179859161377e-01,7.346872687339782715e-01,-1.015907153487205505e-03,3.217160105705261230e-01,-3.320318758487701416e-01,-3.588525354862213135e-01,-1.494563221931457520e-01,9.503123164176940918e-02,1.172842979431152344e-01,-9.393388032913208008e-02,1.077165454626083374e-01,6.688217520713806152e-01,-4.977087974548339844e-01,-6.640056371688842773e-01,6.028518676757812500e-01,-3.203937709331512451e-01,-1.197109743952751160e-01,-5.154134631156921387e-01,-5.062746629118919373e-02,5.019772052764892578e-01,-3.999581933021545410e-02,-5.870829224586486816e-01,5.521789789199829102e-01,5.199449658393859863e-01,-7.525694370269775391e-01,-5.651996135711669922e-01,5.022922754287719727e-01,1.219987682998180389e-02,2.987361550331115723e-01,3.193623125553131104e-01,1.932332515716552734e-01,-2.430072426795959473e-01,-4.432352483272552490e-01,-1.606354117393493652e-01,-1.830234229564666748e-01,-1.431637704372406006e-01,-1.799692660570144653e-01,-5.573074817657470703e-01,3.381344079971313477e-01,2.395816706120967865e-02,-3.135521709918975830e-01,-6.215886473655700684e-01,3.428437113761901855e-01,2.069494314491748810e-02,-3.060070276260375977e-01,2.965411916375160217e-02,1.119867432862520218e-02,-7.143444567918777466e-02,5.281152552925050259e-04,3.083139359951019287e-01,1.046583727002143860e-01,-1.932575106620788574e-01,-2.291837334632873535e-02,6.379972100257873535e-01,-4.953033328056335449e-01,6.062794327735900879e-01,-6.803168058395385742e-01,-1.707588732242584229e-01,-7.843621075153350830e-02,4.144265949726104736e-01,-3.124845623970031738e-01,-6.030938029289245605e-01,-1.651812694035470486e-03,5.346716642379760742e-01,9.162915498018264771e-02,-4.116656780242919922e-01,4.634476304054260254e-01,2.379637298872694373e-04,-5.978412628173828125e-01,-8.997366763651371002e-03,-6.945065855979919434e-01,-3.619162440299987793e-01,6.202876567840576172e-01,8.990174159407615662e-03,3.326151072978973389e-01,5.387047529220581055e-01,-1.249339878559112549e-01,3.290142714977264404e-01,-1.926448941230773926e-01,-1.442351192235946655e-01,-4.144403040409088135e-01,-3.320701420307159424e-01,3.427479565143585205e-01,-3.831616595562081784e-06,-5.917716622352600098e-01,5.096088051795959473e-01,-5.775918960571289062e-01,6.817655563354492188e-01,-4.393259286880493164e-01,-6.267254352569580078e-01,3.760931789875030518e-01,-1.031358167529106140e-01,-4.674841091036796570e-02,-3.741869926452636719e-01,-6.181280612945556641e-01,2.572243474423885345e-02,1.198494061827659607e-01,-1.600927412509918213e-01,-3.665501773357391357e-01,-2.506378293037414551e-01,5.797975063323974609e-01,-4.526944756507873535e-01,6.664799451828002930e-01,1.564474254846572876e-01,-6.184072494506835938e-01,7.706218957901000977e-02,3.508052825927734375e-01,3.297375440597534180e-01,3.379607796669006348e-01,2.549801953136920929e-02,-3.129149675369262695e-01,5.063022673130035400e-02,-4.566048458218574524e-02,5.290102362632751465e-01
-4.090366959571838379e-01,-2.501703612506389618e-02,-2.920030616223812103e-02,9.391131252050399780e-02,-3.616292774677276611e-01,3.614113032817840576e-01,-6.328829377889633179e-02,-4.067757129669189453e-01,-1.157508268952369690e-01,-3.883301839232444763e-02,3.069037795066833496e-01,2.631824612617492676e-01,1.193679720163345337e-01,-7.209575921297073364e-02,-1.053618565201759338e-01,-2.855745851993560791e-01,-4.028819501399993896e-03,4.467387124896049500e-02,-9.567363187670707703e-03,2.236294895410537720e-01,2.613880932331085205e-01,1.691022515296936035e-01,1.654792875051498413e-01,-1.403868794441223145e-01,-5.549447983503341675e-02,-2.665125429630279541e-01,1.545034199953079224e-01,3.822063505649566650e-01,-1.115570515394210815e-01,1.124452725052833557e-01,1.741448938846588135e-01,2.061482518911361694e-01,1.163166463375091553e-01,-2.207131534814834595e-01,1.301664579659700394e-02,1.509814113378524780e-01,-1.692548990249633789e-01,-1.454442739486694336e-01,2.665106058120727539e-01,3.823592364788055420e-01,-2.261347323656082153e-01,-1.480155438184738159e-01,8.562953025102615356e-02,-4.607300460338592529e-02,2.773510105907917023e-02,-1.509261280298233032e-01,1.055580601096153259e-01,-3.830231726169586182e-02,-1.322125792503356934e-01,1.087150648236274719e-01,2.209328860044479370e-01,2.605155408382415771e-01,-2.350631207227706909e-01,4.806619510054588318e-02,-1.468746550381183624e-02,1.824352890253067017e-01,-2.219796627759933472e-01,-4.235909786075353622e-03,-5.922660604119300842e-02,-1.646460890769958496e-01,1.139118149876594543e-01,-2.120253145694732666e-01,1.562129356898367405e-03,-2.555953562259674072e-01,-1.496906429529190063e-01,6.065177917480468750e-02,3.055882751941680908e-01,-1.853477656841278076e-01,1.492598205804824829e-01,-3.217591047286987305e-01,2.893967032432556152e-01,-1.928171217441558838e-01,1.525867283344268799e-01,-4.217850416898727417e-02,2.510521113872528076e-01,2.031402289867401123e-01,-5.800759536214172840e-04,-1.013480648398399353e-01,-7.193526625633239746e-02,8.419080823659896851e-02,-1.522442847490310669e-01,-2.568394302215892822e-05,2.425258010625839233e-01,2.712238347157835960e-03,3.162226974964141846e-01,5.983076523989439011e-03,-3.277024328708648682e-01,-2.163989003747701645e-03,1.196144800633192062e-02,-2.046571373939514160e-01,1.398859173059463501e-01,-2.766130864620208740e-01,-5.442341789603233337e-02,1.303325742483139038e-01,9.318511933088302612e-02,2.832215726375579834e-01,4.524401575326919556e-02,5.144223905517719686e-06,2.025209814310073853e-01,-1.169234886765480042e-01,3.915985822677612305e-01,-3.949943482875823975e-01,1.068431437015533447e-01,2.042236924171447754e-01,-2.578548900783061981e-02,-9.768642485141754150e-02,-1.270316839218139648e-01,-6.622102856636047363e-02,4.047967195510864258e-01,-1.164934784173965454e-02,-2.302810549736022949e-02,-9.590294957160949707e-02,2.289464324712753296e-02,1.464951597154140472e-02,-1.558628678321838379e-01,1.539769768714904785e-01,-3.355206549167633057e-01,1.796378940343856812e-01,1.895467936992645264e-01,7.627227902412414551e-02,8.175303041934967041e-02,-1.196050196886062622e-01,-1.300623118877410889e-01,-2.564811706542968750e-01,1.808905452489852905e-01,-1.293931454420089722e-01,-8.496393449604511261e-03,-1.951304674148559570e-01
1.220660135149955750e-01,-1.505338586866855621e-02,1.647345274686813354e-01,-1.291278004646301270e-01,-1.069401577115058899e-02,-6.328829377889633179e-02,7.577290385961532593e-02,2.514476887881755829e-02,-1.030175387859344482e-01,-1.178788319230079651e-01,-1.456826329231262207e-01,1.746776886284351349e-02,-2.132703214883804321e-01,-9.596101939678192139e-02,-1.049389764666557312e-01,-1.199196651577949524e-01,3.425858682021498680e-03,-1.806154102087020874e-01,1.429464071989059448e-01,-3.154673054814338684e-02,-7.187676429748535156e-02,-1.565141826868057251e-01,-1.568080484867095947e-01,1.247145906090736389e-01,-5.566651001572608948e-03,-1.043716520071029663e-01,7.990598678588867188e-02,-2.829910023137927055e-03,-1.383812725543975830e-01,2.249802090227603912e-02,-5.947545915842056274e-02,9.228763729333877563e-02,-9.209639579057693481e-02,-2.258781157433986664e-02,3.695044666528701782e-03,1.502901762723922729e-01,-9.978134930133819580e-02,-1.183124184608459473e-01,1.171957999467849731e-01,-4.860702902078628540e-02,-8.367760479450225830e-02,8.830577880144119263e-02,-1.835952997207641602e-01,-7.631238549947738647e-02,-5.603341385722160339e-02,1.929865926504135132e-01,1.062360703945159912e-01,9.852859377861022949e-02,1.431412994861602783e-01,-4.889212548732757568e-02,-8.156502246856689453e-02,-1.948294788599014282e-02,2.044341294094920158e-03,-2.925219945609569550e-02,1.037481352686882019e-01,1.111967489123344421e-01,8.493596687912940979e-03,-4.720391239970922470e-03,1.806816458702087402e-01,1.327997297048568726e-01,-7.279913872480392456e-02,1.691772341728210449e-01,-2.522327238693833351e-03,4.450050741434097290e-02,3.721264004707336426e-02,3.641897439956665039e-02,-2.098894417285919189e-01,-1.338805258274078369e-01,1.135001704096794128e-01,9.323169477283954620e-03,6.080260127782821655e-02,1.392103135585784912e-01,-4.533974453806877136e-02,-1.508793979883193970e-01,-4.838401451706886292e-03,1.044554114341735840e-01,1.073428080417215824e-03,-1.328771412372589111e-01,4.308327659964561462e-02,1.234502643346786499e-01,-8.775731921195983887e-02,-6.802718417020514607e-05,5.897264555096626282e-02,-8.968074107542634010e-04,7.714322954416275024e-02,1.476221382617950439e-01,8.674754761159420013e-03,-1.686784205958247185e-03,-1.568913459777832031e-01,-6.670884788036346436e-02,-4.245196282863616943e-02,1.005057692527770996e-01,1.484605073928833008e-01,-4.635862261056900024e-02,1.232089251279830933e-01,-8.687575906515121460e-02,-1.511852592229843140e-01,-3.231288474125904031e-06,8.223205804824829102e-02,-1.453086286783218384e-01,-8.239960670471191406e-02,1.402420829981565475e-02,1.279446929693222046e-01,1.108241677284240723e-01,-1.501439809799194336e-01,1.237960010766983032e-01,1.459275484085083008e-01,2.192008644342422485e-01,-3.208462521433830261e-02,1.414114260114729404e-03,-7.718913257122039795e-02,1.230729669332504272e-01,1.543227434158325195e-01,1.128507554531097412e-01,-1.169688925147056580e-01,9.260410815477371216e-02,-3.069013357162475586e-02,-1.737210750579833984e-01,1.128682494163513184e-01,-1.067317947745323181e-01,-1.954022645950317383e-01,-7.938884943723678589e-02,-6.526125967502593994e-02,1.864381879568099976e-01,-2.763090841472148895e-02,8.593908697366714478e-02,2.063771709799766541e-02,-5.745866149663925171e-02
4.511889815330505371e-01,6.165092810988426208e-02,-2.399665862321853638e-01,1.161643303930759430e-02,7.056427597999572754e-01,-4.067757129669189453e-01,2.514476887881755829e-02,7.761451601982116699e-01,1.737396717071533203e-01,3.014118075370788574e-01,-1.794107705354690552e-01,-5.796313285827636719e-01,2.118841111660003662e-01,2.459749132394790649e-01,3.667684793472290039e-01,6.734309196472167969e-01,7.475730380974709988e-04,2.149571925401687622e-01,-1.976605802774429321e-01,-3.431485593318939209e-01,-1.016238927841186523e-01,-2.350381948053836823e-02,-9.834727272391319275e-03,-3.574145957827568054e-02,9.469893574714660645e-02,6.303744316101074219e-01,-4.485399127006530762e-01,-7.348049283027648926e-01,5.418420433998107910e-01,-3.506438732147216797e-01,-1.423374265432357788e-01,-4.162515699863433838e-01,-2.176619768142700195e-01,4.637372493743896484e-01,-4.511816799640655518e-02,-5.064783692359924316e-01,5.111863613128662109e-01,4.172908365726470947e-01,-7.319800257682800293e-01,-5.657666921615600586e-01,4.028026759624481201e-01,1.899057882837951183e-03,1.770389527082443237e-01,2.916967272758483887e-01,2.668420076370239258e-01,-1.312915086746215820e-01,-3.354000151157379150e-01,-1.014194563031196594e-01,-1.637682020664215088e-01,-2.208669334650039673e-01,-2.385859787464141846e-01,-6.609202623367309570e-01,2.577129900455474854e-01,1.186418905854225159e-02,-3.205744028091430664e-01,-5.562266111373901367e-01,3.053203225135803223e-01,1.816831156611442566e-02,-1.659935116767883301e-01,1.969131976366043091e-01,2.158469986170530319e-03,-2.011232078075408936e-03,-6.429968401789665222e-03,3.304996788501739502e-01,9.476979076862335205e-02,-1.630676984786987305e-01,-1.361296474933624268e-01,5.613259673118591309e-01,-4.188585281372070312e-01,6.794998049736022949e-01,-6.426692008972167969e-01,-1.895915269851684570e-01,-3.532432392239570618e-02,3.019998371601104736e-01,-2.391680926084518433e-01,-5.262515544891357422e-01,-1.365253934636712074e-03,4.502558410167694092e-01,2.053505182266235352e-01,-3.023281991481781006e-01,3.618890941143035889e-01,1.818967721192166209e-04,-5.563792586326599121e-01,-1.303986553102731705e-02,-6.294212341308593750e-01,-2.466923296451568604e-01,6.909739375114440918e-01,9.167669340968132019e-03,2.261954843997955322e-01,4.886333644390106201e-01,-9.810906648635864258e-02,4.934650957584381104e-01,-3.713627532124519348e-02,-2.440701276063919067e-01,-2.902601957321166992e-01,-4.370664060115814209e-01,2.585951089859008789e-01,-4.891162916464963928e-06,-5.763849616050720215e-01,4.172116518020629883e-01,-6.662592291831970215e-01,7.512261271476745605e-01,-3.127225637435913086e-01,-5.598556399345397949e-01,2.317781150341033936e-01,-1.270719170570373535e-01,1.411705762147903442e-01,-2.422531396150588989e-01,-6.930081248283386230e-01,3.531131893396377563e-02,6.007214076817035675e-03,-2.021502517163753510e-02,-2.281970232725143433e-01,-2.616314888000488281e-01,4.932511150836944580e-01,-3.566250205039978027e-01,7.097207903861999512e-01,4.660597816109657288e-02,-5.392218828201293945e-01,-6.880861520767211914e-02,2.285202294588088989e-01,2.046278566122055054e-01,2.356535494327545166e-01,1.810742616653442383e-01,-3.033220767974853516e-01,1.879065483808517456e-01,-3.812169283628463745e-02,5.044019818305969238e-01
-6.274366378784179688e-02,6.370944529771804810e-02,-5.973548293113708496e-01,5.981107354164123535e-01,2.895380854606628418e-01,-1.157508268952369690e-01,-1.030175387859344482e-01,1.737396717071533203e-01,6.434670090675354004e-01,4.605314135551452637e-01,-8.657701313495635986e-02,-2.864845395088195801e-01,4.104883074760437012e-01,5.855148434638977051e-01,6.282858252525329590e-01,6.134992241859436035e-01,-3.230038797482848167e-03,3.981614410877227783e-01,-6.193194985389709473e-01,-4.408783316612243652e-01,-3.868471086025238037e-01,4.745412468910217285e-01,4.414324164390563965e-01,-2.259045690298080444e-01,1.485755890607833862e-01,5.332134366035461426e-01,-5.675190687179565430e-01,-1.264578551054000854e-01,5.353140234947204590e-01,-7.866562902927398682e-02,-6.505713611841201782e-02,-7.470034956932067871e-01,4.608061313629150391e-01,5.609283447265625000e-01,-1.219439040869474411e-02,-6.354433894157409668e-01,4.902481138706207275e-01,6.667801141738891602e-01,-4.318922460079193115e-01,-4.318666160106658936e-01,6.620417833328247070e-01,1.028131321072578430e-01,5.158361792564392090e-01,2.794577777385711670e-01,-1.370975524187088013e-01,-5.238376259803771973e-01,-6.382731199264526367e-01,-2.003006339073181152e-01,-3.431203588843345642e-02,-1.461298298090696335e-02,-2.444621548056602478e-02,-2.282371744513511658e-02,5.625699758529663086e-01,-1.502207852900028229e-02,-1.010356843471527100e-01,-5.992562174797058105e-01,4.752772748470306396e-01,2.259422279894351959e-02,-5.598233938217163086e-01,-5.610433220863342285e-01,-1.580509357154369354e-02,-1.031039580702781677e-01,2.607136033475399017e-02,1.224994510412216187e-01,1.152110919356346130e-01,-2.463403195142745972e-01,2.304239273071289062e-01,6.089869737625122070e-01,-6.334202885627746582e-01,1.370369791984558105e-01,-5.365245342254638672e-01,-5.785585846751928329e-03,-3.551552891731262207e-01,6.593557000160217285e-01,-4.043778777122497559e-01,-5.853628516197204590e-01,-1.582219614647328854e-03,6.323574781417846680e-01,-3.166090548038482666e-01,-6.525583267211914062e-01,6.634479761123657227e-01,3.935424319934099913e-04,-5.457165837287902832e-01,9.268590249121189117e-03,-5.899030566215515137e-01,-6.435981392860412598e-01,1.576168686151504517e-01,5.291525740176439285e-03,5.779415369033813477e-01,5.651024580001831055e-01,-1.603244990110397339e-01,-2.667534947395324707e-01,-6.474032402038574219e-01,3.320497572422027588e-01,-6.287112832069396973e-01,1.380667835474014282e-01,3.239670395851135254e-01,2.390824192843865603e-06,-4.389815926551818848e-01,4.982366859912872314e-01,-1.573272943496704102e-01,2.020380645990371704e-01,-7.281807065010070801e-01,-6.018216013908386230e-01,7.335686087608337402e-01,5.712025612592697144e-02,-6.664905548095703125e-01,-6.003344058990478516e-01,-1.419938802719116211e-01,-1.994840428233146667e-02,6.110996603965759277e-01,-6.301408410072326660e-01,-6.929866671562194824e-01,7.873490452766418457e-02,6.161665320396423340e-01,-6.459786295890808105e-01,2.534854710102081299e-01,3.957129418849945068e-01,-6.100929975509643555e-01,5.232529640197753906e-01,5.153830051422119141e-01,6.694512963294982910e-01,6.123626828193664551e-01,-4.049222469329833984e-01,-4.219898283481597900e-01,-4.630897343158721924e-01,4.918703809380531311e-03,4.574819207191467285e-01
-8.615694940090179443e-02,6.963954120874404907e-02,-6.170173883438110352e-01,4.663898050785064697e-01,3.769758343696594238e-01,-3.883301839232444763e-02,-1.178788319230079651e-01,3.014118075370788574e-01,4.605314135551452637e-01,5.298609137535095215e-01,1.436239033937454224e-01,-3.254128694534301758e-01,6.038320660591125488e-01,4.847482740879058838e-01,5.821948647499084473e-01,7.071460485458374023e-01,-6.978846620768308640e-03,5.007376670837402344e-01,-5.868944525718688965e-01,-2.966296374797821045e-01,-7.750535011291503906e-02,4.458450078964233398e-01,4.548673331737518311e-01,-3.237058818340301514e-01,1.051749885082244873e-01,6.256466507911682129e-01,-5.695296525955200195e-01,-2.978847026824951172e-01,6.754893064498901367e-01,-2.245780974626541138e-01,5.662665888667106628e-02,-6.429426074028015137e-01,2.695082128047943115e-01,4.730800986289978027e-01,-2.627455443143844604e-02,-7.136138677597045898e-01,5.485888123512268066e-01,6.328432559967041016e-01,-6.456686258316040039e-01,-3.141251504421234131e-01,5.363419055938720703e-01,-9.332066774368286133e-02,5.806484222412109375e-01,3.496424257755279541e-01,1.074244007468223572e-01,-6.035935282707214355e-01,-5.623831748962402344e-01,-2.486884742975234985e-01,-2.871986925601959229e-01,1.720507279969751835e-03,6.079215928912162781e-02,-2.325321882963180542e-01,3.249660730361938477e-01,6.422717124223709106e-02,-3.327142894268035889e-01,-6.651188135147094727e-01,2.642281651496887207e-01,2.257484942674636841e-02,-5.926515460014343262e-01,-3.667443394660949707e-01,1.005370393395423889e-01,-3.009187579154968262e-01,1.449116040021181107e-02,1.102455556392669678e-01,-7.151618483476340771e-04,-2.161229401826858521e-01,4.034189581871032715e-01,6.943714618682861328e-01,-6.011666059494018555e-01,2.864005863666534424e-01,-5.716869235038757324e-01,-3.389283418655395508e-01,-8.466202020645141602e-02,6.292566657066345215e-01,-2.177102267742156982e-01,-6.197707653045654297e-01,-2.794758882373571396e-03,6.686438918113708496e-01,-1.088400334119796753e-01,-5.860682725906372070e-01,5.601047873497009277e-01,3.444938920438289642e-04,-5.401639938354492188e-01,-1.321659190580248833e-03,-6.016696691513061523e-01,-6.043406128883361816e-01,3.025220632553100586e-01,7.920490577816963196e-03,6.033141016960144043e-01,5.221626758575439453e-01,-2.864037081599235535e-02,-1.203601956367492676e-01,-5.200029611587524414e-01,1.553817838430404663e-01,-5.591047406196594238e-01,4.982504621148109436e-02,4.755006730556488037e-01,3.005078497153590433e-06,-5.298690199851989746e-01,5.714854001998901367e-01,-1.832800954580307007e-01,3.431830406188964844e-01,-6.256848573684692383e-01,-6.456329822540283203e-01,6.726924180984497070e-01,-2.255349308252334595e-01,-4.826218187808990479e-01,-6.852587461471557617e-01,-2.180311530828475952e-01,-1.423508656444028020e-04,3.798496723175048828e-01,-5.183534622192382812e-01,-6.070411801338195801e-01,-1.898124963045120239e-01,6.357834935188293457e-01,-5.556293129920959473e-01,4.051015079021453857e-01,4.600879549980163574e-01,-6.470228433609008789e-01,3.678997755050659180e-01,6.295698285102844238e-01,4.794448614120483398e-01,4.563914239406585693e-01,-4.123546779155731201e-01,-2.650716304779052734e-01,-2.926768064498901367e-01,-5.363142862915992737e-02,4.708306491374969482e-01
-3.724259436130523682e-01,7.732762955129146576e-03,-1.402012854814529419e-01,1.657229848206043243e-03,-1.615436077117919922e-01,3.069037795066833496e-01,-1.456826329231262207e-01,-1.794107705354690552e-01,-8.657701313495635986e-02,1.436239033937454224e-01,5.835504531860351562e-01,8.941251784563064575e-02,4.093215465545654297e-01,-2.083565667271614075e-02,-2.404302358627319336e-02,1.123274769634008408e-02,-8.688503876328468323e-03,2.494501769542694092e-01,-4.718672856688499451e-02,2.882698178291320801e-01,4.656561315059661865e-01,2.163881063461303711e-01,2.261688709259033203e-01,-2.818986475467681885e-01,-6.410617381334304810e-02,3.028125688433647156e-02,4.439590964466333389e-03,6.677693128585815430e-02,1.348049640655517578e-01,-7.685104012489318848e-02,2.662799358367919922e-01,1.250677108764648438e-01,-7.455077767372131348e-02,-2.110963612794876099e-01,-9.432282298803329468e-03,-1.202688217163085938e-01,3.685727715492248535e-02,-4.541088640689849854e-02,-1.150613203644752502e-01,3.996627926826477051e-01,-1.884363442659378052e-01,-3.608562052249908447e-01,2.505399584770202637e-01,9.372030943632125854e-02,3.073473572731018066e-01,-3.308756053447723389e-01,8.424142003059387207e-02,-1.297414302825927734e-01,-4.285992980003356934e-01,7.958176732063293457e-02,2.693656980991363525e-01,3.773896896746009588e-04,-3.754394650459289551e-01,1.125202924013137817e-01,-3.028597235679626465e-01,-1.643698103725910187e-02,-3.313337564468383789e-01,1.201553503051400185e-03,-1.849101632833480835e-01,-7.812758907675743103e-03,2.411650419235229492e-01,-4.236388206481933594e-01,-7.107300683856010437e-03,-2.125098258256912231e-01,-2.311746925115585327e-01,3.005746006965637207e-02,5.182349681854248047e-01,5.757089331746101379e-02,-4.497803747653961182e-03,-7.433401793241500854e-02,1.327971369028091431e-01,-5.537366867065429688e-01,3.408299982547760010e-01,6.863681972026824951e-02,3.624450266361236572e-01,4.197206720709800720e-02,-2.663362538442015648e-03,6.187276914715766907e-02,1.377758681774139404e-01,1.279109041206538677e-03,-1.505448669195175171e-01,8.626397175248712301e-06,1.117607951164245605e-01,-6.354141514748334885e-03,1.499226540327072144e-01,-8.740536123514175415e-02,-7.881405949592590332e-02,2.649095840752124786e-03,1.895383149385452271e-01,-1.152271926403045654e-01,2.852691709995269775e-01,-1.028567850589752197e-01,-2.519634738564491272e-02,-2.312391623854637146e-02,5.656114965677261353e-02,1.877909451723098755e-01,2.280743122100830078e-01,9.132264494837727398e-06,-4.238464310765266418e-02,8.144939690828323364e-02,3.023738265037536621e-01,-1.059105321764945984e-01,6.905674934387207031e-02,1.429558638483285904e-02,1.765405014157295227e-02,-5.026860833168029785e-01,1.471051760017871857e-02,-2.801951766014099121e-01,1.930401623249053955e-01,7.169574964791536331e-03,-9.048505872488021851e-02,-2.474096789956092834e-02,-5.068061407655477524e-03,-3.452430069446563721e-01,-2.551630511879920959e-02,1.024217084050178528e-01,-8.763959631323814392e-03,2.777486741542816162e-01,3.083971887826919556e-02,-1.608623564243316650e-02,2.723363041877746582e-01,-1.909793913364410400e-01,-1.524174958467483521e-01,-3.030121922492980957e-01,2.658530473709106445e-01,-8.779193274676799774e-03,-6.106312945485115051e-02,-7.421980798244476318e-02
-2.358484715223312378e-01,-5.355545505881309509e-02,3.399837315082550049e-01,-1.728619933128356934e-01,-5.380698442459106445e-01,2.631824612617492676e-01,1.746776886284351349e-02,-5.796313285827636719e-01,-2.864845395088195801e-01,-3.254128694534301758e-01,8.941251784563064575e-02,4.636886119842529297e-01,-2.747285962104797363e-01,-3.488816916942596436e-01,-4.526757299900054932e-01,-7.017965912818908691e-01,3.294907219242304564e-04,-2.364416122436523438e-01,2.973686456680297852e-01,3.586995601654052734e-01,1.541541516780853271e-01,-1.349737346172332764e-01,-1.250509768724441528e-01,9.801835566759109497e-02,-1.011445745825767517e-01,-6.099927425384521484e-01,5.119245052337646484e-01,5.414481759071350098e-01,-5.708399415016174316e-01,2.525869011878967285e-01,9.518595784902572632e-02,5.451695322990417480e-01,5.980431288480758667e-02,-5.063305497169494629e-01,3.485484793782234192e-02,5.792521834373474121e-01,-4.826412796974182129e-01,-4.840658605098724365e-01,6.868778467178344727e-01,4.946018755435943604e-01,-4.401325285434722900e-01,-4.397538490593433380e-03,-2.744491994380950928e-01,-2.707976102828979492e-01,-1.772865056991577148e-01,2.842102348804473877e-01,4.053758680820465088e-01,1.013061702251434326e-01,1.367711573839187622e-01,1.966095566749572754e-01,1.624295413494110107e-01,4.778052270412445068e-01,-3.018599748611450195e-01,-8.179187774658203125e-03,2.535840272903442383e-01,5.934505462646484375e-01,-3.227605819702148438e-01,-1.812872663140296936e-02,2.563525438308715820e-01,6.234474945813417435e-03,-1.379143819212913513e-02,2.717774920165538788e-02,-2.113855443894863129e-03,-2.148441523313522339e-01,-5.780164152383804321e-02,1.702561080455780029e-01,1.576073653995990753e-02,-5.915640592575073242e-01,4.854549169540405273e-01,-4.898103475570678711e-01,6.020851135253906250e-01,2.089232951402664185e-01,1.153629496693611145e-01,-4.103906452655792236e-01,1.960562318563461304e-01,5.205526947975158691e-01,1.490850467234849930e-03,-5.348504185676574707e-01,-7.856379449367523193e-02,4.012727737426757812e-01,-4.331837892532348633e-01,-2.411263994872570038e-04,5.491002202033996582e-01,6.917574442923069000e-03,5.983632206916809082e-01,3.768490254878997803e-01,-5.077803134918212891e-01,-7.599700242280960083e-03,-3.336716294288635254e-01,-4.952998161315917969e-01,6.794834882020950317e-02,-2.795403003692626953e-01,1.952272504568099976e-01,5.153271555900573730e-02,3.463946580886840820e-01,2.285529524087905884e-01,-2.357999384403228760e-01,1.963362592505291104e-06,5.296758413314819336e-01,-3.939838409423828125e-01,5.032527446746826172e-01,-5.924902558326721191e-01,4.349514842033386230e-01,5.767921209335327148e-01,-3.781283497810363770e-01,1.063103452324867249e-01,6.469641625881195068e-02,3.539358675479888916e-01,4.853206872940063477e-01,-1.726681366562843323e-02,-1.972568482160568237e-01,2.028532475233078003e-01,3.544183075428009033e-01,1.343403905630111694e-01,-5.340088605880737305e-01,4.197813272476196289e-01,-5.764166712760925293e-01,-1.462313532829284668e-01,5.549319982528686523e-01,-8.584667742252349854e-02,-3.044576644897460938e-01,-3.099726140499114990e-01,-3.303655683994293213e-01,-1.238911692053079605e-02,3.494219779968261719e-01,1.136790867894887924e-02,1.297087222337722778e-02,-4.492713510990142822e-01
