9.999982714653015137e-01,-9.999985098838806152e-01,-9.999943971633911133e-01,9.999971985816955566e-01,9.999988079071044922e-01,-9.999986290931701660e-01,9.999947547912597656e-01,9.999990463256835938e-01,-9.999940991401672363e-01,9.999983906745910645e-01,-9.999988079071044922e-01,-9.999989271163940430e-01,9.999979138374328613e-01,9.999984502792358398e-01,9.999949932098388672e-01,9.999938011169433594e-01,9.999974370002746582e-01,-9.999976158142089844e-01,9.999920725822448730e-01,-9.999992251396179199e-01,-9.999988675117492676e-01,9.999940395355224609e-01,9.999985098838806152e-01,9.999974370002746582e-01,9.999886751174926758e-01,9.999989271163940430e-01,-9.999980926513671875e-01,-9.999988079071044922e-01,9.999912977218627930e-01,-9.999966621398925781e-01,-9.999907016754150391e-01,-9.999980330467224121e-01,9.999833106994628906e-01,9.999948143959045410e-01,-9.999980330467224121e-01,9.999651908874511719e-01,9.999989271163940430e-01,9.999984502792358398e-01,9.999848008155822754e-01,-9.999988079071044922e-01,9.999986886978149414e-01,9.999868869781494141e-01,9.999834895133972168e-01,9.999989867210388184e-01,9.999981522560119629e-01,9.999979138374328613e-01,-9.999930262565612793e-01,9.999986290931701660e-01,9.999986290931701660e-01,-9.999983906745910645e-01,-9.999988079071044922e-01,-9.999986290931701660e-01,-9.999986886978149414e-01,-9.999930858612060547e-01,-9.999985098838806152e-01,-9.999980330467224121e-01,-9.999701380729675293e-01,9.999923110008239746e-01,9.999947547912597656e-01,9.999980926513671875e-01,-9.999983310699462891e-01,9.999988675117492676e-01,9.999982118606567383e-01,9.999954700469970703e-01,-9.999939203262329102e-01,-9.999988079071044922e-01,-9.999990463256835938e-01,-9.999955296516418457e-01,-9.999989271163940430e-01,9.999981522560119629e-01,-9.999987483024597168e-01,9.999963045120239258e-01,-9.999896883964538574e-01,-9.999935626983642578e-01,-9.999846220016479492e-01,-9.999983906745910645e-01,9.999905824661254883e-01,9.999986886978149414e-01,-9.999938607215881348e-01,-9.999952912330627441e-01,9.999902248382568359e-01,9.999975562095642090e-01,-9.999988675117492676e-01,9.999980926513671875e-01,-9.999982714653015137e-01,-9.999845623970031738e-01,9.991112947463989258e-01,9.999988675117492676e-01,9.999917149543762207e-01,9.999861717224121094e-01,-9.999936819076538086e-01,9.999983310699462891e-01,-9.999858736991882324e-01,-9.999973177909851074e-01,9.999975562095642090e-01,-9.999977946281433105e-01,-9.999871850013732910e-01,9.999990463256835938e-01,-9.999987483024597168e-01,9.999971985816955566e-01,-9.999966621398925781e-01,9.999988079071044922e-01,9.999329447746276855e-01,9.999549984931945801e-01,9.999986886978149414e-01,9.999960064888000488e-01,-9.999814033508300781e-01,-9.999984502792358398e-01,-9.999939203262329102e-01,9.999983906745910645e-01,-9.999984502792358398e-01,9.999975562095642090e-01,-9.999982118606567383e-01,-9.998795986175537109e-01,9.999989867210388184e-01,-9.999968409538269043e-01,9.999989271163940430e-01,-9.999979138374328613e-01,-9.999953508377075195e-01,-9.999966025352478027e-01,-9.999985098838806152e-01,9.999967813491821289e-01,9.999976158142089844e-01,-9.999970197677612305e-01,-9.999911785125732422e-01,-9.999945759773254395e-01,9.999759793281555176e-01,-9.999914169311523438e-01
-9.999985098838806152e-01,9.999987483024597168e-01,9.999952912330627441e-01,-9.999976754188537598e-01,-9.999989867210388184e-01,9.999988675117492676e-01,-9.999955892562866211e-01,-9.999992251396179199e-01,9.999950528144836426e-01,-9.999986886978149414e-01,9.999989867210388184e-01,9.999989867210388184e-01,-9.999982714653015137e-01,-9.999986290931701660e-01,-9.999957680702209473e-01,-9.999948143959045410e-01,-9.999978542327880859e-01,9.999980926513671875e-01,-9.999933242797851562e-01,9.999992251396179199e-01,9.999991059303283691e-01,-9.999949932098388672e-01,-9.999987483024597168e-01,-9.999977946281433105e-01,-9.999904632568359375e-01,-9.999992251396179199e-01,9.999983906745910645e-01,9.999989867210388184e-01,-9.999927282333374023e-01,9.999971389770507812e-01,9.999921917915344238e-01,9.999983310699462891e-01,-9.999859333038330078e-01,-9.999955892562866211e-01,9.999982714653015137e-01,-9.999708533287048340e-01,-9.999990463256835938e-01,-9.999986886978149414e-01,-9.999872446060180664e-01,9.999990463256835938e-01,-9.999988079071044922e-01,-9.999889135360717773e-01,-9.999861717224121094e-01,-9.999991059303283691e-01,-9.999984502792358398e-01,-9.999982714653015137e-01,9.999941587448120117e-01,-9.999988079071044922e-01,-9.999989271163940430e-01,9.999986886978149414e-01,9.999989867210388184e-01,9.999987483024597168e-01,9.999988675117492676e-01,9.999942183494567871e-01,9.999987483024597168e-01,9.999983310699462891e-01,9.999749660491943359e-01,-9.999935626983642578e-01,-9.999955892562866211e-01,-9.999985098838806152e-01,9.999986886978149414e-01,-9.999991059303283691e-01,-9.999986290931701660e-01,-9.999960660934448242e-01,9.999948740005493164e-01,9.999989271163940430e-01,9.999992251396179199e-01,9.999962449073791504e-01,9.999991655349731445e-01,-9.999984502792358398e-01,9.999989867210388184e-01,-9.999969005584716797e-01,9.999913573265075684e-01,9.999946355819702148e-01,9.999871253967285156e-01,9.999986290931701660e-01,-9.999920725822448730e-01,-9.999989271163940430e-01,9.999948740005493164e-01,9.999960064888000488e-01,-9.999917745590209961e-01,-9.999978542327880859e-01,9.999989867210388184e-01,-9.999984502792358398e-01,9.999984502792358398e-01,9.999869465827941895e-01,-9.992543458938598633e-01,-9.999991059303283691e-01,-9.999930858612060547e-01,-9.999884366989135742e-01,9.999946355819702148e-01,-9.999985694885253906e-01,9.999881386756896973e-01,9.999977350234985352e-01,-9.999979138374328613e-01,9.999980330467224121e-01,9.999892115592956543e-01,-9.999991655349731445e-01,9.999989271163940430e-01,-9.999976754188537598e-01,9.999971985816955566e-01,-9.999989867210388184e-01,-9.999437332153320312e-01,-9.999622702598571777e-01,-9.999988675117492676e-01,-9.999964833259582520e-01,9.999843835830688477e-01,9.999985694885253906e-01,9.999949336051940918e-01,-9.999987483024597168e-01,9.999986886978149414e-01,-9.999979734420776367e-01,9.999985098838806152e-01,9.998990297317504883e-01,-9.999991655349731445e-01,9.999973177909851074e-01,-9.999990463256835938e-01,9.999983310699462891e-01,9.999959468841552734e-01,9.999971389770507812e-01,9.999986886978149414e-01,-9.999971985816955566e-01,-9.999980926513671875e-01,9.999973773956298828e-01,9.999925494194030762e-01,9.999954700469970703e-01,-9.999797940254211426e-01,9.999927878379821777e-01
-9.999943971633911133e-01,9.999952912330627441e-01,9.999812245368957520e-01,-9.999909996986389160e-01,-9.999961256980895996e-01,9.999958276748657227e-01,-9.999826550483703613e-01,-9.999966621398925781e-01,9.999804496765136719e-01,-9.999948143959045410e-01,9.999959468841552734e-01,9.999963641166687012e-01,-9.999930858612060547e-01,-9.999948143959045410e-01,-9.999833703041076660e-01,-9.999796152114868164e-01,-9.999914765357971191e-01,9.999924898147583008e-01,-9.999735355377197266e-01,9.999968409538269043e-01,9.999964237213134766e-01,-9.999802112579345703e-01,-9.999953508377075195e-01,-9.999913573265075684e-01,-9.999625086784362793e-01,-9.999962449073791504e-01,9.999938607215881348e-01,9.999960064888000488e-01,-9.999712109565734863e-01,9.999889135360717773e-01,9.999694228172302246e-01,9.999935626983642578e-01,-9.999445080757141113e-01,-9.999828338623046875e-01,9.999934434890747070e-01,-9.998849034309387207e-01,-9.999964833259582520e-01,-9.999949932098388672e-01,-9.999496340751647949e-01,9.999961256980895996e-01,-9.999954700469970703e-01,-9.999561905860900879e-01,-9.999454617500305176e-01,-9.999963641166687012e-01,-9.999940991401672363e-01,-9.999933838844299316e-01,9.999769926071166992e-01,-9.999955296516418457e-01,-9.999956488609313965e-01,9.999949336051940918e-01,9.999960064888000488e-01,9.999952316284179688e-01,9.999958872795104980e-01,9.999771714210510254e-01,9.999952316284179688e-01,9.999936819076538086e-01,9.999011158943176270e-01,-9.999746084213256836e-01,-9.999826550483703613e-01,-9.999940991401672363e-01,9.999946951866149902e-01,-9.999962449073791504e-01,-9.999945759773254395e-01,-9.999848604202270508e-01,9.999798536300659180e-01,9.999960660934448242e-01,9.999968409538269043e-01,9.999852776527404785e-01,9.999966025352478027e-01,-9.999942779541015625e-01,9.999960660934448242e-01,-9.999879598617553711e-01,9.999658465385437012e-01,9.999787211418151855e-01,9.999492168426513672e-01,9.999946951866149902e-01,-9.999687671661376953e-01,-9.999958276748657227e-01,9.999797940254211426e-01,9.999841451644897461e-01,-9.999673366546630859e-01,-9.999920129776000977e-01,9.999959468841552734e-01,-9.999939799308776855e-01,9.999943375587463379e-01,9.999489188194274902e-01,-9.970660209655761719e-01,-9.999963641166687012e-01,-9.999727010726928711e-01,-9.999542236328125000e-01,9.999791383743286133e-01,-9.999945759773254395e-01,9.999533295631408691e-01,9.999911189079284668e-01,-9.999917745590209961e-01,9.999927878379821777e-01,9.999575614929199219e-01,-9.999966621398925781e-01,9.999959468841552734e-01,-9.999908804893493652e-01,9.999892115592956543e-01,-9.999961853027343750e-01,-9.997780323028564453e-01,-9.998511075973510742e-01,-9.999955892562866211e-01,-9.999867081642150879e-01,9.999383091926574707e-01,9.999948740005493164e-01,9.999799728393554688e-01,-9.999951124191284180e-01,9.999952316284179688e-01,-9.999919533729553223e-01,9.999942183494567871e-01,9.996019601821899414e-01,-9.999967217445373535e-01,9.999896883964538574e-01,-9.999965429306030273e-01,9.999931454658508301e-01,9.999844431877136230e-01,9.999890923500061035e-01,9.999949336051940918e-01,-9.999891519546508789e-01,-9.999923110008239746e-01,9.999899268150329590e-01,9.999707341194152832e-01,9.999821782112121582e-01,-9.999204277992248535e-01,9.999716877937316895e-01
9.999971985816955566e-01,-9.999976754188537598e-01,-9.999909996986389160e-01,9.999956488609313965e-01,9.999981522560119629e-01,-9.999979734420776367e-01,9.999916553497314453e-01,9.999983906745910645e-01,-9.999905824661254883e-01,9.999974370002746582e-01,-9.999979734420776367e-01,-9.999982118606567383e-01,9.999965429306030273e-01,9.999974966049194336e-01,9.999918937683105469e-01,9.999901652336120605e-01,9.999958872795104980e-01,-9.999963045120239258e-01,9.999872446060180664e-01,-9.999984502792358398e-01,-9.999982118606567383e-01,9.999904632568359375e-01,9.999977350234985352e-01,9.999958872795104980e-01,9.999819397926330566e-01,9.999982118606567383e-01,-9.999970197677612305e-01,-9.999980926513671875e-01,9.999861121177673340e-01,-9.999946355819702148e-01,-9.999853372573852539e-01,-9.999968409538269043e-01,9.999732971191406250e-01,9.999916553497314453e-01,-9.999968409538269043e-01,9.999444484710693359e-01,9.999982118606567383e-01,9.999975562095642090e-01,9.999757409095764160e-01,-9.999980926513671875e-01,9.999977946281433105e-01,9.999788999557495117e-01,9.999737739562988281e-01,9.999982118606567383e-01,9.999971389770507812e-01,9.999966025352478027e-01,-9.999888539314270020e-01,9.999977946281433105e-01,9.999978542327880859e-01,-9.999974966049194336e-01,-9.999980330467224121e-01,-9.999976158142089844e-01,-9.999978542327880859e-01,-9.999890327453613281e-01,-9.999976158142089844e-01,-9.999968409538269043e-01,-9.999523758888244629e-01,9.999877214431762695e-01,9.999916553497314453e-01,9.999970197677612305e-01,-9.999974370002746582e-01,9.999982118606567383e-01,9.999972581863403320e-01,9.999926686286926270e-01,-9.999902844429016113e-01,-9.999980926513671875e-01,-9.999984502792358398e-01,-9.999929070472717285e-01,-9.999983310699462891e-01,9.999971985816955566e-01,-9.999980330467224121e-01,9.999941587448120117e-01,-9.999834895133972168e-01,-9.999897480010986328e-01,-9.999755024909973145e-01,-9.999973773956298828e-01,9.999849200248718262e-01,9.999979734420776367e-01,-9.999902248382568359e-01,-9.999923706054687500e-01,9.999843835830688477e-01,9.999960660934448242e-01,-9.999980330467224121e-01,9.999970197677612305e-01,-9.999971985816955566e-01,-9.999753236770629883e-01,9.985836744308471680e-01,9.999981522560119629e-01,9.999868273735046387e-01,9.999778866767883301e-01,-9.999899268150329590e-01,9.999973177909851074e-01,-9.999775290489196777e-01,-9.999957680702209473e-01,9.999960064888000488e-01,-9.999964833259582520e-01,-9.999794363975524902e-01,9.999984502792358398e-01,-9.999980330467224121e-01,9.999955892562866211e-01,-9.999948143959045410e-01,9.999980926513671875e-01,9.998930096626281738e-01,9.999282360076904297e-01,9.999979138374328613e-01,9.999936223030090332e-01,-9.999703168869018555e-01,-9.999974370002746582e-01,-9.999903440475463867e-01,9.999975562095642090e-01,-9.999976158142089844e-01,9.999960064888000488e-01,-9.999971389770507812e-01,-9.998081326484680176e-01,9.999983906745910645e-01,-9.999949932098388672e-01,9.999982118606567383e-01,-9.999966621398925781e-01,-9.999925494194030762e-01,-9.999946951866149902e-01,-9.999974966049194336e-01,9.999947547912597656e-01,9.999961853027343750e-01,-9.999951124191284180e-01,-9.999859333038330078e-01,-9.999913573265075684e-01,9.999616146087646484e-01,-9.999862909317016602e-01
9.999988079071044922e-01,-9.999989867210388184e-01,-9.999961256980895996e-01,9.999981522560119629e-01,9.999991655349731445e-01,-9.999991059303283691e-01,9.999963045120239258e-01,9.999992847442626953e-01,-9.999959468841552734e-01,9.999988675117492676e-01,-9.999992251396179199e-01,-9.999992847442626953e-01,9.999985694885253906e-01,9.999989271163940430e-01,9.999964833259582520e-01,9.999958276748657227e-01,9.999982118606567383e-01,-9.999983310699462891e-01,9.999946355819702148e-01,-9.999993443489074707e-01,-9.999992847442626953e-01,9.999958872795104980e-01,9.999991059303283691e-01,9.999980926513671875e-01,9.999923706054687500e-01,9.999992847442626953e-01,-9.999987483024597168e-01,-9.999992251396179199e-01,9.999941587448120117e-01,-9.999976158142089844e-01,-9.999936819076538086e-01,-9.999985694885253906e-01,9.999886751174926758e-01,9.999963641166687012e-01,-9.999986290931701660e-01,9.999766945838928223e-01,9.999992251396179199e-01,9.999989271163940430e-01,9.999898076057434082e-01,-9.999991655349731445e-01,9.999991059303283691e-01,9.999910593032836914e-01,9.999889135360717773e-01,9.999992251396179199e-01,9.999986886978149414e-01,9.999985098838806152e-01,-9.999953508377075195e-01,9.999991059303283691e-01,9.999991655349731445e-01,-9.999989271163940430e-01,-9.999992251396179199e-01,-9.999990463256835938e-01,-9.999991059303283691e-01,-9.999953508377075195e-01,-9.999990463256835938e-01,-9.999986886978149414e-01,-9.999799728393554688e-01,9.999948143959045410e-01,9.999964237213134766e-01,9.999986886978149414e-01,-9.999988675117492676e-01,9.999992847442626953e-01,9.999988079071044922e-01,9.999967813491821289e-01,-9.999958276748657227e-01,-9.999991655349731445e-01,-9.999992847442626953e-01,-9.999969601631164551e-01,-9.999992251396179199e-01,9.999987483024597168e-01,-9.999992251396179199e-01,9.999974966049194336e-01,-9.999930858612060547e-01,-9.999956488609313965e-01,-9.999896883964538574e-01,-9.999989271163940430e-01,9.999936819076538086e-01,9.999990463256835938e-01,-9.999958276748657227e-01,-9.999966621398925781e-01,9.999933838844299316e-01,9.999982714653015137e-01,-9.999991059303283691e-01,9.999987483024597168e-01,-9.999988079071044922e-01,-9.999895691871643066e-01,9.994037151336669922e-01,9.999992251396179199e-01,9.999943971633911133e-01,9.999906420707702637e-01,-9.999956488609313965e-01,9.999988079071044922e-01,-9.999905228614807129e-01,-9.999981522560119629e-01,9.999982714653015137e-01,-9.999984502792358398e-01,-9.999912977218627930e-01,9.999993443489074707e-01,-9.999991059303283691e-01,9.999981522560119629e-01,-9.999977350234985352e-01,9.999991655349731445e-01,9.999549388885498047e-01,9.999697208404541016e-01,9.999991655349731445e-01,9.999971985816955566e-01,-9.999874830245971680e-01,-9.999988675117492676e-01,-9.999958872795104980e-01,9.999989271163940430e-01,-9.999990463256835938e-01,9.999983310699462891e-01,-9.999988079071044922e-01,-9.999191761016845703e-01,9.999993443489074707e-01,-9.999977946281433105e-01,9.999993443489074707e-01,-9.999985694885253906e-01,-9.999967813491821289e-01,-9.999977350234985352e-01,-9.999989271163940430e-01,9.999977350234985352e-01,9.999983906745910645e-01,-9.999979138374328613e-01,-9.999941587448120117e-01,-9.999963045120239258e-01,9.999838471412658691e-01,-9.999941587448120117e-01
-9.999986290931701660e-01,9.999988675117492676e-01,9.999958276748657227e-01,-9.999979734420776367e-01,-9.999991059303283691e-01,9.999989867210388184e-01,-9.999961256980895996e-01,-9.999992251396179199e-01,9.999957084655761719e-01,-9.999986886978149414e-01,9.999991655349731445e-01,9.999991059303283691e-01,-9.999984502792358398e-01,-9.999987483024597168e-01,-9.999961853027343750e-01,-9.999954700469970703e-01,-9.999980926513671875e-01,9.999982118606567383e-01,-9.999941587448120117e-01,9.999992847442626953e-01,9.999992251396179199e-01,-9.999955892562866211e-01,-9.999988675117492676e-01,-9.999980330467224121e-01,-9.999916553497314453e-01,-9.999992251396179199e-01,9.999985694885253906e-01,9.999991655349731445e-01,-9.999936223030090332e-01,9.999974966049194336e-01,9.999932050704956055e-01,9.999984502792358398e-01,-9.999877810478210449e-01,-9.999960660934448242e-01,9.999985098838806152e-01,-9.999745488166809082e-01,-9.999992847442626953e-01,-9.999988079071044922e-01,-9.999887943267822266e-01,9.999991655349731445e-01,-9.999989867210388184e-01,-9.999903440475463867e-01,-9.999879002571105957e-01,-9.999992251396179199e-01,-9.999986290931701660e-01,-9.999983906745910645e-01,9.999949336051940918e-01,-9.999989867210388184e-01,-9.999989271163940430e-01,9.999988079071044922e-01,9.999991655349731445e-01,9.999989271163940430e-01,9.999990463256835938e-01,9.999949336051940918e-01,9.999989271163940430e-01,9.999984502792358398e-01,9.999781847000122070e-01,-9.999943971633911133e-01,-9.999960064888000488e-01,-9.999986290931701660e-01,9.999988079071044922e-01,-9.999991059303283691e-01,-9.999986886978149414e-01,-9.999966025352478027e-01,9.999954700469970703e-01,9.999991059303283691e-01,9.999993443489074707e-01,9.999966025352478027e-01,9.999992847442626953e-01,-9.999986290931701660e-01,9.999991655349731445e-01,-9.999972581863403320e-01,9.999924898147583008e-01,9.999952316284179688e-01,9.999887943267822266e-01,9.999988079071044922e-01,-9.999930858612060547e-01,-9.999991059303283691e-01,9.999955296516418457e-01,9.999964237213134766e-01,-9.999927878379821777e-01,-9.999980926513671875e-01,9.999991655349731445e-01,-9.999986290931701660e-01,9.999987483024597168e-01,9.999886751174926758e-01,-9.993513822555541992e-01,-9.999992251396179199e-01,-9.999939203262329102e-01,-9.999899268150329590e-01,9.999953508377075195e-01,-9.999987483024597168e-01,9.999896883964538574e-01,9.999979734420776367e-01,-9.999981522560119629e-01,9.999982714653015137e-01,9.999905824661254883e-01,-9.999992847442626953e-01,9.999991655349731445e-01,-9.999979138374328613e-01,9.999976158142089844e-01,-9.999991059303283691e-01,-9.999510049819946289e-01,-9.999670982360839844e-01,-9.999990463256835938e-01,-9.999969601631164551e-01,9.999862909317016602e-01,9.999988079071044922e-01,9.999955296516418457e-01,-9.999988675117492676e-01,9.999988675117492676e-01,-9.999981522560119629e-01,9.999986886978149414e-01,9.999120831489562988e-01,-9.999992251396179199e-01,9.999975562095642090e-01,-9.999991655349731445e-01,9.999984502792358398e-01,9.999964833259582520e-01,9.999974370002746582e-01,9.999988675117492676e-01,-9.999975562095642090e-01,-9.999982714653015137e-01,9.999977350234985352e-01,9.999935030937194824e-01,9.999958872795104980e-01,-9.999824166297912598e-01,9.999937415122985840e-01
9.999947547912597656e-01,-9.999955892562866211e-01,-9.999826550483703613e-01,9.999916553497314453e-01,9.999963045120239258e-01,-9.999961256980895996e-01,9.999839067459106445e-01,9.999969601631164551e-01,-9.999819397926330566e-01,9.999951124191284180e-01,-9.999961853027343750e-01,-9.999965429306030273e-01,9.999935030937194824e-01,9.999951124191284180e-01,9.999846816062927246e-01,9.999811649322509766e-01,9.999921917915344238e-01,-9.999929666519165039e-01,9.999756217002868652e-01,-9.999970793724060059e-01,-9.999966025352478027e-01,9.999817013740539551e-01,9.999957084655761719e-01,9.999920129776000977e-01,9.999653697013854980e-01,9.999965429306030273e-01,-9.999943375587463379e-01,-9.999963045120239258e-01,9.999733567237854004e-01,-9.999896883964538574e-01,-9.999715685844421387e-01,-9.999939799308776855e-01,9.999487996101379395e-01,9.999842047691345215e-01,-9.999938607215881348e-01,9.998937845230102539e-01,9.999966621398925781e-01,9.999954104423522949e-01,9.999534487724304199e-01,-9.999964237213134766e-01,9.999957084655761719e-01,9.999594688415527344e-01,9.999496340751647949e-01,9.999966025352478027e-01,9.999944567680358887e-01,9.999936819076538086e-01,-9.999787211418151855e-01,9.999958276748657227e-01,9.999959468841552734e-01,-9.999952316284179688e-01,-9.999961853027343750e-01,-9.999955296516418457e-01,-9.999961853027343750e-01,-9.999788999557495117e-01,-9.999955296516418457e-01,-9.999939799308776855e-01,-9.999088644981384277e-01,9.999765753746032715e-01,9.999839067459106445e-01,9.999944567680358887e-01,-9.999950528144836426e-01,9.999964833259582520e-01,9.999949932098388672e-01,9.999859333038330078e-01,-9.999814033508300781e-01,-9.999962449073791504e-01,-9.999970197677612305e-01,-9.999864697456359863e-01,-9.999967813491821289e-01,9.999946355819702148e-01,-9.999962449073791504e-01,9.999887943267822266e-01,-9.999685883522033691e-01,-9.999802708625793457e-01,-9.999530911445617676e-01,-9.999951124191284180e-01,9.999712109565734863e-01,9.999960064888000488e-01,-9.999813437461853027e-01,-9.999853372573852539e-01,9.999700188636779785e-01,9.999924898147583008e-01,-9.999962449073791504e-01,9.999943375587463379e-01,-9.999947547912597656e-01,-9.999528527259826660e-01,9.972944259643554688e-01,9.999966025352478027e-01,9.999747276306152344e-01,9.999577403068542480e-01,-9.999806880950927734e-01,9.999949336051940918e-01,-9.999569058418273926e-01,-9.999917149543762207e-01,9.999923110008239746e-01,-9.999933838844299316e-01,-9.999607801437377930e-01,9.999968409538269043e-01,-9.999961853027343750e-01,9.999915361404418945e-01,-9.999900460243225098e-01,9.999964237213134766e-01,9.997952580451965332e-01,9.998626708984375000e-01,9.999958872795104980e-01,9.999876618385314941e-01,-9.999430775642395020e-01,-9.999951124191284180e-01,-9.999814629554748535e-01,9.999953508377075195e-01,-9.999955296516418457e-01,9.999924898147583008e-01,-9.999945759773254395e-01,-9.996330142021179199e-01,9.999969005584716797e-01,-9.999904036521911621e-01,9.999967813491821289e-01,-9.999936819076538086e-01,-9.999855160713195801e-01,-9.999898672103881836e-01,-9.999952912330627441e-01,9.999899268150329590e-01,9.999927878379821777e-01,-9.999907016754150391e-01,-9.999728798866271973e-01,-9.999834895133972168e-01,9.999265670776367188e-01,-9.999738335609436035e-01
9.999990463256835938e-01,-9.999992251396179199e-01,-9.999966621398925781e-01,9.999983906745910645e-01,9.999992847442626953e-01,-9.999992251396179199e-01,9.999969601631164551e-01,9.999994039535522461e-01,-9.999965429306030273e-01,9.999990463256835938e-01,-9.999993443489074707e-01,-9.999992847442626953e-01,9.999987483024597168e-01,9.999991059303283691e-01,9.999970793724060059e-01,9.999964237213134766e-01,9.999985098838806152e-01,-9.999986290931701660e-01,9.999954104423522949e-01,-9.999994039535522461e-01,-9.999993443489074707e-01,9.999964237213134766e-01,9.999991059303283691e-01,9.999984502792358398e-01,9.999935030937194824e-01,9.999992847442626953e-01,-9.999988675117492676e-01,-9.999993443489074707e-01,9.999949336051940918e-01,-9.999980330467224121e-01,-9.999946355819702148e-01,-9.999988079071044922e-01,9.999904036521911621e-01,9.999969005584716797e-01,-9.999988079071044922e-01,9.999800324440002441e-01,9.999993443489074707e-01,9.999990463256835938e-01,9.999912381172180176e-01,-9.999992847442626953e-01,9.999992251396179199e-01,9.999923110008239746e-01,9.999905228614807129e-01,9.999994039535522461e-01,9.999988675117492676e-01,9.999987483024597168e-01,-9.999959468841552734e-01,9.999992251396179199e-01,9.999992847442626953e-01,-9.999990463256835938e-01,-9.999992251396179199e-01,-9.999992251396179199e-01,-9.999992251396179199e-01,-9.999960064888000488e-01,-9.999991059303283691e-01,-9.999988675117492676e-01,-9.999828934669494629e-01,9.999955892562866211e-01,9.999968409538269043e-01,9.999988675117492676e-01,-9.999991059303283691e-01,9.999993443489074707e-01,9.999989867210388184e-01,9.999973177909851074e-01,-9.999963641166687012e-01,-9.999992847442626953e-01,-9.999994039535522461e-01,-9.999974370002746582e-01,-9.999994039535522461e-01,9.999990463256835938e-01,-9.999993443489074707e-01,9.999977946281433105e-01,-9.999940991401672363e-01,-9.999961256980895996e-01,-9.999911785125732422e-01,-9.999991059303283691e-01,9.999945163726806641e-01,9.999992251396179199e-01,-9.999963641166687012e-01,-9.999971985816955566e-01,9.999943375587463379e-01,9.999985098838806152e-01,-9.999993443489074707e-01,9.999989271163940430e-01,-9.999989271163940430e-01,-9.999911189079284668e-01,9.994908571243286133e-01,9.999993443489074707e-01,9.999952316284179688e-01,9.999920725822448730e-01,-9.999962449073791504e-01,9.999989867210388184e-01,-9.999918937683105469e-01,-9.999984502792358398e-01,9.999986290931701660e-01,-9.999986886978149414e-01,-9.999925494194030762e-01,9.999994635581970215e-01,-9.999993443489074707e-01,9.999983310699462891e-01,-9.999980926513671875e-01,9.999992847442626953e-01,9.999616146087646484e-01,9.999742507934570312e-01,9.999992847442626953e-01,9.999976158142089844e-01,-9.999892711639404297e-01,-9.999990463256835938e-01,-9.999963641166687012e-01,9.999991059303283691e-01,-9.999991059303283691e-01,9.999985694885253906e-01,-9.999989867210388184e-01,-9.999310374259948730e-01,9.999994039535522461e-01,-9.999982118606567383e-01,9.999993443489074707e-01,-9.999987483024597168e-01,-9.999972581863403320e-01,-9.999980926513671875e-01,-9.999991655349731445e-01,9.999980926513671875e-01,9.999986290931701660e-01,-9.999982118606567383e-01,-9.999949932098388672e-01,-9.999967813491821289e-01,9.999862313270568848e-01,-9.999951124191284180e-01
-9.999940991401672363e-01,9.999950528144836426e-01,9.999804496765136719e-01,-9.999905824661254883e-01,-9.999959468841552734e-01,9.999957084655761719e-01,-9.999819397926330566e-01,-9.999965429306030273e-01,9.999797344207763672e-01,-9.999945759773254395e-01,9.999958276748657227e-01,9.999960660934448242e-01,-9.999927282333374023e-01,-9.999945163726806641e-01,-9.999827742576599121e-01,-9.999787807464599609e-01,-9.999911189079284668e-01,9.999921917915344238e-01,-9.999726414680480957e-01,9.999967813491821289e-01,9.999961853027343750e-01,-9.999794363975524902e-01,-9.999951720237731934e-01,-9.999909996986389160e-01,-9.999610185623168945e-01,-9.999962449073791504e-01,9.999936223030090332e-01,9.999959468841552734e-01,-9.999700784683227539e-01,9.999884963035583496e-01,9.999681115150451660e-01,9.999933242797851562e-01,-9.999423027038574219e-01,-9.999821782112121582e-01,9.999931454658508301e-01,-9.998802542686462402e-01,-9.999963045120239258e-01,-9.999948740005493164e-01,-9.999475479125976562e-01,9.999960064888000488e-01,-9.999951720237731934e-01,-9.999544024467468262e-01,-9.999433159828186035e-01,-9.999963045120239258e-01,-9.999937415122985840e-01,-9.999929666519165039e-01,9.999760389328002930e-01,-9.999953508377075195e-01,-9.999954104423522949e-01,9.999946355819702148e-01,9.999958872795104980e-01,9.999949932098388672e-01,9.999957084655761719e-01,9.999762177467346191e-01,9.999949932098388672e-01,9.999933242797851562e-01,9.998972415924072266e-01,-9.999735951423645020e-01,-9.999819397926330566e-01,-9.999938011169433594e-01,9.999943971633911133e-01,-9.999961256980895996e-01,-9.999943971633911133e-01,-9.999841451644897461e-01,9.999790191650390625e-01,9.999958872795104980e-01,9.999966025352478027e-01,9.999847412109375000e-01,9.999964833259582520e-01,-9.999939799308776855e-01,9.999958276748657227e-01,-9.999873638153076172e-01,9.999644756317138672e-01,9.999777674674987793e-01,9.999471902847290039e-01,9.999945163726806641e-01,-9.999674558639526367e-01,-9.999955892562866211e-01,9.999790191650390625e-01,9.999835491180419922e-01,-9.999660253524780273e-01,-9.999916553497314453e-01,9.999958276748657227e-01,-9.999937415122985840e-01,9.999940991401672363e-01,9.999468922615051270e-01,-9.969505667686462402e-01,-9.999961853027343750e-01,-9.999716281890869141e-01,-9.999524354934692383e-01,9.999781847000122070e-01,-9.999942779541015625e-01,9.999514818191528320e-01,9.999907612800598145e-01,-9.999914169311523438e-01,9.999925494194030762e-01,9.999557733535766602e-01,-9.999964237213134766e-01,9.999957084655761719e-01,-9.999904632568359375e-01,9.999888539314270020e-01,-9.999960660934448242e-01,-9.997692704200744629e-01,-9.998451471328735352e-01,-9.999953508377075195e-01,-9.999861717224121094e-01,9.999359250068664551e-01,9.999946355819702148e-01,9.999790787696838379e-01,-9.999948740005493164e-01,9.999950528144836426e-01,-9.999915957450866699e-01,9.999938607215881348e-01,9.995863437652587891e-01,-9.999966025352478027e-01,9.999892711639404297e-01,-9.999963641166687012e-01,9.999927282333374023e-01,9.999837279319763184e-01,9.999885559082031250e-01,9.999947547912597656e-01,-9.999886751174926758e-01,-9.999919533729553223e-01,9.999895095825195312e-01,9.999695420265197754e-01,9.999814629554748535e-01,-9.999172687530517578e-01,9.999704957008361816e-01
9.999983906745910645e-01,-9.999986886978149414e-01,-9.999948143959045410e-01,9.999974370002746582e-01,9.999988675117492676e-01,-9.999986886978149414e-01,9.999951124191284180e-01,9.999990463256835938e-01,-9.999945759773254395e-01,9.999984502792358398e-01,-9.999988675117492676e-01,-9.999989271163940430e-01,9.999980330467224121e-01,9.999985098838806152e-01,9.999954104423522949e-01,9.999943375587463379e-01,9.999976754188537598e-01,-9.999978542327880859e-01,9.999926686286926270e-01,-9.999991655349731445e-01,-9.999990463256835938e-01,9.999944567680358887e-01,9.999986290931701660e-01,9.999975562095642090e-01,9.999896287918090820e-01,9.999989867210388184e-01,-9.999982714653015137e-01,-9.999988079071044922e-01,9.999920725822448730e-01,-9.999969005584716797e-01,-9.999914765357971191e-01,-9.999982118606567383e-01,9.999846816062927246e-01,9.999951720237731934e-01,-9.999980330467224121e-01,9.999682307243347168e-01,9.999989867210388184e-01,9.999986290931701660e-01,9.999859929084777832e-01,-9.999988675117492676e-01,9.999986886978149414e-01,9.999879002571105957e-01,9.999848604202270508e-01,9.999989271163940430e-01,9.999983310699462891e-01,9.999980926513671875e-01,-9.999935030937194824e-01,9.999987483024597168e-01,9.999986886978149414e-01,-9.999984502792358398e-01,-9.999988675117492676e-01,-9.999986290931701660e-01,-9.999988079071044922e-01,-9.999936819076538086e-01,-9.999985694885253906e-01,-9.999980926513671875e-01,-9.999727010726928711e-01,9.999929666519165039e-01,9.999951124191284180e-01,9.999982714653015137e-01,-9.999983906745910645e-01,9.999989271163940430e-01,9.999983906745910645e-01,9.999957084655761719e-01,-9.999944567680358887e-01,-9.999988675117492676e-01,-9.999990463256835938e-01,-9.999958872795104980e-01,-9.999989867210388184e-01,9.999983310699462891e-01,-9.999988675117492676e-01,9.999966025352478027e-01,-9.999905228614807129e-01,-9.999940991401672363e-01,-9.999858736991882324e-01,-9.999984502792358398e-01,9.999912977218627930e-01,9.999988079071044922e-01,-9.999943971633911133e-01,-9.999955892562866211e-01,9.999909996986389160e-01,9.999976754188537598e-01,-9.999988675117492676e-01,9.999982714653015137e-01,-9.999983310699462891e-01,-9.999858140945434570e-01,9.991877079010009766e-01,9.999989271163940430e-01,9.999923706054687500e-01,9.999873042106628418e-01,-9.999941587448120117e-01,9.999984502792358398e-01,-9.999871253967285156e-01,-9.999974966049194336e-01,9.999976754188537598e-01,-9.999979734420776367e-01,-9.999881982803344727e-01,9.999991059303283691e-01,-9.999988079071044922e-01,9.999973773956298828e-01,-9.999969005584716797e-01,9.999988675117492676e-01,9.999386072158813477e-01,9.999587535858154297e-01,9.999986886978149414e-01,9.999961853027343750e-01,-9.999828934669494629e-01,-9.999983906745910645e-01,-9.999943971633911133e-01,9.999986290931701660e-01,-9.999985694885253906e-01,9.999977350234985352e-01,-9.999983310699462891e-01,-9.998899698257446289e-01,9.999989867210388184e-01,-9.999970197677612305e-01,9.999989867210388184e-01,-9.999980330467224121e-01,-9.999955892562866211e-01,-9.999968409538269043e-01,-9.999985694885253906e-01,9.999969601631164551e-01,9.999977350234985352e-01,-9.999970793724060059e-01,-9.999919533729553223e-01,-9.999950528144836426e-01,9.999780058860778809e-01,-9.999921321868896484e-01
-9.999988079071044922e-01,9.999989867210388184e-01,9.999959468841552734e-01,-9.999979734420776367e-01,-9.999992251396179199e-01,9.999991655349731445e-01,-9.999961853027343750e-01,-9.999993443489074707e-01,9.999958276748657227e-01,-9.999988675117492676e-01,9.999992847442626953e-01,9.999992251396179199e-01,-9.999985694885253906e-01,-9.999989271163940430e-01,-9.999963045120239258e-01,-9.999956488609313965e-01,-9.999982118606567383e-01,9.999983310699462891e-01,-9.999943375587463379e-01,9.999994039535522461e-01,9.999993443489074707e-01,-9.999957084655761719e-01,-9.999990463256835938e-01,-9.999982118606567383e-01,-9.999918937683105469e-01,-9.999993443489074707e-01,9.999987483024597168e-01,9.999991655349731445e-01,-9.999937415122985840e-01,9.999976158142089844e-01,9.999934434890747070e-01,9.999985694885253906e-01,-9.999880790710449219e-01,-9.999962449073791504e-01,9.999986290931701660e-01,-9.999750256538391113e-01,-9.999992847442626953e-01,-9.999989867210388184e-01,-9.999890327453613281e-01,9.999992251396179199e-01,-9.999990463256835938e-01,-9.999905824661254883e-01,-9.999881982803344727e-01,-9.999992251396179199e-01,-9.999987483024597168e-01,-9.999985098838806152e-01,9.999950528144836426e-01,-9.999990463256835938e-01,-9.999991059303283691e-01,9.999989271163940430e-01,9.999992847442626953e-01,9.999990463256835938e-01,9.999991655349731445e-01,9.999951124191284180e-01,9.999989271163940430e-01,9.999985694885253906e-01,9.999786019325256348e-01,-9.999945759773254395e-01,-9.999963045120239258e-01,-9.999986886978149414e-01,9.999988675117492676e-01,-9.999992251396179199e-01,-9.999988675117492676e-01,-9.999966621398925781e-01,9.999956488609313965e-01,9.999991655349731445e-01,9.999993443489074707e-01,9.999967813491821289e-01,9.999993443489074707e-01,-9.999987483024597168e-01,9.999991655349731445e-01,-9.999973773956298828e-01,9.999927282333374023e-01,9.999954104423522949e-01,9.999890327453613281e-01,9.999989271163940430e-01,-9.999933242797851562e-01,-9.999992251396179199e-01,9.999956488609313965e-01,9.999966025352478027e-01,-9.999930262565612793e-01,-9.999982118606567383e-01,9.999992847442626953e-01,-9.999987483024597168e-01,9.999987483024597168e-01,9.999889135360717773e-01,-9.993615150451660156e-01,-9.999992251396179199e-01,-9.999940991401672363e-01,-9.999901056289672852e-01,9.999955296516418457e-01,-9.999988675117492676e-01,9.999899268150329590e-01,9.999981522560119629e-01,-9.999983906745910645e-01,9.999985098838806152e-01,9.999907612800598145e-01,-9.999994039535522461e-01,9.999991655349731445e-01,-9.999979734420776367e-01,9.999976754188537598e-01,-9.999992251396179199e-01,-9.999518394470214844e-01,-9.999676942825317383e-01,-9.999990463256835938e-01,-9.999970793724060059e-01,9.999866485595703125e-01,9.999988675117492676e-01,9.999956488609313965e-01,-9.999989867210388184e-01,9.999989271163940430e-01,-9.999983310699462891e-01,9.999988079071044922e-01,9.999135136604309082e-01,-9.999994039535522461e-01,9.999977350234985352e-01,-9.999992847442626953e-01,9.999985694885253906e-01,9.999966621398925781e-01,9.999976158142089844e-01,9.999989271163940430e-01,-9.999976754188537598e-01,-9.999983906745910645e-01,9.999979138374328613e-01,9.999937415122985840e-01,9.999961853027343750e-01,-9.999828338623046875e-01,9.999939203262329102e-01
-9.999989271163940430e-01,9.999989867210388184e-01,9.999963641166687012e-01,-9.999982118606567383e-01,-9.999992847442626953e-01,9.999991059303283691e-01,-9.999965429306030273e-01,-9.999992847442626953e-01,9.999960660934448242e-01,-9.999989271163940430e-01,9.999992251396179199e-01,9.999992847442626953e-01,-9.999985694885253906e-01,-9.999989271163940430e-01,-9.999966025352478027e-01,-9.999960064888000488e-01,-9.999983906745910645e-01,9.999983906745910645e-01,-9.999948143959045410e-01,9.999994039535522461e-01,9.999993443489074707e-01,-9.999959468841552734e-01,-9.999989867210388184e-01,-9.999982714653015137e-01,-9.999926090240478516e-01,-9.999992847442626953e-01,9.999987483024597168e-01,9.999992847442626953e-01,-9.999943375587463379e-01,9.999977946281433105e-01,9.999939799308776855e-01,9.999986290931701660e-01,-9.999890923500061035e-01,-9.999964833259582520e-01,9.999987483024597168e-01,-9.999773502349853516e-01,-9.999993443489074707e-01,-9.999990463256835938e-01,-9.999901056289672852e-01,9.999992847442626953e-01,-9.999991059303283691e-01,-9.999913573265075684e-01,-9.999892711639404297e-01,-9.999993443489074707e-01,-9.999988079071044922e-01,-9.999985694885253906e-01,9.999955296516418457e-01,-9.999991655349731445e-01,-9.999991655349731445e-01,9.999989867210388184e-01,9.999992251396179199e-01,9.999992251396179199e-01,9.999992251396179199e-01,9.999954700469970703e-01,9.999991059303283691e-01,9.999986886978149414e-01,9.999805688858032227e-01,-9.999950528144836426e-01,-9.999964237213134766e-01,-9.999987483024597168e-01,9.999989271163940430e-01,-9.999992847442626953e-01,-9.999988675117492676e-01,-9.999970197677612305e-01,9.999959468841552734e-01,9.999992847442626953e-01,9.999993443489074707e-01,9.999970793724060059e-01,9.999994039535522461e-01,-9.999988675117492676e-01,9.999992251396179199e-01,-9.999976754188537598e-01,9.999932050704956055e-01,9.999957680702209473e-01,9.999899864196777344e-01,9.999989271163940430e-01,-9.999938607215881348e-01,-9.999991059303283691e-01,9.999959468841552734e-01,9.999968409538269043e-01,-9.999935626983642578e-01,-9.999983310699462891e-01,9.999992251396179199e-01,-9.999987483024597168e-01,9.999988079071044922e-01,9.999899864196777344e-01,-9.994212985038757324e-01,-9.999993443489074707e-01,-9.999945759773254395e-01,-9.999909996986389160e-01,9.999958276748657227e-01,-9.999988675117492676e-01,9.999908208847045898e-01,9.999983310699462891e-01,-9.999984502792358398e-01,9.999984502792358398e-01,9.999915957450866699e-01,-9.999993443489074707e-01,9.999991655349731445e-01,-9.999980926513671875e-01,9.999978542327880859e-01,-9.999992251396179199e-01,-9.999563694000244141e-01,-9.999707341194152832e-01,-9.999991655349731445e-01,-9.999972581863403320e-01,9.999879002571105957e-01,9.999989271163940430e-01,9.999960064888000488e-01,-9.999990463256835938e-01,9.999989867210388184e-01,-9.999984502792358398e-01,9.999988079071044922e-01,9.999216198921203613e-01,-9.999993443489074707e-01,9.999978542327880859e-01,-9.999993443489074707e-01,9.999986290931701660e-01,9.999969601631164551e-01,9.999978542327880859e-01,9.999989867210388184e-01,-9.999977946281433105e-01,-9.999985098838806152e-01,9.999979734420776367e-01,9.999942779541015625e-01,9.999964237213134766e-01,-9.999843835830688477e-01,9.999943971633911133e-01
