9.999982714653015137e-01,-9.999985694885253906e-01,-9.999939799308776855e-01,9.999977350234985352e-01,9.999988079071044922e-01,-9.999987483024597168e-01,9.999954700469970703e-01,9.999991059303283691e-01,-9.999967217445373535e-01,9.999981522560119629e-01,-9.999986886978149414e-01,-9.999988675117492676e-01,9.999979138374328613e-01,9.999983906745910645e-01,9.999933242797851562e-01,9.999958276748657227e-01,9.999972581863403320e-01,-9.999980926513671875e-01,9.999927878379821777e-01,-9.999989867210388184e-01,-9.999988675117492676e-01,9.999931454658508301e-01,9.999985694885253906e-01,9.999979138374328613e-01,9.999884963035583496e-01,9.999988675117492676e-01,-9.999982118606567383e-01,-9.999987483024597168e-01,9.999901056289672852e-01,-9.999961256980895996e-01,-9.999918341636657715e-01,-9.999982714653015137e-01,9.999871253967285156e-01,9.999957680702209473e-01,-9.999978542327880859e-01,9.999613165855407715e-01,9.999989271163940430e-01,9.999984502792358398e-01,9.999899864196777344e-01,-9.999988079071044922e-01,9.999985694885253906e-01,-9.999654889106750488e-01,9.999820590019226074e-01,9.999987483024597168e-01,9.999982118606567383e-01,9.999982118606567383e-01,-9.999932646751403809e-01,9.999984502792358398e-01,9.999986886978149414e-01,-9.999983906745910645e-01,-9.999986886978149414e-01,-9.999983906745910645e-01,-9.999986886978149414e-01,-9.999929666519165039e-01,-9.999983310699462891e-01,-9.999980330467224121e-01,-9.999930858612060547e-01,9.999842047691345215e-01,9.999961853027343750e-01,9.999982714653015137e-01,-9.999983310699462891e-01,9.999988079071044922e-01,9.999983310699462891e-01,9.999953508377075195e-01,-9.999948740005493164e-01,-9.999987483024597168e-01,-9.999991059303283691e-01,-9.999959468841552734e-01,-9.999989867210388184e-01,9.999984502792358398e-01,-9.999986886978149414e-01,9.999974370002746582e-01,9.999631047248840332e-01,-9.999935626983642578e-01,-9.999810457229614258e-01,-9.999982714653015137e-01,9.999920725822448730e-01,9.999987483024597168e-01,-9.999945759773254395e-01,-9.999957680702209473e-01,9.999843239784240723e-01,9.999976158142089844e-01,-9.999987483024597168e-01,9.999979734420776367e-01,-9.999982118606567383e-01,-9.999884366989135742e-01,9.999728202819824219e-01,9.999988675117492676e-01,9.999892711639404297e-01,-9.995986223220825195e-01,-9.999955892562866211e-01,9.999982714653015137e-01,-9.999844431877136230e-01,-9.999974966049194336e-01,9.999979138374328613e-01,-9.999977946281433105e-01,-9.999895095825195312e-01,9.999990463256835938e-01,-9.999987483024597168e-01,9.999966621398925781e-01,-9.999966025352478027e-01,9.999988079071044922e-01,-9.994100332260131836e-01,9.999247193336486816e-01,9.999985694885253906e-01,9.999970793724060059e-01,-9.999811649322509766e-01,-9.999983310699462891e-01,-9.999936223030090332e-01,9.999983906745910645e-01,-9.999984502792358398e-01,9.999979734420776367e-01,-9.999982118606567383e-01,-9.999458789825439453e-01,9.999989271163940430e-01,-9.999974966049194336e-01,9.999989271163940430e-01,-9.999980926513671875e-01,-9.999950528144836426e-01,-9.999974966049194336e-01,-9.999986886978149414e-01,9.999964237213134766e-01,9.999980926513671875e-01,-9.999974370002746582e-01,-9.999902844429016113e-01,-9.999951720237731934e-01,9.999887943267822266e-01,-9.999942779541015625e-01
-9.999985694885253906e-01,9.999988675117492676e-01,9.999951124191284180e-01,-9.999981522560119629e-01,-9.999990463256835938e-01,9.999989271163940430e-01,-9.999962449073791504e-01,-9.999992251396179199e-01,9.999973773956298828e-01,-9.999985098838806152e-01,9.999988675117492676e-01,9.999991655349731445e-01,-9.999982714653015137e-01,-9.999987483024597168e-01,-9.999945163726806641e-01,-9.999964833259582520e-01,-9.999977946281433105e-01,9.999984502792358398e-01,-9.999940395355224609e-01,9.999991655349731445e-01,9.999991655349731445e-01,-9.999944567680358887e-01,-9.999989271163940430e-01,-9.999982714653015137e-01,-9.999905228614807129e-01,-9.999991655349731445e-01,9.999986290931701660e-01,9.999989867210388184e-01,-9.999918341636657715e-01,9.999968409538269043e-01,9.999933242797851562e-01,9.999985694885253906e-01,-9.999893903732299805e-01,-9.999964833259582520e-01,9.999982714653015137e-01,-9.999680519104003906e-01,-9.999992251396179199e-01,-9.999988079071044922e-01,-9.999917745590209961e-01,9.999989867210388184e-01,-9.999988675117492676e-01,9.999716281890869141e-01,-9.999852776527404785e-01,-9.999990463256835938e-01,-9.999986290931701660e-01,-9.999985098838806152e-01,9.999945163726806641e-01,-9.999987483024597168e-01,-9.999989867210388184e-01,9.999987483024597168e-01,9.999990463256835938e-01,9.999986886978149414e-01,9.999989867210388184e-01,9.999942183494567871e-01,9.999986886978149414e-01,9.999984502792358398e-01,9.999942183494567871e-01,-9.999869465827941895e-01,-9.999969005584716797e-01,-9.999985694885253906e-01,9.999986886978149414e-01,-9.999990463256835938e-01,-9.999986886978149414e-01,-9.999963045120239258e-01,9.999957680702209473e-01,9.999991059303283691e-01,9.999991655349731445e-01,9.999966621398925781e-01,9.999991655349731445e-01,-9.999987483024597168e-01,9.999990463256835938e-01,-9.999979138374328613e-01,-9.999696016311645508e-01,9.999947547912597656e-01,9.999843239784240723e-01,9.999986290931701660e-01,-9.999933838844299316e-01,-9.999989271163940430e-01,9.999955296516418457e-01,9.999964237213134766e-01,-9.999871850013732910e-01,-9.999980926513671875e-01,9.999991059303283691e-01,-9.999983310699462891e-01,9.999985098838806152e-01,9.999905228614807129e-01,-9.999776482582092285e-01,-9.999991655349731445e-01,-9.999912381172180176e-01,9.996688365936279297e-01,9.999963641166687012e-01,-9.999985694885253906e-01,9.999871253967285156e-01,9.999979734420776367e-01,-9.999984502792358398e-01,9.999981522560119629e-01,9.999912977218627930e-01,-9.999992251396179199e-01,9.999990463256835938e-01,-9.999971985816955566e-01,9.999972581863403320e-01,-9.999991059303283691e-01,9.995130896568298340e-01,-9.999379515647888184e-01,-9.999988675117492676e-01,-9.999975562095642090e-01,9.999845623970031738e-01,9.999986290931701660e-01,9.999948143959045410e-01,-9.999986886978149414e-01,9.999986886978149414e-01,-9.999983310699462891e-01,9.999986290931701660e-01,9.999554157257080078e-01,-9.999991059303283691e-01,9.999979138374328613e-01,-9.999992251396179199e-01,9.999984502792358398e-01,9.999959468841552734e-01,9.999979734420776367e-01,9.999989271163940430e-01,-9.999970793724060059e-01,-9.999984502792358398e-01,9.999979734420776367e-01,9.999920725822448730e-01,9.999960064888000488e-01,-9.999907612800598145e-01,9.999952912330627441e-01
-9.999939799308776855e-01,9.999951124191284180e-01,9.999785423278808594e-01,-9.999920725822448730e-01,-9.999960064888000488e-01,9.999956488609313965e-01,-9.999840855598449707e-01,-9.999964237213134766e-01,9.999886751174926758e-01,-9.999938011169433594e-01,9.999955892562866211e-01,9.999959468841552734e-01,-9.999929070472717285e-01,-9.999945759773254395e-01,-9.999761581420898438e-01,-9.999848008155822754e-01,-9.999904632568359375e-01,9.999935626983642578e-01,-9.999741911888122559e-01,9.999965429306030273e-01,9.999961853027343750e-01,-9.999756217002868652e-01,-9.999949932098388672e-01,-9.999929070472717285e-01,-9.999584555625915527e-01,-9.999961853027343750e-01,9.999936819076538086e-01,9.999959468841552734e-01,-9.999639987945556641e-01,9.999863505363464355e-01,9.999704957008361816e-01,9.999938607215881348e-01,-9.999532699584960938e-01,-9.999848008155822754e-01,9.999926090240478516e-01,-9.998597502708435059e-01,-9.999963045120239258e-01,-9.999947547912597656e-01,-9.999635815620422363e-01,9.999959468841552734e-01,-9.999951720237731934e-01,9.998748898506164551e-01,-9.999349713325500488e-01,-9.999960064888000488e-01,-9.999939203262329102e-01,-9.999935626983642578e-01,9.999760389328002930e-01,-9.999947547912597656e-01,-9.999955892562866211e-01,9.999946951866149902e-01,9.999955892562866211e-01,9.999942779541015625e-01,9.999958872795104980e-01,9.999748468399047852e-01,9.999942779541015625e-01,9.999933242797851562e-01,9.999749064445495605e-01,-9.999424219131469727e-01,-9.999867081642150879e-01,-9.999939203262329102e-01,9.999944567680358887e-01,-9.999961256980895996e-01,-9.999942779541015625e-01,-9.999834299087524414e-01,9.999815821647644043e-01,9.999958872795104980e-01,9.999964833259582520e-01,9.999855160713195801e-01,9.999963045120239258e-01,-9.999945163726806641e-01,9.999956488609313965e-01,-9.999911785125732422e-01,-9.998660087585449219e-01,9.999769926071166992e-01,9.999309182167053223e-01,9.999941587448120117e-01,-9.999712705612182617e-01,-9.999954104423522949e-01,9.999803304672241211e-01,9.999850392341613770e-01,-9.999430179595947266e-01,-9.999916553497314453e-01,9.999958276748657227e-01,-9.999930858612060547e-01,9.999938607215881348e-01,9.999581575393676758e-01,-9.999014735221862793e-01,-9.999961256980895996e-01,-9.999613165855407715e-01,9.985430240631103516e-01,9.999842643737792969e-01,-9.999940991401672363e-01,9.999432563781738281e-01,9.999912381172180176e-01,-9.999927282333374023e-01,9.999920129776000977e-01,9.999617934226989746e-01,-9.999963641166687012e-01,9.999957084655761719e-01,-9.999880790710449219e-01,9.999880790710449219e-01,-9.999958872795104980e-01,9.978589415550231934e-01,-9.997267127037048340e-01,-9.999951720237731934e-01,-9.999895095825195312e-01,9.999319314956665039e-01,9.999942779541015625e-01,9.999772310256958008e-01,-9.999946951866149902e-01,9.999946951866149902e-01,-9.999928474426269531e-01,9.999940395355224609e-01,9.998038411140441895e-01,-9.999964237213134766e-01,9.999909996986389160e-01,-9.999962449073791504e-01,9.999933838844299316e-01,9.999824762344360352e-01,9.999910593032836914e-01,9.999953508377075195e-01,-9.999876618385314941e-01,-9.999933242797851562e-01,9.999908804893493652e-01,9.999649524688720703e-01,9.999825954437255859e-01,-9.999595284461975098e-01,9.999794960021972656e-01
9.999977350234985352e-01,-9.999981522560119629e-01,-9.999920725822448730e-01,9.999970793724060059e-01,9.999984502792358398e-01,-9.999983906745910645e-01,9.999940395355224609e-01,9.999987483024597168e-01,-9.999958276748657227e-01,9.999976158142089844e-01,-9.999983310699462891e-01,-9.999986290931701660e-01,9.999972581863403320e-01,9.999979734420776367e-01,9.999912381172180176e-01,9.999943971633911133e-01,9.999963641166687012e-01,-9.999976158142089844e-01,9.999905228614807129e-01,-9.999986886978149414e-01,-9.999986290931701660e-01,9.999910593032836914e-01,9.999980926513671875e-01,9.999973177909851074e-01,9.999848008155822754e-01,9.999985694885253906e-01,-9.999976158142089844e-01,-9.999985098838806152e-01,9.999867677688598633e-01,-9.999949932098388672e-01,-9.999890923500061035e-01,-9.999977350234985352e-01,9.999828338623046875e-01,9.999943971633911133e-01,-9.999972581863403320e-01,9.999485015869140625e-01,9.999985694885253906e-01,9.999980926513671875e-01,9.999865889549255371e-01,-9.999984502792358398e-01,9.999982118606567383e-01,-9.999541044235229492e-01,9.999761581420898438e-01,9.999985098838806152e-01,9.999976754188537598e-01,9.999976158142089844e-01,-9.999911785125732422e-01,9.999979138374328613e-01,9.999983310699462891e-01,-9.999980926513671875e-01,-9.999983906745910645e-01,-9.999978542327880859e-01,-9.999983906745910645e-01,-9.999907016754150391e-01,-9.999978542327880859e-01,-9.999974966049194336e-01,-9.999907016754150391e-01,9.999788999557495117e-01,9.999951720237731934e-01,9.999976754188537598e-01,-9.999979138374328613e-01,9.999985098838806152e-01,9.999977946281433105e-01,9.999939799308776855e-01,-9.999932646751403809e-01,-9.999985098838806152e-01,-9.999986290931701660e-01,-9.999946951866149902e-01,-9.999986886978149414e-01,9.999979734420776367e-01,-9.999983906745910645e-01,9.999967217445373535e-01,9.999508857727050781e-01,-9.999915361404418945e-01,-9.999747872352600098e-01,-9.999978542327880859e-01,9.999893903732299805e-01,9.999983310699462891e-01,-9.999927878379821777e-01,-9.999945759773254395e-01,9.999791979789733887e-01,9.999967813491821289e-01,-9.999984502792358398e-01,9.999973773956298828e-01,-9.999976158142089844e-01,-9.999846816062927246e-01,9.999638199806213379e-01,9.999985694885253906e-01,9.999858140945434570e-01,-9.994648694992065430e-01,-9.999941587448120117e-01,9.999977350234985352e-01,-9.999791383743286133e-01,-9.999967217445373535e-01,9.999973773956298828e-01,-9.999970197677612305e-01,-9.999859929084777832e-01,9.999987483024597168e-01,-9.999983906745910645e-01,9.999956488609313965e-01,-9.999956488609313965e-01,9.999984502792358398e-01,-9.992132782936096191e-01,9.998995661735534668e-01,9.999980926513671875e-01,9.999960660934448242e-01,-9.999749660491943359e-01,-9.999977946281433105e-01,-9.999915957450866699e-01,9.999980926513671875e-01,-9.999980330467224121e-01,9.999972581863403320e-01,-9.999977350234985352e-01,-9.999279975891113281e-01,9.999986886978149414e-01,-9.999967217445373535e-01,9.999986290931701660e-01,-9.999974966049194336e-01,-9.999935030937194824e-01,-9.999966621398925781e-01,-9.999982714653015137e-01,9.999954104423522949e-01,9.999975562095642090e-01,-9.999966025352478027e-01,-9.999872446060180664e-01,-9.999936223030090332e-01,9.999851584434509277e-01,-9.999924898147583008e-01
9.999988079071044922e-01,-9.999990463256835938e-01,-9.999960064888000488e-01,9.999984502792358398e-01,9.999992251396179199e-01,-9.999992251396179199e-01,9.999970197677612305e-01,9.999994039535522461e-01,-9.999978542327880859e-01,9.999988079071044922e-01,-9.999991059303283691e-01,-9.999994039535522461e-01,9.999986886978149414e-01,9.999989867210388184e-01,9.999955892562866211e-01,9.999971389770507812e-01,9.999980926513671875e-01,-9.999987483024597168e-01,9.999951720237731934e-01,-9.999993443489074707e-01,-9.999993443489074707e-01,9.999954700469970703e-01,9.999991059303283691e-01,9.999986290931701660e-01,9.999923706054687500e-01,9.999993443489074707e-01,-9.999988079071044922e-01,-9.999992251396179199e-01,9.999933838844299316e-01,-9.999974370002746582e-01,-9.999945759773254395e-01,-9.999989271163940430e-01,9.999913573265075684e-01,9.999971389770507812e-01,-9.999985694885253906e-01,9.999741315841674805e-01,9.999993443489074707e-01,9.999989867210388184e-01,9.999933242797851562e-01,-9.999991655349731445e-01,9.999991655349731445e-01,-9.999770522117614746e-01,9.999879598617553711e-01,9.999992251396179199e-01,9.999988079071044922e-01,9.999988079071044922e-01,-9.999955296516418457e-01,9.999991059303283691e-01,9.999992251396179199e-01,-9.999990463256835938e-01,-9.999992251396179199e-01,-9.999989271163940430e-01,-9.999991655349731445e-01,-9.999952912330627441e-01,-9.999989271163940430e-01,-9.999987483024597168e-01,-9.999954104423522949e-01,9.999893307685852051e-01,9.999975562095642090e-01,9.999988675117492676e-01,-9.999989271163940430e-01,9.999992251396179199e-01,9.999988675117492676e-01,9.999969005584716797e-01,-9.999965429306030273e-01,-9.999992847442626953e-01,-9.999993443489074707e-01,-9.999973773956298828e-01,-9.999993443489074707e-01,9.999989867210388184e-01,-9.999992251396179199e-01,9.999983310699462891e-01,9.999753832817077637e-01,-9.999957680702209473e-01,-9.999873042106628418e-01,-9.999988675117492676e-01,9.999946951866149902e-01,9.999992251396179199e-01,-9.999963045120239258e-01,-9.999971985816955566e-01,9.999896287918090820e-01,9.999984502792358398e-01,-9.999991655349731445e-01,9.999986290931701660e-01,-9.999988079071044922e-01,-9.999923110008239746e-01,9.999819397926330566e-01,9.999993443489074707e-01,9.999929070472717285e-01,-9.997318983078002930e-01,-9.999970197677612305e-01,9.999988079071044922e-01,-9.999895691871643066e-01,-9.999983310699462891e-01,9.999986290931701660e-01,-9.999985098838806152e-01,-9.999929666519165039e-01,9.999993443489074707e-01,-9.999992251396179199e-01,9.999977350234985352e-01,-9.999977946281433105e-01,9.999991655349731445e-01,-9.996057748794555664e-01,9.999497532844543457e-01,9.999990463256835938e-01,9.999980330467224121e-01,-9.999874234199523926e-01,-9.999988675117492676e-01,-9.999957680702209473e-01,9.999990463256835938e-01,-9.999989271163940430e-01,9.999985694885253906e-01,-9.999988675117492676e-01,-9.999639391899108887e-01,9.999994039535522461e-01,-9.999983310699462891e-01,9.999993443489074707e-01,-9.999988079071044922e-01,-9.999966621398925781e-01,-9.999983310699462891e-01,-9.999991655349731445e-01,9.999976158142089844e-01,9.999987483024597168e-01,-9.999982714653015137e-01,-9.999935626983642578e-01,-9.999967813491821289e-01,9.999925494194030762e-01,-9.999961853027343750e-01
-9.999987483024597168e-01,9.999989271163940430e-01,9.999956488609313965e-01,-9.999983906745910645e-01,-9.999992251396179199e-01,9.999991655349731445e-01,-9.999966025352478027e-01,-9.999994039535522461e-01,9.999976754188537598e-01,-9.999987483024597168e-01,9.999991655349731445e-01,9.999993443489074707e-01,-9.999984502792358398e-01,-9.999988675117492676e-01,-9.999952316284179688e-01,-9.999969601631164551e-01,-9.999980330467224121e-01,9.999986886978149414e-01,-9.999947547912597656e-01,9.999992847442626953e-01,9.999992847442626953e-01,-9.999950528144836426e-01,-9.999989867210388184e-01,-9.999984502792358398e-01,-9.999915957450866699e-01,-9.999992847442626953e-01,9.999987483024597168e-01,9.999991059303283691e-01,-9.999926686286926270e-01,9.999972581863403320e-01,9.999939799308776855e-01,9.999988079071044922e-01,-9.999905228614807129e-01,-9.999968409538269043e-01,9.999984502792358398e-01,-9.999715685844421387e-01,-9.999992847442626953e-01,-9.999989271163940430e-01,-9.999926090240478516e-01,9.999991059303283691e-01,-9.999990463256835938e-01,9.999746680259704590e-01,-9.999868273735046387e-01,-9.999992251396179199e-01,-9.999987483024597168e-01,-9.999986886978149414e-01,9.999951124191284180e-01,-9.999988675117492676e-01,-9.999991655349731445e-01,9.999989271163940430e-01,9.999991655349731445e-01,9.999988079071044922e-01,9.999991059303283691e-01,9.999948143959045410e-01,9.999988675117492676e-01,9.999986290931701660e-01,9.999949336051940918e-01,-9.999883174896240234e-01,-9.999972581863403320e-01,-9.999988079071044922e-01,9.999988675117492676e-01,-9.999991655349731445e-01,-9.999987483024597168e-01,-9.999966621398925781e-01,9.999961853027343750e-01,9.999991655349731445e-01,9.999993443489074707e-01,9.999970197677612305e-01,9.999993443489074707e-01,-9.999988675117492676e-01,9.999992251396179199e-01,-9.999981522560119629e-01,-9.999728202819824219e-01,9.999952912330627441e-01,9.999861121177673340e-01,9.999988675117492676e-01,-9.999940991401672363e-01,-9.999992251396179199e-01,9.999960064888000488e-01,9.999969601631164551e-01,-9.999884963035583496e-01,-9.999981522560119629e-01,9.999992847442626953e-01,-9.999985098838806152e-01,9.999986886978149414e-01,9.999915361404418945e-01,-9.999800324440002441e-01,-9.999992847442626953e-01,-9.999921321868896484e-01,9.997038841247558594e-01,9.999967217445373535e-01,-9.999986886978149414e-01,9.999884963035583496e-01,9.999982714653015137e-01,-9.999985694885253906e-01,9.999983310699462891e-01,9.999922513961791992e-01,-9.999992847442626953e-01,9.999991655349731445e-01,-9.999974966049194336e-01,9.999975562095642090e-01,-9.999992251396179199e-01,9.995647072792053223e-01,-9.999445080757141113e-01,-9.999990463256835938e-01,-9.999979138374328613e-01,9.999862313270568848e-01,9.999988079071044922e-01,9.999953508377075195e-01,-9.999988675117492676e-01,9.999989271163940430e-01,-9.999985098838806152e-01,9.999987483024597168e-01,9.999601840972900391e-01,-9.999992847442626953e-01,9.999982714653015137e-01,-9.999992847442626953e-01,9.999986886978149414e-01,9.999964237213134766e-01,9.999982714653015137e-01,9.999992251396179199e-01,-9.999973773956298828e-01,-9.999986886978149414e-01,9.999982118606567383e-01,9.999929070472717285e-01,9.999964237213134766e-01,-9.999917745590209961e-01,9.999958276748657227e-01
9.999954700469970703e-01,-9.999962449073791504e-01,-9.999840855598449707e-01,9.999940395355224609e-01,9.999970197677612305e-01,-9.999966025352478027e-01,9.999881386756896973e-01,9.999973773956298828e-01,-9.999915361404418945e-01,9.999953508377075195e-01,-9.999966621398925781e-01,-9.999970197677612305e-01,9.999946951866149902e-01,9.999959468841552734e-01,9.999822378158569336e-01,9.999887347221374512e-01,9.999928474426269531e-01,-9.999951720237731934e-01,9.999807476997375488e-01,-9.999974370002746582e-01,-9.999970793724060059e-01,9.999818801879882812e-01,9.999961853027343750e-01,9.999946951866149902e-01,9.999693632125854492e-01,9.999971985816955566e-01,-9.999952912330627441e-01,-9.999968409538269043e-01,9.999733567237854004e-01,-9.999898076057434082e-01,-9.999780654907226562e-01,-9.999954104423522949e-01,9.999653697013854980e-01,9.999887347221374512e-01,-9.999945163726806641e-01,9.998961687088012695e-01,9.999972581863403320e-01,9.999960064888000488e-01,9.999731183052062988e-01,-9.999969005584716797e-01,9.999963641166687012e-01,-9.999074339866638184e-01,9.999519586563110352e-01,9.999969601631164551e-01,9.999954700469970703e-01,9.999952316284179688e-01,-9.999821782112121582e-01,9.999959468841552734e-01,9.999966621398925781e-01,-9.999959468841552734e-01,-9.999966025352478027e-01,-9.999957084655761719e-01,-9.999968409538269043e-01,-9.999813437461853027e-01,-9.999957680702209473e-01,-9.999950528144836426e-01,-9.999814033508300781e-01,9.999573230743408203e-01,9.999901652336120605e-01,9.999954104423522949e-01,-9.999958276748657227e-01,9.999970793724060059e-01,9.999957084655761719e-01,9.999877214431762695e-01,-9.999863505363464355e-01,-9.999968409538269043e-01,-9.999973177909851074e-01,-9.999893903732299805e-01,-9.999971985816955566e-01,9.999958872795104980e-01,-9.999967217445373535e-01,9.999934434890747070e-01,9.999008178710937500e-01,-9.999828338623046875e-01,-9.999489188194274902e-01,-9.999955892562866211e-01,9.999787807464599609e-01,9.999966025352478027e-01,-9.999854564666748047e-01,-9.999887943267822266e-01,9.999577999114990234e-01,9.999937415122985840e-01,-9.999968409538269043e-01,9.999948740005493164e-01,-9.999954104423522949e-01,-9.999691247940063477e-01,9.999271035194396973e-01,9.999971389770507812e-01,9.999714493751525879e-01,-9.989224672317504883e-01,-9.999882578849792480e-01,9.999955296516418457e-01,-9.999579787254333496e-01,-9.999935030937194824e-01,9.999946355819702148e-01,-9.999940991401672363e-01,-9.999718070030212402e-01,9.999973177909851074e-01,-9.999966621398925781e-01,9.999910593032836914e-01,-9.999911189079284668e-01,9.999969005584716797e-01,-9.984163045883178711e-01,9.997978806495666504e-01,9.999962449073791504e-01,9.999921917915344238e-01,-9.999495744705200195e-01,-9.999957084655761719e-01,-9.999830126762390137e-01,9.999960064888000488e-01,-9.999958872795104980e-01,9.999946355819702148e-01,-9.999954700469970703e-01,-9.998549818992614746e-01,9.999973177909851074e-01,-9.999933242797851562e-01,9.999971985816955566e-01,-9.999950528144836426e-01,-9.999870061874389648e-01,-9.999933242797851562e-01,-9.999964833259582520e-01,9.999908208847045898e-01,9.999949932098388672e-01,-9.999932050704956055e-01,-9.999741315841674805e-01,-9.999871850013732910e-01,9.999700188636779785e-01,-9.999848008155822754e-01
9.999991059303283691e-01,-9.999992251396179199e-01,-9.999964237213134766e-01,9.999987483024597168e-01,9.999994039535522461e-01,-9.999994039535522461e-01,9.999973773956298828e-01,9.999995231628417969e-01,-9.999980926513671875e-01,9.999989867210388184e-01,-9.999993443489074707e-01,-9.999994635581970215e-01,9.999988079071044922e-01,9.999992251396179199e-01,9.999960660934448242e-01,9.999974966049194336e-01,9.999984502792358398e-01,-9.999989271163940430e-01,9.999958276748657227e-01,-9.999994635581970215e-01,-9.999994039535522461e-01,9.999960660934448242e-01,9.999992251396179199e-01,9.999988079071044922e-01,9.999932646751403809e-01,9.999994039535522461e-01,-9.999989867210388184e-01,-9.999993443489074707e-01,9.999941587448120117e-01,-9.999977946281433105e-01,-9.999952316284179688e-01,-9.999990463256835938e-01,9.999924302101135254e-01,9.999975562095642090e-01,-9.999988675117492676e-01,9.999772906303405762e-01,9.999994635581970215e-01,9.999992251396179199e-01,9.999940991401672363e-01,-9.999993443489074707e-01,9.999993443489074707e-01,-9.999797344207763672e-01,9.999895691871643066e-01,9.999994039535522461e-01,9.999991655349731445e-01,9.999989867210388184e-01,-9.999960660934448242e-01,9.999991655349731445e-01,9.999994039535522461e-01,-9.999991655349731445e-01,-9.999994039535522461e-01,-9.999991059303283691e-01,-9.999993443489074707e-01,-9.999959468841552734e-01,-9.999991059303283691e-01,-9.999989271163940430e-01,-9.999959468841552734e-01,9.999906420707702637e-01,9.999977946281433105e-01,9.999990463256835938e-01,-9.999991059303283691e-01,9.999994039535522461e-01,9.999991059303283691e-01,9.999973773956298828e-01,-9.999970793724060059e-01,-9.999994039535522461e-01,-9.999994635581970215e-01,-9.999976158142089844e-01,-9.999995231628417969e-01,9.999991655349731445e-01,-9.999994039535522461e-01,9.999985694885253906e-01,9.999783635139465332e-01,-9.999961853027343750e-01,-9.999889135360717773e-01,-9.999991059303283691e-01,9.999953508377075195e-01,9.999994039535522461e-01,-9.999967813491821289e-01,-9.999976158142089844e-01,9.999908208847045898e-01,9.999986290931701660e-01,-9.999993443489074707e-01,9.999988079071044922e-01,-9.999990463256835938e-01,-9.999932050704956055e-01,9.999840259552001953e-01,9.999994039535522461e-01,9.999937415122985840e-01,-9.997633099555969238e-01,-9.999974370002746582e-01,9.999991059303283691e-01,-9.999908804893493652e-01,-9.999986290931701660e-01,9.999988079071044922e-01,-9.999987483024597168e-01,-9.999938011169433594e-01,9.999994635581970215e-01,-9.999993443489074707e-01,9.999980330467224121e-01,-9.999981522560119629e-01,9.999993443489074707e-01,-9.996520280838012695e-01,9.999557137489318848e-01,9.999992251396179199e-01,9.999983906745910645e-01,-9.999889731407165527e-01,-9.999991059303283691e-01,-9.999962449073791504e-01,9.999992847442626953e-01,-9.999991655349731445e-01,9.999988675117492676e-01,-9.999990463256835938e-01,-9.999683499336242676e-01,9.999994635581970215e-01,-9.999985694885253906e-01,9.999995231628417969e-01,-9.999989271163940430e-01,-9.999970197677612305e-01,-9.999986290931701660e-01,-9.999992847442626953e-01,9.999979734420776367e-01,9.999989271163940430e-01,-9.999985098838806152e-01,-9.999943971633911133e-01,-9.999971389770507812e-01,9.999934434890747070e-01,-9.999966025352478027e-01
-9.999967217445373535e-01,9.999973773956298828e-01,9.999886751174926758e-01,-9.999958276748657227e-01,-9.999978542327880859e-01,9.999976754188537598e-01,-9.999915361404418945e-01,-9.999980926513671875e-01,9.999939799308776855e-01,-9.999966621398925781e-01,9.999975562095642090e-01,9.999979138374328613e-01,-9.999960660934448242e-01,-9.999971389770507812e-01,-9.999873638153076172e-01,-9.999919533729553223e-01,-9.999949336051940918e-01,9.999964237213134766e-01,-9.999863505363464355e-01,9.999980926513671875e-01,9.999978542327880859e-01,-9.999870657920837402e-01,-9.999973773956298828e-01,-9.999960660934448242e-01,-9.999780654907226562e-01,-9.999980926513671875e-01,9.999966621398925781e-01,9.999977350234985352e-01,-9.999809265136718750e-01,9.999928474426269531e-01,9.999843835830688477e-01,9.999966621398925781e-01,-9.999752640724182129e-01,-9.999918937683105469e-01,9.999960660934448242e-01,-9.999256730079650879e-01,-9.999980330467224121e-01,-9.999971389770507812e-01,-9.999807476997375488e-01,9.999977350234985352e-01,-9.999973773956298828e-01,9.999338388442993164e-01,-9.999656081199645996e-01,-9.999977946281433105e-01,-9.999967217445373535e-01,-9.999965429306030273e-01,9.999873042106628418e-01,-9.999971985816955566e-01,-9.999976158142089844e-01,9.999970793724060059e-01,9.999976754188537598e-01,9.999969601631164551e-01,9.999977350234985352e-01,9.999867081642150879e-01,9.999969005584716797e-01,9.999964237213134766e-01,9.999867081642150879e-01,-9.999696016311645508e-01,-9.999930262565612793e-01,-9.999967813491821289e-01,9.999969601631164551e-01,-9.999979138374328613e-01,-9.999969601631164551e-01,-9.999912381172180176e-01,9.999902248382568359e-01,9.999977350234985352e-01,9.999981522560119629e-01,9.999923110008239746e-01,9.999980926513671875e-01,-9.999970793724060059e-01,9.999976158142089844e-01,-9.999953508377075195e-01,-9.999290704727172852e-01,9.999877810478210449e-01,9.999635219573974609e-01,9.999968409538269043e-01,-9.999848008155822754e-01,-9.999975562095642090e-01,9.999895691871643066e-01,9.999920129776000977e-01,-9.999698400497436523e-01,-9.999955892562866211e-01,9.999977350234985352e-01,-9.999963641166687012e-01,9.999966025352478027e-01,9.999778866767883301e-01,-9.999479651451110840e-01,-9.999978542327880859e-01,-9.999794960021972656e-01,9.992286562919616699e-01,9.999915957450866699e-01,-9.999967217445373535e-01,9.999700188636779785e-01,9.999953508377075195e-01,-9.999960660934448242e-01,9.999958276748657227e-01,9.999797940254211426e-01,-9.999980330467224121e-01,9.999976754188537598e-01,-9.999936223030090332e-01,9.999936819076538086e-01,-9.999977350234985352e-01,9.988662004470825195e-01,-9.998553395271301270e-01,-9.999973773956298828e-01,-9.999943971633911133e-01,9.999639987945556641e-01,9.999969601631164551e-01,9.999879002571105957e-01,-9.999971389770507812e-01,9.999970793724060059e-01,-9.999961256980895996e-01,9.999967813491821289e-01,9.998961687088012695e-01,-9.999980926513671875e-01,9.999952316284179688e-01,-9.999980330467224121e-01,9.999963641166687012e-01,9.999906420707702637e-01,9.999952316284179688e-01,9.999975562095642090e-01,-9.999933838844299316e-01,-9.999963641166687012e-01,9.999951720237731934e-01,9.999815225601196289e-01,9.999908208847045898e-01,-9.999786615371704102e-01,9.999890327453613281e-01
9.999981522560119629e-01,-9.999985098838806152e-01,-9.999938011169433594e-01,9.999976158142089844e-01,9.999988079071044922e-01,-9.999987483024597168e-01,9.999953508377075195e-01,9.999989867210388184e-01,-9.999966621398925781e-01,9.999980926513671875e-01,-9.999986290931701660e-01,-9.999988675117492676e-01,9.999978542327880859e-01,9.999983906745910645e-01,9.999931454658508301e-01,9.999956488609313965e-01,9.999972581863403320e-01,-9.999980926513671875e-01,9.999924898147583008e-01,-9.999989867210388184e-01,-9.999989271163940430e-01,9.999929666519165039e-01,9.999985098838806152e-01,9.999979138374328613e-01,9.999881386756896973e-01,9.999989271163940430e-01,-9.999982714653015137e-01,-9.999987483024597168e-01,9.999896883964538574e-01,-9.999960064888000488e-01,-9.999914765357971191e-01,-9.999982118606567383e-01,9.999866485595703125e-01,9.999956488609313965e-01,-9.999978542327880859e-01,9.999597668647766113e-01,9.999988675117492676e-01,9.999983906745910645e-01,9.999895691871643066e-01,-9.999987483024597168e-01,9.999985694885253906e-01,-9.999641180038452148e-01,9.999814033508300781e-01,9.999988675117492676e-01,9.999981522560119629e-01,9.999981522560119629e-01,-9.999931454658508301e-01,9.999983906745910645e-01,9.999986886978149414e-01,-9.999984502792358398e-01,-9.999986290931701660e-01,-9.999982714653015137e-01,-9.999987483024597168e-01,-9.999927878379821777e-01,-9.999983310699462891e-01,-9.999980926513671875e-01,-9.999927282333374023e-01,9.999834895133972168e-01,9.999961853027343750e-01,9.999982118606567383e-01,-9.999983906745910645e-01,9.999988079071044922e-01,9.999982714653015137e-01,9.999952316284179688e-01,-9.999946951866149902e-01,-9.999988079071044922e-01,-9.999990463256835938e-01,-9.999958276748657227e-01,-9.999989867210388184e-01,9.999983310699462891e-01,-9.999987483024597168e-01,9.999974370002746582e-01,9.999616146087646484e-01,-9.999933838844299316e-01,-9.999802708625793457e-01,-9.999982714653015137e-01,9.999917149543762207e-01,9.999986886978149414e-01,-9.999943375587463379e-01,-9.999957084655761719e-01,9.999836683273315430e-01,9.999974966049194336e-01,-9.999987483024597168e-01,9.999979138374328613e-01,-9.999982118606567383e-01,-9.999879598617553711e-01,9.999718666076660156e-01,9.999988079071044922e-01,9.999888539314270020e-01,-9.995823502540588379e-01,-9.999954700469970703e-01,9.999982118606567383e-01,-9.999837875366210938e-01,-9.999974370002746582e-01,9.999979138374328613e-01,-9.999976754188537598e-01,-9.999890923500061035e-01,9.999989271163940430e-01,-9.999986886978149414e-01,9.999964833259582520e-01,-9.999965429306030273e-01,9.999988079071044922e-01,-9.993861317634582520e-01,9.999216794967651367e-01,9.999985098838806152e-01,9.999969601631164551e-01,-9.999804496765136719e-01,-9.999982714653015137e-01,-9.999934434890747070e-01,9.999983310699462891e-01,-9.999983906745910645e-01,9.999979138374328613e-01,-9.999982714653015137e-01,-9.999437928199768066e-01,9.999989867210388184e-01,-9.999973773956298828e-01,9.999988675117492676e-01,-9.999980330467224121e-01,-9.999948740005493164e-01,-9.999974370002746582e-01,-9.999986290931701660e-01,9.999964237213134766e-01,9.999980330467224121e-01,-9.999973177909851074e-01,-9.999899864196777344e-01,-9.999949336051940918e-01,9.999883770942687988e-01,-9.999940395355224609e-01
-9.999986886978149414e-01,9.999988675117492676e-01,9.999955892562866211e-01,-9.999983310699462891e-01,-9.999991059303283691e-01,9.999991655349731445e-01,-9.999966621398925781e-01,-9.999993443489074707e-01,9.999975562095642090e-01,-9.999986290931701660e-01,9.999990463256835938e-01,9.999992251396179199e-01,-9.999984502792358398e-01,-9.999988079071044922e-01,-9.999951124191284180e-01,-9.999968409538269043e-01,-9.999980330467224121e-01,9.999985694885253906e-01,-9.999946355819702148e-01,9.999992847442626953e-01,9.999991655349731445e-01,-9.999949932098388672e-01,-9.999988675117492676e-01,-9.999984502792358398e-01,-9.999914765357971191e-01,-9.999992847442626953e-01,9.999986886978149414e-01,9.999992251396179199e-01,-9.999926090240478516e-01,9.999971389770507812e-01,9.999939203262329102e-01,9.999986886978149414e-01,-9.999903440475463867e-01,-9.999967217445373535e-01,9.999984502792358398e-01,-9.999711513519287109e-01,-9.999992251396179199e-01,-9.999988675117492676e-01,-9.999925494194030762e-01,9.999991059303283691e-01,-9.999990463256835938e-01,9.999743103981018066e-01,-9.999867081642150879e-01,-9.999991059303283691e-01,-9.999986886978149414e-01,-9.999986886978149414e-01,9.999949932098388672e-01,-9.999988675117492676e-01,-9.999990463256835938e-01,9.999988079071044922e-01,9.999990463256835938e-01,9.999987483024597168e-01,9.999991059303283691e-01,9.999947547912597656e-01,9.999988079071044922e-01,9.999986290931701660e-01,9.999947547912597656e-01,-9.999881386756896973e-01,-9.999971985816955566e-01,-9.999986290931701660e-01,9.999988079071044922e-01,-9.999991655349731445e-01,-9.999987483024597168e-01,-9.999965429306030273e-01,9.999960660934448242e-01,9.999991655349731445e-01,9.999992251396179199e-01,9.999969601631164551e-01,9.999992847442626953e-01,-9.999988079071044922e-01,9.999991655349731445e-01,-9.999981522560119629e-01,-9.999725222587585449e-01,9.999951720237731934e-01,9.999858736991882324e-01,9.999987483024597168e-01,-9.999940395355224609e-01,-9.999991059303283691e-01,9.999958872795104980e-01,9.999967813491821289e-01,-9.999883174896240234e-01,-9.999982714653015137e-01,9.999991655349731445e-01,-9.999985098838806152e-01,9.999986290931701660e-01,9.999913573265075684e-01,-9.999798536300659180e-01,-9.999991655349731445e-01,-9.999920725822448730e-01,9.997009038925170898e-01,9.999966025352478027e-01,-9.999986886978149414e-01,9.999883770942687988e-01,9.999981522560119629e-01,-9.999983906745910645e-01,9.999983310699462891e-01,9.999921917915344238e-01,-9.999992847442626953e-01,9.999991655349731445e-01,-9.999974966049194336e-01,9.999974370002746582e-01,-9.999991059303283691e-01,9.995603561401367188e-01,-9.999438524246215820e-01,-9.999989271163940430e-01,-9.999977946281433105e-01,9.999859929084777832e-01,9.999987483024597168e-01,9.999952316284179688e-01,-9.999988079071044922e-01,9.999988079071044922e-01,-9.999985098838806152e-01,9.999986886978149414e-01,9.999597668647766113e-01,-9.999992847442626953e-01,9.999980926513671875e-01,-9.999992847442626953e-01,9.999986290931701660e-01,9.999962449073791504e-01,9.999981522560119629e-01,9.999990463256835938e-01,-9.999973773956298828e-01,-9.999985694885253906e-01,9.999980926513671875e-01,9.999928474426269531e-01,9.999963045120239258e-01,-9.999916553497314453e-01,9.999957084655761719e-01
-9.999988675117492676e-01,9.999991655349731445e-01,9.999959468841552734e-01,-9.999986290931701660e-01,-9.999994039535522461e-01,9.999993443489074707e-01,-9.999970197677612305e-01,-9.999994635581970215e-01,9.999979138374328613e-01,-9.999988675117492676e-01,9.999992251396179199e-01,9.999994039535522461e-01,-9.999986886978149414e-01,-9.999990463256835938e-01,-9.999956488609313965e-01,-9.999971389770507812e-01,-9.999982118606567383e-01,9.999988079071044922e-01,-9.999952316284179688e-01,9.999994039535522461e-01,9.999994039535522461e-01,-9.999955892562866211e-01,-9.999992251396179199e-01,-9.999986886978149414e-01,-9.999923706054687500e-01,-9.999994039535522461e-01,9.999988675117492676e-01,9.999992847442626953e-01,-9.999934434890747070e-01,9.999974966049194336e-01,9.999946355819702148e-01,9.999989271163940430e-01,-9.999914765357971191e-01,-9.999971389770507812e-01,9.999986886978149414e-01,-9.999742507934570312e-01,-9.999994635581970215e-01,-9.999991059303283691e-01,-9.999933242797851562e-01,9.999992847442626953e-01,-9.999992847442626953e-01,9.999771118164062500e-01,-9.999880790710449219e-01,-9.999992847442626953e-01,-9.999988675117492676e-01,-9.999988675117492676e-01,9.999955892562866211e-01,-9.999991059303283691e-01,-9.999993443489074707e-01,9.999991655349731445e-01,9.999993443489074707e-01,9.999989867210388184e-01,9.999992847442626953e-01,9.999953508377075195e-01,9.999989867210388184e-01,9.999988079071044922e-01,9.999954700469970703e-01,-9.999894499778747559e-01,-9.999976158142089844e-01,-9.999989271163940430e-01,9.999989867210388184e-01,-9.999993443489074707e-01,-9.999989271163940430e-01,-9.999970197677612305e-01,9.999966621398925781e-01,9.999993443489074707e-01,9.999994039535522461e-01,9.999973773956298828e-01,9.999994039535522461e-01,-9.999990463256835938e-01,9.999993443489074707e-01,-9.999984502792358398e-01,-9.999754428863525391e-01,9.999958276748657227e-01,9.999874234199523926e-01,9.999989867210388184e-01,-9.999946951866149902e-01,-9.999992847442626953e-01,9.999963045120239258e-01,9.999972581863403320e-01,-9.999895691871643066e-01,-9.999984502792358398e-01,9.999992847442626953e-01,-9.999987483024597168e-01,9.999988675117492676e-01,9.999923110008239746e-01,-9.999819993972778320e-01,-9.999993443489074707e-01,-9.999930262565612793e-01,9.997316598892211914e-01,9.999971389770507812e-01,-9.999989271163940430e-01,9.999895691871643066e-01,9.999984502792358398e-01,-9.999987483024597168e-01,9.999986290931701660e-01,9.999929666519165039e-01,-9.999994635581970215e-01,9.999992251396179199e-01,-9.999977946281433105e-01,9.999978542327880859e-01,-9.999992847442626953e-01,9.996054768562316895e-01,-9.999496936798095703e-01,-9.999991655349731445e-01,-9.999981522560119629e-01,9.999874830245971680e-01,9.999989271163940430e-01,9.999958276748657227e-01,-9.999991655349731445e-01,9.999990463256835938e-01,-9.999986886978149414e-01,9.999988675117492676e-01,9.999639391899108887e-01,-9.999994039535522461e-01,9.999983906745910645e-01,-9.999993443489074707e-01,9.999988079071044922e-01,9.999967217445373535e-01,9.999983906745910645e-01,9.999992847442626953e-01,-9.999976754188537598e-01,-9.999988079071044922e-01,9.999983906745910645e-01,9.999936223030090332e-01,9.999967813491821289e-01,-9.999926686286926270e-01,9.999961853027343750e-01
