4.878727495670318604e-01,2.051083371043205261e-02,-1.631212085485458374e-01,2.700909227132797241e-02,2.234986275434494019e-01,-1.104534938931465149e-01,1.328247636556625366e-01,3.983134627342224121e-01,1.023644953966140747e-01,7.179194688796997070e-02,-8.266241103410720825e-02,-8.746200799942016602e-02,8.553760498762130737e-02,2.286831736564636230e-01,2.714861929416656494e-01,1.850696504116058350e-01,5.889486055821180344e-03,1.604129187762737274e-02,7.223767787218093872e-02,-4.870119690895080566e-02,-1.388697475194931030e-01,8.841756731271743774e-02,1.036596857011318207e-02,5.059891566634178162e-02,1.123811025172472000e-02,1.013941615819931030e-01,-3.636826574802398682e-02,-2.574393451213836670e-01,7.838069647550582886e-02,-1.786262094974517822e-01,-1.326178312301635742e-01,-1.252460926771163940e-01,7.725261896848678589e-02,6.613162159919738770e-02,-3.194882720708847046e-02,-1.416353136301040649e-01,-5.594708491116762161e-03,8.276247978210449219e-02,-3.249952793121337891e-01,-3.900944888591766357e-01,2.422622889280319214e-01,9.265221655368804932e-02,-1.305739022791385651e-02,2.612296119332313538e-02,-4.534707404673099518e-04,-5.543311685323715210e-02,-2.410438656806945801e-01,-1.303505897521972656e-01,3.685589134693145752e-02,6.981611251831054688e-02,-8.976061642169952393e-02,-4.968421533703804016e-02,1.847567111253738403e-01,-5.537195131182670593e-02,-6.856384873390197754e-02,-2.153939604759216309e-01,6.741674244403839111e-02,1.710885018110275269e-02,-5.195844545960426331e-02,-7.723051309585571289e-02,-1.817448437213897705e-02,-7.773724850267171860e-03,1.166977360844612122e-02,1.419737488031387329e-01,1.116847805678844452e-02,-1.406778208911418915e-02,-9.753812849521636963e-02,2.318084388971328735e-01,-1.552139371633529663e-01,1.745022982358932495e-01,-2.418855130672454834e-01,1.886572688817977905e-02,3.298868611454963684e-02,2.087624371051788330e-01,-1.156604737043380737e-01,-2.164262533187866211e-01,-3.498637117445468903e-03,1.785571128129959106e-01,-1.757611632347106934e-01,-1.391196548938751221e-01,1.367470324039459229e-01,1.866821199655532837e-03,-2.581336498260498047e-01,-3.674187464639544487e-03,-3.172644078731536865e-01,-8.147461712360382080e-02,2.357247918844223022e-01,3.051979932934045792e-03,-1.978853903710842133e-02,9.267368912696838379e-02,-1.252982318401336670e-01,7.747612427920103073e-03,4.944200441241264343e-02,-9.183643758296966553e-02,-1.268238723278045654e-01,-2.474687844514846802e-01,2.400476336479187012e-01,-2.742983051575720310e-04,-2.246015220880508423e-01,2.880746424198150635e-01,-1.085896566510200500e-01,2.556349635124206543e-01,-1.331214159727096558e-01,-7.076373696327209473e-02,7.133863866329193115e-02,2.652042508125305176e-01,2.725779078900814056e-02,-1.162406522780656815e-02,-2.875739037990570068e-01,6.123594474047422409e-03,5.725284293293952942e-02,4.141498729586601257e-02,-7.467044889926910400e-02,-1.412580758333206177e-01,2.119663506746292114e-01,-1.666843742132186890e-01,3.629231750965118408e-01,-5.358557775616645813e-02,-3.716664612293243408e-01,2.211348898708820343e-02,-3.334726393222808838e-02,2.224602997303009033e-01,2.328337579965591431e-01,3.925077244639396667e-02,2.076960355043411255e-02,-1.490703821182250977e-01,-7.579716388136148453e-03,7.029227167367935181e-02
2.051083371043205261e-02,2.184881456196308136e-02,-1.303390562534332275e-01,8.718448877334594727e-02,7.132095098495483398e-02,-1.393166370689868927e-03,1.461427751928567886e-02,5.034691095352172852e-02,2.398168668150901794e-02,4.284913092851638794e-02,1.311397366225719452e-02,-5.222634971141815186e-02,1.026214137673377991e-01,7.632165402173995972e-02,1.221252679824829102e-01,1.217599883675575256e-01,-1.871367683634161949e-03,6.960587948560714722e-02,-6.496498733758926392e-02,-6.051921844482421875e-02,-4.473909363150596619e-02,1.212962865829467773e-01,6.810468435287475586e-02,-8.621821762062609196e-04,1.484953425824642181e-02,1.368537843227386475e-01,-1.319042295217514038e-01,-6.748570501804351807e-02,1.159171015024185181e-01,-3.259944915771484375e-02,2.612920291721820831e-02,-1.245443597435951233e-01,8.660096675157546997e-02,6.823196262121200562e-02,-4.834363702684640884e-03,-1.351523697376251221e-01,2.971391938626766205e-02,6.683283299207687378e-02,-8.974379301071166992e-02,-7.427193969488143921e-02,1.061971560120582581e-01,1.025147456675767899e-02,1.189903020858764648e-01,1.831822469830513000e-02,3.674985608085989952e-03,-8.220108598470687866e-02,-1.302470117807388306e-01,-3.423453494906425476e-02,-1.293310616165399551e-02,1.749561354517936707e-02,3.331983461976051331e-02,-2.933652512729167938e-02,2.844526991248130798e-02,-3.337698522955179214e-03,-9.581205435097217560e-03,-1.372435986995697021e-01,2.521317824721336365e-02,1.092837564647197723e-02,-6.855521351099014282e-02,-6.640665978193283081e-02,-8.318959735333919525e-03,1.384051423519849777e-02,4.636385478079319000e-03,2.352266572415828705e-02,-2.619330538436770439e-03,-3.002144955098628998e-02,3.514143824577331543e-02,1.268936246633529663e-01,-1.226235181093215942e-01,3.269647806882858276e-02,-9.533059597015380859e-02,-2.605452202260494232e-02,-2.965840324759483337e-02,1.220874637365341187e-01,-2.778152562677860260e-02,-1.143266856670379639e-01,-3.003171645104885101e-03,1.429433375597000122e-01,-3.340645879507064819e-02,-1.170931532979011536e-01,1.267057657241821289e-01,1.221933169290423393e-03,-1.002428233623504639e-01,1.794636016711592674e-03,-9.713455289602279663e-02,-1.209911182522773743e-01,5.594506487250328064e-02,5.930274259299039841e-03,6.170001998543739319e-02,4.888955876231193542e-02,-2.182626724243164062e-02,-2.606700919568538666e-02,-1.003169938921928406e-01,3.710205107927322388e-02,-1.121605485677719116e-01,2.788764657452702522e-03,7.740984857082366943e-02,-1.188784663099795580e-04,-9.700472652912139893e-02,4.201712459325790405e-02,-3.048118203878402710e-02,3.646491840481758118e-02,-1.337400674819946289e-01,-5.293741077184677124e-02,1.434834003448486328e-01,-1.471392693929374218e-03,-7.988743484020233154e-02,-1.238396018743515015e-01,-2.190618030726909637e-02,-9.463673457503318787e-03,7.643875479698181152e-02,-5.277195200324058533e-02,-1.129040122032165527e-01,-2.176446467638015747e-02,1.391673535108566284e-01,-1.188500002026557922e-01,7.416374981403350830e-02,3.638919070363044739e-02,-1.254250556230545044e-01,3.659025207161903381e-02,6.094890832901000977e-02,9.416554868221282959e-02,1.182068064808845520e-01,-4.938877373933792114e-02,-6.297627091407775879e-02,-6.627964228391647339e-02,4.738119430840015411e-03,6.938763707876205444e-02
-1.631212085485458374e-01,-1.303390562534332275e-01,7.965449094772338867e-01,-5.940847396850585938e-01,-4.211009442806243896e-01,-6.279534101486206055e-02,-1.503556072711944580e-01,-3.524336218833923340e-01,-1.368171125650405884e-01,-2.913533151149749756e-01,-6.574934720993041992e-02,3.570710718631744385e-01,-5.948251485824584961e-01,-5.328111648559570312e-01,-7.402272820472717285e-01,-7.219809293746948242e-01,5.131418351083993912e-03,-3.946624994277954102e-01,4.396980702877044678e-01,4.223918020725250244e-01,2.938187122344970703e-01,-7.492171525955200195e-01,-4.913352727890014648e-01,6.098699942231178284e-02,-1.008301898837089539e-01,-7.594332695007324219e-01,7.485817074775695801e-01,3.891606330871582031e-01,-7.204840183258056641e-01,2.499973028898239136e-01,-1.343932896852493286e-01,7.580425143241882324e-01,-5.620742440223693848e-01,-4.945823550224304199e-01,3.954623639583587646e-02,7.871281504631042480e-01,-1.933565884828567505e-01,-4.398000538349151611e-01,5.591178536415100098e-01,5.168284177780151367e-01,-6.516478657722473145e-01,-7.588178664445877075e-02,-6.794475913047790527e-01,-1.228704452514648438e-01,-2.222497947514057159e-02,5.419843792915344238e-01,7.807880043983459473e-01,2.385474145412445068e-01,6.676033139228820801e-02,-2.764897234737873077e-02,-2.278108000755310059e-01,1.930920332670211792e-01,-2.026528120040893555e-01,8.501533418893814087e-02,4.604674875736236572e-02,8.010780215263366699e-01,-1.962313652038574219e-01,-7.419479638338088989e-02,3.881705701351165771e-01,4.411193430423736572e-01,9.230610728263854980e-02,-1.276829540729522705e-01,-3.294569253921508789e-02,-1.805992722511291504e-01,1.003377046436071396e-02,1.934501528739929199e-01,-1.753554195165634155e-01,-7.407068610191345215e-01,7.426282763481140137e-01,-1.952579617500305176e-01,6.449394226074218750e-01,1.904646605253219604e-01,1.893461495637893677e-01,-7.594170570373535156e-01,1.746585667133331299e-01,6.941061615943908691e-01,1.768205128610134125e-02,-8.392078280448913574e-01,2.710997164249420166e-01,7.426961064338684082e-01,-7.853307723999023438e-01,-8.581263944506645203e-03,6.332514286041259766e-01,-8.949530310928821564e-03,6.279425024986267090e-01,6.624311208724975586e-01,-3.800309300422668457e-01,-3.706741333007812500e-02,-3.597711026668548584e-01,-3.508485555648803711e-01,1.403123438358306885e-01,1.757451295852661133e-01,6.209192276000976562e-01,-2.423624843358993530e-01,7.097819447517395020e-01,4.130988195538520813e-02,-4.866926968097686768e-01,8.256689761765301228e-04,6.388624310493469238e-01,-3.285290598869323730e-01,2.578570544719696045e-01,-2.666434943675994873e-01,7.942085266113281250e-01,3.539829552173614502e-01,-8.162686824798583984e-01,-1.061561256647109985e-01,5.347777009010314941e-01,7.267673611640930176e-01,1.292999982833862305e-01,6.236980110406875610e-02,-5.064056515693664551e-01,4.314489364624023438e-01,7.042409777641296387e-01,1.925114169716835022e-02,-7.882052063941955566e-01,7.061452865600585938e-01,-5.028744339942932129e-01,-2.641079723834991455e-01,7.691705226898193359e-01,-2.495633065700531006e-01,-3.840683102607727051e-01,-6.400202512741088867e-01,-7.267858982086181641e-01,2.847307622432708740e-01,4.628262221813201904e-01,4.946651160717010498e-01,-5.389521270990371704e-02,-4.770704209804534912e-01
2.700909227132797241e-02,8.718448877334594727e-02,-5.940847396850585938e-01,5.794919729232788086e-01,2.102726548910140991e-01,1.335914582014083862e-01,7.369752973318099976e-02,1.501597613096237183e-01,6.848629564046859741e-02,1.957100778818130493e-01,7.661528885364532471e-03,-2.474640458822250366e-01,3.035951554775238037e-01,4.564729034900665283e-01,5.010682940483093262e-01,4.654695987701416016e-01,-2.074181335046887398e-03,3.166565597057342529e-01,-3.803622126579284668e-01,-2.835914194583892822e-01,-3.541003763675689697e-01,5.930417180061340332e-01,3.581192493438720703e-01,-7.976876199245452881e-02,7.837849110364913940e-02,5.254955291748046875e-01,-5.177733898162841797e-01,-1.269870698451995850e-01,4.633077383041381836e-01,-8.234272152185440063e-02,1.321278214454650879e-01,-6.147225499153137207e-01,4.882300794124603271e-01,2.967462241649627686e-01,-1.042123418301343918e-02,-5.737454891204833984e-01,1.582248210906982422e-01,2.821179330348968506e-01,-2.434381395578384399e-01,-4.519256651401519775e-01,4.751877784729003906e-01,6.569994240999221802e-02,5.091506242752075195e-01,8.149699866771697998e-02,-3.210331872105598450e-02,-2.436109036207199097e-01,-5.385176539421081543e-01,-2.055323868989944458e-01,-6.167535111308097839e-02,7.523186504840850830e-02,2.193600386381149292e-01,-9.889983385801315308e-02,1.631582975387573242e-01,-1.265610605478286743e-01,1.080750748515129089e-01,-5.551777482032775879e-01,1.459163129329681396e-01,4.409502446651458740e-02,-2.298464179039001465e-01,-3.438608944416046143e-01,-1.464559286832809448e-01,1.452160328626632690e-01,2.853864431381225586e-02,1.382867544889450073e-01,2.299514040350914001e-02,-1.328862607479095459e-01,1.431732028722763062e-01,5.122854113578796387e-01,-5.206898450851440430e-01,6.155089661478996277e-02,-4.166157245635986328e-01,1.729311980307102203e-02,-1.856068223714828491e-01,5.501459240913391113e-01,-1.188831552863121033e-01,-5.477346181869506836e-01,-7.003986742347478867e-03,6.110597848892211914e-01,-3.452284932136535645e-01,-5.491972565650939941e-01,6.927511692047119141e-01,5.940808914601802826e-03,-3.658796548843383789e-01,8.649718947708606720e-03,-4.729808270931243896e-01,-3.972130119800567627e-01,1.195889040827751160e-01,2.266550436615943909e-02,2.166398763656616211e-01,2.298458963632583618e-01,-5.697150155901908875e-02,-2.296703159809112549e-01,-5.873356461524963379e-01,2.873633801937103271e-01,-5.629405379295349121e-01,1.986910030245780945e-02,3.117230832576751709e-01,-5.447916337288916111e-04,-3.667896389961242676e-01,1.724573969841003418e-01,-1.368014812469482422e-01,4.109646007418632507e-02,-6.510070562362670898e-01,-2.326872050762176514e-01,6.498494148254394531e-01,1.618230789899826050e-01,-5.680230259895324707e-01,-5.690129399299621582e-01,5.963709205389022827e-03,-4.846711456775665283e-02,5.302449464797973633e-01,-4.257818162441253662e-01,-5.524654388427734375e-01,6.122411787509918213e-02,5.345208048820495605e-01,-4.653761684894561768e-01,2.294051349163055420e-01,1.719848066568374634e-01,-5.633180141448974609e-01,2.147189676761627197e-01,2.651057839393615723e-01,4.738834500312805176e-01,5.076104998588562012e-01,-2.179633826017379761e-01,-3.129270076751708984e-01,-3.588992953300476074e-01,3.647923469543457031e-02,3.672833740711212158e-01
2.234986275434494019e-01,7.132095098495483398e-02,-4.211009442806243896e-01,2.102726548910140991e-01,3.333190083503723145e-01,-7.684628665447235107e-02,9.967267513275146484e-02,3.231230676174163818e-01,8.769701421260833740e-02,1.446782499551773071e-01,1.598554290831089020e-02,-1.740469783544540405e-01,3.695403635501861572e-01,2.136285305023193359e-01,4.511055946350097656e-01,4.337183535099029541e-01,-6.292420905083417892e-03,2.047712355852127075e-01,-1.449350714683532715e-01,-1.852737665176391602e-01,-8.328942209482192993e-02,3.550686240196228027e-01,1.701878309249877930e-01,4.283569008111953735e-02,4.079645499587059021e-02,4.443488121032714844e-01,-4.134839773178100586e-01,-3.401322066783905029e-01,3.940843045711517334e-01,-2.009739726781845093e-01,2.334054373204708099e-02,-3.547921180725097656e-01,2.379809468984603882e-01,2.080675959587097168e-01,-2.839204668998718262e-02,-4.273322224617004395e-01,7.402842491865158081e-02,2.289788722991943359e-01,-4.470531046390533447e-01,-2.876828908920288086e-01,3.945162296295166016e-01,5.605087801814079285e-02,3.347267806529998779e-01,6.232431158423423767e-02,3.715302050113677979e-02,-2.929557561874389648e-01,-4.783810973167419434e-01,-1.274231970310211182e-01,-1.704314351081848145e-02,9.337308257818222046e-02,4.220992326736450195e-02,-1.131705269217491150e-01,1.247559413313865662e-01,1.075575966387987137e-02,-1.074783951044082642e-01,-4.851947128772735596e-01,8.138259500265121460e-02,3.910880908370018005e-02,-2.585393190383911133e-01,-1.992810070514678955e-01,1.063634548336267471e-02,5.047260317951440811e-03,1.402624137699604034e-02,1.144259944558143616e-01,-5.627611186355352402e-03,-9.179820120334625244e-02,8.385879546403884888e-02,4.599495232105255127e-01,-3.884786069393157959e-01,1.978438049554824829e-01,-3.755409419536590576e-01,-1.179293692111968994e-01,-3.447385504841804504e-02,4.104365408420562744e-01,-1.227496713399887085e-01,-4.037311077117919922e-01,-1.211176253855228424e-02,4.735417664051055908e-01,-9.912648797035217285e-02,-3.678019344806671143e-01,3.612153828144073486e-01,3.815649077296257019e-03,-4.081464111804962158e-01,3.861738136038184166e-03,-3.824465274810791016e-01,-4.222030937671661377e-01,2.992187142372131348e-01,1.934687420725822449e-02,1.808403432369232178e-01,1.702027767896652222e-01,-1.365420073270797729e-01,-2.617707476019859314e-02,-2.182898223400115967e-01,1.940327696502208710e-02,-3.431266546249389648e-01,-7.183817774057388306e-02,3.399766087532043457e-01,-4.323699395172297955e-04,-3.650822639465332031e-01,2.417963892221450806e-01,-1.237006857991218567e-01,2.464601397514343262e-01,-3.964927196502685547e-01,-1.804184913635253906e-01,4.398026466369628906e-01,4.567661136388778687e-02,-1.539616286754608154e-01,-3.534588813781738281e-01,-2.093869596719741821e-01,-2.181392908096313477e-02,1.221126914024353027e-01,-7.296223193407058716e-02,-3.266183435916900635e-01,-1.633566915988922119e-01,5.183903574943542480e-01,-4.254617989063262939e-01,3.594675064086914062e-01,9.479176253080368042e-02,-4.833163022994995117e-01,9.015919268131256104e-02,1.880352199077606201e-01,3.229962289333343506e-01,4.183456003665924072e-01,-1.342269778251647949e-01,-1.490281075239181519e-01,-1.991636306047439575e-01,4.947505891323089600e-03,2.216687500476837158e-01
-1.104534938931465149e-01,-1.393166370689868927e-03,-6.279534101486206055e-02,1.335914582014083862e-01,-7.684628665447235107e-02,2.181690335273742676e-01,-2.632587775588035583e-02,-3.985574841499328613e-02,-1.175156384706497192e-01,-1.892818696796894073e-02,3.817838057875633240e-02,-1.273298822343349457e-02,-8.012309670448303223e-02,1.227083057165145874e-01,-1.000602077692747116e-02,-3.045532479882240295e-02,-3.010079963132739067e-03,1.128408126533031464e-03,-5.394812673330307007e-02,-5.507950857281684875e-02,3.094647452235221863e-02,7.988201081752777100e-02,1.263169646263122559e-01,-3.247373178601264954e-02,-8.915911166695877910e-05,-7.623917609453201294e-02,-2.122196741402149200e-02,1.109541505575180054e-01,7.034431397914886475e-02,7.513257674872875214e-03,9.219349920749664307e-02,-2.307892218232154846e-02,-2.712864894419908524e-03,1.057973206043243408e-01,-4.756288835778832436e-04,-2.688340470194816589e-02,2.154274284839630127e-02,-1.453496329486370087e-02,1.117181777954101562e-01,-7.430338114500045776e-02,-1.024799868464469910e-01,-1.619716547429561615e-02,1.066139712929725647e-01,9.329819120466709137e-03,8.474875241518020630e-02,8.047176524996757507e-03,1.872708462178707123e-02,-1.344482973217964172e-02,-7.062745094299316406e-02,-7.614105939865112305e-02,1.395549178123474121e-01,-1.043340638279914856e-01,-3.735310211777687073e-02,-8.054757118225097656e-02,4.090140387415885925e-02,-1.565420068800449371e-02,3.728525340557098389e-02,1.370481215417385101e-03,8.275499194860458374e-02,-3.000243008136749268e-02,-2.237415686249732971e-02,1.982937008142471313e-02,3.080590628087520599e-03,-1.214860081672668457e-01,-1.670060306787490845e-02,1.123983319848775864e-02,3.114582411944866180e-02,-1.847150549292564392e-02,-2.690881956368684769e-03,-5.583054199814796448e-02,2.777804993093013763e-02,-1.191585063934326172e-01,-2.653082087635993958e-02,-4.325114656239748001e-03,6.730256229639053345e-02,-2.108055399730801582e-03,4.364884458482265472e-03,2.151289209723472595e-02,-2.240927144885063171e-02,-2.026366256177425385e-02,7.622603327035903931e-02,7.029786938801407814e-04,1.529125217348337173e-02,-3.097941400483250618e-03,4.871802031993865967e-02,5.775325372815132141e-02,-6.460783630609512329e-02,2.255673753097653389e-04,-7.016862183809280396e-02,-1.454520854167640209e-03,4.807233810424804688e-02,-4.849373176693916321e-02,-8.359499275684356689e-02,8.822363615036010742e-02,-1.280694777960889041e-05,2.236599288880825043e-02,1.018056459724903107e-02,2.133691668859682977e-05,-5.507613066583871841e-03,-1.334837675094604492e-01,-3.136811777949333191e-02,-1.654163300991058350e-01,-3.179690986871719360e-02,5.969979800283908844e-03,-4.520228598266839981e-03,1.034458279609680176e-01,-8.057891577482223511e-02,-5.738885700702667236e-02,1.767824888229370117e-01,-1.006298814900219440e-03,1.267548203468322754e-01,-1.480413973331451416e-01,-6.338359415531158447e-02,1.206050217151641846e-01,-5.290159606374800205e-04,7.365711033344268799e-02,-4.340118914842605591e-02,4.943737760186195374e-02,1.707655191421508789e-02,2.237387932837009430e-02,2.441227622330188751e-02,-8.563797920942306519e-03,-2.805532328784465790e-02,1.512317731976509094e-02,-1.213059872388839722e-01,-1.673483289778232574e-02,4.743710625916719437e-03,4.135213047266006470e-02
1.328247636556625366e-01,1.461427751928567886e-02,-1.503556072711944580e-01,7.369752973318099976e-02,9.967267513275146484e-02,-2.632587775588035583e-02,1.179325059056282043e-01,1.461381167173385620e-01,4.214182123541831970e-02,6.841667741537094116e-02,-4.165861010551452637e-02,-6.497497856616973877e-02,9.226778149604797363e-02,5.401100218296051025e-02,1.554606854915618896e-01,1.240383163094520569e-01,5.627916194498538971e-03,1.098326034843921661e-02,-5.430223792791366577e-02,-7.114935666322708130e-02,-5.892332270741462708e-02,1.042665168642997742e-01,4.558726027607917786e-02,-1.922814361751079559e-02,1.744893379509449005e-02,1.389336138963699341e-01,-9.947538375854492188e-02,-1.009447872638702393e-01,1.271703690290451050e-01,-1.146412938833236694e-01,-5.346848070621490479e-02,-1.372023969888687134e-01,1.032491624355316162e-01,5.136019363999366760e-02,-1.444202754646539688e-02,-1.164763942360877991e-01,1.553569920361042023e-02,8.366465568542480469e-02,-1.964547038078308105e-01,-1.355566680431365967e-01,1.872162967920303345e-01,3.937222436070442200e-02,2.530939690768718719e-02,1.991909928619861603e-02,-3.954022377729415894e-02,-9.059707820415496826e-02,-1.828611493110656738e-01,-5.637289956212043762e-02,4.316219687461853027e-02,1.557188667356967926e-02,-2.369384467601776123e-02,9.550681337714195251e-03,7.893315702676773071e-02,-1.888873986899852753e-02,-2.911567874252796173e-02,-1.606713831424713135e-01,2.989430911839008331e-02,1.342655718326568604e-02,-8.301821351051330566e-02,-5.956542119383811951e-02,-3.644183278083801270e-02,3.500434383749961853e-02,6.838578730821609497e-03,1.246172413229942322e-01,1.779514364898204803e-02,-3.233776986598968506e-02,-2.700777165591716766e-02,1.451068371534347534e-01,-1.177564337849617004e-01,7.994819432497024536e-02,-1.747865378856658936e-01,4.073098301887512207e-03,1.247150357812643051e-02,1.627722978591918945e-01,-6.824465841054916382e-02,-1.586406975984573364e-01,-3.606842830777168274e-03,1.831960976123809814e-01,-9.777288138866424561e-02,-1.403625309467315674e-01,1.572081744670867920e-01,1.429807278327643871e-03,-1.358327865600585938e-01,-5.522688297787681222e-05,-1.846700459718704224e-01,-7.704189419746398926e-02,1.504731774330139160e-01,4.239997826516628265e-03,3.945952281355857849e-02,8.397325873374938965e-02,-7.005870342254638672e-02,-4.301055800169706345e-03,-5.885151028633117676e-02,-1.281932368874549866e-02,-1.423929631710052490e-01,-9.413902461528778076e-02,1.026623994112014771e-01,-2.076726232189685106e-04,-1.222968399524688721e-01,1.861765086650848389e-01,-7.505425810813903809e-02,1.761809587478637695e-01,-1.414131820201873779e-01,-6.845399737358093262e-02,1.773487031459808350e-01,1.054824218153953552e-01,-8.735254406929016113e-02,-6.977145373821258545e-02,-1.384339034557342529e-01,-8.025476709008216858e-03,9.777010418474674225e-03,-6.759250909090042114e-02,-7.558809965848922729e-02,2.357599139213562012e-02,1.628359556198120117e-01,-1.623624861240386963e-01,1.465869396924972534e-01,3.232696279883384705e-02,-2.172812223434448242e-01,3.245571628212928772e-02,5.161846056580543518e-02,1.525881588459014893e-01,1.612951010465621948e-01,-2.566589415073394775e-02,-3.463454917073249817e-02,-1.105293929576873779e-01,2.077885903418064117e-02,9.837134927511215210e-02
3.983134627342224121e-01,5.034691095352172852e-02,-3.524336218833923340e-01,1.501597613096237183e-01,3.231230676174163818e-01,-3.985574841499328613e-02,1.461381167173385620e-01,5.134068131446838379e-01,3.637760505080223083e-02,1.110705137252807617e-01,-8.935629390180110931e-03,-1.587422639131546021e-01,2.639467716217041016e-01,2.468122243881225586e-01,4.280472695827484131e-01,3.664980232715606689e-01,-2.700198208913207054e-03,1.010662242770195007e-01,-3.626959770917892456e-02,-1.443010270595550537e-01,1.143220439553260803e-02,2.756610214710235596e-01,1.346721500158309937e-01,3.379884362220764160e-02,2.407745085656642914e-02,2.871317863464355469e-01,-2.682882547378540039e-01,-3.448477387428283691e-01,3.528666794300079346e-01,-2.617307305335998535e-01,-4.381310194730758667e-02,-2.345740944147109985e-01,1.132903769612312317e-01,2.165617644786834717e-01,-4.559371992945671082e-02,-3.414190709590911865e-01,3.540007770061492920e-02,1.860428154468536377e-01,-5.092362761497497559e-01,-3.924896717071533203e-01,3.284717202186584473e-01,7.289529591798782349e-02,2.029557079076766968e-01,5.713434517383575439e-02,1.184911057353019714e-01,-2.477778643369674683e-01,-4.396938085556030273e-01,-1.411494165658950806e-01,-5.736155901104211807e-03,3.017056360840797424e-02,1.448367163538932800e-02,-1.550269126892089844e-01,1.459470093250274658e-01,-5.738857761025428772e-02,-1.591083109378814697e-01,-4.373530745506286621e-01,1.073773503303527832e-01,3.753310441970825195e-02,-1.411419659852981567e-01,-1.551096439361572266e-01,2.074500918388366699e-02,-2.661329321563243866e-02,1.276880782097578049e-02,6.260987371206283569e-02,-1.974526327103376389e-03,-5.413659289479255676e-02,-1.447542291134595871e-02,3.909239768981933594e-01,-3.185185492038726807e-01,2.145044356584548950e-01,-3.839537203311920166e-01,-1.915002465248107910e-01,2.808492071926593781e-02,3.679476380348205566e-01,-1.016958132386207581e-01,-3.346365094184875488e-01,-9.169625118374824524e-03,3.973641693592071533e-01,-1.261675208806991577e-01,-2.903039753437042236e-01,2.716825902462005615e-01,3.482061205431818962e-03,-4.195681512355804443e-01,-1.577713876031339169e-03,-3.778462111949920654e-01,-2.975442707538604736e-01,3.392615318298339844e-01,1.449635252356529236e-02,5.324458330869674683e-02,1.629172563552856445e-01,-1.605481952428817749e-01,3.448307141661643982e-02,-5.996489152312278748e-02,-8.902539312839508057e-02,-2.509669661521911621e-01,-2.005219161510467529e-01,3.646984398365020752e-01,-4.150155000388622284e-04,-3.690337836742401123e-01,2.937225699424743652e-01,-1.710188388824462891e-01,3.002438247203826904e-01,-2.895933687686920166e-01,-1.507860273122787476e-01,2.921865284442901611e-01,2.063884735107421875e-01,-6.368966773152351379e-03,-2.259172201156616211e-01,-2.592129409313201904e-01,-2.472199499607086182e-03,4.174508154392242432e-02,-1.202474534511566162e-02,-2.380088120698928833e-01,-1.498972624540328979e-01,4.695230126380920410e-01,-3.321121931076049805e-01,4.398289024829864502e-01,6.551026552915573120e-02,-5.069355368614196777e-01,4.506617039442062378e-02,1.063523292541503906e-01,2.977702319622039795e-01,3.490357398986816406e-01,-6.085406057536602020e-03,-1.082037538290023804e-01,-1.723195463418960571e-01,-2.674923278391361237e-03,1.830151677131652832e-01
1.023644953966140747e-01,2.398168668150901794e-02,-1.368171125650405884e-01,6.848629564046859741e-02,8.769701421260833740e-02,-1.175156384706497192e-01,4.214182123541831970e-02,3.637760505080223083e-02,1.482435315847396851e-01,8.209798485040664673e-02,-3.102943301200866699e-02,-6.964372843503952026e-02,1.418358534574508667e-01,8.426009118556976318e-02,1.603268682956695557e-01,1.567700803279876709e-01,5.918222945183515549e-03,7.017880678176879883e-02,-7.452528178691864014e-02,-4.794664680957794189e-02,-1.976776868104934692e-01,1.272233724594116211e-01,2.482115477323532104e-02,-2.418529614806175232e-02,2.859378792345523834e-02,2.275171428918838501e-01,-1.314491927623748779e-01,-8.818902075290679932e-02,6.669472157955169678e-02,-7.500448264181613922e-03,-5.054074153304100037e-02,-2.155881077051162720e-01,1.700551509857177734e-01,2.202493697404861450e-02,-2.020978834480047226e-03,-1.621439605951309204e-01,3.264497965574264526e-02,9.369730949401855469e-02,-1.234324574470520020e-01,-9.876737743616104126e-02,2.274088561534881592e-01,3.526842221617698669e-02,5.200429633259773254e-02,1.579400151968002319e-02,-1.117040291428565979e-01,-8.311790972948074341e-02,-1.692601144313812256e-01,-5.204344540834426880e-02,4.449944198131561279e-02,4.064714908599853516e-02,-5.326289311051368713e-02,7.083785533905029297e-02,9.450289607048034668e-02,5.386578384786844254e-03,2.931133098900318146e-02,-1.509068906307220459e-01,1.967730000615119934e-02,1.166786439716815948e-02,-1.025915518403053284e-01,-8.453742414712905884e-02,-5.107517167925834656e-02,5.672800540924072266e-02,7.783396169543266296e-03,1.586658954620361328e-01,1.611001975834369659e-02,-5.014804378151893616e-02,-7.054132409393787384e-03,1.556229293346405029e-01,-1.701094955205917358e-01,3.214424103498458862e-02,-1.385622918605804443e-01,1.235373467206954956e-01,-5.978424847126007080e-02,1.901243329048156738e-01,-8.878979086875915527e-02,-1.465090215206146240e-01,-4.550779704004526138e-03,1.875742226839065552e-01,-1.004259586334228516e-01,-1.724885851144790649e-01,1.870574206113815308e-01,1.544906990602612495e-03,-9.888164699077606201e-02,4.631536547094583511e-03,-1.791612654924392700e-01,-1.374053210020065308e-01,6.320338696241378784e-02,5.636085756123065948e-03,1.288167685270309448e-01,7.913158088922500610e-02,-3.647854924201965332e-02,-4.829524084925651550e-02,-1.256487518548965454e-01,4.212835431098937988e-02,-1.863868832588195801e-01,-2.574274130165576935e-02,4.453606158494949341e-02,-1.905785757116973400e-04,-1.141877323389053345e-01,1.603904813528060913e-01,-2.775039710104465485e-02,1.408741027116775513e-01,-2.007014155387878418e-01,-7.535115629434585571e-02,2.088308036327362061e-01,-1.694131642580032349e-02,-1.447871476411819458e-01,-1.193760856986045837e-01,-1.180023849010467529e-01,-1.729991845786571503e-02,1.361000239849090576e-01,-5.026821047067642212e-02,-1.271459907293319702e-01,-2.738657034933567047e-02,1.278768479824066162e-01,-1.948339939117431641e-01,9.438566118478775024e-02,1.105007901787757874e-02,-1.958255767822265625e-01,6.222699582576751709e-02,3.363434597849845886e-02,1.642998456954956055e-01,1.834878027439117432e-01,-7.043273001909255981e-02,-2.880184724926948547e-02,-1.441256552934646606e-01,1.919817365705966949e-02,6.843844801187515259e-02
7.179194688796997070e-02,4.284913092851638794e-02,-2.913533151149749756e-01,1.957100778818130493e-01,1.446782499551773071e-01,-1.892818696796894073e-02,6.841667741537094116e-02,1.110705137252807617e-01,8.209798485040664673e-02,1.114956736564636230e-01,2.859803382307291031e-03,-1.232049167156219482e-01,2.183659970760345459e-01,1.671279370784759521e-01,2.746219038963317871e-01,2.640137672424316406e-01,1.233973540365695953e-03,1.264744400978088379e-01,-1.539122611284255981e-01,-1.361578106880187988e-01,-1.435101628303527832e-01,2.661645114421844482e-01,1.442625075578689575e-01,-3.135605901479721069e-02,3.802623227238655090e-02,3.168291151523590088e-01,-2.749032378196716309e-01,-1.328597962856292725e-01,2.479793131351470947e-01,-8.063706010580062866e-02,1.702542789280414581e-02,-3.063380420207977295e-01,2.176827341318130493e-01,1.416827589273452759e-01,-1.201656740158796310e-02,-2.952569425106048584e-01,6.426594406366348267e-02,1.558836698532104492e-01,-2.155994176864624023e-01,-1.787751317024230957e-01,2.761754989624023438e-01,3.410211205482482910e-02,2.118541896343231201e-01,3.961439058184623718e-02,-3.483446687459945679e-02,-1.840697973966598511e-01,-3.031996190547943115e-01,-8.274354785680770874e-02,2.951358212158083916e-03,1.996962353587150574e-02,4.303404688835144043e-02,-2.440385706722736359e-02,8.861550688743591309e-02,-2.200840972363948822e-02,-5.147221498191356659e-03,-3.036881983280181885e-01,5.931242182850837708e-02,2.466985024511814117e-02,-1.458865553140640259e-01,-1.487937122583389282e-01,-4.727481678128242493e-02,5.814795941114425659e-02,1.175431162118911743e-02,1.138630509376525879e-01,5.109286867082118988e-03,-7.172536104917526245e-02,4.446228966116905212e-02,2.728937566280364990e-01,-2.750908434391021729e-01,6.677193939685821533e-02,-2.372368574142456055e-01,-1.227245666086673737e-02,-6.656394898891448975e-02,2.966009080410003662e-01,-8.007618039846420288e-02,-2.597195804119110107e-01,-6.479923147708177567e-03,3.392409980297088623e-01,-1.142398342490196228e-01,-2.832974791526794434e-01,3.174169063568115234e-01,2.896942663937807083e-03,-2.107044160366058350e-01,4.047453869134187698e-03,-2.469856590032577515e-01,-2.376722544431686401e-01,1.326958984136581421e-01,1.212470419704914093e-02,1.420534700155258179e-01,1.275166273117065430e-01,-5.532929301261901855e-02,-6.307494640350341797e-02,-2.253838479518890381e-01,7.928580045700073242e-02,-2.773369252681732178e-01,-2.187458798289299011e-02,1.480812132358551025e-01,-3.008965868502855301e-04,-2.141956090927124023e-01,1.559644341468811035e-01,-8.463412523269653320e-02,1.326702684164047241e-01,-3.180694282054901123e-01,-1.252949237823486328e-01,3.468662798404693604e-01,2.954532019793987274e-02,-2.142512500286102295e-01,-2.565291821956634521e-01,-8.001653850078582764e-02,-2.358503639698028564e-02,1.815251260995864868e-01,-1.448455303907394409e-01,-2.433532923460006714e-01,3.843640442937612534e-04,2.952486276626586914e-01,-2.827084660530090332e-01,1.673929542303085327e-01,8.244217932224273682e-02,-3.104678392410278320e-01,9.007060527801513672e-02,1.235472410917282104e-01,2.372074574232101440e-01,2.799449861049652100e-01,-1.041919142007827759e-01,-1.376413851976394653e-01,-1.861364394426345825e-01,2.440787479281425476e-02,1.624987423419952393e-01
-8.266241103410720825e-02,1.311397366225719452e-02,-6.574934720993041992e-02,7.661528885364532471e-03,1.598554290831089020e-02,3.817838057875633240e-02,-4.165861010551452637e-02,-8.935629390180110931e-03,-3.102943301200866699e-02,2.859803382307291031e-03,8.429018408060073853e-02,-2.102318033576011658e-02,9.972649812698364258e-02,2.639945223927497864e-02,4.547373205423355103e-02,7.657905668020248413e-02,-6.600392982363700867e-03,3.690991178154945374e-02,-2.610624581575393677e-02,-4.613068699836730957e-02,1.068036332726478577e-01,7.084563374519348145e-02,8.261661976575851440e-02,-6.537024746648967266e-04,1.420486951246857643e-03,7.827647030353546143e-02,-1.176832467317581177e-01,-3.451432660222053528e-02,1.267425417900085449e-01,-6.204731296747922897e-03,7.415723800659179688e-02,-3.239562734961509705e-02,-3.098082914948463440e-02,1.094248369336128235e-01,-6.390857975929975510e-03,-9.825989603996276855e-02,1.771065592765808105e-02,3.250963613390922546e-02,-3.458515182137489319e-02,5.442392453551292419e-02,-4.025740921497344971e-02,-3.386203944683074951e-02,1.378049850463867188e-01,1.234479900449514389e-02,9.069479256868362427e-02,-1.265978515148162842e-01,-5.084628239274024963e-02,2.824592031538486481e-02,-4.964125901460647583e-02,-7.551616430282592773e-02,6.878988444805145264e-02,-8.454669266939163208e-02,-5.587023869156837463e-02,2.066686563193798065e-02,-6.213979050517082214e-02,-8.421912789344787598e-02,1.690674759447574615e-02,8.686143904924392700e-03,-1.218850724399089813e-02,-2.130867354571819305e-02,4.943710565567016602e-02,-2.693844772875308990e-02,-2.337560290470719337e-03,-1.059258058667182922e-01,-3.381839394569396973e-02,-1.252562738955020905e-02,5.066169798374176025e-02,4.202613607048988342e-02,-8.038361370563507080e-02,-1.047237124294042587e-02,-7.110446691513061523e-03,-1.691555529832839966e-01,-2.011713944375514984e-02,4.472269862890243530e-02,4.131769016385078430e-02,1.463798806071281433e-02,-2.743440214544534683e-03,8.110781759023666382e-02,1.158975735306739807e-01,-5.139084532856941223e-02,1.593064330518245697e-02,6.966045475564897060e-04,-5.254137516021728516e-02,-5.259294653114920948e-07,5.394193157553672791e-02,-1.149667799472808838e-01,1.763120107352733612e-02,5.861764773726463318e-03,4.616659507155418396e-02,1.354247890412807465e-02,2.021799609065055847e-02,2.671093493700027466e-02,-2.764524891972541809e-02,7.779914420098066330e-03,-1.487918477505445480e-02,5.271494388580322266e-02,1.115514524281024933e-02,-8.143526429194025695e-06,-6.638126820325851440e-02,-8.408856391906738281e-02,-2.685181610286235809e-02,-4.026611894369125366e-02,-4.568886384367942810e-02,-2.278651297092437744e-02,5.735372006893157959e-02,-1.065137758851051331e-01,4.177192598581314087e-02,-1.003130823373794556e-01,8.349483460187911987e-02,-3.673332510516047478e-03,1.618946902453899384e-02,-3.156969323754310608e-03,-6.880205869674682617e-02,-6.302132271230220795e-03,8.496854454278945923e-02,-3.568857535719871521e-02,2.210564911365509033e-02,5.771318823099136353e-02,2.833894686773419380e-03,2.492310944944620132e-03,5.137072503566741943e-02,-1.391687989234924316e-02,2.403880655765533447e-02,-1.559836696833372116e-02,-1.015175208449363708e-01,3.100805217400193214e-03,5.690769175998866558e-04,1.041095610707998276e-02
-8.746200799942016602e-02,-5.222634971141815186e-02,3.570710718631744385e-01,-2.474640458822250366e-01,-1.740469783544540405e-01,-1.273298822343349457e-02,-6.497497856616973877e-02,-1.587422639131546021e-01,-6.964372843503952026e-02,-1.232049167156219482e-01,-2.102318033576011658e-02,1.509756892919540405e-01,-2.533433437347412109e-01,-2.332771122455596924e-01,-3.362255096435546875e-01,-3.206607401371002197e-01,6.045409827493131161e-04,-1.553710252046585083e-01,1.766804009675979614e-01,1.669692546129226685e-01,1.369990408420562744e-01,-3.319707810878753662e-01,-1.951900869607925415e-01,3.460068255662918091e-02,-4.260662943124771118e-02,-3.581624925136566162e-01,3.315645754337310791e-01,1.580188274383544922e-01,-3.176766633987426758e-01,9.803996980190277100e-02,-4.044710099697113037e-02,3.532808721065521240e-01,-2.359016537666320801e-01,-1.999502629041671753e-01,1.741707138717174530e-02,3.650692701339721680e-01,-7.784467935562133789e-02,-1.832802146673202515e-01,2.559324502944946289e-01,2.352830916643142700e-01,-2.984056174755096436e-01,-3.578985482454299927e-02,-2.821945846080780029e-01,-5.021651461720466614e-02,-4.456196911633014679e-03,2.266229242086410522e-01,3.639676570892333984e-01,1.011391356587409973e-01,1.986199244856834412e-02,-3.768485039472579956e-03,-7.866004854440689087e-02,6.980319321155548096e-02,-9.400597959756851196e-02,4.234004020690917969e-02,1.743707619607448578e-02,3.736028671264648438e-01,-8.394816517829895020e-02,-3.100646473467350006e-02,1.497585326433181763e-01,1.824425309896469116e-01,4.476971179246902466e-02,-5.673927441239356995e-02,-1.390047650784254074e-02,-8.434653282165527344e-02,1.141486805863678455e-03,8.044013381004333496e-02,-5.865369364619255066e-02,-3.266948163509368896e-01,3.335675597190856934e-01,-7.568647712469100952e-02,2.789010703563690186e-01,6.618808954954147339e-02,8.065526187419891357e-02,-3.539339900016784668e-01,7.660227268934249878e-02,3.008891940116882324e-01,7.215905934572219849e-03,-4.055949449539184570e-01,1.247312724590301514e-01,3.372444212436676025e-01,-3.753794729709625244e-01,-3.604609286412596703e-03,2.642069756984710693e-01,-3.973569255322217941e-03,2.805026173591613770e-01,2.894031107425689697e-01,-1.491485387086868286e-01,-1.506524533033370972e-02,-1.504152864217758179e-01,-1.492201983928680420e-01,5.955687165260314941e-02,7.205043733119964600e-02,2.630400359630584717e-01,-9.243005514144897461e-02,3.181345462799072266e-01,2.606836520135402679e-02,-1.934218257665634155e-01,3.490868548396974802e-04,2.702924311161041260e-01,-1.536600291728973389e-01,1.091658324003219604e-01,-1.259886473417282104e-01,3.769636452198028564e-01,1.475587934255599976e-01,-3.953413665294647217e-01,-4.989514499902725220e-02,2.337653040885925293e-01,3.197113871574401855e-01,6.384034454822540283e-02,2.542512305080890656e-02,-2.313199490308761597e-01,1.721401512622833252e-01,3.049641847610473633e-01,5.131025332957506180e-03,-3.647637367248535156e-01,3.195337057113647461e-01,-2.115653455257415771e-01,-1.063451468944549561e-01,3.704522252082824707e-01,-1.046472117304801941e-01,-1.479645818471908569e-01,-2.749152779579162598e-01,-3.237073421478271484e-01,1.087152510881423950e-01,1.864554584026336670e-01,2.137017101049423218e-01,-2.369274199008941650e-02,-1.922161579132080078e-01
