4.783549904823303223e-01,4.956352058798074722e-03,-6.128870323300361633e-02,-4.530696570873260498e-02,1.762602478265762329e-01,-1.131134554743766785e-01,1.169394031167030334e-01,3.592055737972259521e-01,8.034661412239074707e-02,3.539511561393737793e-02,-8.991271257400512695e-02,-4.123886674642562866e-02,1.392759382724761963e-02,1.998114883899688721e-01,1.764027923345565796e-01,9.008967131376266479e-02,5.528747569769620895e-03,-4.590320959687232971e-02,1.286236345767974854e-01,-6.572300917468965054e-04,-1.069167703390121460e-01,-2.385640749707818031e-03,-4.295979440212249756e-02,5.181153863668441772e-02,-3.260249970480799675e-03,-1.741961203515529633e-02,5.714498832821846008e-02,-2.134232223033905029e-01,-8.404309861361980438e-03,-1.611121147871017456e-01,-1.452004313468933105e-01,-1.606499031186103821e-02,2.651558490470051765e-03,6.428750231862068176e-03,-2.781685627996921539e-02,-3.307550400495529175e-02,-2.997082471847534180e-02,2.665106765925884247e-02,-2.590033411979675293e-01,-3.498622775077819824e-01,1.519203782081604004e-01,8.785111457109451294e-02,-9.928066283464431763e-02,1.252369862049818039e-02,1.148360781371593475e-02,-4.152842331677675247e-03,-1.356767565011978149e-01,-1.013300642371177673e-01,4.564398527145385742e-02,6.751954555511474609e-02,-1.024143472313880920e-01,-2.378552407026290894e-02,1.475433111190795898e-01,-5.236541479825973511e-02,-7.516068220138549805e-02,-1.081608608365058899e-01,4.287486523389816284e-02,8.224501274526119232e-03,9.198340587317943573e-03,-1.922383904457092285e-02,-4.623199813067913055e-03,-1.966115646064281464e-02,8.492046967148780823e-03,1.046818196773529053e-01,-3.349282545968890190e-03,1.353311631828546524e-02,-1.142201200127601624e-01,1.429231613874435425e-01,-5.117337778210639954e-02,1.442202478647232056e-01,-1.581591963768005371e-01,5.912797991186380386e-03,6.403160095214843750e-02,9.833517670631408691e-02,-8.889769762754440308e-02,-1.372892558574676514e-01,-1.857287366874516010e-03,6.175338104367256165e-02,-1.471929550170898438e-01,-3.826246783137321472e-02,2.241906709969043732e-02,8.576677646487951279e-04,-1.984733492136001587e-01,-4.885348025709390640e-03,-2.508627176284790039e-01,6.943570915609598160e-03,2.079202234745025635e-01,-1.390193123370409012e-03,-6.562919169664382935e-02,4.671405628323554993e-02,-1.061189100146293640e-01,2.702237106859683990e-02,1.329035162925720215e-01,-1.320366263389587402e-01,-2.159377932548522949e-02,-2.321253716945648193e-01,1.970278918743133545e-01,-1.922716764966025949e-04,-1.480749845504760742e-01,2.395678162574768066e-01,-7.547791302204132080e-02,2.173718512058258057e-01,-1.565532758831977844e-02,-2.496325597167015076e-02,-5.463417246937751770e-02,2.495958656072616577e-01,1.121514365077018738e-01,8.289656043052673340e-02,-2.680068612098693848e-01,1.506666839122772217e-02,-1.100228913128376007e-02,9.381370246410369873e-02,2.083060517907142639e-02,-1.598212569952011108e-01,1.047752276062965393e-01,-7.886862754821777344e-02,3.195855915546417236e-01,-9.098844230175018311e-02,-2.772898972034454346e-01,-1.104452554136514664e-02,-8.748506009578704834e-02,1.427574902772903442e-01,1.304082125425338745e-01,8.047305047512054443e-02,7.735862582921981812e-02,-9.564658999443054199e-02,-1.675442978739738464e-02,2.619214169681072235e-02
4.956352058798074722e-03,2.131665498018264771e-02,-1.246963590383529663e-01,8.766590058803558350e-02,6.131197139620780945e-02,-9.920350275933742523e-03,6.570142693817615509e-03,5.986693501472473145e-02,2.362760715186595917e-02,3.968472406268119812e-02,1.159374136477708817e-02,-5.216014757752418518e-02,1.073135957121849060e-01,5.013057589530944824e-02,1.211045980453491211e-01,1.185769140720367432e-01,-1.018030103296041489e-03,6.464260071516036987e-02,-6.117774546146392822e-02,-4.802455008029937744e-02,-3.870093449950218201e-02,1.210047304630279541e-01,6.354151666164398193e-02,-1.109757553786039352e-02,1.561417803168296814e-02,1.357362866401672363e-01,-1.299709677696228027e-01,-4.917069897055625916e-02,1.072044894099235535e-01,2.347602741792798042e-03,1.732210814952850342e-02,-1.217453181743621826e-01,8.520763367414474487e-02,5.647448450326919556e-02,-4.736696369946002960e-03,-1.330906599760055542e-01,2.549882419407367706e-02,6.327746808528900146e-02,-8.781578391790390015e-02,-6.490259617567062378e-02,1.054661348462104797e-01,6.812678184360265732e-03,1.112350225448608398e-01,1.661697402596473694e-02,5.984291899949312210e-03,-6.917575001716613770e-02,-1.290721595287322998e-01,-2.986628189682960510e-02,-9.029905311763286591e-03,1.796489767730236053e-02,2.158931083977222443e-02,-4.342647269368171692e-03,3.303056582808494568e-02,-4.816381726413965225e-03,-1.262940745800733566e-02,-1.349953263998031616e-01,2.743271552026271820e-02,1.123233977705240250e-02,-4.584967717528343201e-02,-6.313654035329818726e-02,-1.353461481630802155e-02,1.381569728255271912e-02,4.181537777185440063e-03,2.775063272565603256e-03,-5.745657719671726227e-03,-3.133413568139076233e-02,3.907629102468490601e-02,1.224514320492744446e-01,-1.204102262854576111e-01,1.540156640112400055e-02,-9.636873006820678711e-02,-8.720561861991882324e-03,-3.006593324244022369e-02,1.221250593662261963e-01,-2.606406621634960175e-02,-1.084141358733177185e-01,-2.901885658502578735e-03,1.385435014963150024e-01,-3.727725893259048462e-02,-1.135655716061592102e-01,1.236306428909301758e-01,1.249754452146589756e-03,-9.457292407751083374e-02,3.086711978539824486e-03,-8.980699628591537476e-02,-1.142462342977523804e-01,3.216273337602615356e-02,6.342080887407064438e-03,4.701632633805274963e-02,4.855325445532798767e-02,-2.505980245769023895e-02,-1.982199773192405701e-02,-1.003852263092994690e-01,4.455315321683883667e-02,-1.099728494882583618e-01,7.169881369918584824e-03,5.919434875249862671e-02,-1.287241175305098295e-04,-9.357311576604843140e-02,3.948375582695007324e-02,-2.700969763100147247e-02,2.538675256073474884e-02,-1.336422562599182129e-01,-4.876603186130523682e-02,1.416408270597457886e-01,-9.525346569716930389e-03,-7.978351414203643799e-02,-1.191476061940193176e-01,-1.071124058216810226e-02,-1.025146339088678360e-02,7.420076429843902588e-02,-4.313167929649353027e-02,-1.127915456891059875e-01,-3.747545415535569191e-03,1.389959156513214111e-01,-1.155188381671905518e-01,6.532642245292663574e-02,3.955869376659393311e-02,-1.204926520586013794e-01,3.646748885512351990e-02,3.637431189417839050e-02,8.664953708648681641e-02,1.174344196915626526e-01,-5.027290433645248413e-02,-7.108832150697708130e-02,-4.724146798253059387e-02,5.038182251155376434e-03,6.616339832544326782e-02
-6.128870323300361633e-02,-1.246963590383529663e-01,7.716627120971679688e-01,-5.849945545196533203e-01,-3.527108430862426758e-01,-6.745597347617149353e-03,-1.003470793366432190e-01,-4.133513569831848145e-01,-1.323518753051757812e-01,-2.681197524070739746e-01,-5.526833236217498779e-02,3.516767621040344238e-01,-6.190359592437744141e-01,-3.768308758735656738e-01,-7.303860783576965332e-01,-7.020413875579833984e-01,-3.646375844255089760e-04,-3.509499430656433105e-01,4.086033701896667480e-01,3.371792137622833252e-01,2.513031065464019775e-01,-7.422483563423156738e-01,-4.604533910751342773e-01,1.311881095170974731e-01,-1.039389893412590027e-01,-7.510120868682861328e-01,7.379472851753234863e-01,2.674832642078399658e-01,-6.811019778251647949e-01,2.669096738100051880e-02,-7.241124659776687622e-02,7.402707934379577637e-01,-5.437541604042053223e-01,-4.109919965267181396e-01,3.894062712788581848e-02,7.741441726684570312e-01,-1.632728278636932373e-01,-4.121893048286437988e-01,5.530409216880798340e-01,4.618373513221740723e-01,-6.449522972106933594e-01,-5.345630645751953125e-02,-6.354146003723144531e-01,-1.108404323458671570e-01,-3.859556466341018677e-02,4.669695198535919189e-01,7.741217017173767090e-01,2.060537189245223999e-01,3.787064179778099060e-02,-2.866777032613754272e-02,-1.534460484981536865e-01,2.473103627562522888e-02,-2.279621213674545288e-01,9.823398292064666748e-02,7.298506796360015869e-02,7.908942103385925293e-01,-2.078186124563217163e-01,-7.555064558982849121e-02,2.301314473152160645e-01,4.119037389755249023e-01,1.271149665117263794e-01,-1.283630132675170898e-01,-2.972226776182651520e-02,-3.947522118687629700e-02,3.590086847543716431e-02,1.988076269626617432e-01,-1.992942541837692261e-01,-7.147442102432250977e-01,7.258702516555786133e-01,-7.783646136522293091e-02,6.447988152503967285e-01,9.075974673032760620e-02,1.849888265132904053e-01,-7.530832886695861816e-01,1.619632244110107422e-01,6.598101854324340820e-01,1.693208329379558563e-02,-8.233031630516052246e-01,2.919928729534149170e-01,7.226107716560363770e-01,-7.689018845558166504e-01,-8.686820045113563538e-03,6.004293560981750488e-01,-1.709672436118125916e-02,5.875001549720764160e-01,6.163650751113891602e-01,-2.307544797658920288e-01,-3.926279395818710327e-02,-2.593066990375518799e-01,-3.448849618434906006e-01,1.618370264768600464e-01,1.311798393726348877e-01,6.104444861412048340e-01,-2.803274989128112793e-01,6.906096935272216797e-01,1.368014048784971237e-02,-3.645059168338775635e-01,8.859758963808417320e-04,6.153682470321655273e-01,-3.146923184394836426e-01,2.321085780858993530e-01,-1.974195688962936401e-01,7.866650819778442383e-01,3.227342665195465088e-01,-8.078849911689758301e-01,-4.917281493544578552e-02,5.243582129478454590e-01,6.998701691627502441e-01,5.311373621225357056e-02,6.635154783725738525e-02,-4.844524562358856201e-01,3.617197871208190918e-01,6.914649605751037598e-01,-9.394697844982147217e-02,-7.873301506042480469e-01,6.879031062126159668e-01,-4.492535293102264404e-01,-2.837686240673065186e-01,7.470880746841430664e-01,-2.441118210554122925e-01,-2.170015126466751099e-01,-5.933168530464172363e-01,-7.168447971343994141e-01,2.830591797828674316e-01,5.097183585166931152e-01,3.700420558452606201e-01,-5.500976741313934326e-02,-4.568329155445098877e-01
-4.530696570873260498e-02,8.766590058803558350e-02,-5.849945545196533203e-01,5.937602519989013672e-01,1.719877570867538452e-01,8.817496895790100098e-02,3.281273692846298218e-02,2.124259918928146362e-01,7.385636866092681885e-02,1.879010200500488281e-01,1.639247639104723930e-03,-2.569811046123504639e-01,3.537841141223907471e-01,3.534397184848785400e-01,5.157713890075683594e-01,4.708648920059204102e-01,1.944725401699542999e-03,3.114468455314636230e-01,-3.694996535778045654e-01,-2.259562015533447266e-01,-3.339428603649139404e-01,6.086462140083312988e-01,3.444074094295501709e-01,-1.310765892267227173e-01,8.539392799139022827e-02,5.444234013557434082e-01,-5.260800719261169434e-01,-4.546984285116195679e-02,4.349264204502105713e-01,9.197753667831420898e-02,8.933015912771224976e-02,-6.232424378395080566e-01,4.938946366310119629e-01,2.485222816467285156e-01,-1.131529174745082855e-02,-5.874583721160888672e-01,1.434771567583084106e-01,2.781597375869750977e-01,-2.521517872810363770e-01,-4.222313761711120605e-01,4.913894832134246826e-01,4.929057881236076355e-02,4.867338836193084717e-01,7.600890100002288818e-02,-2.278523892164230347e-02,-1.849848330020904541e-01,-5.519967675209045410e-01,-1.903336644172668457e-01,-4.468738287687301636e-02,7.902368903160095215e-02,1.605222970247268677e-01,1.954133622348308563e-02,1.945980936288833618e-01,-1.393115967512130737e-01,9.080424159765243530e-02,-5.670892000198364258e-01,1.627781093120574951e-01,4.748993739485740662e-02,-1.237031295895576477e-01,-3.407407402992248535e-01,-1.746341288089752197e-01,1.434100866317749023e-01,2.697843313217163086e-02,4.156786203384399414e-02,4.289132077246904373e-03,-1.452973634004592896e-01,1.663980036973953247e-01,5.098344683647155762e-01,-5.328583717346191406e-01,-1.806485280394554138e-02,-4.415000975131988525e-01,1.074974536895751953e-01,-1.941850334405899048e-01,5.716728568077087402e-01,-1.157057285308837891e-01,-5.334054231643676758e-01,-6.709707435220479965e-03,6.113612055778503418e-01,-3.693898320198059082e-01,-5.502048134803771973e-01,6.988974809646606445e-01,6.321604363620281219e-03,-3.565418124198913574e-01,1.537404675036668777e-02,-4.546400010585784912e-01,-3.740674555301666260e-01,1.002860721200704575e-02,2.569569088518619537e-02,1.484626084566116333e-01,2.381043881177902222e-01,-7.592628896236419678e-02,-2.014470696449279785e-01,-6.008431911468505859e-01,3.274752497673034668e-01,-5.726143717765808105e-01,3.734625130891799927e-02,2.307868152856826782e-01,-6.111811380833387375e-04,-3.654538094997406006e-01,1.783403158187866211e-01,-1.269991695880889893e-01,-1.713366713374853134e-03,-6.688154339790344238e-01,-2.224976569414138794e-01,6.617916822433471680e-01,1.223184615373611450e-01,-5.768014788627624512e-01,-5.674053430557250977e-01,5.480805411934852600e-02,-5.392795428633689880e-02,5.364504456520080566e-01,-3.833947479724884033e-01,-5.717151165008544922e-01,1.410922706127166748e-01,5.574419498443603516e-01,-4.660349488258361816e-01,2.014332115650177002e-01,1.941160410642623901e-01,-5.583730340003967285e-01,2.208497524261474609e-01,1.511146575212478638e-01,4.545747041702270508e-01,5.253873467445373535e-01,-2.275207191705703735e-01,-3.639917671680450439e-01,-2.755845189094543457e-01,3.732099756598472595e-02,3.583302199840545654e-01
1.762602478265762329e-01,6.131197139620780945e-02,-3.527108430862426758e-01,1.719877570867538452e-01,2.805192768573760986e-01,-9.885285794734954834e-02,7.308527827262878418e-02,3.212344944477081299e-01,7.557019591331481934e-02,1.176339462399482727e-01,8.412432856857776642e-03,-1.497028470039367676e-01,3.373854458332061768e-01,1.149386465549468994e-01,3.964968919754028320e-01,3.738220930099487305e-01,-3.886108286678791046e-03,1.559590250253677368e-01,-1.070265024900436401e-01,-1.304439008235931396e-01,-4.910124465823173523e-02,3.040549457073211670e-01,1.300475597381591797e-01,1.612556539475917816e-02,3.530900552868843079e-02,3.784741461277008057e-01,-3.574107885360717773e-01,-2.685811519622802734e-01,3.271942436695098877e-01,-1.041089519858360291e-01,-6.295886356383562088e-03,-2.896764576435089111e-01,1.967920660972595215e-01,1.477097719907760620e-01,-2.574203722178936005e-02,-3.625272810459136963e-01,4.970410466194152832e-02,1.895374357700347900e-01,-4.047266840934753418e-01,-2.346599102020263672e-01,3.437849879264831543e-01,4.431951791048049927e-02,2.672512829303741455e-01,5.052588135004043579e-02,4.740223661065101624e-02,-2.345386743545532227e-01,-4.186050891876220703e-01,-1.002108007669448853e-01,-1.326566794887185097e-03,9.044680744409561157e-02,3.922388423234224319e-03,-3.405524417757987976e-02,1.177080348134040833e-01,1.136194635182619095e-02,-1.158298552036285400e-01,-4.198802113533020020e-01,7.347344607114791870e-02,3.516339883208274841e-02,-1.716416478157043457e-01,-1.597933173179626465e-01,3.875367110595107079e-03,5.901438998989760876e-04,1.106511242687702179e-02,4.658336937427520752e-02,-1.575173623859882355e-02,-8.096694946289062500e-02,8.359090238809585571e-02,3.985544741153717041e-01,-3.261977434158325195e-01,1.381096839904785156e-01,-3.324339985847473145e-01,-7.801464200019836426e-02,-1.976799033582210541e-02,3.526075482368469238e-01,-1.045584902167320251e-01,-3.467133939266204834e-01,-1.097857952117919922e-02,4.005402922630310059e-01,-9.314475208520889282e-02,-3.070302605628967285e-01,2.930473685264587402e-01,3.333831205964088440e-03,-3.557192385196685791e-01,6.489912979304790497e-03,-3.253202438354492188e-01,-3.606998920440673828e-01,2.209453284740447998e-01,1.793683879077434540e-02,1.223660930991172791e-01,1.456552892923355103e-01,-1.350077986717224121e-01,2.254535320389550179e-05,-1.747519969940185547e-01,2.027895115315914154e-02,-2.831946313381195068e-01,-5.357239395380020142e-02,2.668257951736450195e-01,-4.120582016184926033e-04,-3.151553869247436523e-01,2.080276012420654297e-01,-9.805156290531158447e-02,1.984797567129135132e-01,-3.349043130874633789e-01,-1.451916694641113281e-01,3.698333501815795898e-01,1.862660981714725494e-02,-1.139174327254295349e-01,-2.891683280467987061e-01,-1.700614541769027710e-01,-1.948034018278121948e-02,7.846691459417343140e-02,-2.398771606385707855e-02,-2.740783691406250000e-01,-1.162081807851791382e-01,4.565390050411224365e-01,-3.701933324337005615e-01,3.081352114677429199e-01,8.448736369609832764e-02,-4.191306531429290771e-01,7.261596620082855225e-02,9.860895574092864990e-02,2.629375457763671875e-01,3.619937002658843994e-01,-1.168946623802185059e-01,-1.408346146345138550e-01,-1.218491569161415100e-01,3.019643016159534454e-03,1.894960999488830566e-01
-1.131134554743766785e-01,-9.920350275933742523e-03,-6.745597347617149353e-03,8.817496895790100098e-02,-9.885285794734954834e-02,2.098822891712188721e-01,-3.363603726029396057e-02,-5.402351170778274536e-02,-1.241485401988029480e-01,-3.722119331359863281e-02,3.246583417057991028e-02,1.006246358156204224e-02,-1.124399602413177490e-01,9.226784855127334595e-02,-6.121531501412391663e-02,-7.801145315170288086e-02,-2.965395106002688408e-03,-1.713790372014045715e-02,-2.258371002972126007e-02,-2.550969645380973816e-02,6.246864050626754761e-02,2.128098346292972565e-02,8.943159133195877075e-02,-2.007555961608886719e-02,-6.814692169427871704e-03,-1.261349618434906006e-01,3.627932444214820862e-02,1.266825199127197266e-01,2.573279663920402527e-02,1.762674190104007721e-02,7.978142052888870239e-02,3.405968472361564636e-02,-4.296474903821945190e-02,7.526431977748870850e-02,1.079553505405783653e-03,2.954592369496822357e-02,8.897654712200164795e-03,-4.008946567773818970e-02,1.396699994802474976e-01,-3.766188025474548340e-02,-1.415513306856155396e-01,-2.244959026575088501e-02,6.175180897116661072e-02,1.285977778024971485e-03,8.065357804298400879e-02,4.666154086589813232e-02,7.204528152942657471e-02,1.384269446134567261e-03,-6.558748334646224976e-02,-7.669812440872192383e-02,1.184410676360130310e-01,-9.886227548122406006e-02,-4.619448632001876831e-02,-7.475854456424713135e-02,3.998384997248649597e-02,4.058872535824775696e-02,2.549219317734241486e-02,-3.183818189427256584e-03,9.976931661367416382e-02,-1.492992625571787357e-03,-1.159207709133625031e-02,4.647303372621536255e-03,4.579792730510234833e-04,-1.258938163518905640e-01,-1.354164630174636841e-02,2.321108430624008179e-02,1.478808932006359100e-02,-6.903617084026336670e-02,4.558299854397773743e-02,-5.695519968867301941e-02,6.354471296072006226e-02,-1.014942526817321777e-01,-1.157818082720041275e-02,-5.478509888052940369e-02,7.394723594188690186e-02,4.932059347629547119e-02,5.592273548245429993e-03,-3.963209688663482666e-02,5.075868466519750655e-05,3.556945174932479858e-02,1.717023551464080811e-02,1.442577922716736794e-04,5.084186047315597534e-02,-4.194875247776508331e-03,9.243895113468170166e-02,1.064133793115615845e-01,-7.965675741434097290e-02,-2.123388228937983513e-03,-9.807427227497100830e-02,-2.232912741601467133e-02,5.380667746067047119e-02,-3.071951679885387421e-02,-3.481584042310714722e-02,6.491990387439727783e-02,4.576111957430839539e-02,1.442152168601751328e-02,-1.849693432450294495e-02,7.891289715189486742e-05,3.424100950360298157e-02,-1.413115710020065308e-01,-1.821513473987579346e-02,-1.690576970577239990e-01,2.797454409301280975e-02,2.644238434731960297e-02,-6.408927589654922485e-02,1.014757901430130005e-01,-3.698838129639625549e-02,-5.645527504384517670e-03,1.707725077867507935e-01,3.661361057311296463e-03,8.020828664302825928e-02,-1.136134564876556396e-01,-1.491980906575918198e-02,1.150245368480682373e-01,-5.149319767951965332e-02,1.237302646040916443e-01,-6.968867033720016479e-02,3.343169391155242920e-02,7.238324731588363647e-02,4.205687902867794037e-03,4.608983639627695084e-03,-5.109116435050964355e-02,-7.551617920398712158e-02,3.648485243320465088e-02,-8.644526451826095581e-02,1.774612255394458771e-02,2.824110270012170076e-04,6.396613549441099167e-03
1.169394031167030334e-01,6.570142693817615509e-03,-1.003470793366432190e-01,3.281273692846298218e-02,7.308527827262878418e-02,-3.363603726029396057e-02,1.083421409130096436e-01,1.329070776700973511e-01,3.245232999324798584e-02,5.017776042222976685e-02,-4.370408877730369568e-02,-4.305738210678100586e-02,6.409517675638198853e-02,8.022152818739414215e-03,1.098428666591644287e-01,7.832533866167068481e-02,6.093435920774936676e-03,-2.611076831817626953e-02,-2.470028959214687347e-02,-4.404382035136222839e-02,-3.795074671506881714e-02,6.055547297000885010e-02,2.052527666091918945e-02,-2.694351784884929657e-02,1.087876874953508377e-02,8.345028012990951538e-02,-5.673626065254211426e-02,-7.245381176471710205e-02,8.442615717649459839e-02,-9.221925586462020874e-02,-6.565520167350769043e-02,-8.376199007034301758e-02,6.441512703895568848e-02,1.653413660824298859e-02,-1.251106150448322296e-02,-6.410915404558181763e-02,1.208574394695460796e-03,5.575106292963027954e-02,-1.671188324689865112e-01,-1.028892397880554199e-01,1.431422531604766846e-01,3.478860110044479370e-02,-2.339631505310535431e-02,1.268388051539659500e-02,-3.329507261514663696e-02,-6.514205783605575562e-02,-1.339216679334640503e-01,-3.808593377470970154e-02,5.096115916967391968e-02,1.134369056671857834e-02,-3.549587354063987732e-02,3.764524310827255249e-02,6.283005326986312866e-02,-1.634757593274116516e-02,-3.773515298962593079e-02,-1.094768717885017395e-01,1.772615127265453339e-02,9.523339569568634033e-03,-4.263679310679435730e-02,-2.841049432754516602e-02,-3.347951918840408325e-02,3.079576417803764343e-02,4.951598588377237320e-03,9.649352729320526123e-02,9.770442731678485870e-03,-2.016288787126541138e-02,-3.196404874324798584e-02,9.765340387821197510e-02,-6.595321744680404663e-02,5.571753531694412231e-02,-1.353176981210708618e-01,8.909188909456133842e-05,2.873243577778339386e-02,1.098321899771690369e-01,-5.469087883830070496e-02,-1.168072745203971863e-01,-2.907912712544202805e-03,1.263047754764556885e-01,-8.064410835504531860e-02,-9.526859223842620850e-02,9.910898655652999878e-02,9.547555237077176571e-04,-9.992624819278717041e-02,4.491736399359069765e-05,-1.478792577981948853e-01,-2.971571683883666992e-02,1.277367621660232544e-01,2.291783457621932030e-03,1.528378482908010483e-02,6.246095523238182068e-02,-6.447879225015640259e-02,1.010402198880910873e-02,-1.501643937081098557e-02,-3.033412061631679535e-02,-8.874476701021194458e-02,-8.544425666332244873e-02,6.955403834581375122e-02,-1.748427603160962462e-04,-8.569809794425964355e-02,1.641515642404556274e-01,-5.729779228568077087e-02,1.569576412439346313e-01,-8.375311642885208130e-02,-4.462246224284172058e-02,1.180294305086135864e-01,8.751524239778518677e-02,-4.532593116164207458e-02,-2.014370821416378021e-02,-1.203417703509330750e-01,-4.429460968822240829e-03,-2.862800098955631256e-02,-3.547736629843711853e-02,-2.705728448927402496e-02,2.789696305990219116e-02,1.108344867825508118e-01,-1.221291124820709229e-01,1.224100440740585327e-01,1.896446198225021362e-02,-1.675268858671188354e-01,1.560624875128269196e-02,1.395198609679937363e-02,1.091935187578201294e-01,1.133015453815460205e-01,-7.265361957252025604e-03,-1.288262847810983658e-02,-7.689099013805389404e-02,1.780188642442226410e-02,7.718332111835479736e-02
3.592055737972259521e-01,5.986693501472473145e-02,-4.133513569831848145e-01,2.124259918928146362e-01,3.212344944477081299e-01,-5.402351170778274536e-02,1.329070776700973511e-01,5.396878123283386230e-01,5.301750078797340393e-02,1.289535313844680786e-01,-6.725081242620944977e-03,-1.869188100099563599e-01,3.254095017910003662e-01,2.506220638751983643e-01,4.847402870655059814e-01,4.167169034481048584e-01,-8.336451137438416481e-04,1.115998849272727966e-01,-7.301098853349685669e-02,-1.503970026969909668e-01,-2.243161574006080627e-02,3.510825634002685547e-01,1.720771491527557373e-01,-1.401552651077508926e-02,3.502550348639488220e-02,3.491817116737365723e-01,-3.382322192192077637e-01,-3.124770522117614746e-01,3.987788259983062744e-01,-1.819657534360885620e-01,-4.995513334870338440e-02,-3.041201233863830566e-01,1.687869727611541748e-01,2.245330512523651123e-01,-4.658403247594833374e-02,-4.072757363319396973e-01,4.296131059527397156e-02,2.108847945928573608e-01,-5.345638394355773926e-01,-4.249002039432525635e-01,3.813431859016418457e-01,7.240300625562667847e-02,2.479777932167053223e-01,6.320998817682266235e-02,1.262061446905136108e-01,-2.719668447971343994e-01,-4.999588727951049805e-01,-1.479912251234054565e-01,1.674595521762967110e-03,3.240977227687835693e-02,1.784387230873107910e-02,-8.740267902612686157e-02,1.666334569454193115e-01,-7.547542452812194824e-02,-1.643404960632324219e-01,-4.976781010627746582e-01,1.283976584672927856e-01,4.424834623932838440e-02,-1.002160757780075073e-01,-1.837286204099655151e-01,-8.874587714672088623e-03,-1.500199083238840103e-03,1.537078619003295898e-02,1.614655554294586182e-02,-1.943555846810340881e-02,-7.344470173120498657e-02,1.722296141088008881e-02,4.433216452598571777e-01,-3.759342730045318604e-01,1.628900617361068726e-01,-4.297987520694732666e-01,-1.719158589839935303e-01,5.074960645288228989e-03,4.294793605804443359e-01,-1.085409298539161682e-01,-3.863123059272766113e-01,-1.055885106325149536e-02,4.659505486488342285e-01,-1.701812148094177246e-01,-3.514875769615173340e-01,3.435139358043670654e-01,4.359833430498838425e-03,-4.583156704902648926e-01,3.164384281262755394e-03,-4.192031621932983398e-01,-3.347652256488800049e-01,3.009292185306549072e-01,1.870358176529407501e-02,5.361389741301536560e-02,1.893299967050552368e-01,-1.718502491712570190e-01,2.271592244505882263e-02,-1.310493946075439453e-01,-3.995500504970550537e-02,-3.070856034755706787e-01,-1.706255823373794556e-01,3.522334396839141846e-01,-5.245198844932019711e-04,-4.086700081825256348e-01,2.984201908111572266e-01,-1.755067706108093262e-01,2.738918066024780273e-01,-3.659689724445343018e-01,-1.667456328868865967e-01,3.649389743804931641e-01,1.811159402132034302e-01,-6.627261638641357422e-02,-2.869195938110351562e-01,-2.217663377523422241e-01,-1.093696244060993195e-02,1.020506694912910461e-01,-3.715626895427703857e-02,-3.006274998188018799e-01,-1.029209345579147339e-01,5.259954929351806641e-01,-3.889213502407073975e-01,4.527720808982849121e-01,9.374649077653884888e-02,-5.649358034133911133e-01,7.078617066144943237e-02,6.534731388092041016e-02,3.345005810260772705e-01,4.046123325824737549e-01,-3.503424301743507385e-02,-1.746106594800949097e-01,-1.755286753177642822e-01,3.904951037839055061e-03,2.273702025413513184e-01
8.034661412239074707e-02,2.362760715186595917e-02,-1.323518753051757812e-01,7.385636866092681885e-02,7.557019591331481934e-02,-1.241485401988029480e-01,3.245232999324798584e-02,5.301750078797340393e-02,1.439019441604614258e-01,7.842949777841567993e-02,-3.183380141854286194e-02,-7.016450166702270508e-02,1.502646356821060181e-01,5.570173636078834534e-02,1.626423895359039307e-01,1.540682911872863770e-01,6.917218677699565887e-03,6.110102683305740356e-02,-7.057339698076248169e-02,-3.363310545682907104e-02,-1.962609440088272095e-01,1.340856552124023438e-01,2.612585574388504028e-02,-4.195424914360046387e-02,2.954041585326194763e-02,2.236165106296539307e-01,-1.343574970960617065e-01,-6.310222297906875610e-02,5.415768176317214966e-02,3.668342903256416321e-02,-6.035587191581726074e-02,-2.150867730379104614e-01,1.682427078485488892e-01,7.223215419799089432e-03,-1.909823156893253326e-03,-1.625597774982452393e-01,2.808663621544837952e-02,8.949610590934753418e-02,-1.211789622902870178e-01,-9.389828890562057495e-02,2.245964109897613525e-01,3.233128041028976440e-02,4.115108773112297058e-02,1.446222513914108276e-02,-1.054264008998870850e-01,-6.874973326921463013e-02,-1.707851588726043701e-01,-4.720770567655563354e-02,4.820270836353302002e-02,4.147594422101974487e-02,-6.173406913876533508e-02,1.033168137073516846e-01,9.779553860425949097e-02,2.832117024809122086e-04,2.336637303233146667e-02,-1.523165106773376465e-01,2.288181148469448090e-02,1.222023181617259979e-02,-6.691522896289825439e-02,-8.119443058967590332e-02,-6.159771606326103210e-02,6.000773608684539795e-02,7.652935106307268143e-03,1.247396320104598999e-01,5.990855395793914795e-03,-5.140531063079833984e-02,2.109329914674162865e-03,1.519921123981475830e-01,-1.670709401369094849e-01,4.762955475598573685e-03,-1.407267749309539795e-01,1.360346972942352295e-01,-5.946666374802589417e-02,1.895215958356857300e-01,-8.417571336030960083e-02,-1.426077932119369507e-01,-4.486571531742811203e-03,1.832913607358932495e-01,-1.082646697759628296e-01,-1.725856661796569824e-01,1.858923286199569702e-01,1.615593209862709045e-03,-9.333267807960510254e-02,6.477048620581626892e-03,-1.749826818704605103e-01,-1.264074891805648804e-01,3.370755538344383240e-02,6.209718994796276093e-03,1.103241369128227234e-01,7.853093743324279785e-02,-4.042896628379821777e-02,-4.326791316270828247e-02,-1.276754587888717651e-01,5.198275297880172729e-02,-1.812151074409484863e-01,-1.659569516777992249e-02,2.504051662981510162e-02,-2.086460444843396544e-04,-1.119879782199859619e-01,1.548318713903427124e-01,-2.287570200860500336e-02,1.225228458642959595e-01,-2.013386636972427368e-01,-7.012496888637542725e-02,2.064985036849975586e-01,-2.886608801782131195e-02,-1.454043984413146973e-01,-1.154652610421180725e-01,-9.522300958633422852e-02,-1.834533549845218658e-02,1.391667127609252930e-01,-4.095919430255889893e-02,-1.285267472267150879e-01,-6.724291015416383743e-03,1.305370926856994629e-01,-1.933296918869018555e-01,8.793310075998306274e-02,1.609978638589382172e-02,-1.919466555118560791e-01,6.281893700361251831e-02,-1.947331038536503911e-04,1.545435786247253418e-01,1.833537369966506958e-01,-7.143088430166244507e-02,-4.273127391934394836e-02,-1.249151080846786499e-01,1.896508410573005676e-02,6.967808306217193604e-02
3.539511561393737793e-02,3.968472406268119812e-02,-2.681197524070739746e-01,1.879010200500488281e-01,1.176339462399482727e-01,-3.722119331359863281e-02,5.017776042222976685e-02,1.289535313844680786e-01,7.842949777841567993e-02,1.007588803768157959e-01,-9.104746277444064617e-04,-1.176761761307716370e-01,2.220678031444549561e-01,1.033305376768112183e-01,2.618658542633056641e-01,2.461227774620056152e-01,3.105303039774298668e-03,1.068040356040000916e-01,-1.392151862382888794e-01,-1.038949936628341675e-01,-1.287509948015213013e-01,2.565646469593048096e-01,1.307635754346847534e-01,-5.579404532909393311e-02,3.799742087721824646e-02,3.002756237983703613e-01,-2.610850632190704346e-01,-8.764996379613876343e-02,2.187632173299789429e-01,-3.820249577984213829e-03,-4.434061236679553986e-03,-2.887468338012695312e-01,2.055593281984329224e-01,1.079819947481155396e-01,-1.123299635946750641e-02,-2.786945998668670654e-01,5.250145867466926575e-02,1.419086307287216187e-01,-2.042955160140991211e-01,-1.537600010633468628e-01,2.640978395938873291e-01,2.647737599909305573e-02,1.825867742300033569e-01,3.452592715620994568e-02,-2.901954762637615204e-02,-1.505129486322402954e-01,-2.895876467227935791e-01,-6.973774731159210205e-02,1.289908960461616516e-02,2.070527337491512299e-02,1.804271899163722992e-02,3.456572815775871277e-02,9.401170164346694946e-02,-2.615430578589439392e-02,-1.340573281049728394e-02,-2.872240841388702393e-01,6.086111068725585938e-02,2.431222237646579742e-02,-8.749758452177047729e-02,-1.347427964210510254e-01,-5.942182242870330811e-02,5.850492045283317566e-02,1.050941459834575653e-02,6.338819116353988647e-02,-4.816124215722084045e-03,-7.130745053291320801e-02,5.222141742706298828e-02,2.515262961387634277e-01,-2.575539052486419678e-01,2.364289388060569763e-02,-2.302028536796569824e-01,2.111077308654785156e-02,-6.314489990472793579e-02,2.832807600498199463e-01,-7.334125787019729614e-02,-2.379053682088851929e-01,-6.063512992113828659e-03,3.160998225212097168e-01,-1.195814758539199829e-01,-2.665915191173553467e-01,2.982035577297210693e-01,2.844610018655657768e-03,-1.897473633289337158e-01,6.757644470781087875e-03,-2.248432189226150513e-01,-2.087691426277160645e-01,7.868645340204238892e-02,1.243157498538494110e-02,1.059745773673057556e-01,1.214613392949104309e-01,-6.077427044510841370e-02,-4.799290373921394348e-02,-2.152598500251770020e-01,8.992373198270797729e-02,-2.592363953590393066e-01,-1.054789219051599503e-02,1.033192276954650879e-01,-3.139911277685314417e-04,-1.980735659599304199e-01,1.467165499925613403e-01,-7.249996066093444824e-02,1.049912944436073303e-01,-3.035843074321746826e-01,-1.109786257147789001e-01,3.288295567035675049e-01,8.449769578874111176e-03,-2.047950029373168945e-01,-2.350072711706161499e-01,-5.029515549540519714e-02,-2.429898083209991455e-02,1.694194674491882324e-01,-1.181347072124481201e-01,-2.312283664941787720e-01,3.730987384915351868e-02,2.824133932590484619e-01,-2.664934694766998291e-01,1.448076367378234863e-01,8.606809377670288086e-02,-2.882797718048095703e-01,8.596380800008773804e-02,6.324908882379531860e-02,2.107607275247573853e-01,2.668806016445159912e-01,-1.010996475815773010e-01,-1.487962603569030762e-01,-1.412651240825653076e-01,2.401882782578468323e-02,1.525228172540664673e-01
-8.991271257400512695e-02,1.159374136477708817e-02,-5.526833236217498779e-02,1.639247639104723930e-03,8.412432856857776642e-03,3.246583417057991028e-02,-4.370408877730369568e-02,-6.725081242620944977e-03,-3.183380141854286194e-02,-9.104746277444064617e-04,8.116573095321655273e-02,-1.818015985190868378e-02,9.205069392919540405e-02,2.166925696656107903e-03,3.674531355500221252e-02,6.795252114534378052e-02,-5.937218200415372849e-03,3.195736557245254517e-02,-2.166691422462463379e-02,-3.724237903952598572e-02,1.182119697332382202e-01,5.960927531123161316e-02,7.434444874525070190e-02,-1.399803790263831615e-03,9.708738070912659168e-04,7.154094427824020386e-02,-1.060282886028289795e-01,-2.468687854707241058e-02,1.193350702524185181e-01,1.041298080235719681e-02,6.666430085897445679e-02,-2.202996052801609039e-02,-3.538355603814125061e-02,1.001056358218193054e-01,-6.065904628485441208e-03,-8.713727444410324097e-02,1.340789441019296646e-02,2.736100181937217712e-02,-2.974162250757217407e-02,6.924673169851303101e-02,-4.397093132138252258e-02,-3.652968257665634155e-02,1.291171759366989136e-01,1.015498116612434387e-02,8.843194693326950073e-02,-1.152707710862159729e-01,-4.362054169178009033e-02,3.196590393781661987e-02,-4.601642116904258728e-02,-7.434745877981185913e-02,5.867499485611915588e-02,-7.256284356117248535e-02,-5.190292000770568848e-02,2.281264960765838623e-02,-6.157542020082473755e-02,-7.381366938352584839e-02,1.659905537962913513e-02,8.258579298853874207e-03,-4.588915966451168060e-03,-1.586788892745971680e-02,4.817311838269233704e-02,-2.836638875305652618e-02,-3.095984226092696190e-03,-1.127755790948867798e-01,-2.977283857762813568e-02,-1.200683787465095520e-02,4.810284078121185303e-02,3.091522492468357086e-02,-7.250092178583145142e-02,-1.607222482562065125e-02,-3.990277647972106934e-03,-1.526300013065338135e-01,-1.830387301743030548e-02,3.877177089452743530e-02,4.033825919032096863e-02,2.685101702809333801e-02,-2.482617972418665886e-03,7.052240520715713501e-02,1.161494627594947815e-01,-4.208481311798095703e-02,6.444567348808050156e-03,6.245076074264943600e-04,-4.221447929739952087e-02,3.445163893047720194e-04,6.590843200683593750e-02,-1.076913997530937195e-01,2.739442978054285049e-03,5.711596459150314331e-03,3.559473529458045959e-02,1.140569522976875305e-02,1.714353449642658234e-02,3.298778086900711060e-02,-2.103356458246707916e-02,9.631099179387092590e-03,-1.019449438899755478e-02,4.994656145572662354e-02,-2.351278439164161682e-03,-1.939790536198415793e-06,-5.999832972884178162e-02,-8.479791879653930664e-02,-2.359601669013500214e-02,-4.390605166554450989e-02,-3.862231224775314331e-02,-1.844611205160617828e-02,4.965107142925262451e-02,-1.066962927579879761e-01,4.407433420419692993e-02,-8.951662480831146240e-02,8.494744449853897095e-02,-3.489057300612330437e-03,4.334176890552043915e-03,5.378487054258584976e-03,-6.158391013741493225e-02,8.232159540057182312e-03,7.688224315643310547e-02,-2.654114179313182831e-02,1.116207242012023926e-02,5.838821083307266235e-02,1.359431445598602295e-02,7.498435297748073936e-05,3.928075730800628662e-02,-2.320046350359916687e-02,1.778147742152214050e-02,-1.399970706552267075e-02,-9.927143901586532593e-02,1.787813939154148102e-02,1.227655564434826374e-03,3.197287907823920250e-03
-4.123886674642562866e-02,-5.216014757752418518e-02,3.516767621040344238e-01,-2.569811046123504639e-01,-1.497028470039367676e-01,1.006246358156204224e-02,-4.305738210678100586e-02,-1.869188100099563599e-01,-7.016450166702270508e-02,-1.176761761307716370e-01,-1.818015985190868378e-02,1.539638638496398926e-01,-2.764921784400939941e-01,-1.693273931741714478e-01,-3.412420749664306641e-01,-3.198256194591522217e-01,-1.519009703770279884e-03,-1.457976549863815308e-01,1.725887060165405273e-01,1.363876312971115112e-01,1.266219019889831543e-01,-3.424761891365051270e-01,-1.901855319738388062e-01,6.649133563041687012e-02,-4.580241814255714417e-02,-3.645507395267486572e-01,3.378385007381439209e-01,1.089177876710891724e-01,-3.029251396656036377e-01,1.689491211436688900e-03,-1.857962086796760559e-02,3.559753894805908203e-01,-2.390928715467453003e-01,-1.703163534402847290e-01,1.707138493657112122e-02,3.697328865528106689e-01,-6.903481483459472656e-02,-1.781142354011535645e-01,2.550659477710723877e-01,2.161931246519088745e-01,-3.038162589073181152e-01,-2.704113535583019257e-02,-2.693290710449218750e-01,-4.692840948700904846e-02,-1.099571678787469864e-02,1.971538066864013672e-01,3.700337707996368408e-01,9.092505276203155518e-02,9.570511989295482635e-03,-7.245538756251335144e-03,-5.259281396865844727e-02,-8.658587466925382614e-04,-1.072377264499664307e-01,4.916272312402725220e-02,2.656008303165435791e-02,3.773601949214935303e-01,-9.151454269886016846e-02,-3.257565945386886597e-02,8.799641579389572144e-02,1.780701875686645508e-01,6.258481740951538086e-02,-6.020967289805412292e-02,-1.312553416937589645e-02,-2.521238848567008972e-02,1.299318019300699234e-02,8.617126196622848511e-02,-7.456465810537338257e-02,-3.219062983989715576e-01,3.356873691082000732e-01,-2.509016171097755432e-02,2.877464592456817627e-01,2.260755561292171478e-02,8.407230675220489502e-02,-3.612273335456848145e-01,7.354502379894256592e-02,2.927069067955017090e-01,7.128745783120393753e-03,-4.037546813488006592e-01,1.393723934888839722e-01,3.374171853065490723e-01,-3.776928484439849854e-01,-3.782707499340176582e-03,2.549988329410552979e-01,-7.821631617844104767e-03,2.683053016662597656e-01,2.747702896595001221e-01,-8.633667975664138794e-02,-1.661663502454757690e-02,-1.146556511521339417e-01,-1.512331813573837280e-01,6.933359056711196899e-02,5.855764448642730713e-02,2.727833688259124756e-01,-1.159997135400772095e-01,3.193946480751037598e-01,1.015151478350162506e-02,-1.476946920156478882e-01,3.865379840135574341e-04,2.662297785282135010e-01,-1.490377932786941528e-01,9.959112852811813354e-02,-9.509716928005218506e-02,3.861460387706756592e-01,1.394979804754257202e-01,-4.017338454723358154e-01,-2.355409972369670868e-02,2.410130202770233154e-01,3.175781965255737305e-01,2.898602001368999481e-02,2.839558571577072144e-02,-2.332008033990859985e-01,1.507589966058731079e-01,3.128631711006164551e-01,-4.202469810843467712e-02,-3.738077282905578613e-01,3.195029795169830322e-01,-1.923049986362457275e-01,-1.187385171651840210e-01,3.647498488426208496e-01,-1.074795499444007874e-01,-8.261340111494064331e-02,-2.589390873908996582e-01,-3.292464911937713623e-01,1.145424544811248779e-01,2.140223234891891479e-01,1.678492128849029541e-01,-2.453805506229400635e-02,-1.916279792785644531e-01
