9.999982118606567383e-01,-9.999984502792358398e-01,-9.999935626983642578e-01,9.999964833259582520e-01,9.999987483024597168e-01,-9.999986290931701660e-01,9.999936223030090332e-01,9.999990463256835938e-01,-9.999881386756896973e-01,9.999984502792358398e-01,-9.999986886978149414e-01,-9.999989867210388184e-01,9.999976754188537598e-01,9.999983310699462891e-01,9.999958872795104980e-01,9.999905824661254883e-01,9.999974370002746582e-01,-9.999972581863403320e-01,9.999909400939941406e-01,-9.999991655349731445e-01,-9.999988675117492676e-01,9.999939799308776855e-01,9.999985098838806152e-01,9.999963641166687012e-01,9.999900460243225098e-01,9.999988079071044922e-01,-9.999979734420776367e-01,-9.999986886978149414e-01,9.999920725822448730e-01,-9.999966621398925781e-01,-9.999887943267822266e-01,-9.999977946281433105e-01,9.999788403511047363e-01,9.999934434890747070e-01,-9.999977350234985352e-01,9.999532103538513184e-01,9.999989271163940430e-01,9.999983906745910645e-01,9.999727606773376465e-01,-9.999988079071044922e-01,9.999985694885253906e-01,9.999925494194030762e-01,9.999778866767883301e-01,9.999989271163940430e-01,9.999979734420776367e-01,9.999976158142089844e-01,-9.999931454658508301e-01,9.999986886978149414e-01,9.999984502792358398e-01,-9.999983906745910645e-01,-9.999988079071044922e-01,-9.999986290931701660e-01,-9.999985694885253906e-01,-9.999926090240478516e-01,-9.999986290931701660e-01,-9.999978542327880859e-01,9.999870657920837402e-01,9.999955892562866211e-01,9.999920725822448730e-01,9.999981522560119629e-01,-9.999981522560119629e-01,9.999987483024597168e-01,9.999982714653015137e-01,9.999954700469970703e-01,-9.999911189079284668e-01,-9.999988675117492676e-01,-9.999990463256835938e-01,-9.999946951866149902e-01,-9.999990463256835938e-01,9.999979138374328613e-01,-9.999988079071044922e-01,9.999928474426269531e-01,-9.999960660934448242e-01,-9.999935030937194824e-01,-9.999861717224121094e-01,-9.999983906745910645e-01,9.999895095825195312e-01,9.999987483024597168e-01,-9.999910593032836914e-01,-9.999945759773254395e-01,9.999932050704956055e-01,9.999973177909851074e-01,-9.999986886978149414e-01,9.999980330467224121e-01,-9.999982714653015137e-01,-9.999768137931823730e-01,-9.999725818634033203e-01,9.999988675117492676e-01,9.999926686286926270e-01,9.999932050704956055e-01,-9.999908804893493652e-01,9.999982118606567383e-01,-9.999861717224121094e-01,-9.999969005584716797e-01,9.999964237213134766e-01,-9.999979138374328613e-01,-9.999845027923583984e-01,9.999990463256835938e-01,-9.999986886978149414e-01,9.999972581863403320e-01,-9.999969005584716797e-01,9.999989867210388184e-01,9.999593496322631836e-01,9.999585151672363281e-01,9.999985694885253906e-01,9.999939203262329102e-01,-9.999786615371704102e-01,-9.999984502792358398e-01,-9.999937415122985840e-01,9.999985098838806152e-01,-9.999985098838806152e-01,9.999968409538269043e-01,-9.999980330467224121e-01,-9.999015331268310547e-01,9.999989867210388184e-01,-9.999960064888000488e-01,9.999989867210388184e-01,-9.999976754188537598e-01,-9.999951720237731934e-01,-9.999947547912597656e-01,-9.999980330467224121e-01,9.999967813491821289e-01,9.999969601631164551e-01,-9.999961853027343750e-01,-9.999910593032836914e-01,-9.999936223030090332e-01,-9.999231100082397461e-01,-9.999862313270568848e-01
-9.999984502792358398e-01,9.999985694885253906e-01,9.999944567680358887e-01,-9.999969601631164551e-01,-9.999989271163940430e-01,9.999988079071044922e-01,-9.999944567680358887e-01,-9.999991655349731445e-01,9.999896883964538574e-01,-9.999986290931701660e-01,9.999988079071044922e-01,9.999990463256835938e-01,-9.999979138374328613e-01,-9.999984502792358398e-01,-9.999964237213134766e-01,-9.999917745590209961e-01,-9.999977350234985352e-01,9.999975562095642090e-01,-9.999921321868896484e-01,9.999991655349731445e-01,9.999989867210388184e-01,-9.999947547912597656e-01,-9.999986886978149414e-01,-9.999968409538269043e-01,-9.999913573265075684e-01,-9.999989271163940430e-01,9.999982714653015137e-01,9.999988079071044922e-01,-9.999930262565612793e-01,9.999970793724060059e-01,9.999902844429016113e-01,9.999980330467224121e-01,-9.999817013740539551e-01,-9.999943375587463379e-01,9.999979138374328613e-01,-9.999594688415527344e-01,-9.999990463256835938e-01,-9.999985098838806152e-01,-9.999764561653137207e-01,9.999989867210388184e-01,-9.999986886978149414e-01,-9.999934434890747070e-01,-9.999808669090270996e-01,-9.999990463256835938e-01,-9.999982118606567383e-01,-9.999979138374328613e-01,9.999940991401672363e-01,-9.999988079071044922e-01,-9.999986290931701660e-01,9.999986290931701660e-01,9.999988079071044922e-01,9.999987483024597168e-01,9.999987483024597168e-01,9.999935030937194824e-01,9.999987483024597168e-01,9.999980926513671875e-01,-9.999887347221374512e-01,-9.999959468841552734e-01,-9.999932050704956055e-01,-9.999983310699462891e-01,9.999983906745910645e-01,-9.999988675117492676e-01,-9.999983906745910645e-01,-9.999958872795104980e-01,9.999923706054687500e-01,9.999989271163940430e-01,9.999991655349731445e-01,9.999953508377075195e-01,9.999991059303283691e-01,-9.999981522560119629e-01,9.999989271163940430e-01,-9.999937415122985840e-01,9.999966025352478027e-01,9.999942779541015625e-01,9.999879598617553711e-01,9.999986290931701660e-01,-9.999908804893493652e-01,-9.999989271163940430e-01,9.999922513961791992e-01,9.999952912330627441e-01,-9.999940395355224609e-01,-9.999976158142089844e-01,9.999988079071044922e-01,-9.999982714653015137e-01,9.999983906745910645e-01,9.999799132347106934e-01,9.999762773513793945e-01,-9.999990463256835938e-01,-9.999935626983642578e-01,-9.999941587448120117e-01,9.999920725822448730e-01,-9.999984502792358398e-01,9.999879598617553711e-01,9.999972581863403320e-01,-9.999969005584716797e-01,9.999981522560119629e-01,9.999865293502807617e-01,-9.999991059303283691e-01,9.999988675117492676e-01,-9.999975562095642090e-01,9.999971985816955566e-01,-9.999991655349731445e-01,-9.999648332595825195e-01,-9.999641180038452148e-01,-9.999986886978149414e-01,-9.999947547912597656e-01,9.999815821647644043e-01,9.999985694885253906e-01,9.999945163726806641e-01,-9.999986290931701660e-01,9.999986290931701660e-01,-9.999971985816955566e-01,9.999982118606567383e-01,9.999149441719055176e-01,-9.999992251396179199e-01,9.999964833259582520e-01,-9.999991059303283691e-01,9.999979734420776367e-01,9.999957680702209473e-01,9.999953508377075195e-01,9.999982714653015137e-01,-9.999970197677612305e-01,-9.999972581863403320e-01,9.999967217445373535e-01,9.999921917915344238e-01,9.999945163726806641e-01,9.999336004257202148e-01,9.999879002571105957e-01
-9.999935626983642578e-01,9.999944567680358887e-01,9.999781847000122070e-01,-9.999881386756896973e-01,-9.999957084655761719e-01,9.999954104423522949e-01,-9.999782443046569824e-01,-9.999964237213134766e-01,9.999593496322631836e-01,-9.999946951866149902e-01,9.999955296516418457e-01,9.999960064888000488e-01,-9.999917745590209961e-01,-9.999939799308776855e-01,-9.999858140945434570e-01,-9.999676346778869629e-01,-9.999912381172180176e-01,9.999906420707702637e-01,-9.999690055847167969e-01,9.999966025352478027e-01,9.999960064888000488e-01,-9.999794960021972656e-01,-9.999948143959045410e-01,-9.999873638153076172e-01,-9.999658465385437012e-01,-9.999958872795104980e-01,9.999932646751403809e-01,9.999955296516418457e-01,-9.999727010726928711e-01,9.999886751174926758e-01,9.999616146087646484e-01,9.999923706054687500e-01,-9.999276995658874512e-01,-9.999777078628540039e-01,9.999923110008239746e-01,-9.998405575752258301e-01,-9.999960660934448242e-01,-9.999944567680358887e-01,-9.999071359634399414e-01,9.999958276748657227e-01,-9.999948143959045410e-01,-9.999741911888122559e-01,-9.999244213104248047e-01,-9.999961256980895996e-01,-9.999930858612060547e-01,-9.999918341636657715e-01,9.999766945838928223e-01,-9.999954104423522949e-01,-9.999947547912597656e-01,9.999945759773254395e-01,9.999956488609313965e-01,9.999951720237731934e-01,9.999950528144836426e-01,9.999744296073913574e-01,9.999950528144836426e-01,9.999925494194030762e-01,-9.999555349349975586e-01,-9.999846816062927246e-01,-9.999731183052062988e-01,-9.999934434890747070e-01,9.999938607215881348e-01,-9.999958276748657227e-01,-9.999938011169433594e-01,-9.999843835830688477e-01,9.999697804450988770e-01,9.999959468841552734e-01,9.999964833259582520e-01,9.999817609786987305e-01,9.999961256980895996e-01,-9.999929070472717285e-01,9.999958276748657227e-01,-9.999752640724182129e-01,9.999868869781494141e-01,9.999774694442749023e-01,9.999524950981140137e-01,9.999945759773254395e-01,-9.999639987945556641e-01,-9.999955892562866211e-01,9.999694824218750000e-01,9.999814033508300781e-01,-9.999765753746032715e-01,-9.999909400939941406e-01,9.999956488609313965e-01,-9.999932050704956055e-01,9.999938607215881348e-01,9.999207854270935059e-01,9.999063014984130859e-01,-9.999959468841552734e-01,-9.999746680259704590e-01,-9.999769330024719238e-01,9.999684691429138184e-01,-9.999940395355224609e-01,9.999524950981140137e-01,9.999893903732299805e-01,-9.999880194664001465e-01,9.999928474426269531e-01,9.999468922615051270e-01,-9.999963045120239258e-01,9.999955296516418457e-01,-9.999905228614807129e-01,9.999892115592956543e-01,-9.999960064888000488e-01,-9.998616576194763184e-01,-9.998589754104614258e-01,-9.999952316284179688e-01,-9.999791979789733887e-01,9.999271035194396973e-01,9.999943971633911133e-01,9.999784231185913086e-01,-9.999946951866149902e-01,9.999946951866149902e-01,-9.999890923500061035e-01,9.999930858612060547e-01,9.996650815010070801e-01,-9.999963045120239258e-01,9.999862313270568848e-01,-9.999961853027343750e-01,9.999918937683105469e-01,9.999833703041076660e-01,9.999818205833435059e-01,9.999930858612060547e-01,-9.999885559082031250e-01,-9.999894499778747559e-01,9.999873042106628418e-01,9.999693632125854492e-01,9.999783039093017578e-01,9.997387528419494629e-01,9.999527335166931152e-01
9.999964833259582520e-01,-9.999969601631164551e-01,-9.999881386756896973e-01,9.999935626983642578e-01,9.999976158142089844e-01,-9.999974370002746582e-01,9.999881982803344727e-01,9.999980926513671875e-01,-9.999779462814331055e-01,9.999970197677612305e-01,-9.999974966049194336e-01,-9.999977946281433105e-01,9.999955296516418457e-01,9.999966621398925781e-01,9.999922513961791992e-01,9.999824166297912598e-01,9.999952316284179688e-01,-9.999948740005493164e-01,9.999830722808837891e-01,-9.999980330467224121e-01,-9.999977350234985352e-01,9.999887943267822266e-01,9.999971985816955566e-01,9.999932050704956055e-01,9.999814629554748535e-01,9.999976158142089844e-01,-9.999963045120239258e-01,-9.999974966049194336e-01,9.999851584434509277e-01,-9.999938011169433594e-01,-9.999791383743286133e-01,-9.999958276748657227e-01,9.999607205390930176e-01,9.999879002571105957e-01,-9.999958276748657227e-01,9.999133348464965820e-01,9.999977946281433105e-01,9.999969005584716797e-01,9.999494552612304688e-01,-9.999977350234985352e-01,9.999971389770507812e-01,9.999858736991882324e-01,9.999588727951049805e-01,9.999979138374328613e-01,9.999961853027343750e-01,9.999954700469970703e-01,-9.999872446060180664e-01,9.999974966049194336e-01,9.999970793724060059e-01,-9.999970197677612305e-01,-9.999974966049194336e-01,-9.999973177909851074e-01,-9.999972581863403320e-01,-9.999861121177673340e-01,-9.999971985816955566e-01,-9.999959468841552734e-01,9.999759197235107422e-01,9.999916553497314453e-01,9.999852776527404785e-01,9.999963641166687012e-01,-9.999964833259582520e-01,9.999976754188537598e-01,9.999966025352478027e-01,9.999914765357971191e-01,-9.999835491180419922e-01,-9.999977350234985352e-01,-9.999980926513671875e-01,-9.999900460243225098e-01,-9.999979138374328613e-01,9.999960660934448242e-01,-9.999976754188537598e-01,9.999864697456359863e-01,-9.999927878379821777e-01,-9.999876618385314941e-01,-9.999741315841674805e-01,-9.999969601631164551e-01,9.999804496765136719e-01,9.999976158142089844e-01,-9.999833703041076660e-01,-9.999898076057434082e-01,9.999871850013732910e-01,9.999950528144836426e-01,-9.999975562095642090e-01,9.999961256980895996e-01,-9.999966025352478027e-01,-9.999569654464721680e-01,-9.999490976333618164e-01,9.999977350234985352e-01,9.999862313270568848e-01,9.999874830245971680e-01,-9.999828934669494629e-01,9.999966025352478027e-01,-9.999741315841674805e-01,-9.999941587448120117e-01,9.999935030937194824e-01,-9.999960660934448242e-01,-9.999712109565734863e-01,9.999979734420776367e-01,-9.999974966049194336e-01,9.999948143959045410e-01,-9.999940395355224609e-01,9.999978542327880859e-01,9.999247789382934570e-01,9.999232888221740723e-01,9.999973177909851074e-01,9.999886751174926758e-01,-9.999603033065795898e-01,-9.999968409538269043e-01,-9.999882578849792480e-01,9.999970793724060059e-01,-9.999970197677612305e-01,9.999940395355224609e-01,-9.999961853027343750e-01,-9.998181462287902832e-01,9.999980330467224121e-01,-9.999926090240478516e-01,9.999978542327880859e-01,-9.999956488609313965e-01,-9.999909996986389160e-01,-9.999901056289672852e-01,-9.999961256980895996e-01,9.999938011169433594e-01,9.999942779541015625e-01,-9.999929666519165039e-01,-9.999833106994628906e-01,-9.999881982803344727e-01,-9.998580813407897949e-01,-9.999742507934570312e-01
9.999987483024597168e-01,-9.999989271163940430e-01,-9.999957084655761719e-01,9.999976158142089844e-01,9.999992251396179199e-01,-9.999990463256835938e-01,9.999957084655761719e-01,9.999993443489074707e-01,-9.999920725822448730e-01,9.999988675117492676e-01,-9.999990463256835938e-01,-9.999992847442626953e-01,9.999983906745910645e-01,9.999988079071044922e-01,9.999971389770507812e-01,9.999936819076538086e-01,9.999982714653015137e-01,-9.999980330467224121e-01,9.999938607215881348e-01,-9.999993443489074707e-01,-9.999991655349731445e-01,9.999958276748657227e-01,9.999990463256835938e-01,9.999975562095642090e-01,9.999933242797851562e-01,9.999992251396179199e-01,-9.999986886978149414e-01,-9.999990463256835938e-01,9.999946355819702148e-01,-9.999976754188537598e-01,-9.999925494194030762e-01,-9.999985098838806152e-01,9.999859333038330078e-01,9.999956488609313965e-01,-9.999983906745910645e-01,9.999689459800720215e-01,9.999992847442626953e-01,9.999988675117492676e-01,9.999818801879882812e-01,-9.999992251396179199e-01,9.999989867210388184e-01,9.999948740005493164e-01,9.999852776527404785e-01,9.999992251396179199e-01,9.999985694885253906e-01,9.999983906745910645e-01,-9.999954104423522949e-01,9.999991655349731445e-01,9.999988675117492676e-01,-9.999988675117492676e-01,-9.999992251396179199e-01,-9.999991059303283691e-01,-9.999989867210388184e-01,-9.999949932098388672e-01,-9.999991059303283691e-01,-9.999984502792358398e-01,9.999913573265075684e-01,9.999969601631164551e-01,9.999947547912597656e-01,9.999986886978149414e-01,-9.999988079071044922e-01,9.999992251396179199e-01,9.999988079071044922e-01,9.999969601631164551e-01,-9.999940991401672363e-01,-9.999992251396179199e-01,-9.999992847442626953e-01,-9.999963641166687012e-01,-9.999992847442626953e-01,9.999985694885253906e-01,-9.999992251396179199e-01,9.999951720237731934e-01,-9.999973773956298828e-01,-9.999955296516418457e-01,-9.999907016754150391e-01,-9.999988675117492676e-01,9.999929666519165039e-01,9.999992847442626953e-01,-9.999939799308776855e-01,-9.999963045120239258e-01,9.999953508377075195e-01,9.999982118606567383e-01,-9.999991655349731445e-01,9.999986290931701660e-01,-9.999988079071044922e-01,-9.999846816062927246e-01,-9.999817609786987305e-01,9.999991655349731445e-01,9.999950528144836426e-01,9.999955296516418457e-01,-9.999938607215881348e-01,9.999987483024597168e-01,-9.999907016754150391e-01,-9.999979138374328613e-01,9.999975562095642090e-01,-9.999985694885253906e-01,-9.999897480010986328e-01,9.999993443489074707e-01,-9.999991059303283691e-01,9.999980926513671875e-01,-9.999977946281433105e-01,9.999992847442626953e-01,9.999730587005615234e-01,9.999724626541137695e-01,9.999991059303283691e-01,9.999958872795104980e-01,-9.999858140945434570e-01,-9.999988675117492676e-01,-9.999957680702209473e-01,9.999989271163940430e-01,-9.999988675117492676e-01,9.999978542327880859e-01,-9.999986290931701660e-01,-9.999346733093261719e-01,9.999993443489074707e-01,-9.999971985816955566e-01,9.999993443489074707e-01,-9.999983906745910645e-01,-9.999967217445373535e-01,-9.999963045120239258e-01,-9.999985694885253906e-01,9.999977946281433105e-01,9.999978542327880859e-01,-9.999974966049194336e-01,-9.999940395355224609e-01,-9.999957680702209473e-01,-9.999490380287170410e-01,-9.999908208847045898e-01
-9.999986290931701660e-01,9.999988079071044922e-01,9.999954104423522949e-01,-9.999974370002746582e-01,-9.999990463256835938e-01,9.999991059303283691e-01,-9.999953508377075195e-01,-9.999992251396179199e-01,9.999914765357971191e-01,-9.999988675117492676e-01,9.999989867210388184e-01,9.999992847442626953e-01,-9.999982714653015137e-01,-9.999987483024597168e-01,-9.999969601631164551e-01,-9.999932050704956055e-01,-9.999980330467224121e-01,9.999979138374328613e-01,-9.999935030937194824e-01,9.999993443489074707e-01,9.999992251396179199e-01,-9.999956488609313965e-01,-9.999989271163940430e-01,-9.999973773956298828e-01,-9.999928474426269531e-01,-9.999991655349731445e-01,9.999985694885253906e-01,9.999989867210388184e-01,-9.999942779541015625e-01,9.999975562095642090e-01,9.999920129776000977e-01,9.999983906745910645e-01,-9.999848604202270508e-01,-9.999953508377075195e-01,9.999982714653015137e-01,-9.999666213989257812e-01,-9.999992251396179199e-01,-9.999988079071044922e-01,-9.999805092811584473e-01,9.999991655349731445e-01,-9.999989271163940430e-01,-9.999945163726806641e-01,-9.999842047691345215e-01,-9.999992251396179199e-01,-9.999985098838806152e-01,-9.999981522560119629e-01,9.999951124191284180e-01,-9.999991059303283691e-01,-9.999988675117492676e-01,9.999988079071044922e-01,9.999991655349731445e-01,9.999990463256835938e-01,9.999989867210388184e-01,9.999946355819702148e-01,9.999989867210388184e-01,9.999984502792358398e-01,-9.999907016754150391e-01,-9.999967217445373535e-01,-9.999942779541015625e-01,-9.999986290931701660e-01,9.999986290931701660e-01,-9.999990463256835938e-01,-9.999986886978149414e-01,-9.999966025352478027e-01,9.999936223030090332e-01,9.999991655349731445e-01,9.999992251396179199e-01,9.999961256980895996e-01,9.999992847442626953e-01,-9.999985098838806152e-01,9.999991655349731445e-01,-9.999948143959045410e-01,9.999971985816955566e-01,9.999952912330627441e-01,9.999901652336120605e-01,9.999988675117492676e-01,-9.999924302101135254e-01,-9.999992251396179199e-01,9.999936223030090332e-01,9.999960660934448242e-01,-9.999951124191284180e-01,-9.999979734420776367e-01,9.999991059303283691e-01,-9.999984502792358398e-01,9.999986886978149414e-01,9.999834299087524414e-01,9.999803900718688965e-01,-9.999992251396179199e-01,-9.999946951866149902e-01,-9.999951124191284180e-01,9.999933838844299316e-01,-9.999986290931701660e-01,9.999899864196777344e-01,9.999977350234985352e-01,-9.999973773956298828e-01,9.999984502792358398e-01,9.999889135360717773e-01,-9.999992847442626953e-01,9.999989867210388184e-01,-9.999979734420776367e-01,9.999976158142089844e-01,-9.999992251396179199e-01,-9.999710321426391602e-01,-9.999703764915466309e-01,-9.999990463256835938e-01,-9.999956488609313965e-01,9.999848604202270508e-01,9.999988079071044922e-01,9.999955296516418457e-01,-9.999988675117492676e-01,9.999988675117492676e-01,-9.999976754188537598e-01,9.999985098838806152e-01,9.999298453330993652e-01,-9.999993443489074707e-01,9.999970793724060059e-01,-9.999992847442626953e-01,9.999983906745910645e-01,9.999964833259582520e-01,9.999960660934448242e-01,9.999985694885253906e-01,-9.999976158142089844e-01,-9.999977350234985352e-01,9.999973773956298828e-01,9.999935626983642578e-01,9.999954700469970703e-01,9.999451637268066406e-01,9.999901056289672852e-01
9.999936223030090332e-01,-9.999944567680358887e-01,-9.999782443046569824e-01,9.999881982803344727e-01,9.999957084655761719e-01,-9.999953508377075195e-01,9.999783039093017578e-01,9.999964833259582520e-01,-9.999593496322631836e-01,9.999948143959045410e-01,-9.999955296516418457e-01,-9.999960064888000488e-01,9.999918341636657715e-01,9.999940991401672363e-01,9.999858140945434570e-01,9.999676346778869629e-01,9.999912381172180176e-01,-9.999907016754150391e-01,9.999690651893615723e-01,-9.999966025352478027e-01,-9.999960064888000488e-01,9.999796152114868164e-01,9.999949336051940918e-01,9.999874830245971680e-01,9.999659061431884766e-01,9.999958872795104980e-01,-9.999932646751403809e-01,-9.999955296516418457e-01,9.999727010726928711e-01,-9.999887347221374512e-01,-9.999617338180541992e-01,-9.999924302101135254e-01,9.999278783798217773e-01,9.999777078628540039e-01,-9.999924302101135254e-01,9.998409748077392578e-01,9.999960660934448242e-01,9.999945163726806641e-01,9.999072551727294922e-01,-9.999958872795104980e-01,9.999948740005493164e-01,9.999741315841674805e-01,9.999246001243591309e-01,9.999961256980895996e-01,9.999930858612060547e-01,9.999918937683105469e-01,-9.999767541885375977e-01,9.999954700469970703e-01,9.999947547912597656e-01,-9.999945759773254395e-01,-9.999956488609313965e-01,-9.999951720237731934e-01,-9.999950528144836426e-01,-9.999744892120361328e-01,-9.999951124191284180e-01,-9.999926686286926270e-01,9.999556541442871094e-01,9.999846220016479492e-01,9.999731779098510742e-01,9.999935626983642578e-01,-9.999938607215881348e-01,9.999958872795104980e-01,9.999939203262329102e-01,9.999845623970031738e-01,-9.999699592590332031e-01,-9.999958872795104980e-01,-9.999964833259582520e-01,-9.999818205833435059e-01,-9.999962449073791504e-01,9.999929070472717285e-01,-9.999958276748657227e-01,9.999753236770629883e-01,-9.999868869781494141e-01,-9.999775290489196777e-01,-9.999526143074035645e-01,-9.999946355819702148e-01,9.999639987945556641e-01,9.999955892562866211e-01,-9.999695420265197754e-01,-9.999814033508300781e-01,9.999766349792480469e-01,9.999909996986389160e-01,-9.999956488609313965e-01,9.999930858612060547e-01,-9.999939799308776855e-01,-9.999209642410278320e-01,-9.999065399169921875e-01,9.999960660934448242e-01,9.999747276306152344e-01,9.999769926071166992e-01,-9.999685287475585938e-01,9.999940395355224609e-01,-9.999526143074035645e-01,-9.999893903732299805e-01,9.999880194664001465e-01,-9.999928474426269531e-01,-9.999471306800842285e-01,9.999963045120239258e-01,-9.999955892562866211e-01,9.999905228614807129e-01,-9.999892115592956543e-01,9.999960660934448242e-01,9.998619556427001953e-01,9.998592734336853027e-01,9.999952316284179688e-01,9.999793171882629395e-01,-9.999272823333740234e-01,-9.999944567680358887e-01,-9.999784827232360840e-01,9.999946951866149902e-01,-9.999946355819702148e-01,9.999889731407165527e-01,-9.999931454658508301e-01,-9.996657967567443848e-01,9.999963641166687012e-01,-9.999864101409912109e-01,9.999961853027343750e-01,-9.999918937683105469e-01,-9.999834895133972168e-01,-9.999818801879882812e-01,-9.999932050704956055e-01,9.999885559082031250e-01,9.999893903732299805e-01,-9.999873042106628418e-01,-9.999694228172302246e-01,-9.999783635139465332e-01,-9.997393488883972168e-01,-9.999527931213378906e-01
9.999990463256835938e-01,-9.999991655349731445e-01,-9.999964237213134766e-01,9.999980926513671875e-01,9.999993443489074707e-01,-9.999992251396179199e-01,9.999964833259582520e-01,9.999994635581970215e-01,-9.999935626983642578e-01,9.999991655349731445e-01,-9.999993443489074707e-01,-9.999994039535522461e-01,9.999986886978149414e-01,9.999991655349731445e-01,9.999976754188537598e-01,9.999947547912597656e-01,9.999985694885253906e-01,-9.999985098838806152e-01,9.999949932098388672e-01,-9.999994635581970215e-01,-9.999992847442626953e-01,9.999965429306030273e-01,9.999992251396179199e-01,9.999979734420776367e-01,9.999945163726806641e-01,9.999993443489074707e-01,-9.999989271163940430e-01,-9.999992251396179199e-01,9.999956488609313965e-01,-9.999981522560119629e-01,-9.999939203262329102e-01,-9.999987483024597168e-01,9.999884366989135742e-01,9.999963641166687012e-01,-9.999986886978149414e-01,9.999744296073913574e-01,9.999994635581970215e-01,9.999991655349731445e-01,9.999850988388061523e-01,-9.999993443489074707e-01,9.999992847442626953e-01,9.999957680702209473e-01,9.999879002571105957e-01,9.999994635581970215e-01,9.999988675117492676e-01,9.999986290931701660e-01,-9.999961853027343750e-01,9.999994039535522461e-01,9.999991655349731445e-01,-9.999990463256835938e-01,-9.999992847442626953e-01,-9.999992847442626953e-01,-9.999991655349731445e-01,-9.999958872795104980e-01,-9.999993443489074707e-01,-9.999988079071044922e-01,9.999929666519165039e-01,9.999974966049194336e-01,9.999957084655761719e-01,9.999989867210388184e-01,-9.999989271163940430e-01,9.999993443489074707e-01,9.999990463256835938e-01,9.999973773956298828e-01,-9.999951720237731934e-01,-9.999994635581970215e-01,-9.999994635581970215e-01,-9.999970197677612305e-01,-9.999994039535522461e-01,9.999988675117492676e-01,-9.999994635581970215e-01,9.999959468841552734e-01,-9.999979138374328613e-01,-9.999964237213134766e-01,-9.999924898147583008e-01,-9.999991655349731445e-01,9.999942183494567871e-01,9.999992847442626953e-01,-9.999951124191284180e-01,-9.999969601631164551e-01,9.999961853027343750e-01,9.999984502792358398e-01,-9.999993443489074707e-01,9.999988675117492676e-01,-9.999991655349731445e-01,-9.999874234199523926e-01,-9.999849796295166016e-01,9.999993443489074707e-01,9.999960064888000488e-01,9.999962449073791504e-01,-9.999949932098388672e-01,9.999989867210388184e-01,-9.999923706054687500e-01,-9.999982714653015137e-01,9.999980330467224121e-01,-9.999988079071044922e-01,-9.999914765357971191e-01,9.999994635581970215e-01,-9.999993443489074707e-01,9.999984502792358398e-01,-9.999982714653015137e-01,9.999994635581970215e-01,9.999778270721435547e-01,9.999774098396301270e-01,9.999991655349731445e-01,9.999966025352478027e-01,-9.999883174896240234e-01,-9.999991655349731445e-01,-9.999964833259582520e-01,9.999991655349731445e-01,-9.999991059303283691e-01,9.999983310699462891e-01,-9.999988675117492676e-01,-9.999462366104125977e-01,9.999995231628417969e-01,-9.999977946281433105e-01,9.999994635581970215e-01,-9.999987483024597168e-01,-9.999973177909851074e-01,-9.999970793724060059e-01,-9.999988079071044922e-01,9.999981522560119629e-01,9.999982714653015137e-01,-9.999979138374328613e-01,-9.999950528144836426e-01,-9.999964833259582520e-01,-9.999579787254333496e-01,-9.999923110008239746e-01
-9.999881386756896973e-01,9.999896883964538574e-01,9.999593496322631836e-01,-9.999779462814331055e-01,-9.999920725822448730e-01,9.999914765357971191e-01,-9.999593496322631836e-01,-9.999935626983642578e-01,9.999241828918457031e-01,-9.999902248382568359e-01,9.999917149543762207e-01,9.999927282333374023e-01,-9.999846816062927246e-01,-9.999888539314270020e-01,-9.999734163284301758e-01,-9.999397397041320801e-01,-9.999836087226867676e-01,9.999827146530151367e-01,-9.999420642852783203e-01,9.999937415122985840e-01,9.999924898147583008e-01,-9.999617934226989746e-01,-9.999905228614807129e-01,-9.999765157699584961e-01,-9.999362826347351074e-01,-9.999922513961791992e-01,9.999874830245971680e-01,9.999917149543762207e-01,-9.999488592147827148e-01,9.999790191650390625e-01,9.999284744262695312e-01,9.999858140945434570e-01,-9.998653531074523926e-01,-9.999583363533020020e-01,9.999858736991882324e-01,-9.997028708457946777e-01,-9.999927282333374023e-01,-9.999898076057434082e-01,-9.998268485069274902e-01,9.999922513961791992e-01,-9.999904632568359375e-01,-9.999518394470214844e-01,-9.998592734336853027e-01,-9.999929070472717285e-01,-9.999870061874389648e-01,-9.999849200248718262e-01,9.999565482139587402e-01,-9.999915361404418945e-01,-9.999902248382568359e-01,9.999898672103881836e-01,9.999920129776000977e-01,9.999910593032836914e-01,9.999909996986389160e-01,9.999523758888244629e-01,9.999908804893493652e-01,9.999862909317016602e-01,-9.999172091484069824e-01,-9.999715089797973633e-01,-9.999498128890991211e-01,-9.999878406524658203e-01,9.999885559082031250e-01,-9.999923110008239746e-01,-9.999885559082031250e-01,-9.999711513519287109e-01,9.999437332153320312e-01,9.999923110008239746e-01,9.999935030937194824e-01,9.999659657478332520e-01,9.999931454658508301e-01,-9.999867081642150879e-01,9.999922513961791992e-01,-9.999538064002990723e-01,9.999755620956420898e-01,9.999579191207885742e-01,9.999114274978637695e-01,9.999899864196777344e-01,-9.999327659606933594e-01,-9.999917149543762207e-01,9.999429583549499512e-01,9.999651908874511719e-01,-9.999562501907348633e-01,-9.999831914901733398e-01,9.999918937683105469e-01,-9.999871850013732910e-01,9.999886751174926758e-01,9.998524188995361328e-01,9.998254179954528809e-01,-9.999926686286926270e-01,-9.999527931213378906e-01,-9.999570250511169434e-01,9.999412298202514648e-01,-9.999888539314270020e-01,9.999114274978637695e-01,9.999802112579345703e-01,-9.999775290489196777e-01,9.999867677688598633e-01,9.999010562896728516e-01,-9.999932050704956055e-01,9.999918341636657715e-01,-9.999822974205017090e-01,9.999799728393554688e-01,-9.999927282333374023e-01,-9.997420907020568848e-01,-9.997370839118957520e-01,-9.999911785125732422e-01,-9.999613165855407715e-01,9.998641014099121094e-01,9.999896883964538574e-01,9.999597668647766113e-01,-9.999901652336120605e-01,9.999901652336120605e-01,-9.999795556068420410e-01,9.999871850013732910e-01,9.993757605552673340e-01,-9.999933838844299316e-01,9.999745488166809082e-01,-9.999931454658508301e-01,9.999847412109375000e-01,9.999690651893615723e-01,9.999662041664123535e-01,9.999873042106628418e-01,-9.999787211418151855e-01,-9.999803900718688965e-01,9.999762773513793945e-01,9.999427795410156250e-01,9.999595880508422852e-01,9.995130300521850586e-01,9.999118447303771973e-01
9.999984502792358398e-01,-9.999986290931701660e-01,-9.999946951866149902e-01,9.999970197677612305e-01,9.999988675117492676e-01,-9.999988675117492676e-01,9.999948143959045410e-01,9.999991655349731445e-01,-9.999902248382568359e-01,9.999988079071044922e-01,-9.999988675117492676e-01,-9.999991059303283691e-01,9.999979734420776367e-01,9.999985098838806152e-01,9.999964833259582520e-01,9.999921917915344238e-01,9.999978542327880859e-01,-9.999977350234985352e-01,9.999924898147583008e-01,-9.999992251396179199e-01,-9.999990463256835938e-01,9.999950528144836426e-01,9.999987483024597168e-01,9.999969601631164551e-01,9.999918341636657715e-01,9.999989867210388184e-01,-9.999983310699462891e-01,-9.999988675117492676e-01,9.999935030937194824e-01,-9.999971389770507812e-01,-9.999907612800598145e-01,-9.999981522560119629e-01,9.999825954437255859e-01,9.999946355819702148e-01,-9.999981522560119629e-01,9.999614357948303223e-01,9.999991059303283691e-01,9.999986290931701660e-01,9.999775886535644531e-01,-9.999990463256835938e-01,9.999987483024597168e-01,9.999937415122985840e-01,9.999817609786987305e-01,9.999991059303283691e-01,9.999982714653015137e-01,9.999980330467224121e-01,-9.999943375587463379e-01,9.999988675117492676e-01,9.999986886978149414e-01,-9.999985694885253906e-01,-9.999988675117492676e-01,-9.999988675117492676e-01,-9.999987483024597168e-01,-9.999939203262329102e-01,-9.999988079071044922e-01,-9.999982118606567383e-01,9.999892711639404297e-01,9.999961256980895996e-01,9.999935030937194824e-01,9.999984502792358398e-01,-9.999985098838806152e-01,9.999989867210388184e-01,9.999985098838806152e-01,9.999961853027343750e-01,-9.999926090240478516e-01,-9.999990463256835938e-01,-9.999992251396179199e-01,-9.999955892562866211e-01,-9.999991655349731445e-01,9.999982714653015137e-01,-9.999990463256835938e-01,9.999940395355224609e-01,-9.999967813491821289e-01,-9.999946355819702148e-01,-9.999885559082031250e-01,-9.999986886978149414e-01,9.999913573265075684e-01,9.999989867210388184e-01,-9.999926090240478516e-01,-9.999954700469970703e-01,9.999943375587463379e-01,9.999977350234985352e-01,-9.999989271163940430e-01,9.999982118606567383e-01,-9.999985694885253906e-01,-9.999808669090270996e-01,-9.999773502349853516e-01,9.999989867210388184e-01,9.999938607215881348e-01,9.999943971633911133e-01,-9.999923706054687500e-01,9.999985098838806152e-01,-9.999884963035583496e-01,-9.999973773956298828e-01,9.999970793724060059e-01,-9.999982714653015137e-01,-9.999871850013732910e-01,9.999991655349731445e-01,-9.999989271163940430e-01,9.999977350234985352e-01,-9.999973773956298828e-01,9.999992251396179199e-01,9.999665021896362305e-01,9.999657869338989258e-01,9.999988675117492676e-01,9.999949932098388672e-01,-9.999824166297912598e-01,-9.999986290931701660e-01,-9.999948740005493164e-01,9.999986886978149414e-01,-9.999986886978149414e-01,9.999973177909851074e-01,-9.999983310699462891e-01,-9.999189376831054688e-01,9.999991655349731445e-01,-9.999966621398925781e-01,9.999991655349731445e-01,-9.999980926513671875e-01,-9.999960064888000488e-01,-9.999955892562866211e-01,-9.999983310699462891e-01,9.999972581863403320e-01,9.999974370002746582e-01,-9.999969005584716797e-01,-9.999926090240478516e-01,-9.999947547912597656e-01,-9.999367594718933105e-01,-9.999885559082031250e-01
-9.999986886978149414e-01,9.999988079071044922e-01,9.999955296516418457e-01,-9.999974966049194336e-01,-9.999990463256835938e-01,9.999989867210388184e-01,-9.999955296516418457e-01,-9.999993443489074707e-01,9.999917149543762207e-01,-9.999988675117492676e-01,9.999990463256835938e-01,9.999992251396179199e-01,-9.999983310699462891e-01,-9.999986886978149414e-01,-9.999970197677612305e-01,-9.999933242797851562e-01,-9.999980926513671875e-01,9.999979734420776367e-01,-9.999936819076538086e-01,9.999992847442626953e-01,9.999991059303283691e-01,-9.999957084655761719e-01,-9.999988675117492676e-01,-9.999973773956298828e-01,-9.999930858612060547e-01,-9.999991655349731445e-01,9.999985098838806152e-01,9.999990463256835938e-01,-9.999944567680358887e-01,9.999976158142089844e-01,9.999920725822448730e-01,9.999984502792358398e-01,-9.999853372573852539e-01,-9.999954104423522949e-01,9.999982714653015137e-01,-9.999675154685974121e-01,-9.999991655349731445e-01,-9.999988079071044922e-01,-9.999809861183166504e-01,9.999991059303283691e-01,-9.999988675117492676e-01,-9.999946951866149902e-01,-9.999845623970031738e-01,-9.999992847442626953e-01,-9.999985098838806152e-01,-9.999982118606567383e-01,9.999951720237731934e-01,-9.999991059303283691e-01,-9.999988675117492676e-01,9.999988079071044922e-01,9.999990463256835938e-01,9.999990463256835938e-01,9.999990463256835938e-01,9.999948143959045410e-01,9.999989271163940430e-01,9.999983906745910645e-01,-9.999908804893493652e-01,-9.999967813491821289e-01,-9.999944567680358887e-01,-9.999986290931701660e-01,9.999986290931701660e-01,-9.999991059303283691e-01,-9.999986290931701660e-01,-9.999967217445373535e-01,9.999938011169433594e-01,9.999992251396179199e-01,9.999992251396179199e-01,9.999962449073791504e-01,9.999992847442626953e-01,-9.999985098838806152e-01,9.999991655349731445e-01,-9.999948740005493164e-01,9.999971985816955566e-01,9.999954104423522949e-01,9.999903440475463867e-01,9.999988079071044922e-01,-9.999926686286926270e-01,-9.999991059303283691e-01,9.999936819076538086e-01,9.999960660934448242e-01,-9.999951720237731934e-01,-9.999980330467224121e-01,9.999990463256835938e-01,-9.999985098838806152e-01,9.999986886978149414e-01,9.999839067459106445e-01,9.999809265136718750e-01,-9.999991655349731445e-01,-9.999948740005493164e-01,-9.999952912330627441e-01,9.999935626983642578e-01,-9.999986886978149414e-01,9.999902844429016113e-01,9.999977350234985352e-01,-9.999974370002746582e-01,9.999984502792358398e-01,9.999892115592956543e-01,-9.999992847442626953e-01,9.999990463256835938e-01,-9.999979138374328613e-01,9.999977350234985352e-01,-9.999992251396179199e-01,-9.999718070030212402e-01,-9.999712705612182617e-01,-9.999991059303283691e-01,-9.999957084655761719e-01,9.999852180480957031e-01,9.999988079071044922e-01,9.999955296516418457e-01,-9.999988675117492676e-01,9.999988675117492676e-01,-9.999976754188537598e-01,9.999985098838806152e-01,9.999318122863769531e-01,-9.999992847442626953e-01,9.999970793724060059e-01,-9.999992847442626953e-01,9.999983310699462891e-01,9.999966025352478027e-01,9.999961256980895996e-01,9.999985098838806152e-01,-9.999976158142089844e-01,-9.999977350234985352e-01,9.999973773956298828e-01,9.999937415122985840e-01,9.999955296516418457e-01,9.999467730522155762e-01,9.999903440475463867e-01
-9.999989867210388184e-01,9.999990463256835938e-01,9.999960064888000488e-01,-9.999977946281433105e-01,-9.999992847442626953e-01,9.999992847442626953e-01,-9.999960064888000488e-01,-9.999994039535522461e-01,9.999927282333374023e-01,-9.999991059303283691e-01,9.999992251396179199e-01,9.999994039535522461e-01,-9.999985694885253906e-01,-9.999989867210388184e-01,-9.999974370002746582e-01,-9.999941587448120117e-01,-9.999984502792358398e-01,9.999982714653015137e-01,-9.999943971633911133e-01,9.999994039535522461e-01,9.999992847442626953e-01,-9.999962449073791504e-01,-9.999992251396179199e-01,-9.999977350234985352e-01,-9.999938011169433594e-01,-9.999993443489074707e-01,9.999987483024597168e-01,9.999991059303283691e-01,-9.999951124191284180e-01,9.999979138374328613e-01,9.999930262565612793e-01,9.999985694885253906e-01,-9.999870061874389648e-01,-9.999959468841552734e-01,9.999985098838806152e-01,-9.999710917472839355e-01,-9.999993443489074707e-01,-9.999990463256835938e-01,-9.999831914901733398e-01,9.999992847442626953e-01,-9.999992251396179199e-01,-9.999952912330627441e-01,-9.999862909317016602e-01,-9.999994039535522461e-01,-9.999987483024597168e-01,-9.999985098838806152e-01,9.999958276748657227e-01,-9.999992847442626953e-01,-9.999992251396179199e-01,9.999990463256835938e-01,9.999992847442626953e-01,9.999992847442626953e-01,9.999991655349731445e-01,9.999954104423522949e-01,9.999991655349731445e-01,9.999987483024597168e-01,-9.999920725822448730e-01,-9.999971985816955566e-01,-9.999951720237731934e-01,-9.999988675117492676e-01,9.999988675117492676e-01,-9.999993443489074707e-01,-9.999989271163940430e-01,-9.999971389770507812e-01,9.999945163726806641e-01,9.999993443489074707e-01,9.999994039535522461e-01,9.999967217445373535e-01,9.999994635581970215e-01,-9.999986886978149414e-01,9.999993443489074707e-01,-9.999955296516418457e-01,9.999976754188537598e-01,9.999959468841552734e-01,9.999914765357971191e-01,9.999990463256835938e-01,-9.999935626983642578e-01,-9.999993443489074707e-01,9.999945163726806641e-01,9.999965429306030273e-01,-9.999957680702209473e-01,-9.999983310699462891e-01,9.999992251396179199e-01,-9.999987483024597168e-01,9.999989271163940430e-01,9.999856352806091309e-01,9.999830126762390137e-01,-9.999993443489074707e-01,-9.999954700469970703e-01,-9.999958872795104980e-01,9.999944567680358887e-01,-9.999989867210388184e-01,9.999914765357971191e-01,9.999980330467224121e-01,-9.999977946281433105e-01,9.999986886978149414e-01,9.999904632568359375e-01,-9.999994635581970215e-01,9.999992251396179199e-01,-9.999982714653015137e-01,9.999981522560119629e-01,-9.999994039535522461e-01,-9.999750256538391113e-01,-9.999745488166809082e-01,-9.999991655349731445e-01,-9.999963045120239258e-01,9.999868869781494141e-01,9.999989867210388184e-01,9.999960064888000488e-01,-9.999991655349731445e-01,9.999991059303283691e-01,-9.999979734420776367e-01,9.999987483024597168e-01,9.999392628669738770e-01,-9.999994635581970215e-01,9.999974966049194336e-01,-9.999994635581970215e-01,9.999985694885253906e-01,9.999970197677612305e-01,9.999966621398925781e-01,9.999988079071044922e-01,-9.999980330467224121e-01,-9.999980330467224121e-01,9.999976754188537598e-01,9.999944567680358887e-01,9.999960064888000488e-01,9.999525547027587891e-01,9.999914169311523438e-01
