4.681912362575531006e-01,-2.521831355988979340e-02,2.616728544235229492e-01,-3.135827481746673584e-01,1.924569904804229736e-01,-3.825303912162780762e-01,7.405477017164230347e-02,3.492045104503631592e-01,2.145096287131309509e-02,-1.057372838258743286e-01,-1.838493347167968750e-01,-4.789524152874946594e-02,-3.081931769847869873e-01,-1.434992253780364990e-01,-1.423127055168151855e-01,5.088497325778007507e-02,1.102577243000268936e-02,-2.503930628299713135e-01,2.520109117031097412e-01,3.382402285933494568e-02,-8.596268296241760254e-02,-2.979585230350494385e-01,-2.897287607192993164e-01,1.583904623985290527e-01,-3.151911543682217598e-03,1.626482419669628143e-02,1.601280421018600464e-01,-2.194370329380035400e-01,-1.237172037363052368e-01,-7.232143729925155640e-02,-1.943761855363845825e-01,1.053057238459587097e-01,-2.432053089141845703e-01,-5.337424203753471375e-02,-1.033580023795366287e-02,1.182436123490333557e-01,-7.616821676492691040e-02,-1.155566647648811340e-01,-1.316059827804565430e-01,-1.063076332211494446e-01,-1.114976406097412109e-02,1.193358972668647766e-01,-3.014835119247436523e-01,-5.293500795960426331e-02,5.433100741356611252e-03,3.277242481708526611e-01,1.593902260065078735e-01,1.838308759033679962e-02,2.393524050712585449e-01,-1.678155064582824707e-01,-2.667806446552276611e-01,-1.861274242401123047e-01,1.182704940438270569e-01,-2.745234407484531403e-03,4.265810176730155945e-02,7.564980536699295044e-02,6.478301435708999634e-02,-4.102014470845460892e-03,2.543255686759948730e-01,2.728658616542816162e-01,-1.414012461900711060e-01,1.686302274465560913e-01,-8.868100121617317200e-03,1.937161535024642944e-01,1.301671266555786133e-01,4.276314005255699158e-02,-4.231598675251007080e-01,-7.684320956468582153e-02,1.145289465785026550e-01,2.013400942087173462e-01,-4.781473800539970398e-02,2.926722466945648193e-01,2.359969355165958405e-02,-1.530265510082244873e-01,-1.059167906641960144e-01,8.328998088836669922e-02,1.266259001567959785e-03,-1.584065258502960205e-01,1.289109736680984497e-01,8.814737945795059204e-02,-9.615135937929153442e-02,-1.217087992699816823e-04,-3.680709749460220337e-02,-9.547831723466515541e-04,-1.030792370438575745e-01,2.430238276720046997e-01,1.766699254512786865e-01,3.222479426767677069e-04,-2.059621512889862061e-01,1.768749207258224487e-02,-1.517581343650817871e-01,3.779695034027099609e-01,2.849700450897216797e-01,-2.716097831726074219e-01,7.298320531845092773e-02,-3.261495530605316162e-01,-1.310709267854690552e-01,-8.246991455962415785e-06,-5.351823940873146057e-02,-1.964208856225013733e-02,-2.505317330360412598e-01,3.124209344387054443e-01,1.249784454703330994e-01,3.927421942353248596e-02,-2.617388367652893066e-01,1.111881807446479797e-01,2.984132766723632812e-01,2.999929487705230713e-01,-4.219887256622314453e-01,1.091175712645053864e-02,-1.227841973304748535e-01,3.091446757316589355e-01,2.007644027471542358e-01,4.033347964286804199e-02,-1.280694156885147095e-01,7.722615450620651245e-02,2.169114798307418823e-01,-1.982282996177673340e-01,7.604750804603099823e-03,-1.727750301361083984e-01,-2.781005501747131348e-01,-5.920191854238510132e-02,-5.538495257496833801e-02,3.880404829978942871e-01,-2.084799110889434814e-02,2.123527526855468750e-01,5.653740465641021729e-02,-1.194950118660926819e-01
-2.521831355988979340e-02,1.155033614486455917e-02,-1.001273021101951599e-01,8.670302480459213257e-02,5.266009271144866943e-02,1.484026480466127396e-02,-1.812122948467731476e-02,2.135726995766162872e-02,6.454139947891235352e-02,7.347028702497482300e-02,-8.792095817625522614e-03,-4.906069487333297729e-02,8.017061650753021240e-02,8.105497807264328003e-02,8.947068452835083008e-02,9.174650907516479492e-02,-2.566838869825005531e-03,8.674281090497970581e-02,-9.726931154727935791e-02,-6.297232210636138916e-02,-4.788707196712493896e-02,8.838638663291931152e-02,7.363451272249221802e-02,-2.825042232871055603e-02,1.384099945425987244e-02,8.111296594142913818e-02,-9.111040830612182617e-02,-3.865147009491920471e-02,8.267538249492645264e-02,-8.212319808080792427e-04,1.815491914749145508e-02,-1.022483110427856445e-01,7.973797619342803955e-02,6.801674515008926392e-02,-1.373809645883738995e-03,-9.696980565786361694e-02,7.488265633583068848e-02,8.833985775709152222e-02,-5.743611603975296021e-02,-6.887982785701751709e-02,8.878266811370849609e-02,8.012904785573482513e-03,9.811837971210479736e-02,3.389338403940200806e-02,-9.832798503339290619e-03,-8.790285140275955200e-02,-9.473559260368347168e-02,-2.906210348010063171e-02,-2.979368343949317932e-02,9.871585294604301453e-03,1.369031984359025955e-02,1.536134816706180573e-02,5.821850523352622986e-02,-3.426365088671445847e-03,-1.553055271506309509e-02,-1.003706380724906921e-01,5.111752450466156006e-02,3.932899329811334610e-03,-9.048207849264144897e-02,-8.479654788970947266e-02,-4.650685470551252365e-03,-1.998461037874221802e-02,2.694023540243506432e-03,2.041870169341564178e-02,5.267931148409843445e-03,-3.368327021598815918e-02,5.463355407118797302e-02,9.561943262815475464e-02,-9.456020593643188477e-02,2.753257378935813904e-02,-7.638788223266601562e-02,-2.847489528357982635e-02,-4.295062646269798279e-02,8.691927045583724976e-02,-2.085253596305847168e-02,-9.821363538503646851e-02,-3.272109024692326784e-04,9.761378914117813110e-02,-4.294292256236076355e-02,-8.576846867799758911e-02,9.600950032472610474e-02,8.696100849192589521e-05,-7.667605578899383545e-02,-5.511872950592078269e-05,-8.757003396749496460e-02,-9.076054394245147705e-02,3.182226791977882385e-02,8.971667266450822353e-04,7.994905859231948853e-02,6.908416748046875000e-02,-1.232295576483011246e-02,-6.228811293840408325e-02,-9.074927866458892822e-02,6.048690900206565857e-02,-8.798497915267944336e-02,3.391954675316810608e-02,6.792744994163513184e-02,-3.854511305689811707e-07,-6.397482752799987793e-02,7.955245673656463623e-02,-2.506020851433277130e-02,2.398731186985969543e-02,-9.776684641838073730e-02,-8.591435849666595459e-02,1.094929054379463196e-01,7.737250532954931259e-03,-9.502102434635162354e-02,-9.838602691888809204e-02,9.070876985788345337e-03,-2.226553624495863914e-03,7.339678704738616943e-02,-8.408132940530776978e-02,-9.504641592502593994e-02,-9.869194589555263519e-03,9.526914358139038086e-02,-8.471972495317459106e-02,3.724138066172599792e-02,4.580516740679740906e-02,-8.879149705171585083e-02,6.854299455881118774e-02,8.311800658702850342e-02,8.179292082786560059e-02,7.793568074703216553e-02,-7.227632403373718262e-02,-4.822274670004844666e-02,-7.120770961046218872e-02,-1.154477335512638092e-02,8.234800398349761963e-02
2.616728544235229492e-01,-1.001273021101951599e-01,8.351978063583374023e-01,-7.569211125373840332e-01,-4.847524464130401611e-01,-1.819164454936981201e-01,1.491985321044921875e-01,-2.402041256427764893e-01,-5.242718458175659180e-01,-6.749649643898010254e-01,8.180342614650726318e-02,4.884521961212158203e-01,-6.699721217155456543e-01,-7.145060300827026367e-01,-7.758441567420959473e-01,-7.287149429321289062e-01,2.354960143566131592e-02,-7.337605357170104980e-01,7.999437451362609863e-01,5.978891849517822266e-01,3.638766705989837646e-01,-7.753866910934448242e-01,-6.942558884620666504e-01,2.796941399574279785e-01,-1.314333230257034302e-01,-6.604292988777160645e-01,7.694903016090393066e-01,3.388020396232604980e-01,-7.367606759071350098e-01,1.712254621088504791e-02,-1.666117608547210693e-01,7.976169586181640625e-01,-6.517190337181091309e-01,-6.530261039733886719e-01,1.872816495597362518e-02,7.853341698646545410e-01,-6.861206293106079102e-01,-7.692365050315856934e-01,4.972392320632934570e-01,6.018368601799011230e-01,-7.225112915039062500e-01,-6.464578211307525635e-02,-8.139760494232177734e-01,-3.338229656219482422e-01,1.873343624174594879e-02,7.621521353721618652e-01,8.094184994697570801e-01,2.755125164985656738e-01,3.005621135234832764e-01,5.734540522098541260e-03,-1.141392737627029419e-01,-6.398389488458633423e-02,-5.002185106277465820e-01,2.838962338864803314e-02,1.774934530258178711e-01,8.187317848205566406e-01,-5.183801651000976562e-01,-3.957547247409820557e-02,7.561153769493103027e-01,7.320559024810791016e-01,3.302708640694618225e-02,2.013340443372726440e-01,-2.387437969446182251e-02,-1.511075198650360107e-01,-2.140712365508079529e-02,3.179562687873840332e-01,-4.524085521697998047e-01,-7.845320105552673340e-01,7.854107022285461426e-01,-2.646677494049072266e-01,6.835550069808959961e-01,3.156139254570007324e-01,3.848220705986022949e-01,-7.668522596359252930e-01,1.170529127120971680e-01,8.010244965553283691e-01,3.011701162904500961e-03,-8.222239613533020020e-01,3.845056891441345215e-01,7.419440746307373047e-01,-7.916988134384155273e-01,-8.718661847524344921e-04,6.869310140609741211e-01,1.827737200073897839e-03,7.092708945274353027e-01,7.892174124717712402e-01,-3.289495110511779785e-01,-9.060589596629142761e-03,-6.787626147270202637e-01,-6.484516859054565430e-01,1.174789890646934509e-01,4.896034002304077148e-01,7.500391006469726562e-01,-5.390119552612304688e-01,7.461079955101013184e-01,-3.116110861301422119e-01,-6.328589320182800293e-01,3.570238050087937154e-06,5.855833888053894043e-01,-6.768994927406311035e-01,3.054391443729400635e-01,-2.236865311861038208e-01,7.983098626136779785e-01,7.431855797767639160e-01,-8.585684895515441895e-01,-1.236453875899314880e-01,7.287558317184448242e-01,8.028396368026733398e-01,-8.229327201843261719e-02,1.669851690530776978e-02,-6.071926355361938477e-01,7.299877405166625977e-01,8.013520240783691406e-01,2.964957430958747864e-02,-8.119332790374755859e-01,7.318224310874938965e-01,-3.460518121719360352e-01,-4.647372066974639893e-01,7.577869892120361328e-01,-6.249675750732421875e-01,-7.257456183433532715e-01,-6.952832937240600586e-01,-6.803919076919555664e-01,6.158497333526611328e-01,4.952360987663269043e-01,6.492056846618652344e-01,9.874203056097030640e-02,-7.364923954010009766e-01
-3.135827481746673584e-01,8.670302480459213257e-02,-7.569211125373840332e-01,7.913793921470642090e-01,3.019474148750305176e-01,2.675094008445739746e-01,-1.209290325641632080e-01,6.129148975014686584e-02,4.861528277397155762e-01,5.978808999061584473e-01,-1.746319830417633057e-01,-3.831622898578643799e-01,5.226842164993286133e-01,6.713198423385620117e-01,6.931090950965881348e-01,5.313579440116882324e-01,-1.936206780374050140e-02,6.520068645477294922e-01,-7.783905863761901855e-01,-5.426563620567321777e-01,-4.314449131488800049e-01,7.339307665824890137e-01,6.563467979431152344e-01,-2.174581885337829590e-01,1.186027824878692627e-01,4.537598490715026855e-01,-6.447024941444396973e-01,-9.289248287677764893e-02,5.586454272270202637e-01,1.252337694168090820e-01,1.280512064695358276e-01,-7.208574414253234863e-01,7.165074348449707031e-01,5.829716324806213379e-01,-1.283037592656910419e-03,-6.133231520652770996e-01,5.469835400581359863e-01,6.625490188598632812e-01,-2.396983951330184937e-01,-5.800234079360961914e-01,6.563804149627685547e-01,1.256366670131683350e-01,7.238125205039978027e-01,2.782291769981384277e-01,-1.583568155765533447e-01,-6.306325793266296387e-01,-7.539581060409545898e-01,-2.452564388513565063e-01,-2.184939980506896973e-01,6.583982706069946289e-02,1.416765004396438599e-01,2.268091291189193726e-01,5.146406888961791992e-01,-5.183445289731025696e-02,-2.344836108386516571e-02,-6.815360188484191895e-01,4.964526891708374023e-01,3.172305598855018616e-02,-6.850134730339050293e-01,-7.619836330413818359e-01,-8.382379263639450073e-02,-1.087307110428810120e-01,2.659241110086441040e-02,7.718607038259506226e-02,3.063978254795074463e-02,-2.752824425697326660e-01,3.738232254981994629e-01,6.217865943908691406e-01,-6.761022806167602539e-01,3.171183541417121887e-02,-5.426548719406127930e-01,-1.393806934356689453e-01,-4.377211034297943115e-01,6.793798804283142090e-01,-1.883070170879364014e-01,-6.952915787696838379e-01,-1.452060765586793423e-03,6.924759745597839355e-01,-5.272259116172790527e-01,-6.320956945419311523e-01,7.552266120910644531e-01,7.406322401948273182e-04,-5.391407608985900879e-01,2.356379060074687004e-03,-5.820151567459106445e-01,-6.789031028747558594e-01,1.106646433472633362e-01,4.995160736143589020e-03,5.446811318397521973e-01,5.342562198638916016e-01,-1.410755366086959839e-01,-5.887707471847534180e-01,-7.566867470741271973e-01,5.911288857460021973e-01,-6.891674995422363281e-01,3.695379793643951416e-01,5.087482929229736328e-01,-4.825601536140311509e-06,-3.950271606445312500e-01,5.359618663787841797e-01,-1.724924743175506592e-01,-9.706052020192146301e-03,-7.502426505088806152e-01,-6.031035780906677246e-01,7.994244694709777832e-01,2.914876341819763184e-01,-7.999055981636047363e-01,-6.884477138519287109e-01,2.491775155067443848e-01,-2.400228381156921387e-02,6.229360699653625488e-01,-7.521929144859313965e-01,-7.567906379699707031e-01,1.144588515162467957e-01,7.021518945693969727e-01,-6.411164402961730957e-01,1.086755245923995972e-01,4.081924557685852051e-01,-6.338209509849548340e-01,6.529251933097839355e-01,6.181219220161437988e-01,6.686936020851135254e-01,6.390468478202819824e-01,-5.980564355850219727e-01,-4.600915014743804932e-01,-6.434962749481201172e-01,-9.451564401388168335e-02,6.502314805984497070e-01
1.924569904804229736e-01,5.266009271144866943e-02,-4.847524464130401611e-01,3.019474148750305176e-01,6.307802796363830566e-01,-2.219550609588623047e-01,-6.317928433418273926e-02,5.958454012870788574e-01,3.526917397975921631e-01,4.095847904682159424e-01,-1.127083003520965576e-01,-4.427910149097442627e-01,3.762522637844085693e-01,4.066047668457031250e-01,5.129386186599731445e-01,7.631590962409973145e-01,-9.920024313032627106e-03,4.171282947063446045e-01,-4.256097078323364258e-01,-3.886174559593200684e-01,-1.999961286783218384e-01,3.713079690933227539e-01,2.729770839214324951e-01,-1.218681037425994873e-01,9.023559838533401489e-02,6.615555286407470703e-01,-5.268019437789916992e-01,-5.941891074180603027e-01,6.293463110923767090e-01,-1.718169152736663818e-01,-1.121080387383699417e-02,-5.697420239448547363e-01,2.129565477371215820e-01,4.710494279861450195e-01,-3.567302227020263672e-02,-6.397452950477600098e-01,5.170273780822753906e-01,5.545650720596313477e-01,-7.222765088081359863e-01,-5.050216913223266602e-01,5.619192719459533691e-01,6.749045848846435547e-02,4.465293288230895996e-01,2.211779206991195679e-01,1.326368302106857300e-01,-4.261521697044372559e-01,-5.316455364227294922e-01,-1.981449276208877563e-01,-9.857286512851715088e-02,-1.929519623517990112e-01,-1.505538523197174072e-01,-2.557527422904968262e-01,3.979549705982208252e-01,-8.025119081139564514e-03,-2.271642535924911499e-01,-6.884254217147827148e-01,4.131417274475097656e-01,3.005179390311241150e-02,-3.969207406044006348e-01,-3.035215735435485840e-01,-6.856178492307662964e-02,-1.126346439123153687e-01,5.360416602343320847e-03,2.786318361759185791e-01,1.022194772958755493e-01,-2.081426829099655151e-01,6.918637454509735107e-02,6.597369313240051270e-01,-5.637817382812500000e-01,5.193123221397399902e-01,-6.524021625518798828e-01,-1.664059609174728394e-01,-1.591603457927703857e-01,5.156074166297912598e-01,-7.940461486577987671e-02,-6.150811910629272461e-01,-2.267209580168128014e-03,6.178457140922546387e-01,-4.850953072309494019e-02,-5.524687170982360840e-01,5.526023507118225098e-01,5.840100930072367191e-04,-6.312713623046875000e-01,-5.247488152235746384e-03,-7.108114957809448242e-01,-4.889844059944152832e-01,5.128843784332275391e-01,9.827622212469577789e-03,4.046740531921386719e-01,5.565500855445861816e-01,-1.760110855102539062e-01,4.000880569219589233e-02,-3.146454989910125732e-01,8.876528590917587280e-02,-5.307859778404235840e-01,-8.706326782703399658e-02,4.441060125827789307e-01,-7.354935860348632559e-06,-5.915930867195129395e-01,5.933953523635864258e-01,-5.021991133689880371e-01,5.778613686561584473e-01,-5.458966493606567383e-01,-6.315600275993347168e-01,5.154176354408264160e-01,3.402823582291603088e-02,-2.580074369907379150e-01,-4.914658963680267334e-01,-3.967505395412445068e-01,6.332888733595609665e-03,2.850880324840545654e-01,-2.634585201740264893e-01,-4.859658181667327881e-01,-1.132460832595825195e-01,6.209752559661865234e-01,-5.190563797950744629e-01,5.813739895820617676e-01,2.245056778192520142e-01,-6.607136726379394531e-01,2.510862648487091064e-01,4.123597741127014160e-01,4.507974088191986084e-01,4.328487217426300049e-01,-1.419428437948226929e-01,-3.675540089607238770e-01,-2.599126100540161133e-01,-2.454987354576587677e-02,4.854317307472229004e-01
-3.825303912162780762e-01,1.484026480466127396e-02,-1.819164454936981201e-01,2.675094008445739746e-01,-2.219550609588623047e-01,3.719851076602935791e-01,-2.757602371275424957e-02,-3.408937454223632812e-01,-6.569438427686691284e-02,5.993823334574699402e-02,9.749045968055725098e-02,8.500821143388748169e-02,1.751371026039123535e-01,1.001102477312088013e-01,8.707244694232940674e-02,-1.484409719705581665e-01,-7.859950885176658630e-03,1.550048738718032837e-01,-1.842361539602279663e-01,-2.738445065915584564e-02,4.426789656281471252e-02,2.128823399543762207e-01,2.325349450111389160e-01,-9.230767190456390381e-02,-3.520211903378367424e-03,-1.308456510305404663e-01,-8.000455796718597412e-02,2.745624780654907227e-01,3.179731220006942749e-02,8.466273546218872070e-02,1.534699350595474243e-01,-3.655702993273735046e-02,2.206140756607055664e-01,3.725241124629974365e-02,1.453807111829519272e-02,-3.904693061485886574e-03,-3.164342488162219524e-04,4.215205833315849304e-02,2.293217629194259644e-01,7.230025529861450195e-02,-4.201471060514450073e-02,-6.207502260804176331e-02,2.066446840763092041e-01,2.915970794856548309e-02,-5.241739749908447266e-02,-2.089390903711318970e-01,-1.049971133470535278e-01,-4.099966026842594147e-03,-1.738342642784118652e-01,1.559184640645980835e-01,2.317433506250381470e-01,1.808571815490722656e-01,-8.829111605882644653e-02,1.481891027651727200e-03,1.568456739187240601e-02,-3.399789333343505859e-03,-6.382832676172256470e-02,2.309269038960337639e-04,-1.695687323808670044e-01,-2.202725261449813843e-01,9.502981603145599365e-02,-9.545507282018661499e-02,8.571645244956016541e-03,-1.864722222089767456e-01,-1.189899370074272156e-01,-1.438220031559467316e-02,2.968593835830688477e-01,-1.198002882301807404e-02,-3.274177387356758118e-02,-2.469597756862640381e-01,9.432749450206756592e-02,-1.930210888385772705e-01,-2.674279920756816864e-02,7.008296251296997070e-02,6.563463807106018066e-02,-2.171546034514904022e-02,-3.566750092431902885e-04,7.457224279642105103e-02,-1.531216502189636230e-01,-6.697239819914102554e-03,5.532587692141532898e-02,4.699394776253029704e-05,7.478511333465576172e-02,1.410873490385711193e-03,1.497311443090438843e-01,-1.422923803329467773e-01,-1.897835731506347656e-01,-1.987474272027611732e-03,8.867617696523666382e-02,-6.414898484945297241e-02,1.012938693165779114e-01,-3.305144309997558594e-01,-2.161013334989547729e-01,2.259320318698883057e-01,-1.915446668863296509e-02,2.705290913581848145e-01,8.309090882539749146e-02,6.403151928680017591e-06,1.197366863489151001e-01,-6.125112250447273254e-02,2.338105887174606323e-01,-3.483535647392272949e-01,-5.603779479861259460e-02,3.617218881845474243e-02,1.680257916450500488e-01,2.274363301694393158e-02,-2.589375078678131104e-01,-1.678801178932189941e-01,4.064667522907257080e-01,-1.028442941606044769e-02,8.894505351781845093e-02,-2.707356214523315430e-01,-1.250243633985519409e-01,3.515866026282310486e-02,6.638907641172409058e-02,-2.353775873780250549e-02,-2.649576365947723389e-01,1.430311650037765503e-01,4.399488866329193115e-02,1.481011956930160522e-01,1.781774461269378662e-01,2.991055324673652649e-02,3.671680018305778503e-02,-2.939368784427642822e-01,1.513065397739410400e-02,-1.680332869291305542e-01,-4.874633997678756714e-02,6.860779970884323120e-02
7.405477017164230347e-02,-1.812122948467731476e-02,1.491985321044921875e-01,-1.209290325641632080e-01,-6.317928433418273926e-02,-2.757602371275424957e-02,5.956292897462844849e-02,-5.691879428923130035e-03,-1.011466085910797119e-01,-9.496799856424331665e-02,-4.208089783787727356e-02,6.903830915689468384e-02,-1.599894762039184570e-01,-1.175952330231666565e-01,-1.290525197982788086e-01,-1.454734057188034058e-01,4.650763235986232758e-03,-1.496426463127136230e-01,1.324595510959625244e-01,6.344731152057647705e-02,3.081543929874897003e-02,-1.423254907131195068e-01,-1.106739342212677002e-01,5.979147553443908691e-02,-1.713047362864017487e-02,-1.382779628038406372e-01,1.384356468915939331e-01,6.519847363233566284e-02,-1.302175372838973999e-01,-6.561188492923974991e-04,-4.052552580833435059e-02,1.446164250373840332e-01,-9.961119294166564941e-02,-7.742651551961898804e-02,3.193329786881804466e-03,1.630820780992507935e-01,-1.152406483888626099e-01,-1.281071752309799194e-01,1.028066650032997131e-01,5.358112603425979614e-02,-1.182034313678741455e-01,2.244919352233409882e-02,-1.609808504581451416e-01,-4.810080677270889282e-02,-1.800530962646007538e-02,1.602070927619934082e-01,1.285385340452194214e-01,4.331843927502632141e-02,8.121729642152786255e-02,-2.170244045555591583e-02,-3.331009298563003540e-02,-2.774468436837196350e-02,-4.160998389124870300e-02,6.696332246065139771e-03,4.335612803697586060e-02,1.415074765682220459e-01,-5.336682870984077454e-02,-6.106867920607328415e-03,1.396686136722564697e-01,1.255259662866592407e-01,-3.002454899251461029e-02,6.549639254808425903e-02,-3.195377299562096596e-03,-6.124493665993213654e-03,9.117910638451576233e-03,4.914869368076324463e-02,-1.313815414905548096e-01,-1.458752155303955078e-01,1.417782753705978394e-01,-4.219905287027359009e-02,9.534811228513717651e-02,8.586705476045608521e-02,4.405392333865165710e-02,-1.366047263145446777e-01,-4.088543355464935303e-04,1.314011812210083008e-01,8.651280659250915051e-04,-1.468235105276107788e-01,3.861932456493377686e-02,1.279643177986145020e-01,-1.210533380508422852e-01,-1.273993839276954532e-04,9.897099435329437256e-02,1.358771214654552750e-06,1.087132096290588379e-01,1.526234000921249390e-01,-2.862535230815410614e-02,-1.747088623233139515e-03,-1.428641825914382935e-01,-9.035726636648178101e-02,-1.849091239273548126e-02,9.595824033021926880e-02,1.345411539077758789e-01,-9.057831764221191406e-02,1.145834326744079590e-01,-7.406388968229293823e-02,-1.020252257585525513e-01,-1.548297404951881617e-06,9.726806730031967163e-02,-1.189606562256813049e-01,5.182781722396612167e-03,-2.639492787420749664e-02,1.393780559301376343e-01,1.251375228166580200e-01,-1.566379517316818237e-01,5.722860619425773621e-02,1.250340938568115234e-01,1.793946921825408936e-01,-2.643566578626632690e-02,2.752887550741434097e-03,-1.066002473235130310e-01,1.084939241409301758e-01,1.473112106323242188e-01,6.538354605436325073e-02,-1.363828778266906738e-01,1.153388321399688721e-01,-5.968177318572998047e-02,-7.855276763439178467e-02,1.157764643430709839e-01,-9.013199061155319214e-02,-1.413536220788955688e-01,-9.864161163568496704e-02,-9.710132330656051636e-02,1.357021182775497437e-01,4.516811296343803406e-02,9.909188747406005859e-02,1.763900928199291229e-02,-1.100499853491783142e-01
3.492045104503631592e-01,2.135726995766162872e-02,-2.402041256427764893e-01,6.129148975014686584e-02,5.958454012870788574e-01,-3.408937454223632812e-01,-5.691879428923130035e-03,6.994548439979553223e-01,2.036272883415222168e-01,2.367562502622604370e-01,-1.074243783950805664e-01,-3.920623064041137695e-01,1.571676433086395264e-01,2.265963405370712280e-01,3.279575705528259277e-01,6.319487094879150391e-01,-1.682836213149130344e-03,1.798332929611206055e-01,-1.686754524707794189e-01,-2.672930657863616943e-01,-7.881568372249603271e-02,1.478129774332046509e-01,5.796064063906669617e-02,-5.287527292966842651e-02,6.417284160852432251e-02,5.339884757995605469e-01,-3.384779691696166992e-01,-6.068608164787292480e-01,4.973911643028259277e-01,-2.084898054599761963e-01,-9.828617423772811890e-02,-3.604941666126251221e-01,-4.629119113087654114e-02,3.660667240619659424e-01,-4.271499440073966980e-02,-4.576420485973358154e-01,3.731815218925476074e-01,3.731238245964050293e-01,-7.032911181449890137e-01,-4.016503393650054932e-01,3.789003789424896240e-01,5.956575274467468262e-02,1.892762929201126099e-01,1.533037275075912476e-01,2.288653552532196045e-01,-2.158728539943695068e-01,-3.217868804931640625e-01,-1.363409608602523804e-01,2.148148370906710625e-03,-3.349702060222625732e-01,-2.621860206127166748e-01,-4.058449566364288330e-01,2.934893965721130371e-01,-3.412650665268301964e-03,-2.311190217733383179e-01,-5.116176605224609375e-01,3.463972210884094238e-01,2.377581782639026642e-02,-1.412670314311981201e-01,-5.963836610317230225e-02,-8.266367763280868530e-02,-4.844475537538528442e-02,-3.819270525127649307e-03,2.631963193416595459e-01,1.094305291771888733e-01,-1.357561498880386353e-01,-1.506073176860809326e-01,4.806219041347503662e-01,-3.732885718345642090e-01,5.591518878936767578e-01,-5.495441555976867676e-01,-1.185560598969459534e-01,-4.670744761824607849e-02,3.396205008029937744e-01,9.465643204748630524e-03,-4.092133045196533203e-01,-1.564692007377743721e-03,4.311889410018920898e-01,1.092032566666603088e-01,-3.823541700839996338e-01,3.488368093967437744e-01,4.349046794231981039e-04,-5.255910754203796387e-01,-6.689197383821010590e-03,-5.722048282623291016e-01,-2.818470895290374756e-01,5.417460799217224121e-01,9.300968609750270844e-03,2.057258933782577515e-01,4.613305032253265381e-01,-1.725978553295135498e-01,3.161372840404510498e-01,-5.331562086939811707e-02,-1.171840652823448181e-01,-3.412967324256896973e-01,-2.532332539558410645e-01,2.845023572444915771e-01,-8.950299161369912326e-06,-5.257712006568908691e-01,4.382282793521881104e-01,-5.737385749816894531e-01,6.611791253089904785e-01,-3.377226889133453369e-01,-4.855044484138488770e-01,2.477790564298629761e-01,2.535059303045272827e-02,3.557252883911132812e-02,-2.468476295471191406e-01,-5.552786588668823242e-01,1.727278344333171844e-02,1.008852198719978333e-01,-2.628194354474544525e-02,-2.617981433868408203e-01,-7.030545920133590698e-02,4.315568804740905762e-01,-3.408421874046325684e-01,6.105533838272094727e-01,1.074881032109260559e-01,-5.127876400947570801e-01,5.024540424346923828e-02,1.920764893293380737e-01,2.685310840606689453e-01,2.556753158569335938e-01,1.233529374003410339e-01,-3.132627904415130615e-01,-5.923782661557197571e-02,2.322552725672721863e-02,3.074172735214233398e-01
2.145096287131309509e-02,6.454139947891235352e-02,-5.242718458175659180e-01,4.861528277397155762e-01,3.526917397975921631e-01,-6.569438427686691284e-02,-1.011466085910797119e-01,2.036272883415222168e-01,5.771729946136474609e-01,4.837729334831237793e-01,-2.274003326892852783e-01,-3.802524507045745850e-01,2.716592550277709961e-01,5.644730925559997559e-01,5.632098913192749023e-01,5.762618780136108398e-01,-8.623815141618251801e-03,3.780784010887145996e-01,-5.609127879142761230e-01,-4.931350350379943848e-01,-5.570188164710998535e-01,4.972096383571624756e-01,3.621566295623779297e-01,-1.081430912017822266e-01,1.112952083349227905e-01,4.926661550998687744e-01,-5.573064684867858887e-01,-2.056181430816650391e-01,3.930551707744598389e-01,8.275971561670303345e-02,-3.857119381427764893e-02,-7.198674678802490234e-01,4.987640380859375000e-01,5.049138069152832031e-01,-5.530115216970443726e-03,-5.541219115257263184e-01,4.466277956962585449e-01,5.300796627998352051e-01,-2.639104127883911133e-01,-5.978010892868041992e-01,6.290670037269592285e-01,1.936863809823989868e-01,4.599799513816833496e-01,1.937632858753204346e-01,-1.665639877319335938e-01,-3.997367918491363525e-01,-5.679759383201599121e-01,-1.607829928398132324e-01,3.544088825583457947e-02,-9.825237095355987549e-02,-7.018227130174636841e-02,1.556039452552795410e-01,5.747228264808654785e-01,-5.442224815487861633e-02,6.038028746843338013e-02,-6.035552024841308594e-01,4.660330116748809814e-01,2.320115454494953156e-02,-4.595281779766082764e-01,-4.986259937286376953e-01,-2.039595693349838257e-01,9.766253083944320679e-02,1.865682564675807953e-02,2.314168214797973633e-01,1.424689441919326782e-01,-2.176210880279541016e-01,5.890675261616706848e-02,5.345961451530456543e-01,-6.054896116256713867e-01,1.393289864063262939e-01,-4.973389506340026855e-01,8.926608413457870483e-02,-4.520576298236846924e-01,5.423492193222045898e-01,-2.276037037372589111e-01,-5.874598026275634766e-01,-4.918265040032565594e-04,5.474302768707275391e-01,-3.381666541099548340e-01,-5.693825483322143555e-01,6.551995873451232910e-01,5.901157855987548828e-04,-5.035605430603027344e-01,2.890763105824589729e-03,-6.016643643379211426e-01,-4.711434245109558105e-01,1.692109853029251099e-01,4.131973255425691605e-03,4.616411328315734863e-01,4.987832903861999512e-01,-1.745784133672714233e-01,-3.187986612319946289e-01,-5.359869599342346191e-01,4.229244589805603027e-01,-5.919414162635803223e-01,1.446408033370971680e-01,2.579427659511566162e-01,-1.014665576803963631e-05,-4.206885993480682373e-01,4.425130486488342285e-01,-2.926241755485534668e-01,2.198759317398071289e-01,-6.599829196929931641e-01,-5.365409851074218750e-01,6.311764121055603027e-01,2.188017368316650391e-01,-6.008461117744445801e-01,-4.514597654342651367e-01,-4.477568715810775757e-02,-2.297370694577693939e-02,6.210057735443115234e-01,-5.088624358177185059e-01,-5.747675895690917969e-01,1.695775687694549561e-01,5.052676796913146973e-01,-5.523736476898193359e-01,2.404458671808242798e-01,1.726887673139572144e-01,-5.643610954284667969e-01,4.787217676639556885e-01,3.248151242733001709e-01,6.038823127746582031e-01,5.637542009353637695e-01,-2.801896631717681885e-01,-4.604017138481140137e-01,-4.760366082191467285e-01,-2.446700818836688995e-02,5.032085180282592773e-01
-1.057372838258743286e-01,7.347028702497482300e-02,-6.749649643898010254e-01,5.978808999061584473e-01,4.095847904682159424e-01,5.993823334574699402e-02,-9.496799856424331665e-02,2.367562502622604370e-01,4.837729334831237793e-01,5.492834448814392090e-01,-1.392370611429214478e-01,-4.041563272476196289e-01,4.572227001190185547e-01,6.102398633956909180e-01,6.570129990577697754e-01,6.735740900039672852e-01,-1.501777023077011108e-02,5.218851566314697266e-01,-6.742009520530700684e-01,-5.280906558036804199e-01,-4.226610362529754639e-01,6.097847223281860352e-01,4.957630038261413574e-01,-1.877255439758300781e-01,1.122862175107002258e-01,5.781502723693847656e-01,-6.689215898513793945e-01,-2.754672169685363770e-01,5.922605395317077637e-01,-5.133965983986854553e-03,6.663116812705993652e-02,-7.667592763900756836e-01,5.375224351882934570e-01,5.841001272201538086e-01,-1.320043671876192093e-02,-6.810190677642822266e-01,5.385258793830871582e-01,6.354300975799560547e-01,-4.132204949855804443e-01,-5.891727805137634277e-01,6.466293931007385254e-01,1.152880191802978516e-01,6.261334419250488281e-01,2.475865185260772705e-01,-6.586992740631103516e-02,-5.881696939468383789e-01,-6.804565787315368652e-01,-1.898684650659561157e-01,-1.135769039392471313e-01,-7.872787863016128540e-02,1.958841085433959961e-02,6.077764928340911865e-02,5.095075368881225586e-01,-2.973180077970027924e-02,-7.272985577583312988e-02,-7.400414943695068359e-01,4.508099853992462158e-01,2.917583100497722626e-02,-5.820802450180053711e-01,-5.741654634475708008e-01,-1.136371120810508728e-01,-4.274899885058403015e-02,1.889972016215324402e-02,1.895981729030609131e-01,7.138304412364959717e-02,-2.459569871425628662e-01,2.359223663806915283e-01,6.642899513244628906e-01,-6.865947246551513672e-01,2.129608094692230225e-01,-5.931381583213806152e-01,-1.498905420303344727e-01,-3.729099035263061523e-01,6.326177120208740234e-01,-1.391082406044006348e-01,-6.968410015106201172e-01,-1.623603980988264084e-03,7.030797004699707031e-01,-3.054065406322479248e-01,-6.401963233947753906e-01,7.244223952293395996e-01,6.827966426499187946e-04,-5.937197208404541016e-01,-5.054867360740900040e-04,-6.551808118820190430e-01,-6.151152253150939941e-01,2.683038115501403809e-01,6.311730481684207916e-03,5.502123236656188965e-01,5.550789237022399902e-01,-1.345410495996475220e-01,-3.610037863254547119e-01,-6.105778813362121582e-01,4.335468709468841553e-01,-6.502531170845031738e-01,1.945578753948211670e-01,4.231557548046112061e-01,-6.849085821158951148e-06,-4.933228492736816406e-01,5.377456545829772949e-01,-3.145900368690490723e-01,2.469482272863388062e-01,-7.158064842224121094e-01,-6.370962858200073242e-01,7.636306285858154297e-01,1.537877172231674194e-01,-6.490786671638488770e-01,-6.201339364051818848e-01,6.497314665466547012e-03,-1.715594530105590820e-02,5.750157237052917480e-01,-6.092160344123840332e-01,-6.621122360229492188e-01,8.711384236812591553e-02,6.648376584053039551e-01,-6.193370223045349121e-01,2.967345714569091797e-01,2.975490391254425049e-01,-6.668337583541870117e-01,5.003221631050109863e-01,5.082650184631347656e-01,6.187825798988342285e-01,5.867481231689453125e-01,-4.030537903308868408e-01,-4.670736491680145264e-01,-5.205488204956054688e-01,-5.457646027207374573e-02,6.003980040550231934e-01
-1.838493347167968750e-01,-8.792095817625522614e-03,8.180342614650726318e-02,-1.746319830417633057e-01,-1.127083003520965576e-01,9.749045968055725098e-02,-4.208089783787727356e-02,-1.074243783950805664e-01,-2.274003326892852783e-01,-1.392370611429214478e-01,3.533670008182525635e-01,1.135625392198562622e-01,1.705272048711776733e-01,-1.655111610889434814e-01,-1.390045732259750366e-01,-7.162785530090332031e-02,-4.137249197810888290e-03,-6.969621870666742325e-03,1.809764504432678223e-01,2.024568617343902588e-01,3.995921313762664795e-01,-7.469519972801208496e-02,-4.171819239854812622e-02,-9.024032950401306152e-02,-4.470584914088249207e-02,-6.624991074204444885e-03,6.354244053363800049e-02,-5.425139516592025757e-02,3.880907967686653137e-02,-1.342167258262634277e-01,1.427419483661651611e-01,2.147906273603439331e-01,-2.493334114551544189e-01,-1.784171164035797119e-01,-1.081430912017822266e-02,8.273161016404628754e-03,-5.891699716448783875e-02,-1.194971054792404175e-01,-1.047729700803756714e-01,3.664733171463012695e-01,-2.613697052001953125e-01,-2.378008812665939331e-01,-5.757744424045085907e-03,-3.174882382154464722e-02,2.512275874614715576e-01,-1.123342886567115784e-01,1.879389882087707520e-01,6.121276691555976868e-02,-2.101731598377227783e-01,2.643008530139923096e-02,1.237313225865364075e-01,-1.392167806625366211e-01,-3.937253952026367188e-01,5.173801630735397339e-02,-2.003100365400314331e-01,1.254511326551437378e-01,-2.677697539329528809e-01,-3.213017014786601067e-03,6.193736940622329712e-02,1.833716034889221191e-01,2.347536981105804443e-01,-2.144833952188491821e-01,-9.084684774279594421e-03,-1.520033329725265503e-01,-1.471059620380401611e-01,5.546436831355094910e-02,2.588936388492584229e-01,-6.403720378875732422e-02,1.245623081922531128e-01,6.029721722006797791e-02,1.567389667034149170e-01,-3.942300379276275635e-01,2.650684416294097900e-01,-1.070321798324584961e-01,2.743818759918212891e-01,1.743629425764083862e-01,-2.125347731634974480e-03,-6.693127751350402832e-02,2.985673844814300537e-01,1.302995681762695312e-01,-2.788820564746856689e-01,-1.208978210343047976e-04,1.322409361600875854e-01,-4.758392926305532455e-03,2.397972196340560913e-01,4.321499262005090714e-03,1.973270066082477570e-02,1.823465921916067600e-03,3.045792318880558014e-02,-1.570142507553100586e-01,2.304291278123855591e-01,1.080771461129188538e-01,1.625587344169616699e-01,-1.353203356266021729e-01,2.307445555925369263e-01,3.112686611711978912e-02,2.884471032302826643e-04,1.149980835180031136e-05,3.543836995959281921e-02,-9.434776753187179565e-02,1.513313800096511841e-01,-2.458063187077641487e-03,2.300100624561309814e-01,1.138829216361045837e-01,-1.485429555177688599e-01,-4.195663928985595703e-01,2.806397676467895508e-01,-4.562674090266227722e-02,4.683580622076988220e-02,1.271117851138114929e-02,-2.439523786306381226e-01,1.683298051357269287e-01,1.642684489488601685e-01,-2.680073380470275879e-01,-1.123985797166824341e-01,1.704837530851364136e-01,3.897824510931968689e-02,3.334392234683036804e-02,1.749833673238754272e-01,-2.133268117904663086e-01,5.381881445646286011e-02,-2.728603780269622803e-01,-2.324832677841186523e-01,-4.801740124821662903e-02,2.184890955686569214e-01,1.496138274669647217e-01,-6.298952735960483551e-03,-1.389184147119522095e-01
-4.789524152874946594e-02,-4.906069487333297729e-02,4.884521961212158203e-01,-3.831622898578643799e-01,-4.427910149097442627e-01,8.500821143388748169e-02,6.903830915689468384e-02,-3.920623064041137695e-01,-3.802524507045745850e-01,-4.041563272476196289e-01,1.135625392198562622e-01,3.947682976722717285e-01,-3.054950833320617676e-01,-4.730784893035888672e-01,-5.294606089591979980e-01,-6.626455187797546387e-01,8.024122565984725952e-03,-3.522682189941406250e-01,4.555281996726989746e-01,4.184668660163879395e-01,3.007618784904479980e-01,-4.326657950878143311e-01,-3.078815042972564697e-01,1.308469474315643311e-01,-9.177785366773605347e-02,-5.425600409507751465e-01,5.411881804466247559e-01,3.653419315814971924e-01,-5.420240759849548340e-01,4.722189530730247498e-02,1.805396936833858490e-02,6.279365420341491699e-01,-2.897811830043792725e-01,-5.076375007629394531e-01,2.408515661954879761e-02,5.917817950248718262e-01,-4.480956792831420898e-01,-5.170288681983947754e-01,5.120517611503601074e-01,5.166688561439514160e-01,-5.280498266220092773e-01,-9.406968951225280762e-02,-4.320093691349029541e-01,-1.982304751873016357e-01,-5.743138119578361511e-02,4.404304921627044678e-01,5.301131010055541992e-01,1.521050333976745605e-01,5.543271452188491821e-02,2.192702591419219971e-01,1.033473908901214600e-01,1.034998223185539246e-01,-4.219682514667510986e-01,2.419038116931915283e-02,1.104599684476852417e-01,6.520191431045532227e-01,-4.112445116043090820e-01,-2.607280574738979340e-02,3.742144107818603516e-01,3.660607933998107910e-01,1.058235615491867065e-01,1.864124834537506104e-02,-9.808003902435302734e-03,-1.819945573806762695e-01,-7.939605414867401123e-02,1.930934637784957886e-01,-5.626956745982170105e-02,-5.744203925132751465e-01,5.611410737037658691e-01,-3.067845106124877930e-01,5.547859072685241699e-01,1.365720480680465698e-01,2.618600130081176758e-01,-5.211564898490905762e-01,4.574902728199958801e-02,5.583570599555969238e-01,1.405261806212365627e-03,-5.959905385971069336e-01,1.398825198411941528e-01,5.389572381973266602e-01,-5.767269134521484375e-01,-5.888104788027703762e-04,5.538527965545654297e-01,2.221871400251984596e-03,6.046896576881408691e-01,4.795834124088287354e-01,-3.261596560478210449e-01,-6.958328187465667725e-03,-4.026344716548919678e-01,-5.103939771652221680e-01,1.278394311666488647e-01,8.452522009611129761e-02,3.819760382175445557e-01,-2.350959032773971558e-01,5.113734006881713867e-01,-3.531140834093093872e-02,-3.109853565692901611e-01,7.316201390494825318e-06,4.937750995159149170e-01,-4.569281339645385742e-01,4.078253507614135742e-01,-3.893322944641113281e-01,5.784726738929748535e-01,5.651469826698303223e-01,-5.499516725540161133e-01,-1.097566634416580200e-01,3.704751431941986084e-01,4.551027715206146240e-01,1.887516081333160400e-01,5.523812025785446167e-03,-4.202513396739959717e-01,3.798417747020721436e-01,5.030232071876525879e-01,-7.001159340143203735e-02,-5.545577406883239746e-01,4.913742840290069580e-01,-3.988806009292602539e-01,-2.048108875751495361e-01,5.902600288391113281e-01,-3.201747536659240723e-01,-3.458644151687622070e-01,-4.744369387626647949e-01,-4.502609372138977051e-01,1.766137778759002686e-01,4.305417239665985107e-01,3.395555913448333740e-01,1.027386542409658432e-02,-4.610095024108886719e-01
