4.761320948600769043e-01,1.224195864051580429e-02,-1.282897591590881348e-01,4.661159589886665344e-02,1.940990388393402100e-01,-6.134895607829093933e-02,6.477391719818115234e-02,3.100275397300720215e-01,6.529726833105087280e-02,2.767540514469146729e-02,-5.324421823024749756e-02,-4.180479422211647034e-02,5.826554447412490845e-02,4.622806906700134277e-01,2.386991083621978760e-01,1.142371594905853271e-01,-1.877108239568769932e-03,-1.252747140824794769e-02,1.038493961095809937e-01,-3.826218843460083008e-02,-1.798486858606338501e-01,6.757661700248718262e-02,4.102217033505439758e-02,2.603868208825588226e-02,-1.366607565432786942e-02,-1.798032037913799286e-02,-2.136232517659664154e-02,-2.633905112743377686e-01,4.867677390575408936e-02,-2.136393785476684570e-01,-1.074809730052947998e-01,-4.642266780138015747e-02,4.553437605500221252e-02,7.738846540451049805e-02,-2.544112689793109894e-02,-9.803577512502670288e-02,-1.400740072131156921e-02,1.526249758899211884e-02,-2.575178146362304688e-01,-3.662302196025848389e-01,1.307783871889114380e-01,8.608235418796539307e-02,2.802334725856781006e-02,2.323198132216930389e-02,1.238639578223228455e-01,-1.872294843196868896e-01,-1.915779411792755127e-01,-1.175762414932250977e-01,-5.797297344543039799e-04,7.569076120853424072e-02,-3.862092271447181702e-02,-8.219006657600402832e-02,5.069375038146972656e-02,-7.628994435071945190e-02,-2.815121598541736603e-02,-1.260924786329269409e-01,7.164204865694046021e-02,1.557177677750587463e-02,-2.736771292984485626e-02,-5.063303932547569275e-02,6.070188060402870178e-02,-8.543414063751697540e-03,1.587689481675624847e-02,8.146958053112030029e-02,-3.178075700998306274e-02,2.314308844506740570e-02,-1.028172764927148819e-02,2.083513736724853516e-01,-9.191168844699859619e-02,1.289180517196655273e-01,-1.348929703235626221e-01,-1.424411684274673462e-01,3.851192444562911987e-02,1.208932474255561829e-01,-6.213133409619331360e-02,-2.110555619001388550e-01,-7.591555826365947723e-03,1.377694904804229736e-01,-1.966434419155120850e-01,-4.720908775925636292e-02,9.375552088022232056e-02,2.615774748846888542e-03,-2.331221103668212891e-01,-2.885563997551798820e-03,-2.143666297197341919e-01,-1.056764945387840271e-01,2.240556627511978149e-01,1.418093685060739517e-03,-1.395068317651748657e-02,1.294727157801389694e-02,-6.160738691687583923e-02,-3.498586639761924744e-02,6.546242535114288330e-02,-9.266140311956405640e-02,-2.127769589424133301e-02,-9.274052083492279053e-02,3.323050737380981445e-01,-3.949874371755868196e-04,-1.196514591574668884e-01,1.487326771020889282e-01,-4.719280451536178589e-02,1.096436828374862671e-01,-5.640498548746109009e-02,-1.542323082685470581e-02,-6.011720746755599976e-02,2.101611644029617310e-01,6.759367883205413818e-02,-3.236217424273490906e-02,-2.329192310571670532e-01,1.406299043446779251e-02,1.231781169772148132e-01,3.222931921482086182e-02,-3.745761513710021973e-02,-2.964684069156646729e-01,1.504724621772766113e-01,-1.022900417447090149e-01,3.029373586177825928e-01,-1.116852015256881714e-01,-3.303776383399963379e-01,-2.182055730372667313e-03,-6.740637868642807007e-02,1.761265844106674194e-01,1.178731024265289307e-01,1.489022397436201572e-03,1.540256571024656296e-02,-1.446606516838073730e-01,-2.627289667725563049e-02,6.025062873959541321e-02
1.224195864051580429e-02,2.056022174656391144e-02,-1.142673566937446594e-01,5.481998994946479797e-02,6.639254838228225708e-02,-2.209021896123886108e-02,6.974618416279554367e-03,3.657499328255653381e-02,1.381667517125606537e-02,2.487149648368358612e-02,6.691892631351947784e-03,-4.178750887513160706e-02,1.053446233272552490e-01,2.645957842469215393e-02,1.147936433553695679e-01,1.043408140540122986e-01,2.424343721941113472e-03,4.940456524491310120e-02,-3.790380433201789856e-02,-5.299518629908561707e-02,-4.155177623033523560e-02,1.195926964282989502e-01,5.287339910864830017e-02,-1.017090398818254471e-02,1.410365197807550430e-02,1.349460184574127197e-01,-1.234211698174476624e-01,-7.069405168294906616e-02,7.827173918485641479e-02,-1.208995655179023743e-02,6.980369798839092255e-03,-1.179192215204238892e-01,8.254912495613098145e-02,5.022593215107917786e-02,9.899787983158603311e-05,-1.197023764252662659e-01,8.033037185668945312e-03,3.217431530356407166e-02,-6.482280790805816650e-02,-8.286498486995697021e-02,1.102861166000366211e-01,3.966733347624540329e-03,1.111434549093246460e-01,1.323906145989894867e-02,-1.350746583193540573e-02,-5.159925296902656555e-02,-1.189688891172409058e-01,-2.782908082008361816e-02,-1.061527710407972336e-02,1.878568530082702637e-02,-1.768123544752597809e-02,5.673625040799379349e-03,4.179920256137847900e-02,5.756813101470470428e-03,-1.632407889701426029e-03,-1.186618059873580933e-01,2.046507783234119415e-02,1.027308218181133270e-02,-4.469941183924674988e-02,-4.739193245768547058e-02,-1.088646240532398224e-02,8.847659453749656677e-03,4.471465945243835449e-03,3.533165901899337769e-02,4.548754077404737473e-03,-2.573621459305286407e-02,3.188418969511985779e-02,1.162594035267829895e-01,-1.081476286053657532e-01,1.493922900408506393e-02,-7.057385146617889404e-02,2.724658139050006866e-02,-2.306430973112583160e-02,1.092601940035820007e-01,-2.382264286279678345e-02,-8.177656680345535278e-02,-3.625971963629126549e-03,1.245177909731864929e-01,-2.453685738146305084e-02,-1.015738025307655334e-01,1.091170758008956909e-01,2.028935356065630913e-03,-7.076987624168395996e-02,5.362058989703655243e-03,-7.252118736505508423e-02,-1.165316253900527954e-01,2.353492658585309982e-03,7.472194265574216843e-03,7.388003915548324585e-02,1.851442083716392517e-02,-3.543454408645629883e-02,-2.119331806898117065e-02,-7.880517095327377319e-02,2.145515382289886475e-02,-9.467326849699020386e-02,6.085207220166921616e-03,7.490777224302291870e-02,-2.652890107128769159e-04,-9.506064653396606445e-02,2.742585353553295135e-02,-7.454934529960155487e-03,4.287550970911979675e-02,-1.149887889623641968e-01,-1.762959174811840057e-02,1.261380612850189209e-01,2.024835161864757538e-02,-7.998820394277572632e-02,-1.004915460944175720e-01,-2.684802003204822540e-02,-1.464723329991102219e-02,8.837714046239852905e-02,-1.794557273387908936e-02,-9.601938724517822266e-02,-1.349052507430315018e-02,1.322800964117050171e-01,-1.155512630939483643e-01,6.085598841309547424e-02,4.031854495406150818e-02,-1.142667904496192932e-01,3.242617845535278320e-02,4.775266349315643311e-02,9.070835262537002563e-02,1.132566481828689575e-01,-5.339324474334716797e-02,-9.918625652790069580e-02,-4.600439593195915222e-02,4.646917659556493163e-05,2.427758835256099701e-02
-1.282897591590881348e-01,-1.142673566937446594e-01,7.494979500770568848e-01,-3.872418105602264404e-01,-3.792892992496490479e-01,6.299652159214019775e-02,-1.317034512758255005e-01,-2.605746388435363770e-01,-6.090738624334335327e-02,-1.709919273853302002e-01,-4.139437526464462280e-02,2.796166837215423584e-01,-6.126108765602111816e-01,-2.576327919960021973e-01,-6.892217397689819336e-01,-6.302071213722229004e-01,-2.555124089121818542e-02,-2.300833463668823242e-01,2.567722797393798828e-01,3.772038519382476807e-01,2.412907630205154419e-01,-7.269477248191833496e-01,-4.189348220825195312e-01,1.593444794416427612e-01,-8.394490182399749756e-02,-7.409706115722656250e-01,6.978808045387268066e-01,4.184480607509613037e-01,-5.715215802192687988e-01,1.770241707563400269e-01,-7.117381785064935684e-03,7.089737057685852051e-01,-5.349873900413513184e-01,-3.806381821632385254e-01,1.196238026022911072e-02,7.149158120155334473e-01,-5.084737762808799744e-02,-2.115193754434585571e-01,4.937493205070495605e-01,5.549209117889404297e-01,-6.672147512435913086e-01,-3.700380772352218628e-02,-6.435573101043701172e-01,-9.121754020452499390e-02,5.311965942382812500e-02,4.377309679985046387e-01,7.495477795600891113e-01,1.927057206630706787e-01,3.908271342515945435e-02,-2.694312296807765961e-02,7.234217226505279541e-02,-3.916095197200775146e-02,-2.355891466140747070e-01,4.481797292828559875e-02,-3.862628946080803871e-03,7.138891220092773438e-01,-1.675587296485900879e-01,-7.217659801244735718e-02,2.235744744539260864e-01,3.140546083450317383e-01,1.016731858253479004e-01,-1.068356409668922424e-01,-3.307998925447463989e-02,-2.811803221702575684e-01,-5.208617076277732849e-02,1.581536531448364258e-01,-1.558054238557815552e-01,-6.781222224235534668e-01,6.677461862564086914e-01,-8.503179252147674561e-02,5.068375468254089355e-01,-7.702617347240447998e-02,1.234826818108558655e-01,-6.976103782653808594e-01,1.480039507150650024e-01,5.302926301956176758e-01,2.230260148644447327e-02,-7.942126989364624023e-01,2.204607725143432617e-01,6.627640724182128906e-01,-7.204430103302001953e-01,-1.436987798660993576e-02,4.419010281562805176e-01,-2.843625843524932861e-02,5.097643733024597168e-01,6.277961730957031250e-01,-7.466261088848114014e-02,-4.471513256430625916e-02,-4.313054680824279785e-01,-1.450339257717132568e-01,2.286030650138854980e-01,1.413676142692565918e-01,5.012136101722717285e-01,-1.062886640429496765e-01,6.114472150802612305e-01,1.627263380214571953e-03,-4.858343303203582764e-01,1.856175833381712437e-03,6.191250085830688477e-01,-2.612658441066741943e-01,1.028033196926116943e-01,-3.340830206871032715e-01,7.029268741607666016e-01,1.186853647232055664e-01,-7.572910189628601074e-01,-2.606606185436248779e-01,5.349416136741638184e-01,6.323749423027038574e-01,1.891858577728271484e-01,9.105449169874191284e-02,-5.473514795303344727e-01,2.245350778102874756e-01,5.952708721160888672e-01,-2.419603802263736725e-02,-7.485594153404235840e-01,6.899892091751098633e-01,-4.220044612884521484e-01,-3.111574351787567139e-01,7.415622472763061523e-01,-2.082857042551040649e-01,-3.315634727478027344e-01,-6.261461377143859863e-01,-6.823146343231201172e-01,3.053361773490905762e-01,6.376065015792846680e-01,3.979677259922027588e-01,-2.470195479691028595e-02,-2.169168144464492798e-01
4.661159589886665344e-02,5.481998994946479797e-02,-3.872418105602264404e-01,3.793060481548309326e-01,1.637694686651229858e-01,3.777011111378669739e-02,4.764758050441741943e-03,1.548104882240295410e-01,1.506209373474121094e-02,8.599244803190231323e-02,-5.891885980963706970e-02,-1.636255383491516113e-01,2.597326338291168213e-01,1.792120635509490967e-01,3.849390745162963867e-01,2.975510954856872559e-01,2.108921855688095093e-02,2.022820264101028442e-01,-1.636679023504257202e-01,-1.389854997396469116e-01,-2.903488874435424805e-01,4.482969939708709717e-01,1.985257118940353394e-01,-1.635280102491378784e-01,6.597729772329330444e-02,3.954572677612304688e-01,-3.570682406425476074e-01,-1.114289760589599609e-01,1.864587813615798950e-01,2.782195433974266052e-02,-1.822381094098091125e-02,-4.748273491859436035e-01,3.758053481578826904e-01,1.436098068952560425e-01,5.046135280281305313e-03,-3.964974582195281982e-01,4.940124228596687317e-02,9.773810207843780518e-02,-1.208992674946784973e-01,-4.409764707088470459e-01,4.089074432849884033e-01,4.148441180586814880e-02,3.117561340332031250e-01,4.320957511663436890e-02,-6.130293384194374084e-02,-5.282757058739662170e-02,-3.729782700538635254e-01,-1.694517582654953003e-01,-4.067762568593025208e-02,8.578416705131530762e-02,-6.138292700052261353e-02,3.780616819858551025e-02,2.200474143028259277e-01,-1.287233680486679077e-01,1.254959851503372192e-01,-3.933737874031066895e-01,8.806914836168289185e-02,3.095174580812454224e-02,-5.019994080066680908e-02,-2.092067301273345947e-01,-1.323441714048385620e-01,8.961367607116699219e-02,2.368204668164253235e-02,1.789396256208419800e-01,3.865806758403778076e-02,-8.959488570690155029e-02,7.561776041984558105e-02,3.941141366958618164e-01,-3.379612863063812256e-01,-1.232348848134279251e-02,-2.729965150356292725e-01,2.299161106348037720e-01,-1.174578815698623657e-01,3.887850642204284668e-01,-8.659747242927551270e-02,-3.107708692550659180e-01,-1.950171543285250664e-03,4.187170565128326416e-01,-2.897642552852630615e-01,-3.932844698429107666e-01,5.193090438842773438e-01,7.933969609439373016e-03,-1.365594267845153809e-01,1.974126324057579041e-02,-3.379939794540405273e-01,-2.480896264314651489e-01,-1.517660468816757202e-01,2.061938121914863586e-02,1.591875255107879639e-01,7.514651864767074585e-02,-9.324437379837036133e-02,-1.589706987142562866e-01,-3.892409801483154297e-01,1.567950844764709473e-01,-3.776458203792572021e-01,-1.774364151060581207e-02,2.214350700378417969e-01,-1.000750460661947727e-03,-2.791993916034698486e-01,1.619778573513031006e-01,-1.788944751024246216e-02,8.484084159135818481e-02,-4.476242363452911377e-01,-5.592172220349311829e-02,4.547708630561828613e-01,2.717503309249877930e-01,-4.378710985183715820e-01,-3.509150445461273193e-01,-6.599844200536608696e-04,-4.941199719905853271e-02,4.839396774768829346e-01,-1.909586638212203979e-01,-3.931963145732879639e-01,3.352629393339157104e-02,4.103715121746063232e-01,-3.356615900993347168e-01,1.392881870269775391e-01,1.514424085617065430e-01,-4.530930519104003906e-01,1.542864292860031128e-01,1.239530593156814575e-01,3.344146907329559326e-01,3.974267244338989258e-01,-1.657043695449829102e-01,-3.517890274524688721e-01,-2.011496126651763916e-01,6.018889602273702621e-03,1.337587237358093262e-01
1.940990388393402100e-01,6.639254838228225708e-02,-3.792892992496490479e-01,1.637694686651229858e-01,2.955486476421356201e-01,-8.768898248672485352e-02,5.161388963460922241e-02,2.293464988470077515e-01,4.957096278667449951e-02,8.165561407804489136e-02,3.314520930871367455e-03,-1.344332396984100342e-01,3.351333737373352051e-01,2.030450254678726196e-01,4.272977411746978760e-01,3.569199740886688232e-01,2.497406210750341415e-03,1.407594978809356689e-01,-7.575624436140060425e-02,-1.763682514429092407e-01,-1.475580632686614990e-01,3.729102909564971924e-01,1.519854366779327393e-01,9.920638054609298706e-03,3.267113119363784790e-02,3.898072242736816406e-01,-3.879980742931365967e-01,-3.205910623073577881e-01,2.726459205150604248e-01,-1.421346217393875122e-01,-6.917096674442291260e-03,-3.382062911987304688e-01,2.444372326135635376e-01,1.684123128652572632e-01,-8.257290348410606384e-03,-3.785684406757354736e-01,1.483261119574308395e-02,1.021990925073623657e-01,-3.100407719612121582e-01,-3.564003705978393555e-01,3.692525029182434082e-01,4.227548092603683472e-02,3.471663892269134521e-01,4.869642853736877441e-02,1.828572340309619904e-02,-2.259128987789154053e-01,-4.283998906612396240e-01,-1.193810999393463135e-01,-3.081452287733554840e-02,9.807501733303070068e-02,-6.377799808979034424e-02,-2.423316799104213715e-02,1.338480859994888306e-01,1.488487422466278076e-02,-3.636044263839721680e-02,-4.025134444236755371e-01,7.770039886236190796e-02,3.580327704548835754e-02,-1.711500883102416992e-01,-1.500298827886581421e-01,5.117330700159072876e-03,9.290971793234348297e-03,1.732902415096759796e-02,1.285839229822158813e-01,4.085187334567308426e-03,-6.518805772066116333e-02,1.058277040719985962e-01,4.209777712821960449e-01,-3.309736251831054688e-01,1.116146519780158997e-01,-2.594503164291381836e-01,4.255483858287334442e-03,-3.389921784400939941e-02,3.551900386810302734e-01,-9.042665362358093262e-02,-3.362844586372375488e-01,-1.467040274292230606e-02,4.099423885345458984e-01,-1.185240671038627625e-01,-3.079136610031127930e-01,3.323807716369628906e-01,6.476140581071376801e-03,-3.178562521934509277e-01,1.464370358735322952e-02,-2.904692888259887695e-01,-4.080130159854888916e-01,1.185241416096687317e-01,2.286541275680065155e-02,2.237710952758789062e-01,5.612165480852127075e-02,-1.450398415327072144e-01,-6.079411506652832031e-02,-1.822028011083602905e-01,6.894392427057027817e-03,-2.771749496459960938e-01,-4.182628355920314789e-03,3.716405332088470459e-01,-8.996117394417524338e-04,-3.231576681137084961e-01,1.251824647188186646e-01,-3.767690062522888184e-02,1.749958097934722900e-01,-3.427549004554748535e-01,-5.873415246605873108e-02,3.498873710632324219e-01,1.245638132095336914e-01,-1.923467963933944702e-01,-3.072766363620758057e-01,-1.818846166133880615e-01,-3.683065995573997498e-02,2.498904764652252197e-01,-1.924473792314529419e-02,-2.811685502529144287e-01,-1.649730503559112549e-01,4.690843820571899414e-01,-3.900078833103179932e-01,2.941134274005889893e-01,7.472658902406692505e-02,-4.450747966766357422e-01,8.731598407030105591e-02,1.376820504665374756e-01,3.203750848770141602e-01,3.735732734203338623e-01,-1.608470380306243896e-01,-2.772083878517150879e-01,-1.634696424007415771e-01,-1.376328617334365845e-02,9.637673944234848022e-02
-6.134895607829093933e-02,-2.209021896123886108e-02,6.299652159214019775e-02,3.777011111378669739e-02,-8.768898248672485352e-02,2.029972374439239502e-01,-1.831797882914543152e-02,2.051557973027229309e-02,-1.116020679473876953e-01,-4.126641154289245605e-02,3.464994253590703011e-03,3.032298013567924500e-02,-1.466320604085922241e-01,-6.079633720219135284e-03,-1.131794154644012451e-01,-1.237687394022941589e-01,-5.407034419476985931e-03,-4.669716954231262207e-02,1.858706213533878326e-02,2.712768130004405975e-02,1.257932633161544800e-01,-7.596074789762496948e-02,1.582591794431209564e-02,-5.459880921989679337e-03,-1.448694709688425064e-02,-1.927835643291473389e-01,1.089849099516868591e-01,1.107000410556793213e-01,4.412417765706777573e-03,-1.360402163118124008e-02,3.590790182352066040e-02,1.222466677427291870e-01,-9.958928078413009644e-02,8.748051710426807404e-03,-7.776097860187292099e-03,1.145403385162353516e-01,3.568129613995552063e-05,-3.839382156729698181e-02,9.823552519083023071e-02,1.979248784482479095e-02,-1.621328145265579224e-01,-1.481326390057802200e-02,-4.706269875168800354e-02,-6.640935316681861877e-03,8.073857426643371582e-02,8.978582918643951416e-02,1.228608712553977966e-01,8.382221683859825134e-03,-3.752533718943595886e-02,-4.627199470996856689e-02,9.422916173934936523e-02,-8.739420026540756226e-02,-3.399428725242614746e-02,-8.271911740303039551e-02,-3.436132567003369331e-03,8.106214553117752075e-02,-6.223414558917284012e-03,-7.761164102703332901e-03,8.508981764316558838e-02,3.645349293947219849e-02,1.819945313036441803e-02,-1.940693520009517670e-02,-3.258492099121212959e-03,-1.172416359186172485e-01,-9.242961183190345764e-03,3.672282025218009949e-02,-1.911869272589683533e-02,-1.002703234553337097e-01,1.218851357698440552e-01,-1.672077737748622894e-02,5.789851769804954529e-02,-1.144635677337646484e-01,3.432020172476768494e-02,-1.158043146133422852e-01,5.874381214380264282e-02,7.414382696151733398e-02,9.254982694983482361e-03,-1.130864396691322327e-01,1.470788009464740753e-02,8.469408005475997925e-02,-7.125697284936904907e-02,-1.338770613074302673e-03,6.146972626447677612e-02,-9.539968334138393402e-03,9.098817408084869385e-02,1.770260035991668701e-01,-2.017393894493579865e-02,-6.872070487588644028e-03,-1.633087247610092163e-01,-1.474760379642248154e-02,4.385894536972045898e-02,1.280484069138765335e-02,4.858330264687538147e-02,1.403768360614776611e-02,1.024310141801834106e-01,-5.102122575044631958e-02,-4.816234484314918518e-02,2.560469729360193014e-04,7.481620460748672485e-02,-7.018002867698669434e-02,-2.107847481966018677e-02,-1.116974726319313049e-01,1.177601814270019531e-01,2.004770003259181976e-02,-1.297046840190887451e-01,9.809547662734985352e-02,5.553772300481796265e-02,8.325640112161636353e-02,1.419137567281723022e-01,1.808650605380535126e-02,-7.169115543365478516e-02,-5.923184752464294434e-02,5.789336562156677246e-02,8.354875445365905762e-02,-8.469698578119277954e-02,1.576336175203323364e-01,-6.331343948841094971e-02,-2.675096038728952408e-03,1.085735857486724854e-01,-2.813435532152652740e-02,-2.877086587250232697e-02,-1.041502356529235840e-01,-1.145811080932617188e-01,7.567128539085388184e-02,2.842023037374019623e-02,7.880970835685729980e-02,1.821580342948436737e-03,2.394698373973369598e-02
6.477391719818115234e-02,6.974618416279554367e-03,-1.317034512758255005e-01,4.764758050441741943e-03,5.161388963460922241e-02,-1.831797882914543152e-02,1.142509132623672485e-01,3.085454367101192474e-02,9.739629924297332764e-03,3.429687768220901489e-02,4.318926949054002762e-03,-2.578772604465484619e-02,5.554446950554847717e-02,4.292417317628860474e-02,7.871527969837188721e-02,6.778609752655029297e-02,5.208492279052734375e-03,-4.706929624080657959e-02,-3.452403098344802856e-02,-7.854425907135009766e-02,-7.966839708387851715e-03,7.510714232921600342e-02,5.592860653996467590e-02,-2.370253205299377441e-02,-1.183163258247077465e-03,8.807332068681716919e-02,-6.443631649017333984e-02,-6.881040334701538086e-02,1.230116933584213257e-01,-1.342375725507736206e-01,-1.245261449366807938e-02,-7.015398144721984863e-02,6.488578766584396362e-02,4.453518614172935486e-02,-5.705917254090309143e-03,-6.817745417356491089e-02,-3.655200358480215073e-03,3.179472312331199646e-02,-1.590365171432495117e-01,-6.273305416107177734e-02,1.045693457126617432e-01,1.770891062915325165e-02,4.236719012260437012e-02,1.374777313321828842e-02,-1.097639370709657669e-02,-1.468967795372009277e-01,-1.366041898727416992e-01,-1.654440164566040039e-02,4.061167314648628235e-02,-2.053439058363437653e-02,9.699538350105285645e-03,2.918460778892040253e-02,-1.423922833055257797e-02,9.012724272906780243e-03,-1.906544715166091919e-02,-7.399191707372665405e-02,2.176534198224544525e-02,9.849132969975471497e-03,-5.341454595327377319e-02,-2.369839511811733246e-02,-1.791833527386188507e-02,3.525900840759277344e-02,5.060871597379446030e-03,1.066650599241256714e-01,2.935500256717205048e-02,-1.239805389195680618e-02,-4.758122842758893967e-03,6.983318179845809937e-02,-7.178628444671630859e-02,4.226493835449218750e-02,-9.035364538431167603e-02,-5.907749384641647339e-02,2.871590852737426758e-02,9.483070671558380127e-02,-2.996478788554668427e-02,-1.155349835753440857e-01,-6.585613824427127838e-03,1.485859304666519165e-01,-3.541393205523490906e-02,-7.546566426753997803e-02,1.016459539532661438e-01,1.621129340492188931e-03,-8.634193986654281616e-02,-4.370672395452857018e-04,-1.029967665672302246e-01,-6.891375035047531128e-02,1.381454318761825562e-01,2.518093679100275040e-03,7.013186067342758179e-02,2.751350775361061096e-02,-5.277244001626968384e-02,4.289529169909656048e-04,-2.509065344929695129e-02,-4.485630244016647339e-02,-7.342401891946792603e-02,-1.377423945814371109e-02,9.565690159797668457e-02,-3.056612331420183182e-04,-7.361176609992980957e-02,9.292595833539962769e-02,-3.902087733149528503e-02,1.305289268493652344e-01,-7.301775366067886353e-02,-1.875637657940387726e-02,1.319032758474349976e-01,6.451566517353057861e-02,-6.399633735418319702e-02,-6.150257587432861328e-02,-1.310158818960189819e-01,-8.593681268393993378e-03,-9.746335446834564209e-03,-5.812919884920120239e-02,-1.106222067028284073e-02,3.299709409475326538e-02,8.171091973781585693e-02,-1.131612434983253479e-01,9.003893285989761353e-02,4.224643111228942871e-02,-1.430400013923645020e-01,9.230879135429859161e-03,8.022730052471160889e-02,1.189146339893341064e-01,7.141588628292083740e-02,-2.359814196825027466e-02,-3.891067206859588623e-02,-1.059457138180732727e-01,1.407517679035663605e-02,6.276834011077880859e-02
3.100275397300720215e-01,3.657499328255653381e-02,-2.605746388435363770e-01,1.548104882240295410e-01,2.293464988470077515e-01,2.051557973027229309e-02,3.085454367101192474e-02,3.756611943244934082e-01,-7.945289835333824158e-03,3.692135214805603027e-02,6.785337813198566437e-03,-1.033788993954658508e-01,1.959921568632125854e-01,3.452836573123931885e-01,3.464449346065521240e-01,2.404515147209167480e-01,-1.826518331654369831e-03,5.435986816883087158e-02,1.441082824021577835e-02,-1.059611812233924866e-01,-4.159543290734291077e-02,2.587600350379943848e-01,1.390929669141769409e-01,-2.529126219451427460e-02,7.862791419029235840e-03,1.526551693677902222e-01,-2.204060554504394531e-01,-2.592900097370147705e-01,2.471637278795242310e-01,-1.681139320135116577e-01,-4.064472019672393799e-02,-1.706589311361312866e-01,8.667833358049392700e-02,1.842320710420608521e-01,-2.946008928120136261e-02,-2.660473585128784180e-01,2.061577688436955214e-04,6.136242300271987915e-02,-3.021485805511474609e-01,-3.880339562892913818e-01,1.997374147176742554e-01,4.737260192632675171e-02,2.171445637941360474e-01,4.106774553656578064e-02,1.779242455959320068e-01,-2.128595262765884399e-01,-3.247652351856231689e-01,-1.139936074614524841e-01,-5.040741711854934692e-02,2.074271813035011292e-02,-4.864588845521211624e-03,-1.129120811820030212e-01,8.865237981081008911e-02,-9.123209863901138306e-02,-7.039991021156311035e-02,-3.075636625289916992e-01,1.010067835450172424e-01,3.263635933399200439e-02,-3.213237226009368896e-02,-1.042890921235084534e-01,4.868629574775695801e-02,-1.809946820139884949e-02,1.502802129834890366e-02,-2.344466373324394226e-02,-1.994423940777778625e-02,-1.437374856323003769e-02,4.249904304742813110e-02,2.966831922531127930e-01,-2.203231155872344971e-01,7.912623882293701172e-02,-2.141095250844955444e-01,-1.741816997528076172e-01,2.912136958912014961e-03,2.582547664642333984e-01,-3.411359712481498718e-02,-2.083451598882675171e-01,-8.059716783463954926e-03,2.821851670742034912e-01,-1.392736285924911499e-01,-2.020391225814819336e-01,2.127832174301147461e-01,5.284750368446111679e-03,-2.844100296497344971e-01,5.375773645937442780e-03,-2.093519866466522217e-01,-2.496044784784317017e-01,1.240264251828193665e-01,1.481926348060369492e-02,5.046975240111351013e-02,4.366409406065940857e-02,-9.531889855861663818e-02,-2.588929794728755951e-02,-3.978793323040008545e-02,-6.356418132781982422e-02,-1.369961202144622803e-01,-6.586013734340667725e-02,3.519128859043121338e-01,-6.383449654094874859e-04,-2.494253367185592651e-01,1.017877385020256042e-01,-6.740478426218032837e-02,1.032361611723899841e-01,-2.042334079742431641e-01,-3.931216895580291748e-02,1.365295201539993286e-01,1.984945684671401978e-01,-1.888043247163295746e-02,-1.978816688060760498e-01,-1.023098677396774292e-01,-4.928579088300466537e-03,1.877817362546920776e-01,7.297074887901544571e-03,-1.979819536209106445e-01,-1.889066100120544434e-01,3.603123128414154053e-01,-2.248211503028869629e-01,2.997013926506042480e-01,1.715310662984848022e-02,-3.871996700763702393e-01,3.674048185348510742e-02,3.280176967382431030e-02,2.234600931406021118e-01,2.267963737249374390e-01,-1.967413350939750671e-02,-1.935039758682250977e-01,-1.108246445655822754e-01,-2.101155743002891541e-02,8.521735668182373047e-02
6.529726833105087280e-02,1.381667517125606537e-02,-6.090738624334335327e-02,1.506209373474121094e-02,4.957096278667449951e-02,-1.116020679473876953e-01,9.739629924297332764e-03,-7.945289835333824158e-03,8.286169171333312988e-02,3.254212811589241028e-02,-2.134883217513561249e-02,-2.947501465678215027e-02,9.127208590507507324e-02,5.770274996757507324e-02,9.365274012088775635e-02,8.051264286041259766e-02,7.711502723395824432e-03,3.660038858652114868e-02,-1.549781672656536102e-02,-1.540877111256122589e-02,-1.488593667745590210e-01,7.065230607986450195e-02,7.078498601913452148e-03,-2.649994380772113800e-02,1.479457225650548935e-02,1.276426762342453003e-01,-6.625119596719741821e-02,-6.006296724081039429e-02,-2.346220985054969788e-02,1.998355053365230560e-02,-4.220402613282203674e-02,-1.215209960937500000e-01,1.049125045537948608e-01,-1.457934966310858727e-03,5.998034030199050903e-03,-8.776430040597915649e-02,5.460317246615886688e-03,2.424765378236770630e-02,-4.756363108754158020e-02,-7.129712402820587158e-02,1.301188766956329346e-01,2.066909708082675934e-02,2.386521175503730774e-02,5.430303979665040970e-03,-7.043708115816116333e-02,-4.782278835773468018e-02,-8.703833818435668945e-02,-2.939540520310401917e-02,2.369360625743865967e-02,3.793868049979209900e-02,-7.175005227327346802e-02,6.321942061185836792e-02,4.587944597005844116e-02,1.741553284227848053e-02,3.790518641471862793e-02,-6.206925958395004272e-02,1.005822606384754181e-02,5.227050278335809708e-03,-3.483541682362556458e-02,-4.158089682459831238e-02,-3.518649563193321228e-02,3.279599547386169434e-02,5.587673746049404144e-03,1.087322533130645752e-01,6.915461737662553787e-03,-2.626631781458854675e-02,5.428749602288007736e-03,8.816957473754882812e-02,-9.080118685960769653e-02,3.682136069983243942e-03,-5.266856402158737183e-02,1.081057414412498474e-01,-3.623272478580474854e-02,9.552112221717834473e-02,-4.832259193062782288e-02,-6.975732743740081787e-02,-4.276295658200979233e-03,9.416210651397705078e-02,-6.599305570125579834e-02,-7.510625571012496948e-02,9.831134229898452759e-02,1.504539628513157368e-03,-2.459564246237277985e-02,6.421453319489955902e-03,-9.210075438022613525e-02,-9.101432561874389648e-02,-1.357993297278881073e-02,3.791155526414513588e-03,9.511603415012359619e-02,1.416839100420475006e-02,-2.440476603806018829e-02,-3.491721674799919128e-02,-6.695555895566940308e-02,1.855150051414966583e-02,-8.790002763271331787e-02,1.809936389327049255e-02,3.807903453707695007e-02,-2.361038350500166416e-04,-5.841694772243499756e-02,7.056855410337448120e-02,1.408257056027650833e-02,7.041386514902114868e-02,-1.055202409625053406e-01,-1.387912873178720474e-02,9.520455449819564819e-02,-8.793445304036140442e-03,-8.566648513078689575e-02,-6.014326587319374084e-02,-8.642330765724182129e-02,-1.363484840840101242e-02,1.174976080656051636e-01,7.838195306248962879e-04,-6.504120677709579468e-02,-4.945018514990806580e-02,5.083127692341804504e-02,-1.046215593814849854e-01,4.339646920561790466e-02,4.529412835836410522e-03,-1.121218129992485046e-01,3.342713415622711182e-02,3.264233237132430077e-03,9.181962907314300537e-02,9.560123831033706665e-02,-5.815120041370391846e-02,-3.331472724676132202e-02,-8.815052360296249390e-02,1.608630293048918247e-03,-2.000219654291868210e-03
2.767540514469146729e-02,2.487149648368358612e-02,-1.709919273853302002e-01,8.599244803190231323e-02,8.165561407804489136e-02,-4.126641154289245605e-02,3.429687768220901489e-02,3.692135214805603027e-02,3.254212811589241028e-02,4.443786665797233582e-02,-2.663494786247611046e-03,-6.270026415586471558e-02,1.435640454292297363e-01,5.089211463928222656e-02,1.622598618268966675e-01,1.424911320209503174e-01,8.089590817689895630e-03,5.412672832608222961e-02,-6.326162815093994141e-02,-7.707103341817855835e-02,-9.419480711221694946e-02,1.731033027172088623e-01,8.077380061149597168e-02,-4.634707793593406677e-02,2.179253473877906799e-02,1.990163922309875488e-01,-1.622783243656158447e-01,-8.330710977315902710e-02,1.055263355374336243e-01,-2.557678706943988800e-02,-9.185050614178180695e-03,-1.883976906538009644e-01,1.433603018522262573e-01,6.577536463737487793e-02,1.012164750136435032e-03,-1.705943942070007324e-01,1.270548813045024872e-02,4.844709113240242004e-02,-1.046070680022239685e-01,-1.298232525587081909e-01,1.788381785154342651e-01,1.359552517533302307e-02,1.296851336956024170e-01,1.881993748247623444e-02,-3.999894857406616211e-02,-9.124243259429931641e-02,-1.800308078527450562e-01,-4.582951217889785767e-02,4.000175744295120239e-03,1.730459742248058319e-02,-3.551018238067626953e-02,3.462506830692291260e-02,6.110620126128196716e-02,-4.836571868509054184e-03,1.876885071396827698e-02,-1.619191020727157593e-01,3.222300112247467041e-02,1.473790872842073441e-02,-5.240333825349807739e-02,-7.344240695238113403e-02,-4.109301790595054626e-02,3.595231845974922180e-02,8.066844195127487183e-03,9.787978976964950562e-02,1.756394654512405396e-02,-3.995849192142486572e-02,3.054872900247573853e-02,1.579959541559219360e-01,-1.551175862550735474e-01,1.279490068554878235e-02,-1.150825396180152893e-01,5.952918902039527893e-02,-3.450423106551170349e-02,1.697474867105484009e-01,-4.349441453814506531e-02,-1.279317885637283325e-01,-5.159568041563034058e-03,1.981402039527893066e-01,-6.872882694005966187e-02,-1.584582328796386719e-01,1.909088045358657837e-01,3.173740580677986145e-03,-8.088976889848709106e-02,7.645277306437492371e-03,-1.298955082893371582e-01,-1.461063772439956665e-01,1.782720210030674934e-03,9.402273222804069519e-03,1.134567633271217346e-01,3.326029330492019653e-02,-5.241709947586059570e-02,-4.105739668011665344e-02,-1.262872517108917236e-01,2.972811646759510040e-02,-1.523561924695968628e-01,7.914477959275245667e-03,9.686969220638275146e-02,-4.333911347202956676e-04,-1.310773789882659912e-01,7.562200725078582764e-02,-1.420688256621360779e-02,8.783315867185592651e-02,-1.800616383552551270e-01,-2.705772221088409424e-02,2.048787027597427368e-01,5.259023234248161316e-02,-1.511786580085754395e-01,-1.429927945137023926e-01,-5.985868722200393677e-02,-2.262351475656032562e-02,1.468032002449035645e-01,-5.405210331082344055e-02,-1.341639012098312378e-01,8.049874566495418549e-03,1.692804098129272461e-01,-1.730081140995025635e-01,8.114258944988250732e-02,6.721818447113037109e-02,-1.874536424875259399e-01,5.286704376339912415e-02,7.160100340843200684e-02,1.495267450809478760e-01,1.657705307006835938e-01,-7.782039046287536621e-02,-1.365885734558105469e-01,-1.045599356293678284e-01,6.994550116360187531e-03,4.512295871973037720e-02
-5.324421823024749756e-02,6.691892631351947784e-03,-4.139437526464462280e-02,-5.891885980963706970e-02,3.314520930871367455e-03,3.464994253590703011e-03,4.318926949054002762e-03,6.785337813198566437e-03,-2.134883217513561249e-02,-2.663494786247611046e-03,7.414624840021133423e-02,-7.821045815944671631e-03,7.149230688810348511e-02,-4.665583744645118713e-02,1.534129213541746140e-02,4.562027007341384888e-02,-4.129636567085981369e-03,-2.336305193603038788e-02,-5.490898154675960541e-03,-4.335068538784980774e-02,1.502872705459594727e-01,2.795212902128696442e-02,5.359843745827674866e-02,1.633023843169212341e-02,-5.815043579787015915e-03,5.507216602563858032e-02,-6.493697315454483032e-02,-3.724604845046997070e-02,1.235233619809150696e-01,-2.656003832817077637e-02,3.543877601623535156e-02,8.712462149560451508e-03,-5.814030393958091736e-02,7.550895959138870239e-02,-9.595523588359355927e-03,-5.138165503740310669e-02,-6.704880855977535248e-03,1.599934138357639313e-02,-6.243282556533813477e-02,7.686801999807357788e-02,-3.165998682379722595e-02,-3.178379312157630920e-02,7.756043225526809692e-02,6.156043615192174911e-03,5.240080505609512329e-02,-9.271178394556045532e-02,-4.850041493773460388e-02,4.605967178940773010e-02,-1.601528935134410858e-02,-8.094601333141326904e-02,3.271578997373580933e-02,-3.334192186594009399e-02,-4.496354982256889343e-02,3.831505402922630310e-02,-8.146866410970687866e-02,-4.835017397999763489e-02,1.443342864513397217e-02,8.776606991887092590e-03,-9.292568080127239227e-03,1.102614961564540863e-02,4.402000084519386292e-02,-2.519461326301097870e-02,-4.710915498435497284e-03,-8.561458438634872437e-02,-9.828238748013973236e-03,-4.969803616404533386e-03,1.416958216577768326e-02,-6.280601024627685547e-03,-5.206307023763656616e-02,-3.593396628275513649e-03,-4.087552428245544434e-03,-1.247483640909194946e-01,8.605429902672767639e-03,3.198076039552688599e-02,2.621595934033393860e-02,5.980534479022026062e-02,-3.797391196712851524e-03,5.199069529771804810e-02,1.245971620082855225e-01,-2.491643652319908142e-02,-3.070740401744842529e-02,6.118047167547047138e-04,-4.560217261314392090e-02,-8.378212223760783672e-04,7.236017286777496338e-02,-7.561017572879791260e-02,4.086703807115554810e-02,5.394347012042999268e-03,3.465360403060913086e-02,8.386537432670593262e-03,-5.788271315395832062e-03,5.169821530580520630e-02,3.745220229029655457e-02,-3.738760948181152344e-02,4.772036802023649216e-03,1.296060159802436829e-02,-6.419087760150432587e-03,-8.423610779573209584e-06,-5.650974065065383911e-02,-4.806248471140861511e-02,-2.892018482089042664e-02,1.773047633469104767e-02,-8.844629861414432526e-03,-7.458638399839401245e-03,3.455647826194763184e-02,-8.664382249116897583e-02,6.617730110883712769e-02,-3.998157382011413574e-02,3.175353258848190308e-02,-2.994770649820566177e-03,-6.155996397137641907e-02,3.087155148386955261e-02,-1.255164854228496552e-02,3.927596658468246460e-02,5.742703005671501160e-02,-3.508184105157852173e-02,2.865153551101684570e-02,5.082116648554801941e-02,1.962322928011417389e-02,-1.482335384935140610e-02,4.120226949453353882e-02,-6.470276974141597748e-03,5.896795075386762619e-03,1.205912511795759201e-02,-7.077136635780334473e-02,1.792161911725997925e-02,6.631632335484027863e-03,-1.311359833925962448e-02
-4.180479422211647034e-02,-4.178750887513160706e-02,2.796166837215423584e-01,-1.636255383491516113e-01,-1.344332396984100342e-01,3.032298013567924500e-02,-2.578772604465484619e-02,-1.033788993954658508e-01,-2.947501465678215027e-02,-6.270026415586471558e-02,-7.821045815944671631e-03,1.097500175237655640e-01,-2.390193343162536621e-01,-1.010854020714759827e-01,-2.784374654293060303e-01,-2.393290698528289795e-01,-1.145187951624393463e-02,-1.001733094453811646e-01,9.645345062017440796e-02,1.217807009816169739e-01,1.143046841025352478e-01,-2.984032928943634033e-01,-1.494441181421279907e-01,8.198826760053634644e-02,-3.594723343849182129e-02,-3.109823763370513916e-01,2.759650051593780518e-01,1.351212561130523682e-01,-1.958442777395248413e-01,2.533625438809394836e-02,7.439073175191879272e-03,3.014014363288879395e-01,-2.101371735334396362e-01,-1.345320194959640503e-01,3.304424462839961052e-03,2.945021092891693115e-01,-2.146195806562900543e-02,-7.845615595579147339e-02,1.629423797130584717e-01,2.303419560194015503e-01,-2.674177289009094238e-01,-1.493002008646726608e-02,-2.367192804813385010e-01,-3.265947476029396057e-02,1.941089704632759094e-02,1.387004256248474121e-01,2.953837811946868896e-01,7.650571316480636597e-02,1.864314451813697815e-02,-1.128409523516893387e-02,4.451702535152435303e-02,-2.149260044097900391e-02,-1.054841876029968262e-01,3.112981095910072327e-02,-1.691817305982112885e-02,2.855487465858459473e-01,-6.409815698862075806e-02,-2.688901498913764954e-02,6.037286296486854553e-02,1.238317564129829407e-01,5.154000222682952881e-02,-4.387135803699493408e-02,-1.264747325330972672e-02,-9.624034911394119263e-02,-1.831011660397052765e-02,6.247781589627265930e-02,-5.434073880314826965e-02,-2.616706490516662598e-01,2.593871951103210449e-01,-8.390700444579124451e-03,1.878053247928619385e-01,-6.285391002893447876e-02,6.252451986074447632e-02,-2.822026908397674561e-01,5.417596176266670227e-02,1.797289848327636719e-01,6.848363671451807022e-03,-3.194147050380706787e-01,1.016509979963302612e-01,2.679083049297332764e-01,-3.067520558834075928e-01,-5.512540694326162338e-03,1.383142769336700439e-01,-1.257345452904701233e-02,1.893811672925949097e-01,2.429469823837280273e-01,2.910081669688224792e-02,-1.692989282310009003e-02,-1.592025458812713623e-01,-5.440400168299674988e-02,7.766968756914138794e-02,6.226262822747230530e-02,1.998476982116699219e-01,-5.050843209028244019e-02,2.401140928268432617e-01,-5.462180823087692261e-03,-1.620576828718185425e-01,6.884393515065312386e-04,2.287210524082183838e-01,-9.743887186050415039e-02,2.875874750316143036e-02,-1.100802868604660034e-01,2.958865165710449219e-01,4.379510134458541870e-02,-3.166769742965698242e-01,-9.512277692556381226e-02,2.234046012163162231e-01,2.456727623939514160e-01,4.375206306576728821e-02,3.432793170213699341e-02,-2.558799982070922852e-01,7.778014987707138062e-02,2.446849346160888672e-01,-8.729618974030017853e-03,-3.021091818809509277e-01,2.690832614898681641e-01,-1.378287971019744873e-01,-1.167852804064750671e-01,3.019781112670898438e-01,-8.573525398969650269e-02,-1.063052490353584290e-01,-2.291354686021804810e-01,-2.687534391880035400e-01,1.097865626215934753e-01,2.537696957588195801e-01,1.449767202138900757e-01,-7.597312331199645996e-03,-6.897607445716857910e-02
