9.999982714653015137e-01,-9.999985694885253906e-01,-9.999889731407165527e-01,9.999980926513671875e-01,9.999988675117492676e-01,-9.999986290931701660e-01,9.999957680702209473e-01,9.999990463256835938e-01,-9.999973177909851074e-01,9.999976158142089844e-01,-9.999984502792358398e-01,-9.999988675117492676e-01,9.999982118606567383e-01,9.999983310699462891e-01,9.999800920486450195e-01,9.999971985816955566e-01,9.999975562095642090e-01,-9.999986290931701660e-01,9.999929666519165039e-01,-9.999991059303283691e-01,-9.999988675117492676e-01,9.999881386756896973e-01,9.999983906745910645e-01,9.999984502792358398e-01,9.999893307685852051e-01,9.999989271163940430e-01,-9.999984502792358398e-01,-9.999988079071044922e-01,9.999815225601196289e-01,-9.999957680702209473e-01,-9.999936223030090332e-01,-9.999983906745910645e-01,9.999922513961791992e-01,9.999972581863403320e-01,-9.999970197677612305e-01,-9.999767541885375977e-01,9.999989867210388184e-01,9.999986290931701660e-01,9.999927282333374023e-01,-9.999988675117492676e-01,9.999985694885253906e-01,-9.999966025352478027e-01,9.999716281890869141e-01,9.999987483024597168e-01,9.999980926513671875e-01,9.999981522560119629e-01,-9.999759197235107422e-01,9.999982714653015137e-01,9.999988079071044922e-01,-9.999984502792358398e-01,-9.999986886978149414e-01,-9.999977946281433105e-01,-9.999987483024597168e-01,-9.999915957450866699e-01,-9.999972581863403320e-01,-9.999980926513671875e-01,-9.999968409538269043e-01,9.998498558998107910e-01,9.999976754188537598e-01,9.999983906745910645e-01,-9.999979734420776367e-01,9.999989867210388184e-01,9.999982714653015137e-01,9.999949932098388672e-01,-9.999957680702209473e-01,-9.999988079071044922e-01,-9.999990463256835938e-01,-9.999952316284179688e-01,-9.999987483024597168e-01,9.999986886978149414e-01,-9.999988079071044922e-01,9.999980330467224121e-01,9.999960064888000488e-01,-9.999923110008239746e-01,-9.999400377273559570e-01,-9.999982118606567383e-01,9.999928474426269531e-01,9.999986290931701660e-01,-9.999932646751403809e-01,-9.999966621398925781e-01,-9.999384880065917969e-01,9.999975562095642090e-01,-9.999988079071044922e-01,9.999967217445373535e-01,-9.999982714653015137e-01,-9.999868273735046387e-01,9.999894499778747559e-01,9.999988675117492676e-01,9.999434351921081543e-01,9.999951720237731934e-01,-9.999978542327880859e-01,9.999983310699462891e-01,-9.999769330024719238e-01,-9.999979734420776367e-01,9.999984502792358398e-01,-9.999979138374328613e-01,-9.999918937683105469e-01,9.999989867210388184e-01,-9.999987483024597168e-01,9.999908208847045898e-01,-9.999970793724060059e-01,9.999987483024597168e-01,-9.999724030494689941e-01,-9.999623894691467285e-01,9.999985694885253906e-01,9.999972581863403320e-01,-9.999250769615173340e-01,-9.999979734420776367e-01,-9.999941587448120117e-01,9.999985098838806152e-01,-9.999980926513671875e-01,9.999985098838806152e-01,-9.999982118606567383e-01,-9.999828934669494629e-01,9.999990463256835938e-01,-9.999982118606567383e-01,9.999988675117492676e-01,-9.999986290931701660e-01,-9.999943971633911133e-01,-9.999981522560119629e-01,-9.999987483024597168e-01,9.999958872795104980e-01,9.999986290931701660e-01,-9.999974966049194336e-01,-9.999760389328002930e-01,-9.999957084655761719e-01,9.999887943267822266e-01,-9.999970197677612305e-01
-9.999985694885253906e-01,9.999988079071044922e-01,9.999909400939941406e-01,-9.999985098838806152e-01,-9.999992251396179199e-01,9.999988675117492676e-01,-9.999965429306030273e-01,-9.999992251396179199e-01,9.999977946281433105e-01,-9.999980926513671875e-01,9.999987483024597168e-01,9.999991059303283691e-01,-9.999984502792358398e-01,-9.999986886978149414e-01,-9.999836683273315430e-01,-9.999977946281433105e-01,-9.999979734420776367e-01,9.999988079071044922e-01,-9.999942183494567871e-01,9.999993443489074707e-01,9.999991655349731445e-01,-9.999902844429016113e-01,-9.999986290931701660e-01,-9.999987483024597168e-01,-9.999911785125732422e-01,-9.999991059303283691e-01,9.999987483024597168e-01,9.999991655349731445e-01,-9.999849200248718262e-01,9.999964237213134766e-01,9.999947547912597656e-01,9.999986886978149414e-01,-9.999936223030090332e-01,-9.999977350234985352e-01,9.999975562095642090e-01,9.999809861183166504e-01,-9.999992251396179199e-01,-9.999988675117492676e-01,-9.999940991401672363e-01,9.999991059303283691e-01,-9.999988079071044922e-01,9.999971985816955566e-01,-9.999765753746032715e-01,-9.999990463256835938e-01,-9.999984502792358398e-01,-9.999985098838806152e-01,9.999802112579345703e-01,-9.999985694885253906e-01,-9.999990463256835938e-01,9.999988079071044922e-01,9.999989867210388184e-01,9.999982118606567383e-01,9.999990463256835938e-01,9.999930858612060547e-01,9.999976754188537598e-01,9.999983310699462891e-01,9.999973177909851074e-01,-9.998764991760253906e-01,-9.999979734420776367e-01,-9.999985694885253906e-01,9.999983310699462891e-01,-9.999991655349731445e-01,-9.999985694885253906e-01,-9.999960064888000488e-01,9.999964833259582520e-01,9.999990463256835938e-01,9.999991059303283691e-01,9.999960064888000488e-01,9.999990463256835938e-01,-9.999989271163940430e-01,9.999989867210388184e-01,-9.999985098838806152e-01,-9.999967217445373535e-01,9.999938011169433594e-01,9.999507665634155273e-01,9.999984502792358398e-01,-9.999940991401672363e-01,-9.999988675117492676e-01,9.999944567680358887e-01,9.999972581863403320e-01,9.999495148658752441e-01,-9.999979734420776367e-01,9.999991059303283691e-01,-9.999971985816955566e-01,9.999985694885253906e-01,9.999892115592956543e-01,-9.999912977218627930e-01,-9.999991059303283691e-01,-9.999535679817199707e-01,-9.999960660934448242e-01,9.999982714653015137e-01,-9.999985694885253906e-01,9.999810457229614258e-01,9.999983310699462891e-01,-9.999987483024597168e-01,9.999983310699462891e-01,9.999933242797851562e-01,-9.999992847442626953e-01,9.999990463256835938e-01,-9.999925494194030762e-01,9.999976158142089844e-01,-9.999988675117492676e-01,9.999774098396301270e-01,9.999691247940063477e-01,-9.999988079071044922e-01,-9.999977350234985352e-01,9.999384880065917969e-01,9.999983310699462891e-01,9.999951720237731934e-01,-9.999987483024597168e-01,9.999984502792358398e-01,-9.999988079071044922e-01,9.999985098838806152e-01,9.999860525131225586e-01,-9.999992251396179199e-01,9.999985098838806152e-01,-9.999991059303283691e-01,9.999989271163940430e-01,9.999954700469970703e-01,9.999984502792358398e-01,9.999991059303283691e-01,-9.999966025352478027e-01,-9.999988079071044922e-01,9.999979734420776367e-01,9.999802112579345703e-01,9.999963641166687012e-01,-9.999907612800598145e-01,9.999976158142089844e-01
-9.999889731407165527e-01,9.999909400939941406e-01,9.999295473098754883e-01,-9.999887943267822266e-01,-9.999930262565612793e-01,9.999918341636657715e-01,-9.999728202819824219e-01,-9.999937415122985840e-01,9.999836087226867676e-01,-9.999846220016479492e-01,9.999902248382568359e-01,9.999929070472717285e-01,-9.999880790710449219e-01,-9.999894499778747559e-01,-9.998723268508911133e-01,-9.999830126762390137e-01,-9.999846220016479492e-01,9.999912977218627930e-01,-9.999549984931945801e-01,9.999939799308776855e-01,9.999932646751403809e-01,-9.999242424964904785e-01,-9.999898076057434082e-01,-9.999902248382568359e-01,-9.999311566352844238e-01,-9.999936223030090332e-01,9.999902248382568359e-01,9.999930262565612793e-01,-9.998818039894104004e-01,9.999725222587585449e-01,9.999599456787109375e-01,9.999904632568359375e-01,-9.999504089355468750e-01,-9.999821186065673828e-01,9.999812245368957520e-01,9.998520612716674805e-01,-9.999935626983642578e-01,-9.999911785125732422e-01,-9.999541640281677246e-01,9.999929070472717285e-01,-9.999909400939941406e-01,9.999785423278808594e-01,-9.998186826705932617e-01,-9.999923706054687500e-01,-9.999879598617553711e-01,-9.999884963035583496e-01,9.998459219932556152e-01,-9.999890923500061035e-01,-9.999923110008239746e-01,9.999908208847045898e-01,9.999919533729553223e-01,9.999864697456359863e-01,9.999923110008239746e-01,9.999464154243469238e-01,9.999828934669494629e-01,9.999880194664001465e-01,9.999802708625793457e-01,-9.990415573120117188e-01,-9.999855756759643555e-01,-9.999897480010986328e-01,9.999873638153076172e-01,-9.999932646751403809e-01,-9.999890923500061035e-01,-9.999684095382690430e-01,9.999725222587585449e-01,9.999924302101135254e-01,9.999936819076538086e-01,9.999696612358093262e-01,9.999924302101135254e-01,-9.999919533729553223e-01,9.999918937683105469e-01,-9.999877810478210449e-01,-9.999744892120361328e-01,9.999508857727050781e-01,9.996173381805419922e-01,9.999888539314270020e-01,-9.999541640281677246e-01,-9.999917745590209961e-01,9.999569058418273926e-01,9.999791979789733887e-01,9.996081590652465820e-01,-9.999846816062927246e-01,9.999924898147583008e-01,-9.999786019325256348e-01,9.999890923500061035e-01,9.999158382415771484e-01,-9.999328851699829102e-01,-9.999929070472717285e-01,-9.996387958526611328e-01,-9.999688863754272461e-01,9.999859929084777832e-01,-9.999895095825195312e-01,9.998523592948913574e-01,9.999871850013732910e-01,-9.999902248382568359e-01,9.999871253967285156e-01,9.999486804008483887e-01,-9.999934434890747070e-01,9.999924302101135254e-01,-9.999414682388305664e-01,9.999812245368957520e-01,-9.999919533729553223e-01,9.998242259025573730e-01,9.997600913047790527e-01,-9.999908804893493652e-01,-9.999827146530151367e-01,9.995223283767700195e-01,9.999872446060180664e-01,9.999625086784362793e-01,-9.999905824661254883e-01,9.999880194664001465e-01,-9.999907612800598145e-01,9.999886751174926758e-01,9.998907446861267090e-01,-9.999936819076538086e-01,9.999886751174926758e-01,-9.999927282333374023e-01,9.999912977218627930e-01,9.999643564224243164e-01,9.999882578849792480e-01,9.999925494194030762e-01,-9.999738335609436035e-01,-9.999909400939941406e-01,9.999846816062927246e-01,9.998468160629272461e-01,9.999721050262451172e-01,-9.999281764030456543e-01,9.999817013740539551e-01
9.999980926513671875e-01,-9.999985098838806152e-01,-9.999887943267822266e-01,9.999980926513671875e-01,9.999988675117492676e-01,-9.999985694885253906e-01,9.999957084655761719e-01,9.999989867210388184e-01,-9.999971985816955566e-01,9.999974966049194336e-01,-9.999983310699462891e-01,-9.999988079071044922e-01,9.999980926513671875e-01,9.999982714653015137e-01,9.999797344207763672e-01,9.999971985816955566e-01,9.999974370002746582e-01,-9.999985098838806152e-01,9.999927282333374023e-01,-9.999991059303283691e-01,-9.999988675117492676e-01,9.999879598617553711e-01,9.999983310699462891e-01,9.999984502792358398e-01,9.999890923500061035e-01,9.999988675117492676e-01,-9.999984502792358398e-01,-9.999988079071044922e-01,9.999813437461853027e-01,-9.999955892562866211e-01,-9.999935626983642578e-01,-9.999983906745910645e-01,9.999921321868896484e-01,9.999971389770507812e-01,-9.999969005584716797e-01,-9.999764561653137207e-01,9.999989271163940430e-01,9.999985098838806152e-01,9.999926090240478516e-01,-9.999988675117492676e-01,9.999985098838806152e-01,-9.999965429306030273e-01,9.999710917472839355e-01,9.999987483024597168e-01,9.999980330467224121e-01,9.999980330467224121e-01,-9.999754428863525391e-01,9.999982118606567383e-01,9.999986886978149414e-01,-9.999984502792358398e-01,-9.999986886978149414e-01,-9.999977350234985352e-01,-9.999987483024597168e-01,-9.999914169311523438e-01,-9.999971389770507812e-01,-9.999980926513671875e-01,-9.999968409538269043e-01,9.998475909233093262e-01,9.999976158142089844e-01,9.999982714653015137e-01,-9.999979138374328613e-01,9.999988675117492676e-01,9.999981522560119629e-01,9.999949932098388672e-01,-9.999955296516418457e-01,-9.999988079071044922e-01,-9.999989271163940430e-01,-9.999951720237731934e-01,-9.999986886978149414e-01,9.999986290931701660e-01,-9.999987483024597168e-01,9.999980330467224121e-01,9.999959468841552734e-01,-9.999921917915344238e-01,-9.999390244483947754e-01,-9.999982118606567383e-01,9.999927282333374023e-01,9.999986290931701660e-01,-9.999931454658508301e-01,-9.999965429306030273e-01,-9.999375343322753906e-01,9.999974370002746582e-01,-9.999988079071044922e-01,9.999964237213134766e-01,-9.999980926513671875e-01,-9.999866485595703125e-01,9.999892711639404297e-01,9.999988675117492676e-01,9.999425411224365234e-01,9.999950528144836426e-01,-9.999977946281433105e-01,9.999983310699462891e-01,-9.999765753746032715e-01,-9.999979138374328613e-01,9.999983310699462891e-01,-9.999978542327880859e-01,-9.999917149543762207e-01,9.999989867210388184e-01,-9.999987483024597168e-01,9.999907016754150391e-01,-9.999969601631164551e-01,9.999986290931701660e-01,-9.999719858169555664e-01,-9.999618530273437500e-01,9.999985098838806152e-01,9.999971985816955566e-01,-9.999239444732666016e-01,-9.999979734420776367e-01,-9.999939799308776855e-01,9.999983906745910645e-01,-9.999980926513671875e-01,9.999985098838806152e-01,-9.999981522560119629e-01,-9.999826550483703613e-01,9.999989271163940430e-01,-9.999980926513671875e-01,9.999987483024597168e-01,-9.999985694885253906e-01,-9.999943375587463379e-01,-9.999980926513671875e-01,-9.999987483024597168e-01,9.999957680702209473e-01,9.999985098838806152e-01,-9.999974370002746582e-01,-9.999756217002868652e-01,-9.999955296516418457e-01,9.999886155128479004e-01,-9.999969601631164551e-01
9.999988675117492676e-01,-9.999992251396179199e-01,-9.999930262565612793e-01,9.999988675117492676e-01,9.999994039535522461e-01,-9.999992251396179199e-01,9.999973177909851074e-01,9.999995231628417969e-01,-9.999982714653015137e-01,9.999985098838806152e-01,-9.999990463256835938e-01,-9.999993443489074707e-01,9.999988675117492676e-01,9.999989867210388184e-01,9.999874234199523926e-01,9.999982714653015137e-01,9.999984502792358398e-01,-9.999991655349731445e-01,9.999955892562866211e-01,-9.999995231628417969e-01,-9.999993443489074707e-01,9.999924898147583008e-01,9.999990463256835938e-01,9.999990463256835938e-01,9.999932646751403809e-01,9.999994039535522461e-01,-9.999991655349731445e-01,-9.999994039535522461e-01,9.999883770942687988e-01,-9.999973177909851074e-01,-9.999959468841552734e-01,-9.999991059303283691e-01,9.999951720237731934e-01,9.999983310699462891e-01,-9.999980926513671875e-01,-9.999854564666748047e-01,9.999994039535522461e-01,9.999991655349731445e-01,9.999954700469970703e-01,-9.999994039535522461e-01,9.999991655349731445e-01,-9.999978542327880859e-01,9.999820590019226074e-01,9.999993443489074707e-01,9.999988675117492676e-01,9.999988675117492676e-01,-9.999848604202270508e-01,9.999988675117492676e-01,9.999992847442626953e-01,-9.999991655349731445e-01,-9.999993443489074707e-01,-9.999986290931701660e-01,-9.999993443489074707e-01,-9.999946951866149902e-01,-9.999983906745910645e-01,-9.999988079071044922e-01,-9.999980330467224121e-01,9.999048113822937012e-01,9.999985694885253906e-01,9.999989867210388184e-01,-9.999988079071044922e-01,9.999994635581970215e-01,9.999989867210388184e-01,9.999969005584716797e-01,-9.999973177909851074e-01,-9.999994039535522461e-01,-9.999994039535522461e-01,-9.999970197677612305e-01,-9.999992847442626953e-01,9.999992251396179199e-01,-9.999993443489074707e-01,9.999988079071044922e-01,9.999974966049194336e-01,-9.999951720237731934e-01,-9.999620914459228516e-01,-9.999988675117492676e-01,9.999954700469970703e-01,9.999992251396179199e-01,-9.999957084655761719e-01,-9.999979734420776367e-01,-9.999611377716064453e-01,9.999984502792358398e-01,-9.999994039535522461e-01,9.999979138374328613e-01,-9.999989271163940430e-01,-9.999917149543762207e-01,9.999933242797851562e-01,9.999994039535522461e-01,9.999642372131347656e-01,9.999969601631164551e-01,-9.999986886978149414e-01,9.999989271163940430e-01,-9.999853968620300293e-01,-9.999988079071044922e-01,9.999990463256835938e-01,-9.999988079071044922e-01,-9.999949336051940918e-01,9.999995231628417969e-01,-9.999993443489074707e-01,9.999942779541015625e-01,-9.999982118606567383e-01,9.999992251396179199e-01,-9.999825954437255859e-01,-9.999763369560241699e-01,9.999992251396179199e-01,9.999983310699462891e-01,-9.999525547027587891e-01,-9.999988079071044922e-01,-9.999963641166687012e-01,9.999991059303283691e-01,-9.999988675117492676e-01,9.999991059303283691e-01,-9.999988675117492676e-01,-9.999891519546508789e-01,9.999994635581970215e-01,-9.999989271163940430e-01,9.999994039535522461e-01,-9.999991655349731445e-01,-9.999965429306030273e-01,-9.999988675117492676e-01,-9.999992847442626953e-01,9.999974370002746582e-01,9.999991059303283691e-01,-9.999985694885253906e-01,-9.999848008155822754e-01,-9.999971985816955566e-01,9.999929070472717285e-01,-9.999981522560119629e-01
-9.999986290931701660e-01,9.999988675117492676e-01,9.999918341636657715e-01,-9.999985694885253906e-01,-9.999992251396179199e-01,9.999989867210388184e-01,-9.999968409538269043e-01,-9.999992847442626953e-01,9.999979734420776367e-01,-9.999982118606567383e-01,9.999988079071044922e-01,9.999991059303283691e-01,-9.999985098838806152e-01,-9.999987483024597168e-01,-9.999853372573852539e-01,-9.999979138374328613e-01,-9.999980926513671875e-01,9.999990463256835938e-01,-9.999947547912597656e-01,9.999993443489074707e-01,9.999991655349731445e-01,-9.999912381172180176e-01,-9.999988079071044922e-01,-9.999988079071044922e-01,-9.999921321868896484e-01,-9.999992251396179199e-01,9.999988079071044922e-01,9.999991655349731445e-01,-9.999864697456359863e-01,9.999967813491821289e-01,9.999953508377075195e-01,9.999988079071044922e-01,-9.999942183494567871e-01,-9.999978542327880859e-01,9.999977350234985352e-01,9.999829530715942383e-01,-9.999992251396179199e-01,-9.999988675117492676e-01,-9.999946951866149902e-01,9.999992251396179199e-01,-9.999988675117492676e-01,9.999974370002746582e-01,-9.999790787696838379e-01,-9.999990463256835938e-01,-9.999985098838806152e-01,-9.999985694885253906e-01,9.999822974205017090e-01,-9.999986290931701660e-01,-9.999990463256835938e-01,9.999988675117492676e-01,9.999991059303283691e-01,9.999983310699462891e-01,9.999991655349731445e-01,9.999938607215881348e-01,9.999979138374328613e-01,9.999986290931701660e-01,9.999976158142089844e-01,-9.998899102210998535e-01,-9.999982118606567383e-01,-9.999987483024597168e-01,9.999984502792358398e-01,-9.999992847442626953e-01,-9.999986290931701660e-01,-9.999963045120239258e-01,9.999967813491821289e-01,9.999991655349731445e-01,9.999992251396179199e-01,9.999963641166687012e-01,9.999991655349731445e-01,-9.999991059303283691e-01,9.999991059303283691e-01,-9.999985694885253906e-01,-9.999970197677612305e-01,9.999943375587463379e-01,9.999559521675109863e-01,9.999986290931701660e-01,-9.999946951866149902e-01,-9.999989867210388184e-01,9.999949932098388672e-01,9.999974966049194336e-01,9.999549388885498047e-01,-9.999982118606567383e-01,9.999991655349731445e-01,-9.999974966049194336e-01,9.999986290931701660e-01,9.999903440475463867e-01,-9.999921917915344238e-01,-9.999992251396179199e-01,-9.999585151672363281e-01,-9.999963641166687012e-01,9.999983310699462891e-01,-9.999986886978149414e-01,9.999830722808837891e-01,9.999983906745910645e-01,-9.999987483024597168e-01,9.999983906745910645e-01,9.999940395355224609e-01,-9.999992847442626953e-01,9.999991655349731445e-01,-9.999932646751403809e-01,9.999977946281433105e-01,-9.999989867210388184e-01,9.999797344207763672e-01,9.999725222587585449e-01,-9.999989271163940430e-01,-9.999979734420776367e-01,9.999451637268066406e-01,9.999984502792358398e-01,9.999956488609313965e-01,-9.999988675117492676e-01,9.999985098838806152e-01,-9.999988675117492676e-01,9.999986290931701660e-01,9.999874830245971680e-01,-9.999992251396179199e-01,9.999986886978149414e-01,-9.999991059303283691e-01,9.999989271163940430e-01,9.999958276748657227e-01,9.999986290931701660e-01,9.999991059303283691e-01,-9.999969601631164551e-01,-9.999989271163940430e-01,9.999982118606567383e-01,9.999823570251464844e-01,9.999967217445373535e-01,-9.999917149543762207e-01,9.999977946281433105e-01
9.999957680702209473e-01,-9.999965429306030273e-01,-9.999728202819824219e-01,9.999957084655761719e-01,9.999973177909851074e-01,-9.999968409538269043e-01,9.999895691871643066e-01,9.999975562095642090e-01,-9.999936819076538086e-01,9.999940991401672363e-01,-9.999961853027343750e-01,-9.999973177909851074e-01,9.999954700469970703e-01,9.999960660934448242e-01,9.999508857727050781e-01,9.999934434890747070e-01,9.999940395355224609e-01,-9.999966025352478027e-01,9.999827146530151367e-01,-9.999977946281433105e-01,-9.999973773956298828e-01,9.999708533287048340e-01,9.999959468841552734e-01,9.999963045120239258e-01,9.999735951423645020e-01,9.999974370002746582e-01,-9.999963045120239258e-01,-9.999972581863403320e-01,9.999544620513916016e-01,-9.999894499778747559e-01,-9.999845623970031738e-01,-9.999963045120239258e-01,9.999809861183166504e-01,9.999932050704956055e-01,-9.999928474426269531e-01,-9.999428987503051758e-01,9.999974966049194336e-01,9.999966621398925781e-01,9.999824166297912598e-01,-9.999971985816955566e-01,9.999964237213134766e-01,-9.999917745590209961e-01,9.999300837516784668e-01,9.999970793724060059e-01,9.999953508377075195e-01,9.999955892562866211e-01,-9.999405145645141602e-01,9.999958872795104980e-01,9.999970793724060059e-01,-9.999965429306030273e-01,-9.999969005584716797e-01,-9.999947547912597656e-01,-9.999969601631164551e-01,-9.999793767929077148e-01,-9.999933838844299316e-01,-9.999954104423522949e-01,-9.999923706054687500e-01,9.996299147605895996e-01,9.999943971633911133e-01,9.999961256980895996e-01,-9.999951124191284180e-01,9.999973773956298828e-01,9.999958276748657227e-01,9.999879002571105957e-01,-9.999894499778747559e-01,-9.999971389770507812e-01,-9.999974966049194336e-01,-9.999883770942687988e-01,-9.999970197677612305e-01,9.999969005584716797e-01,-9.999969005584716797e-01,9.999954104423522949e-01,9.999901652336120605e-01,-9.999811649322509766e-01,-9.998523592948913574e-01,-9.999957680702209473e-01,9.999824166297912598e-01,9.999968409538269043e-01,-9.999834299087524414e-01,-9.999920129776000977e-01,-9.998487234115600586e-01,9.999941587448120117e-01,-9.999971389770507812e-01,9.999918341636657715e-01,-9.999958276748657227e-01,-9.999676346778869629e-01,9.999742507934570312e-01,9.999973177909851074e-01,9.998607039451599121e-01,9.999880790710449219e-01,-9.999946951866149902e-01,9.999960064888000488e-01,-9.999430775642395020e-01,-9.999951124191284180e-01,9.999961853027343750e-01,-9.999951124191284180e-01,-9.999802112579345703e-01,9.999974966049194336e-01,-9.999970793724060059e-01,9.999774694442749023e-01,-9.999927282333374023e-01,9.999968409538269043e-01,-9.999321699142456055e-01,-9.999073743820190430e-01,9.999965429306030273e-01,9.999933242797851562e-01,-9.998156428337097168e-01,-9.999951720237731934e-01,-9.999856352806091309e-01,9.999964237213134766e-01,-9.999954700469970703e-01,9.999963641166687012e-01,-9.999957084655761719e-01,-9.999579191207885742e-01,9.999976158142089844e-01,-9.999957084655761719e-01,9.999972581863403320e-01,-9.999966621398925781e-01,-9.999862313270568848e-01,-9.999955296516418457e-01,-9.999971389770507812e-01,9.999899864196777344e-01,9.999965429306030273e-01,-9.999940991401672363e-01,-9.999408721923828125e-01,-9.999892711639404297e-01,9.999724626541137695e-01,-9.999930262565612793e-01
9.999990463256835938e-01,-9.999992251396179199e-01,-9.999937415122985840e-01,9.999989867210388184e-01,9.999995231628417969e-01,-9.999992847442626953e-01,9.999975562095642090e-01,9.999995231628417969e-01,-9.999985098838806152e-01,9.999986886978149414e-01,-9.999991655349731445e-01,-9.999994039535522461e-01,9.999989867210388184e-01,9.999992251396179199e-01,9.999885559082031250e-01,9.999984502792358398e-01,9.999985694885253906e-01,-9.999992251396179199e-01,9.999960064888000488e-01,-9.999995231628417969e-01,-9.999994039535522461e-01,9.999932646751403809e-01,9.999992251396179199e-01,9.999991655349731445e-01,9.999938011169433594e-01,9.999994039535522461e-01,-9.999991655349731445e-01,-9.999994039535522461e-01,9.999893903732299805e-01,-9.999975562095642090e-01,-9.999963045120239258e-01,-9.999991655349731445e-01,9.999955892562866211e-01,9.999983310699462891e-01,-9.999982714653015137e-01,-9.999866485595703125e-01,9.999995231628417969e-01,9.999993443489074707e-01,9.999958276748657227e-01,-9.999994635581970215e-01,9.999992847442626953e-01,-9.999980330467224121e-01,9.999836087226867676e-01,9.999994039535522461e-01,9.999989867210388184e-01,9.999989271163940430e-01,-9.999860525131225586e-01,9.999990463256835938e-01,9.999993443489074707e-01,-9.999992251396179199e-01,-9.999994039535522461e-01,-9.999987483024597168e-01,-9.999993443489074707e-01,-9.999952316284179688e-01,-9.999984502792358398e-01,-9.999988675117492676e-01,-9.999982118606567383e-01,9.999132156372070312e-01,9.999986886978149414e-01,9.999991059303283691e-01,-9.999988079071044922e-01,9.999994039535522461e-01,9.999990463256835938e-01,9.999970793724060059e-01,-9.999975562095642090e-01,-9.999994039535522461e-01,-9.999994635581970215e-01,-9.999973177909851074e-01,-9.999993443489074707e-01,9.999992251396179199e-01,-9.999994039535522461e-01,9.999989271163940430e-01,9.999977350234985352e-01,-9.999956488609313965e-01,-9.999653697013854980e-01,-9.999989867210388184e-01,9.999959468841552734e-01,9.999992847442626953e-01,-9.999960660934448242e-01,-9.999982118606567383e-01,-9.999644756317138672e-01,9.999986886978149414e-01,-9.999995231628417969e-01,9.999981522560119629e-01,-9.999990463256835938e-01,-9.999923706054687500e-01,9.999939203262329102e-01,9.999994635581970215e-01,9.999672770500183105e-01,9.999971985816955566e-01,-9.999988079071044922e-01,9.999992251396179199e-01,-9.999867677688598633e-01,-9.999988675117492676e-01,9.999991655349731445e-01,-9.999988079071044922e-01,-9.999953508377075195e-01,9.999995827674865723e-01,-9.999994039535522461e-01,9.999947547912597656e-01,-9.999983906745910645e-01,9.999992847442626953e-01,-9.999840855598449707e-01,-9.999783635139465332e-01,9.999992847442626953e-01,9.999985098838806152e-01,-9.999567866325378418e-01,-9.999988079071044922e-01,-9.999966621398925781e-01,9.999992847442626953e-01,-9.999989867210388184e-01,9.999992847442626953e-01,-9.999990463256835938e-01,-9.999901056289672852e-01,9.999994635581970215e-01,-9.999990463256835938e-01,9.999993443489074707e-01,-9.999993443489074707e-01,-9.999967217445373535e-01,-9.999989867210388184e-01,-9.999994635581970215e-01,9.999976754188537598e-01,9.999992847442626953e-01,-9.999986886978149414e-01,-9.999861717224121094e-01,-9.999974966049194336e-01,9.999935030937194824e-01,-9.999983906745910645e-01
-9.999973177909851074e-01,9.999977946281433105e-01,9.999836087226867676e-01,-9.999971985816955566e-01,-9.999982714653015137e-01,9.999979734420776367e-01,-9.999936819076538086e-01,-9.999985098838806152e-01,9.999960064888000488e-01,-9.999963045120239258e-01,9.999976158142089844e-01,9.999983310699462891e-01,-9.999970793724060059e-01,-9.999974966049194336e-01,-9.999702572822570801e-01,-9.999958872795104980e-01,-9.999963641166687012e-01,9.999978542327880859e-01,-9.999894499778747559e-01,9.999985694885253906e-01,9.999982118606567383e-01,-9.999823570251464844e-01,-9.999975562095642090e-01,-9.999976158142089844e-01,-9.999839067459106445e-01,-9.999983310699462891e-01,9.999976158142089844e-01,9.999982714653015137e-01,-9.999725222587585449e-01,9.999935626983642578e-01,9.999906420707702637e-01,9.999976158142089844e-01,-9.999883770942687988e-01,-9.999957680702209473e-01,9.999955296516418457e-01,9.999654293060302734e-01,-9.999983906745910645e-01,-9.999978542327880859e-01,-9.999892711639404297e-01,9.999982118606567383e-01,-9.999978542327880859e-01,9.999949336051940918e-01,-9.999576210975646973e-01,-9.999981522560119629e-01,-9.999970793724060059e-01,-9.999971985816955566e-01,9.999639987945556641e-01,-9.999973177909851074e-01,-9.999982118606567383e-01,9.999977350234985352e-01,9.999980926513671875e-01,9.999967217445373535e-01,9.999980926513671875e-01,9.999874234199523926e-01,9.999958276748657227e-01,9.999970793724060059e-01,9.999953508377075195e-01,-9.997763633728027344e-01,-9.999966025352478027e-01,-9.999974370002746582e-01,9.999969005584716797e-01,-9.999983310699462891e-01,-9.999973177909851074e-01,-9.999925494194030762e-01,9.999935626983642578e-01,9.999982118606567383e-01,9.999983906745910645e-01,9.999929070472717285e-01,9.999980926513671875e-01,-9.999981522560119629e-01,9.999980926513671875e-01,-9.999970197677612305e-01,-9.999940395355224609e-01,9.999884963035583496e-01,9.999106526374816895e-01,9.999972581863403320e-01,-9.999892711639404297e-01,-9.999979734420776367e-01,9.999898672103881836e-01,9.999950528144836426e-01,9.999085068702697754e-01,-9.999963641166687012e-01,9.999982118606567383e-01,-9.999949336051940918e-01,9.999973177909851074e-01,9.999803304672241211e-01,-9.999842643737792969e-01,-9.999982118606567383e-01,-9.999157786369323730e-01,-9.999927282333374023e-01,9.999966621398925781e-01,-9.999974370002746582e-01,9.999654889106750488e-01,9.999969601631164551e-01,-9.999975562095642090e-01,9.999969005584716797e-01,9.999879598617553711e-01,-9.999984502792358398e-01,9.999980926513671875e-01,-9.999862313270568848e-01,9.999955892562866211e-01,-9.999979734420776367e-01,9.999588727951049805e-01,9.999439120292663574e-01,-9.999977946281433105e-01,-9.999958872795104980e-01,9.998885989189147949e-01,9.999969601631164551e-01,9.999911785125732422e-01,-9.999977350234985352e-01,9.999970793724060059e-01,-9.999977350234985352e-01,9.999972581863403320e-01,9.999744892120361328e-01,-9.999985098838806152e-01,9.999972581863403320e-01,-9.999982118606567383e-01,9.999978542327880859e-01,9.999917149543762207e-01,9.999971985816955566e-01,9.999981522560119629e-01,-9.999939203262329102e-01,-9.999978542327880859e-01,9.999963641166687012e-01,9.999642372131347656e-01,9.999934434890747070e-01,-9.999832510948181152e-01,9.999956488609313965e-01
9.999976158142089844e-01,-9.999980926513671875e-01,-9.999846220016479492e-01,9.999974966049194336e-01,9.999985098838806152e-01,-9.999982118606567383e-01,9.999940991401672363e-01,9.999986886978149414e-01,-9.999963045120239258e-01,9.999966621398925781e-01,-9.999978542327880859e-01,-9.999983906745910645e-01,9.999974370002746582e-01,9.999977350234985352e-01,9.999720454216003418e-01,9.999961853027343750e-01,9.999965429306030273e-01,-9.999980926513671875e-01,9.999901652336120605e-01,-9.999987483024597168e-01,-9.999985098838806152e-01,9.999834299087524414e-01,9.999976754188537598e-01,9.999977946281433105e-01,9.999849796295166016e-01,9.999985694885253906e-01,-9.999977946281433105e-01,-9.999985098838806152e-01,9.999741315841674805e-01,-9.999940395355224609e-01,-9.999911785125732422e-01,-9.999978542327880859e-01,9.999892115592956543e-01,9.999960064888000488e-01,-9.999958872795104980e-01,-9.999674558639526367e-01,9.999985694885253906e-01,9.999980330467224121e-01,9.999899268150329590e-01,-9.999983906745910645e-01,9.999979734420776367e-01,-9.999952912330627441e-01,9.999600648880004883e-01,9.999982714653015137e-01,9.999973773956298828e-01,9.999974370002746582e-01,-9.999660849571228027e-01,9.999976158142089844e-01,9.999982714653015137e-01,-9.999979734420776367e-01,-9.999982118606567383e-01,-9.999969601631164551e-01,-9.999982714653015137e-01,-9.999881982803344727e-01,-9.999961853027343750e-01,-9.999973177909851074e-01,-9.999956488609313965e-01,9.997888803482055664e-01,9.999967813491821289e-01,9.999977350234985352e-01,-9.999971985816955566e-01,9.999985694885253906e-01,9.999975562095642090e-01,9.999931454658508301e-01,-9.999939203262329102e-01,-9.999983906745910645e-01,-9.999985694885253906e-01,-9.999934434890747070e-01,-9.999983310699462891e-01,9.999982118606567383e-01,-9.999982714653015137e-01,9.999973177909851074e-01,9.999944567680358887e-01,-9.999892711639404297e-01,-9.999157786369323730e-01,-9.999974966049194336e-01,9.999899864196777344e-01,9.999981522560119629e-01,-9.999905228614807129e-01,-9.999954700469970703e-01,-9.999136924743652344e-01,9.999966025352478027e-01,-9.999984502792358398e-01,9.999954104423522949e-01,-9.999976158142089844e-01,-9.999815225601196289e-01,9.999852776527404785e-01,9.999985098838806152e-01,9.999204277992248535e-01,9.999932646751403809e-01,-9.999969601631164551e-01,9.999976754188537598e-01,-9.999675154685974121e-01,-9.999971985816955566e-01,9.999977946281433105e-01,-9.999971389770507812e-01,-9.999887347221374512e-01,9.999986290931701660e-01,-9.999983906745910645e-01,9.999871850013732910e-01,-9.999958872795104980e-01,9.999982118606567383e-01,-9.999613165855407715e-01,-9.999471306800842285e-01,9.999980330467224121e-01,9.999962449073791504e-01,-9.998948574066162109e-01,-9.999971389770507812e-01,-9.999917745590209961e-01,9.999979734420776367e-01,-9.999973177909851074e-01,9.999979734420776367e-01,-9.999974370002746582e-01,-9.999759793281555176e-01,9.999985694885253906e-01,-9.999974966049194336e-01,9.999983906745910645e-01,-9.999981522560119629e-01,-9.999921321868896484e-01,-9.999974370002746582e-01,-9.999983310699462891e-01,9.999943375587463379e-01,9.999980330467224121e-01,-9.999966621398925781e-01,-9.999662041664123535e-01,-9.999939203262329102e-01,9.999842047691345215e-01,-9.999960064888000488e-01
-9.999984502792358398e-01,9.999987483024597168e-01,9.999902248382568359e-01,-9.999983310699462891e-01,-9.999990463256835938e-01,9.999988079071044922e-01,-9.999961853027343750e-01,-9.999991655349731445e-01,9.999976158142089844e-01,-9.999978542327880859e-01,9.999986290931701660e-01,9.999990463256835938e-01,-9.999983310699462891e-01,-9.999985098838806152e-01,-9.999822974205017090e-01,-9.999975562095642090e-01,-9.999977350234985352e-01,9.999986886978149414e-01,-9.999937415122985840e-01,9.999992251396179199e-01,9.999991059303283691e-01,-9.999894499778747559e-01,-9.999985694885253906e-01,-9.999986290931701660e-01,-9.999904036521911621e-01,-9.999990463256835938e-01,9.999986290931701660e-01,9.999990463256835938e-01,-9.999836087226867676e-01,9.999961256980895996e-01,9.999943375587463379e-01,9.999985694885253906e-01,-9.999930858612060547e-01,-9.999974966049194336e-01,9.999972581863403320e-01,9.999794363975524902e-01,-9.999991655349731445e-01,-9.999987483024597168e-01,-9.999935626983642578e-01,9.999990463256835938e-01,-9.999987483024597168e-01,9.999969005584716797e-01,-9.999747872352600098e-01,-9.999989271163940430e-01,-9.999982118606567383e-01,-9.999983906745910645e-01,9.999784827232360840e-01,-9.999984502792358398e-01,-9.999989271163940430e-01,9.999986290931701660e-01,9.999989271163940430e-01,9.999980926513671875e-01,9.999988675117492676e-01,9.999925494194030762e-01,9.999974966049194336e-01,9.999983310699462891e-01,9.999971985816955566e-01,-9.998665452003479004e-01,-9.999979138374328613e-01,-9.999985694885253906e-01,9.999982118606567383e-01,-9.999991059303283691e-01,-9.999984502792358398e-01,-9.999955892562866211e-01,9.999961256980895996e-01,9.999989271163940430e-01,9.999991655349731445e-01,9.999957680702209473e-01,9.999989271163940430e-01,-9.999988079071044922e-01,9.999988675117492676e-01,-9.999982714653015137e-01,-9.999964833259582520e-01,9.999931454658508301e-01,9.999467134475708008e-01,9.999983310699462891e-01,-9.999935626983642578e-01,-9.999988079071044922e-01,9.999940395355224609e-01,9.999970793724060059e-01,9.999453425407409668e-01,-9.999978542327880859e-01,9.999989867210388184e-01,-9.999969601631164551e-01,9.999983310699462891e-01,9.999883174896240234e-01,-9.999905824661254883e-01,-9.999990463256835938e-01,-9.999498128890991211e-01,-9.999957084655761719e-01,9.999981522560119629e-01,-9.999985098838806152e-01,9.999795556068420410e-01,9.999982118606567383e-01,-9.999985694885253906e-01,9.999980926513671875e-01,9.999927878379821777e-01,-9.999992251396179199e-01,9.999989867210388184e-01,-9.999918937683105469e-01,9.999974370002746582e-01,-9.999988079071044922e-01,9.999755024909973145e-01,9.999665617942810059e-01,-9.999986886978149414e-01,-9.999975562095642090e-01,9.999334812164306641e-01,9.999982118606567383e-01,9.999946951866149902e-01,-9.999985694885253906e-01,9.999983310699462891e-01,-9.999986886978149414e-01,9.999983906745910645e-01,9.999846816062927246e-01,-9.999991655349731445e-01,9.999983906745910645e-01,-9.999989867210388184e-01,9.999987483024597168e-01,9.999950528144836426e-01,9.999983310699462891e-01,9.999989271163940430e-01,-9.999963045120239258e-01,-9.999986886978149414e-01,9.999978542327880859e-01,9.999787211418151855e-01,9.999960660934448242e-01,-9.999900460243225098e-01,9.999974370002746582e-01
-9.999988675117492676e-01,9.999991059303283691e-01,9.999929070472717285e-01,-9.999988079071044922e-01,-9.999993443489074707e-01,9.999991059303283691e-01,-9.999973177909851074e-01,-9.999994039535522461e-01,9.999983310699462891e-01,-9.999983906745910645e-01,9.999990463256835938e-01,9.999993443489074707e-01,-9.999988079071044922e-01,-9.999989867210388184e-01,-9.999872446060180664e-01,-9.999982714653015137e-01,-9.999984502792358398e-01,9.999991655349731445e-01,-9.999954700469970703e-01,9.999994635581970215e-01,9.999993443489074707e-01,-9.999923706054687500e-01,-9.999989271163940430e-01,-9.999990463256835938e-01,-9.999932050704956055e-01,-9.999992847442626953e-01,9.999990463256835938e-01,9.999993443489074707e-01,-9.999881386756896973e-01,9.999972581863403320e-01,9.999959468841552734e-01,9.999989867210388184e-01,-9.999949932098388672e-01,-9.999982714653015137e-01,9.999980926513671875e-01,9.999851584434509277e-01,-9.999994039535522461e-01,-9.999991655349731445e-01,-9.999953508377075195e-01,9.999993443489074707e-01,-9.999991059303283691e-01,9.999977946281433105e-01,-9.999817013740539551e-01,-9.999993443489074707e-01,-9.999987483024597168e-01,-9.999988079071044922e-01,9.999845027923583984e-01,-9.999989271163940430e-01,-9.999992847442626953e-01,9.999991059303283691e-01,9.999993443489074707e-01,9.999985098838806152e-01,9.999992847442626953e-01,9.999946355819702148e-01,9.999982714653015137e-01,9.999987483024597168e-01,9.999979734420776367e-01,-9.999034404754638672e-01,-9.999985098838806152e-01,-9.999989271163940430e-01,9.999986886978149414e-01,-9.999994039535522461e-01,-9.999988675117492676e-01,-9.999967813491821289e-01,9.999971985816955566e-01,9.999992847442626953e-01,9.999994039535522461e-01,9.999969005584716797e-01,9.999991655349731445e-01,-9.999992251396179199e-01,9.999992251396179199e-01,-9.999987483024597168e-01,-9.999974370002746582e-01,9.999951124191284180e-01,9.999615550041198730e-01,9.999988079071044922e-01,-9.999954104423522949e-01,-9.999991059303283691e-01,9.999956488609313965e-01,9.999978542327880859e-01,9.999604821205139160e-01,-9.999984502792358398e-01,9.999993443489074707e-01,-9.999977946281433105e-01,9.999988675117492676e-01,9.999915361404418945e-01,-9.999932646751403809e-01,-9.999994039535522461e-01,-9.999636411666870117e-01,-9.999968409538269043e-01,9.999986290931701660e-01,-9.999988675117492676e-01,9.999852776527404785e-01,9.999986886978149414e-01,-9.999990463256835938e-01,9.999986886978149414e-01,9.999948740005493164e-01,-9.999994635581970215e-01,9.999993443489074707e-01,-9.999940991401672363e-01,9.999980926513671875e-01,-9.999992251396179199e-01,9.999822974205017090e-01,9.999758601188659668e-01,-9.999992251396179199e-01,-9.999982118606567383e-01,9.999518990516662598e-01,9.999986886978149414e-01,9.999963045120239258e-01,-9.999991059303283691e-01,9.999988079071044922e-01,-9.999992251396179199e-01,9.999988675117492676e-01,9.999890327453613281e-01,-9.999994039535522461e-01,9.999988675117492676e-01,-9.999992847442626953e-01,9.999991655349731445e-01,9.999963641166687012e-01,9.999988079071044922e-01,9.999992847442626953e-01,-9.999973177909851074e-01,-9.999991059303283691e-01,9.999985098838806152e-01,9.999846220016479492e-01,9.999971389770507812e-01,-9.999927878379821777e-01,9.999981522560119629e-01
