7.822511196136474609e-01,1.422581225633621216e-01,-3.980665206909179688e-01,8.851546049118041992e-02,4.548390805721282959e-01,7.457451522350311279e-02,2.396377027034759521e-01,5.104030966758728027e-01,5.382689833641052246e-02,4.331076983362436295e-03,-1.024798154830932617e-01,-1.342478990554809570e-01,6.584546566009521484e-01,3.657551705837249756e-01,5.951599478721618652e-01,1.831986159086227417e-01,-1.414151396602392197e-02,9.970897436141967773e-02,3.016634583473205566e-01,1.348627060651779175e-01,-3.318632841110229492e-01,-1.391282863914966583e-02,4.462032020092010498e-01,-4.515500366687774658e-01,2.872302429750561714e-03,-4.735621511936187744e-01,-4.045356810092926025e-02,-3.979739248752593994e-01,-1.027060076594352722e-01,-6.117817759513854980e-01,-3.792733550071716309e-01,-2.397097051143646240e-01,3.529555797576904297e-01,-1.866049319505691528e-01,-4.719781130552291870e-02,-4.457867741584777832e-01,-1.299213171005249023e-01,1.024995148181915283e-01,-2.743076086044311523e-01,-5.847989916801452637e-01,1.697365790605545044e-01,2.415770292282104492e-01,-2.923115342855453491e-02,7.913471013307571411e-02,5.859977602958679199e-01,-5.295249819755554199e-01,-4.417348504066467285e-01,-4.189874231815338135e-02,-4.684014245867729187e-02,7.113821920938789845e-04,3.430729508399963379e-01,3.540801703929901123e-01,2.101438790559768677e-01,-8.277829736471176147e-02,3.596492111682891846e-02,-1.403645873069763184e-01,1.350364089012145996e-01,8.648572117090225220e-02,1.877983808517456055e-01,-2.897554822266101837e-02,-1.580208837985992432e-01,1.872745156288146973e-01,7.729361206293106079e-02,-1.932643949985504150e-01,-1.606292426586151123e-01,5.322970449924468994e-02,4.387604892253875732e-01,3.813689351081848145e-01,-1.267246752977371216e-01,3.046094775199890137e-01,-5.881907939910888672e-01,-6.753413081169128418e-01,-7.445283979177474976e-02,-1.685583889484405518e-01,-7.943482697010040283e-02,-4.433275759220123291e-01,-3.367030248045921326e-02,1.120326593518257141e-01,-5.685480833053588867e-01,-5.578571557998657227e-01,-3.593721985816955566e-01,2.032938413321971893e-02,-2.601834535598754883e-01,7.045834511518478394e-02,-1.728850156068801880e-01,5.702105537056922913e-02,-2.865511924028396606e-02,2.478082105517387390e-02,3.241325914859771729e-01,-1.139624565839767456e-01,3.187841922044754028e-02,-4.043903946876525879e-01,4.526614025235176086e-02,-8.559615164995193481e-02,-1.559308147989213467e-03,-1.771296113729476929e-01,3.688179850578308105e-01,-7.022800389677286148e-03,-5.222074389457702637e-01,6.056063175201416016e-01,1.478897929191589355e-01,2.149139344692230225e-01,-4.705522581934928894e-02,-1.047180127352476120e-02,2.655971348285675049e-01,2.707071304321289062e-01,-1.523100119084119797e-02,5.873176828026771545e-02,-2.583453953266143799e-01,-3.597739711403846741e-02,4.739851355552673340e-01,9.277382493019104004e-02,7.578479498624801636e-02,-5.124439597129821777e-01,2.091653198003768921e-01,-4.215046167373657227e-01,2.273034155368804932e-01,-1.526403576135635376e-01,-5.833634734153747559e-01,1.825536787509918213e-02,-6.359785199165344238e-01,4.821355640888214111e-01,1.534850001335144043e-01,-9.893590211868286133e-02,5.315892100334167480e-01,-3.669749498367309570e-01,1.035385578870773315e-02,5.144655704498291016e-01
1.422581225633621216e-01,5.669483169913291931e-02,-1.437045335769653320e-01,-1.229204423725605011e-02,1.420547813177108765e-01,-5.384696647524833679e-02,4.773230478167533875e-02,2.922830916941165924e-02,3.424412384629249573e-02,8.626954630017280579e-03,-5.125717725604772568e-03,-3.215334564447402954e-02,1.392509341239929199e-01,2.162776142358779907e-02,1.392150819301605225e-01,5.769221857190132141e-02,-2.898653503507375717e-03,8.483359962701797485e-02,3.653009608387947083e-02,-1.375493034720420837e-02,-2.208739332854747772e-02,5.347310006618499756e-02,7.826133072376251221e-02,-3.608236089348793030e-02,2.582850679755210876e-02,-3.873124951496720314e-03,-8.796276152133941650e-02,-1.549441069364547729e-01,3.002051077783107758e-02,-1.483975648880004883e-01,-9.916480630636215210e-02,-8.814977109432220459e-02,8.585095405578613281e-02,-8.031861856579780579e-03,1.000391785055398941e-03,-1.090266630053520203e-01,-4.700261726975440979e-02,3.255255520343780518e-02,2.455493621528148651e-02,-1.486657112836837769e-01,1.145094335079193115e-01,1.343068480491638184e-02,7.737597823143005371e-02,1.981049403548240662e-02,6.992655992507934570e-02,-8.390451222658157349e-02,-1.256961226463317871e-01,-2.099023666232824326e-03,-4.036619886755943298e-02,-2.725389087572693825e-03,8.024038374423980713e-02,6.077649071812629700e-02,5.568293482065200806e-02,4.017563536763191223e-02,-3.798892349004745483e-02,-4.045438021421432495e-02,3.306991979479789734e-02,1.535929925739765167e-02,3.310488164424896240e-02,3.881846321746706963e-03,-2.768883295357227325e-02,1.162849273532629013e-02,1.631390303373336792e-02,-2.714451402425765991e-02,-9.429350495338439941e-02,-8.059819228947162628e-03,1.329817324876785278e-01,1.592156887054443359e-01,-9.992496669292449951e-02,1.098067164421081543e-01,-1.094463765621185303e-01,-1.068545803427696228e-01,-3.641927242279052734e-02,-4.144958406686782837e-02,-1.868104934692382812e-02,-1.292787045240402222e-01,-1.311638019979000092e-02,5.342729762196540833e-02,-4.274448752403259277e-02,-1.564885973930358887e-01,-9.556076675653457642e-02,4.814309999346733093e-03,-1.191065162420272827e-01,1.563497260212898254e-02,-8.047836273908615112e-02,-7.918391376733779907e-02,3.107139095664024353e-02,1.789320446550846100e-02,1.048211306333541870e-01,-4.940861091017723083e-02,1.351052778773009777e-03,-9.799954295158386230e-02,3.554179519414901733e-02,-4.072408191859722137e-04,-4.149212315678596497e-02,4.065505787730216980e-02,5.823161453008651733e-02,-1.499555655755102634e-03,-1.230482384562492371e-01,1.174624338746070862e-01,3.673894330859184265e-02,1.540911197662353516e-02,-1.886900630779564381e-03,4.831052385270595551e-03,1.063416823744773865e-01,-3.253212571144104004e-02,3.174215927720069885e-02,-9.953354485332965851e-03,-9.381476044654846191e-02,-2.859148941934108734e-02,6.640434265136718750e-02,4.636902734637260437e-02,1.284576579928398132e-02,-1.410756111145019531e-01,1.057948693633079529e-01,-1.315220147371292114e-01,1.204447373747825623e-01,-4.909352585673332214e-02,-7.740373164415359497e-02,7.352279033511877060e-03,-1.243776530027389526e-01,1.019551604986190796e-01,7.613211125135421753e-02,-4.076061025261878967e-02,4.616408795118331909e-02,-9.951775521039962769e-02,-4.078140482306480408e-03,9.572406113147735596e-02
-3.980665206909179688e-01,-1.437045335769653320e-01,8.663993477821350098e-01,-2.634700834751129150e-01,-4.562489390373229980e-01,-3.181001245975494385e-01,-5.888301134109497070e-01,1.887716203927993774e-01,1.276995241641998291e-01,-1.152645945549011230e-01,-7.203590869903564453e-02,2.270564734935760498e-01,-2.418094724416732788e-01,4.699957668781280518e-01,-5.874686837196350098e-01,-2.115327417850494385e-01,-1.009499207139015198e-01,-4.511702358722686768e-01,1.272623091936111450e-01,3.874737620353698730e-01,-4.192002713680267334e-01,-6.234562397003173828e-01,-1.769009977579116821e-01,1.950437128543853760e-01,-2.751456499099731445e-01,-3.271196782588958740e-01,5.735589861869812012e-01,7.450067400932312012e-01,-6.588450670242309570e-01,7.937052249908447266e-01,2.352036833763122559e-01,6.889907717704772949e-01,-5.524770021438598633e-01,-3.243529796600341797e-01,-7.124590221792459488e-03,6.280675530433654785e-01,3.050081729888916016e-01,-2.122721076011657715e-01,-1.548262238502502441e-01,7.885469794273376465e-01,-6.434238553047180176e-01,3.359732404351234436e-02,-4.730544090270996094e-01,-1.233976334333419800e-01,-1.744612753391265869e-01,4.516018331050872803e-01,6.817951202392578125e-01,7.230054587125778198e-02,2.613375782966613770e-01,3.427864909172058105e-01,-5.035693645477294922e-01,1.384955197572708130e-01,-3.846389949321746826e-01,-6.068444624543190002e-02,2.188226431608200073e-01,1.904172450304031372e-01,-1.952284872531890869e-01,-7.766682654619216919e-02,-5.392730832099914551e-01,1.751287430524826050e-01,1.490388065576553345e-01,-6.301215849816799164e-03,-1.065112799406051636e-01,-3.077895045280456543e-01,4.357853233814239502e-01,9.494204819202423096e-02,-7.250961065292358398e-01,-7.313818931579589844e-01,4.776916503906250000e-01,-4.160372614860534668e-01,6.225702762603759766e-01,4.056687355041503906e-01,2.023689597845077515e-01,4.406191036105155945e-02,1.682728342711925507e-02,5.783499479293823242e-01,8.939862251281738281e-02,-6.345895528793334961e-01,6.440898030996322632e-02,7.077522873878479004e-01,-1.681984812021255493e-01,-4.009393230080604553e-02,7.068009972572326660e-01,-6.854801625013351440e-02,5.957893133163452148e-01,5.108188390731811523e-01,-3.782808184623718262e-01,-1.356955021619796753e-01,-6.487384438514709473e-01,2.183641195297241211e-01,1.268802583217620850e-02,6.191537976264953613e-01,-1.524576544761657715e-01,3.704724460840225220e-02,5.229440331459045410e-01,-4.595294594764709473e-01,-2.138458043336868286e-01,1.229221280664205551e-02,5.657649040222167969e-01,-5.319756865501403809e-01,-1.363500654697418213e-01,-3.422819972038269043e-01,-1.497256010770797729e-01,-5.319058895111083984e-02,-8.354312777519226074e-01,3.289826214313507080e-02,2.051137536764144897e-01,3.644029200077056885e-01,6.781932115554809570e-01,2.245191633701324463e-01,-2.442760020494461060e-01,1.601832658052444458e-01,-6.786736845970153809e-02,4.738145172595977783e-01,-6.927872896194458008e-01,4.813176095485687256e-01,-5.272971391677856445e-01,1.080781742930412292e-01,2.257502675056457520e-01,-9.846478700637817383e-02,2.109225243330001831e-01,-4.138352870941162109e-01,-5.006321668624877930e-01,-9.192963689565658569e-02,6.112072616815567017e-02,6.720902323722839355e-01,-1.041687950491905212e-01,-4.591192603111267090e-01
8.851546049118041992e-02,-1.229204423725605011e-02,-2.634700834751129150e-01,3.900281190872192383e-01,5.153878405690193176e-02,2.963347733020782471e-01,2.423315495252609253e-01,-1.777891814708709717e-01,-8.043177425861358643e-02,4.578098282217979431e-02,-1.294617056846618652e-01,-4.600442200899124146e-02,4.832541197538375854e-02,-2.549448907375335693e-01,1.012350395321846008e-01,4.760895390063524246e-03,3.895547613501548767e-02,3.080398142337799072e-01,-1.445671766996383667e-01,-1.185862645506858826e-01,-1.454686094075441360e-02,2.146607786417007446e-01,6.825321912765502930e-02,-1.135010644793510437e-01,1.561220437288284302e-01,1.055975183844566345e-01,-1.377834826707839966e-01,-2.085082381963729858e-01,2.615956664085388184e-01,-2.924950122833251953e-01,-3.860675171017646790e-02,-3.355607688426971436e-01,3.257814943790435791e-01,-3.479257225990295410e-02,2.705778367817401886e-02,-1.808662265539169312e-01,-3.666655719280242920e-02,5.336127057671546936e-02,1.241094470024108887e-01,-4.366421103477478027e-01,1.205727905035018921e-01,1.403717231005430222e-02,2.456249743700027466e-01,3.276440873742103577e-02,-6.647913902997970581e-02,-6.103126332163810730e-02,-1.017374694347381592e-01,-1.093020141124725342e-01,-7.790768146514892578e-02,1.557610114105045795e-03,1.866224706172943115e-01,-3.291549161076545715e-02,2.450341880321502686e-01,-1.341752856969833374e-01,3.880437463521957397e-02,-8.056367188692092896e-02,-3.450379148125648499e-02,-1.521745976060628891e-02,1.677052825689315796e-01,-8.536625653505325317e-02,-2.870340645313262939e-01,9.421991556882858276e-02,4.078731685876846313e-02,2.022032737731933594e-01,-2.658088803291320801e-01,-3.957441449165344238e-02,2.354959547519683838e-01,1.896775513887405396e-01,1.039596572518348694e-01,-5.700262635946273804e-02,-2.482051700353622437e-01,4.230538755655288696e-02,-1.397710200399160385e-02,-1.675709486007690430e-01,-1.525593176484107971e-02,-2.476348131895065308e-01,-6.362852640450000763e-03,1.238967999815940857e-01,-1.928922981023788452e-01,-3.082461059093475342e-01,3.069858849048614502e-01,8.563271723687648773e-03,-1.689220070838928223e-01,1.614347659051418304e-02,-3.622861206531524658e-01,4.460582509636878967e-02,-9.242217056453227997e-03,2.554416842758655548e-02,1.126546561717987061e-01,-5.063931643962860107e-02,1.741223596036434174e-02,-2.546232342720031738e-01,-2.133538760244846344e-02,1.334866434335708618e-01,-2.402906715869903564e-01,1.196954324841499329e-01,-4.199915006756782532e-02,-3.506351495161652565e-03,-7.644811272621154785e-02,3.086904585361480713e-01,6.933740526437759399e-02,6.809551268815994263e-02,4.101522266864776611e-02,1.421316340565681458e-02,4.315916895866394043e-01,2.750813364982604980e-01,-4.322545230388641357e-01,-1.876823157072067261e-01,-1.710379868745803833e-01,-5.982420966029167175e-02,2.349123060703277588e-01,-2.292425185441970825e-01,4.256070777773857117e-02,-7.346415426582098007e-03,1.541235893964767456e-01,-7.645050995051860809e-03,2.602212131023406982e-01,-1.050892844796180725e-02,3.108852170407772064e-02,7.548240572214126587e-02,-1.197781227529048920e-02,-5.046520382165908813e-03,1.988029927015304565e-01,1.141066998243331909e-01,-3.619812801480293274e-02,-2.508251965045928955e-01,2.727713435888290405e-02,2.288306206464767456e-01
4.548390805721282959e-01,1.420547813177108765e-01,-4.562489390373229980e-01,5.153878405690193176e-02,6.981676220893859863e-01,-1.689588464796543121e-02,2.739366888999938965e-01,-2.920905593782663345e-03,5.618223920464515686e-02,4.410554468631744385e-02,-1.027897074818611145e-01,-5.686067417263984680e-02,3.001169264316558838e-01,-2.973941527307033539e-02,4.744243025779724121e-01,2.107020318508148193e-01,-2.102772518992424011e-02,3.289027214050292969e-01,8.851759135723114014e-02,-1.652673482894897461e-01,-6.373571697622537613e-03,2.453531026840209961e-01,8.233416080474853516e-02,1.221280246973037720e-01,5.348107963800430298e-02,4.463637247681617737e-02,-4.375025629997253418e-01,-5.807194709777832031e-01,2.418809831142425537e-01,-5.496820211410522461e-01,-3.567667603492736816e-01,-1.471845060586929321e-01,2.334251850843429565e-01,-8.509157598018646240e-02,3.697777912020683289e-02,-2.014014869928359985e-01,-2.010053396224975586e-01,9.545838087797164917e-02,-5.920085310935974121e-02,-5.183022022247314453e-01,3.557010293006896973e-01,1.012600436806678772e-01,3.540091812610626221e-01,7.365823537111282349e-02,7.545433193445205688e-02,-1.423092186450958252e-01,-5.837034583091735840e-01,-6.525463610887527466e-02,-9.302666038274765015e-02,1.606996804475784302e-01,2.621469199657440186e-01,2.721542865037918091e-02,1.652008891105651855e-01,2.152255624532699585e-01,-2.019394934177398682e-01,-2.227031290531158447e-01,5.211358144879341125e-02,2.778108045458793640e-02,-8.200450241565704346e-02,7.965252548456192017e-02,-1.119962781667709351e-01,1.089812722057104111e-02,4.728662595152854919e-02,-5.551368743181228638e-02,-3.884275853633880615e-01,1.454075798392295837e-02,5.243058204650878906e-01,5.822205543518066406e-01,-1.449885219335556030e-01,4.094598591327667236e-01,-3.178457319736480713e-01,-3.060854077339172363e-01,1.428599804639816284e-01,-2.194015383720397949e-01,-1.081715151667594910e-01,-6.290599703788757324e-01,-5.848891660571098328e-02,2.051741331815719604e-01,-2.578780800104141235e-02,-4.033552706241607666e-01,-2.527883946895599365e-01,7.950270548462867737e-03,-6.032405495643615723e-01,3.481606021523475647e-02,-4.306323826313018799e-01,-3.883747160434722900e-01,3.229472339153289795e-01,4.963815584778785706e-02,2.656115591526031494e-01,-2.106125801801681519e-01,-1.620376855134963989e-01,-2.549256980419158936e-01,3.865111470222473145e-01,-2.969289198517799377e-02,-1.007853969931602478e-01,1.086923256516456604e-01,4.584030210971832275e-01,-4.271346144378185272e-03,-3.441980183124542236e-01,3.447791635990142822e-01,9.253010153770446777e-02,6.183472275733947754e-02,1.892310231924057007e-01,-4.671750590205192566e-03,2.801228463649749756e-01,5.517987161874771118e-02,8.113876730203628540e-02,-3.722434863448143005e-02,-3.184149861335754395e-01,-7.532194256782531738e-02,-8.874966949224472046e-02,2.541584670543670654e-01,2.027261555194854736e-01,-5.421477556228637695e-01,5.377286076545715332e-01,-4.129948318004608154e-01,5.426272153854370117e-01,-2.803188562393188477e-01,-1.515897363424301147e-01,-1.325153163634240627e-03,-1.792365312576293945e-01,1.941559016704559326e-01,2.321842312812805176e-01,-1.232300624251365662e-01,1.051807627081871033e-01,-3.075572550296783447e-01,-9.938620030879974365e-02,3.514252007007598877e-01
7.457451522350311279e-02,-5.384696647524833679e-02,-3.181001245975494385e-01,2.963347733020782471e-01,-1.689588464796543121e-02,5.789988636970520020e-01,3.288869857788085938e-01,-7.412985712289810181e-02,-2.271460592746734619e-01,4.729599878191947937e-02,6.154235918074846268e-03,-8.027556538581848145e-02,-1.069655269384384155e-01,-2.836174964904785156e-01,1.210560202598571777e-01,-2.479073405265808105e-02,7.988344877958297729e-02,4.198008030652999878e-02,-1.121205165982246399e-01,-1.912137567996978760e-01,2.427913248538970947e-01,2.223126739263534546e-01,2.731229364871978760e-02,-1.519152969121932983e-01,7.723669707775115967e-02,2.196252346038818359e-02,-9.936691075563430786e-02,-1.480797827243804932e-01,3.679210245609283447e-01,-3.558651208877563477e-01,1.121440827846527100e-01,-2.802663445472717285e-01,2.212659567594528198e-01,1.971157938241958618e-01,-1.837882958352565765e-02,-1.678488850593566895e-01,-7.224897295236587524e-02,4.827747493982315063e-02,-6.564395129680633545e-02,-3.415613770484924316e-01,3.525688499212265015e-02,3.937930241227149963e-02,9.873039275407791138e-02,3.857161104679107666e-02,1.046860143542289734e-01,-2.519049346446990967e-01,-1.706239283084869385e-01,-7.670769095420837402e-02,-6.245527043938636780e-02,-1.849990189075469971e-01,2.016091495752334595e-01,-2.466365396976470947e-01,1.198398917913436890e-01,-1.180584654211997986e-01,3.668413311243057251e-02,-3.542900830507278442e-02,2.390524744987487793e-02,2.295294217765331268e-02,2.996669709682464600e-01,-1.419536918401718140e-01,-6.294278800487518311e-02,3.560860082507133484e-02,4.177639260888099670e-02,2.723582684993743896e-01,-1.825994811952114105e-02,-2.295922749908640981e-04,2.169263362884521484e-01,1.322514861822128296e-01,7.077439129352569580e-02,7.013844698667526245e-02,-2.852202355861663818e-01,-2.180506736040115356e-01,8.711804635822772980e-03,1.946541451616212726e-04,3.514216095209121704e-02,-1.760389059782028198e-01,-2.030679769814014435e-02,3.353094756603240967e-01,-1.218187958002090454e-01,-1.645587384700775146e-01,3.532595932483673096e-01,1.656263507902622223e-02,-1.933608949184417725e-01,3.834394505247473717e-03,-2.088940143585205078e-01,-5.344344675540924072e-02,1.478970944881439209e-01,2.940208651125431061e-02,1.781957000494003296e-01,-1.321056578308343887e-02,-1.191879250109195709e-02,-2.138893604278564453e-01,-5.991790443658828735e-02,3.085042163729667664e-02,-1.711341440677642822e-01,6.926015764474868774e-02,1.003066375851631165e-01,-5.367459729313850403e-03,-1.342179328203201294e-01,1.576112210750579834e-01,1.073363982141017914e-02,2.646718919277191162e-01,1.119699478149414062e-01,1.723361015319824219e-02,3.862608969211578369e-01,3.210580945014953613e-01,-3.473765850067138672e-01,-1.656413525342941284e-01,-2.979109287261962891e-01,-5.621074885129928589e-02,1.424725353717803955e-01,-3.360348045825958252e-01,2.707168459892272949e-02,4.390950500965118408e-02,2.325619012117385864e-01,4.876802489161491394e-02,5.947542190551757812e-02,6.914638727903366089e-02,-1.389314979314804077e-01,4.850471764802932739e-02,8.548483997583389282e-02,1.190999597311019897e-01,1.138601228594779968e-01,1.382955908775329590e-01,7.270139758475124836e-04,-2.278434336185455322e-01,8.336172997951507568e-02,1.741608828306198120e-01
2.396377027034759521e-01,4.773230478167533875e-02,-5.888301134109497070e-01,2.423315495252609253e-01,2.739366888999938965e-01,3.288869857788085938e-01,5.321270227432250977e-01,-1.275089681148529053e-01,-1.291754841804504395e-01,9.122196584939956665e-02,6.440137326717376709e-02,-1.682797372341156006e-01,5.155108403414487839e-03,-3.964380323886871338e-01,3.795776069164276123e-01,7.685299962759017944e-02,1.155809387564659119e-01,1.630461066961288452e-01,-7.258879393339157104e-02,-2.145279496908187866e-01,3.633352816104888916e-01,3.364397287368774414e-01,-5.407084524631500244e-02,-1.935567110776901245e-01,1.519142687320709229e-01,1.929005980491638184e-01,-2.841639220714569092e-01,-3.935510218143463135e-01,4.708695113658905029e-01,-5.664745569229125977e-01,-8.149716258049011230e-02,-4.949540495872497559e-01,4.390133917331695557e-01,1.679726392030715942e-01,-9.509306401014328003e-03,-3.546571433544158936e-01,-2.264465987682342529e-01,1.313525885343551636e-01,-1.289669796824455261e-02,-5.703548789024353027e-01,3.818873167037963867e-01,5.923703312873840332e-02,1.206711903214454651e-01,6.892615556716918945e-02,2.001663148403167725e-01,-4.493711590766906738e-01,-4.528237581253051758e-01,-4.423259943723678589e-02,-7.059700787067413330e-02,-2.285860925912857056e-01,1.234285011887550354e-01,-2.148589044809341431e-01,2.045750319957733154e-01,1.937296390533447266e-01,-1.373812463134527206e-02,-1.024724449962377548e-02,8.565305173397064209e-02,5.413876473903656006e-02,3.850710391998291016e-01,-1.948546618223190308e-01,-4.433935135602951050e-02,3.446419909596443176e-02,7.564274221658706665e-02,4.117063581943511963e-01,-1.222663894295692444e-01,-5.678988248109817505e-02,4.772464334964752197e-01,4.427380263805389404e-01,-1.691844165325164795e-01,3.536486327648162842e-01,-4.977246224880218506e-01,-2.570606768131256104e-01,-1.347678452730178833e-01,1.336629837751388550e-01,-3.023290075361728668e-03,-4.282337427139282227e-01,-6.098649278283119202e-02,5.605902075767517090e-01,-1.342661082744598389e-01,-3.980656862258911133e-01,1.906604021787643433e-01,2.998482994735240936e-02,-4.643897116184234619e-01,4.222574084997177124e-02,-3.744437396526336670e-01,-4.603989422321319580e-01,2.504621744155883789e-01,6.477224826812744141e-02,5.412043333053588867e-01,-1.113843247294425964e-01,-2.523729763925075531e-02,-4.014786779880523682e-01,-9.167933836579322815e-03,-3.467905148863792419e-02,-4.183209836483001709e-01,2.780900895595550537e-01,2.014382779598236084e-01,-9.439609944820404053e-03,-2.731658518314361572e-01,3.207076191902160645e-01,8.426044136285781860e-02,4.478867352008819580e-01,5.317073687911033630e-02,3.492530435323715210e-02,6.760516762733459473e-01,7.337971031665802002e-02,-2.565509974956512451e-01,-1.848415583372116089e-01,-6.847560405731201172e-01,-1.383893042802810669e-01,1.534329354763031006e-01,-2.467966526746749878e-01,5.396508798003196716e-02,-2.156610637903213501e-01,4.100089371204376221e-01,-2.016954720020294189e-01,1.853833049535751343e-01,-8.771319687366485596e-02,-3.126635551452636719e-01,8.377774059772491455e-02,-1.192731857299804688e-01,4.215632379055023193e-01,2.669692337512969971e-01,2.534361742436885834e-02,9.593506902456283569e-02,-4.287177920341491699e-01,8.898047357797622681e-02,1.731588691473007202e-01
5.104030966758728027e-01,2.922830916941165924e-02,1.887716203927993774e-01,-1.777891814708709717e-01,-2.920905593782663345e-03,-7.412985712289810181e-02,-1.275089681148529053e-01,8.081862330436706543e-01,8.737980574369430542e-02,-7.986979186534881592e-02,-2.539827674627304077e-02,-3.895389288663864136e-02,4.802440702915191650e-01,7.180859446525573730e-01,2.058647572994232178e-01,1.767940632998943329e-02,-4.522070288658142090e-02,-4.251094162464141846e-01,4.411232769489288330e-01,4.679417610168457031e-01,-5.111020803451538086e-01,-4.689915478229522705e-01,3.507391810417175293e-01,-5.231559872627258301e-01,-2.158121913671493530e-01,-7.850828170776367188e-01,4.869036972522735596e-01,2.286623865365982056e-01,-5.873326659202575684e-01,-4.268513247370719910e-02,-1.706043630838394165e-01,1.964622437953948975e-01,-5.114958435297012329e-02,-2.999875545501708984e-01,-9.912694990634918213e-02,-9.946236759424209595e-02,6.129909679293632507e-02,-2.558036148548126221e-02,-4.996040463447570801e-01,3.149149939417839050e-02,-2.674810886383056641e-01,2.780453860759735107e-01,-5.664814114570617676e-01,-3.371049650013446808e-03,6.755689978599548340e-01,-4.158578813076019287e-01,2.624651044607162476e-02,6.265860050916671753e-02,1.697160899639129639e-01,1.217774860560894012e-02,-2.814190089702606201e-02,4.564359784126281738e-01,-1.063950732350349426e-01,-1.822774112224578857e-01,2.439017146825790405e-01,8.007770031690597534e-02,8.710385859012603760e-02,7.872280478477478027e-02,2.232872135937213898e-02,3.338129958137869835e-03,6.832814961671829224e-02,1.941531300544738770e-01,1.384367235004901886e-02,-3.832367360591888428e-01,3.487618863582611084e-01,1.191877797245979309e-01,-1.253322064876556396e-01,-2.211039513349533081e-01,8.644260466098785400e-02,3.130966797471046448e-02,-2.448404729366302490e-01,-5.501279234886169434e-01,-7.360841333866119385e-02,6.901814788579940796e-02,-2.224117331206798553e-02,1.094111874699592590e-01,2.282615937292575836e-02,-2.152665853500366211e-01,-6.088645458221435547e-01,-5.207168683409690857e-02,-4.661504328250885010e-01,3.780385944992303848e-03,3.283532559871673584e-01,3.745127096772193909e-02,4.055027365684509277e-01,4.229813516139984131e-01,-3.265145421028137207e-01,-6.371432542800903320e-02,-5.468094255775213242e-03,9.157515317201614380e-02,1.036004275083541870e-01,-4.977875854820013046e-03,-1.978243291378021240e-01,-1.992953717708587646e-01,3.430511057376861572e-01,-5.074666142463684082e-01,1.833777874708175659e-01,-8.676233701407909393e-04,-1.940563172101974487e-01,2.377050518989562988e-01,4.286738857626914978e-02,1.605808734893798828e-01,-2.336658984422683716e-01,-4.119158908724784851e-02,-3.024770915508270264e-01,2.199106663465499878e-01,2.089365124702453613e-01,3.231758773326873779e-01,1.308847963809967041e-01,1.129631772637367249e-01,3.930298388004302979e-01,1.285664141178131104e-01,-5.620820447802543640e-02,-1.543335020542144775e-01,-3.506637215614318848e-01,-1.114224344491958618e-01,-3.703513443470001221e-01,2.088315598666667938e-02,-6.105055212974548340e-01,-4.773970693349838257e-02,-5.946346521377563477e-01,3.641653358936309814e-01,-2.585062384605407715e-01,-1.191959157586097717e-01,6.789571046829223633e-01,7.065099477767944336e-02,2.781748771667480469e-02,1.501469463109970093e-01
5.382689833641052246e-02,3.424412384629249573e-02,1.276995241641998291e-01,-8.043177425861358643e-02,5.618223920464515686e-02,-2.271460592746734619e-01,-1.291754841804504395e-01,8.737980574369430542e-02,1.197184398770332336e-01,-2.247071266174316406e-02,-5.399313569068908691e-02,3.533633425831794739e-02,1.371166557073593140e-01,1.888723969459533691e-01,-8.535829372704029083e-03,2.117409743368625641e-02,-4.477855935692787170e-02,1.944991387426853180e-02,7.256633788347244263e-02,1.183492615818977356e-01,-2.259316891431808472e-01,-1.116354018449783325e-01,4.555521905422210693e-02,2.199732512235641479e-02,-2.858778275549411774e-02,-8.860500901937484741e-02,5.806003510951995850e-02,3.859486430883407593e-02,-2.030057460069656372e-01,1.022597476840019226e-01,-1.024874821305274963e-01,1.004001572728157043e-01,-3.642405942082405090e-02,-1.703658550977706909e-01,1.419663708657026291e-02,4.814210534095764160e-02,3.491405025124549866e-02,-1.725177466869354248e-02,1.264689210802316666e-02,6.964389979839324951e-02,-1.684394478797912598e-02,1.887672394514083862e-02,-4.268926009535789490e-02,-1.175983250141143799e-02,-1.779612153768539429e-02,9.580032527446746826e-02,6.299126893281936646e-02,1.106401719152927399e-02,3.157442808151245117e-02,1.327576786279678345e-01,-6.081821396946907043e-02,1.744809001684188843e-01,-6.912802811712026596e-03,9.229690767824649811e-03,1.038084737956523895e-02,-5.049735307693481445e-03,-2.730243466794490814e-02,-1.184138748794794083e-02,-1.468030810356140137e-01,6.824305653572082520e-02,-5.112358182668685913e-02,3.219914063811302185e-02,-1.049861032515764236e-02,-1.468844711780548096e-01,-4.325300827622413635e-02,1.009666454046964645e-02,-5.665593221783638000e-02,-2.431076578795909882e-02,1.824071072041988373e-02,-3.827614709734916687e-02,6.675145030021667480e-02,6.328985095024108887e-02,1.031013578176498413e-02,-6.270499527454376221e-02,-3.486560285091400146e-02,4.292015917599201202e-03,1.150489598512649536e-02,-1.881120949983596802e-01,-5.463280528783798218e-02,4.264992661774158478e-03,-1.711416840553283691e-01,-7.536218035966157913e-03,8.273641020059585571e-02,4.708771128207445145e-03,4.465179890394210815e-02,9.411426633596420288e-02,-1.014152988791465759e-01,-1.715653575956821442e-02,-8.119186013936996460e-02,-9.378350339829921722e-03,7.310900371521711349e-03,5.054827779531478882e-02,3.094390593469142914e-02,5.126568721607327461e-04,8.197487890720367432e-02,-7.572738081216812134e-02,-1.297898683696985245e-02,2.037447877228260040e-03,2.503926493227481842e-02,2.511324547231197357e-02,2.159439027309417725e-02,-1.153025925159454346e-01,-5.768330022692680359e-02,-1.268928777426481247e-02,-1.592959463596343994e-01,-5.762464180588722229e-02,9.474951773881912231e-02,8.278192579746246338e-02,1.450156420469284058e-01,2.951848879456520081e-02,6.986296270042657852e-03,1.448893547058105469e-01,5.441626533865928650e-03,-6.274234503507614136e-02,-1.180187910795211792e-01,-6.612089276313781738e-02,1.640555448830127716e-02,-4.701859876513481140e-02,1.943531818687915802e-02,-1.399468258023262024e-02,-1.192556992173194885e-01,-3.813236951828002930e-02,-4.040061309933662415e-02,-6.197313964366912842e-02,7.613737136125564575e-02,5.446099489927291870e-02,-4.581112414598464966e-02,2.090283902361989021e-03
4.331076983362436295e-03,8.626954630017280579e-03,-1.152645945549011230e-01,4.578098282217979431e-02,4.410554468631744385e-02,4.729599878191947937e-02,9.122196584939956665e-02,-7.986979186534881592e-02,-2.247071266174316406e-02,2.041496150195598602e-02,1.476054731756448746e-02,-2.615655958652496338e-02,-2.439676038920879364e-02,-1.201131790876388550e-01,5.102822184562683105e-02,1.337580662220716476e-02,2.089042589068412781e-02,6.066598370671272278e-02,-4.052566736936569214e-02,-6.441203504800796509e-02,9.814273566007614136e-02,9.035891294479370117e-02,-2.787037380039691925e-02,2.145781880244612694e-03,4.172811657190322876e-02,9.698484838008880615e-02,-8.250015974044799805e-02,-8.661942183971405029e-02,1.206655651330947876e-01,-9.120530635118484497e-02,-5.272134672850370407e-03,-1.012662574648857117e-01,7.835622131824493408e-02,4.909333586692810059e-02,5.316280759871006012e-03,-5.872545018792152405e-02,-4.119930788874626160e-02,2.432416751980781555e-02,3.712298721075057983e-02,-9.919009357690811157e-02,8.766984194517135620e-02,-1.216617878526449203e-02,6.686998158693313599e-02,1.197622716426849365e-02,-1.685800217092037201e-02,-4.479277506470680237e-02,-7.524198293685913086e-02,-9.610227309167385101e-03,-2.580253034830093384e-02,-4.229324683547019958e-02,2.456410042941570282e-02,-5.837767943739891052e-02,4.375606775283813477e-02,4.245591163635253906e-02,-2.143382467329502106e-02,-6.896094884723424911e-03,1.085079647600650787e-02,4.189417231827974319e-03,6.802748143672943115e-02,-3.198929876089096069e-02,-1.212129555642604828e-02,-7.937815040349960327e-03,1.181332208216190338e-02,9.159208834171295166e-02,-4.978297278285026550e-02,-1.888656988739967346e-02,8.818150311708450317e-02,9.214407205581665039e-02,-4.437120631337165833e-02,5.488868057727813721e-02,-6.582231819629669189e-02,-2.038536127656698227e-03,-2.388740889728069305e-02,1.787550002336502075e-02,5.436199717223644257e-04,-7.695525139570236206e-02,-1.168008241802453995e-02,1.058865487575531006e-01,2.287049964070320129e-02,-6.900747120380401611e-02,5.976472049951553345e-02,4.864640533924102783e-03,-1.006987243890762329e-01,5.473565310239791870e-03,-8.934486657381057739e-02,-1.092327609658241272e-01,6.016297638416290283e-02,1.609113253653049469e-02,9.429417550563812256e-02,-2.529244683682918549e-02,-7.188598625361919403e-03,-6.868642568588256836e-02,9.549748152494430542e-03,5.518412217497825623e-03,-9.375961869955062866e-02,8.381099998950958252e-02,1.599054969847202301e-02,-1.515173469670116901e-03,-3.490437939763069153e-02,3.883943334221839905e-02,1.244176924228668213e-02,5.990315228700637817e-02,2.090661972761154175e-02,9.161127731204032898e-03,1.408589035272598267e-01,-1.446568127721548080e-02,-5.136586725711822510e-02,-5.284981057047843933e-02,-1.242008581757545471e-01,-3.181886672973632812e-02,2.859025029465556145e-03,-4.586420953273773193e-02,9.768504649400711060e-03,-2.854651026427745819e-02,9.338997304439544678e-02,-3.354118019342422485e-02,6.148720160126686096e-02,-1.601016335189342499e-02,-5.371270701289176941e-03,1.753045804798603058e-02,1.440774556249380112e-02,4.564680159091949463e-02,6.474850326776504517e-02,1.129662990570068359e-02,-3.542598709464073181e-02,-7.942578941583633423e-02,1.401516795158386230e-02,2.079848200082778931e-02
-1.024798154830932617e-01,-5.125717725604772568e-03,-7.203590869903564453e-02,-1.294617056846618652e-01,-1.027897074818611145e-01,6.154235918074846268e-03,6.440137326717376709e-02,-2.539827674627304077e-02,-5.399313569068908691e-02,1.476054731756448746e-02,1.864116936922073364e-01,-5.755490437150001526e-02,-1.540234684944152832e-01,-1.334450840950012207e-01,9.099384769797325134e-03,-1.234544534236192703e-02,5.256652086973190308e-02,-1.739619970321655273e-01,-6.027868948876857758e-03,-5.139214172959327698e-02,3.173538148403167725e-01,4.223550483584403992e-02,-1.135278716683387756e-01,-4.791025072336196899e-02,-9.208488278090953827e-03,1.187975332140922546e-01,-2.373961266130208969e-03,4.404129460453987122e-02,1.031525954604148865e-01,2.131798118352890015e-02,1.032264679670333862e-01,-5.955440923571586609e-02,-3.746442496776580811e-02,2.213127613067626953e-01,-3.258771449327468872e-02,-4.939697682857513428e-02,-5.792746692895889282e-02,1.937934011220932007e-02,-2.373914606869220734e-02,1.138394549489021301e-01,7.427666336297988892e-02,-4.398638382554054260e-02,-1.307901740074157715e-01,-3.081438990193419158e-05,1.028461530804634094e-01,-1.648226380348205566e-01,-3.577028214931488037e-02,6.752365082502365112e-02,4.967177286744117737e-03,-2.251673787832260132e-01,-9.359911829233169556e-02,-1.572957634925842285e-01,-8.542133867740631104e-02,1.402988880872726440e-01,-1.268763467669487000e-02,9.779929369688034058e-02,7.303786277770996094e-02,3.322849050164222717e-02,1.742697507143020630e-01,-8.657424151897430420e-02,2.285345643758773804e-01,-7.622473686933517456e-02,2.710595959797501564e-03,1.423539817333221436e-01,1.931086182594299316e-01,-2.376960590481758118e-02,-1.384119782596826553e-02,-1.614521630108356476e-02,-1.844234913587570190e-01,1.281633973121643066e-01,-1.302359998226165771e-02,-6.921909749507904053e-02,-1.242231205105781555e-01,2.627839148044586182e-01,5.239666998386383057e-02,1.206687092781066895e-01,-1.828147657215595245e-02,2.257928103208541870e-01,1.319787353277206421e-01,8.334344625473022461e-02,1.187226176261901855e-02,1.071091461926698685e-02,-1.348634809255599976e-02,1.887429505586624146e-03,1.345041692256927490e-01,-2.357925027608871460e-01,9.290786832571029663e-02,1.800837554037570953e-02,1.828193366527557373e-01,2.557502500712871552e-02,2.430122345685958862e-02,4.956300370395183563e-03,-9.038487076759338379e-02,-9.458276629447937012e-02,-8.470206707715988159e-02,1.160535886883735657e-01,-1.095349621027708054e-02,-2.013174816966056824e-03,-1.453622709959745407e-02,-1.498397886753082275e-01,-3.133389726281166077e-02,1.794802844524383545e-01,-2.994108013808727264e-02,1.895027421414852142e-02,7.260356843471527100e-02,-2.095927447080612183e-01,1.316034346818923950e-01,-1.469538733363151550e-02,-2.103601098060607910e-01,-3.468165546655654907e-02,-5.365205183625221252e-02,-7.060002535581588745e-02,-7.042812556028366089e-02,3.851575776934623718e-02,2.987461537122726440e-02,8.432486094534397125e-03,-1.984472423791885376e-01,5.330063030123710632e-02,-1.104507371783256531e-01,-1.144586640293709934e-04,4.288982599973678589e-02,1.703055202960968018e-01,-1.051075197756290436e-02,-5.762397311627864838e-03,-3.410735353827476501e-02,-2.683286089450120926e-03,7.121392339468002319e-02,-1.544751971960067749e-01
-1.342478990554809570e-01,-3.215334564447402954e-02,2.270564734935760498e-01,-4.600442200899124146e-02,-5.686067417263984680e-02,-8.027556538581848145e-02,-1.682797372341156006e-01,-3.895389288663864136e-02,3.533633425831794739e-02,-2.615655958652496338e-02,-5.755490437150001526e-02,8.613244444131851196e-02,-7.325346767902374268e-02,8.178041130304336548e-02,-1.713446080684661865e-01,-3.432746604084968567e-02,-4.598138853907585144e-02,-1.310491468757390976e-02,-1.320050377398729324e-02,3.090478666126728058e-02,-1.178065761923789978e-01,-9.082793444395065308e-02,-4.240387305617332458e-02,1.766883432865142822e-01,-5.063851177692413330e-02,-7.627245970070362091e-03,5.186977609992027283e-02,1.246799901127815247e-01,-1.152675822377204895e-01,2.124535590410232544e-01,4.076869785785675049e-02,2.114748656749725342e-01,-1.666929423809051514e-01,-8.258431404829025269e-02,2.164861932396888733e-02,1.938313692808151245e-01,8.141396939754486084e-02,-5.620563030242919922e-02,1.343747973442077637e-02,2.032189369201660156e-01,-1.436688899993896484e-01,-2.369344234466552734e-02,2.358839847147464752e-02,-2.670548483729362488e-02,-1.847158521413803101e-01,2.531723976135253906e-01,1.537492424249649048e-01,-7.349700666964054108e-03,3.078888542950153351e-02,1.493414789438247681e-01,-5.401650071144104004e-02,1.858577877283096313e-02,-7.074053585529327393e-02,-4.595615342259407043e-02,-1.610602065920829773e-02,-1.809743233025074005e-02,-6.770137697458267212e-02,-3.673975169658660889e-02,-2.122820764780044556e-01,9.214252978563308716e-02,-1.296656578779220581e-02,-2.361845783889293671e-02,-3.189147263765335083e-02,-1.171310022473335266e-01,-4.652960225939750671e-03,2.488986030220985413e-02,-1.615923941135406494e-01,-1.409033387899398804e-01,1.238472089171409607e-01,-1.375908553600311279e-01,2.242108285427093506e-01,1.705559641122817993e-01,1.249745339155197144e-01,-8.982823789119720459e-02,-1.152766216546297073e-02,9.558662772178649902e-02,2.113010548055171967e-02,-2.111674994230270386e-01,1.090709939599037170e-01,1.881533861160278320e-01,-1.802047714591026306e-02,-1.462192833423614502e-02,1.127616837620735168e-01,-2.430888824164867401e-02,6.511978805065155029e-02,1.356362402439117432e-01,-3.401807695627212524e-02,-2.620200067758560181e-02,-2.447885423898696899e-01,2.681826241314411163e-02,-3.484901040792465210e-02,1.721146553754806519e-01,6.534969806671142578e-02,3.753224760293960571e-02,1.478019356727600098e-01,-9.367427974939346313e-02,-3.491878136992454529e-02,4.011621233075857162e-03,1.473261117935180664e-01,-1.483751237392425537e-01,-3.913779929280281067e-02,-1.878007799386978149e-01,3.597679361701011658e-02,-1.628063246607780457e-02,-2.588146626949310303e-01,1.636252924799919128e-02,5.420344322919845581e-02,5.544725805521011353e-02,2.617435455322265625e-01,5.357547104358673096e-02,-1.589786410331726074e-01,9.282793104648590088e-02,2.403780259191989899e-02,9.116295725107192993e-02,-1.025342866778373718e-01,9.989821165800094604e-02,-6.316673825494945049e-04,2.405254635959863663e-03,1.989477574825286865e-01,-3.311491385102272034e-02,1.432710140943527222e-01,-2.328044176101684570e-01,-9.114906936883926392e-02,-2.183578442782163620e-03,-8.905560523271560669e-02,1.670065373182296753e-01,-5.885871499776840210e-02,-6.669072806835174561e-02
