6.914113759994506836e-01,8.536253869533538818e-02,-4.010610580444335938e-01,1.445136666297912598e-01,3.472431302070617676e-01,-6.213538814336061478e-03,6.201432645320892334e-02,6.093006134033203125e-01,5.490258708596229553e-02,2.878050133585929871e-02,-1.017304323613643646e-02,-1.204311624169349670e-01,5.928714871406555176e-01,4.306423962116241455e-01,5.128800868988037109e-01,1.536185443401336670e-01,1.238258788362145424e-03,3.543756306171417236e-01,2.232056260108947754e-01,6.211767345666885376e-02,-1.169925034046173096e-01,1.204014644026756287e-01,3.478511869907379150e-01,-2.882078289985656738e-01,3.433320298790931702e-02,-1.391314417123794556e-01,-1.995964795351028442e-01,-3.731445670127868652e-01,-1.021497100591659546e-01,-5.399226546287536621e-01,-2.337694466114044189e-01,-3.739242255687713623e-01,2.975245118141174316e-01,3.989149257540702820e-02,-4.254939034581184387e-02,-4.350000023841857910e-01,-5.544708669185638428e-02,7.479251921176910400e-02,-3.134911060333251953e-01,-6.642149686813354492e-01,3.182871639728546143e-01,1.212267279624938965e-01,4.611018672585487366e-02,6.419132649898529053e-02,6.029955148696899414e-01,-5.644952058792114258e-01,-4.216453731060028076e-01,-7.286179065704345703e-02,-6.522427499294281006e-02,3.096559830009937286e-02,1.336884200572967529e-01,1.450955867767333984e-01,3.774494230747222900e-01,-1.654075682163238525e-01,-3.239003568887710571e-02,-3.274998962879180908e-01,8.549026399850845337e-02,5.798062682151794434e-02,-1.711636432446539402e-03,-1.262801587581634521e-01,-1.749162562191486359e-02,1.498440057039260864e-01,6.584241241216659546e-02,-1.699382364749908447e-01,-4.194277152419090271e-02,-5.049308296293020248e-03,2.562809586524963379e-01,4.430256783962249756e-01,-3.645983934402465820e-01,6.373798102140426636e-02,-5.245990157127380371e-01,-4.563284516334533691e-01,-1.036362424492835999e-01,2.066734433174133301e-01,-1.776975095272064209e-01,-4.085987806320190430e-01,-2.501986175775527954e-02,3.055359721183776855e-01,-4.401471614837646484e-01,-5.402476787567138672e-01,2.809223532676696777e-02,1.930622197687625885e-02,-2.678910195827484131e-01,4.223063588142395020e-02,-2.987519204616546631e-01,1.742015592753887177e-02,-2.163177542388439178e-02,2.578408643603324890e-02,2.428193837404251099e-01,-2.917117439210414886e-02,-8.596289157867431641e-02,-3.210470378398895264e-01,-1.671452224254608154e-01,1.026151180267333984e-01,-8.168067038059234619e-02,-2.265127897262573242e-01,3.891376256942749023e-01,-4.834890831261873245e-03,-3.591602444648742676e-01,5.404087901115417480e-01,7.240295410156250000e-02,1.419556140899658203e-01,-1.592111587524414062e-01,-1.032729446887969971e-02,3.458141982555389404e-01,2.426513284444808960e-01,-9.566516429185867310e-02,-3.486194089055061340e-02,-2.300199270248413086e-01,-2.843472175300121307e-02,5.116153359413146973e-01,1.451867818832397461e-02,-1.015874594449996948e-01,-5.450198054313659668e-01,3.792334198951721191e-01,-3.787262141704559326e-01,3.370471000671386719e-01,-1.825004369020462036e-01,-6.751043796539306641e-01,4.156933724880218506e-02,-2.194636613130569458e-01,5.273766517639160156e-01,3.237898945808410645e-01,-1.724932342767715454e-01,1.736726611852645874e-01,2.570269443094730377e-02,1.530589070171117783e-02,3.219746947288513184e-01
8.536253869533538818e-02,3.828363865613937378e-02,-1.311265677213668823e-01,-1.178175443783402443e-03,9.894293546676635742e-02,-4.598359763622283936e-02,-4.789726343005895615e-03,2.183578908443450928e-02,1.771829463541507721e-02,1.015593763440847397e-02,4.217999055981636047e-02,-2.614903263747692108e-02,9.599725157022476196e-02,-2.450181730091571808e-02,1.164693981409072876e-01,4.642012715339660645e-02,2.069174079224467278e-03,1.352865695953369141e-01,1.154360733926296234e-02,-3.376675397157669067e-02,7.598152756690979004e-02,7.610368728637695312e-02,3.645985201001167297e-02,5.472464486956596375e-02,2.393095381557941437e-02,1.127605661749839783e-01,-1.229869127273559570e-01,-1.297661215066909790e-01,5.247466638684272766e-02,-7.866647839546203613e-02,-3.599482029676437378e-02,-1.127113550901412964e-01,6.212839856743812561e-02,4.355725273489952087e-02,1.816513016819953918e-03,-8.886984735727310181e-02,-2.539639547467231750e-02,2.179072983562946320e-02,1.581793278455734253e-02,-1.276210993528366089e-01,1.383017599582672119e-01,-2.254050225019454956e-02,1.181340068578720093e-01,1.307547651231288910e-02,3.872074559330940247e-02,-3.781272470951080322e-02,-1.072235628962516785e-01,-7.305500097572803497e-03,-4.350887611508369446e-02,8.927427232265472412e-03,-5.205830559134483337e-03,-1.017177756875753403e-02,9.993785619735717773e-02,5.649573728442192078e-02,-4.368604347109794617e-02,-9.219331294298171997e-02,1.315856538712978363e-02,8.620110340416431427e-03,-5.539129301905632019e-02,-2.737348712980747223e-02,3.235460072755813599e-02,-1.674647815525531769e-02,1.060432288795709610e-02,-9.500649757683277130e-03,-2.444962412118911743e-02,-1.917448081076145172e-02,6.591005623340606689e-02,1.525820791721343994e-01,-1.232742443680763245e-01,5.349874496459960938e-02,-6.724980473518371582e-02,-4.291032906621694565e-03,-3.165994584560394287e-02,7.985218614339828491e-02,-4.504805058240890503e-02,-1.206452473998069763e-01,-9.376402944326400757e-03,9.242337197065353394e-02,1.751814223825931549e-02,-9.520103037357330322e-02,7.310346700251102448e-03,4.125013016164302826e-03,-1.024226844310760498e-01,8.276782929897308350e-03,-8.311511576175689697e-02,-1.109529957175254822e-01,2.498834766447544098e-02,1.520634442567825317e-02,1.006681546568870544e-01,-1.842161454260349274e-02,-4.644795134663581848e-02,-4.634608700871467590e-02,-1.653031259775161743e-02,3.925389423966407776e-02,-5.991837009787559509e-02,-8.835965767502784729e-03,7.826580107212066650e-02,-1.007378567010164261e-03,-8.304097503423690796e-02,4.170300811529159546e-02,1.417153421789407730e-02,-4.991376306861639023e-03,-3.540148958563804626e-02,2.213967265561223030e-03,1.118167862296104431e-01,-5.245872307568788528e-03,-6.589443422853946686e-03,-2.815058268606662750e-02,-8.722068369388580322e-02,-2.505012229084968567e-02,2.438871003687381744e-02,2.104510739445686340e-02,-4.454509913921356201e-02,-1.161736622452735901e-01,1.446186751127243042e-01,-1.315640062093734741e-01,1.076840460300445557e-01,-2.317455783486366272e-02,-8.135414123535156250e-02,1.452649477869272232e-02,3.508906066417694092e-02,1.053335145115852356e-01,1.154183521866798401e-01,-8.067244291305541992e-02,-6.853862851858139038e-02,3.142974153161048889e-02,2.909854985773563385e-03,2.932821772992610931e-02
-4.010610580444335938e-01,-1.311265677213668823e-01,7.696416974067687988e-01,-1.328986436128616333e-01,-2.516625821590423584e-01,-4.721940681338310242e-02,-8.843008428812026978e-02,-1.331969797611236572e-01,2.774081006646156311e-02,-8.494628220796585083e-02,-2.976928353309631348e-01,1.813217103481292725e-01,-3.480413854122161865e-01,2.217076420783996582e-01,-5.045888423919677734e-01,-1.763901859521865845e-01,-6.539749354124069214e-02,-6.290202140808105469e-01,-4.364333581179380417e-03,2.615784704685211182e-01,-5.401604175567626953e-01,-4.695653021335601807e-01,-2.734960913658142090e-01,-9.279312938451766968e-02,-1.248207911849021912e-01,-5.288538336753845215e-01,6.176269054412841797e-01,5.122668147087097168e-01,-4.888370931148529053e-01,5.371281504631042480e-01,4.790599644184112549e-02,6.786457896232604980e-01,-4.060847759246826172e-01,-3.880737721920013428e-01,1.360313035547733307e-02,5.328968763351440430e-01,1.253942698240280151e-01,-1.197163313627243042e-01,8.683876693248748779e-02,6.657657623291015625e-01,-6.518368721008300781e-01,1.191764548420906067e-01,-4.925568401813507080e-01,-7.642360031604766846e-02,-2.953784167766571045e-01,4.242919087409973145e-01,5.531533956527709961e-01,5.199014395475387573e-02,1.892132014036178589e-01,1.265655905008316040e-01,-3.769975900650024414e-02,2.000165432691574097e-01,-4.825144708156585693e-01,-1.556894779205322266e-01,1.505967974662780762e-01,4.806090593338012695e-01,-9.519966691732406616e-02,-5.883692204952239990e-02,2.531075663864612579e-02,2.532600760459899902e-01,-1.559362411499023438e-01,1.087515521794557571e-02,-6.829174607992172241e-02,-1.449019312858581543e-01,-2.070041373372077942e-02,1.017219796776771545e-01,-3.282623291015625000e-01,-7.201383709907531738e-01,6.680111289024353027e-01,-1.753772795200347900e-01,4.952984452247619629e-01,1.747556626796722412e-01,1.820340305566787720e-01,-5.672081112861633301e-01,2.569072544574737549e-01,5.540897250175476074e-01,5.159402638673782349e-02,-7.056550383567810059e-01,-3.473990783095359802e-02,4.945349693298339844e-01,-4.051154255867004395e-01,-3.125231340527534485e-02,4.736958742141723633e-01,-3.587373346090316772e-02,4.920653104782104492e-01,4.544491469860076904e-01,-2.120531648397445679e-01,-8.494456857442855835e-02,-5.316106677055358887e-01,3.835085406899452209e-02,2.455312311649322510e-01,3.195550739765167236e-01,3.358996808528900146e-01,-3.043873310089111328e-01,3.516690731048583984e-01,9.737730026245117188e-02,-4.039615392684936523e-01,7.499797269701957703e-03,3.986054658889770508e-01,-1.968837082386016846e-01,-3.552162274718284607e-02,-1.519011706113815308e-01,2.131041586399078369e-01,-1.691845804452896118e-02,-7.332200407981872559e-01,-1.234673708677291870e-01,2.685281038284301758e-01,1.926525235176086426e-01,5.218359827995300293e-01,1.554105132818222046e-01,-2.794495820999145508e-01,1.931242197751998901e-01,2.756711542606353760e-01,4.141180217266082764e-01,-7.307247519493103027e-01,6.234816908836364746e-01,-3.574582934379577637e-01,-5.788178741931915283e-02,5.523051023483276367e-01,-9.348475188016891479e-02,-4.258589744567871094e-01,-6.290666460990905762e-01,-6.162973642349243164e-01,3.313704133033752441e-01,4.090659320354461670e-01,-1.620392948389053345e-01,-1.011576279997825623e-01,-2.734041512012481689e-01
1.445136666297912598e-01,-1.178175443783402443e-03,-1.328986436128616333e-01,1.974636763334274292e-01,3.860868047922849655e-03,1.093354672193527222e-01,4.467820376157760620e-02,1.208779513835906982e-01,-3.060233034193515778e-02,1.994088478386402130e-02,-7.551734149456024170e-02,-4.287767037749290466e-02,1.055266782641410828e-01,-2.811456099152565002e-02,5.341737717390060425e-02,-4.205427598208189011e-03,1.674529723823070526e-02,1.736028492450714111e-01,-1.886932179331779480e-02,3.358224034309387207e-02,-3.270607814192771912e-02,6.940826028585433960e-02,9.062720835208892822e-02,-1.668196320533752441e-01,5.093329027295112610e-02,1.625065808184444904e-03,-3.627566248178482056e-02,1.955915056169033051e-02,2.397860400378704071e-02,-1.152199208736419678e-01,-2.196731045842170715e-02,-1.936411112546920776e-01,2.092074304819107056e-01,-4.048918932676315308e-02,1.922693569213151932e-03,-1.175425797700881958e-01,-3.827564883977174759e-03,2.492298930883407593e-02,-3.169647976756095886e-02,-2.787564396858215332e-01,1.208384707570075989e-01,1.801717840135097504e-02,9.637573384679853916e-04,1.571260206401348114e-02,1.087661460041999817e-01,-8.124205470085144043e-02,-4.655310884118080139e-02,-5.684304609894752502e-02,1.645586569793522358e-03,1.237842720001935959e-02,1.583287119865417480e-02,5.881609395146369934e-02,2.173564136028289795e-01,-1.340660154819488525e-01,6.810499727725982666e-02,-1.040258929133415222e-01,-2.071099821478128433e-03,1.557257026433944702e-03,6.471708416938781738e-02,-8.942671120166778564e-02,-1.386823952198028564e-01,1.175617799162864685e-01,2.365840040147304535e-02,5.074920132756233215e-02,-2.109782025218009949e-02,-2.166257612407207489e-02,3.702046722173690796e-02,1.257217377424240112e-01,-6.304737925529479980e-02,-9.770455956459045410e-02,-1.865559667348861694e-01,2.212657034397125244e-02,-4.314216598868370056e-02,7.073580473661422729e-02,-5.793134868144989014e-02,-1.580410450696945190e-01,1.224890816956758499e-02,8.664209395647048950e-02,-2.121438384056091309e-01,-2.229441106319427490e-01,2.451581954956054688e-01,6.241672206670045853e-03,3.828509896993637085e-02,1.478748489171266556e-02,-2.043036818504333496e-01,1.307788044214248657e-01,-1.380796730518341064e-01,2.280548680573701859e-03,6.984013598412275314e-03,4.668161738663911819e-03,-2.383679151535034180e-02,-1.495028138160705566e-01,-1.571194380521774292e-01,5.475367233157157898e-02,-1.085229814052581787e-01,-1.117307767271995544e-01,9.022904559969902039e-03,-1.853273715823888779e-03,-3.071695752441883087e-02,2.220803350210189819e-01,2.634898386895656586e-02,2.377791702747344971e-02,-8.041591942310333252e-02,1.142539200372993946e-03,2.372309267520904541e-01,2.275424748659133911e-01,-2.541898488998413086e-01,-3.881114721298217773e-02,-1.908353529870510101e-02,-1.600121892988681793e-02,2.150281518697738647e-01,-1.253366321325302124e-01,-4.741808772087097168e-02,-1.209175121039152145e-02,1.027713641524314880e-01,-9.161379933357238770e-02,4.034741222858428955e-02,2.342620119452476501e-02,-1.669458746910095215e-01,5.654187127947807312e-02,3.491717576980590820e-02,1.077339425683021545e-01,1.298127174377441406e-01,-6.837980821728706360e-03,3.261449746787548065e-03,1.383770816028118134e-02,2.701426669955253601e-02,1.431751102209091187e-01
3.472431302070617676e-01,9.894293546676635742e-02,-2.516625821590423584e-01,3.860868047922849655e-03,5.187949538230895996e-01,-9.779959172010421753e-02,2.847025170922279358e-02,2.217410951852798462e-01,4.725366830825805664e-02,1.010638102889060974e-02,-7.012976333498954773e-03,-2.961349487304687500e-02,3.184064626693725586e-01,1.617837995290756226e-01,3.978476226329803467e-01,1.490551084280014038e-01,-3.911240771412849426e-02,2.733282744884490967e-01,1.097658574581146240e-01,-2.811668440699577332e-02,-7.796232588589191437e-03,1.278427243232727051e-01,4.460391402244567871e-02,2.065102159976959229e-01,5.757439415901899338e-03,3.168486058712005615e-02,-2.531363964080810547e-01,-4.516297578811645508e-01,3.933258354663848877e-02,-3.158626556396484375e-01,-1.718005388975143433e-01,-9.366809576749801636e-02,1.014682427048683167e-01,-3.556579723954200745e-02,8.788513019680976868e-03,-1.575347781181335449e-01,-6.344418227672576904e-02,3.882486373186111450e-02,-1.355732232332229614e-01,-3.548749685287475586e-01,2.419494241476058960e-01,5.358144268393516541e-02,2.722922265529632568e-01,3.963725641369819641e-02,1.891480237245559692e-01,-1.019251421093940735e-01,-3.707699477672576904e-01,-3.820392116904258728e-02,-9.169533103704452515e-02,1.524295061826705933e-01,4.428175836801528931e-02,-7.436612620949745178e-03,2.138934880495071411e-01,1.642226427793502808e-01,-1.202517598867416382e-01,-2.368182092905044556e-01,2.571301907300949097e-02,2.378813363611698151e-02,-2.624537050724029541e-01,8.631533943116664886e-03,7.615377008914947510e-02,-4.445991292595863342e-02,2.354482933878898621e-02,-1.600316762924194336e-01,-1.372466683387756348e-01,4.219768568873405457e-03,2.188923805952072144e-01,3.494185209274291992e-01,-1.507346481084823608e-01,2.151021659374237061e-01,-1.848778128623962402e-01,-1.614947915077209473e-01,4.216741397976875305e-02,5.396685376763343811e-02,-9.719429910182952881e-02,-4.240211546421051025e-01,-3.174927458167076111e-02,6.576198339462280273e-02,-6.208872795104980469e-02,-2.289722412824630737e-01,-1.693794727325439453e-01,3.764764871448278427e-03,-4.098383188247680664e-01,2.194956876337528229e-02,-2.158015668392181396e-01,-2.830814421176910400e-01,1.605478823184967041e-01,1.999239437282085419e-02,1.868203580379486084e-01,-7.346269488334655762e-02,-1.656278967857360840e-01,-7.810395210981369019e-02,1.840047836303710938e-01,-4.402730241417884827e-02,-5.004143714904785156e-02,-9.223853796720504761e-02,4.191890954971313477e-01,-1.486188033595681190e-03,-2.415931373834609985e-01,1.844825446605682373e-01,4.580534622073173523e-02,-1.286322623491287231e-02,-2.801194088533520699e-03,-1.455238461494445801e-02,8.126302063465118408e-02,6.457124650478363037e-02,1.106191053986549377e-01,-2.361900173127651215e-02,-2.115557938814163208e-01,-1.104145590215921402e-02,-6.732737272977828979e-02,2.177803814411163330e-01,2.054936811327934265e-02,-4.266321957111358643e-01,3.821797668933868408e-01,-2.974092066287994385e-01,4.415142536163330078e-01,-2.457655072212219238e-01,-2.277399599552154541e-01,3.753485390916466713e-03,-1.150236278772354126e-01,2.193888872861862183e-01,1.903306692838668823e-01,-1.888999789953231812e-01,4.444336518645286560e-02,8.150714449584484100e-03,-6.803330034017562866e-02,1.209618002176284790e-01
-6.213538814336061478e-03,-4.598359763622283936e-02,-4.721940681338310242e-02,1.093354672193527222e-01,-9.779959172010421753e-02,2.811782062053680420e-01,5.627754330635070801e-02,6.573829799890518188e-02,-1.045488789677619934e-01,1.627816469408571720e-03,-2.278022095561027527e-02,-9.396054083481431007e-04,-7.956638187170028687e-02,-9.226971305906772614e-03,-6.431347131729125977e-02,-4.737343639135360718e-02,7.560714613646268845e-03,-7.400079071521759033e-02,-2.514686994254589081e-02,-3.589250519871711731e-02,2.982255816459655762e-02,2.289745956659317017e-02,6.245724111795425415e-02,-8.866821974515914917e-02,-2.028546296060085297e-02,-1.314977705478668213e-01,4.876616597175598145e-02,6.690746545791625977e-02,1.242669597268104553e-01,-1.079718172550201416e-01,8.691252768039703369e-02,1.841210015118122101e-02,-5.204587709158658981e-03,4.006616398692131042e-02,-1.257744058966636658e-02,1.313234865665435791e-02,1.851819083094596863e-02,-1.331179682165384293e-02,-1.184375435113906860e-01,-4.378524050116539001e-02,-1.108628511428833008e-01,2.425575442612171173e-02,-1.456073392182588577e-02,6.359537597745656967e-03,5.977232754230499268e-02,-7.594367861747741699e-02,1.401239261031150818e-02,-2.525804191827774048e-02,3.172226483002305031e-03,-5.306542292237281799e-02,1.243026033043861389e-01,-7.673451304435729980e-02,-3.207683190703392029e-02,-1.601245999336242676e-01,3.757975250482559204e-02,-1.158361416310071945e-02,3.196696052327752113e-03,2.756790257990360260e-03,1.312209367752075195e-01,-1.811243779957294464e-02,-3.839461877942085266e-02,4.022875055670738220e-02,2.205793512985110283e-03,1.230517309159040451e-02,3.382859751582145691e-02,2.638976089656352997e-02,-1.299322769045829773e-02,-5.463133007287979126e-02,6.740469485521316528e-02,-5.938193574547767639e-02,-5.272749066352844238e-02,-1.546392440795898438e-01,5.745103955268859863e-02,-3.211206942796707153e-02,2.153602056205272675e-02,1.163291092962026596e-02,7.593238260596990585e-03,5.038687214255332947e-02,-5.899059772491455078e-02,-3.503819694742560387e-03,1.770781874656677246e-01,1.175645971670746803e-03,2.044050581753253937e-02,-9.332877583801746368e-03,-1.450393255800008774e-02,1.451261639595031738e-01,5.787099525332450867e-02,-6.000029854476451874e-03,-1.206679046154022217e-01,2.596093714237213135e-02,-5.747809540480375290e-03,-1.465804781764745712e-02,-4.020340368151664734e-02,-7.018205244094133377e-03,4.196681827306747437e-02,-8.399013429880142212e-02,4.052451625466346741e-02,-3.782093990594148636e-04,6.061465013772249222e-03,3.941779490560293198e-03,-3.184047341346740723e-02,3.871414437890052795e-02,4.722736403346061707e-02,-2.078914083540439606e-03,2.391750365495681763e-02,1.847851723432540894e-01,-1.094456687569618225e-01,-4.712443333119153976e-03,6.479164212942123413e-02,1.496158447116613388e-02,3.741152212023735046e-02,-1.453535109758377075e-01,2.843346446752548218e-02,1.222575977444648743e-01,2.423734776675701141e-02,8.538510650396347046e-02,-3.238834440708160400e-02,7.150868326425552368e-02,-4.388259723782539368e-02,-3.635963192209601402e-03,9.223747998476028442e-02,-3.108417242765426636e-02,-4.359769821166992188e-02,9.460920840501785278e-02,5.777459125965833664e-03,-2.444152161478996277e-02,2.223429456353187561e-02,1.139207407832145691e-01
6.201432645320892334e-02,-4.789726343005895615e-03,-8.843008428812026978e-02,4.467820376157760620e-02,2.847025170922279358e-02,5.627754330635070801e-02,1.000455096364021301e-01,2.789047546684741974e-02,-1.642186939716339111e-02,2.540971338748931885e-02,1.362711656838655472e-02,-1.881333068013191223e-02,-2.053548395633697510e-02,7.598235737532377243e-03,3.809494525194168091e-02,-1.796007505618035793e-03,1.810411550104618073e-02,1.156710833311080933e-02,6.136757321655750275e-03,-3.417949378490447998e-02,3.025603108108043671e-02,2.600885555148124695e-02,-6.938022095710039139e-03,-6.074853241443634033e-03,-7.162401918321847916e-03,-4.557861830107867718e-04,-2.851842343807220459e-02,-2.297073230147361755e-02,7.541144639253616333e-02,-1.250058263540267944e-01,1.804862171411514282e-02,-6.726972758769989014e-02,9.152076393365859985e-02,1.564773730933666229e-02,-1.262185047380626202e-03,-2.965937554836273193e-02,-1.447887625545263290e-02,7.953751832246780396e-03,-1.173217371106147766e-01,-8.562022447586059570e-02,4.087409749627113342e-02,4.448289051651954651e-02,-4.583659023046493530e-02,7.994140498340129852e-03,5.158571526408195496e-02,-1.530075222253799438e-01,-6.868946552276611328e-02,-1.254301518201828003e-02,3.333227708935737610e-02,-3.070360282436013222e-03,-2.424372546374797821e-02,-7.401630282402038574e-02,4.770627710968255997e-03,6.866277009248733521e-02,3.339642286300659180e-02,-6.238137837499380112e-03,-1.302257733186706901e-04,6.890442222356796265e-03,4.897695034742355347e-03,-4.104464873671531677e-02,1.047102175652980804e-02,3.356776013970375061e-02,1.165768876671791077e-02,1.256607323884963989e-01,4.568971693515777588e-02,3.973619081079959869e-03,4.485125839710235596e-02,7.135712355375289917e-02,-2.493408136069774628e-02,5.369999632239341736e-02,-1.002057865262031555e-01,-7.451152801513671875e-02,1.326460205018520355e-02,7.791676372289657593e-02,-3.995399177074432373e-02,-1.118230819702148438e-01,-1.466190256178379059e-02,1.461615860462188721e-01,-5.780613049864768982e-02,-2.532976446673274040e-03,9.827445447444915771e-02,4.156454931944608688e-03,-8.768950402736663818e-02,9.799923282116651535e-04,-8.946009725332260132e-02,-7.292071729898452759e-02,1.120842024683952332e-01,1.783404615707695484e-03,8.256312459707260132e-02,3.302765777334570885e-03,-4.487509652972221375e-02,-5.203369632363319397e-02,-8.391886949539184570e-02,4.908709228038787842e-02,-3.107376769185066223e-02,-3.038227185606956482e-02,1.285489946603775024e-01,-1.327704405412077904e-03,-4.143783356994390488e-03,9.278053417801856995e-03,5.216650664806365967e-03,1.287297159433364868e-01,-1.747097820043563843e-02,-2.069282112643122673e-03,1.038043946027755737e-01,5.638773739337921143e-02,-7.824661582708358765e-02,7.998256478458642960e-04,-1.849028319120407104e-01,-1.341995876282453537e-02,2.247502468526363373e-02,-9.858755767345428467e-02,1.729681715369224548e-02,-2.326220646500587463e-02,5.556465685367584229e-02,-4.823367670178413391e-02,-2.927127294242382050e-02,-1.932594738900661469e-02,-1.523990333080291748e-01,7.275422569364309311e-03,7.658771425485610962e-02,1.203544512391090393e-01,3.165913373231887817e-02,-3.474565222859382629e-02,5.032118782401084900e-02,-2.685646340250968933e-02,1.247228495776653290e-02,5.507143959403038025e-02
6.093006134033203125e-01,2.183578908443450928e-02,-1.331969797611236572e-01,1.208779513835906982e-01,2.217410951852798462e-01,6.573829799890518188e-02,2.789047546684741974e-02,7.215141654014587402e-01,3.598632290959358215e-02,-1.150236558169126511e-02,-1.073212400078773499e-01,-6.913620978593826294e-02,5.193529725074768066e-01,6.059781908988952637e-01,3.571830391883850098e-01,9.221114963293075562e-02,-2.322776243090629578e-02,7.655557990074157715e-02,2.615038156509399414e-01,1.828482896089553833e-01,-3.252597153186798096e-01,-3.643694519996643066e-02,3.332232832908630371e-01,-4.544675946235656738e-01,-2.820740267634391785e-02,-4.426834881305694580e-01,6.193090230226516724e-02,-1.604658812284469604e-01,-2.803802788257598877e-01,-4.046957492828369141e-01,-2.360626161098480225e-01,-1.138527616858482361e-01,1.026514992117881775e-01,-7.164279371500015259e-02,-5.907578393816947937e-02,-2.898486554622650146e-01,-3.662369446828961372e-03,3.489770367741584778e-02,-3.956198990345001221e-01,-4.582362174987792969e-01,3.654022887349128723e-02,1.851277947425842285e-01,-1.899304687976837158e-01,4.428532347083091736e-02,6.342702507972717285e-01,-5.184787511825561523e-01,-2.626646757125854492e-01,-5.420466139912605286e-02,4.847084637731313705e-03,2.029055543243885040e-02,2.064713984727859497e-01,2.490199655294418335e-01,1.851037144660949707e-01,-3.780406713485717773e-01,1.110373809933662415e-02,-1.767184436321258545e-01,8.038976788520812988e-02,5.243505910038948059e-02,1.225769147276878357e-01,-3.790831565856933594e-02,-8.754312992095947266e-02,1.854511052370071411e-01,4.515136778354644775e-02,-3.335734903812408447e-01,-2.341445162892341614e-02,4.861384257674217224e-02,1.340072751045227051e-01,1.411818116903305054e-01,-1.380923986434936523e-01,-7.270400226116180420e-02,-4.146514832973480225e-01,-5.613295435905456543e-01,-3.568970784544944763e-02,9.968426078557968140e-03,-7.461120933294296265e-02,-1.467199921607971191e-01,-4.667793866246938705e-03,6.799660623073577881e-02,-5.296669006347656250e-01,-4.248721301555633545e-01,-1.109981760382652283e-01,1.038585789501667023e-02,-8.211953938007354736e-02,3.145043179392814636e-02,-8.205874264240264893e-02,2.732408046722412109e-01,-1.102358400821685791e-01,-5.678997840732336044e-03,9.409143589437007904e-03,4.251901526004076004e-03,2.007474191486835480e-02,-2.201514095067977905e-01,-4.612564295530319214e-02,-4.418189078569412231e-02,9.804968535900115967e-02,-2.279652953147888184e-01,2.539157569408416748e-01,-2.464101184159517288e-03,-2.606247663497924805e-01,5.520213246345520020e-01,4.947867244482040405e-02,1.209886223077774048e-01,-8.186439424753189087e-02,-2.235026471316814423e-02,7.124745845794677734e-02,2.402547746896743774e-01,3.371774405241012573e-02,3.300287574529647827e-02,2.559826523065567017e-02,4.329062625765800476e-02,4.927476942539215088e-01,9.053990989923477173e-02,-7.896385155618190765e-03,-4.134557843208312988e-01,1.166838780045509338e-01,-1.399644464254379272e-01,2.019529044628143311e-01,-1.808809638023376465e-01,-5.470108389854431152e-01,-5.455786362290382385e-03,-4.332149922847747803e-01,3.247224688529968262e-01,6.424896419048309326e-02,2.390943840146064758e-02,3.624506294727325439e-01,-3.811391443014144897e-02,-7.617767434567213058e-03,2.812588214874267578e-01
5.490258708596229553e-02,1.771829463541507721e-02,2.774081006646156311e-02,-3.060233034193515778e-02,4.725366830825805664e-02,-1.045488789677619934e-01,-1.642186939716339111e-02,3.598632290959358215e-02,5.219604820013046265e-02,-1.409461488947272301e-03,-1.638196408748626709e-02,-2.507414668798446655e-03,7.424695789813995361e-02,7.461587339639663696e-02,4.383689537644386292e-02,1.939544640481472015e-02,-4.576042294502258301e-03,2.137139998376369476e-02,3.498404845595359802e-02,4.359129071235656738e-02,-7.708168029785156250e-02,-3.101367317140102386e-02,6.660704093519598246e-05,-2.007630281150341034e-02,4.710899665951728821e-03,-1.071179006248712540e-02,7.575075607746839523e-03,-1.782046630978584290e-02,-1.029709428548812866e-01,1.748827286064624786e-02,-5.605896934866905212e-02,-1.401721499860286713e-02,2.448129467666149139e-02,-4.184699803590774536e-02,1.616390072740614414e-03,-1.813425123691558838e-02,-3.932228777557611465e-03,5.103312432765960693e-03,2.017074823379516602e-02,-1.738861016929149628e-02,3.547323122620582581e-02,1.675410941243171692e-02,-4.292197525501251221e-02,-1.013048808090388775e-03,2.406427450478076935e-02,-1.730755530297756195e-02,-3.567542880773544312e-03,2.867871196940541267e-03,1.047138962894678116e-02,3.360107541084289551e-02,-4.577149078249931335e-02,6.265107542276382446e-02,2.548678778111934662e-02,3.011097945272922516e-02,3.895245492458343506e-03,5.963859613984823227e-03,-2.433835528790950775e-03,6.365027511492371559e-04,-4.497718065977096558e-02,4.142123740166425705e-03,-6.092641968280076981e-03,1.406250614672899246e-02,3.364554839208722115e-03,-1.553348917514085770e-02,-1.510969456285238266e-02,-4.328921437263488770e-03,1.063203904777765274e-02,2.527634985744953156e-02,-1.888513006269931793e-02,1.812989637255668640e-02,-1.263028942048549652e-02,2.175008878111839294e-02,-2.605682611465454102e-02,7.765904883854091167e-04,-1.407315302640199661e-02,-1.636468991637229919e-02,-1.413636840879917145e-03,-2.648118138313293457e-02,-4.582859203219413757e-02,-2.598846331238746643e-02,-8.143157511949539185e-02,-4.977680146112106740e-05,8.473996073007583618e-03,6.018731277436017990e-03,2.805437252391129732e-04,-9.123409166932106018e-03,-4.767122864723205566e-02,-1.408423995599150658e-03,4.131238907575607300e-02,-9.870604611933231354e-03,1.240701414644718170e-02,-1.783726736903190613e-02,-1.293342327699065208e-03,6.236251443624496460e-03,-4.442134872078895569e-03,1.169239170849323273e-02,-2.782884053885936737e-03,9.466158189752604812e-06,-1.250994578003883362e-02,5.073123052716255188e-02,2.162978611886501312e-02,2.369728637859225273e-03,-2.901670709252357483e-02,-1.031345222145318985e-03,-1.558021176606416702e-02,-4.462023079395294189e-02,3.199513256549835205e-02,1.545932795852422714e-02,-2.341739833354949951e-02,2.149103966075927019e-04,4.384260252118110657e-02,5.085226893424987793e-02,-7.681104820221662521e-03,-7.783082127571105957e-02,-3.069275990128517151e-02,-3.559467196464538574e-02,5.900378338992595673e-03,-4.641694203019142151e-02,-3.758136555552482605e-02,2.777750836685299873e-03,-9.350579231977462769e-02,3.625278919935226440e-02,1.247728709131479263e-02,-3.757905587553977966e-02,5.566066130995750427e-02,-3.275590250268578529e-03,-9.942887350916862488e-03,-2.220533974468708038e-02
2.878050133585929871e-02,1.015593763440847397e-02,-8.494628220796585083e-02,1.994088478386402130e-02,1.010638102889060974e-02,1.627816469408571720e-03,2.540971338748931885e-02,-1.150236558169126511e-02,-1.409461488947272301e-03,1.495660096406936646e-02,3.155264630913734436e-02,-2.044743672013282776e-02,1.471567340195178986e-02,-4.879741743206977844e-02,3.792478144168853760e-02,1.052358467131853104e-02,1.277954224497079849e-02,6.820270419120788574e-02,-9.598159231245517731e-03,-3.035901859402656555e-02,6.637928634881973267e-02,4.715010896325111389e-02,1.107094530016183853e-02,1.051499880850315094e-02,1.586574316024780273e-02,8.128178119659423828e-02,-6.335578113794326782e-02,-3.280868008732795715e-02,6.083672493696212769e-02,-5.078766867518424988e-02,5.101636052131652832e-03,-9.093438088893890381e-02,6.644688546657562256e-02,3.752247244119644165e-02,1.495812321081757545e-03,-4.981189221143722534e-02,-1.393392309546470642e-02,1.271072588860988617e-02,-6.485395599156618118e-03,-7.233306020498275757e-02,7.907304912805557251e-02,-9.845494292676448822e-03,3.174002468585968018e-02,6.314194295555353165e-03,1.331976056098937988e-02,-5.501450225710868835e-02,-4.507984593510627747e-02,-5.804784130305051804e-03,-6.823071278631687164e-03,-1.386148575693368912e-02,-2.284722216427326202e-02,-3.212010860443115234e-02,5.032141506671905518e-02,4.010446369647979736e-02,-1.926919358083978295e-04,-3.612610697746276855e-02,4.013555590063333511e-03,4.091577604413032532e-03,-4.198859678581357002e-04,-3.641777485609054565e-02,1.013526972383260727e-02,6.623159162700176239e-03,7.958469912409782410e-03,6.322297453880310059e-02,1.464157737791538239e-02,-1.393947191536426544e-02,3.092055022716522217e-02,8.173257857561111450e-02,-6.934599578380584717e-02,2.068902924656867981e-02,-5.575003474950790405e-02,6.517754867672920227e-03,-2.304702438414096832e-02,7.578011602163314819e-02,-3.235511854290962219e-02,-6.747122108936309814e-02,-6.335664540529251099e-03,1.008267477154731750e-01,1.189306844025850296e-03,-3.867899626493453979e-02,7.268846780061721802e-02,3.683561924844980240e-03,-4.275955259799957275e-02,3.493332536891102791e-03,-6.473124027252197266e-02,-6.271117925643920898e-02,2.673088759183883667e-02,8.236039429903030396e-03,7.271476089954376221e-02,-2.200704067945480347e-03,-2.764041908085346222e-02,-4.034479707479476929e-02,-6.397369503974914551e-02,4.739820212125778198e-02,-5.120181292295455933e-02,-4.331933334469795227e-03,3.922644257545471191e-02,-9.479921427555382252e-04,-2.225585468113422394e-02,8.591692894697189331e-03,5.875568836927413940e-03,3.844568133354187012e-02,-3.086476214230060577e-02,2.883557463064789772e-03,1.070329025387763977e-01,1.196053158491849899e-02,-5.686061084270477295e-02,-1.920219697058200836e-02,-9.247044473886489868e-02,-2.092901617288589478e-02,3.271707147359848022e-02,-4.831464961171150208e-02,-2.836281992495059967e-02,-2.530596777796745300e-02,7.022172957658767700e-02,-6.817546486854553223e-02,4.861291032284498215e-03,1.155264396220445633e-02,-7.050371170043945312e-02,1.489365193992853165e-02,7.001239806413650513e-02,7.867407798767089844e-02,6.821456551551818848e-02,-4.137577116489410400e-02,-4.211877286434173584e-02,1.255030091851949692e-02,1.500077079981565475e-02,2.235418930649757385e-02
-1.017304323613643646e-02,4.217999055981636047e-02,-2.976928353309631348e-01,-7.551734149456024170e-02,-7.012976333498954773e-03,-2.278022095561027527e-02,1.362711656838655472e-02,-1.073212400078773499e-01,-1.638196408748626709e-02,3.155264630913734436e-02,2.547319233417510986e-01,-6.050383672118186951e-02,-8.693791925907135010e-03,-2.177791595458984375e-01,1.287819296121597290e-01,6.094302237033843994e-02,3.642861545085906982e-02,1.594230085611343384e-01,-3.311378136277198792e-02,-1.838407218456268311e-01,4.141488373279571533e-01,2.034500092267990112e-01,3.596192225813865662e-02,1.581883132457733154e-01,2.888020314276218414e-02,3.685612380504608154e-01,-2.768672108650207520e-01,-1.793412566184997559e-01,3.156392574310302734e-01,-1.211945563554763794e-01,5.288642644882202148e-02,-2.310498803853988647e-01,2.394579537212848663e-02,2.714510262012481689e-01,-7.963148877024650574e-03,-1.554186791181564331e-01,-5.511717870831489563e-02,3.841776773333549500e-02,5.087661091238260269e-03,-8.369053155183792114e-02,2.325856536626815796e-01,-1.086373329162597656e-01,2.299507856369018555e-01,1.871788874268531799e-02,1.082084141671657562e-02,-1.472629159688949585e-01,-1.846730411052703857e-01,2.984149754047393799e-02,-7.937703281641006470e-02,-1.363789588212966919e-01,-1.750050857663154602e-02,-1.907229572534561157e-01,3.841440007090568542e-02,1.719039976596832275e-01,-1.152545362710952759e-01,-1.233739405870437622e-01,4.799853265285491943e-02,2.481680735945701599e-02,1.570488885045051575e-02,-7.686019688844680786e-02,1.881828606128692627e-01,-1.008242890238761902e-01,1.038353331387042999e-02,9.950042515993118286e-02,7.229123264551162720e-02,-4.359555989503860474e-02,9.315818548202514648e-02,2.315164506435394287e-01,-3.033797740936279297e-01,1.060125529766082764e-01,-7.000125199556350708e-02,-5.707544460892677307e-02,-7.147964090108871460e-02,2.814705073833465576e-01,-6.961981207132339478e-02,-7.995563000440597534e-02,-3.277255967259407043e-02,3.678492009639739990e-01,2.400474399328231812e-01,-3.070773556828498840e-02,1.138212233781814575e-01,1.154679432511329651e-02,-2.150987833738327026e-01,1.869645784609019756e-03,-5.931920185685157776e-02,-3.511920571327209473e-01,2.090978175401687622e-01,4.210954159498214722e-02,2.663258016109466553e-01,-3.182108979672193527e-03,-8.864786475896835327e-02,-2.102878689765930176e-02,-9.936764091253280640e-02,1.229215934872627258e-01,-1.107609346508979797e-01,7.059808075428009033e-02,1.185569465160369873e-01,-2.353137126192450523e-03,-1.176649034023284912e-01,-1.454900056123733521e-01,-1.903051882982254028e-02,8.223848789930343628e-02,-5.087499693036079407e-02,1.160585973411798477e-02,2.723905742168426514e-01,-1.447137296199798584e-01,2.362844534218311310e-02,-8.658755570650100708e-02,-2.626508176326751709e-01,-7.443400472402572632e-02,-2.992092259228229523e-02,-6.492967158555984497e-02,-1.205622330307960510e-01,-8.597686141729354858e-02,2.809502184391021729e-01,-2.177947908639907837e-01,3.915249928832054138e-02,9.625715762376785278e-02,-1.251351684331893921e-01,6.520664319396018982e-03,3.055540323257446289e-01,2.175444811582565308e-01,1.905035525560379028e-01,-1.094793155789375305e-01,-2.833057343959808350e-01,8.173480629920959473e-02,5.503132566809654236e-02,-4.278110805898904800e-03
-1.204311624169349670e-01,-2.614903263747692108e-02,1.813217103481292725e-01,-4.287767037749290466e-02,-2.961349487304687500e-02,-9.396054083481431007e-04,-1.881333068013191223e-02,-6.913620978593826294e-02,-2.507414668798446655e-03,-2.044743672013282776e-02,-6.050383672118186951e-02,5.057422816753387451e-02,-1.078203022480010986e-01,2.902272716164588928e-02,-1.191003844141960144e-01,-3.693588078022003174e-02,-2.013680152595043182e-02,-1.526532024145126343e-01,-1.041456870734691620e-02,3.430540859699249268e-02,-1.074539721012115479e-01,-9.664496034383773804e-02,-8.162517100572586060e-02,4.613688960671424866e-02,-3.345861285924911499e-02,-1.164722070097923279e-01,1.236325725913047791e-01,8.390069752931594849e-02,-8.094437420368194580e-02,1.205074936151504517e-01,2.462260052561759949e-02,1.935770660638809204e-01,-1.143792793154716492e-01,-8.070709556341171265e-02,7.231687195599079132e-03,1.431665867567062378e-01,2.650522999465465546e-02,-3.118046186864376068e-02,2.685784175992012024e-02,1.918220371007919312e-01,-1.628948301076889038e-01,1.937464438378810883e-02,-6.591799855232238770e-02,-1.737637631595134735e-02,-1.062323674559593201e-01,1.448484957218170166e-01,1.152424365282058716e-01,1.282532792538404465e-02,3.053477220237255096e-02,4.007733240723609924e-02,5.880010314285755157e-03,1.310739759355783463e-02,-1.288851946592330933e-01,-4.731973458547145128e-04,1.764379069209098816e-02,1.048488244414329529e-01,-2.425597794353961945e-02,-1.558392308652400970e-02,-2.691731974482536316e-02,7.097294181585311890e-02,-1.094477996230125427e-02,-2.511824481189250946e-02,-1.887833699584007263e-02,-3.532763198018074036e-02,-1.692494936287403107e-02,2.657548338174819946e-02,-6.673481315374374390e-02,-1.697555929422378540e-01,1.707874536514282227e-01,-7.887312211096286774e-03,1.416271328926086426e-01,4.932747036218643188e-02,6.297422945499420166e-02,-1.461176574230194092e-01,6.412383168935775757e-02,1.124554127454757690e-01,9.006123989820480347e-03,-1.879478394985198975e-01,3.995286673307418823e-02,1.483065187931060791e-01,-1.123036816716194153e-01,-8.369415998458862305e-03,6.861393898725509644e-02,-1.119025144726037979e-02,1.124931350350379944e-01,7.197900116443634033e-02,1.133301178924739361e-03,-1.796808838844299316e-02,-1.296836286783218384e-01,2.686827210709452629e-03,3.982131183147430420e-02,9.583219140768051147e-02,1.132642701268196106e-01,-7.891865819692611694e-02,8.517608046531677246e-02,2.471432648599147797e-02,-6.447321176528930664e-02,1.951872720383107662e-03,8.912454545497894287e-02,-8.955169469118118286e-02,-1.464170590043067932e-02,-5.299367383122444153e-02,7.243661582469940186e-02,-4.231041762977838516e-03,-2.126484960317611694e-01,-3.547709435224533081e-02,8.539965748786926270e-02,4.175891354680061340e-02,1.217555105686187744e-01,3.578468412160873413e-02,-1.358276009559631348e-01,5.731089785695075989e-02,7.614151388406753540e-02,9.941177815198898315e-02,-1.550884991884231567e-01,1.510357409715652466e-01,-4.701178893446922302e-02,-2.382702939212322235e-02,1.775784939527511597e-01,-2.774883247911930084e-02,-7.678160816431045532e-02,-1.745682060718536377e-01,-1.453806310892105103e-01,6.673796474933624268e-02,7.541523873805999756e-02,-3.684562817215919495e-02,-3.156287223100662231e-02,-6.615258753299713135e-02
