9.999978542327880859e-01,-9.999979138374328613e-01,-9.999907016754150391e-01,9.999983906745910645e-01,9.999986886978149414e-01,-9.999983310699462891e-01,-9.999893307685852051e-01,9.999988079071044922e-01,-9.999966025352478027e-01,9.999960064888000488e-01,-9.999676346778869629e-01,-9.999986290931701660e-01,9.999983906745910645e-01,9.999959468841552734e-01,9.994996786117553711e-01,9.999974966049194336e-01,9.999976754188537598e-01,-9.999943375587463379e-01,9.999338388442993164e-01,-9.999988675117492676e-01,-9.999986290931701660e-01,9.999865293502807617e-01,9.999957084655761719e-01,9.999977946281433105e-01,-9.999887943267822266e-01,9.999988675117492676e-01,-9.999978542327880859e-01,-9.999986886978149414e-01,9.999908208847045898e-01,-9.999728798866271973e-01,-9.999980330467224121e-01,-9.999985098838806152e-01,9.999973773956298828e-01,9.999977350234985352e-01,-9.999970793724060059e-01,-9.999959468841552734e-01,9.999987483024597168e-01,9.999986290931701660e-01,9.999928474426269531e-01,-9.999985098838806152e-01,9.999982118606567383e-01,-9.999970793724060059e-01,9.999688863754272461e-01,9.999984502792358398e-01,9.999963045120239258e-01,9.999974370002746582e-01,9.999951720237731934e-01,9.999935030937194824e-01,9.999985098838806152e-01,-9.999984502792358398e-01,-9.999984502792358398e-01,-9.999966025352478027e-01,-9.999982714653015137e-01,-9.999826550483703613e-01,-9.999969005584716797e-01,-9.999958872795104980e-01,-9.999976754188537598e-01,-9.999756217002868652e-01,9.999973177909851074e-01,9.999959468841552734e-01,-9.999931454658508301e-01,9.999985098838806152e-01,9.999982118606567383e-01,9.999933838844299316e-01,9.999907612800598145e-01,-9.999983906745910645e-01,-9.999986886978149414e-01,-9.999886155128479004e-01,-9.999974370002746582e-01,9.999988079071044922e-01,-9.999981522560119629e-01,9.999968409538269043e-01,9.999959468841552734e-01,-9.999911189079284668e-01,9.999542236328125000e-01,-9.999973177909851074e-01,9.999867677688598633e-01,9.999970793724060059e-01,-9.999937415122985840e-01,-9.999978542327880859e-01,9.999351501464843750e-01,9.999976754188537598e-01,-9.999985098838806152e-01,9.997069835662841797e-01,-9.999983906745910645e-01,-9.999869465827941895e-01,9.999899864196777344e-01,9.999980330467224121e-01,-9.999853968620300293e-01,9.999984502792358398e-01,-9.999980926513671875e-01,9.999979734420776367e-01,9.998691082000732422e-01,-9.999983906745910645e-01,9.999984502792358398e-01,-9.999973177909851074e-01,9.998965263366699219e-01,9.999986290931701660e-01,-9.999984502792358398e-01,9.999949336051940918e-01,-9.999977946281433105e-01,9.999982118606567383e-01,-9.999946951866149902e-01,-9.990322589874267578e-01,9.999978542327880859e-01,9.999627470970153809e-01,9.999812245368957520e-01,-9.999964833259582520e-01,-9.999945759773254395e-01,9.999983310699462891e-01,-9.999963045120239258e-01,9.999977946281433105e-01,-9.999974966049194336e-01,-9.999951720237731934e-01,9.999989271163940430e-01,-9.999980926513671875e-01,9.999983906745910645e-01,-9.999981522560119629e-01,9.999910593032836914e-01,-9.999963045120239258e-01,-9.999984502792358398e-01,9.999952912330627441e-01,9.999980330467224121e-01,-9.999976754188537598e-01,9.999920129776000977e-01,-9.999967813491821289e-01,-9.999899268150329590e-01,-9.999979734420776367e-01
-9.999979138374328613e-01,9.999978542327880859e-01,9.999905824661254883e-01,-9.999983906745910645e-01,-9.999986290931701660e-01,9.999983310699462891e-01,9.999892115592956543e-01,-9.999988079071044922e-01,9.999966621398925781e-01,-9.999959468841552734e-01,9.999672174453735352e-01,9.999986886978149414e-01,-9.999983906745910645e-01,-9.999958872795104980e-01,-9.994922876358032227e-01,-9.999974370002746582e-01,-9.999976158142089844e-01,9.999943375587463379e-01,-9.999328851699829102e-01,9.999988675117492676e-01,9.999985694885253906e-01,-9.999864101409912109e-01,-9.999956488609313965e-01,-9.999977946281433105e-01,9.999886751174926758e-01,-9.999989271163940430e-01,9.999978542327880859e-01,9.999987483024597168e-01,-9.999907612800598145e-01,9.999725818634033203e-01,9.999979734420776367e-01,9.999985694885253906e-01,-9.999973773956298828e-01,-9.999977350234985352e-01,9.999971389770507812e-01,9.999958872795104980e-01,-9.999987483024597168e-01,-9.999986886978149414e-01,-9.999928474426269531e-01,9.999985098838806152e-01,-9.999982714653015137e-01,9.999971389770507812e-01,-9.999684095382690430e-01,-9.999985098838806152e-01,-9.999962449073791504e-01,-9.999974966049194336e-01,-9.999951124191284180e-01,-9.999933838844299316e-01,-9.999985694885253906e-01,9.999983906745910645e-01,9.999983310699462891e-01,9.999966621398925781e-01,9.999982714653015137e-01,9.999824762344360352e-01,9.999969005584716797e-01,9.999959468841552734e-01,9.999976754188537598e-01,9.999753832817077637e-01,-9.999972581863403320e-01,-9.999959468841552734e-01,9.999930262565612793e-01,-9.999985694885253906e-01,-9.999982714653015137e-01,-9.999932646751403809e-01,-9.999906420707702637e-01,9.999984502792358398e-01,9.999987483024597168e-01,9.999884366989135742e-01,9.999973773956298828e-01,-9.999988079071044922e-01,9.999982714653015137e-01,-9.999968409538269043e-01,-9.999959468841552734e-01,9.999909400939941406e-01,-9.999535679817199707e-01,9.999973177909851074e-01,-9.999866485595703125e-01,-9.999970197677612305e-01,9.999936223030090332e-01,9.999979138374328613e-01,-9.999341964721679688e-01,-9.999976158142089844e-01,9.999984502792358398e-01,-9.997026324272155762e-01,9.999983310699462891e-01,9.999867677688598633e-01,-9.999898672103881836e-01,-9.999981522560119629e-01,9.999852180480957031e-01,-9.999983906745910645e-01,9.999980926513671875e-01,-9.999980926513671875e-01,-9.998671412467956543e-01,9.999982714653015137e-01,-9.999983906745910645e-01,9.999973773956298828e-01,-9.998949766159057617e-01,-9.999986290931701660e-01,9.999985098838806152e-01,-9.999949336051940918e-01,9.999977350234985352e-01,-9.999982118606567383e-01,9.999946355819702148e-01,9.990178346633911133e-01,-9.999978542327880859e-01,-9.999621510505676270e-01,-9.999809861183166504e-01,9.999965429306030273e-01,9.999945759773254395e-01,-9.999982714653015137e-01,9.999963641166687012e-01,-9.999977350234985352e-01,9.999974966049194336e-01,9.999951720237731934e-01,-9.999989271163940430e-01,9.999980330467224121e-01,-9.999983310699462891e-01,9.999982714653015137e-01,-9.999909996986389160e-01,9.999962449073791504e-01,9.999985098838806152e-01,-9.999952912330627441e-01,-9.999979734420776367e-01,9.999977946281433105e-01,-9.999920129776000977e-01,9.999968409538269043e-01,9.999898076057434082e-01,9.999979138374328613e-01
-9.999907016754150391e-01,9.999905824661254883e-01,9.999566674232482910e-01,-9.999927282333374023e-01,-9.999941587448120117e-01,9.999922513961791992e-01,9.999501109123229980e-01,-9.999946951866149902e-01,9.999848604202270508e-01,-9.999812841415405273e-01,9.998490214347839355e-01,9.999936819076538086e-01,-9.999927282333374023e-01,-9.999812841415405273e-01,-9.976647496223449707e-01,-9.999884963035583496e-01,-9.999893307685852051e-01,9.999740123748779297e-01,-9.996911883354187012e-01,9.999950528144836426e-01,9.999935626983642578e-01,-9.999374151229858398e-01,-9.999799728393554688e-01,-9.999901652336120605e-01,9.999474883079528809e-01,-9.999951124191284180e-01,9.999902844429016113e-01,9.999942183494567871e-01,-9.999572634696960449e-01,9.998735189437866211e-01,9.999912381172180176e-01,9.999935030937194824e-01,-9.999883174896240234e-01,-9.999895691871643066e-01,9.999870657920837402e-01,9.999810457229614258e-01,-9.999942779541015625e-01,-9.999936819076538086e-01,-9.999669790267944336e-01,9.999935626983642578e-01,-9.999921321868896484e-01,9.999865889549255371e-01,-9.998542070388793945e-01,-9.999931454658508301e-01,-9.999829530715942383e-01,-9.999885559082031250e-01,-9.999778866767883301e-01,-9.999696612358093262e-01,-9.999935626983642578e-01,9.999927878379821777e-01,9.999928474426269531e-01,9.999847412109375000e-01,9.999923110008239746e-01,9.999191164970397949e-01,9.999862313270568848e-01,9.999815821647644043e-01,9.999893307685852051e-01,9.998863339424133301e-01,-9.999877810478210449e-01,-9.999813437461853027e-01,9.999678730964660645e-01,-9.999933242797851562e-01,-9.999921917915344238e-01,-9.999691247940063477e-01,-9.999570250511169434e-01,9.999933242797851562e-01,9.999942183494567871e-01,9.999470710754394531e-01,9.999881982803344727e-01,-9.999945163726806641e-01,9.999920725822448730e-01,-9.999858736991882324e-01,-9.999815225601196289e-01,9.999582767486572266e-01,-9.997865557670593262e-01,9.999880194664001465e-01,-9.999380111694335938e-01,-9.999864697456359863e-01,9.999706149101257324e-01,9.999905228614807129e-01,-9.996969699859619141e-01,-9.999895691871643066e-01,9.999930858612060547e-01,-9.986312389373779297e-01,9.999924898147583008e-01,9.999387860298156738e-01,-9.999530911445617676e-01,-9.999911189079284668e-01,9.999317526817321777e-01,-9.999927878379821777e-01,9.999917745590209961e-01,-9.999912977218627930e-01,-9.993879199028015137e-01,9.999925494194030762e-01,-9.999927878379821777e-01,9.999880790710449219e-01,-9.995166063308715820e-01,-9.999940991401672363e-01,9.999932646751403809e-01,-9.999763369560241699e-01,9.999900460243225098e-01,-9.999918341636657715e-01,9.999752640724182129e-01,9.954899549484252930e-01,-9.999904632568359375e-01,-9.998258948326110840e-01,-9.999122023582458496e-01,9.999842047691345215e-01,9.999750256538391113e-01,-9.999922513961791992e-01,9.999834299087524414e-01,-9.999899268150329590e-01,9.999889731407165527e-01,9.999778866767883301e-01,-9.999951124191284180e-01,9.999911189079284668e-01,-9.999924898147583008e-01,9.999920129776000977e-01,-9.999586939811706543e-01,9.999829530715942383e-01,9.999933242797851562e-01,-9.999784231185913086e-01,-9.999909400939941406e-01,9.999899268150329590e-01,-9.999631047248840332e-01,9.999856352806091309e-01,9.999532103538513184e-01,9.999907612800598145e-01
9.999983906745910645e-01,-9.999983906745910645e-01,-9.999927282333374023e-01,9.999986886978149414e-01,9.999989271163940430e-01,-9.999986290931701660e-01,-9.999915957450866699e-01,9.999991655349731445e-01,-9.999973177909851074e-01,9.999967813491821289e-01,-9.999745488166809082e-01,-9.999989271163940430e-01,9.999987483024597168e-01,9.999967813491821289e-01,9.996051192283630371e-01,9.999980330467224121e-01,9.999981522560119629e-01,-9.999955892562866211e-01,9.999477863311767578e-01,-9.999991059303283691e-01,-9.999988675117492676e-01,9.999894499778747559e-01,9.999965429306030273e-01,9.999982118606567383e-01,-9.999912381172180176e-01,9.999992251396179199e-01,-9.999983310699462891e-01,-9.999990463256835938e-01,9.999927878379821777e-01,-9.999786615371704102e-01,-9.999984502792358398e-01,-9.999988675117492676e-01,9.999979138374328613e-01,9.999982118606567383e-01,-9.999977350234985352e-01,-9.999967217445373535e-01,9.999989867210388184e-01,9.999989271163940430e-01,9.999943971633911133e-01,-9.999988079071044922e-01,9.999986290931701660e-01,-9.999977350234985352e-01,9.999754428863525391e-01,9.999988079071044922e-01,9.999970793724060059e-01,9.999979138374328613e-01,9.999961853027343750e-01,9.999948740005493164e-01,9.999989271163940430e-01,-9.999987483024597168e-01,-9.999987483024597168e-01,-9.999973773956298828e-01,-9.999987483024597168e-01,-9.999863505363464355e-01,-9.999975562095642090e-01,-9.999968409538269043e-01,-9.999981522560119629e-01,-9.999808669090270996e-01,9.999979138374328613e-01,9.999968409538269043e-01,-9.999945759773254395e-01,9.999988079071044922e-01,9.999986886978149414e-01,9.999947547912597656e-01,9.999927282333374023e-01,-9.999988079071044922e-01,-9.999990463256835938e-01,-9.999909996986389160e-01,-9.999979734420776367e-01,9.999991059303283691e-01,-9.999986290931701660e-01,9.999975562095642090e-01,9.999969005584716797e-01,-9.999929666519165039e-01,9.999638795852661133e-01,-9.999979138374328613e-01,9.999895691871643066e-01,9.999976754188537598e-01,-9.999950528144836426e-01,-9.999982714653015137e-01,9.999487996101379395e-01,9.999982118606567383e-01,-9.999988079071044922e-01,9.997687339782714844e-01,-9.999988079071044922e-01,-9.999896883964538574e-01,9.999920725822448730e-01,9.999984502792358398e-01,-9.999885559082031250e-01,9.999987483024597168e-01,-9.999985098838806152e-01,9.999983906745910645e-01,9.998966455459594727e-01,-9.999987483024597168e-01,9.999987483024597168e-01,-9.999979734420776367e-01,9.999184012413024902e-01,9.999989271163940430e-01,-9.999988675117492676e-01,9.999959468841552734e-01,-9.999982118606567383e-01,9.999985098838806152e-01,-9.999958872795104980e-01,-9.992360472679138184e-01,9.999983906745910645e-01,9.999706149101257324e-01,9.999852180480957031e-01,-9.999971985816955566e-01,-9.999957680702209473e-01,9.999986886978149414e-01,-9.999971389770507812e-01,9.999982714653015137e-01,-9.999980330467224121e-01,-9.999961853027343750e-01,9.999992847442626953e-01,-9.999984502792358398e-01,9.999986886978149414e-01,-9.999986290931701660e-01,9.999929666519165039e-01,-9.999970793724060059e-01,-9.999988079071044922e-01,9.999963045120239258e-01,9.999984502792358398e-01,-9.999982714653015137e-01,9.999938011169433594e-01,-9.999974966049194336e-01,-9.999921321868896484e-01,-9.999983310699462891e-01
9.999986886978149414e-01,-9.999986290931701660e-01,-9.999941587448120117e-01,9.999989271163940430e-01,9.999991655349731445e-01,-9.999989271163940430e-01,-9.999933242797851562e-01,9.999992251396179199e-01,-9.999978542327880859e-01,9.999974370002746582e-01,-9.999797344207763672e-01,-9.999991655349731445e-01,9.999990463256835938e-01,9.999974370002746582e-01,9.996852874755859375e-01,9.999984502792358398e-01,9.999985694885253906e-01,-9.999964833259582520e-01,9.999583959579467773e-01,-9.999992847442626953e-01,-9.999991655349731445e-01,9.999915957450866699e-01,9.999972581863403320e-01,9.999986886978149414e-01,-9.999929666519165039e-01,9.999993443489074707e-01,-9.999986886978149414e-01,-9.999992847442626953e-01,9.999942779541015625e-01,-9.999829530715942383e-01,-9.999987483024597168e-01,-9.999991655349731445e-01,9.999983310699462891e-01,9.999986290931701660e-01,-9.999981522560119629e-01,-9.999974370002746582e-01,9.999992847442626953e-01,9.999991655349731445e-01,9.999955296516418457e-01,-9.999990463256835938e-01,9.999988675117492676e-01,-9.999981522560119629e-01,9.999805092811584473e-01,9.999991059303283691e-01,9.999976754188537598e-01,9.999983310699462891e-01,9.999969601631164551e-01,9.999959468841552734e-01,9.999991655349731445e-01,-9.999989271163940430e-01,-9.999991059303283691e-01,-9.999979138374328613e-01,-9.999989271163940430e-01,-9.999891519546508789e-01,-9.999980330467224121e-01,-9.999974370002746582e-01,-9.999985694885253906e-01,-9.999847412109375000e-01,9.999983310699462891e-01,9.999973773956298828e-01,-9.999956488609313965e-01,9.999991655349731445e-01,9.999988675117492676e-01,9.999958276748657227e-01,9.999942183494567871e-01,-9.999990463256835938e-01,-9.999992847442626953e-01,-9.999929070472717285e-01,-9.999983906745910645e-01,9.999992847442626953e-01,-9.999988675117492676e-01,9.999980330467224121e-01,9.999975562095642090e-01,-9.999943971633911133e-01,9.999713301658630371e-01,-9.999982714653015137e-01,9.999916553497314453e-01,9.999981522560119629e-01,-9.999960064888000488e-01,-9.999986290931701660e-01,9.999592304229736328e-01,9.999985694885253906e-01,-9.999992251396179199e-01,9.998156428337097168e-01,-9.999989867210388184e-01,-9.999917149543762207e-01,9.999936819076538086e-01,9.999987483024597168e-01,-9.999908208847045898e-01,9.999990463256835938e-01,-9.999988675117492676e-01,9.999988079071044922e-01,9.999176263809204102e-01,-9.999989271163940430e-01,9.999990463256835938e-01,-9.999983906745910645e-01,9.999349117279052734e-01,9.999991655349731445e-01,-9.999991059303283691e-01,9.999967813491821289e-01,-9.999986290931701660e-01,9.999988079071044922e-01,-9.999966025352478027e-01,-9.993910789489746094e-01,9.999986886978149414e-01,9.999765753746032715e-01,9.999881982803344727e-01,-9.999978542327880859e-01,-9.999964833259582520e-01,9.999989271163940430e-01,-9.999976754188537598e-01,9.999986290931701660e-01,-9.999983906745910645e-01,-9.999969601631164551e-01,9.999994635581970215e-01,-9.999988675117492676e-01,9.999989867210388184e-01,-9.999989271163940430e-01,9.999943971633911133e-01,-9.999976754188537598e-01,-9.999991655349731445e-01,9.999969601631164551e-01,9.999987483024597168e-01,-9.999986290931701660e-01,9.999949932098388672e-01,-9.999980330467224121e-01,-9.999936223030090332e-01,-9.999987483024597168e-01
-9.999983310699462891e-01,9.999983310699462891e-01,9.999922513961791992e-01,-9.999986290931701660e-01,-9.999989271163940430e-01,9.999985694885253906e-01,9.999911785125732422e-01,-9.999991059303283691e-01,9.999971985816955566e-01,-9.999966621398925781e-01,9.999732971191406250e-01,9.999988675117492676e-01,-9.999986886978149414e-01,-9.999966621398925781e-01,-9.995859861373901367e-01,-9.999979734420776367e-01,-9.999980926513671875e-01,9.999954104423522949e-01,-9.999452233314514160e-01,9.999990463256835938e-01,9.999988675117492676e-01,-9.999889135360717773e-01,-9.999963641166687012e-01,-9.999981522560119629e-01,9.999907016754150391e-01,-9.999991655349731445e-01,9.999982714653015137e-01,9.999989867210388184e-01,-9.999923110008239746e-01,9.999776482582092285e-01,9.999983310699462891e-01,9.999988079071044922e-01,-9.999978542327880859e-01,-9.999982118606567383e-01,9.999976158142089844e-01,9.999966025352478027e-01,-9.999989271163940430e-01,-9.999988675117492676e-01,-9.999941587448120117e-01,9.999988079071044922e-01,-9.999985694885253906e-01,9.999975562095642090e-01,-9.999742507934570312e-01,-9.999987483024597168e-01,-9.999969005584716797e-01,-9.999979138374328613e-01,-9.999960064888000488e-01,-9.999946355819702148e-01,-9.999988675117492676e-01,9.999986290931701660e-01,9.999986290931701660e-01,9.999972581863403320e-01,9.999985694885253906e-01,9.999856948852539062e-01,9.999975562095642090e-01,9.999967217445373535e-01,9.999980926513671875e-01,9.999798536300659180e-01,-9.999977350234985352e-01,-9.999965429306030273e-01,9.999943375587463379e-01,-9.999987483024597168e-01,-9.999985098838806152e-01,-9.999944567680358887e-01,-9.999924302101135254e-01,9.999986886978149414e-01,9.999989867210388184e-01,9.999906420707702637e-01,9.999978542327880859e-01,-9.999990463256835938e-01,9.999985098838806152e-01,-9.999974370002746582e-01,-9.999966621398925781e-01,9.999926090240478516e-01,-9.999621510505676270e-01,9.999977946281433105e-01,-9.999890327453613281e-01,-9.999975562095642090e-01,9.999948143959045410e-01,9.999982118606567383e-01,-9.999463558197021484e-01,-9.999980330467224121e-01,9.999987483024597168e-01,-9.997574687004089355e-01,9.999986290931701660e-01,9.999892115592956543e-01,-9.999917149543762207e-01,-9.999985098838806152e-01,9.999879598617553711e-01,-9.999986886978149414e-01,9.999985098838806152e-01,-9.999984502792358398e-01,-9.998915791511535645e-01,9.999986886978149414e-01,-9.999986886978149414e-01,9.999978542327880859e-01,-9.999143481254577637e-01,-9.999988675117492676e-01,9.999986886978149414e-01,-9.999958276748657227e-01,9.999981522560119629e-01,-9.999984502792358398e-01,9.999955892562866211e-01,9.991989731788635254e-01,-9.999982714653015137e-01,-9.999692440032958984e-01,-9.999845027923583984e-01,9.999970793724060059e-01,9.999955892562866211e-01,-9.999986290931701660e-01,9.999969601631164551e-01,-9.999981522560119629e-01,9.999979138374328613e-01,9.999958872795104980e-01,-9.999991655349731445e-01,9.999983906745910645e-01,-9.999986290931701660e-01,9.999985694885253906e-01,-9.999926090240478516e-01,9.999969005584716797e-01,9.999987483024597168e-01,-9.999961256980895996e-01,-9.999982714653015137e-01,9.999980926513671875e-01,-9.999933838844299316e-01,9.999973177909851074e-01,9.999916553497314453e-01,9.999983310699462891e-01
-9.999893307685852051e-01,9.999892115592956543e-01,9.999501109123229980e-01,-9.999915957450866699e-01,-9.999933242797851562e-01,9.999911785125732422e-01,9.999426603317260742e-01,-9.999939203262329102e-01,9.999825954437255859e-01,-9.999785423278808594e-01,9.998262524604797363e-01,9.999927282333374023e-01,-9.999915361404418945e-01,-9.999784231185913086e-01,-9.973144531250000000e-01,-9.999868869781494141e-01,-9.999877214431762695e-01,9.999701380729675293e-01,-9.996447563171386719e-01,9.999943971633911133e-01,9.999927282333374023e-01,-9.999278783798217773e-01,-9.999769330024719238e-01,-9.999887943267822266e-01,9.999396800994873047e-01,-9.999944567680358887e-01,9.999888539314270020e-01,9.999934434890747070e-01,-9.999509453773498535e-01,9.998545646667480469e-01,9.999899864196777344e-01,9.999926090240478516e-01,-9.999865889549255371e-01,-9.999880194664001465e-01,9.999850988388061523e-01,9.999781847000122070e-01,-9.999934434890747070e-01,-9.999927282333374023e-01,-9.999620914459228516e-01,9.999926090240478516e-01,-9.999910593032836914e-01,9.999844431877136230e-01,-9.998323917388916016e-01,-9.999922513961791992e-01,-9.999803304672241211e-01,-9.999869465827941895e-01,-9.999745488166809082e-01,-9.999650120735168457e-01,-9.999926090240478516e-01,9.999916553497314453e-01,9.999916553497314453e-01,9.999824166297912598e-01,9.999910593032836914e-01,9.999069571495056152e-01,9.999842047691345215e-01,9.999788403511047363e-01,9.999877810478210449e-01,9.998692870140075684e-01,-9.999858140945434570e-01,-9.999786019325256348e-01,9.999629855155944824e-01,-9.999924302101135254e-01,-9.999911189079284668e-01,-9.999642968177795410e-01,-9.999506473541259766e-01,9.999924302101135254e-01,9.999933838844299316e-01,9.999390840530395508e-01,9.999862909317016602e-01,-9.999936223030090332e-01,9.999908208847045898e-01,-9.999836683273315430e-01,-9.999786615371704102e-01,9.999520182609558105e-01,-9.997544884681701660e-01,9.999863505363464355e-01,-9.999287128448486328e-01,-9.999844431877136230e-01,9.999661445617675781e-01,9.999890923500061035e-01,-9.996513724327087402e-01,-9.999879598617553711e-01,9.999921321868896484e-01,-9.984257221221923828e-01,9.999913573265075684e-01,9.999296069145202637e-01,-9.999460577964782715e-01,-9.999897480010986328e-01,9.999213814735412598e-01,-9.999916553497314453e-01,9.999905228614807129e-01,-9.999898672103881836e-01,-9.992959499359130859e-01,9.999914169311523438e-01,-9.999917745590209961e-01,9.999862909317016602e-01,-9.994440078735351562e-01,-9.999932050704956055e-01,9.999921917915344238e-01,-9.999728798866271973e-01,9.999886751174926758e-01,-9.999906420707702637e-01,9.999715685844421387e-01,9.948149919509887695e-01,-9.999890327453613281e-01,-9.997997283935546875e-01,-9.998989105224609375e-01,9.999818205833435059e-01,9.999712705612182617e-01,-9.999911189079284668e-01,9.999809265136718750e-01,-9.999883770942687988e-01,9.999873638153076172e-01,9.999746680259704590e-01,-9.999942779541015625e-01,9.999898076057434082e-01,-9.999913573265075684e-01,9.999908208847045898e-01,-9.999525547027587891e-01,9.999803900718688965e-01,9.999923110008239746e-01,-9.999751448631286621e-01,-9.999895691871643066e-01,9.999884963035583496e-01,-9.999575018882751465e-01,9.999834895133972168e-01,9.999461770057678223e-01,9.999893307685852051e-01
9.999988079071044922e-01,-9.999988079071044922e-01,-9.999946951866149902e-01,9.999991655349731445e-01,9.999992251396179199e-01,-9.999991059303283691e-01,-9.999939203262329102e-01,9.999994039535522461e-01,-9.999980330467224121e-01,9.999976754188537598e-01,-9.999814629554748535e-01,-9.999992847442626953e-01,9.999991655349731445e-01,9.999976754188537598e-01,9.997127652168273926e-01,9.999985694885253906e-01,9.999987483024597168e-01,-9.999967813491821289e-01,9.999620318412780762e-01,-9.999993443489074707e-01,-9.999992251396179199e-01,9.999923110008239746e-01,9.999975562095642090e-01,9.999986886978149414e-01,-9.999935626983642578e-01,9.999994039535522461e-01,-9.999988079071044922e-01,-9.999993443489074707e-01,9.999947547912597656e-01,-9.999845027923583984e-01,-9.999988675117492676e-01,-9.999992251396179199e-01,9.999984502792358398e-01,9.999987483024597168e-01,-9.999983906745910645e-01,-9.999976158142089844e-01,9.999992251396179199e-01,9.999993443489074707e-01,9.999958872795104980e-01,-9.999992251396179199e-01,9.999991059303283691e-01,-9.999983310699462891e-01,9.999821186065673828e-01,9.999992251396179199e-01,9.999978542327880859e-01,9.999985098838806152e-01,9.999972581863403320e-01,9.999962449073791504e-01,9.999992251396179199e-01,-9.999991655349731445e-01,-9.999990463256835938e-01,-9.999979734420776367e-01,-9.999991059303283691e-01,-9.999901056289672852e-01,-9.999982714653015137e-01,-9.999976754188537598e-01,-9.999986886978149414e-01,-9.999860525131225586e-01,9.999984502792358398e-01,9.999976158142089844e-01,-9.999960064888000488e-01,9.999991059303283691e-01,9.999991059303283691e-01,9.999961256980895996e-01,9.999947547912597656e-01,-9.999991059303283691e-01,-9.999993443489074707e-01,-9.999935030937194824e-01,-9.999985098838806152e-01,9.999993443489074707e-01,-9.999989271163940430e-01,9.999982118606567383e-01,9.999977350234985352e-01,-9.999948740005493164e-01,9.999738335609436035e-01,-9.999984502792358398e-01,9.999924898147583008e-01,9.999983310699462891e-01,-9.999963641166687012e-01,-9.999988079071044922e-01,9.999628067016601562e-01,9.999986886978149414e-01,-9.999991655349731445e-01,9.998317956924438477e-01,-9.999991059303283691e-01,-9.999924898147583008e-01,9.999942779541015625e-01,9.999988675117492676e-01,-9.999917149543762207e-01,9.999991655349731445e-01,-9.999989271163940430e-01,9.999988675117492676e-01,9.999248385429382324e-01,-9.999991059303283691e-01,9.999991655349731445e-01,-9.999985098838806152e-01,9.999406337738037109e-01,9.999992847442626953e-01,-9.999992251396179199e-01,9.999970793724060059e-01,-9.999986886978149414e-01,9.999989271163940430e-01,-9.999969005584716797e-01,-9.994442462921142578e-01,9.999987483024597168e-01,9.999786615371704102e-01,9.999893307685852051e-01,-9.999979138374328613e-01,-9.999969005584716797e-01,9.999991059303283691e-01,-9.999979138374328613e-01,9.999987483024597168e-01,-9.999985694885253906e-01,-9.999972581863403320e-01,9.999994039535522461e-01,-9.999989271163940430e-01,9.999991059303283691e-01,-9.999990463256835938e-01,9.999948740005493164e-01,-9.999979138374328613e-01,-9.999991059303283691e-01,9.999972581863403320e-01,9.999988079071044922e-01,-9.999987483024597168e-01,9.999954700469970703e-01,-9.999980926513671875e-01,-9.999942779541015625e-01,-9.999988079071044922e-01
-9.999966025352478027e-01,9.999966621398925781e-01,9.999848604202270508e-01,-9.999973177909851074e-01,-9.999978542327880859e-01,9.999971985816955566e-01,9.999825954437255859e-01,-9.999980330467224121e-01,9.999946951866149902e-01,-9.999933838844299316e-01,9.999471902847290039e-01,9.999977946281433105e-01,-9.999973177909851074e-01,-9.999933242797851562e-01,-9.991821646690368652e-01,-9.999960064888000488e-01,-9.999961853027343750e-01,9.999908804893493652e-01,-9.998919367790222168e-01,9.999981522560119629e-01,9.999977350234985352e-01,-9.999781250953674316e-01,-9.999929666519165039e-01,-9.999964237213134766e-01,9.999816417694091797e-01,-9.999982714653015137e-01,9.999965429306030273e-01,9.999979138374328613e-01,-9.999849796295166016e-01,9.999557733535766602e-01,9.999968409538269043e-01,9.999976158142089844e-01,-9.999958872795104980e-01,-9.999963045120239258e-01,9.999954104423522949e-01,9.999932646751403809e-01,-9.999979138374328613e-01,-9.999977350234985352e-01,-9.999884366989135742e-01,9.999976754188537598e-01,-9.999971985816955566e-01,9.999952912330627441e-01,-9.999489784240722656e-01,-9.999975562095642090e-01,-9.999940395355224609e-01,-9.999958276748657227e-01,-9.999922513961791992e-01,-9.999893903732299805e-01,-9.999977350234985352e-01,9.999974370002746582e-01,9.999973773956298828e-01,9.999946355819702148e-01,9.999971985816955566e-01,9.999717473983764648e-01,9.999951720237731934e-01,9.999935030937194824e-01,9.999961853027343750e-01,9.999602437019348145e-01,-9.999957084655761719e-01,-9.999935030937194824e-01,9.999887347221374512e-01,-9.999976158142089844e-01,-9.999972581863403320e-01,-9.999890923500061035e-01,-9.999849796295166016e-01,9.999975562095642090e-01,9.999979138374328613e-01,9.999814629554748535e-01,9.999957680702209473e-01,-9.999980330467224121e-01,9.999970793724060059e-01,-9.999949932098388672e-01,-9.999935030937194824e-01,9.999853372573852539e-01,-9.999252557754516602e-01,9.999957680702209473e-01,-9.999784231185913086e-01,-9.999952912330627441e-01,9.999896287918090820e-01,9.999966025352478027e-01,-9.998939633369445801e-01,-9.999963045120239258e-01,9.999975562095642090e-01,-9.995208382606506348e-01,9.999973177909851074e-01,9.999785423278808594e-01,-9.999836087226867676e-01,-9.999968409538269043e-01,9.999762177467346191e-01,-9.999974370002746582e-01,9.999970197677612305e-01,-9.999969005584716797e-01,-9.997859001159667969e-01,9.999973773956298828e-01,-9.999973773956298828e-01,9.999957680702209473e-01,-9.998309016227722168e-01,-9.999978542327880859e-01,9.999976158142089844e-01,-9.999917149543762207e-01,9.999964237213134766e-01,-9.999970197677612305e-01,9.999912977218627930e-01,9.984182119369506836e-01,-9.999966025352478027e-01,-9.999390244483947754e-01,-9.999693036079406738e-01,9.999943971633911133e-01,9.999912977218627930e-01,-9.999972581863403320e-01,9.999940991401672363e-01,-9.999964237213134766e-01,9.999960064888000488e-01,9.999922513961791992e-01,-9.999982714653015137e-01,9.999968409538269043e-01,-9.999973177909851074e-01,9.999971389770507812e-01,-9.999855756759643555e-01,9.999940395355224609e-01,9.999976158142089844e-01,-9.999924302101135254e-01,-9.999967813491821289e-01,9.999964237213134766e-01,-9.999870061874389648e-01,9.999948740005493164e-01,9.999836087226867676e-01,9.999966025352478027e-01
9.999960064888000488e-01,-9.999959468841552734e-01,-9.999812841415405273e-01,9.999967813491821289e-01,9.999974370002746582e-01,-9.999966621398925781e-01,-9.999785423278808594e-01,9.999976754188537598e-01,-9.999933838844299316e-01,9.999919533729553223e-01,-9.999347925186157227e-01,-9.999972581863403320e-01,9.999967813491821289e-01,9.999919533729553223e-01,9.989895224571228027e-01,9.999951124191284180e-01,9.999954700469970703e-01,-9.999887943267822266e-01,9.998664855957031250e-01,-9.999978542327880859e-01,-9.999972581863403320e-01,9.999729394912719727e-01,9.999913573265075684e-01,9.999957680702209473e-01,-9.999773502349853516e-01,9.999979138374328613e-01,-9.999958276748657227e-01,-9.999974966049194336e-01,9.999816417694091797e-01,-9.999453425407409668e-01,-9.999961853027343750e-01,-9.999971389770507812e-01,9.999949336051940918e-01,9.999955296516418457e-01,-9.999943971633911133e-01,-9.999917745590209961e-01,9.999974966049194336e-01,9.999971985816955566e-01,9.999858140945434570e-01,-9.999971985816955566e-01,9.999966621398925781e-01,-9.999941587448120117e-01,9.999369978904724121e-01,9.999970793724060059e-01,9.999927282333374023e-01,9.999951124191284180e-01,9.999904632568359375e-01,9.999868869781494141e-01,9.999971985816955566e-01,-9.999968409538269043e-01,-9.999968409538269043e-01,-9.999933838844299316e-01,-9.999966621398925781e-01,-9.999651312828063965e-01,-9.999940395355224609e-01,-9.999920725822448730e-01,-9.999954700469970703e-01,-9.999508857727050781e-01,9.999947547912597656e-01,9.999919533729553223e-01,-9.999861121177673340e-01,9.999970197677612305e-01,9.999966025352478027e-01,9.999865889549255371e-01,9.999814629554748535e-01,-9.999971389770507812e-01,-9.999974966049194336e-01,-9.999771714210510254e-01,-9.999949336051940918e-01,9.999976158142089844e-01,-9.999965429306030273e-01,9.999938607215881348e-01,9.999920129776000977e-01,-9.999820590019226074e-01,9.999077320098876953e-01,-9.999948143959045410e-01,9.999732375144958496e-01,9.999941587448120117e-01,-9.999873042106628418e-01,-9.999958872795104980e-01,9.998691082000732422e-01,9.999955296516418457e-01,-9.999970793724060059e-01,9.994080662727355957e-01,-9.999967217445373535e-01,-9.999737143516540527e-01,9.999797940254211426e-01,9.999960660934448242e-01,-9.999705553054809570e-01,9.999968409538269043e-01,-9.999963641166687012e-01,9.999961256980895996e-01,9.997354149818420410e-01,-9.999968409538269043e-01,9.999968409538269043e-01,-9.999949336051940918e-01,9.997910261154174805e-01,9.999974370002746582e-01,-9.999970197677612305e-01,9.999898672103881836e-01,-9.999957680702209473e-01,9.999964237213134766e-01,-9.999893307685852051e-01,-9.980460405349731445e-01,9.999958872795104980e-01,9.999247789382934570e-01,9.999620914459228516e-01,-9.999932050704956055e-01,-9.999892115592956543e-01,9.999966621398925781e-01,-9.999928474426269531e-01,9.999956488609313965e-01,-9.999952316284179688e-01,-9.999904632568359375e-01,9.999979138374328613e-01,-9.999961853027343750e-01,9.999967217445373535e-01,-9.999964833259582520e-01,9.999821782112121582e-01,-9.999927282333374023e-01,-9.999969601631164551e-01,9.999906420707702637e-01,9.999960064888000488e-01,-9.999956488609313965e-01,9.999840855598449707e-01,-9.999938011169433594e-01,-9.999797344207763672e-01,-9.999960064888000488e-01
-9.999676346778869629e-01,9.999672174453735352e-01,9.998490214347839355e-01,-9.999745488166809082e-01,-9.999797344207763672e-01,9.999732971191406250e-01,9.998262524604797363e-01,-9.999814629554748535e-01,9.999471902847290039e-01,-9.999347925186157227e-01,9.994736909866333008e-01,9.999780654907226562e-01,-9.999743700027465820e-01,-9.999345541000366211e-01,-9.919068813323974609e-01,-9.999598860740661621e-01,-9.999626874923706055e-01,9.999093413352966309e-01,-9.989242553710937500e-01,9.999829530715942383e-01,9.999775290489196777e-01,-9.997816085815429688e-01,-9.999297857284545898e-01,-9.999659657478332520e-01,9.998169541358947754e-01,-9.999829530715942383e-01,9.999659061431884766e-01,9.999798536300659180e-01,-9.998511672019958496e-01,9.995592832565307617e-01,9.999697208404541016e-01,9.999774098396301270e-01,-9.999591708183288574e-01,-9.999634027481079102e-01,9.999547600746154785e-01,9.999337792396545410e-01,-9.999800324440002441e-01,-9.999777078628540039e-01,-9.998852014541625977e-01,9.999776482582092285e-01,-9.999727606773376465e-01,9.999529719352722168e-01,-9.994920492172241211e-01,-9.999760985374450684e-01,-9.999402165412902832e-01,-9.999603033065795898e-01,-9.999227523803710938e-01,-9.998939633369445801e-01,-9.999776482582092285e-01,9.999747872352600098e-01,9.999749660491943359e-01,9.999467134475708008e-01,9.999727010726928711e-01,9.997182488441467285e-01,9.999520182609558105e-01,9.999359250068664551e-01,9.999626874923706055e-01,9.996041059494018555e-01,-9.999569654464721680e-01,-9.999349713325500488e-01,9.998878836631774902e-01,-9.999771118164062500e-01,-9.999728202819824219e-01,-9.998919367790222168e-01,-9.998501539230346680e-01,9.999770522117614746e-01,9.999799132347106934e-01,9.998155236244201660e-01,9.999583959579467773e-01,-9.999807476997375488e-01,9.999723434448242188e-01,-9.999503493309020996e-01,-9.999352097511291504e-01,9.998546838760375977e-01,-9.992562532424926758e-01,9.999584555625915527e-01,-9.997841715812683105e-01,-9.999527335166931152e-01,9.998974204063415527e-01,9.999668002128601074e-01,-9.989442825317382812e-01,-9.999635219573974609e-01,9.999759793281555176e-01,-9.952452778816223145e-01,9.999738335609436035e-01,9.997867941856384277e-01,-9.998366236686706543e-01,-9.999687671661376953e-01,9.997621178627014160e-01,-9.999748468399047852e-01,9.999712705612182617e-01,-9.999693632125854492e-01,-9.978696107864379883e-01,9.999740719795227051e-01,-9.999748468399047852e-01,9.999584555625915527e-01,-9.983173608779907227e-01,-9.999794363975524902e-01,9.999764561653137207e-01,-9.999173879623413086e-01,9.999655485153198242e-01,-9.999716281890869141e-01,9.999133944511413574e-01,9.844532012939453125e-01,-9.999668002128601074e-01,-9.993929266929626465e-01,-9.996938705444335938e-01,9.999449253082275391e-01,9.999128580093383789e-01,-9.999728798866271973e-01,9.999421834945678711e-01,-9.999645352363586426e-01,9.999616146087646484e-01,9.999227523803710938e-01,-9.999828338623046875e-01,9.999688863754272461e-01,-9.999738335609436035e-01,9.999721646308898926e-01,-9.998562335968017578e-01,9.999403357505798340e-01,9.999766349792480469e-01,-9.999246001243591309e-01,-9.999683499336242676e-01,9.999650120735168457e-01,-9.998714923858642578e-01,9.999498724937438965e-01,9.998369216918945312e-01,9.999676346778869629e-01
-9.999986290931701660e-01,9.999986886978149414e-01,9.999936819076538086e-01,-9.999989271163940430e-01,-9.999991655349731445e-01,9.999988675117492676e-01,9.999927282333374023e-01,-9.999992847442626953e-01,9.999977946281433105e-01,-9.999972581863403320e-01,9.999780654907226562e-01,9.999991059303283691e-01,-9.999989867210388184e-01,-9.999973177909851074e-01,-9.996584653854370117e-01,-9.999983906745910645e-01,-9.999985098838806152e-01,9.999961256980895996e-01,-9.999548792839050293e-01,9.999993443489074707e-01,9.999991059303283691e-01,-9.999908804893493652e-01,-9.999970793724060059e-01,-9.999985694885253906e-01,9.999924302101135254e-01,-9.999994039535522461e-01,9.999986290931701660e-01,9.999992847442626953e-01,-9.999938607215881348e-01,9.999815821647644043e-01,9.999986886978149414e-01,9.999991059303283691e-01,-9.999982714653015137e-01,-9.999985098838806152e-01,9.999980926513671875e-01,9.999972581863403320e-01,-9.999992847442626953e-01,-9.999992251396179199e-01,-9.999951720237731934e-01,9.999991059303283691e-01,-9.999989271163940430e-01,9.999980926513671875e-01,-9.999788403511047363e-01,-9.999990463256835938e-01,-9.999976158142089844e-01,-9.999983310699462891e-01,-9.999967217445373535e-01,-9.999956488609313965e-01,-9.999991059303283691e-01,9.999989271163940430e-01,9.999989271163940430e-01,9.999977946281433105e-01,9.999989271163940430e-01,9.999883174896240234e-01,9.999980330467224121e-01,9.999972581863403320e-01,9.999983906745910645e-01,9.999834895133972168e-01,-9.999981522560119629e-01,-9.999972581863403320e-01,9.999953508377075195e-01,-9.999991059303283691e-01,-9.999989271163940430e-01,-9.999955296516418457e-01,-9.999937415122985840e-01,9.999989867210388184e-01,9.999992251396179199e-01,9.999923110008239746e-01,9.999982118606567383e-01,-9.999993443489074707e-01,9.999988079071044922e-01,-9.999980330467224121e-01,-9.999974370002746582e-01,9.999940395355224609e-01,-9.999688863754272461e-01,9.999982118606567383e-01,-9.999910593032836914e-01,-9.999980926513671875e-01,9.999957680702209473e-01,9.999985694885253906e-01,-9.999558329582214355e-01,-9.999984502792358398e-01,9.999990463256835938e-01,-9.997999668121337891e-01,9.999989271163940430e-01,9.999910593032836914e-01,-9.999931454658508301e-01,-9.999988079071044922e-01,9.999901056289672852e-01,-9.999989867210388184e-01,9.999988079071044922e-01,-9.999987483024597168e-01,-9.999106526374816895e-01,9.999989867210388184e-01,-9.999989867210388184e-01,9.999982118606567383e-01,-9.999293684959411621e-01,-9.999991655349731445e-01,9.999991655349731445e-01,-9.999966025352478027e-01,9.999985098838806152e-01,-9.999988079071044922e-01,9.999964237213134766e-01,9.993390440940856934e-01,-9.999986886978149414e-01,-9.999746680259704590e-01,-9.999873042106628418e-01,9.999977350234985352e-01,9.999963045120239258e-01,-9.999989271163940430e-01,9.999975562095642090e-01,-9.999985694885253906e-01,9.999983906745910645e-01,9.999968409538269043e-01,-9.999994039535522461e-01,9.999987483024597168e-01,-9.999988675117492676e-01,9.999988675117492676e-01,-9.999939799308776855e-01,9.999974370002746582e-01,9.999990463256835938e-01,-9.999969005584716797e-01,-9.999987483024597168e-01,9.999985098838806152e-01,-9.999946355819702148e-01,9.999978542327880859e-01,9.999932050704956055e-01,9.999986290931701660e-01
