4.979302287101745605e-01,5.119776353240013123e-03,-6.533741205930709839e-02,-1.156330704689025879e-01,1.977818757295608521e-01,-1.515244543552398682e-01,1.713637113571166992e-01,3.806567788124084473e-01,1.099989786744117737e-01,6.528956443071365356e-02,-8.908062428236007690e-02,-5.293940752744674683e-02,-4.161959141492843628e-02,1.343705058097839355e-01,1.478928476572036743e-01,1.316601336002349854e-01,-9.554774442221969366e-05,-7.134342193603515625e-02,1.143669337034225464e-01,-5.628154054284095764e-02,-6.623963266611099243e-02,9.572062641382217407e-03,-5.989738926291465759e-02,1.151872053742408752e-01,6.802509073168039322e-03,5.803713202476501465e-02,5.526114627718925476e-02,-2.204559892416000366e-01,4.336219653487205505e-02,-2.208348214626312256e-01,-1.326509714126586914e-01,-4.378653690218925476e-02,-5.851048603653907776e-02,4.921998083591461182e-02,-2.935020998120307922e-02,-6.872114539146423340e-02,-1.752909086644649506e-02,5.225542187690734863e-02,-2.807949781417846680e-01,-3.321433067321777344e-01,1.893746703863143921e-01,7.600107789039611816e-02,-9.221468120813369751e-02,1.638323068618774414e-02,-5.785102769732475281e-02,2.294307760894298553e-02,-1.130680590867996216e-01,-8.857596665620803833e-02,7.066927850246429443e-02,-3.568822890520095825e-02,-1.115280017256736755e-01,-6.197009235620498657e-02,2.311847656965255737e-01,-6.534389406442642212e-02,-1.546134203672409058e-01,-1.491204798221588135e-01,6.518846005201339722e-02,6.346460431814193726e-03,2.285547181963920593e-02,-8.742685895413160324e-04,-3.107041120529174805e-02,-5.013726279139518738e-02,4.213121253997087479e-03,1.550517827272415161e-01,-8.739420212805271149e-03,1.338853687047958374e-02,-1.955778896808624268e-01,1.482702940702438354e-01,-1.316936314105987549e-01,1.971690356731414795e-01,-1.810885369777679443e-01,5.397683009505271912e-02,5.241640657186508179e-02,1.358165889978408813e-01,-1.070024669170379639e-01,-9.900678694248199463e-02,-1.968274125829339027e-03,1.093374937772750854e-01,-3.502172604203224182e-02,-6.996832787990570068e-02,3.261876851320266724e-02,6.628009723499417305e-04,-2.954281270503997803e-01,-6.662371568381786346e-03,-2.604162096977233887e-01,2.536529116332530975e-02,3.323712944984436035e-01,3.818034601863473654e-04,-4.849232733249664307e-02,8.940525352954864502e-02,-1.354275047779083252e-01,9.298465400934219360e-02,1.596413254737854004e-01,-1.944092661142349243e-01,-8.124472945928573608e-02,-3.530622720718383789e-01,1.664553731679916382e-01,-1.267446496058255434e-04,-1.956004649400711060e-01,2.587904334068298340e-01,-1.786259263753890991e-01,3.382399678230285645e-01,-2.449494414031505585e-02,-4.973065108060836792e-02,-7.041712291538715363e-03,2.256991565227508545e-01,1.590132713317871094e-01,8.532140403985977173e-02,-3.512588441371917725e-01,9.027580730617046356e-03,-3.808521479368209839e-02,9.211050719022750854e-02,3.878911212086677551e-02,-5.409090220928192139e-02,1.253159493207931519e-01,-9.511718899011611938e-02,4.040153622627258301e-01,-9.169723093509674072e-02,-2.821812033653259277e-01,-1.664969138801097870e-02,-1.198840513825416565e-01,1.667550802230834961e-01,1.495817005634307861e-01,1.947918981313705444e-01,3.065815381705760956e-02,-8.912213146686553955e-02,-1.805545017123222351e-02,-3.686903277412056923e-03
5.119776353240013123e-03,1.968236081302165985e-02,-1.246782243251800537e-01,8.911705017089843750e-02,6.426624953746795654e-02,-1.412920933216810226e-02,1.276890188455581665e-02,6.040472909808158875e-02,1.758114621043205261e-02,4.402207955718040466e-02,-4.290513694286346436e-03,-5.419498309493064880e-02,1.052505299448966980e-01,4.551781341433525085e-02,1.139776781201362610e-01,1.216538771986961365e-01,2.191367457271553576e-05,7.522736489772796631e-02,-8.551318943500518799e-02,-5.659889802336692810e-02,-2.640649862587451935e-02,1.048806458711624146e-01,6.175408512353897095e-02,-9.697314351797103882e-03,1.370953395962715149e-02,1.280745267868041992e-01,-1.214698106050491333e-01,-5.275423824787139893e-02,1.074526086449623108e-01,-8.054263889789581299e-03,4.791263490915298462e-03,-1.203149929642677307e-01,9.265930205583572388e-02,5.197419971227645874e-02,-6.158583797514438629e-03,-1.266528069972991943e-01,3.733213245868682861e-02,8.452584594488143921e-02,-9.745327383279800415e-02,-6.638573855161666870e-02,1.107047274708747864e-01,1.258000358939170837e-02,1.119754686951637268e-01,1.730661839246749878e-02,-1.259777508676052094e-02,-7.429044693708419800e-02,-1.285389661788940430e-01,-3.557946160435676575e-02,-8.236516267061233521e-03,3.905168548226356506e-02,-9.821332059800624847e-03,1.530819013714790344e-02,4.220854863524436951e-02,-1.026560645550489426e-02,-2.027931250631809235e-02,-1.368253827095031738e-01,2.821947820484638214e-02,1.023404300212860107e-02,-7.663879543542861938e-02,-6.930649280548095703e-02,1.916123321279883385e-03,7.150327321141958237e-03,3.574104746803641319e-03,3.471252322196960449e-02,1.920021884143352509e-02,-3.252061828970909119e-02,2.839436382055282593e-02,1.230751201510429382e-01,-1.148016974329948425e-01,3.700387850403785706e-02,-1.010026708245277405e-01,1.930125989019870758e-02,-2.656757272779941559e-02,1.177517324686050415e-01,-3.808141127228736877e-02,-1.125124469399452209e-01,-1.851780340075492859e-03,1.364471763372421265e-01,-4.713827371597290039e-02,-1.135590896010398865e-01,1.210220977663993835e-01,7.828172529116272926e-04,-8.603594452142715454e-02,1.865257741883397102e-03,-1.066335365176200867e-01,-1.103936061263084412e-01,3.312505781650543213e-02,4.919757600873708725e-03,4.285111650824546814e-02,7.020230591297149658e-02,-3.069335408508777618e-02,-2.316915243864059448e-02,-1.029242351651191711e-01,3.272456303238868713e-02,-1.070680469274520874e-01,-8.607449941337108612e-03,6.061152741312980652e-02,-6.729922461090609431e-05,-9.241774678230285645e-02,9.065984934568405151e-02,-1.831400766968727112e-02,6.840779632329940796e-02,-1.337444782257080078e-01,-7.122874259948730469e-02,1.420100331306457520e-01,2.573441527783870697e-02,-8.853723108768463135e-02,-1.195406019687652588e-01,-5.655195936560630798e-02,-7.088723592460155487e-03,6.805107742547988892e-02,-5.126225575804710388e-02,-1.215605884790420532e-01,-8.392791263759136200e-03,1.359069794416427612e-01,-1.217690706253051758e-01,4.613077640533447266e-02,5.593363568186759949e-02,-1.225779280066490173e-01,3.789649903774261475e-02,5.916280671954154968e-02,9.843024611473083496e-02,1.174907460808753967e-01,-6.351093947887420654e-02,-3.932914882898330688e-02,-4.743756353855133057e-02,3.828045912086963654e-03,8.274063467979431152e-02
-6.533741205930709839e-02,-1.246782243251800537e-01,7.943588495254516602e-01,-6.095803976058959961e-01,-3.959845304489135742e-01,3.267430141568183899e-02,-1.472458690404891968e-01,-4.276610016822814941e-01,-1.094917282462120056e-01,-3.186861276626586914e-01,4.908994585275650024e-02,3.879315257072448730e-01,-6.230937838554382324e-01,-3.813435733318328857e-01,-7.277157306671142578e-01,-7.490380406379699707e-01,-3.813550807535648346e-03,-4.431613683700561523e-01,5.988244414329528809e-01,4.347669780254364014e-01,2.164146602153778076e-01,-7.135760188102722168e-01,-4.631088078022003174e-01,1.051328480243682861e-01,-9.984954446554183960e-02,-7.527933120727539062e-01,7.405462265014648438e-01,3.044791817665100098e-01,-7.042446732521057129e-01,9.752312302589416504e-02,2.130741253495216370e-03,7.711408138275146484e-01,-6.028589010238647461e-01,-4.139287173748016357e-01,4.826055467128753662e-02,7.826755642890930176e-01,-2.574930191040039062e-01,-5.815950632095336914e-01,6.046553254127502441e-01,5.038466453552246094e-01,-7.025367021560668945e-01,-9.664020687341690063e-02,-6.814648509025573730e-01,-1.220989376306533813e-01,9.542184323072433472e-02,5.020872354507446289e-01,7.970722317695617676e-01,2.553637623786926270e-01,3.438242524862289429e-02,-1.560268104076385498e-01,5.060252174735069275e-02,-1.041251346468925476e-01,-3.318907618522644043e-01,1.330738514661788940e-01,1.337906122207641602e-01,8.266782164573669434e-01,-2.311882227659225464e-01,-7.159204781055450439e-02,4.578584432601928711e-01,4.739534854888916016e-01,3.715597093105316162e-02,-9.018980711698532104e-02,-2.688702568411827087e-02,-2.530091702938079834e-01,-1.259226799011230469e-01,2.172324955463409424e-01,-1.301338076591491699e-01,-7.497624754905700684e-01,7.389122843742370605e-01,-2.279662489891052246e-01,6.873995661735534668e-01,-1.180824115872383118e-01,1.873176991939544678e-01,-7.653289437294006348e-01,2.487712204456329346e-01,7.126337289810180664e-01,1.115111541002988815e-02,-8.369319438934326172e-01,3.629591464996337891e-01,7.530637979507446289e-01,-7.839641571044921875e-01,-5.769618321210145950e-03,5.902168750762939453e-01,-1.118594873696565628e-02,6.955105066299438477e-01,6.292702555656433105e-01,-2.627342343330383301e-01,-3.242767602205276489e-02,-2.670678794384002686e-01,-5.184508562088012695e-01,2.059739083051681519e-01,1.620026230812072754e-01,6.564896106719970703e-01,-2.214652597904205322e-01,7.136836647987365723e-01,1.228802949190139771e-01,-3.912862539291381836e-01,4.884095978923141956e-04,6.385047435760498047e-01,-6.213875412940979004e-01,2.042552083730697632e-01,-4.836438894271850586e-01,8.179091215133666992e-01,4.978152215480804443e-01,-8.362348079681396484e-01,-2.768450379371643066e-01,5.809317231178283691e-01,7.297896146774291992e-01,3.751956224441528320e-01,5.105267465114593506e-02,-5.000904202461242676e-01,4.421789944171905518e-01,7.575859427452087402e-01,-8.032910525798797607e-02,-8.010259270668029785e-01,7.532005906105041504e-01,-3.552711009979248047e-01,-3.923616111278533936e-01,7.788520455360412598e-01,-2.732335031032562256e-01,-3.661941885948181152e-01,-6.823318600654602051e-01,-7.504557371139526367e-01,3.718008399009704590e-01,3.376767933368682861e-01,3.862608373165130615e-01,-4.796779528260231018e-02,-5.863093137741088867e-01
-1.156330704689025879e-01,8.911705017089843750e-02,-6.095803976058959961e-01,6.546977758407592773e-01,1.964554637670516968e-01,9.747850149869918823e-02,6.199211999773979187e-02,1.875987797975540161e-01,3.080730885267257690e-02,2.172861397266387939e-01,-5.701560154557228088e-02,-2.912405431270599365e-01,3.900394439697265625e-01,3.375189602375030518e-01,5.453475117683410645e-01,5.014985799789428711e-01,8.391432464122772217e-03,3.814186751842498779e-01,-5.340527892112731934e-01,-2.981903254985809326e-01,-2.754441499710083008e-01,5.880007147789001465e-01,3.671003282070159912e-01,-1.223748475313186646e-01,7.798151671886444092e-02,5.130146145820617676e-01,-5.487274527549743652e-01,-5.779408663511276245e-02,4.570724070072174072e-01,8.549049496650695801e-02,1.376108266413211823e-02,-6.417652368545532227e-01,5.740711688995361328e-01,2.458615899085998535e-01,-1.792721450328826904e-02,-5.719972252845764160e-01,1.994957327842712402e-01,4.023514688014984131e-01,-2.798869609832763672e-01,-4.304260611534118652e-01,5.139707326889038086e-01,8.721186220645904541e-02,5.264080762863159180e-01,8.378465473651885986e-02,-9.003561735153198242e-02,-2.234436869621276855e-01,-6.024106144905090332e-01,-2.211630195379257202e-01,-5.948202684521675110e-02,2.231412827968597412e-01,-6.566743832081556320e-03,1.092297360301017761e-01,2.573212981224060059e-01,-1.232413873076438904e-01,7.486078143119812012e-02,-5.954713821411132812e-01,1.684747487306594849e-01,4.801379516720771790e-02,-3.485698401927947998e-01,-4.005376100540161133e-01,-1.046845912933349609e-01,1.449392586946487427e-01,2.578775584697723389e-02,1.514121443033218384e-01,1.332851946353912354e-01,-1.667305976152420044e-01,1.592500209808349609e-01,5.247493386268615723e-01,-4.939391613006591797e-01,6.189905107021331787e-02,-4.652379453182220459e-01,2.492993026971817017e-01,-1.926872432231903076e-01,5.823487043380737305e-01,-1.783359944820404053e-01,-5.881435275077819824e-01,-3.195124212652444839e-03,5.992635488510131836e-01,-4.604772329330444336e-01,-5.767908692359924316e-01,6.977070569992065430e-01,4.224713891744613647e-03,-2.997376322746276855e-01,1.178869977593421936e-02,-5.125617980957031250e-01,-4.228961765766143799e-01,-5.721720680594444275e-02,2.062758244574069977e-02,1.773317903280258179e-01,3.570519983768463135e-01,-1.163860335946083069e-01,-2.452400624752044678e-01,-6.390933394432067871e-01,3.322378098964691162e-01,-5.772482752799987793e-01,2.935088053345680237e-02,2.487837374210357666e-01,-3.311715845484286547e-04,-3.752012550830841064e-01,3.826972842216491699e-01,-5.036901310086250305e-02,1.699263453483581543e-01,-7.010922431945800781e-01,-3.488074839115142822e-01,6.703228950500488281e-01,2.931813895702362061e-01,-6.489773988723754883e-01,-5.840587019920349121e-01,-1.252162456512451172e-01,-4.220993816852569580e-02,5.280696153640747070e-01,-4.569788873195648193e-01,-6.439031362533569336e-01,1.421296298503875732e-01,5.673118829727172852e-01,-5.346325039863586426e-01,6.826744973659515381e-02,3.090905547142028809e-01,-5.559068918228149414e-01,2.580134868621826172e-01,3.055043518543243408e-01,5.149358510971069336e-01,5.568510890007019043e-01,-3.636510670185089111e-01,-2.567990124225616455e-01,-2.962911128997802734e-01,3.862371295690536499e-02,4.703620672225952148e-01
1.977818757295608521e-01,6.426624953746795654e-02,-3.959845304489135742e-01,1.964554637670516968e-01,3.237767815589904785e-01,-1.143708303570747375e-01,9.032107144594192505e-02,3.692921400070190430e-01,5.439173802733421326e-02,1.446032822132110596e-01,-3.327080607414245605e-02,-1.760285943746566772e-01,3.370033800601959229e-01,1.293476670980453491e-01,4.057475924491882324e-01,4.354698359966278076e-01,-3.905547782778739929e-03,2.284856140613555908e-01,-1.915495395660400391e-01,-1.747682541608810425e-01,2.553097903728485107e-03,2.982715666294097900e-01,1.487512588500976562e-01,4.661839082837104797e-02,3.683078289031982422e-02,4.132789969444274902e-01,-3.619478642940521240e-01,-2.982500493526458740e-01,3.793846964836120605e-01,-1.420403569936752319e-01,-1.493890490382909775e-02,-3.214281201362609863e-01,2.187206596136093140e-01,1.741663962602615356e-01,-3.253893181681632996e-02,-4.047681093215942383e-01,1.022563502192497253e-01,2.774437069892883301e-01,-4.663306772708892822e-01,-2.787824869155883789e-01,3.903415799140930176e-01,5.725990980863571167e-02,3.278789222240447998e-01,6.119232624769210815e-02,-1.104560587555170059e-02,-2.478783130645751953e-01,-4.424196779727935791e-01,-1.338439732789993286e-01,-1.420386880636215210e-02,1.390579789876937866e-01,-7.171902805566787720e-02,-2.172725461423397064e-02,1.732113063335418701e-01,-2.765676192939281464e-02,-1.671227961778640747e-01,-4.840197265148162842e-01,9.944463521242141724e-02,3.462898358702659607e-02,-2.513303756713867188e-01,-2.030323594808578491e-01,4.393300786614418030e-02,-4.620905965566635132e-02,9.533312171697616577e-03,1.415699422359466553e-01,5.198080092668533325e-02,-9.111280739307403564e-02,4.702093079686164856e-02,4.510817229747772217e-01,-3.794821798801422119e-01,2.363014072179794312e-01,-3.827513754367828369e-01,1.032159570604562759e-02,-2.343363873660564423e-02,3.880338072776794434e-01,-1.481646150350570679e-01,-3.787657916545867920e-01,-7.697648834437131882e-03,4.527157545089721680e-01,-1.011653542518615723e-01,-3.401429057121276855e-01,3.334024250507354736e-01,2.406531712040305138e-03,-3.994131386280059814e-01,2.232157625257968903e-03,-4.086098670959472656e-01,-3.807509541511535645e-01,2.635682821273803711e-01,1.638648286461830139e-02,9.794908761978149414e-02,2.330920994281768799e-01,-1.679566353559494019e-01,2.015023026615381241e-03,-2.122350037097930908e-01,-1.780401542782783508e-02,-3.214356899261474609e-01,-1.465141475200653076e-01,3.018470704555511475e-01,-2.400913654128089547e-04,-3.607085347175598145e-01,3.642090260982513428e-01,-1.136637851595878601e-01,3.420393764972686768e-01,-3.783162832260131836e-01,-2.333744615316390991e-01,4.144088625907897949e-01,1.311674714088439941e-01,-1.498411893844604492e-01,-3.398017883300781250e-01,-3.288646638393402100e-01,-1.289101317524909973e-02,9.192265570163726807e-02,-5.632034316658973694e-02,-3.436305522918701172e-01,-1.247138530015945435e-01,5.051212310791015625e-01,-4.049206376075744629e-01,3.080988228321075439e-01,1.417029649019241333e-01,-4.713442325592041016e-01,8.369804173707962036e-02,1.635701805353164673e-01,3.266792297363281250e-01,4.001358747482299805e-01,-1.300741732120513916e-01,-8.063730597496032715e-02,-1.227827072143554688e-01,-9.612478315830230713e-03,2.412805110216140747e-01
-1.515244543552398682e-01,-1.412920933216810226e-02,3.267430141568183899e-02,9.747850149869918823e-02,-1.143708303570747375e-01,2.278942167758941650e-01,-3.426745906472206116e-02,-9.241098165512084961e-02,-1.371714472770690918e-01,-5.123214423656463623e-02,3.835655003786087036e-02,1.467103790491819382e-02,-1.158344820141792297e-01,7.683832198381423950e-02,-3.822845220565795898e-02,-1.154071986675262451e-01,2.733845496550202370e-03,-5.064077302813529968e-02,1.022792886942625046e-02,-5.185392219573259354e-03,4.745299369096755981e-02,1.550067029893398285e-02,6.890959292650222778e-02,-4.336749389767646790e-02,-9.502176195383071899e-03,-1.796195656061172485e-01,3.286778926849365234e-02,1.542258560657501221e-01,-2.157019637525081635e-02,5.824938416481018066e-02,4.320985078811645508e-02,4.841643944382667542e-02,-3.426071628928184509e-02,5.274608731269836426e-02,3.778966842219233513e-03,7.181346416473388672e-02,-1.780143380165100098e-02,-6.736775487661361694e-02,1.755519211292266846e-01,-2.570056356489658356e-02,-1.716395020484924316e-01,-1.253046933561563492e-02,1.104381284676492214e-03,-3.500754013657569885e-03,1.129215806722640991e-01,5.465793237090110779e-02,7.674288749694824219e-02,1.033303886651992798e-02,-6.933140754699707031e-02,-6.340821087360382080e-02,8.784786611795425415e-02,-1.062398627400398254e-01,-5.757356807589530945e-02,-2.904179506003856659e-02,7.406226545572280884e-02,7.064011693000793457e-02,3.601054195314645767e-03,-4.343406762927770615e-03,8.812468498945236206e-02,9.032496251165866852e-03,-2.143314294517040253e-02,3.593946620821952820e-02,1.514019677415490150e-03,-1.642393022775650024e-01,-2.735382504761219025e-02,2.439342066645622253e-02,3.301219269633293152e-02,-1.065433248877525330e-01,1.176306009292602539e-01,-9.856946021318435669e-02,9.683401882648468018e-02,-1.033435240387916565e-01,-3.517332486808300018e-03,-7.024772465229034424e-02,9.730081260204315186e-02,6.326505541801452637e-02,4.879806656390428543e-03,-8.642175048589706421e-02,-2.976437285542488098e-02,5.575966835021972656e-02,-1.879956759512424469e-02,-2.611310083011630923e-05,1.160084530711174011e-01,-1.946067088283598423e-03,1.302133202552795410e-01,9.396787732839584351e-02,-1.536480635404586792e-01,-3.872672328725457191e-03,-7.411315292119979858e-02,-4.842993617057800293e-02,5.823961272835731506e-02,-3.379149734973907471e-02,-5.942356307059526443e-03,9.690488874912261963e-02,8.467597514390945435e-02,7.149928063154220581e-02,-4.298533499240875244e-02,5.581539880950003862e-05,6.659618020057678223e-02,-1.809471547603607178e-01,1.889898069202899933e-02,-2.101992964744567871e-01,4.784483462572097778e-02,5.241611227393150330e-02,-1.076979264616966248e-01,9.305994212627410889e-02,-3.429926186800003052e-02,4.517872631549835205e-02,2.201705873012542725e-01,4.292023368179798126e-03,7.261089235544204712e-02,-1.037812530994415283e-01,1.557261496782302856e-02,1.255961358547210693e-01,-9.128221869468688965e-02,1.326182037591934204e-01,-1.154856383800506592e-01,2.356527373194694519e-02,1.065196096897125244e-01,8.728079497814178467e-03,-4.706541367340832949e-04,-8.447332680225372314e-02,-9.099896252155303955e-02,7.834869436919689178e-03,-9.440571069717407227e-02,1.143782678991556168e-02,7.009181194007396698e-03,-1.472245808690786362e-02
1.713637113571166992e-01,1.276890188455581665e-02,-1.472458690404891968e-01,6.199211999773979187e-02,9.032107144594192505e-02,-3.426745906472206116e-02,1.410950571298599243e-01,1.824253797531127930e-01,4.503211006522178650e-02,8.101113885641098022e-02,-6.957996636629104614e-02,-6.750562041997909546e-02,3.270963579416275024e-02,8.435540646314620972e-02,1.287435293197631836e-01,1.272991895675659180e-01,2.340004779398441315e-03,-3.497993340715765953e-03,-7.810124754905700684e-02,-1.024886220693588257e-01,-8.755848556756973267e-02,1.066015958786010742e-01,4.690228402614593506e-02,9.935543872416019440e-03,1.944312080740928650e-02,1.213027685880661011e-01,-7.051628082990646362e-02,-7.324275374412536621e-02,1.195779070258140564e-01,-1.258283406496047974e-01,-6.025242432951927185e-02,-1.488969922065734863e-01,7.738301157951354980e-02,6.316190958023071289e-02,-1.550689898431301117e-02,-1.182359829545021057e-01,3.017677925527095795e-02,9.604928642511367798e-02,-1.757752299308776855e-01,-1.981025785207748413e-01,1.969815343618392944e-01,4.746408015489578247e-02,2.701561525464057922e-02,2.131926454603672028e-02,-8.251787722110748291e-02,-4.515074193477630615e-02,-1.562093943357467651e-01,-6.504320353269577026e-02,5.434076860547065735e-02,-1.351687870919704437e-02,-3.261351585388183594e-02,2.870270423591136932e-02,1.423095464706420898e-01,-5.964294448494911194e-02,-6.013400480151176453e-02,-1.697148978710174561e-01,5.830647051334381104e-02,1.035675220191478729e-02,-4.352923482656478882e-02,-5.388326942920684814e-02,-5.902063474059104919e-02,2.658874914050102234e-02,6.211237981915473938e-03,1.367398351430892944e-01,1.975693739950656891e-02,-2.356695570051670074e-02,-7.477255165576934814e-02,1.422531157732009888e-01,-1.472550630569458008e-01,9.242782741785049438e-02,-1.801497340202331543e-01,6.252645701169967651e-02,2.032232237979769707e-03,1.610319763422012329e-01,-7.897519320249557495e-02,-1.522565633058547974e-01,-1.625388045795261860e-03,1.809616982936859131e-01,-9.874033182859420776e-02,-1.452833116054534912e-01,1.658814847469329834e-01,1.013457193039357662e-03,-1.880051046609878540e-01,-1.194976037368178368e-03,-2.136683315038681030e-01,-1.575912721455097198e-02,1.938094943761825562e-01,3.376076696440577507e-03,4.422792233526706696e-03,1.172363087534904480e-01,-8.048058301210403442e-02,-1.127214869484305382e-03,-5.656898766756057739e-02,-3.583429008722305298e-02,-1.587280035018920898e-01,-1.672786176204681396e-01,9.674709290266036987e-02,-1.269545609829947352e-04,-1.383104324340820312e-01,2.172063440084457397e-01,-1.183865591883659363e-01,2.203367203474044800e-01,-1.426493078470230103e-01,-8.736620843410491943e-02,1.630214303731918335e-01,1.619921624660491943e-01,-7.161254435777664185e-02,-5.637583881616592407e-02,-1.913444399833679199e-01,-7.236247416585683823e-03,4.809978976845741272e-02,-9.191269427537918091e-02,-7.562952488660812378e-02,7.712030410766601562e-02,1.529570221900939941e-01,-1.516266018152236938e-01,1.844256818294525146e-01,1.987077109515666962e-02,-2.308905571699142456e-01,3.595538809895515442e-02,-3.368618432432413101e-03,1.804538518190383911e-01,1.637469828128814697e-01,3.836411982774734497e-02,-3.729280456900596619e-02,-1.087800264358520508e-01,1.354896277189254761e-02,1.022966057062149048e-01
3.806567788124084473e-01,6.040472909808158875e-02,-4.276610016822814941e-01,1.875987797975540161e-01,3.692921400070190430e-01,-9.241098165512084961e-02,1.824253797531127930e-01,5.812471508979797363e-01,4.101430624723434448e-02,1.664153337478637695e-01,-5.583811923861503601e-02,-2.119792550802230835e-01,2.877806127071380615e-01,2.142589241266250610e-01,4.690752923488616943e-01,4.734854102134704590e-01,-2.962938277050852776e-03,1.568285971879959106e-01,-1.537361294031143188e-01,-2.143399566411972046e-01,4.697237908840179443e-02,3.357415497303009033e-01,1.606792956590652466e-01,4.592930153012275696e-02,3.992579132318496704e-02,3.941699266433715820e-01,-3.290822803974151611e-01,-3.455972671508789062e-01,4.471054375171661377e-01,-2.529532909393310547e-01,-7.010294497013092041e-02,-3.287804126739501953e-01,1.565478444099426270e-01,2.555573582649230957e-01,-5.226168408989906311e-02,-4.369509816169738770e-01,9.582518786191940308e-02,3.035922050476074219e-01,-5.912665724754333496e-01,-4.403027594089508057e-01,4.356101751327514648e-01,8.221214264631271362e-02,2.748991847038269043e-01,7.322337478399276733e-02,2.864855155348777771e-02,-2.662140727043151855e-01,-4.893796741962432861e-01,-1.718520522117614746e-01,8.073080331087112427e-03,3.485320881009101868e-02,-8.653454482555389404e-02,-8.310832828283309937e-02,2.596126198768615723e-01,-1.084166541695594788e-01,-2.515961229801177979e-01,-5.498633384704589844e-01,1.549001187086105347e-01,4.054306447505950928e-02,-1.807718276977539062e-01,-2.060757726430892944e-01,1.868254132568836212e-02,-6.147760897874832153e-02,1.139223016798496246e-02,1.478938609361648560e-01,4.637027904391288757e-02,-8.106027543544769287e-02,-5.921212211251258850e-02,4.820211231708526611e-01,-4.346871078014373779e-01,2.921936511993408203e-01,-4.763105213642120361e-01,-4.925111681222915649e-02,7.009782362729310989e-03,4.596970975399017334e-01,-1.558889150619506836e-01,-3.957459628582000732e-01,-7.605152204632759094e-03,5.075930953025817871e-01,-1.298157423734664917e-01,-3.750212490558624268e-01,3.607440590858459473e-01,2.974219620227813721e-03,-5.243569612503051758e-01,-1.419782871380448341e-03,-4.906521737575531006e-01,-3.344060182571411133e-01,4.049820005893707275e-01,1.691271550953388214e-02,4.240351542830467224e-02,2.934193611145019531e-01,-2.183842658996582031e-01,6.453020125627517700e-02,-1.406490206718444824e-01,-1.084500998258590698e-01,-3.515508770942687988e-01,-3.130983412265777588e-01,3.670918643474578857e-01,-3.049909137189388275e-04,-4.563206732273101807e-01,4.627948701381683350e-01,-2.364732325077056885e-01,4.843075573444366455e-01,-3.848198354244232178e-01,-2.625856101512908936e-01,4.023994803428649902e-01,2.783571481704711914e-01,-6.893906742334365845e-02,-3.057657182216644287e-01,-4.346066415309906006e-01,-6.642484106123447418e-03,7.934075593948364258e-02,-6.592448800802230835e-02,-3.323094248771667480e-01,-5.946868285536766052e-02,5.532600879669189453e-01,-4.230320751667022705e-01,4.782477319240570068e-01,1.414874941110610962e-01,-5.911485552787780762e-01,7.288222759962081909e-02,1.069945245981216431e-01,3.960624039173126221e-01,4.324603378772735596e-01,-3.811442293226718903e-04,-1.199031919240951538e-01,-1.658338159322738647e-01,-6.302018184214830399e-03,2.583130300045013428e-01
1.099989786744117737e-01,1.758114621043205261e-02,-1.094917282462120056e-01,3.080730885267257690e-02,5.439173802733421326e-02,-1.371714472770690918e-01,4.503211006522178650e-02,4.101430624723434448e-02,1.656858623027801514e-01,8.332438021898269653e-02,-5.228593200445175171e-02,-5.944349989295005798e-02,9.704539179801940918e-02,5.649419501423835754e-02,9.898811578750610352e-02,1.371054500341415405e-01,4.055168945342302322e-03,3.941412270069122314e-02,-9.633667021989822388e-02,-5.817443504929542542e-02,-2.074894309043884277e-01,9.363888204097747803e-02,1.065427344292402267e-02,-1.934473961591720581e-02,2.596060559153556824e-02,2.002122849225997925e-01,-8.461608737707138062e-02,-5.476584658026695251e-02,3.160775452852249146e-02,1.017129397951066494e-03,-6.550391018390655518e-02,-2.001407146453857422e-01,1.403269469738006592e-01,1.559770316816866398e-03,-2.252818783745169640e-03,-1.350096613168716431e-01,4.198367893695831299e-02,9.870540350675582886e-02,-9.173830598592758179e-02,-9.585820138454437256e-02,2.160048633813858032e-01,3.375917673110961914e-02,3.258169442415237427e-02,1.007451303303241730e-02,-1.574154496192932129e-01,-4.303841292858123779e-02,-1.237642616033554077e-01,-4.296830296516418457e-02,6.540597975254058838e-02,1.775167509913444519e-02,-7.648682594299316406e-02,1.421798169612884521e-01,1.309156566858291626e-01,-2.935411036014556885e-02,6.588896736502647400e-03,-1.222566366195678711e-01,3.022876568138599396e-02,7.927575148642063141e-03,-6.891834735870361328e-02,-6.234594061970710754e-02,-5.442683026194572449e-02,5.257279798388481140e-02,5.423197057098150253e-03,1.719724982976913452e-01,3.506284579634666443e-02,-4.071223363280296326e-02,-5.205143988132476807e-02,1.224698051810264587e-01,-1.694008409976959229e-01,2.273749746382236481e-02,-1.212861761450767517e-01,1.821646541357040405e-01,-6.605586409568786621e-02,1.556058675050735474e-01,-1.012226343154907227e-01,-1.140469759702682495e-01,-2.438376424834132195e-03,1.532015651464462280e-01,-8.607516437768936157e-02,-1.616293787956237793e-01,1.608921736478805542e-01,8.464423590339720249e-04,-9.691774100065231323e-02,3.743378445506095886e-03,-1.808939427137374878e-01,-5.988145247101783752e-02,6.921453773975372314e-02,3.739207284525036812e-03,1.008322983980178833e-01,1.001780927181243896e-01,-3.245293349027633667e-02,-4.546816647052764893e-02,-1.102321669459342957e-01,1.435288134962320328e-02,-1.743520796298980713e-01,-7.125751674175262451e-02,-3.207129426300525665e-03,-9.608516847947612405e-05,-1.015115454792976379e-01,1.976737380027770996e-01,-3.790200129151344299e-02,1.813924759626388550e-01,-1.741296797990798950e-01,-8.572486788034439087e-02,1.823183149099349976e-01,7.081572897732257843e-03,-1.217463836073875427e-01,-9.252853691577911377e-02,-1.523317247629165649e-01,-1.506111025810241699e-02,1.428011953830718994e-01,-5.129036679863929749e-02,-1.089400723576545715e-01,1.816490665078163147e-02,8.781792223453521729e-02,-1.728624701499938965e-01,8.407355099916458130e-02,1.073560118675231934e-02,-1.653187423944473267e-01,5.747696757316589355e-02,-6.499340757727622986e-03,1.677507758140563965e-01,1.585691273212432861e-01,-3.101335652172565460e-02,-7.555020507425069809e-03,-1.213001757860183716e-01,1.853642985224723816e-02,7.233318686485290527e-02
6.528956443071365356e-02,4.402207955718040466e-02,-3.186861276626586914e-01,2.172861397266387939e-01,1.446032822132110596e-01,-5.123214423656463623e-02,8.101113885641098022e-02,1.664153337478637695e-01,8.332438021898269653e-02,1.344143003225326538e-01,-4.216720908880233765e-02,-1.450164318084716797e-01,2.325503528118133545e-01,1.390454918146133423e-01,2.812212705612182617e-01,3.035876452922821045e-01,2.779266564175486565e-03,1.440843045711517334e-01,-2.307080626487731934e-01,-1.651957929134368896e-01,-1.386850774288177490e-01,2.712389230728149414e-01,1.531580239534378052e-01,-4.138231277465820312e-02,4.105311259627342224e-02,3.334111869335174561e-01,-2.827253043651580811e-01,-1.112660095095634460e-01,2.617772221565246582e-01,-4.817938432097434998e-02,-2.748852595686912537e-02,-3.444590568542480469e-01,2.448710352182388306e-01,1.348206251859664917e-01,-1.723261177539825439e-02,-3.199703991413116455e-01,9.603408724069595337e-02,2.200982868671417236e-01,-2.504138052463531494e-01,-2.127545624971389771e-01,3.259933888912200928e-01,4.580237343907356262e-02,2.314136028289794922e-01,4.323219880461692810e-02,-8.834655582904815674e-02,-1.768301725387573242e-01,-3.299027979373931885e-01,-9.805998951196670532e-02,1.872531697154045105e-02,4.873409494757652283e-02,-4.101259633898735046e-02,8.115746825933456421e-02,1.581290215253829956e-01,-5.908846110105514526e-02,-4.628564417362213135e-02,-3.496417403221130371e-01,8.687833696603775024e-02,2.556940726935863495e-02,-1.646070033311843872e-01,-1.693023443222045898e-01,-3.913319110870361328e-02,4.926292225718498230e-02,1.063743885606527328e-02,1.503381282091140747e-01,5.211383476853370667e-02,-8.205164223909378052e-02,1.580562070012092590e-02,3.014874458312988281e-01,-3.114594817161560059e-01,8.616714924573898315e-02,-2.822607159614562988e-01,9.796097874641418457e-02,-7.458040118217468262e-02,3.232421576976776123e-01,-1.156887114048004150e-01,-2.894217073917388916e-01,-4.264402203261852264e-03,3.680926561355590820e-01,-1.536061614751815796e-01,-3.197199106216430664e-01,3.477812707424163818e-01,2.147906925529241562e-03,-2.345504015684127808e-01,4.466286394745111465e-03,-3.118413686752319336e-01,-2.174454331398010254e-01,1.255475133657455444e-01,1.147306617349386215e-02,1.103312820196151733e-01,2.049427777528762817e-01,-8.329502493143081665e-02,-6.511742621660232544e-02,-2.598239779472351074e-01,6.909780204296112061e-02,-3.092178404331207275e-01,-7.710716128349304199e-02,1.286203414201736450e-01,-1.953582832356914878e-04,-2.426940947771072388e-01,2.906221449375152588e-01,-9.099140018224716187e-02,2.371162772178649902e-01,-3.601292073726654053e-01,-1.895378977060317993e-01,3.835645318031311035e-01,1.095852181315422058e-01,-2.464454174041748047e-01,-2.780494391918182373e-01,-1.811759769916534424e-01,-2.150833606719970703e-02,2.064191550016403198e-01,-1.707047820091247559e-01,-2.953085005283355713e-01,5.092838779091835022e-02,3.267937302589416504e-01,-3.258408308029174805e-01,1.506355702877044678e-01,1.290938556194305420e-01,-3.482705354690551758e-01,1.060536056756973267e-01,1.113130524754524231e-01,2.915911078453063965e-01,3.178676366806030273e-01,-1.198919937014579773e-01,-1.122643798589706421e-01,-1.680907309055328369e-01,2.377814613282680511e-02,2.181766480207443237e-01
-8.908062428236007690e-02,-4.290513694286346436e-03,4.908994585275650024e-02,-5.701560154557228088e-02,-3.327080607414245605e-02,3.835655003786087036e-02,-6.957996636629104614e-02,-5.583811923861503601e-02,-5.228593200445175171e-02,-4.216720908880233765e-02,7.307154685258865356e-02,2.634508535265922546e-02,2.557289786636829376e-02,-3.158408030867576599e-02,-4.427346214652061462e-02,-3.119486384093761444e-02,-3.084467956796288490e-03,-1.038521528244018555e-02,5.683285370469093323e-02,2.708744816482067108e-02,1.302020400762557983e-01,-3.922856226563453674e-02,1.366697158664464951e-02,-1.455937698483467102e-02,-1.194278057664632797e-02,-4.469121247529983521e-02,-9.029427543282508850e-03,2.967795589938759804e-03,1.224832888692617416e-02,2.498985826969146729e-02,5.259265378117561340e-02,8.056341856718063354e-02,-8.527474105358123779e-02,3.650267422199249268e-02,-9.124365751631557941e-04,2.205481939017772675e-02,-1.286071259528398514e-02,-3.410575166344642639e-02,3.563961386680603027e-02,1.159948706626892090e-01,-1.295606046915054321e-01,-4.044326767325401306e-02,2.956421300768852234e-02,-3.986672963947057724e-03,1.081333830952644348e-01,-6.837599724531173706e-02,6.014533340930938721e-02,4.958499222993850708e-02,-4.650875553488731384e-02,-6.340517848730087280e-02,3.919523954391479492e-02,-6.622680276632308960e-02,-1.042870953679084778e-01,3.524495288729667664e-02,-3.226515278220176697e-02,4.145387932658195496e-02,-1.959887519478797913e-02,-1.036174362525343895e-03,3.667874634265899658e-02,3.183257952332496643e-02,6.780683249235153198e-02,-3.950339555740356445e-02,-5.028908140957355499e-03,-1.228568628430366516e-01,-3.225686028599739075e-02,1.214387081563472748e-02,4.010224714875221252e-02,-5.478341504931449890e-02,4.239726066589355469e-02,-3.489602729678153992e-02,7.822959125041961670e-02,-1.595140695571899414e-01,1.109965983778238297e-02,-6.771028041839599609e-02,7.163724303245544434e-02,9.792899340391159058e-02,-4.902577493339776993e-04,-4.914978146553039551e-02,1.274131834506988525e-01,5.859424546360969543e-02,-1.010791361331939697e-01,-2.752256696112453938e-04,5.746863409876823425e-02,-8.048826130107045174e-04,1.302224099636077881e-01,-3.231047093868255615e-02,-4.560640454292297363e-02,3.246260457672178745e-04,-1.303706783801317215e-03,-4.615866020321846008e-02,4.659604281187057495e-02,4.274028912186622620e-02,5.362521111965179443e-02,-9.965565986931324005e-03,9.773878008127212524e-02,7.209275662899017334e-02,-4.206693917512893677e-02,5.740881897509098053e-05,2.543327957391738892e-02,-1.204040646553039551e-01,2.019154280424118042e-02,-9.217509627342224121e-02,7.516717910766601562e-02,3.349510952830314636e-02,-7.482441514730453491e-02,-1.099468916654586792e-01,1.006972119212150574e-01,5.646434612572193146e-03,1.111110374331474304e-01,5.390707869082689285e-03,-4.947919026017189026e-02,5.871843919157981873e-02,3.086437098681926727e-02,-3.446378931403160095e-02,-3.813128173351287842e-02,6.955961138010025024e-02,-4.755260050296783447e-02,1.485388074070215225e-02,1.051399633288383484e-01,-3.213989362120628357e-02,1.278614718466997147e-02,-1.018964648246765137e-01,-7.703519612550735474e-02,-2.022518310695886612e-03,-2.803067490458488464e-02,6.176134198904037476e-02,-3.825649153441190720e-03,-5.081264674663543701e-02
-5.293940752744674683e-02,-5.419498309493064880e-02,3.879315257072448730e-01,-2.912405431270599365e-01,-1.760285943746566772e-01,1.467103790491819382e-02,-6.750562041997909546e-02,-2.119792550802230835e-01,-5.944349989295005798e-02,-1.450164318084716797e-01,2.634508535265922546e-02,1.810069531202316284e-01,-2.791138887405395508e-01,-1.946076601743698120e-01,-3.600050508975982666e-01,-3.674402236938476562e-01,-3.003656165674328804e-03,-1.870491355657577515e-01,2.649726569652557373e-01,1.924723684787750244e-01,1.174191385507583618e-01,-3.430687785148620605e-01,-2.044004350900650024e-01,5.374777317047119141e-02,-4.598698392510414124e-02,-3.731980621814727783e-01,3.515323698520660400e-01,1.274680346250534058e-01,-3.317327499389648438e-01,3.441756591200828552e-02,1.629433594644069672e-02,3.984149694442749023e-01,-2.804603874683380127e-01,-1.883103400468826294e-01,2.291612140834331512e-02,3.940661847591400146e-01,-1.132786050438880920e-01,-2.601881325244903564e-01,2.918854653835296631e-01,2.702927291393280029e-01,-3.499653339385986328e-01,-4.985777288675308228e-02,-3.070930838584899902e-01,-5.464331060647964478e-02,4.276943951845169067e-02,2.165803909301757812e-01,4.009363949298858643e-01,1.215739771723747253e-01,1.302894670516252518e-02,-5.551430955529212952e-02,3.499487414956092834e-02,-4.598360508680343628e-02,-1.707908213138580322e-01,7.467947155237197876e-02,5.543586611747741699e-02,4.296557009220123291e-01,-1.106868460774421692e-01,-3.227019682526588440e-02,1.858775019645690918e-01,2.146815806627273560e-01,2.966984361410140991e-02,-4.682351276278495789e-02,-1.282272487878799438e-02,-1.129923909902572632e-01,-5.847209319472312927e-02,9.599205106496810913e-02,-3.951133042573928833e-02,-3.618875443935394287e-01,3.613193929195404053e-01,-9.394552558660507202e-02,3.260983228683471680e-01,-6.967970728874206543e-02,9.083611518144607544e-02,-3.894623219966888428e-01,1.132805272936820984e-01,3.392173647880554199e-01,4.436070099472999573e-03,-4.345397651195526123e-01,1.810911893844604492e-01,3.782266974449157715e-01,-4.092623293399810791e-01,-2.678479067981243134e-03,2.699750065803527832e-01,-5.015258211642503738e-03,3.493025600910186768e-01,2.861878275871276855e-01,-1.025874018669128418e-01,-1.410172786563634872e-02,-1.172042489051818848e-01,-2.375767678022384644e-01,9.270279854536056519e-02,7.583448290824890137e-02,3.103904426097869873e-01,-9.930615127086639404e-02,3.495039939880371094e-01,7.056131213903427124e-02,-1.666918247938156128e-01,2.236260625068098307e-04,2.989706993103027344e-01,-3.033070564270019531e-01,9.881150722503662109e-02,-2.323282361030578613e-01,4.315371215343475342e-01,2.233055084943771362e-01,-4.354114830493927002e-01,-1.444023698568344116e-01,2.844434678554534912e-01,3.476229906082153320e-01,1.684915125370025635e-01,2.254030853509902954e-02,-2.628203630447387695e-01,1.999154984951019287e-01,3.751593530178070068e-01,-5.035676434636116028e-02,-4.027506709098815918e-01,3.695308566093444824e-01,-1.688584536314010620e-01,-1.709133833646774292e-01,4.071895480155944824e-01,-1.276895999908447266e-01,-1.479160487651824951e-01,-3.300524950027465820e-01,-3.698111772537231445e-01,1.507091224193572998e-01,1.597207933664321899e-01,1.852963268756866455e-01,-2.285275422036647797e-02,-2.573237717151641846e-01
