9.999979734420776367e-01,-9.999979138374328613e-01,-9.999904632568359375e-01,9.999983906745910645e-01,9.999988079071044922e-01,-9.999984502792358398e-01,-9.999890327453613281e-01,9.999989271163940430e-01,-9.999967217445373535e-01,9.999960064888000488e-01,-9.999727010726928711e-01,-9.999987483024597168e-01,9.999985098838806152e-01,9.999960660934448242e-01,9.997959733009338379e-01,9.999975562095642090e-01,9.999977350234985352e-01,-9.999949932098388672e-01,9.998894333839416504e-01,-9.999989271163940430e-01,-9.999988079071044922e-01,9.999864697456359863e-01,9.999958872795104980e-01,9.999979734420776367e-01,-9.999865293502807617e-01,9.999989867210388184e-01,-9.999979734420776367e-01,-9.999987483024597168e-01,9.999907612800598145e-01,-9.999821782112121582e-01,-9.999980926513671875e-01,-9.999986886978149414e-01,9.999974966049194336e-01,9.999977946281433105e-01,-9.999972581863403320e-01,-9.999959468841552734e-01,9.999987483024597168e-01,9.999986886978149414e-01,9.999929070472717285e-01,-9.999986290931701660e-01,9.999983906745910645e-01,-9.999971985816955566e-01,9.999673962593078613e-01,9.999985694885253906e-01,9.999962449073791504e-01,9.999975562095642090e-01,9.999951124191284180e-01,9.999938607215881348e-01,9.999986290931701660e-01,-9.999985098838806152e-01,-9.999984502792358398e-01,-9.999967813491821289e-01,-9.999983906745910645e-01,-9.999832510948181152e-01,-9.999969601631164551e-01,-9.999962449073791504e-01,-9.999977946281433105e-01,-9.999700188636779785e-01,9.999973177909851074e-01,9.999960660934448242e-01,-9.999933242797851562e-01,9.999985098838806152e-01,9.999982714653015137e-01,9.999937415122985840e-01,9.999891519546508789e-01,-9.999985694885253906e-01,-9.999988079071044922e-01,-9.999889135360717773e-01,-9.999974966049194336e-01,9.999988079071044922e-01,-9.999982714653015137e-01,9.999969005584716797e-01,9.999961256980895996e-01,-9.999905824661254883e-01,9.999516606330871582e-01,-9.999974370002746582e-01,9.999860525131225586e-01,9.999972581863403320e-01,-9.999932050704956055e-01,-9.999979138374328613e-01,9.999560713768005371e-01,9.999977946281433105e-01,-9.999986290931701660e-01,-9.995620846748352051e-01,-9.999983310699462891e-01,-9.999873042106628418e-01,9.999904036521911621e-01,9.999982118606567383e-01,-9.999850988388061523e-01,9.999985098838806152e-01,-9.999983310699462891e-01,9.999980926513671875e-01,9.988842606544494629e-01,-9.999984502792358398e-01,9.999985098838806152e-01,-9.999973773956298828e-01,9.999421238899230957e-01,9.999988079071044922e-01,-9.999985694885253906e-01,9.999949932098388672e-01,-9.999979138374328613e-01,9.999982714653015137e-01,-9.999943971633911133e-01,-9.998292326927185059e-01,9.999979734420776367e-01,9.999633431434631348e-01,9.999830722808837891e-01,-9.999966025352478027e-01,-9.999945759773254395e-01,9.999983310699462891e-01,-9.999964833259582520e-01,9.999978542327880859e-01,-9.999977350234985352e-01,-9.999951124191284180e-01,9.999989867210388184e-01,-9.999980926513671875e-01,9.999984502792358398e-01,-9.999983906745910645e-01,9.999899268150329590e-01,-9.999965429306030273e-01,-9.999986290931701660e-01,9.999954104423522949e-01,9.999982118606567383e-01,-9.999977946281433105e-01,9.999919533729553223e-01,-9.999969005584716797e-01,-9.999895095825195312e-01,-9.999980330467224121e-01
-9.999979138374328613e-01,9.999979734420776367e-01,9.999902248382568359e-01,-9.999983906745910645e-01,-9.999988079071044922e-01,9.999983906745910645e-01,9.999886155128479004e-01,-9.999988079071044922e-01,9.999966621398925781e-01,-9.999958872795104980e-01,9.999718666076660156e-01,9.999985098838806152e-01,-9.999983310699462891e-01,-9.999959468841552734e-01,-9.997903704643249512e-01,-9.999973773956298828e-01,-9.999976754188537598e-01,9.999948740005493164e-01,-9.998864531517028809e-01,9.999989271163940430e-01,9.999986886978149414e-01,-9.999861121177673340e-01,-9.999957680702209473e-01,-9.999979138374328613e-01,9.999861717224121094e-01,-9.999989867210388184e-01,9.999978542327880859e-01,9.999987483024597168e-01,-9.999905228614807129e-01,9.999816417694091797e-01,9.999980330467224121e-01,9.999985694885253906e-01,-9.999973177909851074e-01,-9.999976754188537598e-01,9.999971389770507812e-01,9.999958872795104980e-01,-9.999988079071044922e-01,-9.999985694885253906e-01,-9.999926090240478516e-01,9.999985694885253906e-01,-9.999983310699462891e-01,9.999970793724060059e-01,-9.999665021896362305e-01,-9.999985694885253906e-01,-9.999961256980895996e-01,-9.999973773956298828e-01,-9.999949932098388672e-01,-9.999936819076538086e-01,-9.999985694885253906e-01,9.999983906745910645e-01,9.999984502792358398e-01,9.999966025352478027e-01,9.999982714653015137e-01,9.999827742576599121e-01,9.999968409538269043e-01,9.999961256980895996e-01,9.999977350234985352e-01,9.999691843986511230e-01,-9.999971985816955566e-01,-9.999960660934448242e-01,9.999930262565612793e-01,-9.999985694885253906e-01,-9.999983310699462891e-01,-9.999935626983642578e-01,-9.999887943267822266e-01,9.999984502792358398e-01,9.999987483024597168e-01,9.999886155128479004e-01,9.999974370002746582e-01,-9.999987483024597168e-01,9.999982714653015137e-01,-9.999968409538269043e-01,-9.999959468841552734e-01,9.999903440475463867e-01,-9.999503493309020996e-01,9.999973773956298828e-01,-9.999856948852539062e-01,-9.999971389770507812e-01,9.999930262565612793e-01,9.999978542327880859e-01,-9.999548196792602539e-01,-9.999976754188537598e-01,9.999985098838806152e-01,9.995501637458801270e-01,9.999983310699462891e-01,9.999869465827941895e-01,-9.999901652336120605e-01,-9.999980330467224121e-01,9.999846816062927246e-01,-9.999984502792358398e-01,9.999981522560119629e-01,-9.999980330467224121e-01,-9.988539218902587891e-01,9.999983310699462891e-01,-9.999983906745910645e-01,9.999973177909851074e-01,-9.999405741691589355e-01,-9.999987483024597168e-01,9.999985098838806152e-01,-9.999948740005493164e-01,9.999977946281433105e-01,-9.999982118606567383e-01,9.999941587448120117e-01,9.998245239257812500e-01,-9.999979138374328613e-01,-9.999622702598571777e-01,-9.999826550483703613e-01,9.999964237213134766e-01,9.999944567680358887e-01,-9.999982714653015137e-01,9.999963641166687012e-01,-9.999977946281433105e-01,9.999975562095642090e-01,9.999949932098388672e-01,-9.999989271163940430e-01,9.999980330467224121e-01,-9.999983310699462891e-01,9.999982714653015137e-01,-9.999896883964538574e-01,9.999963641166687012e-01,9.999985098838806152e-01,-9.999952316284179688e-01,-9.999980330467224121e-01,9.999977350234985352e-01,-9.999916553497314453e-01,9.999967217445373535e-01,9.999892711639404297e-01,9.999979138374328613e-01
-9.999904632568359375e-01,9.999902248382568359e-01,9.999532699584960938e-01,-9.999923706054687500e-01,-9.999940395355224609e-01,9.999920725822448730e-01,9.999461174011230469e-01,-9.999945163726806641e-01,9.999844431877136230e-01,-9.999805688858032227e-01,9.998665452003479004e-01,9.999935030937194824e-01,-9.999922513961791992e-01,-9.999812245368957520e-01,-9.990079998970031738e-01,-9.999881386756896973e-01,-9.999889731407165527e-01,9.999754428863525391e-01,-9.994628429412841797e-01,9.999949336051940918e-01,9.999935030937194824e-01,-9.999340176582336426e-01,-9.999796748161315918e-01,-9.999901652336120605e-01,9.999343752861022949e-01,-9.999950528144836426e-01,9.999899864196777344e-01,9.999940395355224609e-01,-9.999547004699707031e-01,9.999128580093383789e-01,9.999907016754150391e-01,9.999933838844299316e-01,-9.999876618385314941e-01,-9.999892115592956543e-01,9.999865293502807617e-01,9.999802112579345703e-01,-9.999940991401672363e-01,-9.999933242797851562e-01,-9.999651312828063965e-01,9.999933838844299316e-01,-9.999918937683105469e-01,9.999862313270568848e-01,-9.998416304588317871e-01,-9.999929666519165039e-01,-9.999820590019226074e-01,-9.999879002571105957e-01,-9.999765753746032715e-01,-9.999699592590332031e-01,-9.999933242797851562e-01,9.999924302101135254e-01,9.999927878379821777e-01,9.999840855598449707e-01,9.999919533729553223e-01,9.999181628227233887e-01,9.999852776527404785e-01,9.999818205833435059e-01,9.999890923500061035e-01,9.998535513877868652e-01,-9.999870061874389648e-01,-9.999812841415405273e-01,9.999670982360839844e-01,-9.999932646751403809e-01,-9.999918937683105469e-01,-9.999694824218750000e-01,-9.999465942382812500e-01,9.999930858612060547e-01,9.999940395355224609e-01,9.999462366104125977e-01,9.999877810478210449e-01,-9.999943375587463379e-01,9.999918341636657715e-01,-9.999852180480957031e-01,-9.999809265136718750e-01,9.999541044235229492e-01,-9.997650384902954102e-01,9.999877810478210449e-01,-9.999321699142456055e-01,-9.999864697456359863e-01,9.999670386314392090e-01,9.999899268150329590e-01,-9.997863173484802246e-01,-9.999890923500061035e-01,9.999929070472717285e-01,9.978739619255065918e-01,9.999921321868896484e-01,9.999375343322753906e-01,-9.999530315399169922e-01,-9.999909400939941406e-01,9.999272227287292480e-01,-9.999924898147583008e-01,9.999915361404418945e-01,-9.999909400939941406e-01,-9.945974946022033691e-01,9.999923110008239746e-01,-9.999924898147583008e-01,9.999874234199523926e-01,-9.997187852859497070e-01,-9.999939799308776855e-01,9.999931454658508301e-01,-9.999753832817077637e-01,9.999896883964538574e-01,-9.999917149543762207e-01,9.999728202819824219e-01,9.991694688796997070e-01,-9.999903440475463867e-01,-9.998216032981872559e-01,-9.999174475669860840e-01,9.999838471412658691e-01,9.999735355377197266e-01,-9.999920129776000977e-01,9.999830126762390137e-01,-9.999896883964538574e-01,9.999887943267822266e-01,9.999761581420898438e-01,-9.999949336051940918e-01,9.999908804893493652e-01,-9.999920725822448730e-01,9.999919533729553223e-01,-9.999510049819946289e-01,9.999830126762390137e-01,9.999930858612060547e-01,-9.999774694442749023e-01,-9.999908208847045898e-01,9.999894499778747559e-01,-9.999604821205139160e-01,9.999847412109375000e-01,9.999487400054931641e-01,9.999902844429016113e-01
9.999983906745910645e-01,-9.999983906745910645e-01,-9.999923706054687500e-01,9.999988079071044922e-01,9.999991655349731445e-01,-9.999987483024597168e-01,-9.999912381172180176e-01,9.999992251396179199e-01,-9.999973773956298828e-01,9.999967813491821289e-01,-9.999781847000122070e-01,-9.999989271163940430e-01,9.999986886978149414e-01,9.999969005584716797e-01,9.998376369476318359e-01,9.999980330467224121e-01,9.999981522560119629e-01,-9.999960064888000488e-01,9.999120831489562988e-01,-9.999991059303283691e-01,-9.999989271163940430e-01,9.999892115592956543e-01,9.999967217445373535e-01,9.999983310699462891e-01,-9.999892711639404297e-01,9.999992251396179199e-01,-9.999982714653015137e-01,-9.999990463256835938e-01,9.999927282333374023e-01,-9.999857544898986816e-01,-9.999983906745910645e-01,-9.999989271163940430e-01,9.999979138374328613e-01,9.999982118606567383e-01,-9.999977946281433105e-01,-9.999967217445373535e-01,9.999991059303283691e-01,9.999988675117492676e-01,9.999942779541015625e-01,-9.999989271163940430e-01,9.999987483024597168e-01,-9.999977350234985352e-01,9.999741315841674805e-01,9.999988675117492676e-01,9.999969601631164551e-01,9.999979734420776367e-01,9.999961256980895996e-01,9.999950528144836426e-01,9.999988079071044922e-01,-9.999987483024597168e-01,-9.999988675117492676e-01,-9.999973773956298828e-01,-9.999986290931701660e-01,-9.999866485595703125e-01,-9.999975562095642090e-01,-9.999969005584716797e-01,-9.999981522560119629e-01,-9.999761581420898438e-01,9.999978542327880859e-01,9.999969601631164551e-01,-9.999946951866149902e-01,9.999988079071044922e-01,9.999987483024597168e-01,9.999949932098388672e-01,9.999913573265075684e-01,-9.999988675117492676e-01,-9.999990463256835938e-01,-9.999911785125732422e-01,-9.999980330467224121e-01,9.999991059303283691e-01,-9.999986290931701660e-01,9.999974966049194336e-01,9.999968409538269043e-01,-9.999924898147583008e-01,9.999615550041198730e-01,-9.999979734420776367e-01,9.999889135360717773e-01,9.999977350234985352e-01,-9.999946951866149902e-01,-9.999982118606567383e-01,9.999650120735168457e-01,9.999982118606567383e-01,-9.999988675117492676e-01,-9.996517896652221680e-01,-9.999986886978149414e-01,-9.999898672103881836e-01,9.999921917915344238e-01,9.999985098838806152e-01,-9.999880194664001465e-01,9.999987483024597168e-01,-9.999985694885253906e-01,9.999985098838806152e-01,9.991126656532287598e-01,-9.999986886978149414e-01,9.999987483024597168e-01,-9.999978542327880859e-01,9.999539256095886230e-01,9.999990463256835938e-01,-9.999989271163940430e-01,9.999960064888000488e-01,-9.999982714653015137e-01,9.999986290931701660e-01,-9.999955296516418457e-01,-9.998642206192016602e-01,9.999983906745910645e-01,9.999708533287048340e-01,9.999865889549255371e-01,-9.999973177909851074e-01,-9.999956488609313965e-01,9.999986886978149414e-01,-9.999971985816955566e-01,9.999982118606567383e-01,-9.999982118606567383e-01,-9.999961853027343750e-01,9.999992251396179199e-01,-9.999983906745910645e-01,9.999987483024597168e-01,-9.999986290931701660e-01,9.999920129776000977e-01,-9.999971985816955566e-01,-9.999988675117492676e-01,9.999963641166687012e-01,9.999985098838806152e-01,-9.999982714653015137e-01,9.999935626983642578e-01,-9.999974966049194336e-01,-9.999916553497314453e-01,-9.999984502792358398e-01
9.999988079071044922e-01,-9.999988079071044922e-01,-9.999940395355224609e-01,9.999991655349731445e-01,9.999993443489074707e-01,-9.999991059303283691e-01,-9.999931454658508301e-01,9.999993443489074707e-01,-9.999980330467224121e-01,9.999974370002746582e-01,-9.999828338623046875e-01,-9.999992251396179199e-01,9.999990463256835938e-01,9.999976158142089844e-01,9.998716115951538086e-01,9.999984502792358398e-01,9.999986886978149414e-01,-9.999968409538269043e-01,9.999305009841918945e-01,-9.999993443489074707e-01,-9.999992847442626953e-01,9.999915361404418945e-01,9.999973773956298828e-01,9.999987483024597168e-01,-9.999915957450866699e-01,9.999994635581970215e-01,-9.999986886978149414e-01,-9.999992847442626953e-01,9.999942183494567871e-01,-9.999888539314270020e-01,-9.999988079071044922e-01,-9.999991655349731445e-01,9.999983906745910645e-01,9.999986290931701660e-01,-9.999982118606567383e-01,-9.999974966049194336e-01,9.999993443489074707e-01,9.999992847442626953e-01,9.999955296516418457e-01,-9.999991655349731445e-01,9.999989867210388184e-01,-9.999982118606567383e-01,9.999795556068420410e-01,9.999991059303283691e-01,9.999976158142089844e-01,9.999985098838806152e-01,9.999969005584716797e-01,9.999960660934448242e-01,9.999991655349731445e-01,-9.999990463256835938e-01,-9.999992251396179199e-01,-9.999979734420776367e-01,-9.999989867210388184e-01,-9.999894499778747559e-01,-9.999982118606567383e-01,-9.999976158142089844e-01,-9.999986290931701660e-01,-9.999811649322509766e-01,9.999982714653015137e-01,9.999976158142089844e-01,-9.999958276748657227e-01,9.999992847442626953e-01,9.999989867210388184e-01,9.999961256980895996e-01,9.999932050704956055e-01,-9.999991655349731445e-01,-9.999992847442626953e-01,-9.999930262565612793e-01,-9.999985098838806152e-01,9.999994039535522461e-01,-9.999989271163940430e-01,9.999980330467224121e-01,9.999975562095642090e-01,-9.999940991401672363e-01,9.999696612358093262e-01,-9.999983906745910645e-01,9.999912977218627930e-01,9.999982118606567383e-01,-9.999958276748657227e-01,-9.999986886978149414e-01,9.999724030494689941e-01,9.999985694885253906e-01,-9.999991059303283691e-01,-9.997244477272033691e-01,-9.999990463256835938e-01,-9.999920725822448730e-01,9.999940395355224609e-01,9.999988675117492676e-01,-9.999905824661254883e-01,9.999990463256835938e-01,-9.999989271163940430e-01,9.999988675117492676e-01,9.992977976799011230e-01,-9.999990463256835938e-01,9.999990463256835938e-01,-9.999983906745910645e-01,9.999636411666870117e-01,9.999993443489074707e-01,-9.999992251396179199e-01,9.999968409538269043e-01,-9.999986886978149414e-01,9.999989867210388184e-01,-9.999964237213134766e-01,-9.998926520347595215e-01,9.999987483024597168e-01,9.999769330024719238e-01,9.999893903732299805e-01,-9.999979138374328613e-01,-9.999966621398925781e-01,9.999989271163940430e-01,-9.999978542327880859e-01,9.999986290931701660e-01,-9.999986290931701660e-01,-9.999969005584716797e-01,9.999993443489074707e-01,-9.999988675117492676e-01,9.999990463256835938e-01,-9.999989867210388184e-01,9.999936819076538086e-01,-9.999978542327880859e-01,-9.999991655349731445e-01,9.999971389770507812e-01,9.999988675117492676e-01,-9.999986290931701660e-01,9.999949932098388672e-01,-9.999979734420776367e-01,-9.999934434890747070e-01,-9.999988079071044922e-01
-9.999984502792358398e-01,9.999983906745910645e-01,9.999920725822448730e-01,-9.999987483024597168e-01,-9.999991059303283691e-01,9.999986290931701660e-01,9.999909400939941406e-01,-9.999992251396179199e-01,9.999973177909851074e-01,-9.999966621398925781e-01,9.999774694442749023e-01,9.999989271163940430e-01,-9.999986886978149414e-01,-9.999967813491821289e-01,-9.998314380645751953e-01,-9.999979138374328613e-01,-9.999982118606567383e-01,9.999958872795104980e-01,-9.999087452888488770e-01,9.999991655349731445e-01,9.999989271163940430e-01,-9.999887943267822266e-01,-9.999966025352478027e-01,-9.999983906745910645e-01,9.999888539314270020e-01,-9.999992847442626953e-01,9.999982714653015137e-01,9.999989867210388184e-01,-9.999923110008239746e-01,9.999852180480957031e-01,9.999983906745910645e-01,9.999989271163940430e-01,-9.999978542327880859e-01,-9.999982118606567383e-01,9.999976754188537598e-01,9.999966621398925781e-01,-9.999990463256835938e-01,-9.999988675117492676e-01,-9.999940991401672363e-01,9.999988675117492676e-01,-9.999985694885253906e-01,9.999976158142089844e-01,-9.999729990959167480e-01,-9.999988675117492676e-01,-9.999969005584716797e-01,-9.999979138374328613e-01,-9.999959468841552734e-01,-9.999949336051940918e-01,-9.999988675117492676e-01,9.999986886978149414e-01,9.999988079071044922e-01,9.999973177909851074e-01,9.999986886978149414e-01,9.999861121177673340e-01,9.999974370002746582e-01,9.999969005584716797e-01,9.999980926513671875e-01,9.999752044677734375e-01,-9.999977350234985352e-01,-9.999967813491821289e-01,9.999945163726806641e-01,-9.999988675117492676e-01,-9.999986886978149414e-01,-9.999948740005493164e-01,-9.999909996986389160e-01,9.999988079071044922e-01,9.999989867210388184e-01,9.999908804893493652e-01,9.999979734420776367e-01,-9.999990463256835938e-01,9.999985694885253906e-01,-9.999974370002746582e-01,-9.999967217445373535e-01,9.999921917915344238e-01,-9.999601244926452637e-01,9.999979138374328613e-01,-9.999885559082031250e-01,-9.999977350234985352e-01,9.999944567680358887e-01,9.999982714653015137e-01,-9.999636411666870117e-01,-9.999982118606567383e-01,9.999988675117492676e-01,9.996381402015686035e-01,9.999986290931701660e-01,9.999895095825195312e-01,-9.999920129776000977e-01,-9.999984502792358398e-01,9.999876618385314941e-01,-9.999986886978149414e-01,9.999986290931701660e-01,-9.999984502792358398e-01,-9.990779161453247070e-01,9.999987483024597168e-01,-9.999986290931701660e-01,9.999978542327880859e-01,-9.999520778656005859e-01,-9.999989867210388184e-01,9.999988079071044922e-01,-9.999958872795104980e-01,9.999982118606567383e-01,-9.999985694885253906e-01,9.999953508377075195e-01,9.998588562011718750e-01,-9.999983310699462891e-01,-9.999697208404541016e-01,-9.999860525131225586e-01,9.999973177909851074e-01,9.999954700469970703e-01,-9.999986886978149414e-01,9.999970793724060059e-01,-9.999982118606567383e-01,9.999980330467224121e-01,9.999960064888000488e-01,-9.999991655349731445e-01,9.999984502792358398e-01,-9.999986886978149414e-01,9.999986886978149414e-01,-9.999917149543762207e-01,9.999970793724060059e-01,9.999988079071044922e-01,-9.999961256980895996e-01,-9.999984502792358398e-01,9.999982118606567383e-01,-9.999933838844299316e-01,9.999973773956298828e-01,9.999913573265075684e-01,9.999983310699462891e-01
-9.999890327453613281e-01,9.999886155128479004e-01,9.999461174011230469e-01,-9.999912381172180176e-01,-9.999931454658508301e-01,9.999909400939941406e-01,9.999378919601440430e-01,-9.999936819076538086e-01,9.999819397926330566e-01,-9.999775886535644531e-01,9.998462200164794922e-01,9.999924898147583008e-01,-9.999911189079284668e-01,-9.999783635139465332e-01,-9.988569021224975586e-01,-9.999864697456359863e-01,-9.999871850013732910e-01,9.999716877937316895e-01,-9.993809461593627930e-01,9.999940991401672363e-01,9.999923706054687500e-01,-9.999240636825561523e-01,-9.999765753746032715e-01,-9.999886155128479004e-01,9.999243617057800293e-01,-9.999942183494567871e-01,9.999884963035583496e-01,9.999931454658508301e-01,-9.999478459358215332e-01,9.998995661735534668e-01,9.999893903732299805e-01,9.999922513961791992e-01,-9.999856948852539062e-01,-9.999874830245971680e-01,9.999845027923583984e-01,9.999771118164062500e-01,-9.999932050704956055e-01,-9.999923110008239746e-01,-9.999598264694213867e-01,9.999923706054687500e-01,-9.999906420707702637e-01,9.999841451644897461e-01,-9.998173713684082031e-01,-9.999918341636657715e-01,-9.999793171882629395e-01,-9.999860525131225586e-01,-9.999729990959167480e-01,-9.999653697013854980e-01,-9.999921917915344238e-01,9.999912977218627930e-01,9.999915957450866699e-01,9.999817609786987305e-01,9.999907612800598145e-01,9.999056458473205566e-01,9.999830722808837891e-01,9.999791383743286133e-01,9.999874234199523926e-01,9.998311996459960938e-01,-9.999850392341613770e-01,-9.999783635139465332e-01,9.999620914459228516e-01,-9.999922513961791992e-01,-9.999905824661254883e-01,-9.999647736549377441e-01,-9.999384284019470215e-01,9.999920725822448730e-01,9.999931454658508301e-01,9.999378919601440430e-01,9.999859929084777832e-01,-9.999933838844299316e-01,9.999906420707702637e-01,-9.999829530715942383e-01,-9.999781250953674316e-01,9.999471306800842285e-01,-9.997291564941406250e-01,9.999859333038330078e-01,-9.999217987060546875e-01,-9.999843239784240723e-01,9.999619722366333008e-01,9.999883770942687988e-01,-9.997535943984985352e-01,-9.999874234199523926e-01,9.999918341636657715e-01,9.975505471229553223e-01,9.999909400939941406e-01,9.999281167984008789e-01,-9.999458193778991699e-01,-9.999896287918090820e-01,9.999160766601562500e-01,-9.999911785125732422e-01,9.999902248382568359e-01,-9.999895691871643066e-01,-9.937788844108581543e-01,9.999911189079284668e-01,-9.999912977218627930e-01,9.999856352806091309e-01,-9.996758103370666504e-01,-9.999929666519165039e-01,9.999919533729553223e-01,-9.999715089797973633e-01,9.999880194664001465e-01,-9.999904632568359375e-01,9.999686479568481445e-01,9.990430474281311035e-01,-9.999888539314270020e-01,-9.997943043708801270e-01,-9.999048113822937012e-01,9.999814033508300781e-01,9.999694824218750000e-01,-9.999907016754150391e-01,9.999804496765136719e-01,-9.999880194664001465e-01,9.999871253967285156e-01,9.999726414680480957e-01,-9.999940991401672363e-01,9.999895095825195312e-01,-9.999908804893493652e-01,9.999907016754150391e-01,-9.999435544013977051e-01,9.999804496765136719e-01,9.999920725822448730e-01,-9.999740123748779297e-01,-9.999894499778747559e-01,9.999878406524658203e-01,-9.999544620513916016e-01,9.999824166297912598e-01,9.999409317970275879e-01,9.999887347221374512e-01
9.999989271163940430e-01,-9.999988079071044922e-01,-9.999945163726806641e-01,9.999992251396179199e-01,9.999993443489074707e-01,-9.999992251396179199e-01,-9.999936819076538086e-01,9.999994039535522461e-01,-9.999981522560119629e-01,9.999976754188537598e-01,-9.999843239784240723e-01,-9.999992847442626953e-01,9.999991059303283691e-01,9.999977350234985352e-01,9.998832941055297852e-01,9.999985098838806152e-01,9.999987483024597168e-01,-9.999970793724060059e-01,9.999368190765380859e-01,-9.999994039535522461e-01,-9.999993443489074707e-01,9.999922513961791992e-01,9.999976158142089844e-01,9.999988675117492676e-01,-9.999923110008239746e-01,9.999995231628417969e-01,-9.999988079071044922e-01,-9.999993443489074707e-01,9.999946951866149902e-01,-9.999896883964538574e-01,-9.999989271163940430e-01,-9.999993443489074707e-01,9.999985098838806152e-01,9.999988079071044922e-01,-9.999983906745910645e-01,-9.999976158142089844e-01,9.999993443489074707e-01,9.999992251396179199e-01,9.999959468841552734e-01,-9.999992251396179199e-01,9.999992251396179199e-01,-9.999983310699462891e-01,9.999814033508300781e-01,9.999992251396179199e-01,9.999978542327880859e-01,9.999985694885253906e-01,9.999971389770507812e-01,9.999964237213134766e-01,9.999991655349731445e-01,-9.999991655349731445e-01,-9.999992847442626953e-01,-9.999980926513671875e-01,-9.999991059303283691e-01,-9.999904036521911621e-01,-9.999982714653015137e-01,-9.999977946281433105e-01,-9.999986886978149414e-01,-9.999828934669494629e-01,9.999984502792358398e-01,9.999977350234985352e-01,-9.999960660934448242e-01,9.999992251396179199e-01,9.999991059303283691e-01,9.999963641166687012e-01,9.999938011169433594e-01,-9.999992251396179199e-01,-9.999992251396179199e-01,-9.999936819076538086e-01,-9.999985694885253906e-01,9.999994635581970215e-01,-9.999991059303283691e-01,9.999982118606567383e-01,9.999977350234985352e-01,-9.999946355819702148e-01,9.999724030494689941e-01,-9.999985694885253906e-01,9.999920129776000977e-01,9.999983906745910645e-01,-9.999960660934448242e-01,-9.999988079071044922e-01,9.999749064445495605e-01,9.999986886978149414e-01,-9.999992251396179199e-01,-9.997497200965881348e-01,-9.999991059303283691e-01,-9.999926686286926270e-01,9.999944567680358887e-01,9.999989271163940430e-01,-9.999914169311523438e-01,9.999991655349731445e-01,-9.999990463256835938e-01,9.999989271163940430e-01,9.993619918823242188e-01,-9.999991059303283691e-01,9.999991655349731445e-01,-9.999984502792358398e-01,9.999669194221496582e-01,9.999994039535522461e-01,-9.999993443489074707e-01,9.999970793724060059e-01,-9.999987483024597168e-01,9.999990463256835938e-01,-9.999967813491821289e-01,-9.999023675918579102e-01,9.999988675117492676e-01,9.999790787696838379e-01,9.999903440475463867e-01,-9.999980926513671875e-01,-9.999968409538269043e-01,9.999991059303283691e-01,-9.999979734420776367e-01,9.999986886978149414e-01,-9.999987483024597168e-01,-9.999972581863403320e-01,9.999993443489074707e-01,-9.999988675117492676e-01,9.999991059303283691e-01,-9.999991059303283691e-01,9.999942779541015625e-01,-9.999980330467224121e-01,-9.999992251396179199e-01,9.999973773956298828e-01,9.999989271163940430e-01,-9.999987483024597168e-01,9.999953508377075195e-01,-9.999982118606567383e-01,-9.999939799308776855e-01,-9.999988079071044922e-01
-9.999967217445373535e-01,9.999966621398925781e-01,9.999844431877136230e-01,-9.999973773956298828e-01,-9.999980330467224121e-01,9.999973177909851074e-01,9.999819397926330566e-01,-9.999981522560119629e-01,9.999947547912597656e-01,-9.999934434890747070e-01,9.999552965164184570e-01,9.999977946281433105e-01,-9.999973773956298828e-01,-9.999936819076538086e-01,-9.996675848960876465e-01,-9.999960064888000488e-01,-9.999963045120239258e-01,9.999917149543762207e-01,-9.998200535774230957e-01,9.999982714653015137e-01,9.999977946281433105e-01,-9.999779462814331055e-01,-9.999932646751403809e-01,-9.999966621398925781e-01,9.999779462814331055e-01,-9.999983906745910645e-01,9.999966025352478027e-01,9.999979734420776367e-01,-9.999848604202270508e-01,9.999708533287048340e-01,9.999968409538269043e-01,9.999977350234985352e-01,-9.999958276748657227e-01,-9.999963045120239258e-01,9.999954700469970703e-01,9.999933242797851562e-01,-9.999979734420776367e-01,-9.999977350234985352e-01,-9.999883174896240234e-01,9.999977350234985352e-01,-9.999973177909851074e-01,9.999954104423522949e-01,-9.999468922615051270e-01,-9.999976158142089844e-01,-9.999939799308776855e-01,-9.999959468841552734e-01,-9.999921321868896484e-01,-9.999899864196777344e-01,-9.999977350234985352e-01,9.999974370002746582e-01,9.999974966049194336e-01,9.999946951866149902e-01,9.999972581863403320e-01,9.999726414680480957e-01,9.999950528144836426e-01,9.999939203262329102e-01,9.999962449073791504e-01,9.999508857727050781e-01,-9.999956488609313965e-01,-9.999936819076538086e-01,9.999890923500061035e-01,-9.999977350234985352e-01,-9.999973177909851074e-01,-9.999898076057434082e-01,-9.999821782112121582e-01,9.999976158142089844e-01,9.999979734420776367e-01,9.999819993972778320e-01,9.999959468841552734e-01,-9.999980330467224121e-01,9.999971389770507812e-01,-9.999950528144836426e-01,-9.999936223030090332e-01,9.999845623970031738e-01,-9.999212622642517090e-01,9.999958872795104980e-01,-9.999773502349853516e-01,-9.999954700469970703e-01,9.999889731407165527e-01,9.999966025352478027e-01,-9.999284148216247559e-01,-9.999963045120239258e-01,9.999976158142089844e-01,9.992870092391967773e-01,9.999973177909851074e-01,9.999791383743286133e-01,-9.999842643737792969e-01,-9.999969005584716797e-01,9.999756813049316406e-01,-9.999973773956298828e-01,9.999970793724060059e-01,-9.999969005584716797e-01,-9.981842637062072754e-01,9.999973773956298828e-01,-9.999974370002746582e-01,9.999957680702209473e-01,-9.999057650566101074e-01,-9.999979734420776367e-01,9.999976754188537598e-01,-9.999917745590209961e-01,9.999964833259582520e-01,-9.999971985816955566e-01,9.999908208847045898e-01,9.997217655181884766e-01,-9.999967217445373535e-01,-9.999402165412902832e-01,-9.999723434448242188e-01,9.999945163726806641e-01,9.999911189079284668e-01,-9.999972581863403320e-01,9.999943971633911133e-01,-9.999964237213134766e-01,9.999961853027343750e-01,9.999921321868896484e-01,-9.999982714653015137e-01,9.999969005584716797e-01,-9.999973177909851074e-01,9.999972581863403320e-01,-9.999836087226867676e-01,9.999942779541015625e-01,9.999976754188537598e-01,-9.999924302101135254e-01,-9.999969005584716797e-01,9.999964237213134766e-01,-9.999867677688598633e-01,9.999948740005493164e-01,9.999828338623046875e-01,9.999967813491821289e-01
9.999960064888000488e-01,-9.999958872795104980e-01,-9.999805688858032227e-01,9.999967813491821289e-01,9.999974370002746582e-01,-9.999966621398925781e-01,-9.999775886535644531e-01,9.999976754188537598e-01,-9.999934434890747070e-01,9.999918937683105469e-01,-9.999442696571350098e-01,-9.999972581863403320e-01,9.999967217445373535e-01,9.999921321868896484e-01,9.995859265327453613e-01,9.999950528144836426e-01,9.999953508377075195e-01,-9.999898076057434082e-01,9.997759461402893066e-01,-9.999978542327880859e-01,-9.999972581863403320e-01,9.999725222587585449e-01,9.999915361404418945e-01,9.999958872795104980e-01,-9.999726414680480957e-01,9.999978542327880859e-01,-9.999958276748657227e-01,-9.999974966049194336e-01,9.999811053276062012e-01,-9.999636411666870117e-01,-9.999961256980895996e-01,-9.999971389770507812e-01,9.999948143959045410e-01,9.999954700469970703e-01,-9.999943971633911133e-01,-9.999917149543762207e-01,9.999974966049194336e-01,9.999971389770507812e-01,9.999854564666748047e-01,-9.999971985816955566e-01,9.999965429306030273e-01,-9.999942779541015625e-01,9.999338388442993164e-01,9.999969601631164551e-01,9.999924898147583008e-01,9.999949336051940918e-01,9.999902248382568359e-01,9.999874830245971680e-01,9.999971985816955566e-01,-9.999969005584716797e-01,-9.999969601631164551e-01,-9.999933838844299316e-01,-9.999966025352478027e-01,-9.999658465385437012e-01,-9.999938607215881348e-01,-9.999924302101135254e-01,-9.999954700469970703e-01,-9.999388456344604492e-01,9.999945759773254395e-01,9.999921321868896484e-01,-9.999864101409912109e-01,9.999970793724060059e-01,9.999966621398925781e-01,9.999873042106628418e-01,9.999778270721435547e-01,-9.999971389770507812e-01,-9.999973773956298828e-01,-9.999774694442749023e-01,-9.999948740005493164e-01,9.999975562095642090e-01,-9.999965429306030273e-01,9.999938011169433594e-01,9.999921917915344238e-01,-9.999808073043823242e-01,9.999018907546997070e-01,-9.999948740005493164e-01,9.999717473983764648e-01,9.999943375587463379e-01,-9.999863505363464355e-01,-9.999957680702209473e-01,9.999107718467712402e-01,9.999954700469970703e-01,-9.999970197677612305e-01,-9.991119503974914551e-01,-9.999966621398925781e-01,-9.999740123748779297e-01,9.999803900718688965e-01,9.999961853027343750e-01,-9.999697208404541016e-01,9.999967813491821289e-01,-9.999964833259582520e-01,9.999963045120239258e-01,9.977389574050903320e-01,-9.999967217445373535e-01,9.999967217445373535e-01,-9.999946951866149902e-01,9.998826384544372559e-01,9.999974966049194336e-01,-9.999970793724060059e-01,9.999897480010986328e-01,-9.999956488609313965e-01,9.999964833259582520e-01,-9.999885559082031250e-01,-9.996533393859863281e-01,9.999958872795104980e-01,9.999254941940307617e-01,9.999654889106750488e-01,-9.999932646751403809e-01,-9.999889731407165527e-01,9.999966025352478027e-01,-9.999930262565612793e-01,9.999956488609313965e-01,-9.999952912330627441e-01,-9.999900460243225098e-01,9.999977350234985352e-01,-9.999961256980895996e-01,9.999967813491821289e-01,-9.999966025352478027e-01,9.999796152114868164e-01,-9.999929070472717285e-01,-9.999970793724060059e-01,9.999906420707702637e-01,9.999961256980895996e-01,-9.999955892562866211e-01,9.999835491180419922e-01,-9.999935626983642578e-01,-9.999786019325256348e-01,-9.999958872795104980e-01
-9.999727010726928711e-01,9.999718666076660156e-01,9.998665452003479004e-01,-9.999781847000122070e-01,-9.999828338623046875e-01,9.999774694442749023e-01,9.998462200164794922e-01,-9.999843239784240723e-01,9.999552965164184570e-01,-9.999442696571350098e-01,9.996195435523986816e-01,9.999814033508300781e-01,-9.999779462814331055e-01,-9.999462962150573730e-01,-9.971768260002136230e-01,-9.999663829803466797e-01,-9.999682903289794922e-01,9.999295473098754883e-01,-9.984696507453918457e-01,9.999855756759643555e-01,9.999812245368957520e-01,-9.998120665550231934e-01,-9.999418854713439941e-01,-9.999718666076660156e-01,9.998128414154052734e-01,-9.999854564666748047e-01,9.999715089797973633e-01,9.999829530715942383e-01,-9.998707175254821777e-01,9.997516274452209473e-01,9.999736547470092773e-01,9.999808073043823242e-01,-9.999645352363586426e-01,-9.999690055847167969e-01,9.999615550041198730e-01,9.999433755874633789e-01,-9.999831914901733398e-01,-9.999809265136718750e-01,-9.999004006385803223e-01,9.999809861183166504e-01,-9.999768137931823730e-01,9.999607205390930176e-01,-9.995480775833129883e-01,-9.999796152114868164e-01,-9.999487996101379395e-01,-9.999654293060302734e-01,-9.999330639839172363e-01,-9.999143481254577637e-01,-9.999808669090270996e-01,9.999784827232360840e-01,9.999790787696838379e-01,9.999545812606811523e-01,9.999769330024719238e-01,9.997668862342834473e-01,9.999580383300781250e-01,9.999482631683349609e-01,9.999685883522033691e-01,9.995823502540588379e-01,-9.999628663063049316e-01,-9.999462962150573730e-01,9.999061226844787598e-01,-9.999808073043823242e-01,-9.999766945838928223e-01,-9.999129176139831543e-01,-9.998475909233093262e-01,9.999806284904479980e-01,9.999828934669494629e-01,9.998463988304138184e-01,9.999651312828063965e-01,-9.999836087226867676e-01,9.999766945838928223e-01,-9.999576210975646973e-01,-9.999455809593200684e-01,9.998691678047180176e-01,-9.993302226066589355e-01,9.999650716781616211e-01,-9.998067021369934082e-01,-9.999611377716064453e-01,9.999058842658996582e-01,9.999712705612182617e-01,-9.993905425071716309e-01,-9.999688863754272461e-01,9.999798536300659180e-01,9.939619898796081543e-01,9.999775886535644531e-01,9.998220801353454590e-01,-9.998659491539001465e-01,-9.999741911888122559e-01,9.997927546501159668e-01,-9.999781847000122070e-01,9.999757409095764160e-01,-9.999741911888122559e-01,-9.847488403320312500e-01,9.999777674674987793e-01,-9.999785423278808594e-01,9.999642968177795410e-01,-9.991984963417053223e-01,-9.999827146530151367e-01,9.999801516532897949e-01,-9.999294281005859375e-01,9.999704360961914062e-01,-9.999763965606689453e-01,9.999223351478576660e-01,9.976356625556945801e-01,-9.999724030494689941e-01,-9.994912147521972656e-01,-9.997643828392028809e-01,9.999538064002990723e-01,9.999246597290039062e-01,-9.999769926071166992e-01,9.999515414237976074e-01,-9.999704957008361816e-01,9.999678134918212891e-01,9.999319314956665039e-01,-9.999853372573852539e-01,9.999738931655883789e-01,-9.999774694442749023e-01,9.999769330024719238e-01,-9.998604059219360352e-01,9.999514222145080566e-01,9.999803304672241211e-01,-9.999353885650634766e-01,-9.999738931655883789e-01,9.999698996543884277e-01,-9.998872876167297363e-01,9.999564886093139648e-01,9.998536109924316406e-01,9.999722242355346680e-01
-9.999987483024597168e-01,9.999985098838806152e-01,9.999935030937194824e-01,-9.999989271163940430e-01,-9.999992251396179199e-01,9.999989271163940430e-01,9.999924898147583008e-01,-9.999992847442626953e-01,9.999977946281433105e-01,-9.999972581863403320e-01,9.999814033508300781e-01,9.999991655349731445e-01,-9.999989271163940430e-01,-9.999973773956298828e-01,-9.998619556427001953e-01,-9.999982714653015137e-01,-9.999984502792358398e-01,9.999965429306030273e-01,-9.999252557754516602e-01,9.999992251396179199e-01,9.999991059303283691e-01,-9.999907612800598145e-01,-9.999971389770507812e-01,-9.999986290931701660e-01,9.999908804893493652e-01,-9.999993443489074707e-01,9.999985098838806152e-01,9.999992251396179199e-01,-9.999936819076538086e-01,9.999878406524658203e-01,9.999986290931701660e-01,9.999991059303283691e-01,-9.999982714653015137e-01,-9.999984502792358398e-01,9.999979734420776367e-01,9.999971985816955566e-01,-9.999992251396179199e-01,-9.999991059303283691e-01,-9.999951720237731934e-01,9.999991059303283691e-01,-9.999988079071044922e-01,9.999980330467224121e-01,-9.999778866767883301e-01,-9.999990463256835938e-01,-9.999973773956298828e-01,-9.999982118606567383e-01,-9.999966025352478027e-01,-9.999957680702209473e-01,-9.999989867210388184e-01,9.999988675117492676e-01,9.999989867210388184e-01,9.999977350234985352e-01,9.999988675117492676e-01,9.999885559082031250e-01,9.999979138374328613e-01,9.999973773956298828e-01,9.999984502792358398e-01,9.999796748161315918e-01,-9.999981522560119629e-01,-9.999973773956298828e-01,9.999954104423522949e-01,-9.999991059303283691e-01,-9.999988079071044922e-01,-9.999957680702209473e-01,-9.999925494194030762e-01,9.999991059303283691e-01,9.999992251396179199e-01,9.999924302101135254e-01,9.999982714653015137e-01,-9.999992251396179199e-01,9.999988079071044922e-01,-9.999978542327880859e-01,-9.999972581863403320e-01,9.999936223030090332e-01,-9.999673366546630859e-01,9.999981522560119629e-01,-9.999905824661254883e-01,-9.999980926513671875e-01,9.999954104423522949e-01,9.999985694885253906e-01,-9.999701976776123047e-01,-9.999984502792358398e-01,9.999990463256835938e-01,9.997039437294006348e-01,9.999988675117492676e-01,9.999913573265075684e-01,-9.999933838844299316e-01,-9.999986290931701660e-01,9.999897480010986328e-01,-9.999988675117492676e-01,9.999988079071044922e-01,-9.999986290931701660e-01,-9.992454648017883301e-01,9.999989271163940430e-01,-9.999988675117492676e-01,9.999981522560119629e-01,-9.999608397483825684e-01,-9.999991655349731445e-01,9.999990463256835938e-01,-9.999966025352478027e-01,9.999986290931701660e-01,-9.999988079071044922e-01,9.999960660934448242e-01,9.998844265937805176e-01,-9.999985694885253906e-01,-9.999752044677734375e-01,-9.999885559082031250e-01,9.999976754188537598e-01,9.999961853027343750e-01,-9.999988675117492676e-01,9.999975562095642090e-01,-9.999984502792358398e-01,9.999983906745910645e-01,9.999966621398925781e-01,-9.999992251396179199e-01,9.999986290931701660e-01,-9.999988079071044922e-01,9.999988675117492676e-01,-9.999930858612060547e-01,9.999976158142089844e-01,9.999991059303283691e-01,-9.999967813491821289e-01,-9.999986886978149414e-01,9.999985098838806152e-01,-9.999944567680358887e-01,9.999977946281433105e-01,9.999928474426269531e-01,9.999986290931701660e-01
