9.999981522560119629e-01,-9.999984502792358398e-01,-9.999864697456359863e-01,9.999980926513671875e-01,9.999988079071044922e-01,-9.999986290931701660e-01,9.999948143959045410e-01,9.999988675117492676e-01,-9.999970793724060059e-01,9.999971389770507812e-01,-9.999979734420776367e-01,-9.999988079071044922e-01,9.999979734420776367e-01,9.999979734420776367e-01,9.999699592590332031e-01,9.999974966049194336e-01,9.999976158142089844e-01,-9.999985694885253906e-01,9.999908804893493652e-01,-9.999989271163940430e-01,-9.999988675117492676e-01,9.999855756759643555e-01,9.999980926513671875e-01,9.999984502792358398e-01,9.999893307685852051e-01,9.999989271163940430e-01,-9.999983906745910645e-01,-9.999988675117492676e-01,9.999776482582092285e-01,-9.999960064888000488e-01,-9.999945759773254395e-01,-9.999983906745910645e-01,9.999933838844299316e-01,9.999973177909851074e-01,-9.999966025352478027e-01,-9.999862313270568848e-01,9.999989271163940430e-01,9.999985098838806152e-01,9.999925494194030762e-01,-9.999987483024597168e-01,9.999983906745910645e-01,-9.999968409538269043e-01,9.999555945396423340e-01,9.999986886978149414e-01,9.999977350234985352e-01,9.999980330467224121e-01,9.999766349792480469e-01,9.999980926513671875e-01,9.999987483024597168e-01,-9.999985098838806152e-01,-9.999986886978149414e-01,-9.999974966049194336e-01,-9.999986290931701660e-01,-9.999907612800598145e-01,-9.999966025352478027e-01,-9.999979734420776367e-01,-9.999971985816955566e-01,9.998950362205505371e-01,9.999977350234985352e-01,9.999982714653015137e-01,-9.999973773956298828e-01,9.999988079071044922e-01,9.999982118606567383e-01,9.999948740005493164e-01,-9.999955892562866211e-01,-9.999987483024597168e-01,-9.999988675117492676e-01,-9.999943971633911133e-01,-9.999986290931701660e-01,9.999986886978149414e-01,-9.999986290931701660e-01,9.999979734420776367e-01,9.999964237213134766e-01,-9.999909400939941406e-01,-9.998590946197509766e-01,-9.999981522560119629e-01,9.999920129776000977e-01,9.999986290931701660e-01,-9.999918937683105469e-01,-9.999967813491821289e-01,-9.999615550041198730e-01,9.999973773956298828e-01,-9.999986886978149414e-01,9.999951720237731934e-01,-9.999981522560119629e-01,-9.999843239784240723e-01,9.999908208847045898e-01,9.999988079071044922e-01,-4.252364039421081543e-01,9.999966025352478027e-01,-9.999979734420776367e-01,9.999982118606567383e-01,-9.999750256538391113e-01,-9.999979138374328613e-01,9.999985098838806152e-01,-9.999977946281433105e-01,-9.999911189079284668e-01,9.999989271163940430e-01,-9.999986886978149414e-01,9.999889135360717773e-01,-9.999971389770507812e-01,9.999986886978149414e-01,-9.999769926071166992e-01,-9.999733567237854004e-01,9.999983906745910645e-01,9.999969601631164551e-01,9.999032616615295410e-01,-9.999976754188537598e-01,-9.999941587448120117e-01,9.999985098838806152e-01,-9.999978542327880859e-01,9.999985098838806152e-01,-9.999980926513671875e-01,-9.999865889549255371e-01,9.999989271163940430e-01,-9.999982714653015137e-01,9.999986886978149414e-01,-9.999986886978149414e-01,-9.999939203262329102e-01,-9.999980926513671875e-01,-9.999988079071044922e-01,9.999955296516418457e-01,9.999985098838806152e-01,-9.999974370002746582e-01,-9.998368620872497559e-01,-9.999954104423522949e-01,9.999855160713195801e-01,-9.999974370002746582e-01
-9.999984502792358398e-01,9.999986886978149414e-01,9.999886751174926758e-01,-9.999985098838806152e-01,-9.999991059303283691e-01,9.999988675117492676e-01,-9.999957084655761719e-01,-9.999991655349731445e-01,9.999975562095642090e-01,-9.999976158142089844e-01,9.999983906745910645e-01,9.999989867210388184e-01,-9.999983906745910645e-01,-9.999983906745910645e-01,-9.999746084213256836e-01,-9.999979138374328613e-01,-9.999979734420776367e-01,9.999988675117492676e-01,-9.999923110008239746e-01,9.999992251396179199e-01,9.999991059303283691e-01,-9.999879002571105957e-01,-9.999984502792358398e-01,-9.999986886978149414e-01,-9.999910593032836914e-01,-9.999991655349731445e-01,9.999986886978149414e-01,9.999991059303283691e-01,-9.999811649322509766e-01,9.999965429306030273e-01,9.999953508377075195e-01,9.999987483024597168e-01,-9.999943971633911133e-01,-9.999977946281433105e-01,9.999971389770507812e-01,9.999884366989135742e-01,-9.999991655349731445e-01,-9.999987483024597168e-01,-9.999938011169433594e-01,9.999991059303283691e-01,-9.999986886978149414e-01,9.999973773956298828e-01,-9.999625086784362793e-01,-9.999989271163940430e-01,-9.999979734420776367e-01,-9.999983310699462891e-01,-9.999802708625793457e-01,-9.999983906745910645e-01,-9.999989271163940430e-01,9.999987483024597168e-01,9.999989271163940430e-01,9.999978542327880859e-01,9.999988675117492676e-01,9.999921321868896484e-01,9.999971389770507812e-01,9.999983310699462891e-01,9.999976754188537598e-01,-9.999113678932189941e-01,-9.999980926513671875e-01,-9.999985098838806152e-01,9.999978542327880859e-01,-9.999989867210388184e-01,-9.999985098838806152e-01,-9.999955892562866211e-01,9.999963641166687012e-01,9.999990463256835938e-01,9.999991655349731445e-01,9.999952912330627441e-01,9.999988675117492676e-01,-9.999988675117492676e-01,9.999988675117492676e-01,-9.999982714653015137e-01,-9.999969601631164551e-01,9.999923706054687500e-01,9.998809099197387695e-01,9.999984502792358398e-01,-9.999933838844299316e-01,-9.999988675117492676e-01,9.999931454658508301e-01,9.999973177909851074e-01,9.999675154685974121e-01,-9.999977946281433105e-01,9.999989271163940430e-01,-9.999959468841552734e-01,9.999985098838806152e-01,9.999868869781494141e-01,-9.999922513961791992e-01,-9.999990463256835938e-01,4.253251850605010986e-01,-9.999971985816955566e-01,9.999983310699462891e-01,-9.999985098838806152e-01,9.999788999557495117e-01,9.999983310699462891e-01,-9.999986290931701660e-01,9.999982118606567383e-01,9.999924898147583008e-01,-9.999992251396179199e-01,9.999989271163940430e-01,-9.999907016754150391e-01,9.999974966049194336e-01,-9.999989271163940430e-01,9.999805688858032227e-01,9.999775290489196777e-01,-9.999987483024597168e-01,-9.999974370002746582e-01,-9.999182224273681641e-01,9.999980926513671875e-01,9.999951124191284180e-01,-9.999986886978149414e-01,9.999980926513671875e-01,-9.999987483024597168e-01,9.999984502792358398e-01,9.999887347221374512e-01,-9.999991059303283691e-01,9.999985694885253906e-01,-9.999988675117492676e-01,9.999988675117492676e-01,9.999948740005493164e-01,9.999983906745910645e-01,9.999989867210388184e-01,-9.999962449073791504e-01,-9.999987483024597168e-01,9.999979138374328613e-01,9.998621344566345215e-01,9.999960660934448242e-01,-9.999878406524658203e-01,9.999978542327880859e-01
-9.999864697456359863e-01,9.999886751174926758e-01,9.998992681503295898e-01,-9.999868273735046387e-01,-9.999915957450866699e-01,9.999900460243225098e-01,-9.999624490737915039e-01,-9.999923706054687500e-01,9.999791979789733887e-01,-9.999794960021972656e-01,9.999860525131225586e-01,9.999915361404418945e-01,-9.999858140945434570e-01,-9.999857544898986816e-01,-9.997760057449340820e-01,-9.999815225601196289e-01,-9.999826550483703613e-01,9.999897480010986328e-01,-9.999320507049560547e-01,9.999927282333374023e-01,9.999918937683105469e-01,-9.998922348022460938e-01,-9.999865889549255371e-01,-9.999886751174926758e-01,-9.999209046363830566e-01,-9.999925494194030762e-01,9.999886751174926758e-01,9.999917149543762207e-01,-9.998338222503662109e-01,9.999701380729675293e-01,9.999588131904602051e-01,9.999889731407165527e-01,-9.999505281448364258e-01,-9.999808669090270996e-01,9.999752044677734375e-01,9.998973608016967773e-01,-9.999924302101135254e-01,-9.999896883964538574e-01,-9.999454021453857422e-01,9.999915361404418945e-01,-9.999887347221374512e-01,9.999774098396301270e-01,-9.996702671051025391e-01,-9.999905228614807129e-01,-9.999833106994628906e-01,-9.999853968620300293e-01,-9.998258352279663086e-01,-9.999859929084777832e-01,-9.999908208847045898e-01,9.999892711639404297e-01,9.999903440475463867e-01,9.999821186065673828e-01,9.999902248382568359e-01,9.999315738677978516e-01,9.999752640724182129e-01,9.999853968620300293e-01,9.999801516532897949e-01,-9.992189407348632812e-01,-9.999836683273315430e-01,-9.999872446060180664e-01,9.999813437461853027e-01,-9.999918937683105469e-01,-9.999868869781494141e-01,-9.999616146087646484e-01,9.999672770500183105e-01,9.999911189079284668e-01,9.999923110008239746e-01,9.999588131904602051e-01,9.999901652336120605e-01,-9.999909400939941406e-01,9.999902248382568359e-01,-9.999852776527404785e-01,-9.999739527702331543e-01,9.999325275421142578e-01,9.989513754844665527e-01,9.999864697456359863e-01,-9.999414086341857910e-01,-9.999899864196777344e-01,9.999396800994873047e-01,9.999766945838928223e-01,9.997143745422363281e-01,-9.999813437461853027e-01,9.999909400939941406e-01,-9.999642968177795410e-01,9.999871253967285156e-01,9.998840093612670898e-01,-9.999313950538635254e-01,-9.999913573265075684e-01,4.215767681598663330e-01,-9.999752044677734375e-01,9.999853372573852539e-01,-9.999875426292419434e-01,9.998138546943664551e-01,9.999854564666748047e-01,-9.999888539314270020e-01,9.999842643737792969e-01,9.999338984489440918e-01,-9.999920725822448730e-01,9.999908208847045898e-01,-9.999179244041442871e-01,9.999789595603942871e-01,-9.999902248382568359e-01,9.998283386230468750e-01,9.998018145561218262e-01,-9.999889135360717773e-01,-9.999775886535644531e-01,-9.992799162864685059e-01,9.999833703041076660e-01,9.999570846557617188e-01,-9.999890327453613281e-01,9.999845623970031738e-01,-9.999892711639404297e-01,9.999859929084777832e-01,9.998999238014221191e-01,-9.999924898147583008e-01,9.999874830245971680e-01,-9.999907612800598145e-01,9.999902248382568359e-01,9.999546408653259277e-01,9.999861717224121094e-01,9.999911785125732422e-01,-9.999673962593078613e-01,-9.999896287918090820e-01,9.999812841415405273e-01,9.987857937812805176e-01,9.999659657478332520e-01,-9.998928308486938477e-01,9.999812841415405273e-01
9.999980926513671875e-01,-9.999985098838806152e-01,-9.999868273735046387e-01,9.999981522560119629e-01,9.999988079071044922e-01,-9.999986886978149414e-01,9.999949932098388672e-01,9.999989271163940430e-01,-9.999971389770507812e-01,9.999972581863403320e-01,-9.999981522560119629e-01,-9.999988675117492676e-01,9.999980926513671875e-01,9.999979734420776367e-01,9.999706745147705078e-01,9.999976158142089844e-01,9.999976754188537598e-01,-9.999986886978149414e-01,9.999911189079284668e-01,-9.999989867210388184e-01,-9.999989867210388184e-01,9.999859929084777832e-01,9.999982118606567383e-01,9.999985098838806152e-01,9.999895691871643066e-01,9.999990463256835938e-01,-9.999985098838806152e-01,-9.999988675117492676e-01,9.999782443046569824e-01,-9.999960064888000488e-01,-9.999946951866149902e-01,-9.999984502792358398e-01,9.999935030937194824e-01,9.999974370002746582e-01,-9.999967217445373535e-01,-9.999865889549255371e-01,9.999990463256835938e-01,9.999986290931701660e-01,9.999928474426269531e-01,-9.999988675117492676e-01,9.999985098838806152e-01,-9.999970197677612305e-01,9.999567866325378418e-01,9.999988079071044922e-01,9.999977946281433105e-01,9.999979138374328613e-01,9.999772310256958008e-01,9.999981522560119629e-01,9.999988079071044922e-01,-9.999985694885253906e-01,-9.999986886978149414e-01,-9.999975562095642090e-01,-9.999987483024597168e-01,-9.999909996986389160e-01,-9.999966025352478027e-01,-9.999980330467224121e-01,-9.999973773956298828e-01,9.998975396156311035e-01,9.999978542327880859e-01,9.999982714653015137e-01,-9.999974370002746582e-01,9.999989271163940430e-01,9.999982714653015137e-01,9.999949932098388672e-01,-9.999957084655761719e-01,-9.999988079071044922e-01,-9.999989271163940430e-01,-9.999946355819702148e-01,-9.999986886978149414e-01,9.999987483024597168e-01,-9.999986886978149414e-01,9.999980330467224121e-01,9.999965429306030273e-01,-9.999911785125732422e-01,-9.998625516891479492e-01,-9.999982118606567383e-01,9.999923110008239746e-01,9.999986886978149414e-01,-9.999920725822448730e-01,-9.999969005584716797e-01,-9.999625682830810547e-01,9.999974966049194336e-01,-9.999987483024597168e-01,9.999952912330627441e-01,-9.999982714653015137e-01,-9.999847412109375000e-01,9.999909996986389160e-01,9.999988675117492676e-01,-4.252501130104064941e-01,9.999967217445373535e-01,-9.999980330467224121e-01,9.999982714653015137e-01,-9.999756217002868652e-01,-9.999979734420776367e-01,9.999985098838806152e-01,-9.999978542327880859e-01,-9.999913573265075684e-01,9.999989867210388184e-01,-9.999987483024597168e-01,9.999892711639404297e-01,-9.999971985816955566e-01,9.999987483024597168e-01,-9.999775290489196777e-01,-9.999739527702331543e-01,9.999985098838806152e-01,9.999970197677612305e-01,9.999055266380310059e-01,-9.999977946281433105e-01,-9.999943971633911133e-01,9.999985098838806152e-01,-9.999979138374328613e-01,9.999985694885253906e-01,-9.999980926513671875e-01,-9.999868869781494141e-01,9.999990463256835938e-01,-9.999983310699462891e-01,9.999986886978149414e-01,-9.999986886978149414e-01,-9.999940395355224609e-01,-9.999981522560119629e-01,-9.999988079071044922e-01,9.999957084655761719e-01,9.999986290931701660e-01,-9.999974966049194336e-01,-9.998407363891601562e-01,-9.999955296516418457e-01,9.999859929084777832e-01,-9.999974966049194336e-01
9.999988079071044922e-01,-9.999991059303283691e-01,-9.999915957450866699e-01,9.999988079071044922e-01,9.999992251396179199e-01,-9.999991059303283691e-01,9.999967217445373535e-01,9.999992847442626953e-01,-9.999981522560119629e-01,9.999982714653015137e-01,-9.999987483024597168e-01,-9.999992251396179199e-01,9.999987483024597168e-01,9.999987483024597168e-01,9.999812841415405273e-01,9.999984502792358398e-01,9.999985098838806152e-01,-9.999991655349731445e-01,9.999942183494567871e-01,-9.999994039535522461e-01,-9.999993443489074707e-01,9.999909996986389160e-01,9.999988675117492676e-01,9.999991059303283691e-01,9.999933242797851562e-01,9.999994039535522461e-01,-9.999989867210388184e-01,-9.999992251396179199e-01,9.999861121177673340e-01,-9.999974966049194336e-01,-9.999964833259582520e-01,-9.999989867210388184e-01,9.999958276748657227e-01,9.999982714653015137e-01,-9.999979138374328613e-01,-9.999914169311523438e-01,9.999994039535522461e-01,9.999991655349731445e-01,9.999954104423522949e-01,-9.999992251396179199e-01,9.999991059303283691e-01,-9.999979734420776367e-01,9.999725222587585449e-01,9.999992251396179199e-01,9.999985098838806152e-01,9.999986886978149414e-01,9.999853372573852539e-01,9.999988079071044922e-01,9.999992847442626953e-01,-9.999990463256835938e-01,-9.999991059303283691e-01,-9.999983906745910645e-01,-9.999992251396179199e-01,-9.999942183494567871e-01,-9.999978542327880859e-01,-9.999987483024597168e-01,-9.999982118606567383e-01,9.999347329139709473e-01,9.999985098838806152e-01,9.999989271163940430e-01,-9.999983310699462891e-01,9.999992847442626953e-01,9.999988675117492676e-01,9.999967813491821289e-01,-9.999971985816955566e-01,-9.999992847442626953e-01,-9.999992847442626953e-01,-9.999964237213134766e-01,-9.999992251396179199e-01,9.999991655349731445e-01,-9.999992251396179199e-01,9.999986886978149414e-01,9.999977946281433105e-01,-9.999943971633911133e-01,-9.999123215675354004e-01,-9.999988079071044922e-01,9.999950528144836426e-01,9.999992251396179199e-01,-9.999949336051940918e-01,-9.999980330467224121e-01,-9.999761581420898438e-01,9.999983310699462891e-01,-9.999992847442626953e-01,9.999969005584716797e-01,-9.999988675117492676e-01,-9.999902844429016113e-01,9.999942779541015625e-01,9.999992251396179199e-01,-4.254528880119323730e-01,9.999979138374328613e-01,-9.999986886978149414e-01,9.999988675117492676e-01,-9.999844431877136230e-01,-9.999986290931701660e-01,9.999989867210388184e-01,-9.999985694885253906e-01,-9.999944567680358887e-01,9.999994635581970215e-01,-9.999991655349731445e-01,9.999931454658508301e-01,-9.999980926513671875e-01,9.999992251396179199e-01,-9.999856948852539062e-01,-9.999834299087524414e-01,9.999991059303283691e-01,9.999979734420776367e-01,9.999397993087768555e-01,-9.999985694885253906e-01,-9.999963641166687012e-01,9.999991059303283691e-01,-9.999986290931701660e-01,9.999991655349731445e-01,-9.999988079071044922e-01,-9.999917149543762207e-01,9.999993443489074707e-01,-9.999989271163940430e-01,9.999991655349731445e-01,-9.999991059303283691e-01,-9.999960660934448242e-01,-9.999988079071044922e-01,-9.999992251396179199e-01,9.999972581863403320e-01,9.999990463256835938e-01,-9.999983906745910645e-01,-9.998983740806579590e-01,-9.999971389770507812e-01,9.999909996986389160e-01,-9.999983906745910645e-01
-9.999986290931701660e-01,9.999988675117492676e-01,9.999900460243225098e-01,-9.999986886978149414e-01,-9.999991059303283691e-01,9.999990463256835938e-01,-9.999961256980895996e-01,-9.999992847442626953e-01,9.999979138374328613e-01,-9.999979138374328613e-01,9.999986290931701660e-01,9.999992251396179199e-01,-9.999985694885253906e-01,-9.999985098838806152e-01,-9.999778270721435547e-01,-9.999981522560119629e-01,-9.999983310699462891e-01,9.999990463256835938e-01,-9.999932646751403809e-01,9.999993443489074707e-01,9.999992251396179199e-01,-9.999894499778747559e-01,-9.999986290931701660e-01,-9.999988675117492676e-01,-9.999920725822448730e-01,-9.999991655349731445e-01,9.999988675117492676e-01,9.999992251396179199e-01,-9.999835491180419922e-01,9.999970197677612305e-01,9.999960064888000488e-01,9.999988675117492676e-01,-9.999951124191284180e-01,-9.999980926513671875e-01,9.999974966049194336e-01,9.999898672103881836e-01,-9.999992847442626953e-01,-9.999989867210388184e-01,-9.999946355819702148e-01,9.999992251396179199e-01,-9.999988675117492676e-01,9.999977350234985352e-01,-9.999673366546630859e-01,-9.999991059303283691e-01,-9.999983310699462891e-01,-9.999985098838806152e-01,-9.999827742576599121e-01,-9.999985694885253906e-01,-9.999991059303283691e-01,9.999989271163940430e-01,9.999991059303283691e-01,9.999980926513671875e-01,9.999990463256835938e-01,9.999932646751403809e-01,9.999974370002746582e-01,9.999986290931701660e-01,9.999980330467224121e-01,-9.999226927757263184e-01,-9.999983906745910645e-01,-9.999986886978149414e-01,9.999980330467224121e-01,-9.999991655349731445e-01,-9.999986886978149414e-01,-9.999961256980895996e-01,9.999967217445373535e-01,9.999991655349731445e-01,9.999991655349731445e-01,9.999959468841552734e-01,9.999990463256835938e-01,-9.999990463256835938e-01,9.999990463256835938e-01,-9.999985098838806152e-01,-9.999974370002746582e-01,9.999933242797851562e-01,9.998961091041564941e-01,9.999986290931701660e-01,-9.999942183494567871e-01,-9.999990463256835938e-01,9.999940991401672363e-01,9.999976754188537598e-01,9.999717473983764648e-01,-9.999981522560119629e-01,9.999991655349731445e-01,-9.999964237213134766e-01,9.999986886978149414e-01,9.999885559082031250e-01,-9.999932050704956055e-01,-9.999991655349731445e-01,4.253868460655212402e-01,-9.999974966049194336e-01,9.999985098838806152e-01,-9.999987483024597168e-01,9.999816417694091797e-01,9.999985098838806152e-01,-9.999988675117492676e-01,9.999984502792358398e-01,9.999934434890747070e-01,-9.999993443489074707e-01,9.999991059303283691e-01,-9.999918937683105469e-01,9.999978542327880859e-01,-9.999990463256835938e-01,9.999830722808837891e-01,9.999803304672241211e-01,-9.999988079071044922e-01,-9.999977350234985352e-01,-9.999286532402038574e-01,9.999983310699462891e-01,9.999957084655761719e-01,-9.999988675117492676e-01,9.999983310699462891e-01,-9.999989271163940430e-01,9.999985694885253906e-01,9.999901056289672852e-01,-9.999992847442626953e-01,9.999987483024597168e-01,-9.999991059303283691e-01,9.999990463256835938e-01,9.999955296516418457e-01,9.999986886978149414e-01,9.999991655349731445e-01,-9.999967217445373535e-01,-9.999989271163940430e-01,9.999980926513671875e-01,9.998796582221984863e-01,9.999964833259582520e-01,-9.999893903732299805e-01,9.999980926513671875e-01
9.999948143959045410e-01,-9.999957084655761719e-01,-9.999624490737915039e-01,9.999949932098388672e-01,9.999967217445373535e-01,-9.999961256980895996e-01,9.999859333038330078e-01,9.999970197677612305e-01,-9.999921321868896484e-01,9.999922513961791992e-01,-9.999947547912597656e-01,-9.999967217445373535e-01,9.999946355819702148e-01,9.999946355819702148e-01,9.999164938926696777e-01,9.999930858612060547e-01,9.999933838844299316e-01,-9.999959468841552734e-01,9.999747276306152344e-01,-9.999971985816955566e-01,-9.999969005584716797e-01,9.999598264694213867e-01,9.999949336051940918e-01,9.999957084655761719e-01,9.999704957008361816e-01,9.999970793724060059e-01,-9.999957084655761719e-01,-9.999967813491821289e-01,9.999379515647888184e-01,-9.999887943267822266e-01,-9.999846816062927246e-01,-9.999957680702209473e-01,9.999815225601196289e-01,9.999927878379821777e-01,-9.999907016754150391e-01,-9.999616742134094238e-01,9.999970197677612305e-01,9.999960064888000488e-01,9.999796152114868164e-01,-9.999967217445373535e-01,9.999957680702209473e-01,-9.999915361404418945e-01,9.998770356178283691e-01,9.999963641166687012e-01,9.999936819076538086e-01,9.999944567680358887e-01,9.999350309371948242e-01,9.999946951866149902e-01,9.999964237213134766e-01,-9.999959468841552734e-01,-9.999962449073791504e-01,-9.999932646751403809e-01,-9.999961853027343750e-01,-9.999743700027465820e-01,-9.999906420707702637e-01,-9.999945163726806641e-01,-9.999924898147583008e-01,9.997090697288513184e-01,9.999938607215881348e-01,9.999951124191284180e-01,-9.999929666519165039e-01,9.999968409538269043e-01,9.999951124191284180e-01,9.999856352806091309e-01,-9.999878406524658203e-01,-9.999964833259582520e-01,-9.999970197677612305e-01,-9.999846816062927246e-01,-9.999961256980895996e-01,9.999963641166687012e-01,-9.999962449073791504e-01,9.999943971633911133e-01,9.999901652336120605e-01,-9.999749064445495605e-01,-9.996093511581420898e-01,-9.999948740005493164e-01,9.999781847000122070e-01,9.999960660934448242e-01,-9.999775290489196777e-01,-9.999912381172180176e-01,-9.998935461044311523e-01,9.999929666519165039e-01,-9.999964833259582520e-01,9.999865293502807617e-01,-9.999951124191284180e-01,-9.999567270278930664e-01,9.999743700027465820e-01,9.999966025352478027e-01,-4.242238402366638184e-01,9.999907016754150391e-01,-9.999944567680358887e-01,9.999952316284179688e-01,-9.999305605888366699e-01,-9.999945163726806641e-01,9.999957680702209473e-01,-9.999939799308776855e-01,-9.999753236770629883e-01,9.999969601631164551e-01,-9.999964237213134766e-01,9.999694824218750000e-01,-9.999921321868896484e-01,9.999961853027343750e-01,-9.999359250068664551e-01,-9.999260902404785156e-01,9.999958276748657227e-01,9.999915361404418945e-01,9.997317194938659668e-01,-9.999936819076538086e-01,-9.999839067459106445e-01,9.999958276748657227e-01,-9.999941587448120117e-01,9.999959468841552734e-01,-9.999946355819702148e-01,-9.999626278877258301e-01,9.999970793724060059e-01,-9.999952912330627441e-01,9.999963045120239258e-01,-9.999961853027343750e-01,-9.999830722808837891e-01,-9.999947547912597656e-01,-9.999964833259582520e-01,9.999877810478210449e-01,9.999959468841552734e-01,-9.999929070472717285e-01,-9.995475411415100098e-01,-9.999872446060180664e-01,9.999600052833557129e-01,-9.999930262565612793e-01
9.999988675117492676e-01,-9.999991655349731445e-01,-9.999923706054687500e-01,9.999989271163940430e-01,9.999992847442626953e-01,-9.999992847442626953e-01,9.999970197677612305e-01,9.999994635581970215e-01,-9.999983906745910645e-01,9.999983906745910645e-01,-9.999988675117492676e-01,-9.999992847442626953e-01,9.999988675117492676e-01,9.999988675117492676e-01,9.999830126762390137e-01,9.999985694885253906e-01,9.999986290931701660e-01,-9.999992251396179199e-01,9.999947547912597656e-01,-9.999994635581970215e-01,-9.999994039535522461e-01,9.999918937683105469e-01,9.999989867210388184e-01,9.999990463256835938e-01,9.999939799308776855e-01,9.999994039535522461e-01,-9.999990463256835938e-01,-9.999994039535522461e-01,9.999873042106628418e-01,-9.999976754188537598e-01,-9.999968409538269043e-01,-9.999992251396179199e-01,9.999960660934448242e-01,9.999985098838806152e-01,-9.999979734420776367e-01,-9.999921917915344238e-01,9.999994635581970215e-01,9.999992251396179199e-01,9.999957680702209473e-01,-9.999992847442626953e-01,9.999991655349731445e-01,-9.999982714653015137e-01,9.999749660491943359e-01,9.999992847442626953e-01,9.999986290931701660e-01,9.999988079071044922e-01,9.999867677688598633e-01,9.999988675117492676e-01,9.999993443489074707e-01,-9.999992251396179199e-01,-9.999992847442626953e-01,-9.999986290931701660e-01,-9.999992847442626953e-01,-9.999947547912597656e-01,-9.999980926513671875e-01,-9.999989271163940430e-01,-9.999983906745910645e-01,9.999405741691589355e-01,9.999986886978149414e-01,9.999990463256835938e-01,-9.999984502792358398e-01,9.999993443489074707e-01,9.999989867210388184e-01,9.999970197677612305e-01,-9.999974966049194336e-01,-9.999994039535522461e-01,-9.999993443489074707e-01,-9.999968409538269043e-01,-9.999992847442626953e-01,9.999992847442626953e-01,-9.999992847442626953e-01,9.999988079071044922e-01,9.999979734420776367e-01,-9.999948740005493164e-01,-9.999201893806457520e-01,-9.999988675117492676e-01,9.999955296516418457e-01,9.999992847442626953e-01,-9.999954104423522949e-01,-9.999982118606567383e-01,-9.999782443046569824e-01,9.999984502792358398e-01,-9.999992847442626953e-01,9.999971985816955566e-01,-9.999989271163940430e-01,-9.999911189079284668e-01,9.999948143959045410e-01,9.999993443489074707e-01,-4.254848062992095947e-01,9.999980926513671875e-01,-9.999988675117492676e-01,9.999991059303283691e-01,-9.999858736991882324e-01,-9.999988079071044922e-01,9.999991655349731445e-01,-9.999986886978149414e-01,-9.999949336051940918e-01,9.999994039535522461e-01,-9.999993443489074707e-01,9.999937415122985840e-01,-9.999982714653015137e-01,9.999992847442626953e-01,-9.999869465827941895e-01,-9.999848604202270508e-01,9.999991059303283691e-01,9.999982714653015137e-01,9.999452233314514160e-01,-9.999986290931701660e-01,-9.999967217445373535e-01,9.999992251396179199e-01,-9.999987483024597168e-01,9.999992251396179199e-01,-9.999989867210388184e-01,-9.999923706054687500e-01,9.999994039535522461e-01,-9.999989867210388184e-01,9.999992251396179199e-01,-9.999992847442626953e-01,-9.999964237213134766e-01,-9.999989271163940430e-01,-9.999992847442626953e-01,9.999974370002746582e-01,9.999991655349731445e-01,-9.999985694885253906e-01,-9.999074935913085938e-01,-9.999973177909851074e-01,9.999917745590209961e-01,-9.999985694885253906e-01
-9.999970793724060059e-01,9.999975562095642090e-01,9.999791979789733887e-01,-9.999971389770507812e-01,-9.999981522560119629e-01,9.999979138374328613e-01,-9.999921321868896484e-01,-9.999983906745910645e-01,9.999957084655761719e-01,-9.999957084655761719e-01,9.999969601631164551e-01,9.999982118606567383e-01,-9.999970197677612305e-01,-9.999970197677612305e-01,-9.999535679817199707e-01,-9.999961853027343750e-01,-9.999964237213134766e-01,9.999979138374328613e-01,-9.999859333038330078e-01,9.999984502792358398e-01,9.999982714653015137e-01,-9.999777674674987793e-01,-9.999971985816955566e-01,-9.999976158142089844e-01,-9.999836087226867676e-01,-9.999983906745910645e-01,9.999976158142089844e-01,9.999982714653015137e-01,-9.999654889106750488e-01,9.999938011169433594e-01,9.999914765357971191e-01,9.999976158142089844e-01,-9.999896883964538574e-01,-9.999960064888000488e-01,9.999948143959045410e-01,9.999787807464599609e-01,-9.999983906745910645e-01,-9.999978542327880859e-01,-9.999887347221374512e-01,9.999980926513671875e-01,-9.999976158142089844e-01,9.999953508377075195e-01,-9.999316334724426270e-01,-9.999979734420776367e-01,-9.999963641166687012e-01,-9.999968409538269043e-01,-9.999638795852661133e-01,-9.999970793724060059e-01,-9.999980926513671875e-01,9.999976754188537598e-01,9.999980330467224121e-01,9.999962449073791504e-01,9.999979138374328613e-01,9.999858736991882324e-01,9.999948143959045410e-01,9.999969005584716797e-01,9.999958276748657227e-01,-9.998381137847900391e-01,-9.999965429306030273e-01,-9.999971985816955566e-01,9.999959468841552734e-01,-9.999982714653015137e-01,-9.999971985816955566e-01,-9.999920725822448730e-01,9.999932050704956055e-01,9.999980926513671875e-01,9.999982714653015137e-01,9.999914765357971191e-01,9.999979138374328613e-01,-9.999979734420776367e-01,9.999979138374328613e-01,-9.999969005584716797e-01,-9.999945759773254395e-01,9.999860525131225586e-01,9.997826218605041504e-01,9.999971389770507812e-01,-9.999877810478210449e-01,-9.999978542327880859e-01,9.999874830245971680e-01,9.999951720237731934e-01,9.999408125877380371e-01,-9.999959468841552734e-01,9.999980926513671875e-01,-9.999924898147583008e-01,9.999971985816955566e-01,9.999760389328002930e-01,-9.999856948852539062e-01,-9.999980330467224121e-01,4.249256849288940430e-01,-9.999948740005493164e-01,9.999969005584716797e-01,-9.999973773956298828e-01,9.999614357948303223e-01,9.999969601631164551e-01,-9.999976158142089844e-01,9.999966025352478027e-01,9.999862909317016602e-01,-9.999983906745910645e-01,9.999980330467224121e-01,-9.999830126762390137e-01,9.999956488609313965e-01,-9.999979138374328613e-01,9.999644160270690918e-01,9.999588727951049805e-01,-9.999976158142089844e-01,-9.999952912330627441e-01,-9.998507499694824219e-01,9.999964833259582520e-01,9.999911189079284668e-01,-9.999976158142089844e-01,9.999967813491821289e-01,-9.999977350234985352e-01,9.999970197677612305e-01,9.999792575836181641e-01,-9.999983310699462891e-01,9.999973773956298828e-01,-9.999979138374328613e-01,9.999979138374328613e-01,9.999905824661254883e-01,9.999970793724060059e-01,9.999981522560119629e-01,-9.999932646751403809e-01,-9.999977946281433105e-01,9.999960660934448242e-01,9.997482895851135254e-01,9.999929666519165039e-01,-9.999778270721435547e-01,9.999960660934448242e-01
9.999971389770507812e-01,-9.999976158142089844e-01,-9.999794960021972656e-01,9.999972581863403320e-01,9.999982714653015137e-01,-9.999979138374328613e-01,9.999922513961791992e-01,9.999983906745910645e-01,-9.999957084655761719e-01,9.999958276748657227e-01,-9.999971389770507812e-01,-9.999982714653015137e-01,9.999970793724060059e-01,9.999969601631164551e-01,9.999542832374572754e-01,9.999961853027343750e-01,9.999964833259582520e-01,-9.999979138374328613e-01,9.999861717224121094e-01,-9.999985098838806152e-01,-9.999983310699462891e-01,9.999781250953674316e-01,9.999971985816955566e-01,9.999976158142089844e-01,9.999837875366210938e-01,9.999984502792358398e-01,-9.999976754188537598e-01,-9.999982714653015137e-01,9.999660849571228027e-01,-9.999939203262329102e-01,-9.999916553497314453e-01,-9.999977350234985352e-01,9.999899268150329590e-01,9.999960660934448242e-01,-9.999948740005493164e-01,-9.999791979789733887e-01,9.999985098838806152e-01,9.999977946281433105e-01,9.999889135360717773e-01,-9.999982714653015137e-01,9.999976158142089844e-01,-9.999953508377075195e-01,9.999326467514038086e-01,9.999981522560119629e-01,9.999965429306030273e-01,9.999969601631164551e-01,9.999644756317138672e-01,9.999970793724060059e-01,9.999980926513671875e-01,-9.999977350234985352e-01,-9.999979734420776367e-01,-9.999961853027343750e-01,-9.999979734420776367e-01,-9.999860525131225586e-01,-9.999949336051940918e-01,-9.999970197677612305e-01,-9.999958872795104980e-01,9.998407363891601562e-01,9.999966025352478027e-01,9.999972581863403320e-01,-9.999961256980895996e-01,9.999983310699462891e-01,9.999972581863403320e-01,9.999920725822448730e-01,-9.999933242797851562e-01,-9.999982714653015137e-01,-9.999983906745910645e-01,-9.999915957450866699e-01,-9.999979734420776367e-01,9.999981522560119629e-01,-9.999979138374328613e-01,9.999969601631164551e-01,9.999946355819702148e-01,-9.999862313270568848e-01,-9.997860193252563477e-01,-9.999971985816955566e-01,9.999880790710449219e-01,9.999979138374328613e-01,-9.999877214431762695e-01,-9.999952316284179688e-01,-9.999416470527648926e-01,9.999960064888000488e-01,-9.999981522560119629e-01,9.999926090240478516e-01,-9.999973177909851074e-01,-9.999763965606689453e-01,9.999859929084777832e-01,9.999982118606567383e-01,-4.249395728111267090e-01,9.999949336051940918e-01,-9.999969601631164551e-01,9.999974370002746582e-01,-9.999620914459228516e-01,-9.999969005584716797e-01,9.999976754188537598e-01,-9.999967217445373535e-01,-9.999865293502807617e-01,9.999983310699462891e-01,-9.999980926513671875e-01,9.999832510948181152e-01,-9.999957084655761719e-01,9.999979734420776367e-01,-9.999649524688720703e-01,-9.999595880508422852e-01,9.999977350234985352e-01,9.999954104423522949e-01,9.998530745506286621e-01,-9.999965429306030273e-01,-9.999912381172180176e-01,9.999976754188537598e-01,-9.999967217445373535e-01,9.999977946281433105e-01,-9.999970793724060059e-01,-9.999796748161315918e-01,9.999984502792358398e-01,-9.999974370002746582e-01,9.999979734420776367e-01,-9.999979138374328613e-01,-9.999907612800598145e-01,-9.999971389770507812e-01,-9.999981522560119629e-01,9.999932646751403809e-01,9.999977946281433105e-01,-9.999961256980895996e-01,-9.997522234916687012e-01,-9.999930858612060547e-01,9.999780654907226562e-01,-9.999962449073791504e-01
-9.999979734420776367e-01,9.999983906745910645e-01,9.999860525131225586e-01,-9.999981522560119629e-01,-9.999987483024597168e-01,9.999986290931701660e-01,-9.999947547912597656e-01,-9.999988675117492676e-01,9.999969601631164551e-01,-9.999971389770507812e-01,9.999979138374328613e-01,9.999987483024597168e-01,-9.999979138374328613e-01,-9.999979138374328613e-01,-9.999690055847167969e-01,-9.999973773956298828e-01,-9.999975562095642090e-01,9.999985694885253906e-01,-9.999905228614807129e-01,9.999989271163940430e-01,9.999988675117492676e-01,-9.999852180480957031e-01,-9.999980926513671875e-01,-9.999983906745910645e-01,-9.999889731407165527e-01,-9.999988675117492676e-01,9.999983310699462891e-01,9.999987483024597168e-01,-9.999769330024719238e-01,9.999958872795104980e-01,9.999942779541015625e-01,9.999983906745910645e-01,-9.999931454658508301e-01,-9.999972581863403320e-01,9.999964237213134766e-01,9.999858140945434570e-01,-9.999989271163940430e-01,-9.999984502792358398e-01,-9.999924302101135254e-01,9.999987483024597168e-01,-9.999983906745910645e-01,9.999968409538269043e-01,-9.999542236328125000e-01,-9.999986290931701660e-01,-9.999975562095642090e-01,-9.999979138374328613e-01,-9.999758005142211914e-01,-9.999980330467224121e-01,-9.999986290931701660e-01,9.999985098838806152e-01,9.999986290931701660e-01,9.999974370002746582e-01,9.999986290931701660e-01,9.999904632568359375e-01,9.999964237213134766e-01,9.999979138374328613e-01,9.999971389770507812e-01,-9.998917579650878906e-01,-9.999976158142089844e-01,-9.999982118606567383e-01,9.999973177909851074e-01,-9.999988079071044922e-01,-9.999981522560119629e-01,-9.999946355819702148e-01,9.999954700469970703e-01,9.999987483024597168e-01,9.999988079071044922e-01,9.999942183494567871e-01,9.999986290931701660e-01,-9.999985694885253906e-01,9.999985098838806152e-01,-9.999979138374328613e-01,-9.999963045120239258e-01,9.999906420707702637e-01,9.998547434806823730e-01,9.999980926513671875e-01,-9.999918341636657715e-01,-9.999985098838806152e-01,9.999916553497314453e-01,9.999967217445373535e-01,9.999603629112243652e-01,-9.999973177909851074e-01,9.999987483024597168e-01,-9.999949932098388672e-01,9.999982118606567383e-01,9.999839067459106445e-01,-9.999904632568359375e-01,-9.999986886978149414e-01,4.252186417579650879e-01,-9.999965429306030273e-01,9.999979138374328613e-01,-9.999982714653015137e-01,9.999742507934570312e-01,9.999979138374328613e-01,-9.999984502792358398e-01,9.999977350234985352e-01,9.999908804893493652e-01,-9.999988675117492676e-01,9.999986290931701660e-01,-9.999886751174926758e-01,9.999970197677612305e-01,-9.999986290931701660e-01,9.999762773513793945e-01,9.999725222587585449e-01,-9.999983310699462891e-01,-9.999968409538269043e-01,-9.999002218246459961e-01,9.999975562095642090e-01,9.999939799308776855e-01,-9.999983906745910645e-01,9.999977946281433105e-01,-9.999983906745910645e-01,9.999980330467224121e-01,9.999861717224121094e-01,-9.999988675117492676e-01,9.999982118606567383e-01,-9.999986290931701660e-01,9.999985694885253906e-01,9.999936223030090332e-01,9.999980330467224121e-01,9.999986886978149414e-01,-9.999954104423522949e-01,-9.999984502792358398e-01,9.999973773956298828e-01,9.998317956924438477e-01,9.999952316284179688e-01,-9.999851584434509277e-01,9.999973773956298828e-01
-9.999988079071044922e-01,9.999989867210388184e-01,9.999915361404418945e-01,-9.999988675117492676e-01,-9.999992251396179199e-01,9.999992251396179199e-01,-9.999967217445373535e-01,-9.999992847442626953e-01,9.999982118606567383e-01,-9.999982714653015137e-01,9.999987483024597168e-01,9.999993443489074707e-01,-9.999986886978149414e-01,-9.999988079071044922e-01,-9.999811649322509766e-01,-9.999983906745910645e-01,-9.999985098838806152e-01,9.999991655349731445e-01,-9.999942183494567871e-01,9.999993443489074707e-01,9.999993443489074707e-01,-9.999909996986389160e-01,-9.999988675117492676e-01,-9.999991059303283691e-01,-9.999933838844299316e-01,-9.999993443489074707e-01,9.999989867210388184e-01,9.999993443489074707e-01,-9.999860525131225586e-01,9.999974370002746582e-01,9.999964833259582520e-01,9.999991059303283691e-01,-9.999958276748657227e-01,-9.999982714653015137e-01,9.999979138374328613e-01,9.999913573265075684e-01,-9.999994039535522461e-01,-9.999991655349731445e-01,-9.999953508377075195e-01,9.999993443489074707e-01,-9.999991059303283691e-01,9.999980926513671875e-01,-9.999722838401794434e-01,-9.999992251396179199e-01,-9.999985098838806152e-01,-9.999987483024597168e-01,-9.999853372573852539e-01,-9.999988079071044922e-01,-9.999992847442626953e-01,9.999990463256835938e-01,9.999992251396179199e-01,9.999983906745910645e-01,9.999992251396179199e-01,9.999942779541015625e-01,9.999977946281433105e-01,9.999987483024597168e-01,9.999983310699462891e-01,-9.999341964721679688e-01,-9.999985098838806152e-01,-9.999989271163940430e-01,9.999983310699462891e-01,-9.999992847442626953e-01,-9.999988675117492676e-01,-9.999967217445373535e-01,9.999971985816955566e-01,9.999993443489074707e-01,9.999992847442626953e-01,9.999963641166687012e-01,9.999992251396179199e-01,-9.999991655349731445e-01,9.999992251396179199e-01,-9.999987483024597168e-01,-9.999977946281433105e-01,9.999943375587463379e-01,9.999116659164428711e-01,9.999988675117492676e-01,-9.999950528144836426e-01,-9.999991655349731445e-01,9.999949932098388672e-01,9.999979734420776367e-01,9.999759197235107422e-01,-9.999983310699462891e-01,9.999992847442626953e-01,-9.999968409538269043e-01,9.999988079071044922e-01,9.999901652336120605e-01,-9.999941587448120117e-01,-9.999992251396179199e-01,4.254501760005950928e-01,-9.999978542327880859e-01,9.999987483024597168e-01,-9.999988675117492676e-01,9.999843239784240723e-01,9.999986886978149414e-01,-9.999991059303283691e-01,9.999986290931701660e-01,9.999944567680358887e-01,-9.999993443489074707e-01,9.999992847442626953e-01,-9.999930858612060547e-01,9.999982118606567383e-01,-9.999992251396179199e-01,9.999854564666748047e-01,9.999833106994628906e-01,-9.999991059303283691e-01,-9.999979734420776367e-01,-9.999393820762634277e-01,9.999985098838806152e-01,9.999963641166687012e-01,-9.999989867210388184e-01,9.999986290931701660e-01,-9.999991059303283691e-01,9.999988079071044922e-01,9.999916553497314453e-01,-9.999993443489074707e-01,9.999989271163940430e-01,-9.999991655349731445e-01,9.999992251396179199e-01,9.999960064888000488e-01,9.999988079071044922e-01,9.999992847442626953e-01,-9.999971985816955566e-01,-9.999990463256835938e-01,9.999983906745910645e-01,9.998975992202758789e-01,9.999970197677612305e-01,-9.999909996986389160e-01,9.999983906745910645e-01
