9.999983310699462891e-01,-9.999987483024597168e-01,-9.999939203262329102e-01,9.999978542327880859e-01,9.999988079071044922e-01,-9.999987483024597168e-01,9.999955892562866211e-01,9.999991059303283691e-01,-9.999969005584716797e-01,9.999982714653015137e-01,-9.999987483024597168e-01,-9.999988079071044922e-01,9.999980330467224121e-01,9.999984502792358398e-01,9.999930858612060547e-01,9.999959468841552734e-01,9.999973177909851074e-01,-9.999982714653015137e-01,9.999930262565612793e-01,-9.999991059303283691e-01,-9.999989271163940430e-01,9.999932050704956055e-01,9.999985694885253906e-01,9.999980330467224121e-01,9.999886751174926758e-01,9.999988675117492676e-01,-9.999982118606567383e-01,-9.999989271163940430e-01,9.999899864196777344e-01,-9.999961853027343750e-01,-9.999918341636657715e-01,-9.999982714653015137e-01,9.999874234199523926e-01,9.999959468841552734e-01,-9.999979138374328613e-01,9.999561905860900879e-01,9.999990463256835938e-01,9.999985694885253906e-01,9.999904632568359375e-01,-9.999988675117492676e-01,9.999986290931701660e-01,-9.999766349792480469e-01,9.999818801879882812e-01,9.999988675117492676e-01,9.999983310699462891e-01,9.999982118606567383e-01,-9.999933838844299316e-01,9.999985098838806152e-01,9.999987483024597168e-01,-9.999985098838806152e-01,-9.999988675117492676e-01,-9.999983906745910645e-01,-9.999988675117492676e-01,-9.999929666519165039e-01,-9.999983906745910645e-01,-9.999982714653015137e-01,-9.999935030937194824e-01,9.999820590019226074e-01,9.999964833259582520e-01,9.999982714653015137e-01,-9.999984502792358398e-01,9.999989271163940430e-01,9.999983906745910645e-01,9.999953508377075195e-01,-9.999950528144836426e-01,-9.999987483024597168e-01,-9.999991059303283691e-01,-9.999959468841552734e-01,-9.999989867210388184e-01,9.999985098838806152e-01,-9.999987483024597168e-01,9.999975562095642090e-01,9.999747872352600098e-01,-9.999936223030090332e-01,-9.999804496765136719e-01,-9.999983310699462891e-01,9.999921917915344238e-01,9.999987483024597168e-01,-9.999945759773254395e-01,-9.999958872795104980e-01,9.999832510948181152e-01,9.999976754188537598e-01,-9.999988079071044922e-01,9.999979734420776367e-01,-9.999982714653015137e-01,-9.999887347221374512e-01,9.999762177467346191e-01,9.999988675117492676e-01,9.999889731407165527e-01,-7.769148945808410645e-01,-9.999958276748657227e-01,9.999983906745910645e-01,-9.999843835830688477e-01,-9.999975562095642090e-01,9.999980330467224121e-01,-9.999977946281433105e-01,-9.999895095825195312e-01,9.999990463256835938e-01,-9.999988079071044922e-01,9.999965429306030273e-01,-9.999966621398925781e-01,9.999988675117492676e-01,-9.997310042381286621e-01,9.999114871025085449e-01,9.999987483024597168e-01,9.999970793724060059e-01,-9.999813437461853027e-01,-9.999983906745910645e-01,-9.999936819076538086e-01,9.999983906745910645e-01,-9.999985098838806152e-01,9.999979138374328613e-01,-9.999984502792358398e-01,-9.999490976333618164e-01,9.999990463256835938e-01,-9.999975562095642090e-01,9.999989271163940430e-01,-9.999981522560119629e-01,-9.999951720237731934e-01,-9.999975562095642090e-01,-9.999988079071044922e-01,9.999964237213134766e-01,9.999981522560119629e-01,-9.999975562095642090e-01,-9.999905824661254883e-01,-9.999952912330627441e-01,9.999894499778747559e-01,-9.999946951866149902e-01
-9.999987483024597168e-01,9.999989271163940430e-01,9.999951124191284180e-01,-9.999982118606567383e-01,-9.999992251396179199e-01,9.999991655349731445e-01,-9.999963641166687012e-01,-9.999992251396179199e-01,9.999974966049194336e-01,-9.999986290931701660e-01,9.999990463256835938e-01,9.999991655349731445e-01,-9.999983906745910645e-01,-9.999987483024597168e-01,-9.999943971633911133e-01,-9.999966025352478027e-01,-9.999977946281433105e-01,9.999986290931701660e-01,-9.999942183494567871e-01,9.999993443489074707e-01,9.999991655349731445e-01,-9.999943971633911133e-01,-9.999988079071044922e-01,-9.999985098838806152e-01,-9.999906420707702637e-01,-9.999991655349731445e-01,9.999985694885253906e-01,9.999992251396179199e-01,-9.999917745590209961e-01,9.999968409538269043e-01,9.999933242797851562e-01,9.999986886978149414e-01,-9.999896287918090820e-01,-9.999966025352478027e-01,9.999982714653015137e-01,-9.999639391899108887e-01,-9.999992847442626953e-01,-9.999988079071044922e-01,-9.999922513961791992e-01,9.999991059303283691e-01,-9.999988675117492676e-01,9.999808669090270996e-01,-9.999850988388061523e-01,-9.999991655349731445e-01,-9.999986290931701660e-01,-9.999985098838806152e-01,9.999946355819702148e-01,-9.999988079071044922e-01,-9.999989867210388184e-01,9.999987483024597168e-01,9.999990463256835938e-01,9.999987483024597168e-01,9.999991059303283691e-01,9.999942779541015625e-01,9.999986886978149414e-01,9.999985694885253906e-01,9.999946355819702148e-01,-9.999852180480957031e-01,-9.999971389770507812e-01,-9.999985694885253906e-01,9.999986886978149414e-01,-9.999991655349731445e-01,-9.999986886978149414e-01,-9.999961853027343750e-01,9.999959468841552734e-01,9.999991059303283691e-01,9.999992847442626953e-01,9.999966621398925781e-01,9.999991655349731445e-01,-9.999987483024597168e-01,9.999991655349731445e-01,-9.999980330467224121e-01,-9.999791979789733887e-01,9.999947547912597656e-01,9.999839663505554199e-01,9.999986886978149414e-01,-9.999935626983642578e-01,-9.999989867210388184e-01,9.999956488609313965e-01,9.999964833259582520e-01,-9.999862909317016602e-01,-9.999980926513671875e-01,9.999991059303283691e-01,-9.999983906745910645e-01,9.999986886978149414e-01,9.999907612800598145e-01,-9.999805092811584473e-01,-9.999991655349731445e-01,-9.999909996986389160e-01,7.770899534225463867e-01,9.999966025352478027e-01,-9.999986290931701660e-01,9.999871253967285156e-01,9.999979734420776367e-01,-9.999983310699462891e-01,9.999982714653015137e-01,9.999914169311523438e-01,-9.999992251396179199e-01,9.999991655349731445e-01,-9.999971389770507812e-01,9.999972581863403320e-01,-9.999991059303283691e-01,9.997785687446594238e-01,-9.999271631240844727e-01,-9.999989271163940430e-01,-9.999976754188537598e-01,9.999846816062927246e-01,9.999987483024597168e-01,9.999947547912597656e-01,-9.999987483024597168e-01,9.999987483024597168e-01,-9.999983906745910645e-01,9.999986886978149414e-01,9.999580383300781250e-01,-9.999992251396179199e-01,9.999980330467224121e-01,-9.999992251396179199e-01,9.999985694885253906e-01,9.999959468841552734e-01,9.999980330467224121e-01,9.999989867210388184e-01,-9.999971389770507812e-01,-9.999983906745910645e-01,9.999979734420776367e-01,9.999922513961791992e-01,9.999960660934448242e-01,-9.999913573265075684e-01,9.999956488609313965e-01
-9.999939203262329102e-01,9.999951124191284180e-01,9.999781250953674316e-01,-9.999922513961791992e-01,-9.999959468841552734e-01,9.999955892562866211e-01,-9.999839067459106445e-01,-9.999963045120239258e-01,9.999889135360717773e-01,-9.999936819076538086e-01,9.999955296516418457e-01,9.999959468841552734e-01,-9.999928474426269531e-01,-9.999945163726806641e-01,-9.999749064445495605e-01,-9.999851584434509277e-01,-9.999904036521911621e-01,9.999936819076538086e-01,-9.999743103981018066e-01,9.999966025352478027e-01,9.999961853027343750e-01,-9.999750256538391113e-01,-9.999948740005493164e-01,-9.999929666519165039e-01,-9.999583363533020020e-01,-9.999961853027343750e-01,9.999936223030090332e-01,9.999959468841552734e-01,-9.999631643295288086e-01,9.999858140945434570e-01,9.999703764915466309e-01,9.999938011169433594e-01,-9.999537467956542969e-01,-9.999850392341613770e-01,9.999923706054687500e-01,-9.998396635055541992e-01,-9.999963045120239258e-01,-9.999948143959045410e-01,-9.999650120735168457e-01,9.999958872795104980e-01,-9.999951124191284180e-01,9.999142885208129883e-01,-9.999334812164306641e-01,-9.999960660934448242e-01,-9.999939203262329102e-01,-9.999935626983642578e-01,9.999760985374450684e-01,-9.999945759773254395e-01,-9.999955296516418457e-01,9.999945759773254395e-01,9.999956488609313965e-01,9.999941587448120117e-01,9.999958872795104980e-01,9.999746084213256836e-01,9.999940395355224609e-01,9.999934434890747070e-01,9.999758601188659668e-01,-9.999341964721679688e-01,-9.999872446060180664e-01,-9.999936819076538086e-01,9.999943375587463379e-01,-9.999961256980895996e-01,-9.999941587448120117e-01,-9.999832510948181152e-01,9.999820590019226074e-01,9.999957084655761719e-01,9.999964833259582520e-01,9.999853968620300293e-01,9.999961853027343750e-01,-9.999945759773254395e-01,9.999955892562866211e-01,-9.999911785125732422e-01,-9.999073743820190430e-01,9.999765753746032715e-01,9.999283552169799805e-01,9.999940395355224609e-01,-9.999714493751525879e-01,-9.999954104423522949e-01,9.999801516532897949e-01,9.999850392341613770e-01,-9.999385476112365723e-01,-9.999916553497314453e-01,9.999957680702209473e-01,-9.999929666519165039e-01,9.999938011169433594e-01,9.999586939811706543e-01,-9.999126791954040527e-01,-9.999960660934448242e-01,-9.999596476554870605e-01,7.742843031883239746e-01,9.999846220016479492e-01,-9.999940991401672363e-01,9.999426007270812988e-01,9.999911785125732422e-01,-9.999927878379821777e-01,9.999920725822448730e-01,9.999614357948303223e-01,-9.999963045120239258e-01,9.999956488609313965e-01,-9.999874830245971680e-01,9.999880790710449219e-01,-9.999957680702209473e-01,9.990150332450866699e-01,-9.996758699417114258e-01,-9.999951124191284180e-01,-9.999895095825195312e-01,9.999313354492187500e-01,9.999942183494567871e-01,9.999767541885375977e-01,-9.999945163726806641e-01,9.999946355819702148e-01,-9.999928474426269531e-01,9.999939799308776855e-01,9.998132586479187012e-01,-9.999964833259582520e-01,9.999911189079284668e-01,-9.999961853027343750e-01,9.999933242797851562e-01,9.999822378158569336e-01,9.999910593032836914e-01,9.999952912330627441e-01,-9.999874234199523926e-01,-9.999933242797851562e-01,9.999909400939941406e-01,9.999654889106750488e-01,9.999827146530151367e-01,-9.999614953994750977e-01,9.999802112579345703e-01
9.999978542327880859e-01,-9.999982118606567383e-01,-9.999922513961791992e-01,9.999971985816955566e-01,9.999985694885253906e-01,-9.999983906745910645e-01,9.999943375587463379e-01,9.999987483024597168e-01,-9.999960064888000488e-01,9.999977350234985352e-01,-9.999983906745910645e-01,-9.999985098838806152e-01,9.999974370002746582e-01,9.999980330467224121e-01,9.999910593032836914e-01,9.999947547912597656e-01,9.999966621398925781e-01,-9.999977350234985352e-01,9.999908804893493652e-01,-9.999988079071044922e-01,-9.999986290931701660e-01,9.999912381172180176e-01,9.999981522560119629e-01,9.999975562095642090e-01,9.999852776527404785e-01,9.999986290931701660e-01,-9.999976754188537598e-01,-9.999986290931701660e-01,9.999869465827941895e-01,-9.999950528144836426e-01,-9.999895095825195312e-01,-9.999978542327880859e-01,9.999836683273315430e-01,9.999948143959045410e-01,-9.999973177909851074e-01,9.999431967735290527e-01,9.999987483024597168e-01,9.999981522560119629e-01,9.999877214431762695e-01,-9.999985098838806152e-01,9.999983310699462891e-01,-9.999698400497436523e-01,9.999765753746032715e-01,9.999985694885253906e-01,9.999977946281433105e-01,9.999976754188537598e-01,-9.999915361404418945e-01,9.999980926513671875e-01,9.999983906745910645e-01,-9.999980330467224121e-01,-9.999985098838806152e-01,-9.999979734420776367e-01,-9.999985098838806152e-01,-9.999909996986389160e-01,-9.999979138374328613e-01,-9.999976754188537598e-01,-9.999914765357971191e-01,9.999767541885375977e-01,9.999955296516418457e-01,9.999978542327880859e-01,-9.999979734420776367e-01,9.999986886978149414e-01,9.999979138374328613e-01,9.999940395355224609e-01,-9.999936819076538086e-01,-9.999985098838806152e-01,-9.999987483024597168e-01,-9.999948143959045410e-01,-9.999986290931701660e-01,9.999980330467224121e-01,-9.999985098838806152e-01,9.999968409538269043e-01,9.999672174453735352e-01,-9.999917149543762207e-01,-9.999746680259704590e-01,-9.999979138374328613e-01,9.999899268150329590e-01,9.999983310699462891e-01,-9.999929666519165039e-01,-9.999946355819702148e-01,9.999783039093017578e-01,9.999970793724060059e-01,-9.999984502792358398e-01,9.999974370002746582e-01,-9.999978542327880859e-01,-9.999853968620300293e-01,9.999693036079406738e-01,9.999986290931701660e-01,9.999857544898986816e-01,-7.766211628913879395e-01,-9.999945759773254395e-01,9.999978542327880859e-01,-9.999797344207763672e-01,-9.999968409538269043e-01,9.999974370002746582e-01,-9.999971389770507812e-01,-9.999864101409912109e-01,9.999986886978149414e-01,-9.999985098838806152e-01,9.999955296516418457e-01,-9.999958276748657227e-01,9.999985098838806152e-01,-9.996512532234191895e-01,9.998852610588073730e-01,9.999982714653015137e-01,9.999963641166687012e-01,-9.999757409095764160e-01,-9.999979138374328613e-01,-9.999918341636657715e-01,9.999979734420776367e-01,-9.999980926513671875e-01,9.999973773956298828e-01,-9.999979138374328613e-01,-9.999338984489440918e-01,9.999987483024597168e-01,-9.999967813491821289e-01,9.999986290931701660e-01,-9.999976158142089844e-01,-9.999937415122985840e-01,-9.999967813491821289e-01,-9.999983310699462891e-01,9.999954700469970703e-01,9.999975562095642090e-01,-9.999967217445373535e-01,-9.999878406524658203e-01,-9.999938607215881348e-01,9.999864101409912109e-01,-9.999930858612060547e-01
9.999988079071044922e-01,-9.999992251396179199e-01,-9.999959468841552734e-01,9.999985694885253906e-01,9.999992251396179199e-01,-9.999992251396179199e-01,9.999969601631164551e-01,9.999994039535522461e-01,-9.999979138374328613e-01,9.999988079071044922e-01,-9.999992251396179199e-01,-9.999992847442626953e-01,9.999986886978149414e-01,9.999989867210388184e-01,9.999953508377075195e-01,9.999973177909851074e-01,9.999982118606567383e-01,-9.999988079071044922e-01,9.999953508377075195e-01,-9.999994635581970215e-01,-9.999992847442626953e-01,9.999954700469970703e-01,9.999991059303283691e-01,9.999986886978149414e-01,9.999924302101135254e-01,9.999992847442626953e-01,-9.999987483024597168e-01,-9.999992847442626953e-01,9.999933242797851562e-01,-9.999973773956298828e-01,-9.999945163726806641e-01,-9.999988675117492676e-01,9.999915361404418945e-01,9.999972581863403320e-01,-9.999986290931701660e-01,9.999708533287048340e-01,9.999993443489074707e-01,9.999991059303283691e-01,9.999936223030090332e-01,-9.999992847442626953e-01,9.999991655349731445e-01,-9.999844431877136230e-01,9.999879002571105957e-01,9.999992847442626953e-01,9.999988079071044922e-01,9.999987483024597168e-01,-9.999955892562866211e-01,9.999990463256835938e-01,9.999992251396179199e-01,-9.999989271163940430e-01,-9.999992251396179199e-01,-9.999989271163940430e-01,-9.999992847442626953e-01,-9.999952912330627441e-01,-9.999988675117492676e-01,-9.999987483024597168e-01,-9.999956488609313965e-01,9.999880194664001465e-01,9.999976158142089844e-01,9.999988675117492676e-01,-9.999989271163940430e-01,9.999993443489074707e-01,9.999988675117492676e-01,9.999969005584716797e-01,-9.999966025352478027e-01,-9.999991655349731445e-01,-9.999993443489074707e-01,-9.999973177909851074e-01,-9.999993443489074707e-01,9.999990463256835938e-01,-9.999992251396179199e-01,9.999982714653015137e-01,9.999831914901733398e-01,-9.999957084655761719e-01,-9.999870061874389648e-01,-9.999988675117492676e-01,9.999947547912597656e-01,9.999992251396179199e-01,-9.999964237213134766e-01,-9.999971389770507812e-01,9.999888539314270020e-01,9.999985694885253906e-01,-9.999992847442626953e-01,9.999986290931701660e-01,-9.999989271163940430e-01,-9.999924898147583008e-01,9.999841451644897461e-01,9.999992251396179199e-01,9.999926686286926270e-01,-7.772450447082519531e-01,-9.999971389770507812e-01,9.999989271163940430e-01,-9.999895095825195312e-01,-9.999983906745910645e-01,9.999986886978149414e-01,-9.999985098838806152e-01,-9.999930262565612793e-01,9.999993443489074707e-01,-9.999992251396179199e-01,9.999976754188537598e-01,-9.999977946281433105e-01,9.999992847442626953e-01,-9.998205900192260742e-01,9.999409914016723633e-01,9.999991655349731445e-01,9.999979734420776367e-01,-9.999875426292419434e-01,-9.999989271163940430e-01,-9.999957680702209473e-01,9.999990463256835938e-01,-9.999990463256835938e-01,9.999986886978149414e-01,-9.999989271163940430e-01,-9.999659657478332520e-01,9.999994039535522461e-01,-9.999982714653015137e-01,9.999992847442626953e-01,-9.999987483024597168e-01,-9.999967217445373535e-01,-9.999984502792358398e-01,-9.999991655349731445e-01,9.999976158142089844e-01,9.999987483024597168e-01,-9.999983310699462891e-01,-9.999937415122985840e-01,-9.999967217445373535e-01,9.999930262565612793e-01,-9.999963641166687012e-01
-9.999987483024597168e-01,9.999991655349731445e-01,9.999955892562866211e-01,-9.999983906745910645e-01,-9.999992251396179199e-01,9.999992847442626953e-01,-9.999967217445373535e-01,-9.999994039535522461e-01,9.999977350234985352e-01,-9.999988079071044922e-01,9.999992251396179199e-01,9.999992251396179199e-01,-9.999985694885253906e-01,-9.999988675117492676e-01,-9.999948740005493164e-01,-9.999970793724060059e-01,-9.999981522560119629e-01,9.999987483024597168e-01,-9.999948143959045410e-01,9.999993443489074707e-01,9.999992847442626953e-01,-9.999949336051940918e-01,-9.999989271163940430e-01,-9.999985694885253906e-01,-9.999915957450866699e-01,-9.999992847442626953e-01,9.999986290931701660e-01,9.999992847442626953e-01,-9.999926090240478516e-01,9.999971985816955566e-01,9.999940395355224609e-01,9.999988079071044922e-01,-9.999907016754150391e-01,-9.999969601631164551e-01,9.999984502792358398e-01,-9.999676942825317383e-01,-9.999992847442626953e-01,-9.999989271163940430e-01,-9.999930262565612793e-01,9.999992847442626953e-01,-9.999991655349731445e-01,9.999827146530151367e-01,-9.999865889549255371e-01,-9.999993443489074707e-01,-9.999987483024597168e-01,-9.999986886978149414e-01,9.999951720237731934e-01,-9.999989271163940430e-01,-9.999991655349731445e-01,9.999988675117492676e-01,9.999992251396179199e-01,9.999988675117492676e-01,9.999992251396179199e-01,9.999948740005493164e-01,9.999988079071044922e-01,9.999986886978149414e-01,9.999951720237731934e-01,-9.999867677688598633e-01,-9.999973773956298828e-01,-9.999987483024597168e-01,9.999988675117492676e-01,-9.999992847442626953e-01,-9.999988079071044922e-01,-9.999965429306030273e-01,9.999963641166687012e-01,9.999991655349731445e-01,9.999993443489074707e-01,9.999970197677612305e-01,9.999992847442626953e-01,-9.999988675117492676e-01,9.999991655349731445e-01,-9.999982118606567383e-01,-9.999814033508300781e-01,9.999952912330627441e-01,9.999855756759643555e-01,9.999988675117492676e-01,-9.999942183494567871e-01,-9.999991059303283691e-01,9.999960660934448242e-01,9.999969601631164551e-01,-9.999877214431762695e-01,-9.999983906745910645e-01,9.999991655349731445e-01,-9.999985098838806152e-01,9.999988079071044922e-01,9.999916553497314453e-01,-9.999824762344360352e-01,-9.999992251396179199e-01,-9.999919533729553223e-01,7.771729230880737305e-01,9.999969601631164551e-01,-9.999988079071044922e-01,9.999884366989135742e-01,9.999983310699462891e-01,-9.999985098838806152e-01,9.999983906745910645e-01,9.999922513961791992e-01,-9.999992847442626953e-01,9.999992847442626953e-01,-9.999974370002746582e-01,9.999975562095642090e-01,-9.999992251396179199e-01,9.998011589050292969e-01,-9.999346137046813965e-01,-9.999991655349731445e-01,-9.999978542327880859e-01,9.999861717224121094e-01,9.999988079071044922e-01,9.999954104423522949e-01,-9.999988079071044922e-01,9.999989867210388184e-01,-9.999985098838806152e-01,9.999988079071044922e-01,9.999623298645019531e-01,-9.999992847442626953e-01,9.999981522560119629e-01,-9.999992847442626953e-01,9.999986886978149414e-01,9.999963641166687012e-01,9.999982714653015137e-01,9.999992251396179199e-01,-9.999974370002746582e-01,-9.999986290931701660e-01,9.999981522560119629e-01,9.999931454658508301e-01,9.999964833259582520e-01,-9.999922513961791992e-01,9.999960660934448242e-01
9.999955892562866211e-01,-9.999963641166687012e-01,-9.999839067459106445e-01,9.999943375587463379e-01,9.999969601631164551e-01,-9.999967217445373535e-01,9.999881982803344727e-01,9.999973773956298828e-01,-9.999918341636657715e-01,9.999954104423522949e-01,-9.999966025352478027e-01,-9.999969601631164551e-01,9.999947547912597656e-01,9.999958872795104980e-01,9.999815821647644043e-01,9.999891519546508789e-01,9.999929666519165039e-01,-9.999952912330627441e-01,9.999811649322509766e-01,-9.999974966049194336e-01,-9.999971389770507812e-01,9.999817013740539551e-01,9.999961853027343750e-01,9.999948143959045410e-01,9.999694228172302246e-01,9.999970793724060059e-01,-9.999951720237731934e-01,-9.999969601631164551e-01,9.999729990959167480e-01,-9.999896287918090820e-01,-9.999781847000122070e-01,-9.999954104423522949e-01,9.999660253524780273e-01,9.999890327453613281e-01,-9.999945163726806641e-01,9.998824000358581543e-01,9.999972581863403320e-01,9.999960064888000488e-01,9.999743700027465820e-01,-9.999969601631164551e-01,9.999962449073791504e-01,-9.999371767044067383e-01,9.999511241912841797e-01,9.999970197677612305e-01,9.999954700469970703e-01,9.999952316284179688e-01,-9.999824166297912598e-01,9.999959468841552734e-01,9.999966025352478027e-01,-9.999959468841552734e-01,-9.999967217445373535e-01,-9.999957084655761719e-01,-9.999968409538269043e-01,-9.999812245368957520e-01,-9.999956488609313965e-01,-9.999951124191284180e-01,-9.999821782112121582e-01,9.999517202377319336e-01,9.999906420707702637e-01,9.999953508377075195e-01,-9.999957680702209473e-01,9.999971389770507812e-01,9.999957084655761719e-01,9.999877214431762695e-01,-9.999868273735046387e-01,-9.999967813491821289e-01,-9.999973773956298828e-01,-9.999892115592956543e-01,-9.999971389770507812e-01,9.999958276748657227e-01,-9.999967217445373535e-01,9.999935030937194824e-01,9.999321103096008301e-01,-9.999827742576599121e-01,-9.999474883079528809e-01,-9.999955296516418457e-01,9.999790191650390625e-01,9.999966025352478027e-01,-9.999853968620300293e-01,-9.999889731407165527e-01,9.999548792839050293e-01,9.999938607215881348e-01,-9.999967813491821289e-01,9.999948143959045410e-01,-9.999954104423522949e-01,-9.999697804450988770e-01,9.999359846115112305e-01,9.999970197677612305e-01,9.999703764915466309e-01,-7.752481698989868164e-01,-9.999887347221374512e-01,9.999956488609313965e-01,-9.999578595161437988e-01,-9.999934434890747070e-01,9.999947547912597656e-01,-9.999941587448120117e-01,-9.999718070030212402e-01,9.999973177909851074e-01,-9.999966621398925781e-01,9.999908208847045898e-01,-9.999911785125732422e-01,9.999967813491821289e-01,-9.992778301239013672e-01,9.997624754905700684e-01,9.999963641166687012e-01,9.999923110008239746e-01,-9.999496340751647949e-01,-9.999957680702209473e-01,-9.999828934669494629e-01,9.999958872795104980e-01,-9.999958872795104980e-01,9.999946951866149902e-01,-9.999955892562866211e-01,-9.998630881309509277e-01,9.999973177909851074e-01,-9.999933838844299316e-01,9.999971389770507812e-01,-9.999950528144836426e-01,-9.999868869781494141e-01,-9.999934434890747070e-01,-9.999965429306030273e-01,9.999907016754150391e-01,9.999949932098388672e-01,-9.999933242797851562e-01,-9.999746084213256836e-01,-9.999872446060180664e-01,9.999716877937316895e-01,-9.999853968620300293e-01
9.999991059303283691e-01,-9.999992251396179199e-01,-9.999963045120239258e-01,9.999987483024597168e-01,9.999994039535522461e-01,-9.999994039535522461e-01,9.999973773956298828e-01,9.999994635581970215e-01,-9.999982118606567383e-01,9.999989867210388184e-01,-9.999994039535522461e-01,-9.999994039535522461e-01,9.999988675117492676e-01,9.999991655349731445e-01,9.999958872795104980e-01,9.999975562095642090e-01,9.999984502792358398e-01,-9.999989271163940430e-01,9.999958276748657227e-01,-9.999994635581970215e-01,-9.999994039535522461e-01,9.999959468841552734e-01,9.999991059303283691e-01,9.999988675117492676e-01,9.999933242797851562e-01,9.999993443489074707e-01,-9.999989271163940430e-01,-9.999993443489074707e-01,9.999939799308776855e-01,-9.999976754188537598e-01,-9.999951720237731934e-01,-9.999990463256835938e-01,9.999924302101135254e-01,9.999974966049194336e-01,-9.999987483024597168e-01,9.999741911888122559e-01,9.999994635581970215e-01,9.999992251396179199e-01,9.999943375587463379e-01,-9.999993443489074707e-01,9.999992251396179199e-01,-9.999862909317016602e-01,9.999892711639404297e-01,9.999994039535522461e-01,9.999990463256835938e-01,9.999989271163940430e-01,-9.999960660934448242e-01,9.999991655349731445e-01,9.999992251396179199e-01,-9.999991655349731445e-01,-9.999994039535522461e-01,-9.999991059303283691e-01,-9.999993443489074707e-01,-9.999958276748657227e-01,-9.999991059303283691e-01,-9.999989271163940430e-01,-9.999960660934448242e-01,9.999893903732299805e-01,9.999978542327880859e-01,9.999989867210388184e-01,-9.999990463256835938e-01,9.999994039535522461e-01,9.999991059303283691e-01,9.999972581863403320e-01,-9.999970197677612305e-01,-9.999992847442626953e-01,-9.999994039535522461e-01,-9.999976158142089844e-01,-9.999993443489074707e-01,9.999991655349731445e-01,-9.999994039535522461e-01,9.999985098838806152e-01,9.999850988388061523e-01,-9.999961853027343750e-01,-9.999884963035583496e-01,-9.999991059303283691e-01,9.999953508377075195e-01,9.999994039535522461e-01,-9.999968409538269043e-01,-9.999974966049194336e-01,9.999901056289672852e-01,9.999986290931701660e-01,-9.999993443489074707e-01,9.999988079071044922e-01,-9.999990463256835938e-01,-9.999933242797851562e-01,9.999859333038330078e-01,9.999994039535522461e-01,9.999935030937194824e-01,-7.773206830024719238e-01,-9.999974966049194336e-01,9.999991059303283691e-01,-9.999907612800598145e-01,-9.999985694885253906e-01,9.999988079071044922e-01,-9.999986290931701660e-01,-9.999938011169433594e-01,9.999994635581970215e-01,-9.999993443489074707e-01,9.999979138374328613e-01,-9.999980330467224121e-01,9.999993443489074707e-01,-9.998410940170288086e-01,9.999477267265319824e-01,9.999992251396179199e-01,9.999982714653015137e-01,-9.999889731407165527e-01,-9.999992251396179199e-01,-9.999961853027343750e-01,9.999991655349731445e-01,-9.999991655349731445e-01,9.999988079071044922e-01,-9.999990463256835938e-01,-9.999699592590332031e-01,9.999994635581970215e-01,-9.999985694885253906e-01,9.999993443489074707e-01,-9.999989271163940430e-01,-9.999970793724060059e-01,-9.999986290931701660e-01,-9.999992847442626953e-01,9.999978542327880859e-01,9.999988675117492676e-01,-9.999985098838806152e-01,-9.999944567680358887e-01,-9.999971985816955566e-01,9.999938011169433594e-01,-9.999967813491821289e-01
-9.999969005584716797e-01,9.999974966049194336e-01,9.999889135360717773e-01,-9.999960064888000488e-01,-9.999979138374328613e-01,9.999977350234985352e-01,-9.999918341636657715e-01,-9.999982118606567383e-01,9.999942779541015625e-01,-9.999967813491821289e-01,9.999976754188537598e-01,9.999979138374328613e-01,-9.999963641166687012e-01,-9.999971389770507812e-01,-9.999873042106628418e-01,-9.999926090240478516e-01,-9.999951720237731934e-01,9.999967217445373535e-01,-9.999870061874389648e-01,9.999983906745910645e-01,9.999980330467224121e-01,-9.999872446060180664e-01,-9.999973773956298828e-01,-9.999963641166687012e-01,-9.999788403511047363e-01,-9.999979138374328613e-01,9.999966025352478027e-01,9.999979138374328613e-01,-9.999813437461853027e-01,9.999927878379821777e-01,9.999849796295166016e-01,9.999968409538269043e-01,-9.999765157699584961e-01,-9.999924302101135254e-01,9.999960064888000488e-01,-9.999186396598815918e-01,-9.999980926513671875e-01,-9.999973177909851074e-01,-9.999822378158569336e-01,9.999979138374328613e-01,-9.999974966049194336e-01,9.999564886093139648e-01,-9.999662041664123535e-01,-9.999979734420776367e-01,-9.999969005584716797e-01,-9.999967217445373535e-01,9.999877810478210449e-01,-9.999972581863403320e-01,-9.999976158142089844e-01,9.999971985816955566e-01,9.999977946281433105e-01,9.999970197677612305e-01,9.999978542327880859e-01,9.999870061874389648e-01,9.999969601631164551e-01,9.999965429306030273e-01,9.999877214431762695e-01,-9.999666213989257812e-01,-9.999935030937194824e-01,-9.999967813491821289e-01,9.999970793724060059e-01,-9.999980330467224121e-01,-9.999969601631164551e-01,-9.999914169311523438e-01,9.999908208847045898e-01,9.999977946281433105e-01,9.999982118606567383e-01,9.999926090240478516e-01,9.999979734420776367e-01,-9.999971389770507812e-01,9.999977350234985352e-01,-9.999954700469970703e-01,-9.999529123306274414e-01,9.999880194664001465e-01,9.999636411666870117e-01,9.999969005584716797e-01,-9.999855160713195801e-01,-9.999975562095642090e-01,9.999899268150329590e-01,9.999923110008239746e-01,-9.999688863754272461e-01,-9.999957680702209473e-01,9.999977350234985352e-01,-9.999964237213134766e-01,9.999968409538269043e-01,9.999790191650390625e-01,-9.999557137489318848e-01,-9.999980330467224121e-01,-9.999794960021972656e-01,7.760652899742126465e-01,9.999921917915344238e-01,-9.999969601631164551e-01,9.999709725379943848e-01,9.999954700469970703e-01,-9.999963045120239258e-01,9.999958872795104980e-01,9.999804496765136719e-01,-9.999981522560119629e-01,9.999976754188537598e-01,-9.999936819076538086e-01,9.999939203262329102e-01,-9.999977946281433105e-01,9.995002150535583496e-01,-9.998356103897094727e-01,-9.999974966049194336e-01,-9.999946951866149902e-01,9.999651908874511719e-01,9.999969601631164551e-01,9.999881386756896973e-01,-9.999971389770507812e-01,9.999971389770507812e-01,-9.999963045120239258e-01,9.999969005584716797e-01,9.999052286148071289e-01,-9.999980330467224121e-01,9.999954104423522949e-01,-9.999979734420776367e-01,9.999965429306030273e-01,9.999909996986389160e-01,9.999954700469970703e-01,9.999974966049194336e-01,-9.999936223030090332e-01,-9.999964833259582520e-01,9.999954104423522949e-01,9.999824762344360352e-01,9.999912381172180176e-01,-9.999804496765136719e-01,9.999899864196777344e-01
9.999982714653015137e-01,-9.999986290931701660e-01,-9.999936819076538086e-01,9.999977350234985352e-01,9.999988079071044922e-01,-9.999988079071044922e-01,9.999954104423522949e-01,9.999989867210388184e-01,-9.999967813491821289e-01,9.999981522560119629e-01,-9.999986886978149414e-01,-9.999988079071044922e-01,9.999979138374328613e-01,9.999983906745910645e-01,9.999927878379821777e-01,9.999957680702209473e-01,9.999972581863403320e-01,-9.999981522560119629e-01,9.999926090240478516e-01,-9.999990463256835938e-01,-9.999988675117492676e-01,9.999927878379821777e-01,9.999985694885253906e-01,9.999979734420776367e-01,9.999880194664001465e-01,9.999988675117492676e-01,-9.999981522560119629e-01,-9.999988675117492676e-01,9.999893307685852051e-01,-9.999959468841552734e-01,-9.999914169311523438e-01,-9.999982118606567383e-01,9.999865889549255371e-01,9.999957084655761719e-01,-9.999977946281433105e-01,9.999537467956542969e-01,9.999989271163940430e-01,9.999985098838806152e-01,9.999899268150329590e-01,-9.999988675117492676e-01,9.999985694885253906e-01,-9.999753236770629883e-01,9.999809265136718750e-01,9.999989271163940430e-01,9.999982118606567383e-01,9.999981522560119629e-01,-9.999930858612060547e-01,9.999984502792358398e-01,9.999986886978149414e-01,-9.999983906745910645e-01,-9.999988079071044922e-01,-9.999983906745910645e-01,-9.999988079071044922e-01,-9.999926686286926270e-01,-9.999982714653015137e-01,-9.999980330467224121e-01,-9.999931454658508301e-01,9.999811053276062012e-01,9.999963045120239258e-01,9.999982714653015137e-01,-9.999983310699462891e-01,9.999989271163940430e-01,9.999983310699462891e-01,9.999951720237731934e-01,-9.999947547912597656e-01,-9.999987483024597168e-01,-9.999990463256835938e-01,-9.999957680702209473e-01,-9.999989271163940430e-01,9.999983310699462891e-01,-9.999988079071044922e-01,9.999974370002746582e-01,9.999733567237854004e-01,-9.999932646751403809e-01,-9.999793767929077148e-01,-9.999982714653015137e-01,9.999917745590209961e-01,9.999986290931701660e-01,-9.999942779541015625e-01,-9.999957084655761719e-01,9.999823570251464844e-01,9.999976158142089844e-01,-9.999987483024597168e-01,9.999979138374328613e-01,-9.999982118606567383e-01,-9.999881386756896973e-01,9.999749064445495605e-01,9.999988079071044922e-01,9.999883770942687988e-01,-7.768594622611999512e-01,-9.999955892562866211e-01,9.999982714653015137e-01,-9.999834895133972168e-01,-9.999974370002746582e-01,9.999979138374328613e-01,-9.999976754188537598e-01,-9.999889135360717773e-01,9.999989867210388184e-01,-9.999987483024597168e-01,9.999963641166687012e-01,-9.999966025352478027e-01,9.999988675117492676e-01,-9.997159838676452637e-01,9.999066591262817383e-01,9.999986290931701660e-01,9.999969005584716797e-01,-9.999802708625793457e-01,-9.999983906745910645e-01,-9.999933242797851562e-01,9.999983906745910645e-01,-9.999984502792358398e-01,9.999979138374328613e-01,-9.999983310699462891e-01,-9.999461770057678223e-01,9.999989271163940430e-01,-9.999973177909851074e-01,9.999989271163940430e-01,-9.999980330467224121e-01,-9.999948740005493164e-01,-9.999974370002746582e-01,-9.999986290931701660e-01,9.999963045120239258e-01,9.999980330467224121e-01,-9.999974370002746582e-01,-9.999901056289672852e-01,-9.999949932098388672e-01,9.999889135360717773e-01,-9.999943971633911133e-01
-9.999987483024597168e-01,9.999990463256835938e-01,9.999955296516418457e-01,-9.999983906745910645e-01,-9.999992251396179199e-01,9.999992251396179199e-01,-9.999966025352478027e-01,-9.999994039535522461e-01,9.999976754188537598e-01,-9.999986886978149414e-01,9.999992251396179199e-01,9.999992251396179199e-01,-9.999985098838806152e-01,-9.999988675117492676e-01,-9.999948740005493164e-01,-9.999970197677612305e-01,-9.999980330467224121e-01,9.999986886978149414e-01,-9.999946951866149902e-01,9.999993443489074707e-01,9.999992847442626953e-01,-9.999948740005493164e-01,-9.999989867210388184e-01,-9.999985098838806152e-01,-9.999914765357971191e-01,-9.999992847442626953e-01,9.999986290931701660e-01,9.999992847442626953e-01,-9.999924898147583008e-01,9.999970793724060059e-01,9.999938607215881348e-01,9.999988079071044922e-01,-9.999905824661254883e-01,-9.999969005584716797e-01,9.999984502792358398e-01,-9.999671578407287598e-01,-9.999992847442626953e-01,-9.999989867210388184e-01,-9.999929666519165039e-01,9.999992847442626953e-01,-9.999990463256835938e-01,9.999824762344360352e-01,-9.999864101409912109e-01,-9.999992251396179199e-01,-9.999987483024597168e-01,-9.999986886978149414e-01,9.999951124191284180e-01,-9.999988675117492676e-01,-9.999991059303283691e-01,9.999989271163940430e-01,9.999992251396179199e-01,9.999988675117492676e-01,9.999991655349731445e-01,9.999948143959045410e-01,9.999988079071044922e-01,9.999986886978149414e-01,9.999951124191284180e-01,-9.999865889549255371e-01,-9.999973773956298828e-01,-9.999988079071044922e-01,9.999988079071044922e-01,-9.999993443489074707e-01,-9.999988079071044922e-01,-9.999965429306030273e-01,9.999963045120239258e-01,9.999991655349731445e-01,9.999992251396179199e-01,9.999969601631164551e-01,9.999992847442626953e-01,-9.999988675117492676e-01,9.999992251396179199e-01,-9.999982118606567383e-01,-9.999811053276062012e-01,9.999952316284179688e-01,9.999854564666748047e-01,9.999987483024597168e-01,-9.999941587448120117e-01,-9.999992251396179199e-01,9.999959468841552734e-01,9.999969005584716797e-01,-9.999875426292419434e-01,-9.999982714653015137e-01,9.999991655349731445e-01,-9.999985694885253906e-01,9.999986886978149414e-01,9.999915361404418945e-01,-9.999822378158569336e-01,-9.999991655349731445e-01,-9.999917745590209961e-01,7.771632671356201172e-01,9.999967813491821289e-01,-9.999987483024597168e-01,9.999882578849792480e-01,9.999982714653015137e-01,-9.999985098838806152e-01,9.999983310699462891e-01,9.999921321868896484e-01,-9.999992847442626953e-01,9.999992847442626953e-01,-9.999974370002746582e-01,9.999974966049194336e-01,-9.999991655349731445e-01,9.997984170913696289e-01,-9.999336600303649902e-01,-9.999991655349731445e-01,-9.999977946281433105e-01,9.999859929084777832e-01,9.999988079071044922e-01,9.999953508377075195e-01,-9.999988079071044922e-01,9.999988675117492676e-01,-9.999985098838806152e-01,9.999987483024597168e-01,9.999617934226989746e-01,-9.999992847442626953e-01,9.999981522560119629e-01,-9.999991655349731445e-01,9.999986290931701660e-01,9.999963045120239258e-01,9.999981522560119629e-01,9.999991059303283691e-01,-9.999973773956298828e-01,-9.999985098838806152e-01,9.999982118606567383e-01,9.999930262565612793e-01,9.999964237213134766e-01,-9.999921321868896484e-01,9.999960064888000488e-01
-9.999988079071044922e-01,9.999991655349731445e-01,9.999959468841552734e-01,-9.999985098838806152e-01,-9.999992847442626953e-01,9.999992251396179199e-01,-9.999969601631164551e-01,-9.999994039535522461e-01,9.999979138374328613e-01,-9.999988079071044922e-01,9.999992251396179199e-01,9.999992251396179199e-01,-9.999986886978149414e-01,-9.999989867210388184e-01,-9.999953508377075195e-01,-9.999972581863403320e-01,-9.999982118606567383e-01,9.999987483024597168e-01,-9.999952316284179688e-01,9.999994039535522461e-01,9.999992847442626953e-01,-9.999954700469970703e-01,-9.999991059303283691e-01,-9.999986886978149414e-01,-9.999924302101135254e-01,-9.999992847442626953e-01,9.999986886978149414e-01,9.999992847442626953e-01,-9.999932050704956055e-01,9.999973773956298828e-01,9.999945163726806641e-01,9.999988675117492676e-01,-9.999914765357971191e-01,-9.999971389770507812e-01,9.999985098838806152e-01,-9.999707341194152832e-01,-9.999993443489074707e-01,-9.999989867210388184e-01,-9.999936223030090332e-01,9.999992847442626953e-01,-9.999991655349731445e-01,9.999843835830688477e-01,-9.999879002571105957e-01,-9.999992847442626953e-01,-9.999988079071044922e-01,-9.999987483024597168e-01,9.999955892562866211e-01,-9.999989271163940430e-01,-9.999991059303283691e-01,9.999989271163940430e-01,9.999993443489074707e-01,9.999989271163940430e-01,9.999992847442626953e-01,9.999952912330627441e-01,9.999988675117492676e-01,9.999987483024597168e-01,9.999955892562866211e-01,-9.999880194664001465e-01,-9.999975562095642090e-01,-9.999988675117492676e-01,9.999989271163940430e-01,-9.999993443489074707e-01,-9.999988675117492676e-01,-9.999969005584716797e-01,9.999966025352478027e-01,9.999991059303283691e-01,9.999993443489074707e-01,9.999971985816955566e-01,9.999992847442626953e-01,-9.999989271163940430e-01,9.999992251396179199e-01,-9.999983906745910645e-01,-9.999830722808837891e-01,9.999956488609313965e-01,9.999869465827941895e-01,9.999988675117492676e-01,-9.999946951866149902e-01,-9.999992251396179199e-01,9.999963045120239258e-01,9.999971389770507812e-01,-9.999887943267822266e-01,-9.999984502792358398e-01,9.999992847442626953e-01,-9.999986290931701660e-01,9.999988675117492676e-01,9.999924898147583008e-01,-9.999840855598449707e-01,-9.999992251396179199e-01,-9.999926686286926270e-01,7.772430181503295898e-01,9.999971389770507812e-01,-9.999989271163940430e-01,9.999895691871643066e-01,9.999983906745910645e-01,-9.999985694885253906e-01,9.999984502792358398e-01,9.999928474426269531e-01,-9.999992847442626953e-01,9.999992251396179199e-01,-9.999976158142089844e-01,9.999977946281433105e-01,-9.999992847442626953e-01,9.998200535774230957e-01,-9.999408125877380371e-01,-9.999990463256835938e-01,-9.999980330467224121e-01,9.999874830245971680e-01,9.999989271163940430e-01,9.999957680702209473e-01,-9.999989271163940430e-01,9.999989271163940430e-01,-9.999986290931701660e-01,9.999989271163940430e-01,9.999659061431884766e-01,-9.999994039535522461e-01,9.999982714653015137e-01,-9.999992847442626953e-01,9.999987483024597168e-01,9.999967217445373535e-01,9.999983310699462891e-01,9.999991059303283691e-01,-9.999975562095642090e-01,-9.999986290931701660e-01,9.999983310699462891e-01,9.999936819076538086e-01,9.999967217445373535e-01,-9.999928474426269531e-01,9.999963641166687012e-01
