4.976898729801177979e-01,-5.556878750212490559e-04,-3.043371438980102539e-02,-7.240560650825500488e-02,1.685375869274139404e-01,-1.177042201161384583e-01,1.220927834510803223e-01,3.563695847988128662e-01,7.601570338010787964e-02,2.397578395903110504e-02,-9.401492029428482056e-02,-2.350183576345443726e-02,-3.221872262656688690e-03,2.032010406255722046e-01,1.455336213111877441e-01,5.568893998861312866e-02,5.155712366104125977e-03,-7.594624161720275879e-02,1.525696963071823120e-01,1.154615171253681183e-02,-9.748732298612594604e-02,-3.878873214125633240e-02,-5.741436779499053955e-02,4.883472993969917297e-02,-1.040462777018547058e-02,-6.468111276626586914e-02,8.850780874490737915e-02,-2.227838933467864990e-01,-2.806700766086578369e-02,-1.820724308490753174e-01,-1.572833657264709473e-01,2.777070365846157074e-02,-1.859589666128158569e-02,-1.388647872954607010e-02,-2.716698683798313141e-02,9.391953237354755402e-03,-3.940137848258018494e-02,8.730514906346797943e-03,-2.506745457649230957e-01,-3.549305200576782227e-01,1.246365159749984741e-01,9.115565568208694458e-02,-1.311885565519332886e-01,8.553078398108482361e-03,2.204388566315174103e-02,-4.095182288438081741e-03,-1.059433817863464355e-01,-9.273570030927658081e-02,5.137548968195915222e-02,7.278156280517578125e-02,-1.050703376531600952e-01,-2.122459001839160919e-02,1.312381625175476074e-01,-5.162773281335830688e-02,-8.375495672225952148e-02,-7.108221203088760376e-02,3.014425002038478851e-02,5.377459339797496796e-03,1.620388589799404144e-02,3.742035245522856712e-03,5.323234479874372482e-03,-1.653426513075828552e-02,8.140176534652709961e-03,9.768852591514587402e-02,-1.231376174837350845e-02,2.485384978353977203e-02,-1.222227439284324646e-01,1.188522949814796448e-01,-7.523198612034320831e-03,1.373831033706665039e-01,-1.360817998647689819e-01,-2.028934471309185028e-02,8.359292894601821899e-02,5.404518544673919678e-02,-8.612804859876632690e-02,-1.258896142244338989e-01,-1.657808898016810417e-03,1.730097644031047821e-02,-1.456439346075057983e-01,-3.309572348371148109e-03,-2.147062495350837708e-02,4.578880034387111664e-04,-1.722056567668914795e-01,-5.504625849425792694e-03,-2.461706399917602539e-01,3.525572642683982849e-02,2.211227715015411377e-01,-3.373323474079370499e-03,-7.496500015258789062e-02,2.902406640350818634e-02,-1.004049852490425110e-01,3.450232371687889099e-02,1.707751303911209106e-01,-1.587749868631362915e-01,2.104141935706138611e-02,-2.270496189594268799e-01,1.983662843704223633e-01,-1.736152480589225888e-04,-1.202890574932098389e-01,2.329394072294235229e-01,-6.085912883281707764e-02,2.176734805107116699e-01,3.354034945368766785e-02,-1.073641795665025711e-02,-1.045694574713706970e-01,2.454124242067337036e-01,1.501781493425369263e-01,1.143649443984031677e-01,-2.737856507301330566e-01,2.038706839084625244e-02,-4.899648204445838928e-02,1.138488203287124634e-01,6.072844192385673523e-02,-1.902907490730285645e-01,6.514477729797363281e-02,-5.827461555600166321e-02,3.185076713562011719e-01,-1.053950563073158264e-01,-2.483747601509094238e-01,-2.633028291165828705e-02,-9.587950259447097778e-02,1.120205745100975037e-01,9.003248810768127441e-02,9.458316117525100708e-02,1.085027828812599182e-01,-9.284280240535736084e-02,-1.845108903944492340e-02,2.739820815622806549e-02
-5.556878750212490559e-04,1.996810175478458405e-02,-1.163743883371353149e-01,8.482956886291503906e-02,6.222578883171081543e-02,-1.620342954993247986e-02,-6.756939925253391266e-03,5.612473934888839722e-02,2.140448056161403656e-02,3.595223650336265564e-02,1.230694912374019623e-02,-5.102491006255149841e-02,1.032006666064262390e-01,3.529187664389610291e-02,1.176136061549186707e-01,1.134199202060699463e-01,-5.035888752900063992e-04,5.894833430647850037e-02,-5.726899951696395874e-02,-4.556812345981597900e-02,-2.606388740241527557e-02,1.179383248090744019e-01,5.865174159407615662e-02,-7.935062050819396973e-03,1.533487811684608459e-02,1.317297220230102539e-01,-1.263775378465652466e-01,-3.662709519267082214e-02,1.008483469486236572e-01,1.718928292393684387e-02,1.866609975695610046e-02,-1.165251433849334717e-01,7.962698489427566528e-02,5.716739967465400696e-02,-4.554922226816415787e-03,-1.277226656675338745e-01,2.179407142102718353e-02,5.847179517149925232e-02,-8.144140243530273438e-02,-5.527789145708084106e-02,9.984229505062103271e-02,4.287708550691604614e-03,1.039106249809265137e-01,1.514161471277475357e-02,1.146904192864894867e-02,-6.948745250701904297e-02,-1.236540451645851135e-01,-2.652120962738990784e-02,-9.398608468472957611e-03,1.398257445544004440e-02,5.671754945069551468e-03,-6.808317732065916061e-03,3.181222453713417053e-02,5.226413486525416374e-04,-1.757461018860340118e-02,-1.291481107473373413e-01,3.095711395144462585e-02,1.113018859177827835e-02,-3.961864113807678223e-02,-6.079814955592155457e-02,-1.169986673630774021e-03,8.310332894325256348e-03,3.717004321515560150e-03,-1.902278978377580643e-03,-4.364694934338331223e-03,-3.017777763307094574e-02,4.329400137066841125e-02,1.159464269876480103e-01,-1.147549971938133240e-01,6.558933760970830917e-03,-9.026426821947097778e-02,1.667733071371912956e-03,-3.131001815199851990e-02,1.194025650620460510e-01,-2.095429226756095886e-02,-9.964817017316818237e-02,-3.015877678990364075e-03,1.328618675470352173e-01,-2.315288037061691284e-02,-1.074406132102012634e-01,1.176847368478775024e-01,1.277358387596905231e-03,-9.259205311536788940e-02,3.592608729377388954e-03,-7.918673008680343628e-02,-1.128896921873092651e-01,1.990792527794837952e-02,6.422952283173799515e-03,4.942446947097778320e-02,4.460180178284645081e-02,-2.486279793083667755e-02,-1.649731583893299103e-02,-9.497863054275512695e-02,4.360860958695411682e-02,-1.054958775639533997e-01,7.304460275918245316e-03,5.735750123858451843e-02,-1.308284699916839600e-04,-8.656392991542816162e-02,2.142753265798091888e-02,-2.792813815176486969e-02,1.752172596752643585e-02,-1.288863122463226318e-01,-4.280868172645568848e-02,1.353035867214202881e-01,-1.123894657939672470e-02,-7.748191058635711670e-02,-1.145600304007530212e-01,-7.225494831800460815e-03,-1.047221198678016663e-02,7.410718500614166260e-02,-3.703915327787399292e-02,-1.093791201710700989e-01,1.791961258277297020e-03,1.352819651365280151e-01,-1.098002344369888306e-01,5.170296505093574524e-02,3.518837317824363708e-02,-1.150242015719413757e-01,3.597450628876686096e-02,2.543605677783489227e-02,8.306337893009185791e-02,1.138915494084358215e-01,-5.110283568501472473e-02,-7.915358245372772217e-02,-3.238886594772338867e-02,3.709413809701800346e-03,5.266025662422180176e-02
-3.043371438980102539e-02,-1.163743883371353149e-01,7.470089793205261230e-01,-5.697401762008666992e-01,-3.657011091709136963e-01,3.781769052147865295e-02,-1.798753254115581512e-02,-3.994367718696594238e-01,-1.196270883083343506e-01,-2.473418116569519043e-01,-6.115137040615081787e-02,3.476766049861907959e-01,-6.077377200126647949e-01,-2.817071080207824707e-01,-7.220108509063720703e-01,-6.840668320655822754e-01,-4.013979341834783554e-03,-3.099259734153747559e-01,3.862578868865966797e-01,3.273411989212036133e-01,1.660093963146209717e-01,-7.336702346801757812e-01,-4.386934041976928711e-01,1.167635619640350342e-01,-1.022760421037673950e-01,-7.433375120162963867e-01,7.311276197433471680e-01,1.963749229907989502e-01,-6.647259593009948730e-01,-5.980536341667175293e-02,-7.596153765916824341e-02,7.230324149131774902e-01,-5.142275691032409668e-01,-4.211011230945587158e-01,3.896553069353103638e-02,7.579814791679382324e-01,-1.399613022804260254e-01,-3.866741061210632324e-01,5.351618528366088867e-01,4.117101132869720459e-01,-6.259772181510925293e-01,-3.819505125284194946e-02,-6.026698946952819824e-01,-1.027933433651924133e-01,-7.727062702178955078e-02,4.823793172836303711e-01,7.631132602691650391e-01,1.852090060710906982e-01,3.768803551793098450e-02,-2.414679765934124589e-04,-5.222905427217483521e-02,3.942802175879478455e-02,-2.191287428140640259e-01,6.822307407855987549e-02,1.142706945538520813e-01,7.766838073730468750e-01,-2.334481477737426758e-01,-7.625819742679595947e-02,1.909125447273254395e-01,3.986258506774902344e-01,4.503096640110015869e-02,-9.610553830862045288e-02,-2.712979167699813843e-02,-9.896325878798961639e-03,2.985515259206295013e-02,1.931052356958389282e-01,-2.280289232730865479e-01,-6.902841329574584961e-01,7.045590877532958984e-01,-1.937467604875564575e-02,6.213508844375610352e-01,3.687696903944015503e-02,1.896618306636810303e-01,-7.471615076065063477e-01,1.329031437635421753e-01,6.221513748168945312e-01,1.809832081198692322e-02,-8.134415149688720703e-01,2.000792324542999268e-01,7.025718092918395996e-01,-7.528800964355468750e-01,-8.992126211524009705e-03,5.954493284225463867e-01,-2.039092406630516052e-02,5.401914715766906738e-01,6.145796179771423340e-01,-1.640865802764892578e-01,-4.016354307532310486e-02,-2.791896760463714600e-01,-3.231309652328491211e-01,1.646635681390762329e-01,1.078198924660682678e-01,5.822890996932983398e-01,-2.678373157978057861e-01,6.717756986618041992e-01,1.437699701637029648e-02,-3.588364422321319580e-01,9.188919211737811565e-04,5.813832283020019531e-01,-2.079568058252334595e-01,2.410728931427001953e-01,-1.565947234630584717e-01,7.723991870880126953e-01,2.875856757164001465e-01,-7.942464351654052734e-01,-3.629562258720397949e-02,5.130220055580139160e-01,6.850103735923767090e-01,3.240828216075897217e-02,6.782470643520355225e-02,-4.795975983142852783e-01,3.235694766044616699e-01,6.758703589439392090e-01,-1.260676085948944092e-01,-7.832401394844055176e-01,6.708639264106750488e-01,-3.728789091110229492e-01,-2.630301415920257568e-01,7.342097163200378418e-01,-2.410499751567840576e-01,-1.497541815042495728e-01,-5.741864442825317383e-01,-7.060059905052185059e-01,2.899030148983001709e-01,5.636031031608581543e-01,2.839410305023193359e-01,-4.792945086956024170e-02,-3.818058073520660400e-01
-7.240560650825500488e-02,8.482956886291503906e-02,-5.697401762008666992e-01,5.967554450035095215e-01,1.922930181026458740e-01,5.352547764778137207e-02,-3.787863627076148987e-02,2.081037014722824097e-01,6.914953887462615967e-02,1.774154156446456909e-01,6.849838886409997940e-03,-2.627854645252227783e-01,3.540914356708526611e-01,2.889229953289031982e-01,5.240409374237060547e-01,4.728011488914489746e-01,4.385867156088352203e-03,3.022621870040893555e-01,-3.611406385898590088e-01,-2.195263504981994629e-01,-2.814695537090301514e-01,6.172409653663635254e-01,3.292991518974304199e-01,-1.156192794442176819e-01,8.781958371400833130e-02,5.578594803810119629e-01,-5.344703197479248047e-01,9.488021023571491241e-03,4.243764579296112061e-01,1.707307696342468262e-01,9.828660637140274048e-02,-6.252344846725463867e-01,4.812178015708923340e-01,2.660886645317077637e-01,-1.160362083464860916e-02,-5.899837613105773926e-01,1.315473169088363647e-01,2.683129906654357910e-01,-2.422029972076416016e-01,-3.887547254562377930e-01,4.907273054122924805e-01,3.667852655053138733e-02,4.707362353801727295e-01,7.199744135141372681e-02,4.587234463542699814e-03,-2.031427174806594849e-01,-5.514323711395263672e-01,-1.811436265707015991e-01,-4.894048348069190979e-02,6.126390025019645691e-02,8.078702539205551147e-02,3.413016675040125847e-03,1.942374557256698608e-01,-1.186843290925025940e-01,6.354078650474548340e-02,-5.662137269973754883e-01,1.889624297618865967e-01,4.939936846494674683e-02,-9.899798780679702759e-02,-3.442631661891937256e-01,-1.113057658076286316e-01,1.123667210340499878e-01,2.538758330047130585e-02,2.503961324691772461e-02,1.185854524374008179e-02,-1.464929133653640747e-01,1.951945573091506958e-01,5.034391880035400391e-01,-5.351499319076538086e-01,-5.534697324037551880e-02,-4.330927431583404541e-01,1.627301871776580811e-01,-2.083498388528823853e-01,5.860136151313781738e-01,-9.513644874095916748e-02,-5.097415447235107422e-01,-7.815985009074211121e-03,6.166013479232788086e-01,-3.019567728042602539e-01,-5.424798727035522461e-01,6.985381245613098145e-01,6.758946925401687622e-03,-3.738453984260559082e-01,1.839586533606052399e-02,-4.206552505493164062e-01,-3.958105444908142090e-01,-4.222882166504859924e-02,2.738854102790355682e-02,1.688650846481323242e-01,2.293841093778610229e-01,-7.988600432872772217e-02,-1.877278983592987061e-01,-5.957331657409667969e-01,3.287169337272644043e-01,-5.757577419281005859e-01,3.633231669664382935e-02,2.352190017700195312e-01,-6.517255096696317196e-04,-3.485644757747650146e-01,1.026189103722572327e-01,-1.405004262924194336e-01,-3.124776296317577362e-02,-6.726769804954528809e-01,-2.036135643720626831e-01,6.615717411041259766e-01,1.123768314719200134e-01,-5.785428881645202637e-01,-5.716691613197326660e-01,6.543502956628799438e-02,-5.720451474189758301e-02,5.509070158004760742e-01,-3.603622615337371826e-01,-5.800553560256958008e-01,1.620675474405288696e-01,5.708765983581542969e-01,-4.596402049064636230e-01,1.460807472467422485e-01,1.802836954593658447e-01,-5.601456165313720703e-01,2.257107943296432495e-01,9.997894614934921265e-02,4.572055935859680176e-01,5.329529643058776855e-01,-2.408723980188369751e-01,-4.187816977500915527e-01,-2.090847045183181763e-01,3.004753589630126953e-02,2.972265481948852539e-01
1.685375869274139404e-01,6.222578883171081543e-02,-3.657011091709136963e-01,1.922930181026458740e-01,2.965654432773590088e-01,-1.201141774654388428e-01,4.290448501706123352e-02,3.272522687911987305e-01,7.870705425739288330e-02,1.197648346424102783e-01,1.086919847875833511e-02,-1.614942997694015503e-01,3.559327721595764160e-01,9.299391508102416992e-02,4.207468330860137939e-01,3.878130912780761719e-01,-1.781825907528400421e-03,1.454122513532638550e-01,-1.140220239758491516e-01,-1.399491280317306519e-01,-3.039512224495410919e-02,3.301813900470733643e-01,1.375240236520767212e-01,1.051310077309608459e-02,3.881486877799034119e-02,3.990668058395385742e-01,-3.826044499874114990e-01,-2.442893981933593750e-01,3.407512605190277100e-01,-6.590521335601806641e-02,-4.008090589195489883e-03,-3.108912706375122070e-01,2.122325152158737183e-01,1.640931367874145508e-01,-2.669338136911392212e-02,-3.815265297889709473e-01,4.480535909533500671e-02,1.931105852127075195e-01,-4.120394587516784668e-01,-2.365782111883163452e-01,3.588513433933258057e-01,4.239324480295181274e-02,2.695777118206024170e-01,5.093311890959739685e-02,6.614136695861816406e-02,-2.611962854862213135e-01,-4.414836764335632324e-01,-9.939601272344589233e-02,3.875767288263887167e-05,8.087244629859924316e-02,-3.686791285872459412e-02,-3.478766977787017822e-02,1.254315972328186035e-01,2.294940128922462463e-02,-1.327604353427886963e-01,-4.400336444377899170e-01,9.033089131116867065e-02,3.811633214354515076e-02,-1.636008918285369873e-01,-1.694559752941131592e-01,3.110690042376518250e-02,-6.604204536415636539e-04,1.156451832503080368e-02,3.625265136361122131e-02,-1.540821138769388199e-02,-8.605825901031494141e-02,1.033443808555603027e-01,4.127327799797058105e-01,-3.369716405868530273e-01,1.073008701205253601e-01,-3.451819419860839844e-01,-5.467644706368446350e-02,-2.994281053543090820e-02,3.781238794326782227e-01,-9.880502521991729736e-02,-3.597879409790039062e-01,-1.213049236685037613e-02,4.219706058502197266e-01,-7.364463061094284058e-02,-3.261833786964416504e-01,3.144486844539642334e-01,3.791132709011435509e-03,-3.675020933151245117e-01,9.064796380698680878e-03,-3.308445811271667480e-01,-3.797838091850280762e-01,1.950871795415878296e-01,1.963623799383640289e-02,1.454153209924697876e-01,1.488666534423828125e-01,-1.410135626792907715e-01,1.300504780374467373e-03,-1.871119737625122070e-01,2.935275249183177948e-02,-3.008051216602325439e-01,-4.990717768669128418e-02,2.766905725002288818e-01,-4.667264875024557114e-04,-3.193641304969787598e-01,1.694694161415100098e-01,-1.076054349541664124e-01,1.850491315126419067e-01,-3.591733872890472412e-01,-1.411704123020172119e-01,3.916660845279693604e-01,1.636113598942756653e-02,-1.359234005212783813e-01,-3.074533939361572266e-01,-1.615743786096572876e-01,-2.279648371040821075e-02,1.030956804752349854e-01,-2.496966905891895294e-02,-2.926384508609771729e-01,-9.523090720176696777e-02,4.776816666126251221e-01,-3.907770514488220215e-01,2.889131903648376465e-01,8.299001306295394897e-02,-4.408111572265625000e-01,8.277317881584167480e-02,7.654270529747009277e-02,2.777896523475646973e-01,3.837391436100006104e-01,-1.326270997524261475e-01,-1.854405105113983154e-01,-1.023190543055534363e-01,3.777710255235433578e-03,1.794975697994232178e-01
-1.177042201161384583e-01,-1.620342954993247986e-02,3.781769052147865295e-02,5.352547764778137207e-02,-1.201141774654388428e-01,2.176474779844284058e-01,-3.694684803485870361e-02,-7.622891664505004883e-02,-1.326270103454589844e-01,-5.289775878190994263e-02,2.873341366648674011e-02,3.132293000817298889e-02,-1.535598635673522949e-01,7.715395092964172363e-02,-1.102190315723419189e-01,-1.186330765485763550e-01,-4.286700394004583359e-03,-2.537116408348083496e-02,-1.258369884453713894e-03,-3.629529383033514023e-03,7.732221484184265137e-02,-2.625958062708377838e-02,6.105604767799377441e-02,-4.389762412756681442e-03,-1.297231391072273254e-02,-1.710613667964935303e-01,8.618850260972976685e-02,1.367090046405792236e-01,-1.504203770309686661e-02,1.423900015652179718e-02,7.996487617492675781e-02,8.233045786619186401e-02,-7.966017723083496094e-02,5.062048509716987610e-02,3.403939539566636086e-03,7.718031853437423706e-02,2.980603370815515518e-03,-6.264673173427581787e-02,1.742536276578903198e-01,-1.001884974539279938e-02,-1.800438463687896729e-01,-2.705018781125545502e-02,3.355667740106582642e-02,-4.638297017663717270e-03,7.194279134273529053e-02,8.435934036970138550e-02,1.231552138924598694e-01,1.096856128424406052e-02,-6.608201563358306885e-02,-7.357137650251388550e-02,1.206461340188980103e-01,-1.002661362290382385e-01,-6.029428541660308838e-02,-7.628304511308670044e-02,4.869358614087104797e-02,9.203280508518218994e-02,1.340029481798410416e-02,-7.761463522911071777e-03,1.100357398390769958e-01,2.085675299167633057e-02,-7.227911148220300674e-03,-8.584502153098583221e-03,-1.513276132754981518e-03,-1.249437928199768066e-01,-9.047386236488819122e-03,3.501486405730247498e-02,1.617235131561756134e-03,-1.108044758439064026e-01,8.318289369344711304e-02,-4.808819293975830078e-02,1.013938933610916138e-01,-9.507608413696289062e-02,-1.473204116337001324e-03,-1.018820852041244507e-01,8.150085806846618652e-02,9.139909595251083374e-02,6.859608460217714310e-03,-9.162274003028869629e-02,1.347260084003210068e-02,8.422014117240905762e-02,-3.099081479012966156e-02,-3.989107499364763498e-04,7.762049883604049683e-02,-5.940537899732589722e-03,1.318794935941696167e-01,1.422428786754608154e-01,-8.464792370796203613e-02,-4.370188806205987930e-03,-1.220185756683349609e-01,-4.139178618788719177e-02,6.442941725254058838e-02,-2.437935583293437958e-02,-1.070725033059716225e-03,4.904020205140113831e-02,8.525358140468597412e-02,1.173064857721328735e-02,-3.656400367617607117e-02,1.417094317730516195e-04,6.822532415390014648e-02,-1.482737809419631958e-01,-5.239696707576513290e-03,-1.782639175653457642e-01,7.877837866544723511e-02,4.222112149000167847e-02,-1.169297397136688232e-01,1.001551821827888489e-01,-2.125680446624755859e-03,3.514226898550987244e-02,1.692224144935607910e-01,7.721715606749057770e-03,4.732498154044151306e-02,-9.423947334289550781e-02,2.404977940022945404e-02,1.017845645546913147e-01,-9.883119165897369385e-02,1.700584590435028076e-01,-9.166102856397628784e-02,1.822602935135364532e-02,1.207073777914047241e-01,-1.134452968835830688e-02,-3.725639311596751213e-03,-8.295095711946487427e-02,-1.209040731191635132e-01,5.515158921480178833e-02,-4.783684015274047852e-02,3.977387025952339172e-02,-4.724361933767795563e-03,-2.006538957357406616e-02
1.220927834510803223e-01,-6.756939925253391266e-03,-1.798753254115581512e-02,-3.787863627076148987e-02,4.290448501706123352e-02,-3.694684803485870361e-02,1.057337373495101929e-01,9.847743064165115356e-02,1.592243462800979614e-02,2.208036743104457855e-02,-4.694497957825660706e-02,-5.208603572100400925e-03,5.132385995239019394e-03,-3.074709139764308929e-02,3.109330683946609497e-02,1.014881418086588383e-03,6.075355224311351776e-03,-7.435461133718490601e-02,2.375497110188007355e-02,-1.389770396053791046e-02,-9.918899741023778915e-05,-2.601508982479572296e-02,-2.200137451291084290e-02,-1.780596747994422913e-02,-2.014367142692208290e-03,-1.140684634447097778e-02,2.353386580944061279e-02,-6.135748326778411865e-02,1.986746303737163544e-02,-1.089996322989463806e-01,-7.833215594291687012e-02,9.811140596866607666e-03,4.934845026582479477e-03,-2.472413703799247742e-02,-9.714237414300441742e-03,2.893066778779029846e-02,-1.840536855161190033e-02,1.341126393526792526e-02,-1.212798729538917542e-01,-5.896526947617530823e-02,6.827693432569503784e-02,3.138294816017150879e-02,-9.450804442167282104e-02,1.824609120376408100e-03,-2.683890052139759064e-02,-3.189921379089355469e-02,-4.976632446050643921e-02,-1.490722224116325378e-02,5.654808133840560913e-02,7.715687621384859085e-03,-4.783163592219352722e-02,3.808722645044326782e-02,3.461694344878196716e-02,-3.787899389863014221e-03,-4.255084320902824402e-02,-2.042396739125251770e-02,-7.408373523503541946e-03,2.089524874463677406e-03,-2.215551771223545074e-02,1.945359259843826294e-02,-1.592326536774635315e-02,2.043779939413070679e-02,2.035359852015972137e-03,8.792047202587127686e-02,8.460589684545993805e-03,2.027705544605851173e-03,-5.337084084749221802e-02,2.118322439491748810e-02,2.408744767308235168e-02,4.868823289871215820e-02,-6.994602829217910767e-02,-1.723283156752586365e-02,5.805048346519470215e-02,1.749434508383274078e-02,-3.932330384850502014e-02,-5.314932018518447876e-02,-1.497873687185347080e-03,2.610111795365810394e-02,-4.690777510404586792e-02,-1.581647805869579315e-02,3.959396271966397762e-04,1.610621256986632943e-05,-3.492179140448570251e-02,-2.005567774176597595e-03,-9.536411613225936890e-02,3.790964558720588684e-02,1.198695972561836243e-01,-1.962536480277776718e-03,-9.520054794847965240e-03,2.535529248416423798e-02,-5.121525377035140991e-02,2.922009304165840149e-02,6.382428109645843506e-02,-7.093997299671173096e-02,-1.859930926002562046e-03,-8.420599997043609619e-02,3.855830803513526917e-02,-9.301690442953258753e-05,-2.418401651084423065e-02,1.347203999757766724e-01,-3.209333866834640503e-02,1.444030702114105225e-01,1.831688173115253448e-02,-1.061761751770973206e-02,1.558479294180870056e-02,8.151737600564956665e-02,2.552556619048118591e-02,6.012852862477302551e-02,-1.176316961646080017e-01,3.999632783234119415e-03,-9.917714446783065796e-02,8.359950035810470581e-03,5.676237866282463074e-02,7.957088761031627655e-03,1.913757808506488800e-02,-5.164700374007225037e-02,9.045548737049102783e-02,-7.830788381397724152e-03,-8.189366757869720459e-02,-1.429685112088918686e-02,-1.908699399791657925e-03,4.135153070092201233e-02,3.170978277921676636e-02,2.365233935415744781e-02,4.321425780653953552e-02,-4.465110972523689270e-02,1.319487858563661575e-02,4.244422912597656250e-02
3.563695847988128662e-01,5.612473934888839722e-02,-3.994367718696594238e-01,2.081037014722824097e-01,3.272522687911987305e-01,-7.622891664505004883e-02,9.847743064165115356e-02,5.361046195030212402e-01,5.067723244428634644e-02,1.197191178798675537e-01,-4.032403230667114258e-03,-1.838301420211791992e-01,3.252877295017242432e-01,2.240765243768692017e-01,4.794856309890747070e-01,4.029866158962249756e-01,7.160836248658597469e-04,8.310563117265701294e-02,-6.133830547332763672e-02,-1.488676518201828003e-01,1.400877255946397781e-02,3.462194800376892090e-01,1.671217978000640869e-01,-1.596618443727493286e-02,3.300149738788604736e-02,3.347241282463073730e-01,-3.359604775905609131e-01,-2.874844670295715332e-01,3.940109312534332275e-01,-1.506891250610351562e-01,-5.076725035905838013e-02,-2.896475791931152344e-01,1.597595214843750000e-01,2.278970628976821899e-01,-4.677591472864151001e-02,-3.936177194118499756e-01,3.121528215706348419e-02,1.982989162206649780e-01,-5.263935327529907227e-01,-4.179655611515045166e-01,3.680898249149322510e-01,6.885480880737304688e-02,2.309137433767318726e-01,5.988218635320663452e-02,1.524704992771148682e-01,-2.910803258419036865e-01,-4.938280582427978516e-01,-1.381015479564666748e-01,3.637755056843161583e-03,2.255747839808464050e-02,-2.378734387457370758e-02,-9.048094600439071655e-02,1.602204442024230957e-01,-6.278339773416519165e-02,-1.861730962991714478e-01,-4.860153496265411377e-01,1.375472694635391235e-01,4.478735104203224182e-02,-8.330523967742919922e-02,-1.755134761333465576e-01,2.943207137286663055e-02,-6.801832001656293869e-03,1.493495143949985504e-02,-3.839695826172828674e-03,-2.306979149580001831e-02,-6.941000372171401978e-02,3.179027885198593140e-02,4.316329956054687500e-01,-3.562837243080139160e-01,1.269701719284057617e-01,-4.188484549522399902e-01,-1.623164117336273193e-01,5.936566274613142014e-03,4.191458523273468018e-01,-9.678404033184051514e-02,-3.762646913528442383e-01,-1.129773538559675217e-02,4.517770409584045410e-01,-1.375308632850646973e-01,-3.402663767337799072e-01,3.288914561271667480e-01,4.509380552917718887e-03,-4.498665034770965576e-01,4.973751958459615707e-03,-4.063476324081420898e-01,-3.316029012203216553e-01,2.761460840702056885e-01,1.896145194768905640e-02,6.639394909143447876e-02,1.772132962942123413e-01,-1.709258258342742920e-01,3.051897138357162476e-02,-1.138220578432083130e-01,-4.884622246026992798e-02,-2.910906672477722168e-01,-1.635786741971969604e-01,3.562507033348083496e-01,-5.523407016880810261e-04,-3.902761340141296387e-01,2.459584474563598633e-01,-1.744123101234436035e-01,2.522971034049987793e-01,-3.516817986965179443e-01,-1.496179103851318359e-01,3.469626009464263916e-01,1.724837273359298706e-01,-5.744718015193939209e-02,-2.801543772220611572e-01,-2.108235657215118408e-01,-1.053832657635211945e-02,1.004688069224357605e-01,-2.071862481534481049e-02,-2.895818054676055908e-01,-9.957983344793319702e-02,5.150787830352783203e-01,-3.842156529426574707e-01,4.245657622814178467e-01,8.176464587450027466e-02,-5.569056272506713867e-01,6.895614415407180786e-02,3.505329415202140808e-02,3.225156962871551514e-01,3.935960531234741211e-01,-3.843487799167633057e-02,-1.981060951948165894e-01,-1.451354771852493286e-01,1.942838658578693867e-03,2.071575224399566650e-01
7.601570338010787964e-02,2.140448056161403656e-02,-1.196270883083343506e-01,6.914953887462615967e-02,7.870705425739288330e-02,-1.326270103454589844e-01,1.592243462800979614e-02,5.067723244428634644e-02,1.373921781778335571e-01,7.239335775375366211e-02,-3.024773299694061279e-02,-6.738691031932830811e-02,1.456217914819717407e-01,3.940201178193092346e-02,1.586967259645462036e-01,1.448938101530075073e-01,7.713603787124156952e-03,4.977097734808921814e-02,-6.204550713300704956e-02,-3.027879446744918823e-02,-1.808793395757675171e-01,1.288878321647644043e-01,2.286761254072189331e-02,-4.030180722475051880e-02,2.819665521383285522e-02,2.117327451705932617e-01,-1.296456605195999146e-01,-5.039686709642410278e-02,4.668159037828445435e-02,5.150375887751579285e-02,-6.107359379529953003e-02,-2.042552381753921509e-01,1.602075248956680298e-01,7.847950793802738190e-03,-1.712323515675961971e-03,-1.520835757255554199e-01,2.229135669767856598e-02,8.197288960218429565e-02,-1.155080646276473999e-01,-8.563321083784103394e-02,2.143070250749588013e-01,3.032954223453998566e-02,2.750864438712596893e-02,1.262304652482271194e-02,-9.327632188796997070e-02,-7.336755096912384033e-02,-1.633092612028121948e-01,-4.279693588614463806e-02,4.685550555586814880e-02,3.737716749310493469e-02,-8.088935911655426025e-02,9.709427505731582642e-02,9.307653456926345825e-02,6.859861779958009720e-03,1.378576643764972687e-02,-1.433812975883483887e-01,2.640234306454658508e-02,1.193323731422424316e-02,-5.672551691532135010e-02,-7.651660591363906860e-02,-4.501884058117866516e-02,5.442508310079574585e-02,7.249596528708934784e-03,1.146613210439682007e-01,4.274769220501184464e-03,-4.873581975698471069e-02,8.706181310117244720e-03,1.427263319492340088e-01,-1.536383032798767090e-01,-9.243193082511425018e-03,-1.314254999160766602e-01,1.395020037889480591e-01,-5.734878405928611755e-02,1.807809323072433472e-01,-7.717125117778778076e-02,-1.328194886445999146e-01,-4.673493560403585434e-03,1.717539429664611816e-01,-9.005393087863922119e-02,-1.631835103034973145e-01,1.744073033332824707e-01,1.624200725927948952e-03,-8.819331228733062744e-02,7.147006690502166748e-03,-1.655357033014297485e-01,-1.227522715926170349e-01,2.000417001545429230e-02,6.086870096623897552e-03,1.132302656769752502e-01,7.112031430006027222e-02,-4.073991253972053528e-02,-3.837019205093383789e-02,-1.161203160881996155e-01,4.673507809638977051e-02,-1.687781959772109985e-01,-1.465427223592996597e-02,2.571607381105422974e-02,-2.132258232450112700e-04,-1.009520664811134338e-01,1.296867579221725464e-01,-2.224180102348327637e-02,1.112924143671989441e-01,-1.891972273588180542e-01,-6.100653856992721558e-02,1.924471855163574219e-01,-3.073569200932979584e-02,-1.378949582576751709e-01,-1.082769930362701416e-01,-8.811268955469131470e-02,-1.773990504443645477e-02,1.343980729579925537e-01,-3.089710883796215057e-02,-1.203522533178329468e-01,-5.762215238064527512e-03,1.242146641016006470e-01,-1.851432323455810547e-01,7.413850724697113037e-02,1.073244214057922363e-02,-1.831379234790802002e-01,6.050047650933265686e-02,-1.404366549104452133e-02,1.447813361883163452e-01,1.755535751581192017e-01,-7.162284106016159058e-02,-5.192901194095611572e-02,-1.091023162007331848e-01,1.672610640525817871e-02,5.555026233196258545e-02
2.397578395903110504e-02,3.595223650336265564e-02,-2.473418116569519043e-01,1.774154156446456909e-01,1.197648346424102783e-01,-5.289775878190994263e-02,2.208036743104457855e-02,1.197191178798675537e-01,7.239335775375366211e-02,9.152519702911376953e-02,1.222056802362203598e-03,-1.131824702024459839e-01,2.132917791604995728e-01,6.821101903915405273e-02,2.516442239284515381e-01,2.315396666526794434e-01,4.347624257206916809e-03,9.018871933221817017e-02,-1.281335502862930298e-01,-9.790761023759841919e-02,-9.865667670965194702e-02,2.460323870182037354e-01,1.203536465764045715e-01,-5.117864906787872314e-02,3.642750903964042664e-02,2.868232131004333496e-01,-2.515781521797180176e-01,-6.316369771957397461e-02,2.047943770885467529e-01,2.409267425537109375e-02,-3.946669399738311768e-03,-2.722479999065399170e-01,1.914987564086914062e-01,1.071450784802436829e-01,-1.072545535862445831e-02,-2.621318697929382324e-01,4.339626058936119080e-02,1.300840824842453003e-01,-1.919526904821395874e-01,-1.311607211828231812e-01,2.487251907587051392e-01,2.133495546877384186e-02,1.622588932514190674e-01,3.098392300307750702e-02,-1.514529157429933548e-02,-1.538057029247283936e-01,-2.756212949752807617e-01,-6.100846454501152039e-02,1.289092563092708588e-02,1.243188604712486267e-02,-1.587171480059623718e-02,2.977611497044563293e-02,8.827903121709823608e-02,-1.415838208049535751e-02,-2.666540443897247314e-02,-2.709308862686157227e-01,6.646149605512619019e-02,2.383265830576419830e-02,-7.349812984466552734e-02,-1.268345862627029419e-01,-3.161589056253433228e-02,4.768071696162223816e-02,9.467327967286109924e-03,5.247193202376365662e-02,-3.193013602867722511e-03,-6.783470511436462402e-02,6.120902299880981445e-02,2.337355315685272217e-01,-2.388129681348800659e-01,2.555338200181722641e-03,-2.145714759826660156e-01,3.737592324614524841e-02,-6.250234693288803101e-02,2.714670002460479736e-01,-6.247066706418991089e-02,-2.177982926368713379e-01,-6.331786978989839554e-03,2.988362312316894531e-01,-8.685763180255889893e-02,-2.510605752468109131e-01,2.802517116069793701e-01,2.856779145076870918e-03,-1.807550191879272461e-01,7.790992967784404755e-03,-2.030965834856033325e-01,-2.032447010278701782e-01,5.410056561231613159e-02,1.234873197972774506e-02,1.120208129286766052e-01,1.107085272669792175e-01,-6.056092306971549988e-02,-3.946103900671005249e-02,-1.983281224966049194e-01,8.329900354146957397e-02,-2.432769238948822021e-01,-8.419234305620193481e-03,9.862232208251953125e-02,-3.178510232828557491e-04,-1.793348491191864014e-01,1.076647043228149414e-01,-7.194881141185760498e-02,8.895235508680343628e-02,-2.865206301212310791e-01,-9.652057290077209473e-02,3.107179403305053711e-01,2.314025769010186195e-03,-1.952934563159942627e-01,-2.225467115640640259e-01,-4.161961004137992859e-02,-2.409427985548973083e-02,1.623171269893646240e-01,-1.017371639609336853e-01,-2.185948193073272705e-01,4.516367986798286438e-02,2.703340351581573486e-01,-2.530510723590850830e-01,1.160945296287536621e-01,7.723703980445861816e-02,-2.720542848110198975e-01,8.279346674680709839e-02,4.103548079729080200e-02,1.975772827863693237e-01,2.551024258136749268e-01,-1.019687429070472717e-01,-1.625842601060867310e-01,-1.106408610939979553e-01,2.112458646297454834e-02,1.256271600723266602e-01
-9.401492029428482056e-02,1.230694912374019623e-02,-6.115137040615081787e-02,6.849838886409997940e-03,1.086919847875833511e-02,2.873341366648674011e-02,-4.694497957825660706e-02,-4.032403230667114258e-03,-3.024773299694061279e-02,1.222056802362203598e-03,8.063939213752746582e-02,-2.220667898654937744e-02,9.559535980224609375e-02,-6.562398746609687805e-03,4.233371093869209290e-02,7.403025776147842407e-02,-5.600373726338148117e-03,3.368699550628662109e-02,-2.746857516467571259e-02,-4.020320996642112732e-02,1.250830441713333130e-01,6.693984568119049072e-02,7.628997415304183960e-02,3.622371878009289503e-04,2.480788622051477432e-03,8.167050033807754517e-02,-1.104765161871910095e-01,-1.862059719860553741e-02,1.242127493023872375e-01,1.923256181180477142e-02,6.799629330635070801e-02,-2.989227883517742157e-02,-3.284861892461776733e-02,1.035061702132225037e-01,-6.436943076550960541e-03,-9.480156004428863525e-02,1.354275178164243698e-02,3.033786639571189880e-02,-3.272452577948570251e-02,7.495963573455810547e-02,-3.701107203960418701e-02,-3.758377954363822937e-02,1.338198781013488770e-01,1.056067738682031631e-02,8.593568950891494751e-02,-1.141619831323623657e-01,-5.169441550970077515e-02,3.142899647355079651e-02,-4.468234255909919739e-02,-7.658796012401580811e-02,5.176244676113128662e-02,-7.042566686868667603e-02,-4.710068553686141968e-02,2.412576973438262939e-02,-6.329775601625442505e-02,-8.094594627618789673e-02,2.191947586834430695e-02,9.198865853250026703e-03,-4.810234531760215759e-03,-1.971036195755004883e-02,5.013918131589889526e-02,-2.937647514045238495e-02,-3.181253094226121902e-03,-1.119859963655471802e-01,-2.661187201738357544e-02,-1.436440274119377136e-02,5.072852224111557007e-02,3.409587591886520386e-02,-8.151572942733764648e-02,-1.809339411556720734e-02,-9.856165386736392975e-03,-1.401384919881820679e-01,-2.211633510887622833e-02,4.940979182720184326e-02,3.958055377006530762e-02,2.781374379992485046e-02,-2.702587284147739410e-03,8.004998415708541870e-02,1.187011748552322388e-01,-4.925133287906646729e-02,1.562108471989631653e-02,7.512242882512509823e-04,-4.904882982373237610e-02,7.345448248088359833e-04,6.793013960123062134e-02,-1.112737804651260376e-01,-2.652099821716547012e-03,6.333121098577976227e-03,3.854615241289138794e-02,1.514655817300081253e-02,1.404491346329450607e-02,3.312781825661659241e-02,-2.651413343846797943e-02,1.357668451964855194e-02,-2.030167169868946075e-02,4.673704877495765686e-02,-2.071090508252382278e-03,-8.649971277918666601e-06,-6.516816467046737671e-02,-8.655880391597747803e-02,-2.784845791757106781e-02,-4.303951933979988098e-02,-4.950485751032829285e-02,-1.993150636553764343e-02,6.100126728415489197e-02,-1.059835404157638550e-01,3.463810682296752930e-02,-9.422015398740768433e-02,8.453653752803802490e-02,-4.903444088995456696e-03,9.646419435739517212e-03,3.005731850862503052e-03,-6.873661279678344727e-02,1.991555653512477875e-02,8.561782538890838623e-02,-3.255801647901535034e-02,6.984453182667493820e-03,6.066118553280830383e-02,6.446737330406904221e-03,3.357071196660399437e-03,3.591516986489295959e-02,-1.516895927488803864e-02,2.645508013665676117e-02,-1.704603061079978943e-02,-1.079110354185104370e-01,2.228536270558834076e-02,1.843260950408875942e-03,1.263078156625851989e-04
-2.350183576345443726e-02,-5.102491006255149841e-02,3.476766049861907959e-01,-2.627854645252227783e-01,-1.614942997694015503e-01,3.132293000817298889e-02,-5.208603572100400925e-03,-1.838301420211791992e-01,-6.738691031932830811e-02,-1.131824702024459839e-01,-2.220667898654937744e-02,1.583666354417800903e-01,-2.828434407711029053e-01,-1.318199783563613892e-01,-3.490929305553436279e-01,-3.223683238029479980e-01,-3.033087588846683502e-03,-1.370807886123657227e-01,1.720974743366241455e-01,1.370286196470260620e-01,9.439333528280258179e-02,-3.527558147907257080e-01,-1.878670901060104370e-01,6.260339170694351196e-02,-4.725871607661247253e-02,-3.745545148849487305e-01,3.488318026065826416e-01,7.969136536121368408e-02,-3.038393259048461914e-01,-4.069174453616142273e-02,-2.359906584024429321e-02,3.597569465637207031e-01,-2.368020117282867432e-01,-1.804389804601669312e-01,1.713808812201023102e-02,3.739796876907348633e-01,-6.237145513296127319e-02,-1.743161827325820923e-01,2.518669068813323975e-01,1.970848590135574341e-01,-3.047441244125366211e-01,-2.069620788097381592e-02,-2.637824714183807373e-01,-4.520680755376815796e-02,-2.819807454943656921e-02,2.121880501508712769e-01,3.755382001399993896e-01,8.508236706256866455e-02,1.076257508248090744e-02,2.034578938037157059e-03,-1.031381264328956604e-02,4.856876097619533539e-03,-1.067112162709236145e-01,3.614459559321403503e-02,4.403261467814445496e-02,3.806213438510894775e-01,-1.060728877782821655e-01,-3.412605822086334229e-02,7.621757686138153076e-02,1.806755512952804565e-01,2.847290597856044769e-02,-4.835871979594230652e-02,-1.250200159847736359e-02,-1.262336783111095428e-02,1.055811531841754913e-02,8.786147832870483398e-02,-9.389859437942504883e-02,-3.200084567070007324e-01,3.364166617393493652e-01,1.716184895485639572e-03,2.854476571083068848e-01,-4.100204445421695709e-03,9.141196310520172119e-02,-3.711428642272949219e-01,6.347761303186416626e-02,2.839602231979370117e-01,7.967313751578330994e-03,-4.091757535934448242e-01,1.038806438446044922e-01,3.386987149715423584e-01,-3.811793327331542969e-01,-4.068106412887573242e-03,2.618920207023620605e-01,-9.859678335487842560e-03,2.533300817012786865e-01,2.877891957759857178e-01,-5.647461861371994019e-02,-1.778809353709220886e-02,-1.307865679264068604e-01,-1.469947248697280884e-01,7.266273349523544312e-02,5.221553519368171692e-02,2.725914120674133301e-01,-1.179997846484184265e-01,3.227774202823638916e-01,6.344810593873262405e-03,-1.509932130575180054e-01,4.159415839239954948e-04,2.578270733356475830e-01,-1.040952205657958984e-01,1.054046303033828735e-01,-7.712107151746749878e-02,3.919759094715118408e-01,1.296144872903823853e-01,-4.072184860706329346e-01,-1.441228669136762619e-02,2.478927522897720337e-01,3.247102797031402588e-01,1.860988885164260864e-02,3.053945302963256836e-02,-2.420754581689834595e-01,1.404861956834793091e-01,3.196150362491607666e-01,-5.668623745441436768e-02,-3.840081691741943359e-01,3.225491344928741455e-01,-1.617750972509384155e-01,-1.144447475671768188e-01,3.668599426746368408e-01,-1.114479824900627136e-01,-5.731968954205513000e-02,-2.602114379405975342e-01,-3.360909521579742432e-01,1.251536309719085693e-01,2.479638457298278809e-01,1.345054060220718384e-01,-2.188768424093723297e-02,-1.659137755632400513e-01
