4.293353855609893799e-01,-4.265805240720510483e-03,5.077046900987625122e-02,-1.158576831221580505e-01,2.821932137012481689e-01,-3.267735838890075684e-01,4.342067614197731018e-02,4.098837375640869141e-01,1.758445650339126587e-01,4.398383572697639465e-02,-2.127229571342468262e-01,-1.727324128150939941e-01,-1.451485306024551392e-01,3.821656480431556702e-02,7.750070095062255859e-02,2.614087462425231934e-01,6.935432553291320801e-03,-1.160510629415512085e-01,2.917192690074443817e-02,-1.493895649909973145e-01,-2.390332818031311035e-01,-1.179435923695564270e-01,-1.093278750777244568e-01,7.328788191080093384e-02,3.279999643564224243e-02,1.854513585567474365e-01,-4.666874185204505920e-02,-2.877742946147918701e-01,5.088343098759651184e-02,-1.030554026365280151e-01,-1.355636268854141235e-01,-1.361225247383117676e-01,-5.591328814625740051e-02,1.496237516403198242e-01,-1.275663543492555618e-02,-9.272404015064239502e-02,9.329989552497863770e-02,7.700961828231811523e-02,-2.429618686437606812e-01,-3.020683825016021729e-01,1.772157251834869385e-01,1.871613711118698120e-01,-1.112748980522155762e-01,2.707483246922492981e-02,-3.158919047564268112e-03,1.108832731842994690e-01,-5.272883549332618713e-02,-4.476784914731979370e-02,2.111107110977172852e-01,-2.028755992650985718e-01,-2.709018886089324951e-01,-1.633329689502716064e-01,2.811199426651000977e-01,-2.464365959167480469e-02,4.451848566532135010e-02,-1.526553481817245483e-01,2.143604457378387451e-01,4.638607148081064224e-03,6.392548233270645142e-02,6.135319918394088745e-02,-1.506066322326660156e-01,1.484003067016601562e-01,-1.981096575036644936e-03,2.586108148097991943e-01,1.695560514926910400e-01,-3.717133775353431702e-02,-3.468740582466125488e-01,1.294308751821517944e-01,-9.974450618028640747e-02,2.463563531637191772e-01,-2.375326752662658691e-01,2.223810404539108276e-01,-1.154503598809242249e-01,4.036242514848709106e-02,-1.367729455232620239e-01,-1.502598524093627930e-01,9.906127816066145897e-04,5.589211732149124146e-02,7.000740151852369308e-03,-1.089670062065124512e-01,1.469944119453430176e-01,8.500152762280777097e-05,-1.801966577768325806e-01,2.845299313776195049e-04,-2.967227697372436523e-01,2.746138535439968109e-02,2.245129346847534180e-01,2.199997426941990852e-03,-2.656276710331439972e-02,1.885548084974288940e-01,-1.879290938377380371e-01,2.608690261840820312e-01,7.350665330886840820e-02,-1.260413825511932373e-01,-1.258948445320129395e-01,-2.303556203842163086e-01,-1.404731650836765766e-03,-1.287582472286885604e-05,-1.892803013324737549e-01,1.125171110033988953e-01,-3.039752542972564697e-01,3.511593639850616455e-01,-1.127279847860336304e-01,-1.529159992933273315e-01,-6.398242432624101639e-03,1.884182393550872803e-01,5.675688385963439941e-02,1.019414812326431274e-01,-3.978992104530334473e-01,4.117453470826148987e-03,8.976732194423675537e-02,8.746650069952011108e-02,-2.645559422671794891e-02,1.385830938816070557e-01,7.500510662794113159e-02,-1.307015120983123779e-01,2.474263012409210205e-01,-5.808040872216224670e-02,-2.018988281488418579e-01,-1.057120878249406815e-02,-8.917030692100524902e-02,1.385000795125961304e-01,1.291039139032363892e-01,2.384587377309799194e-01,-1.704324930906295776e-01,3.895632177591323853e-02,5.696540325880050659e-02,7.842717319726943970e-02
-4.265805240720510483e-03,9.125847369432449341e-03,-8.735223859548568726e-02,7.432880997657775879e-02,4.716216027736663818e-02,1.139150839298963547e-02,2.890991279855370522e-03,1.004228461533784866e-02,5.644547939300537109e-02,6.792892515659332275e-02,-5.684160161763429642e-03,-3.958829864859580994e-02,7.576483488082885742e-02,7.319252938032150269e-02,7.502268254756927490e-02,7.484365999698638916e-02,-2.847440540790557861e-03,7.253912091255187988e-02,-8.500037342309951782e-02,-5.364622175693511963e-02,-3.947485610842704773e-02,7.247225195169448853e-02,7.238627970218658447e-02,-1.874568127095699310e-02,1.110162772238254547e-02,6.434848904609680176e-02,-7.661325484514236450e-02,-2.867602184414863586e-02,7.697116583585739136e-02,-2.657784521579742432e-02,2.899079024791717529e-02,-8.691761642694473267e-02,7.008770108222961426e-02,5.811635404825210571e-02,-1.248262007720768452e-03,-8.355928212404251099e-02,6.601431965827941895e-02,7.548806816339492798e-02,-5.355583131313323975e-02,-5.451814085245132446e-02,7.227646559476852417e-02,7.085371762514114380e-03,8.591990917921066284e-02,3.016297705471515656e-02,-3.039335831999778748e-03,-8.186834305524826050e-02,-8.197442442178726196e-02,-1.948062144219875336e-02,-1.613302901387214661e-02,-3.410529810935258865e-03,1.682141236960887909e-02,-8.633903227746486664e-03,4.901223629713058472e-02,3.749502589926123619e-03,-3.433962538838386536e-02,-8.530133217573165894e-02,4.111618548631668091e-02,3.147347597405314445e-03,-8.254095911979675293e-02,-7.271046191453933716e-02,1.102373749017715454e-02,-1.409063395112752914e-02,2.386990701779723167e-03,1.740820892155170441e-02,-5.977861583232879639e-03,-2.879200316965579987e-02,4.963118210434913635e-02,8.147646486759185791e-02,-8.070565760135650635e-02,1.145953685045242310e-02,-6.228424981236457825e-02,-3.833163157105445862e-02,-3.848404809832572937e-02,7.549045234918594360e-02,-1.596806757152080536e-02,-8.085080981254577637e-02,-3.714580379892140627e-04,8.542038500308990479e-02,-2.533394843339920044e-02,-7.508014142513275146e-02,8.032345026731491089e-02,6.983005005167797208e-05,-6.991721689701080322e-02,-5.583541351370513439e-04,-7.373271882534027100e-02,-8.033753186464309692e-02,3.573655709624290466e-02,6.382600986398756504e-04,7.121960818767547607e-02,5.756064876914024353e-02,-6.019891239702701569e-03,-5.411189794540405273e-02,-7.620019465684890747e-02,3.477929532527923584e-02,-7.619813084602355957e-02,1.487101428210735321e-02,5.925779789686203003e-02,4.055025044635840459e-07,-5.155899748206138611e-02,6.834061443805694580e-02,-2.376439049839973450e-02,2.839191444218158722e-02,-8.202063292264938354e-02,-7.192876189947128296e-02,9.467307478189468384e-02,3.328333608806133270e-03,-8.507865667343139648e-02,-8.663941919803619385e-02,9.377555921673774719e-03,-1.209580339491367340e-03,6.080836802721023560e-02,-7.304993271827697754e-02,-7.823549211025238037e-02,1.428560586646199226e-03,8.363966643810272217e-02,-7.372975349426269531e-02,3.625662252306938171e-02,3.679808974266052246e-02,-7.534722238779067993e-02,5.939596891403198242e-02,8.005655556917190552e-02,6.868930906057357788e-02,6.962645798921585083e-02,-6.440997123718261719e-02,-3.804889321327209473e-02,-6.718403100967407227e-02,-1.130332332104444504e-02,6.833142042160034180e-02
5.077046900987625122e-02,-8.735223859548568726e-02,8.338091969490051270e-01,-7.467911243438720703e-01,-5.132595896720886230e-01,-1.543340831995010376e-01,-5.754053965210914612e-02,-1.867367774248123169e-01,-5.306751728057861328e-01,-7.045217156410217285e-01,6.820210069417953491e-02,4.739586114883422852e-01,-7.078076004981994629e-01,-7.338232994079589844e-01,-7.620757818222045898e-01,-7.054751515388488770e-01,2.952726930379867554e-02,-6.958805918693542480e-01,8.011884093284606934e-01,5.957098603248596191e-01,3.510614633560180664e-01,-7.479142546653747559e-01,-7.442097663879394531e-01,2.202985286712646484e-01,-1.244443729519844055e-01,-6.181021332740783691e-01,7.577822208404541016e-01,3.042734265327453613e-01,-7.781376242637634277e-01,3.124662935733795166e-01,-3.000615239143371582e-01,7.936174869537353516e-01,-6.477586030960083008e-01,-6.552538275718688965e-01,2.103113010525703430e-02,7.852376699447631836e-01,-6.934987306594848633e-01,-7.643535733222961426e-01,5.461258888244628906e-01,5.757250785827636719e-01,-6.932247281074523926e-01,-7.543461769819259644e-02,-8.084930181503295898e-01,-3.447709083557128906e-01,-5.741715058684349060e-02,7.968268394470214844e-01,8.093302249908447266e-01,2.129358351230621338e-01,1.747680306434631348e-01,1.723915934562683105e-01,-1.419392824172973633e-01,1.992443948984146118e-01,-4.987560510635375977e-01,-3.929265588521957397e-02,4.014809131622314453e-01,8.143872022628784180e-01,-5.031561851501464844e-01,-3.718386963009834290e-02,7.751526236534118652e-01,7.229853868484497070e-01,-1.213805973529815674e-01,1.529875248670578003e-01,-2.386879548430442810e-02,-1.598365902900695801e-01,8.064351230859756470e-02,3.153996467590332031e-01,-4.442955553531646729e-01,-7.769476771354675293e-01,7.792401313781738281e-01,-1.502000391483306885e-01,6.646296977996826172e-01,4.432967007160186768e-01,4.071358740329742432e-01,-7.695845961570739746e-01,8.052147179841995239e-02,7.760251164436340332e-01,3.832272253930568695e-03,-8.294538259506225586e-01,2.513803243637084961e-01,7.501235008239746094e-01,-7.775134444236755371e-01,-8.236718713305890560e-04,7.228707671165466309e-01,7.482611574232578278e-03,7.014707922935485840e-01,7.976592779159545898e-01,-4.273677766323089600e-01,-7.767508272081613541e-03,-6.912959814071655273e-01,-6.410042047500610352e-01,7.560296356678009033e-02,4.607188701629638672e-01,7.259710431098937988e-01,-3.461618125438690186e-01,7.482939362525939941e-01,-1.462131142616271973e-01,-6.336241364479064941e-01,-2.281118668179260567e-06,5.631341934204101562e-01,-6.705686450004577637e-01,3.586590290069580078e-01,-3.234931826591491699e-01,7.861632704734802246e-01,7.325661182403564453e-01,-8.547384142875671387e-01,-1.038062945008277893e-01,7.417073845863342285e-01,8.069784641265869141e-01,-7.420194894075393677e-02,8.326732553541660309e-03,-5.910866260528564453e-01,7.300895452499389648e-01,7.773072123527526855e-01,-1.094507053494453430e-01,-8.193714618682861328e-01,7.323187589645385742e-01,-3.978060483932495117e-01,-4.369035661220550537e-01,7.521257996559143066e-01,-6.255710124969482422e-01,-7.745977640151977539e-01,-6.799854040145874023e-01,-6.988388299942016602e-01,6.152105331420898438e-01,4.861252605915069580e-01,6.896415352821350098e-01,1.023199558258056641e-01,-7.179036140441894531e-01
-1.158576831221580505e-01,7.432880997657775879e-02,-7.467911243438720703e-01,7.812632918357849121e-01,3.247263133525848389e-01,2.403623908758163452e-01,5.772088840603828430e-02,8.163964375853538513e-03,4.840875864028930664e-01,6.160866022109985352e-01,-1.637174189090728760e-01,-3.611710667610168457e-01,5.448353290557861328e-01,6.907703280448913574e-01,6.716404557228088379e-01,4.929474294185638428e-01,-2.497661858797073364e-02,6.064994931221008301e-01,-7.692173123359680176e-01,-5.356597304344177246e-01,-4.163287580013275146e-01,7.019264101982116699e-01,6.889882087707519531e-01,-1.548558920621871948e-01,1.108985692262649536e-01,3.912135958671569824e-01,-6.242729425430297852e-01,-4.953768104314804077e-02,6.030570864677429199e-01,-1.365755051374435425e-01,2.295818030834197998e-01,-7.073000073432922363e-01,7.087554931640625000e-01,5.842999219894409180e-01,-2.828286495059728622e-03,-6.054725050926208496e-01,5.413148999214172363e-01,6.538647413253784180e-01,-2.835945487022399902e-01,-5.528307557106018066e-01,6.261155605316162109e-01,1.402358114719390869e-01,7.066656947135925293e-01,2.832297682762145996e-01,-9.265562146902084351e-02,-6.591025590896606445e-01,-7.486013770103454590e-01,-1.842367649078369141e-01,-9.820897877216339111e-02,-8.403103798627853394e-02,1.631531715393066406e-01,2.554657170549035072e-03,5.131559967994689941e-01,-5.604884121567010880e-03,-2.144767791032791138e-01,-6.668277978897094727e-01,4.846143722534179688e-01,2.932618185877799988e-02,-6.991592049598693848e-01,-7.469373941421508789e-01,4.907263070344924927e-02,-6.656337529420852661e-02,2.644956856966018677e-02,8.345811814069747925e-02,-4.979305714368820190e-02,-2.675016820430755615e-01,3.488591611385345459e-01,6.013314723968505859e-01,-6.636285781860351562e-01,-8.432031422853469849e-02,-5.151165723800659180e-01,-2.509419023990631104e-01,-4.563010931015014648e-01,6.746970415115356445e-01,-1.681519001722335815e-01,-6.600253582000732422e-01,-2.167401369661092758e-03,6.970823407173156738e-01,-4.228821396827697754e-01,-6.285163760185241699e-01,7.373149991035461426e-01,6.876440020278096199e-04,-5.714697837829589844e-01,-2.380547346547245979e-03,-5.610684752464294434e-01,-6.751216650009155273e-01,2.092201560735702515e-01,3.621869022026658058e-03,5.471804141998291016e-01,5.166270136833190918e-01,-1.000063866376876831e-01,-5.619554519653320312e-01,-7.353645563125610352e-01,4.174922108650207520e-01,-6.827741265296936035e-01,2.222953885793685913e-01,5.018687248229980469e-01,2.210320644735475071e-06,-3.547546565532684326e-01,5.227111577987670898e-01,-2.253798246383666992e-01,8.753695338964462280e-02,-7.250313162803649902e-01,-5.824672579765319824e-01,7.900934219360351562e-01,2.765856981277465820e-01,-8.016877174377441406e-01,-6.833743453025817871e-01,2.396040856838226318e-01,-1.659554615616798401e-02,5.959686040878295898e-01,-7.458148002624511719e-01,-7.251299023628234863e-01,2.186886668205261230e-01,7.011889219284057617e-01,-6.420710086822509766e-01,1.467278748750686646e-01,3.717370331287384033e-01,-6.196836829185485840e-01,6.398118734359741211e-01,6.496579051017761230e-01,6.583922505378723145e-01,6.391798257827758789e-01,-5.819946527481079102e-01,-4.435403943061828613e-01,-6.652389168739318848e-01,-9.735931456089019775e-02,6.261508464813232422e-01
2.821932137012481689e-01,4.716216027736663818e-02,-5.132595896720886230e-01,3.247263133525848389e-01,6.232323050498962402e-01,-1.962911784648895264e-01,5.946268141269683838e-02,5.481420755386352539e-01,3.778891563415527344e-01,4.444966614246368408e-01,-9.513201564550399780e-02,-4.460593461990356445e-01,4.433904886245727539e-01,4.349593818187713623e-01,5.376024246215820312e-01,7.713649868965148926e-01,-1.317876484245061874e-02,3.952775001525878906e-01,-4.663768708705902100e-01,-4.230690598487854004e-01,-2.200283706188201904e-01,3.679002225399017334e-01,3.638712763786315918e-01,-1.217265725135803223e-01,9.070834517478942871e-02,6.535470485687255859e-01,-5.434194803237915039e-01,-5.633473992347717285e-01,6.590945720672607422e-01,-3.562267720699310303e-01,1.118792593479156494e-01,-5.973161458969116211e-01,2.484560310840606689e-01,5.056821703910827637e-01,-3.573491051793098450e-02,-6.612752676010131836e-01,5.498778223991394043e-01,5.638764500617980957e-01,-7.405852675437927246e-01,-5.084959268569946289e-01,5.452311635017395020e-01,9.129234403371810913e-02,4.708962440490722656e-01,2.388726919889450073e-01,1.779874414205551147e-01,-5.000263452529907227e-01,-5.548781752586364746e-01,-1.708573102951049805e-01,-3.299409151077270508e-02,-2.907759845256805420e-01,-1.264127641916275024e-01,-4.022057652473449707e-01,4.109559357166290283e-01,3.684015944600105286e-02,-3.458628952503204346e-01,-7.103112339973449707e-01,4.156289994716644287e-01,2.912802807986736298e-02,-4.414438009262084961e-01,-3.414094448089599609e-01,3.796949982643127441e-02,-8.561591058969497681e-02,6.948301568627357483e-03,2.854765951633453369e-01,4.263443127274513245e-02,-2.193882167339324951e-01,9.793366491794586182e-02,6.791460514068603516e-01,-5.816943645477294922e-01,4.406484961509704590e-01,-6.619170904159545898e-01,-2.729153037071228027e-01,-1.992272138595581055e-01,5.376270413398742676e-01,-4.123739898204803467e-02,-6.317053437232971191e-01,-2.620046492666006088e-03,6.395850777626037598e-01,1.254972908645868301e-02,-5.849370360374450684e-01,5.759490728378295898e-01,5.779036437161266804e-04,-6.396225690841674805e-01,-7.744902279227972031e-03,-7.210147976875305176e-01,-5.398429036140441895e-01,5.340092182159423828e-01,9.211484342813491821e-03,4.472792744636535645e-01,5.714409947395324707e-01,-1.508417278528213501e-01,3.206511586904525757e-02,-3.293065726757049561e-01,2.764218486845493317e-03,-5.552965998649597168e-01,-1.446007788181304932e-01,4.555069506168365479e-01,-7.733626262051984668e-06,-5.901842117309570312e-01,5.790376067161560059e-01,-4.949510395526885986e-01,6.011395454406738281e-01,-5.768589973449707031e-01,-6.411041617393493652e-01,5.531451702117919922e-01,4.221718013286590576e-02,-3.274109959602355957e-01,-5.218958258628845215e-01,-3.667194247245788574e-01,9.204669855535030365e-03,3.223319649696350098e-01,-3.147608935832977295e-01,-5.070167183876037598e-01,3.953735902905464172e-02,6.453074216842651367e-01,-5.470042824745178223e-01,5.761650800704956055e-01,2.588177919387817383e-01,-6.794673204421997070e-01,2.829023003578186035e-01,4.993225932121276855e-01,4.563975632190704346e-01,4.781963229179382324e-01,-1.860184073448181152e-01,-3.826271891593933105e-01,-3.328361213207244873e-01,-1.835826970636844635e-02,4.986945092678070068e-01
-3.267735838890075684e-01,1.139150839298963547e-02,-1.543340831995010376e-01,2.403623908758163452e-01,-1.962911784648895264e-01,3.251147866249084473e-01,-2.916281577199697495e-03,-3.307667970657348633e-01,-7.021683454513549805e-02,6.041102483868598938e-02,7.938545197248458862e-02,8.962370455265045166e-02,1.309960633516311646e-01,1.018915325403213501e-01,6.035846471786499023e-02,-1.684385985136032104e-01,-8.184209465980529785e-03,1.373420357704162598e-01,-1.504772603511810303e-01,-7.780802901834249496e-03,5.517784506082534790e-02,1.948433071374893188e-01,1.934418976306915283e-01,-5.215675383806228638e-02,-6.302579306066036224e-03,-1.540109366178512573e-01,-6.024407967925071716e-02,2.755571305751800537e-01,3.041546978056430817e-02,7.343696057796478271e-02,1.194523125886917114e-01,-2.030166797339916229e-02,1.880144625902175903e-01,1.919461414217948914e-02,1.327588316053152084e-02,1.369520090520381927e-02,-1.936423592269420624e-02,2.990944124758243561e-02,2.164191603660583496e-01,8.174502849578857422e-02,-4.867515712976455688e-02,-7.068171352148056030e-02,1.754896193742752075e-01,2.019625157117843628e-02,-5.168851837515830994e-02,-1.641922295093536377e-01,-8.792518824338912964e-02,1.206980459392070770e-02,-1.408862918615341187e-01,1.249664798378944397e-01,2.203272134065628052e-01,1.472951620817184448e-01,-8.519759774208068848e-02,6.630853749811649323e-03,-1.296931691467761993e-02,1.400653552263975143e-02,-6.515405327081680298e-02,-4.730882938019931316e-04,-1.411933302879333496e-01,-1.776634156703948975e-01,8.438809216022491455e-02,-7.090578973293304443e-02,7.328596897423267365e-03,-1.863399595022201538e-01,-1.289125680923461914e-01,-4.324290435761213303e-03,2.520587146282196045e-01,-3.460834547877311707e-02,-1.625260710716247559e-02,-2.529853284358978271e-01,1.111354306340217590e-01,-1.680573672056198120e-01,-1.748592220246791840e-02,5.891991034150123596e-02,5.493305996060371399e-02,1.410324405878782272e-02,-4.496646579355001450e-04,6.201305240392684937e-02,-1.217832043766975403e-01,6.387742701917886734e-03,3.123326599597930908e-02,3.046829078812152147e-05,4.944761097431182861e-02,6.157364259706810117e-05,1.570096462965011597e-01,-1.033577695488929749e-01,-1.532317847013473511e-01,-2.337489742785692215e-03,6.233207136392593384e-02,-7.336073368787765503e-02,9.938126057386398315e-02,-3.006334900856018066e-01,-1.802869290113449097e-01,1.825284808874130249e-01,-7.415796630084514618e-03,2.154707759618759155e-01,5.985010787844657898e-02,7.621134500368498266e-06,1.267910003662109375e-01,-5.738212540745735168e-02,1.852964460849761963e-01,-2.990094125270843506e-01,-2.674713917076587677e-02,4.957004636526107788e-02,1.319494694471359253e-01,1.461228728294372559e-02,-2.113881111145019531e-01,-1.352340430021286011e-01,3.724304139614105225e-01,-8.206232450902462006e-03,5.519036576151847839e-02,-2.283570766448974609e-01,-8.675292134284973145e-02,1.080220565199851990e-02,4.922551289200782776e-02,-4.580107983201742172e-03,-2.212809920310974121e-01,8.852860331535339355e-02,6.086397916078567505e-02,1.261340975761413574e-01,1.318605691194534302e-01,2.149337343871593475e-02,2.143660560250282288e-02,-2.424181997776031494e-01,1.814562454819679260e-02,-1.456406563520431519e-01,-5.372678488492965698e-02,4.155020788311958313e-02
4.342067614197731018e-02,2.890991279855370522e-03,-5.754053965210914612e-02,5.772088840603828430e-02,5.946268141269683838e-02,-2.916281577199697495e-03,3.410290554165840149e-02,6.378227472305297852e-02,2.548618987202644348e-02,5.419495329260826111e-02,-5.477004498243331909e-02,-4.317713156342506409e-02,1.191530283540487289e-02,4.990553110837936401e-02,6.168757006525993347e-02,6.063287332653999329e-02,-8.293770952150225639e-04,2.232605405151844025e-02,-6.794428080320358276e-02,-7.096893340349197388e-02,-5.340773612260818481e-02,3.723442927002906799e-02,4.346887394785881042e-02,-3.767413087189197540e-03,1.197621505707502365e-02,3.689605742692947388e-02,-5.127278715372085571e-02,-2.891067601740360260e-02,6.392126530408859253e-02,-3.199874609708786011e-02,5.842339713126420975e-03,-6.602703034877777100e-02,5.280791595578193665e-02,7.874264568090438843e-02,-1.694155624136328697e-03,-4.816360399127006531e-02,4.867868870496749878e-02,6.108874827623367310e-02,-5.031232163310050964e-02,-9.443002194166183472e-02,6.268847733736038208e-02,4.095998778939247131e-02,3.849075734615325928e-02,2.658282779157161713e-02,-1.114652864634990692e-02,-3.395934030413627625e-02,-7.377564907073974609e-02,-1.774033345282077789e-02,2.677834033966064453e-02,-3.583943843841552734e-02,-1.682077907025814056e-02,-3.466051816940307617e-02,7.955423742532730103e-02,-8.410668233409523964e-04,-1.044263690710067749e-02,-7.898312062025070190e-02,6.448530405759811401e-02,2.671681577339768410e-03,-4.426843672990798950e-02,-5.099139362573623657e-02,-2.412793226540088654e-02,1.762834750115871429e-02,1.785371801815927029e-03,3.991097211837768555e-02,1.849342882633209229e-02,-2.262823097407817841e-02,-2.987621538341045380e-02,6.096820533275604248e-02,-5.834170803427696228e-02,2.333972416818141937e-02,-8.028841018676757812e-02,4.477192182093858719e-03,-4.131051152944564819e-02,5.241088941693305969e-02,-2.845541015267372131e-02,-7.744266092777252197e-02,1.351203827653080225e-04,6.735668331384658813e-02,-3.797715529799461365e-02,-5.705524981021881104e-02,8.569959551095962524e-02,5.893292109249159694e-05,-6.999430805444717407e-02,-5.720741464756429195e-04,-8.320551365613937378e-02,-4.539893940091133118e-02,5.528900772333145142e-02,4.165307036601006985e-04,2.273325622081756592e-02,6.560846418142318726e-02,-4.375426471233367920e-02,-6.267677061259746552e-03,-4.590692371129989624e-02,9.348851628601551056e-03,-7.334724068641662598e-02,-1.794766820967197418e-02,4.597139731049537659e-02,-2.488070776962558739e-06,-4.401302337646484375e-02,5.015134066343307495e-02,-6.875331699848175049e-02,4.915757849812507629e-02,-6.729378551244735718e-02,-6.451603025197982788e-02,7.167964428663253784e-02,7.609867304563522339e-02,-6.192593276500701904e-02,-3.023024089634418488e-02,-2.514840476214885712e-02,3.811866190517321229e-05,3.739446774125099182e-02,-6.147089973092079163e-02,-5.405693501234054565e-02,6.195399910211563110e-02,7.326772809028625488e-02,-6.594052910804748535e-02,3.064022958278656006e-02,2.801047451794147491e-02,-8.192518353462219238e-02,4.422518983483314514e-02,4.294403642416000366e-02,6.912956386804580688e-02,6.122446805238723755e-02,-3.001020988449454308e-03,-6.385579705238342285e-02,-4.387216642498970032e-02,-6.219780188985168934e-04,6.430925428867340088e-02
4.098837375640869141e-01,1.004228461533784866e-02,-1.867367774248123169e-01,8.163964375853538513e-03,5.481420755386352539e-01,-3.307667970657348633e-01,6.378227472305297852e-02,6.847282648086547852e-01,1.844795048236846924e-01,1.953487843275070190e-01,-9.019503742456436157e-02,-3.738141357898712158e-01,1.459701955318450928e-01,1.729819178581237793e-01,2.978709638118743896e-01,6.053975820541381836e-01,-7.509777788072824478e-05,8.853533864021301270e-02,-1.324070692062377930e-01,-2.633787989616394043e-01,-7.799837738275527954e-02,7.957043498754501343e-02,6.045233458280563354e-02,-5.770089104771614075e-02,5.792258679866790771e-02,5.009999275207519531e-01,-2.963742911815643311e-01,-5.836315155029296875e-01,4.405547380447387695e-01,-3.152297437191009521e-01,-3.020404279232025146e-02,-3.216046988964080811e-01,-7.939756661653518677e-02,3.525358438491821289e-01,-4.174497723579406738e-02,-4.144664704799652100e-01,3.501529693603515625e-01,3.179102838039398193e-01,-6.773166060447692871e-01,-3.789381384849548340e-01,3.120712935924530029e-01,8.642943203449249268e-02,1.294492781162261963e-01,1.421032994985580444e-01,2.642432451248168945e-01,-2.028947919607162476e-01,-2.699249088764190674e-01,-1.102305725216865540e-01,6.377957016229629517e-02,-3.953694999217987061e-01,-2.812045514583587646e-01,-4.933778941631317139e-01,2.727617323398590088e-01,1.967826299369335175e-02,-2.568261623382568359e-01,-4.702517092227935791e-01,3.212772309780120850e-01,2.058478444814682007e-02,-1.031307280063629150e-01,-3.053922764956951141e-02,-2.619749307632446289e-02,-1.645395159721374512e-02,-4.678030963987112045e-03,2.729506194591522217e-01,9.670438617467880249e-02,-1.240179091691970825e-01,-1.771438568830490112e-01,4.425668120384216309e-01,-3.258044123649597168e-01,5.243454575538635254e-01,-5.270373225212097168e-01,-1.500245481729507446e-01,-5.102185532450675964e-02,2.904382050037384033e-01,5.595489591360092163e-02,-3.785273432731628418e-01,-1.273390138521790504e-03,3.737809062004089355e-01,1.678688526153564453e-01,-3.488073348999023438e-01,3.137376606464385986e-01,3.763510612770915031e-04,-4.567571282386779785e-01,-7.068682461977005005e-03,-5.369047522544860840e-01,-2.608937025070190430e-01,5.089517831802368164e-01,8.675578050315380096e-03,1.854809522628784180e-01,4.365251064300537109e-01,-1.608146280050277710e-01,3.716899454593658447e-01,-1.658967579714953899e-03,-1.935764700174331665e-01,-2.999781370162963867e-01,-2.874605059623718262e-01,2.424318194389343262e-01,-1.357856035610893741e-05,-4.993166327476501465e-01,3.634200394153594971e-01,-5.344519615173339844e-01,6.496069431304931641e-01,-3.088529109954833984e-01,-4.437715411186218262e-01,2.061720043420791626e-01,4.041482135653495789e-02,4.579567909240722656e-02,-1.955516338348388672e-01,-5.581392645835876465e-01,1.922711543738842010e-02,9.564251452684402466e-02,-9.363478980958461761e-03,-2.256035506725311279e-01,6.920696794986724854e-02,3.791605830192565918e-01,-3.104990422725677490e-01,5.645520687103271484e-01,1.259317845106124878e-01,-4.770130515098571777e-01,2.361291460692882538e-02,1.943344622850418091e-01,2.205249667167663574e-01,2.371146827936172485e-01,1.461262106895446777e-01,-3.048877716064453125e-01,-5.608423054218292236e-02,4.952683672308921814e-02,2.717045545578002930e-01
1.758445650339126587e-01,5.644547939300537109e-02,-5.306751728057861328e-01,4.840875864028930664e-01,3.778891563415527344e-01,-7.021683454513549805e-02,2.548618987202644348e-02,1.844795048236846924e-01,5.863880515098571777e-01,5.076305866241455078e-01,-2.065763175487518311e-01,-3.836062550544738770e-01,3.282222449779510498e-01,5.840211510658264160e-01,5.721476674079895020e-01,5.758574604988098145e-01,-1.315330155193805695e-02,3.320097327232360840e-01,-5.755317211151123047e-01,-5.194980502128601074e-01,-5.483664870262145996e-01,4.689316749572753906e-01,4.275650680065155029e-01,-9.139375388622283936e-02,1.102031543850898743e-01,4.746539890766143799e-01,-5.595413446426391602e-01,-1.983638405799865723e-01,4.651923775672912598e-01,-1.555161178112030029e-01,6.985656917095184326e-02,-7.217173576354980469e-01,5.017694234848022461e-01,5.409106016159057617e-01,-8.101562969386577606e-03,-5.769107937812805176e-01,4.732434749603271484e-01,5.443221926689147949e-01,-3.383711874485015869e-01,-5.865566730499267578e-01,6.088553667068481445e-01,2.182471901178359985e-01,4.558323919773101807e-01,2.102004438638687134e-01,-9.859673678874969482e-02,-4.706292450428009033e-01,-5.778369903564453125e-01,-1.273452788591384888e-01,1.245733276009559631e-01,-2.224990725517272949e-01,-6.960862129926681519e-02,-2.929356694221496582e-02,5.841353535652160645e-01,-3.081415407359600067e-02,-8.549110591411590576e-02,-6.148672699928283691e-01,4.759874939918518066e-01,2.271731942892074585e-02,-5.017999410629272461e-01,-5.104154944419860840e-01,-8.084327727556228638e-02,1.023294702172279358e-01,1.903424598276615143e-02,2.652042210102081299e-01,1.027036532759666443e-01,-2.243579626083374023e-01,5.147894844412803650e-02,5.467942357063293457e-01,-6.183022856712341309e-01,7.716127485036849976e-02,-5.061355829238891602e-01,-3.428327664732933044e-02,-4.812121093273162842e-01,5.585592389106750488e-01,-2.031397521495819092e-01,-5.877383947372436523e-01,-1.091821934096515179e-03,5.774518251419067383e-01,-2.636214494705200195e-01,-5.855200290679931641e-01,6.645112633705139160e-01,5.704492214135825634e-04,-5.310483574867248535e-01,-1.696057588560506701e-04,-6.028845310211181641e-01,-5.089145898818969727e-01,2.573602199554443359e-01,3.723587840795516968e-03,4.933631420135498047e-01,5.082978606224060059e-01,-1.454543173313140869e-01,-2.904334962368011475e-01,-5.345718860626220703e-01,2.981011271476745605e-01,-6.018248200416564941e-01,5.106537789106369019e-02,2.747474908828735352e-01,-4.676496700994903222e-06,-4.045857191085815430e-01,4.360756576061248779e-01,-3.301815092563629150e-01,3.120250999927520752e-01,-6.559249758720397949e-01,-5.423725843429565430e-01,6.542002558708190918e-01,2.084362655878067017e-01,-6.262503862380981445e-01,-4.730551838874816895e-01,-6.550066918134689331e-02,-1.790493726730346680e-02,6.190217137336730957e-01,-5.286625027656555176e-01,-5.673751235008239746e-01,2.796500027179718018e-01,5.284888744354248047e-01,-5.909514427185058594e-01,2.586112022399902344e-01,1.911440193653106689e-01,-5.823847651481628418e-01,4.719324707984924316e-01,4.059933125972747803e-01,6.128600835800170898e-01,5.769733786582946777e-01,-2.862706184387207031e-01,-4.568732976913452148e-01,-5.065678358078002930e-01,-1.790799759328365326e-02,5.088323950767517090e-01
4.398383572697639465e-02,6.792892515659332275e-02,-7.045217156410217285e-01,6.160866022109985352e-01,4.444966614246368408e-01,6.041102483868598938e-02,5.419495329260826111e-02,1.953487843275070190e-01,5.076305866241455078e-01,6.019826531410217285e-01,-1.114387437701225281e-01,-4.129439890384674072e-01,5.433411002159118652e-01,6.521851420402526855e-01,6.756091713905334473e-01,6.720701456069946289e-01,-2.132112905383110046e-02,5.112416148185729980e-01,-7.049286365509033203e-01,-5.547055602073669434e-01,-4.069595038890838623e-01,6.070823073387145996e-01,5.902341604232788086e-01,-1.674845814704895020e-01,1.119596064090728760e-01,5.639778971672058105e-01,-6.827504634857177734e-01,-2.625865340232849121e-01,6.721060872077941895e-01,-2.593652009963989258e-01,2.002337276935577393e-01,-7.752851843833923340e-01,5.572451949119567871e-01,6.148304343223571777e-01,-1.622232981026172638e-02,-7.138631939888000488e-01,5.834813714027404785e-01,6.607212424278259277e-01,-4.878216683864593506e-01,-5.701817870140075684e-01,6.291061043739318848e-01,1.235066205263137817e-01,6.535934209823608398e-01,2.738258540630340576e-01,7.220879662781953812e-03,-6.738966107368469238e-01,-7.062865495681762695e-01,-1.574292927980422974e-01,-3.752466663718223572e-02,-2.068751156330108643e-01,4.727276787161827087e-02,-1.488769650459289551e-01,5.143348574638366699e-01,1.564018428325653076e-02,-2.648368179798126221e-01,-7.581543922424316406e-01,4.576714932918548584e-01,2.927706018090248108e-02,-6.443165540695190430e-01,-6.010574102401733398e-01,3.078036941587924957e-02,-3.902648016810417175e-02,1.996429264545440674e-02,2.058535069227218628e-01,-4.813057836145162582e-03,-2.600041329860687256e-01,2.664216458797454834e-01,6.880420446395874023e-01,-7.089275121688842773e-01,1.332219094038009644e-01,-6.012607812881469727e-01,-2.984411120414733887e-01,-4.033454954624176025e-01,6.676165461540222168e-01,-1.058853641152381897e-01,-6.985442042350769043e-01,-2.521445276215672493e-03,7.425859570503234863e-01,-2.137954980134963989e-01,-6.739802360534667969e-01,7.334617376327514648e-01,6.795139634050428867e-04,-6.418447494506835938e-01,-4.887964110821485519e-03,-6.617912650108337402e-01,-6.714211702346801758e-01,3.621347844600677490e-01,5.923104006797075272e-03,5.998604893684387207e-01,5.721929669380187988e-01,-9.688738733530044556e-02,-3.566050529479980469e-01,-6.183570623397827148e-01,2.989046871662139893e-01,-6.750622391700744629e-01,9.148678928613662720e-02,4.594036638736724854e-01,-8.361867003259249032e-07,-4.909273386001586914e-01,5.512142181396484375e-01,-3.517783880233764648e-01,3.373942971229553223e-01,-7.225796580314636230e-01,-6.516643762588500977e-01,7.914042472839355469e-01,1.284954547882080078e-01,-6.873817443847656250e-01,-6.649615764617919922e-01,6.977068725973367691e-03,-1.110127288848161697e-02,5.763937234878540039e-01,-6.395720243453979492e-01,-6.656635999679565430e-01,1.915523558855056763e-01,7.040457129478454590e-01,-6.604923605918884277e-01,3.403149545192718506e-01,3.169828951358795166e-01,-6.874411702156066895e-01,5.185440778732299805e-01,6.154809594154357910e-01,6.279062628746032715e-01,6.236440539360046387e-01,-4.403571784496307373e-01,-4.665189087390899658e-01,-5.838665366172790527e-01,-5.973993241786956787e-02,6.124370694160461426e-01
-2.127229571342468262e-01,-5.684160161763429642e-03,6.820210069417953491e-02,-1.637174189090728760e-01,-9.513201564550399780e-02,7.938545197248458862e-02,-5.477004498243331909e-02,-9.019503742456436157e-02,-2.065763175487518311e-01,-1.114387437701225281e-01,3.140022754669189453e-01,9.513960778713226318e-02,1.376296281814575195e-01,-1.473040878772735596e-01,-1.251114606857299805e-01,-4.901118203997612000e-02,-2.565169241279363632e-03,1.686985790729522705e-02,1.658335924148559570e-01,1.917554736137390137e-01,3.693555891513824463e-01,-4.771905764937400818e-02,-5.084286257624626160e-02,-7.943233847618103027e-02,-3.997894376516342163e-02,2.282754518091678619e-02,4.286886751651763916e-02,-5.903961509466171265e-02,2.028863131999969482e-02,-5.788812413811683655e-02,1.016124263405799866e-01,1.789827644824981689e-01,-2.407935112714767456e-01,-1.721515506505966187e-01,-1.085400488227605820e-02,2.921509323641657829e-03,-5.071303248405456543e-02,-1.084299907088279724e-01,-8.350095152854919434e-02,3.346131145954132080e-01,-2.325682491064071655e-01,-2.480462640523910522e-01,7.177502848207950592e-03,-3.112194687128067017e-02,2.165606766939163208e-01,-7.787209004163742065e-02,1.693334579467773438e-01,5.283803865313529968e-02,-2.170152962207794189e-01,3.941140696406364441e-02,1.203262656927108765e-01,-1.059582754969596863e-01,-3.651990592479705811e-01,6.468331813812255859e-02,-1.732818335294723511e-01,1.017591804265975952e-01,-2.530151605606079102e-01,-2.645121887326240540e-03,7.263016700744628906e-02,1.841484457254409790e-01,1.781097352504730225e-01,-1.827417463064193726e-01,-8.936585858464241028e-03,-1.560909450054168701e-01,-1.509703248739242554e-01,5.094828829169273376e-02,2.474393397569656372e-01,-5.112173408269882202e-02,1.079903468489646912e-01,8.069470524787902832e-02,1.418840438127517700e-01,-3.340456485748291016e-01,2.552700042724609375e-01,-8.984316885471343994e-02,2.669717967510223389e-01,1.642145663499832153e-01,-1.923124073073267937e-03,-5.929249897599220276e-02,2.941368818283081055e-01,1.082543432712554932e-01,-2.609183788299560547e-01,-9.130157559411600232e-05,1.017547771334648132e-01,-4.879652522504329681e-03,2.067239135503768921e-01,1.133916713297367096e-02,5.217405967414379120e-03,1.866421196609735489e-03,2.643565833568572998e-02,-1.329657733440399170e-01,2.030416876077651978e-01,9.900908172130584717e-02,1.647013872861862183e-01,-9.924979507923126221e-02,2.061878889799118042e-01,2.935328148305416107e-02,-1.059698406606912613e-02,1.025909477903041989e-05,9.715791093185544014e-04,-7.362366467714309692e-02,1.255378723144531250e-01,-9.669164195656776428e-03,2.008647918701171875e-01,9.400040656328201294e-02,-1.421496421098709106e-01,-3.980414271354675293e-01,2.713329493999481201e-01,-3.896735236048698425e-02,4.425047710537910461e-02,1.115394197404384613e-02,-2.183751165866851807e-01,1.625052243471145630e-01,1.539951115846633911e-01,-2.686009705066680908e-01,-9.945311397314071655e-02,1.745708286762237549e-01,7.052482664585113525e-02,7.186529226601123810e-03,1.579773724079132080e-01,-1.844707578420639038e-01,2.451525256037712097e-02,-2.590358853340148926e-01,-1.983082890510559082e-01,-3.640264272689819336e-02,1.824597269296646118e-01,1.308815628290176392e-01,-1.439776923507452011e-02,-1.323390901088714600e-01
-1.727324128150939941e-01,-3.958829864859580994e-02,4.739586114883422852e-01,-3.611710667610168457e-01,-4.460593461990356445e-01,8.962370455265045166e-02,-4.317713156342506409e-02,-3.738141357898712158e-01,-3.836062550544738770e-01,-4.129439890384674072e-01,9.513960778713226318e-02,3.942281007766723633e-01,-3.371450304985046387e-01,-4.724741280078887939e-01,-5.269423127174377441e-01,-6.551314592361450195e-01,1.047473121434450150e-02,-2.878750264644622803e-01,4.518098533153533936e-01,4.370449185371398926e-01,2.931876778602600098e-01,-3.924031555652618408e-01,-3.512058556079864502e-01,1.176591068506240845e-01,-8.904177695512771606e-02,-5.192349553108215332e-01,5.312013030052185059e-01,3.517541289329528809e-01,-5.692525506019592285e-01,2.425604462623596191e-01,-7.461736351251602173e-02,6.199083328247070312e-01,-2.758988440036773682e-01,-5.288426876068115234e-01,2.584853023290634155e-02,5.948231816291809082e-01,-4.615114033222198486e-01,-5.059128403663635254e-01,5.548411607742309570e-01,5.002526044845581055e-01,-4.843870103359222412e-01,-1.131361201405525208e-01,-4.078996777534484863e-01,-2.054781764745712280e-01,-1.166348606348037720e-01,4.808633327484130859e-01,5.185248851776123047e-01,1.195597276091575623e-01,-2.680648118257522583e-02,3.303032815456390381e-01,1.103992834687232971e-01,2.647019028663635254e-01,-4.226289987564086914e-01,-4.639234393835067749e-03,2.232900112867355347e-01,6.480220556259155273e-01,-4.095050394535064697e-01,-2.460441179573535919e-02,3.880935013294219971e-01,3.581901192665100098e-01,7.290982175618410110e-03,-1.567904721014201641e-03,-9.540406055748462677e-03,-2.051480859518051147e-01,-4.268972948193550110e-02,1.934631317853927612e-01,-4.106904938817024231e-02,-5.704118013381958008e-01,5.541128516197204590e-01,-2.534112632274627686e-01,5.534479022026062012e-01,2.290133833885192871e-01,2.817361950874328613e-01,-5.174307823181152344e-01,6.874030921608209610e-03,5.431213378906250000e-01,1.720890752039849758e-03,-5.967156887054443359e-01,5.782882124185562134e-02,5.421580672264099121e-01,-5.695834159851074219e-01,-5.571049987338483334e-04,5.552945137023925781e-01,4.794423934072256088e-03,5.945243239402770996e-01,4.978106319904327393e-01,-3.762750327587127686e-01,-6.476090755313634872e-03,-4.195408821105957031e-01,-5.116653442382812500e-01,1.047589853405952454e-01,4.161069914698600769e-02,3.561473488807678223e-01,-1.218001544475555420e-01,5.053104162216186523e-01,4.433641582727432251e-02,-3.031473457813262939e-01,6.032931651134276763e-06,4.796617627143859863e-01,-4.243039190769195557e-01,4.233622848987579346e-01,-4.547237157821655273e-01,5.660331249237060547e-01,5.549063086509704590e-01,-5.492245554924011230e-01,-1.049723699688911438e-01,3.828546702861785889e-01,4.496461749076843262e-01,2.059281319379806519e-01,1.222078804858028889e-03,-4.170369207859039307e-01,3.856747448444366455e-01,4.810454845428466797e-01,-1.945848017930984497e-01,-5.517311692237854004e-01,5.070927143096923828e-01,-4.060392379760742188e-01,-2.169860303401947021e-01,5.896341204643249512e-01,-3.073024451732635498e-01,-4.004581868648529053e-01,-4.624663889408111572e-01,-4.583306014537811279e-01,1.683833748102188110e-01,4.310072362422943115e-01,3.638273179531097412e-01,-2.320795087143778801e-03,-4.486083090305328369e-01
