6.511417627334594727e-01,4.056034982204437256e-02,-3.278673291206359863e-01,2.226397097110748291e-01,2.039297968149185181e-01,-2.501859515905380249e-02,-5.363550968468189240e-03,5.967602133750915527e-01,4.448666796088218689e-02,4.102967679500579834e-02,-1.879585534334182739e-02,-9.571593999862670898e-02,4.949586391448974609e-01,5.572356581687927246e-01,4.419120550155639648e-01,1.359271705150604248e-01,-9.378566406667232513e-03,3.123768866062164307e-01,1.794194728136062622e-01,4.646229743957519531e-02,-1.819391697645187378e-01,1.675033569335937500e-01,3.720463216304779053e-01,-2.432906329631805420e-01,2.170384488999843597e-02,-1.034769862890243530e-01,-2.085582911968231201e-01,-2.755613923072814941e-01,2.267269603908061981e-02,-4.576693177223205566e-01,-1.331676840782165527e-01,-3.088568449020385742e-01,2.725656032562255859e-01,7.849311828613281250e-02,-2.463952451944351196e-02,-4.186564683914184570e-01,-2.080885693430900574e-02,4.610740393400192261e-02,-2.856686413288116455e-01,-6.227890849113464355e-01,2.267423719167709351e-01,1.139839142560958862e-01,1.232697218656539917e-01,5.426571145653724670e-02,5.612226128578186035e-01,-5.293143391609191895e-01,-3.312186598777770996e-01,-9.053481370210647583e-02,-6.384801864624023438e-02,1.025720685720443726e-02,1.763319224119186401e-01,3.501100093126296997e-02,3.129802644252777100e-01,-2.452749907970428467e-01,1.533348113298416138e-02,-3.431682288646697998e-01,9.004231542348861694e-02,4.798576235771179199e-02,-5.928065627813339233e-02,-1.194531694054603577e-01,-1.039392873644828796e-01,1.562065482139587402e-01,4.789310693740844727e-02,-1.720313727855682373e-01,-1.141894087195396423e-01,2.125563798472285271e-03,1.721832007169723511e-01,3.938300907611846924e-01,-3.342191278934478760e-01,-9.982814639806747437e-02,-4.415051043033599854e-01,-4.616863727569580078e-01,-8.031447976827621460e-02,1.946000456809997559e-01,-1.856004893779754639e-01,-3.241418004035949707e-01,-1.690396480262279510e-02,2.928252518177032471e-01,-4.464152455329895020e-01,-4.448980987071990967e-01,2.029986977577209473e-01,1.582425832748413086e-02,-2.581849396228790283e-01,3.451709076762199402e-02,-2.978854477405548096e-01,6.509578227996826172e-02,8.038800954818725586e-02,2.202077209949493408e-02,9.414415806531906128e-02,-1.331146620213985443e-02,-5.001829937100410461e-02,-2.198433279991149902e-01,-2.405892312526702881e-01,6.428442150354385376e-02,-5.790184810757637024e-02,-1.627053916454315186e-01,3.890445232391357422e-01,-3.697442123666405678e-03,-2.641074657440185547e-01,4.336015880107879639e-01,4.921165108680725098e-02,9.037014096975326538e-02,-1.968280076980590820e-01,-2.124183811247348785e-02,2.425132989883422852e-01,2.006271928548812866e-01,-1.108550280332565308e-01,-1.033227667212486267e-01,-1.126393228769302368e-01,-1.266200002282857895e-02,5.014415979385375977e-01,-2.420366182923316956e-02,-1.249902844429016113e-01,-4.011672139167785645e-01,3.844958841800689697e-01,-2.826195359230041504e-01,3.677868545055389404e-01,-9.203486144542694092e-02,-6.309100985527038574e-01,4.585587978363037109e-02,-8.579188585281372070e-02,4.456584453582763672e-01,2.755394577980041504e-01,-6.604359298944473267e-02,4.744509607553482056e-02,-1.203954666852951050e-01,1.282969024032354355e-03,3.441869318485260010e-01
4.056034982204437256e-02,2.030599676072597504e-02,-9.011250734329223633e-02,2.581706503406167030e-04,5.251771584153175354e-02,-3.453315049409866333e-02,-1.243482530117034912e-02,1.039268542081117630e-02,1.246852427721023560e-02,8.332867175340652466e-03,3.074461221694946289e-02,-1.077678613364696503e-02,6.539600342512130737e-02,-8.654559962451457977e-03,7.077857851982116699e-02,3.608657419681549072e-02,-3.074607811868190765e-03,8.329346776008605957e-02,1.774121774360537529e-03,-3.477193415164947510e-02,5.161455646157264709e-02,6.558323651552200317e-02,3.518706187605857849e-02,6.283313035964965820e-02,9.409113787114620209e-03,9.197437763214111328e-02,-9.244030714035034180e-02,-9.522774070501327515e-02,6.262816488742828369e-02,-4.691542312502861023e-02,-8.764192461967468262e-03,-6.204930692911148071e-02,3.706916049122810364e-02,3.437432646751403809e-02,5.001298151910305023e-03,-5.809985846281051636e-02,-1.184343826025724411e-02,1.122254598885774612e-02,-6.520003080368041992e-03,-7.097110152244567871e-02,8.874047547578811646e-02,-1.870408281683921814e-02,1.012631654739379883e-01,8.335080929100513458e-03,6.017640233039855957e-03,-2.139286883175373077e-02,-7.555147260427474976e-02,-5.463589448481798172e-03,-2.589425630867481232e-02,6.784258410334587097e-03,1.062932237982749939e-02,-1.922114752233028412e-02,4.994966462254524231e-02,2.704244852066040039e-02,-2.823030017316341400e-02,-6.821244955062866211e-02,9.829229675233364105e-03,5.574542563408613205e-03,-6.215913966298103333e-02,-1.390730123966932297e-02,1.878160797059535980e-02,-9.762736037373542786e-03,4.592453129589557648e-03,-1.028441265225410461e-02,-3.259499743580818176e-02,-1.134699862450361252e-02,3.938882052898406982e-02,1.047662571072578430e-01,-8.615245670080184937e-02,1.701348647475242615e-02,-3.681459277868270874e-02,-1.058689132332801819e-02,-1.072320900857448578e-02,5.031787976622581482e-02,-3.760962560772895813e-02,-8.581417798995971680e-02,-7.266211323440074921e-03,6.425862759351730347e-02,1.823825575411319733e-02,-4.260104149580001831e-02,3.285824134945869446e-02,2.139129443094134331e-03,-8.435638993978500366e-02,4.924891050904989243e-03,-5.880124866962432861e-02,-8.463796973228454590e-02,5.955597385764122009e-02,1.043006125837564468e-02,5.213372036814689636e-02,-1.089070644229650497e-02,-2.803640440106391907e-02,-1.258398126810789108e-02,-2.278289198875427246e-02,1.694417186081409454e-02,-3.385847806930541992e-02,-1.085589407011866570e-03,6.918162852525711060e-02,-5.468283779919147491e-04,-4.257987439632415771e-02,1.006514485925436020e-02,5.683992989361286163e-03,-2.362495288252830505e-03,-2.767353504896163940e-02,-2.390325767919421196e-03,6.349825859069824219e-02,-2.093681879341602325e-02,5.135860759764909744e-03,-3.214192017912864685e-02,-5.131673440337181091e-02,-1.418818999081850052e-02,-6.981400307267904282e-03,1.026931963860988617e-02,-3.295098617672920227e-02,-5.894603207707405090e-02,1.049156561493873596e-01,-9.151109308004379272e-02,8.008828014135360718e-02,5.112756974995136261e-03,-4.542775824666023254e-02,6.898644380271434784e-03,4.760735854506492615e-02,5.561302602291107178e-02,6.951833516359329224e-02,-4.409983754158020020e-02,-5.834075808525085449e-02,-9.294512681663036346e-03,-3.483158361632376909e-04,3.678500279784202576e-02
-3.278673291206359863e-01,-9.011250734329223633e-02,7.409282326698303223e-01,-2.117070555686950684e-01,-1.187579035758972168e-01,6.502401828765869141e-02,1.728324219584465027e-02,-1.604690402746200562e-01,9.295347845181822777e-04,-9.681289643049240112e-02,-2.588298618793487549e-01,1.436515897512435913e-01,-4.463375806808471680e-01,4.598987847566604614e-02,-4.321763813495635986e-01,-2.017806172370910645e-01,-2.932815812528133392e-02,-6.271064877510070801e-01,3.359155729413032532e-02,2.798927426338195801e-01,-4.693566560745239258e-01,-5.657784938812255859e-01,-4.919744729995727539e-01,-1.098992824554443359e-01,-9.211201220750808716e-02,-5.925520062446594238e-01,6.560137867927551270e-01,4.465209841728210449e-01,-6.221916675567626953e-01,4.678186774253845215e-01,-1.853612624108791351e-02,6.217516660690307617e-01,-4.141609072685241699e-01,-3.962994515895843506e-01,-1.126127131283283234e-02,5.663191676139831543e-01,7.187736779451370239e-02,-9.825836867094039917e-02,1.589929461479187012e-01,6.308063864707946777e-01,-6.146697998046875000e-01,1.386225521564483643e-01,-6.305471062660217285e-01,-7.495026290416717529e-02,-2.378975749015808105e-01,4.215136766433715820e-01,5.312479734420776367e-01,6.155063956975936890e-02,1.641457378864288330e-01,1.612726002931594849e-01,-1.606242805719375610e-01,2.028116434812545776e-01,-4.309633672237396240e-01,-3.514399984851479530e-03,1.014360561966896057e-01,5.759156942367553711e-01,-1.178369224071502686e-01,-5.635064840316772461e-02,2.142186313867568970e-01,2.110168337821960449e-01,2.380678616464138031e-02,-8.541914820671081543e-02,-5.045680329203605652e-02,-4.134524613618850708e-02,1.829405874013900757e-01,1.006040573120117188e-01,-2.457474172115325928e-01,-7.170621752738952637e-01,6.888487935066223145e-01,1.033832207322120667e-01,4.859580993652343750e-01,2.328154146671295166e-01,1.435305327177047729e-01,-5.324574112892150879e-01,3.034373223781585693e-01,5.557152032852172852e-01,3.985506668686866760e-02,-6.996988654136657715e-01,3.887060657143592834e-02,4.828820824623107910e-01,-5.810382366180419922e-01,-2.693294361233711243e-02,4.506807923316955566e-01,-3.659946471452713013e-02,5.570775270462036133e-01,3.695021569728851318e-01,-3.330550193786621094e-01,-8.294165134429931641e-02,-3.180440664291381836e-01,1.916027255356311798e-02,1.835453510284423828e-01,1.882545202970504761e-01,4.336568415164947510e-01,-2.109500318765640259e-01,3.347162008285522461e-01,6.219066306948661804e-02,-4.393494427204132080e-01,6.174425128847360611e-03,3.159141242504119873e-01,-1.814977079629898071e-01,-1.110837236046791077e-02,-7.923395186662673950e-02,3.563489317893981934e-01,1.891505904495716095e-02,-6.992490291595458984e-01,-8.048144727945327759e-02,2.699683606624603271e-01,3.098813593387603760e-01,3.218473196029663086e-01,1.282373964786529541e-01,-2.456711232662200928e-01,2.341274470090866089e-01,3.495648205280303955e-01,1.494492441415786743e-01,-7.473102211952209473e-01,6.325660347938537598e-01,-4.452008008956909180e-01,-2.708337604999542236e-01,5.408190488815307617e-01,-9.888617694377899170e-02,-5.542212128639221191e-01,-5.327876806259155273e-01,-5.864639878273010254e-01,2.151555716991424561e-01,5.387214422225952148e-01,1.484669148921966553e-01,-8.251656591892242432e-02,-4.242887198925018311e-01
2.226397097110748291e-01,2.581706503406167030e-04,-2.117070555686950684e-01,2.672677934169769287e-01,-4.537135362625122070e-02,5.561266839504241943e-02,5.193050485104322433e-03,1.948411464691162109e-01,-1.814026758074760437e-02,4.053660854697227478e-02,-4.327520728111267090e-02,-6.439395993947982788e-02,2.124727368354797363e-01,6.994536519050598145e-02,1.028946042060852051e-01,1.422548107802867889e-02,1.975189894437789917e-02,2.687979638576507568e-01,-1.528435014188289642e-02,1.977939531207084656e-02,-3.480977192521095276e-02,1.513617783784866333e-01,2.269172668457031250e-01,-2.265119254589080811e-01,6.087523698806762695e-02,7.527121901512145996e-02,-1.229894533753395081e-01,5.963039584457874298e-03,1.185359656810760498e-01,-1.483655124902725220e-01,-1.738528162240982056e-02,-2.916142344474792480e-01,2.900964915752410889e-01,2.514438331127166748e-02,5.383377894759178162e-03,-2.366665154695510864e-01,1.563861966133117676e-03,3.287863358855247498e-02,-5.259046703577041626e-02,-3.891591131687164307e-01,1.733860373497009277e-01,8.828048594295978546e-03,9.382043778896331787e-02,2.497461810708045959e-02,1.829334199428558350e-01,-1.757929176092147827e-01,-7.870818674564361572e-02,-7.031029462814331055e-02,-2.445430122315883636e-02,-3.456893935799598694e-02,5.637672916054725647e-02,2.885501086711883545e-02,2.885656654834747314e-01,-1.939880251884460449e-01,9.055597335100173950e-02,-2.008545845746994019e-01,2.656877227127552032e-02,1.245926320552825928e-02,5.392189696431159973e-02,-1.190075501799583435e-01,-2.008465081453323364e-01,1.595688313245773315e-01,2.829658798873424530e-02,2.922972477972507477e-02,-8.345431089401245117e-02,-3.993681445717811584e-02,4.059173911809921265e-02,2.205369323492050171e-01,-1.915423870086669922e-01,-2.027589082717895508e-01,-2.728900611400604248e-01,-3.168403729796409607e-02,-8.644925057888031006e-02,1.492653936147689819e-01,-1.194096952676773071e-01,-2.047664970159530640e-01,9.367690421640872955e-03,2.041238844394683838e-01,-2.941552102565765381e-01,-3.027113974094390869e-01,3.752968311309814453e-01,1.059808488935232162e-02,2.487053722143173218e-02,2.378209121525287628e-02,-2.897295951843261719e-01,1.673515290021896362e-01,-1.208983287215232849e-01,1.700334250926971436e-02,-9.146166965365409851e-03,8.739574812352657318e-03,-1.772917062044143677e-02,-1.588375121355056763e-01,-2.862261831760406494e-01,9.206308424472808838e-02,-1.514094173908233643e-01,-1.060179919004440308e-01,6.065690517425537109e-02,-2.609203103929758072e-03,-5.481820926070213318e-02,2.570987939834594727e-01,3.201800957322120667e-02,1.649663038551807404e-02,-1.853704601526260376e-01,-8.841970935463905334e-03,3.340505957603454590e-01,2.224814742803573608e-01,-3.280816078186035156e-01,-1.099297031760215759e-01,1.833206973969936371e-02,-3.012648597359657288e-02,3.305099904537200928e-01,-1.662711799144744873e-01,-1.313803046941757202e-01,3.138070181012153625e-02,2.145872563123703003e-01,-1.628443300724029541e-01,9.012192487716674805e-02,1.097513586282730103e-01,-2.845263183116912842e-01,7.864031195640563965e-02,1.135287582874298096e-01,1.735026091337203979e-01,2.055711895227432251e-01,-4.868250805884599686e-03,-9.708291292190551758e-02,-8.120138198137283325e-02,4.031902179121971130e-02,2.366090118885040283e-01
2.039297968149185181e-01,5.251771584153175354e-02,-1.187579035758972168e-01,-4.537135362625122070e-02,3.307416737079620361e-01,-4.454805329442024231e-02,3.134259255602955818e-03,1.693973988294601440e-01,3.028413467109203339e-02,-6.469003856182098389e-03,-4.044095985591411591e-03,8.162336423993110657e-03,1.414055824279785156e-01,1.734612882137298584e-01,2.459670752286911011e-01,1.061360314488410950e-01,-4.424966499209403992e-02,7.791036367416381836e-02,8.246318250894546509e-02,-2.234270796179771423e-02,-4.331256076693534851e-02,6.438202410936355591e-02,-1.643515005707740784e-02,2.215822339057922363e-01,-2.708527445793151855e-02,-2.105234004557132721e-02,-1.240957379341125488e-01,-3.266681134700775146e-01,1.634792052209377289e-02,-2.079090476036071777e-01,-9.041706472635269165e-02,5.226844921708106995e-02,-2.254802919924259186e-02,-4.061008617281913757e-02,6.657571997493505478e-03,-3.582801669836044312e-02,-3.058713488280773163e-02,9.612641297280788422e-03,-1.215300783514976501e-01,-1.608821004629135132e-01,1.259660720825195312e-01,4.711630567908287048e-02,1.663308441638946533e-01,2.105466462671756744e-02,8.928379416465759277e-02,-3.886399790644645691e-02,-2.475735247135162354e-01,-2.936226874589920044e-02,-4.334419593214988708e-02,1.441116780042648315e-01,4.826061800122261047e-02,-1.805742457509040833e-02,4.174648225307464600e-02,6.310112029314041138e-02,-1.006966233253479004e-01,-1.100690439343452454e-01,1.254119537770748138e-02,1.265447214245796204e-02,-2.333680987358093262e-01,3.143536299467086792e-02,1.143864616751670837e-01,-6.592433154582977295e-02,7.611889857798814774e-03,-1.175613701343536377e-01,-8.228901028633117676e-02,2.774742245674133301e-02,1.261225491762161255e-01,1.992376446723937988e-01,-4.941889271140098572e-02,1.831002384424209595e-01,-5.143569037318229675e-02,-1.565340757369995117e-01,7.966412603855133057e-02,-1.722882315516471863e-02,-5.167473852634429932e-02,-2.639919221401214600e-01,-2.380069158971309662e-02,-8.212370797991752625e-03,-1.683389209210872650e-02,-4.759538173675537109e-02,-1.464165747165679932e-01,-1.291043241508305073e-03,-3.288350701332092285e-01,6.930900271981954575e-03,-7.171317189931869507e-02,-2.194524109363555908e-01,2.422366589307785034e-01,5.338130053132772446e-03,8.654984831809997559e-02,-4.808462411165237427e-02,-9.002934396266937256e-02,1.039610709995031357e-03,1.577378064393997192e-01,-9.239457547664642334e-02,3.598546609282493591e-02,-3.565430268645286560e-02,3.234262168407440186e-01,-1.347905053989961743e-04,-1.047168076038360596e-01,8.875512331724166870e-02,1.473442278802394867e-02,5.008213687688112259e-03,6.303162872791290283e-02,-1.194787211716175079e-02,-8.121101558208465576e-02,-1.103081554174423218e-02,1.909763664007186890e-01,-1.265915343537926674e-03,-1.578483432531356812e-01,1.389752980321645737e-02,-1.476016491651535034e-01,1.671404391527175903e-01,5.496728420257568359e-02,-3.501892387866973877e-01,2.102853506803512573e-01,-1.613342612981796265e-01,2.908766567707061768e-01,-1.808360815048217773e-01,-1.099056974053382874e-01,-2.643394283950328827e-02,-1.071901991963386536e-01,9.425969421863555908e-02,4.717029631137847900e-02,-9.949474036693572998e-02,7.700800150632858276e-02,-8.789616636931896210e-03,-5.972923338413238525e-02,7.561805099248886108e-02
-2.501859515905380249e-02,-3.453315049409866333e-02,6.502401828765869141e-02,5.561266839504241943e-02,-4.454805329442024231e-02,2.338507324457168579e-01,3.784026950597763062e-02,5.154520273208618164e-02,-8.954294770956039429e-02,-2.250918000936508179e-02,-6.027980148792266846e-02,1.973822712898254395e-02,-1.175015643239021301e-01,4.458097741007804871e-02,-9.339625388383865356e-02,-6.060653179883956909e-02,-8.506273850798606873e-03,-1.377245038747787476e-01,-5.481345113366842270e-03,1.574032381176948547e-02,-4.598205164074897766e-02,-6.820802390575408936e-02,1.399926934391260147e-02,-8.090931922197341919e-02,-2.705910801887512207e-02,-2.215612083673477173e-01,1.309784352779388428e-01,8.830840885639190674e-02,-8.609374985098838806e-03,-5.785265192389488220e-02,3.955498337745666504e-02,1.310933977365493774e-01,-8.142364770174026489e-02,-2.807721123099327087e-02,-1.493254955857992172e-02,9.593073278665542603e-02,2.145460061728954315e-02,-2.224996499717235565e-02,-3.171074390411376953e-02,3.136157244443893433e-02,-1.634291410446166992e-01,3.473444283008575439e-02,-6.783490628004074097e-02,-1.531639369204640388e-03,3.882574290037155151e-02,3.342543169856071472e-02,6.359641253948211670e-02,-1.985371112823486328e-02,6.971142254769802094e-03,-3.015623660758137703e-03,9.656251221895217896e-02,-1.883267052471637726e-02,-6.548570841550827026e-02,-1.431555747985839844e-01,1.700765080749988556e-02,5.012109503149986267e-02,-7.284963503479957581e-03,-6.205598358064889908e-03,8.582635968923568726e-02,2.749435976147651672e-02,-7.179184351116418839e-03,7.206212263554334641e-03,-3.908178769052028656e-03,-3.384690731763839722e-02,2.272261679172515869e-02,3.968454152345657349e-02,-3.840710222721099854e-02,-1.197747737169265747e-01,1.553446352481842041e-01,1.400640606880187988e-02,2.890544384717941284e-02,-1.062621697783470154e-01,7.438782602548599243e-02,-1.215784698724746704e-01,6.692622601985931396e-02,5.043376609683036804e-02,1.457743346691131592e-02,-8.460954576730728149e-02,-5.320347845554351807e-02,3.401216492056846619e-02,-1.208686176687479019e-02,-3.420372726395726204e-03,6.235235929489135742e-02,-1.460619457066059113e-02,6.392768025398254395e-02,2.027494907379150391e-01,-1.492104493081569672e-02,-1.655943691730499268e-02,-1.720696240663528442e-01,1.398754306137561798e-02,1.998094096779823303e-02,1.752126775681972504e-02,7.746518403291702271e-02,-6.026212498545646667e-02,7.827072590589523315e-02,-6.963528692722320557e-02,-1.191584486514329910e-02,8.310657576657831669e-04,3.875868767499923706e-02,1.837400346994400024e-02,-3.501871973276138306e-02,-3.081618249416351318e-02,9.417161345481872559e-02,2.461327938362956047e-03,-1.095217540860176086e-01,1.787577122449874878e-01,-1.603981666266918182e-02,4.802946746349334717e-02,1.401547640562057495e-01,3.394923359155654907e-02,-3.743155673146247864e-02,-7.014661282300949097e-02,6.877300143241882324e-02,8.545650541782379150e-02,-7.801470160484313965e-02,1.502093821763992310e-01,-3.401502221822738647e-02,5.861781537532806396e-03,4.181203991174697876e-02,-1.913332007825374603e-02,-4.755010828375816345e-02,-1.078470647335052490e-01,-1.022621914744377136e-01,8.301101624965667725e-02,7.016718387603759766e-02,1.853326521813869476e-02,-1.039203023537993431e-03,4.260845109820365906e-02
-5.363550968468189240e-03,-1.243482530117034912e-02,1.728324219584465027e-02,5.193050485104322433e-03,3.134259255602955818e-03,3.784026950597763062e-02,8.775605261325836182e-02,-1.515152677893638611e-02,-9.160619229078292847e-03,1.105252187699079514e-02,-1.711981557309627533e-02,1.803516992367804050e-03,-9.306144714355468750e-02,3.756134212017059326e-02,-2.809365838766098022e-02,-2.194418385624885559e-02,9.818296879529953003e-03,-7.427716255187988281e-02,2.589758718386292458e-03,3.903324832208454609e-04,-3.310314938426017761e-02,-3.289723396301269531e-02,-3.531013429164886475e-02,-1.752939820289611816e-02,-1.957380212843418121e-02,-6.749731302261352539e-02,5.001907423138618469e-02,6.514247506856918335e-02,-4.529813304543495178e-03,-5.522327870130538940e-02,2.307091094553470612e-02,2.782991528511047363e-02,1.534259319305419922e-02,-2.779823727905750275e-02,-3.820708720013499260e-03,4.946257174015045166e-02,-1.992242643609642982e-03,-5.857846233993768692e-03,-6.627091020345687866e-02,1.323588471859693527e-02,-2.492313086986541748e-02,5.070737749338150024e-02,-9.321377426385879517e-02,-7.345289923250675201e-04,8.510955609381198883e-03,-8.381474763154983521e-02,3.327630460262298584e-03,-4.429845605045557022e-03,4.728706926107406616e-02,1.475497242063283920e-02,-3.080144152045249939e-02,-2.699479646980762482e-02,-6.516474485397338867e-02,6.264611333608627319e-02,3.819844126701354980e-02,5.525520816445350647e-02,-1.513947546482086182e-02,-2.251767320558428764e-03,-1.537389028817415237e-02,-3.721016691997647285e-03,-1.109711546450853348e-02,2.445346303284168243e-02,2.538850298151373863e-03,1.151549518108367920e-01,4.742426797747612000e-02,1.646706461906433105e-02,-3.790414659306406975e-03,-2.157204970717430115e-02,6.116085872054100037e-02,5.393082275986671448e-02,-2.400521002709865570e-02,-4.613069817423820496e-02,3.485616669058799744e-02,1.076447311788797379e-03,6.967280991375446320e-03,-3.717325627803802490e-02,-4.628096707165241241e-03,4.434775561094284058e-02,-3.804352134466171265e-02,5.441786348819732666e-02,1.930852537043392658e-03,2.350077011215034872e-05,-1.452104933559894562e-02,-6.375176832079887390e-03,-2.101242356002330780e-02,-1.725624874234199524e-02,6.631078571081161499e-02,-9.733566083014011383e-03,1.832837238907814026e-02,7.392755243927240372e-03,-1.545270625501871109e-02,-9.892825037240982056e-03,-1.206186134368181229e-02,1.657811109907925129e-03,1.014961861073970795e-02,1.202117418870329857e-03,5.602210760116577148e-02,-1.818813034333288670e-04,2.635636553168296814e-02,-8.833476342260837555e-03,-4.865033086389303207e-03,9.012325853109359741e-02,7.444224320352077484e-03,2.279771615576464683e-05,-1.720229280181229115e-03,6.023667380213737488e-02,-3.246295079588890076e-02,3.466306626796722412e-02,-1.267598271369934082e-01,4.624605178833007812e-03,-1.893012039363384247e-02,-7.302497327327728271e-02,5.067866668105125427e-02,2.448031120002269745e-02,-5.796151608228683472e-02,3.204252570867538452e-02,-6.185644119977951050e-02,-2.392084896564483643e-02,-7.208637893199920654e-02,-4.029561765491962433e-03,2.358771488070487976e-02,4.791858792304992676e-02,-3.965884819626808167e-02,-4.574466962367296219e-03,7.607378065586090088e-02,-3.488854691386222839e-02,-3.513354749884456396e-04,-5.134771578013896942e-03
5.967602133750915527e-01,1.039268542081117630e-02,-1.604690402746200562e-01,1.948411464691162109e-01,1.693973988294601440e-01,5.154520273208618164e-02,-1.515152677893638611e-02,6.549358963966369629e-01,1.243308186531066895e-02,8.137340657413005829e-03,-6.692788749933242798e-02,-6.916931271553039551e-02,4.113985002040863037e-01,5.993887186050415039e-01,3.557851910591125488e-01,9.225621819496154785e-02,-2.114536985754966736e-02,1.437001079320907593e-01,1.978423893451690674e-01,1.179739758372306824e-01,-2.601093053817749023e-01,6.343906372785568237e-02,3.001282513141632080e-01,-3.289015591144561768e-01,-7.132385391741991043e-03,-2.992962896823883057e-01,-4.688161611557006836e-02,-1.668874323368072510e-01,-8.689821511507034302e-02,-3.811586499214172363e-01,-1.533293277025222778e-01,-1.361065804958343506e-01,1.226648911833763123e-01,1.172740291804075241e-02,-3.825259953737258911e-02,-3.086007535457611084e-01,-2.531089819967746735e-03,2.609740197658538818e-02,-3.020376265048980713e-01,-4.928092658519744873e-01,5.377084389328956604e-02,1.421413421630859375e-01,-2.426303550601005554e-02,4.171423986554145813e-02,5.824463963508605957e-01,-4.552236497402191162e-01,-2.480705082416534424e-01,-7.549367845058441162e-02,-3.649880364537239075e-02,3.248243359848856926e-03,2.024727910757064819e-01,8.563335984945297241e-02,2.070838063955307007e-01,-3.475019037723541260e-01,9.325131773948669434e-03,-2.396235316991806030e-01,8.736467361450195312e-02,4.372336342930793762e-02,6.265425682067871094e-02,-6.421583145856857300e-02,-9.855365008115768433e-02,1.376214623451232910e-01,3.554885461926460266e-02,-2.835127413272857666e-01,-7.199121266603469849e-02,3.540647029876708984e-02,1.102597340941429138e-01,1.948611587285995483e-01,-1.737817078828811646e-01,-1.258313953876495361e-01,-3.527479767799377441e-01,-5.050969123840332031e-01,-3.538459166884422302e-02,7.466674596071243286e-02,-9.865294396877288818e-02,-1.508825570344924927e-01,-5.446476861834526062e-03,1.249444484710693359e-01,-4.550413191318511963e-01,-3.827920258045196533e-01,6.831613183021545410e-02,1.020231284201145172e-02,-1.572249680757522583e-01,2.656436339020729065e-02,-1.446470320224761963e-01,1.975426673889160156e-01,-6.001248024404048920e-03,4.251194186508655548e-03,-2.587812021374702454e-02,8.708367240615189075e-04,-5.373591091483831406e-03,-1.647084355354309082e-01,-1.006577387452125549e-01,-3.645287081599235535e-02,4.861832410097122192e-02,-1.660447865724563599e-01,2.905034720897674561e-01,-2.234888961538672447e-03,-2.141946852207183838e-01,4.365471899509429932e-01,3.268837183713912964e-02,6.201203912496566772e-02,-1.029188483953475952e-01,-2.088933810591697693e-02,6.697610765695571899e-02,2.070317715406417847e-01,-6.540612783282995224e-03,-4.369358345866203308e-02,4.380335286259651184e-02,2.786953002214431763e-02,4.478810727596282959e-01,5.245270207524299622e-02,-4.734073206782341003e-02,-3.659411370754241943e-01,2.353646010160446167e-01,-1.303651481866836548e-01,2.919774353504180908e-01,-1.354339122772216797e-01,-5.120300054550170898e-01,1.234762556850910187e-02,-2.364020645618438721e-01,3.054342567920684814e-01,1.131844595074653625e-01,4.728483781218528748e-02,1.624793857336044312e-01,-7.904178649187088013e-02,-1.353508420288562775e-02,2.786664068698883057e-01
4.448666796088218689e-02,1.246852427721023560e-02,9.295347845181822777e-04,-1.814026758074760437e-02,3.028413467109203339e-02,-8.954294770956039429e-02,-9.160619229078292847e-03,1.243308186531066895e-02,4.591237753629684448e-02,7.715727668255567551e-03,-1.622991636395454407e-03,-4.629099741578102112e-03,5.617151781916618347e-02,3.715888410806655884e-02,4.575603455305099487e-02,2.043945901095867157e-02,8.017877116799354553e-04,3.575443848967552185e-02,2.024892903864383698e-02,1.980877853929996490e-02,-4.942696541547775269e-02,-9.286807035095989704e-04,-1.484204549342393875e-02,8.293275721371173859e-03,6.941245403140783310e-03,3.355524316430091858e-02,-2.176935784518718719e-02,-2.407156862318515778e-02,-5.047646909952163696e-02,1.551853492856025696e-02,-2.690065279603004456e-02,-3.979611024260520935e-02,4.182121157646179199e-02,-1.988014951348304749e-02,5.627726670354604721e-03,-2.924939431250095367e-02,-5.326035432517528534e-03,4.687910899519920349e-03,4.963031038641929626e-03,-2.438098564743995667e-02,4.578661173582077026e-02,1.146922167390584946e-02,-1.560034696012735367e-02,-4.657783138100057840e-04,4.549916367977857590e-03,-2.876944653689861298e-02,-7.871752604842185974e-03,1.287732273340225220e-03,7.467663846909999847e-03,2.538998425006866455e-02,-4.525298997759819031e-02,2.575555816292762756e-02,2.624243311583995819e-02,4.649078100919723511e-02,1.105042360723018646e-02,-4.173499997705221176e-03,-4.956178367137908936e-03,7.658138638362288475e-04,-3.566437214612960815e-02,-8.234428241848945618e-03,-9.376899339258670807e-03,9.775449521839618683e-03,2.950445981696248055e-03,1.661693118512630463e-02,-7.851624861359596252e-03,-8.198768831789493561e-03,1.517864223569631577e-02,3.831288963556289673e-02,-3.567348420619964600e-02,2.375794574618339539e-03,-1.666025631129741669e-02,2.911056391894817352e-02,-2.566506713628768921e-02,2.631100080907344818e-02,-2.570564486086368561e-02,-2.398280054330825806e-02,-4.678664263337850571e-03,7.678813301026821136e-03,-2.375430054962635040e-02,-9.271845221519470215e-03,-1.920145936310291290e-02,7.315040566027164459e-04,-1.618200168013572693e-02,6.246050819754600525e-03,-1.963235065340995789e-02,-4.927321895956993103e-02,-6.704380270093679428e-03,1.735409838147461414e-03,6.167314946651458740e-02,-7.587112486362457275e-03,-1.582412514835596085e-03,-1.739541441202163696e-02,-2.874482609331607819e-02,2.326465770602226257e-02,-1.564706303179264069e-02,1.615473814308643341e-02,1.592682860791683197e-02,-2.495213993825018406e-04,-1.425846479833126068e-02,1.546453591436147690e-02,2.144240960478782654e-02,2.221733517944812775e-02,-3.133451938629150391e-02,-1.278511248528957367e-03,1.090108230710029602e-02,-5.420472845435142517e-02,4.097488708794116974e-03,-1.267537940293550491e-03,-6.094110757112503052e-02,-6.509160622954368591e-03,4.504466429352760315e-02,3.343706950545310974e-02,-1.130113657563924789e-02,-6.262379884719848633e-02,2.041162922978401184e-03,-4.266431927680969238e-02,7.256972137838602066e-03,-3.459965437650680542e-02,-4.039763659238815308e-02,6.987691856920719147e-03,-3.197871893644332886e-02,4.839139059185981750e-02,2.531488053500652313e-02,-3.320110589265823364e-02,2.539047785103321075e-02,-1.371792331337928772e-02,-6.344067398458719254e-03,-1.548268552869558334e-02
4.102967679500579834e-02,8.332867175340652466e-03,-9.681289643049240112e-02,4.053660854697227478e-02,-6.469003856182098389e-03,-2.250918000936508179e-02,1.105252187699079514e-02,8.137340657413005829e-03,7.715727668255567551e-03,2.002632990479469299e-02,2.706414088606834412e-02,-2.300902269780635834e-02,5.437001213431358337e-02,-1.189420837908983231e-02,4.363993555307388306e-02,1.810276322066783905e-02,1.081243995577096939e-02,9.113102406263351440e-02,-1.004000566899776459e-02,-2.776330523192882538e-02,4.810047894716262817e-02,6.976520270109176636e-02,6.103299930691719055e-02,-1.229865290224552155e-02,1.689083501696586609e-02,9.537920355796813965e-02,-8.147514611482620239e-02,-2.207469940185546875e-02,7.677391916513442993e-02,-4.960485175251960754e-02,6.393784191459417343e-03,-1.111956015229225159e-01,8.823046088218688965e-02,4.274328425526618958e-02,3.417042084038257599e-03,-7.961483299732208252e-02,-8.539562113583087921e-03,1.389015279710292816e-02,-1.818295754492282867e-02,-9.646043926477432251e-02,9.020211547613143921e-02,-1.095791906118392944e-02,5.653110519051551819e-02,8.494626730680465698e-03,2.657583914697170258e-02,-7.844940572977066040e-02,-4.985821992158889771e-02,-9.200654923915863037e-03,-7.695335894823074341e-03,-2.352460287511348724e-02,-5.321419332176446915e-03,-2.073077671229839325e-02,6.529699265956878662e-02,1.385264657437801361e-02,1.111905835568904877e-02,-6.478561460971832275e-02,9.259184822440147400e-03,5.890368949621915817e-03,-1.845772564411163330e-02,-3.911720216274261475e-02,-3.097014129161834717e-02,3.162074834108352661e-02,8.314132690429687500e-03,4.838345572352409363e-02,-1.527012791484594345e-02,-1.815819554030895233e-02,2.555804699659347534e-02,9.939604997634887695e-02,-9.604789316654205322e-02,-2.970623970031738281e-02,-7.896436750888824463e-02,-7.826708257198333740e-03,-3.088814951479434967e-02,8.519603312015533447e-02,-4.710303619503974915e-02,-7.802138477563858032e-02,-4.459659568965435028e-03,1.168242096900939941e-01,-2.887334115803241730e-02,-6.544099003076553345e-02,1.118132770061492920e-01,4.251202102750539780e-03,-3.295595571398735046e-02,6.089235190302133560e-03,-9.332585334777832031e-02,-4.151928797364234924e-02,2.293943241238594055e-02,9.932002052664756775e-03,5.494584143161773682e-02,7.224636501632630825e-04,-2.103762328624725342e-02,-3.893293812870979309e-02,-9.636853635311126709e-02,4.729688167572021484e-02,-6.000668555498123169e-02,-3.252884838730096817e-03,4.324129596352577209e-02,-1.014088746160268784e-03,-2.964525669813156128e-02,2.867594920098781586e-02,7.654085289686918259e-03,3.197208791971206665e-02,-6.901346892118453979e-02,-1.985470065847039223e-03,1.293787658214569092e-01,1.678425259888172150e-02,-7.917951792478561401e-02,-4.002584889531135559e-02,-6.853622943162918091e-02,-2.114221267402172089e-02,6.742338091135025024e-02,-5.769624933600425720e-02,-5.038237199187278748e-02,5.016220733523368835e-03,8.651843667030334473e-02,-8.685404062271118164e-02,2.435753121972084045e-02,4.379403218626976013e-02,-9.735973924398422241e-02,2.181072160601615906e-02,8.846604824066162109e-02,8.818145096302032471e-02,8.301793038845062256e-02,-3.184386342763900757e-02,-6.621889024972915649e-02,-3.305725753307342529e-02,1.598714850842952728e-02,5.222924798727035522e-02
-1.879585534334182739e-02,3.074461221694946289e-02,-2.588298618793487549e-01,-4.327520728111267090e-02,-4.044095985591411591e-03,-6.027980148792266846e-02,-1.711981557309627533e-02,-6.692788749933242798e-02,-1.622991636395454407e-03,2.706414088606834412e-02,1.870771944522857666e-01,-4.297523200511932373e-02,7.298266887664794922e-02,-1.219807788729667664e-01,1.044623926281929016e-01,7.483945786952972412e-02,1.601853780448436737e-02,1.580385565757751465e-01,-3.143090009689331055e-02,-1.599073559045791626e-01,3.304427564144134521e-01,2.055026739835739136e-01,1.290218383073806763e-01,1.315708309412002563e-01,1.624468155205249786e-02,3.189867734909057617e-01,-2.604108452796936035e-01,-1.529845744371414185e-01,2.976693511009216309e-01,-1.036324948072433472e-01,4.183499142527580261e-02,-1.818559765815734863e-01,2.772928960621356964e-02,2.228538691997528076e-01,-1.805890118703246117e-03,-1.594508737325668335e-01,-3.361567109823226929e-02,3.218439593911170959e-02,-3.835645318031311035e-02,-7.665170729160308838e-02,1.954122483730316162e-01,-9.905999898910522461e-02,2.546103894710540771e-01,1.941579580307006836e-02,1.029785163700580597e-02,-1.361263394355773926e-01,-1.861159950494766235e-01,2.521224878728389740e-02,-6.056328117847442627e-02,-1.270204186439514160e-01,4.154108464717864990e-02,-1.287998855113983154e-01,3.011485561728477478e-02,9.921264648437500000e-02,-9.651721268892288208e-02,-1.593051999807357788e-01,5.219626426696777344e-02,2.211374975740909576e-02,-6.549488753080368042e-02,-4.678459838032722473e-02,8.998876810073852539e-02,-3.954220190644264221e-02,6.194616202265024185e-03,1.566018722951412201e-02,-1.828110218048095703e-02,-3.643309697508811951e-02,7.135558128356933594e-02,2.069654911756515503e-01,-2.680835425853729248e-01,4.188401624560356140e-03,-7.912167906761169434e-02,-9.013396501541137695e-02,-4.493906348943710327e-02,2.170122265815734863e-01,-6.989904493093490601e-02,-8.893597126007080078e-02,-2.208324894309043884e-02,2.946447730064392090e-01,1.795971691608428955e-01,-6.761386990547180176e-02,1.423515230417251587e-01,8.568665944039821625e-03,-1.768461316823959351e-01,3.361226525157690048e-03,-9.346501529216766357e-02,-2.693807780742645264e-01,1.912456452846527100e-01,3.375165164470672607e-02,1.623846441507339478e-01,1.141628483310341835e-03,-6.388790160417556763e-02,7.707832846790552139e-03,-9.020699560642242432e-02,6.434122473001480103e-02,-9.259793162345886230e-02,5.029433965682983398e-02,1.119053363800048828e-01,-1.658906228840351105e-03,-1.089811697602272034e-01,-8.920795470476150513e-02,-2.251744642853736877e-02,3.742662072181701660e-02,-9.560111165046691895e-02,-2.721810247749090195e-03,2.377652078866958618e-01,-1.095169708132743835e-01,2.459526807069778442e-02,-1.077058464288711548e-01,-1.391462832689285278e-01,-5.331711843609809875e-02,-3.143208846449851990e-02,-5.618579685688018799e-02,-1.250112056732177734e-01,1.056171720847487450e-03,2.529906928539276123e-01,-2.146102786064147949e-01,9.968054294586181641e-02,1.383927911520004272e-01,-1.106818392872810364e-01,7.621504366397857666e-03,2.821057438850402832e-01,1.595495790243148804e-01,1.659225672483444214e-01,-6.537982821464538574e-02,-2.711181342601776123e-01,-2.590742707252502441e-02,3.758816793560981750e-02,5.618436262011528015e-02
-9.571593999862670898e-02,-1.077678613364696503e-02,1.436515897512435913e-01,-6.439395993947982788e-02,8.162336423993110657e-03,1.973822712898254395e-02,1.803516992367804050e-03,-6.916931271553039551e-02,-4.629099741578102112e-03,-2.300902269780635834e-02,-4.297523200511932373e-02,3.835516422986984253e-02,-1.104827374219894409e-01,-2.850749529898166656e-02,-8.679572492837905884e-02,-3.327238932251930237e-02,-1.262622978538274765e-02,-1.302002966403961182e-01,-2.520885318517684937e-03,3.259524330496788025e-02,-6.804115325212478638e-02,-1.025793403387069702e-01,-1.190838441252708435e-01,5.034555494785308838e-02,-2.178913354873657227e-02,-1.022612601518630981e-01,1.159824877977371216e-01,4.565617442131042480e-02,-1.071326509118080139e-01,8.971910923719406128e-02,3.438546555116772652e-03,1.545971482992172241e-01,-1.045579612255096436e-01,-7.769924402236938477e-02,2.088986337184906006e-03,1.387451887130737305e-01,1.121733430773019791e-02,-2.146113105118274689e-02,4.585812240839004517e-02,1.581252813339233398e-01,-1.127653047442436218e-01,1.491534896194934845e-02,-8.511433750391006470e-02,-1.472101546823978424e-02,-9.433018416166305542e-02,1.396272182464599609e-01,8.983088284730911255e-02,1.257318165153264999e-02,2.242688462138175964e-02,5.151882395148277283e-02,-2.460599504411220551e-02,2.429985441267490387e-02,-9.695896506309509277e-02,2.703806571662425995e-02,-2.516107400879263878e-03,1.125610992312431335e-01,-2.791938558220863342e-02,-1.370873861014842987e-02,7.222270360216498375e-04,5.399511381983757019e-02,3.855505585670471191e-02,-4.528689011931419373e-02,-1.239253021776676178e-02,-8.900591172277927399e-03,2.565985918045043945e-02,2.222806401550769806e-02,-3.906922414898872375e-02,-1.356214284896850586e-01,1.497959196567535400e-01,6.311350315809249878e-02,1.255249679088592529e-01,6.678314507007598877e-02,4.806602746248245239e-02,-1.209907755255699158e-01,6.367725133895874023e-02,8.490911126136779785e-02,5.478266160935163498e-03,-1.649767756462097168e-01,5.545734614133834839e-02,1.251130700111389160e-01,-1.496225148439407349e-01,-6.625987589359283447e-03,4.797418788075447083e-02,-9.809668175876140594e-03,1.156764477491378784e-01,3.377199172973632812e-02,-1.841816864907741547e-02,-1.527886837720870972e-02,-6.140339747071266174e-02,-3.793503390625119209e-03,2.258512191474437714e-02,5.581812933087348938e-02,1.246865466237068176e-01,-5.459533631801605225e-02,6.885065138339996338e-02,1.381214149296283722e-02,-6.348172575235366821e-02,1.451271004043519497e-03,6.542431563138961792e-02,-6.555084139108657837e-02,-7.640757597982883453e-03,-3.326147422194480896e-02,9.706646949052810669e-02,4.194465000182390213e-03,-1.735566258430480957e-01,-2.815413475036621094e-02,8.796899020671844482e-02,6.307177990674972534e-02,5.272939428687095642e-02,2.536298707127571106e-02,-1.277261376380920410e-01,6.183314323425292969e-02,8.043629676103591919e-02,1.488549914211034775e-02,-1.408299803733825684e-01,1.201432347297668457e-01,-5.902244150638580322e-02,-6.321272253990173340e-02,1.582614630460739136e-01,-2.653117105364799500e-02,-1.032363772392272949e-01,-1.307388842105865479e-01,-1.161654368042945862e-01,2.512007206678390503e-02,9.555955231189727783e-02,4.067999497056007385e-02,-2.324146032333374023e-02,-8.822370320558547974e-02
