3.833032250404357910e-01,-4.799288697540760040e-03,2.577069215476512909e-02,-1.064728796482086182e-01,3.144193887710571289e-01,-2.512053251266479492e-01,7.537180930376052856e-02,3.883065879344940186e-01,1.008424237370491028e-01,6.741005927324295044e-02,-2.005632966756820679e-01,-1.090393736958503723e-01,-6.290258467197418213e-02,3.971737623214721680e-02,4.483334347605705261e-02,2.231475263833999634e-01,5.814471282064914703e-03,1.662057242356240749e-03,6.197967007756233215e-02,-5.926266685128211975e-02,-1.180371567606925964e-01,-1.424124985933303833e-01,-7.978606969118118286e-02,9.231925010681152344e-02,2.179852873086929321e-02,1.531117111444473267e-01,-4.772174358367919922e-02,-2.905460596084594727e-01,6.649671494960784912e-02,-8.675899356603622437e-02,-1.249556466937065125e-01,-7.939095050096511841e-02,-4.418998956680297852e-02,8.317083865404129028e-02,-1.554858498275279999e-02,-6.234875321388244629e-02,5.850611627101898193e-02,6.261885911226272583e-02,-2.294210344552993774e-01,-3.303931653499603271e-01,1.960199326276779175e-01,1.014199405908584595e-01,-3.303765878081321716e-02,1.759449206292629242e-02,-1.202981360256671906e-02,4.948947951197624207e-02,-2.447117492556571960e-02,-6.291653215885162354e-02,8.193808794021606445e-02,-5.506205186247825623e-02,-1.639197468757629395e-01,-2.153909951448440552e-01,2.808101773262023926e-01,2.121549285948276520e-02,-7.033491879701614380e-02,-1.877781450748443604e-01,1.218560934066772461e-01,4.003814421594142914e-03,6.501276791095733643e-02,5.645985901355743408e-02,-8.543767035007476807e-02,3.575675562024116516e-02,-2.317723352462053299e-03,2.073153108358383179e-01,1.600821688771247864e-02,-1.645206846296787262e-02,-2.757115662097930908e-01,1.701550483703613281e-01,-5.736257135868072510e-02,2.581397294998168945e-01,-2.075655460357666016e-01,1.396302133798599243e-01,-1.328345824731513858e-04,2.335275150835514069e-02,-1.705681830644607544e-01,-1.424472779035568237e-01,4.238666733726859093e-04,7.572016865015029907e-02,1.535463519394397736e-02,-9.838885813951492310e-02,9.562169760465621948e-02,1.134842605097219348e-04,-2.027307301759719849e-01,-2.734791021794080734e-03,-3.527416288852691650e-01,5.468282848596572876e-02,2.237198650836944580e-01,2.384437946602702141e-03,-6.561183184385299683e-02,1.655825078487396240e-01,-1.742437034845352173e-01,2.584128379821777344e-01,1.075419932603836060e-01,-8.648686856031417847e-02,-1.070546582341194153e-01,-3.586008250713348389e-01,8.195456862449645996e-02,-1.894872548291459680e-05,-1.824263483285903931e-01,1.777984648942947388e-01,-2.997436523437500000e-01,2.973794043064117432e-01,-7.048986107110977173e-02,-1.297718882560729980e-01,-3.001004643738269806e-02,1.924303770065307617e-01,1.005649864673614502e-01,5.573384836316108704e-02,-3.462277352809906006e-01,8.170604705810546875e-03,2.265975065529346466e-02,1.168592423200607300e-01,-1.427346840500831604e-02,-1.758656278252601624e-02,1.411460936069488525e-01,-3.154684975743293762e-02,3.064851760864257812e-01,-9.761036187410354614e-02,-2.194243222475051880e-01,-6.298811058513820171e-04,-9.209035336971282959e-02,7.769169658422470093e-02,1.579784154891967773e-01,2.042713761329650879e-01,-1.536773443222045898e-01,6.052883714437484741e-02,2.008328400552272797e-02,7.795821130275726318e-02
-4.799288697540760040e-03,7.956124842166900635e-03,-7.399261742830276489e-02,6.118122488260269165e-02,3.446948528289794922e-02,2.344459528103470802e-03,-1.999858021736145020e-02,1.588175445795059204e-02,4.692906141281127930e-02,4.635677486658096313e-02,5.999517627060413361e-03,-3.337899222970008850e-02,6.848207116127014160e-02,5.565816536545753479e-02,6.987174600362777710e-02,7.210138440132141113e-02,-2.666179090738296509e-03,6.782139837741851807e-02,-6.775222718715667725e-02,-3.890276327729225159e-02,-3.209860995411872864e-02,5.179000273346900940e-02,5.331891030073165894e-02,-2.256386540830135345e-02,8.341195993125438690e-03,6.264477968215942383e-02,-6.473027914762496948e-02,-3.601260855793952942e-02,6.552246212959289551e-02,-1.983432844281196594e-02,2.950111031532287598e-02,-7.348070293664932251e-02,5.269943550229072571e-02,4.609573259949684143e-02,-1.929741702042520046e-03,-7.698982208967208862e-02,5.123763903975486755e-02,6.453516334295272827e-02,-5.777444317936897278e-02,-2.969352900981903076e-02,5.917306616902351379e-02,4.143842495977878571e-03,7.131312787532806396e-02,2.223249338567256927e-02,8.468015119433403015e-03,-7.090996950864791870e-02,-7.058875262737274170e-02,-1.879254356026649475e-02,-1.884971745312213898e-02,3.025564830750226974e-03,1.235951017588376999e-02,-9.860396385192871094e-04,2.546804398298263550e-02,9.122721530729904771e-05,-1.876020245254039764e-02,-7.333528995513916016e-02,2.361662499606609344e-02,3.506345441564917564e-03,-6.398600339889526367e-02,-6.241240352392196655e-02,1.040438655763864517e-02,-1.242627296596765518e-02,1.552239875309169292e-03,2.384591288864612579e-02,-2.506772521883249283e-03,-2.168464288115501404e-02,5.226872116327285767e-02,7.039786130189895630e-02,-7.172686606645584106e-02,1.744577102363109589e-02,-5.645582452416419983e-02,-3.674847632646560669e-02,-1.870917528867721558e-02,6.717448681592941284e-02,-1.668759994208812714e-02,-6.913565844297409058e-02,-5.097989924252033234e-04,7.508014887571334839e-02,-3.117609955370426178e-02,-6.040820479393005371e-02,7.182688266038894653e-02,8.788282138993963599e-05,-5.353129655122756958e-02,-8.404506661463528872e-05,-5.275540053844451904e-02,-7.343824207782745361e-02,3.077124431729316711e-02,1.133380108512938023e-03,5.668206512928009033e-02,4.563836008310317993e-02,-1.173028489574790001e-03,-2.706328406929969788e-02,-6.378225237131118774e-02,2.319069392979145050e-02,-6.186058744788169861e-02,2.643289044499397278e-02,5.182981491088867188e-02,-1.028172505357360933e-06,-4.684179276227951050e-02,5.780486017465591431e-02,-9.785598143935203552e-03,2.640413120388984680e-02,-7.076247036457061768e-02,-6.235389783978462219e-02,8.549977093935012817e-02,-1.133346371352672577e-02,-6.616339832544326782e-02,-7.725496590137481689e-02,-7.784006884321570396e-04,-1.639281283132731915e-03,4.475603997707366943e-02,-5.918743461370468140e-02,-6.952823698520660400e-02,-2.066306024789810181e-02,7.228231430053710938e-02,-6.942091137170791626e-02,2.889786474406719208e-02,3.662190586328506470e-02,-6.568694114685058594e-02,3.192145749926567078e-02,6.317641586065292358e-02,5.735830590128898621e-02,5.532272905111312866e-02,-5.755953863263130188e-02,-2.175626903772354126e-02,-4.489378631114959717e-02,-1.707558287307620049e-03,5.369152873754501343e-02
2.577069215476512909e-02,-7.399261742830276489e-02,7.769080400466918945e-01,-6.771964430809020996e-01,-4.089218080043792725e-01,-5.490389838814735413e-02,1.501336246728897095e-01,-2.360747456550598145e-01,-4.978874623775482178e-01,-5.690546631813049316e-01,-4.045653156936168671e-03,4.276932775974273682e-01,-6.402925252914428711e-01,-6.700990796089172363e-01,-7.578185200691223145e-01,-7.292883396148681641e-01,2.609651535749435425e-02,-6.698504686355590820e-01,7.110242247581481934e-01,5.152845978736877441e-01,3.758170604705810547e-01,-6.018087267875671387e-01,-6.342898011207580566e-01,2.434405237436294556e-01,-1.058140620589256287e-01,-6.245850324630737305e-01,7.110946774482727051e-01,3.546367883682250977e-01,-7.236344814300537109e-01,2.277800440788269043e-01,-2.905775904655456543e-01,7.800641655921936035e-01,-5.436390042304992676e-01,-6.382475495338439941e-01,2.938715368509292603e-02,7.731568813323974609e-01,-5.798926949501037598e-01,-7.154661417007446289e-01,5.796012282371520996e-01,4.443597495555877686e-01,-6.300231814384460449e-01,-7.167471200227737427e-02,-7.260481715202331543e-01,-2.642855048179626465e-01,-1.381642818450927734e-01,7.517522573471069336e-01,7.622839212417602539e-01,2.014946639537811279e-01,1.859131157398223877e-01,1.585002839565277100e-01,-9.598305076360702515e-02,1.336795240640640259e-01,-3.711004257202148438e-01,-1.692727953195571899e-02,2.383073568344116211e-01,7.823857665061950684e-01,-3.528177738189697266e-01,-4.245033115148544312e-02,6.276365518569946289e-01,6.721322536468505859e-01,-6.834938377141952515e-02,7.012727111577987671e-02,-1.742601022124290466e-02,-2.620014846324920654e-01,8.275724947452545166e-02,2.463638931512832642e-01,-4.360083937644958496e-01,-7.195422053337097168e-01,7.556455135345458984e-01,-1.915294975042343140e-01,6.511880159378051758e-01,4.169962704181671143e-01,2.549785375595092773e-01,-7.464940547943115234e-01,1.256573051214218140e-01,6.995452046394348145e-01,5.037876777350902557e-03,-8.051415085792541504e-01,3.318476974964141846e-01,7.002515196800231934e-01,-7.767141461372375488e-01,-1.174224074929952621e-03,6.459844112396240234e-01,3.208650974556803703e-03,5.807577371597290039e-01,7.583533525466918945e-01,-3.917839527130126953e-01,-1.262662373483181000e-02,-5.894036889076232910e-01,-5.903264284133911133e-01,2.973685227334499359e-02,2.077751010656356812e-01,6.449835896492004395e-01,-2.680074274539947510e-01,6.926497220993041992e-01,-2.024162113666534424e-01,-5.293762683868408203e-01,1.818991040636319667e-05,5.586386919021606445e-01,-6.120426654815673828e-01,2.871575355529785156e-01,-3.275316059589385986e-01,7.600330710411071777e-01,6.982716321945190430e-01,-8.418896198272705078e-01,-1.845114491879940033e-02,6.490586400032043457e-01,7.490807175636291504e-01,1.415926031768321991e-02,1.820586062967777252e-02,-5.450453758239746094e-01,6.793361306190490723e-01,7.345460057258605957e-01,3.779350966215133667e-02,-7.645850181579589844e-01,7.259354591369628906e-01,-3.663491606712341309e-01,-3.881213068962097168e-01,7.259126305580139160e-01,-3.986900448799133301e-01,-6.334734559059143066e-01,-6.479490399360656738e-01,-6.442174315452575684e-01,5.246464014053344727e-01,4.288921356201171875e-01,5.546333193778991699e-01,-3.299553645774722099e-03,-6.089689135551452637e-01
-1.064728796482086182e-01,6.118122488260269165e-02,-6.771964430809020996e-01,7.197038531303405762e-01,2.038484066724777222e-01,1.314588040113449097e-01,-1.182616502046585083e-01,3.177692741155624390e-02,4.476245939731597900e-01,4.848433136940002441e-01,-7.503239810466766357e-02,-3.326652348041534424e-01,4.573908448219299316e-01,6.081831455230712891e-01,6.511690616607666016e-01,5.019716620445251465e-01,-2.006294392049312592e-02,5.680859088897705078e-01,-7.043188214302062988e-01,-4.419598281383514404e-01,-4.416370093822479248e-01,5.823228955268859863e-01,5.775618553161621094e-01,-1.885630637407302856e-01,8.989340811967849731e-02,3.890157043933868408e-01,-5.260410904884338379e-01,-8.665736764669418335e-02,5.256872177124023438e-01,-4.176750034093856812e-02,2.441406846046447754e-01,-6.888600587844848633e-01,6.096969246864318848e-01,5.264762043952941895e-01,-9.887695312500000000e-03,-5.810213088989257812e-01,4.423370957374572754e-01,5.879107713699340820e-01,-3.041311204433441162e-01,-4.071381390094757080e-01,5.426559448242187500e-01,1.142002046108245850e-01,5.906246304512023926e-01,2.130264341831207275e-01,-1.000409293919801712e-02,-5.697402358055114746e-01,-7.034357786178588867e-01,-1.807461529970169067e-01,-1.295962035655975342e-01,-9.237953275442123413e-02,1.100804284214973450e-01,5.251733586192131042e-02,3.710296750068664551e-01,-1.222205255180597305e-02,-6.343251466751098633e-02,-6.015812158584594727e-01,3.307743668556213379e-01,3.294156119227409363e-02,-5.405882000923156738e-01,-6.839077472686767578e-01,-5.654660984873771667e-03,1.559065748006105423e-02,2.030165120959281921e-02,1.669284701347351074e-01,-3.118598647415637970e-02,-2.058712691068649292e-01,3.607917129993438721e-01,5.148233771324157715e-01,-6.240862011909484863e-01,-5.789931863546371460e-02,-4.819670021533966064e-01,-2.020297497510910034e-01,-3.086484074592590332e-01,6.582328081130981445e-01,-1.297440379858016968e-01,-5.635418295860290527e-01,-2.715439768508076668e-03,6.434774398803710938e-01,-4.706769883632659912e-01,-5.768741965293884277e-01,7.254073023796081543e-01,9.735832572914659977e-04,-4.671844840049743652e-01,9.063194156624376774e-04,-4.269019961357116699e-01,-6.421985030174255371e-01,1.496216952800750732e-01,7.339596748352050781e-03,4.384597837924957275e-01,4.528447389602661133e-01,-4.265075922012329102e-02,-3.721733093261718750e-01,-6.386134028434753418e-01,2.987402379512786865e-01,-6.362220048904418945e-01,3.030534982681274414e-01,3.852560818195343018e-01,-1.021162097458727658e-05,-3.522423207759857178e-01,4.530347287654876709e-01,-1.276994943618774414e-01,6.727039813995361328e-02,-7.075771689414978027e-01,-5.384200811386108398e-01,7.576917409896850586e-01,1.815144568681716919e-01,-7.363362908363342285e-01,-6.067956686019897461e-01,1.625498682260513306e-01,-2.354576438665390015e-02,5.547987818717956543e-01,-6.904611587524414062e-01,-6.718071103096008301e-01,1.154080554842948914e-01,6.127272844314575195e-01,-6.262328028678894043e-01,1.161617860198020935e-01,3.333421945571899414e-01,-5.731284618377685547e-01,4.307321608066558838e-01,5.344161987304687500e-01,6.107186675071716309e-01,5.639916658401489258e-01,-5.006173849105834961e-01,-3.524127900600433350e-01,-5.567643642425537109e-01,-1.115883141756057739e-02,4.822241961956024170e-01
3.144193887710571289e-01,3.446948528289794922e-02,-4.089218080043792725e-01,2.038484066724777222e-01,5.809336304664611816e-01,-2.086559832096099854e-01,-2.857178449630737305e-02,5.756264925003051758e-01,2.774594724178314209e-01,3.348622620105743408e-01,-9.534330666065216064e-02,-3.318486809730529785e-01,3.753666579723358154e-01,3.440205454826354980e-01,4.495398104190826416e-01,6.942452192306518555e-01,-1.095068827271461487e-02,3.844474852085113525e-01,-2.903826832771301270e-01,-2.916063368320465088e-01,-1.464465260505676270e-01,1.573743671178817749e-01,2.391591966152191162e-01,-7.584022730588912964e-02,6.992919743061065674e-02,5.782314538955688477e-01,-4.826928079128265381e-01,-5.794758200645446777e-01,5.604676604270935059e-01,-3.029430210590362549e-01,5.257842317223548889e-02,-4.745644032955169678e-01,1.438838094472885132e-01,4.218083918094635010e-01,-3.912060707807540894e-02,-5.525437593460083008e-01,3.878725171089172363e-01,4.622885882854461670e-01,-6.895658969879150391e-01,-4.549560546875000000e-01,4.944118261337280273e-01,6.613271683454513550e-02,3.985216319561004639e-01,1.602366268634796143e-01,1.760272979736328125e-01,-4.549323022365570068e-01,-4.191607236862182617e-01,-1.508583277463912964e-01,-6.475287675857543945e-02,-1.469301432371139526e-01,-9.440779685974121094e-02,-3.777908384799957275e-01,3.494575917720794678e-01,3.605756536126136780e-02,-2.893266081809997559e-01,-6.582995057106018066e-01,2.597459554672241211e-01,2.832489833235740662e-02,-2.894847095012664795e-01,-2.484405040740966797e-01,3.013118170201778412e-02,-9.261944890022277832e-02,2.245301147922873497e-03,3.312319219112396240e-01,-5.133108794689178467e-02,-1.439381241798400879e-01,3.913906589150428772e-02,6.208990216255187988e-01,-4.738985300064086914e-01,4.795970022678375244e-01,-5.911945104598999023e-01,-2.530792653560638428e-01,-4.111752659082412720e-02,4.235910177230834961e-01,-1.783867776393890381e-01,-5.351834297180175781e-01,-3.439532825723290443e-03,5.714926719665527344e-01,-3.151430562138557434e-02,-4.746931791305541992e-01,4.804649651050567627e-01,7.043461082503199577e-04,-5.685427784919738770e-01,-6.382260471582412720e-03,-6.542214155197143555e-01,-3.963356316089630127e-01,5.154088139533996582e-01,1.126499287784099579e-02,2.981791794300079346e-01,4.796704351902008057e-01,-1.451269835233688354e-01,2.435229122638702393e-01,-2.078459411859512329e-01,1.129223499447107315e-02,-4.359813034534454346e-01,-2.577236890792846680e-01,4.124313592910766602e-01,-2.867238617909606546e-05,-5.210654139518737793e-01,5.352889895439147949e-01,-4.684015214443206787e-01,5.637614130973815918e-01,-4.425955414772033691e-01,-5.350683927536010742e-01,4.577327370643615723e-01,3.550566360354423523e-02,-1.541942358016967773e-01,-4.313009381294250488e-01,-4.059621393680572510e-01,5.327994935214519501e-03,2.052032202482223511e-01,-1.984943151473999023e-01,-4.017494320869445801e-01,-1.571139395236968994e-01,5.985248088836669922e-01,-4.147045314311981201e-01,5.625333189964294434e-01,1.488526165485382080e-01,-6.260670423507690430e-01,1.290621906518936157e-01,2.875590920448303223e-01,3.584268689155578613e-01,4.340941011905670166e-01,-8.051823079586029053e-02,-3.370982110500335693e-01,-1.577813625335693359e-01,2.505495399236679077e-02,4.203819036483764648e-01
-2.512053251266479492e-01,2.344459528103470802e-03,-5.490389838814735413e-02,1.314588040113449097e-01,-2.086559832096099854e-01,2.163609564304351807e-01,-1.614800654351711273e-02,-2.491296678781509399e-01,-8.865589648485183716e-02,-1.929492689669132233e-02,9.186621010303497314e-02,6.251943111419677734e-02,2.293364889919757843e-02,1.393686048686504364e-02,5.542842205613851547e-03,-1.573089808225631714e-01,-4.063738044351339340e-03,4.399256431497633457e-04,-8.006398379802703857e-02,-3.167216898873448372e-03,4.918608814477920532e-02,1.192227676510810852e-01,9.731807559728622437e-02,-5.241929367184638977e-02,-1.126341428607702255e-02,-1.432357132434844971e-01,1.665968634188175201e-02,2.228936403989791870e-01,-1.331824809312820435e-02,5.277229100465774536e-02,9.057550877332687378e-02,2.633037045598030090e-02,7.201053947210311890e-02,6.368604488670825958e-03,1.036744005978107452e-02,4.744344949722290039e-02,-3.654636815190315247e-02,-2.351603098213672638e-02,1.707005798816680908e-01,1.487930268049240112e-01,-1.263081133365631104e-01,-4.125914350152015686e-02,4.157313704490661621e-02,6.656021578237414360e-04,-1.817794167436659336e-03,-4.619951546192169189e-02,-3.097085282206535339e-02,3.397068381309509277e-02,-5.966679006814956665e-02,9.920341894030570984e-03,1.175262108445167542e-01,1.170862913131713867e-01,-1.463318169116973877e-01,-7.170198950916528702e-03,5.222392827272415161e-02,9.061988443136215210e-02,-5.437912791967391968e-02,-1.584995421580970287e-03,-4.925027489662170410e-02,-7.197406142950057983e-02,4.087587073445320129e-02,-1.790444715879857540e-03,3.157467814162373543e-03,-1.433866471052169800e-01,-2.901659533381462097e-02,7.940161973237991333e-03,1.597793102264404297e-01,-1.068319380283355713e-01,2.865908853709697723e-02,-1.996570527553558350e-01,1.125269904732704163e-01,-1.070070043206214905e-01,-1.299012079834938049e-02,6.397207267582416534e-03,1.183760911226272583e-01,7.130729407072067261e-02,1.049970378517173231e-04,-1.704750023782253265e-02,-5.160984024405479431e-02,5.332549288868904114e-02,-1.682287082076072693e-02,-2.343526284676045179e-05,1.013316959142684937e-01,1.231875387020409107e-03,2.207786142826080322e-01,-5.130756273865699768e-02,-1.334099322557449341e-01,-2.003824338316917419e-03,1.574573479592800140e-02,-8.942414820194244385e-02,9.234938025474548340e-02,-1.844186335802078247e-01,-8.589507639408111572e-02,6.537002325057983398e-02,4.446821659803390503e-02,2.363752275705337524e-01,-2.555037103593349457e-02,1.010306732496246696e-05,1.186658963561058044e-01,-1.270846426486968994e-01,1.667408794164657593e-01,-2.201426923274993896e-01,2.115310914814472198e-02,7.220520079135894775e-02,4.697285965085029602e-02,-2.383501641452312469e-02,-1.135070696473121643e-01,-2.983587048947811127e-02,2.590616047382354736e-01,-5.442018155008554459e-03,5.644087214022874832e-03,-1.412420272827148438e-01,-1.378743629902601242e-02,7.326594740152359009e-02,-5.419257655739784241e-02,3.844725433737039566e-04,-2.173399925231933594e-01,8.012692630290985107e-02,1.105495765805244446e-01,3.038181550800800323e-02,7.301956415176391602e-02,-2.144004032015800476e-02,-6.815458089113235474e-02,-1.299325376749038696e-01,5.151860043406486511e-02,-7.658936083316802979e-02,-1.668234169483184814e-02,-2.228800393640995026e-02
7.537180930376052856e-02,-1.999858021736145020e-02,1.501336246728897095e-01,-1.182616502046585083e-01,-2.857178449630737305e-02,-1.614800654351711273e-02,1.032922714948654175e-01,1.953873224556446075e-02,-1.014303639531135559e-01,-6.296949833631515503e-02,-9.284425526857376099e-02,5.365342646837234497e-02,-1.988363116979598999e-01,-9.043404459953308105e-02,-1.370649188756942749e-01,-1.474785506725311279e-01,7.429827470332384109e-03,-1.665448248386383057e-01,1.292623132467269897e-01,3.679285943508148193e-02,3.738734172657132149e-03,-1.292936205863952637e-01,-1.019446328282356262e-01,7.846042513847351074e-02,-1.139248721301555634e-02,-1.533883661031723022e-01,1.272735744714736938e-01,7.041079550981521606e-02,-1.344635784626007080e-01,2.999355457723140717e-02,-9.021975100040435791e-02,1.299085766077041626e-01,-8.299463987350463867e-02,-5.082359164953231812e-02,3.545321058481931686e-03,1.814036369323730469e-01,-1.091888025403022766e-01,-1.266665011644363403e-01,1.341736763715744019e-01,-4.958338662981987000e-02,-9.412487596273422241e-02,3.250403702259063721e-02,-1.651771813631057739e-01,-4.192598164081573486e-02,-5.281613022089004517e-02,1.703775227069854736e-01,1.314250528812408447e-01,3.553320094943046570e-02,7.153102755546569824e-02,-3.107384219765663147e-02,-4.585855081677436829e-02,-4.446947947144508362e-02,3.688012063503265381e-02,1.539644692093133926e-02,4.516313597559928894e-02,1.204885616898536682e-01,-1.718638278543949127e-02,-7.429583463817834854e-03,1.482445895671844482e-01,1.364614814519882202e-01,-7.194175571203231812e-02,7.346988469362258911e-02,-2.225188771262764931e-03,-1.052624266594648361e-02,-9.057597490027546883e-04,4.494978114962577820e-02,-1.952498406171798706e-01,-1.362637132406234741e-01,1.524859517812728882e-01,-2.214945107698440552e-02,8.193173259496688843e-02,1.191308125853538513e-01,1.891179196536540985e-02,-1.419274955987930298e-01,-8.576212567277252674e-04,1.169757992029190063e-01,1.705890172161161900e-03,-1.454190015792846680e-01,4.091636091470718384e-02,1.063103601336479187e-01,-1.140351071953773499e-01,-1.474005257477983832e-04,7.140321284532546997e-02,-7.759146392345428467e-04,4.913020879030227661e-02,1.821149140596389771e-01,-2.009217068552970886e-02,-2.996308496221899986e-03,-1.546383798122406006e-01,-6.183074042201042175e-02,-4.513942450284957886e-02,7.751656323671340942e-02,1.450725495815277100e-01,-4.186880961060523987e-02,9.932955354452133179e-02,-1.324657797813415527e-01,-1.099900528788566589e-01,-3.687629259729874320e-06,8.346614986658096313e-02,-1.105111688375473022e-01,-5.533932521939277649e-02,-3.097086586058139801e-02,1.306541115045547485e-01,1.166197434067726135e-01,-1.751756072044372559e-01,1.353826820850372314e-01,1.230446696281433105e-01,2.086680829524993896e-01,-2.958501689136028290e-02,3.210453782230615616e-03,-7.272419333457946777e-02,9.917621314525604248e-02,1.560246944427490234e-01,1.201387792825698853e-01,-1.313923895359039307e-01,1.430678665637969971e-01,-2.925331704318523407e-02,-1.066003441810607910e-01,9.612251073122024536e-02,-4.230775684118270874e-02,-1.691709905862808228e-01,-8.883386105298995972e-02,-6.773455440998077393e-02,1.782941967248916626e-01,-2.164560183882713318e-02,7.694407552480697632e-02,6.349281873553991318e-03,-8.461907505989074707e-02
3.883065879344940186e-01,1.588175445795059204e-02,-2.360747456550598145e-01,3.177692741155624390e-02,5.756264925003051758e-01,-2.491296678781509399e-01,1.953873224556446075e-02,6.735058426856994629e-01,1.230401620268821716e-01,2.059824317693710327e-01,-9.074955433607101440e-02,-2.765669226646423340e-01,2.517188787460327148e-01,1.929298639297485352e-01,2.953722476959228516e-01,5.792817473411560059e-01,-4.995109047740697861e-03,2.472517937421798706e-01,-8.857129514217376709e-02,-1.788555830717086792e-01,2.394941449165344238e-02,8.143950253725051880e-03,9.251799434423446655e-02,-2.896041795611381531e-02,4.817443713545799255e-02,4.764051735401153564e-01,-3.399986326694488525e-01,-6.025722622871398926e-01,4.711654782295227051e-01,-3.054965734481811523e-01,-1.770367659628391266e-02,-2.726543545722961426e-01,-5.240105092525482178e-02,3.271096348762512207e-01,-4.453144595026969910e-02,-4.006338417530059814e-01,2.901656925678253174e-01,3.243910670280456543e-01,-6.671439409255981445e-01,-3.995268642902374268e-01,3.575806319713592529e-01,4.030584916472434998e-02,2.488221675157546997e-01,1.181385368108749390e-01,2.371119707822799683e-01,-3.074462115764617920e-01,-2.566258311271667480e-01,-1.259112805128097534e-01,-4.941118508577346802e-02,-1.737568676471710205e-01,-1.484886556863784790e-01,-4.777948856353759766e-01,2.643483281135559082e-01,3.834300860762596130e-02,-3.190916776657104492e-01,-5.279289484024047852e-01,2.122894227504730225e-01,2.293613925576210022e-02,-1.151032373309135437e-01,-7.672160118818283081e-02,4.369893670082092285e-02,-1.284071505069732666e-01,-4.500954877585172653e-03,2.755669951438903809e-01,-6.238470971584320068e-02,-9.409101307392120361e-02,-1.003317460417747498e-01,5.064680576324462891e-01,-3.165728151798248291e-01,5.407630205154418945e-01,-5.151388049125671387e-01,-2.394738346338272095e-01,6.951611489057540894e-02,2.693229317665100098e-01,-1.199785992503166199e-01,-3.985898792743682861e-01,-2.828838769346475601e-03,4.236668944358825684e-01,8.973596245050430298e-02,-3.223823904991149902e-01,2.958908975124359131e-01,5.148075870238244534e-04,-4.927236437797546387e-01,-7.809854112565517426e-03,-5.775156021118164062e-01,-2.384206503629684448e-01,5.239174962043762207e-01,1.070329081267118454e-02,1.370992958545684814e-01,4.055866301059722900e-01,-1.606545895338058472e-01,4.318084716796875000e-01,-1.000082492828369141e-02,-1.114034503698348999e-01,-2.776805162429809570e-01,-3.923114538192749023e-01,3.614713251590728760e-01,-2.932346433226484805e-05,-4.698728919029235840e-01,4.388227164745330811e-01,-5.109711289405822754e-01,5.956439375877380371e-01,-2.585256695747375488e-01,-4.219596087932586670e-01,2.338514178991317749e-01,5.053451284766197205e-02,8.940435945987701416e-02,-2.720221281051635742e-01,-5.076274871826171875e-01,1.762589067220687866e-02,2.402344532310962677e-02,-3.490058006718754768e-03,-2.432547658681869507e-01,-1.886287629604339600e-01,4.826666116714477539e-01,-2.489335834980010986e-01,5.861075520515441895e-01,8.588211238384246826e-02,-5.133951306343078613e-01,1.501467777416110039e-03,1.625238060951232910e-01,1.969265043735504150e-01,2.943836748600006104e-01,9.279247373342514038e-02,-2.849410474300384521e-01,9.905682876706123352e-03,3.197034075856208801e-02,3.149712681770324707e-01
1.008424237370491028e-01,4.692906141281127930e-02,-4.978874623775482178e-01,4.476245939731597900e-01,2.774594724178314209e-01,-8.865589648485183716e-02,-1.014303639531135559e-01,1.230401620268821716e-01,5.312582850456237793e-01,4.190826416015625000e-01,-1.125493347644805908e-01,-3.106640875339508057e-01,3.353063464164733887e-01,5.186371207237243652e-01,5.374172329902648926e-01,5.481345057487487793e-01,-1.097065396606922150e-02,4.028543531894683838e-01,-5.053718686103820801e-01,-3.693221211433410645e-01,-5.107537508010864258e-01,3.758814632892608643e-01,3.647638857364654541e-01,-1.102631464600563049e-01,8.599777519702911377e-02,4.525162279605865479e-01,-4.772299826145172119e-01,-1.950373351573944092e-01,3.873277008533477783e-01,-4.052324220538139343e-02,1.079114899039268494e-01,-6.787750720977783203e-01,4.453126788139343262e-01,4.085435271263122559e-01,-1.185262110084295273e-02,-5.466878414154052734e-01,3.680026233196258545e-01,4.874104559421539307e-01,-3.143406808376312256e-01,-4.337328076362609863e-01,5.504468083381652832e-01,1.287158280611038208e-01,4.190657138824462891e-01,1.551866233348846436e-01,-5.163222178816795349e-02,-4.462731778621673584e-01,-5.201860070228576660e-01,-1.432996690273284912e-01,-1.504268031567335129e-02,-1.134930402040481567e-01,-1.528197899460792542e-02,1.949528604745864868e-02,4.474647939205169678e-01,-5.163080990314483643e-03,-5.416504293680191040e-02,-5.639333724975585938e-01,2.903920412063598633e-01,2.498841844499111176e-02,-3.798297941684722900e-01,-4.817306697368621826e-01,-7.017209380865097046e-02,8.857404440641403198e-02,1.538530644029378891e-02,2.549635171890258789e-01,6.595115410163998604e-04,-1.692336499691009521e-01,1.544596999883651733e-01,4.886419475078582764e-01,-5.566673874855041504e-01,6.229749321937561035e-02,-4.307653307914733887e-01,-3.312194719910621643e-02,-3.041155338287353516e-01,5.516066551208496094e-01,-1.945120692253112793e-01,-4.765285253524780273e-01,-2.154492074623703957e-03,5.451666116714477539e-01,-3.049010336399078369e-01,-5.560653805732727051e-01,6.207339763641357422e-01,8.169178618118166924e-04,-4.422486126422882080e-01,7.314493996091187000e-04,-4.958448410034179688e-01,-4.850605428218841553e-01,1.783955842256546021e-01,6.308801472187042236e-03,4.066139757633209229e-01,4.262732267379760742e-01,-6.636828929185867310e-02,-1.974152922630310059e-01,-4.572807252407073975e-01,2.445929050445556641e-01,-5.557342767715454102e-01,6.352367252111434937e-02,2.211861312389373779e-01,-1.392212561768246815e-05,-3.844292163848876953e-01,4.340002536773681641e-01,-2.110073417425155640e-01,2.193133831024169922e-01,-6.432220935821533203e-01,-4.847841858863830566e-01,6.190129518508911133e-01,1.005482599139213562e-01,-5.629397034645080566e-01,-4.609789848327636719e-01,-4.222998395562171936e-02,-2.277340181171894073e-02,5.668612122535705566e-01,-4.663611948490142822e-01,-5.224348902702331543e-01,9.162126481533050537e-02,4.882150590419769287e-01,-5.148892998695373535e-01,2.558898031711578369e-01,1.443873941898345947e-01,-5.332636237144470215e-01,3.468052744865417480e-01,3.123362660408020020e-01,5.254417657852172852e-01,5.342715978622436523e-01,-2.901782691478729248e-01,-3.542509675025939941e-01,-4.352696835994720459e-01,1.723096892237663269e-02,3.611468970775604248e-01
6.741005927324295044e-02,4.635677486658096313e-02,-5.690546631813049316e-01,4.848433136940002441e-01,3.348622620105743408e-01,-1.929492689669132233e-02,-6.296949833631515503e-02,2.059824317693710327e-01,4.190826416015625000e-01,4.440344870090484619e-01,-8.472363650798797607e-02,-3.271110653877258301e-01,4.000289142131805420e-01,5.338013768196105957e-01,5.805364847183227539e-01,6.065660715103149414e-01,-1.485345419496297836e-02,4.407136738300323486e-01,-5.404056906700134277e-01,-4.078845977783203125e-01,-4.009326398372650146e-01,3.933497369289398193e-01,4.303671717643737793e-01,-1.381669640541076660e-01,8.552338182926177979e-02,4.846551120281219482e-01,-5.516723394393920898e-01,-2.606966197490692139e-01,5.296819210052490234e-01,-1.481800973415374756e-01,1.484889835119247437e-01,-6.811849474906921387e-01,4.212656021118164062e-01,5.040375590324401855e-01,-1.969018951058387756e-02,-6.031607985496520996e-01,4.050139784812927246e-01,5.367980599403381348e-01,-4.299504756927490234e-01,-4.470221996307373047e-01,5.261880755424499512e-01,9.855203330516815186e-02,4.936511814594268799e-01,1.814916282892227173e-01,3.824296593666076660e-02,-5.523118972778320312e-01,-5.745660662651062012e-01,-1.382081508636474609e-01,-6.453644484281539917e-02,-1.583799570798873901e-01,2.129497937858104706e-02,-1.101335808634757996e-01,4.005557894706726074e-01,1.752848923206329346e-02,-1.409472823143005371e-01,-6.573741436004638672e-01,2.905809283256530762e-01,2.883030101656913757e-02,-4.193511307239532471e-01,-4.802975952625274658e-01,-2.797347307205200195e-02,3.469185531139373779e-02,1.357575226575136185e-02,2.505652606487274170e-01,-5.013832822442054749e-02,-1.755280345678329468e-01,1.940380334854125977e-01,5.602766871452331543e-01,-5.852615237236022949e-01,1.430665403604507446e-01,-5.123882293701171875e-01,-2.089940607547760010e-01,-2.404455095529556274e-01,5.765931010246276855e-01,-1.467328071594238281e-01,-5.391303300857543945e-01,-2.764727920293807983e-03,6.426877975463867188e-01,-2.512800991535186768e-01,-5.781744718551635742e-01,6.561821103096008301e-01,8.768970146775245667e-04,-5.154017806053161621e-01,-2.286880975589156151e-03,-5.207872986793518066e-01,-5.355321764945983887e-01,2.977479994297027588e-01,7.940151728689670563e-03,4.191403985023498535e-01,4.658739268779754639e-01,-6.095970049500465393e-02,-1.313057243824005127e-01,-4.603382349014282227e-01,2.194878160953521729e-01,-5.643674135208129883e-01,4.722416773438453674e-02,3.131980597972869873e-01,-1.847846579039469361e-05,-4.268819391727447510e-01,4.640104174613952637e-01,-2.902799248695373535e-01,2.802719473838806152e-01,-6.372470259666442871e-01,-5.394963622093200684e-01,6.830170154571533203e-01,9.521101415157318115e-02,-5.335075259208679199e-01,-5.218051075935363770e-01,-5.178715288639068604e-02,-1.672385632991790771e-02,4.902224540710449219e-01,-5.163945555686950684e-01,-5.395992398262023926e-01,7.754020392894744873e-02,5.864707827568054199e-01,-5.417155027389526367e-01,3.074903488159179688e-01,2.067609578371047974e-01,-6.020284891128540039e-01,3.204213082790374756e-01,3.752806186676025391e-01,5.167810320854187012e-01,5.356307625770568848e-01,-2.915937304496765137e-01,-3.923855125904083252e-01,-4.222478568553924561e-01,1.482127886265516281e-02,4.401239752769470215e-01
-2.005632966756820679e-01,5.999517627060413361e-03,-4.045653156936168671e-03,-7.503239810466766357e-02,-9.534330666065216064e-02,9.186621010303497314e-02,-9.284425526857376099e-02,-9.074955433607101440e-02,-1.125493347644805908e-01,-8.472363650798797607e-02,2.750908732414245605e-01,5.509603768587112427e-02,1.742404252290725708e-01,-7.731924951076507568e-02,-2.751058712601661682e-02,6.346835871227085590e-04,-6.702355574816465378e-03,2.114301174879074097e-02,8.363735675811767578e-02,8.483266085386276245e-02,2.739705145359039307e-01,3.193021565675735474e-02,2.358620753511786461e-03,-9.710056334733963013e-02,-2.190768532454967499e-02,5.859313905239105225e-02,-4.486491158604621887e-02,-3.575854003429412842e-02,7.917725294828414917e-02,-7.752364128828048706e-02,1.119297295808792114e-01,9.252241998910903931e-02,-1.596763283014297485e-01,-6.018933281302452087e-02,-6.754923146218061447e-03,-7.112309336662292480e-02,3.811049740761518478e-03,-2.617262676358222961e-02,-9.922591596841812134e-02,3.115828037261962891e-01,-1.720909923315048218e-01,-1.495476514101028442e-01,7.045353204011917114e-02,-2.150050597265362740e-03,1.853555440902709961e-01,-1.370401382446289062e-01,7.136987149715423584e-02,4.937218874692916870e-02,-1.186465173959732056e-01,-2.648422261700034142e-03,9.112509340047836304e-02,-1.176731567829847336e-02,-3.171299695968627930e-01,7.704369723796844482e-03,-1.087934672832489014e-01,4.781966656446456909e-02,-1.322324573993682861e-01,7.657381938770413399e-04,-2.473547495901584625e-02,6.880139559507369995e-02,1.656559109687805176e-01,-1.473599076271057129e-01,-5.226881708949804306e-03,-1.378333717584609985e-01,-5.550683662295341492e-02,1.209756266325712204e-02,2.415636926889419556e-01,-6.322772707790136337e-03,7.097606081515550613e-03,3.500137478113174438e-02,7.937929779291152954e-02,-3.099815845489501953e-01,1.228701621294021606e-01,-2.665302902460098267e-02,1.875497400760650635e-01,8.253295719623565674e-02,-2.314915880560874939e-03,1.083915680646896362e-02,1.999092698097229004e-01,6.755574047565460205e-02,-1.532241553068161011e-01,-7.549116708105430007e-05,5.691557750105857849e-02,-1.540404744446277618e-03,1.998630315065383911e-01,-7.882563024759292603e-02,7.492939941585063934e-03,2.399966586381196976e-03,1.021049693226814270e-01,-8.409882336854934692e-02,1.641916036605834961e-01,3.959858790040016174e-02,3.235473856329917908e-02,-4.582813009619712830e-02,1.442392170429229736e-01,1.525466144084930420e-01,2.260159701108932495e-02,1.236655680258991197e-05,-2.111543290084227920e-04,-6.662332266569137573e-02,1.258604973554611206e-01,3.670544596388936043e-03,1.165364012122154236e-01,3.453193604946136475e-02,-2.553027309477329254e-02,-3.499703705310821533e-01,1.592910885810852051e-01,-1.089619994163513184e-01,6.853611767292022705e-02,5.560269113630056381e-03,-1.385114789009094238e-01,6.279088556766510010e-02,4.806495457887649536e-02,-1.940669715404510498e-01,-3.736387938261032104e-02,3.633069247007369995e-02,-8.489353582262992859e-03,8.553940057754516602e-02,1.093126833438873291e-01,-1.212295740842819214e-01,9.921941906213760376e-02,-1.443228721618652344e-01,-1.504664421081542969e-01,-1.061307415366172791e-01,1.361874341964721680e-01,7.176672667264938354e-02,-3.204550594091415405e-03,-4.860348254442214966e-02
-1.090393736958503723e-01,-3.337899222970008850e-02,4.276932775974273682e-01,-3.326652348041534424e-01,-3.318486809730529785e-01,6.251943111419677734e-02,5.365342646837234497e-02,-2.765669226646423340e-01,-3.106640875339508057e-01,-3.271110653877258301e-01,5.509603768587112427e-02,2.833549976348876953e-01,-3.215613961219787598e-01,-4.037522375583648682e-01,-4.584175050258636475e-01,-5.425460934638977051e-01,9.980447590351104736e-03,-3.430686593055725098e-01,3.676383495330810547e-01,2.976656854152679443e-01,2.464006543159484863e-01,-2.793629467487335205e-01,-3.019528687000274658e-01,1.045408472418785095e-01,-6.659768521785736084e-02,-4.267130494117736816e-01,4.379072189331054688e-01,2.923188507556915283e-01,-4.634141921997070312e-01,1.380898952484130859e-01,-9.302502125501632690e-02,5.204023718833923340e-01,-2.493595331907272339e-01,-4.061644375324249268e-01,2.420793659985065460e-02,5.002235174179077148e-01,-3.277650773525238037e-01,-4.284237623214721680e-01,4.463812112808227539e-01,3.666638731956481934e-01,-4.208548069000244141e-01,-6.599908322095870972e-02,-3.771964609622955322e-01,-1.446291506290435791e-01,-9.617894887924194336e-02,4.438185989856719971e-01,4.399760961532592773e-01,1.190049126744270325e-01,6.282007694244384766e-02,1.690104305744171143e-01,2.814508788287639618e-02,1.706113517284393311e-01,-3.074861168861389160e-01,-1.416383963078260422e-02,1.661519557237625122e-01,5.577992796897888184e-01,-2.453754693269729614e-01,-2.479127794504165649e-02,2.830577194690704346e-01,3.438546955585479736e-01,-9.903869358822703362e-04,1.060414966195821762e-02,-7.764641195535659790e-03,-1.956658512353897095e-01,4.993532225489616394e-02,1.367285400629043579e-01,-1.100290939211845398e-01,-4.807574450969696045e-01,4.625419378280639648e-01,-1.968613713979721069e-01,4.462059438228607178e-01,2.022175341844558716e-01,1.486317664384841919e-01,-4.603467583656311035e-01,9.099432826042175293e-02,4.231493771076202393e-01,2.534091472625732422e-03,-5.302109122276306152e-01,1.418343633413314819e-01,4.626898765563964844e-01,-4.996753334999084473e-01,-7.240926497615873814e-04,4.496156573295593262e-01,2.937973709776997566e-03,4.614908099174499512e-01,4.258000850677490234e-01,-2.835179865360260010e-01,-7.805469911545515060e-03,-3.060799837112426758e-01,-3.997966647148132324e-01,5.877032503485679626e-02,-1.407317724078893661e-02,3.008274435997009277e-01,-1.200609877705574036e-01,4.307926595211029053e-01,3.863843902945518494e-02,-2.673119306564331055e-01,1.683279151620808989e-05,3.931760191917419434e-01,-3.952584564685821533e-01,2.977886795997619629e-01,-3.103892505168914795e-01,4.958206713199615479e-01,4.519475400447845459e-01,-4.990252852439880371e-01,-6.454741954803466797e-02,3.225822150707244873e-01,4.146216511726379395e-01,1.345682144165039062e-01,7.398209534585475922e-03,-3.435466885566711426e-01,3.369871079921722412e-01,4.234598577022552490e-01,-1.717750355601310730e-02,-4.979209601879119873e-01,4.106678962707519531e-01,-3.320168852806091309e-01,-1.593547016382217407e-01,5.094510912895202637e-01,-2.124066650867462158e-01,-2.851238548755645752e-01,-3.814395368099212646e-01,-4.139286279678344727e-01,1.749536842107772827e-01,3.302298486232757568e-01,2.823025286197662354e-01,-2.101078443229198456e-02,-3.365496098995208740e-01
