5.762319564819335938e-01,-3.260770440101623535e-02,1.039772480726242065e-01,-2.543788254261016846e-01,2.977307513356208801e-02,-1.924951672554016113e-01,2.329890429973602295e-01,3.027137517929077148e-01,1.107080504298210144e-01,2.089772745966911316e-02,-1.963443905115127563e-01,6.960187107324600220e-02,-2.310633659362792969e-01,3.723803535103797913e-02,-9.828074276447296143e-02,-1.505525261163711548e-01,-4.018250852823257446e-03,-1.656373143196105957e-01,2.063474953174591064e-01,6.855932623147964478e-02,-1.418253183364868164e-01,-2.579312622547149658e-01,-7.541061192750930786e-02,1.914970278739929199e-01,-1.544054411351680756e-02,-2.146569341421127319e-01,3.437680006027221680e-01,-3.060002066195011139e-02,-1.134703978896141052e-01,-1.963806599378585815e-01,-1.273586153984069824e-01,2.163438498973846436e-01,-1.037867143750190735e-01,-1.000896189361810684e-02,-8.316834457218647003e-03,2.266877293586730957e-01,-1.052336320281028748e-01,-8.441326022148132324e-02,-8.447015285491943359e-02,-2.622847259044647217e-01,-4.123319685459136963e-02,6.340415030717849731e-02,-3.305711746215820312e-01,-1.407653000205755234e-02,-1.588409245014190674e-01,1.843665093183517456e-01,7.326902449131011963e-02,-7.942614145576953888e-03,1.210407540202140808e-01,-1.780815273523330688e-01,-1.285210251808166504e-01,-8.970181643962860107e-02,2.166367620229721069e-01,9.729279205203056335e-03,-1.036217957735061646e-01,1.232784762978553772e-01,-1.236742641776800156e-02,-1.191344112157821655e-02,6.807707995176315308e-02,9.951439499855041504e-02,-3.337295725941658020e-02,-1.962388865649700165e-02,-5.074468906968832016e-03,2.032929956912994385e-01,-1.292803287506103516e-01,6.984020024538040161e-02,-4.164689481258392334e-01,-1.150927320122718811e-01,6.021200865507125854e-02,-1.814004592597484589e-02,-3.010146692395210266e-02,3.132055327296257019e-02,6.913244724273681641e-02,-6.947869062423706055e-02,-7.293760776519775391e-02,1.256792098283767700e-01,2.379368990659713745e-03,-1.309546381235122681e-01,-5.331671983003616333e-02,1.693251729011535645e-01,-1.386790722608566284e-01,-1.028564060106873512e-03,-1.478511840105056763e-01,-9.653519839048385620e-03,-2.266475558280944824e-02,2.263991832733154297e-01,3.774149715900421143e-01,-9.502234868705272675e-03,-2.308446019887924194e-01,-6.596620380878448486e-02,-9.895019233226776123e-02,1.541400402784347534e-01,3.620662987232208252e-01,-3.933144807815551758e-01,8.210450410842895508e-02,-3.443443775177001953e-01,2.066010236740112305e-02,-1.221481034008320421e-05,1.041370779275894165e-01,1.500178575515747070e-01,-1.273107677698135376e-01,2.242867797613143921e-01,2.478220909833908081e-01,9.128532558679580688e-02,-2.002351880073547363e-01,3.024141192436218262e-01,2.480050921440124512e-01,3.551083207130432129e-01,-3.097798526287078857e-01,2.581902779638767242e-02,-2.297011762857437134e-01,1.441519111394882202e-01,2.891683578491210938e-01,-2.978992648422718048e-02,-1.249088719487190247e-01,2.110265754163265228e-02,1.908640265464782715e-01,-1.034641414880752563e-01,-1.007283478975296021e-01,-9.331512451171875000e-02,-2.290194928646087646e-01,-2.552964352071285248e-02,-4.147852212190628052e-02,3.965279459953308105e-01,1.979287415742874146e-01,-4.054305702447891235e-02,-3.259914368391036987e-02,-5.244582146406173706e-02
-3.260770440101623535e-02,1.719857566058635712e-02,-1.058992147445678711e-01,8.170026540756225586e-02,6.639473885297775269e-02,1.886282698251307011e-03,1.233712653629481792e-03,3.870521485805511475e-02,1.621681079268455505e-02,4.019822180271148682e-02,1.503207534551620483e-02,-5.218971520662307739e-02,8.656403422355651855e-02,4.522471874952316284e-02,1.071902140974998474e-01,1.197826936841011047e-01,6.924830959178507328e-04,5.994157120585441589e-02,-7.560130953788757324e-02,-6.108786165714263916e-02,-7.385454606264829636e-03,1.089789494872093201e-01,3.567182272672653198e-02,-2.786088734865188599e-02,1.255778688937425613e-02,1.237559914588928223e-01,-1.199784725904464722e-01,-5.509014800190925598e-02,9.140486270189285278e-02,-1.203645020723342896e-02,7.698927074670791626e-03,-1.199332699179649353e-01,6.046064570546150208e-02,4.238754510879516602e-02,-6.056011654436588287e-03,-1.219416260719299316e-01,4.207723960280418396e-02,7.702161371707916260e-02,-8.487675338983535767e-02,-5.040974915027618408e-02,1.115865856409072876e-01,1.193842478096485138e-02,1.058312878012657166e-01,1.761306449770927429e-02,1.274537353310734034e-04,-6.570293009281158447e-02,-1.122864261269569397e-01,-3.864738717675209045e-02,-1.031429879367351532e-02,4.792017117142677307e-02,-6.314375204965472221e-04,4.472619388252496719e-03,1.644917950034141541e-02,-1.979315839707851410e-02,-9.432009421288967133e-03,-1.284013688564300537e-01,3.408555686473846436e-02,8.909445255994796753e-03,-3.876489028334617615e-02,-5.752122774720191956e-02,-7.374091539531946182e-03,-4.146565042901784182e-04,3.905862802639603615e-03,2.728392370045185089e-02,3.740468993782997131e-02,-2.881071157753467560e-02,6.596358120441436768e-02,1.167298927903175354e-01,-1.044005006551742554e-01,6.979539245367050171e-02,-9.023202210664749146e-02,2.073577977716922760e-02,-1.801095157861709595e-02,1.072316616773605347e-01,-3.362511098384857178e-02,-1.114166229963302612e-01,-1.901691430248320103e-03,1.266726255416870117e-01,-1.961164921522140503e-02,-1.092637628316879272e-01,1.105385571718215942e-01,7.207354647107422352e-04,-7.871246337890625000e-02,1.547840889543294907e-03,-1.072594001889228821e-01,-1.034925207495689392e-01,1.465477049350738525e-02,4.429470282047986984e-03,6.873586773872375488e-02,7.615681737661361694e-02,-2.686195820569992065e-02,-3.006439842283725739e-02,-1.022198200225830078e-01,6.829390674829483032e-02,-9.872358292341232300e-02,-5.268414039164781570e-03,7.155997306108474731e-02,-5.322619108483195305e-05,-9.658434242010116577e-02,7.559515535831451416e-02,-2.721528150141239166e-02,6.045117974281311035e-02,-1.304861307144165039e-01,-7.079472392797470093e-02,1.263017654418945312e-01,-9.425099007785320282e-03,-7.857611030340194702e-02,-1.153493821620941162e-01,-4.042231664061546326e-02,-8.066511712968349457e-03,7.936171442270278931e-02,-5.468388646841049194e-02,-1.151982173323631287e-01,1.363446004688739777e-03,1.241850852966308594e-01,-9.721389412879943848e-02,5.578003451228141785e-02,2.840175852179527283e-02,-1.069459989666938782e-01,3.890601545572280884e-02,5.374680086970329285e-02,9.561871737241744995e-02,1.035878062248229980e-01,-8.148682862520217896e-02,-6.389337778091430664e-02,-3.690745681524276733e-02,5.740741267800331116e-03,5.252379551529884338e-02
1.039772480726242065e-01,-1.058992147445678711e-01,7.638603448867797852e-01,-6.007697582244873047e-01,-3.751679956912994385e-01,-5.128040909767150879e-02,-1.553101241588592529e-01,-2.707703113555908203e-01,-1.427348554134368896e-01,-3.376207351684570312e-01,9.098483249545097351e-03,3.590607643127441406e-01,-4.992664456367492676e-01,-4.356130361557006836e-01,-6.820127367973327637e-01,-6.872004270553588867e-01,-6.647075526416301727e-03,-3.713441491127014160e-01,6.000215411186218262e-01,4.755306839942932129e-01,2.238267362117767334e-01,-6.693678498268127441e-01,-3.750427067279815674e-01,1.668180227279663086e-01,-9.511312842369079590e-02,-6.906131505966186523e-01,6.582970023155212402e-01,2.109357416629791260e-01,-6.520964503288269043e-01,1.219308227300643921e-01,-4.706031084060668945e-02,7.668224573135375977e-01,-5.129228234291076660e-01,-4.172039926052093506e-01,4.057550430297851562e-02,7.013900876045227051e-01,-2.805574536323547363e-01,-5.514076352119445801e-01,4.880250096321105957e-01,4.797746837139129639e-01,-6.973626017570495605e-01,-1.127844899892807007e-01,-6.204881072044372559e-01,-1.318627297878265381e-01,1.283209919929504395e-01,4.556913971900939941e-01,7.691804170608520508e-01,2.740134000778198242e-01,2.550323493778705597e-02,-1.410803496837615967e-01,1.500475965440273285e-02,-6.667713751085102558e-04,-1.875104904174804688e-01,1.332573443651199341e-01,1.899926736950874329e-02,7.757321000099182129e-01,-2.607816457748413086e-01,-6.344990432262420654e-02,2.672959566116333008e-01,4.258837699890136719e-01,1.102658212184906006e-01,-7.756991684436798096e-02,-2.858952246606349945e-02,-3.243754804134368896e-01,-1.843028962612152100e-01,1.927777379751205444e-01,-2.737447917461395264e-01,-6.792144179344177246e-01,7.046604156494140625e-01,-3.508797585964202881e-01,6.497370600700378418e-01,-1.282308846712112427e-01,1.695542782545089722e-01,-7.447365522384643555e-01,2.385256737470626831e-01,6.984220743179321289e-01,1.077648904174566269e-02,-8.218808770179748535e-01,2.481418848037719727e-01,7.216444611549377441e-01,-7.904024720191955566e-01,-5.274236202239990234e-03,5.861133337020874023e-01,-7.226341404020786285e-03,6.696383953094482422e-01,6.321911215782165527e-01,-2.382877469062805176e-01,-2.713133580982685089e-02,-3.970680832862854004e-01,-5.553091168403625488e-01,2.002803981304168701e-01,2.259368598461151123e-01,6.364014744758605957e-01,-3.698885738849639893e-01,7.126154899597167969e-01,1.049719229340553284e-01,-4.779410362243652344e-01,4.000567132607102394e-04,5.666295886039733887e-01,-5.553853511810302734e-01,2.688879072666168213e-01,-4.309772551059722900e-01,7.999253273010253906e-01,4.953359663486480713e-01,-8.185141682624816895e-01,-1.753638386726379395e-01,5.961515307426452637e-01,6.404637098312377930e-01,3.182862699031829834e-01,5.580776929855346680e-02,-5.536476373672485352e-01,5.392949581146240234e-01,7.088833451271057129e-01,-1.762004494667053223e-01,-7.417825460433959961e-01,7.044760584831237793e-01,-3.249240219593048096e-01,-2.551994919776916504e-01,7.599657177925109863e-01,-2.950606346130371094e-01,-3.263406753540039062e-01,-6.909039616584777832e-01,-7.159879803657531738e-01,4.293249547481536865e-01,4.632588326930999756e-01,3.895466923713684082e-01,-5.549401417374610901e-02,-4.358553588390350342e-01
-2.543788254261016846e-01,8.170026540756225586e-02,-6.007697582244873047e-01,6.545811295509338379e-01,2.072145491838455200e-01,1.680699884891510010e-01,4.842044040560722351e-02,4.852956533432006836e-02,5.048079788684844971e-02,2.316163629293441772e-01,-7.348595187067985535e-03,-2.784572243690490723e-01,3.177084326744079590e-01,4.001579880714416504e-01,5.477908253669738770e-01,4.857803583145141602e-01,1.085195317864418030e-02,3.584201335906982422e-01,-5.404641628265380859e-01,-3.429004549980163574e-01,-2.458213269710540771e-01,5.710279345512390137e-01,3.183357119560241699e-01,-1.443810015916824341e-01,7.352613657712936401e-02,4.838868081569671631e-01,-5.299580693244934082e-01,-4.212058149278163910e-03,4.282220602035522461e-01,8.241900801658630371e-02,7.595273852348327637e-02,-6.452059149742126465e-01,5.119707584381103516e-01,2.763036191463470459e-01,-1.573899947106838226e-02,-5.341552495956420898e-01,2.195229679346084595e-01,3.929430842399597168e-01,-1.952839046716690063e-01,-3.969575762748718262e-01,4.998846054077148438e-01,9.697958081960678101e-02,5.259168148040771484e-01,9.575547277927398682e-02,-8.676075935363769531e-02,-2.362024188041687012e-01,-6.011214256286621094e-01,-2.363146096467971802e-01,-7.827546447515487671e-02,2.332835495471954346e-01,1.764140278100967407e-02,2.827916061505675316e-03,1.218345239758491516e-01,-8.794531971216201782e-02,1.429182142019271851e-01,-5.757437348365783691e-01,1.916406154632568359e-01,4.480643570423126221e-02,-2.450212687253952026e-01,-3.821386992931365967e-01,-1.246343776583671570e-01,1.152300164103507996e-01,2.684679254889488220e-02,1.811984330415725708e-01,1.749116331338882446e-01,-1.550164967775344849e-01,3.105694353580474854e-01,4.890725910663604736e-01,-4.765360951423645020e-01,1.746937930583953857e-01,-4.269117116928100586e-01,2.239668369293212891e-01,-1.897960305213928223e-01,5.873141884803771973e-01,-1.561008244752883911e-01,-5.731360912322998047e-01,-4.220102913677692413e-03,6.095601320266723633e-01,-3.409949541091918945e-01,-5.572094321250915527e-01,6.920296549797058105e-01,4.043022636324167252e-03,-3.230457901954650879e-01,7.886992767453193665e-03,-4.719892442226409912e-01,-5.065239667892456055e-01,-6.968367844820022583e-02,1.814798265695571899e-02,3.014655709266662598e-01,3.884307444095611572e-01,-1.176593378186225891e-01,-2.963008284568786621e-01,-6.196798682212829590e-01,4.520432353019714355e-01,-5.720116496086120605e-01,7.022768259048461914e-02,3.420432507991790771e-01,-2.665644278749823570e-04,-3.653275370597839355e-01,2.882950305938720703e-01,-8.813707530498504639e-02,1.042236909270286560e-01,-7.005905508995056152e-01,-3.569602370262145996e-01,6.506996154785156250e-01,2.002347707748413086e-01,-6.515483260154724121e-01,-5.372446775436401367e-01,-8.022408932447433472e-02,-4.624865949153900146e-02,5.740162134170532227e-01,-5.167750120162963867e-01,-6.317136287689208984e-01,1.770826876163482666e-01,5.465684533119201660e-01,-4.952982664108276367e-01,6.131404638290405273e-02,2.133374214172363281e-01,-5.451660752296447754e-01,2.836951315402984619e-01,3.111191987991333008e-01,5.237355232238769531e-01,5.490411520004272461e-01,-4.393454194068908691e-01,-3.690598309040069580e-01,-3.041965067386627197e-01,3.702448680996894836e-02,3.382116556167602539e-01
2.977307513356208801e-02,6.639473885297775269e-02,-3.751679956912994385e-01,2.072145491838455200e-01,3.805445134639739990e-01,-6.341924518346786499e-02,2.783180028200149536e-02,3.537459075450897217e-01,4.525654390454292297e-02,1.436977535486221313e-01,6.353203207254409790e-02,-2.064227908849716187e-01,3.416147828102111816e-01,1.274273693561553955e-01,4.471310675144195557e-01,5.187512636184692383e-01,-1.480935374274849892e-03,2.072336822748184204e-01,-1.766395121812820435e-01,-2.172452807426452637e-01,1.039393767714500427e-01,3.933503925800323486e-01,6.406909227371215820e-02,-5.869566649198532104e-02,4.023217409849166870e-02,4.899514615535736084e-01,-4.511929154396057129e-01,-3.779656887054443359e-01,3.863778114318847656e-01,-1.640797853469848633e-01,-1.125991251319646835e-02,-3.860680162906646729e-01,1.038428246974945068e-01,1.555568724870681763e-01,-3.811772912740707397e-02,-4.832101166248321533e-01,1.455349773168563843e-01,2.978845536708831787e-01,-5.083354711532592773e-01,-2.378149628639221191e-01,4.613459706306457520e-01,5.317747965455055237e-02,3.786452710628509521e-01,7.171916961669921875e-02,7.451321929693222046e-02,-2.597898542881011963e-01,-4.425691664218902588e-01,-1.666395962238311768e-01,-3.311211243271827698e-02,2.024645060300827026e-01,-3.878313675522804260e-02,-5.648268014192581177e-02,9.665735065937042236e-02,-9.483027458190917969e-02,-1.596753448247909546e-01,-5.461186170578002930e-01,1.437754034996032715e-01,3.609455376863479614e-02,-1.235081180930137634e-01,-1.899071931838989258e-01,1.614492945373058319e-02,-8.536421507596969604e-02,1.243721414357423782e-02,9.249851852655410767e-02,1.431387215852737427e-01,-9.647759050130844116e-02,2.229758799076080322e-01,5.139532685279846191e-01,-4.080350697040557861e-01,4.049642682075500488e-01,-4.055248498916625977e-01,1.242678705602884293e-02,1.001481339335441589e-02,4.059275090694427490e-01,-1.495000422000885010e-01,-4.412682950496673584e-01,-9.161823429167270660e-03,4.874367415904998779e-01,-1.387478434480726719e-03,-3.955104351043701172e-01,3.464688956737518311e-01,2.642465289682149887e-03,-4.072297215461730957e-01,3.256250172853469849e-03,-4.888996481895446777e-01,-4.059915840625762939e-01,1.843500733375549316e-01,1.853413879871368408e-02,2.237495779991149902e-01,3.019469678401947021e-01,-1.664349287748336792e-01,-1.592142879962921143e-02,-2.743055820465087891e-01,1.540749818086624146e-01,-3.360105156898498535e-01,-1.430959850549697876e-01,3.694693446159362793e-01,-2.232559927506372333e-04,-4.458294808864593506e-01,3.710351586341857910e-01,-1.650923341512680054e-01,3.649018108844757080e-01,-4.432340264320373535e-01,-2.765376269817352295e-01,4.219498038291931152e-01,-4.116069152951240540e-02,-1.277305632829666138e-01,-4.180022180080413818e-01,-2.849645912647247314e-01,-2.079176530241966248e-02,1.746106296777725220e-01,-6.867114454507827759e-02,-3.960962891578674316e-01,-1.015393808484077454e-01,5.520549416542053223e-01,-3.638538122177124023e-01,3.923632204532623291e-01,6.738123297691345215e-02,-4.681654572486877441e-01,9.952282160520553589e-02,1.769786924123764038e-01,3.567720055580139160e-01,4.030448794364929199e-01,-2.455856055021286011e-01,-2.135728597640991211e-01,-7.573195546865463257e-02,2.146105747669935226e-03,1.694522947072982788e-01
-1.924951672554016113e-01,1.886282698251307011e-03,-5.128040909767150879e-02,1.680699884891510010e-01,-6.341924518346786499e-02,2.421725988388061523e-01,-5.682133138179779053e-02,-8.921055495738983154e-02,-1.347520649433135986e-01,-3.129161521792411804e-02,6.993556022644042969e-02,-2.782747521996498108e-02,-4.156970232725143433e-02,1.213013008236885071e-01,6.130546331405639648e-02,-1.364871300756931305e-02,3.651405218988656998e-03,8.925506845116615295e-03,-4.522333666682243347e-02,-5.340250208973884583e-02,5.175088346004486084e-02,1.070844978094100952e-01,9.960757195949554443e-02,-5.455793440341949463e-02,-9.297118522226810455e-04,-7.277893275022506714e-02,-8.402443677186965942e-02,1.093913242220878601e-01,5.168941617012023926e-02,7.127606868743896484e-02,5.991768091917037964e-02,-4.831495508551597595e-02,1.311677135527133942e-02,9.868362545967102051e-02,-1.237615593709051609e-03,-3.585881367325782776e-02,1.141582522541284561e-02,-1.159696839749813080e-02,1.199738532304763794e-01,-4.474994912743568420e-02,-1.044819131493568420e-01,-8.977374993264675140e-03,1.040980443358421326e-01,1.037512719631195068e-02,1.389058679342269897e-01,-2.804757468402385712e-02,-1.302458904683589935e-02,-1.393978204578161240e-02,-9.540241211652755737e-02,-2.179597876965999603e-02,8.091161400079727173e-02,-1.019880250096321106e-01,-6.198476254940032959e-02,-2.467121742665767670e-02,6.387866288423538208e-02,-3.145793452858924866e-02,2.490757405757904053e-02,3.543701721355319023e-03,3.103966452181339264e-02,-4.318151995539665222e-02,-3.236401360481977463e-03,2.754583954811096191e-02,4.201280418783426285e-03,-1.719879806041717529e-01,3.377164248377084732e-03,-5.213049589656293392e-04,1.059858873486518860e-01,-1.614583097398281097e-02,4.062433540821075439e-02,-5.014296621084213257e-02,4.698775708675384521e-02,-1.168420836329460144e-01,-2.584359794855117798e-02,1.859908550977706909e-02,9.425461292266845703e-02,-1.402632519602775574e-02,2.890537260100245476e-03,1.772275567054748535e-02,-3.501855581998825073e-02,-2.772965095937252045e-02,5.814781785011291504e-02,5.646519130095839500e-04,6.465032696723937988e-02,-3.484541666693985462e-04,7.794041186571121216e-02,-2.738123759627342224e-02,-1.642235964536666870e-01,1.517526688985526562e-04,-9.522738866508007050e-03,2.952595823444426060e-04,4.659722745418548584e-02,-5.873960256576538086e-02,-8.921049535274505615e-02,1.559358388185501099e-01,2.102363854646682739e-02,1.054649651050567627e-01,9.718397632241249084e-03,1.652733408263884485e-05,-1.655425876379013062e-02,-1.689923405647277832e-01,1.734764128923416138e-02,-1.915807873010635376e-01,-6.034165620803833008e-02,1.449169125407934189e-03,-1.924489624798297882e-02,6.826683878898620605e-02,-9.196481853723526001e-02,-5.968918278813362122e-02,2.056018114089965820e-01,-2.451989799737930298e-03,1.389688104391098022e-01,-1.345743685960769653e-01,-8.933768421411514282e-02,1.067160218954086304e-01,8.043992333114147186e-03,6.745849549770355225e-02,-8.938314020633697510e-02,5.331834778189659119e-02,3.673713654279708862e-02,4.128324612975120544e-02,5.758018791675567627e-02,-1.518476847559213638e-02,-1.249273959547281265e-02,-7.636661827564239502e-02,-1.438986212015151978e-01,-1.388994604349136353e-02,1.034036558121442795e-02,1.493346597999334335e-02
2.329890429973602295e-01,1.233712653629481792e-03,-1.553101241588592529e-01,4.842044040560722351e-02,2.783180028200149536e-02,-5.682133138179779053e-02,2.138940095901489258e-01,1.414410918951034546e-01,7.332789152860641479e-02,1.027833968400955200e-01,-1.543570458889007568e-01,-2.158405072987079620e-02,-2.785410359501838684e-02,1.002975329756736755e-01,5.886158347129821777e-02,1.893287710845470428e-02,-1.213773357449099422e-04,9.352828492410480976e-04,-1.037468686699867249e-01,-7.784630358219146729e-02,-1.928650736808776855e-01,-1.595977135002613068e-02,1.024838313460350037e-01,7.183198630809783936e-02,1.433724444359540939e-02,1.012981310486793518e-02,6.115081161260604858e-02,5.301636084914207458e-02,1.089633926749229431e-01,-1.189845725893974304e-01,-2.188272960484027863e-02,-6.473521888256072998e-02,1.393768340349197388e-01,1.017181947827339172e-01,-5.144417285919189453e-03,8.721062913537025452e-03,4.195229150354862213e-03,7.662624120712280273e-02,-8.890718221664428711e-02,-2.268234193325042725e-01,1.136266291141510010e-01,5.769655108451843262e-02,-4.606691747903823853e-02,2.101326920092105865e-02,-1.852655708789825439e-01,-1.034300122410058975e-02,-1.511846482753753662e-01,-4.292175918817520142e-02,7.641870528459548950e-02,-9.711948037147521973e-02,-4.852712526917457581e-02,-2.833526022732257843e-02,1.365589499473571777e-01,1.628543809056282043e-02,-1.308856625109910965e-02,-8.805540949106216431e-02,3.265205398201942444e-02,5.923033226281404495e-03,-6.598389148712158203e-02,-4.882078245282173157e-02,-6.203987449407577515e-02,5.130226537585258484e-02,3.090594662353396416e-03,2.338201552629470825e-01,-5.851086601614952087e-02,-7.863270118832588196e-03,-1.878927797079086304e-01,4.447831586003303528e-02,-1.116501092910766602e-01,-1.730066351592540741e-02,-1.564814001321792603e-01,4.184197634458541870e-02,-1.807057298719882965e-02,1.299887895584106445e-01,-8.255076408386230469e-02,-8.124397695064544678e-02,-1.128511576098389924e-04,1.405219882726669312e-01,-1.282600611448287964e-01,-6.441386789083480835e-02,1.582687795162200928e-01,4.813254927285015583e-04,-1.876809448003768921e-01,-3.963666502386331558e-03,-1.173738613724708557e-01,-9.006226435303688049e-03,2.763424515724182129e-01,-7.196389487944543362e-04,-6.379379332065582275e-02,7.757220417261123657e-02,-8.686771243810653687e-02,1.793398172594606876e-03,2.026940137147903442e-02,-1.394100785255432129e-01,-1.449379771947860718e-01,-1.645866483449935913e-01,8.448763936758041382e-02,-8.906460425350815058e-05,4.714663606137037277e-03,1.868865340948104858e-01,-1.114173233509063721e-01,1.738211661577224731e-01,-5.863449722528457642e-02,-5.283242464065551758e-02,1.515752971172332764e-01,2.653760313987731934e-01,-9.851893782615661621e-02,6.859366595745086670e-02,-2.099211812019348145e-01,-9.454964892938733101e-04,-1.062932517379522324e-02,-1.335015445947647095e-01,4.568288102746009827e-03,9.730417281389236450e-02,8.776875585317611694e-02,-1.819208860397338867e-01,6.414387375116348267e-02,4.269778355956077576e-02,-2.304204702377319336e-01,2.695051953196525574e-02,-2.874259464442729950e-02,1.382941752672195435e-01,1.424502134323120117e-01,1.240491271018981934e-01,2.075099200010299683e-02,-1.414337307214736938e-01,2.839468186721205711e-03,1.116705983877182007e-01
3.027137517929077148e-01,3.870521485805511475e-02,-2.707703113555908203e-01,4.852956533432006836e-02,3.537459075450897217e-01,-8.921055495738983154e-02,1.414410918951034546e-01,5.609017610549926758e-01,2.193659357726573944e-02,1.167764440178871155e-01,7.040014606900513172e-04,-1.567078530788421631e-01,1.853262037038803101e-01,1.245912909507751465e-01,3.562523424625396729e-01,3.891385197639465332e-01,-4.866872914135456085e-03,6.375619769096374512e-02,-1.730010472238063812e-02,-1.591777205467224121e-01,1.564671248197555542e-01,2.356925904750823975e-01,2.868898957967758179e-02,8.412170223891735077e-03,2.303912490606307983e-02,2.973219454288482666e-01,-2.306341230869293213e-01,-3.719802796840667725e-01,3.579267859458923340e-01,-2.877626717090606689e-01,-6.619624048471450806e-02,-1.868607699871063232e-01,-5.394254624843597412e-02,1.911222040653228760e-01,-4.884856939315795898e-02,-3.264868557453155518e-01,7.211282104253768921e-02,2.228934913873672485e-01,-5.595216155052185059e-01,-3.347477614879608154e-01,3.421826958656311035e-01,6.150829792022705078e-02,1.691892743110656738e-01,6.231791153550148010e-02,9.919080883264541626e-02,-1.984491646289825439e-01,-3.524606823921203613e-01,-1.436326354742050171e-01,1.221028529107570648e-02,1.094184443354606628e-02,-7.218568027019500732e-02,-1.598955839872360229e-01,1.586673408746719360e-01,-1.178863272070884705e-01,-2.592205107212066650e-01,-4.420088827610015869e-01,1.417732685804367065e-01,2.980190515518188477e-02,-1.531522814184427261e-02,-1.057965606451034546e-01,2.371440827846527100e-02,-1.203380003571510315e-01,6.427412852644920349e-03,9.031073749065399170e-02,5.461694300174713135e-02,-4.230399802327156067e-02,-1.765239238739013672e-02,3.882486224174499512e-01,-3.312167227268218994e-01,3.673056364059448242e-01,-3.944258093833923340e-01,-1.189839243888854980e-01,8.016692101955413818e-02,3.248057365417480469e-01,-1.213269680738449097e-01,-2.957031726837158203e-01,-7.265713531523942947e-03,3.739430904388427734e-01,1.933742687106132507e-02,-2.522937059402465820e-01,2.038127034902572632e-01,1.961222151294350624e-03,-4.561225175857543945e-01,-3.141805762425065041e-03,-4.137870073318481445e-01,-2.439893484115600586e-01,3.784687519073486328e-01,1.314251124858856201e-02,4.984153062105178833e-02,2.486263960599899292e-01,-1.970200240612030029e-01,1.275518536567687988e-01,-1.731595210731029510e-02,-9.720688313245773315e-02,-2.181266397237777710e-01,-3.218522369861602783e-01,3.569802045822143555e-01,-2.092469949275255203e-04,-3.736968338489532471e-01,3.889886736869812012e-01,-2.584120035171508789e-01,4.603897333145141602e-01,-2.360789030790328979e-01,-2.045496255159378052e-01,2.416560053825378418e-01,1.130012199282646179e-01,1.015925407409667969e-01,-1.977935284376144409e-01,-3.849492669105529785e-01,4.303003079257905483e-04,-1.471491530537605286e-02,3.156988695263862610e-02,-1.972588747739791870e-01,-8.052165061235427856e-02,4.505173265933990479e-01,-2.833655476570129395e-01,4.804646670818328857e-01,3.745550289750099182e-02,-4.646838903427124023e-01,1.387706957757472992e-02,4.006962105631828308e-02,2.763766348361968994e-01,2.936072051525115967e-01,2.801873534917831421e-02,-1.293798238039016724e-01,-5.025023967027664185e-02,-1.145191397517919540e-02,1.220373213291168213e-01
1.107080504298210144e-01,1.621681079268455505e-02,-1.427348554134368896e-01,5.048079788684844971e-02,4.525654390454292297e-02,-1.347520649433135986e-01,7.332789152860641479e-02,2.193659357726573944e-02,1.912269592285156250e-01,1.094615310430526733e-01,-7.744780927896499634e-02,-5.670014023780822754e-02,8.216005563735961914e-02,9.198982268571853638e-02,1.014834418892860413e-01,1.259599775075912476e-01,3.029822139069437981e-03,4.443323612213134766e-02,-1.332963407039642334e-01,-7.537747174501419067e-02,-2.464548647403717041e-01,8.285599201917648315e-02,4.210570827126502991e-02,-1.630944944918155670e-02,2.782545238733291626e-02,1.833782941102981567e-01,-6.195725873112678528e-02,-8.217282593250274658e-03,4.477295279502868652e-02,-3.777051577344536781e-03,-4.534929618239402771e-02,-2.070405185222625732e-01,1.776767522096633911e-01,3.397789597511291504e-02,3.806843888014554977e-04,-1.170638129115104675e-01,4.909593984484672546e-02,1.120994240045547485e-01,-6.393212825059890747e-02,-1.320581585168838501e-01,2.185812145471572876e-01,4.429291933774948120e-02,2.831741981208324432e-02,1.625303179025650024e-02,-2.034421414136886597e-01,-3.724768385291099548e-02,-1.514099389314651489e-01,-4.999470710754394531e-02,7.419262826442718506e-02,-1.363548543304204941e-02,-7.386887818574905396e-02,1.130807921290397644e-01,1.259282827377319336e-01,-1.852177083492279053e-02,3.675424680113792419e-02,-1.230606958270072937e-01,3.670076280832290649e-02,8.311200886964797974e-03,-5.704992637038230896e-02,-7.328502833843231201e-02,-7.476398348808288574e-02,6.691998988389968872e-02,5.865874234586954117e-03,2.258286476135253906e-01,2.178628742694854736e-02,-4.021393135190010071e-02,-7.111821323633193970e-02,1.120340824127197266e-01,-1.892640590667724609e-01,5.270702298730611801e-03,-1.351719200611114502e-01,1.888161450624465942e-01,-8.373834937810897827e-02,1.751591563224792480e-01,-1.158909946680068970e-01,-1.221396625041961670e-01,-2.197532216086983681e-03,1.722250431776046753e-01,-9.661443531513214111e-02,-1.648545414209365845e-01,1.980715841054916382e-01,8.565950556658208370e-04,-1.204042807221412659e-01,2.631774405017495155e-03,-1.761328428983688354e-01,-7.571033388376235962e-02,1.063402369618415833e-01,2.899366198107600212e-03,1.102665290236473083e-01,1.133887767791748047e-01,-4.160816967487335205e-02,-6.446981430053710938e-02,-1.097772568464279175e-01,8.662656880915164948e-03,-2.034970223903656006e-01,-7.524737715721130371e-02,2.012949809432029724e-02,-8.965902088675647974e-05,-7.332919538021087646e-02,2.078128606081008911e-01,-5.483771860599517822e-02,1.779731959104537964e-01,-1.802031248807907104e-01,-9.486112743616104126e-02,2.138695269823074341e-01,4.351129010319709778e-02,-1.613453477621078491e-01,-6.920275837182998657e-02,-1.596996933221817017e-01,-1.525163091719150543e-02,1.555012464523315430e-01,-1.036360412836074829e-01,-1.071469783782958984e-01,4.703950136899948120e-02,8.539942651987075806e-02,-2.117641121149063110e-01,5.897968634963035583e-02,1.814627088606357574e-02,-1.954268217086791992e-01,7.028380781412124634e-02,-9.965560398995876312e-03,1.849487125873565674e-01,1.767870485782623291e-01,-2.220604754984378815e-02,-2.511894144117832184e-02,-1.537646204233169556e-01,1.838052645325660706e-02,8.184991031885147095e-02
2.089772745966911316e-02,4.019822180271148682e-02,-3.376207351684570312e-01,2.316163629293441772e-01,1.436977535486221313e-01,-3.129161521792411804e-02,1.027833968400955200e-01,1.167764440178871155e-01,1.094615310430526733e-01,1.602956056594848633e-01,-4.660354182124137878e-02,-1.397524625062942505e-01,1.979349255561828613e-01,1.783220022916793823e-01,2.808413207530975342e-01,2.936320006847381592e-01,2.931693568825721741e-03,1.393084675073623657e-01,-2.615948617458343506e-01,-1.913166642189025879e-01,-1.701290607452392578e-01,2.603189945220947266e-01,1.531949639320373535e-01,-5.323524773120880127e-02,4.187802970409393311e-02,3.166366815567016602e-01,-2.579787373542785645e-01,-6.578670442104339600e-02,2.659717202186584473e-01,-5.964455008506774902e-02,2.673177514225244522e-03,-3.542936146259307861e-01,2.473811954259872437e-01,1.635365188121795654e-01,-1.426746696233749390e-02,-2.947750985622406006e-01,1.099139153957366943e-01,2.297168523073196411e-01,-2.115875929594039917e-01,-2.294322252273559570e-01,3.320153951644897461e-01,5.758021771907806396e-02,2.234571874141693115e-01,5.217477679252624512e-02,-1.253342777490615845e-01,-1.729809194803237915e-01,-3.487453758716583252e-01,-1.099991053342819214e-01,2.402996644377708435e-02,3.101231344044208527e-02,-3.334243968129158020e-02,2.945517748594284058e-02,1.152206957340240479e-01,-4.515445604920387268e-02,-1.207022112794220448e-03,-3.461049497127532959e-01,1.004888042807579041e-01,2.466942183673381805e-02,-1.171817928552627563e-01,-1.700336486101150513e-01,-6.573630124330520630e-02,5.071642994880676270e-02,1.148065738379955292e-02,2.078332304954528809e-01,5.896737426519393921e-02,-7.837124168872833252e-02,4.950131103396415710e-02,2.858416736125946045e-01,-3.217362463474273682e-01,1.171739846467971802e-01,-2.887042462825775146e-01,9.733163565397262573e-02,-8.080965280532836914e-02,3.380589187145233154e-01,-1.241183131933212280e-01,-2.981413602828979492e-01,-4.354013130068778992e-03,3.866264522075653076e-01,-1.261287778615951538e-01,-3.183787465095520020e-01,3.772881329059600830e-01,2.078601159155368805e-03,-2.604373693466186523e-01,2.734457375481724739e-03,-3.069945573806762695e-01,-2.465366721153259277e-01,1.491681188344955444e-01,1.004397310316562653e-02,1.571379601955413818e-01,2.303720116615295410e-01,-9.210013598203659058e-02,-9.335833042860031128e-02,-2.577102780342102051e-01,1.071024164557456970e-01,-3.332378864288330078e-01,-7.453026622533798218e-02,1.773344576358795166e-01,-1.725492038531228900e-04,-2.173963040113449097e-01,2.780508399009704590e-01,-1.208791360259056091e-01,2.251940965652465820e-01,-3.669441640377044678e-01,-2.019922286272048950e-01,4.045170843601226807e-01,1.037732809782028198e-01,-2.793019711971282959e-01,-2.473459541797637939e-01,-1.796837002038955688e-01,-2.342866733670234680e-02,2.350037097930908203e-01,-2.309861481189727783e-01,-2.891517877578735352e-01,8.681766688823699951e-02,3.204147815704345703e-01,-3.420166373252868652e-01,1.325421333312988281e-01,1.003719046711921692e-01,-3.702800273895263672e-01,1.226179450750350952e-01,1.067732125520706177e-01,3.103833496570587158e-01,3.281861245632171631e-01,-1.390772461891174316e-01,-1.603027582168579102e-01,-1.908758729696273804e-01,2.478837594389915466e-02,1.872912198305130005e-01
-1.963443905115127563e-01,1.503207534551620483e-02,9.098483249545097351e-03,-7.348595187067985535e-03,6.353203207254409790e-02,6.993556022644042969e-02,-1.543570458889007568e-01,7.040014606900513172e-04,-7.744780927896499634e-02,-4.660354182124137878e-02,1.850569844245910645e-01,-4.409608617424964905e-02,1.318641752004623413e-01,-2.838275954127311707e-02,7.558625191450119019e-02,1.406050175428390503e-01,-1.236372743733227253e-03,1.376576907932758331e-02,5.155597627162933350e-02,-2.849677950143814087e-02,2.467897683382034302e-01,1.377644836902618408e-01,-3.159472346305847168e-02,-1.081842929124832153e-01,-1.525403582490980625e-03,1.292588710784912109e-01,-2.029289603233337402e-01,-1.587238162755966187e-01,8.088602870702743530e-02,8.578991517424583435e-03,2.968057803809642792e-02,-5.601381883025169373e-02,-1.419471502304077148e-01,3.004872053861618042e-02,-1.390566490590572357e-02,-1.664926707744598389e-01,3.889930248260498047e-02,2.389892749488353729e-02,-9.597242623567581177e-02,1.333719193935394287e-01,-2.940609119832515717e-03,-5.033424496650695801e-02,1.624855697154998779e-01,7.609433028846979141e-03,2.315779626369476318e-01,-1.481117457151412964e-01,4.384797066450119019e-03,1.061080768704414368e-02,-8.058156818151473999e-02,3.127974644303321838e-02,6.105372682213783264e-02,-2.667959593236446381e-02,-1.141944229602813721e-01,-5.296821519732475281e-02,-8.112213015556335449e-02,-1.050685197114944458e-01,2.584363706409931183e-02,7.925442419946193695e-03,6.493778526782989502e-02,2.776687731966376305e-03,7.144653052091598511e-02,-7.478057593107223511e-02,-4.457454488147050142e-04,-2.187369614839553833e-01,6.768236309289932251e-02,-1.621763966977596283e-02,2.029500752687454224e-01,1.000579148530960083e-01,-4.784878715872764587e-02,1.221489459276199341e-01,1.144862361252307892e-02,-1.604678481817245483e-01,2.854707092046737671e-02,8.445652201771736145e-03,6.683146953582763672e-02,-2.763500995934009552e-02,-3.111278638243675232e-03,5.173466354608535767e-02,1.741962283849716187e-01,-7.247834652662277222e-02,-4.547546058893203735e-02,5.508898175321519375e-04,2.317953296005725861e-02,3.034835914149880409e-03,-9.733032435178756714e-03,-9.785146266222000122e-02,-1.300649493932723999e-01,6.810887716710567474e-03,1.144120246171951294e-01,3.540556877851486206e-02,4.603461176156997681e-02,3.155385702848434448e-02,-7.392975687980651855e-02,1.417261660099029541e-01,4.379888251423835754e-02,7.772964239120483398e-02,1.340740732848644257e-02,4.733812147605931386e-06,-1.575671285390853882e-01,-6.663203239440917969e-02,-7.758625783026218414e-03,-2.108132652938365936e-02,-6.698311865329742432e-02,-3.822451457381248474e-02,-5.093688145279884338e-03,-2.518206536769866943e-01,1.026577278971672058e-01,-1.808992922306060791e-01,1.253377348184585571e-01,-4.759838338941335678e-03,5.000276118516921997e-02,7.399639487266540527e-02,-1.057847887277603149e-01,-5.523390322923660278e-02,8.812079578638076782e-02,5.841426923871040344e-02,9.325059503316879272e-02,2.996110590174794197e-03,6.204447522759437561e-02,-8.137334138154983521e-03,6.384007632732391357e-02,-2.256200090050697327e-02,-1.662844605743885040e-02,-1.401731371879577637e-01,-1.359886527061462402e-01,9.239763766527175903e-02,1.134691666811704636e-02,-4.230496659874916077e-02
6.960187107324600220e-02,-5.218971520662307739e-02,3.590607643127441406e-01,-2.784572243690490723e-01,-2.064227908849716187e-01,-2.782747521996498108e-02,-2.158405072987079620e-02,-1.567078530788421631e-01,-5.670014023780822754e-02,-1.397524625062942505e-01,-4.409608617424964905e-02,1.826768517494201660e-01,-2.551694512367248535e-01,-2.026844322681427002e-01,-3.703917562961578369e-01,-3.935523629188537598e-01,-3.444811562076210976e-03,-1.684566885232925415e-01,2.434831261634826660e-01,2.150074988603591919e-01,4.388824477791786194e-02,-3.685198426246643066e-01,-1.415576487779617310e-01,1.036224365234375000e-01,-4.304469376802444458e-02,-3.869633376598358154e-01,3.803775906562805176e-01,1.563830226659774780e-01,-3.180046975612640381e-01,4.546998813748359680e-02,-1.228445209562778473e-02,4.054351150989532471e-01,-1.896927803754806519e-01,-1.860160380601882935e-01,2.396287582814693451e-02,4.063462615013122559e-01,-1.348354667425155640e-01,-2.559295594692230225e-01,2.785406708717346191e-01,2.242268770933151245e-01,-3.554459810256958008e-01,-4.592365026473999023e-02,-3.277259171009063721e-01,-6.173253431916236877e-02,-1.197883207350969315e-02,2.262488305568695068e-01,3.834310472011566162e-01,1.341075152158737183e-01,3.318477794528007507e-02,-8.558099716901779175e-02,1.064420677721500397e-02,1.228016987442970276e-02,-7.907009124755859375e-02,8.714558929204940796e-02,3.425620496273040771e-02,4.364552497863769531e-01,-1.304994970560073853e-01,-3.101480007171630859e-02,9.004179388284683228e-02,1.940293461084365845e-01,3.763231635093688965e-02,-9.238275699317455292e-03,-1.350754313170909882e-02,-8.471890538930892944e-02,-1.086905524134635925e-01,9.046039730310440063e-02,-1.696427315473556519e-01,-3.708196878433227539e-01,3.562636077404022217e-01,-2.060400843620300293e-01,3.077829480171203613e-01,-3.994563221931457520e-02,6.903369724750518799e-02,-3.787565529346466064e-01,9.876170754432678223e-02,3.521732687950134277e-01,5.518523510545492172e-03,-4.336287379264831543e-01,7.924626767635345459e-02,3.768328726291656494e-01,-3.874286413192749023e-01,-2.580814063549041748e-03,2.717460989952087402e-01,-4.205547273159027100e-03,3.513128459453582764e-01,3.242881596088409424e-01,-6.017719954252243042e-02,-1.407414581626653671e-02,-2.118934690952301025e-01,-2.646453976631164551e-01,8.761560171842575073e-02,9.112523496150970459e-02,3.154644072055816650e-01,-2.059292048215866089e-01,3.322542607784271240e-01,4.544446244835853577e-02,-2.273153811693191528e-01,1.839259784901514649e-04,3.254706561565399170e-01,-2.531768083572387695e-01,1.253187805414199829e-01,-2.100451439619064331e-01,4.376822412014007568e-01,2.357889562845230103e-01,-4.088065922260284424e-01,-1.947047933936119080e-02,2.519316971302032471e-01,3.600338399410247803e-01,1.259760707616806030e-01,2.543579973280429840e-02,-2.945244312286376953e-01,2.048510909080505371e-01,3.802793323993682861e-01,-5.150818452239036560e-02,-4.034304320812225342e-01,3.223738670349121094e-01,-2.003058791160583496e-01,-1.035804077982902527e-01,3.796654045581817627e-01,-1.333258301019668579e-01,-1.526477336883544922e-01,-3.265714347362518311e-01,-3.478091955184936523e-01,2.265794873237609863e-01,2.458355426788330078e-01,1.494109332561492920e-01,-2.478169463574886322e-02,-1.732564270496368408e-01
