3.188557326793670654e-01,8.916023187339305878e-03,-4.390318691730499268e-02,4.493859014473855495e-04,2.547172605991363525e-01,-1.609040647745132446e-01,4.154454171657562256e-02,3.293050229549407959e-01,7.229012995958328247e-02,4.527061805129051208e-02,-1.318444162607192993e-01,-1.013580039143562317e-01,-4.603110998868942261e-02,6.486301869153976440e-02,9.104216843843460083e-02,1.782339662313461304e-01,1.990908989682793617e-03,8.041018992662429810e-02,1.298850215971469879e-02,-3.530868887901306152e-02,-7.173332571983337402e-02,-6.887498777359724045e-03,-5.113420262932777405e-02,7.433640211820602417e-02,1.674436405301094055e-02,1.042183637619018555e-01,2.450542896986007690e-02,-2.698990106582641602e-01,2.410488016903400421e-02,-9.547950327396392822e-02,-1.266313493251800537e-01,-5.707164108753204346e-02,2.052384242415428162e-02,2.491267770528793335e-02,-1.457787584513425827e-02,-6.940881907939910889e-02,4.553971812129020691e-02,6.983447074890136719e-02,-2.394106984138488770e-01,-3.003640174865722656e-01,2.491035312414169312e-01,9.928499162197113037e-02,-1.788726635277271271e-02,1.888704672455787659e-02,-3.625600039958953857e-02,1.111216917634010315e-01,-9.787259250879287720e-02,-1.173411682248115540e-01,2.463995292782783508e-02,5.590314790606498718e-02,-1.042233109474182129e-01,-1.010854765772819519e-01,2.291496545076370239e-01,-8.017685264348983765e-02,-4.169797524809837341e-02,-1.440717577934265137e-01,1.176818087697029114e-01,6.252735387533903122e-03,8.608478237874805927e-04,-5.696909129619598389e-02,-6.086053699254989624e-02,-5.445305630564689636e-02,3.241109428927302361e-03,1.668026000261306763e-01,9.120175242424011230e-02,-1.414859108626842499e-02,-1.223868504166603088e-01,1.888452619314193726e-01,-8.942775428295135498e-02,2.412843406200408936e-01,-1.979614645242691040e-01,1.697767078876495361e-01,2.824919670820236206e-02,8.197079598903656006e-02,-1.825661808252334595e-01,-2.169678509235382080e-01,4.904196830466389656e-04,6.099426001310348511e-02,-1.334974914789199829e-01,-1.033830866217613220e-01,1.252427250146865845e-01,2.421602694084867835e-04,-1.184624359011650085e-01,-1.001644181087613106e-03,-3.324163854122161865e-01,2.857455983757972717e-02,1.624159514904022217e-01,2.498417627066373825e-03,-8.264247328042984009e-02,9.738063812255859375e-02,-1.526378095149993896e-01,7.353155314922332764e-02,-2.736617112532258034e-03,-2.142343856394290924e-02,-1.278843581676483154e-01,-2.521828413009643555e-01,1.557726860046386719e-01,-3.892209497280418873e-05,-1.389325410127639771e-01,2.457160949707031250e-01,-1.456400007009506226e-01,1.944698840379714966e-01,-9.088557213544845581e-02,-9.127774834632873535e-02,2.472028322517871857e-02,2.091282159090042114e-01,1.623563352040946484e-03,-6.487460341304540634e-03,-2.540802061557769775e-01,4.298676270991563797e-03,1.917800121009349823e-02,5.509103462100028992e-02,-7.295497506856918335e-02,-4.993804171681404114e-02,1.497550308704376221e-01,-6.551802903413772583e-02,2.455922961235046387e-01,-5.270506814122200012e-02,-2.256905734539031982e-01,6.270585115998983383e-03,-6.101584061980247498e-02,1.657506972551345825e-01,1.470092087984085083e-01,7.159896194934844971e-02,-1.954566501080989838e-02,1.681305281817913055e-02,5.985086783766746521e-03,9.561238437891006470e-02
8.916023187339305878e-03,1.248532719910144806e-02,-9.593839943408966064e-02,6.445240229368209839e-02,5.101326853036880493e-02,-4.022937733680009842e-03,-5.830591078847646713e-03,4.368256777524948120e-02,3.840187937021255493e-02,4.934253171086311340e-02,-3.226789645850658417e-03,-4.356444999575614929e-02,8.675083518028259277e-02,6.842771917581558228e-02,9.330630302429199219e-02,1.037569418549537659e-01,-2.602436346933245659e-03,5.803995206952095032e-02,-7.372574508190155029e-02,-5.927081406116485596e-02,-5.684230476617813110e-02,5.692990869283676147e-02,7.119522988796234131e-02,-2.532368153333663940e-02,1.259000133723020554e-02,9.332985430955886841e-02,-9.806384146213531494e-02,-5.692107602953910828e-02,9.365242719650268555e-02,-2.389872632920742035e-02,2.528825961053371429e-02,-1.070654541254043579e-01,7.002031803131103516e-02,7.153578847646713257e-02,-4.344788379967212677e-03,-1.036086603999137878e-01,5.781735479831695557e-02,8.148626983165740967e-02,-7.144159078598022461e-02,-5.483208224177360535e-02,7.616847753524780273e-02,1.289768237620592117e-02,9.198109060525894165e-02,1.957719586789608002e-02,-7.583906874060630798e-03,-8.399402350187301636e-02,-8.956588804721832275e-02,-1.932670921087265015e-02,-3.739910200238227844e-03,-3.061687573790550232e-03,2.411063387989997864e-02,-2.138586156070232391e-02,3.295258432626724243e-02,-2.643902553245425224e-03,-2.876848354935646057e-02,-1.110381782054901123e-01,2.048158459365367889e-02,5.834081675857305527e-03,-6.444983184337615967e-02,-7.169757783412933350e-02,-7.535003125667572021e-03,6.357151549309492111e-03,2.031116047874093056e-03,2.708105742931365967e-02,-1.828397810459136963e-02,-2.674925513565540314e-02,3.157329186797142029e-02,9.735696017742156982e-02,-9.491180628538131714e-02,3.216103464365005493e-02,-8.241599053144454956e-02,-3.934593498706817627e-02,-1.884795166552066803e-02,8.977469056844711304e-02,-2.569551579654216766e-02,-8.416468650102615356e-02,-9.177720057778060436e-04,1.096238940954208374e-01,-1.815396547317504883e-02,-8.914444595575332642e-02,9.807733446359634399e-02,2.709144318941980600e-04,-8.985741436481475830e-02,-1.107404706999659538e-03,-7.679986953735351562e-02,-8.834142237901687622e-02,6.020813435316085815e-02,2.337140729650855064e-03,6.692234426736831665e-02,6.122853979468345642e-02,-1.315747108310461044e-02,-1.676549948751926422e-02,-7.382734864950180054e-02,3.102178126573562622e-02,-8.224479109048843384e-02,-1.560046337544918060e-02,6.160907819867134094e-02,-1.331980183749692515e-05,-8.130775392055511475e-02,6.598144024610519409e-02,-3.447571769356727600e-02,4.189031571149826050e-02,-1.026525124907493591e-01,-8.000942319631576538e-02,1.119622141122817993e-01,-5.149967037141323090e-03,-7.073274999856948853e-02,-9.068714082241058350e-02,-4.993565380573272705e-03,-3.758935490623116493e-03,6.391108036041259766e-02,-6.906999647617340088e-02,-8.627764135599136353e-02,2.286316739628091455e-04,1.031357273459434509e-01,-9.205356985330581665e-02,6.256514787673950195e-02,4.158093407750129700e-02,-9.838411211967468262e-02,3.517478331923484802e-02,5.309455469250679016e-02,7.061527669429779053e-02,8.589276671409606934e-02,-4.644365981221199036e-02,-5.347156897187232971e-02,-6.812170892953872681e-02,1.900802832096815109e-03,7.310025393962860107e-02
-4.390318691730499268e-02,-9.593839943408966064e-02,7.623463273048400879e-01,-6.017826199531555176e-01,-3.723475635051727295e-01,-5.599925667047500610e-02,2.966871857643127441e-02,-3.333900570869445801e-01,-2.619093358516693115e-01,-4.131963253021240234e-01,4.089456796646118164e-02,3.711252510547637939e-01,-6.409158110618591309e-01,-6.037967205047607422e-01,-7.386952042579650879e-01,-7.339657545089721680e-01,2.139317989349365234e-02,-4.694254100322723389e-01,6.237591505050659180e-01,5.242049098014831543e-01,4.527371525764465332e-01,-5.067096948623657227e-01,-6.328596472740173340e-01,2.222787886857986450e-01,-1.050216481089591980e-01,-6.425490975379943848e-01,7.345981597900390625e-01,3.891143500804901123e-01,-7.334818840026855469e-01,1.815804094076156616e-01,-2.107402086257934570e-01,7.929944396018981934e-01,-5.749444961547851562e-01,-6.495305895805358887e-01,3.693331032991409302e-02,7.583220005035400391e-01,-4.759513139724731445e-01,-6.624727249145507812e-01,4.937108457088470459e-01,4.853372275829315186e-01,-5.555476546287536621e-01,-1.103470548987388611e-01,-7.113758325576782227e-01,-1.696663349866867065e-01,3.916361927986145020e-02,6.558399200439453125e-01,7.333455681800842285e-01,1.655583679676055908e-01,5.140599980950355530e-02,9.194025397300720215e-02,-2.131367325782775879e-01,2.138658761978149414e-01,-2.808262407779693604e-01,4.103100299835205078e-02,2.190519571304321289e-01,8.126563429832458496e-01,-2.037335038185119629e-01,-4.997383058071136475e-02,5.147742629051208496e-01,6.252379417419433594e-01,6.753218173980712891e-02,-6.845227628946304321e-02,-1.825400069355964661e-02,-1.833554804325103760e-01,1.647454649209976196e-01,2.173191159963607788e-01,-2.436084151268005371e-01,-7.110637426376342773e-01,7.291561961174011230e-01,-2.104325145483016968e-01,6.503045558929443359e-01,3.516090512275695801e-01,1.730452328920364380e-01,-7.237261533737182617e-01,1.673943698406219482e-01,6.485177874565124512e-01,6.572708487510681152e-03,-8.185550570487976074e-01,1.999738812446594238e-01,7.036175727844238281e-01,-7.717897295951843262e-01,-2.353455871343612671e-03,6.932190656661987305e-01,1.016965415328741074e-02,5.557667613029479980e-01,6.885682344436645508e-01,-4.778989851474761963e-01,-1.853343285620212555e-02,-5.018742084503173828e-01,-5.152940750122070312e-01,9.932631254196166992e-02,1.565334349870681763e-01,6.167535781860351562e-01,-2.771942913532257080e-01,6.592207551002502441e-01,1.155579090118408203e-01,-5.091685056686401367e-01,1.098055945476517081e-04,6.164054870605468750e-01,-4.976553320884704590e-01,3.202407956123352051e-01,-2.648286223411560059e-01,7.798412442207336426e-01,6.485539078712463379e-01,-8.196499347686767578e-01,-5.860766395926475525e-02,5.858358740806579590e-01,6.933473348617553711e-01,-3.532902523875236511e-02,3.039013966917991638e-02,-5.448355674743652344e-01,6.281977891921997070e-01,7.006024122238159180e-01,-1.024402230978012085e-01,-7.736525535583496094e-01,7.138766050338745117e-01,-4.502675533294677734e-01,-3.705481588840484619e-01,7.456228733062744141e-01,-3.096921443939208984e-01,-4.400444626808166504e-01,-5.892786383628845215e-01,-6.832864880561828613e-01,3.743294775485992432e-01,4.991753697395324707e-01,5.815182924270629883e-01,-2.166322618722915649e-02,-6.234015822410583496e-01
4.493859014473855495e-04,6.445240229368209839e-02,-6.017826199531555176e-01,6.225206255912780762e-01,1.711232066154479980e-01,1.247304528951644897e-01,-2.225307561457157135e-02,1.304645389318466187e-01,2.037997543811798096e-01,3.166073262691497803e-01,-1.031768843531608582e-01,-2.757727503776550293e-01,3.982872664928436279e-01,5.787630081176757812e-01,5.814899802207946777e-01,4.696634709835052490e-01,-1.422906201332807541e-02,3.614332079887390137e-01,-5.553741455078125000e-01,-4.149216711521148682e-01,-4.849103093147277832e-01,4.177732765674591064e-01,5.412495136260986328e-01,-1.588636934757232666e-01,8.106487989425659180e-02,3.553600013256072998e-01,-5.170172452926635742e-01,-1.173606440424919128e-01,5.010219812393188477e-01,-1.959592290222644806e-02,1.360913217067718506e-01,-6.453009247779846191e-01,5.603313446044921875e-01,5.097912549972534180e-01,-1.399266626685857773e-02,-5.330080389976501465e-01,3.401172757148742676e-01,4.760553538799285889e-01,-1.773777753114700317e-01,-4.660817086696624756e-01,3.995760977268218994e-01,1.164179742336273193e-01,5.174008607864379883e-01,1.247821897268295288e-01,-8.855050802230834961e-02,-4.238173663616180420e-01,-6.121264100074768066e-01,-1.425788998603820801e-01,-4.476319625973701477e-02,-4.907805100083351135e-02,1.851105690002441406e-01,-1.020106375217437744e-01,2.861630916595458984e-01,-6.085161119699478149e-02,-4.117098823189735413e-02,-5.975674390792846680e-01,1.888867616653442383e-01,3.471444174647331238e-02,-3.991655111312866211e-01,-5.384458899497985840e-01,-9.888089448213577271e-02,1.286668926477432251e-01,1.915096491575241089e-02,9.932177513837814331e-02,-9.000124037265777588e-02,-1.574196964502334595e-01,1.790373176336288452e-01,4.622774720191955566e-01,-5.408080816268920898e-01,-9.092414751648902893e-03,-4.435999393463134766e-01,-1.614858061075210571e-01,-2.106518000364303589e-01,5.845696926116943359e-01,-1.399939805269241333e-01,-4.840471744537353516e-01,-2.526412950828671455e-03,6.080408096313476562e-01,-3.314277827739715576e-01,-5.275593996047973633e-01,6.935386061668395996e-01,1.766878878697752953e-03,-4.529235363006591797e-01,-5.794869270175695419e-03,-3.779852092266082764e-01,-4.807193875312805176e-01,2.169905304908752441e-01,9.877455420792102814e-03,3.145384490489959717e-01,3.576298654079437256e-01,-6.556844711303710938e-02,-2.573787868022918701e-01,-5.525295734405517578e-01,2.921541333198547363e-01,-5.546042323112487793e-01,-3.336508572101593018e-02,3.405916392803192139e-01,-7.196280057542026043e-05,-3.544737398624420166e-01,3.023881614208221436e-01,-1.882581263780593872e-01,-1.295907888561487198e-02,-6.625589728355407715e-01,-4.517900645732879639e-01,6.671134829521179199e-01,2.008656561374664307e-01,-6.400258541107177734e-01,-4.908607304096221924e-01,1.697109788656234741e-01,-2.575291879475116730e-02,5.341884493827819824e-01,-6.100705265998840332e-01,-5.659733414649963379e-01,2.118428200483322144e-01,5.604978799819946289e-01,-5.355729460716247559e-01,1.903595477342605591e-01,2.648408412933349609e-01,-5.696151852607727051e-01,2.965027391910552979e-01,3.116625249385833740e-01,5.011516809463500977e-01,5.389261841773986816e-01,-3.111665248870849609e-01,-3.759361207485198975e-01,-4.833118915557861328e-01,7.758974097669124603e-03,4.777296483516693115e-01
2.547172605991363525e-01,5.101326853036880493e-02,-3.723475635051727295e-01,1.711232066154479980e-01,4.268852472305297852e-01,-1.381769627332687378e-01,2.418429031968116760e-02,4.766564369201660156e-01,1.312723606824874878e-01,1.968777775764465332e-01,-7.336594164371490479e-02,-2.284521758556365967e-01,3.105513155460357666e-01,2.215067595243453979e-01,3.919897377490997314e-01,5.461172461509704590e-01,-8.809738792479038239e-03,2.607848048210144043e-01,-2.124795168638229370e-01,-2.177170962095260620e-01,-1.296714395284652710e-01,1.811411380767822266e-01,1.930755972862243652e-01,-3.473952785134315491e-02,5.252343043684959412e-02,4.543845951557159424e-01,-3.519645035266876221e-01,-4.715339541435241699e-01,4.183011651039123535e-01,-2.174113094806671143e-01,8.427494205534458160e-03,-3.901970982551574707e-01,1.855482608079910278e-01,2.804513871669769287e-01,-3.481914103031158447e-02,-4.372397959232330322e-01,2.399726212024688721e-01,3.508827090263366699e-01,-5.535013675689697266e-01,-3.658643960952758789e-01,4.445284903049468994e-01,9.799101948738098145e-02,3.327067792415618896e-01,8.655763417482376099e-02,7.580347824841737747e-03,-2.698130309581756592e-01,-3.851467967033386230e-01,-1.441651731729507446e-01,-4.838380496948957443e-03,2.695601666346192360e-03,4.229122772812843323e-03,-2.152881026268005371e-01,2.243245989084243774e-01,-4.883060231804847717e-02,-2.043828219175338745e-01,-5.338780879974365234e-01,1.482038050889968872e-01,2.743763849139213562e-02,-2.091490477323532104e-01,-2.639823555946350098e-01,-3.664527833461761475e-02,-6.591460853815078735e-02,6.227357313036918640e-03,2.064690589904785156e-01,-3.015946596860885620e-02,-1.034991592168807983e-01,2.797149680554866791e-02,5.244796276092529297e-01,-3.959009349346160889e-01,3.687531352043151855e-01,-4.748624563217163086e-01,-1.093174740672111511e-01,1.410313788801431656e-02,3.668971657752990723e-01,-1.885014176368713379e-01,-4.551663994789123535e-01,-3.907991573214530945e-03,4.656294286251068115e-01,-6.814602017402648926e-02,-3.928024768829345703e-01,3.964971601963043213e-01,1.139151630923151970e-03,-4.575446248054504395e-01,-6.125906016677618027e-03,-5.323117375373840332e-01,-3.264245986938476562e-01,4.053671658039093018e-01,1.210716180503368378e-02,1.741002202033996582e-01,3.023803234100341797e-01,-1.694817990064620972e-01,7.976626604795455933e-02,-2.013549208641052246e-01,3.119116649031639099e-02,-3.544439077377319336e-01,-2.600348889827728271e-01,3.725502789020538330e-01,-7.993412145879119635e-05,-4.428877234458923340e-01,4.396216869354248047e-01,-2.672291100025177002e-01,3.824387490749359131e-01,-3.976110816001892090e-01,-3.682632446289062500e-01,4.046954512596130371e-01,8.908042311668395996e-02,-1.414783596992492676e-01,-3.493625819683074951e-01,-2.603131830692291260e-01,-5.754180718213319778e-03,1.439744979143142700e-01,-1.425563842058181763e-01,-3.482517600059509277e-01,-9.366561472415924072e-02,5.264383554458618164e-01,-3.687622845172882080e-01,4.707443416118621826e-01,1.277042329311370850e-01,-5.281611084938049316e-01,9.179631620645523071e-02,1.619660556316375732e-01,3.252955377101898193e-01,3.910310268402099609e-01,-8.498997986316680908e-02,-2.138777673244476318e-01,-1.945298463106155396e-01,1.080153789371252060e-02,3.262301385402679443e-01
-1.609040647745132446e-01,-4.022937733680009842e-03,-5.599925667047500610e-02,1.247304528951644897e-01,-1.381769627332687378e-01,1.758162677288055420e-01,-6.532689090818166733e-03,-1.408106088638305664e-01,-7.698360085487365723e-02,2.428551204502582550e-03,4.871066287159919739e-02,1.475051138550043106e-02,1.810654439032077789e-02,8.750206977128982544e-02,3.237318247556686401e-02,-7.548265159130096436e-02,-2.494870917871594429e-03,-2.114727348089218140e-02,-5.928146466612815857e-02,-4.595890641212463379e-02,4.246402997523546219e-03,6.980148702859878540e-02,1.213444843888282776e-01,-4.836772009730339050e-02,-2.769700251519680023e-03,-1.023452952504158020e-01,-4.943158477544784546e-02,1.660093069076538086e-01,5.952125415205955505e-02,5.026014894247055054e-02,7.227859646081924438e-02,-2.369096688926219940e-02,3.931699320673942566e-02,9.684254974126815796e-02,3.363063791766762733e-03,-5.159569554962217808e-04,-8.234544075094163418e-04,9.690566803328692913e-04,1.333557963371276855e-01,4.017394036054611206e-02,-1.381554901599884033e-01,-3.089887462556362152e-02,5.485059693455696106e-02,9.234314784407615662e-03,4.703440144658088684e-02,-9.486096352338790894e-02,-3.982053697109222412e-02,3.408556431531906128e-02,-4.698021709918975830e-02,-8.096849918365478516e-02,7.366713881492614746e-02,-1.344005018472671509e-02,-7.855767756700515747e-02,1.517567969858646393e-02,2.205925807356834412e-02,1.724019995890557766e-03,-1.316219568252563477e-02,1.306192716583609581e-03,-5.928652826696634293e-03,-4.260378703474998474e-02,2.387283556163311005e-02,4.263070225715637207e-02,1.593798981048166752e-03,-1.259462833404541016e-01,-6.877730041742324829e-02,2.292181830853223801e-03,6.603060662746429443e-02,-6.779878586530685425e-02,5.086420103907585144e-03,-1.516760885715484619e-01,5.562207847833633423e-02,-1.569939255714416504e-01,-3.388855606317520142e-02,3.091022558510303497e-02,1.202555820345878601e-01,6.915334612131118774e-02,4.556602798402309418e-04,3.858662396669387817e-02,-4.316773731261491776e-03,7.753506302833557129e-03,3.460618108510971069e-02,1.309057697653770447e-04,1.813336834311485291e-02,-1.144409528933465481e-03,1.609547883272171021e-01,-4.741961508989334106e-02,-6.758453696966171265e-02,-1.034803222864866257e-03,2.218817593529820442e-03,-1.655339077115058899e-02,7.239846885204315186e-02,-6.405021250247955322e-02,-5.005982890725135803e-02,4.848280921578407288e-02,2.226935327053070068e-02,1.145497858524322510e-01,-2.737714350223541260e-02,1.402571251674089581e-05,5.676739662885665894e-02,-1.389343142509460449e-01,2.199328690767288208e-02,-1.640792340040206909e-01,-2.068413048982620239e-02,1.312347128987312317e-02,3.402744233608245850e-02,1.484636031091213226e-02,-8.063758164644241333e-02,-1.591862551867961884e-02,1.999476701021194458e-01,-2.005465328693389893e-03,6.208795681595802307e-02,-1.424726247787475586e-01,-2.589537762105464935e-02,1.111962646245956421e-01,-7.278925273567438126e-03,-2.989061875268816948e-03,-1.270738691091537476e-01,5.906876176595687866e-02,4.625857248902320862e-02,3.203468397259712219e-02,4.928822442889213562e-02,-2.739287354052066803e-02,-1.688407734036445618e-02,-4.920886456966400146e-02,-7.339625805616378784e-02,-5.149414017796516418e-02,2.935791271738708019e-04,9.793819859623908997e-03
4.154454171657562256e-02,-5.830591078847646713e-03,2.966871857643127441e-02,-2.225307561457157135e-02,2.418429031968116760e-02,-6.532689090818166733e-03,6.693539023399353027e-02,4.648419469594955444e-02,-5.013854429125785828e-02,-8.763140067458152771e-03,-5.762112513184547424e-02,1.690467447042465210e-02,-7.467225939035415649e-02,-7.080222666263580322e-02,-5.129705742001533508e-02,-4.718251153826713562e-02,1.579218078404664993e-03,-2.301415055990219116e-02,6.505584344267845154e-03,1.765351369976997375e-02,3.507852554321289062e-02,-4.825557023286819458e-02,-4.924914985895156860e-02,3.846780583262443542e-02,-4.194317851215600967e-03,-4.713216796517372131e-02,7.657748460769653320e-02,-2.093716058880090714e-03,-3.110691532492637634e-02,-3.539363294839859009e-02,-3.049676492810249329e-02,6.747345626354217529e-02,-6.516241002827882767e-03,-2.609651908278465271e-02,1.319919247180223465e-03,8.028849959373474121e-02,-2.807767875492572784e-02,-2.490588836371898651e-02,-5.925226956605911255e-03,-2.881735935807228088e-02,1.488516665995121002e-02,1.671936735510826111e-02,-6.060320138931274414e-02,-6.841864902526140213e-03,-3.821710869669914246e-02,7.567311823368072510e-02,1.797417737543582916e-02,-5.661734379827976227e-03,2.266860753297805786e-02,2.236356958746910095e-02,-1.861615478992462158e-02,-1.752453297376632690e-02,2.356738597154617310e-02,4.626856185495853424e-03,1.096090301871299744e-02,4.101149737834930420e-02,-3.456538252066820860e-04,-2.620886312797665596e-03,6.207043305039405823e-03,3.630425781011581421e-02,-2.020707726478576660e-02,-1.207240484654903412e-02,-9.644491947256028652e-04,5.577556788921356201e-02,2.791814319789409637e-02,1.163021754473447800e-02,-6.434528529644012451e-02,-2.169505693018436432e-02,5.160594359040260315e-02,3.704827278852462769e-02,-1.205128524452447891e-02,6.287661194801330566e-02,3.055323101580142975e-02,-4.698555544018745422e-02,-3.009200096130371094e-02,-1.482526678591966629e-02,8.651916286908090115e-04,-4.070819914340972900e-02,-2.258776314556598663e-02,4.364748299121856689e-02,-2.623990178108215332e-02,-1.670522033236920834e-04,1.579732820391654968e-02,-5.564251914620399475e-04,-3.011180274188518524e-02,6.201085448265075684e-02,3.840716555714607239e-02,-1.317679998464882374e-03,-7.089676707983016968e-02,-1.189564540982246399e-02,-4.108058661222457886e-02,2.738239057362079620e-02,4.054528847336769104e-02,-3.494043275713920593e-02,6.226203404366970062e-03,-4.510405287146568298e-02,6.924568209797143936e-03,-5.985503776173572987e-06,3.175050392746925354e-02,2.359935268759727478e-02,-1.818979531526565552e-02,3.408164903521537781e-02,5.426479876041412354e-02,2.728306688368320465e-02,-2.650312148034572601e-02,9.761320054531097412e-02,2.695848233997821808e-02,6.821163743734359741e-02,-7.050988078117370605e-02,3.295482369139790535e-03,-9.697117656469345093e-02,2.226082421839237213e-02,4.781764745712280273e-02,2.030064351856708527e-02,-1.936363428831100464e-02,2.614819258451461792e-02,-1.752447523176670074e-02,-1.319805067032575607e-02,-4.137246403843164444e-03,-2.277829870581626892e-02,-2.649078518152236938e-02,1.386951073072850704e-03,-2.701782807707786560e-02,5.459713563323020935e-02,4.057150334119796753e-02,3.618514910340309143e-02,-2.114401198923587799e-03,9.733014740049839020e-03
3.293050229549407959e-01,4.368256777524948120e-02,-3.333900570869445801e-01,1.304645389318466187e-01,4.766564369201660156e-01,-1.408106088638305664e-01,4.648419469594955444e-02,6.304166913032531738e-01,7.595320791006088257e-02,1.749791055917739868e-01,-6.777531653642654419e-02,-2.582376003265380859e-01,2.511587142944335938e-01,1.984658688306808472e-01,3.784212470054626465e-01,5.546779632568359375e-01,-6.133202929049730301e-03,2.239648699760437012e-01,-1.406682729721069336e-01,-2.022565156221389771e-01,-1.165556628257036209e-02,1.818824410438537598e-01,1.418350487947463989e-01,-3.678422048687934875e-02,5.117662623524665833e-02,4.387361109256744385e-01,-2.970836758613586426e-01,-5.441950559616088867e-01,4.338065385818481445e-01,-2.593711018562316895e-01,-4.125284403562545776e-02,-3.301243484020233154e-01,7.380801439285278320e-02,3.101649582386016846e-01,-4.859951883554458618e-02,-4.202615320682525635e-01,2.285661697387695312e-01,3.429124355316162109e-01,-6.578201651573181152e-01,-4.177312552928924561e-01,4.470008909702301025e-01,1.010627299547195435e-01,2.702377438545227051e-01,8.921624720096588135e-02,8.358033001422882080e-02,-2.415656298398971558e-01,-3.658901154994964600e-01,-1.662317067384719849e-01,-1.069409400224685669e-02,-8.190479874610900879e-02,-5.093045532703399658e-02,-3.035304546356201172e-01,2.376585006713867188e-01,-9.718029201030731201e-02,-2.606623172760009766e-01,-5.313672423362731934e-01,1.976699978113174438e-01,3.027623519301414490e-02,-1.111965402960777283e-01,-2.361227720975875854e-01,-3.258547186851501465e-02,-1.198057308793067932e-01,4.179117269814014435e-03,1.924668550491333008e-01,-1.729207485914230347e-02,-9.214730560779571533e-02,-5.450640246272087097e-02,5.324571728706359863e-01,-3.840722441673278809e-01,4.584918618202209473e-01,-5.212229490280151367e-01,-1.452934741973876953e-01,6.059618294239044189e-02,3.675712347030639648e-01,-1.582276225090026855e-01,-4.467546343803405762e-01,-3.645461052656173706e-03,4.497857391834259033e-01,-5.096085742115974426e-02,-3.844768404960632324e-01,3.624669611454010010e-01,1.220229547470808029e-03,-4.682339131832122803e-01,-7.017208728939294815e-03,-5.667442679405212402e-01,-2.889994084835052490e-01,4.610379338264465332e-01,1.366147398948669434e-02,9.221430122852325439e-02,3.320533633232116699e-01,-1.968826353549957275e-01,1.947648078203201294e-01,-1.288778185844421387e-01,-1.892228610813617706e-02,-3.261443078517913818e-01,-3.498754203319549561e-01,3.902918696403503418e-01,-9.073703404283151031e-05,-4.819821119308471680e-01,4.777998626232147217e-01,-3.627516329288482666e-01,4.785982370376586914e-01,-3.568758964538574219e-01,-3.751663267612457275e-01,3.310082852840423584e-01,1.502834260463714600e-01,-1.695520058274269104e-02,-3.145171403884887695e-01,-3.450005650520324707e-01,1.134284888394176960e-03,8.779241889715194702e-02,-8.204458653926849365e-02,-3.324832022190093994e-01,-7.616925239562988281e-02,5.279183387756347656e-01,-3.295669853687286377e-01,5.467486381530761719e-01,1.238952949643135071e-01,-5.447244644165039062e-01,4.956035688519477844e-02,1.105668544769287109e-01,3.203682005405426025e-01,3.581054806709289551e-01,1.125880982726812363e-02,-2.517669200897216797e-01,-1.345285922288894653e-01,2.692307345569133759e-02,3.213262259960174561e-01
7.229012995958328247e-02,3.840187937021255493e-02,-2.619093358516693115e-01,2.037997543811798096e-01,1.312723606824874878e-01,-7.698360085487365723e-02,-5.013854429125785828e-02,7.595320791006088257e-02,2.363243699073791504e-01,1.636344790458679199e-01,-6.467099487781524658e-02,-1.414465606212615967e-01,2.196804881095886230e-01,2.329583615064620972e-01,2.741545140743255615e-01,2.984316945075988770e-01,-4.804353695362806320e-03,1.807440519332885742e-01,-2.608922421932220459e-01,-1.801138073205947876e-01,-3.216850757598876953e-01,1.717073768377304077e-01,1.802309453487396240e-01,-7.530786097049713135e-02,4.720228165388107300e-02,2.969719469547271729e-01,-2.582249343395233154e-01,-1.384491473436355591e-01,1.809976100921630859e-01,-1.107542123645544052e-02,2.922824397683143616e-02,-3.693695366382598877e-01,2.906098067760467529e-01,1.726569831371307373e-01,-3.310638712719082832e-03,-2.995531260967254639e-01,1.799578368663787842e-01,2.428605556488037109e-01,-1.245766729116439819e-01,-2.057528495788574219e-01,3.120102286338806152e-01,6.947562843561172485e-02,2.252159267663955688e-01,4.967942833900451660e-02,-1.219249963760375977e-01,-1.687847077846527100e-01,-2.551645040512084961e-01,-7.752973586320877075e-02,3.073715791106224060e-02,3.507690504193305969e-02,4.256704077124595642e-02,3.912554308772087097e-02,1.954161524772644043e-01,-4.533052071928977966e-02,-3.110673744231462479e-03,-2.943176031112670898e-01,8.015152066946029663e-02,1.501523703336715698e-02,-2.168752849102020264e-01,-2.397167086601257324e-01,-7.331384718418121338e-02,6.520124524831771851e-02,8.870322257280349731e-03,1.606615334749221802e-01,1.870301179587841034e-02,-8.944103121757507324e-02,5.859806761145591736e-02,2.701556682586669922e-01,-3.025501072406768799e-01,5.897451937198638916e-02,-2.292920798063278198e-01,6.860892474651336670e-02,-1.263872683048248291e-01,2.851001918315887451e-01,-1.640477031469345093e-01,-2.728811502456665039e-01,-1.894771936349570751e-03,2.904112040996551514e-01,-1.510656476020812988e-01,-2.877410650253295898e-01,3.426876366138458252e-01,7.851273985579609871e-04,-2.108035832643508911e-01,-5.721431225538253784e-04,-2.737880945205688477e-01,-2.203658372163772583e-01,1.085079386830329895e-01,5.425462499260902405e-03,2.359663546085357666e-01,1.860537379980087280e-01,-4.908468946814537048e-02,-1.245544478297233582e-01,-2.839550971984863281e-01,1.557748317718505859e-01,-3.064321279525756836e-01,-4.852719977498054504e-02,1.291067749261856079e-01,-4.180832911515608430e-05,-2.137726098299026489e-01,2.333700656890869141e-01,-6.417636573314666748e-02,1.007518321275711060e-01,-3.576457798480987549e-01,-2.370348125696182251e-01,3.593253195285797119e-01,5.450521595776081085e-03,-3.180185258388519287e-01,-2.587796747684478760e-01,-2.868867851793766022e-02,-1.783101446926593781e-02,2.969991564750671387e-01,-2.262178510427474976e-01,-2.815138399600982666e-01,3.433074057102203369e-02,2.479819506406784058e-01,-2.971825301647186279e-01,1.374611556529998779e-01,9.421162307262420654e-02,-3.001036942005157471e-01,1.424651741981506348e-01,1.186736971139907837e-01,2.816926538944244385e-01,2.807415723800659180e-01,-1.544201970100402832e-01,-1.280491948127746582e-01,-2.401258498430252075e-01,1.255538873374462128e-02,2.177063524723052979e-01
4.527061805129051208e-02,4.934253171086311340e-02,-4.131963253021240234e-01,3.166073262691497803e-01,1.968777775764465332e-01,2.428551204502582550e-03,-8.763140067458152771e-03,1.749791055917739868e-01,1.636344790458679199e-01,2.205086499452590942e-01,-5.225385352969169617e-02,-1.923009902238845825e-01,3.278627395629882812e-01,3.133392333984375000e-01,3.991033136844635010e-01,4.162715971469879150e-01,-9.956470690667629242e-03,2.421776354312896729e-01,-3.493647873401641846e-01,-2.694843113422393799e-01,-2.814368009567260742e-01,2.499186247587203979e-01,3.126543760299682617e-01,-1.074768751859664917e-01,5.696867033839225769e-02,3.651159703731536865e-01,-3.916482329368591309e-01,-2.011969238519668579e-01,3.849072456359863281e-01,-8.897472172975540161e-02,9.030450135469436646e-02,-4.633558094501495361e-01,3.370552957057952881e-01,3.299622237682342529e-01,-1.591248251497745514e-02,-4.188052117824554443e-01,2.450941354036331177e-01,3.495709300041198730e-01,-2.620154321193695068e-01,-2.771828174591064453e-01,3.376922905445098877e-01,7.053760439157485962e-02,3.672282993793487549e-01,8.408907055854797363e-02,-6.288240104913711548e-02,-3.289346396923065186e-01,-3.992462158203125000e-01,-9.172794967889785767e-02,-5.618382245302200317e-03,-2.785281650722026825e-02,9.753572940826416016e-02,-8.286401629447937012e-02,1.812518239021301270e-01,-2.920176647603511810e-02,-8.910205960273742676e-02,-4.646267592906951904e-01,1.087185963988304138e-01,2.469014376401901245e-02,-2.774699926376342773e-01,-3.250367641448974609e-01,-5.645292252302169800e-02,4.560492187738418579e-02,9.946997277438640594e-03,1.407329291105270386e-01,-5.680694058537483215e-02,-1.146504133939743042e-01,1.002732217311859131e-01,3.948926329612731934e-01,-4.026058316230773926e-01,1.108489036560058594e-01,-3.584319949150085449e-01,-1.201392114162445068e-01,-1.031852588057518005e-01,3.962619006633758545e-01,-1.237374916672706604e-01,-3.682567775249481201e-01,-3.042435273528099060e-03,4.664397239685058594e-01,-1.335231214761734009e-01,-3.851467967033386230e-01,4.590660333633422852e-01,1.177644357085227966e-03,-3.645036518573760986e-01,-4.595016594976186752e-03,-3.338151276111602783e-01,-3.528694808483123779e-01,2.406762540340423584e-01,8.996873162686824799e-03,2.615296840667724609e-01,2.678107917308807373e-01,-6.567219644784927368e-02,-9.639799594879150391e-02,-3.385619223117828369e-01,1.536172181367874146e-01,-3.802422881126403809e-01,-7.049573957920074463e-02,2.495032399892807007e-01,-6.016683619236573577e-05,-3.203813433647155762e-01,2.835777997970581055e-01,-1.592112481594085693e-01,1.483235955238342285e-01,-4.562848508358001709e-01,-3.391703367233276367e-01,4.967047870159149170e-01,5.393931642174720764e-02,-3.564721643924713135e-01,-3.657816052436828613e-01,-8.136607706546783447e-03,-1.735346950590610504e-02,2.982861399650573730e-01,-3.410480022430419922e-01,-3.790747225284576416e-01,6.616932153701782227e-02,4.291791319847106934e-01,-3.996499478816986084e-01,2.231859415769577026e-01,1.828452497720718384e-01,-4.360165894031524658e-01,1.670649498701095581e-01,2.123516798019409180e-01,3.351307511329650879e-01,3.745218813419342041e-01,-1.873170137405395508e-01,-2.389251738786697388e-01,-3.071212172508239746e-01,1.278624124825000763e-02,3.301246464252471924e-01
-1.318444162607192993e-01,-3.226789645850658417e-03,4.089456796646118164e-02,-1.031768843531608582e-01,-7.336594164371490479e-02,4.871066287159919739e-02,-5.762112513184547424e-02,-6.777531653642654419e-02,-6.467099487781524658e-02,-5.225385352969169617e-02,1.740434765815734863e-01,4.223349690437316895e-02,9.502745419740676880e-02,-4.144525900483131409e-02,-3.337370604276657104e-02,-6.316202692687511444e-03,-2.937308745458722115e-03,-4.928653687238693237e-02,1.145345568656921387e-01,4.473892599344253540e-02,1.759207695722579956e-01,-2.949680434539914131e-03,7.720689289271831512e-03,-4.958669468760490417e-02,-1.614929549396038055e-02,1.078050397336483002e-02,-6.584505736827850342e-02,8.407259359955787659e-03,5.291980504989624023e-02,-1.558433868922293186e-03,8.491749316453933716e-02,5.496209114789962769e-02,-1.621870100498199463e-01,-1.029471773654222488e-02,-7.575059775263071060e-03,-3.976263478398323059e-02,-2.096652612090110779e-02,-4.082386195659637451e-02,-3.482599556446075439e-02,2.020690292119979858e-01,-1.818625181913375854e-01,-8.722289651632308960e-02,4.888786002993583679e-02,-4.958230070769786835e-03,1.551045775413513184e-01,-1.403112262487411499e-01,8.537126332521438599e-02,6.940634548664093018e-02,-5.405745655298233032e-02,-8.231793344020843506e-02,3.432536497712135315e-02,-3.265139088034629822e-02,-1.964620947837829590e-01,5.091119185090065002e-02,-8.920627832412719727e-02,2.094015292823314667e-02,-6.805465370416641235e-02,-3.843966696877032518e-04,7.346520572900772095e-02,7.218214124441146851e-02,9.436003118753433228e-02,-4.066997021436691284e-02,-5.286731757223606110e-03,-1.670117527246475220e-01,-9.958966821432113647e-02,1.571394875645637512e-02,9.777629375457763672e-02,-4.095005616545677185e-02,2.746002376079559326e-02,-3.399900719523429871e-02,9.074025601148605347e-02,-2.547868788242340088e-01,4.885219037532806396e-02,-4.998860508203506470e-02,1.620882600545883179e-01,1.430119574069976807e-01,-1.943090581335127354e-03,-8.157583884894847870e-03,2.088463306427001953e-01,4.841277003288269043e-02,-1.443032920360565186e-01,-5.466308357426896691e-05,6.739466451108455658e-03,-8.468982414342463017e-04,1.762239187955856323e-01,-5.763266608119010925e-02,-2.489094622433185577e-02,1.779913203790783882e-03,5.138934031128883362e-02,-4.555673897266387939e-02,1.002395823597908020e-01,7.565099000930786133e-02,8.798488974571228027e-02,-5.485667660832405090e-02,1.467432230710983276e-01,9.335230290889739990e-02,-4.760813713073730469e-02,2.400630000920500606e-05,-1.040170434862375259e-02,-1.307428926229476929e-01,2.962341532111167908e-02,-1.104110013693571091e-02,8.848728239536285400e-02,3.459202498197555542e-02,-8.495099097490310669e-02,-2.442705780267715454e-01,1.801666617393493652e-01,-3.353818506002426147e-02,9.420692920684814453e-02,4.083596169948577881e-03,-5.040468648076057434e-02,8.563661575317382812e-02,6.052980199456214905e-02,-8.647222071886062622e-02,-3.547528758645057678e-02,6.744706630706787109e-02,2.039567753672599792e-02,1.338002271950244904e-02,1.288857758045196533e-01,-5.580749362707138062e-02,3.195991739630699158e-02,-1.611124724149703979e-01,-8.888152241706848145e-02,-1.282745972275733948e-02,-2.257914096117019653e-02,5.428209900856018066e-02,7.645314326509833336e-04,-9.563661366701126099e-02
-1.013580039143562317e-01,-4.356444999575614929e-02,3.711252510547637939e-01,-2.757727503776550293e-01,-2.284521758556365967e-01,1.475051138550043106e-02,1.690467447042465210e-02,-2.582376003265380859e-01,-1.414465606212615967e-01,-1.923009902238845825e-01,4.223349690437316895e-02,2.062848508358001709e-01,-2.822720408439636230e-01,-3.087472617626190186e-01,-3.854094147682189941e-01,-4.257889688014984131e-01,7.666632533073425293e-03,-2.193282693624496460e-01,2.757603526115417480e-01,2.410577684640884399e-01,2.144442796707153320e-01,-2.400564998388290405e-01,-2.679978311061859131e-01,9.456882625818252563e-02,-5.288718268275260925e-02,-3.447016477584838867e-01,3.480949103832244873e-01,2.488899677991867065e-01,-3.713591396808624268e-01,9.365391731262207031e-02,-4.692431166768074036e-02,4.195919632911682129e-01,-2.514085173606872559e-01,-3.179369270801544189e-01,2.313274331390857697e-02,4.080316722393035889e-01,-2.261044532060623169e-01,-3.244617879390716553e-01,3.224483728408813477e-01,3.067525923252105713e-01,-3.305254876613616943e-01,-7.314979285001754761e-02,-3.195494711399078369e-01,-8.092129230499267578e-02,7.618382573127746582e-03,2.900129258632659912e-01,3.739803433418273926e-01,1.074622198939323425e-01,1.790445297956466675e-02,6.172427907586097717e-02,-5.041016638278961182e-02,1.263806223869323730e-01,-1.887582987546920776e-01,6.099432334303855896e-02,1.143825128674507141e-01,4.597172737121582031e-01,-1.382789313793182373e-01,-2.516629733145236969e-02,1.999561786651611328e-01,2.975625991821289062e-01,4.725456237792968750e-02,-1.130943652242422104e-02,-8.821830153465270996e-03,-1.122201681137084961e-01,4.145429655909538269e-02,1.012707799673080444e-01,-6.163998693227767944e-02,-3.962408602237701416e-01,3.814308941364288330e-01,-1.594986617565155029e-01,3.653995990753173828e-01,1.257546991109848022e-01,7.548097521066665649e-02,-3.847255110740661621e-01,1.069148331880569458e-01,3.508314192295074463e-01,2.736819908022880554e-03,-4.389355480670928955e-01,1.247918680310249329e-01,3.738198280334472656e-01,-4.271151125431060791e-01,-1.181886414997279644e-03,3.529897630214691162e-01,4.420104902237653732e-03,3.552400469779968262e-01,3.179274499416351318e-01,-2.395652681589126587e-01,-9.420437738299369812e-03,-2.002604007720947266e-01,-2.662983536720275879e-01,7.766468822956085205e-02,3.637668117880821228e-02,2.801785171031951904e-01,-1.237794831395149231e-01,3.431378006935119629e-01,1.223789751529693604e-01,-2.501806914806365967e-01,6.092876355978660285e-05,3.349263072013854980e-01,-2.931344509124755859e-01,1.959217190742492676e-01,-1.818709969520568848e-01,4.269360303878784180e-01,3.249402642250061035e-01,-4.221746623516082764e-01,-7.672472298145294189e-02,2.694078683853149414e-01,3.352865278720855713e-01,5.070089548826217651e-02,1.245389692485332489e-02,-2.765809893608093262e-01,2.740124762058258057e-01,3.605836629867553711e-01,-5.110923200845718384e-02,-4.225413203239440918e-01,3.548183441162109375e-01,-2.773376703262329102e-01,-1.550198942422866821e-01,4.334100782871246338e-01,-1.385779231786727905e-01,-1.651001125574111938e-01,-3.177818357944488525e-01,-3.501161634922027588e-01,1.344012469053268433e-01,2.477118223905563354e-01,2.537367641925811768e-01,-1.950283534824848175e-02,-2.969584167003631592e-01
