9.999984502792358398e-01,-9.999986886978149414e-01,-9.999940395355224609e-01,9.999978542327880859e-01,9.999989867210388184e-01,-9.999987483024597168e-01,9.999957084655761719e-01,9.999991655349731445e-01,-9.999968409538269043e-01,9.999982714653015137e-01,-9.999987483024597168e-01,-9.999988675117492676e-01,9.999981522560119629e-01,9.999985694885253906e-01,9.999933838844299316e-01,9.999958276748657227e-01,9.999974370002746582e-01,-9.999983310699462891e-01,9.999929070472717285e-01,-9.999991059303283691e-01,-9.999989271163940430e-01,9.999932646751403809e-01,9.999985694885253906e-01,9.999980330467224121e-01,9.999886751174926758e-01,9.999989867210388184e-01,-9.999982118606567383e-01,-9.999988079071044922e-01,9.999900460243225098e-01,-9.999962449073791504e-01,-9.999918937683105469e-01,-9.999983906745910645e-01,9.999871850013732910e-01,9.999958276748657227e-01,-9.999979734420776367e-01,9.999606013298034668e-01,9.999990463256835938e-01,9.999986290931701660e-01,9.999901652336120605e-01,-9.999988675117492676e-01,9.999987483024597168e-01,-9.999681711196899414e-01,9.999821186065673828e-01,9.999989867210388184e-01,9.999983310699462891e-01,9.999983310699462891e-01,-9.999935030937194824e-01,9.999985098838806152e-01,9.999988079071044922e-01,-9.999985694885253906e-01,-9.999987483024597168e-01,-9.999985098838806152e-01,-9.999989271163940430e-01,-9.999930858612060547e-01,-9.999983906745910645e-01,-9.999981522560119629e-01,-9.999931454658508301e-01,9.999839067459106445e-01,9.999963641166687012e-01,9.999982714653015137e-01,-9.999985098838806152e-01,9.999989271163940430e-01,9.999983906745910645e-01,9.999955296516418457e-01,-9.999948740005493164e-01,-9.999989271163940430e-01,-9.999991059303283691e-01,-9.999959468841552734e-01,-9.999990463256835938e-01,9.999984502792358398e-01,-9.999987483024597168e-01,9.999975562095642090e-01,9.999657869338989258e-01,-9.999936223030090332e-01,-9.999808669090270996e-01,-9.999984502792358398e-01,9.999921321868896484e-01,9.999987483024597168e-01,-9.999945759773254395e-01,-9.999958276748657227e-01,9.999841451644897461e-01,9.999977350234985352e-01,-9.999988079071044922e-01,9.999980926513671875e-01,-9.999983906745910645e-01,-9.999885559082031250e-01,9.999732971191406250e-01,9.999990463256835938e-01,9.999893307685852051e-01,-9.996042251586914062e-01,-9.999955892562866211e-01,9.999984502792358398e-01,-9.999845027923583984e-01,-9.999976158142089844e-01,9.999980926513671875e-01,-9.999977946281433105e-01,-9.999895691871643066e-01,9.999990463256835938e-01,-9.999988079071044922e-01,9.999967217445373535e-01,-9.999966621398925781e-01,9.999989271163940430e-01,-9.995042085647583008e-01,9.999226927757263184e-01,9.999987483024597168e-01,9.999970793724060059e-01,-9.999813437461853027e-01,-9.999985098838806152e-01,-9.999936819076538086e-01,9.999985098838806152e-01,-9.999985098838806152e-01,9.999979734420776367e-01,-9.999983906745910645e-01,-9.999466538429260254e-01,9.999990463256835938e-01,-9.999975562095642090e-01,9.999989867210388184e-01,-9.999982118606567383e-01,-9.999952316284179688e-01,-9.999975562095642090e-01,-9.999986886978149414e-01,9.999965429306030273e-01,9.999980926513671875e-01,-9.999974966049194336e-01,-9.999904632568359375e-01,-9.999952912330627441e-01,9.999890923500061035e-01,-9.999943971633911133e-01
-9.999986886978149414e-01,9.999989271163940430e-01,9.999951124191284180e-01,-9.999982714653015137e-01,-9.999991655349731445e-01,9.999990463256835938e-01,-9.999964237213134766e-01,-9.999993443489074707e-01,9.999974966049194336e-01,-9.999985694885253906e-01,9.999990463256835938e-01,9.999991655349731445e-01,-9.999984502792358398e-01,-9.999988079071044922e-01,-9.999946355819702148e-01,-9.999965429306030273e-01,-9.999978542327880859e-01,9.999985098838806152e-01,-9.999942183494567871e-01,9.999993443489074707e-01,9.999991655349731445e-01,-9.999943971633911133e-01,-9.999988079071044922e-01,-9.999983906745910645e-01,-9.999905824661254883e-01,-9.999991655349731445e-01,9.999985098838806152e-01,9.999991059303283691e-01,-9.999918341636657715e-01,9.999969005584716797e-01,9.999932646751403809e-01,9.999986290931701660e-01,-9.999894499778747559e-01,-9.999964833259582520e-01,9.999982714653015137e-01,-9.999675750732421875e-01,-9.999992251396179199e-01,-9.999988079071044922e-01,-9.999919533729553223e-01,9.999991059303283691e-01,-9.999989271163940430e-01,9.999738335609436035e-01,-9.999852180480957031e-01,-9.999991655349731445e-01,-9.999986290931701660e-01,-9.999986290931701660e-01,9.999946355819702148e-01,-9.999988675117492676e-01,-9.999990463256835938e-01,9.999988079071044922e-01,9.999990463256835938e-01,9.999987483024597168e-01,9.999992251396179199e-01,9.999942779541015625e-01,9.999986886978149414e-01,9.999985694885253906e-01,9.999944567680358887e-01,-9.999867677688598633e-01,-9.999970793724060059e-01,-9.999986886978149414e-01,9.999988079071044922e-01,-9.999991655349731445e-01,-9.999987483024597168e-01,-9.999963045120239258e-01,9.999958276748657227e-01,9.999992251396179199e-01,9.999992251396179199e-01,9.999967813491821289e-01,9.999992847442626953e-01,-9.999987483024597168e-01,9.999990463256835938e-01,-9.999979734420776367e-01,-9.999718666076660156e-01,9.999947547912597656e-01,9.999842643737792969e-01,9.999986886978149414e-01,-9.999935626983642578e-01,-9.999989271163940430e-01,9.999955296516418457e-01,9.999965429306030273e-01,-9.999869465827941895e-01,-9.999982118606567383e-01,9.999991059303283691e-01,-9.999985098838806152e-01,9.999986886978149414e-01,9.999905228614807129e-01,-9.999780058860778809e-01,-9.999992847442626953e-01,-9.999912381172180176e-01,9.996738433837890625e-01,9.999963641166687012e-01,-9.999987483024597168e-01,9.999872446060180664e-01,9.999979734420776367e-01,-9.999984502792358398e-01,9.999981522560119629e-01,9.999914169311523438e-01,-9.999992251396179199e-01,9.999990463256835938e-01,-9.999973177909851074e-01,9.999972581863403320e-01,-9.999991059303283691e-01,9.995914101600646973e-01,-9.999362826347351074e-01,-9.999989271163940430e-01,-9.999975562095642090e-01,9.999846816062927246e-01,9.999986886978149414e-01,9.999948740005493164e-01,-9.999987483024597168e-01,9.999988675117492676e-01,-9.999982714653015137e-01,9.999986886978149414e-01,9.999560117721557617e-01,-9.999992251396179199e-01,9.999979734420776367e-01,-9.999992251396179199e-01,9.999985694885253906e-01,9.999959468841552734e-01,9.999979734420776367e-01,9.999989867210388184e-01,-9.999972581863403320e-01,-9.999984502792358398e-01,9.999979734420776367e-01,9.999920725822448730e-01,9.999960064888000488e-01,-9.999909996986389160e-01,9.999953508377075195e-01
-9.999940395355224609e-01,9.999951124191284180e-01,9.999783635139465332e-01,-9.999922513961791992e-01,-9.999959468841552734e-01,9.999955892562866211e-01,-9.999841451644897461e-01,-9.999964237213134766e-01,9.999887943267822266e-01,-9.999938011169433594e-01,9.999955892562866211e-01,9.999959468841552734e-01,-9.999929070472717285e-01,-9.999944567680358887e-01,-9.999758005142211914e-01,-9.999847412109375000e-01,-9.999904632568359375e-01,9.999935626983642578e-01,-9.999741911888122559e-01,9.999966025352478027e-01,9.999960660934448242e-01,-9.999753236770629883e-01,-9.999948143959045410e-01,-9.999929070472717285e-01,-9.999583363533020020e-01,-9.999961853027343750e-01,9.999936223030090332e-01,9.999958872795104980e-01,-9.999637603759765625e-01,9.999862313270568848e-01,9.999703764915466309e-01,9.999938011169433594e-01,-9.999532699584960938e-01,-9.999848008155822754e-01,9.999926090240478516e-01,-9.998565912246704102e-01,-9.999961853027343750e-01,-9.999948143959045410e-01,-9.999638795852661133e-01,9.999958872795104980e-01,-9.999951720237731934e-01,9.998839497566223145e-01,-9.999345541000366211e-01,-9.999960064888000488e-01,-9.999939203262329102e-01,-9.999935626983642578e-01,9.999759197235107422e-01,-9.999947547912597656e-01,-9.999955296516418457e-01,9.999945759773254395e-01,9.999955296516418457e-01,9.999943375587463379e-01,9.999958872795104980e-01,9.999747872352600098e-01,9.999942183494567871e-01,9.999934434890747070e-01,9.999751448631286621e-01,-9.999412298202514648e-01,-9.999869465827941895e-01,-9.999938011169433594e-01,9.999943971633911133e-01,-9.999960064888000488e-01,-9.999942779541015625e-01,-9.999833703041076660e-01,9.999816417694091797e-01,9.999958276748657227e-01,9.999964833259582520e-01,9.999855160713195801e-01,9.999961256980895996e-01,-9.999945163726806641e-01,9.999955296516418457e-01,-9.999911785125732422e-01,-9.998755455017089844e-01,9.999767541885375977e-01,9.999303221702575684e-01,9.999940991401672363e-01,-9.999712705612182617e-01,-9.999953508377075195e-01,9.999802112579345703e-01,9.999849200248718262e-01,-9.999423027038574219e-01,-9.999916553497314453e-01,9.999957084655761719e-01,-9.999931454658508301e-01,9.999938607215881348e-01,9.999581575393676758e-01,-9.999026656150817871e-01,-9.999961256980895996e-01,-9.999610185623168945e-01,9.985615611076354980e-01,9.999842047691345215e-01,-9.999940991401672363e-01,9.999431967735290527e-01,9.999911785125732422e-01,-9.999928474426269531e-01,9.999920129776000977e-01,9.999617934226989746e-01,-9.999963045120239258e-01,9.999955892562866211e-01,-9.999879598617553711e-01,9.999880790710449219e-01,-9.999959468841552734e-01,9.981984496116638184e-01,-9.997188448905944824e-01,-9.999951720237731934e-01,-9.999893903732299805e-01,9.999316930770874023e-01,9.999942779541015625e-01,9.999769926071166992e-01,-9.999946355819702148e-01,9.999946951866149902e-01,-9.999928474426269531e-01,9.999939799308776855e-01,9.998056888580322266e-01,-9.999964237213134766e-01,9.999909996986389160e-01,-9.999961256980895996e-01,9.999932646751403809e-01,9.999824762344360352e-01,9.999909996986389160e-01,9.999952912330627441e-01,-9.999876022338867188e-01,-9.999931454658508301e-01,9.999909400939941406e-01,9.999649524688720703e-01,9.999826550483703613e-01,-9.999598860740661621e-01,9.999796152114868164e-01
9.999978542327880859e-01,-9.999982714653015137e-01,-9.999922513961791992e-01,9.999971389770507812e-01,9.999986290931701660e-01,-9.999984502792358398e-01,9.999942779541015625e-01,9.999988675117492676e-01,-9.999960064888000488e-01,9.999977946281433105e-01,-9.999984502792358398e-01,-9.999985098838806152e-01,9.999974370002746582e-01,9.999980330467224121e-01,9.999912977218627930e-01,9.999945759773254395e-01,9.999965429306030273e-01,-9.999976158142089844e-01,9.999906420707702637e-01,-9.999988079071044922e-01,-9.999986886978149414e-01,9.999909996986389160e-01,9.999982118606567383e-01,9.999974370002746582e-01,9.999848604202270508e-01,9.999986290931701660e-01,-9.999976754188537598e-01,-9.999985694885253906e-01,9.999868273735046387e-01,-9.999951124191284180e-01,-9.999892115592956543e-01,-9.999978542327880859e-01,9.999830722808837891e-01,9.999944567680358887e-01,-9.999973177909851074e-01,9.999477267265319824e-01,9.999986290931701660e-01,9.999982118606567383e-01,9.999870061874389648e-01,-9.999985694885253906e-01,9.999983906745910645e-01,-9.999576807022094727e-01,9.999762773513793945e-01,9.999986290931701660e-01,9.999977350234985352e-01,9.999976754188537598e-01,-9.999912977218627930e-01,9.999981522560119629e-01,9.999983310699462891e-01,-9.999979734420776367e-01,-9.999983906745910645e-01,-9.999979138374328613e-01,-9.999985694885253906e-01,-9.999908804893493652e-01,-9.999979138374328613e-01,-9.999976158142089844e-01,-9.999909996986389160e-01,9.999786615371704102e-01,9.999952912330627441e-01,9.999977946281433105e-01,-9.999979734420776367e-01,9.999986886978149414e-01,9.999979734420776367e-01,9.999940395355224609e-01,-9.999933242797851562e-01,-9.999985694885253906e-01,-9.999988079071044922e-01,-9.999948143959045410e-01,-9.999986886978149414e-01,9.999980926513671875e-01,-9.999983906745910645e-01,9.999968409538269043e-01,9.999547004699707031e-01,-9.999915361404418945e-01,-9.999746084213256836e-01,-9.999977946281433105e-01,9.999896287918090820e-01,9.999983310699462891e-01,-9.999929070472717285e-01,-9.999945163726806641e-01,9.999790787696838379e-01,9.999970197677612305e-01,-9.999984502792358398e-01,9.999975562095642090e-01,-9.999978542327880859e-01,-9.999848008155822754e-01,9.999645352363586426e-01,9.999987483024597168e-01,9.999859333038330078e-01,-9.994748234748840332e-01,-9.999942183494567871e-01,9.999978542327880859e-01,-9.999794363975524902e-01,-9.999969601631164551e-01,9.999974966049194336e-01,-9.999970197677612305e-01,-9.999861717224121094e-01,9.999987483024597168e-01,-9.999983906745910645e-01,9.999956488609313965e-01,-9.999957084655761719e-01,9.999985694885253906e-01,-9.993420243263244629e-01,9.998974800109863281e-01,9.999983310699462891e-01,9.999961853027343750e-01,-9.999751448631286621e-01,-9.999978542327880859e-01,-9.999916553497314453e-01,9.999981522560119629e-01,-9.999980330467224121e-01,9.999974370002746582e-01,-9.999978542327880859e-01,-9.999291896820068359e-01,9.999986886978149414e-01,-9.999967813491821289e-01,9.999986886978149414e-01,-9.999975562095642090e-01,-9.999936223030090332e-01,-9.999968409538269043e-01,-9.999982714653015137e-01,9.999955296516418457e-01,9.999975562095642090e-01,-9.999967217445373535e-01,-9.999872446060180664e-01,-9.999936819076538086e-01,9.999855160713195801e-01,-9.999925494194030762e-01
9.999989867210388184e-01,-9.999991655349731445e-01,-9.999959468841552734e-01,9.999986290931701660e-01,9.999994039535522461e-01,-9.999992251396179199e-01,9.999971389770507812e-01,9.999994635581970215e-01,-9.999979734420776367e-01,9.999989271163940430e-01,-9.999993443489074707e-01,-9.999992847442626953e-01,9.999986886978149414e-01,9.999989867210388184e-01,9.999955892562866211e-01,9.999971985816955566e-01,9.999983310699462891e-01,-9.999988079071044922e-01,9.999952912330627441e-01,-9.999994039535522461e-01,-9.999993443489074707e-01,9.999954104423522949e-01,9.999991059303283691e-01,9.999987483024597168e-01,9.999923706054687500e-01,9.999993443489074707e-01,-9.999988079071044922e-01,-9.999992847442626953e-01,9.999933838844299316e-01,-9.999974966049194336e-01,-9.999945759773254395e-01,-9.999989271163940430e-01,9.999914169311523438e-01,9.999970793724060059e-01,-9.999986886978149414e-01,9.999738335609436035e-01,9.999993443489074707e-01,9.999991059303283691e-01,9.999935030937194824e-01,-9.999992847442626953e-01,9.999991655349731445e-01,-9.999787807464599609e-01,9.999881386756896973e-01,9.999992847442626953e-01,9.999988675117492676e-01,9.999988675117492676e-01,-9.999956488609313965e-01,9.999991059303283691e-01,9.999992251396179199e-01,-9.999990463256835938e-01,-9.999991059303283691e-01,-9.999989867210388184e-01,-9.999993443489074707e-01,-9.999953508377075195e-01,-9.999989867210388184e-01,-9.999987483024597168e-01,-9.999955296516418457e-01,9.999892115592956543e-01,9.999975562095642090e-01,9.999989271163940430e-01,-9.999989271163940430e-01,9.999993443489074707e-01,9.999989867210388184e-01,9.999969005584716797e-01,-9.999966025352478027e-01,-9.999992847442626953e-01,-9.999994039535522461e-01,-9.999973177909851074e-01,-9.999993443489074707e-01,9.999989867210388184e-01,-9.999991059303283691e-01,9.999983310699462891e-01,9.999772310256958008e-01,-9.999957680702209473e-01,-9.999873638153076172e-01,-9.999988675117492676e-01,9.999947547912597656e-01,9.999992251396179199e-01,-9.999963045120239258e-01,-9.999971985816955566e-01,9.999894499778747559e-01,9.999985098838806152e-01,-9.999991655349731445e-01,9.999987483024597168e-01,-9.999989271163940430e-01,-9.999923706054687500e-01,9.999822378158569336e-01,9.999993443489074707e-01,9.999928474426269531e-01,-9.997358322143554688e-01,-9.999970793724060059e-01,9.999989867210388184e-01,-9.999896287918090820e-01,-9.999984502792358398e-01,9.999987483024597168e-01,-9.999985098838806152e-01,-9.999930858612060547e-01,9.999993443489074707e-01,-9.999991655349731445e-01,9.999977946281433105e-01,-9.999977946281433105e-01,9.999992847442626953e-01,-9.996691942214965820e-01,9.999484419822692871e-01,9.999991655349731445e-01,9.999979138374328613e-01,-9.999874830245971680e-01,-9.999989271163940430e-01,-9.999957680702209473e-01,9.999991655349731445e-01,-9.999990463256835938e-01,9.999985694885253906e-01,-9.999988675117492676e-01,-9.999643564224243164e-01,9.999994039535522461e-01,-9.999983906745910645e-01,9.999993443489074707e-01,-9.999987483024597168e-01,-9.999967217445373535e-01,-9.999983310699462891e-01,-9.999991655349731445e-01,9.999976158142089844e-01,9.999987483024597168e-01,-9.999983906745910645e-01,-9.999935626983642578e-01,-9.999967813491821289e-01,9.999927878379821777e-01,-9.999960660934448242e-01
-9.999987483024597168e-01,9.999990463256835938e-01,9.999955892562866211e-01,-9.999984502792358398e-01,-9.999992251396179199e-01,9.999992847442626953e-01,-9.999967217445373535e-01,-9.999994039535522461e-01,9.999976754188537598e-01,-9.999987483024597168e-01,9.999991655349731445e-01,9.999992251396179199e-01,-9.999986290931701660e-01,-9.999989271163940430e-01,-9.999950528144836426e-01,-9.999969005584716797e-01,-9.999980330467224121e-01,9.999986886978149414e-01,-9.999947547912597656e-01,9.999993443489074707e-01,9.999992847442626953e-01,-9.999949336051940918e-01,-9.999989271163940430e-01,-9.999985694885253906e-01,-9.999915957450866699e-01,-9.999992847442626953e-01,9.999986886978149414e-01,9.999992251396179199e-01,-9.999925494194030762e-01,9.999972581863403320e-01,9.999939799308776855e-01,9.999988079071044922e-01,-9.999905228614807129e-01,-9.999969005584716797e-01,9.999984502792358398e-01,-9.999710321426391602e-01,-9.999992847442626953e-01,-9.999989867210388184e-01,-9.999926686286926270e-01,9.999992251396179199e-01,-9.999991655349731445e-01,9.999765157699584961e-01,-9.999867677688598633e-01,-9.999992251396179199e-01,-9.999987483024597168e-01,-9.999987483024597168e-01,9.999951124191284180e-01,-9.999989867210388184e-01,-9.999991655349731445e-01,9.999989271163940430e-01,9.999991655349731445e-01,9.999988079071044922e-01,9.999992251396179199e-01,9.999948143959045410e-01,9.999988079071044922e-01,9.999986886978149414e-01,9.999949336051940918e-01,-9.999880790710449219e-01,-9.999973177909851074e-01,-9.999988079071044922e-01,9.999989271163940430e-01,-9.999991655349731445e-01,-9.999988079071044922e-01,-9.999966025352478027e-01,9.999962449073791504e-01,9.999992847442626953e-01,9.999993443489074707e-01,9.999970197677612305e-01,9.999992847442626953e-01,-9.999988675117492676e-01,9.999991655349731445e-01,-9.999982118606567383e-01,-9.999749064445495605e-01,9.999952912330627441e-01,9.999858736991882324e-01,9.999988079071044922e-01,-9.999941587448120117e-01,-9.999991059303283691e-01,9.999960064888000488e-01,9.999969005584716797e-01,-9.999883174896240234e-01,-9.999982714653015137e-01,9.999991059303283691e-01,-9.999985694885253906e-01,9.999987483024597168e-01,9.999915361404418945e-01,-9.999803900718688965e-01,-9.999993443489074707e-01,-9.999922513961791992e-01,9.997079372406005859e-01,9.999967217445373535e-01,-9.999988079071044922e-01,9.999884963035583496e-01,9.999982714653015137e-01,-9.999985694885253906e-01,9.999983310699462891e-01,9.999922513961791992e-01,-9.999992847442626953e-01,9.999991655349731445e-01,-9.999975562095642090e-01,9.999975562095642090e-01,-9.999992847442626953e-01,9.996341466903686523e-01,-9.999429583549499512e-01,-9.999990463256835938e-01,-9.999978542327880859e-01,9.999862909317016602e-01,9.999988079071044922e-01,9.999954104423522949e-01,-9.999988675117492676e-01,9.999989271163940430e-01,-9.999985098838806152e-01,9.999988079071044922e-01,9.999606609344482422e-01,-9.999992847442626953e-01,9.999982714653015137e-01,-9.999991655349731445e-01,9.999986886978149414e-01,9.999964237213134766e-01,9.999981522560119629e-01,9.999991059303283691e-01,-9.999974370002746582e-01,-9.999986290931701660e-01,9.999982118606567383e-01,9.999929070472717285e-01,9.999965429306030273e-01,-9.999918937683105469e-01,9.999958872795104980e-01
9.999957084655761719e-01,-9.999964237213134766e-01,-9.999841451644897461e-01,9.999942779541015625e-01,9.999971389770507812e-01,-9.999967217445373535e-01,9.999883174896240234e-01,9.999974370002746582e-01,-9.999917149543762207e-01,9.999954104423522949e-01,-9.999966621398925781e-01,-9.999969601631164551e-01,9.999947547912597656e-01,9.999959468841552734e-01,9.999822378158569336e-01,9.999887943267822266e-01,9.999930858612060547e-01,-9.999952316284179688e-01,9.999809861183166504e-01,-9.999974966049194336e-01,-9.999971985816955566e-01,9.999818205833435059e-01,9.999961853027343750e-01,9.999947547912597656e-01,9.999693632125854492e-01,9.999971985816955566e-01,-9.999952912330627441e-01,-9.999969005584716797e-01,9.999733567237854004e-01,-9.999897480010986328e-01,-9.999781250953674316e-01,-9.999954700469970703e-01,9.999654889106750488e-01,9.999887943267822266e-01,-9.999945163726806641e-01,9.998940825462341309e-01,9.999972581863403320e-01,9.999962449073791504e-01,9.999734163284301758e-01,-9.999969005584716797e-01,9.999964833259582520e-01,-9.999142885208129883e-01,9.999517798423767090e-01,9.999970197677612305e-01,9.999955296516418457e-01,9.999953508377075195e-01,-9.999822974205017090e-01,9.999961853027343750e-01,9.999966621398925781e-01,-9.999960064888000488e-01,-9.999967217445373535e-01,-9.999958276748657227e-01,-9.999970197677612305e-01,-9.999814033508300781e-01,-9.999957680702209473e-01,-9.999951124191284180e-01,-9.999816417694091797e-01,9.999565482139587402e-01,9.999903440475463867e-01,9.999954104423522949e-01,-9.999958872795104980e-01,9.999971389770507812e-01,9.999958276748657227e-01,9.999877214431762695e-01,-9.999864101409912109e-01,-9.999968409538269043e-01,-9.999974370002746582e-01,-9.999892711639404297e-01,-9.999971985816955566e-01,9.999959468841552734e-01,-9.999966025352478027e-01,9.999935030937194824e-01,9.999081492424011230e-01,-9.999828934669494629e-01,-9.999485611915588379e-01,-9.999956488609313965e-01,9.999787807464599609e-01,9.999966025352478027e-01,-9.999853968620300293e-01,-9.999889135360717773e-01,9.999573826789855957e-01,9.999938011169433594e-01,-9.999967217445373535e-01,9.999950528144836426e-01,-9.999955296516418457e-01,-9.999691247940063477e-01,9.999281764030456543e-01,9.999971389770507812e-01,9.999712705612182617e-01,-9.989378452301025391e-01,-9.999882578849792480e-01,9.999957084655761719e-01,-9.999580383300781250e-01,-9.999936223030090332e-01,9.999946951866149902e-01,-9.999940395355224609e-01,-9.999719262123107910e-01,9.999973177909851074e-01,-9.999967813491821289e-01,9.999911189079284668e-01,-9.999911785125732422e-01,9.999970197677612305e-01,-9.986696243286132812e-01,9.997925162315368652e-01,9.999963641166687012e-01,9.999921917915344238e-01,-9.999495744705200195e-01,-9.999958276748657227e-01,-9.999830722808837891e-01,9.999961256980895996e-01,-9.999960064888000488e-01,9.999946951866149902e-01,-9.999955892562866211e-01,-9.998565316200256348e-01,9.999973177909851074e-01,-9.999934434890747070e-01,9.999971985816955566e-01,-9.999951124191284180e-01,-9.999870657920837402e-01,-9.999934434890747070e-01,-9.999964833259582520e-01,9.999908804893493652e-01,9.999950528144836426e-01,-9.999933242797851562e-01,-9.999741911888122559e-01,-9.999871850013732910e-01,9.999705553054809570e-01,-9.999849200248718262e-01
9.999991655349731445e-01,-9.999993443489074707e-01,-9.999964237213134766e-01,9.999988675117492676e-01,9.999994635581970215e-01,-9.999994039535522461e-01,9.999974370002746582e-01,9.999995231628417969e-01,-9.999981522560119629e-01,9.999990463256835938e-01,-9.999994039535522461e-01,-9.999994635581970215e-01,9.999989867210388184e-01,9.999992251396179199e-01,9.999960660934448242e-01,9.999974966049194336e-01,9.999985098838806152e-01,-9.999989867210388184e-01,9.999959468841552734e-01,-9.999995231628417969e-01,-9.999994635581970215e-01,9.999959468841552734e-01,9.999992251396179199e-01,9.999989271163940430e-01,9.999932646751403809e-01,9.999994039535522461e-01,-9.999989271163940430e-01,-9.999993443489074707e-01,9.999941587448120117e-01,-9.999977946281433105e-01,-9.999952316284179688e-01,-9.999991059303283691e-01,9.999925494194030762e-01,9.999974966049194336e-01,-9.999988675117492676e-01,9.999768733978271484e-01,9.999995231628417969e-01,9.999992847442626953e-01,9.999942183494567871e-01,-9.999994635581970215e-01,9.999993443489074707e-01,-9.999812245368957520e-01,9.999895095825195312e-01,9.999994635581970215e-01,9.999990463256835938e-01,9.999990463256835938e-01,-9.999960660934448242e-01,9.999992847442626953e-01,9.999992847442626953e-01,-9.999991655349731445e-01,-9.999993443489074707e-01,-9.999992251396179199e-01,-9.999994635581970215e-01,-9.999960064888000488e-01,-9.999992251396179199e-01,-9.999990463256835938e-01,-9.999960064888000488e-01,9.999905228614807129e-01,9.999979138374328613e-01,9.999991059303283691e-01,-9.999992251396179199e-01,9.999994039535522461e-01,9.999991059303283691e-01,9.999973177909851074e-01,-9.999970793724060059e-01,-9.999994039535522461e-01,-9.999995231628417969e-01,-9.999976754188537598e-01,-9.999994039535522461e-01,9.999992847442626953e-01,-9.999993443489074707e-01,9.999985694885253906e-01,9.999798536300659180e-01,-9.999961853027343750e-01,-9.999887943267822266e-01,-9.999991059303283691e-01,9.999954104423522949e-01,9.999992847442626953e-01,-9.999967217445373535e-01,-9.999976158142089844e-01,9.999907612800598145e-01,9.999986886978149414e-01,-9.999993443489074707e-01,9.999989271163940430e-01,-9.999990463256835938e-01,-9.999933242797851562e-01,9.999843835830688477e-01,9.999994635581970215e-01,9.999938011169433594e-01,-9.997667670249938965e-01,-9.999973773956298828e-01,9.999991059303283691e-01,-9.999908804893493652e-01,-9.999986290931701660e-01,9.999988675117492676e-01,-9.999987483024597168e-01,-9.999939203262329102e-01,9.999994635581970215e-01,-9.999994039535522461e-01,9.999981522560119629e-01,-9.999981522560119629e-01,9.999994635581970215e-01,-9.997076988220214844e-01,9.999544024467468262e-01,9.999993443489074707e-01,9.999982714653015137e-01,-9.999890327453613281e-01,-9.999991059303283691e-01,-9.999963045120239258e-01,9.999991655349731445e-01,-9.999991655349731445e-01,9.999988079071044922e-01,-9.999991655349731445e-01,-9.999686479568481445e-01,9.999995231628417969e-01,-9.999986290931701660e-01,9.999995231628417969e-01,-9.999989867210388184e-01,-9.999971389770507812e-01,-9.999986886978149414e-01,-9.999992847442626953e-01,9.999980330467224121e-01,9.999989867210388184e-01,-9.999985694885253906e-01,-9.999943375587463379e-01,-9.999972581863403320e-01,9.999935030937194824e-01,-9.999966621398925781e-01
-9.999968409538269043e-01,9.999974966049194336e-01,9.999887943267822266e-01,-9.999960064888000488e-01,-9.999979734420776367e-01,9.999976754188537598e-01,-9.999917149543762207e-01,-9.999981522560119629e-01,9.999940991401672363e-01,-9.999967217445373535e-01,9.999977350234985352e-01,9.999979138374328613e-01,-9.999963641166687012e-01,-9.999970793724060059e-01,-9.999874234199523926e-01,-9.999920725822448730e-01,-9.999951124191284180e-01,9.999966025352478027e-01,-9.999866485595703125e-01,9.999983310699462891e-01,9.999981522560119629e-01,-9.999870657920837402e-01,-9.999973177909851074e-01,-9.999962449073791504e-01,-9.999783635139465332e-01,-9.999979734420776367e-01,9.999966025352478027e-01,9.999977946281433105e-01,-9.999811649322509766e-01,9.999927878379821777e-01,9.999845623970031738e-01,9.999967813491821289e-01,-9.999756813049316406e-01,-9.999920725822448730e-01,9.999960660934448242e-01,-9.999251365661621094e-01,-9.999980926513671875e-01,-9.999972581863403320e-01,-9.999812245368957520e-01,9.999979138374328613e-01,-9.999974966049194336e-01,9.999394416809082031e-01,-9.999658465385437012e-01,-9.999979138374328613e-01,-9.999969005584716797e-01,-9.999967217445373535e-01,9.999874830245971680e-01,-9.999971985816955566e-01,-9.999976158142089844e-01,9.999971389770507812e-01,9.999976754188537598e-01,9.999970793724060059e-01,9.999979138374328613e-01,9.999868273735046387e-01,9.999969601631164551e-01,9.999966025352478027e-01,9.999870061874389648e-01,-9.999694228172302246e-01,-9.999932050704956055e-01,-9.999967217445373535e-01,9.999970793724060059e-01,-9.999979734420776367e-01,-9.999970793724060059e-01,-9.999914169311523438e-01,9.999903440475463867e-01,9.999977946281433105e-01,9.999981522560119629e-01,9.999925494194030762e-01,9.999980330467224121e-01,-9.999971985816955566e-01,9.999976754188537598e-01,-9.999954700469970703e-01,-9.999350905418395996e-01,9.999879002571105957e-01,9.999637007713317871e-01,9.999968409538269043e-01,-9.999851584434509277e-01,-9.999975562095642090e-01,9.999896883964538574e-01,9.999921321868896484e-01,-9.999699592590332031e-01,-9.999957084655761719e-01,9.999976754188537598e-01,-9.999963641166687012e-01,9.999968409538269043e-01,9.999782443046569824e-01,-9.999492168426513672e-01,-9.999980330467224121e-01,-9.999797940254211426e-01,9.992488622665405273e-01,9.999917149543762207e-01,-9.999969601631164551e-01,9.999704360961914062e-01,9.999955296516418457e-01,-9.999962449073791504e-01,9.999958276748657227e-01,9.999801516532897949e-01,-9.999980926513671875e-01,9.999976754188537598e-01,-9.999938011169433594e-01,9.999938011169433594e-01,-9.999978542327880859e-01,9.990592002868652344e-01,-9.998533725738525391e-01,-9.999974966049194336e-01,-9.999945163726806641e-01,9.999643564224243164e-01,9.999969601631164551e-01,9.999880790710449219e-01,-9.999972581863403320e-01,9.999971985816955566e-01,-9.999961853027343750e-01,9.999969005584716797e-01,9.998985528945922852e-01,-9.999982118606567383e-01,9.999953508377075195e-01,-9.999980330467224121e-01,9.999965429306030273e-01,9.999909400939941406e-01,9.999953508377075195e-01,9.999974370002746582e-01,-9.999935626983642578e-01,-9.999964237213134766e-01,9.999952912330627441e-01,9.999818205833435059e-01,9.999909400939941406e-01,-9.999791383743286133e-01,9.999893307685852051e-01
9.999982714653015137e-01,-9.999985694885253906e-01,-9.999938011169433594e-01,9.999977946281433105e-01,9.999989271163940430e-01,-9.999987483024597168e-01,9.999954104423522949e-01,9.999990463256835938e-01,-9.999967217445373535e-01,9.999980926513671875e-01,-9.999988079071044922e-01,-9.999987483024597168e-01,9.999979138374328613e-01,9.999983906745910645e-01,9.999930858612060547e-01,9.999956488609313965e-01,9.999973177909851074e-01,-9.999981522560119629e-01,9.999926090240478516e-01,-9.999991059303283691e-01,-9.999989271163940430e-01,9.999929666519165039e-01,9.999984502792358398e-01,9.999979138374328613e-01,9.999881386756896973e-01,9.999989271163940430e-01,-9.999981522560119629e-01,-9.999987483024597168e-01,9.999895691871643066e-01,-9.999960660934448242e-01,-9.999914765357971191e-01,-9.999982118606567383e-01,9.999866485595703125e-01,9.999956488609313965e-01,-9.999978542327880859e-01,9.999589323997497559e-01,9.999988675117492676e-01,9.999985098838806152e-01,9.999896287918090820e-01,-9.999988079071044922e-01,9.999986886978149414e-01,-9.999667406082153320e-01,9.999812841415405273e-01,9.999988675117492676e-01,9.999982118606567383e-01,9.999981522560119629e-01,-9.999931454658508301e-01,9.999984502792358398e-01,9.999986886978149414e-01,-9.999984502792358398e-01,-9.999987483024597168e-01,-9.999983310699462891e-01,-9.999988675117492676e-01,-9.999926686286926270e-01,-9.999984502792358398e-01,-9.999980926513671875e-01,-9.999929070472717285e-01,9.999832510948181152e-01,9.999960660934448242e-01,9.999982118606567383e-01,-9.999983906745910645e-01,9.999988079071044922e-01,9.999984502792358398e-01,9.999952316284179688e-01,-9.999946951866149902e-01,-9.999988079071044922e-01,-9.999990463256835938e-01,-9.999958872795104980e-01,-9.999989271163940430e-01,9.999983906745910645e-01,-9.999986290931701660e-01,9.999974370002746582e-01,9.999643564224243164e-01,-9.999932646751403809e-01,-9.999801516532897949e-01,-9.999982714653015137e-01,9.999917745590209961e-01,9.999985694885253906e-01,-9.999942779541015625e-01,-9.999956488609313965e-01,9.999834299087524414e-01,9.999976158142089844e-01,-9.999986886978149414e-01,9.999980330467224121e-01,-9.999982118606567383e-01,-9.999880790710449219e-01,9.999721646308898926e-01,9.999989271163940430e-01,9.999888539314270020e-01,-9.995874762535095215e-01,-9.999954104423522949e-01,9.999982714653015137e-01,-9.999837875366210938e-01,-9.999974966049194336e-01,9.999979734420776367e-01,-9.999976158142089844e-01,-9.999890923500061035e-01,9.999988675117492676e-01,-9.999987483024597168e-01,9.999964833259582520e-01,-9.999965429306030273e-01,9.999988079071044922e-01,-9.994832277297973633e-01,9.999194145202636719e-01,9.999985694885253906e-01,9.999969601631164551e-01,-9.999804496765136719e-01,-9.999983310699462891e-01,-9.999933838844299316e-01,9.999984502792358398e-01,-9.999984502792358398e-01,9.999978542327880859e-01,-9.999982118606567383e-01,-9.999442696571350098e-01,9.999989867210388184e-01,-9.999973773956298828e-01,9.999988675117492676e-01,-9.999981522560119629e-01,-9.999949932098388672e-01,-9.999973773956298828e-01,-9.999986290931701660e-01,9.999963045120239258e-01,9.999979138374328613e-01,-9.999974370002746582e-01,-9.999899864196777344e-01,-9.999950528144836426e-01,9.999884963035583496e-01,-9.999941587448120117e-01
-9.999987483024597168e-01,9.999990463256835938e-01,9.999955892562866211e-01,-9.999984502792358398e-01,-9.999993443489074707e-01,9.999991655349731445e-01,-9.999966621398925781e-01,-9.999994039535522461e-01,9.999977350234985352e-01,-9.999988079071044922e-01,9.999991059303283691e-01,9.999992251396179199e-01,-9.999986290931701660e-01,-9.999989271163940430e-01,-9.999950528144836426e-01,-9.999968409538269043e-01,-9.999980330467224121e-01,9.999986886978149414e-01,-9.999948143959045410e-01,9.999993443489074707e-01,9.999993443489074707e-01,-9.999949336051940918e-01,-9.999989271163940430e-01,-9.999986290931701660e-01,-9.999914765357971191e-01,-9.999992847442626953e-01,9.999986886978149414e-01,9.999992251396179199e-01,-9.999926090240478516e-01,9.999971985816955566e-01,9.999939203262329102e-01,9.999988079071044922e-01,-9.999904632568359375e-01,-9.999968409538269043e-01,9.999984502792358398e-01,-9.999707341194152832e-01,-9.999994039535522461e-01,-9.999989867210388184e-01,-9.999927282333374023e-01,9.999992251396179199e-01,-9.999990463256835938e-01,9.999762773513793945e-01,-9.999867081642150879e-01,-9.999992251396179199e-01,-9.999988079071044922e-01,-9.999986886978149414e-01,9.999950528144836426e-01,-9.999989867210388184e-01,-9.999992251396179199e-01,9.999988675117492676e-01,9.999991655349731445e-01,9.999988079071044922e-01,9.999992847442626953e-01,9.999948143959045410e-01,9.999988675117492676e-01,9.999986290931701660e-01,9.999949336051940918e-01,-9.999880790710449219e-01,-9.999973773956298828e-01,-9.999986886978149414e-01,9.999989271163940430e-01,-9.999992251396179199e-01,-9.999988079071044922e-01,-9.999965429306030273e-01,9.999961853027343750e-01,9.999992847442626953e-01,9.999994039535522461e-01,9.999970793724060059e-01,9.999992847442626953e-01,-9.999989271163940430e-01,9.999991655349731445e-01,-9.999981522560119629e-01,-9.999746680259704590e-01,9.999952316284179688e-01,9.999858736991882324e-01,9.999987483024597168e-01,-9.999942183494567871e-01,-9.999991059303283691e-01,9.999959468841552734e-01,9.999968409538269043e-01,-9.999881982803344727e-01,-9.999983906745910645e-01,9.999991655349731445e-01,-9.999986886978149414e-01,9.999988079071044922e-01,9.999914765357971191e-01,-9.999800920486450195e-01,-9.999993443489074707e-01,-9.999920129776000977e-01,9.997050166130065918e-01,9.999966025352478027e-01,-9.999988675117492676e-01,9.999884366989135742e-01,9.999982714653015137e-01,-9.999985694885253906e-01,9.999983310699462891e-01,9.999921917915344238e-01,-9.999992847442626953e-01,9.999991655349731445e-01,-9.999975562095642090e-01,9.999974966049194336e-01,-9.999992847442626953e-01,9.996304512023925781e-01,-9.999423623085021973e-01,-9.999990463256835938e-01,-9.999977946281433105e-01,9.999860525131225586e-01,9.999988675117492676e-01,9.999953508377075195e-01,-9.999988675117492676e-01,9.999988675117492676e-01,-9.999985098838806152e-01,9.999987483024597168e-01,9.999602437019348145e-01,-9.999994039535522461e-01,9.999982118606567383e-01,-9.999992847442626953e-01,9.999986886978149414e-01,9.999963641166687012e-01,9.999982118606567383e-01,9.999991059303283691e-01,-9.999974370002746582e-01,-9.999986886978149414e-01,9.999980926513671875e-01,9.999929666519165039e-01,9.999963641166687012e-01,-9.999918341636657715e-01,9.999958276748657227e-01
-9.999988675117492676e-01,9.999991655349731445e-01,9.999959468841552734e-01,-9.999985098838806152e-01,-9.999992847442626953e-01,9.999992251396179199e-01,-9.999969601631164551e-01,-9.999994635581970215e-01,9.999979138374328613e-01,-9.999987483024597168e-01,9.999992251396179199e-01,9.999992847442626953e-01,-9.999986886978149414e-01,-9.999989867210388184e-01,-9.999955296516418457e-01,-9.999970793724060059e-01,-9.999982118606567383e-01,9.999988079071044922e-01,-9.999952912330627441e-01,9.999993443489074707e-01,9.999992847442626953e-01,-9.999953508377075195e-01,-9.999989867210388184e-01,-9.999986886978149414e-01,-9.999923706054687500e-01,-9.999993443489074707e-01,9.999987483024597168e-01,9.999992251396179199e-01,-9.999933838844299316e-01,9.999974370002746582e-01,9.999944567680358887e-01,9.999988675117492676e-01,-9.999913573265075684e-01,-9.999970793724060059e-01,9.999985098838806152e-01,-9.999736547470092773e-01,-9.999992847442626953e-01,-9.999989867210388184e-01,-9.999933838844299316e-01,9.999992847442626953e-01,-9.999991655349731445e-01,9.999786615371704102e-01,-9.999880194664001465e-01,-9.999992251396179199e-01,-9.999988079071044922e-01,-9.999988079071044922e-01,9.999955296516418457e-01,-9.999991059303283691e-01,-9.999992251396179199e-01,9.999989271163940430e-01,9.999991059303283691e-01,9.999989271163940430e-01,9.999992847442626953e-01,9.999952912330627441e-01,9.999989271163940430e-01,9.999987483024597168e-01,9.999953508377075195e-01,-9.999892711639404297e-01,-9.999974966049194336e-01,-9.999987483024597168e-01,9.999989271163940430e-01,-9.999993443489074707e-01,-9.999989271163940430e-01,-9.999969005584716797e-01,9.999966025352478027e-01,9.999992847442626953e-01,9.999993443489074707e-01,9.999973177909851074e-01,9.999993443489074707e-01,-9.999989271163940430e-01,9.999991059303283691e-01,-9.999983310699462891e-01,-9.999771714210510254e-01,9.999957084655761719e-01,9.999872446060180664e-01,9.999988079071044922e-01,-9.999947547912597656e-01,-9.999991059303283691e-01,9.999963045120239258e-01,9.999971389770507812e-01,-9.999893307685852051e-01,-9.999984502792358398e-01,9.999991655349731445e-01,-9.999987483024597168e-01,9.999988675117492676e-01,9.999922513961791992e-01,-9.999821782112121582e-01,-9.999993443489074707e-01,-9.999928474426269531e-01,9.997354149818420410e-01,9.999969005584716797e-01,-9.999988079071044922e-01,9.999895691871643066e-01,9.999983310699462891e-01,-9.999986290931701660e-01,9.999985098838806152e-01,9.999929666519165039e-01,-9.999992847442626953e-01,9.999991655349731445e-01,-9.999977946281433105e-01,9.999977946281433105e-01,-9.999992847442626953e-01,9.996685385704040527e-01,-9.999482631683349609e-01,-9.999991655349731445e-01,-9.999979138374328613e-01,9.999874830245971680e-01,9.999988675117492676e-01,9.999957084655761719e-01,-9.999989271163940430e-01,9.999990463256835938e-01,-9.999985694885253906e-01,9.999988675117492676e-01,9.999642968177795410e-01,-9.999994039535522461e-01,9.999983310699462891e-01,-9.999992847442626953e-01,9.999987483024597168e-01,9.999967217445373535e-01,9.999983310699462891e-01,9.999990463256835938e-01,-9.999976158142089844e-01,-9.999986886978149414e-01,9.999982714653015137e-01,9.999935030937194824e-01,9.999967813491821289e-01,-9.999926686286926270e-01,9.999961853027343750e-01
