9.999981522560119629e-01,-9.999985098838806152e-01,-9.999942183494567871e-01,9.999971389770507812e-01,9.999987483024597168e-01,-9.999986290931701660e-01,9.999948740005493164e-01,9.999990463256835938e-01,-9.999941587448120117e-01,9.999983906745910645e-01,-9.999988079071044922e-01,-9.999988675117492676e-01,9.999978542327880859e-01,9.999983906745910645e-01,9.999948740005493164e-01,9.999939203262329102e-01,9.999972581863403320e-01,-9.999976754188537598e-01,9.999919533729553223e-01,-9.999989867210388184e-01,-9.999988675117492676e-01,9.999939799308776855e-01,9.999985694885253906e-01,9.999973773956298828e-01,9.999885559082031250e-01,9.999988079071044922e-01,-9.999980926513671875e-01,-9.999987483024597168e-01,9.999911785125732422e-01,-9.999966025352478027e-01,-9.999907612800598145e-01,-9.999980330467224121e-01,9.999833703041076660e-01,9.999948143959045410e-01,-9.999979138374328613e-01,9.999659061431884766e-01,9.999988675117492676e-01,9.999984502792358398e-01,9.999850392341613770e-01,-9.999988079071044922e-01,9.999985694885253906e-01,9.999861121177673340e-01,9.999835491180419922e-01,9.999988079071044922e-01,9.999981522560119629e-01,9.999978542327880859e-01,-9.999930858612060547e-01,9.999986290931701660e-01,9.999985694885253906e-01,-9.999984502792358398e-01,-9.999987483024597168e-01,-9.999984502792358398e-01,-9.999987483024597168e-01,-9.999930858612060547e-01,-9.999985098838806152e-01,-9.999980330467224121e-01,-9.999732375144958496e-01,9.999920129776000977e-01,9.999948143959045410e-01,9.999982118606567383e-01,-9.999983310699462891e-01,9.999988675117492676e-01,9.999983310699462891e-01,9.999953508377075195e-01,-9.999939799308776855e-01,-9.999987483024597168e-01,-9.999990463256835938e-01,-9.999955296516418457e-01,-9.999989271163940430e-01,9.999982714653015137e-01,-9.999986886978149414e-01,9.999963045120239258e-01,-9.999890923500061035e-01,-9.999935626983642578e-01,-9.999845623970031738e-01,-9.999983906745910645e-01,9.999905228614807129e-01,9.999986886978149414e-01,-9.999938011169433594e-01,-9.999951720237731934e-01,9.999899268150329590e-01,9.999974966049194336e-01,-9.999987483024597168e-01,9.999981522560119629e-01,-9.999981522560119629e-01,-9.999846816062927246e-01,9.995180964469909668e-01,9.999988079071044922e-01,9.999917149543762207e-01,9.999853968620300293e-01,-9.999937415122985840e-01,9.999983310699462891e-01,-9.999858736991882324e-01,-9.999972581863403320e-01,9.999973773956298828e-01,-9.999977946281433105e-01,-9.999873042106628418e-01,9.999989867210388184e-01,-9.999987483024597168e-01,9.999970793724060059e-01,-9.999967217445373535e-01,9.999988675117492676e-01,9.999309182167053223e-01,9.999544024467468262e-01,9.999985694885253906e-01,9.999958276748657227e-01,-9.999814033508300781e-01,-9.999983310699462891e-01,-9.999939203262329102e-01,9.999985098838806152e-01,-9.999985098838806152e-01,9.999974370002746582e-01,-9.999982118606567383e-01,-9.998774528503417969e-01,9.999989867210388184e-01,-9.999968409538269043e-01,9.999988675117492676e-01,-9.999977946281433105e-01,-9.999951720237731934e-01,-9.999966621398925781e-01,-9.999983310699462891e-01,9.999966621398925781e-01,9.999976158142089844e-01,-9.999969601631164551e-01,-9.999911785125732422e-01,-9.999945163726806641e-01,9.999774098396301270e-01,-9.999915361404418945e-01
-9.999985098838806152e-01,9.999988675117492676e-01,9.999952316284179688e-01,-9.999976754188537598e-01,-9.999991059303283691e-01,9.999989271163940430e-01,-9.999957680702209473e-01,-9.999992251396179199e-01,9.999951720237731934e-01,-9.999986886978149414e-01,9.999990463256835938e-01,9.999992251396179199e-01,-9.999983310699462891e-01,-9.999987483024597168e-01,-9.999957680702209473e-01,-9.999949932098388672e-01,-9.999977946281433105e-01,9.999980926513671875e-01,-9.999933242797851562e-01,9.999992251396179199e-01,9.999992251396179199e-01,-9.999950528144836426e-01,-9.999988079071044922e-01,-9.999977946281433105e-01,-9.999905228614807129e-01,-9.999991059303283691e-01,9.999984502792358398e-01,9.999990463256835938e-01,-9.999926686286926270e-01,9.999971389770507812e-01,9.999923706054687500e-01,9.999983310699462891e-01,-9.999861717224121094e-01,-9.999957084655761719e-01,9.999982714653015137e-01,-9.999715089797973633e-01,-9.999991655349731445e-01,-9.999987483024597168e-01,-9.999875426292419434e-01,9.999990463256835938e-01,-9.999988675117492676e-01,-9.999883770942687988e-01,-9.999862909317016602e-01,-9.999991059303283691e-01,-9.999985694885253906e-01,-9.999982714653015137e-01,9.999942183494567871e-01,-9.999988079071044922e-01,-9.999989271163940430e-01,9.999987483024597168e-01,9.999990463256835938e-01,9.999987483024597168e-01,9.999989271163940430e-01,9.999942183494567871e-01,9.999987483024597168e-01,9.999983310699462891e-01,9.999776482582092285e-01,-9.999933242797851562e-01,-9.999957084655761719e-01,-9.999985098838806152e-01,9.999986886978149414e-01,-9.999991059303283691e-01,-9.999986886978149414e-01,-9.999960660934448242e-01,9.999949336051940918e-01,9.999990463256835938e-01,9.999992251396179199e-01,9.999962449073791504e-01,9.999992847442626953e-01,-9.999986290931701660e-01,9.999989867210388184e-01,-9.999969005584716797e-01,9.999908804893493652e-01,9.999945759773254395e-01,9.999870657920837402e-01,9.999986290931701660e-01,-9.999921321868896484e-01,-9.999989271163940430e-01,9.999949336051940918e-01,9.999960064888000488e-01,-9.999915957450866699e-01,-9.999979138374328613e-01,9.999989867210388184e-01,-9.999985098838806152e-01,9.999985694885253906e-01,9.999872446060180664e-01,-9.995961189270019531e-01,-9.999992251396179199e-01,-9.999930858612060547e-01,-9.999877810478210449e-01,9.999948143959045410e-01,-9.999985694885253906e-01,9.999881386756896973e-01,9.999977946281433105e-01,-9.999978542327880859e-01,9.999982714653015137e-01,9.999894499778747559e-01,-9.999991655349731445e-01,9.999990463256835938e-01,-9.999976158142089844e-01,9.999973177909851074e-01,-9.999991059303283691e-01,-9.999421238899230957e-01,-9.999617934226989746e-01,-9.999988675117492676e-01,-9.999966025352478027e-01,9.999843835830688477e-01,9.999986886978149414e-01,9.999949932098388672e-01,-9.999988079071044922e-01,9.999988675117492676e-01,-9.999979138374328613e-01,9.999985098838806152e-01,9.998972415924072266e-01,-9.999992847442626953e-01,9.999974370002746582e-01,-9.999991655349731445e-01,9.999983310699462891e-01,9.999959468841552734e-01,9.999971985816955566e-01,9.999986886978149414e-01,-9.999972581863403320e-01,-9.999980330467224121e-01,9.999974370002746582e-01,9.999927282333374023e-01,9.999955892562866211e-01,-9.999811053276062012e-01,9.999929070472717285e-01
-9.999942183494567871e-01,9.999952316284179688e-01,9.999810457229614258e-01,-9.999909996986389160e-01,-9.999960064888000488e-01,9.999958276748657227e-01,-9.999827742576599121e-01,-9.999966621398925781e-01,9.999806880950927734e-01,-9.999947547912597656e-01,9.999959468841552734e-01,9.999962449073791504e-01,-9.999930858612060547e-01,-9.999946951866149902e-01,-9.999831914901733398e-01,-9.999798536300659180e-01,-9.999912977218627930e-01,9.999925494194030762e-01,-9.999736547470092773e-01,9.999968409538269043e-01,9.999963641166687012e-01,-9.999800920486450195e-01,-9.999954104423522949e-01,-9.999914765357971191e-01,-9.999622702598571777e-01,-9.999962449073791504e-01,9.999938607215881348e-01,9.999960064888000488e-01,-9.999709129333496094e-01,9.999887943267822266e-01,9.999693632125854492e-01,9.999935626983642578e-01,-9.999447464942932129e-01,-9.999829530715942383e-01,9.999933242797851562e-01,-9.998869895935058594e-01,-9.999964833259582520e-01,-9.999949932098388672e-01,-9.999504089355468750e-01,9.999961853027343750e-01,-9.999953508377075195e-01,-9.999538064002990723e-01,-9.999454021453857422e-01,-9.999962449073791504e-01,-9.999939799308776855e-01,-9.999932646751403809e-01,9.999766945838928223e-01,-9.999954104423522949e-01,-9.999955892562866211e-01,9.999949336051940918e-01,9.999959468841552734e-01,9.999952316284179688e-01,9.999958872795104980e-01,9.999770522117614746e-01,9.999951720237731934e-01,9.999935626983642578e-01,9.999112486839294434e-01,-9.999737739562988281e-01,-9.999829530715942383e-01,-9.999940991401672363e-01,9.999945759773254395e-01,-9.999962449073791504e-01,-9.999945759773254395e-01,-9.999846816062927246e-01,9.999800324440002441e-01,9.999960660934448242e-01,9.999968409538269043e-01,9.999853372573852539e-01,9.999966025352478027e-01,-9.999943971633911133e-01,9.999959468841552734e-01,-9.999879002571105957e-01,9.999639391899108887e-01,9.999786019325256348e-01,9.999486804008483887e-01,9.999947547912597656e-01,-9.999688267707824707e-01,-9.999957084655761719e-01,9.999796748161315918e-01,9.999841451644897461e-01,-9.999667406082153320e-01,-9.999918937683105469e-01,9.999960064888000488e-01,-9.999938607215881348e-01,9.999942779541015625e-01,9.999494552612304688e-01,-9.984017014503479004e-01,-9.999963045120239258e-01,-9.999727010726928711e-01,-9.999514818191528320e-01,9.999792575836181641e-01,-9.999945163726806641e-01,9.999529719352722168e-01,9.999911189079284668e-01,-9.999916553497314453e-01,9.999927878379821777e-01,9.999577999114990234e-01,-9.999965429306030273e-01,9.999959468841552734e-01,-9.999908804893493652e-01,9.999892711639404297e-01,-9.999961853027343750e-01,-9.997708201408386230e-01,-9.998487830162048340e-01,-9.999954700469970703e-01,-9.999867081642150879e-01,9.999383687973022461e-01,9.999948143959045410e-01,9.999797940254211426e-01,-9.999950528144836426e-01,9.999952912330627441e-01,-9.999918937683105469e-01,9.999940991401672363e-01,9.995932579040527344e-01,-9.999966025352478027e-01,9.999896883964538574e-01,-9.999964833259582520e-01,9.999930262565612793e-01,9.999842643737792969e-01,9.999890923500061035e-01,9.999948740005493164e-01,-9.999891519546508789e-01,-9.999922513961791992e-01,9.999900460243225098e-01,9.999706745147705078e-01,9.999821782112121582e-01,-9.999248981475830078e-01,9.999721050262451172e-01
9.999971389770507812e-01,-9.999976754188537598e-01,-9.999909996986389160e-01,9.999956488609313965e-01,9.999980330467224121e-01,-9.999978542327880859e-01,9.999918341636657715e-01,9.999983906745910645e-01,-9.999908804893493652e-01,9.999973773956298828e-01,-9.999981522560119629e-01,-9.999982118606567383e-01,9.999966025352478027e-01,9.999974370002746582e-01,9.999919533729553223e-01,9.999903440475463867e-01,9.999958276748657227e-01,-9.999963045120239258e-01,9.999874234199523926e-01,-9.999983906745910645e-01,-9.999982714653015137e-01,9.999904632568359375e-01,9.999977350234985352e-01,9.999958276748657227e-01,9.999820590019226074e-01,9.999982118606567383e-01,-9.999970197677612305e-01,-9.999979734420776367e-01,9.999861121177673340e-01,-9.999946355819702148e-01,-9.999854564666748047e-01,-9.999967813491821289e-01,9.999737143516540527e-01,9.999918937683105469e-01,-9.999967813491821289e-01,9.999461770057678223e-01,9.999983310699462891e-01,9.999976158142089844e-01,9.999762773513793945e-01,-9.999981522560119629e-01,9.999977350234985352e-01,9.999780058860778809e-01,9.999740719795227051e-01,9.999981522560119629e-01,9.999970197677612305e-01,9.999966621398925781e-01,-9.999889135360717773e-01,9.999977946281433105e-01,9.999978542327880859e-01,-9.999975562095642090e-01,-9.999980330467224121e-01,-9.999976754188537598e-01,-9.999979138374328613e-01,-9.999889731407165527e-01,-9.999976158142089844e-01,-9.999969005584716797e-01,-9.999577403068542480e-01,9.999874830245971680e-01,9.999918341636657715e-01,9.999971389770507812e-01,-9.999973773956298828e-01,9.999982118606567383e-01,9.999973177909851074e-01,9.999926090240478516e-01,-9.999904036521911621e-01,-9.999980926513671875e-01,-9.999984502792358398e-01,-9.999930262565612793e-01,-9.999983310699462891e-01,9.999972581863403320e-01,-9.999979138374328613e-01,9.999941587448120117e-01,-9.999828338623046875e-01,-9.999896883964538574e-01,-9.999755620956420898e-01,-9.999974370002746582e-01,9.999851584434509277e-01,9.999979138374328613e-01,-9.999902248382568359e-01,-9.999924302101135254e-01,9.999842047691345215e-01,9.999961256980895996e-01,-9.999980926513671875e-01,9.999969601631164551e-01,-9.999971389770507812e-01,-9.999759793281555176e-01,9.992378950119018555e-01,9.999982714653015137e-01,9.999869465827941895e-01,9.999769330024719238e-01,-9.999901056289672852e-01,9.999973177909851074e-01,-9.999776482582092285e-01,-9.999957680702209473e-01,9.999960064888000488e-01,-9.999966025352478027e-01,-9.999799132347106934e-01,9.999983906745910645e-01,-9.999980330467224121e-01,9.999956488609313965e-01,-9.999948740005493164e-01,9.999982118606567383e-01,9.998906850814819336e-01,9.999278783798217773e-01,9.999977946281433105e-01,9.999936819076538086e-01,-9.999707341194152832e-01,-9.999974966049194336e-01,-9.999903440475463867e-01,9.999976158142089844e-01,-9.999976754188537598e-01,9.999960660934448242e-01,-9.999970793724060059e-01,-9.998061060905456543e-01,9.999984502792358398e-01,-9.999951124191284180e-01,9.999982118606567383e-01,-9.999966025352478027e-01,-9.999923706054687500e-01,-9.999948143959045410e-01,-9.999974370002746582e-01,9.999947547912597656e-01,9.999962449073791504e-01,-9.999952316284179688e-01,-9.999859929084777832e-01,-9.999914765357971191e-01,9.999641776084899902e-01,-9.999865293502807617e-01
9.999987483024597168e-01,-9.999991059303283691e-01,-9.999960064888000488e-01,9.999980330467224121e-01,9.999991655349731445e-01,-9.999991059303283691e-01,9.999964833259582520e-01,9.999992847442626953e-01,-9.999960660934448242e-01,9.999988675117492676e-01,-9.999992251396179199e-01,-9.999991655349731445e-01,9.999984502792358398e-01,9.999988675117492676e-01,9.999965429306030273e-01,9.999958276748657227e-01,9.999981522560119629e-01,-9.999983906745910645e-01,9.999945759773254395e-01,-9.999994039535522461e-01,-9.999992251396179199e-01,9.999959468841552734e-01,9.999989867210388184e-01,9.999981522560119629e-01,9.999923110008239746e-01,9.999992251396179199e-01,-9.999986886978149414e-01,-9.999991655349731445e-01,9.999940991401672363e-01,-9.999975562095642090e-01,-9.999938011169433594e-01,-9.999986886978149414e-01,9.999887347221374512e-01,9.999964237213134766e-01,-9.999985694885253906e-01,9.999772310256958008e-01,9.999992251396179199e-01,9.999989271163940430e-01,9.999899864196777344e-01,-9.999991655349731445e-01,9.999989867210388184e-01,9.999906420707702637e-01,9.999889731407165527e-01,9.999992251396179199e-01,9.999986886978149414e-01,9.999985098838806152e-01,-9.999952912330627441e-01,9.999989867210388184e-01,9.999990463256835938e-01,-9.999989271163940430e-01,-9.999992251396179199e-01,-9.999989271163940430e-01,-9.999991059303283691e-01,-9.999952912330627441e-01,-9.999989271163940430e-01,-9.999986886978149414e-01,-9.999820590019226074e-01,9.999946355819702148e-01,9.999964833259582520e-01,9.999988079071044922e-01,-9.999988079071044922e-01,9.999992847442626953e-01,9.999988079071044922e-01,9.999967813491821289e-01,-9.999958872795104980e-01,-9.999992251396179199e-01,-9.999992847442626953e-01,-9.999969005584716797e-01,-9.999993443489074707e-01,9.999987483024597168e-01,-9.999991059303283691e-01,9.999974370002746582e-01,-9.999926090240478516e-01,-9.999956488609313965e-01,-9.999895691871643066e-01,-9.999989271163940430e-01,9.999936223030090332e-01,9.999991655349731445e-01,-9.999958276748657227e-01,-9.999966621398925781e-01,9.999932050704956055e-01,9.999983310699462891e-01,-9.999991059303283691e-01,9.999986886978149414e-01,-9.999987483024597168e-01,-9.999898076057434082e-01,9.996768236160278320e-01,9.999992847442626953e-01,9.999943971633911133e-01,9.999901652336120605e-01,-9.999958276748657227e-01,9.999988079071044922e-01,-9.999904632568359375e-01,-9.999981522560119629e-01,9.999982118606567383e-01,-9.999985098838806152e-01,-9.999914765357971191e-01,9.999993443489074707e-01,-9.999991059303283691e-01,9.999980926513671875e-01,-9.999977350234985352e-01,9.999992847442626953e-01,9.999536275863647461e-01,9.999694824218750000e-01,9.999990463256835938e-01,9.999971985816955566e-01,-9.999874830245971680e-01,-9.999988675117492676e-01,-9.999958872795104980e-01,9.999989271163940430e-01,-9.999990463256835938e-01,9.999982118606567383e-01,-9.999987483024597168e-01,-9.999177455902099609e-01,9.999993443489074707e-01,-9.999978542327880859e-01,9.999992251396179199e-01,-9.999985098838806152e-01,-9.999966621398925781e-01,-9.999977350234985352e-01,-9.999988675117492676e-01,9.999977350234985352e-01,9.999983906745910645e-01,-9.999979138374328613e-01,-9.999940991401672363e-01,-9.999962449073791504e-01,9.999848604202270508e-01,-9.999942779541015625e-01
-9.999986290931701660e-01,9.999989271163940430e-01,9.999958276748657227e-01,-9.999978542327880859e-01,-9.999991059303283691e-01,9.999989867210388184e-01,-9.999961256980895996e-01,-9.999992847442626953e-01,9.999957680702209473e-01,-9.999988079071044922e-01,9.999991655349731445e-01,9.999991059303283691e-01,-9.999984502792358398e-01,-9.999988079071044922e-01,-9.999962449073791504e-01,-9.999954700469970703e-01,-9.999979734420776367e-01,9.999982118606567383e-01,-9.999940991401672363e-01,9.999992847442626953e-01,9.999992251396179199e-01,-9.999955892562866211e-01,-9.999988675117492676e-01,-9.999980926513671875e-01,-9.999916553497314453e-01,-9.999992251396179199e-01,9.999985694885253906e-01,9.999991655349731445e-01,-9.999935030937194824e-01,9.999974370002746582e-01,9.999932646751403809e-01,9.999985694885253906e-01,-9.999878406524658203e-01,-9.999960660934448242e-01,9.999985098838806152e-01,-9.999752044677734375e-01,-9.999992847442626953e-01,-9.999988675117492676e-01,-9.999890327453613281e-01,9.999991655349731445e-01,-9.999989867210388184e-01,-9.999898672103881836e-01,-9.999880790710449219e-01,-9.999992251396179199e-01,-9.999985694885253906e-01,-9.999985098838806152e-01,9.999948740005493164e-01,-9.999989867210388184e-01,-9.999989271163940430e-01,9.999988675117492676e-01,9.999990463256835938e-01,9.999989271163940430e-01,9.999991655349731445e-01,9.999948740005493164e-01,9.999989271163940430e-01,9.999985694885253906e-01,9.999804496765136719e-01,-9.999941587448120117e-01,-9.999961853027343750e-01,-9.999986886978149414e-01,9.999988079071044922e-01,-9.999992251396179199e-01,-9.999987483024597168e-01,-9.999964833259582520e-01,9.999955296516418457e-01,9.999991059303283691e-01,9.999993443489074707e-01,9.999967217445373535e-01,9.999992847442626953e-01,-9.999987483024597168e-01,9.999990463256835938e-01,-9.999972581863403320e-01,9.999920725822448730e-01,9.999952316284179688e-01,9.999887347221374512e-01,9.999988079071044922e-01,-9.999930262565612793e-01,-9.999991059303283691e-01,9.999955296516418457e-01,9.999964833259582520e-01,-9.999926090240478516e-01,-9.999982118606567383e-01,9.999991655349731445e-01,-9.999985694885253906e-01,9.999986290931701660e-01,9.999887943267822266e-01,-9.996478557586669922e-01,-9.999992251396179199e-01,-9.999939799308776855e-01,-9.999892711639404297e-01,9.999954104423522949e-01,-9.999986886978149414e-01,9.999896883964538574e-01,9.999980330467224121e-01,-9.999981522560119629e-01,9.999985098838806152e-01,9.999907612800598145e-01,-9.999992847442626953e-01,9.999990463256835938e-01,-9.999979138374328613e-01,9.999975562095642090e-01,-9.999992251396179199e-01,-9.999494552612304688e-01,-9.999666213989257812e-01,-9.999989271163940430e-01,-9.999969601631164551e-01,9.999864101409912109e-01,9.999988079071044922e-01,9.999955296516418457e-01,-9.999988675117492676e-01,9.999989271163940430e-01,-9.999982118606567383e-01,9.999986290931701660e-01,9.999103546142578125e-01,-9.999994039535522461e-01,9.999976754188537598e-01,-9.999991655349731445e-01,9.999984502792358398e-01,9.999963641166687012e-01,9.999975562095642090e-01,9.999988079071044922e-01,-9.999975562095642090e-01,-9.999982714653015137e-01,9.999977350234985352e-01,9.999935626983642578e-01,9.999960064888000488e-01,-9.999834895133972168e-01,9.999938607215881348e-01
9.999948740005493164e-01,-9.999957680702209473e-01,-9.999827742576599121e-01,9.999918341636657715e-01,9.999964833259582520e-01,-9.999961256980895996e-01,9.999843239784240723e-01,9.999970793724060059e-01,-9.999824166297912598e-01,9.999952912330627441e-01,-9.999964237213134766e-01,-9.999966621398925781e-01,9.999936819076538086e-01,9.999952316284179688e-01,9.999847412109375000e-01,9.999816417694091797e-01,9.999920725822448730e-01,-9.999932646751403809e-01,9.999760389328002930e-01,-9.999970793724060059e-01,-9.999966621398925781e-01,9.999818205833435059e-01,9.999957680702209473e-01,9.999923110008239746e-01,9.999656081199645996e-01,9.999966621398925781e-01,-9.999944567680358887e-01,-9.999963641166687012e-01,9.999734163284301758e-01,-9.999898672103881836e-01,-9.999720454216003418e-01,-9.999942183494567871e-01,9.999494552612304688e-01,9.999845623970031738e-01,-9.999939799308776855e-01,9.998968839645385742e-01,9.999967813491821289e-01,9.999955296516418457e-01,9.999547004699707031e-01,-9.999965429306030273e-01,9.999958872795104980e-01,9.999578595161437988e-01,9.999502301216125488e-01,9.999966621398925781e-01,9.999945163726806641e-01,9.999938607215881348e-01,-9.999787807464599609e-01,9.999958872795104980e-01,9.999960064888000488e-01,-9.999954104423522949e-01,-9.999963641166687012e-01,-9.999956488609313965e-01,-9.999961853027343750e-01,-9.999791383743286133e-01,-9.999956488609313965e-01,-9.999942183494567871e-01,-9.999191164970397949e-01,9.999762177467346191e-01,9.999843239784240723e-01,9.999946951866149902e-01,-9.999951124191284180e-01,9.999966025352478027e-01,9.999951720237731934e-01,9.999860525131225586e-01,-9.999818205833435059e-01,-9.999963641166687012e-01,-9.999970197677612305e-01,-9.999865889549255371e-01,-9.999969005584716797e-01,9.999948740005493164e-01,-9.999962449073791504e-01,9.999890923500061035e-01,-9.999672174453735352e-01,-9.999805092811584473e-01,-9.999532103538513184e-01,-9.999952316284179688e-01,9.999716281890869141e-01,9.999961853027343750e-01,-9.999815225601196289e-01,-9.999855160713195801e-01,9.999697804450988770e-01,9.999926686286926270e-01,-9.999964237213134766e-01,9.999944567680358887e-01,-9.999948143959045410e-01,-9.999539256095886230e-01,9.985404014587402344e-01,9.999966621398925781e-01,9.999749660491943359e-01,9.999557733535766602e-01,-9.999811053276062012e-01,9.999950528144836426e-01,-9.999570250511169434e-01,-9.999918937683105469e-01,9.999924302101135254e-01,-9.999935030937194824e-01,-9.999615550041198730e-01,9.999969601631164551e-01,-9.999962449073791504e-01,9.999916553497314453e-01,-9.999902248382568359e-01,9.999966025352478027e-01,9.997908473014831543e-01,9.998620152473449707e-01,9.999959468841552734e-01,9.999880194664001465e-01,-9.999438524246215820e-01,-9.999953508377075195e-01,-9.999816417694091797e-01,9.999955296516418457e-01,-9.999957680702209473e-01,9.999927282333374023e-01,-9.999946355819702148e-01,-9.996286630630493164e-01,9.999970197677612305e-01,-9.999907016754150391e-01,9.999968409538269043e-01,-9.999936223030090332e-01,-9.999856352806091309e-01,-9.999901056289672852e-01,-9.999954104423522949e-01,9.999901652336120605e-01,9.999930262565612793e-01,-9.999909400939941406e-01,-9.999732971191406250e-01,-9.999837875366210938e-01,9.999315142631530762e-01,-9.999744892120361328e-01
9.999990463256835938e-01,-9.999992251396179199e-01,-9.999966621398925781e-01,9.999983906745910645e-01,9.999992847442626953e-01,-9.999992847442626953e-01,9.999970793724060059e-01,9.999995231628417969e-01,-9.999966025352478027e-01,9.999991655349731445e-01,-9.999994039535522461e-01,-9.999994039535522461e-01,9.999988675117492676e-01,9.999992251396179199e-01,9.999970793724060059e-01,9.999964833259582520e-01,9.999985098838806152e-01,-9.999986290931701660e-01,9.999955296516418457e-01,-9.999994635581970215e-01,-9.999994039535522461e-01,9.999964833259582520e-01,9.999992251396179199e-01,9.999985098838806152e-01,9.999935030937194824e-01,9.999994039535522461e-01,-9.999989867210388184e-01,-9.999993443489074707e-01,9.999949932098388672e-01,-9.999980330467224121e-01,-9.999947547912597656e-01,-9.999989271163940430e-01,9.999904632568359375e-01,9.999970197677612305e-01,-9.999988675117492676e-01,9.999805688858032227e-01,9.999994039535522461e-01,9.999991655349731445e-01,9.999914169311523438e-01,-9.999994635581970215e-01,9.999992251396179199e-01,9.999920129776000977e-01,9.999906420707702637e-01,9.999994039535522461e-01,9.999989271163940430e-01,9.999988079071044922e-01,-9.999960660934448242e-01,9.999992251396179199e-01,9.999993443489074707e-01,-9.999992251396179199e-01,-9.999994039535522461e-01,-9.999992251396179199e-01,-9.999993443489074707e-01,-9.999960064888000488e-01,-9.999992251396179199e-01,-9.999988675117492676e-01,-9.999846220016479492e-01,9.999954104423522949e-01,9.999970197677612305e-01,9.999989867210388184e-01,-9.999991059303283691e-01,9.999994635581970215e-01,9.999991059303283691e-01,9.999973177909851074e-01,-9.999964833259582520e-01,-9.999993443489074707e-01,-9.999994635581970215e-01,-9.999974370002746582e-01,-9.999995231628417969e-01,9.999990463256835938e-01,-9.999992251396179199e-01,9.999979138374328613e-01,-9.999938011169433594e-01,-9.999962449073791504e-01,-9.999911785125732422e-01,-9.999991059303283691e-01,9.999946355819702148e-01,9.999992847442626953e-01,-9.999964237213134766e-01,-9.999971985816955566e-01,9.999942779541015625e-01,9.999985694885253906e-01,-9.999993443489074707e-01,9.999989271163940430e-01,-9.999990463256835938e-01,-9.999912977218627930e-01,9.997236728668212891e-01,9.999994635581970215e-01,9.999953508377075195e-01,9.999916553497314453e-01,-9.999963641166687012e-01,9.999991059303283691e-01,-9.999918937683105469e-01,-9.999985098838806152e-01,9.999985694885253906e-01,-9.999988079071044922e-01,-9.999927282333374023e-01,9.999995231628417969e-01,-9.999994039535522461e-01,9.999983906745910645e-01,-9.999980926513671875e-01,9.999994039535522461e-01,9.999603629112243652e-01,9.999740123748779297e-01,9.999992847442626953e-01,9.999976754188537598e-01,-9.999893307685852051e-01,-9.999991655349731445e-01,-9.999964833259582520e-01,9.999991655349731445e-01,-9.999992847442626953e-01,9.999985694885253906e-01,-9.999989867210388184e-01,-9.999297261238098145e-01,9.999995231628417969e-01,-9.999982118606567383e-01,9.999994039535522461e-01,-9.999987483024597168e-01,-9.999972581863403320e-01,-9.999980926513671875e-01,-9.999991655349731445e-01,9.999980926513671875e-01,9.999987483024597168e-01,-9.999983310699462891e-01,-9.999949932098388672e-01,-9.999969005584716797e-01,9.999870657920837402e-01,-9.999951720237731934e-01
-9.999941587448120117e-01,9.999951720237731934e-01,9.999806880950927734e-01,-9.999908804893493652e-01,-9.999960660934448242e-01,9.999957680702209473e-01,-9.999824166297912598e-01,-9.999966025352478027e-01,9.999803900718688965e-01,-9.999947547912597656e-01,9.999959468841552734e-01,9.999961256980895996e-01,-9.999929666519165039e-01,-9.999946951866149902e-01,-9.999828338623046875e-01,-9.999794363975524902e-01,-9.999911785125732422e-01,9.999922513961791992e-01,-9.999731183052062988e-01,9.999967813491821289e-01,9.999962449073791504e-01,-9.999797344207763672e-01,-9.999952316284179688e-01,-9.999912381172180176e-01,-9.999614953994750977e-01,-9.999961853027343750e-01,9.999938011169433594e-01,9.999959468841552734e-01,-9.999704360961914062e-01,9.999885559082031250e-01,9.999686479568481445e-01,9.999934434890747070e-01,-9.999436736106872559e-01,-9.999826550483703613e-01,9.999931454658508301e-01,-9.998848438262939453e-01,-9.999963641166687012e-01,-9.999949336051940918e-01,-9.999493956565856934e-01,9.999960064888000488e-01,-9.999953508377075195e-01,-9.999528527259826660e-01,-9.999442696571350098e-01,-9.999962449073791504e-01,-9.999938607215881348e-01,-9.999931454658508301e-01,9.999762177467346191e-01,-9.999954104423522949e-01,-9.999954700469970703e-01,9.999948143959045410e-01,9.999959468841552734e-01,9.999950528144836426e-01,9.999958276748657227e-01,9.999766945838928223e-01,9.999950528144836426e-01,9.999934434890747070e-01,9.999095201492309570e-01,-9.999733567237854004e-01,-9.999825954437255859e-01,-9.999940395355224609e-01,9.999945759773254395e-01,-9.999961853027343750e-01,-9.999945759773254395e-01,-9.999845027923583984e-01,9.999796152114868164e-01,9.999959468841552734e-01,9.999966621398925781e-01,9.999850392341613770e-01,9.999965429306030273e-01,-9.999942779541015625e-01,9.999958276748657227e-01,-9.999877214431762695e-01,9.999632835388183594e-01,9.999781250953674316e-01,9.999477267265319824e-01,9.999945759773254395e-01,-9.999683499336242676e-01,-9.999957084655761719e-01,9.999792575836181641e-01,9.999838471412658691e-01,-9.999660849571228027e-01,-9.999918341636657715e-01,9.999960064888000488e-01,-9.999938607215881348e-01,9.999942183494567871e-01,9.999485611915588379e-01,-9.983695149421691895e-01,-9.999963641166687012e-01,-9.999721050262451172e-01,-9.999504685401916504e-01,9.999788999557495117e-01,-9.999943971633911133e-01,9.999520182609558105e-01,9.999909400939941406e-01,-9.999915957450866699e-01,9.999927282333374023e-01,9.999569654464721680e-01,-9.999964833259582520e-01,9.999958276748657227e-01,-9.999907016754150391e-01,9.999890327453613281e-01,-9.999961256980895996e-01,-9.997662901878356934e-01,-9.998456835746765137e-01,-9.999954700469970703e-01,-9.999865293502807617e-01,9.999372363090515137e-01,9.999948143959045410e-01,9.999794363975524902e-01,-9.999949932098388672e-01,9.999951720237731934e-01,-9.999917745590209961e-01,9.999939799308776855e-01,9.995850324630737305e-01,-9.999966621398925781e-01,9.999895691871643066e-01,-9.999964237213134766e-01,9.999928474426269531e-01,9.999839067459106445e-01,9.999889731407165527e-01,9.999948143959045410e-01,-9.999889135360717773e-01,-9.999920725822448730e-01,9.999898076057434082e-01,9.999701976776123047e-01,9.999818801879882812e-01,-9.999234080314636230e-01,9.999713897705078125e-01
9.999983906745910645e-01,-9.999986886978149414e-01,-9.999947547912597656e-01,9.999973773956298828e-01,9.999988675117492676e-01,-9.999988079071044922e-01,9.999952912330627441e-01,9.999991655349731445e-01,-9.999947547912597656e-01,9.999985098838806152e-01,-9.999988675117492676e-01,-9.999989867210388184e-01,9.999980330467224121e-01,9.999985098838806152e-01,9.999953508377075195e-01,9.999943971633911133e-01,9.999974966049194336e-01,-9.999979138374328613e-01,9.999927282333374023e-01,-9.999991655349731445e-01,-9.999990463256835938e-01,9.999944567680358887e-01,9.999986886978149414e-01,9.999976158142089844e-01,9.999895691871643066e-01,9.999989867210388184e-01,-9.999982714653015137e-01,-9.999988079071044922e-01,9.999919533729553223e-01,-9.999968409538269043e-01,-9.999915361404418945e-01,-9.999982118606567383e-01,9.999846220016479492e-01,9.999952912330627441e-01,-9.999980926513671875e-01,9.999688267707824707e-01,9.999991059303283691e-01,9.999985098838806152e-01,9.999862909317016602e-01,-9.999989271163940430e-01,9.999986886978149414e-01,9.999871253967285156e-01,9.999850392341613770e-01,9.999989271163940430e-01,9.999983310699462891e-01,9.999980926513671875e-01,-9.999936819076538086e-01,9.999987483024597168e-01,9.999987483024597168e-01,-9.999986290931701660e-01,-9.999988675117492676e-01,-9.999986290931701660e-01,-9.999988079071044922e-01,-9.999935626983642578e-01,-9.999986290931701660e-01,-9.999982118606567383e-01,-9.999755024909973145e-01,9.999927878379821777e-01,9.999952912330627441e-01,9.999983310699462891e-01,-9.999985098838806152e-01,9.999989867210388184e-01,9.999984502792358398e-01,9.999957084655761719e-01,-9.999943971633911133e-01,-9.999989271163940430e-01,-9.999991655349731445e-01,-9.999959468841552734e-01,-9.999991059303283691e-01,9.999983906745910645e-01,-9.999988079071044922e-01,9.999965429306030273e-01,-9.999899864196777344e-01,-9.999940991401672363e-01,-9.999858140945434570e-01,-9.999985098838806152e-01,9.999913573265075684e-01,9.999988079071044922e-01,-9.999943971633911133e-01,-9.999956488609313965e-01,9.999907612800598145e-01,9.999977350234985352e-01,-9.999988675117492676e-01,9.999982714653015137e-01,-9.999983310699462891e-01,-9.999860525131225586e-01,9.995577335357666016e-01,9.999989867210388184e-01,9.999924302101135254e-01,9.999865889549255371e-01,-9.999942779541015625e-01,9.999984502792358398e-01,-9.999870061874389648e-01,-9.999975562095642090e-01,9.999976158142089844e-01,-9.999980330467224121e-01,-9.999883770942687988e-01,9.999991059303283691e-01,-9.999988675117492676e-01,9.999974370002746582e-01,-9.999969601631164551e-01,9.999989271163940430e-01,9.999365210533142090e-01,9.999582171440124512e-01,9.999986886978149414e-01,9.999963045120239258e-01,-9.999828934669494629e-01,-9.999985694885253906e-01,-9.999943971633911133e-01,9.999986290931701660e-01,-9.999986290931701660e-01,9.999977350234985352e-01,-9.999982714653015137e-01,-9.998874664306640625e-01,9.999991059303283691e-01,-9.999971389770507812e-01,9.999989867210388184e-01,-9.999980330467224121e-01,-9.999955892562866211e-01,-9.999969601631164551e-01,-9.999985694885253906e-01,9.999969005584716797e-01,9.999979138374328613e-01,-9.999971985816955566e-01,-9.999919533729553223e-01,-9.999950528144836426e-01,9.999792575836181641e-01,-9.999922513961791992e-01
-9.999988079071044922e-01,9.999990463256835938e-01,9.999959468841552734e-01,-9.999981522560119629e-01,-9.999992251396179199e-01,9.999991655349731445e-01,-9.999964237213134766e-01,-9.999994039535522461e-01,9.999959468841552734e-01,-9.999988675117492676e-01,9.999992847442626953e-01,9.999992251396179199e-01,-9.999985694885253906e-01,-9.999989867210388184e-01,-9.999964237213134766e-01,-9.999957084655761719e-01,-9.999980926513671875e-01,9.999983310699462891e-01,-9.999943971633911133e-01,9.999994039535522461e-01,9.999993443489074707e-01,-9.999957084655761719e-01,-9.999990463256835938e-01,-9.999982118606567383e-01,-9.999918937683105469e-01,-9.999992251396179199e-01,9.999987483024597168e-01,9.999992847442626953e-01,-9.999938011169433594e-01,9.999976158142089844e-01,9.999934434890747070e-01,9.999986886978149414e-01,-9.999881386756896973e-01,-9.999963641166687012e-01,9.999985098838806152e-01,-9.999756217002868652e-01,-9.999992847442626953e-01,-9.999989867210388184e-01,-9.999893307685852051e-01,9.999992847442626953e-01,-9.999991059303283691e-01,-9.999899864196777344e-01,-9.999883174896240234e-01,-9.999992251396179199e-01,-9.999987483024597168e-01,-9.999985098838806152e-01,9.999951124191284180e-01,-9.999991655349731445e-01,-9.999992251396179199e-01,9.999989867210388184e-01,9.999991655349731445e-01,9.999989867210388184e-01,9.999991655349731445e-01,9.999951124191284180e-01,9.999989867210388184e-01,9.999986886978149414e-01,9.999808073043823242e-01,-9.999943971633911133e-01,-9.999962449073791504e-01,-9.999987483024597168e-01,9.999988675117492676e-01,-9.999993443489074707e-01,-9.999988675117492676e-01,-9.999967217445373535e-01,9.999957084655761719e-01,9.999992847442626953e-01,9.999995231628417969e-01,9.999967813491821289e-01,9.999993443489074707e-01,-9.999988675117492676e-01,9.999992847442626953e-01,-9.999973773956298828e-01,9.999921917915344238e-01,9.999954104423522949e-01,9.999889731407165527e-01,9.999989271163940430e-01,-9.999933242797851562e-01,-9.999992251396179199e-01,9.999956488609313965e-01,9.999965429306030273e-01,-9.999927878379821777e-01,-9.999983310699462891e-01,9.999992847442626953e-01,-9.999987483024597168e-01,9.999987483024597168e-01,9.999891519546508789e-01,-9.996531605720520020e-01,-9.999993443489074707e-01,-9.999941587448120117e-01,-9.999895691871643066e-01,9.999956488609313965e-01,-9.999988079071044922e-01,9.999899268150329590e-01,9.999981522560119629e-01,-9.999982714653015137e-01,9.999985694885253906e-01,9.999909996986389160e-01,-9.999994039535522461e-01,9.999992847442626953e-01,-9.999979734420776367e-01,9.999977350234985352e-01,-9.999993443489074707e-01,-9.999502897262573242e-01,-9.999673366546630859e-01,-9.999991655349731445e-01,-9.999971985816955566e-01,9.999865889549255371e-01,9.999989271163940430e-01,9.999957680702209473e-01,-9.999989867210388184e-01,9.999989867210388184e-01,-9.999983310699462891e-01,9.999988079071044922e-01,9.999118447303771973e-01,-9.999994039535522461e-01,9.999977946281433105e-01,-9.999992847442626953e-01,9.999984502792358398e-01,9.999965429306030273e-01,9.999976754188537598e-01,9.999989271163940430e-01,-9.999976754188537598e-01,-9.999983906745910645e-01,9.999978542327880859e-01,9.999937415122985840e-01,9.999960660934448242e-01,-9.999838471412658691e-01,9.999940395355224609e-01
-9.999988675117492676e-01,9.999992251396179199e-01,9.999962449073791504e-01,-9.999982118606567383e-01,-9.999991655349731445e-01,9.999991059303283691e-01,-9.999966621398925781e-01,-9.999994039535522461e-01,9.999961256980895996e-01,-9.999989867210388184e-01,9.999992251396179199e-01,9.999992251396179199e-01,-9.999986886978149414e-01,-9.999989271163940430e-01,-9.999966621398925781e-01,-9.999959468841552734e-01,-9.999981522560119629e-01,9.999985098838806152e-01,-9.999948143959045410e-01,9.999994039535522461e-01,9.999994039535522461e-01,-9.999960064888000488e-01,-9.999991059303283691e-01,-9.999982714653015137e-01,-9.999924898147583008e-01,-9.999992847442626953e-01,9.999987483024597168e-01,9.999991655349731445e-01,-9.999942779541015625e-01,9.999977946281433105e-01,9.999939799308776855e-01,9.999987483024597168e-01,-9.999891519546508789e-01,-9.999966025352478027e-01,9.999986886978149414e-01,-9.999778270721435547e-01,-9.999992847442626953e-01,-9.999990463256835938e-01,-9.999902844429016113e-01,9.999992847442626953e-01,-9.999991059303283691e-01,-9.999909400939941406e-01,-9.999892711639404297e-01,-9.999992251396179199e-01,-9.999987483024597168e-01,-9.999986290931701660e-01,9.999954700469970703e-01,-9.999991655349731445e-01,-9.999990463256835938e-01,9.999990463256835938e-01,9.999992251396179199e-01,9.999991059303283691e-01,9.999992251396179199e-01,9.999955296516418457e-01,9.999989867210388184e-01,9.999986290931701660e-01,9.999825358390808105e-01,-9.999948143959045410e-01,-9.999966025352478027e-01,-9.999988675117492676e-01,9.999989271163940430e-01,-9.999992847442626953e-01,-9.999989271163940430e-01,-9.999969601631164551e-01,9.999960064888000488e-01,9.999992847442626953e-01,9.999994039535522461e-01,9.999969601631164551e-01,9.999994039535522461e-01,-9.999989271163940430e-01,9.999991655349731445e-01,-9.999975562095642090e-01,9.999929666519165039e-01,9.999957680702209473e-01,9.999899268150329590e-01,9.999989271163940430e-01,-9.999938607215881348e-01,-9.999992251396179199e-01,9.999959468841552734e-01,9.999968409538269043e-01,-9.999933838844299316e-01,-9.999983906745910645e-01,9.999992251396179199e-01,-9.999988079071044922e-01,9.999988079071044922e-01,9.999901056289672852e-01,-9.996858239173889160e-01,-9.999993443489074707e-01,-9.999946355819702148e-01,-9.999904632568359375e-01,9.999959468841552734e-01,-9.999988675117492676e-01,9.999907612800598145e-01,9.999982118606567383e-01,-9.999983310699462891e-01,9.999986290931701660e-01,9.999917149543762207e-01,-9.999993443489074707e-01,9.999992251396179199e-01,-9.999981522560119629e-01,9.999978542327880859e-01,-9.999992847442626953e-01,-9.999549388885498047e-01,-9.999703168869018555e-01,-9.999991655349731445e-01,-9.999973177909851074e-01,9.999878406524658203e-01,9.999989867210388184e-01,9.999959468841552734e-01,-9.999990463256835938e-01,9.999991059303283691e-01,-9.999982714653015137e-01,9.999987483024597168e-01,9.999201297760009766e-01,-9.999993443489074707e-01,9.999979734420776367e-01,-9.999993443489074707e-01,9.999986290931701660e-01,9.999967813491821289e-01,9.999978542327880859e-01,9.999989867210388184e-01,-9.999977946281433105e-01,-9.999984502792358398e-01,9.999980330467224121e-01,9.999943375587463379e-01,9.999964237213134766e-01,-9.999852776527404785e-01,9.999945163726806641e-01
