9.999979734420776367e-01,-9.999981522560119629e-01,-9.999846816062927246e-01,9.999980926513671875e-01,9.999987483024597168e-01,-9.999985098838806152e-01,9.999921917915344238e-01,9.999988675117492676e-01,-9.999967217445373535e-01,9.999964833259582520e-01,-9.999967217445373535e-01,-9.999988079071044922e-01,9.999980330467224121e-01,9.999976754188537598e-01,9.999513626098632812e-01,9.999976158142089844e-01,9.999976754188537598e-01,-9.999982714653015137e-01,9.999797940254211426e-01,-9.999990463256835938e-01,-9.999988675117492676e-01,9.999843835830688477e-01,9.999976754188537598e-01,9.999983906745910645e-01,9.999883770942687988e-01,9.999989271163940430e-01,-9.999983906745910645e-01,-9.999987483024597168e-01,9.999703764915466309e-01,-9.999961256980895996e-01,-9.999961853027343750e-01,-9.999984502792358398e-01,9.999952912330627441e-01,9.999977350234985352e-01,-9.999965429306030273e-01,-9.999923706054687500e-01,9.999989867210388184e-01,9.999985098838806152e-01,9.999927878379821777e-01,-9.999986886978149414e-01,9.999982714653015137e-01,-9.999971389770507812e-01,9.999287128448486328e-01,9.999985098838806152e-01,9.999968409538269043e-01,9.999975562095642090e-01,9.999943971633911133e-01,9.999976754188537598e-01,9.999986886978149414e-01,-9.999985098838806152e-01,-9.999986290931701660e-01,-9.999969601631164551e-01,-9.999984502792358398e-01,-9.999898672103881836e-01,-9.999955892562866211e-01,-9.999976754188537598e-01,-9.999977946281433105e-01,9.999752044677734375e-01,9.999976754188537598e-01,9.999979138374328613e-01,-9.999956488609313965e-01,9.999988675117492676e-01,9.999982118606567383e-01,9.999948740005493164e-01,-9.999954700469970703e-01,-9.999986290931701660e-01,-9.999988675117492676e-01,-9.999931454658508301e-01,-9.999982714653015137e-01,9.999988079071044922e-01,-9.999985694885253906e-01,9.999976754188537598e-01,9.999965429306030273e-01,-9.999879598617553711e-01,9.997436404228210449e-01,-9.999979138374328613e-01,9.999887347221374512e-01,9.999983906745910645e-01,-9.999890327453613281e-01,-9.999971389770507812e-01,-9.999364018440246582e-01,9.999974966049194336e-01,-9.999986886978149414e-01,9.999853372573852539e-01,-9.999982118606567383e-01,-9.999817609786987305e-01,9.999926090240478516e-01,9.999986886978149414e-01,-9.999715685844421387e-01,9.999976158142089844e-01,-9.999982118606567383e-01,9.999982714653015137e-01,-9.999715685844421387e-01,-9.999982118606567383e-01,9.999984502792358398e-01,-9.999975562095642090e-01,-9.999828934669494629e-01,9.999987483024597168e-01,-9.999986886978149414e-01,9.999890923500061035e-01,-9.999973177909851074e-01,9.999985694885253906e-01,-9.999833703041076660e-01,-9.999787211418151855e-01,9.999983906745910645e-01,9.999958872795104980e-01,9.999801516532897949e-01,-9.999973773956298828e-01,-9.999943971633911133e-01,9.999984502792358398e-01,-9.999974966049194336e-01,9.999985694885253906e-01,-9.999977946281433105e-01,-9.999897480010986328e-01,9.999988675117492676e-01,-9.999982714653015137e-01,9.999984502792358398e-01,-9.999986886978149414e-01,-9.999915957450866699e-01,-9.999979138374328613e-01,-9.999988675117492676e-01,9.999955892562866211e-01,9.999985694885253906e-01,-9.999972581863403320e-01,9.999701380729675293e-01,-9.999948740005493164e-01,9.999309182167053223e-01,-9.999977350234985352e-01
-9.999981522560119629e-01,9.999982118606567383e-01,9.999852776527404785e-01,-9.999981522560119629e-01,-9.999988079071044922e-01,9.999986290931701660e-01,-9.999924898147583008e-01,-9.999990463256835938e-01,9.999968409538269043e-01,-9.999966025352478027e-01,9.999969601631164551e-01,9.999989271163940430e-01,-9.999982118606567383e-01,-9.999978542327880859e-01,-9.999532699584960938e-01,-9.999977946281433105e-01,-9.999977350234985352e-01,9.999985098838806152e-01,-9.999806284904479980e-01,9.999991059303283691e-01,9.999989867210388184e-01,-9.999849796295166016e-01,-9.999978542327880859e-01,-9.999985694885253906e-01,-9.999889135360717773e-01,-9.999991655349731445e-01,9.999984502792358398e-01,9.999989271163940430e-01,-9.999715685844421387e-01,9.999963641166687012e-01,9.999964237213134766e-01,9.999985694885253906e-01,-9.999954700469970703e-01,-9.999978542327880859e-01,9.999967813491821289e-01,9.999926090240478516e-01,-9.999989867210388184e-01,-9.999987483024597168e-01,-9.999930858612060547e-01,9.999988079071044922e-01,-9.999983906745910645e-01,9.999972581863403320e-01,-9.999314546585083008e-01,-9.999986886978149414e-01,-9.999968409538269043e-01,-9.999976754188537598e-01,-9.999946951866149902e-01,-9.999977946281433105e-01,-9.999987483024597168e-01,9.999985694885253906e-01,9.999987483024597168e-01,9.999971985816955566e-01,9.999986290931701660e-01,9.999902844429016113e-01,9.999957680702209473e-01,9.999977946281433105e-01,9.999978542327880859e-01,-9.999762177467346191e-01,-9.999977946281433105e-01,-9.999979734420776367e-01,9.999958872795104980e-01,-9.999988675117492676e-01,-9.999982714653015137e-01,-9.999951124191284180e-01,9.999956488609313965e-01,9.999987483024597168e-01,9.999989867210388184e-01,9.999933838844299316e-01,9.999983310699462891e-01,-9.999988079071044922e-01,9.999986290931701660e-01,-9.999978542327880859e-01,-9.999966621398925781e-01,9.999883770942687988e-01,-9.997532963752746582e-01,9.999980330467224121e-01,-9.999891519546508789e-01,-9.999985098838806152e-01,9.999895095825195312e-01,9.999972581863403320e-01,9.999387860298156738e-01,-9.999976158142089844e-01,9.999988079071044922e-01,-9.999859929084777832e-01,9.999983310699462891e-01,9.999824166297912598e-01,-9.999929070472717285e-01,-9.999988079071044922e-01,9.999727606773376465e-01,-9.999977946281433105e-01,9.999982714653015137e-01,-9.999984502792358398e-01,9.999727606773376465e-01,9.999982118606567383e-01,-9.999985098838806152e-01,9.999976158142089844e-01,9.999835491180419922e-01,-9.999988675117492676e-01,9.999987483024597168e-01,-9.999895691871643066e-01,9.999974966049194336e-01,-9.999986290931701660e-01,9.999839663505554199e-01,9.999794960021972656e-01,-9.999984502792358398e-01,-9.999960660934448242e-01,-9.999809861183166504e-01,9.999974370002746582e-01,9.999946951866149902e-01,-9.999985694885253906e-01,9.999976158142089844e-01,-9.999986290931701660e-01,9.999979734420776367e-01,9.999901056289672852e-01,-9.999990463256835938e-01,9.999983906745910645e-01,-9.999986290931701660e-01,9.999987483024597168e-01,9.999919533729553223e-01,9.999980330467224121e-01,9.999989271163940430e-01,-9.999957680702209473e-01,-9.999986290931701660e-01,9.999973773956298828e-01,-9.999711513519287109e-01,9.999950528144836426e-01,-9.999335408210754395e-01,9.999978542327880859e-01
-9.999846816062927246e-01,9.999852776527404785e-01,9.998762607574462891e-01,-9.999846816062927246e-01,-9.999904036521911621e-01,9.999880194664001465e-01,-9.999368190765380859e-01,-9.999914169311523438e-01,9.999740123748779297e-01,-9.999718666076660156e-01,9.999748468399047852e-01,9.999905228614807129e-01,-9.999842643737792969e-01,-9.999812841415405273e-01,-9.996078610420227051e-01,-9.999816417694091797e-01,-9.999813437461853027e-01,9.999868869781494141e-01,-9.998366236686706543e-01,9.999918937683105469e-01,9.999908804893493652e-01,-9.998738169670104980e-01,-9.999815821647644043e-01,-9.999873638153076172e-01,-9.999060630798339844e-01,-9.999916553497314453e-01,9.999873042106628418e-01,9.999907016754150391e-01,-9.997606873512268066e-01,9.999692440032958984e-01,9.999696612358093262e-01,9.999882578849792480e-01,-9.999618530273437500e-01,-9.999817609786987305e-01,9.999724030494689941e-01,9.999380707740783691e-01,-9.999913573265075684e-01,-9.999887943267822266e-01,-9.999409914016723633e-01,9.999902248382568359e-01,-9.999868273735046387e-01,9.999772310256958008e-01,-9.994249343872070312e-01,-9.999883770942687988e-01,-9.999740719795227051e-01,-9.999809861183166504e-01,-9.999547600746154785e-01,-9.999811053276062012e-01,-9.999896287918090820e-01,9.999880194664001465e-01,9.999891519546508789e-01,9.999767541885375977e-01,9.999877810478210449e-01,9.999185800552368164e-01,9.999644756317138672e-01,9.999817609786987305e-01,9.999817013740539551e-01,-9.997995495796203613e-01,-9.999814629554748535e-01,-9.999827742576599121e-01,9.999649524688720703e-01,-9.999907612800598145e-01,-9.999855756759643555e-01,-9.999589323997497559e-01,9.999631643295288086e-01,9.999897480010986328e-01,9.999910593032836914e-01,9.999446272850036621e-01,9.999859929084777832e-01,-9.999902844429016113e-01,9.999885559082031250e-01,-9.999817609786987305e-01,-9.999724626541137695e-01,9.999023675918579102e-01,-9.979349374771118164e-01,9.999838471412658691e-01,-9.999089241027832031e-01,-9.999868869781494141e-01,9.999117255210876465e-01,9.999773502349853516e-01,9.994869828224182129e-01,-9.999796152114868164e-01,9.999897480010986328e-01,-9.998815655708312988e-01,9.999862313270568848e-01,9.998530149459838867e-01,-9.999401569366455078e-01,-9.999895095825195312e-01,9.997711181640625000e-01,-9.999811053276062012e-01,9.999858736991882324e-01,-9.999861717224121094e-01,9.997705221176147461e-01,9.999850392341613770e-01,-9.999876618385314941e-01,9.999803304672241211e-01,9.998618960380554199e-01,-9.999907612800598145e-01,9.999895691871643066e-01,-9.999118447303771973e-01,9.999784827232360840e-01,-9.999886751174926758e-01,9.998653531074523926e-01,9.998278617858886719e-01,-9.999872446060180664e-01,-9.999672770500183105e-01,-9.998395442962646484e-01,9.999789595603942871e-01,9.999546408653259277e-01,-9.999875426292419434e-01,9.999800920486450195e-01,-9.999880790710449219e-01,9.999830722808837891e-01,9.999170303344726562e-01,-9.999916553497314453e-01,9.999867677688598633e-01,-9.999878406524658203e-01,9.999895691871643066e-01,9.999316334724426270e-01,9.999836087226867676e-01,9.999903440475463867e-01,-9.999644160270690918e-01,-9.999887347221374512e-01,9.999781847000122070e-01,-9.997584223747253418e-01,9.999585151672363281e-01,-9.994432926177978516e-01,9.999818205833435059e-01
9.999980926513671875e-01,-9.999981522560119629e-01,-9.999846816062927246e-01,9.999979734420776367e-01,9.999987483024597168e-01,-9.999983906745910645e-01,9.999922513961791992e-01,9.999989271163940430e-01,-9.999967813491821289e-01,9.999964833259582520e-01,-9.999968409538269043e-01,-9.999988079071044922e-01,9.999981522560119629e-01,9.999976754188537598e-01,9.999516010284423828e-01,9.999977350234985352e-01,9.999976754188537598e-01,-9.999982714653015137e-01,9.999799132347106934e-01,-9.999990463256835938e-01,-9.999988675117492676e-01,9.999843835830688477e-01,9.999976754188537598e-01,9.999984502792358398e-01,9.999884963035583496e-01,9.999989867210388184e-01,-9.999985098838806152e-01,-9.999988675117492676e-01,9.999705553054809570e-01,-9.999961853027343750e-01,-9.999962449073791504e-01,-9.999984502792358398e-01,9.999952316284179688e-01,9.999977350234985352e-01,-9.999965429306030273e-01,-9.999923706054687500e-01,9.999989271163940430e-01,9.999986290931701660e-01,9.999927282333374023e-01,-9.999988079071044922e-01,9.999983906745910645e-01,-9.999970793724060059e-01,9.999291300773620605e-01,9.999985694885253906e-01,9.999967813491821289e-01,9.999976158142089844e-01,9.999944567680358887e-01,9.999976158142089844e-01,9.999986886978149414e-01,-9.999985098838806152e-01,-9.999986290931701660e-01,-9.999970793724060059e-01,-9.999984502792358398e-01,-9.999899268150329590e-01,-9.999956488609313965e-01,-9.999976754188537598e-01,-9.999977350234985352e-01,9.999753832817077637e-01,9.999976754188537598e-01,9.999978542327880859e-01,-9.999957084655761719e-01,9.999988079071044922e-01,9.999982118606567383e-01,9.999948740005493164e-01,-9.999954104423522949e-01,-9.999986886978149414e-01,-9.999988675117492676e-01,-9.999932050704956055e-01,-9.999982714653015137e-01,9.999987483024597168e-01,-9.999985694885253906e-01,9.999977350234985352e-01,9.999965429306030273e-01,-9.999879002571105957e-01,9.997453689575195312e-01,-9.999979734420776367e-01,9.999887943267822266e-01,9.999983906745910645e-01,-9.999890923500061035e-01,-9.999971985816955566e-01,-9.999368190765380859e-01,9.999974370002746582e-01,-9.999986886978149414e-01,9.999854564666748047e-01,-9.999982118606567383e-01,-9.999818801879882812e-01,9.999925494194030762e-01,9.999987483024597168e-01,-9.999718666076660156e-01,9.999976754188537598e-01,-9.999982118606567383e-01,9.999982118606567383e-01,-9.999718070030212402e-01,-9.999981522560119629e-01,9.999984502792358398e-01,-9.999974966049194336e-01,-9.999830126762390137e-01,9.999988675117492676e-01,-9.999986886978149414e-01,9.999892711639404297e-01,-9.999973177909851074e-01,9.999985098838806152e-01,-9.999834895133972168e-01,-9.999788403511047363e-01,9.999983310699462891e-01,9.999959468841552734e-01,9.999802112579345703e-01,-9.999973177909851074e-01,-9.999943375587463379e-01,9.999984502792358398e-01,-9.999974966049194336e-01,9.999985098838806152e-01,-9.999978542327880859e-01,-9.999898076057434082e-01,9.999989271163940430e-01,-9.999983310699462891e-01,9.999984502792358398e-01,-9.999986290931701660e-01,-9.999915957450866699e-01,-9.999979138374328613e-01,-9.999988079071044922e-01,9.999955892562866211e-01,9.999986290931701660e-01,-9.999972581863403320e-01,9.999701976776123047e-01,-9.999949336051940918e-01,9.999313950538635254e-01,-9.999977350234985352e-01
9.999987483024597168e-01,-9.999988079071044922e-01,-9.999904036521911621e-01,9.999987483024597168e-01,9.999992251396179199e-01,-9.999989867210388184e-01,9.999949932098388672e-01,9.999992847442626953e-01,-9.999979138374328613e-01,9.999977350234985352e-01,-9.999979138374328613e-01,-9.999992847442626953e-01,9.999987483024597168e-01,9.999985098838806152e-01,9.999697804450988770e-01,9.999985098838806152e-01,9.999985098838806152e-01,-9.999989271163940430e-01,9.999873042106628418e-01,-9.999994039535522461e-01,-9.999992251396179199e-01,9.999902844429016113e-01,9.999984502792358398e-01,9.999989271163940430e-01,9.999927878379821777e-01,9.999992847442626953e-01,-9.999989271163940430e-01,-9.999992251396179199e-01,9.999815225601196289e-01,-9.999974966049194336e-01,-9.999975562095642090e-01,-9.999990463256835938e-01,9.999968409538269043e-01,9.999985694885253906e-01,-9.999978542327880859e-01,-9.999951720237731934e-01,9.999993443489074707e-01,9.999990463256835938e-01,9.999954104423522949e-01,-9.999991655349731445e-01,9.999989271163940430e-01,-9.999980926513671875e-01,9.999555945396423340e-01,9.999990463256835938e-01,9.999979138374328613e-01,9.999984502792358398e-01,9.999963641166687012e-01,9.999985098838806152e-01,9.999992251396179199e-01,-9.999989867210388184e-01,-9.999992251396179199e-01,-9.999980926513671875e-01,-9.999991059303283691e-01,-9.999936223030090332e-01,-9.999971389770507812e-01,-9.999985098838806152e-01,-9.999985694885253906e-01,9.999844431877136230e-01,9.999985694885253906e-01,9.999986290931701660e-01,-9.999972581863403320e-01,9.999992251396179199e-01,9.999988079071044922e-01,9.999967217445373535e-01,-9.999970197677612305e-01,-9.999991655349731445e-01,-9.999992847442626953e-01,-9.999957084655761719e-01,-9.999988675117492676e-01,9.999992251396179199e-01,-9.999990463256835938e-01,9.999985694885253906e-01,9.999978542327880859e-01,-9.999924898147583008e-01,9.998403191566467285e-01,-9.999986886978149414e-01,9.999929070472717285e-01,9.999989271163940430e-01,-9.999930858612060547e-01,-9.999981522560119629e-01,-9.999603033065795898e-01,9.999983906745910645e-01,-9.999992251396179199e-01,9.999908804893493652e-01,-9.999988079071044922e-01,-9.999886155128479004e-01,9.999953508377075195e-01,9.999992251396179199e-01,-9.999822974205017090e-01,9.999985098838806152e-01,-9.999988079071044922e-01,9.999988675117492676e-01,-9.999822378158569336e-01,-9.999988079071044922e-01,9.999989867210388184e-01,-9.999983906745910645e-01,-9.999893903732299805e-01,9.999992251396179199e-01,-9.999992251396179199e-01,9.999932050704956055e-01,-9.999983310699462891e-01,9.999990463256835938e-01,-9.999894499778747559e-01,-9.999867081642150879e-01,9.999990463256835938e-01,9.999973773956298828e-01,9.999876618385314941e-01,-9.999982714653015137e-01,-9.999963641166687012e-01,9.999991059303283691e-01,-9.999983310699462891e-01,9.999991059303283691e-01,-9.999986290931701660e-01,-9.999935030937194824e-01,9.999992847442626953e-01,-9.999988675117492676e-01,9.999989867210388184e-01,-9.999992251396179199e-01,-9.999947547912597656e-01,-9.999986290931701660e-01,-9.999992847442626953e-01,9.999971389770507812e-01,9.999990463256835938e-01,-9.999982714653015137e-01,9.999813437461853027e-01,-9.999966621398925781e-01,9.999569058418273926e-01,-9.999985694885253906e-01
-9.999985098838806152e-01,9.999986290931701660e-01,9.999880194664001465e-01,-9.999983906745910645e-01,-9.999989867210388184e-01,9.999988079071044922e-01,-9.999938607215881348e-01,-9.999991059303283691e-01,9.999974370002746582e-01,-9.999972581863403320e-01,9.999974966049194336e-01,9.999991059303283691e-01,-9.999984502792358398e-01,-9.999981522560119629e-01,-9.999619722366333008e-01,-9.999980926513671875e-01,-9.999981522560119629e-01,9.999986886978149414e-01,-9.999842047691345215e-01,9.999992251396179199e-01,9.999991655349731445e-01,-9.999877810478210449e-01,-9.999982714653015137e-01,-9.999987483024597168e-01,-9.999909400939941406e-01,-9.999992251396179199e-01,9.999988079071044922e-01,9.999991655349731445e-01,-9.999768733978271484e-01,9.999969601631164551e-01,9.999970197677612305e-01,9.999988675117492676e-01,-9.999961256980895996e-01,-9.999982118606567383e-01,9.999972581863403320e-01,9.999939799308776855e-01,-9.999992251396179199e-01,-9.999989271163940430e-01,-9.999943971633911133e-01,9.999989867210388184e-01,-9.999986886978149414e-01,9.999977350234985352e-01,-9.999442100524902344e-01,-9.999988675117492676e-01,-9.999974370002746582e-01,-9.999981522560119629e-01,-9.999956488609313965e-01,-9.999982714653015137e-01,-9.999989867210388184e-01,9.999987483024597168e-01,9.999989271163940430e-01,9.999977350234985352e-01,9.999988079071044922e-01,9.999921321868896484e-01,9.999965429306030273e-01,9.999982118606567383e-01,9.999983310699462891e-01,-9.999805688858032227e-01,-9.999981522560119629e-01,-9.999983310699462891e-01,9.999965429306030273e-01,-9.999991655349731445e-01,-9.999985694885253906e-01,-9.999959468841552734e-01,9.999963045120239258e-01,9.999990463256835938e-01,9.999990463256835938e-01,9.999946355819702148e-01,9.999986886978149414e-01,-9.999989867210388184e-01,9.999989271163940430e-01,-9.999982118606567383e-01,-9.999973177909851074e-01,9.999905824661254883e-01,-9.997993707656860352e-01,9.999983906745910645e-01,-9.999911785125732422e-01,-9.999987483024597168e-01,9.999914169311523438e-01,9.999977946281433105e-01,9.999501109123229980e-01,-9.999979734420776367e-01,9.999990463256835938e-01,-9.999884963035583496e-01,9.999985694885253906e-01,9.999857544898986816e-01,-9.999942183494567871e-01,-9.999990463256835938e-01,9.999778270721435547e-01,-9.999981522560119629e-01,9.999986290931701660e-01,-9.999986290931701660e-01,9.999777674674987793e-01,9.999986290931701660e-01,-9.999988079071044922e-01,9.999980926513671875e-01,9.999866485595703125e-01,-9.999991655349731445e-01,9.999989867210388184e-01,-9.999914765357971191e-01,9.999979734420776367e-01,-9.999988675117492676e-01,9.999869465827941895e-01,9.999833106994628906e-01,-9.999987483024597168e-01,-9.999967217445373535e-01,-9.999844431877136230e-01,9.999978542327880859e-01,9.999955892562866211e-01,-9.999987483024597168e-01,9.999980330467224121e-01,-9.999988675117492676e-01,9.999983310699462891e-01,9.999919533729553223e-01,-9.999992251396179199e-01,9.999986886978149414e-01,-9.999988079071044922e-01,9.999989867210388184e-01,9.999933838844299316e-01,9.999983906745910645e-01,9.999992251396179199e-01,-9.999964833259582520e-01,-9.999989271163940430e-01,9.999978542327880859e-01,-9.999766349792480469e-01,9.999960064888000488e-01,-9.999458789825439453e-01,9.999982118606567383e-01
9.999921917915344238e-01,-9.999924898147583008e-01,-9.999368190765380859e-01,9.999922513961791992e-01,9.999949932098388672e-01,-9.999938607215881348e-01,9.999676346778869629e-01,9.999955892562866211e-01,-9.999866485595703125e-01,9.999856948852539062e-01,-9.999870657920837402e-01,-9.999951124191284180e-01,9.999919533729553223e-01,9.999903440475463867e-01,9.997996091842651367e-01,9.999905824661254883e-01,9.999904036521911621e-01,-9.999932050704956055e-01,9.999164938926696777e-01,-9.999958276748657227e-01,-9.999952316284179688e-01,9.999355077743530273e-01,9.999905824661254883e-01,9.999935626983642578e-01,9.999520778656005859e-01,9.999956488609313965e-01,-9.999935030937194824e-01,-9.999952912330627441e-01,9.998776316642761230e-01,-9.999843239784240723e-01,-9.999844431877136230e-01,-9.999939799308776855e-01,9.999804496765136719e-01,9.999907016754150391e-01,-9.999858140945434570e-01,-9.999684095382690430e-01,9.999955296516418457e-01,9.999942183494567871e-01,9.999698996543884277e-01,-9.999949336051940918e-01,9.999932050704956055e-01,-9.999882578849792480e-01,9.997060894966125488e-01,9.999940395355224609e-01,9.999866485595703125e-01,9.999902248382568359e-01,9.999769330024719238e-01,9.999903440475463867e-01,9.999946355819702148e-01,-9.999938011169433594e-01,-9.999944567680358887e-01,-9.999880194664001465e-01,-9.999937415122985840e-01,-9.999583363533020020e-01,-9.999818205833435059e-01,-9.999906420707702637e-01,-9.999905824661254883e-01,9.998974800109863281e-01,9.999904632568359375e-01,9.999912381172180176e-01,-9.999821186065673828e-01,9.999952316284179688e-01,9.999926090240478516e-01,9.999790191650390625e-01,-9.999811649322509766e-01,-9.999947547912597656e-01,-9.999954104423522949e-01,-9.999716877937316895e-01,-9.999929070472717285e-01,9.999949932098388672e-01,-9.999941587448120117e-01,9.999906420707702637e-01,9.999859333038330078e-01,-9.999501705169677734e-01,9.989439845085144043e-01,-9.999916553497314453e-01,9.999535083770751953e-01,9.999933838844299316e-01,-9.999548792839050293e-01,-9.999883770942687988e-01,-9.997378587722778320e-01,9.999895691871643066e-01,-9.999947547912597656e-01,9.999395608901977539e-01,-9.999929070472717285e-01,-9.999248981475830078e-01,9.999694228172302246e-01,9.999946355819702148e-01,-9.998829364776611328e-01,9.999903440475463867e-01,-9.999926686286926270e-01,9.999929070472717285e-01,-9.998826980590820312e-01,-9.999923706054687500e-01,9.999936223030090332e-01,-9.999899268150329590e-01,-9.999294281005859375e-01,9.999952316284179688e-01,-9.999946951866149902e-01,9.999549984931945801e-01,-9.999890327453613281e-01,9.999941587448120117e-01,-9.999311566352844238e-01,-9.999120235443115234e-01,9.999934434890747070e-01,9.999831914901733398e-01,9.999179244041442871e-01,-9.999891519546508789e-01,-9.999768137931823730e-01,9.999936223030090332e-01,-9.999897480010986328e-01,9.999939203262329102e-01,-9.999912381172180176e-01,-9.999575614929199219e-01,9.999956488609313965e-01,-9.999932646751403809e-01,9.999938011169433594e-01,-9.999946355819702148e-01,-9.999650716781616211e-01,-9.999915361404418945e-01,-9.999950528144836426e-01,9.999817609786987305e-01,9.999942779541015625e-01,-9.999889135360717773e-01,9.998764991760253906e-01,-9.999788403511047363e-01,9.997155070304870605e-01,-9.999907016754150391e-01
9.999988675117492676e-01,-9.999990463256835938e-01,-9.999914169311523438e-01,9.999989271163940430e-01,9.999992847442626953e-01,-9.999991059303283691e-01,9.999955892562866211e-01,9.999994635581970215e-01,-9.999981522560119629e-01,9.999980330467224121e-01,-9.999981522560119629e-01,-9.999994039535522461e-01,9.999988675117492676e-01,9.999987483024597168e-01,9.999728798866271973e-01,9.999986290931701660e-01,9.999986886978149414e-01,-9.999991059303283691e-01,9.999887347221374512e-01,-9.999994635581970215e-01,-9.999994039535522461e-01,9.999912381172180176e-01,9.999986886978149414e-01,9.999991655349731445e-01,9.999935030937194824e-01,9.999995231628417969e-01,-9.999992847442626953e-01,-9.999994039535522461e-01,9.999834895133972168e-01,-9.999978542327880859e-01,-9.999977946281433105e-01,-9.999991059303283691e-01,9.999972581863403320e-01,9.999987483024597168e-01,-9.999980330467224121e-01,-9.999956488609313965e-01,9.999994039535522461e-01,9.999992847442626953e-01,9.999960064888000488e-01,-9.999992847442626953e-01,9.999991655349731445e-01,-9.999983906745910645e-01,9.999601840972900391e-01,9.999992251396179199e-01,9.999981522560119629e-01,9.999986886978149414e-01,9.999968409538269043e-01,9.999986886978149414e-01,9.999993443489074707e-01,-9.999992251396179199e-01,-9.999992847442626953e-01,-9.999982714653015137e-01,-9.999991655349731445e-01,-9.999942779541015625e-01,-9.999974966049194336e-01,-9.999987483024597168e-01,-9.999986886978149414e-01,9.999861717224121094e-01,9.999986886978149414e-01,9.999988079071044922e-01,-9.999975562095642090e-01,9.999994039535522461e-01,9.999990463256835938e-01,9.999970197677612305e-01,-9.999973177909851074e-01,-9.999992251396179199e-01,-9.999994039535522461e-01,-9.999961256980895996e-01,-9.999991059303283691e-01,9.999993443489074707e-01,-9.999992251396179199e-01,9.999988079071044922e-01,9.999980926513671875e-01,-9.999932646751403809e-01,9.998567700386047363e-01,-9.999988079071044922e-01,9.999936819076538086e-01,9.999991655349731445e-01,-9.999939203262329102e-01,-9.999983310699462891e-01,-9.999644160270690918e-01,9.999985694885253906e-01,-9.999993443489074707e-01,9.999918937683105469e-01,-9.999989867210388184e-01,-9.999897480010986328e-01,9.999958872795104980e-01,9.999994039535522461e-01,-9.999842047691345215e-01,9.999986886978149414e-01,-9.999990463256835938e-01,9.999991059303283691e-01,-9.999841451644897461e-01,-9.999989867210388184e-01,9.999991655349731445e-01,-9.999985694885253906e-01,-9.999904632568359375e-01,9.999992847442626953e-01,-9.999993443489074707e-01,9.999939203262329102e-01,-9.999985098838806152e-01,9.999991655349731445e-01,-9.999907016754150391e-01,-9.999880790710449219e-01,9.999991655349731445e-01,9.999976158142089844e-01,9.999888539314270020e-01,-9.999984502792358398e-01,-9.999968409538269043e-01,9.999991655349731445e-01,-9.999986290931701660e-01,9.999992251396179199e-01,-9.999988079071044922e-01,-9.999942183494567871e-01,9.999994039535522461e-01,-9.999991059303283691e-01,9.999991655349731445e-01,-9.999992847442626953e-01,-9.999952912330627441e-01,-9.999988079071044922e-01,-9.999994635581970215e-01,9.999974966049194336e-01,9.999992847442626953e-01,-9.999983906745910645e-01,9.999832510948181152e-01,-9.999970197677612305e-01,9.999614357948303223e-01,-9.999987483024597168e-01
-9.999967217445373535e-01,9.999968409538269043e-01,9.999740123748779297e-01,-9.999967813491821289e-01,-9.999979138374328613e-01,9.999974370002746582e-01,-9.999866485595703125e-01,-9.999981522560119629e-01,9.999945163726806641e-01,-9.999940395355224609e-01,9.999946355819702148e-01,9.999979734420776367e-01,-9.999966621398925781e-01,-9.999960064888000488e-01,-9.999174475669860840e-01,-9.999960064888000488e-01,-9.999960064888000488e-01,9.999971985816955566e-01,-9.999656081199645996e-01,9.999983906745910645e-01,9.999980330467224121e-01,-9.999734759330749512e-01,-9.999960660934448242e-01,-9.999973773956298828e-01,-9.999803900718688965e-01,-9.999982118606567383e-01,9.999972581863403320e-01,9.999980330467224121e-01,-9.999495744705200195e-01,9.999935626983642578e-01,9.999936223030090332e-01,9.999974370002746582e-01,-9.999920129776000977e-01,-9.999961256980895996e-01,9.999940991401672363e-01,9.999870061874389648e-01,-9.999982714653015137e-01,-9.999976754188537598e-01,-9.999877214431762695e-01,9.999978542327880859e-01,-9.999971985816955566e-01,9.999952316284179688e-01,-9.998789429664611816e-01,-9.999974966049194336e-01,-9.999945163726806641e-01,-9.999960064888000488e-01,-9.999905228614807129e-01,-9.999959468841552734e-01,-9.999977946281433105e-01,9.999974370002746582e-01,9.999976754188537598e-01,9.999951124191284180e-01,9.999973773956298828e-01,9.999828934669494629e-01,9.999924302101135254e-01,9.999961256980895996e-01,9.999961853027343750e-01,-9.999577999114990234e-01,-9.999960660934448242e-01,-9.999963641166687012e-01,9.999926686286926270e-01,-9.999980330467224121e-01,-9.999969005584716797e-01,-9.999912977218627930e-01,9.999922513961791992e-01,9.999977946281433105e-01,9.999980926513671875e-01,9.999883770942687988e-01,9.999970197677612305e-01,-9.999978542327880859e-01,9.999976158142089844e-01,-9.999961256980895996e-01,-9.999942183494567871e-01,9.999794960021972656e-01,-9.995647072792053223e-01,9.999965429306030273e-01,-9.999808669090270996e-01,-9.999973177909851074e-01,9.999814033508300781e-01,9.999952316284179688e-01,9.998919367790222168e-01,-9.999957680702209473e-01,9.999978542327880859e-01,-9.999752044677734375e-01,9.999970197677612305e-01,9.999690055847167969e-01,-9.999874830245971680e-01,-9.999978542327880859e-01,9.999518394470214844e-01,-9.999960660934448242e-01,9.999969601631164551e-01,-9.999970793724060059e-01,9.999516606330871582e-01,9.999969005584716797e-01,-9.999973773956298828e-01,9.999958276748657227e-01,9.999709725379943848e-01,-9.999979138374328613e-01,9.999977946281433105e-01,-9.999815821647644043e-01,9.999954700469970703e-01,-9.999976158142089844e-01,9.999717473983764648e-01,9.999637603759765625e-01,-9.999973177909851074e-01,-9.999930262565612793e-01,-9.999661445617675781e-01,9.999955296516418457e-01,9.999904632568359375e-01,-9.999973177909851074e-01,9.999958872795104980e-01,-9.999975562095642090e-01,9.999963045120239258e-01,9.999825954437255859e-01,-9.999982118606567383e-01,9.999971985816955566e-01,-9.999973773956298828e-01,9.999977946281433105e-01,9.999856352806091309e-01,9.999965429306030273e-01,9.999979734420776367e-01,-9.999924302101135254e-01,-9.999976158142089844e-01,9.999954104423522949e-01,-9.999490976333618164e-01,9.999912381172180176e-01,-9.998828172683715820e-01,9.999961256980895996e-01
9.999964833259582520e-01,-9.999966025352478027e-01,-9.999718666076660156e-01,9.999964833259582520e-01,9.999977350234985352e-01,-9.999972581863403320e-01,9.999856948852539062e-01,9.999980330467224121e-01,-9.999940395355224609e-01,9.999936223030090332e-01,-9.999942779541015625e-01,-9.999978542327880859e-01,9.999963641166687012e-01,9.999957680702209473e-01,9.999110102653503418e-01,9.999957680702209473e-01,9.999957084655761719e-01,-9.999969601631164551e-01,9.999629259109497070e-01,-9.999981522560119629e-01,-9.999979138374328613e-01,9.999713301658630371e-01,9.999958276748657227e-01,9.999970793724060059e-01,9.999787807464599609e-01,9.999980926513671875e-01,-9.999971389770507812e-01,-9.999978542327880859e-01,9.999457001686096191e-01,-9.999930262565612793e-01,-9.999931454658508301e-01,-9.999972581863403320e-01,9.999912977218627930e-01,9.999958872795104980e-01,-9.999936223030090332e-01,-9.999859929084777832e-01,9.999980926513671875e-01,9.999974370002746582e-01,9.999866485595703125e-01,-9.999976754188537598e-01,9.999970197677612305e-01,-9.999947547912597656e-01,9.998695850372314453e-01,9.999973177909851074e-01,9.999940991401672363e-01,9.999956488609313965e-01,9.999896883964538574e-01,9.999957084655761719e-01,9.999976158142089844e-01,-9.999972581863403320e-01,-9.999974966049194336e-01,-9.999947547912597656e-01,-9.999970793724060059e-01,-9.999815225601196289e-01,-9.999919533729553223e-01,-9.999958276748657227e-01,-9.999958276748657227e-01,9.999545216560363770e-01,9.999957680702209473e-01,9.999960660934448242e-01,-9.999920725822448730e-01,9.999977946281433105e-01,9.999966621398925781e-01,9.999906420707702637e-01,-9.999915957450866699e-01,-9.999976158142089844e-01,-9.999979138374328613e-01,-9.999874830245971680e-01,-9.999967217445373535e-01,9.999977350234985352e-01,-9.999973773956298828e-01,9.999958276748657227e-01,9.999937415122985840e-01,-9.999779462814331055e-01,9.995308518409729004e-01,-9.999963045120239258e-01,9.999793171882629395e-01,9.999970197677612305e-01,-9.999799728393554688e-01,-9.999948740005493164e-01,-9.998835921287536621e-01,9.999954700469970703e-01,-9.999976158142089844e-01,9.999732375144958496e-01,-9.999967813491821289e-01,-9.999666213989257812e-01,9.999864101409912109e-01,9.999976158142089844e-01,-9.999479651451110840e-01,9.999957680702209473e-01,-9.999967217445373535e-01,9.999968409538269043e-01,-9.999480247497558594e-01,-9.999966621398925781e-01,9.999971985816955566e-01,-9.999954700469970703e-01,-9.999687075614929199e-01,9.999977946281433105e-01,-9.999976158142089844e-01,9.999800324440002441e-01,-9.999951720237731934e-01,9.999974370002746582e-01,-9.999695420265197754e-01,-9.999609589576721191e-01,9.999970793724060059e-01,9.999924898147583008e-01,9.999635219573974609e-01,-9.999951720237731934e-01,-9.999897480010986328e-01,9.999971389770507812e-01,-9.999954700469970703e-01,9.999972581863403320e-01,-9.999960064888000488e-01,-9.999811649322509766e-01,9.999979734420776367e-01,-9.999969005584716797e-01,9.999971985816955566e-01,-9.999976158142089844e-01,-9.999845027923583984e-01,-9.999961256980895996e-01,-9.999977946281433105e-01,9.999918937683105469e-01,9.999974370002746582e-01,-9.999950528144836426e-01,9.999451041221618652e-01,-9.999905824661254883e-01,9.998736977577209473e-01,-9.999958872795104980e-01
-9.999967217445373535e-01,9.999969601631164551e-01,9.999748468399047852e-01,-9.999968409538269043e-01,-9.999979138374328613e-01,9.999974966049194336e-01,-9.999870657920837402e-01,-9.999981522560119629e-01,9.999946355819702148e-01,-9.999942779541015625e-01,9.999948143959045410e-01,9.999980330467224121e-01,-9.999967217445373535e-01,-9.999961256980895996e-01,-9.999201297760009766e-01,-9.999961256980895996e-01,-9.999961256980895996e-01,9.999971985816955566e-01,-9.999666810035705566e-01,9.999983310699462891e-01,9.999980926513671875e-01,-9.999743700027465820e-01,-9.999960660934448242e-01,-9.999973177909851074e-01,-9.999809265136718750e-01,-9.999981522560119629e-01,9.999973773956298828e-01,9.999980926513671875e-01,-9.999513030052185059e-01,9.999937415122985840e-01,9.999938607215881348e-01,9.999974966049194336e-01,-9.999921321868896484e-01,-9.999962449073791504e-01,9.999942779541015625e-01,9.999873042106628418e-01,-9.999982118606567383e-01,-9.999976754188537598e-01,-9.999880194664001465e-01,9.999978542327880859e-01,-9.999971985816955566e-01,9.999952912330627441e-01,-9.998826980590820312e-01,-9.999975562095642090e-01,-9.999946951866149902e-01,-9.999960660934448242e-01,-9.999907612800598145e-01,-9.999960660934448242e-01,-9.999978542327880859e-01,9.999974370002746582e-01,9.999977350234985352e-01,9.999952912330627441e-01,9.999973773956298828e-01,9.999834299087524414e-01,9.999927878379821777e-01,9.999962449073791504e-01,9.999962449073791504e-01,-9.999591112136840820e-01,-9.999961853027343750e-01,-9.999964833259582520e-01,9.999927878379821777e-01,-9.999979734420776367e-01,-9.999970197677612305e-01,-9.999915957450866699e-01,9.999925494194030762e-01,9.999978542327880859e-01,9.999980330467224121e-01,9.999887347221374512e-01,9.999971389770507812e-01,-9.999980330467224121e-01,9.999976754188537598e-01,-9.999962449073791504e-01,-9.999943971633911133e-01,9.999801516532897949e-01,-9.995787143707275391e-01,9.999966621398925781e-01,-9.999814033508300781e-01,-9.999973177909851074e-01,9.999819397926330566e-01,9.999954104423522949e-01,9.998953938484191895e-01,-9.999958276748657227e-01,9.999978542327880859e-01,-9.999759197235107422e-01,9.999970793724060059e-01,9.999700188636779785e-01,-9.999877810478210449e-01,-9.999978542327880859e-01,9.999532699584960938e-01,-9.999961853027343750e-01,9.999970197677612305e-01,-9.999971389770507812e-01,9.999532103538513184e-01,9.999969005584716797e-01,-9.999974370002746582e-01,9.999959468841552734e-01,9.999719262123107910e-01,-9.999980926513671875e-01,9.999977946281433105e-01,-9.999820590019226074e-01,9.999955892562866211e-01,-9.999976158142089844e-01,9.999725222587585449e-01,9.999649524688720703e-01,-9.999973177909851074e-01,-9.999932646751403809e-01,-9.999672174453735352e-01,9.999956488609313965e-01,9.999907016754150391e-01,-9.999974370002746582e-01,9.999959468841552734e-01,-9.999975562095642090e-01,9.999965429306030273e-01,9.999830722808837891e-01,-9.999982118606567383e-01,9.999971985816955566e-01,-9.999974370002746582e-01,9.999978542327880859e-01,9.999861121177673340e-01,9.999965429306030273e-01,9.999979734420776367e-01,-9.999927878379821777e-01,-9.999976158142089844e-01,9.999955296516418457e-01,-9.999508261680603027e-01,9.999915361404418945e-01,-9.998865723609924316e-01,9.999962449073791504e-01
-9.999988079071044922e-01,9.999989271163940430e-01,9.999905228614807129e-01,-9.999988079071044922e-01,-9.999992847442626953e-01,9.999991059303283691e-01,-9.999951124191284180e-01,-9.999994039535522461e-01,9.999979734420776367e-01,-9.999978542327880859e-01,9.999980330467224121e-01,9.999992847442626953e-01,-9.999987483024597168e-01,-9.999985694885253906e-01,-9.999700188636779785e-01,-9.999985098838806152e-01,-9.999986290931701660e-01,9.999989867210388184e-01,-9.999875426292419434e-01,9.999994039535522461e-01,9.999993443489074707e-01,-9.999903440475463867e-01,-9.999985694885253906e-01,-9.999991059303283691e-01,-9.999929666519165039e-01,-9.999994039535522461e-01,9.999990463256835938e-01,9.999993443489074707e-01,-9.999817609786987305e-01,9.999976158142089844e-01,9.999977350234985352e-01,9.999991655349731445e-01,-9.999970793724060059e-01,-9.999986886978149414e-01,9.999978542327880859e-01,9.999952912330627441e-01,-9.999994635581970215e-01,-9.999991655349731445e-01,-9.999955892562866211e-01,9.999992847442626953e-01,-9.999989271163940430e-01,9.999982118606567383e-01,-9.999560713768005371e-01,-9.999991655349731445e-01,-9.999979734420776367e-01,-9.999985098838806152e-01,-9.999964833259582520e-01,-9.999985098838806152e-01,-9.999992251396179199e-01,9.999991059303283691e-01,9.999992251396179199e-01,9.999982118606567383e-01,9.999991059303283691e-01,9.999936819076538086e-01,9.999972581863403320e-01,9.999985694885253906e-01,9.999985694885253906e-01,-9.999846816062927246e-01,-9.999986290931701660e-01,-9.999987483024597168e-01,9.999972581863403320e-01,-9.999993443489074707e-01,-9.999988675117492676e-01,-9.999968409538269043e-01,9.999971389770507812e-01,9.999991655349731445e-01,9.999993443489074707e-01,9.999958276748657227e-01,9.999989271163940430e-01,-9.999992251396179199e-01,9.999991655349731445e-01,-9.999985694885253906e-01,-9.999979138374328613e-01,9.999925494194030762e-01,-9.998417496681213379e-01,9.999987483024597168e-01,-9.999930262565612793e-01,-9.999990463256835938e-01,9.999932646751403809e-01,9.999982714653015137e-01,9.999607205390930176e-01,-9.999985098838806152e-01,9.999993443489074707e-01,-9.999909996986389160e-01,9.999988675117492676e-01,9.999886751174926758e-01,-9.999954104423522949e-01,-9.999992251396179199e-01,9.999825358390808105e-01,-9.999986290931701660e-01,9.999989271163940430e-01,-9.999989271163940430e-01,9.999824762344360352e-01,9.999989271163940430e-01,-9.999991059303283691e-01,9.999984502792358398e-01,9.999894499778747559e-01,-9.999993443489074707e-01,9.999992251396179199e-01,-9.999933838844299316e-01,9.999983310699462891e-01,-9.999991655349731445e-01,9.999896883964538574e-01,9.999868273735046387e-01,-9.999991655349731445e-01,-9.999973773956298828e-01,-9.999877214431762695e-01,9.999983906745910645e-01,9.999964833259582520e-01,-9.999992251396179199e-01,9.999984502792358398e-01,-9.999992251396179199e-01,9.999986290931701660e-01,9.999936819076538086e-01,-9.999994039535522461e-01,9.999989271163940430e-01,-9.999991059303283691e-01,9.999992251396179199e-01,9.999947547912597656e-01,9.999987483024597168e-01,9.999994039535522461e-01,-9.999972581863403320e-01,-9.999991655349731445e-01,9.999983310699462891e-01,-9.999815225601196289e-01,9.999967813491821289e-01,-9.999573230743408203e-01,9.999985694885253906e-01
