4.366516172885894775e-01,-2.267134375870227814e-02,2.225727140903472900e-01,-2.695732712745666504e-01,1.799358278512954712e-01,-3.600938618183135986e-01,8.551326394081115723e-02,3.250955641269683838e-01,7.456657290458679199e-02,-6.022792309522628784e-02,-2.033392339944839478e-01,-6.981505453586578369e-02,-2.934318482875823975e-01,-8.355724811553955078e-02,-7.853100448846817017e-02,8.186881989240646362e-02,1.398303546011447906e-02,-2.450827956199645996e-01,2.192348390817642212e-01,-4.078812524676322937e-02,-1.830248981714248657e-01,-2.647100389003753662e-01,-2.475912868976593018e-01,1.552325487136840820e-01,8.790090680122375488e-03,2.940290980041027069e-02,8.457678556442260742e-02,-1.773427426815032959e-01,-1.188653036952018738e-01,-3.788228332996368408e-02,-1.765762269496917725e-01,1.656906679272651672e-02,-1.924588084220886230e-01,2.488960139453411102e-02,-1.007723435759544373e-02,8.379676192998886108e-02,-6.008645519614219666e-02,-8.865246921777725220e-02,-8.756402134895324707e-02,-1.844143420457839966e-01,9.158309549093246460e-03,1.678488850593566895e-01,-2.655370533466339111e-01,-4.106745868921279907e-02,-8.310354314744472504e-03,2.551000714302062988e-01,1.292142421007156372e-01,2.673126757144927979e-02,2.519809603691101074e-01,-1.936382055282592773e-01,-2.700105607509613037e-01,-1.707238107919692993e-01,1.811266392469406128e-01,4.057535156607627869e-02,7.950013130903244019e-02,1.788272522389888763e-02,9.454843401908874512e-02,-3.543873317539691925e-03,2.150057405233383179e-01,2.157760411500930786e-01,-1.787503361701965332e-01,2.169831544160842896e-01,-6.310448516160249710e-03,1.988516002893447876e-01,1.219648569822311401e-01,2.665778808295726776e-02,-4.082592129707336426e-01,-5.373106151819229126e-02,7.712587714195251465e-02,1.828663349151611328e-01,-6.289158016443252563e-02,2.857004404067993164e-01,-4.933820664882659912e-02,-1.098450794816017151e-01,-8.295860141515731812e-02,6.337586045265197754e-02,1.538227428682148457e-03,-1.083162426948547363e-01,1.217375025153160095e-01,4.049940407276153564e-02,-5.415369942784309387e-02,-3.230608854210004210e-05,-7.817325741052627563e-02,-1.343013369478285313e-03,-1.247964054346084595e-01,1.802187263965606689e-01,1.428925842046737671e-01,-3.999101318186149001e-05,-1.549557745456695557e-01,6.773880124092102051e-02,-1.650862991809844971e-01,3.400692045688629150e-01,2.468356192111968994e-01,-1.917648911476135254e-01,3.457627817988395691e-02,-2.998065948486328125e-01,-1.409519463777542114e-01,-1.066580807673744857e-05,-1.049036607146263123e-01,-4.998202249407768250e-02,-2.656017839908599854e-01,2.829727232456207275e-01,5.539532378315925598e-02,9.773422032594680786e-03,-2.133535593748092651e-01,1.742109954357147217e-01,2.313665598630905151e-01,2.787459790706634521e-01,-3.916243910789489746e-01,4.838684573769569397e-03,-1.599961542524397373e-03,2.404084801673889160e-01,1.577001214027404785e-01,1.346852779388427734e-01,-9.725569188594818115e-02,6.380322575569152832e-02,2.209703177213668823e-01,-2.032664716243743896e-01,-3.525138273835182190e-02,-1.089256554841995239e-01,-2.460388243198394775e-01,-1.476877089589834213e-02,3.997802361845970154e-02,3.480150699615478516e-01,-1.202960312366485596e-01,1.455502361059188843e-01,5.978651717305183411e-02,-1.061239242553710938e-01
-2.267134375870227814e-02,1.154877245426177979e-02,-1.008257344365119934e-01,8.850161731243133545e-02,5.396577715873718262e-02,2.338140830397605896e-02,-2.038207650184631348e-02,1.993989385664463043e-02,5.968372523784637451e-02,7.066407054662704468e-02,-1.273681293241679668e-03,-4.784991964697837830e-02,8.623118698596954346e-02,7.859743386507034302e-02,8.619987964630126953e-02,8.823104947805404663e-02,-3.498691599816083908e-03,8.901032805442810059e-02,-9.902611374855041504e-02,-5.601330846548080444e-02,-3.037492744624614716e-02,8.908641338348388672e-02,7.798873633146286011e-02,-2.959815785288810730e-02,1.228800695389509201e-02,7.836897671222686768e-02,-8.505237847566604614e-02,-4.218429327011108398e-02,8.676795661449432373e-02,-1.730916462838649750e-02,2.535427734255790710e-02,-9.484251588582992554e-02,8.006983250379562378e-02,6.200568750500679016e-02,-1.243069302290678024e-03,-9.578206390142440796e-02,7.711995393037796021e-02,8.731382340192794800e-02,-6.428276747465133667e-02,-5.786613374948501587e-02,8.728140592575073242e-02,5.860266392119228840e-04,9.900260716676712036e-02,3.420734778046607971e-02,-3.844597609713673592e-03,-8.919689059257507324e-02,-9.531830251216888428e-02,-3.198483958840370178e-02,-3.817766904830932617e-02,1.400922611355781555e-02,1.668447256088256836e-02,8.341827429831027985e-03,5.070374533534049988e-02,-1.176168676465749741e-02,-2.780055627226829529e-02,-9.619966894388198853e-02,4.957103356719017029e-02,4.046625923365354538e-03,-9.473172575235366821e-02,-8.685209602117538452e-02,1.369704864919185638e-02,-3.428419306874275208e-02,2.595575759187340736e-03,1.934525929391384125e-02,7.448784541338682175e-03,-3.363640233874320984e-02,6.366493552923202515e-02,9.553869068622589111e-02,-9.336405992507934570e-02,2.552952803671360016e-02,-7.540439069271087646e-02,-3.598979115486145020e-02,-3.648526221513748169e-02,8.618479967117309570e-02,-2.144242823123931885e-02,-9.831614047288894653e-02,-4.065496323164552450e-04,9.604261815547943115e-02,-4.319576174020767212e-02,-8.372206240892410278e-02,9.494521468877792358e-02,7.651645137229934335e-05,-7.222341746091842651e-02,-5.234642230789177120e-05,-8.581332117319107056e-02,-9.039238095283508301e-02,3.652163594961166382e-02,9.325320716015994549e-04,7.964409887790679932e-02,6.432153284549713135e-02,-6.603262852877378464e-03,-6.635572016239166260e-02,-9.253780543804168701e-02,5.136430636048316956e-02,-8.707898110151290894e-02,3.543466329574584961e-02,7.353118807077407837e-02,-2.479273177868890343e-07,-5.530556663870811462e-02,8.315205574035644531e-02,-1.742359250783920288e-02,2.642014622688293457e-02,-9.378850460052490234e-02,-8.384513854980468750e-02,1.094652563333511353e-01,-1.373707549646496773e-03,-9.703776985406875610e-02,-1.014973148703575134e-01,1.275432668626308441e-02,-1.294021611101925373e-03,6.125020235776901245e-02,-8.358028531074523926e-02,-9.522072970867156982e-02,-2.285884879529476166e-02,9.558901935815811157e-02,-8.706433326005935669e-02,3.135067969560623169e-02,5.485719069838523865e-02,-8.611573278903961182e-02,6.495302170515060425e-02,8.956380933523178101e-02,8.081704378128051758e-02,6.994733214378356934e-02,-7.809127867221832275e-02,-3.250348195433616638e-02,-6.851029396057128906e-02,-1.216161437332630157e-02,8.317892998456954956e-02
2.225727140903472900e-01,-1.008257344365119934e-01,8.443463444709777832e-01,-7.708948254585266113e-01,-5.193433165550231934e-01,-2.513974010944366455e-01,1.681619435548782349e-01,-2.553008496761322021e-01,-5.001264214515686035e-01,-6.693757176399230957e-01,1.918937265872955322e-02,4.998794794082641602e-01,-7.105932235717773438e-01,-7.077959179878234863e-01,-7.680808305740356445e-01,-7.250731587409973145e-01,3.207183256745338440e-02,-7.429750561714172363e-01,8.146411776542663574e-01,5.582111477851867676e-01,2.297509610652923584e-01,-7.856888175010681152e-01,-7.250481843948364258e-01,2.940754592418670654e-01,-1.218152120709419250e-01,-6.591842770576477051e-01,7.458159327507019043e-01,3.880053758621215820e-01,-7.733413577079772949e-01,1.843735873699188232e-01,-2.309983968734741211e-01,7.670993208885192871e-01,-6.565755605697631836e-01,-6.226684451103210449e-01,1.915160007774829865e-02,7.918363809585571289e-01,-7.117958664894104004e-01,-7.761921882629394531e-01,5.649226903915405273e-01,5.401701927185058594e-01,-7.295996546745300293e-01,-4.007994197309017181e-03,-8.217793703079223633e-01,-3.445202708244323730e-01,-4.650790244340896606e-02,7.792681455612182617e-01,8.214658498764038086e-01,3.059900104999542236e-01,3.716671764850616455e-01,-7.967301644384860992e-03,-1.269624829292297363e-01,2.092645689845085144e-02,-4.581991434097290039e-01,1.042195409536361694e-01,2.991941273212432861e-01,8.090095520019531250e-01,-5.241169929504394531e-01,-4.167341440916061401e-02,7.862016558647155762e-01,7.516819238662719727e-01,-1.317574381828308105e-01,3.256916701793670654e-01,-2.316875383257865906e-02,-1.558203697204589844e-01,-4.971612617373466492e-02,3.259890675544738770e-01,-5.157938599586486816e-01,-7.962451577186584473e-01,7.908329367637634277e-01,-2.657771706581115723e-01,6.961848735809326172e-01,3.815194666385650635e-01,3.410824537277221680e-01,-7.731443047523498535e-01,1.161091774702072144e-01,8.137444853782653809e-01,3.766079898923635483e-03,-8.236892223358154297e-01,3.784447312355041504e-01,7.433219552040100098e-01,-7.978364229202270508e-01,-8.056132937781512737e-04,6.761693358421325684e-01,2.180056180804967880e-03,7.171796560287475586e-01,7.959370613098144531e-01,-3.952937126159667969e-01,-9.681487455964088440e-03,-6.888377070426940918e-01,-6.316738724708557129e-01,7.235572487115859985e-02,5.138244628906250000e-01,7.639318108558654785e-01,-4.664930999279022217e-01,7.533675432205200195e-01,-3.185512125492095947e-01,-6.743117570877075195e-01,4.544286639429628849e-06,5.405081510543823242e-01,-7.112519741058349609e-01,2.665933966636657715e-01,-2.736292779445648193e-01,7.882344126701354980e-01,7.464645504951477051e-01,-8.652015328407287598e-01,-5.072177574038505554e-02,7.457432150840759277e-01,8.210050463676452637e-01,-9.721016138792037964e-02,8.103946223855018616e-03,-5.297792553901672363e-01,7.339960336685180664e-01,8.101430535316467285e-01,1.331854760646820068e-01,-8.228633999824523926e-01,7.584115862846374512e-01,-3.222622871398925781e-01,-5.516143441200256348e-01,7.551268935203552246e-01,-6.114373803138732910e-01,-7.674876451492309570e-01,-7.017946839332580566e-01,-6.377717256546020508e-01,6.560397744178771973e-01,3.848697245121002197e-01,6.409591436386108398e-01,1.015381813049316406e-01,-7.533767819404602051e-01
-2.695732712745666504e-01,8.850161731243133545e-02,-7.708948254585266113e-01,8.014304637908935547e-01,3.466481268405914307e-01,3.218091726303100586e-01,-1.373707503080368042e-01,8.430176228284835815e-02,4.648149311542510986e-01,5.978593826293945312e-01,-1.160728558897972107e-01,-3.950732052326202393e-01,5.759247541427612305e-01,6.697943210601806641e-01,6.862190961837768555e-01,5.358443856239318848e-01,-2.802554704248905182e-02,6.660932898521423340e-01,-7.943430542945861816e-01,-5.067741274833679199e-01,-3.104473054409027100e-01,7.448669672012329102e-01,6.881711483001708984e-01,-2.322968393564224243e-01,1.101240292191505432e-01,4.602615535259246826e-01,-6.253560185432434082e-01,-1.537353545427322388e-01,6.140098571777343750e-01,-3.294371813535690308e-02,1.814338564872741699e-01,-6.930154561996459961e-01,7.183427810668945312e-01,5.547284483909606934e-01,-2.274964703246951103e-03,-6.301810145378112793e-01,5.794409513473510742e-01,6.773200631141662598e-01,-3.261147141456604004e-01,-5.271724462509155273e-01,6.689848899841308594e-01,7.178112864494323730e-02,7.378033399581909180e-01,2.915637791156768799e-01,-9.899339079856872559e-02,-6.490175127983093262e-01,-7.706779837608337402e-01,-2.726612687110900879e-01,-2.803966701030731201e-01,7.565271109342575073e-02,1.564871370792388916e-01,1.469910740852355957e-01,4.770728051662445068e-01,-1.285595595836639404e-01,-1.424663364887237549e-01,-6.779614686965942383e-01,5.037118196487426758e-01,3.401765599846839905e-02,-7.141622900962829590e-01,-7.694913148880004883e-01,6.125983223319053650e-02,-2.228953689336776733e-01,2.594137378036975861e-02,8.320705592632293701e-02,5.097846314311027527e-02,-2.830909490585327148e-01,4.337475299835205078e-01,6.436094641685485840e-01,-6.881853342056274414e-01,4.036972671747207642e-02,-5.633265376091003418e-01,-2.097127288579940796e-01,-3.932611048221588135e-01,6.862831711769104004e-01,-1.974678486585617065e-01,-7.156146764755249023e-01,-2.246262272819876671e-03,7.012392282485961914e-01,-5.219681859016418457e-01,-6.365018486976623535e-01,7.648938298225402832e-01,6.808929610997438431e-04,-5.389162898063659668e-01,2.064151223748922348e-03,-5.958961844444274902e-01,-6.833909153938293457e-01,1.914803683757781982e-01,5.770433694124221802e-03,5.563789010047912598e-01,5.200840234756469727e-01,-9.780103713274002075e-02,-6.040322780609130859e-01,-7.683022618293762207e-01,5.183442831039428711e-01,-6.969524025917053223e-01,3.690865635871887207e-01,5.618542432785034180e-01,-3.726857130459393375e-06,-3.537890911102294922e-01,5.851954817771911621e-01,-1.477136015892028809e-01,5.159123614430427551e-02,-7.380349636077880859e-01,-6.136948466300964355e-01,8.097989559173583984e-01,2.115854620933532715e-01,-8.076417446136474609e-01,-7.165294289588928223e-01,2.561199069023132324e-01,-1.567937619984149933e-02,5.444807410240173340e-01,-7.527977824211120605e-01,-7.627931237220764160e-01,-6.145077291876077652e-03,7.204071879386901855e-01,-6.781083345413208008e-01,9.629036486148834229e-02,4.870658218860626221e-01,-6.355017423629760742e-01,6.355605721473693848e-01,6.610626578330993652e-01,6.732767224311828613e-01,5.939137935638427734e-01,-6.278427839279174805e-01,-3.562994599342346191e-01,-6.359708905220031738e-01,-1.001679971814155579e-01,6.775218248367309570e-01
1.799358278512954712e-01,5.396577715873718262e-02,-5.193433165550231934e-01,3.466481268405914307e-01,6.337918043136596680e-01,-1.440416127443313599e-01,-7.279261201620101929e-02,5.802509188652038574e-01,3.620088994503021240e-01,4.269498288631439209e-01,-6.996836513280868530e-02,-4.622568786144256592e-01,4.235915541648864746e-01,4.352289140224456787e-01,5.491316914558410645e-01,7.772973179817199707e-01,-1.325338054448366165e-02,4.344236254692077637e-01,-4.602757692337036133e-01,-4.056523144245147705e-01,-1.464651077985763550e-01,4.055013358592987061e-01,3.306016027927398682e-01,-1.389899700880050659e-01,9.026768803596496582e-02,6.664639711380004883e-01,-5.549563765525817871e-01,-5.915889143943786621e-01,6.527272462844848633e-01,-2.637957334518432617e-01,5.756601691246032715e-02,-5.974391102790832520e-01,2.482980489730834961e-01,5.002703070640563965e-01,-3.571295365691184998e-02,-6.648333072662353516e-01,5.482996702194213867e-01,5.698280930519104004e-01,-7.357982397079467773e-01,-4.923589825630187988e-01,5.694806575775146484e-01,4.691908881068229675e-02,4.785774052143096924e-01,2.337708920240402222e-01,1.783512383699417114e-01,-4.986133873462677002e-01,-5.578112006187438965e-01,-2.141699492931365967e-01,-1.530025899410247803e-01,-1.952678263187408447e-01,-1.407740414142608643e-01,-3.062305152416229248e-01,3.951524198055267334e-01,-2.310246974229812622e-02,-2.879866361618041992e-01,-7.151293158531188965e-01,4.293147027492523193e-01,3.164438158273696899e-02,-4.579141438007354736e-01,-3.672839701175689697e-01,3.535063192248344421e-02,-1.767610311508178711e-01,6.335569079965353012e-03,2.780819237232208252e-01,1.171192228794097900e-01,-2.240232974290847778e-01,1.445457488298416138e-01,6.810948252677917480e-01,-5.879384875297546387e-01,5.041769742965698242e-01,-6.642578840255737305e-01,-2.278449684381484985e-01,-1.723733842372894287e-01,5.519627332687377930e-01,-4.365874826908111572e-02,-6.323801279067993164e-01,-2.598981373012065887e-03,6.505216360092163086e-01,-4.131335392594337463e-02,-5.844039320945739746e-01,5.783466100692749023e-01,5.981120048090815544e-04,-6.388054490089416504e-01,-5.918789654970169067e-03,-7.227531671524047852e-01,-5.467752218246459961e-01,5.166627168655395508e-01,9.964535012841224670e-03,4.529344737529754639e-01,5.766584277153015137e-01,-1.480295211076736450e-01,-1.028706319630146027e-02,-3.549141883850097656e-01,9.045539796352386475e-02,-5.601921677589416504e-01,-5.327624082565307617e-02,4.659272432327270508e-01,-1.055410575645510107e-05,-5.933116078376770020e-01,5.882022380828857422e-01,-4.674191176891326904e-01,5.811989307403564453e-01,-5.836027264595031738e-01,-6.478862762451171875e-01,5.528063178062438965e-01,2.121059224009513855e-02,-3.208842873573303223e-01,-5.245396494865417480e-01,-3.575104773044586182e-01,8.269947022199630737e-03,3.020129203796386719e-01,-3.136373460292816162e-01,-5.273842215538024902e-01,-1.128563284873962402e-01,6.473217606544494629e-01,-5.409765839576721191e-01,5.581781268119812012e-01,2.879125177860260010e-01,-6.839674711227416992e-01,2.796436250209808350e-01,4.816729426383972168e-01,4.829680323600769043e-01,4.616657495498657227e-01,-2.175209075212478638e-01,-3.499926924705505371e-01,-2.954434454441070557e-01,-2.182665280997753143e-02,4.969868659973144531e-01
-3.600938618183135986e-01,2.338140830397605896e-02,-2.513974010944366455e-01,3.218091726303100586e-01,-1.440416127443313599e-01,3.606755733489990234e-01,-4.841650649905204773e-02,-2.799963653087615967e-01,-3.223665803670883179e-02,1.073925122618675232e-01,9.001159667968750000e-02,3.832672163844108582e-02,2.304170429706573486e-01,1.510503441095352173e-01,1.375423818826675415e-01,-6.875801086425781250e-02,-1.285713445395231247e-02,2.232030630111694336e-01,-2.581410706043243408e-01,-5.029888823628425598e-02,5.352177843451499939e-02,2.768386900424957275e-01,2.731502056121826172e-01,-1.132180765271186829e-01,3.980580717325210571e-03,-5.710741132497787476e-02,-1.222695708274841309e-01,1.961793005466461182e-01,1.236918866634368896e-01,4.733511433005332947e-02,1.461186110973358154e-01,-8.660010248422622681e-02,2.599528133869171143e-01,6.629981100559234619e-02,1.216191798448562622e-02,-8.192097395658493042e-02,6.856849044561386108e-02,1.180528476834297180e-01,1.233576312661170959e-01,3.648618981242179871e-02,4.189278557896614075e-02,-7.806098461151123047e-02,2.695187628269195557e-01,5.754718557000160217e-02,-4.812803864479064941e-02,-2.387008070945739746e-01,-1.860178411006927490e-01,-3.866123780608177185e-02,-1.962055116891860962e-01,1.540283262729644775e-01,2.317211925983428955e-01,1.692268401384353638e-01,-5.451833456754684448e-02,-4.410546645522117615e-02,-3.024960868060588837e-02,-7.274127751588821411e-02,-1.228061597794294357e-02,4.281542263925075531e-03,-2.218973189592361450e-01,-2.577878236770629883e-01,1.105167865753173828e-01,-1.371181756258010864e-01,9.419430978596210480e-03,-1.620868295431137085e-01,-1.016678363084793091e-01,-3.832343965768814087e-02,3.129894435405731201e-01,7.132603973150253296e-02,-1.089494675397872925e-01,-2.024532258510589600e-01,1.360583957284688950e-02,-2.104831635951995850e-01,-2.877684123814105988e-02,1.324343830347061157e-01,2.415259741246700287e-02,-1.113602966070175171e-01,-8.255817228928208351e-04,1.434462070465087891e-01,-1.932900249958038330e-01,-6.773010641336441040e-02,1.359699517488479614e-01,7.783035835018381476e-05,1.108059007674455643e-02,1.629265840165317059e-03,6.410690397024154663e-02,-1.830303668975830078e-01,-1.128638163208961487e-01,-7.671763887628912926e-04,1.280839443206787109e-01,-1.853786408901214600e-02,9.284109622240066528e-02,-3.495430648326873779e-01,-2.749392986297607422e-01,2.205386310815811157e-01,-8.771936595439910889e-02,2.724848985671997070e-01,1.521481573581695557e-01,6.135692274256143719e-06,8.867413550615310669e-02,4.589818045496940613e-02,1.907064318656921387e-01,-2.782163321971893311e-01,-1.104946807026863098e-01,-3.828208893537521362e-02,2.439687550067901611e-01,-1.417179941199719906e-03,-3.025782108306884766e-01,-2.431946098804473877e-01,3.793817460536956787e-01,-7.656335830688476562e-03,8.128151297569274902e-02,-3.070502877235412598e-01,-1.886756420135498047e-01,-2.992998249828815460e-02,1.442598402500152588e-01,-1.106680929660797119e-01,-2.197344899177551270e-01,1.896890848875045776e-01,-2.347709797322750092e-02,1.720495969057083130e-01,2.254990041255950928e-01,9.006364643573760986e-02,5.069764330983161926e-02,-3.143032789230346680e-01,2.072418667376041412e-02,-1.954477429389953613e-01,-5.853254720568656921e-02,1.499308347702026367e-01
8.551326394081115723e-02,-2.038207650184631348e-02,1.681619435548782349e-01,-1.373707503080368042e-01,-7.279261201620101929e-02,-4.841650649905204773e-02,7.446890324354171753e-02,-6.272566970437765121e-03,-9.008199721574783325e-02,-9.365211427211761475e-02,-6.724188476800918579e-02,6.947088241577148438e-02,-1.961357444524765015e-01,-1.131704300642013550e-01,-1.283389776945114136e-01,-1.528242975473403931e-01,7.464246358722448349e-03,-1.814588010311126709e-01,1.530589908361434937e-01,4.309688135981559753e-02,-2.143956534564495087e-02,-1.599560678005218506e-01,-1.294618397951126099e-01,7.417877763509750366e-02,-1.410332694649696350e-02,-1.519344300031661987e-01,1.318297088146209717e-01,8.640187978744506836e-02,-1.550400555133819580e-01,3.130107745528221130e-02,-6.041818857192993164e-02,1.309726834297180176e-01,-1.073114871978759766e-01,-6.175550445914268494e-02,3.318658331409096718e-03,1.765148788690567017e-01,-1.328643560409545898e-01,-1.400848478078842163e-01,1.346448510885238647e-01,2.110897190868854523e-02,-1.267345696687698364e-01,5.228079855442047119e-02,-1.837625652551651001e-01,-5.353774502873420715e-02,-3.348807618021965027e-02,1.749519407749176025e-01,1.432407051324844360e-01,5.749595537781715393e-02,1.164444610476493835e-01,-4.635567218065261841e-02,-4.994777590036392212e-02,-1.974583044648170471e-02,-1.611435227096080780e-02,2.704657614231109619e-02,7.630959898233413696e-02,1.428654044866561890e-01,-4.759896919131278992e-02,-7.062745746225118637e-03,1.661742478609085083e-01,1.413062810897827148e-01,-7.463409751653671265e-02,1.157438457012176514e-01,-2.935938071459531784e-03,-2.914553275331854820e-03,5.769731942564249039e-03,5.319819599390029907e-02,-1.722134202718734741e-01,-1.629721224308013916e-01,1.515149474143981934e-01,-4.971221834421157837e-02,1.039815917611122131e-01,1.133080944418907166e-01,1.981090381741523743e-02,-1.462699472904205322e-01,3.143307054415345192e-03,1.488472968339920044e-01,1.175455399788916111e-03,-1.562156975269317627e-01,4.533562064170837402e-02,1.319697648286819458e-01,-1.274598091840744019e-01,-1.091603189706802368e-04,9.278461337089538574e-02,-6.421691068680956960e-05,1.149348840117454529e-01,1.648428589105606079e-01,-4.219191521406173706e-02,-2.154512563720345497e-03,-1.541100591421127319e-01,-8.401622623205184937e-02,-3.321236371994018555e-02,1.140534952282905579e-01,1.542083919048309326e-01,-7.543853670358657837e-02,1.225027218461036682e-01,-8.821686357259750366e-02,-1.337995231151580811e-01,-3.185551577189471573e-06,8.576048910617828369e-02,-1.485916972160339355e-01,-1.675545610487461090e-02,-3.184109181165695190e-02,1.386266052722930908e-01,1.336053758859634399e-01,-1.739711463451385498e-01,9.428102523088455200e-02,1.366159617900848389e-01,2.113703787326812744e-01,-3.526092693209648132e-02,3.286425198893994093e-04,-7.297474145889282227e-02,1.130285561084747314e-01,1.639371961355209351e-01,1.150742471218109131e-01,-1.528557240962982178e-01,1.312779188156127930e-01,-5.199601501226425171e-02,-1.122511699795722961e-01,1.206767857074737549e-01,-8.431390672922134399e-02,-1.743490695953369141e-01,-1.010227650403976440e-01,-7.664098590612411499e-02,1.665342003107070923e-01,1.168737537227571011e-03,9.298616647720336914e-02,2.272541634738445282e-02,-1.259108334779739380e-01
3.250955641269683838e-01,1.993989385664463043e-02,-2.553008496761322021e-01,8.430176228284835815e-02,5.802509188652038574e-01,-2.799963653087615967e-01,-6.272566970437765121e-03,6.788965463638305664e-01,2.070534229278564453e-01,2.420404255390167236e-01,-7.203787565231323242e-02,-3.988300859928131104e-01,1.871646046638488770e-01,2.382726967334747314e-01,3.557275235652923584e-01,6.423078775405883789e-01,-1.712815370410680771e-03,1.830503046512603760e-01,-1.797246634960174561e-01,-2.842859029769897461e-01,-4.912583157420158386e-02,1.602470129728317261e-01,9.291462600231170654e-02,-6.205353140830993652e-02,6.395352631807327271e-02,5.330044031143188477e-01,-3.659455776214599609e-01,-5.857462882995605469e-01,4.914961755275726318e-01,-2.616769969463348389e-01,-3.656286746263504028e-02,-3.859120607376098633e-01,-2.693965286016464233e-02,3.926841318607330322e-01,-4.260103777050971985e-02,-4.696299731731414795e-01,3.822042942047119141e-01,3.703270554542541504e-01,-6.901865601539611816e-01,-3.956596553325653076e-01,3.665590286254882812e-01,5.214180797338485718e-02,2.057598680257797241e-01,1.562449932098388672e-01,2.671878039836883545e-01,-2.796667814254760742e-01,-3.246254324913024902e-01,-1.391916424036026001e-01,-3.685908764600753784e-02,-3.341228663921356201e-01,-2.572808563709259033e-01,-4.447895288467407227e-01,2.890965044498443604e-01,1.501021534204483032e-02,-2.605735957622528076e-01,-5.332195758819580078e-01,3.445183336734771729e-01,2.391253784298896790e-02,-1.857019662857055664e-01,-1.085020452737808228e-01,-1.241719536483287811e-02,-8.299287408590316772e-02,-3.281729528680443764e-03,2.592479884624481201e-01,1.149284765124320984e-01,-1.444943994283676147e-01,-8.702234178781509399e-02,4.861756861209869385e-01,-3.781131207942962646e-01,5.441822409629821777e-01,-5.449565649032592773e-01,-1.632262021303176880e-01,-6.228500604629516602e-02,3.602946698665618896e-01,6.082121282815933228e-02,-4.060538113117218018e-01,-1.647506142035126686e-03,4.508282244205474854e-01,1.350873112678527832e-01,-4.012455940246582031e-01,3.533192574977874756e-01,4.551284073386341333e-04,-5.256087779998779297e-01,-7.621741853654384613e-03,-5.715546011924743652e-01,-3.330597579479217529e-01,5.148768424987792969e-01,9.119225665926933289e-03,2.453430145978927612e-01,4.783395826816558838e-01,-1.535279303789138794e-01,2.830160260200500488e-01,-7.165104895830154419e-02,-1.046365872025489807e-01,-3.550579547882080078e-01,-2.244081795215606689e-01,2.828677892684936523e-01,-1.335862543783150613e-05,-5.403460264205932617e-01,4.034188687801361084e-01,-5.383027195930480957e-01,6.460731029510498047e-01,-3.684656322002410889e-01,-4.890333116054534912e-01,2.657680213451385498e-01,2.959085255861282349e-02,-6.630604621022939682e-03,-2.611163556575775146e-01,-5.234947204589843750e-01,1.728607900440692902e-02,1.327441781759262085e-01,-5.913747102022171021e-02,-2.869246006011962891e-01,-3.982406854629516602e-02,4.418231546878814697e-01,-3.323520720005035400e-01,5.943998098373413086e-01,1.413974910974502563e-01,-5.271169543266296387e-01,7.333609461784362793e-02,2.457537055015563965e-01,2.821494638919830322e-01,2.934154272079467773e-01,5.893588811159133911e-02,-3.201052546501159668e-01,-8.513507246971130371e-02,2.880819141864776611e-02,2.923000454902648926e-01
7.456657290458679199e-02,5.968372523784637451e-02,-5.001264214515686035e-01,4.648149311542510986e-01,3.620088994503021240e-01,-3.223665803670883179e-02,-9.008199721574783325e-02,2.070534229278564453e-01,5.639606118202209473e-01,4.682147502899169922e-01,-1.980290263891220093e-01,-3.799038231372833252e-01,2.738690972328186035e-01,5.567363500595092773e-01,5.489384531974792480e-01,5.593948364257812500e-01,-1.106201298534870148e-02,3.362669944763183594e-01,-5.373841524124145508e-01,-4.844080209732055664e-01,-5.012999176979064941e-01,4.666373133659362793e-01,3.683793544769287109e-01,-9.714315831661224365e-02,1.052400097250938416e-01,4.671349823474884033e-01,-5.400468111038208008e-01,-2.143115550279617310e-01,4.053289294242858887e-01,-2.897367626428604126e-02,-1.682785688899457455e-03,-7.048056125640869141e-01,4.784789383411407471e-01,5.040746331214904785e-01,-6.232871674001216888e-03,-5.402973294258117676e-01,4.440404772758483887e-01,5.094482898712158203e-01,-2.946226000785827637e-01,-5.712204575538635254e-01,6.042088270187377930e-01,1.874244660139083862e-01,4.286914169788360596e-01,1.894688904285430908e-01,-1.212522834539413452e-01,-4.120521843433380127e-01,-5.469566583633422852e-01,-1.561665832996368408e-01,3.039640374481678009e-02,-1.238692626357078552e-01,-8.526816219091415405e-02,7.953835278749465942e-02,5.633960366249084473e-01,-8.117181807756423950e-02,2.122071338817477226e-03,-5.872794389724731445e-01,4.668768048286437988e-01,2.289702929556369781e-02,-4.631692767143249512e-01,-4.878814816474914551e-01,-1.160268187522888184e-01,5.944229662418365479e-02,1.791985519230365753e-02,2.431892901659011841e-01,1.608460396528244019e-01,-2.138736993074417114e-01,7.025678455829620361e-02,5.196672677993774414e-01,-5.895814299583435059e-01,1.308102756738662720e-01,-4.868672490119934082e-01,5.306485295295715332e-02,-4.480794072151184082e-01,5.285527110099792480e-01,-2.077116668224334717e-01,-5.640434026718139648e-01,-6.982467602938413620e-04,5.382876396179199219e-01,-3.011441528797149658e-01,-5.572472810745239258e-01,6.393740177154541016e-01,5.519238184206187725e-04,-4.937173426151275635e-01,2.184330252930521965e-03,-5.884413719177246094e-01,-4.634989798069000244e-01,2.005766332149505615e-01,3.970948979258537292e-03,4.589282870292663574e-01,4.879678189754486084e-01,-1.487956941127777100e-01,-3.049051761627197266e-01,-5.118892788887023926e-01,3.757936358451843262e-01,-5.762153863906860352e-01,1.229019239544868469e-01,2.595022320747375488e-01,-9.519986633677035570e-06,-3.904029726982116699e-01,4.199452996253967285e-01,-2.844510376453399658e-01,2.604951858520507812e-01,-6.402034759521484375e-01,-5.194050669670104980e-01,6.115767955780029297e-01,1.967882215976715088e-01,-5.949215292930603027e-01,-4.314073920249938965e-01,-4.758344963192939758e-02,-1.929174177348613739e-02,5.995617508888244629e-01,-5.000528097152709961e-01,-5.511247515678405762e-01,1.494620740413665771e-01,4.897952675819396973e-01,-5.481809377670288086e-01,2.199855148792266846e-01,1.930975466966629028e-01,-5.536351203918457031e-01,4.559648036956787109e-01,3.396116197109222412e-01,5.974126458168029785e-01,5.467506051063537598e-01,-2.761340439319610596e-01,-4.210728704929351807e-01,-4.651081562042236328e-01,-1.717811077833175659e-02,4.831010401248931885e-01
-6.022792309522628784e-02,7.066407054662704468e-02,-6.693757176399230957e-01,5.978593826293945312e-01,4.269498288631439209e-01,1.073925122618675232e-01,-9.365211427211761475e-02,2.420404255390167236e-01,4.682147502899169922e-01,5.392702221870422363e-01,-1.036570370197296143e-01,-4.101267158985137939e-01,4.730536639690399170e-01,6.108629107475280762e-01,6.524704694747924805e-01,6.640576720237731934e-01,-1.925953477621078491e-02,5.022176504135131836e-01,-6.708661317825317383e-01,-5.150799751281738281e-01,-3.438962101936340332e-01,6.014233827590942383e-01,5.158439874649047852e-01,-1.836824715137481689e-01,1.059309393167495728e-01,5.591930747032165527e-01,-6.533285379409790039e-01,-2.936933934688568115e-01,6.163703799247741699e-01,-1.272241771221160889e-01,1.100027337670326233e-01,-7.519003152847290039e-01,5.309705138206481934e-01,5.798163414001464844e-01,-1.366173848509788513e-02,-6.782959699630737305e-01,5.499995350837707520e-01,6.267639398574829102e-01,-4.568454027175903320e-01,-5.557546615600585938e-01,6.349442005157470703e-01,9.311867505311965942e-02,6.134660243988037109e-01,2.492434382438659668e-01,-1.679918356239795685e-02,-6.066935062408447266e-01,-6.791226267814636230e-01,-1.983265727758407593e-01,-1.405552327632904053e-01,-9.464900940656661987e-02,1.268427819013595581e-02,-1.430595945566892624e-02,4.925904572010040283e-01,-7.116225361824035645e-02,-1.483294665813446045e-01,-7.322874069213867188e-01,4.587278664112091064e-01,2.974389865994453430e-02,-5.999525785446166992e-01,-5.814111232757568359e-01,-5.270485766232013702e-03,-1.035002544522285461e-01,1.842210814356803894e-02,1.950592696666717529e-01,9.161286056041717529e-02,-2.469436377286911011e-01,2.640692591667175293e-01,6.629382967948913574e-01,-6.830391883850097656e-01,2.030429691076278687e-01,-5.935956835746765137e-01,-1.956839263439178467e-01,-3.603917062282562256e-01,6.327599883079528809e-01,-1.232027336955070496e-01,-6.903252601623535156e-01,-1.972569618374109268e-03,7.035934925079345703e-01,-2.833352684974670410e-01,-6.381844878196716309e-01,7.236605286598205566e-01,6.423715967684984207e-04,-5.881149768829345703e-01,-1.103748218156397343e-03,-6.532237529754638672e-01,-6.194391846656799316e-01,3.074933588504791260e-01,6.347613874822854996e-03,5.533711910247802734e-01,5.464394688606262207e-01,-1.052218452095985413e-01,-3.650834560394287109e-01,-6.055701375007629395e-01,3.800465166568756104e-01,-6.480645537376403809e-01,1.848339438438415527e-01,4.387670159339904785e-01,-8.724643521418329328e-06,-4.593253433704376221e-01,5.362089276313781738e-01,-2.967093586921691895e-01,2.876849472522735596e-01,-7.051584124565124512e-01,-6.294695734977722168e-01,7.589915990829467773e-01,1.246691048145294189e-01,-6.601860523223876953e-01,-6.176073551177978516e-01,1.346661709249019623e-02,-1.219067163765430450e-02,5.371873378753662109e-01,-6.114455461502075195e-01,-6.563807725906372070e-01,4.732536152005195618e-02,6.651234626770019531e-01,-6.317963004112243652e-01,2.755924463272094727e-01,3.380700945854187012e-01,-6.625940203666687012e-01,4.844321012496948242e-01,5.378091335296630859e-01,6.233910322189331055e-01,5.659484267234802246e-01,-4.172784686088562012e-01,-4.113849401473999023e-01,-5.163449645042419434e-01,-5.065991729497909546e-02,5.954211354255676270e-01
-2.033392339944839478e-01,-1.273681293241679668e-03,1.918937265872955322e-02,-1.160728558897972107e-01,-6.996836513280868530e-02,9.001159667968750000e-02,-6.724188476800918579e-02,-7.203787565231323242e-02,-1.980290263891220093e-01,-1.036570370197296143e-01,3.371627330780029297e-01,7.782760262489318848e-02,2.022904902696609497e-01,-1.316137760877609253e-01,-9.250422567129135132e-02,-6.564108654856681824e-03,-6.047216709703207016e-03,6.536129117012023926e-02,1.103206276893615723e-01,1.841408759355545044e-01,3.972924053668975830e-01,-1.045678276568651199e-02,-1.198833063244819641e-02,-1.127807423472404480e-01,-3.698667883872985840e-02,5.893645435571670532e-02,2.654949575662612915e-02,-9.611555188894271851e-02,8.403120934963226318e-02,-1.154498904943466187e-01,1.329782158136367798e-01,1.696640104055404663e-01,-2.061839103698730469e-01,-1.531409174203872681e-01,-1.181076932698488235e-02,-4.839874431490898132e-02,-8.158499374985694885e-03,-5.946438014507293701e-02,-1.511922329664230347e-01,3.400995731353759766e-01,-1.912194490432739258e-01,-2.556290626525878906e-01,5.265463888645172119e-02,-1.149957533925771713e-02,2.400628924369812012e-01,-1.348088383674621582e-01,1.196680888533592224e-01,2.909420803189277649e-02,-2.356119751930236816e-01,4.445589706301689148e-02,1.277830153703689575e-01,-1.162790730595588684e-01,-3.687266409397125244e-01,3.639802336692810059e-02,-2.047057747840881348e-01,6.879658252000808716e-02,-2.318191826343536377e-01,-2.177712594857439399e-04,1.190124824643135071e-02,1.290631443262100220e-01,2.243170440196990967e-01,-2.406398802995681763e-01,-8.254226297140121460e-03,-1.372697651386260986e-01,-1.305783540010452271e-01,3.453876450657844543e-02,2.750857174396514893e-01,-8.072970085777342319e-04,6.425081193447113037e-02,9.418029338121414185e-02,9.728401154279708862e-02,-3.852903544902801514e-01,2.597867548465728760e-01,-5.016624927520751953e-02,2.492699921131134033e-01,1.001055240631103516e-01,-2.310628537088632584e-03,-1.413419470191001892e-02,2.538952827453613281e-01,7.886624336242675781e-02,-2.125442624092102051e-01,-8.281217742478474975e-05,9.307947754859924316e-02,-4.342405591160058975e-03,1.723295152187347412e-01,-3.992096707224845886e-02,3.941673412919044495e-02,2.682092366740107536e-03,6.530158966779708862e-02,-1.158843636512756348e-01,2.107080370187759399e-01,7.667347043752670288e-02,9.974224865436553955e-02,-1.107132360339164734e-01,1.684814542531967163e-01,5.342249944806098938e-02,4.694517701864242554e-02,1.039694234350463375e-05,-2.422494813799858093e-03,-1.865804754197597504e-02,1.334098726511001587e-01,1.714245416224002838e-02,1.722546815872192383e-01,5.476934462785720825e-02,-7.964510470628738403e-02,-4.181374311447143555e-01,2.287839204072952271e-01,-1.069845333695411682e-01,3.478863090276718140e-02,1.295604277402162552e-02,-2.336951792240142822e-01,1.296945363283157349e-01,9.453423321247100830e-02,-2.846578955650329590e-01,-5.002185702323913574e-02,1.127819418907165527e-01,6.694958359003067017e-02,6.938064843416213989e-02,1.167335808277130127e-01,-1.803256869316101074e-01,9.350090473890304565e-02,-2.184169888496398926e-01,-2.090155035257339478e-01,-8.432716876268386841e-02,2.095962166786193848e-01,1.271750032901763916e-01,-1.328305061906576157e-02,-7.921199500560760498e-02
-6.981505453586578369e-02,-4.784991964697837830e-02,4.998794794082641602e-01,-3.950732052326202393e-01,-4.622568786144256592e-01,3.832672163844108582e-02,6.947088241577148438e-02,-3.988300859928131104e-01,-3.799038231372833252e-01,-4.101267158985137939e-01,7.782760262489318848e-02,4.124892950057983398e-01,-3.380422890186309814e-01,-4.869732558727264404e-01,-5.488511919975280762e-01,-6.773477196693420410e-01,1.074774842709302902e-02,-3.485337495803833008e-01,4.650212526321411133e-01,4.287232160568237305e-01,2.434546947479248047e-01,-4.390690028667449951e-01,-3.390715718269348145e-01,1.361629366874694824e-01,-9.025742858648300171e-02,-5.469734668731689453e-01,5.570675730705261230e-01,3.824893534183502197e-01,-5.710786581039428711e-01,1.499860584735870361e-01,-3.195710107684135437e-02,6.419155001640319824e-01,-2.934531867504119873e-01,-5.295585393905639648e-01,2.551303058862686157e-02,6.107658147811889648e-01,-4.728943407535552979e-01,-5.224955081939697266e-01,5.524128675460815430e-01,5.013246536254882812e-01,-5.246495604515075684e-01,-7.763502746820449829e-02,-4.385664761066436768e-01,-2.054130434989929199e-01,-1.090668365359306335e-01,4.911307394504547119e-01,5.387104153633117676e-01,1.601839065551757812e-01,8.670673519372940063e-02,2.378856390714645386e-01,1.099928021430969238e-01,1.743080615997314453e-01,-4.172229170799255371e-01,4.089967906475067139e-02,1.742745339870452881e-01,6.701074242591857910e-01,-4.240651726722717285e-01,-2.715910039842128754e-02,4.146657288074493408e-01,3.924917280673980713e-01,1.492354366928339005e-02,7.059124857187271118e-02,-9.714065119624137878e-03,-1.921490132808685303e-01,-9.623521566390991211e-02,2.019806206226348877e-01,-1.007103994488716125e-01,-5.904152989387512207e-01,5.731304287910461426e-01,-3.106733560562133789e-01,5.670377612113952637e-01,1.913169771432876587e-01,2.649915814399719238e-01,-5.408768653869628906e-01,1.257603242993354797e-02,5.644719004631042480e-01,1.720635686069726944e-03,-6.185481548309326172e-01,1.100225150585174561e-01,5.579009652137756348e-01,-5.866346955299377441e-01,-5.880036042071878910e-04,5.646695494651794434e-01,3.204717068001627922e-03,6.152500510215759277e-01,5.142702460289001465e-01,-3.536626994609832764e-01,-7.176101673394441605e-03,-4.345121681690216064e-01,-5.264279246330261230e-01,1.044428199529647827e-01,9.511200338602066040e-02,3.907941281795501709e-01,-2.119442820549011230e-01,5.253574848175048828e-01,-3.748182952404022217e-02,-3.314866423606872559e-01,1.020045147015480325e-05,4.944617450237274170e-01,-4.544432759284973145e-01,3.971039056777954102e-01,-4.258653521537780762e-01,5.935009121894836426e-01,5.757459402084350586e-01,-5.653336644172668457e-01,-8.831694722175598145e-02,3.960948288440704346e-01,4.710271954536437988e-01,1.829755306243896484e-01,2.502279123291373253e-03,-4.179651737213134766e-01,3.995203971862792969e-01,5.176021456718444824e-01,-5.524824932217597961e-02,-5.700868368148803711e-01,5.080758333206176758e-01,-3.939623534679412842e-01,-2.460107505321502686e-01,6.074681282043457031e-01,-3.223201930522918701e-01,-3.969103991985321045e-01,-4.919859468936920166e-01,-4.606308937072753906e-01,2.118404060602188110e-01,4.107327163219451904e-01,3.523835837841033936e-01,5.743245594203472137e-03,-4.625342190265655518e-01
