5.040811896324157715e-01,-1.302368193864822388e-02,1.022236719727516174e-01,-1.910834610462188721e-01,1.546200066804885864e-01,-1.812336295843124390e-01,1.407631188631057739e-01,4.216100573539733887e-01,6.286808848381042480e-02,-8.483825251460075378e-03,-1.304417699575424194e-01,4.608749877661466599e-03,-9.030465781688690186e-02,-6.277146190404891968e-02,2.895110659301280975e-02,-6.238057743757963181e-03,5.742934532463550568e-03,-1.097577363252639771e-01,2.188789397478103638e-01,7.465568929910659790e-02,3.686048090457916260e-02,-1.533388495445251465e-01,-1.771317273378372192e-01,9.184479713439941406e-02,-1.248906552791595459e-02,-1.114521101117134094e-01,2.039815187454223633e-01,-2.171720415353775024e-01,-1.215627864003181458e-01,-1.896526366472244263e-01,-2.002979815006256104e-01,1.359483450651168823e-01,-1.346566677093505859e-01,-1.040276736021041870e-01,-2.670159377157688141e-02,1.095785051584243774e-01,-7.214826345443725586e-02,-1.780408993363380432e-02,-2.871278524398803711e-01,-2.075976282358169556e-01,1.392037421464920044e-01,6.732413172721862793e-02,-2.624759376049041748e-01,-1.319885253906250000e-02,-1.614377461373806000e-02,1.318215727806091309e-01,-5.484343506395816803e-03,-5.856651440262794495e-02,9.086212515830993652e-02,5.711781978607177734e-02,-1.661397963762283325e-01,8.891353383660316467e-03,1.856639832258224487e-01,-5.630044639110565186e-02,-1.288032680749893188e-01,1.496753282845020294e-02,9.267953224480152130e-03,-2.309673232957720757e-03,4.851958248764276505e-03,7.527451217174530029e-02,3.735335171222686768e-02,-7.327508181333541870e-02,-8.044151472859084606e-04,1.100353822112083435e-01,2.567399479448795319e-02,3.705295547842979431e-02,-2.136932313442230225e-01,4.206841066479682922e-02,5.836791917681694031e-02,1.856392174959182739e-01,-1.149771511554718018e-01,1.230397298932075500e-01,1.098940670490264893e-01,-1.218216679990291595e-02,-9.789247065782546997e-02,1.480316836386919022e-02,1.196056691696867347e-04,-8.601156622171401978e-02,-6.825792044401168823e-02,6.356763094663619995e-02,-1.549830585718154907e-01,-6.918996805325150490e-04,-1.362592577934265137e-01,-5.297943018376827240e-03,-2.212287932634353638e-01,1.185454577207565308e-01,2.369457632303237915e-01,-5.164022091776132584e-03,-1.340732723474502563e-01,1.430999673902988434e-02,-1.244542971253395081e-01,1.243710070848464966e-01,2.685138583183288574e-01,-2.391838282346725464e-01,7.327432930469512939e-02,-3.278631567955017090e-01,7.751668989658355713e-02,-7.032453868305310607e-05,-6.530501693487167358e-02,2.970211207866668701e-01,-6.477787345647811890e-02,3.304724693298339844e-01,1.310064494609832764e-01,2.447577379643917084e-02,-1.670814156532287598e-01,2.184755504131317139e-01,2.609212696552276611e-01,2.235770225524902344e-01,-3.512245118618011475e-01,2.334614284336566925e-02,-1.900764852762222290e-01,2.338708341121673584e-01,1.433467119932174683e-01,-1.445187330245971680e-01,1.596378907561302185e-02,-7.005568593740463257e-03,2.892069518566131592e-01,-1.074940636754035950e-01,-1.734021157026290894e-01,-7.907315343618392944e-02,-1.392271071672439575e-01,5.691146850585937500e-02,3.214952349662780762e-02,2.001140713691711426e-01,1.901961416006088257e-01,5.932656303048133850e-02,-1.995170488953590393e-02,-4.969997704029083252e-02
-1.302368193864822388e-02,1.445561740547418594e-02,-9.662351012229919434e-02,7.611665129661560059e-02,4.346924647688865662e-02,-4.127976484596729279e-03,-3.168688714504241943e-02,-2.317590871825814247e-03,2.187786810100078583e-02,3.608715161681175232e-02,2.154756337404251099e-02,-4.195053875446319580e-02,7.726465165615081787e-02,8.208785206079483032e-02,9.730844199657440186e-02,9.768655151128768921e-02,-3.908365033566951752e-04,3.635305166244506836e-02,-5.771207436919212341e-02,-5.534923821687698364e-02,-4.971706122159957886e-02,9.495063126087188721e-02,5.830935761332511902e-02,-3.114183666184544563e-03,1.113642752170562744e-02,1.068211570382118225e-01,-1.082688122987747192e-01,-1.502897869795560837e-02,8.944416046142578125e-02,1.822630502283573151e-02,3.405032306909561157e-02,-9.989366680383682251e-02,5.910556018352508545e-02,6.469883769750595093e-02,-3.349556820467114449e-03,-1.075716391205787659e-01,2.958855591714382172e-02,5.286445468664169312e-02,-4.655225947499275208e-02,-4.962155967950820923e-02,6.659047305583953857e-02,1.011916436254978180e-02,9.540025144815444946e-02,1.556254830211400986e-02,1.073633227497339249e-02,-7.070414721965789795e-02,-1.025352403521537781e-01,-2.520488947629928589e-02,-1.810487918555736542e-02,1.992119476199150085e-03,1.049092737957835197e-03,-3.650308772921562195e-02,9.983825730159878731e-04,1.120437961071729660e-02,-6.406910717487335205e-03,-1.108256578445434570e-01,2.675314061343669891e-02,8.185297250747680664e-03,-3.562123700976371765e-02,-6.044216081500053406e-02,4.269522614777088165e-03,8.908133022487163544e-03,3.564782207831740379e-03,1.700620725750923157e-02,1.759135629981756210e-04,-2.350476384162902832e-02,5.566437542438507080e-02,9.652402251958847046e-02,-9.761147946119308472e-02,-5.362522322684526443e-03,-6.451623886823654175e-02,-2.719194442033767700e-02,-3.285370767116546631e-02,9.809178113937377930e-02,-6.009392091073095798e-04,-8.487441390752792358e-02,-2.247515134513378143e-03,1.143010035157203674e-01,-2.536674961447715759e-02,-8.804406225681304932e-02,1.021925061941146851e-01,8.952909265644848347e-04,-7.269824296236038208e-02,1.373720471747219563e-03,-5.745642632246017456e-02,-1.060218736529350281e-01,1.461446564644575119e-02,4.466456826776266098e-03,5.386256054043769836e-02,4.049235582351684570e-02,-6.357405800372362137e-03,-2.721610665321350098e-02,-8.327952772378921509e-02,4.257527366280555725e-02,-8.641605079174041748e-02,2.948804572224617004e-02,6.433082371950149536e-02,-5.710960249416530132e-05,-6.750181317329406738e-02,1.038271188735961914e-02,-2.481436543166637421e-02,-7.358614355325698853e-03,-1.089081093668937683e-01,-4.772338643670082092e-02,1.087369918823242188e-01,-1.342009101063013077e-02,-7.169653475284576416e-02,-1.011044457554817200e-01,1.490361988544464111e-02,-7.540361955761909485e-03,8.055067807435989380e-02,-5.186597630381584167e-02,-9.514376521110534668e-02,-5.234209354966878891e-03,1.074348539113998413e-01,-8.807092905044555664e-02,2.688850462436676025e-02,1.590465195477008820e-02,-9.305826574563980103e-02,3.713498637080192566e-02,5.724190548062324524e-02,6.963735818862915039e-02,9.257114678621292114e-02,-5.651268362998962402e-02,-6.069075688719749451e-02,-5.445022881031036377e-02,-1.519529032520949841e-03,2.814858220517635345e-02
1.022236719727516174e-01,-9.662351012229919434e-02,7.189583182334899902e-01,-6.116810441017150879e-01,-2.678419053554534912e-01,-6.644884496927261353e-02,2.081330120563507080e-01,1.946903392672538757e-02,-1.271202564239501953e-01,-2.789404094219207764e-01,-1.560866385698318481e-01,3.344565629959106445e-01,-4.882575869560241699e-01,-6.470651626586914062e-01,-6.937314271926879883e-01,-6.736715435981750488e-01,-2.476179040968418121e-03,-2.111853212118148804e-01,4.649143517017364502e-01,4.597982466220855713e-01,3.734468817710876465e-01,-7.098198533058166504e-01,-4.944776296615600586e-01,7.548443228006362915e-02,-8.818224072456359863e-02,-6.984038352966308594e-01,7.327206134796142578e-01,3.288058191537857056e-02,-6.682301163673400879e-01,-1.177288964390754700e-01,-2.435565292835235596e-01,7.241243124008178711e-01,-4.378041326999664307e-01,-5.544663667678833008e-01,3.113716654479503632e-02,7.497216463088989258e-01,-2.269650548696517944e-01,-3.972788751125335693e-01,3.089892566204071045e-01,4.291825294494628906e-01,-4.697359502315521240e-01,-8.189152926206588745e-02,-6.563115119934082031e-01,-1.211380809545516968e-01,-1.024295911192893982e-01,5.258341431617736816e-01,7.278489470481872559e-01,2.042654752731323242e-01,1.339782476425170898e-01,9.437929093837738037e-02,-3.768766671419143677e-02,3.001880347728729248e-01,-1.588948443531990051e-02,-1.570037566125392914e-02,2.483908087015151978e-02,7.660101652145385742e-01,-2.436142712831497192e-01,-6.399735808372497559e-02,1.981992572546005249e-01,4.667961299419403076e-01,3.722058841958642006e-03,-1.041937693953514099e-01,-2.962106466293334961e-02,-1.268824934959411621e-01,-1.068714447319507599e-02,1.721439212560653687e-01,-3.755146861076354980e-01,-6.566398739814758301e-01,6.995503306388854980e-01,8.009900897741317749e-02,5.035648345947265625e-01,2.320411056280136108e-01,2.585295736789703369e-01,-7.177197933197021484e-01,-2.341990545392036438e-02,6.094866394996643066e-01,1.474619098007678986e-02,-8.034988045692443848e-01,2.420589029788970947e-01,6.696560978889465332e-01,-7.612461447715759277e-01,-7.302814628928899765e-03,5.298711061477661133e-01,-8.246224373579025269e-03,4.341078400611877441e-01,6.852797269821166992e-01,-1.017887219786643982e-01,-3.227348253130912781e-02,-3.695085048675537109e-01,-3.341447710990905762e-01,3.102486394345760345e-02,2.199798226356506348e-01,6.168047189712524414e-01,-3.406200408935546875e-01,6.480169296264648438e-01,-1.881468296051025391e-01,-4.629004597663879395e-01,4.538034554570913315e-04,5.132365226745605469e-01,-8.448985219001770020e-02,2.505010664463043213e-01,7.070629298686981201e-02,7.713930010795593262e-01,3.655430674552917480e-01,-7.476640343666076660e-01,-1.029444020241498947e-02,5.549583435058593750e-01,7.105166316032409668e-01,-1.663702130317687988e-01,5.832007899880409241e-02,-6.223521828651428223e-01,4.907553493976593018e-01,6.972833871841430664e-01,-1.028079167008399963e-01,-7.234030961990356445e-01,6.058997511863708496e-01,-1.980749219655990601e-01,-1.462606340646743774e-01,6.829802393913269043e-01,-2.952452003955841064e-01,-4.211135506629943848e-01,-5.585777163505554199e-01,-6.615487933158874512e-01,3.827860653400421143e-01,5.302711129188537598e-01,4.655043184757232666e-01,-9.557691402733325958e-03,-2.295999526977539062e-01
-1.910834610462188721e-01,7.611665129661560059e-02,-6.116810441017150879e-01,6.540595293045043945e-01,1.371202170848846436e-01,1.475284844636917114e-01,-1.873874962329864502e-01,-1.530047804117202759e-01,9.646885842084884644e-02,2.318107336759567261e-01,1.094169318675994873e-01,-2.783911228179931641e-01,2.950176596641540527e-01,6.188515424728393555e-01,5.652642846107482910e-01,5.049458146095275879e-01,5.448658019304275513e-03,2.087636590003967285e-01,-4.675725698471069336e-01,-3.855038881301879883e-01,-4.441943168640136719e-01,6.390487551689147949e-01,4.324594438076019287e-01,-9.667316079139709473e-02,8.004926145076751709e-02,5.558016896247863770e-01,-5.975897312164306641e-01,1.096195727586746216e-01,4.982492923736572266e-01,1.925648301839828491e-01,2.178781479597091675e-01,-6.720268726348876953e-01,4.807078242301940918e-01,4.372021853923797607e-01,-8.648494258522987366e-03,-6.205852031707763672e-01,2.059608846902847290e-01,3.057934343814849854e-01,-7.521332800388336182e-02,-4.363486766815185547e-01,3.859211504459381104e-01,8.305814862251281738e-02,5.620892047882080078e-01,9.790330380201339722e-02,3.501263633370399475e-02,-3.320075869560241699e-01,-5.884521603584289551e-01,-1.998202353715896606e-01,-1.244063451886177063e-01,-3.264153748750686646e-02,8.136089891195297241e-02,-2.160631120204925537e-01,3.130883723497390747e-02,-2.656212262809276581e-02,1.281259804964065552e-01,-5.985182523727416992e-01,2.094014436006546021e-01,4.745646938681602478e-02,-1.453244239091873169e-01,-4.257142841815948486e-01,-9.985938668251037598e-02,1.590830981731414795e-01,3.047502972185611725e-02,1.268329620361328125e-01,4.535243660211563110e-02,-1.451369225978851318e-01,3.407171070575714111e-01,4.985721111297607422e-01,-5.665120482444763184e-01,-1.446449011564254761e-01,-3.700123429298400879e-01,-5.719783157110214233e-02,-2.683456540107727051e-01,6.066061854362487793e-01,1.064861100167036057e-02,-5.709550380706787109e-01,-8.022621273994445801e-03,6.598814129829406738e-01,-3.450956046581268311e-01,-5.633798241615295410e-01,7.429315447807312012e-01,6.123525090515613556e-03,-3.385884165763854980e-01,8.814657106995582581e-03,-3.639369904994964600e-01,-5.201306343078613281e-01,-7.078719884157180786e-02,2.318334579467773438e-02,3.122479319572448730e-01,2.632050514221191406e-01,6.886132527142763138e-03,-2.900377810001373291e-01,-6.391696333885192871e-01,4.132347702980041504e-01,-5.994510650634765625e-01,2.317500710487365723e-01,3.610705733299255371e-01,-3.589776752050966024e-04,-3.501513302326202393e-01,-6.307461299002170563e-03,-1.632633805274963379e-01,-2.037337273359298706e-01,-7.051476240158081055e-01,-2.924336194992065430e-01,6.518439650535583496e-01,8.718840777873992920e-02,-6.453504562377929688e-01,-6.290689706802368164e-01,2.362708002328872681e-01,-5.422825738787651062e-02,6.546517014503479004e-01,-5.472053289413452148e-01,-6.234150528907775879e-01,1.789864748716354370e-01,5.355601310729980469e-01,-4.563598036766052246e-01,4.007045924663543701e-02,1.224619299173355103e-01,-5.501581430435180664e-01,2.932861149311065674e-01,3.516249060630798340e-01,4.974430799484252930e-01,5.332840681076049805e-01,-3.626196980476379395e-01,-4.513777494430541992e-01,-4.434251785278320312e-01,1.262333523482084274e-02,2.231466174125671387e-01
1.546200066804885864e-01,4.346924647688865662e-02,-2.678419053554534912e-01,1.371202170848846436e-01,2.492974102497100830e-01,-1.164816766977310181e-01,-3.878574445843696594e-02,2.109475582838058472e-01,7.397101819515228271e-02,1.113720536231994629e-01,1.617522723972797394e-02,-1.305752247571945190e-01,2.636061608791351318e-01,1.729716062545776367e-01,3.274543881416320801e-01,3.363940417766571045e-01,-1.706178183667361736e-03,8.238837122917175293e-02,-9.132449328899383545e-02,-1.379435360431671143e-01,-6.783724576234817505e-02,2.302272319793701172e-01,9.872587770223617554e-02,4.418712481856346130e-02,2.753244340419769287e-02,3.208715617656707764e-01,-2.879732847213745117e-01,-1.809923946857452393e-01,2.810836136341094971e-01,-5.633839592337608337e-02,3.159752115607261658e-02,-2.315261811017990112e-01,1.052459105849266052e-01,1.532712131738662720e-01,-2.495254389941692352e-02,-3.012922108173370361e-01,6.340607255697250366e-02,1.766675710678100586e-01,-3.500369191169738770e-01,-1.839342415332794189e-01,2.857056260108947754e-01,5.314931273460388184e-02,2.067711055278778076e-01,4.635439440608024597e-02,4.858317226171493530e-02,-2.084188759326934814e-01,-3.548698425292968750e-01,-9.402550011873245239e-02,-1.520491670817136765e-02,4.992686212062835693e-02,-7.852531969547271729e-02,-1.203806027770042419e-01,5.884990468621253967e-02,3.765720129013061523e-02,-1.229133456945419312e-01,-3.755983412265777588e-01,7.958183437585830688e-02,2.744044363498687744e-02,-1.457858085632324219e-01,-1.544836759567260742e-01,6.606445461511611938e-02,-3.064984641969203949e-02,8.344427682459354401e-03,9.783842414617538452e-02,6.168089341372251511e-03,-6.383064389228820801e-02,1.098235696554183960e-01,3.541419506072998047e-01,-2.809975743293762207e-01,9.378838539123535156e-02,-2.838508486747741699e-01,-7.955740392208099365e-02,-2.789161354303359985e-02,3.054859638214111328e-01,-4.203721880912780762e-02,-2.665140032768249512e-01,-8.910429663956165314e-03,3.442173302173614502e-01,-6.566514819860458374e-02,-2.547063529491424561e-01,2.363918423652648926e-01,2.418927149847149849e-03,-3.243879079818725586e-01,2.448777435347437859e-03,-2.801547050476074219e-01,-3.305602371692657471e-01,1.920910179615020752e-01,1.403728872537612915e-02,1.157901063561439514e-01,1.394115090370178223e-01,-9.648309648036956787e-02,-4.516749759204685688e-04,-1.279797106981277466e-01,-9.427495300769805908e-03,-2.351804077625274658e-01,-3.700518608093261719e-02,2.684632837772369385e-01,-2.146712940884754062e-04,-2.533538639545440674e-01,1.871004253625869751e-01,-1.060100048780441284e-01,1.575479656457901001e-01,-2.802734971046447754e-01,-1.520227342844009399e-01,3.033280670642852783e-01,9.790597483515739441e-03,-8.153763413429260254e-02,-2.415593266487121582e-01,-1.319861859083175659e-01,-1.265924517065286636e-02,1.006404235959053040e-01,-1.945911161601543427e-02,-2.405289411544799805e-01,-1.227260902523994446e-01,4.090877771377563477e-01,-3.186662793159484863e-01,2.200919687747955322e-01,1.919242739677429199e-02,-3.735480308532714844e-01,6.972511857748031616e-02,1.541243642568588257e-01,2.234592288732528687e-01,3.169568479061126709e-01,-1.066487208008766174e-01,-9.793130308389663696e-02,-1.070661768317222595e-01,-1.803532615303993225e-02,7.466840744018554688e-02
-1.812336295843124390e-01,-4.127976484596729279e-03,-6.644884496927261353e-02,1.475284844636917114e-01,-1.164816766977310181e-01,2.805270850658416748e-01,-3.350748494267463684e-02,-1.389667838811874390e-01,-1.399220377206802368e-01,-3.507492318749427795e-02,7.054104655981063843e-02,2.179163740947842598e-03,-1.191495135426521301e-01,1.470749527215957642e-01,-9.849700145423412323e-03,-7.314030081033706665e-02,-2.929681912064552307e-03,9.725857526063919067e-03,-5.017490684986114502e-02,-6.217095628380775452e-02,2.008542977273464203e-02,7.416282594203948975e-02,1.445098072290420532e-01,-2.773641422390937805e-02,-6.174637004733085632e-03,-1.264711022377014160e-01,-1.700816676020622253e-02,1.392138004302978516e-01,4.041929915547370911e-02,4.632782191038131714e-02,1.031607985496520996e-01,-1.454986818134784698e-02,1.342676207423210144e-02,1.264283359050750732e-01,6.371455267071723938e-03,-3.477630438283085823e-03,1.553674135357141495e-02,-4.825431108474731445e-02,2.284350395202636719e-01,-9.752912819385528564e-02,-2.010609209537506104e-01,-2.075587958097457886e-02,1.318978667259216309e-01,8.956851437687873840e-03,1.032748147845268250e-01,1.270665787160396576e-02,4.812364652752876282e-02,-3.842405509203672409e-03,-1.043661534786224365e-01,-7.314239442348480225e-02,1.668545603752136230e-01,-1.309871673583984375e-01,-7.255096733570098877e-02,-5.046588182449340820e-02,9.421309083700180054e-02,3.227909281849861145e-02,2.978265099227428436e-02,-1.712181023322045803e-03,9.707169234752655029e-02,-2.854097448289394379e-02,-4.665834084153175354e-02,3.606062382459640503e-02,3.941924311220645905e-03,-1.636481136083602905e-01,-2.734701521694660187e-02,1.924971118569374084e-02,6.506580859422683716e-02,-7.279643416404724121e-02,3.313836827874183655e-02,-7.720272243022918701e-02,9.599984437227249146e-02,-1.480493396520614624e-01,-3.272571787238121033e-02,-4.055581614375114441e-02,8.595143258571624756e-02,-1.090120337903499603e-02,5.274898372590541840e-03,-2.109584398567676544e-02,-1.362658292055130005e-02,2.703138440847396851e-02,6.533606350421905518e-02,4.393495910335332155e-04,7.246756553649902344e-02,-3.798987017944455147e-03,1.326664537191390991e-01,6.223003193736076355e-02,-1.380393952131271362e-01,-2.375627635046839714e-03,-5.216714367270469666e-02,-3.287110477685928345e-02,7.053020596504211426e-02,-7.472827285528182983e-02,-8.377955108880996704e-02,1.487733572721481323e-01,3.290984407067298889e-02,8.800432831048965454e-02,1.240170560777187347e-02,5.755242818850092590e-05,1.982456445693969727e-02,-2.468755394220352173e-01,-5.547338165342807770e-03,-2.730459272861480713e-01,-4.557754378765821457e-03,2.791983447968959808e-02,-6.921533495187759399e-02,1.079133525490760803e-01,-1.001772657036781311e-01,-4.183472320437431335e-02,2.437938600778579712e-01,2.852815086953341961e-04,1.422934979200363159e-01,-1.891079992055892944e-01,-4.319426417350769043e-02,1.393151283264160156e-01,-7.349804043769836426e-02,1.476588994264602661e-01,-8.848048001527786255e-02,5.286780372262001038e-02,8.557289838790893555e-02,2.996456809341907501e-02,1.457446999847888947e-02,-3.857850655913352966e-02,-7.326566427946090698e-02,-2.331408672034740448e-02,-1.487438082695007324e-01,-4.809886962175369263e-02,3.442022949457168579e-03,3.548697382211685181e-02
1.407631188631057739e-01,-3.168688714504241943e-02,2.081330120563507080e-01,-1.873874962329864502e-01,-3.878574445843696594e-02,-3.350748494267463684e-02,1.358411461114883423e-01,1.258500516414642334e-01,-4.986763000488281250e-02,-6.743890792131423950e-02,-9.754840284585952759e-02,8.616423606872558594e-02,-1.785669326782226562e-01,-2.166126221418380737e-01,-1.937514096498489380e-01,-2.032850980758666992e-01,2.602501539513468742e-03,-1.052196696400642395e-01,1.490861475467681885e-01,1.209791228175163269e-01,1.207737103104591370e-01,-2.306022942066192627e-01,-1.663338243961334229e-01,3.178667277097702026e-02,-2.474034391343593597e-02,-2.424397319555282593e-01,2.626136243343353271e-01,-2.559217810630798340e-02,-1.946664303541183472e-01,-1.145636290311813354e-01,-1.182852312922477722e-01,2.406651824712753296e-01,-1.383361369371414185e-01,-1.802720427513122559e-01,9.009755740407854319e-05,2.571527361869812012e-01,-7.699792832136154175e-02,-1.025836616754531860e-01,-6.711504422128200531e-03,5.856507271528244019e-02,-6.811416149139404297e-02,1.975156599655747414e-03,-2.672416269779205322e-01,-3.412453457713127136e-02,-4.503971338272094727e-02,1.846964806318283081e-01,1.928101629018783569e-01,3.297249972820281982e-02,7.539369165897369385e-02,4.176844283938407898e-02,-4.275630414485931396e-02,9.026023000478744507e-02,4.845238849520683289e-02,-3.067340515553951263e-02,-2.883347123861312866e-02,2.185216695070266724e-01,-6.044211983680725098e-02,-1.724676601588726044e-02,4.219115898013114929e-02,1.440293639898300171e-01,-5.197325721383094788e-03,-3.217897564172744751e-02,-7.137136999517679214e-03,2.158063091337680817e-02,1.511870417743921280e-02,5.346883460879325867e-02,-1.601108014583587646e-01,-1.678885221481323242e-01,2.236435562372207642e-01,7.681977748870849609e-02,7.487206161022186279e-02,9.735701978206634521e-02,1.143141239881515503e-01,-2.025334537029266357e-01,-3.435172513127326965e-02,1.422879248857498169e-01,4.231015685945749283e-03,-2.431154400110244751e-01,1.272608805447816849e-02,1.908074170351028442e-01,-2.378975749015808105e-01,-2.061859238892793655e-03,1.012622192502021790e-01,-4.099581390619277954e-03,2.835566736757755280e-02,2.506273388862609863e-01,6.672282516956329346e-02,-1.016249321401119232e-02,-1.544069796800613403e-01,-7.063806056976318359e-02,-3.594076260924339294e-02,8.663634955883026123e-02,2.218205928802490234e-01,-1.493100225925445557e-01,1.819086074829101562e-01,-1.549778729677200317e-01,-9.616105258464813232e-02,7.940070645418018103e-05,1.295576393604278564e-01,8.921569585800170898e-02,3.247600793838500977e-02,1.291007101535797119e-01,2.513939142227172852e-01,9.667855501174926758e-02,-2.274657785892486572e-01,1.023091599345207214e-01,1.904280930757522583e-01,2.631174325942993164e-01,-1.471620351076126099e-01,2.002032101154327393e-02,-2.529201805591583252e-01,1.485435664653778076e-01,2.392423152923583984e-01,-1.030223444104194641e-02,-1.878180652856826782e-01,1.525349169969558716e-01,1.798992231488227844e-02,-5.544549971818923950e-02,1.309587955474853516e-01,-9.720915555953979492e-02,-1.271598041057586670e-01,-1.150820851325988770e-01,-1.651603132486343384e-01,1.545880734920501709e-01,1.887308806180953979e-01,1.372103989124298096e-01,1.221672981046140194e-03,-4.416372999548912048e-02
4.216100573539733887e-01,-2.317590871825814247e-03,1.946903392672538757e-02,-1.530047804117202759e-01,2.109475582838058472e-01,-1.389667838811874390e-01,1.258500516414642334e-01,5.150469541549682617e-01,-2.339433133602142334e-02,-2.387956716120243073e-03,-7.726900279521942139e-02,-2.226509712636470795e-02,2.922006882727146149e-02,-9.120122343301773071e-02,9.428844600915908813e-02,8.647510409355163574e-02,-2.773639571387320757e-04,-8.810750395059585571e-02,1.788109689950942993e-01,4.240966215729713440e-02,2.106725424528121948e-01,-8.075440675020217896e-02,-1.160748228430747986e-01,7.961538434028625488e-02,-1.332103181630373001e-02,-3.555248677730560303e-02,8.860214054584503174e-02,-2.567818760871887207e-01,6.335379183292388916e-02,-2.334420531988143921e-01,-1.359044611454010010e-01,1.390927284955978394e-01,-1.862777620553970337e-01,-2.168710529804229736e-02,-3.898928686976432800e-02,2.267594821751117706e-02,-5.416523292660713196e-02,3.489718958735466003e-02,-4.393328428268432617e-01,-1.442194879055023193e-01,1.374529302120208740e-01,4.379855468869209290e-02,-1.550067365169525146e-01,4.178856033831834793e-03,9.670579433441162109e-02,-3.487005364149808884e-03,-1.079364269971847534e-01,-4.576583579182624817e-02,6.094110757112503052e-02,1.864227838814258575e-02,-1.309490650892257690e-01,-7.231377810239791870e-02,1.111814677715301514e-01,-4.100466147065162659e-02,-2.273558676242828369e-01,-1.075512692332267761e-01,2.935393713414669037e-02,8.948490023612976074e-03,-1.608869433403015137e-02,4.846600443124771118e-02,1.012736707925796509e-01,-1.190242990851402283e-01,-3.817989956587553024e-03,2.683416754007339478e-02,5.650261417031288147e-03,2.177811972796916962e-02,-1.471221894025802612e-01,1.188388764858245850e-01,-1.701558008790016174e-03,2.030747383832931519e-01,-1.998027861118316650e-01,-7.148887217044830322e-02,1.433575153350830078e-01,4.739917442202568054e-02,-5.268697068095207214e-02,-9.765094146132469177e-03,-3.393327118828892708e-03,2.060137689113616943e-02,5.668832920491695404e-03,1.691895537078380585e-02,-1.288242489099502563e-01,-1.703568123048171401e-04,-2.372173815965652466e-01,-5.135658662766218185e-03,-2.049114853143692017e-01,-2.769569866359233856e-03,3.039710521697998047e-01,1.391099533066153526e-03,-1.325905472040176392e-01,4.916106909513473511e-02,-1.471267193555831909e-01,1.819869428873062134e-01,2.569284439086914062e-01,-2.835599482059478760e-01,5.306063592433929443e-02,-2.938041687011718750e-01,1.608255654573440552e-01,-1.032133659464307129e-04,-1.339915841817855835e-01,2.977446019649505615e-01,-1.049299910664558411e-01,3.556682467460632324e-01,8.810163289308547974e-02,-1.973190531134605408e-02,-6.490842252969741821e-02,1.652984172105789185e-01,3.008569180965423584e-01,1.230833753943443298e-01,-3.267456889152526855e-01,2.463812939822673798e-02,-2.617325782775878906e-01,2.446530312299728394e-01,7.897400110960006714e-02,-1.624377518892288208e-01,1.816468685865402222e-01,-8.325280994176864624e-02,3.130220770835876465e-01,-3.646000474691390991e-02,-2.229410707950592041e-01,-8.930830657482147217e-02,-5.156360939145088196e-02,4.405885934829711914e-02,6.236550956964492798e-02,1.814139187335968018e-01,1.296977996826171875e-01,1.003323346376419067e-01,-2.492618188261985779e-02,-1.189691573381423950e-02
6.286808848381042480e-02,2.187786810100078583e-02,-1.271202564239501953e-01,9.646885842084884644e-02,7.397101819515228271e-02,-1.399220377206802368e-01,-4.986763000488281250e-02,-2.339433133602142334e-02,1.732471138238906860e-01,9.807179868221282959e-02,-1.536777429282665253e-02,-8.468550443649291992e-02,1.383348107337951660e-01,1.338852792978286743e-01,1.687617152929306030e-01,1.851580440998077393e-01,7.149328012019395828e-03,3.347046673297882080e-02,-1.084510833024978638e-01,-7.632927596569061279e-02,-2.372414171695709229e-01,1.516840755939483643e-01,3.290886059403419495e-02,-3.192262724041938782e-02,3.271380439400672913e-02,2.591508626937866211e-01,-1.602973341941833496e-01,-1.143829990178346634e-02,7.631566375494003296e-02,6.861797720193862915e-02,-1.870405860245227814e-02,-2.440297454595565796e-01,1.614507585763931274e-01,4.998817294836044312e-02,-2.320254454389214516e-03,-1.905255317687988281e-01,5.254227668046951294e-02,1.123949363827705383e-01,-9.585446864366531372e-02,-8.308405429124832153e-02,2.468564063310623169e-01,4.237023741006851196e-02,6.071135401725769043e-02,1.902946084737777710e-02,-1.012920737266540527e-01,-9.399519860744476318e-02,-1.850378960371017456e-01,-5.609575286507606506e-02,3.999322280287742615e-02,3.484089858829975128e-03,-9.773106127977371216e-02,5.290077999234199524e-02,7.595742493867874146e-02,1.128556299954652786e-02,1.965433359146118164e-02,-1.829632967710494995e-01,4.248657450079917908e-02,1.286531612277030945e-02,-7.824407517910003662e-02,-1.091164797544479370e-01,-2.761191502213478088e-02,5.578010156750679016e-02,8.084542118012905121e-03,1.708842813968658447e-01,3.457289561629295349e-02,-5.567030981183052063e-02,3.529230877757072449e-02,1.695543378591537476e-01,-2.043515443801879883e-01,-3.355616703629493713e-02,-1.384144872426986694e-01,1.315164715051651001e-01,-9.527575224637985229e-02,2.225208729505538940e-01,-5.466604977846145630e-02,-1.406601816415786743e-01,-4.785033408552408218e-03,2.197308391332626343e-01,-1.105730235576629639e-01,-2.028451114892959595e-01,2.139124274253845215e-01,1.659952918998897076e-03,-1.039613559842109680e-01,5.612598266452550888e-03,-1.818159669637680054e-01,-1.758076995611190796e-01,2.539647743105888367e-02,6.910925731062889099e-03,1.535299718379974365e-01,9.960515797138214111e-02,-1.807432249188423157e-02,-6.495235860347747803e-02,-1.582734286785125732e-01,6.061950698494911194e-02,-2.171299159526824951e-01,1.583219505846500397e-02,4.577212408185005188e-02,-1.375047286273911595e-04,-1.087930276989936829e-01,1.434951126575469971e-01,-4.197557270526885986e-02,1.007167473435401917e-01,-2.393588870763778687e-01,-9.928909689188003540e-02,2.424019873142242432e-01,-4.772151261568069458e-02,-1.693328768014907837e-01,-1.558344066143035889e-01,-6.373516470193862915e-02,-2.052975445985794067e-02,1.880684345960617065e-01,-7.129757851362228394e-02,-1.671756953001022339e-01,2.611310919746756554e-03,1.534018218517303467e-01,-2.240802943706512451e-01,4.163012653589248657e-02,-1.321169268339872360e-02,-2.175728678703308105e-01,8.497314155101776123e-02,6.217401102185249329e-02,1.891085356473922729e-01,2.080797106027603149e-01,-8.817042410373687744e-02,-5.536202713847160339e-02,-1.468909382820129395e-01,1.122328918427228928e-02,2.366196736693382263e-02
-8.483825251460075378e-03,3.608715161681175232e-02,-2.789404094219207764e-01,2.318107336759567261e-01,1.113720536231994629e-01,-3.507492318749427795e-02,-6.743890792131423950e-02,-2.387956716120243073e-03,9.807179868221282959e-02,1.279146075248718262e-01,3.262399137020111084e-02,-1.371734142303466797e-01,2.057810872793197632e-01,2.448137700557708740e-01,2.857367098331451416e-01,2.873000204563140869e-01,4.330236464738845825e-03,6.578476727008819580e-02,-1.923807710409164429e-01,-1.729883402585983276e-01,-1.973592340946197510e-01,2.861329615116119385e-01,1.615803241729736328e-01,-4.356307536363601685e-02,4.046157747507095337e-02,3.358142673969268799e-01,-3.045377731323242188e-01,-9.216682985424995422e-03,2.586035132408142090e-01,4.757269844412803650e-02,6.188184767961502075e-02,-3.324247896671295166e-01,1.939710974693298340e-01,1.866488456726074219e-01,-1.186768896877765656e-02,-3.188017606735229492e-01,8.936756104230880737e-02,1.704094111919403076e-01,-1.565740555524826050e-01,-1.576465219259262085e-01,2.566977739334106445e-01,4.312372580170631409e-02,2.206236571073532104e-01,4.466994106769561768e-02,-1.068412791937589645e-02,-2.056729793548583984e-01,-3.181742727756500244e-01,-8.329132944345474243e-02,-1.441237982362508774e-02,-3.415175899863243103e-02,-3.214600309729576111e-02,-6.414293497800827026e-02,3.761362284421920776e-02,5.249342415481805801e-03,-9.916910901665687561e-03,-3.344353735446929932e-01,9.106705337762832642e-02,2.507152035832405090e-02,-9.331779181957244873e-02,-1.817074567079544067e-01,-1.389306131750345230e-02,5.543350428342819214e-02,1.199257466942071915e-02,1.188667416572570801e-01,2.038678713142871857e-02,-7.571882009506225586e-02,1.212394535541534424e-01,2.749406695365905762e-01,-3.021909594535827637e-01,-3.501910343766212463e-02,-2.235779166221618652e-01,-2.203223481774330139e-02,-1.072403863072395325e-01,3.267558813095092773e-01,-1.515630818903446198e-02,-2.485267519950866699e-01,-6.507645361125469208e-03,3.695312142372131348e-01,-1.228275746107101440e-01,-3.007759749889373779e-01,3.460418581962585449e-01,2.891201060265302658e-03,-2.054319381713867188e-01,4.736948758363723755e-03,-2.150294035673141479e-01,-2.857632040977478027e-01,5.571292713284492493e-02,1.271217502653598785e-02,1.669695228338241577e-01,1.484911739826202393e-01,-2.331343665719032288e-02,-8.621177822351455688e-02,-2.571265697479248047e-01,1.167886629700660706e-01,-2.978294491767883301e-01,5.461211502552032471e-02,1.565299034118652344e-01,-2.022416301770135760e-04,-1.959712654352188110e-01,1.043756678700447083e-01,-1.021180152893066406e-01,4.081721976399421692e-02,-3.554422259330749512e-01,-1.541503667831420898e-01,3.661402761936187744e-01,-6.775533780455589294e-03,-2.487643659114837646e-01,-2.896553277969360352e-01,1.535729225724935532e-02,-2.618323266506195068e-02,2.594233155250549316e-01,-1.832505464553833008e-01,-2.841231822967529297e-01,5.078352987766265869e-02,3.121109604835510254e-01,-2.933089733123779297e-01,7.583230733871459961e-02,4.512583836913108826e-02,-3.203271627426147461e-01,1.216274499893188477e-01,1.585630923509597778e-01,2.488609701395034790e-01,2.973434925079345703e-01,-1.462223678827285767e-01,-1.818735897541046143e-01,-1.957006901502609253e-01,1.118979975581169128e-02,8.605747669935226440e-02
-1.304417699575424194e-01,2.154756337404251099e-02,-1.560866385698318481e-01,1.094169318675994873e-01,1.617522723972797394e-02,7.054104655981063843e-02,-9.754840284585952759e-02,-7.726900279521942139e-02,-1.536777429282665253e-02,3.262399137020111084e-02,1.122011765837669373e-01,-5.535107851028442383e-02,1.460397839546203613e-01,1.539793759584426880e-01,1.289016306400299072e-01,1.437699794769287109e-01,-4.909240640699863434e-03,6.314582377672195435e-02,-8.554501831531524658e-02,-9.894002228975296021e-02,5.956515669822692871e-03,1.618975549936294556e-01,1.551792323589324951e-01,-2.496395260095596313e-02,1.106540579348802567e-02,1.488029956817626953e-01,-2.038687765598297119e-01,6.514107342809438705e-03,1.877189278602600098e-01,5.870569124817848206e-02,1.196281984448432922e-01,-1.358281672000885010e-01,3.729723766446113586e-02,1.795948147773742676e-01,-5.863790865987539291e-03,-1.894563287496566772e-01,5.109489336609840393e-02,6.559260189533233643e-02,-5.587394814938306808e-03,-1.283736526966094971e-02,-3.224545717239379883e-02,-2.292962931096553802e-02,2.303534895181655884e-01,2.742906287312507629e-02,9.979225695133209229e-02,-1.877479553222656250e-01,-1.258235275745391846e-01,5.246311193332076073e-04,-8.203365653753280640e-02,-8.620996773242950439e-02,7.021135836839675903e-02,-1.198342964053153992e-01,-7.932376116514205933e-02,3.037938661873340607e-02,-2.415107004344463348e-02,-1.646046638488769531e-01,4.586874321103096008e-02,1.389648113399744034e-02,-2.268523676320910454e-03,-8.816901594400405884e-02,3.560710698366165161e-02,-2.581844339147210121e-03,2.559808315709233284e-03,-9.420480579137802124e-02,-3.850729390978813171e-02,-3.021549992263317108e-02,1.227278709411621094e-01,1.054301932454109192e-01,-1.573109328746795654e-01,-5.430328845977783203e-02,-3.463015705347061157e-02,-1.989022791385650635e-01,-6.542591750621795654e-02,1.237919330596923828e-01,6.456403434276580811e-02,-5.904536321759223938e-02,-3.308512270450592041e-03,1.737898737192153931e-01,6.929809600114822388e-02,-1.200843229889869690e-01,1.322933733463287354e-01,1.496942015364766121e-03,-8.427893370389938354e-02,8.695131982676684856e-04,4.561665281653404236e-02,-1.865080296993255615e-01,-2.836696431040763855e-02,8.163597434759140015e-03,9.056799858808517456e-02,4.272687435150146484e-02,4.057251289486885071e-02,-2.907623350620269775e-02,-1.262177228927612305e-01,9.052050113677978516e-02,-8.536433428525924683e-02,1.128144785761833191e-01,6.484027206897735596e-02,-3.621529322117567062e-05,-1.089639440178871155e-01,-1.203635260462760925e-01,-4.393104091286659241e-02,-1.210887581110000610e-01,-1.490702331066131592e-01,-6.139013916254043579e-02,1.344501227140426636e-01,-9.786167740821838379e-02,-7.134777307510375977e-02,-1.887842714786529541e-01,1.517080217599868774e-01,-1.096887141466140747e-02,1.523756980895996094e-01,-9.806632250547409058e-02,-1.575563251972198486e-01,1.876211166381835938e-02,1.411816030740737915e-01,-7.693064212799072266e-02,3.778952173888683319e-03,6.117812916636466980e-02,-5.954881012439727783e-02,5.130441486835479736e-02,9.643219411373138428e-02,3.942969068884849548e-02,9.250698983669281006e-02,-9.304562211036682129e-02,-1.778728067874908447e-01,-7.364582270383834839e-02,-4.103361570741981268e-04,2.624535001814365387e-02
4.608749877661466599e-03,-4.195053875446319580e-02,3.344565629959106445e-01,-2.783911228179931641e-01,-1.305752247571945190e-01,2.179163740947842598e-03,8.616423606872558594e-02,-2.226509712636470795e-02,-8.468550443649291992e-02,-1.371734142303466797e-01,-5.535107851028442383e-02,1.616388708353042603e-01,-2.266596257686614990e-01,-3.110272884368896484e-01,-3.437461853027343750e-01,-3.343632817268371582e-01,-3.687038552016019821e-03,-7.690452784299850464e-02,2.080811858177185059e-01,2.039421200752258301e-01,1.931095123291015625e-01,-3.403858244419097900e-01,-2.074540704488754272e-01,4.622637480497360229e-02,-4.334765672683715820e-02,-3.630467653274536133e-01,3.504039049148559570e-01,1.561014447361230850e-02,-3.173998594284057617e-01,-5.115325748920440674e-02,-8.304414153099060059e-02,3.706717193126678467e-01,-2.001428306102752686e-01,-2.468121200799942017e-01,1.694530434906482697e-02,3.762764930725097656e-01,-1.011740341782569885e-01,-1.912643760442733765e-01,1.803905516862869263e-01,2.131430804729461670e-01,-2.588832974433898926e-01,-4.636282846331596375e-02,-2.779168188571929932e-01,-5.456852540373802185e-02,-3.215684741735458374e-02,2.444433122873306274e-01,3.714477419853210449e-01,9.910183399915695190e-02,4.026111215353012085e-02,5.844750627875328064e-02,1.606731116771697998e-02,1.169809997081756592e-01,-3.214833885431289673e-02,5.417383741587400436e-03,1.928951591253280640e-02,3.936569392681121826e-01,-1.172196865081787109e-01,-3.029274567961692810e-02,8.403099328279495239e-02,2.132502943277359009e-01,7.838205434381961823e-03,-5.258435010910034180e-02,-1.387112308293581009e-02,-8.919090032577514648e-02,-1.506885606795549393e-02,8.148189634084701538e-02,-1.432633548974990845e-01,-3.156597316265106201e-01,3.492432832717895508e-01,3.850443661212921143e-02,2.537446022033691406e-01,7.658117264509201050e-02,1.205197721719741821e-01,-3.765312433242797852e-01,3.665461845230311155e-04,2.813389301300048828e-01,6.999856792390346527e-03,-4.248848855495452881e-01,1.308559626340866089e-01,3.405811786651611328e-01,-3.945798873901367188e-01,-3.445884445682168007e-03,2.490456402301788330e-01,-4.311326425522565842e-03,2.307297140359878540e-01,3.322343230247497559e-01,-5.592918395996093750e-02,-1.476194802671670914e-02,-1.740150749683380127e-01,-1.673259437084197998e-01,2.319649979472160339e-02,9.326162189245223999e-02,2.833466529846191406e-01,-1.340283751487731934e-01,3.275432884693145752e-01,-5.987804755568504333e-02,-2.003188431262969971e-01,2.266096853418275714e-04,2.429925501346588135e-01,-8.840190619230270386e-02,1.270451396703720093e-01,-1.768660172820091248e-02,4.030529558658599854e-01,1.744230091571807861e-01,-3.953193426132202148e-01,-1.500228047370910645e-02,2.649989724159240723e-01,3.383243680000305176e-01,-4.272098839282989502e-02,2.701217494904994965e-02,-3.078121244907379150e-01,2.130578756332397461e-01,3.355694413185119629e-01,-5.572118610143661499e-02,-3.660675287246704102e-01,3.144088387489318848e-01,-1.042127236723899841e-01,-6.103148683905601501e-02,3.701404631137847900e-01,-1.366707086563110352e-01,-1.799707710742950439e-01,-2.786131501197814941e-01,-3.308690786361694336e-01,1.556597650051116943e-01,2.320822328329086304e-01,2.238716483116149902e-01,-8.191274479031562805e-03,-9.810587763786315918e-02
