5.095769762992858887e-01,-1.797868125140666962e-02,5.460406839847564697e-02,-4.304142668843269348e-03,1.300480663776397705e-01,-3.073189035058021545e-02,1.753136701881885529e-02,2.767009139060974121e-01,5.479932576417922974e-02,-5.074547952972352505e-04,-6.634219735860824585e-02,7.853561546653509140e-04,-5.874520912766456604e-02,5.254451036453247070e-01,1.560602337121963501e-01,-4.630716051906347275e-03,-7.059444673359394073e-03,-9.935145080089569092e-02,1.696436405181884766e-01,2.932413481175899506e-02,-2.124398201704025269e-01,-8.878808468580245972e-02,-6.057537160813808441e-03,-7.540132384747266769e-03,-3.140328451991081238e-02,-2.441112846136093140e-01,8.181196451187133789e-02,-2.010758817195892334e-01,-8.470951765775680542e-02,-2.549405694007873535e-01,-1.239571869373321533e-01,1.049943789839744568e-01,-8.063811808824539185e-02,3.507658466696739197e-02,-3.235147148370742798e-02,2.531421743333339691e-02,-2.530789375305175781e-02,-2.543078921735286713e-02,-1.328571587800979614e-01,-2.674430608749389648e-01,-5.044140294194221497e-02,1.097405701875686646e-01,-9.871861338615417480e-02,1.090044993907213211e-02,2.596457004547119141e-01,-1.463913917541503906e-01,-3.106336668133735657e-02,-7.856418937444686890e-02,-2.612408250570297241e-03,3.843742981553077698e-02,5.190772935748100281e-03,-1.322651058435440063e-01,7.605696097016334534e-03,-7.673221081495285034e-02,-3.318785503506660461e-02,-1.372041553258895874e-02,4.174595698714256287e-02,4.993367474526166916e-03,8.556715212762355804e-03,1.197417173534631729e-02,9.057852625846862793e-02,-8.345450274646282196e-03,1.292236335575580597e-02,-1.367730461061000824e-02,-7.450232654809951782e-02,6.644181162118911743e-02,-2.738821506500244141e-02,5.626467242836952209e-02,6.598467379808425903e-02,9.988229721784591675e-02,-1.974334754049777985e-02,-2.915644943714141846e-01,5.739763751626014709e-02,-3.188071399927139282e-02,-1.320296432822942734e-02,-6.460418552160263062e-02,-4.357760306447744370e-03,-1.622978784143924713e-02,-1.700776666402816772e-01,4.568763077259063721e-02,-8.642253279685974121e-02,5.399783258326351643e-04,-1.298742294311523438e-01,-1.082608290016651154e-02,-7.061259448528289795e-02,1.028986275196075439e-02,1.834171265363693237e-01,-1.055669598281383514e-02,-6.725664436817169189e-02,-1.239448040723800659e-02,-7.827116642147302628e-04,-1.542201079428195953e-02,1.784931123256683350e-01,-1.250684857368469238e-01,1.359330266714096069e-01,-5.885081365704536438e-02,2.534267008304595947e-01,1.702817280602175742e-05,-1.631986536085605621e-02,7.034169882535934448e-02,-2.894683741033077240e-02,1.753164082765579224e-02,9.472241997718811035e-02,6.181727163493633270e-03,-2.707758843898773193e-01,1.534505784511566162e-01,2.159969508647918701e-01,9.212269634008407593e-02,-1.342058479785919189e-01,3.751209750771522522e-02,9.228452295064926147e-02,6.837332248687744141e-02,8.507872372865676880e-02,-3.374987840652465820e-01,8.322224952280521393e-03,5.808751285076141357e-02,2.568574547767639160e-01,-2.065213620662689209e-01,-1.991723477840423584e-01,-3.688236325979232788e-02,-1.630482226610183716e-01,4.620649665594100952e-02,-1.011951826512813568e-02,6.234634667634963989e-02,1.198198273777961731e-01,-7.882276177406311035e-02,-2.841416746377944946e-02,1.559466868638992310e-02
-1.797868125140666962e-02,2.637527324259281158e-02,-1.359043866395950317e-01,5.565639585256576538e-02,6.649546325206756592e-02,1.686688326299190521e-02,-7.690410129725933075e-03,5.290475487709045410e-02,3.214220050722360611e-04,1.788423396646976471e-02,2.449132315814495087e-02,-3.693685680627822876e-02,1.150504499673843384e-01,6.460639182478189468e-03,1.115112528204917908e-01,1.093712449073791504e-01,-5.021214019507169724e-04,1.106377765536308289e-01,-3.354068100452423096e-02,-5.915298312902450562e-02,2.903220476582646370e-03,1.342157572507858276e-01,7.135251164436340332e-02,2.304331958293914795e-02,1.228587422519922256e-02,1.531957089900970459e-01,-1.357865035533905029e-01,-2.266586385667324066e-02,9.212703257799148560e-02,1.829765737056732178e-02,3.413714468479156494e-02,-1.238123774528503418e-01,7.990555465221405029e-02,5.641008168458938599e-02,4.510988481342792511e-03,-1.248152032494544983e-01,6.902628112584352493e-03,2.731440030038356781e-02,-7.537971436977386475e-02,-9.570137411355972290e-02,1.240413039922714233e-01,-1.182855758816003799e-02,1.354502141475677490e-01,1.283426675945520401e-02,-1.106288470327854156e-02,-9.165582805871963501e-02,-1.292769163846969604e-01,-2.101296186447143555e-02,-2.199619449675083160e-02,2.017238922417163849e-02,4.765380639582872391e-03,-3.690133802592754364e-03,2.432682178914546967e-02,-1.507660094648599625e-02,-2.007285505533218384e-02,-1.210994049906730652e-01,3.023483976721763611e-02,1.079779211431741714e-02,-9.861391782760620117e-02,-4.627464339137077332e-02,1.269322913140058517e-02,-1.426346367225050926e-03,5.241672974079847336e-03,2.302976138889789581e-02,7.702940609306097031e-03,-2.547890692949295044e-02,5.584627762436866760e-02,1.366245895624160767e-01,-1.315199136734008789e-01,7.818205282092094421e-03,-7.070324569940567017e-02,2.544505149126052856e-02,-2.891800925135612488e-02,1.148314401507377625e-01,-3.191128745675086975e-02,-9.202042222023010254e-02,-5.546667613089084625e-03,1.309008002281188965e-01,-1.518432889133691788e-02,-1.014975756406784058e-01,1.167967766523361206e-01,2.693474059924483299e-03,-1.022511199116706848e-01,7.840801030397415161e-03,-8.409216254949569702e-02,-1.269717663526535034e-01,6.662898510694503784e-02,1.039371546357870102e-02,6.788443773984909058e-02,8.679950609803199768e-03,-3.600925207138061523e-02,-2.536958083510398865e-02,-1.055564135313034058e-01,4.508179053664207458e-02,-9.216125309467315674e-02,1.150302821770310402e-03,7.923266291618347168e-02,-4.544082039501518011e-04,-9.106197953224182129e-02,1.703619398176670074e-02,-2.990906359627842903e-03,2.942805364727973938e-02,-1.187917590141296387e-01,-1.230220030993223190e-02,1.405050158500671387e-01,1.658606110140681267e-03,-7.634809613227844238e-02,-1.120623722672462463e-01,-1.887026056647300720e-02,-1.837112940847873688e-02,8.316176384687423706e-02,-8.763515390455722809e-03,-1.076789945363998413e-01,-4.036576952785253525e-03,1.488342434167861938e-01,-1.298291534185409546e-01,5.161305516958236694e-02,4.920466244220733643e-02,-1.195920035243034363e-01,2.864887937903404236e-02,9.526222944259643555e-02,1.024694442749023438e-01,1.134377792477607727e-01,-5.382765084505081177e-02,-1.109469309449195862e-01,-3.463498502969741821e-02,-5.512109026312828064e-03,4.347839951515197754e-02
5.460406839847564697e-02,-1.359043866395950317e-01,7.845113873481750488e-01,-3.779518604278564453e-01,-3.503566682338714600e-01,-1.955495327711105347e-01,-2.692884206771850586e-02,-3.444392085075378418e-01,1.936849579215049744e-02,-1.231880560517311096e-01,-1.448963284492492676e-01,2.420131713151931763e-01,-6.268483996391296387e-01,-1.366537809371948242e-01,-6.561886072158813477e-01,-6.308851838111877441e-01,-1.447930186986923218e-02,-5.807622075080871582e-01,2.028934359550476074e-01,3.937564790248870850e-01,-7.847537286579608917e-03,-7.596050500869750977e-01,-5.181318521499633789e-01,-1.508088433183729649e-03,-7.055865973234176636e-02,-7.682418823242187500e-01,7.399632334709167480e-01,2.904202044010162354e-02,-5.939080715179443359e-01,-2.906325832009315491e-02,-1.915462613105773926e-01,7.162979245185852051e-01,-4.933793544769287109e-01,-4.128822386264801025e-01,-1.093470025807619095e-02,7.202405929565429688e-01,-3.876331448554992676e-02,-1.652081310749053955e-01,5.187966823577880859e-01,6.077339053153991699e-01,-6.907057166099548340e-01,4.983402043581008911e-02,-7.037587165832519531e-01,-8.352932333946228027e-02,-1.040179122355766594e-04,6.424068212509155273e-01,7.497791647911071777e-01,1.412788033485412598e-01,1.029767766594886780e-01,-2.285535447299480438e-02,-5.806874111294746399e-02,3.684071823954582214e-02,-1.219763457775115967e-01,1.588167250156402588e-01,1.086798161268234253e-01,7.128971815109252930e-01,-2.108366638422012329e-01,-7.073967903852462769e-02,5.320368409156799316e-01,2.937629520893096924e-01,-3.261506929993629456e-02,-4.926646500825881958e-02,-3.760420158505439758e-02,-2.064001709222793579e-01,-5.707313120365142822e-02,1.444725096225738525e-01,-2.934236526489257812e-01,-7.337498664855957031e-01,7.274373769760131836e-01,-1.244840305298566818e-02,4.786372482776641846e-01,-4.037907719612121582e-02,1.607531011104583740e-01,-7.041109204292297363e-01,1.750808358192443848e-01,5.244811177253723145e-01,3.133460134267807007e-02,-7.907211780548095703e-01,1.532263159751892090e-01,6.503475308418273926e-01,-7.187046408653259277e-01,-1.871332526206970215e-02,5.808874964714050293e-01,-4.027010872960090637e-02,5.503330826759338379e-01,6.500442028045654297e-01,-4.296193122863769531e-01,-5.755725130438804626e-02,-3.910008668899536133e-01,-8.232939988374710083e-02,2.185085862874984741e-01,1.690997332334518433e-01,6.085203886032104492e-01,-2.526333332061767578e-01,5.713107585906982422e-01,3.437123075127601624e-02,-4.795302152633666992e-01,3.014363348484039307e-03,5.802338123321533203e-01,-1.613310277462005615e-01,6.610180437564849854e-02,-2.314202189445495605e-01,7.055344581604003906e-01,7.623898983001708984e-02,-7.732148766517639160e-01,-1.569523215293884277e-01,5.021493434906005859e-01,6.532516479492187500e-01,1.100464835762977600e-01,1.103339046239852905e-01,-5.446709990501403809e-01,1.714021265506744385e-01,6.347438693046569824e-01,-1.106521785259246826e-01,-7.812322378158569336e-01,7.115921378135681152e-01,-3.380916714668273926e-01,-3.471460044384002686e-01,7.403263449668884277e-01,-1.831802278757095337e-01,-6.207181215286254883e-01,-6.559627652168273926e-01,-6.777032613754272461e-01,2.835294008255004883e-01,6.883961558341979980e-01,3.094861507415771484e-01,1.230487786233425140e-02,-2.942078113555908203e-01
-4.304142668843269348e-03,5.565639585256576538e-02,-3.779518604278564453e-01,3.346014618873596191e-01,1.283126026391983032e-01,1.704655289649963379e-01,-2.975611388683319092e-02,2.067407667636871338e-01,-2.825953625142574310e-02,5.283410847187042236e-02,-1.156564895063638687e-02,-1.221086457371711731e-01,2.395541220903396606e-01,1.211058199405670166e-01,2.999408543109893799e-01,2.499903589487075806e-01,1.122956164181232452e-02,3.315802812576293945e-01,-1.155526414513587952e-01,-1.242758855223655701e-01,-1.499316692352294922e-01,4.043347239494323730e-01,2.343230992555618286e-01,-8.614990860223770142e-02,5.216464772820472717e-02,3.540049195289611816e-01,-3.163993656635284424e-01,7.133404165506362915e-02,1.986247152090072632e-01,7.585230469703674316e-02,7.007454335689544678e-02,-4.148182868957519531e-01,3.119184672832489014e-01,1.314563453197479248e-01,1.387695688754320145e-02,-3.489621579647064209e-01,4.149253666400909424e-02,6.876733154058456421e-02,-1.488563269376754761e-01,-4.247309267520904541e-01,3.634192347526550293e-01,5.442571127787232399e-04,3.192492425441741943e-01,3.509903699159622192e-02,-3.545494517311453819e-03,-2.233934700489044189e-01,-3.191102147102355957e-01,-1.254113316535949707e-01,-6.045035272836685181e-02,6.056131422519683838e-02,3.409605473279953003e-02,-6.066543050110340118e-03,1.387901902198791504e-01,-2.090063691139221191e-01,5.815041065216064453e-02,-3.349453210830688477e-01,1.028670743107795715e-01,2.581136859953403473e-02,-1.861609816551208496e-01,-1.728953719139099121e-01,-4.343874752521514893e-02,5.978925898671150208e-02,2.423040010035037994e-02,1.217245012521743774e-01,2.316273003816604614e-02,-6.979579478502273560e-02,1.178275197744369507e-01,3.854688405990600586e-01,-3.439489006996154785e-01,-4.929249361157417297e-02,-2.386016994714736938e-01,1.562694907188415527e-01,-1.159335076808929443e-01,3.352585434913635254e-01,-9.545395523309707642e-02,-2.711048126220703125e-01,-4.820970818400382996e-03,3.777200579643249512e-01,-2.457474023103713989e-01,-3.448555469512939453e-01,4.778514504432678223e-01,8.975131437182426453e-03,-2.125792950391769409e-01,2.329946868121623993e-02,-3.336936235427856445e-01,-1.946342438459396362e-01,7.096256315708160400e-02,2.377174049615859985e-02,9.505422413349151611e-02,3.671125322580337524e-02,-6.968759000301361084e-02,-1.482267230749130249e-01,-3.935227692127227783e-01,1.809011250734329224e-01,-3.040286004543304443e-01,-5.041196942329406738e-02,1.938440650701522827e-01,-1.450821291655302048e-03,-2.121136486530303955e-01,1.342739313840866089e-01,-7.996405474841594696e-03,4.328567534685134888e-02,-3.827156126499176025e-01,-3.076077625155448914e-02,4.221928119659423828e-01,2.026845514774322510e-01,-3.711160719394683838e-01,-3.333095908164978027e-01,2.940128557384014130e-02,-4.852699115872383118e-02,4.205315411090850830e-01,-1.432696133852005005e-01,-3.554056286811828613e-01,5.258601531386375427e-02,3.864515423774719238e-01,-3.090316355228424072e-01,9.876884520053863525e-02,1.562175601720809937e-01,-4.196592271327972412e-01,1.188985183835029602e-01,2.377877980470657349e-01,3.009498417377471924e-01,3.275799751281738281e-01,-1.083390340209007263e-01,-3.130740523338317871e-01,-1.494753658771514893e-01,-9.887064807116985321e-03,1.846076399087905884e-01
1.300480663776397705e-01,6.649546325206756592e-02,-3.503566682338714600e-01,1.283126026391983032e-01,2.637296020984649658e-01,2.384565770626068115e-02,4.656794015318155289e-03,2.488168030977249146e-01,9.642322547733783722e-03,4.833730310201644897e-02,4.463933780789375305e-02,-9.417611360549926758e-02,2.873588502407073975e-01,1.749756336212158203e-01,3.648768067359924316e-01,3.034929633140563965e-01,-8.823094889521598816e-03,2.558805942535400391e-01,-3.002932667732238770e-02,-1.598418802022933960e-01,-2.759465016424655914e-02,3.252196013927459717e-01,1.649488210678100586e-01,1.024608165025711060e-01,1.427045837044715881e-02,3.240964710712432861e-01,-3.488996922969818115e-01,-1.743362247943878174e-01,2.498485893011093140e-01,-8.774506300687789917e-02,4.899634048342704773e-02,-2.619681656360626221e-01,1.710987836122512817e-01,1.529144048690795898e-01,1.344066462479531765e-03,-3.113405704498291016e-01,3.406298113986849785e-03,6.684905290603637695e-02,-2.954691946506500244e-01,-3.352608084678649902e-01,3.230431973934173584e-01,1.105690095573663712e-02,3.383701145648956299e-01,4.082692041993141174e-02,6.761783361434936523e-02,-3.028327226638793945e-01,-3.839814066886901855e-01,-8.282238990068435669e-02,-5.475624650716781616e-02,8.942527323961257935e-02,1.247186213731765747e-02,-6.352864205837249756e-02,5.304111912846565247e-02,-3.637119382619857788e-02,-8.918911963701248169e-02,-3.346565365791320801e-01,8.923624455928802490e-02,3.157351538538932800e-02,-2.987433373928070068e-01,-1.115281805396080017e-01,8.443996310234069824e-02,-2.124898321926593781e-02,1.740672439336776733e-02,6.773546338081359863e-02,3.395641688257455826e-03,-4.111659899353981018e-02,1.577295362949371338e-01,3.944802284240722656e-01,-3.095056414604187012e-01,9.357134997844696045e-02,-2.049132883548736572e-01,-6.709554046392440796e-02,-2.656856924295425415e-02,2.879239320755004883e-01,-9.392511844635009766e-02,-3.159896731376647949e-01,-1.922309771180152893e-02,3.438217341899871826e-01,-8.210139721632003784e-02,-2.428506165742874146e-01,2.627494633197784424e-01,6.763230543583631516e-03,-3.537493050098419189e-01,1.659506745636463165e-02,-2.595526576042175293e-01,-3.764729797840118408e-01,2.991582155227661133e-01,2.441099844872951508e-02,1.719823926687240601e-01,1.509283017367124557e-02,-1.216949075460433960e-01,-5.852733924984931946e-02,-1.893235743045806885e-01,4.379601031541824341e-02,-1.876281797885894775e-01,-2.219204907305538654e-04,3.523438572883605957e-01,-1.189695787616074085e-03,-2.484211176633834839e-01,7.160705327987670898e-02,-1.823454536497592926e-02,1.057288274168968201e-01,-2.633777260780334473e-01,-3.316928073763847351e-02,2.794716656208038330e-01,5.296278372406959534e-02,-1.039980053901672363e-01,-2.647686600685119629e-01,-1.444053798913955688e-01,-3.376277536153793335e-02,1.801944375038146973e-01,2.441703341901302338e-02,-2.347220182418823242e-01,-1.647908240556716919e-01,4.289079606533050537e-01,-3.514105677604675293e-01,2.474738210439682007e-01,4.879356920719146729e-02,-3.868124783039093018e-01,5.318432673811912537e-02,2.218084484338760376e-01,2.897992134094238281e-01,2.961435616016387939e-01,-1.340021491050720215e-01,-2.350576817989349365e-01,-1.083758845925331116e-01,-2.873792126774787903e-02,1.332925111055374146e-01
-3.073189035058021545e-02,1.686688326299190521e-02,-1.955495327711105347e-01,1.704655289649963379e-01,2.384565770626068115e-02,2.216290533542633057e-01,3.573228837922215462e-03,1.202465295791625977e-01,-8.800647407770156860e-02,8.742031641304492950e-03,1.901892013847827911e-02,-5.442832410335540771e-02,5.891360342502593994e-02,6.031676381826400757e-02,1.060896813869476318e-01,8.031398802995681763e-02,1.917219255119562149e-03,9.841831773519515991e-02,-5.918655171990394592e-02,-8.541022241115570068e-02,4.762955754995346069e-02,1.845120340585708618e-01,1.645520776510238647e-01,-5.002297088503837585e-02,1.451859436929225922e-02,8.992819488048553467e-02,-1.314190924167633057e-01,6.187096983194351196e-02,1.831562519073486328e-01,-3.419806808233261108e-02,6.833938509225845337e-02,-1.467090398073196411e-01,9.005660563707351685e-02,1.186256259679794312e-01,-5.329622421413660049e-03,-1.395391225814819336e-01,1.904501765966415405e-02,2.463508024811744690e-02,-6.435964256525039673e-02,-1.920948326587677002e-01,8.624405413866043091e-02,-1.461293455213308334e-02,1.722038239240646362e-01,1.985924504697322845e-02,6.623025238513946533e-02,-1.016818881034851074e-01,-1.271627247333526611e-01,-5.067982152104377747e-02,-5.180708691477775574e-02,-3.411880135536193848e-02,9.951388090848922729e-02,-7.041189074516296387e-02,4.063710197806358337e-02,-1.435223072767257690e-01,-1.287124236114323139e-03,-1.597812771797180176e-01,5.613403022289276123e-02,1.360213104635477066e-02,-4.117095097899436951e-02,-6.783811748027801514e-02,8.961160783655941486e-04,1.832783408463001251e-02,9.394376538693904877e-03,-1.665295846760272980e-02,1.046004705131053925e-02,-1.432366110384464264e-02,4.308786243200302124e-02,1.422718018293380737e-01,-1.256471276283264160e-01,-1.957136206328868866e-02,-1.053633689880371094e-01,-5.916139110922813416e-02,-2.502803876996040344e-02,1.289174556732177734e-01,-5.602807737886905670e-03,-8.830087631940841675e-02,2.245059702545404434e-03,1.773818880319595337e-01,-7.550949603319168091e-02,-1.530865281820297241e-01,2.134682685136795044e-01,4.329081159085035324e-03,-1.025699898600578308e-01,2.051270101219415665e-03,-1.051658242940902710e-01,-2.047564089298248291e-02,5.770848318934440613e-02,9.311479516327381134e-03,-3.144285827875137329e-02,2.289831079542636871e-02,-2.325480058789253235e-02,-4.864694178104400635e-02,-1.504566669464111328e-01,7.183011621236801147e-02,-1.047550588846206665e-01,-6.922585517168045044e-02,9.148351848125457764e-02,-5.824892432428896427e-04,-1.128045991063117981e-01,2.550819516181945801e-02,-3.955643996596336365e-02,-1.145040336996316910e-02,-1.389178037643432617e-01,-1.108711119741201401e-02,1.717189252376556396e-01,1.769993007183074951e-01,-1.480725854635238647e-01,-1.418206393718719482e-01,8.881585299968719482e-02,-1.519337389618158340e-02,1.490543335676193237e-01,-1.232391223311424255e-01,-1.508127152919769287e-01,1.035444065928459167e-01,1.824540793895721436e-01,-8.912572264671325684e-02,5.088543519377708435e-02,1.060046777129173279e-01,-1.743879616260528564e-01,4.228020459413528442e-02,1.261148750782012939e-01,1.099563017487525940e-01,1.176651716232299805e-01,-3.383146366104483604e-03,-1.818022280931472778e-01,-4.953795671463012695e-02,4.996853880584239960e-03,1.142799705266952515e-01
1.753136701881885529e-02,-7.690410129725933075e-03,-2.692884206771850586e-02,-2.975611388683319092e-02,4.656794015318155289e-03,3.573228837922215462e-03,8.536806702613830566e-02,-1.821484230458736420e-02,-5.318819239619188011e-05,1.732386834919452667e-02,3.870510961860418320e-03,-1.283700228668749332e-03,-2.432246133685112000e-02,3.156336490064859390e-03,1.177098136395215988e-02,-3.978933207690715790e-03,7.800185587257146835e-03,-6.392334401607513428e-02,-3.388942219316959381e-03,-3.935899212956428528e-02,1.524206344038248062e-02,-2.053831703960895538e-03,9.195612743496894836e-03,-2.301023900508880615e-02,-9.203985333442687988e-03,-3.977163578383624554e-04,-2.421180950477719307e-03,2.048251219093799591e-02,4.169626161456108093e-02,-8.204954117536544800e-02,-7.296586991287767887e-04,2.136296126991510391e-03,4.190565552562475204e-03,1.366222929209470749e-02,-5.538603756576776505e-03,1.120528671890497208e-02,-1.171400211751461029e-02,3.824851009994745255e-03,-8.128830045461654663e-02,-4.407214466482400894e-03,1.982561126351356506e-02,1.753200404345989227e-02,-3.896629065275192261e-02,4.009119234979152679e-03,-4.412748385220766068e-03,-9.469276666641235352e-02,-4.741489514708518982e-02,3.621594514697790146e-03,3.952209651470184326e-02,-2.277791313827037811e-02,-5.805986467748880386e-03,1.364180166274309158e-02,-3.850255906581878662e-02,3.725789859890937805e-02,-1.867248490452766418e-02,-1.960661495104432106e-03,-5.913502536714076996e-03,1.813775743357837200e-03,-2.418942190706729889e-02,6.175514310598373413e-03,-2.025890536606311798e-02,2.331572957336902618e-02,1.844672486186027527e-03,8.756762742996215820e-02,2.330219931900501251e-02,4.521283786743879318e-03,-1.052471250295639038e-02,-7.323298603296279907e-03,1.824781298637390137e-02,2.632430754601955414e-02,-3.002485446631908417e-02,-6.839883327484130859e-02,3.908689320087432861e-02,2.292408607900142670e-02,-1.737336046062409878e-03,-4.734515398740768433e-02,-3.814784577116370201e-03,5.668500438332557678e-02,1.575095084263011813e-04,-6.709542503813281655e-06,1.359943300485610962e-02,4.986814456060528755e-04,-1.351111941039562225e-02,-4.407314117997884750e-03,-3.458218649029731750e-02,-1.752309873700141907e-02,9.089875966310501099e-02,-3.264516592025756836e-03,3.818278387188911438e-02,1.301612518727779388e-02,-3.078686818480491638e-02,8.607519790530204773e-03,2.593178302049636841e-02,-3.599817678332328796e-02,-2.263906644657254219e-03,-1.123784095398150384e-04,3.854545578360557556e-02,-1.638506946619600058e-04,-1.553134154528379440e-02,3.122954070568084717e-02,-2.157993242144584656e-02,7.974342256784439087e-02,-2.136393450200557709e-03,-3.259707475081086159e-03,3.281661123037338257e-02,4.620300233364105225e-02,-1.850791461765766144e-02,2.340992912650108337e-02,-8.965628594160079956e-02,-1.524939434602856636e-03,-4.102173820137977600e-02,-4.516268894076347351e-02,4.532060399651527405e-02,5.421378836035728455e-02,-7.539773359894752502e-03,-2.574299089610576630e-02,2.774463593959808350e-02,1.094189751893281937e-02,-5.404073372483253479e-02,-5.612060893326997757e-03,6.847058981657028198e-02,4.364701360464096069e-02,9.650073945522308350e-03,-6.740528624504804611e-03,1.963000046089291573e-03,-5.520463734865188599e-02,1.032460015267133713e-02,1.514308154582977295e-02
2.767009139060974121e-01,5.290475487709045410e-02,-3.444392085075378418e-01,2.067407667636871338e-01,2.488168030977249146e-01,1.202465295791625977e-01,-1.821484230458736420e-02,4.406351447105407715e-01,-2.530897967517375946e-02,3.328350931406021118e-02,4.301245883107185364e-02,-1.137654632329940796e-01,2.628124356269836426e-01,3.796064257621765137e-01,4.056470990180969238e-01,2.933553755283355713e-01,-9.242206811904907227e-03,2.207129150629043579e-01,1.023077778518199921e-02,-1.373054832220077515e-01,-1.992581225931644440e-02,3.457723855972290039e-01,2.322050482034683228e-01,-3.435790538787841797e-03,9.735202416777610779e-03,2.142471522092819214e-01,-3.141137063503265381e-01,-1.502532958984375000e-01,2.946111857891082764e-01,-1.377655416727066040e-01,1.768849976360797882e-02,-2.423468083143234253e-01,1.173114329576492310e-01,2.212589979171752930e-01,-2.014276199042797089e-02,-3.453049063682556152e-01,4.298795014619827271e-03,6.293759495019912720e-02,-3.354910612106323242e-01,-4.672043323516845703e-01,2.680280208587646484e-01,2.646325901150703430e-02,3.184961080551147461e-01,4.713819175958633423e-02,2.492837756872177124e-01,-3.537245392799377441e-01,-3.922796845436096191e-01,-1.088820695877075195e-01,-8.099780976772308350e-02,1.198295503854751587e-02,8.248899132013320923e-02,-1.354857832193374634e-01,6.905329227447509766e-02,-1.809493303298950195e-01,-1.036668270826339722e-01,-3.725839853286743164e-01,1.430506855249404907e-01,3.992165625095367432e-02,-1.922111511230468750e-01,-1.226828470826148987e-01,9.942741692066192627e-02,-1.298926584422588348e-02,2.172352932393550873e-02,-5.535142868757247925e-02,-2.102918922901153564e-02,-1.759232580661773682e-02,1.190993711352348328e-01,3.771113157272338867e-01,-3.177838623523712158e-01,3.533110395073890686e-02,-2.358722239732742310e-01,-2.225638329982757568e-01,-3.629234060645103455e-02,3.127424418926239014e-01,-6.334856897592544556e-02,-2.361174225807189941e-01,-1.433981396257877350e-02,3.585564196109771729e-01,-1.667246818542480469e-01,-2.895800173282623291e-01,2.866471111774444580e-01,8.475380949676036835e-03,-3.720586895942687988e-01,1.394229102879762650e-02,-2.612461149692535400e-01,-3.069263398647308350e-01,2.753103077411651611e-01,2.336497418582439423e-02,8.124339580535888672e-02,2.748794853687286377e-02,-9.393268078565597534e-02,-6.267910450696945190e-02,-1.565342396497726440e-01,-2.731116255745291710e-03,-1.570466011762619019e-01,-5.686518177390098572e-02,3.834387362003326416e-01,-1.235248404555022717e-03,-2.740178406238555908e-01,9.711184352636337280e-02,-5.082967504858970642e-02,7.210302352905273438e-02,-2.671973705291748047e-01,-3.326982632279396057e-02,2.191741019487380981e-01,1.564577519893646240e-01,-3.791071102023124695e-02,-2.825518548488616943e-01,-5.124686658382415771e-02,-1.692649535834789276e-02,2.788421213626861572e-01,1.422282122075557709e-02,-2.651921808719635010e-01,-1.843922734260559082e-01,4.518538713455200195e-01,-3.049674034118652344e-01,3.080624938011169434e-01,3.862333297729492188e-02,-4.691993594169616699e-01,4.801413044333457947e-02,1.548019498586654663e-01,2.948267161846160889e-01,2.696595788002014160e-01,-2.336416393518447876e-02,-2.606118917465209961e-01,-1.255613863468170166e-01,-3.091550059616565704e-02,1.590625345706939697e-01
5.479932576417922974e-02,3.214220050722360611e-04,1.936849579215049744e-02,-2.825953625142574310e-02,9.642322547733783722e-03,-8.800647407770156860e-02,-5.318819239619188011e-05,-2.530897967517375946e-02,6.563118100166320801e-02,1.406032592058181763e-02,-1.714822649955749512e-02,-1.028520404361188412e-03,2.591689862310886383e-02,4.621751233935356140e-02,2.740533649921417236e-02,1.166796963661909103e-02,6.673183292150497437e-03,3.746626665815711021e-03,2.077388577163219452e-02,1.634554937481880188e-02,-1.103909462690353394e-01,-1.350781042128801346e-02,-2.310619875788688660e-02,-1.646809652447700500e-02,4.300103988498449326e-03,2.825821749866008759e-02,4.795233719050884247e-03,-4.337423946708440781e-03,-7.959303259849548340e-02,2.994236722588539124e-02,-3.674823790788650513e-02,-3.772864863276481628e-02,3.474545851349830627e-02,-2.185127325356006622e-02,3.860507393255829811e-03,-9.566622786223888397e-03,-3.159137442708015442e-03,-3.383327275514602661e-04,-4.948457935824990273e-04,-1.743583939969539642e-02,4.027567431330680847e-02,1.952397264540195465e-02,-4.599313065409660339e-02,-2.866346389055252075e-03,-3.866856172680854797e-02,-3.715039417147636414e-02,-5.319277755916118622e-03,-5.052082240581512451e-03,2.375839278101921082e-02,2.192218601703643799e-02,-6.268167495727539062e-02,3.946121409535408020e-02,9.262696839869022369e-03,2.987287193536758423e-02,2.428375557065010071e-02,1.085659582167863846e-02,-6.923333741724491119e-03,-1.501766382716596127e-03,-1.347995735704898834e-02,-5.696936976164579391e-03,-2.062892168760299683e-02,2.035737782716751099e-02,2.630870556458830833e-03,6.848087161779403687e-02,-8.536435663700103760e-03,-6.313975900411605835e-03,-6.321333348751068115e-03,1.578186638653278351e-02,-1.310419570654630661e-02,-3.751899348571896553e-03,1.948098215507343411e-04,5.859697982668876648e-02,-1.852028816938400269e-02,1.872009225189685822e-02,-2.302481606602668762e-02,-6.720171310007572174e-03,-2.609579591080546379e-03,8.803879842162132263e-03,-3.008053824305534363e-02,2.401416189968585968e-03,1.405343064107000828e-03,2.920370607171207666e-04,1.518361456692218781e-02,2.920981496572494507e-03,-2.695635333657264709e-02,-2.588128671050071716e-02,-1.013045851141214371e-02,-1.441374886780977249e-03,5.160992592573165894e-02,-5.582153098657727242e-04,-6.020484725013375282e-04,-1.552824582904577255e-02,-3.785046050325036049e-03,8.853261359035968781e-03,-1.150302216410636902e-02,1.889665052294731140e-02,-2.857394516468048096e-03,-7.857169111957773566e-05,-1.595162204466760159e-03,2.721099928021430969e-02,1.600433886051177979e-02,3.266448900103569031e-02,-2.307868562638759613e-02,-3.145560913253575563e-04,-8.403744548559188843e-03,-3.442395851016044617e-02,-1.351577788591384888e-02,1.542564947158098221e-02,-5.775888264179229736e-02,-3.738770261406898499e-03,6.378666311502456665e-02,1.735522598028182983e-02,1.204051077365875244e-03,-4.293522983789443970e-02,-3.087047860026359558e-02,-1.826855726540088654e-02,8.736353367567062378e-03,-2.863826043903827667e-02,-3.551136329770088196e-02,8.721493184566497803e-03,-2.343125641345977783e-02,2.585833892226219177e-02,2.338962256908416748e-02,-2.747312001883983612e-02,2.074931375682353973e-02,-4.426529258489608765e-02,-2.221072791144251823e-03,-2.923845499753952026e-02
-5.074547952972352505e-04,1.788423396646976471e-02,-1.231880560517311096e-01,5.283410847187042236e-02,4.833730310201644897e-02,8.742031641304492950e-03,1.732386834919452667e-02,3.328350931406021118e-02,1.406032592058181763e-02,2.581395022571086884e-02,1.171504333615303040e-02,-3.672043979167938232e-02,9.413635730743408203e-02,2.609333954751491547e-02,1.045055314898490906e-01,9.061504900455474854e-02,6.356939673423767090e-03,8.128499984741210938e-02,-3.045047633349895477e-02,-5.606815591454505920e-02,-3.655824065208435059e-02,1.190962567925453186e-01,7.036240398883819580e-02,-1.682447828352451324e-02,1.211243122816085815e-02,1.385544985532760620e-01,-1.123262345790863037e-01,1.196932885795831680e-02,6.898225843906402588e-02,8.981635794043540955e-03,1.802128739655017853e-02,-1.320088654756546021e-01,9.246350079774856567e-02,5.040907114744186401e-02,3.226919565349817276e-03,-1.128031387925148010e-01,4.979019984602928162e-03,2.472390793263912201e-02,-8.090312033891677856e-02,-1.037257388234138489e-01,1.257583498954772949e-01,1.497155521064996719e-03,8.702398836612701416e-02,1.154874730855226517e-02,-2.015708200633525848e-02,-1.201401874423027039e-01,-1.244490668177604675e-01,-2.379918284714221954e-02,-6.842180155217647552e-04,7.812536321580410004e-03,-1.284781284630298615e-02,1.378196291625499725e-02,1.961167342960834503e-02,-1.540632918477058411e-02,-2.566697308793663979e-03,-1.044478565454483032e-01,2.659133076667785645e-02,9.506761096417903900e-03,-8.024196326732635498e-02,-4.632906615734100342e-02,-1.403346192091703415e-02,2.141647972166538239e-02,6.851248443126678467e-03,7.251960039138793945e-02,1.191015634685754776e-02,-2.416597679257392883e-02,3.794381767511367798e-02,1.180344671010971069e-01,-1.132636889815330505e-01,-1.277817180380225182e-03,-7.668993622064590454e-02,2.923168987035751343e-02,-2.607320435345172882e-02,1.181839779019355774e-01,-3.364706411957740784e-02,-8.887024968862533569e-02,-5.161650478839874268e-03,1.407131105661392212e-01,-4.110914096236228943e-02,-1.006170883774757385e-01,1.314171105623245239e-01,2.934523858129978180e-03,-7.341113686561584473e-02,6.527399644255638123e-03,-9.916596859693527222e-02,-1.010514497756958008e-01,6.061898544430732727e-02,7.329906802624464035e-03,7.508820295333862305e-02,1.453130692243576050e-02,-3.536145016551017761e-02,-3.340848535299301147e-02,-1.010737568140029907e-01,4.092938452959060669e-02,-9.373006969690322876e-02,4.722712328657507896e-04,6.690544635057449341e-02,-5.013223271816968918e-04,-8.212792873382568359e-02,4.105788469314575195e-02,-6.531216204166412354e-03,5.386646836996078491e-02,-1.225654557347297668e-01,-1.149596087634563446e-02,1.412757039070129395e-01,2.780937962234020233e-02,-1.023325249552726746e-01,-9.179732948541641235e-02,-4.063967987895011902e-02,-1.841091364622116089e-02,1.073303520679473877e-01,-3.661798685789108276e-02,-9.099803864955902100e-02,2.453288622200489044e-02,1.138874888420104980e-01,-1.194396987557411194e-01,4.483300819993019104e-02,4.949348419904708862e-02,-1.395826041698455811e-01,3.229800984263420105e-02,9.772125631570816040e-02,1.112395077943801880e-01,1.115523725748062134e-01,-5.166872963309288025e-02,-1.005788892507553101e-01,-6.896126270294189453e-02,7.108089630492031574e-05,3.975079208612442017e-02
-6.634219735860824585e-02,2.449132315814495087e-02,-1.448963284492492676e-01,-1.156564895063638687e-02,4.463933780789375305e-02,1.901892013847827911e-02,3.870510961860418320e-03,4.301245883107185364e-02,-1.714822649955749512e-02,1.171504333615303040e-02,8.911818265914916992e-02,-3.677178174257278442e-02,1.401671320199966431e-01,-3.292855620384216309e-02,9.758740663528442383e-02,1.212876662611961365e-01,-1.888588885776698589e-03,6.725899130105972290e-02,-3.197930753231048584e-02,-8.956880122423171997e-02,1.512163430452346802e-01,1.336044371128082275e-01,1.082476079463958740e-01,2.850974723696708679e-02,2.508059144020080566e-03,1.700443923473358154e-01,-1.568893790245056152e-01,-2.203891612589359283e-02,1.800437569618225098e-01,2.932273549959063530e-03,5.509014055132865906e-02,-9.322948753833770752e-02,8.510231040418148041e-03,1.208462640643119812e-01,-5.766666959971189499e-03,-1.404274702072143555e-01,-2.573287580162286758e-03,3.234200924634933472e-02,-1.152189821004867554e-01,-1.543067209422588348e-02,7.632324844598770142e-02,-4.191114753484725952e-02,1.572249531745910645e-01,1.466074679046869278e-02,2.934099733829498291e-02,-1.443500518798828125e-01,-1.525480002164840698e-01,2.391503192484378815e-02,-2.628045901656150818e-02,-6.424596160650253296e-02,3.388421609997749329e-02,-2.468830347061157227e-02,-2.612135000526905060e-02,2.131444774568080902e-02,-8.762370795011520386e-02,-1.331034451723098755e-01,4.316538199782371521e-02,1.714928261935710907e-02,-7.873696833848953247e-02,-2.640449069440364838e-02,4.145926237106323242e-02,-1.963958330452442169e-02,-2.686714578885585070e-04,-5.146580561995506287e-02,1.064854487776756287e-02,-2.330927550792694092e-02,5.126643180847167969e-02,9.133689105510711670e-02,-1.486856192350387573e-01,-4.388077184557914734e-03,-6.074179708957672119e-02,-8.217505365610122681e-02,-1.673283614218235016e-02,1.282971799373626709e-01,-8.638075087219476700e-04,-1.129876449704170227e-02,-7.796186022460460663e-03,1.524871885776519775e-01,9.650430828332901001e-02,-1.019581332802772522e-01,6.704824417829513550e-02,3.015002468600869179e-03,-1.116174757480621338e-01,4.450650885701179504e-03,-6.732183042913675308e-03,-1.618410944938659668e-01,9.147599339485168457e-02,1.273439731448888779e-02,8.589661121368408203e-02,1.733236946165561676e-02,-3.581548109650611877e-02,2.224018238484859467e-02,-5.456107109785079956e-02,7.299303077161312103e-03,-7.148082554340362549e-02,6.671983748674392700e-03,5.097204819321632385e-02,-3.905976482201367617e-04,-1.256345361471176147e-01,-2.886512689292430878e-02,-2.942487224936485291e-02,4.215614497661590576e-02,-1.078694686293601990e-01,-1.475570816546678543e-02,1.456970721483230591e-01,-6.300806999206542969e-02,-2.441763412207365036e-03,-1.152076572179794312e-01,9.815924800932407379e-03,-1.826638169586658478e-02,1.628675311803817749e-02,9.040615521371364594e-03,-9.580103307962417603e-02,6.111715734004974365e-02,1.548526436090469360e-01,-1.300491839647293091e-01,6.008375808596611023e-02,8.772884309291839600e-02,-8.490829169750213623e-02,9.693446569144725800e-03,1.238344162702560425e-01,9.145558625459671021e-02,9.271613508462905884e-02,-2.569213695824146271e-02,-1.566824913024902344e-01,-2.075220644474029541e-02,3.251972841098904610e-03,1.731221377849578857e-02
7.853561546653509140e-04,-3.693685680627822876e-02,2.420131713151931763e-01,-1.221086457371711731e-01,-9.417611360549926758e-02,-5.442832410335540771e-02,-1.283700228668749332e-03,-1.137654632329940796e-01,-1.028520404361188412e-03,-3.672043979167938232e-02,-3.677178174257278442e-02,7.525060325860977173e-02,-1.893167197704315186e-01,-6.566393375396728516e-02,-2.056725472211837769e-01,-1.820748895406723022e-01,-6.906524300575256348e-03,-1.705319434404373169e-01,5.553762614727020264e-02,1.038459762930870056e-01,1.821913011372089386e-02,-2.434803694486618042e-01,-1.559985280036926270e-01,2.867985703051090240e-02,-2.286174334585666656e-02,-2.502191960811614990e-01,2.237638533115386963e-01,-9.877653792500495911e-03,-1.677499860525131226e-01,-2.219739370048046112e-02,-4.347854480147361755e-02,2.391865402460098267e-01,-1.486788392066955566e-01,-1.217165291309356689e-01,-1.776042394340038300e-03,2.324592173099517822e-01,-1.205417420715093613e-02,-4.846628010272979736e-02,1.496696174144744873e-01,2.076740562915802002e-01,-2.151087224483489990e-01,1.037474162876605988e-02,-2.037251889705657959e-01,-2.391007170081138611e-02,-1.279953960329294205e-02,2.111925184726715088e-01,2.374526709318161011e-01,4.421161487698554993e-02,2.846462279558181763e-02,4.381903447210788727e-03,-9.416035376489162445e-03,6.878904998302459717e-03,-4.292712360620498657e-02,6.491220742464065552e-02,2.239133603870868683e-02,2.193034589290618896e-01,-6.764407455921173096e-02,-2.146336995065212250e-02,1.336226314306259155e-01,8.991397172212600708e-02,9.840594138950109482e-04,-2.337203547358512878e-02,-1.188831124454736710e-02,-5.693538114428520203e-02,-1.406672410666942596e-02,4.293694347143173218e-02,-7.619509100914001465e-02,-2.258420288562774658e-01,2.301564812660217285e-01,1.614613644778728485e-02,1.442638337612152100e-01,-1.790451444685459137e-02,5.731961503624916077e-02,-2.258491367101669312e-01,5.028843879699707031e-02,1.357627063989639282e-01,8.216588757932186127e-03,-2.609907090663909912e-01,6.548281013965606689e-02,2.067801356315612793e-01,-2.441948950290679932e-01,-5.819569341838359833e-03,1.568583697080612183e-01,-1.275630760937929153e-02,1.649782806634902954e-01,1.909082680940628052e-01,-9.794028103351593018e-02,-1.647851057350635529e-02,-1.108740791678428650e-01,-2.666096761822700500e-02,5.675316229462623596e-02,5.567796900868415833e-02,1.886646598577499390e-01,-7.361518591642379761e-02,1.700157076120376587e-01,1.119559537619352341e-02,-1.285486817359924316e-01,9.037820855155587196e-04,1.694128662347793579e-01,-5.788921937346458435e-02,1.837631687521934509e-02,-6.703959405422210693e-02,2.312653958797454834e-01,2.223140560090541840e-02,-2.571745812892913818e-01,-5.290123075246810913e-02,1.607675999402999878e-01,1.978529542684555054e-01,1.923175528645515442e-02,3.152247518301010132e-02,-2.063961029052734375e-01,5.169598385691642761e-02,1.984524279832839966e-01,-3.613663092255592346e-02,-2.471788525581359863e-01,2.181054800748825073e-01,-9.410969167947769165e-02,-1.026922017335891724e-01,2.556083202362060547e-01,-5.787907168269157410e-02,-1.706036180257797241e-01,-1.974409222602844238e-01,-2.028246372938156128e-01,7.089529186487197876e-02,2.146838605403900146e-01,1.018389612436294556e-01,3.114862367510795593e-03,-8.130370825529098511e-02
