9.999981522560119629e-01,-9.999985098838806152e-01,-9.999857544898986816e-01,9.999981522560119629e-01,9.999987483024597168e-01,-9.999986290931701660e-01,9.999946951866149902e-01,9.999989271163940430e-01,-9.999971389770507812e-01,9.999971389770507812e-01,-9.999979138374328613e-01,-9.999988675117492676e-01,9.999981522560119629e-01,9.999979734420776367e-01,9.999653697013854980e-01,9.999975562095642090e-01,9.999976754188537598e-01,-9.999985694885253906e-01,9.999893307685852051e-01,-9.999990463256835938e-01,-9.999989271163940430e-01,9.999848604202270508e-01,9.999982118606567383e-01,9.999985694885253906e-01,9.999894499778747559e-01,9.999990463256835938e-01,-9.999984502792358398e-01,-9.999988675117492676e-01,9.999763965606689453e-01,-9.999961853027343750e-01,-9.999949932098388672e-01,-9.999986290931701660e-01,9.999939203262329102e-01,9.999974966049194336e-01,-9.999966025352478027e-01,-9.999884963035583496e-01,9.999989867210388184e-01,9.999985694885253906e-01,9.999927282333374023e-01,-9.999989271163940430e-01,9.999984502792358398e-01,-9.999970197677612305e-01,9.999459385871887207e-01,9.999987483024597168e-01,9.999974966049194336e-01,9.999979734420776367e-01,9.999879598617553711e-01,9.999980330467224121e-01,9.999987483024597168e-01,-9.999985098838806152e-01,-9.999986886978149414e-01,-9.999974370002746582e-01,-9.999986290931701660e-01,-9.999906420707702637e-01,-9.999963045120239258e-01,-9.999979138374328613e-01,-9.999974370002746582e-01,9.999336004257202148e-01,9.999978542327880859e-01,9.999981522560119629e-01,-9.999971985816955566e-01,9.999988675117492676e-01,9.999982118606567383e-01,9.999948143959045410e-01,-9.999956488609313965e-01,-9.999987483024597168e-01,-9.999989271163940430e-01,-9.999940395355224609e-01,-9.999985694885253906e-01,9.999988079071044922e-01,-9.999987483024597168e-01,9.999980330467224121e-01,9.999965429306030273e-01,-9.999903440475463867e-01,-9.997326731681823730e-01,-9.999981522560119629e-01,9.999917745590209961e-01,9.999985694885253906e-01,-9.999911189079284668e-01,-9.999969601631164551e-01,-9.999617934226989746e-01,9.999974966049194336e-01,-9.999988079071044922e-01,9.999942183494567871e-01,-9.999982714653015137e-01,-9.999833106994628906e-01,9.999911189079284668e-01,9.999988079071044922e-01,-9.998826384544372559e-01,9.999970793724060059e-01,-9.999980926513671875e-01,9.999982714653015137e-01,-9.999740123748779297e-01,-9.999980330467224121e-01,9.999985098838806152e-01,-9.999978542327880859e-01,-9.999904036521911621e-01,9.999988675117492676e-01,-9.999988079071044922e-01,9.999884366989135742e-01,-9.999971985816955566e-01,9.999986290931701660e-01,-9.999786019325256348e-01,-9.999756813049316406e-01,9.999985694885253906e-01,9.999967813491821289e-01,9.999521970748901367e-01,-9.999976754188537598e-01,-9.999944567680358887e-01,9.999985694885253906e-01,-9.999977350234985352e-01,9.999986290931701660e-01,-9.999980330467224121e-01,-9.999878406524658203e-01,9.999990463256835938e-01,-9.999983310699462891e-01,9.999986886978149414e-01,-9.999986886978149414e-01,-9.999935626983642578e-01,-9.999982118606567383e-01,-9.999988675117492676e-01,9.999956488609313965e-01,9.999985694885253906e-01,-9.999974370002746582e-01,9.998803734779357910e-01,-9.999954104423522949e-01,9.999829530715942383e-01,-9.999976158142089844e-01
-9.999985098838806152e-01,9.999986886978149414e-01,9.999877214431762695e-01,-9.999985098838806152e-01,-9.999990463256835938e-01,9.999988675117492676e-01,-9.999954104423522949e-01,-9.999991655349731445e-01,9.999974370002746582e-01,-9.999974370002746582e-01,9.999982714653015137e-01,9.999990463256835938e-01,-9.999983906745910645e-01,-9.999982118606567383e-01,-9.999699592590332031e-01,-9.999979138374328613e-01,-9.999979734420776367e-01,9.999988079071044922e-01,-9.999908208847045898e-01,9.999992847442626953e-01,9.999991059303283691e-01,-9.999869465827941895e-01,-9.999984502792358398e-01,-9.999987483024597168e-01,-9.999908208847045898e-01,-9.999991655349731445e-01,9.999987483024597168e-01,9.999990463256835938e-01,-9.999794960021972656e-01,9.999966621398925781e-01,9.999955892562866211e-01,9.999986886978149414e-01,-9.999946951866149902e-01,-9.999978542327880859e-01,9.999970793724060059e-01,9.999900460243225098e-01,-9.999992251396179199e-01,-9.999988675117492676e-01,-9.999936819076538086e-01,9.999990463256835938e-01,-9.999987483024597168e-01,9.999973773956298828e-01,-9.999530911445617676e-01,-9.999989867210388184e-01,-9.999979138374328613e-01,-9.999983310699462891e-01,-9.999895095825195312e-01,-9.999982714653015137e-01,-9.999989867210388184e-01,9.999988079071044922e-01,9.999989271163940430e-01,9.999978542327880859e-01,9.999988675117492676e-01,9.999918341636657715e-01,9.999967813491821289e-01,9.999982118606567383e-01,9.999977946281433105e-01,-9.999423623085021973e-01,-9.999980926513671875e-01,-9.999983906745910645e-01,9.999976158142089844e-01,-9.999991059303283691e-01,-9.999984502792358398e-01,-9.999955296516418457e-01,9.999961256980895996e-01,9.999989271163940430e-01,9.999991059303283691e-01,9.999948740005493164e-01,9.999987483024597168e-01,-9.999989867210388184e-01,9.999988675117492676e-01,-9.999983310699462891e-01,-9.999970197677612305e-01,9.999915957450866699e-01,9.997678995132446289e-01,9.999983906745910645e-01,-9.999929070472717285e-01,-9.999987483024597168e-01,9.999921917915344238e-01,9.999973773956298828e-01,9.999668598175048828e-01,-9.999978542327880859e-01,9.999989867210388184e-01,-9.999950528144836426e-01,9.999985098838806152e-01,9.999856352806091309e-01,-9.999922513961791992e-01,-9.999989867210388184e-01,9.998981952667236328e-01,-9.999973773956298828e-01,9.999984502792358398e-01,-9.999985098838806152e-01,9.999774098396301270e-01,9.999983310699462891e-01,-9.999987483024597168e-01,9.999982118606567383e-01,9.999917745590209961e-01,-9.999991059303283691e-01,9.999989867210388184e-01,-9.999899268150329590e-01,9.999975562095642090e-01,-9.999988079071044922e-01,9.999814629554748535e-01,9.999787807464599609e-01,-9.999987483024597168e-01,-9.999971985816955566e-01,-9.999585151672363281e-01,9.999979734420776367e-01,9.999951720237731934e-01,-9.999987483024597168e-01,9.999980926513671875e-01,-9.999988079071044922e-01,9.999983906745910645e-01,9.999895691871643066e-01,-9.999991655349731445e-01,9.999986290931701660e-01,-9.999989271163940430e-01,9.999988675117492676e-01,9.999945163726806641e-01,9.999984502792358398e-01,9.999990463256835938e-01,-9.999961853027343750e-01,-9.999988079071044922e-01,9.999977946281433105e-01,-9.998962283134460449e-01,9.999960064888000488e-01,-9.999852180480957031e-01,9.999979734420776367e-01
-9.999857544898986816e-01,9.999877214431762695e-01,9.998885393142700195e-01,-9.999859929084777832e-01,-9.999910593032836914e-01,9.999893307685852051e-01,-9.999585151672363281e-01,-9.999918937683105469e-01,9.999772310256958008e-01,-9.999773502349853516e-01,9.999837875366210938e-01,9.999909996986389160e-01,-9.999850988388061523e-01,-9.999843239784240723e-01,-9.997296333312988281e-01,-9.999811053276062012e-01,-9.999819993972778320e-01,9.999889731407165527e-01,-9.999173879623413086e-01,9.999923706054687500e-01,9.999912977218627930e-01,-9.998819828033447266e-01,-9.999852180480957031e-01,-9.999880790710449219e-01,-9.999173879623413086e-01,-9.999921917915344238e-01,9.999881386756896973e-01,9.999912381172180176e-01,-9.998158216476440430e-01,9.999704957008361816e-01,9.999603033065795898e-01,9.999885559082031250e-01,-9.999523758888244629e-01,-9.999807476997375488e-01,9.999732375144958496e-01,9.999102354049682617e-01,-9.999918937683105469e-01,-9.999892711639404297e-01,-9.999423027038574219e-01,9.999910593032836914e-01,-9.999879598617553711e-01,9.999768733978271484e-01,-9.995790123939514160e-01,-9.999896883964538574e-01,-9.999808073043823242e-01,-9.999840855598449707e-01,-9.999054670333862305e-01,-9.999847412109375000e-01,-9.999902844429016113e-01,9.999886751174926758e-01,9.999898076057434082e-01,9.999803900718688965e-01,9.999892711639404297e-01,9.999265074729919434e-01,9.999715089797973633e-01,9.999842047691345215e-01,9.999803304672241211e-01,-9.994825124740600586e-01,-9.999832510948181152e-01,-9.999858736991882324e-01,9.999780058860778809e-01,-9.999914169311523438e-01,-9.999861717224121094e-01,-9.999596476554870605e-01,9.999657273292541504e-01,9.999904632568359375e-01,9.999917745590209961e-01,9.999535679817199707e-01,9.999890327453613281e-01,-9.999906420707702637e-01,9.999895691871643066e-01,-9.999842047691345215e-01,-9.999735951423645020e-01,9.999240636825561523e-01,9.979193806648254395e-01,9.999856352806091309e-01,-9.999350905418395996e-01,-9.999891519546508789e-01,9.999309182167053223e-01,9.999760985374450684e-01,9.997023344039916992e-01,-9.999802112579345703e-01,9.999903440475463867e-01,-9.999547600746154785e-01,9.999865889549255371e-01,9.998697042465209961e-01,-9.999304413795471191e-01,-9.999907016754150391e-01,9.990857839584350586e-01,-9.999767541885375977e-01,9.999853372573852539e-01,-9.999869465827941895e-01,9.997969269752502441e-01,9.999849796295166016e-01,-9.999882578849792480e-01,9.999830722808837891e-01,9.999251961708068848e-01,-9.999913573265075684e-01,9.999902248382568359e-01,-9.999095201492309570e-01,9.999783635139465332e-01,-9.999895691871643066e-01,9.998329877853393555e-01,9.998093843460083008e-01,-9.999882578849792480e-01,-9.999752044677734375e-01,-9.996276497840881348e-01,9.999818205833435059e-01,9.999560117721557617e-01,-9.999884963035583496e-01,9.999831318855285645e-01,-9.999886155128479004e-01,9.999848008155822754e-01,9.999052286148071289e-01,-9.999922513961791992e-01,9.999872446060180664e-01,-9.999899268150329590e-01,9.999899268150329590e-01,9.999498724937438965e-01,9.999852776527404785e-01,9.999908208847045898e-01,-9.999653697013854980e-01,-9.999892115592956543e-01,9.999798536300659180e-01,-9.990682005882263184e-01,9.999634027481079102e-01,-9.998668432235717773e-01,9.999811649322509766e-01
9.999981522560119629e-01,-9.999985098838806152e-01,-9.999859929084777832e-01,9.999980926513671875e-01,9.999988079071044922e-01,-9.999986290931701660e-01,9.999946951866149902e-01,9.999989867210388184e-01,-9.999970793724060059e-01,9.999970197677612305e-01,-9.999978542327880859e-01,-9.999988675117492676e-01,9.999982118606567383e-01,9.999979734420776367e-01,9.999660253524780273e-01,9.999976158142089844e-01,9.999976754188537598e-01,-9.999985694885253906e-01,9.999895095825195312e-01,-9.999991059303283691e-01,-9.999989271163940430e-01,9.999852180480957031e-01,9.999980926513671875e-01,9.999984502792358398e-01,9.999895691871643066e-01,9.999989271163940430e-01,-9.999985098838806152e-01,-9.999988079071044922e-01,9.999768137931823730e-01,-9.999962449073791504e-01,-9.999949932098388672e-01,-9.999986290931701660e-01,9.999939203262329102e-01,9.999974966049194336e-01,-9.999966025352478027e-01,-9.999887347221374512e-01,9.999990463256835938e-01,9.999986290931701660e-01,9.999926686286926270e-01,-9.999988675117492676e-01,9.999984502792358398e-01,-9.999970793724060059e-01,9.999470710754394531e-01,9.999987483024597168e-01,9.999975562095642090e-01,9.999980330467224121e-01,9.999881982803344727e-01,9.999980330467224121e-01,9.999987483024597168e-01,-9.999985694885253906e-01,-9.999986886978149414e-01,-9.999974966049194336e-01,-9.999986290931701660e-01,-9.999907612800598145e-01,-9.999963641166687012e-01,-9.999979734420776367e-01,-9.999974966049194336e-01,9.999349117279052734e-01,9.999978542327880859e-01,9.999980926513671875e-01,-9.999972581863403320e-01,9.999988675117492676e-01,9.999982118606567383e-01,9.999949336051940918e-01,-9.999957680702209473e-01,-9.999988079071044922e-01,-9.999989271163940430e-01,-9.999941587448120117e-01,-9.999986290931701660e-01,9.999988079071044922e-01,-9.999986886978149414e-01,9.999979734420776367e-01,9.999966025352478027e-01,-9.999904632568359375e-01,-9.997379779815673828e-01,-9.999981522560119629e-01,9.999918341636657715e-01,9.999986290931701660e-01,-9.999912977218627930e-01,-9.999970197677612305e-01,-9.999625682830810547e-01,9.999974966049194336e-01,-9.999987483024597168e-01,9.999943375587463379e-01,-9.999982714653015137e-01,-9.999836683273315430e-01,9.999912977218627930e-01,9.999988079071044922e-01,-9.998850822448730469e-01,9.999970197677612305e-01,-9.999980926513671875e-01,9.999983310699462891e-01,-9.999744296073913574e-01,-9.999979734420776367e-01,9.999985098838806152e-01,-9.999978542327880859e-01,-9.999907016754150391e-01,9.999989271163940430e-01,-9.999987483024597168e-01,9.999885559082031250e-01,-9.999972581863403320e-01,9.999985694885253906e-01,-9.999790191650390625e-01,-9.999760985374450684e-01,9.999985098838806152e-01,9.999968409538269043e-01,9.999532103538513184e-01,-9.999977350234985352e-01,-9.999944567680358887e-01,9.999986290931701660e-01,-9.999978542327880859e-01,9.999986290931701660e-01,-9.999980330467224121e-01,-9.999881386756896973e-01,9.999991655349731445e-01,-9.999983310699462891e-01,9.999986886978149414e-01,-9.999986886978149414e-01,-9.999936223030090332e-01,-9.999981522560119629e-01,-9.999988675117492676e-01,9.999956488609313965e-01,9.999986290931701660e-01,-9.999974966049194336e-01,9.998828172683715820e-01,-9.999954104423522949e-01,9.999832510948181152e-01,-9.999976754188537598e-01
9.999987483024597168e-01,-9.999990463256835938e-01,-9.999910593032836914e-01,9.999988079071044922e-01,9.999992251396179199e-01,-9.999991655349731445e-01,9.999964237213134766e-01,9.999992847442626953e-01,-9.999980330467224121e-01,9.999980926513671875e-01,-9.999986290931701660e-01,-9.999992251396179199e-01,9.999988079071044922e-01,9.999986290931701660e-01,9.999784827232360840e-01,9.999983906745910645e-01,9.999984502792358398e-01,-9.999991655349731445e-01,9.999932050704956055e-01,-9.999993443489074707e-01,-9.999992847442626953e-01,9.999905824661254883e-01,9.999988079071044922e-01,9.999991059303283691e-01,9.999933242797851562e-01,9.999994039535522461e-01,-9.999991059303283691e-01,-9.999992251396179199e-01,9.999853372573852539e-01,-9.999975562095642090e-01,-9.999967813491821289e-01,-9.999991059303283691e-01,9.999960064888000488e-01,9.999982714653015137e-01,-9.999977946281433105e-01,-9.999927282333374023e-01,9.999994039535522461e-01,9.999991655349731445e-01,9.999953508377075195e-01,-9.999993443489074707e-01,9.999989867210388184e-01,-9.999981522560119629e-01,9.999663233757019043e-01,9.999992251396179199e-01,9.999983310699462891e-01,9.999986886978149414e-01,9.999923706054687500e-01,9.999986886978149414e-01,9.999992847442626953e-01,-9.999991655349731445e-01,-9.999992251396179199e-01,-9.999983310699462891e-01,-9.999991655349731445e-01,-9.999940395355224609e-01,-9.999976754188537598e-01,-9.999986290931701660e-01,-9.999983310699462891e-01,9.999586939811706543e-01,9.999985694885253906e-01,9.999988079071044922e-01,-9.999982118606567383e-01,9.999993443489074707e-01,9.999988079071044922e-01,9.999966621398925781e-01,-9.999971985816955566e-01,-9.999991655349731445e-01,-9.999992847442626953e-01,-9.999962449073791504e-01,-9.999990463256835938e-01,9.999992847442626953e-01,-9.999992251396179199e-01,9.999987483024597168e-01,9.999977946281433105e-01,-9.999939799308776855e-01,-9.998337030410766602e-01,-9.999988079071044922e-01,9.999947547912597656e-01,9.999991655349731445e-01,-9.999943971633911133e-01,-9.999980926513671875e-01,-9.999762177467346191e-01,9.999983310699462891e-01,-9.999991655349731445e-01,9.999962449073791504e-01,-9.999988675117492676e-01,-9.999895691871643066e-01,9.999943971633911133e-01,9.999992847442626953e-01,-9.999269843101501465e-01,9.999981522560119629e-01,-9.999988079071044922e-01,9.999988675117492676e-01,-9.999837875366210938e-01,-9.999986886978149414e-01,9.999991059303283691e-01,-9.999985694885253906e-01,-9.999939799308776855e-01,9.999992847442626953e-01,-9.999991655349731445e-01,9.999926686286926270e-01,-9.999982714653015137e-01,9.999991059303283691e-01,-9.999867081642150879e-01,-9.999848008155822754e-01,9.999991059303283691e-01,9.999979734420776367e-01,9.999703168869018555e-01,-9.999984502792358398e-01,-9.999964237213134766e-01,9.999991059303283691e-01,-9.999984502792358398e-01,9.999991059303283691e-01,-9.999986886978149414e-01,-9.999923110008239746e-01,9.999994039535522461e-01,-9.999989271163940430e-01,9.999992251396179199e-01,-9.999992251396179199e-01,-9.999959468841552734e-01,-9.999988079071044922e-01,-9.999992847442626953e-01,9.999971389770507812e-01,9.999991655349731445e-01,-9.999983906745910645e-01,9.999255537986755371e-01,-9.999969601631164551e-01,9.999892115592956543e-01,-9.999985694885253906e-01
-9.999986290931701660e-01,9.999988675117492676e-01,9.999893307685852051e-01,-9.999986290931701660e-01,-9.999991655349731445e-01,9.999989867210388184e-01,-9.999958872795104980e-01,-9.999992847442626953e-01,9.999977946281433105e-01,-9.999977946281433105e-01,9.999984502792358398e-01,9.999991655349731445e-01,-9.999985694885253906e-01,-9.999984502792358398e-01,-9.999741315841674805e-01,-9.999981522560119629e-01,-9.999982714653015137e-01,9.999989271163940430e-01,-9.999921321868896484e-01,9.999994039535522461e-01,9.999992251396179199e-01,-9.999887347221374512e-01,-9.999986290931701660e-01,-9.999989271163940430e-01,-9.999921321868896484e-01,-9.999992847442626953e-01,9.999988675117492676e-01,9.999992251396179199e-01,-9.999824166297912598e-01,9.999970197677612305e-01,9.999962449073791504e-01,9.999988675117492676e-01,-9.999954700469970703e-01,-9.999981522560119629e-01,9.999974966049194336e-01,9.999914169311523438e-01,-9.999992847442626953e-01,-9.999989867210388184e-01,-9.999945163726806641e-01,9.999992847442626953e-01,-9.999989271163940430e-01,9.999977946281433105e-01,-9.999596476554870605e-01,-9.999991655349731445e-01,-9.999981522560119629e-01,-9.999985694885253906e-01,-9.999910593032836914e-01,-9.999985098838806152e-01,-9.999991059303283691e-01,9.999989867210388184e-01,9.999990463256835938e-01,9.999980926513671875e-01,9.999989867210388184e-01,9.999929666519165039e-01,9.999972581863403320e-01,9.999985694885253906e-01,9.999980926513671875e-01,-9.999504089355468750e-01,-9.999983906745910645e-01,-9.999986290931701660e-01,9.999979138374328613e-01,-9.999992251396179199e-01,-9.999986290931701660e-01,-9.999960660934448242e-01,9.999967813491821289e-01,9.999992251396179199e-01,9.999992251396179199e-01,9.999955892562866211e-01,9.999989271163940430e-01,-9.999992251396179199e-01,9.999990463256835938e-01,-9.999984502792358398e-01,-9.999974370002746582e-01,9.999927282333374023e-01,9.998003840446472168e-01,9.999986886978149414e-01,-9.999938011169433594e-01,-9.999989271163940430e-01,9.999933838844299316e-01,9.999976754188537598e-01,9.999715685844421387e-01,-9.999980926513671875e-01,9.999991059303283691e-01,-9.999957084655761719e-01,9.999986886978149414e-01,9.999875426292419434e-01,-9.999933838844299316e-01,-9.999991655349731445e-01,9.999123811721801758e-01,-9.999977350234985352e-01,9.999986290931701660e-01,-9.999987483024597168e-01,9.999805688858032227e-01,9.999985694885253906e-01,-9.999988675117492676e-01,9.999983310699462891e-01,9.999928474426269531e-01,-9.999992251396179199e-01,9.999991059303283691e-01,-9.999913573265075684e-01,9.999979138374328613e-01,-9.999989867210388184e-01,9.999840259552001953e-01,9.999818205833435059e-01,-9.999989271163940430e-01,-9.999976158142089844e-01,-9.999644160270690918e-01,9.999982118606567383e-01,9.999958872795104980e-01,-9.999988675117492676e-01,9.999983906745910645e-01,-9.999989867210388184e-01,9.999985098838806152e-01,9.999909400939941406e-01,-9.999993443489074707e-01,9.999987483024597168e-01,-9.999991059303283691e-01,9.999991059303283691e-01,9.999952316284179688e-01,9.999986290931701660e-01,9.999991655349731445e-01,-9.999967217445373535e-01,-9.999989271163940430e-01,9.999981522560119629e-01,-9.999107122421264648e-01,9.999964237213134766e-01,-9.999871850013732910e-01,9.999982714653015137e-01
9.999946951866149902e-01,-9.999954104423522949e-01,-9.999585151672363281e-01,9.999946951866149902e-01,9.999964237213134766e-01,-9.999958872795104980e-01,9.999845027923583984e-01,9.999968409538269043e-01,-9.999914765357971191e-01,9.999914765357971191e-01,-9.999939203262329102e-01,-9.999965429306030273e-01,9.999943375587463379e-01,9.999941587448120117e-01,9.998992681503295898e-01,9.999929070472717285e-01,9.999932050704956055e-01,-9.999958276748657227e-01,9.999692440032958984e-01,-9.999971389770507812e-01,-9.999966621398925781e-01,9.999560713768005371e-01,9.999945163726806641e-01,9.999955892562866211e-01,9.999693632125854492e-01,9.999969005584716797e-01,-9.999955296516418457e-01,-9.999966025352478027e-01,9.999313950538635254e-01,-9.999889135360717773e-01,-9.999851584434509277e-01,-9.999957084655761719e-01,9.999822378158569336e-01,9.999926686286926270e-01,-9.999899864196777344e-01,-9.999665617942810059e-01,9.999969601631164551e-01,9.999960064888000488e-01,9.999785423278808594e-01,-9.999965429306030273e-01,9.999955296516418457e-01,-9.999914169311523438e-01,9.998432993888854980e-01,9.999960660934448242e-01,9.999928474426269531e-01,9.999940991401672363e-01,9.999647736549377441e-01,9.999942183494567871e-01,9.999963641166687012e-01,-9.999958276748657227e-01,-9.999960064888000488e-01,-9.999927282333374023e-01,-9.999958276748657227e-01,-9.999726414680480957e-01,-9.999893903732299805e-01,-9.999940991401672363e-01,-9.999926090240478516e-01,9.998074173927307129e-01,9.999937415122985840e-01,9.999946951866149902e-01,-9.999918341636657715e-01,9.999966621398925781e-01,9.999947547912597656e-01,9.999850392341613770e-01,-9.999871850013732910e-01,-9.999964237213134766e-01,-9.999969005584716797e-01,-9.999827146530151367e-01,-9.999958276748657227e-01,9.999963641166687012e-01,-9.999959468841552734e-01,9.999940395355224609e-01,9.999901056289672852e-01,-9.999718070030212402e-01,-9.992248415946960449e-01,-9.999946355819702148e-01,9.999758005142211914e-01,9.999958276748657227e-01,-9.999742507934570312e-01,-9.999911189079284668e-01,-9.998891353607177734e-01,9.999925494194030762e-01,-9.999963641166687012e-01,9.999831914901733398e-01,-9.999949336051940918e-01,-9.999514222145080566e-01,9.999740719795227051e-01,9.999964833259582520e-01,-9.996595978736877441e-01,9.999912977218627930e-01,-9.999945163726806641e-01,9.999951124191284180e-01,-9.999243617057800293e-01,-9.999943375587463379e-01,9.999955892562866211e-01,-9.999936819076538086e-01,-9.999722242355346680e-01,9.999966621398925781e-01,-9.999961853027343750e-01,9.999662637710571289e-01,-9.999918937683105469e-01,9.999959468841552734e-01,-9.999377131462097168e-01,-9.999289512634277344e-01,9.999955892562866211e-01,9.999907016754150391e-01,9.998614192008972168e-01,-9.999930858612060547e-01,-9.999836087226867676e-01,9.999957084655761719e-01,-9.999936819076538086e-01,9.999957084655761719e-01,-9.999942779541015625e-01,-9.999646544456481934e-01,9.999969601631164551e-01,-9.999952316284179688e-01,9.999960660934448242e-01,-9.999960660934448242e-01,-9.999813437461853027e-01,-9.999945163726806641e-01,-9.999965429306030273e-01,9.999871253967285156e-01,9.999959468841552734e-01,-9.999924898147583008e-01,9.996530413627624512e-01,-9.999862909317016602e-01,9.999503493309020996e-01,-9.999930262565612793e-01
9.999989271163940430e-01,-9.999991655349731445e-01,-9.999918937683105469e-01,9.999989867210388184e-01,9.999992847442626953e-01,-9.999992847442626953e-01,9.999968409538269043e-01,9.999994635581970215e-01,-9.999983310699462891e-01,9.999982714653015137e-01,-9.999987483024597168e-01,-9.999992847442626953e-01,9.999989271163940430e-01,9.999988079071044922e-01,9.999804496765136719e-01,9.999985098838806152e-01,9.999986886978149414e-01,-9.999991655349731445e-01,9.999939203262329102e-01,-9.999994039535522461e-01,-9.999994039535522461e-01,9.999914765357971191e-01,9.999989271163940430e-01,9.999990463256835938e-01,9.999939203262329102e-01,9.999994039535522461e-01,-9.999991655349731445e-01,-9.999993443489074707e-01,9.999865889549255371e-01,-9.999977946281433105e-01,-9.999970793724060059e-01,-9.999992251396179199e-01,9.999964237213134766e-01,9.999985098838806152e-01,-9.999979138374328613e-01,-9.999935030937194824e-01,9.999994635581970215e-01,9.999992251396179199e-01,9.999957680702209473e-01,-9.999992847442626953e-01,9.999991655349731445e-01,-9.999983310699462891e-01,9.999695420265197754e-01,9.999992847442626953e-01,9.999985098838806152e-01,9.999989271163940430e-01,9.999931454658508301e-01,9.999988079071044922e-01,9.999993443489074707e-01,-9.999992251396179199e-01,-9.999992251396179199e-01,-9.999984502792358398e-01,-9.999991655349731445e-01,-9.999946355819702148e-01,-9.999979138374328613e-01,-9.999988675117492676e-01,-9.999984502792358398e-01,9.999624490737915039e-01,9.999987483024597168e-01,9.999989271163940430e-01,-9.999983906745910645e-01,9.999994039535522461e-01,9.999989271163940430e-01,9.999969601631164551e-01,-9.999974966049194336e-01,-9.999993443489074707e-01,-9.999993443489074707e-01,-9.999966025352478027e-01,-9.999992251396179199e-01,9.999993443489074707e-01,-9.999992847442626953e-01,9.999987483024597168e-01,9.999980330467224121e-01,-9.999945163726806641e-01,-9.998490810394287109e-01,-9.999989271163940430e-01,9.999952912330627441e-01,9.999992251396179199e-01,-9.999949336051940918e-01,-9.999982714653015137e-01,-9.999784827232360840e-01,9.999984502792358398e-01,-9.999992251396179199e-01,9.999966025352478027e-01,-9.999989867210388184e-01,-9.999905228614807129e-01,9.999948740005493164e-01,9.999993443489074707e-01,-9.999337196350097656e-01,9.999982714653015137e-01,-9.999989867210388184e-01,9.999991059303283691e-01,-9.999853372573852539e-01,-9.999988079071044922e-01,9.999991655349731445e-01,-9.999987483024597168e-01,-9.999945759773254395e-01,9.999993443489074707e-01,-9.999993443489074707e-01,9.999933838844299316e-01,-9.999983310699462891e-01,9.999992847442626953e-01,-9.999878406524658203e-01,-9.999862313270568848e-01,9.999991059303283691e-01,9.999980926513671875e-01,9.999730587005615234e-01,-9.999986886978149414e-01,-9.999966621398925781e-01,9.999992251396179199e-01,-9.999986886978149414e-01,9.999992251396179199e-01,-9.999988675117492676e-01,-9.999930262565612793e-01,9.999995231628417969e-01,-9.999991059303283691e-01,9.999992847442626953e-01,-9.999992847442626953e-01,-9.999962449073791504e-01,-9.999989271163940430e-01,-9.999993443489074707e-01,9.999974370002746582e-01,9.999992251396179199e-01,-9.999985098838806152e-01,9.999324679374694824e-01,-9.999972581863403320e-01,9.999902844429016113e-01,-9.999986290931701660e-01
-9.999971389770507812e-01,9.999974370002746582e-01,9.999772310256958008e-01,-9.999970793724060059e-01,-9.999980330467224121e-01,9.999977946281433105e-01,-9.999914765357971191e-01,-9.999983310699462891e-01,9.999953508377075195e-01,-9.999953508377075195e-01,9.999966621398925781e-01,9.999981522560119629e-01,-9.999969005584716797e-01,-9.999967217445373535e-01,-9.999446868896484375e-01,-9.999960064888000488e-01,-9.999962449073791504e-01,9.999976158142089844e-01,-9.999830722808837891e-01,9.999985098838806152e-01,9.999982118606567383e-01,-9.999759197235107422e-01,-9.999969005584716797e-01,-9.999974966049194336e-01,-9.999830722808837891e-01,-9.999982714653015137e-01,9.999974370002746582e-01,9.999981522560119629e-01,-9.999623298645019531e-01,9.999938607215881348e-01,9.999918937683105469e-01,9.999976158142089844e-01,-9.999902844429016113e-01,-9.999958872795104980e-01,9.999945163726806641e-01,9.999816417694091797e-01,-9.999983310699462891e-01,-9.999977350234985352e-01,-9.999882578849792480e-01,9.999981522560119629e-01,-9.999974966049194336e-01,9.999952316284179688e-01,-9.999138712882995605e-01,-9.999978542327880859e-01,-9.999960064888000488e-01,-9.999967217445373535e-01,-9.999806880950927734e-01,-9.999967217445373535e-01,-9.999980926513671875e-01,9.999976754188537598e-01,9.999977946281433105e-01,9.999960064888000488e-01,9.999977350234985352e-01,9.999850392341613770e-01,9.999941587448120117e-01,9.999967217445373535e-01,9.999959468841552734e-01,-9.998940229415893555e-01,-9.999965429306030273e-01,-9.999970793724060059e-01,9.999955296516418457e-01,-9.999980926513671875e-01,-9.999971389770507812e-01,-9.999917745590209961e-01,9.999929666519165039e-01,9.999980330467224121e-01,9.999982118606567383e-01,9.999905228614807129e-01,9.999976754188537598e-01,-9.999980330467224121e-01,9.999978542327880859e-01,-9.999967217445373535e-01,-9.999945759773254395e-01,9.999845027923583984e-01,9.995737671852111816e-01,9.999970197677612305e-01,-9.999867677688598633e-01,-9.999976754188537598e-01,9.999858140945434570e-01,9.999951124191284180e-01,9.999389648437500000e-01,-9.999959468841552734e-01,9.999980330467224121e-01,-9.999907016754150391e-01,9.999971985816955566e-01,9.999734163284301758e-01,-9.999858140945434570e-01,-9.999980926513671875e-01,9.998129606246948242e-01,-9.999952316284179688e-01,9.999970197677612305e-01,-9.999973177909851074e-01,9.999583959579467773e-01,9.999969005584716797e-01,-9.999974966049194336e-01,9.999964833259582520e-01,9.999847412109375000e-01,-9.999980926513671875e-01,9.999979734420776367e-01,-9.999814629554748535e-01,9.999955296516418457e-01,-9.999977946281433105e-01,9.999657869338989258e-01,9.999610185623168945e-01,-9.999975562095642090e-01,-9.999948740005493164e-01,-9.999237656593322754e-01,9.999961853027343750e-01,9.999909996986389160e-01,-9.999976158142089844e-01,9.999964237213134766e-01,-9.999976158142089844e-01,9.999968409538269043e-01,9.999806284904479980e-01,-9.999984502792358398e-01,9.999974370002746582e-01,-9.999979138374328613e-01,9.999978542327880859e-01,9.999896883964538574e-01,9.999969601631164551e-01,9.999980926513671875e-01,-9.999929070472717285e-01,-9.999977350234985352e-01,9.999958872795104980e-01,-9.998092651367187500e-01,9.999925494194030762e-01,-9.999728202819824219e-01,9.999961256980895996e-01
9.999971389770507812e-01,-9.999974370002746582e-01,-9.999773502349853516e-01,9.999970197677612305e-01,9.999980926513671875e-01,-9.999977946281433105e-01,9.999914765357971191e-01,9.999982714653015137e-01,-9.999953508377075195e-01,9.999954104423522949e-01,-9.999966621398925781e-01,-9.999980330467224121e-01,9.999969601631164551e-01,9.999967813491821289e-01,9.999452233314514160e-01,9.999961256980895996e-01,9.999963045120239258e-01,-9.999977350234985352e-01,9.999831914901733398e-01,-9.999984502792358398e-01,-9.999982118606567383e-01,9.999761581420898438e-01,9.999969601631164551e-01,9.999975562095642090e-01,9.999832510948181152e-01,9.999983906745910645e-01,-9.999974966049194336e-01,-9.999982118606567383e-01,9.999626874923706055e-01,-9.999939203262329102e-01,-9.999919533729553223e-01,-9.999976754188537598e-01,9.999903440475463867e-01,9.999959468841552734e-01,-9.999945759773254395e-01,-9.999818205833435059e-01,9.999983310699462891e-01,9.999977946281433105e-01,9.999883770942687988e-01,-9.999980330467224121e-01,9.999974966049194336e-01,-9.999952912330627441e-01,9.999146461486816406e-01,9.999979138374328613e-01,9.999960660934448242e-01,9.999967217445373535e-01,9.999808669090270996e-01,9.999968409538269043e-01,9.999980330467224121e-01,-9.999976754188537598e-01,-9.999978542327880859e-01,-9.999959468841552734e-01,-9.999977350234985352e-01,-9.999850392341613770e-01,-9.999942183494567871e-01,-9.999967217445373535e-01,-9.999958276748657227e-01,9.998950362205505371e-01,9.999965429306030273e-01,9.999971389770507812e-01,-9.999955296516418457e-01,9.999981522560119629e-01,9.999971389770507812e-01,9.999917745590209961e-01,-9.999930858612060547e-01,-9.999980330467224121e-01,-9.999983310699462891e-01,-9.999906420707702637e-01,-9.999976754188537598e-01,9.999980926513671875e-01,-9.999978542327880859e-01,9.999967813491821289e-01,9.999946355819702148e-01,-9.999846220016479492e-01,-9.995778799057006836e-01,-9.999970197677612305e-01,9.999867677688598633e-01,9.999976754188537598e-01,-9.999859333038330078e-01,-9.999951720237731934e-01,-9.999395608901977539e-01,9.999960064888000488e-01,-9.999980330467224121e-01,9.999908208847045898e-01,-9.999972581863403320e-01,-9.999736547470092773e-01,9.999859333038330078e-01,9.999980926513671875e-01,-9.998148083686828613e-01,9.999952912330627441e-01,-9.999969601631164551e-01,9.999973177909851074e-01,-9.999587535858154297e-01,-9.999968409538269043e-01,9.999976158142089844e-01,-9.999965429306030273e-01,-9.999848604202270508e-01,9.999981522560119629e-01,-9.999978542327880859e-01,9.999816417694091797e-01,-9.999956488609313965e-01,9.999977946281433105e-01,-9.999660849571228027e-01,-9.999613761901855469e-01,9.999976158142089844e-01,9.999949336051940918e-01,9.999244809150695801e-01,-9.999962449073791504e-01,-9.999911189079284668e-01,9.999976158142089844e-01,-9.999965429306030273e-01,9.999976754188537598e-01,-9.999969005584716797e-01,-9.999808073043823242e-01,9.999983906745910645e-01,-9.999973773956298828e-01,9.999979138374328613e-01,-9.999979138374328613e-01,-9.999898672103881836e-01,-9.999969601631164551e-01,-9.999980926513671875e-01,9.999929666519165039e-01,9.999977946281433105e-01,-9.999958872795104980e-01,9.998111128807067871e-01,-9.999926090240478516e-01,9.999730587005615234e-01,-9.999961256980895996e-01
-9.999979138374328613e-01,9.999982714653015137e-01,9.999837875366210938e-01,-9.999978542327880859e-01,-9.999986290931701660e-01,9.999984502792358398e-01,-9.999939203262329102e-01,-9.999987483024597168e-01,9.999966621398925781e-01,-9.999966621398925781e-01,9.999976158142089844e-01,9.999986886978149414e-01,-9.999977946281433105e-01,-9.999976754188537598e-01,-9.999607801437377930e-01,-9.999971389770507812e-01,-9.999973773956298828e-01,9.999984502792358398e-01,-9.999879598617553711e-01,9.999988675117492676e-01,9.999987483024597168e-01,-9.999828934669494629e-01,-9.999979138374328613e-01,-9.999982714653015137e-01,-9.999880790710449219e-01,-9.999988079071044922e-01,9.999982714653015137e-01,9.999986886978149414e-01,-9.999733567237854004e-01,9.999957084655761719e-01,9.999942779541015625e-01,9.999983310699462891e-01,-9.999930858612060547e-01,-9.999970793724060059e-01,9.999960660934448242e-01,9.999870061874389648e-01,-9.999988079071044922e-01,-9.999983906745910645e-01,-9.999916553497314453e-01,9.999986886978149414e-01,-9.999982118606567383e-01,9.999966025352478027e-01,-9.999389052391052246e-01,-9.999984502792358398e-01,-9.999970793724060059e-01,-9.999977350234985352e-01,-9.999862909317016602e-01,-9.999976754188537598e-01,-9.999985694885253906e-01,9.999983310699462891e-01,9.999985098838806152e-01,9.999971389770507812e-01,9.999983310699462891e-01,9.999893903732299805e-01,9.999958872795104980e-01,9.999976754188537598e-01,9.999970197677612305e-01,-9.999249577522277832e-01,-9.999975562095642090e-01,-9.999978542327880859e-01,9.999967813491821289e-01,-9.999987483024597168e-01,-9.999979734420776367e-01,-9.999941587448120117e-01,9.999950528144836426e-01,9.999986290931701660e-01,9.999987483024597168e-01,9.999932646751403809e-01,9.999983906745910645e-01,-9.999986290931701660e-01,9.999984502792358398e-01,-9.999976754188537598e-01,-9.999961256980895996e-01,9.999890327453613281e-01,9.996978640556335449e-01,9.999979734420776367e-01,-9.999905824661254883e-01,-9.999983310699462891e-01,9.999899268150329590e-01,9.999964833259582520e-01,9.999568462371826172e-01,-9.999970793724060059e-01,9.999985694885253906e-01,-9.999933838844299316e-01,9.999980330467224121e-01,9.999811649322509766e-01,-9.999899268150329590e-01,-9.999986290931701660e-01,9.998674392700195312e-01,-9.999966025352478027e-01,9.999978542327880859e-01,-9.999980926513671875e-01,9.999706149101257324e-01,9.999977946281433105e-01,-9.999982714653015137e-01,9.999974966049194336e-01,9.999891519546508789e-01,-9.999986886978149414e-01,9.999985694885253906e-01,-9.999868273735046387e-01,9.999968409538269043e-01,-9.999984502792358398e-01,9.999758005142211914e-01,9.999724030494689941e-01,-9.999982714653015137e-01,-9.999962449073791504e-01,-9.999459981918334961e-01,9.999973177909851074e-01,9.999937415122985840e-01,-9.999983310699462891e-01,9.999975562095642090e-01,-9.999983310699462891e-01,9.999977946281433105e-01,9.999862909317016602e-01,-9.999989271163940430e-01,9.999980926513671875e-01,-9.999985098838806152e-01,9.999985098838806152e-01,9.999927282333374023e-01,9.999979138374328613e-01,9.999987483024597168e-01,-9.999949932098388672e-01,-9.999983906745910645e-01,9.999970197677612305e-01,-9.998648762702941895e-01,9.999946951866149902e-01,-9.999807476997375488e-01,9.999972581863403320e-01
-9.999988675117492676e-01,9.999990463256835938e-01,9.999909996986389160e-01,-9.999988675117492676e-01,-9.999992251396179199e-01,9.999991655349731445e-01,-9.999965429306030273e-01,-9.999992847442626953e-01,9.999981522560119629e-01,-9.999980330467224121e-01,9.999986886978149414e-01,9.999993443489074707e-01,-9.999988079071044922e-01,-9.999986290931701660e-01,-9.999783635139465332e-01,-9.999983906745910645e-01,-9.999984502792358398e-01,9.999991655349731445e-01,-9.999933242797851562e-01,9.999994039535522461e-01,9.999992847442626953e-01,-9.999905824661254883e-01,-9.999988079071044922e-01,-9.999991059303283691e-01,-9.999933242797851562e-01,-9.999994039535522461e-01,9.999991059303283691e-01,9.999993443489074707e-01,-9.999852776527404785e-01,9.999976158142089844e-01,9.999967813491821289e-01,9.999991059303283691e-01,-9.999961256980895996e-01,-9.999983310699462891e-01,9.999978542327880859e-01,9.999927282333374023e-01,-9.999994039535522461e-01,-9.999991655349731445e-01,-9.999954104423522949e-01,9.999993443489074707e-01,-9.999991059303283691e-01,9.999981522560119629e-01,-9.999662637710571289e-01,-9.999992251396179199e-01,-9.999983310699462891e-01,-9.999988079071044922e-01,-9.999924302101135254e-01,-9.999986886978149414e-01,-9.999992847442626953e-01,9.999991655349731445e-01,9.999991059303283691e-01,9.999983310699462891e-01,9.999991655349731445e-01,9.999941587448120117e-01,9.999976754188537598e-01,9.999986290931701660e-01,9.999983906745910645e-01,-9.999585747718811035e-01,-9.999986290931701660e-01,-9.999988079071044922e-01,9.999982118606567383e-01,-9.999993443489074707e-01,-9.999988675117492676e-01,-9.999967217445373535e-01,9.999971985816955566e-01,9.999992847442626953e-01,9.999994039535522461e-01,9.999962449073791504e-01,9.999991655349731445e-01,-9.999992847442626953e-01,9.999992251396179199e-01,-9.999986886978149414e-01,-9.999977946281433105e-01,9.999939203262329102e-01,9.998331069946289062e-01,9.999988079071044922e-01,-9.999948143959045410e-01,-9.999991655349731445e-01,9.999943971633911133e-01,9.999980330467224121e-01,9.999762177467346191e-01,-9.999982714653015137e-01,9.999992847442626953e-01,-9.999963641166687012e-01,9.999989271163940430e-01,9.999895095825195312e-01,-9.999943375587463379e-01,-9.999992847442626953e-01,9.999267458915710449e-01,-9.999980926513671875e-01,9.999988079071044922e-01,-9.999989271163940430e-01,9.999837279319763184e-01,9.999986886978149414e-01,-9.999991059303283691e-01,9.999986290931701660e-01,9.999940395355224609e-01,-9.999992847442626953e-01,9.999991655349731445e-01,-9.999926686286926270e-01,9.999982714653015137e-01,-9.999992251396179199e-01,9.999866485595703125e-01,9.999846220016479492e-01,-9.999991059303283691e-01,-9.999979734420776367e-01,-9.999702572822570801e-01,9.999985098838806152e-01,9.999963045120239258e-01,-9.999991059303283691e-01,9.999985694885253906e-01,-9.999991059303283691e-01,9.999986886978149414e-01,9.999924302101135254e-01,-9.999994039535522461e-01,9.999989271163940430e-01,-9.999992251396179199e-01,9.999992251396179199e-01,9.999959468841552734e-01,9.999988675117492676e-01,9.999992847442626953e-01,-9.999971985816955566e-01,-9.999991655349731445e-01,9.999984502792358398e-01,-9.999252557754516602e-01,9.999969601631164551e-01,-9.999892711639404297e-01,9.999984502792358398e-01
