9.999984502792358398e-01,-9.999986886978149414e-01,-9.999940991401672363e-01,9.999978542327880859e-01,9.999989867210388184e-01,-9.999988675117492676e-01,9.999955892562866211e-01,9.999991059303283691e-01,-9.999967217445373535e-01,9.999982714653015137e-01,-9.999987483024597168e-01,-9.999989867210388184e-01,9.999980330467224121e-01,9.999985694885253906e-01,9.999936223030090332e-01,9.999958276748657227e-01,9.999974370002746582e-01,-9.999981522560119629e-01,9.999929666519165039e-01,-9.999991059303283691e-01,-9.999989271163940430e-01,9.999933838844299316e-01,9.999986886978149414e-01,9.999980330467224121e-01,9.999886155128479004e-01,9.999989271163940430e-01,-9.999983310699462891e-01,-9.999989271163940430e-01,9.999902248382568359e-01,-9.999963045120239258e-01,-9.999919533729553223e-01,-9.999982714653015137e-01,9.999870657920837402e-01,9.999958276748657227e-01,-9.999980330467224121e-01,9.999629259109497070e-01,9.999989867210388184e-01,9.999986290931701660e-01,9.999898672103881836e-01,-9.999989271163940430e-01,9.999986290931701660e-01,-9.999587535858154297e-01,9.999824166297912598e-01,9.999989271163940430e-01,9.999983906745910645e-01,9.999982118606567383e-01,-9.999933838844299316e-01,9.999985694885253906e-01,9.999987483024597168e-01,-9.999985694885253906e-01,-9.999988079071044922e-01,-9.999983906745910645e-01,-9.999989271163940430e-01,-9.999932050704956055e-01,-9.999983906745910645e-01,-9.999981522560119629e-01,-9.999929666519165039e-01,9.999848008155822754e-01,9.999963641166687012e-01,9.999982714653015137e-01,-9.999984502792358398e-01,9.999988675117492676e-01,9.999985098838806152e-01,9.999954104423522949e-01,-9.999949336051940918e-01,-9.999989271163940430e-01,-9.999992251396179199e-01,-9.999959468841552734e-01,-9.999989867210388184e-01,9.999984502792358398e-01,-9.999988675117492676e-01,9.999975562095642090e-01,9.999548196792602539e-01,-9.999937415122985840e-01,-9.999814033508300781e-01,-9.999983310699462891e-01,9.999921917915344238e-01,9.999988079071044922e-01,-9.999946355819702148e-01,-9.999958872795104980e-01,9.999846816062927246e-01,9.999976158142089844e-01,-9.999988079071044922e-01,9.999980926513671875e-01,-9.999982714653015137e-01,-9.999884366989135742e-01,9.999731779098510742e-01,9.999989867210388184e-01,9.999896287918090820e-01,-9.992811679840087891e-01,-9.999955892562866211e-01,9.999983310699462891e-01,-9.999845623970031738e-01,-9.999975562095642090e-01,9.999979734420776367e-01,-9.999977946281433105e-01,-9.999893903732299805e-01,9.999991655349731445e-01,-9.999988079071044922e-01,9.999967813491821289e-01,-9.999967813491821289e-01,9.999989271163940430e-01,-9.989988207817077637e-01,9.999285340309143066e-01,9.999986290931701660e-01,9.999970197677612305e-01,-9.999815225601196289e-01,-9.999983906745910645e-01,-9.999938011169433594e-01,9.999985694885253906e-01,-9.999985098838806152e-01,9.999979734420776367e-01,-9.999983310699462891e-01,-9.999443292617797852e-01,9.999990463256835938e-01,-9.999974370002746582e-01,9.999990463256835938e-01,-9.999980926513671875e-01,-9.999952316284179688e-01,-9.999975562095642090e-01,-9.999986886978149414e-01,9.999966621398925781e-01,9.999982118606567383e-01,-9.999974966049194336e-01,-9.999904036521911621e-01,-9.999952316284179688e-01,9.999887943267822266e-01,-9.999942779541015625e-01
-9.999986886978149414e-01,9.999989271163940430e-01,9.999951124191284180e-01,-9.999981522560119629e-01,-9.999992251396179199e-01,9.999990463256835938e-01,-9.999963045120239258e-01,-9.999992251396179199e-01,9.999973177909851074e-01,-9.999985694885253906e-01,9.999989867210388184e-01,9.999992251396179199e-01,-9.999984502792358398e-01,-9.999987483024597168e-01,-9.999946355819702148e-01,-9.999964237213134766e-01,-9.999977946281433105e-01,9.999983906745910645e-01,-9.999940991401672363e-01,9.999992847442626953e-01,9.999991059303283691e-01,-9.999945163726806641e-01,-9.999989271163940430e-01,-9.999983310699462891e-01,-9.999906420707702637e-01,-9.999991655349731445e-01,9.999986290931701660e-01,9.999992251396179199e-01,-9.999918341636657715e-01,9.999968409538269043e-01,9.999932646751403809e-01,9.999985694885253906e-01,-9.999892115592956543e-01,-9.999964833259582520e-01,9.999983310699462891e-01,-9.999693632125854492e-01,-9.999992251396179199e-01,-9.999988079071044922e-01,-9.999917149543762207e-01,9.999991059303283691e-01,-9.999988675117492676e-01,9.999658465385437012e-01,-9.999854564666748047e-01,-9.999991655349731445e-01,-9.999985694885253906e-01,-9.999985098838806152e-01,9.999945163726806641e-01,-9.999988079071044922e-01,-9.999989867210388184e-01,9.999988079071044922e-01,9.999990463256835938e-01,9.999986886978149414e-01,9.999992251396179199e-01,9.999943375587463379e-01,9.999986290931701660e-01,9.999985694885253906e-01,9.999940991401672363e-01,-9.999875426292419434e-01,-9.999969005584716797e-01,-9.999985694885253906e-01,9.999986886978149414e-01,-9.999990463256835938e-01,-9.999987483024597168e-01,-9.999961853027343750e-01,9.999958276748657227e-01,9.999991059303283691e-01,9.999993443489074707e-01,9.999966621398925781e-01,9.999991655349731445e-01,-9.999987483024597168e-01,9.999991655349731445e-01,-9.999980330467224121e-01,-9.999625682830810547e-01,9.999948143959045410e-01,9.999845623970031738e-01,9.999986886978149414e-01,-9.999934434890747070e-01,-9.999989867210388184e-01,9.999955892562866211e-01,9.999964833259582520e-01,-9.999873638153076172e-01,-9.999980926513671875e-01,9.999991059303283691e-01,-9.999984502792358398e-01,9.999985694885253906e-01,9.999904632568359375e-01,-9.999777674674987793e-01,-9.999992847442626953e-01,-9.999914169311523438e-01,9.994049072265625000e-01,9.999963045120239258e-01,-9.999987483024597168e-01,9.999871850013732910e-01,9.999980330467224121e-01,-9.999983310699462891e-01,9.999981522560119629e-01,9.999912381172180176e-01,-9.999992251396179199e-01,9.999990463256835938e-01,-9.999973177909851074e-01,9.999973177909851074e-01,-9.999992251396179199e-01,9.991711974143981934e-01,-9.999408721923828125e-01,-9.999988675117492676e-01,-9.999975562095642090e-01,9.999845623970031738e-01,9.999987483024597168e-01,9.999948740005493164e-01,-9.999988079071044922e-01,9.999988079071044922e-01,-9.999983310699462891e-01,9.999986290931701660e-01,9.999539852142333984e-01,-9.999992251396179199e-01,9.999979138374328613e-01,-9.999992847442626953e-01,9.999984502792358398e-01,9.999960064888000488e-01,9.999979138374328613e-01,9.999989271163940430e-01,-9.999971389770507812e-01,-9.999985098838806152e-01,9.999979138374328613e-01,9.999920725822448730e-01,9.999960064888000488e-01,-9.999907612800598145e-01,9.999952912330627441e-01
-9.999940991401672363e-01,9.999951124191284180e-01,9.999786019325256348e-01,-9.999920725822448730e-01,-9.999961256980895996e-01,9.999956488609313965e-01,-9.999840855598449707e-01,-9.999964833259582520e-01,9.999881982803344727e-01,-9.999938011169433594e-01,9.999955892562866211e-01,9.999960064888000488e-01,-9.999929070472717285e-01,-9.999945163726806641e-01,-9.999764561653137207e-01,-9.999846816062927246e-01,-9.999904632568359375e-01,9.999933838844299316e-01,-9.999741315841674805e-01,9.999966025352478027e-01,9.999960660934448242e-01,-9.999759197235107422e-01,-9.999949336051940918e-01,-9.999929070472717285e-01,-9.999586343765258789e-01,-9.999960660934448242e-01,9.999936223030090332e-01,9.999959468841552734e-01,-9.999641180038452148e-01,9.999864697456359863e-01,9.999706149101257324e-01,9.999936819076538086e-01,-9.999530315399169922e-01,-9.999847412109375000e-01,9.999926686286926270e-01,-9.998655319213867188e-01,-9.999963045120239258e-01,-9.999948740005493164e-01,-9.999632239341735840e-01,9.999959468841552734e-01,-9.999951720237731934e-01,9.998506307601928711e-01,-9.999361038208007812e-01,-9.999960064888000488e-01,-9.999939203262329102e-01,-9.999935626983642578e-01,9.999759793281555176e-01,-9.999948143959045410e-01,-9.999954700469970703e-01,9.999945759773254395e-01,9.999956488609313965e-01,9.999942779541015625e-01,9.999959468841552734e-01,9.999750852584838867e-01,9.999943375587463379e-01,9.999933838844299316e-01,9.999740719795227051e-01,-9.999448060989379883e-01,-9.999866485595703125e-01,-9.999938011169433594e-01,9.999943375587463379e-01,-9.999960064888000488e-01,-9.999943375587463379e-01,-9.999834299087524414e-01,9.999813437461853027e-01,9.999958276748657227e-01,9.999965429306030273e-01,9.999855756759643555e-01,9.999962449073791504e-01,-9.999945163726806641e-01,9.999956488609313965e-01,-9.999911189079284668e-01,-9.998362064361572266e-01,9.999769926071166992e-01,9.999321103096008301e-01,9.999942183494567871e-01,-9.999711513519287109e-01,-9.999954700469970703e-01,9.999805688858032227e-01,9.999849200248718262e-01,-9.999443888664245605e-01,-9.999915957450866699e-01,9.999958276748657227e-01,-9.999932646751403809e-01,9.999938011169433594e-01,9.999580979347229004e-01,-9.999021291732788086e-01,-9.999962449073791504e-01,-9.999620318412780762e-01,9.973979592323303223e-01,9.999839663505554199e-01,-9.999940991401672363e-01,9.999438524246215820e-01,9.999911785125732422e-01,-9.999926686286926270e-01,9.999920725822448730e-01,9.999614953994750977e-01,-9.999963641166687012e-01,9.999956488609313965e-01,-9.999881386756896973e-01,9.999881386756896973e-01,-9.999958872795104980e-01,9.963793158531188965e-01,-9.997409582138061523e-01,-9.999951720237731934e-01,-9.999893903732299805e-01,9.999328255653381348e-01,9.999942183494567871e-01,9.999773502349853516e-01,-9.999946355819702148e-01,9.999947547912597656e-01,-9.999927878379821777e-01,9.999939203262329102e-01,9.997982382774353027e-01,-9.999963045120239258e-01,9.999908208847045898e-01,-9.999963641166687012e-01,9.999932646751403809e-01,9.999825954437255859e-01,9.999909400939941406e-01,9.999952912330627441e-01,-9.999877810478210449e-01,-9.999932050704956055e-01,9.999908208847045898e-01,9.999650716781616211e-01,9.999826550483703613e-01,-9.999591112136840820e-01,9.999792575836181641e-01
9.999978542327880859e-01,-9.999981522560119629e-01,-9.999920725822448730e-01,9.999970793724060059e-01,9.999986290931701660e-01,-9.999983906745910645e-01,9.999940991401672363e-01,9.999987483024597168e-01,-9.999956488609313965e-01,9.999976754188537598e-01,-9.999983310699462891e-01,-9.999985098838806152e-01,9.999972581863403320e-01,9.999979734420776367e-01,9.999912977218627930e-01,9.999943375587463379e-01,9.999965429306030273e-01,-9.999975562095642090e-01,9.999904632568359375e-01,-9.999987483024597168e-01,-9.999985694885253906e-01,9.999911189079284668e-01,9.999980926513671875e-01,9.999973177909851074e-01,9.999846816062927246e-01,9.999985694885253906e-01,-9.999976754188537598e-01,-9.999985694885253906e-01,9.999867081642150879e-01,-9.999950528144836426e-01,-9.999890923500061035e-01,-9.999976754188537598e-01,9.999825954437255859e-01,9.999943971633911133e-01,-9.999973177909851074e-01,9.999501109123229980e-01,9.999986886978149414e-01,9.999980330467224121e-01,9.999864101409912109e-01,-9.999985694885253906e-01,9.999980926513671875e-01,-9.999445676803588867e-01,9.999763369560241699e-01,9.999985098838806152e-01,9.999977946281433105e-01,9.999975562095642090e-01,-9.999911189079284668e-01,9.999981522560119629e-01,9.999983310699462891e-01,-9.999980330467224121e-01,-9.999983310699462891e-01,-9.999977946281433105e-01,-9.999985694885253906e-01,-9.999907612800598145e-01,-9.999978542327880859e-01,-9.999975562095642090e-01,-9.999904036521911621e-01,9.999796748161315918e-01,9.999951124191284180e-01,9.999976754188537598e-01,-9.999979138374328613e-01,9.999985694885253906e-01,9.999979138374328613e-01,9.999938607215881348e-01,-9.999930858612060547e-01,-9.999984502792358398e-01,-9.999986886978149414e-01,-9.999946355819702148e-01,-9.999986290931701660e-01,9.999979138374328613e-01,-9.999984502792358398e-01,9.999966621398925781e-01,9.999392032623291016e-01,-9.999915361404418945e-01,-9.999749064445495605e-01,-9.999978542327880859e-01,9.999893307685852051e-01,9.999982714653015137e-01,-9.999927878379821777e-01,-9.999943971633911133e-01,9.999794960021972656e-01,9.999967813491821289e-01,-9.999983906745910645e-01,9.999975562095642090e-01,-9.999976754188537598e-01,-9.999845027923583984e-01,9.999637603759765625e-01,9.999985694885253906e-01,9.999859333038330078e-01,-9.990338087081909180e-01,-9.999940991401672363e-01,9.999978542327880859e-01,-9.999793171882629395e-01,-9.999966621398925781e-01,9.999972581863403320e-01,-9.999970197677612305e-01,-9.999857544898986816e-01,9.999986290931701660e-01,-9.999982714653015137e-01,9.999956488609313965e-01,-9.999956488609313965e-01,9.999984502792358398e-01,-9.986545443534851074e-01,9.999039173126220703e-01,9.999982714653015137e-01,9.999961256980895996e-01,-9.999751448631286621e-01,-9.999978542327880859e-01,-9.999916553497314453e-01,9.999980926513671875e-01,-9.999980330467224121e-01,9.999973177909851074e-01,-9.999977350234985352e-01,-9.999251365661621094e-01,9.999985694885253906e-01,-9.999966025352478027e-01,9.999986290931701660e-01,-9.999974370002746582e-01,-9.999936819076538086e-01,-9.999967217445373535e-01,-9.999982118606567383e-01,9.999954700469970703e-01,9.999975562095642090e-01,-9.999966621398925781e-01,-9.999871253967285156e-01,-9.999935626983642578e-01,9.999848604202270508e-01,-9.999924302101135254e-01
9.999989867210388184e-01,-9.999992251396179199e-01,-9.999961256980895996e-01,9.999986290931701660e-01,9.999992847442626953e-01,-9.999993443489074707e-01,9.999970197677612305e-01,9.999994635581970215e-01,-9.999978542327880859e-01,9.999988675117492676e-01,-9.999993443489074707e-01,-9.999994039535522461e-01,9.999986886978149414e-01,9.999990463256835938e-01,9.999956488609313965e-01,9.999971985816955566e-01,9.999982118606567383e-01,-9.999988079071044922e-01,9.999952316284179688e-01,-9.999994039535522461e-01,-9.999992847442626953e-01,9.999955296516418457e-01,9.999991059303283691e-01,9.999986886978149414e-01,9.999923706054687500e-01,9.999993443489074707e-01,-9.999988675117492676e-01,-9.999994039535522461e-01,9.999933838844299316e-01,-9.999975562095642090e-01,-9.999946355819702148e-01,-9.999988079071044922e-01,9.999912977218627930e-01,9.999971985816955566e-01,-9.999986886978149414e-01,9.999752640724182129e-01,9.999993443489074707e-01,9.999991059303283691e-01,9.999932050704956055e-01,-9.999992847442626953e-01,9.999991655349731445e-01,-9.999724030494689941e-01,9.999881982803344727e-01,9.999992847442626953e-01,9.999989271163940430e-01,9.999988079071044922e-01,-9.999955892562866211e-01,9.999992251396179199e-01,9.999991059303283691e-01,-9.999991655349731445e-01,-9.999992251396179199e-01,-9.999989271163940430e-01,-9.999993443489074707e-01,-9.999954104423522949e-01,-9.999989271163940430e-01,-9.999988079071044922e-01,-9.999952316284179688e-01,9.999898076057434082e-01,9.999975562095642090e-01,9.999988675117492676e-01,-9.999989271163940430e-01,9.999993443489074707e-01,9.999989867210388184e-01,9.999969005584716797e-01,-9.999964833259582520e-01,-9.999993443489074707e-01,-9.999994635581970215e-01,-9.999973177909851074e-01,-9.999994039535522461e-01,9.999989867210388184e-01,-9.999993443489074707e-01,9.999984502792358398e-01,9.999697804450988770e-01,-9.999958276748657227e-01,-9.999874830245971680e-01,-9.999989867210388184e-01,9.999946951866149902e-01,9.999992847442626953e-01,-9.999964833259582520e-01,-9.999971985816955566e-01,9.999897480010986328e-01,9.999984502792358398e-01,-9.999993443489074707e-01,9.999987483024597168e-01,-9.999988675117492676e-01,-9.999923706054687500e-01,9.999819397926330566e-01,9.999994039535522461e-01,9.999930858612060547e-01,-9.995181560516357422e-01,-9.999970197677612305e-01,9.999990463256835938e-01,-9.999896883964538574e-01,-9.999983310699462891e-01,9.999986290931701660e-01,-9.999986290931701660e-01,-9.999929070472717285e-01,9.999994635581970215e-01,-9.999992251396179199e-01,9.999978542327880859e-01,-9.999977946281433105e-01,9.999992847442626953e-01,-9.993289709091186523e-01,9.999521970748901367e-01,9.999992847442626953e-01,9.999981522560119629e-01,-9.999876022338867188e-01,-9.999989271163940430e-01,-9.999958872795104980e-01,9.999991655349731445e-01,-9.999990463256835938e-01,9.999986290931701660e-01,-9.999988675117492676e-01,-9.999627470970153809e-01,9.999994039535522461e-01,-9.999983906745910645e-01,9.999993443489074707e-01,-9.999987483024597168e-01,-9.999967217445373535e-01,-9.999983310699462891e-01,-9.999991655349731445e-01,9.999977946281433105e-01,9.999988079071044922e-01,-9.999983906745910645e-01,-9.999935626983642578e-01,-9.999967813491821289e-01,9.999925494194030762e-01,-9.999962449073791504e-01
-9.999988675117492676e-01,9.999990463256835938e-01,9.999956488609313965e-01,-9.999983906745910645e-01,-9.999993443489074707e-01,9.999991655349731445e-01,-9.999966025352478027e-01,-9.999993443489074707e-01,9.999975562095642090e-01,-9.999987483024597168e-01,9.999991655349731445e-01,9.999992251396179199e-01,-9.999985098838806152e-01,-9.999988675117492676e-01,-9.999952912330627441e-01,-9.999968409538269043e-01,-9.999980330467224121e-01,9.999985694885253906e-01,-9.999948143959045410e-01,9.999993443489074707e-01,9.999991655349731445e-01,-9.999951124191284180e-01,-9.999989271163940430e-01,-9.999985098838806152e-01,-9.999915957450866699e-01,-9.999992847442626953e-01,9.999986886978149414e-01,9.999992251396179199e-01,-9.999928474426269531e-01,9.999972581863403320e-01,9.999940395355224609e-01,9.999986886978149414e-01,-9.999904036521911621e-01,-9.999969601631164551e-01,9.999985694885253906e-01,-9.999726414680480957e-01,-9.999992847442626953e-01,-9.999989867210388184e-01,-9.999925494194030762e-01,9.999992251396179199e-01,-9.999990463256835938e-01,9.999696016311645508e-01,-9.999870061874389648e-01,-9.999992251396179199e-01,-9.999988079071044922e-01,-9.999986886978149414e-01,9.999951124191284180e-01,-9.999989867210388184e-01,-9.999991059303283691e-01,9.999989271163940430e-01,9.999991655349731445e-01,9.999988079071044922e-01,9.999992847442626953e-01,9.999949336051940918e-01,9.999988079071044922e-01,9.999986290931701660e-01,9.999946951866149902e-01,-9.999888539314270020e-01,-9.999973177909851074e-01,-9.999987483024597168e-01,9.999989271163940430e-01,-9.999991655349731445e-01,-9.999988675117492676e-01,-9.999966025352478027e-01,9.999962449073791504e-01,9.999991655349731445e-01,9.999994039535522461e-01,9.999970793724060059e-01,9.999992847442626953e-01,-9.999988675117492676e-01,9.999992847442626953e-01,-9.999982714653015137e-01,-9.999666213989257812e-01,9.999954104423522949e-01,9.999862313270568848e-01,9.999988675117492676e-01,-9.999941587448120117e-01,-9.999992251396179199e-01,9.999960064888000488e-01,9.999969005584716797e-01,-9.999887943267822266e-01,-9.999981522560119629e-01,9.999991655349731445e-01,-9.999986290931701660e-01,9.999987483024597168e-01,9.999914765357971191e-01,-9.999801516532897949e-01,-9.999993443489074707e-01,-9.999924302101135254e-01,9.994689226150512695e-01,9.999967217445373535e-01,-9.999988675117492676e-01,9.999885559082031250e-01,9.999982714653015137e-01,-9.999985098838806152e-01,9.999983906745910645e-01,9.999921917915344238e-01,-9.999994039535522461e-01,9.999991655349731445e-01,-9.999975562095642090e-01,9.999975562095642090e-01,-9.999992251396179199e-01,9.992603659629821777e-01,-9.999473094940185547e-01,-9.999990463256835938e-01,-9.999977946281433105e-01,9.999863505363464355e-01,9.999988079071044922e-01,9.999954104423522949e-01,-9.999989867210388184e-01,9.999989271163940430e-01,-9.999985098838806152e-01,9.999987483024597168e-01,9.999589323997497559e-01,-9.999992847442626953e-01,9.999982118606567383e-01,-9.999993443489074707e-01,9.999986290931701660e-01,9.999963045120239258e-01,9.999982118606567383e-01,9.999991059303283691e-01,-9.999975562095642090e-01,-9.999986886978149414e-01,9.999980926513671875e-01,9.999929070472717285e-01,9.999964237213134766e-01,-9.999917149543762207e-01,9.999957680702209473e-01
9.999955892562866211e-01,-9.999963045120239258e-01,-9.999840855598449707e-01,9.999940991401672363e-01,9.999970197677612305e-01,-9.999966025352478027e-01,9.999880790710449219e-01,9.999973773956298828e-01,-9.999911785125732422e-01,9.999954104423522949e-01,-9.999966621398925781e-01,-9.999970197677612305e-01,9.999946951866149902e-01,9.999959468841552734e-01,9.999824166297912598e-01,9.999886155128479004e-01,9.999929070472717285e-01,-9.999951124191284180e-01,9.999807476997375488e-01,-9.999974370002746582e-01,-9.999970793724060059e-01,9.999819993972778320e-01,9.999961853027343750e-01,9.999946355819702148e-01,9.999691843986511230e-01,9.999970793724060059e-01,-9.999952316284179688e-01,-9.999969601631164551e-01,9.999732971191406250e-01,-9.999899268150329590e-01,-9.999781250953674316e-01,-9.999952912330627441e-01,9.999650120735168457e-01,9.999886751174926758e-01,-9.999944567680358887e-01,9.998998641967773438e-01,9.999972581863403320e-01,9.999961256980895996e-01,9.999726414680480957e-01,-9.999969005584716797e-01,9.999962449073791504e-01,-9.998887181282043457e-01,9.999524950981140137e-01,9.999970197677612305e-01,9.999954700469970703e-01,9.999951720237731934e-01,-9.999820590019226074e-01,9.999960660934448242e-01,9.999965429306030273e-01,-9.999960064888000488e-01,-9.999966025352478027e-01,-9.999956488609313965e-01,-9.999969005584716797e-01,-9.999814629554748535e-01,-9.999957084655761719e-01,-9.999950528144836426e-01,-9.999807476997375488e-01,9.999589323997497559e-01,9.999900460243225098e-01,9.999953508377075195e-01,-9.999957680702209473e-01,9.999970197677612305e-01,9.999957680702209473e-01,9.999877214431762695e-01,-9.999860525131225586e-01,-9.999968409538269043e-01,-9.999974370002746582e-01,-9.999892115592956543e-01,-9.999971389770507812e-01,9.999958872795104980e-01,-9.999967217445373535e-01,9.999935030937194824e-01,9.998781085014343262e-01,-9.999828934669494629e-01,-9.999495148658752441e-01,-9.999957084655761719e-01,9.999785423278808594e-01,9.999965429306030273e-01,-9.999855756759643555e-01,-9.999887943267822266e-01,9.999586939811706543e-01,9.999937415122985840e-01,-9.999967217445373535e-01,9.999949932098388672e-01,-9.999954104423522949e-01,-9.999688863754272461e-01,9.999272227287292480e-01,9.999971389770507812e-01,9.999718666076660156e-01,-9.980637431144714355e-01,-9.999880194664001465e-01,9.999956488609313965e-01,-9.999582171440124512e-01,-9.999934434890747070e-01,9.999944567680358887e-01,-9.999940991401672363e-01,-9.999714493751525879e-01,9.999972581863403320e-01,-9.999966621398925781e-01,9.999911785125732422e-01,-9.999911189079284668e-01,9.999968409538269043e-01,-9.973049759864807129e-01,9.998072981834411621e-01,9.999963641166687012e-01,9.999920129776000977e-01,-9.999499320983886719e-01,-9.999957084655761719e-01,-9.999831914901733398e-01,9.999959468841552734e-01,-9.999960064888000488e-01,9.999945759773254395e-01,-9.999954700469970703e-01,-9.998499751091003418e-01,9.999972581863403320e-01,-9.999932646751403809e-01,9.999971985816955566e-01,-9.999949336051940918e-01,-9.999870657920837402e-01,-9.999932646751403809e-01,-9.999964237213134766e-01,9.999908804893493652e-01,9.999949932098388672e-01,-9.999932050704956055e-01,-9.999741315841674805e-01,-9.999870061874389648e-01,9.999696612358093262e-01,-9.999845623970031738e-01
9.999991059303283691e-01,-9.999992251396179199e-01,-9.999964833259582520e-01,9.999987483024597168e-01,9.999994635581970215e-01,-9.999993443489074707e-01,9.999973773956298828e-01,9.999994635581970215e-01,-9.999980330467224121e-01,9.999990463256835938e-01,-9.999993443489074707e-01,-9.999994039535522461e-01,9.999988079071044922e-01,9.999992251396179199e-01,9.999962449073791504e-01,9.999974370002746582e-01,9.999984502792358398e-01,-9.999989271163940430e-01,9.999957680702209473e-01,-9.999994635581970215e-01,-9.999993443489074707e-01,9.999960064888000488e-01,9.999992251396179199e-01,9.999988079071044922e-01,9.999933838844299316e-01,9.999993443489074707e-01,-9.999989867210388184e-01,-9.999993443489074707e-01,9.999941587448120117e-01,-9.999978542327880859e-01,-9.999952912330627441e-01,-9.999989867210388184e-01,9.999923706054687500e-01,9.999975562095642090e-01,-9.999988079071044922e-01,9.999781847000122070e-01,9.999994635581970215e-01,9.999992251396179199e-01,9.999940395355224609e-01,-9.999993443489074707e-01,9.999992251396179199e-01,-9.999756813049316406e-01,9.999896287918090820e-01,9.999994039535522461e-01,9.999990463256835938e-01,9.999989271163940430e-01,-9.999960064888000488e-01,9.999992847442626953e-01,9.999992847442626953e-01,-9.999992847442626953e-01,-9.999993443489074707e-01,-9.999991059303283691e-01,-9.999994635581970215e-01,-9.999959468841552734e-01,-9.999991059303283691e-01,-9.999989271163940430e-01,-9.999958276748657227e-01,9.999911189079284668e-01,9.999977946281433105e-01,9.999989271163940430e-01,-9.999991059303283691e-01,9.999993443489074707e-01,9.999991059303283691e-01,9.999972581863403320e-01,-9.999969005584716797e-01,-9.999994039535522461e-01,-9.999995231628417969e-01,-9.999976158142089844e-01,-9.999994039535522461e-01,9.999991655349731445e-01,-9.999994039535522461e-01,9.999986290931701660e-01,9.999733567237854004e-01,-9.999963045120239258e-01,-9.999889731407165527e-01,-9.999992251396179199e-01,9.999954104423522949e-01,9.999992847442626953e-01,-9.999967813491821289e-01,-9.999974966049194336e-01,9.999910593032836914e-01,9.999985694885253906e-01,-9.999993443489074707e-01,9.999988675117492676e-01,-9.999990463256835938e-01,-9.999932050704956055e-01,9.999840855598449707e-01,9.999994635581970215e-01,9.999938011169433594e-01,-9.995753169059753418e-01,-9.999973773956298828e-01,9.999992251396179199e-01,-9.999908804893493652e-01,-9.999985694885253906e-01,9.999987483024597168e-01,-9.999986886978149414e-01,-9.999937415122985840e-01,9.999995231628417969e-01,-9.999992251396179199e-01,9.999980330467224121e-01,-9.999980330467224121e-01,9.999993443489074707e-01,-9.994084239006042480e-01,9.999577999114990234e-01,9.999992251396179199e-01,9.999983310699462891e-01,-9.999890923500061035e-01,-9.999991059303283691e-01,-9.999962449073791504e-01,9.999991655349731445e-01,-9.999991655349731445e-01,9.999988079071044922e-01,-9.999990463256835938e-01,-9.999670982360839844e-01,9.999994635581970215e-01,-9.999985098838806152e-01,9.999995231628417969e-01,-9.999988675117492676e-01,-9.999971389770507812e-01,-9.999985098838806152e-01,-9.999992847442626953e-01,9.999979734420776367e-01,9.999988675117492676e-01,-9.999985694885253906e-01,-9.999943375587463379e-01,-9.999971389770507812e-01,9.999933242797851562e-01,-9.999966025352478027e-01
-9.999967217445373535e-01,9.999973177909851074e-01,9.999881982803344727e-01,-9.999956488609313965e-01,-9.999978542327880859e-01,9.999975562095642090e-01,-9.999911785125732422e-01,-9.999980330467224121e-01,9.999935030937194824e-01,-9.999965429306030273e-01,9.999975562095642090e-01,9.999977946281433105e-01,-9.999960660934448242e-01,-9.999969005584716797e-01,-9.999871253967285156e-01,-9.999915361404418945e-01,-9.999948143959045410e-01,9.999963641166687012e-01,-9.999856948852539062e-01,9.999981522560119629e-01,9.999978542327880859e-01,-9.999867081642150879e-01,-9.999971985816955566e-01,-9.999960064888000488e-01,-9.999771714210510254e-01,-9.999978542327880859e-01,9.999965429306030273e-01,9.999977350234985352e-01,-9.999802112579345703e-01,9.999924898147583008e-01,9.999838471412658691e-01,9.999964237213134766e-01,-9.999740719795227051e-01,-9.999916553497314453e-01,9.999959468841552734e-01,-9.999256730079650879e-01,-9.999979734420776367e-01,-9.999971389770507812e-01,-9.999797344207763672e-01,9.999977946281433105e-01,-9.999973177909851074e-01,9.999173879623413086e-01,-9.999647140502929688e-01,-9.999977946281433105e-01,-9.999966025352478027e-01,-9.999964237213134766e-01,9.999866485595703125e-01,-9.999970793724060059e-01,-9.999974966049194336e-01,9.999970793724060059e-01,9.999975562095642090e-01,9.999968409538269043e-01,9.999977946281433105e-01,9.999863505363464355e-01,9.999967217445373535e-01,9.999963641166687012e-01,9.999856948852539062e-01,-9.999696016311645508e-01,-9.999927282333374023e-01,-9.999965429306030273e-01,9.999968409538269043e-01,-9.999977946281433105e-01,-9.999968409538269043e-01,-9.999908804893493652e-01,9.999896883964538574e-01,9.999977350234985352e-01,9.999980926513671875e-01,9.999920129776000977e-01,9.999979138374328613e-01,-9.999968409538269043e-01,9.999976158142089844e-01,-9.999951720237731934e-01,-9.999094605445861816e-01,9.999873638153076172e-01,9.999625682830810547e-01,9.999967217445373535e-01,-9.999841451644897461e-01,-9.999975562095642090e-01,9.999892115592956543e-01,9.999916553497314453e-01,-9.999693632125854492e-01,-9.999953508377075195e-01,9.999976754188537598e-01,-9.999961853027343750e-01,9.999965429306030273e-01,9.999768733978271484e-01,-9.999459385871887207e-01,-9.999978542327880859e-01,-9.999790787696838379e-01,9.985610842704772949e-01,9.999911189079284668e-01,-9.999967813491821289e-01,9.999690055847167969e-01,9.999951124191284180e-01,-9.999959468841552734e-01,9.999956488609313965e-01,9.999787211418151855e-01,-9.999980926513671875e-01,9.999974966049194336e-01,-9.999934434890747070e-01,9.999934434890747070e-01,-9.999976754188537598e-01,9.979968070983886719e-01,-9.998569488525390625e-01,-9.999973177909851074e-01,-9.999941587448120117e-01,9.999628663063049316e-01,9.999968409538269043e-01,9.999875426292419434e-01,-9.999970197677612305e-01,9.999970197677612305e-01,-9.999958276748657227e-01,9.999966025352478027e-01,9.998884797096252441e-01,-9.999980330467224121e-01,9.999949932098388672e-01,-9.999979734420776367e-01,9.999962449073791504e-01,9.999904036521911621e-01,9.999950528144836426e-01,9.999973773956298828e-01,-9.999932646751403809e-01,-9.999961853027343750e-01,9.999949932098388672e-01,9.999807476997375488e-01,9.999904632568359375e-01,-9.999774694442749023e-01,9.999885559082031250e-01
9.999982714653015137e-01,-9.999985694885253906e-01,-9.999938011169433594e-01,9.999976754188537598e-01,9.999988675117492676e-01,-9.999987483024597168e-01,9.999954104423522949e-01,9.999990463256835938e-01,-9.999965429306030273e-01,9.999980926513671875e-01,-9.999986290931701660e-01,-9.999988675117492676e-01,9.999979138374328613e-01,9.999983906745910645e-01,9.999931454658508301e-01,9.999955296516418457e-01,9.999971389770507812e-01,-9.999979734420776367e-01,9.999926090240478516e-01,-9.999991059303283691e-01,-9.999988675117492676e-01,9.999930262565612793e-01,9.999985098838806152e-01,9.999978542327880859e-01,9.999881982803344727e-01,9.999988675117492676e-01,-9.999981522560119629e-01,-9.999988079071044922e-01,9.999896883964538574e-01,-9.999960660934448242e-01,-9.999915957450866699e-01,-9.999980926513671875e-01,9.999865293502807617e-01,9.999957084655761719e-01,-9.999978542327880859e-01,9.999614953994750977e-01,9.999988675117492676e-01,9.999985098838806152e-01,9.999894499778747559e-01,-9.999988079071044922e-01,9.999985098838806152e-01,-9.999572038650512695e-01,9.999817013740539551e-01,9.999988675117492676e-01,9.999982118606567383e-01,9.999980330467224121e-01,-9.999930262565612793e-01,9.999985098838806152e-01,9.999986290931701660e-01,-9.999984502792358398e-01,-9.999987483024597168e-01,-9.999983310699462891e-01,-9.999988675117492676e-01,-9.999927878379821777e-01,-9.999982714653015137e-01,-9.999980926513671875e-01,-9.999926090240478516e-01,9.999842643737792969e-01,9.999961256980895996e-01,9.999982118606567383e-01,-9.999983906745910645e-01,9.999987483024597168e-01,9.999983310699462891e-01,9.999952912330627441e-01,-9.999946355819702148e-01,-9.999988079071044922e-01,-9.999990463256835938e-01,-9.999958872795104980e-01,-9.999988675117492676e-01,9.999983310699462891e-01,-9.999987483024597168e-01,9.999974966049194336e-01,9.999530911445617676e-01,-9.999934434890747070e-01,-9.999805688858032227e-01,-9.999982714653015137e-01,9.999917149543762207e-01,9.999986886978149414e-01,-9.999943375587463379e-01,-9.999957084655761719e-01,9.999841451644897461e-01,9.999974966049194336e-01,-9.999988079071044922e-01,9.999980330467224121e-01,-9.999982118606567383e-01,-9.999880194664001465e-01,9.999720454216003418e-01,9.999988675117492676e-01,9.999890923500061035e-01,-9.992541670799255371e-01,-9.999953508377075195e-01,9.999982714653015137e-01,-9.999839067459106445e-01,-9.999974370002746582e-01,9.999977946281433105e-01,-9.999976754188537598e-01,-9.999889135360717773e-01,9.999989271163940430e-01,-9.999986886978149414e-01,9.999965429306030273e-01,-9.999965429306030273e-01,9.999987483024597168e-01,-9.989613890647888184e-01,9.999257922172546387e-01,9.999985098838806152e-01,9.999969005584716797e-01,-9.999807476997375488e-01,-9.999982714653015137e-01,-9.999935626983642578e-01,9.999984502792358398e-01,-9.999984502792358398e-01,9.999978542327880859e-01,-9.999982714653015137e-01,-9.999422430992126465e-01,9.999989271163940430e-01,-9.999972581863403320e-01,9.999989271163940430e-01,-9.999980330467224121e-01,-9.999950528144836426e-01,-9.999973773956298828e-01,-9.999985694885253906e-01,9.999964237213134766e-01,9.999980330467224121e-01,-9.999973177909851074e-01,-9.999900460243225098e-01,-9.999949932098388672e-01,9.999882578849792480e-01,-9.999940991401672363e-01
-9.999987483024597168e-01,9.999989867210388184e-01,9.999955892562866211e-01,-9.999983310699462891e-01,-9.999993443489074707e-01,9.999991655349731445e-01,-9.999966621398925781e-01,-9.999993443489074707e-01,9.999975562095642090e-01,-9.999986290931701660e-01,9.999991655349731445e-01,9.999992251396179199e-01,-9.999985098838806152e-01,-9.999988675117492676e-01,-9.999951720237731934e-01,-9.999967217445373535e-01,-9.999980330467224121e-01,9.999986290931701660e-01,-9.999946951866149902e-01,9.999992847442626953e-01,9.999992847442626953e-01,-9.999950528144836426e-01,-9.999989271163940430e-01,-9.999985098838806152e-01,-9.999915361404418945e-01,-9.999991655349731445e-01,9.999987483024597168e-01,9.999992251396179199e-01,-9.999926686286926270e-01,9.999971985816955566e-01,9.999939799308776855e-01,9.999986290931701660e-01,-9.999902844429016113e-01,-9.999969005584716797e-01,9.999984502792358398e-01,-9.999722838401794434e-01,-9.999992847442626953e-01,-9.999989271163940430e-01,-9.999924898147583008e-01,9.999992251396179199e-01,-9.999989271163940430e-01,9.999693036079406738e-01,-9.999867677688598633e-01,-9.999992251396179199e-01,-9.999987483024597168e-01,-9.999985694885253906e-01,9.999950528144836426e-01,-9.999989271163940430e-01,-9.999990463256835938e-01,9.999989271163940430e-01,9.999991655349731445e-01,9.999987483024597168e-01,9.999991655349731445e-01,9.999948740005493164e-01,9.999987483024597168e-01,9.999986886978149414e-01,9.999946951866149902e-01,-9.999886751174926758e-01,-9.999971985816955566e-01,-9.999986886978149414e-01,9.999987483024597168e-01,-9.999991655349731445e-01,-9.999988079071044922e-01,-9.999965429306030273e-01,9.999961256980895996e-01,9.999991655349731445e-01,9.999994039535522461e-01,9.999970197677612305e-01,9.999992847442626953e-01,-9.999988079071044922e-01,9.999991655349731445e-01,-9.999981522560119629e-01,-9.999663233757019043e-01,9.999952912330627441e-01,9.999861121177673340e-01,9.999988675117492676e-01,-9.999940991401672363e-01,-9.999992251396179199e-01,9.999959468841552734e-01,9.999968409538269043e-01,-9.999886155128479004e-01,-9.999981522560119629e-01,9.999991655349731445e-01,-9.999985694885253906e-01,9.999986290931701660e-01,9.999913573265075684e-01,-9.999799132347106934e-01,-9.999992251396179199e-01,-9.999921917915344238e-01,9.994642734527587891e-01,9.999966621398925781e-01,-9.999987483024597168e-01,9.999884963035583496e-01,9.999981522560119629e-01,-9.999984502792358398e-01,9.999983310699462891e-01,9.999920129776000977e-01,-9.999992847442626953e-01,9.999991655349731445e-01,-9.999975562095642090e-01,9.999974966049194336e-01,-9.999991655349731445e-01,9.992537498474121094e-01,-9.999467730522155762e-01,-9.999990463256835938e-01,-9.999977946281433105e-01,9.999862313270568848e-01,9.999988079071044922e-01,9.999952912330627441e-01,-9.999988675117492676e-01,9.999989271163940430e-01,-9.999983906745910645e-01,9.999987483024597168e-01,9.999585151672363281e-01,-9.999992251396179199e-01,9.999980926513671875e-01,-9.999992847442626953e-01,9.999985694885253906e-01,9.999962449073791504e-01,9.999980926513671875e-01,9.999990463256835938e-01,-9.999974370002746582e-01,-9.999985694885253906e-01,9.999980926513671875e-01,9.999928474426269531e-01,9.999963641166687012e-01,-9.999916553497314453e-01,9.999957680702209473e-01
-9.999989867210388184e-01,9.999992251396179199e-01,9.999960064888000488e-01,-9.999985098838806152e-01,-9.999994039535522461e-01,9.999992251396179199e-01,-9.999970197677612305e-01,-9.999994039535522461e-01,9.999977946281433105e-01,-9.999988675117492676e-01,9.999992251396179199e-01,9.999992847442626953e-01,-9.999986886978149414e-01,-9.999989867210388184e-01,-9.999956488609313965e-01,-9.999971389770507812e-01,-9.999983310699462891e-01,9.999988079071044922e-01,-9.999952316284179688e-01,9.999994039535522461e-01,9.999993443489074707e-01,-9.999955296516418457e-01,-9.999991059303283691e-01,-9.999986886978149414e-01,-9.999924898147583008e-01,-9.999993443489074707e-01,9.999988079071044922e-01,9.999994039535522461e-01,-9.999933838844299316e-01,9.999975562095642090e-01,9.999946355819702148e-01,9.999988079071044922e-01,-9.999913573265075684e-01,-9.999971985816955566e-01,9.999986886978149414e-01,-9.999752640724182129e-01,-9.999993443489074707e-01,-9.999992251396179199e-01,-9.999932050704956055e-01,9.999992847442626953e-01,-9.999991655349731445e-01,9.999724030494689941e-01,-9.999881982803344727e-01,-9.999992847442626953e-01,-9.999988675117492676e-01,-9.999988079071044922e-01,9.999954700469970703e-01,-9.999992251396179199e-01,-9.999992251396179199e-01,9.999990463256835938e-01,9.999992251396179199e-01,9.999988675117492676e-01,9.999993443489074707e-01,9.999954104423522949e-01,9.999989271163940430e-01,9.999987483024597168e-01,9.999952316284179688e-01,-9.999899268150329590e-01,-9.999975562095642090e-01,-9.999987483024597168e-01,9.999989271163940430e-01,-9.999992251396179199e-01,-9.999989867210388184e-01,-9.999969005584716797e-01,9.999966025352478027e-01,9.999993443489074707e-01,9.999994635581970215e-01,9.999973177909851074e-01,9.999994039535522461e-01,-9.999989867210388184e-01,9.999993443489074707e-01,-9.999984502792358398e-01,-9.999697804450988770e-01,9.999958276748657227e-01,9.999874830245971680e-01,9.999989867210388184e-01,-9.999946951866149902e-01,-9.999992847442626953e-01,9.999963641166687012e-01,9.999971985816955566e-01,-9.999898076057434082e-01,-9.999984502792358398e-01,9.999992847442626953e-01,-9.999987483024597168e-01,9.999988675117492676e-01,9.999922513961791992e-01,-9.999819993972778320e-01,-9.999993443489074707e-01,-9.999930858612060547e-01,9.995184540748596191e-01,9.999970197677612305e-01,-9.999989867210388184e-01,9.999896287918090820e-01,9.999984502792358398e-01,-9.999986290931701660e-01,9.999986290931701660e-01,9.999929070472717285e-01,-9.999994635581970215e-01,9.999992251396179199e-01,-9.999978542327880859e-01,9.999977946281433105e-01,-9.999993443489074707e-01,9.993292093276977539e-01,-9.999521970748901367e-01,-9.999991655349731445e-01,-9.999981522560119629e-01,9.999876022338867188e-01,9.999989271163940430e-01,9.999958276748657227e-01,-9.999991655349731445e-01,9.999990463256835938e-01,-9.999986290931701660e-01,9.999988675117492676e-01,9.999626874923706055e-01,-9.999994039535522461e-01,9.999982714653015137e-01,-9.999994039535522461e-01,9.999987483024597168e-01,9.999967217445373535e-01,9.999983310699462891e-01,9.999991655349731445e-01,-9.999977946281433105e-01,-9.999988079071044922e-01,9.999982714653015137e-01,9.999935626983642578e-01,9.999967813491821289e-01,-9.999925494194030762e-01,9.999961256980895996e-01
