9.999980330467224121e-01,-9.999980926513671875e-01,-9.999922513961791992e-01,9.999983906745910645e-01,9.999986886978149414e-01,-9.999983310699462891e-01,-9.999908208847045898e-01,9.999987483024597168e-01,-9.999966621398925781e-01,9.999960660934448242e-01,-9.999241232872009277e-01,-9.999984502792358398e-01,9.999983906745910645e-01,9.999949932098388672e-01,-9.999270439147949219e-01,9.999971985816955566e-01,9.999974966049194336e-01,-9.999913573265075684e-01,9.999800324440002441e-01,-9.999989271163940430e-01,-9.999985098838806152e-01,9.999874234199523926e-01,9.999952316284179688e-01,9.999976158142089844e-01,-9.999935030937194824e-01,9.999988675117492676e-01,-9.999976158142089844e-01,-9.999986886978149414e-01,9.999911189079284668e-01,9.999761581420898438e-01,-9.999982118606567383e-01,-9.999985694885253906e-01,9.999976158142089844e-01,9.999976754188537598e-01,-9.999971389770507812e-01,-9.999959468841552734e-01,9.999986290931701660e-01,9.999986290931701660e-01,9.999935626983642578e-01,-9.999985694885253906e-01,9.999982714653015137e-01,-9.999966621398925781e-01,9.999741911888122559e-01,9.999985098838806152e-01,9.999964237213134766e-01,9.999977350234985352e-01,9.999957084655761719e-01,9.999918937683105469e-01,9.999986290931701660e-01,-9.999984502792358398e-01,-9.999983310699462891e-01,-9.999964833259582520e-01,-9.999982714653015137e-01,-9.999790787696838379e-01,-9.999971985816955566e-01,-9.999946951866149902e-01,-9.999974966049194336e-01,-9.999877214431762695e-01,9.999974966049194336e-01,9.999950528144836426e-01,-9.999926090240478516e-01,9.999984502792358398e-01,9.999983906745910645e-01,9.999908208847045898e-01,9.999946355819702148e-01,-9.999985694885253906e-01,-9.999987483024597168e-01,-9.999876618385314941e-01,-9.999973773956298828e-01,9.999988675117492676e-01,-9.999980330467224121e-01,9.999969005584716797e-01,9.999955892562866211e-01,-9.999932646751403809e-01,9.999648332595825195e-01,-9.999971985816955566e-01,9.999894499778747559e-01,9.999966621398925781e-01,-9.999951124191284180e-01,-9.999980330467224121e-01,-9.999633431434631348e-01,9.999976754188537598e-01,-9.999983310699462891e-01,9.999715089797973633e-01,-9.999983310699462891e-01,-9.999858140945434570e-01,9.999887347221374512e-01,9.999977946281433105e-01,-9.999865293502807617e-01,9.999984502792358398e-01,-9.999982118606567383e-01,9.999979734420776367e-01,9.999754428863525391e-01,-9.999984502792358398e-01,9.999984502792358398e-01,-9.999974370002746582e-01,-9.999681115150451660e-01,9.999986886978149414e-01,-9.999983310699462891e-01,9.999947547912597656e-01,-9.999979138374328613e-01,9.999979138374328613e-01,-9.999957084655761719e-01,9.999551773071289062e-01,9.999977350234985352e-01,9.999666213989257812e-01,9.999614953994750977e-01,-9.999963045120239258e-01,-9.999951124191284180e-01,9.999982118606567383e-01,-9.999960660934448242e-01,9.999975562095642090e-01,-9.999974370002746582e-01,-9.999958276748657227e-01,9.999988675117492676e-01,-9.999979138374328613e-01,9.999984502792358398e-01,-9.999980926513671875e-01,9.999945163726806641e-01,-9.999956488609313965e-01,-9.999984502792358398e-01,9.999955296516418457e-01,9.999976754188537598e-01,-9.999979138374328613e-01,9.999930858612060547e-01,-9.999971389770507812e-01,-9.999918937683105469e-01,-9.999981522560119629e-01
-9.999980926513671875e-01,9.999982714653015137e-01,9.999926686286926270e-01,-9.999986290931701660e-01,-9.999988079071044922e-01,9.999983906745910645e-01,9.999912977218627930e-01,-9.999989271163940430e-01,9.999969005584716797e-01,-9.999961853027343750e-01,9.999272227287292480e-01,9.999986886978149414e-01,-9.999986290931701660e-01,-9.999952912330627441e-01,9.999301433563232422e-01,-9.999974370002746582e-01,-9.999977350234985352e-01,9.999918341636657715e-01,-9.999809265136718750e-01,9.999990463256835938e-01,9.999985694885253906e-01,-9.999880194664001465e-01,-9.999955296516418457e-01,-9.999977946281433105e-01,9.999938607215881348e-01,-9.999990463256835938e-01,9.999977350234985352e-01,9.999988079071044922e-01,-9.999915957450866699e-01,-9.999772310256958008e-01,9.999983906745910645e-01,9.999986290931701660e-01,-9.999978542327880859e-01,-9.999978542327880859e-01,9.999973773956298828e-01,9.999960660934448242e-01,-9.999987483024597168e-01,-9.999986886978149414e-01,-9.999939203262329102e-01,9.999986886978149414e-01,-9.999984502792358398e-01,9.999969005584716797e-01,-9.999754428863525391e-01,-9.999986886978149414e-01,-9.999965429306030273e-01,-9.999979734420776367e-01,-9.999960064888000488e-01,-9.999923110008239746e-01,-9.999986886978149414e-01,9.999985694885253906e-01,9.999985098838806152e-01,9.999968409538269043e-01,9.999984502792358398e-01,9.999799728393554688e-01,9.999974370002746582e-01,9.999950528144836426e-01,9.999976754188537598e-01,9.999882578849792480e-01,-9.999976754188537598e-01,-9.999952912330627441e-01,9.999929070472717285e-01,-9.999986290931701660e-01,-9.999985098838806152e-01,-9.999911785125732422e-01,-9.999949336051940918e-01,9.999986886978149414e-01,9.999988675117492676e-01,9.999881982803344727e-01,9.999975562095642090e-01,-9.999989271163940430e-01,9.999982118606567383e-01,-9.999970793724060059e-01,-9.999958276748657227e-01,9.999935030937194824e-01,-9.999664425849914551e-01,9.999973773956298828e-01,-9.999899864196777344e-01,-9.999968409538269043e-01,9.999954700469970703e-01,9.999982118606567383e-01,9.999649524688720703e-01,-9.999979138374328613e-01,9.999985098838806152e-01,-9.999727606773376465e-01,9.999985098838806152e-01,9.999865889549255371e-01,-9.999892115592956543e-01,-9.999979138374328613e-01,9.999871253967285156e-01,-9.999986886978149414e-01,9.999983906745910645e-01,-9.999980926513671875e-01,-9.999766349792480469e-01,9.999985098838806152e-01,-9.999985694885253906e-01,9.999976754188537598e-01,9.999694228172302246e-01,-9.999988079071044922e-01,9.999985098838806152e-01,-9.999950528144836426e-01,9.999980330467224121e-01,-9.999982118606567383e-01,9.999960064888000488e-01,-9.999570846557617188e-01,-9.999978542327880859e-01,-9.999682307243347168e-01,-9.999631643295288086e-01,9.999965429306030273e-01,9.999953508377075195e-01,-9.999984502792358398e-01,9.999963641166687012e-01,-9.999977946281433105e-01,9.999976158142089844e-01,9.999961256980895996e-01,-9.999989867210388184e-01,9.999980926513671875e-01,-9.999986290931701660e-01,9.999982714653015137e-01,-9.999946951866149902e-01,9.999959468841552734e-01,9.999986290931701660e-01,-9.999957680702209473e-01,-9.999979138374328613e-01,9.999981522560119629e-01,-9.999934434890747070e-01,9.999973177909851074e-01,9.999923706054687500e-01,9.999983310699462891e-01
-9.999922513961791992e-01,9.999926686286926270e-01,9.999693632125854492e-01,-9.999941587448120117e-01,-9.999950528144836426e-01,9.999936223030090332e-01,9.999639987945556641e-01,-9.999954104423522949e-01,9.999870657920837402e-01,-9.999846220016479492e-01,9.997003674507141113e-01,9.999944567680358887e-01,-9.999941587448120117e-01,-9.999805688858032227e-01,9.997121095657348633e-01,-9.999893903732299805e-01,-9.999907612800598145e-01,9.999660849571228027e-01,-9.999209642410278320e-01,9.999959468841552734e-01,9.999943971633911133e-01,-9.999502897262573242e-01,-9.999815821647644043e-01,-9.999907016754150391e-01,9.999746084213256836e-01,-9.999958872795104980e-01,9.999909400939941406e-01,9.999949932098388672e-01,-9.999651908874511719e-01,-9.999058246612548828e-01,9.999932646751403809e-01,9.999944567680358887e-01,-9.999910593032836914e-01,-9.999909996986389160e-01,9.999890923500061035e-01,9.999839663505554199e-01,-9.999948740005493164e-01,-9.999946951866149902e-01,-9.999746680259704590e-01,9.999945163726806641e-01,-9.999933838844299316e-01,9.999874234199523926e-01,-9.998983740806579590e-01,-9.999943375587463379e-01,-9.999861121177673340e-01,-9.999915957450866699e-01,-9.999833703041076660e-01,-9.999678730964660645e-01,-9.999945759773254395e-01,9.999940395355224609e-01,9.999935626983642578e-01,9.999867677688598633e-01,9.999933242797851562e-01,9.999174475669860840e-01,9.999894499778747559e-01,9.999791979789733887e-01,9.999904632568359375e-01,9.999513626098632812e-01,-9.999904036521911621e-01,-9.999807476997375488e-01,9.999707341194152832e-01,-9.999940991401672363e-01,-9.999936819076538086e-01,-9.999637007713317871e-01,-9.999789595603942871e-01,9.999944567680358887e-01,9.999951124191284180e-01,9.999513030052185059e-01,9.999896287918090820e-01,-9.999953508377075195e-01,9.999928474426269531e-01,-9.999882578849792480e-01,-9.999828934669494629e-01,9.999733567237854004e-01,-9.998614192008972168e-01,9.999894499778747559e-01,-9.999585151672363281e-01,-9.999871850013732910e-01,9.999809861183166504e-01,9.999927878379821777e-01,9.998554587364196777e-01,-9.999913573265075684e-01,9.999937415122985840e-01,-9.998871684074401855e-01,9.999939203262329102e-01,9.999441504478454590e-01,-9.999554157257080078e-01,-9.999913573265075684e-01,9.999467134475708008e-01,-9.999942779541015625e-01,9.999930262565612793e-01,-9.999921321868896484e-01,-9.999033212661743164e-01,9.999938607215881348e-01,-9.999940395355224609e-01,9.999904036521911621e-01,9.998738169670104980e-01,-9.999948143959045410e-01,9.999939799308776855e-01,-9.999796152114868164e-01,9.999921321868896484e-01,-9.999923110008239746e-01,9.999832510948181152e-01,-9.998230338096618652e-01,-9.999910593032836914e-01,-9.998685121536254883e-01,-9.998481869697570801e-01,9.999856352806091309e-01,9.999808669090270996e-01,-9.999935030937194824e-01,9.999852180480957031e-01,-9.999905824661254883e-01,9.999902248382568359e-01,9.999834895133972168e-01,-9.999958276748657227e-01,9.999919533729553223e-01,-9.999939799308776855e-01,9.999924898147583008e-01,-9.999783039093017578e-01,9.999831914901733398e-01,9.999941587448120117e-01,-9.999826550483703613e-01,-9.999911189079284668e-01,9.999920725822448730e-01,-9.999730587005615234e-01,9.999888539314270020e-01,9.999685287475585938e-01,9.999927878379821777e-01
9.999983906745910645e-01,-9.999986290931701660e-01,-9.999941587448120117e-01,9.999988079071044922e-01,9.999991059303283691e-01,-9.999987483024597168e-01,-9.999930262565612793e-01,9.999991655349731445e-01,-9.999974370002746582e-01,9.999969601631164551e-01,-9.999421238899230957e-01,-9.999988675117492676e-01,9.999988079071044922e-01,9.999961853027343750e-01,-9.999442696571350098e-01,9.999979138374328613e-01,9.999982118606567383e-01,-9.999934434890747070e-01,9.999847412109375000e-01,-9.999992251396179199e-01,-9.999988079071044922e-01,9.999904036521911621e-01,9.999963641166687012e-01,9.999981522560119629e-01,-9.999951124191284180e-01,9.999992251396179199e-01,-9.999982118606567383e-01,-9.999991655349731445e-01,9.999932646751403809e-01,9.999818801879882812e-01,-9.999987483024597168e-01,-9.999989271163940430e-01,9.999982714653015137e-01,9.999982118606567383e-01,-9.999979138374328613e-01,-9.999968409538269043e-01,9.999989271163940430e-01,9.999989867210388184e-01,9.999951124191284180e-01,-9.999989867210388184e-01,9.999987483024597168e-01,-9.999975562095642090e-01,9.999803900718688965e-01,9.999989271163940430e-01,9.999972581863403320e-01,9.999983310699462891e-01,9.999967217445373535e-01,9.999938607215881348e-01,9.999989271163940430e-01,-9.999988675117492676e-01,-9.999987483024597168e-01,-9.999973177909851074e-01,-9.999986886978149414e-01,-9.999840855598449707e-01,-9.999979138374328613e-01,-9.999960064888000488e-01,-9.999981522560119629e-01,-9.999905824661254883e-01,9.999980926513671875e-01,9.999962449073791504e-01,-9.999943375587463379e-01,9.999988079071044922e-01,9.999987483024597168e-01,9.999929666519165039e-01,9.999958872795104980e-01,-9.999989867210388184e-01,-9.999991059303283691e-01,-9.999905228614807129e-01,-9.999980330467224121e-01,9.999991059303283691e-01,-9.999985694885253906e-01,9.999976158142089844e-01,9.999966621398925781e-01,-9.999948143959045410e-01,9.999731779098510742e-01,-9.999979138374328613e-01,9.999920129776000977e-01,9.999974966049194336e-01,-9.999961853027343750e-01,-9.999985694885253906e-01,-9.999721050262451172e-01,9.999983906745910645e-01,-9.999988079071044922e-01,9.999782443046569824e-01,-9.999988079071044922e-01,-9.999892115592956543e-01,9.999914169311523438e-01,9.999982714653015137e-01,-9.999896883964538574e-01,9.999988675117492676e-01,-9.999986290931701660e-01,9.999984502792358398e-01,9.999813437461853027e-01,-9.999988079071044922e-01,9.999988079071044922e-01,-9.999980926513671875e-01,-9.999756217002868652e-01,9.999991655349731445e-01,-9.999988079071044922e-01,9.999960064888000488e-01,-9.999984502792358398e-01,9.999985098838806152e-01,-9.999966025352478027e-01,9.999658465385437012e-01,9.999983310699462891e-01,9.999746084213256836e-01,9.999706745147705078e-01,-9.999971389770507812e-01,-9.999962449073791504e-01,9.999988079071044922e-01,-9.999970793724060059e-01,9.999982118606567383e-01,-9.999979734420776367e-01,-9.999968409538269043e-01,9.999992251396179199e-01,-9.999985098838806152e-01,9.999988079071044922e-01,-9.999984502792358398e-01,9.999958276748657227e-01,-9.999967217445373535e-01,-9.999988079071044922e-01,9.999966025352478027e-01,9.999983310699462891e-01,-9.999984502792358398e-01,9.999948143959045410e-01,-9.999977946281433105e-01,-9.999939203262329102e-01,-9.999985694885253906e-01
9.999986886978149414e-01,-9.999988079071044922e-01,-9.999950528144836426e-01,9.999991059303283691e-01,9.999992251396179199e-01,-9.999988675117492676e-01,-9.999941587448120117e-01,9.999992251396179199e-01,-9.999977946281433105e-01,9.999974370002746582e-01,-9.999519586563110352e-01,-9.999991655349731445e-01,9.999991059303283691e-01,9.999967217445373535e-01,-9.999536871910095215e-01,9.999981522560119629e-01,9.999983906745910645e-01,-9.999945759773254395e-01,9.999873638153076172e-01,-9.999993443489074707e-01,-9.999990463256835938e-01,9.999918937683105469e-01,9.999969601631164551e-01,9.999983906745910645e-01,-9.999959468841552734e-01,9.999993443489074707e-01,-9.999984502792358398e-01,-9.999992251396179199e-01,9.999943971633911133e-01,9.999849200248718262e-01,-9.999988675117492676e-01,-9.999991655349731445e-01,9.999985694885253906e-01,9.999985098838806152e-01,-9.999982118606567383e-01,-9.999973773956298828e-01,9.999991059303283691e-01,9.999991059303283691e-01,9.999959468841552734e-01,-9.999991655349731445e-01,9.999989271163940430e-01,-9.999979734420776367e-01,9.999837279319763184e-01,9.999991059303283691e-01,9.999977350234985352e-01,9.999986290931701660e-01,9.999971985816955566e-01,9.999948143959045410e-01,9.999991655349731445e-01,-9.999990463256835938e-01,-9.999988675117492676e-01,-9.999977946281433105e-01,-9.999988079071044922e-01,-9.999866485595703125e-01,-9.999982714653015137e-01,-9.999966025352478027e-01,-9.999983310699462891e-01,-9.999921917915344238e-01,9.999984502792358398e-01,9.999967813491821289e-01,-9.999952316284179688e-01,9.999991059303283691e-01,9.999989271163940430e-01,9.999940991401672363e-01,9.999964833259582520e-01,-9.999991059303283691e-01,-9.999991655349731445e-01,-9.999921917915344238e-01,-9.999982714653015137e-01,9.999993443489074707e-01,-9.999987483024597168e-01,9.999980926513671875e-01,9.999971389770507812e-01,-9.999957084655761719e-01,9.999778270721435547e-01,-9.999981522560119629e-01,9.999932646751403809e-01,9.999979138374328613e-01,-9.999967813491821289e-01,-9.999988079071044922e-01,-9.999767541885375977e-01,9.999985694885253906e-01,-9.999989867210388184e-01,9.999819397926330566e-01,-9.999990463256835938e-01,-9.999909996986389160e-01,9.999928474426269531e-01,9.999985098838806152e-01,-9.999913573265075684e-01,9.999991059303283691e-01,-9.999988675117492676e-01,9.999987483024597168e-01,9.999845027923583984e-01,-9.999989271163940430e-01,9.999990463256835938e-01,-9.999983310699462891e-01,-9.999796748161315918e-01,9.999992251396179199e-01,-9.999989867210388184e-01,9.999966621398925781e-01,-9.999986290931701660e-01,9.999986886978149414e-01,-9.999971985816955566e-01,9.999716281890869141e-01,9.999985098838806152e-01,9.999788403511047363e-01,9.999755620956420898e-01,-9.999976158142089844e-01,-9.999967813491821289e-01,9.999988675117492676e-01,-9.999974966049194336e-01,9.999984502792358398e-01,-9.999983310699462891e-01,-9.999973177909851074e-01,9.999992847442626953e-01,-9.999986886978149414e-01,9.999990463256835938e-01,-9.999986886978149414e-01,9.999964833259582520e-01,-9.999970793724060059e-01,-9.999991059303283691e-01,9.999970793724060059e-01,9.999985694885253906e-01,-9.999986290931701660e-01,9.999955892562866211e-01,-9.999980926513671875e-01,-9.999948740005493164e-01,-9.999987483024597168e-01
-9.999983310699462891e-01,9.999983906745910645e-01,9.999936223030090332e-01,-9.999987483024597168e-01,-9.999988675117492676e-01,9.999986886978149414e-01,9.999922513961791992e-01,-9.999990463256835938e-01,9.999971985816955566e-01,-9.999966025352478027e-01,9.999365210533142090e-01,9.999988079071044922e-01,-9.999987483024597168e-01,-9.999958276748657227e-01,9.999389052391052246e-01,-9.999976754188537598e-01,-9.999979138374328613e-01,9.999928474426269531e-01,-9.999832510948181152e-01,9.999991655349731445e-01,9.999987483024597168e-01,-9.999894499778747559e-01,-9.999960064888000488e-01,-9.999979734420776367e-01,9.999946951866149902e-01,-9.999991655349731445e-01,9.999980330467224121e-01,9.999989271163940430e-01,-9.999926090240478516e-01,-9.999801516532897949e-01,9.999985098838806152e-01,9.999988675117492676e-01,-9.999980926513671875e-01,-9.999980330467224121e-01,9.999976158142089844e-01,9.999965429306030273e-01,-9.999988675117492676e-01,-9.999988675117492676e-01,-9.999946355819702148e-01,9.999988079071044922e-01,-9.999985694885253906e-01,9.999973177909851074e-01,-9.999784827232360840e-01,-9.999988079071044922e-01,-9.999970793724060059e-01,-9.999981522560119629e-01,-9.999964237213134766e-01,-9.999932050704956055e-01,-9.999987483024597168e-01,9.999986886978149414e-01,9.999986290931701660e-01,9.999971389770507812e-01,9.999986290931701660e-01,9.999824762344360352e-01,9.999977350234985352e-01,9.999956488609313965e-01,9.999979138374328613e-01,9.999897480010986328e-01,-9.999979734420776367e-01,-9.999958276748657227e-01,9.999938607215881348e-01,-9.999986886978149414e-01,-9.999986290931701660e-01,-9.999923110008239746e-01,-9.999954700469970703e-01,9.999988079071044922e-01,9.999988675117492676e-01,9.999896883964538574e-01,9.999977946281433105e-01,-9.999990463256835938e-01,9.999984502792358398e-01,-9.999974966049194336e-01,-9.999963045120239258e-01,9.999943375587463379e-01,-9.999707341194152832e-01,9.999977350234985352e-01,-9.999911785125732422e-01,-9.999971985816955566e-01,9.999959468841552734e-01,9.999984502792358398e-01,9.999693036079406738e-01,-9.999981522560119629e-01,9.999986290931701660e-01,-9.999762177467346191e-01,9.999986886978149414e-01,9.999881982803344727e-01,-9.999906420707702637e-01,-9.999981522560119629e-01,9.999886751174926758e-01,-9.999987483024597168e-01,9.999985694885253906e-01,-9.999983310699462891e-01,-9.999796152114868164e-01,9.999986886978149414e-01,-9.999987483024597168e-01,9.999979138374328613e-01,9.999732971191406250e-01,-9.999988675117492676e-01,9.999986290931701660e-01,-9.999956488609313965e-01,9.999982714653015137e-01,-9.999984502792358398e-01,9.999964237213134766e-01,-9.999625086784362793e-01,-9.999980926513671875e-01,-9.999721646308898926e-01,-9.999678134918212891e-01,9.999969601631164551e-01,9.999958872795104980e-01,-9.999985694885253906e-01,9.999968409538269043e-01,-9.999979734420776367e-01,9.999978542327880859e-01,9.999964237213134766e-01,-9.999991655349731445e-01,9.999983310699462891e-01,-9.999987483024597168e-01,9.999983906745910645e-01,-9.999954104423522949e-01,9.999963641166687012e-01,9.999988079071044922e-01,-9.999962449073791504e-01,-9.999980926513671875e-01,9.999982714653015137e-01,-9.999942779541015625e-01,9.999976158142089844e-01,9.999933242797851562e-01,9.999984502792358398e-01
-9.999908208847045898e-01,9.999912977218627930e-01,9.999639987945556641e-01,-9.999930262565612793e-01,-9.999941587448120117e-01,9.999922513961791992e-01,9.999576807022094727e-01,-9.999946355819702148e-01,9.999846816062927246e-01,-9.999819397926330566e-01,9.996485114097595215e-01,9.999933838844299316e-01,-9.999930262565612793e-01,-9.999771118164062500e-01,9.996623396873474121e-01,-9.999874830245971680e-01,-9.999891519546508789e-01,9.999602437019348145e-01,-9.999072551727294922e-01,9.999951720237731934e-01,9.999932050704956055e-01,-9.999417066574096680e-01,-9.999782443046569824e-01,-9.999890923500061035e-01,9.999702572822570801e-01,-9.999951124191284180e-01,9.999892711639404297e-01,9.999940991401672363e-01,-9.999591112136840820e-01,-9.998893737792968750e-01,9.999918937683105469e-01,9.999934434890747070e-01,-9.999894499778747559e-01,-9.999893307685852051e-01,9.999870657920837402e-01,9.999811649322509766e-01,-9.999939799308776855e-01,-9.999936819076538086e-01,-9.999701976776123047e-01,9.999935030937194824e-01,-9.999921917915344238e-01,9.999852776527404785e-01,-9.998807907104492188e-01,-9.999932646751403809e-01,-9.999836087226867676e-01,-9.999900460243225098e-01,-9.999803304672241211e-01,-9.999622702598571777e-01,-9.999936819076538086e-01,9.999930262565612793e-01,9.999923706054687500e-01,9.999843835830688477e-01,9.999921321868896484e-01,9.999031424522399902e-01,9.999874234199523926e-01,9.999755024909973145e-01,9.999887347221374512e-01,9.999428987503051758e-01,-9.999886751174926758e-01,-9.999772906303405762e-01,9.999656081199645996e-01,-9.999929666519165039e-01,-9.999925494194030762e-01,-9.999572634696960449e-01,-9.999753236770629883e-01,9.999933838844299316e-01,9.999942183494567871e-01,9.999427795410156250e-01,9.999877214431762695e-01,-9.999945759773254395e-01,9.999915361404418945e-01,-9.999861121177673340e-01,-9.999798536300659180e-01,9.999685883522033691e-01,-9.998372793197631836e-01,9.999874830245971680e-01,-9.999513030052185059e-01,-9.999848604202270508e-01,9.999777078628540039e-01,9.999913573265075684e-01,9.998304247856140137e-01,-9.999898076057434082e-01,9.999924898147583008e-01,-9.998677372932434082e-01,9.999929070472717285e-01,9.999344348907470703e-01,-9.999477267265319824e-01,-9.999898076057434082e-01,9.999372363090515137e-01,-9.999933242797851562e-01,9.999918341636657715e-01,-9.999908208847045898e-01,-9.998865127563476562e-01,9.999927878379821777e-01,-9.999929070472717285e-01,9.999886751174926758e-01,9.998520016670227051e-01,-9.999939799308776855e-01,9.999928474426269531e-01,-9.999760985374450684e-01,9.999906420707702637e-01,-9.999908804893493652e-01,9.999803900718688965e-01,-9.997924566268920898e-01,-9.999894499778747559e-01,-9.998456835746765137e-01,-9.998219013214111328e-01,9.999830722808837891e-01,9.999774694442749023e-01,-9.999922513961791992e-01,9.999825358390808105e-01,-9.999887347221374512e-01,9.999884366989135742e-01,9.999805688858032227e-01,-9.999949932098388672e-01,9.999904036521911621e-01,-9.999928474426269531e-01,9.999911189079284668e-01,-9.999745488166809082e-01,9.999802112579345703e-01,9.999930262565612793e-01,-9.999795556068420410e-01,-9.999895095825195312e-01,9.999905228614807129e-01,-9.999682903289794922e-01,9.999868273735046387e-01,9.999629855155944824e-01,9.999914765357971191e-01
9.999987483024597168e-01,-9.999989271163940430e-01,-9.999954104423522949e-01,9.999991655349731445e-01,9.999992251396179199e-01,-9.999990463256835938e-01,-9.999946355819702148e-01,9.999992847442626953e-01,-9.999980330467224121e-01,9.999976158142089844e-01,-9.999552369117736816e-01,-9.999991059303283691e-01,9.999991655349731445e-01,9.999970793724060059e-01,-9.999569654464721680e-01,9.999983906745910645e-01,9.999985098838806152e-01,-9.999948740005493164e-01,9.999881982803344727e-01,-9.999993443489074707e-01,-9.999991059303283691e-01,9.999926090240478516e-01,9.999971985816955566e-01,9.999985694885253906e-01,-9.999961256980895996e-01,9.999994039535522461e-01,-9.999985694885253906e-01,-9.999992847442626953e-01,9.999946951866149902e-01,9.999859333038330078e-01,-9.999989867210388184e-01,-9.999992251396179199e-01,9.999986290931701660e-01,9.999985694885253906e-01,-9.999983310699462891e-01,-9.999975562095642090e-01,9.999991655349731445e-01,9.999991655349731445e-01,9.999961256980895996e-01,-9.999992251396179199e-01,9.999989271163940430e-01,-9.999980926513671875e-01,9.999848604202270508e-01,9.999991655349731445e-01,9.999979138374328613e-01,9.999986886978149414e-01,9.999974966049194336e-01,9.999952912330627441e-01,9.999992251396179199e-01,-9.999991655349731445e-01,-9.999990463256835938e-01,-9.999978542327880859e-01,-9.999989867210388184e-01,-9.999876022338867188e-01,-9.999983906745910645e-01,-9.999968409538269043e-01,-9.999984502792358398e-01,-9.999927282333374023e-01,9.999986290931701660e-01,9.999970197677612305e-01,-9.999955296516418457e-01,9.999991655349731445e-01,9.999991059303283691e-01,9.999945163726806641e-01,9.999967217445373535e-01,-9.999991655349731445e-01,-9.999992251396179199e-01,-9.999926090240478516e-01,-9.999983906745910645e-01,9.999993443489074707e-01,-9.999989271163940430e-01,9.999980926513671875e-01,9.999973177909851074e-01,-9.999959468841552734e-01,9.999793171882629395e-01,-9.999983906745910645e-01,9.999937415122985840e-01,9.999980330467224121e-01,-9.999971389770507812e-01,-9.999988079071044922e-01,-9.999783635139465332e-01,9.999986886978149414e-01,-9.999991059303283691e-01,9.999831914901733398e-01,-9.999990463256835938e-01,-9.999916553497314453e-01,9.999933242797851562e-01,9.999986886978149414e-01,-9.999920129776000977e-01,9.999991655349731445e-01,-9.999989271163940430e-01,9.999988079071044922e-01,9.999855756759643555e-01,-9.999991059303283691e-01,9.999991655349731445e-01,-9.999985098838806152e-01,-9.999811649322509766e-01,9.999992847442626953e-01,-9.999991655349731445e-01,9.999969005584716797e-01,-9.999987483024597168e-01,9.999987483024597168e-01,-9.999973773956298828e-01,9.999736547470092773e-01,9.999986886978149414e-01,9.999803900718688965e-01,9.999772310256958008e-01,-9.999978542327880859e-01,-9.999970197677612305e-01,9.999989271163940430e-01,-9.999977350234985352e-01,9.999985694885253906e-01,-9.999985098838806152e-01,-9.999974966049194336e-01,9.999993443489074707e-01,-9.999987483024597168e-01,9.999991655349731445e-01,-9.999988079071044922e-01,9.999966025352478027e-01,-9.999973773956298828e-01,-9.999992847442626953e-01,9.999973773956298828e-01,9.999986290931701660e-01,-9.999988079071044922e-01,9.999958872795104980e-01,-9.999982714653015137e-01,-9.999952316284179688e-01,-9.999988675117492676e-01
-9.999966621398925781e-01,9.999969005584716797e-01,9.999870657920837402e-01,-9.999974370002746582e-01,-9.999977946281433105e-01,9.999971985816955566e-01,9.999846816062927246e-01,-9.999980330467224121e-01,9.999944567680358887e-01,-9.999934434890747070e-01,9.998725652694702148e-01,9.999976158142089844e-01,-9.999974370002746582e-01,-9.999917149543762207e-01,9.998775720596313477e-01,-9.999955296516418457e-01,-9.999960660934448242e-01,9.999855756759643555e-01,-9.999664425849914551e-01,9.999983310699462891e-01,9.999975562095642090e-01,-9.999788999557495117e-01,-9.999921321868896484e-01,-9.999960064888000488e-01,9.999892711639404297e-01,-9.999982118606567383e-01,9.999960660934448242e-01,9.999979138374328613e-01,-9.999852180480957031e-01,-9.999600052833557129e-01,9.999971389770507812e-01,9.999975562095642090e-01,-9.999961256980895996e-01,-9.999960660934448242e-01,9.999954104423522949e-01,9.999931454658508301e-01,-9.999977946281433105e-01,-9.999977350234985352e-01,-9.999892711639404297e-01,9.999976754188537598e-01,-9.999971389770507812e-01,9.999947547912597656e-01,-9.999567866325378418e-01,-9.999976158142089844e-01,-9.999940991401672363e-01,-9.999963641166687012e-01,-9.999929070472717285e-01,-9.999863505363464355e-01,-9.999976754188537598e-01,9.999974966049194336e-01,9.999972581863403320e-01,9.999943971633911133e-01,9.999971389770507812e-01,9.999648928642272949e-01,9.999954700469970703e-01,9.999911785125732422e-01,9.999959468841552734e-01,9.999793171882629395e-01,-9.999959468841552734e-01,-9.999917149543762207e-01,9.999876618385314941e-01,-9.999974966049194336e-01,-9.999972581863403320e-01,-9.999845623970031738e-01,-9.999910593032836914e-01,9.999976158142089844e-01,9.999979138374328613e-01,9.999793171882629395e-01,9.999957084655761719e-01,-9.999980330467224121e-01,9.999969005584716797e-01,-9.999949932098388672e-01,-9.999927282333374023e-01,9.999886751174926758e-01,-9.999410510063171387e-01,9.999955296516418457e-01,-9.999822974205017090e-01,-9.999945163726806641e-01,9.999918937683105469e-01,9.999968409538269043e-01,9.999383687973022461e-01,-9.999962449073791504e-01,9.999973177909851074e-01,-9.999520182609558105e-01,9.999973773956298828e-01,9.999763965606689453e-01,-9.999810457229614258e-01,-9.999963641166687012e-01,9.999773502349853516e-01,-9.999975562095642090e-01,9.999970793724060059e-01,-9.999966025352478027e-01,-9.999588131904602051e-01,9.999973773956298828e-01,-9.999973773956298828e-01,9.999958872795104980e-01,9.999462962150573730e-01,-9.999978542327880859e-01,9.999973773956298828e-01,-9.999914169311523438e-01,9.999966025352478027e-01,-9.999966621398925781e-01,9.999929070472717285e-01,-9.999247789382934570e-01,-9.999962449073791504e-01,-9.999440312385559082e-01,-9.999354481697082520e-01,9.999939203262329102e-01,9.999918341636657715e-01,-9.999971389770507812e-01,9.999936819076538086e-01,-9.999960064888000488e-01,9.999958276748657227e-01,9.999929666519165039e-01,-9.999982118606567383e-01,9.999964833259582520e-01,-9.999974966049194336e-01,9.999967813491821289e-01,-9.999907612800598145e-01,9.999928474426269531e-01,9.999974966049194336e-01,-9.999926090240478516e-01,-9.999961256980895996e-01,9.999965429306030273e-01,-9.999885559082031250e-01,9.999952316284179688e-01,9.999867081642150879e-01,9.999969005584716797e-01
9.999960660934448242e-01,-9.999961853027343750e-01,-9.999846220016479492e-01,9.999969601631164551e-01,9.999974370002746582e-01,-9.999966025352478027e-01,-9.999819397926330566e-01,9.999976158142089844e-01,-9.999934434890747070e-01,9.999923110008239746e-01,-9.998498558998107910e-01,-9.999971389770507812e-01,9.999969601631164551e-01,9.999901652336120605e-01,-9.998556971549987793e-01,9.999946355819702148e-01,9.999953508377075195e-01,-9.999830126762390137e-01,9.999604225158691406e-01,-9.999979138374328613e-01,-9.999970793724060059e-01,9.999751448631286621e-01,9.999906420707702637e-01,9.999953508377075195e-01,-9.999873042106628418e-01,9.999979138374328613e-01,-9.999954104423522949e-01,-9.999974370002746582e-01,9.999825358390808105e-01,9.999527335166931152e-01,-9.999965429306030273e-01,-9.999971389770507812e-01,9.999954700469970703e-01,9.999954700469970703e-01,-9.999944567680358887e-01,-9.999919533729553223e-01,9.999973773956298828e-01,9.999971985816955566e-01,9.999872446060180664e-01,-9.999971985816955566e-01,9.999966025352478027e-01,-9.999936819076538086e-01,9.999490380287170410e-01,9.999970793724060059e-01,9.999929070472717285e-01,9.999957680702209473e-01,9.999915957450866699e-01,9.999839067459106445e-01,9.999971985816955566e-01,-9.999969005584716797e-01,-9.999966621398925781e-01,-9.999932646751403809e-01,-9.999965429306030273e-01,-9.999585151672363281e-01,-9.999946951866149902e-01,-9.999896287918090820e-01,-9.999951720237731934e-01,-9.999756217002868652e-01,9.999951720237731934e-01,9.999902844429016113e-01,-9.999853372573852539e-01,9.999969601631164551e-01,9.999967813491821289e-01,9.999817013740539551e-01,9.999893903732299805e-01,-9.999971389770507812e-01,-9.999974370002746582e-01,-9.999756217002868652e-01,-9.999947547912597656e-01,9.999976754188537598e-01,-9.999963641166687012e-01,9.999940991401672363e-01,9.999913573265075684e-01,-9.999865293502807617e-01,9.999305009841918945e-01,-9.999946951866149902e-01,9.999791383743286133e-01,9.999935626983642578e-01,-9.999904632568359375e-01,-9.999962449073791504e-01,-9.999274611473083496e-01,9.999956488609313965e-01,-9.999967813491821289e-01,9.999434351921081543e-01,-9.999969005584716797e-01,-9.999720454216003418e-01,9.999777078628540039e-01,9.999956488609313965e-01,-9.999732971191406250e-01,9.999970793724060059e-01,-9.999964237213134766e-01,9.999960064888000488e-01,9.999514818191528320e-01,-9.999969005584716797e-01,9.999969005584716797e-01,-9.999950528144836426e-01,-9.999366402626037598e-01,9.999973773956298828e-01,-9.999968409538269043e-01,9.999898076057434082e-01,-9.999960064888000488e-01,9.999960660934448242e-01,-9.999915361404418945e-01,9.999112486839294434e-01,9.999954700469970703e-01,9.999339580535888672e-01,9.999238252639770508e-01,-9.999927282333374023e-01,-9.999903440475463867e-01,9.999966621398925781e-01,-9.999924898147583008e-01,9.999951720237731934e-01,-9.999950528144836426e-01,-9.999917149543762207e-01,9.999978542327880859e-01,-9.999958872795104980e-01,9.999969601631164551e-01,-9.999960660934448242e-01,9.999890923500061035e-01,-9.999915361404418945e-01,-9.999969601631164551e-01,9.999912977218627930e-01,9.999955892562866211e-01,-9.999960064888000488e-01,9.999864697456359863e-01,-9.999943971633911133e-01,-9.999842047691345215e-01,-9.999962449073791504e-01
-9.999241232872009277e-01,9.999272227287292480e-01,9.997003674507141113e-01,-9.999421238899230957e-01,-9.999519586563110352e-01,9.999365210533142090e-01,9.996485114097595215e-01,-9.999552369117736816e-01,9.998725652694702148e-01,-9.998498558998107910e-01,9.970798492431640625e-01,9.999450445175170898e-01,-9.999417662620544434e-01,-9.998099803924560547e-01,9.971947073936462402e-01,-9.998953938484191895e-01,-9.999104142189025879e-01,9.996691346168518066e-01,-9.992290735244750977e-01,9.999597072601318359e-01,9.999444484710693359e-01,-9.995148181915283203e-01,-9.998191595077514648e-01,-9.999091625213623047e-01,9.997519254684448242e-01,-9.999594688415527344e-01,9.999112486839294434e-01,9.999510049819946289e-01,-9.996595978736877441e-01,-9.990804791450500488e-01,9.999331235885620117e-01,9.999451637268066406e-01,-9.999127388000488281e-01,-9.999111890792846680e-01,9.998922944068908691e-01,9.998430013656616211e-01,-9.999506473541259766e-01,-9.999481439590454102e-01,-9.997516274452209473e-01,9.999458789825439453e-01,-9.999351501464843750e-01,9.998771548271179199e-01,-9.990082979202270508e-01,-9.999439120292663574e-01,-9.998640418052673340e-01,-9.999170303344726562e-01,-9.998368620872497559e-01,-9.996859431266784668e-01,-9.999471902847290039e-01,9.999409914016723633e-01,9.999364614486694336e-01,9.998708963394165039e-01,9.999335408210754395e-01,9.991943240165710449e-01,9.998961091041564941e-01,9.997957944869995117e-01,9.999067187309265137e-01,9.995246529579162598e-01,-9.999055862426757812e-01,-9.998115301132202148e-01,9.997137784957885742e-01,-9.999414682388305664e-01,-9.999380707740783691e-01,-9.996446967124938965e-01,-9.997947812080383301e-01,9.999449253082275391e-01,9.999523162841796875e-01,9.995245933532714844e-01,9.998976588249206543e-01,-9.999541044235229492e-01,9.999300837516784668e-01,-9.998849034309387207e-01,-9.998327493667602539e-01,9.997392296791076660e-01,-9.986463785171508789e-01,9.998965859413146973e-01,-9.995948672294616699e-01,-9.998739361763000488e-01,9.998139142990112305e-01,9.999283552169799805e-01,9.985897541046142578e-01,-9.999148845672607422e-01,9.999377131462097168e-01,-9.988994002342224121e-01,9.999407529830932617e-01,9.994551539421081543e-01,-9.995650649070739746e-01,-9.999153017997741699e-01,9.994787573814392090e-01,-9.999443292617797852e-01,9.999318122863769531e-01,-9.999232888221740723e-01,-9.990559220314025879e-01,9.999400377273559570e-01,-9.999409317970275879e-01,9.999054074287414551e-01,9.987689256668090820e-01,-9.999496340751647949e-01,9.999409914016723633e-01,-9.998006224632263184e-01,9.999228119850158691e-01,-9.999247193336486816e-01,9.998363852500915527e-01,-9.982731342315673828e-01,-9.999122619628906250e-01,-9.987162351608276367e-01,-9.985191226005554199e-01,9.998586177825927734e-01,9.998130202293395996e-01,-9.999354481697082520e-01,9.998552799224853516e-01,-9.999062418937683105e-01,9.999043941497802734e-01,9.998382925987243652e-01,-9.999590516090393066e-01,9.999201893806457520e-01,-9.999409317970275879e-01,9.999265074729919434e-01,-9.997876286506652832e-01,9.998357295989990234e-01,9.999418854713439941e-01,-9.998302459716796875e-01,-9.999125003814697266e-01,9.999217391014099121e-01,-9.997363090515136719e-01,9.998903870582580566e-01,9.996923804283142090e-01,9.999293684959411621e-01
-9.999984502792358398e-01,9.999986886978149414e-01,9.999944567680358887e-01,-9.999988675117492676e-01,-9.999991655349731445e-01,9.999988079071044922e-01,9.999933838844299316e-01,-9.999991059303283691e-01,9.999976158142089844e-01,-9.999971389770507812e-01,9.999450445175170898e-01,9.999989271163940430e-01,-9.999988675117492676e-01,-9.999963641166687012e-01,9.999471306800842285e-01,-9.999981522560119629e-01,-9.999982118606567383e-01,9.999938011169433594e-01,-9.999855160713195801e-01,9.999992847442626953e-01,9.999989271163940430e-01,-9.999908804893493652e-01,-9.999965429306030273e-01,-9.999983906745910645e-01,9.999953508377075195e-01,-9.999993443489074707e-01,9.999982118606567383e-01,9.999991059303283691e-01,-9.999936223030090332e-01,-9.999827146530151367e-01,9.999987483024597168e-01,9.999989271163940430e-01,-9.999983310699462891e-01,-9.999983310699462891e-01,9.999979734420776367e-01,9.999970197677612305e-01,-9.999989867210388184e-01,-9.999990463256835938e-01,-9.999953508377075195e-01,9.999990463256835938e-01,-9.999987483024597168e-01,9.999976754188537598e-01,-9.999814033508300781e-01,-9.999989271163940430e-01,-9.999974370002746582e-01,-9.999983906745910645e-01,-9.999969005584716797e-01,-9.999942183494567871e-01,-9.999990463256835938e-01,9.999988675117492676e-01,9.999988079071044922e-01,9.999974966049194336e-01,9.999987483024597168e-01,9.999848604202270508e-01,9.999980330467224121e-01,9.999961256980895996e-01,9.999982118606567383e-01,9.999910593032836914e-01,-9.999983310699462891e-01,-9.999963045120239258e-01,9.999946355819702148e-01,-9.999989271163940430e-01,-9.999988079071044922e-01,-9.999933242797851562e-01,-9.999960064888000488e-01,9.999989867210388184e-01,9.999991655349731445e-01,9.999909996986389160e-01,9.999980330467224121e-01,-9.999991655349731445e-01,9.999986886978149414e-01,-9.999977350234985352e-01,-9.999967217445373535e-01,9.999951124191284180e-01,-9.999745488166809082e-01,9.999980330467224121e-01,-9.999923706054687500e-01,-9.999976754188537598e-01,9.999964833259582520e-01,9.999985694885253906e-01,9.999735355377197266e-01,-9.999983906745910645e-01,9.999988675117492676e-01,-9.999793171882629395e-01,9.999988675117492676e-01,9.999897480010986328e-01,-9.999918937683105469e-01,-9.999983906745910645e-01,9.999902248382568359e-01,-9.999989271163940430e-01,9.999986886978149414e-01,-9.999985098838806152e-01,-9.999822974205017090e-01,9.999988079071044922e-01,-9.999988675117492676e-01,9.999982118606567383e-01,9.999768733978271484e-01,-9.999991059303283691e-01,9.999988675117492676e-01,-9.999961853027343750e-01,9.999985098838806152e-01,-9.999985694885253906e-01,9.999969005584716797e-01,-9.999675750732421875e-01,-9.999983310699462891e-01,-9.999758601188659668e-01,-9.999721646308898926e-01,9.999973177909851074e-01,9.999963641166687012e-01,-9.999987483024597168e-01,9.999972581863403320e-01,-9.999983310699462891e-01,9.999981522560119629e-01,9.999969005584716797e-01,-9.999992847442626953e-01,9.999985694885253906e-01,-9.999988675117492676e-01,9.999986290931701660e-01,-9.999959468841552734e-01,9.999967813491821289e-01,9.999989867210388184e-01,-9.999967813491821289e-01,-9.999983310699462891e-01,9.999985098838806152e-01,-9.999950528144836426e-01,9.999979138374328613e-01,9.999942183494567871e-01,9.999985694885253906e-01
