4.514036476612091064e-01,-1.319989934563636780e-02,1.085107028484344482e-01,-1.603601127862930298e-01,1.979324221611022949e-01,-2.234460711479187012e-01,1.850097775459289551e-01,2.997118234634399414e-01,6.973187625408172607e-02,3.915015980601310730e-02,-1.660592108964920044e-01,-3.061047941446304321e-02,-1.927251964807510376e-01,-2.598285442218184471e-03,-2.907618507742881775e-02,2.478952892124652863e-02,2.909152768552303314e-03,-1.206187531352043152e-01,1.914362758398056030e-01,2.713504992425441742e-02,-1.083566769957542419e-01,-1.275109648704528809e-01,-1.646745651960372925e-01,1.288976967334747314e-01,5.360776092857122421e-03,-5.749562382698059082e-02,1.549253016710281372e-01,-1.940208971500396729e-01,-1.336833834648132324e-01,-9.795814007520675659e-02,-2.144850343465805054e-01,5.898155644536018372e-02,-1.136918812990188599e-01,-5.731820687651634216e-02,-1.894685812294483185e-02,9.497420489788055420e-02,-5.086002871394157410e-02,-5.540886148810386658e-02,-1.205195337533950806e-01,-3.026009798049926758e-01,1.300297677516937256e-01,6.915133446455001831e-02,-2.278202623128890991e-01,-1.157353445887565613e-02,-7.766007632017135620e-02,2.132103592157363892e-01,4.173403233289718628e-02,-5.634046718478202820e-02,9.548480808734893799e-02,-6.895677745342254639e-02,-1.332963109016418457e-01,-9.261306375265121460e-02,2.558593153953552246e-01,9.869752451777458191e-03,-5.508204177021980286e-02,-1.261237077414989471e-02,5.727136507630348206e-02,-4.720814526081085205e-03,1.656355708837509155e-01,1.042807698249816895e-01,-8.550400286912918091e-02,-6.053999811410903931e-02,-1.927108503878116608e-03,1.581347584724426270e-01,4.060490988194942474e-03,3.959339112043380737e-02,-2.530937194824218750e-01,4.137607663869857788e-02,1.156227197498083115e-02,1.740573197603225708e-01,-9.154311567544937134e-02,1.730037033557891846e-01,7.167500257492065430e-02,-2.680933289229869843e-02,-1.108262315392494202e-01,-3.816596418619155884e-02,1.993082230910658836e-03,-8.161514252424240112e-02,-2.203978784382343292e-02,-1.282154698856174946e-03,-5.173402652144432068e-02,-1.742620806908234954e-04,-1.295765042304992676e-01,-3.619247814640402794e-03,-2.558107972145080566e-01,2.211988419294357300e-01,2.209968864917755127e-01,-3.077919827774167061e-03,-1.943319141864776611e-01,3.579781576991081238e-02,-1.537436693906784058e-01,1.294527202844619751e-01,2.043209969997406006e-01,-1.177567392587661743e-01,-2.535706572234630585e-02,-3.631139993667602539e-01,-2.961304737254977226e-03,-2.804908763209823519e-05,-9.349443763494491577e-02,1.911637783050537109e-01,-2.580709755420684814e-01,2.167572677135467529e-01,7.789376378059387207e-02,2.864373847842216492e-02,-1.411778181791305542e-01,2.595430314540863037e-01,2.014903277158737183e-01,2.364390045404434204e-01,-2.854745984077453613e-01,7.948902435600757599e-03,-8.597550541162490845e-02,1.587330847978591919e-01,1.444987803697586060e-01,4.862542077898979187e-02,-1.959405280649662018e-02,1.039888784289360046e-01,3.480725288391113281e-01,-2.205373495817184448e-01,-1.189997643232345581e-01,-5.231517553329467773e-02,-2.311105728149414062e-01,5.029043182730674744e-02,1.010686010122299194e-01,2.563699781894683838e-01,-2.539373934268951416e-02,8.083952218294143677e-02,4.801697097718715668e-03,-4.604288563132286072e-02
-1.319989934563636780e-02,9.239726699888706207e-03,-8.059771358966827393e-02,6.377746164798736572e-02,2.781631425023078918e-02,-2.347374334931373596e-02,-2.886081673204898834e-02,4.246138408780097961e-02,2.981059066951274872e-02,4.009173810482025146e-02,6.366807967424392700e-03,-3.865803033113479614e-02,7.841536402702331543e-02,5.478352680802345276e-02,8.037323504686355591e-02,8.686674386262893677e-02,3.106005533481948078e-05,5.517697706818580627e-02,-6.529712677001953125e-02,-4.510913789272308350e-02,-2.360816858708858490e-02,6.499030441045761108e-02,5.658278241753578186e-02,-4.473397508263587952e-02,1.001770608127117157e-02,8.666292577981948853e-02,-8.807754516601562500e-02,-2.450895681977272034e-02,7.514856755733489990e-02,5.248378496617078781e-03,-2.312468364834785461e-03,-8.789491653442382812e-02,5.566986650228500366e-02,5.356943607330322266e-02,-3.505012020468711853e-03,-9.201454371213912964e-02,3.907847777009010315e-02,7.549329102039337158e-02,-7.149269431829452515e-02,-3.385321795940399170e-02,7.300584018230438232e-02,8.449597284197807312e-03,7.718040794134140015e-02,1.646050810813903809e-02,7.969713769853115082e-03,-7.029257714748382568e-02,-8.263157308101654053e-02,-2.452647313475608826e-02,3.399177221581339836e-03,1.681248843669891357e-02,-6.843031384050846100e-03,3.486965596675872803e-02,3.753547370433807373e-02,-1.791294477880001068e-02,-2.054926007986068726e-02,-9.603394567966461182e-02,2.621291950345039368e-02,6.499540526419878006e-03,-5.187175050377845764e-02,-6.433413922786712646e-02,-1.184612233191728592e-02,1.772653125226497650e-02,2.239800756797194481e-03,-1.675770618021488190e-03,1.997136510908603668e-02,-2.654312551021575928e-02,2.162569016218185425e-02,7.940692454576492310e-02,-8.119770884513854980e-02,3.498995676636695862e-03,-7.091450691223144531e-02,-1.411446835845708847e-02,-2.317555807530879974e-02,8.052857220172882080e-02,-2.565775811672210693e-02,-7.335808873176574707e-02,-1.046621589921414852e-03,9.563557058572769165e-02,-4.154355451464653015e-02,-7.451236248016357422e-02,8.570080995559692383e-02,3.463192551862448454e-04,-5.981475487351417542e-02,7.797864964231848717e-04,-6.049653887748718262e-02,-7.801777869462966919e-02,3.004637546837329865e-02,2.663011197000741959e-03,6.106719002127647400e-02,5.403738841414451599e-02,-1.390348188579082489e-02,-1.088833343237638474e-02,-7.584678381681442261e-02,3.065619245171546936e-02,-6.737332046031951904e-02,1.015145424753427505e-02,5.658294633030891418e-02,-1.849678119469899684e-05,-6.113667413592338562e-02,5.646141618490219116e-02,-1.286091934889554977e-02,4.627254232764244080e-02,-9.129243344068527222e-02,-6.976961344480514526e-02,9.871771931648254395e-02,-1.954693160951137543e-02,-6.716888397932052612e-02,-8.545427769422531128e-02,2.729742787778377533e-03,-3.444094210863113403e-03,6.030435860157012939e-02,-5.127315595746040344e-02,-8.223375678062438965e-02,9.118934161961078644e-03,9.184999018907546997e-02,-8.567749708890914917e-02,2.686649747192859650e-02,5.081543326377868652e-02,-8.284997195005416870e-02,3.669418394565582275e-02,4.756125807762145996e-02,6.610411405563354492e-02,7.021564990282058716e-02,-5.056622624397277832e-02,-3.979388251900672913e-02,-5.592304840683937073e-02,1.147946226410567760e-03,6.010601669549942017e-02
1.085107028484344482e-01,-8.059771358966827393e-02,7.409620285034179688e-01,-6.480236649513244629e-01,-2.307495325803756714e-01,1.583712697029113770e-01,2.238337248563766479e-01,-3.890459835529327393e-01,-2.458111345767974854e-01,-3.974938690662384033e-01,-1.761652901768684387e-02,3.785140514373779297e-01,-6.452993750572204590e-01,-5.701567530632019043e-01,-7.187070250511169434e-01,-7.126500606536865234e-01,-1.555313938297331333e-03,-4.936722815036773682e-01,6.249499320983886719e-01,4.542856216430664062e-01,2.697986364364624023e-01,-6.166954636573791504e-01,-5.896335244178771973e-01,4.320615828037261963e-01,-9.778503328561782837e-02,-6.789073348045349121e-01,7.389145493507385254e-01,1.425648778676986694e-01,-6.715469956398010254e-01,-7.417373359203338623e-02,4.689259454607963562e-02,7.642025947570800781e-01,-5.471549034118652344e-01,-5.700215101242065430e-01,3.415193408727645874e-02,7.576138377189636230e-01,-3.647459745407104492e-01,-6.840724945068359375e-01,5.672792792320251465e-01,3.983091115951538086e-01,-6.283891797065734863e-01,-9.578550606966018677e-02,-6.625649929046630859e-01,-1.615122854709625244e-01,-7.769063860177993774e-02,6.181573867797851562e-01,7.582721710205078125e-01,2.419280558824539185e-01,-3.319035843014717102e-02,-8.110289275646209717e-02,5.178758874535560608e-02,-3.053961694240570068e-01,-3.973384201526641846e-01,1.764290630817413330e-01,1.582544296979904175e-01,8.059956431388854980e-01,-2.764340639114379883e-01,-6.273088604211807251e-02,4.605142772197723389e-01,6.225779652595520020e-01,1.409808546304702759e-01,-2.047199010848999023e-01,-2.283209934830665588e-02,3.045284189283847809e-02,-1.889158487319946289e-01,2.450036108493804932e-01,-1.610765308141708374e-01,-6.665552854537963867e-01,7.153955698013305664e-01,3.682724386453628540e-02,6.485764980316162109e-01,1.490465551614761353e-01,2.378989309072494507e-01,-7.325390577316284180e-01,2.169644385576248169e-01,6.588414311408996582e-01,8.273310028016567230e-03,-8.133079409599304199e-01,4.540161788463592529e-01,6.854426264762878418e-01,-7.776654362678527832e-01,-3.415263723582029343e-03,5.559181571006774902e-01,-6.656950805336236954e-03,5.307189226150512695e-01,6.701615452766418457e-01,-2.802829146385192871e-01,-2.323179692029953003e-02,-5.204960107803344727e-01,-5.255658626556396484e-01,1.431513279676437378e-01,1.292492300271987915e-01,6.806847453117370605e-01,-2.949766516685485840e-01,6.417443156242370605e-01,-8.060523122549057007e-02,-5.244683027267456055e-01,1.782806939445436001e-04,5.449938774108886719e-01,-5.034846663475036621e-01,1.793134510517120361e-01,-3.784205913543701172e-01,7.890946269035339355e-01,6.442668437957763672e-01,-8.260139822959899902e-01,4.006167873740196228e-02,6.311673521995544434e-01,7.043301463127136230e-01,-8.485060185194015503e-02,3.184780478477478027e-02,-5.730019807815551758e-01,5.633651614189147949e-01,7.341403961181640625e-01,-2.029917240142822266e-01,-7.771359682083129883e-01,7.392721772193908691e-01,-2.255831509828567505e-01,-4.773874282836914062e-01,7.399809360504150391e-01,-3.733374178409576416e-01,-4.285178184509277344e-01,-6.349982619285583496e-01,-6.562790274620056152e-01,4.449015557765960693e-01,4.322819709777832031e-01,5.567293167114257812e-01,-1.666364260017871857e-02,-5.917841792106628418e-01
-1.603601127862930298e-01,6.377746164798736572e-02,-6.480236649513244629e-01,6.881091594696044922e-01,9.645140916109085083e-02,-4.558319225907325745e-02,-2.053463906049728394e-01,2.357646077871322632e-01,2.123544067144393921e-01,3.348396718502044678e-01,-3.686305880546569824e-02,-3.166555762290954590e-01,4.870357811450958252e-01,5.678108930587768555e-01,6.365477442741394043e-01,5.331822633743286133e-01,5.172469187527894974e-03,4.636336863040924072e-01,-6.133365035057067871e-01,-3.898133635520935059e-01,-3.446951806545257568e-01,5.802564024925231934e-01,5.417927503585815430e-01,-3.722554743289947510e-01,8.462473750114440918e-02,4.926889538764953613e-01,-5.991217494010925293e-01,5.818428471684455872e-02,4.979035258293151855e-01,1.728251427412033081e-01,-4.387114569544792175e-02,-6.891613602638244629e-01,5.721765160560607910e-01,4.707662761211395264e-01,-1.402270141988992691e-02,-6.251487731933593750e-01,3.027297556400299072e-01,5.723842382431030273e-01,-3.418547511100769043e-01,-4.132601320743560791e-01,5.245830416679382324e-01,1.049847006797790527e-01,5.517720580101013184e-01,1.353307962417602539e-01,2.523349598050117493e-02,-4.577580094337463379e-01,-6.847814321517944336e-01,-2.295371443033218384e-01,1.632289215922355652e-02,1.179652959108352661e-01,-1.106403861194849014e-02,3.124236762523651123e-01,3.708857297897338867e-01,-1.835997402667999268e-01,-1.961651444435119629e-02,-6.606444120407104492e-01,2.575356662273406982e-01,5.059923976659774780e-02,-4.097926318645477295e-01,-5.891642570495605469e-01,-1.861830651760101318e-01,2.640611529350280762e-01,2.458925358951091766e-02,-6.907317787408828735e-02,1.957237124443054199e-01,-2.096166759729385376e-01,1.553190052509307861e-01,4.868772625923156738e-01,-5.866097807884216309e-01,-1.729392856359481812e-01,-5.141795277595520020e-01,-4.948237445205450058e-03,-2.767620086669921875e-01,6.579484939575195312e-01,-1.857543140649795532e-01,-5.596107840538024902e-01,-4.603426437824964523e-03,6.678757071495056152e-01,-5.393239259719848633e-01,-5.831516385078430176e-01,7.389743328094482422e-01,2.906947163864970207e-03,-3.786503374576568604e-01,7.371838204562664032e-03,-4.130720496177673340e-01,-5.590541362762451172e-01,7.735852152109146118e-02,1.631701923906803131e-02,4.175811409950256348e-01,4.251782894134521484e-01,-1.120043247938156128e-01,-2.303209751844406128e-01,-6.575483679771423340e-01,3.327184319496154785e-01,-5.842987895011901855e-01,1.362218111753463745e-01,4.061140418052673340e-01,-1.414990692865103483e-04,-3.677957355976104736e-01,3.771952688694000244e-01,-5.575145035982131958e-02,1.597929894924163818e-01,-7.321133613586425781e-01,-5.266416072845458984e-01,7.368388772010803223e-01,8.434534072875976562e-02,-7.032297253608703613e-01,-6.087524294853210449e-01,1.820332854986190796e-01,-2.868441678583621979e-02,6.062608957290649414e-01,-5.914312005043029785e-01,-6.606180667877197266e-01,2.654030323028564453e-01,6.318662166595458984e-01,-6.350610256195068359e-01,3.544624522328376770e-02,4.082628786563873291e-01,-6.248739957809448242e-01,3.839959204196929932e-01,3.748150169849395752e-01,5.801236629486083984e-01,5.589479804039001465e-01,-4.087730944156646729e-01,-3.345395028591156006e-01,-5.321111679077148438e-01,1.784859108738601208e-03,5.090408325195312500e-01
1.979324221611022949e-01,2.781631425023078918e-02,-2.307495325803756714e-01,9.645140916109085083e-02,2.822872102260589600e-01,-2.144588977098464966e-01,-1.307981461286544800e-02,3.992527425289154053e-01,8.190914988517761230e-02,1.422839909791946411e-01,-3.253109753131866455e-02,-1.522902548313140869e-01,2.176128178834915161e-01,1.256716996431350708e-01,2.782892882823944092e-01,3.733894526958465576e-01,-1.128391828387975693e-03,1.627583056688308716e-01,-8.853043615818023682e-02,-1.272534281015396118e-01,8.482316508889198303e-03,1.488605439662933350e-01,9.080885350704193115e-02,-6.685820221900939941e-02,3.174764290452003479e-02,3.197827637195587158e-01,-2.542351186275482178e-01,-3.025133311748504639e-01,2.657576799392700195e-01,-1.073138490319252014e-01,-9.848252683877944946e-02,-2.237263172864913940e-01,5.531060695648193359e-02,1.579019427299499512e-01,-3.102408722043037415e-02,-2.989604473114013672e-01,1.138520613312721252e-01,2.478578388690948486e-01,-4.455584585666656494e-01,-2.350235134363174438e-01,3.222144246101379395e-01,5.160909891128540039e-02,1.958665698766708374e-01,5.715191364288330078e-02,5.431798100471496582e-02,-1.770324558019638062e-01,-2.719841599464416504e-01,-1.207101568579673767e-01,3.782274201512336731e-02,5.595257133245468140e-02,-1.009865552186965942e-01,3.567698411643505096e-03,2.175198197364807129e-01,-4.809885099530220032e-02,-1.797738820314407349e-01,-3.842949867248535156e-01,1.213874295353889465e-01,2.262730151414871216e-02,-1.030004322528839111e-01,-1.608383655548095703e-01,-3.498342633247375488e-02,-4.597568139433860779e-02,4.250841215252876282e-03,5.993005260825157166e-02,4.519685730338096619e-02,-7.115874439477920532e-02,-2.761198394000530243e-02,3.663410246372222900e-01,-2.732805609703063965e-01,2.088222503662109375e-01,-3.377356231212615967e-01,-4.375981166958808899e-02,2.105201035737991333e-02,2.547463476657867432e-01,-1.406079977750778198e-01,-3.002333939075469971e-01,-3.969810903072357178e-03,3.176885247230529785e-01,-8.380885422229766846e-02,-2.457644641399383545e-01,2.348687797784805298e-01,1.082066679373383522e-03,-3.404927253723144531e-01,-5.627979990094900131e-04,-3.814384937286376953e-01,-1.986441910266876221e-01,2.911228835582733154e-01,1.034964900463819504e-02,9.561856091022491455e-02,2.135393917560577393e-01,-1.531667113304138184e-01,1.056748181581497192e-01,-1.171777322888374329e-01,-4.724747501313686371e-03,-2.122534662485122681e-01,-1.845886111259460449e-01,2.801818847656250000e-01,-8.423927647527307272e-05,-3.103166222572326660e-01,3.294878304004669189e-01,-2.029058337211608887e-01,3.389077186584472656e-01,-2.483796924352645874e-01,-2.466438710689544678e-01,2.586915194988250732e-01,2.001692727208137512e-02,-4.172272607684135437e-02,-2.136217653751373291e-01,-2.018900364637374878e-01,-2.515060594305396080e-03,7.414696365594863892e-02,-1.273238658905029297e-02,-2.091409862041473389e-01,-3.453039377927780151e-02,3.840863108634948730e-01,-2.432785481214523315e-01,3.488360643386840820e-01,8.477669954299926758e-02,-3.725090622901916504e-01,5.962875485420227051e-02,7.651831954717636108e-02,2.165331840515136719e-01,2.897211313247680664e-01,-4.128098115324974060e-02,-1.417675018310546875e-01,-9.636764973402023315e-02,-3.901834366843104362e-03,1.893492937088012695e-01
-2.234460711479187012e-01,-2.347374334931373596e-02,1.583712697029113770e-01,-4.558319225907325745e-02,-2.144588977098464966e-01,3.110452592372894287e-01,-2.299454296007752419e-03,-2.812323868274688721e-01,-2.039163410663604736e-01,-1.586816608905792236e-01,7.798777520656585693e-02,1.312417089939117432e-01,-1.707302927970886230e-01,-9.735238552093505859e-02,-1.954178363084793091e-01,-3.113758265972137451e-01,-1.079953508451581001e-03,-1.051595509052276611e-01,1.041051223874092102e-01,9.887436032295227051e-02,1.526753306388854980e-01,-8.784992247819900513e-02,-2.750495262444019318e-02,7.538636028766632080e-02,-3.801492974162101746e-02,-3.211539089679718018e-01,1.803561896085739136e-01,2.280172258615493774e-01,-1.391630470752716064e-01,3.810926154255867004e-02,1.407691836357116699e-01,2.443751543760299683e-01,-1.235618442296981812e-01,-8.174920082092285156e-02,1.874119974672794342e-02,2.392148971557617188e-01,-1.024261116981506348e-01,-2.177544683218002319e-01,3.185093700885772705e-01,1.892502158880233765e-01,-3.599096238613128662e-01,-5.559306964278221130e-02,-9.088798612356185913e-02,-3.589155897498130798e-02,7.935743033885955811e-02,9.572260081768035889e-02,2.094194740056991577e-01,9.095475822687149048e-02,-1.080221086740493774e-01,-3.110910579562187195e-02,1.274067908525466919e-01,-1.262893974781036377e-01,-2.600824534893035889e-01,3.644287213683128357e-02,9.528741240501403809e-02,2.847169339656829834e-01,-9.503319114446640015e-02,-1.663538068532943726e-02,9.540032595396041870e-02,1.226008608937263489e-01,8.093052357435226440e-02,-8.443123660981655121e-03,-3.493559313938021660e-03,-1.710814088582992554e-01,-8.768175542354583740e-02,7.138548791408538818e-02,9.053972363471984863e-02,-2.833702862262725830e-01,2.649561464786529541e-01,-1.391365826129913330e-01,2.773424685001373291e-01,-1.368548870086669922e-01,3.694283589720726013e-02,-2.270401865243911743e-01,1.911664009094238281e-01,2.470868676900863647e-01,3.240699646994471550e-03,-2.517299056053161621e-01,1.122227609157562256e-01,2.383945435285568237e-01,-2.243599593639373779e-01,-8.483410347253084183e-04,2.536878585815429688e-01,-1.722234301269054413e-03,3.590995967388153076e-01,1.226046904921531677e-01,-2.366786599159240723e-01,-7.446809671819210052e-03,-1.376744955778121948e-01,-1.945105940103530884e-01,1.257290840148925781e-01,-5.000224336981773376e-02,1.279601156711578369e-01,-7.772570010274648666e-03,2.516418099403381348e-01,1.570696383714675903e-01,-1.369949579238891602e-01,7.401991751976311207e-05,2.426411062479019165e-01,-3.418410122394561768e-01,1.728134453296661377e-01,-3.385786116123199463e-01,2.417954802513122559e-01,2.117177098989486694e-01,-2.602007091045379639e-01,1.875647902488708496e-02,7.634101808071136475e-02,1.451350897550582886e-01,2.230224460363388062e-01,1.016391720622777939e-02,-1.028840541839599609e-01,1.659863069653511047e-02,1.713658571243286133e-01,-6.066680885851383209e-03,-2.558959722518920898e-01,2.336800396442413330e-01,-2.856312096118927002e-01,-3.387868031859397888e-02,3.125227987766265869e-01,-7.087656855583190918e-02,-1.480683591216802597e-02,-2.370095402002334595e-01,-2.660640180110931396e-01,2.082912437617778778e-02,9.710208326578140259e-02,1.211435720324516296e-01,-1.366382651031017303e-02,-1.548827737569808960e-01
1.850097775459289551e-01,-2.886081673204898834e-02,2.238337248563766479e-01,-2.053463906049728394e-01,-1.307981461286544800e-02,-2.299454296007752419e-03,2.127258926630020142e-01,-2.811988815665245056e-02,-7.699990272521972656e-02,-6.448593735694885254e-02,-1.209578961133956909e-01,1.013003960251808167e-01,-2.853123247623443604e-01,-1.721921861171722412e-01,-2.494952827692031860e-01,-2.520563006401062012e-01,-2.214980049757286906e-04,-2.145232558250427246e-01,1.909347772598266602e-01,1.117040291428565979e-01,-1.372967846691608429e-02,-2.513493299484252930e-01,-1.830934584140777588e-01,1.709076166152954102e-01,-2.241313643753528595e-02,-2.684457302093505859e-01,3.040628731250762939e-01,4.046001657843589783e-02,-2.183349579572677612e-01,-6.837903708219528198e-02,-6.239313259720802307e-02,2.504534423351287842e-01,-1.234960332512855530e-01,-1.401843279600143433e-01,4.909886047244071960e-03,3.203504979610443115e-01,-1.215397417545318604e-01,-2.089658379554748535e-01,1.733692139387130737e-01,-1.314506493508815765e-02,-1.406252086162567139e-01,7.692089769989252090e-03,-3.003058135509490967e-01,-4.655187577009201050e-02,-1.128257215023040771e-01,2.593419253826141357e-01,2.136147767305374146e-01,6.161798164248466492e-02,5.066705867648124695e-02,-9.092781692743301392e-02,-1.719897054135799408e-02,-1.182888373732566833e-01,-4.079217091202735901e-03,8.850181847810745239e-02,5.280675366520881653e-02,2.600804269313812256e-01,-6.936462223529815674e-02,-1.905527152121067047e-02,1.580835729837417603e-01,2.144536525011062622e-01,-6.860892288386821747e-03,-5.371012166142463684e-02,-7.199935149401426315e-03,1.277648508548736572e-01,-5.465312302112579346e-02,8.213234692811965942e-02,-1.734196841716766357e-01,-2.057690024375915527e-01,2.220581024885177612e-01,3.487841039896011353e-02,1.402595192193984985e-01,9.545866400003433228e-02,9.398222714662551880e-02,-2.281186133623123169e-01,2.155446074903011322e-02,1.629863679409027100e-01,3.748546820133924484e-03,-2.610250711441040039e-01,8.802807331085205078e-02,1.977349668741226196e-01,-2.242065370082855225e-01,-1.022889628075063229e-03,9.198503196239471436e-02,-4.043049644678831100e-03,7.884766906499862671e-02,2.945678830146789551e-01,6.048652157187461853e-02,-9.067856706678867340e-03,-2.446407526731491089e-01,-1.243182942271232605e-01,-2.990463003516197205e-02,6.041093170642852783e-02,2.629362344741821289e-01,-1.421139985322952271e-01,1.360660791397094727e-01,-1.486442238092422485e-01,-1.509826779365539551e-01,3.192710209987126291e-05,1.543762981891632080e-01,-7.385970652103424072e-02,-8.307599276304244995e-02,-3.124952316284179688e-02,2.743396461009979248e-01,1.939879357814788818e-01,-2.655481994152069092e-01,2.078637778759002686e-01,2.177905440330505371e-01,3.465962707996368408e-01,-1.222543641924858093e-01,9.595876559615135193e-03,-2.431145459413528442e-01,1.245441213250160217e-01,2.771556973457336426e-01,4.466362670063972473e-02,-2.494174838066101074e-01,2.378524243831634521e-01,1.534645166248083115e-02,-1.944255083799362183e-01,1.597260981798171997e-01,-1.143057867884635925e-01,-2.015671879053115845e-01,-1.367342472076416016e-01,-1.361380666494369507e-01,2.280340641736984253e-01,9.315753728151321411e-02,1.600901037454605103e-01,4.742164164781570435e-03,-1.319095790386199951e-01
2.997118234634399414e-01,4.246138408780097961e-02,-3.890459835529327393e-01,2.357646077871322632e-01,3.992527425289154053e-01,-2.812323868274688721e-01,-2.811988815665245056e-02,6.505629420280456543e-01,1.187778040766716003e-01,2.372111976146697998e-01,-4.176830872893333435e-02,-2.735570371150970459e-01,3.227910995483398438e-01,2.908207774162292480e-01,4.727266132831573486e-01,5.698942542076110840e-01,4.164221463724970818e-04,2.523303329944610596e-01,-1.673022359609603882e-01,-2.285517603158950806e-01,-8.542571216821670532e-03,3.062075078487396240e-01,2.015600949525833130e-01,-1.644854843616485596e-01,5.631479248404502869e-02,4.604792892932891846e-01,-4.014840722084045410e-01,-4.115686714649200439e-01,4.340649843215942383e-01,-1.156006902456283569e-01,-1.702725887298583984e-01,-3.838397562503814697e-01,1.014793142676353455e-01,3.187405467033386230e-01,-5.337422713637351990e-02,-4.841621220111846924e-01,1.925456076860427856e-01,4.071975052356719971e-01,-6.599680781364440918e-01,-4.451796710491180420e-01,4.897587299346923828e-01,8.826380968093872070e-02,3.078995943069458008e-01,1.006603240966796875e-01,1.374977380037307739e-01,-2.958339154720306396e-01,-4.579967856407165527e-01,-2.098210304975509644e-01,5.019022896885871887e-02,1.718655973672866821e-02,-1.484301835298538208e-01,5.763868801295757294e-03,3.792415857315063477e-01,-1.220238134264945984e-01,-2.735757827758789062e-01,-6.069672107696533203e-01,2.342566847801208496e-01,3.997499868273735046e-02,-1.202918440103530884e-01,-2.985845208168029785e-01,-8.548108488321304321e-02,-3.607227280735969543e-02,9.232034906744956970e-03,1.886074803769588470e-02,8.207263052463531494e-02,-1.179261356592178345e-01,-6.399940699338912964e-02,5.505623817443847656e-01,-4.591162502765655518e-01,2.566508054733276367e-01,-5.439269542694091797e-01,-1.087323650717735291e-01,-2.676929580047726631e-03,4.511144161224365234e-01,-1.882109045982360840e-01,-4.645816087722778320e-01,-5.504304543137550354e-03,5.065985321998596191e-01,-2.018923610448837280e-01,-4.194514453411102295e-01,4.105621278285980225e-01,2.030275529250502586e-03,-5.338258147239685059e-01,-2.491141494829207659e-04,-5.812541246414184570e-01,-3.158896565437316895e-01,4.200203716754913330e-01,1.658863946795463562e-02,1.419987231492996216e-01,3.719491362571716309e-01,-2.327801138162612915e-01,1.552337259054183960e-01,-2.173896729946136475e-01,2.605600468814373016e-02,-3.642021715641021729e-01,-2.932220399379730225e-01,4.328120052814483643e-01,-1.405733928550034761e-04,-5.039281249046325684e-01,5.015112161636352539e-01,-3.576177954673767090e-01,5.025575757026672363e-01,-4.251409173011779785e-01,-4.125790894031524658e-01,4.059771597385406494e-01,9.201984852552413940e-02,-1.069288700819015503e-01,-3.454490303993225098e-01,-2.440052926540374756e-01,-3.449525451287627220e-03,1.981549859046936035e-01,-9.464164823293685913e-02,-3.650258183479309082e-01,4.480408132076263428e-02,5.921798348426818848e-01,-3.797804415225982666e-01,5.352454781532287598e-01,1.565388888120651245e-01,-5.978418588638305664e-01,1.268649995326995850e-01,1.178062260150909424e-01,3.772704601287841797e-01,4.644289910793304443e-01,-4.881935566663742065e-02,-2.889063954353332520e-01,-1.916468441486358643e-01,1.079501002095639706e-03,3.225232362747192383e-01
6.973187625408172607e-02,2.981059066951274872e-02,-2.458111345767974854e-01,2.123544067144393921e-01,8.190914988517761230e-02,-2.039163410663604736e-01,-7.699990272521972656e-02,1.187778040766716003e-01,2.669229805469512939e-01,1.918236762285232544e-01,-5.920361727476119995e-02,-1.584472358226776123e-01,2.127023935317993164e-01,2.565309405326843262e-01,2.738272249698638916e-01,2.987980246543884277e-01,4.691815003752708435e-03,1.404735445976257324e-01,-2.428347468376159668e-01,-1.680976152420043945e-01,-3.227606713771820068e-01,2.163413763046264648e-01,1.552834957838058472e-01,-1.691469997167587280e-01,5.052386224269866943e-02,3.155902028083801270e-01,-2.662191689014434814e-01,-3.215115517377853394e-02,1.390373557806015015e-01,9.538522362709045410e-02,-1.168542057275772095e-01,-4.001839756965637207e-01,2.813664972782135010e-01,1.531963050365447998e-01,-5.935553461313247681e-03,-3.075081110000610352e-01,1.380919963121414185e-01,2.666304111480712891e-01,-1.627585887908935547e-01,-2.214911282062530518e-01,3.607026338577270508e-01,6.640186160802841187e-02,1.636794656515121460e-01,4.735569283366203308e-02,-1.009778529405593872e-01,-1.556663066148757935e-01,-2.843365669250488281e-01,-9.883993119001388550e-02,9.314815700054168701e-02,1.586578413844108582e-02,-8.293223381042480469e-02,2.391759902238845825e-01,2.826666235923767090e-01,-7.892478257417678833e-02,6.905036978423595428e-03,-3.138611316680908203e-01,1.122960895299911499e-01,2.028926275670528412e-02,-1.498028486967086792e-01,-2.235017865896224976e-01,-1.322461068630218506e-01,1.436119973659515381e-01,1.018136367201805115e-02,9.872829914093017578e-02,1.293193548917770386e-01,-9.907091408967971802e-02,-2.672282792627811432e-02,2.443478554487228394e-01,-3.238916397094726562e-01,-5.142381414771080017e-02,-2.464520484209060669e-01,1.597146242856979370e-01,-1.584791988134384155e-01,3.199829161167144775e-01,-1.677701771259307861e-01,-2.575208544731140137e-01,-2.404917730018496513e-03,3.108741641044616699e-01,-2.382305115461349487e-01,-3.203896582126617432e-01,3.568701148033142090e-01,1.282191951759159565e-03,-1.798297166824340820e-01,4.829152021557092667e-03,-2.847640812397003174e-01,-1.951660066843032837e-01,8.229067921638488770e-02,6.650313269346952438e-03,2.449257671833038330e-01,2.171193361282348633e-01,-6.630191206932067871e-02,-9.520456194877624512e-02,-2.864181399345397949e-01,1.427689492702484131e-01,-3.264546990394592285e-01,-1.552927028387784958e-02,9.079626947641372681e-02,-7.059753261273726821e-05,-2.138006389141082764e-01,2.671339511871337891e-01,-7.947491854429244995e-02,2.011035531759262085e-01,-3.775067925453186035e-01,-2.485394924879074097e-01,3.664470911026000977e-01,-1.556851156055927277e-02,-3.010841608047485352e-01,-2.308396548032760620e-01,-3.012665361166000366e-02,-2.016422897577285767e-02,3.257319927215576172e-01,-2.103376537561416626e-01,-2.865441143512725830e-01,1.250562965869903564e-01,2.456646710634231567e-01,-3.153217434883117676e-01,1.221067756414413452e-01,9.817954897880554199e-02,-3.192628324031829834e-01,1.769339889287948608e-01,7.120261341333389282e-02,3.196336627006530762e-01,3.057125210762023926e-01,-1.306201815605163574e-01,-1.574578732252120972e-01,-2.644811272621154785e-01,2.266910113394260406e-02,1.980963647365570068e-01
3.915015980601310730e-02,4.009173810482025146e-02,-3.974938690662384033e-01,3.348396718502044678e-01,1.422839909791946411e-01,-1.586816608905792236e-01,-6.448593735694885254e-02,2.372111976146697998e-01,1.918236762285232544e-01,2.454931139945983887e-01,-5.151617899537086487e-02,-2.114455103874206543e-01,3.175329267978668213e-01,3.248358368873596191e-01,3.919720053672790527e-01,4.112225174903869629e-01,2.283120295032858849e-03,2.136585414409637451e-01,-3.374909162521362305e-01,-2.463812679052352905e-01,-2.550062239170074463e-01,2.985108792781829834e-01,2.839145362377166748e-01,-2.194521874189376831e-01,5.918964743614196777e-02,3.917953968048095703e-01,-3.909086287021636963e-01,-7.210017740726470947e-02,3.379826247692108154e-01,4.453569278120994568e-02,-8.935835957527160645e-02,-4.790016412734985352e-01,3.323045372962951660e-01,2.963165044784545898e-01,-1.854231581091880798e-02,-4.177121520042419434e-01,1.887238174676895142e-01,3.771585822105407715e-01,-3.124767243862152100e-01,-2.870538532733917236e-01,4.114394783973693848e-01,7.255341857671737671e-02,2.975286841392517090e-01,8.107203990221023560e-02,-3.140050545334815979e-02,-2.956113219261169434e-01,-4.340212047100067139e-01,-1.307733207941055298e-01,6.946062296628952026e-02,-1.272755442187190056e-03,-6.482824683189392090e-02,1.926516145467758179e-01,2.989098727703094482e-01,-8.433271944522857666e-02,-6.376118212938308716e-02,-4.793421328067779541e-01,1.539281457662582397e-01,3.210449591279029846e-02,-2.191787362098693848e-01,-3.136399090290069580e-01,-1.171055734157562256e-01,1.304314136505126953e-01,1.208866573870182037e-02,6.669376790523529053e-02,1.189247369766235352e-01,-1.283754557371139526e-01,4.492220934480428696e-03,3.687044382095336914e-01,-4.233663678169250488e-01,-2.321355789899826050e-02,-3.788347840309143066e-01,4.619611892849206924e-03,-1.402948796749114990e-01,4.279395043849945068e-01,-1.571561694145202637e-01,-3.732244074344635010e-01,-3.747299313545227051e-03,4.798094928264617920e-01,-2.738061547279357910e-01,-4.101156294345855713e-01,4.783369004726409912e-01,1.816640258766710758e-03,-3.162919282913208008e-01,3.631147556006908417e-03,-3.509955108165740967e-01,-3.165676295757293701e-01,1.950994729995727539e-01,1.093482691794633865e-02,2.628135979175567627e-01,2.977989017963409424e-01,-1.038630902767181396e-01,-7.061290740966796875e-02,-3.633575141429901123e-01,1.422486901283264160e-01,-4.034459292888641357e-01,-1.923990249633789062e-02,2.362252324819564819e-01,-1.034822125802747905e-04,-3.029843568801879883e-01,3.255885243415832520e-01,-1.579365879297256470e-01,2.606679797172546387e-01,-4.766834676265716553e-01,-3.491466045379638672e-01,5.064031481742858887e-01,4.098680987954139709e-02,-3.635241687297821045e-01,-3.404866158962249756e-01,-1.182909496128559113e-02,-1.975642889738082886e-02,3.308576345443725586e-01,-3.156217336654663086e-01,-3.962841331958770752e-01,1.641837209463119507e-01,4.329334497451782227e-01,-4.253351390361785889e-01,1.711639612913131714e-01,2.039616405963897705e-01,-4.646908640861511230e-01,2.067526280879974365e-01,1.633466482162475586e-01,3.913293778896331787e-01,4.048230946063995361e-01,-1.829806119203567505e-01,-2.470932304859161377e-01,-3.137156963348388672e-01,2.004927583038806915e-02,3.162466883659362793e-01
-1.660592108964920044e-01,6.366807967424392700e-03,-1.761652901768684387e-02,-3.686305880546569824e-02,-3.253109753131866455e-02,7.798777520656585693e-02,-1.209578961133956909e-01,-4.176830872893333435e-02,-5.920361727476119995e-02,-5.151617899537086487e-02,1.822314411401748657e-01,2.034763805568218231e-03,1.342366337776184082e-01,-1.194601785391569138e-02,1.850942149758338928e-02,6.581119447946548462e-02,-3.047234145924448967e-03,1.425111386924982071e-02,3.492689505219459534e-02,1.951824524439871311e-04,2.065358459949493408e-01,5.435834825038909912e-02,4.709857702255249023e-02,-7.284183800220489502e-02,-8.644789457321166992e-03,8.020444959402084351e-02,-1.156904175877571106e-01,-6.072431802749633789e-02,1.258926391601562500e-01,-1.694567315280437469e-02,1.095810756087303162e-01,6.831406150013208389e-03,-1.165162324905395508e-01,5.178813636302947998e-02,-8.625474758446216583e-03,-1.007590368390083313e-01,2.100585214793682098e-02,1.230012346059083939e-02,-7.614015787839889526e-02,1.812496185302734375e-01,-1.056273803114891052e-01,-6.236108019948005676e-02,1.313257515430450439e-01,7.369784638285636902e-03,1.719183027744293213e-01,-1.763177812099456787e-01,2.787706814706325531e-02,4.100926220417022705e-02,-7.714460045099258423e-02,-4.562634602189064026e-02,4.472047090530395508e-02,-4.628116264939308167e-02,-1.715640425682067871e-01,-1.010953169316053391e-02,-8.874391019344329834e-02,-3.883151337504386902e-02,-2.408812940120697021e-02,4.845927003771066666e-03,8.138856850564479828e-03,6.900517619214951992e-04,1.089759916067123413e-01,-5.729117617011070251e-02,-2.892235293984413147e-03,-1.528391689062118530e-01,-4.490379244089126587e-02,-6.345569156110286713e-03,1.233519688248634338e-01,3.740302473306655884e-02,-2.629829198122024536e-02,1.880334876477718353e-02,3.840163722634315491e-02,-2.552547156810760498e-01,2.505270205438137054e-02,-6.423195358365774155e-03,1.079542040824890137e-01,5.850904807448387146e-02,-2.662035170942544937e-03,5.400274693965911865e-02,1.590732634067535400e-01,-4.229993501212447882e-04,-6.007101386785507202e-02,1.742934546200558543e-04,9.396685287356376648e-03,2.455379581078886986e-04,1.172966286540031433e-01,-1.179644539952278137e-01,-4.121217131614685059e-02,4.483891185373067856e-03,9.676127880811691284e-02,-1.056738756597042084e-02,9.389143437147140503e-02,5.726395919919013977e-02,-1.011529378592967987e-02,4.856939427554607391e-03,9.070186316967010498e-02,1.096523553133010864e-01,1.545046549290418625e-02,1.520810201327549294e-05,-5.273320525884628296e-02,-1.024708002805709839e-01,4.203530028462409973e-02,-1.505656167864799500e-02,1.194035634398460388e-02,-1.787287183105945587e-02,-1.253781374543905258e-02,-2.484242767095565796e-01,8.991976827383041382e-02,-1.272960156202316284e-01,1.067568585276603699e-01,1.774381496943533421e-03,-3.986455500125885010e-03,5.376191809773445129e-02,-4.149975255131721497e-02,-1.017832607030868530e-01,3.565137833356857300e-02,3.705359995365142822e-04,-6.660258863121271133e-03,8.394412696361541748e-02,7.054669409990310669e-02,-3.630820661783218384e-02,8.589404076337814331e-02,-8.754501491785049438e-02,-7.162178307771682739e-02,-7.830085605382919312e-02,-4.547180235385894775e-02,3.178056702017784119e-02,6.861388683319091797e-03,-3.152506798505783081e-02
-3.061047941446304321e-02,-3.865803033113479614e-02,3.785140514373779297e-01,-3.166555762290954590e-01,-1.522902548313140869e-01,1.312417089939117432e-01,1.013003960251808167e-01,-2.735570371150970459e-01,-1.584472358226776123e-01,-2.114455103874206543e-01,2.034763805568218231e-03,2.154416292905807495e-01,-3.175499737262725830e-01,-3.312670290470123291e-01,-4.034494459629058838e-01,-4.256039559841156006e-01,-2.547805896028876305e-03,-2.174774706363677979e-01,2.840987741947174072e-01,2.284710705280303955e-01,1.667176038026809692e-01,-3.209891915321350098e-01,-2.731669247150421143e-01,2.215665280818939209e-01,-5.353969708085060120e-02,-3.817997872829437256e-01,3.962767720222473145e-01,1.095483973622322083e-01,-3.476739525794982910e-01,-4.251149669289588928e-02,8.044256269931793213e-02,4.477799236774444580e-01,-2.499777525663375854e-01,-2.938571572303771973e-01,2.411006018519401550e-02,4.377892613410949707e-01,-1.816443204879760742e-01,-3.604214191436767578e-01,3.501189053058624268e-01,2.795085012912750244e-01,-3.725427091121673584e-01,-6.034966930747032166e-02,-3.111703991889953613e-01,-8.153019100427627563e-02,-5.227300524711608887e-02,3.079428672790527344e-01,4.150877296924591064e-01,1.356012821197509766e-01,-3.414185717701911926e-02,9.500126354396343231e-03,6.304705142974853516e-02,-1.451365202665328979e-01,-2.627906501293182373e-01,1.070966422557830811e-01,9.890662878751754761e-02,4.865069091320037842e-01,-1.659544408321380615e-01,-3.282381221652030945e-02,1.720727533102035522e-01,3.061150014400482178e-01,9.175520390272140503e-02,-9.822231531143188477e-02,-1.151848956942558289e-02,1.466206926852464676e-02,-1.033642217516899109e-01,1.198222935199737549e-01,-2.745780348777770996e-02,-3.740518689155578613e-01,4.108364582061767578e-01,-1.324181212112307549e-03,3.664051294326782227e-01,6.041345372796058655e-02,1.210619136691093445e-01,-4.203374981880187988e-01,1.193823814392089844e-01,3.463217020034790039e-01,3.957092296332120895e-03,-4.650520384311676025e-01,2.370589226484298706e-01,3.975647985935211182e-01,-4.414077103137969971e-01,-1.843218808062374592e-03,3.096797466278076172e-01,-3.338756272569298744e-03,3.372824788093566895e-01,3.253805041313171387e-01,-1.632078588008880615e-01,-1.184095162898302078e-02,-2.456169426441192627e-01,-2.879454195499420166e-01,9.079968929290771484e-02,3.555779531598091125e-02,3.318206071853637695e-01,-1.378490477800369263e-01,3.528995811939239502e-01,2.972256205976009369e-02,-2.463508695363998413e-01,9.706359560368582606e-05,3.256159126758575439e-01,-2.985253036022186279e-01,1.558250933885574341e-01,-2.478404939174652100e-01,4.573117196559906006e-01,3.406311273574829102e-01,-4.525231719017028809e-01,-3.954241983592510223e-03,3.025820255279541016e-01,3.591799139976501465e-01,-7.629466708749532700e-03,1.527246460318565369e-02,-3.315719962120056152e-01,2.588618099689483643e-01,3.907411694526672363e-01,-1.278700530529022217e-01,-4.396906495094299316e-01,3.873765468597412109e-01,-2.056009024381637573e-01,-1.983280330896377563e-01,4.434050321578979492e-01,-1.873538941144943237e-01,-1.619508117437362671e-01,-3.531700968742370605e-01,-3.733709156513214111e-01,1.714127957820892334e-01,2.558900713920593262e-01,2.787730097770690918e-01,-1.581155136227607727e-02,-2.810983657836914062e-01
