9.999982118606567383e-01,-9.999985098838806152e-01,-9.999877810478210449e-01,9.999982118606567383e-01,9.999988675117492676e-01,-9.999986290931701660e-01,9.999954700469970703e-01,9.999989867210388184e-01,-9.999972581863403320e-01,9.999973177909851074e-01,-9.999983310699462891e-01,-9.999988675117492676e-01,9.999980926513671875e-01,9.999982118606567383e-01,9.999758601188659668e-01,9.999973773956298828e-01,9.999976754188537598e-01,-9.999986886978149414e-01,9.999923110008239746e-01,-9.999991059303283691e-01,-9.999988675117492676e-01,9.999870061874389648e-01,9.999982714653015137e-01,9.999984502792358398e-01,9.999893903732299805e-01,9.999989867210388184e-01,-9.999984502792358398e-01,-9.999988675117492676e-01,9.999797940254211426e-01,-9.999958872795104980e-01,-9.999940395355224609e-01,-9.999985694885253906e-01,9.999927878379821777e-01,9.999972581863403320e-01,-9.999968409538269043e-01,-9.999821186065673828e-01,9.999989867210388184e-01,9.999986290931701660e-01,9.999927878379821777e-01,-9.999989271163940430e-01,9.999985098838806152e-01,-9.999967813491821289e-01,9.999657869338989258e-01,9.999987483024597168e-01,9.999979138374328613e-01,9.999980926513671875e-01,-9.998319745063781738e-01,9.999980926513671875e-01,9.999987483024597168e-01,-9.999985694885253906e-01,-9.999987483024597168e-01,-9.999977350234985352e-01,-9.999987483024597168e-01,-9.999913573265075684e-01,-9.999971389770507812e-01,-9.999981522560119629e-01,-9.999969601631164551e-01,9.998542666435241699e-01,9.999977350234985352e-01,9.999983310699462891e-01,-9.999977350234985352e-01,9.999988675117492676e-01,9.999982118606567383e-01,9.999949932098388672e-01,-9.999957084655761719e-01,-9.999988079071044922e-01,-9.999989867210388184e-01,-9.999949336051940918e-01,-9.999987483024597168e-01,9.999986886978149414e-01,-9.999987483024597168e-01,9.999980330467224121e-01,9.999961256980895996e-01,-9.999917745590209961e-01,-9.999171495437622070e-01,-9.999980926513671875e-01,9.999926090240478516e-01,9.999987483024597168e-01,-9.999925494194030762e-01,-9.999966621398925781e-01,-9.999527931213378906e-01,9.999974966049194336e-01,-9.999987483024597168e-01,9.999961853027343750e-01,-9.999983310699462891e-01,-9.999858736991882324e-01,9.999900460243225098e-01,9.999988675117492676e-01,9.998940229415893555e-01,9.999960064888000488e-01,-9.999978542327880859e-01,9.999983310699462891e-01,-9.999758005142211914e-01,-9.999979734420776367e-01,9.999983906745910645e-01,-9.999978542327880859e-01,-9.999917745590209961e-01,9.999989271163940430e-01,-9.999987483024597168e-01,9.999896883964538574e-01,-9.999970793724060059e-01,9.999986886978149414e-01,-9.999747276306152344e-01,-9.999688267707824707e-01,9.999985098838806152e-01,9.999970793724060059e-01,-9.996073842048645020e-01,-9.999979138374328613e-01,-9.999942779541015625e-01,9.999985694885253906e-01,-9.999980330467224121e-01,9.999985694885253906e-01,-9.999981522560119629e-01,-9.999850988388061523e-01,9.999990463256835938e-01,-9.999982714653015137e-01,9.999987483024597168e-01,-9.999986290931701660e-01,-9.999943375587463379e-01,-9.999981522560119629e-01,-9.999988675117492676e-01,9.999958276748657227e-01,9.999985098838806152e-01,-9.999974966049194336e-01,-9.999631643295288086e-01,-9.999955296516418457e-01,9.999877214431762695e-01,-9.999972581863403320e-01
-9.999985098838806152e-01,9.999988079071044922e-01,9.999898672103881836e-01,-9.999985098838806152e-01,-9.999991059303283691e-01,9.999988675117492676e-01,-9.999961853027343750e-01,-9.999991059303283691e-01,9.999977350234985352e-01,-9.999978542327880859e-01,9.999985694885253906e-01,9.999991059303283691e-01,-9.999983906745910645e-01,-9.999985098838806152e-01,-9.999798536300659180e-01,-9.999978542327880859e-01,-9.999980926513671875e-01,9.999988675117492676e-01,-9.999936223030090332e-01,9.999992251396179199e-01,9.999991655349731445e-01,-9.999892115592956543e-01,-9.999985098838806152e-01,-9.999988079071044922e-01,-9.999911785125732422e-01,-9.999992251396179199e-01,9.999986886978149414e-01,9.999991059303283691e-01,-9.999831914901733398e-01,9.999965429306030273e-01,9.999951124191284180e-01,9.999987483024597168e-01,-9.999939799308776855e-01,-9.999977350234985352e-01,9.999973773956298828e-01,9.999852180480957031e-01,-9.999992847442626953e-01,-9.999988079071044922e-01,-9.999940395355224609e-01,9.999992251396179199e-01,-9.999987483024597168e-01,9.999973177909851074e-01,-9.999716281890869141e-01,-9.999989271163940430e-01,-9.999982714653015137e-01,-9.999985098838806152e-01,9.998602867126464844e-01,-9.999985098838806152e-01,-9.999990463256835938e-01,9.999988079071044922e-01,9.999989867210388184e-01,9.999980926513671875e-01,9.999989271163940430e-01,9.999927282333374023e-01,9.999975562095642090e-01,9.999983906745910645e-01,9.999974966049194336e-01,-9.998788833618164062e-01,-9.999980330467224121e-01,-9.999986290931701660e-01,9.999982714653015137e-01,-9.999991655349731445e-01,-9.999985098838806152e-01,-9.999958276748657227e-01,9.999963641166687012e-01,9.999990463256835938e-01,9.999992251396179199e-01,9.999957084655761719e-01,9.999989271163940430e-01,-9.999989867210388184e-01,9.999989867210388184e-01,-9.999983310699462891e-01,-9.999968409538269043e-01,9.999931454658508301e-01,9.999310970306396484e-01,9.999985098838806152e-01,-9.999938607215881348e-01,-9.999989271163940430e-01,9.999939203262329102e-01,9.999971985816955566e-01,9.999607801437377930e-01,-9.999979138374328613e-01,9.999990463256835938e-01,-9.999968409538269043e-01,9.999986290931701660e-01,9.999882578849792480e-01,-9.999918341636657715e-01,-9.999991059303283691e-01,-9.999119639396667480e-01,-9.999966621398925781e-01,9.999981522560119629e-01,-9.999986886978149414e-01,9.999798536300659180e-01,9.999983310699462891e-01,-9.999987483024597168e-01,9.999982714653015137e-01,9.999930858612060547e-01,-9.999991655349731445e-01,9.999989867210388184e-01,-9.999914169311523438e-01,9.999975562095642090e-01,-9.999988675117492676e-01,9.999790191650390625e-01,9.999741911888122559e-01,-9.999987483024597168e-01,-9.999975562095642090e-01,9.996736049652099609e-01,9.999982118606567383e-01,9.999951720237731934e-01,-9.999987483024597168e-01,9.999983310699462891e-01,-9.999988079071044922e-01,9.999984502792358398e-01,9.999876618385314941e-01,-9.999992251396179199e-01,9.999985694885253906e-01,-9.999990463256835938e-01,9.999988675117492676e-01,9.999952912330627441e-01,9.999984502792358398e-01,9.999991655349731445e-01,-9.999964237213134766e-01,-9.999988079071044922e-01,9.999979138374328613e-01,9.999694228172302246e-01,9.999963641166687012e-01,-9.999898672103881836e-01,9.999976754188537598e-01
-9.999877810478210449e-01,9.999898672103881836e-01,9.999151229858398438e-01,-9.999878406524658203e-01,-9.999924302101135254e-01,9.999910593032836914e-01,-9.999684691429138184e-01,-9.999929666519165039e-01,9.999814033508300781e-01,-9.999821782112121582e-01,9.999885559082031250e-01,9.999922513961791992e-01,-9.999869465827941895e-01,-9.999877810478210449e-01,-9.998316764831542969e-01,-9.999821782112121582e-01,-9.999836683273315430e-01,9.999906420707702637e-01,-9.999465346336364746e-01,9.999933838844299316e-01,9.999925494194030762e-01,-9.999096393585205078e-01,-9.999883174896240234e-01,-9.999893903732299805e-01,-9.999260902404785156e-01,-9.999930262565612793e-01,9.999894499778747559e-01,9.999923706054687500e-01,-9.998593330383300781e-01,9.999708533287048340e-01,9.999587535858154297e-01,9.999898076057434082e-01,-9.999498128890991211e-01,-9.999814629554748535e-01,9.999783039093017578e-01,9.998757839202880859e-01,-9.999929666519165039e-01,-9.999904632568359375e-01,-9.999501705169677734e-01,9.999921917915344238e-01,-9.999899268150329590e-01,9.999779462814331055e-01,-9.997631907463073730e-01,-9.999914169311523438e-01,-9.999859333038330078e-01,-9.999870657920837402e-01,9.988359212875366211e-01,-9.999876022338867188e-01,-9.999916553497314453e-01,9.999901056289672852e-01,9.999911189079284668e-01,9.999846220016479492e-01,9.999912977218627930e-01,9.999394416809082031e-01,9.999799728393554688e-01,9.999868273735046387e-01,9.999800324440002441e-01,-9.989901781082153320e-01,-9.999846816062927246e-01,-9.999886155128479004e-01,9.999848008155822754e-01,-9.999926090240478516e-01,-9.999879598617553711e-01,-9.999650716781616211e-01,9.999703168869018555e-01,9.999917745590209961e-01,9.999929070472717285e-01,9.999647140502929688e-01,9.999914169311523438e-01,-9.999914765357971191e-01,9.999909996986389160e-01,-9.999864697456359863e-01,-9.999741315841674805e-01,9.999428391456604004e-01,9.994258284568786621e-01,9.999876618385314941e-01,-9.999487996101379395e-01,-9.999910593032836914e-01,9.999489784240722656e-01,9.999778270721435547e-01,9.996723532676696777e-01,-9.999831318855285645e-01,9.999917149543762207e-01,-9.999731183052062988e-01,9.999881386756896973e-01,9.999017715454101562e-01,-9.999310970306396484e-01,-9.999922513961791992e-01,-9.992666244506835938e-01,-9.999725222587585449e-01,9.999855756759643555e-01,-9.999886155128479004e-01,9.998319149017333984e-01,9.999863505363464355e-01,-9.999895691871643066e-01,9.999858736991882324e-01,9.999425411224365234e-01,-9.999926686286926270e-01,9.999915361404418945e-01,-9.999284744262695312e-01,9.999800324440002441e-01,-9.999910593032836914e-01,9.998246431350708008e-01,9.997836947441101074e-01,-9.999899268150329590e-01,-9.999805092811584473e-01,9.972842931747436523e-01,9.999853968620300293e-01,9.999597668647766113e-01,-9.999898672103881836e-01,9.999865293502807617e-01,-9.999901056289672852e-01,9.999874830245971680e-01,9.998967647552490234e-01,-9.999930858612060547e-01,9.999881386756896973e-01,-9.999918341636657715e-01,9.999907016754150391e-01,9.999600052833557129e-01,9.999871850013732910e-01,9.999918937683105469e-01,-9.999708533287048340e-01,-9.999903440475463867e-01,9.999831318855285645e-01,9.997445940971374512e-01,9.999691843986511230e-01,-9.999146461486816406e-01,9.999813437461853027e-01
9.999982118606567383e-01,-9.999985098838806152e-01,-9.999878406524658203e-01,9.999982118606567383e-01,9.999988079071044922e-01,-9.999986290931701660e-01,9.999954700469970703e-01,9.999989867210388184e-01,-9.999971985816955566e-01,9.999973177909851074e-01,-9.999983310699462891e-01,-9.999988079071044922e-01,9.999980926513671875e-01,9.999982118606567383e-01,9.999759793281555176e-01,9.999973773956298828e-01,9.999976754188537598e-01,-9.999986290931701660e-01,9.999923706054687500e-01,-9.999991059303283691e-01,-9.999988675117492676e-01,9.999870657920837402e-01,9.999982118606567383e-01,9.999984502792358398e-01,9.999894499778747559e-01,9.999989867210388184e-01,-9.999984502792358398e-01,-9.999988675117492676e-01,9.999799132347106934e-01,-9.999958872795104980e-01,-9.999940991401672363e-01,-9.999985098838806152e-01,9.999927282333374023e-01,9.999973177909851074e-01,-9.999968409538269043e-01,-9.999822974205017090e-01,9.999989867210388184e-01,9.999986290931701660e-01,9.999928474426269531e-01,-9.999989271163940430e-01,9.999984502792358398e-01,-9.999967813491821289e-01,9.999660253524780273e-01,9.999988079071044922e-01,9.999979734420776367e-01,9.999980926513671875e-01,-9.998330473899841309e-01,9.999980926513671875e-01,9.999987483024597168e-01,-9.999985694885253906e-01,-9.999988079071044922e-01,-9.999977350234985352e-01,-9.999987483024597168e-01,-9.999912977218627930e-01,-9.999970793724060059e-01,-9.999980926513671875e-01,-9.999970197677612305e-01,9.998551607131958008e-01,9.999977350234985352e-01,9.999982714653015137e-01,-9.999978542327880859e-01,9.999988675117492676e-01,9.999982714653015137e-01,9.999949336051940918e-01,-9.999957680702209473e-01,-9.999987483024597168e-01,-9.999989271163940430e-01,-9.999949336051940918e-01,-9.999987483024597168e-01,9.999986886978149414e-01,-9.999986886978149414e-01,9.999980330467224121e-01,9.999961256980895996e-01,-9.999918341636657715e-01,-9.999176859855651855e-01,-9.999982118606567383e-01,9.999926686286926270e-01,9.999987483024597168e-01,-9.999927282333374023e-01,-9.999967813491821289e-01,-9.999530315399169922e-01,9.999975562095642090e-01,-9.999986290931701660e-01,9.999960660934448242e-01,-9.999982714653015137e-01,-9.999859333038330078e-01,9.999901652336120605e-01,9.999988079071044922e-01,9.998947978019714355e-01,9.999960064888000488e-01,-9.999979138374328613e-01,9.999983310699462891e-01,-9.999759197235107422e-01,-9.999980330467224121e-01,9.999983906745910645e-01,-9.999978542327880859e-01,-9.999918341636657715e-01,9.999989271163940430e-01,-9.999986886978149414e-01,9.999896883964538574e-01,-9.999970197677612305e-01,9.999986886978149414e-01,-9.999749064445495605e-01,-9.999691843986511230e-01,9.999985098838806152e-01,9.999971389770507812e-01,-9.996099472045898438e-01,-9.999978542327880859e-01,-9.999942183494567871e-01,9.999986290931701660e-01,-9.999979138374328613e-01,9.999985694885253906e-01,-9.999981522560119629e-01,-9.999852180480957031e-01,9.999990463256835938e-01,-9.999982714653015137e-01,9.999987483024597168e-01,-9.999985694885253906e-01,-9.999942779541015625e-01,-9.999981522560119629e-01,-9.999988079071044922e-01,9.999958276748657227e-01,9.999985098838806152e-01,-9.999975562095642090e-01,-9.999634027481079102e-01,-9.999955892562866211e-01,9.999877810478210449e-01,-9.999973177909851074e-01
9.999988675117492676e-01,-9.999991059303283691e-01,-9.999924302101135254e-01,9.999988079071044922e-01,9.999993443489074707e-01,-9.999992251396179199e-01,9.999970793724060059e-01,9.999994039535522461e-01,-9.999982714653015137e-01,9.999983310699462891e-01,-9.999989271163940430e-01,-9.999993443489074707e-01,9.999988079071044922e-01,9.999988079071044922e-01,9.999847412109375000e-01,9.999983310699462891e-01,9.999985694885253906e-01,-9.999991655349731445e-01,9.999951720237731934e-01,-9.999994039535522461e-01,-9.999993443489074707e-01,9.999918341636657715e-01,9.999988675117492676e-01,9.999991059303283691e-01,9.999932050704956055e-01,9.999994039535522461e-01,-9.999991059303283691e-01,-9.999993443489074707e-01,9.999872446060180664e-01,-9.999973177909851074e-01,-9.999961853027343750e-01,-9.999991059303283691e-01,9.999954104423522949e-01,9.999982714653015137e-01,-9.999980330467224121e-01,-9.999888539314270020e-01,9.999994039535522461e-01,9.999991655349731445e-01,9.999954700469970703e-01,-9.999994039535522461e-01,9.999991059303283691e-01,-9.999979734420776367e-01,9.999785423278808594e-01,9.999993443489074707e-01,9.999986886978149414e-01,9.999988079071044922e-01,-9.998943805694580078e-01,9.999988079071044922e-01,9.999992847442626953e-01,-9.999991655349731445e-01,-9.999992251396179199e-01,-9.999985694885253906e-01,-9.999992251396179199e-01,-9.999945163726806641e-01,-9.999981522560119629e-01,-9.999988675117492676e-01,-9.999981522560119629e-01,9.999083280563354492e-01,9.999985098838806152e-01,9.999989271163940430e-01,-9.999986290931701660e-01,9.999993443489074707e-01,9.999988675117492676e-01,9.999967813491821289e-01,-9.999972581863403320e-01,-9.999992847442626953e-01,-9.999994039535522461e-01,-9.999967813491821289e-01,-9.999992251396179199e-01,9.999992847442626953e-01,-9.999992251396179199e-01,9.999987483024597168e-01,9.999976158142089844e-01,-9.999948143959045410e-01,-9.999479055404663086e-01,-9.999988675117492676e-01,9.999953508377075195e-01,9.999992251396179199e-01,-9.999954104423522949e-01,-9.999979138374328613e-01,-9.999703168869018555e-01,9.999984502792358398e-01,-9.999992847442626953e-01,9.999976158142089844e-01,-9.999989271163940430e-01,-9.999910593032836914e-01,9.999938607215881348e-01,9.999993443489074707e-01,9.999334812164306641e-01,9.999974966049194336e-01,-9.999986886978149414e-01,9.999989867210388184e-01,-9.999848008155822754e-01,-9.999987483024597168e-01,9.999991059303283691e-01,-9.999986290931701660e-01,-9.999948740005493164e-01,9.999993443489074707e-01,-9.999991655349731445e-01,9.999935030937194824e-01,-9.999981522560119629e-01,9.999991059303283691e-01,-9.999840259552001953e-01,-9.999803900718688965e-01,9.999990463256835938e-01,9.999982118606567383e-01,-9.997532963752746582e-01,-9.999986290931701660e-01,-9.999963045120239258e-01,9.999991059303283691e-01,-9.999987483024597168e-01,9.999990463256835938e-01,-9.999988675117492676e-01,-9.999906420707702637e-01,9.999994039535522461e-01,-9.999989867210388184e-01,9.999992847442626953e-01,-9.999991059303283691e-01,-9.999963045120239258e-01,-9.999988079071044922e-01,-9.999992847442626953e-01,9.999973177909851074e-01,9.999991655349731445e-01,-9.999984502792358398e-01,-9.999768733978271484e-01,-9.999971389770507812e-01,9.999922513961791992e-01,-9.999982714653015137e-01
-9.999986290931701660e-01,9.999988675117492676e-01,9.999910593032836914e-01,-9.999986290931701660e-01,-9.999992251396179199e-01,9.999989867210388184e-01,-9.999965429306030273e-01,-9.999992251396179199e-01,9.999979734420776367e-01,-9.999979734420776367e-01,9.999986886978149414e-01,9.999991059303283691e-01,-9.999986290931701660e-01,-9.999986290931701660e-01,-9.999821782112121582e-01,-9.999979734420776367e-01,-9.999982118606567383e-01,9.999989271163940430e-01,-9.999942779541015625e-01,9.999993443489074707e-01,9.999991655349731445e-01,-9.999904036521911621e-01,-9.999986886978149414e-01,-9.999988079071044922e-01,-9.999920725822448730e-01,-9.999992251396179199e-01,9.999988079071044922e-01,9.999992251396179199e-01,-9.999850988388061523e-01,9.999968409538269043e-01,9.999955892562866211e-01,9.999988675117492676e-01,-9.999945163726806641e-01,-9.999979138374328613e-01,9.999976158142089844e-01,9.999868869781494141e-01,-9.999992251396179199e-01,-9.999989271163940430e-01,-9.999946355819702148e-01,9.999992251396179199e-01,-9.999988675117492676e-01,9.999975562095642090e-01,-9.999748468399047852e-01,-9.999991059303283691e-01,-9.999985098838806152e-01,-9.999985098838806152e-01,9.998766183853149414e-01,-9.999985694885253906e-01,-9.999990463256835938e-01,9.999988675117492676e-01,9.999991059303283691e-01,9.999982118606567383e-01,9.999989867210388184e-01,9.999935626983642578e-01,9.999977946281433105e-01,9.999985694885253906e-01,9.999977946281433105e-01,-9.998929500579833984e-01,-9.999982714653015137e-01,-9.999986886978149414e-01,9.999982714653015137e-01,-9.999991655349731445e-01,-9.999986290931701660e-01,-9.999962449073791504e-01,9.999967217445373535e-01,9.999990463256835938e-01,9.999992251396179199e-01,9.999962449073791504e-01,9.999991059303283691e-01,-9.999990463256835938e-01,9.999991059303283691e-01,-9.999984502792358398e-01,-9.999971389770507812e-01,9.999939799308776855e-01,9.999390840530395508e-01,9.999985694885253906e-01,-9.999945759773254395e-01,-9.999991059303283691e-01,9.999944567680358887e-01,9.999974966049194336e-01,9.999652504920959473e-01,-9.999981522560119629e-01,9.999990463256835938e-01,-9.999970793724060059e-01,9.999986290931701660e-01,9.999894499778747559e-01,-9.999927282333374023e-01,-9.999991059303283691e-01,-9.999222159385681152e-01,-9.999970197677612305e-01,9.999983906745910645e-01,-9.999987483024597168e-01,9.999821782112121582e-01,9.999984502792358398e-01,-9.999987483024597168e-01,9.999983906745910645e-01,9.999939203262329102e-01,-9.999992847442626953e-01,9.999990463256835938e-01,-9.999924302101135254e-01,9.999977946281433105e-01,-9.999989867210388184e-01,9.999814033508300781e-01,9.999770522117614746e-01,-9.999988675117492676e-01,-9.999977946281433105e-01,9.997117519378662109e-01,9.999984502792358398e-01,9.999957084655761719e-01,-9.999988675117492676e-01,9.999984502792358398e-01,-9.999988675117492676e-01,9.999986290931701660e-01,9.999889731407165527e-01,-9.999992251396179199e-01,9.999986886978149414e-01,-9.999990463256835938e-01,9.999990463256835938e-01,9.999957680702209473e-01,9.999986290931701660e-01,9.999991655349731445e-01,-9.999967813491821289e-01,-9.999988675117492676e-01,9.999981522560119629e-01,9.999728798866271973e-01,9.999966621398925781e-01,-9.999909996986389160e-01,9.999979734420776367e-01
9.999954700469970703e-01,-9.999961853027343750e-01,-9.999684691429138184e-01,9.999954700469970703e-01,9.999970793724060059e-01,-9.999965429306030273e-01,9.999882578849792480e-01,9.999972581863403320e-01,-9.999930858612060547e-01,9.999932646751403809e-01,-9.999957084655761719e-01,-9.999970793724060059e-01,9.999951720237731934e-01,9.999954104423522949e-01,9.999372959136962891e-01,9.999933838844299316e-01,9.999938607215881348e-01,-9.999964237213134766e-01,9.999801516532897949e-01,-9.999974966049194336e-01,-9.999970793724060059e-01,9.999663829803466797e-01,9.999956488609313965e-01,9.999961256980895996e-01,9.999725818634033203e-01,9.999973773956298828e-01,-9.999960064888000488e-01,-9.999971389770507812e-01,9.999476671218872070e-01,-9.999891519546508789e-01,-9.999846816062927246e-01,-9.999961256980895996e-01,9.999812841415405273e-01,9.999930858612060547e-01,-9.999919533729553223e-01,-9.999537467956542969e-01,9.999973177909851074e-01,9.999963641166687012e-01,9.999814629554748535e-01,-9.999970793724060059e-01,9.999961853027343750e-01,-9.999917745590209961e-01,9.999117851257324219e-01,9.999968409538269043e-01,9.999947547912597656e-01,9.999951720237731934e-01,-9.995666742324829102e-01,9.999954104423522949e-01,9.999968409538269043e-01,-9.999962449073791504e-01,-9.999966621398925781e-01,-9.999942183494567871e-01,-9.999967217445373535e-01,-9.999774694442749023e-01,-9.999925494194030762e-01,-9.999950528144836426e-01,-9.999925494194030762e-01,9.996241331100463867e-01,9.999943375587463379e-01,9.999957680702209473e-01,-9.999943375587463379e-01,9.999971389770507812e-01,9.999955296516418457e-01,9.999869465827941895e-01,-9.999889731407165527e-01,-9.999969005584716797e-01,-9.999972581863403320e-01,-9.999868273735046387e-01,-9.999967217445373535e-01,9.999967217445373535e-01,-9.999966025352478027e-01,9.999949932098388672e-01,9.999903440475463867e-01,-9.999787807464599609e-01,-9.997864365577697754e-01,-9.999954104423522949e-01,9.999809265136718750e-01,9.999967217445373535e-01,-9.999810457229614258e-01,-9.999917745590209961e-01,-9.998780488967895508e-01,9.999936819076538086e-01,-9.999967813491821289e-01,9.999900460243225098e-01,-9.999955892562866211e-01,-9.999634027481079102e-01,9.999744296073913574e-01,9.999969601631164551e-01,9.997270703315734863e-01,9.999898076057434082e-01,-9.999945759773254395e-01,9.999958276748657227e-01,-9.999374151229858398e-01,-9.999948740005493164e-01,9.999960660934448242e-01,-9.999947547912597656e-01,-9.999787211418151855e-01,9.999971389770507812e-01,-9.999967217445373535e-01,9.999734163284301758e-01,-9.999925494194030762e-01,9.999966025352478027e-01,-9.999347329139709473e-01,-9.999194741249084473e-01,9.999961853027343750e-01,9.999927282333374023e-01,-9.989880919456481934e-01,-9.999945759773254395e-01,-9.999851584434509277e-01,9.999962449073791504e-01,-9.999949336051940918e-01,9.999962449073791504e-01,-9.999952912330627441e-01,-9.999615550041198730e-01,9.999973773956298828e-01,-9.999956488609313965e-01,9.999968409538269043e-01,-9.999964833259582520e-01,-9.999850988388061523e-01,-9.999952316284179688e-01,-9.999970197677612305e-01,9.999890923500061035e-01,9.999963045120239258e-01,-9.999936819076538086e-01,-9.999049305915832520e-01,-9.999885559082031250e-01,9.999682903289794922e-01,-9.999929666519165039e-01
9.999989867210388184e-01,-9.999991059303283691e-01,-9.999929666519165039e-01,9.999989867210388184e-01,9.999994039535522461e-01,-9.999992251396179199e-01,9.999972581863403320e-01,9.999994635581970215e-01,-9.999983310699462891e-01,9.999983906745910645e-01,-9.999991059303283691e-01,-9.999992847442626953e-01,9.999989271163940430e-01,9.999989271163940430e-01,9.999861717224121094e-01,9.999983906745910645e-01,9.999986886978149414e-01,-9.999992847442626953e-01,9.999955892562866211e-01,-9.999994635581970215e-01,-9.999994039535522461e-01,9.999925494194030762e-01,9.999989867210388184e-01,9.999991655349731445e-01,9.999939203262329102e-01,9.999994635581970215e-01,-9.999991655349731445e-01,-9.999994635581970215e-01,9.999884366989135742e-01,-9.999975562095642090e-01,-9.999965429306030273e-01,-9.999991655349731445e-01,9.999957680702209473e-01,9.999983310699462891e-01,-9.999981522560119629e-01,-9.999897480010986328e-01,9.999993443489074707e-01,9.999992251396179199e-01,9.999958872795104980e-01,-9.999994635581970215e-01,9.999992251396179199e-01,-9.999981522560119629e-01,9.999804496765136719e-01,9.999994039535522461e-01,9.999987483024597168e-01,9.999989271163940430e-01,-9.999036192893981934e-01,9.999989271163940430e-01,9.999993443489074707e-01,-9.999992251396179199e-01,-9.999992847442626953e-01,-9.999986886978149414e-01,-9.999992251396179199e-01,-9.999949932098388672e-01,-9.999983310699462891e-01,-9.999988675117492676e-01,-9.999983310699462891e-01,9.999164342880249023e-01,9.999986290931701660e-01,9.999991059303283691e-01,-9.999986290931701660e-01,9.999993443489074707e-01,9.999990463256835938e-01,9.999969601631164551e-01,-9.999974966049194336e-01,-9.999992847442626953e-01,-9.999994039535522461e-01,-9.999969601631164551e-01,-9.999993443489074707e-01,9.999992251396179199e-01,-9.999992847442626953e-01,9.999988675117492676e-01,9.999978542327880859e-01,-9.999952912330627441e-01,-9.999524354934692383e-01,-9.999989867210388184e-01,9.999957680702209473e-01,9.999992847442626953e-01,-9.999957084655761719e-01,-9.999981522560119629e-01,-9.999729394912719727e-01,9.999985694885253906e-01,-9.999992847442626953e-01,9.999977946281433105e-01,-9.999990463256835938e-01,-9.999918341636657715e-01,9.999943971633911133e-01,9.999992847442626953e-01,9.999393224716186523e-01,9.999976754188537598e-01,-9.999987483024597168e-01,9.999991059303283691e-01,-9.999859929084777832e-01,-9.999988079071044922e-01,9.999991655349731445e-01,-9.999987483024597168e-01,-9.999952912330627441e-01,9.999994039535522461e-01,-9.999992251396179199e-01,9.999939799308776855e-01,-9.999983310699462891e-01,9.999992251396179199e-01,-9.999855160713195801e-01,-9.999821186065673828e-01,9.999992251396179199e-01,9.999982714653015137e-01,-9.997749924659729004e-01,-9.999987483024597168e-01,-9.999966025352478027e-01,9.999991655349731445e-01,-9.999988079071044922e-01,9.999991059303283691e-01,-9.999988675117492676e-01,-9.999914765357971191e-01,9.999994635581970215e-01,-9.999990463256835938e-01,9.999993443489074707e-01,-9.999991655349731445e-01,-9.999966621398925781e-01,-9.999989271163940430e-01,-9.999993443489074707e-01,9.999975562095642090e-01,9.999992251396179199e-01,-9.999985694885253906e-01,-9.999788403511047363e-01,-9.999974370002746582e-01,9.999929666519165039e-01,-9.999983310699462891e-01
-9.999972581863403320e-01,9.999977350234985352e-01,9.999814033508300781e-01,-9.999971985816955566e-01,-9.999982714653015137e-01,9.999979734420776367e-01,-9.999930858612060547e-01,-9.999983310699462891e-01,9.999958276748657227e-01,-9.999958872795104980e-01,9.999973773956298828e-01,9.999982714653015137e-01,-9.999970197677612305e-01,-9.999972581863403320e-01,-9.999629855155944824e-01,-9.999960064888000488e-01,-9.999963045120239258e-01,9.999979138374328613e-01,-9.999882578849792480e-01,9.999985098838806152e-01,9.999982714653015137e-01,-9.999802112579345703e-01,-9.999973177909851074e-01,-9.999976158142089844e-01,-9.999837279319763184e-01,-9.999984502792358398e-01,9.999976754188537598e-01,9.999982714653015137e-01,-9.999692440032958984e-01,9.999936223030090332e-01,9.999909400939941406e-01,9.999976158142089844e-01,-9.999889135360717773e-01,-9.999958276748657227e-01,9.999951720237731934e-01,9.999727606773376465e-01,-9.999984502792358398e-01,-9.999978542327880859e-01,-9.999890327453613281e-01,9.999982714653015137e-01,-9.999976754188537598e-01,9.999951124191284180e-01,-9.999479651451110840e-01,-9.999980926513671875e-01,-9.999968409538269043e-01,-9.999971389770507812e-01,9.997442364692687988e-01,-9.999971389770507812e-01,-9.999981522560119629e-01,9.999977946281433105e-01,9.999980330467224121e-01,9.999965429306030273e-01,9.999979734420776367e-01,9.999867081642150879e-01,9.999955296516418457e-01,9.999970197677612305e-01,9.999955892562866211e-01,-9.997780919075012207e-01,-9.999966025352478027e-01,-9.999974370002746582e-01,9.999966025352478027e-01,-9.999983310699462891e-01,-9.999972581863403320e-01,-9.999923110008239746e-01,9.999935030937194824e-01,9.999980330467224121e-01,9.999983310699462891e-01,9.999922513961791992e-01,9.999979734420776367e-01,-9.999979734420776367e-01,9.999979734420776367e-01,-9.999969005584716797e-01,-9.999942183494567871e-01,9.999873638153076172e-01,9.998738169670104980e-01,9.999971985816955566e-01,-9.999886751174926758e-01,-9.999978542327880859e-01,9.999887347221374512e-01,9.999949932098388672e-01,9.999279975891113281e-01,-9.999962449073791504e-01,9.999980330467224121e-01,-9.999940991401672363e-01,9.999973177909851074e-01,9.999784231185913086e-01,-9.999848604202270508e-01,-9.999982714653015137e-01,-9.998388290405273438e-01,-9.999939799308776855e-01,9.999967217445373535e-01,-9.999974966049194336e-01,9.999629855155944824e-01,9.999968409538269043e-01,-9.999976158142089844e-01,9.999967813491821289e-01,9.999873638153076172e-01,-9.999983906745910645e-01,9.999980330467224121e-01,-9.999842047691345215e-01,9.999955296516418457e-01,-9.999979138374328613e-01,9.999614953994750977e-01,9.999523758888244629e-01,-9.999977350234985352e-01,-9.999956488609313965e-01,9.994023442268371582e-01,9.999967217445373535e-01,9.999911785125732422e-01,-9.999977350234985352e-01,9.999969601631164551e-01,-9.999977946281433105e-01,9.999971985816955566e-01,9.999772906303405762e-01,-9.999983906745910645e-01,9.999973177909851074e-01,-9.999980926513671875e-01,9.999978542327880859e-01,9.999912381172180176e-01,9.999970793724060059e-01,9.999982118606567383e-01,-9.999935626983642578e-01,-9.999977350234985352e-01,9.999962449073791504e-01,9.999437928199768066e-01,9.999932050704956055e-01,-9.999812841415405273e-01,9.999958276748657227e-01
9.999973177909851074e-01,-9.999978542327880859e-01,-9.999821782112121582e-01,9.999973177909851074e-01,9.999983310699462891e-01,-9.999979734420776367e-01,9.999932646751403809e-01,9.999983906745910645e-01,-9.999958872795104980e-01,9.999960660934448242e-01,-9.999974966049194336e-01,-9.999982714653015137e-01,9.999971389770507812e-01,9.999973177909851074e-01,9.999645352363586426e-01,9.999961853027343750e-01,9.999964833259582520e-01,-9.999978542327880859e-01,9.999886751174926758e-01,-9.999985694885253906e-01,-9.999983310699462891e-01,9.999809265136718750e-01,9.999974370002746582e-01,9.999977350234985352e-01,9.999843835830688477e-01,9.999984502792358398e-01,-9.999976754188537598e-01,-9.999983906745910645e-01,9.999704360961914062e-01,-9.999938607215881348e-01,-9.999913573265075684e-01,-9.999977946281433105e-01,9.999893903732299805e-01,9.999960064888000488e-01,-9.999952912330627441e-01,-9.999738931655883789e-01,9.999985098838806152e-01,9.999979138374328613e-01,9.999894499778747559e-01,-9.999983310699462891e-01,9.999977946281433105e-01,-9.999952912330627441e-01,9.999500513076782227e-01,9.999980330467224121e-01,9.999970197677612305e-01,9.999971389770507812e-01,-9.997549653053283691e-01,9.999972581863403320e-01,9.999980926513671875e-01,-9.999977946281433105e-01,-9.999979734420776367e-01,-9.999966025352478027e-01,-9.999980330467224121e-01,-9.999872446060180664e-01,-9.999957680702209473e-01,-9.999971389770507812e-01,-9.999957084655761719e-01,9.997874498367309570e-01,9.999967217445373535e-01,9.999974966049194336e-01,-9.999967813491821289e-01,9.999983310699462891e-01,9.999974370002746582e-01,9.999925494194030762e-01,-9.999936819076538086e-01,-9.999982118606567383e-01,-9.999983906745910645e-01,-9.999924898147583008e-01,-9.999980330467224121e-01,9.999980926513671875e-01,-9.999980926513671875e-01,9.999970197677612305e-01,9.999945759773254395e-01,-9.999879002571105957e-01,-9.998791217803955078e-01,-9.999973177909851074e-01,9.999892115592956543e-01,9.999979734420776367e-01,-9.999891519546508789e-01,-9.999952912330627441e-01,-9.999309778213500977e-01,9.999962449073791504e-01,-9.999980330467224121e-01,9.999943375587463379e-01,-9.999974370002746582e-01,-9.999793171882629395e-01,9.999855160713195801e-01,9.999982118606567383e-01,9.998456239700317383e-01,9.999941587448120117e-01,-9.999968409538269043e-01,9.999975562095642090e-01,-9.999645352363586426e-01,-9.999970197677612305e-01,9.999977350234985352e-01,-9.999969005584716797e-01,-9.999879002571105957e-01,9.999983310699462891e-01,-9.999980926513671875e-01,9.999849796295166016e-01,-9.999957084655761719e-01,9.999979734420776367e-01,-9.999630451202392578e-01,-9.999544024467468262e-01,9.999977946281433105e-01,9.999957680702209473e-01,-9.994274973869323730e-01,-9.999969005584716797e-01,-9.999914765357971191e-01,9.999977946281433105e-01,-9.999970197677612305e-01,9.999977946281433105e-01,-9.999973177909851074e-01,-9.999783039093017578e-01,9.999985098838806152e-01,-9.999974370002746582e-01,9.999981522560119629e-01,-9.999979138374328613e-01,-9.999915957450866699e-01,-9.999971985816955566e-01,-9.999982714653015137e-01,9.999938607215881348e-01,9.999978542327880859e-01,-9.999963641166687012e-01,-9.999462366104125977e-01,-9.999934434890747070e-01,9.999820590019226074e-01,-9.999960064888000488e-01
-9.999983310699462891e-01,9.999985694885253906e-01,9.999885559082031250e-01,-9.999983310699462891e-01,-9.999989271163940430e-01,9.999986886978149414e-01,-9.999957084655761719e-01,-9.999991059303283691e-01,9.999973773956298828e-01,-9.999974966049194336e-01,9.999983906745910645e-01,9.999988675117492676e-01,-9.999982118606567383e-01,-9.999982118606567383e-01,-9.999772310256958008e-01,-9.999974370002746582e-01,-9.999977350234985352e-01,9.999986886978149414e-01,-9.999926090240478516e-01,9.999991655349731445e-01,9.999989271163940430e-01,-9.999876618385314941e-01,-9.999983906745910645e-01,-9.999985098838806152e-01,-9.999899268150329590e-01,-9.999991059303283691e-01,9.999985694885253906e-01,9.999989271163940430e-01,-9.999809265136718750e-01,9.999960660934448242e-01,9.999943971633911133e-01,9.999985694885253906e-01,-9.999930858612060547e-01,-9.999974370002746582e-01,9.999969005584716797e-01,9.999831318855285645e-01,-9.999989867210388184e-01,-9.999986886978149414e-01,-9.999932050704956055e-01,9.999989271163940430e-01,-9.999985098838806152e-01,9.999969601631164551e-01,-9.999676942825317383e-01,-9.999988079071044922e-01,-9.999980330467224121e-01,-9.999982118606567383e-01,9.998415708541870117e-01,-9.999982714653015137e-01,-9.999988675117492676e-01,9.999986290931701660e-01,9.999988675117492676e-01,9.999979138374328613e-01,9.999988079071044922e-01,9.999917745590209961e-01,9.999972581863403320e-01,9.999981522560119629e-01,9.999972581863403320e-01,-9.998626112937927246e-01,-9.999978542327880859e-01,-9.999984502792358398e-01,9.999979138374328613e-01,-9.999989867210388184e-01,-9.999983310699462891e-01,-9.999951720237731934e-01,9.999960064888000488e-01,9.999988079071044922e-01,9.999991059303283691e-01,9.999951124191284180e-01,9.999988079071044922e-01,-9.999987483024597168e-01,9.999987483024597168e-01,-9.999980330467224121e-01,-9.999964237213134766e-01,9.999922513961791992e-01,9.999218583106994629e-01,9.999982714653015137e-01,-9.999930262565612793e-01,-9.999987483024597168e-01,9.999929666519165039e-01,9.999969601631164551e-01,9.999554753303527832e-01,-9.999976754188537598e-01,9.999988079071044922e-01,-9.999963641166687012e-01,9.999983310699462891e-01,9.999866485595703125e-01,-9.999907016754150391e-01,-9.999988675117492676e-01,-9.999002218246459961e-01,-9.999961853027343750e-01,9.999980330467224121e-01,-9.999985098838806152e-01,9.999771118164062500e-01,9.999980926513671875e-01,-9.999984502792358398e-01,9.999980330467224121e-01,9.999923110008239746e-01,-9.999990463256835938e-01,9.999987483024597168e-01,-9.999902248382568359e-01,9.999972581863403320e-01,-9.999986886978149414e-01,9.999761581420898438e-01,9.999706149101257324e-01,-9.999985098838806152e-01,-9.999973177909851074e-01,9.996298551559448242e-01,9.999979734420776367e-01,9.999945163726806641e-01,-9.999985694885253906e-01,9.999981522560119629e-01,-9.999986290931701660e-01,9.999982714653015137e-01,9.999859929084777832e-01,-9.999991059303283691e-01,9.999984502792358398e-01,-9.999988675117492676e-01,9.999986886978149414e-01,9.999945759773254395e-01,9.999982118606567383e-01,9.999988675117492676e-01,-9.999959468841552734e-01,-9.999986290931701660e-01,9.999976754188537598e-01,9.999652504920959473e-01,9.999958276748657227e-01,-9.999884963035583496e-01,9.999973773956298828e-01
-9.999988675117492676e-01,9.999991059303283691e-01,9.999922513961791992e-01,-9.999988079071044922e-01,-9.999993443489074707e-01,9.999991059303283691e-01,-9.999970793724060059e-01,-9.999992847442626953e-01,9.999982714653015137e-01,-9.999982714653015137e-01,9.999988675117492676e-01,9.999992251396179199e-01,-9.999988079071044922e-01,-9.999988079071044922e-01,-9.999845623970031738e-01,-9.999982118606567383e-01,-9.999984502792358398e-01,9.999991655349731445e-01,-9.999951124191284180e-01,9.999994635581970215e-01,9.999992847442626953e-01,-9.999916553497314453e-01,-9.999988079071044922e-01,-9.999990463256835938e-01,-9.999931454658508301e-01,-9.999994039535522461e-01,9.999989867210388184e-01,9.999993443489074707e-01,-9.999871253967285156e-01,9.999972581863403320e-01,9.999960660934448242e-01,9.999989867210388184e-01,-9.999953508377075195e-01,-9.999982714653015137e-01,9.999978542327880859e-01,9.999886155128479004e-01,-9.999992847442626953e-01,-9.999991655349731445e-01,-9.999953508377075195e-01,9.999993443489074707e-01,-9.999991059303283691e-01,9.999979138374328613e-01,-9.999782443046569824e-01,-9.999992251396179199e-01,-9.999986290931701660e-01,-9.999988079071044922e-01,9.998930096626281738e-01,-9.999988079071044922e-01,-9.999992847442626953e-01,9.999990463256835938e-01,9.999992251396179199e-01,9.999985694885253906e-01,9.999992251396179199e-01,9.999944567680358887e-01,9.999981522560119629e-01,9.999987483024597168e-01,9.999981522560119629e-01,-9.999073147773742676e-01,-9.999985694885253906e-01,-9.999988675117492676e-01,9.999985694885253906e-01,-9.999992847442626953e-01,-9.999988079071044922e-01,-9.999966621398925781e-01,9.999972581863403320e-01,9.999992847442626953e-01,9.999994039535522461e-01,9.999966025352478027e-01,9.999992251396179199e-01,-9.999991655349731445e-01,9.999992251396179199e-01,-9.999986886978149414e-01,-9.999974966049194336e-01,9.999947547912597656e-01,9.999473094940185547e-01,9.999988079071044922e-01,-9.999952912330627441e-01,-9.999992251396179199e-01,9.999951720237731934e-01,9.999977946281433105e-01,9.999700188636779785e-01,-9.999983310699462891e-01,9.999991655349731445e-01,-9.999974966049194336e-01,9.999988675117492676e-01,9.999909400939941406e-01,-9.999938011169433594e-01,-9.999992251396179199e-01,-9.999327063560485840e-01,-9.999974370002746582e-01,9.999986886978149414e-01,-9.999989271163940430e-01,9.999845027923583984e-01,9.999986290931701660e-01,-9.999989867210388184e-01,9.999986290931701660e-01,9.999948143959045410e-01,-9.999992847442626953e-01,9.999991655349731445e-01,-9.999934434890747070e-01,9.999981522560119629e-01,-9.999991059303283691e-01,9.999839067459106445e-01,9.999802112579345703e-01,-9.999989867210388184e-01,-9.999980926513671875e-01,9.997504353523254395e-01,9.999986290931701660e-01,9.999962449073791504e-01,-9.999991059303283691e-01,9.999986886978149414e-01,-9.999991059303283691e-01,9.999988079071044922e-01,9.999904632568359375e-01,-9.999993443489074707e-01,9.999988675117492676e-01,-9.999992251396179199e-01,9.999991059303283691e-01,9.999963045120239258e-01,9.999988079071044922e-01,9.999992847442626953e-01,-9.999971985816955566e-01,-9.999990463256835938e-01,9.999984502792358398e-01,9.999766349792480469e-01,9.999971389770507812e-01,-9.999921917915344238e-01,9.999981522560119629e-01
