7.876996994018554688e-01,1.413925737142562866e-01,-3.672481775283813477e-01,7.926042377948760986e-02,4.473257064819335938e-01,9.705074131488800049e-02,2.195390909910202026e-01,5.293574333190917969e-01,5.224853008985519409e-02,-5.650104489177465439e-03,-1.260886937379837036e-01,-1.284183114767074585e-01,6.653332710266113281e-01,3.924215734004974365e-01,5.926214456558227539e-01,1.780175268650054932e-01,-1.791519671678543091e-02,4.182472825050354004e-02,3.276430368423461914e-01,1.637923121452331543e-01,-3.713469207286834717e-01,-6.132646650075912476e-02,4.688162505626678467e-01,-4.576711356639862061e-01,-1.347574312239885330e-02,-5.298854112625122070e-01,4.449503030627965927e-03,-3.628790676593780518e-01,-1.270755529403686523e-01,-5.898302197456359863e-01,-3.965098857879638672e-01,-1.988320648670196533e-01,3.353878557682037354e-01,-2.141269743442535400e-01,-5.109271034598350525e-02,-4.213318824768066406e-01,-1.289217472076416016e-01,9.849663823843002319e-02,-2.670308053493499756e-01,-5.436595678329467773e-01,1.200633049011230469e-01,2.602275311946868896e-01,-5.330268666148185730e-02,7.643766701221466064e-02,5.900651216506958008e-01,-5.180925130844116211e-01,-4.249285459518432617e-01,-3.398460522294044495e-02,-3.088207915425300598e-02,1.451573520898818970e-02,3.185104429721832275e-01,3.817064166069030762e-01,1.851711869239807129e-01,-7.449687272310256958e-02,5.430889874696731567e-02,-1.239622682332992554e-01,1.383720040321350098e-01,8.897054940462112427e-02,1.670792400836944580e-01,-1.610052771866321564e-02,-1.593477725982666016e-01,2.025627046823501587e-01,7.617023587226867676e-02,-2.142738997936248779e-01,-1.444023847579956055e-01,6.460873782634735107e-02,4.180920422077178955e-01,3.495140075683593750e-01,-5.426708608865737915e-02,3.060493171215057373e-01,-5.673666596412658691e-01,-6.887373924255371094e-01,-5.960946157574653625e-02,-2.049040347337722778e-01,-6.537768244743347168e-02,-4.348575770854949951e-01,-3.007381036877632141e-02,7.104469835758209229e-02,-5.982642769813537598e-01,-5.421216487884521484e-01,-3.848196268081665039e-01,1.951030641794204712e-02,-2.271211147308349609e-01,7.348196208477020264e-02,-1.254058927297592163e-01,1.120759323239326477e-01,-5.022258311510086060e-02,2.116689085960388184e-02,3.077656626701354980e-01,-1.116768643260002136e-01,4.027611762285232544e-02,-3.870802223682403564e-01,2.702474407851696014e-02,-8.869508653879165649e-02,3.474940359592437744e-02,-2.081342488527297974e-01,3.781371414661407471e-01,-6.945347879081964493e-03,-4.983222782611846924e-01,6.001722216606140137e-01,1.482028365135192871e-01,2.073077708482742310e-01,-5.276728048920631409e-02,-1.738852635025978088e-02,2.228825688362121582e-01,3.068355321884155273e-01,-2.349789626896381378e-02,9.242058545351028442e-02,-2.295578420162200928e-01,-2.724083513021469116e-02,4.624112248420715332e-01,8.645661175251007080e-02,7.915604859590530396e-02,-4.838006794452667236e-01,1.681964099407196045e-01,-4.086671173572540283e-01,1.826882064342498779e-01,-1.182113587856292725e-01,-5.834749341011047363e-01,1.363072637468576431e-02,-6.489106416702270508e-01,4.640216529369354248e-01,1.140464916825294495e-01,-1.075398996472358704e-01,5.541641712188720703e-01,-3.452376127243041992e-01,1.142392586916685104e-02,4.997507631778717041e-01
1.413925737142562866e-01,5.941044911742210388e-02,-1.490833014249801636e-01,-2.545470139011740685e-03,1.350706368684768677e-01,-4.432284459471702576e-02,5.342188104987144470e-02,2.774260006844997406e-02,3.275255113840103149e-02,8.439358323812484741e-03,-1.330562960356473923e-02,-3.317999094724655151e-02,1.483088582754135132e-01,2.178604900836944580e-02,1.393838077783584595e-01,5.787632986903190613e-02,-3.144171321764588356e-03,8.298473805189132690e-02,3.384299576282501221e-02,-1.445542555302381516e-02,-3.297504410147666931e-02,5.457208678126335144e-02,1.007899418473243713e-01,-4.860790446400642395e-02,3.123318590223789215e-02,-1.126012392342090607e-02,-8.390160650014877319e-02,-1.589480638504028320e-01,3.532014787197113037e-02,-1.537111252546310425e-01,-1.050288677215576172e-01,-9.360269457101821899e-02,9.279560297727584839e-02,-1.081868913024663925e-02,1.241593854501843452e-03,-1.152369976043701172e-01,-4.812391847372055054e-02,3.407428786158561707e-02,4.207007959485054016e-02,-1.553129106760025024e-01,1.124307662248611450e-01,1.430673059076070786e-02,8.438047766685485840e-02,2.088783122599124908e-02,6.978563219308853149e-02,-8.677128702402114868e-02,-1.239878237247467041e-01,-2.465972909703850746e-03,-4.381907731294631958e-02,-3.969196230173110962e-03,8.969286084175109863e-02,6.763871014118194580e-02,5.997692793607711792e-02,3.894733265042304993e-02,-3.432933613657951355e-02,-4.094220325350761414e-02,3.702567517757415771e-02,1.554726809263229370e-02,4.262469708919525146e-02,3.573064925149083138e-03,-4.339358583092689514e-02,1.741586253046989441e-02,1.748847030103206635e-02,-2.642214484512805939e-02,-1.067266389727592468e-01,-7.670044898986816406e-03,1.354208588600158691e-01,1.626248955726623535e-01,-8.776033669710159302e-02,1.108440086245536804e-01,-1.173067092895507812e-01,-1.114711835980415344e-01,-3.910742327570915222e-02,-6.467211246490478516e-02,-1.240545231848955154e-02,-1.359490305185317993e-01,-1.255235355347394943e-02,4.469959437847137451e-02,-5.918043479323387146e-02,-1.637272834777832031e-01,-9.169277548789978027e-02,5.083287134766578674e-03,-1.172257959842681885e-01,1.756610535085201263e-02,-7.970501482486724854e-02,-6.158894300460815430e-02,2.568781189620494843e-02,2.034625411033630371e-02,1.077928543090820312e-01,-5.206960439682006836e-02,8.490044623613357544e-03,-1.041154786944389343e-01,2.166915126144886017e-02,8.626843802630901337e-03,-4.226565361022949219e-02,4.256541281938552856e-02,5.059704557061195374e-02,-1.612201682291924953e-03,-1.182690262794494629e-01,1.247027888894081116e-01,3.976923972368240356e-02,1.066662184894084930e-02,-2.914767246693372726e-03,4.762360360473394394e-03,1.120800450444221497e-01,-2.628393284976482391e-02,1.795152202248573303e-02,-1.199487689882516861e-02,-9.261489659547805786e-02,-3.110512718558311462e-02,7.539802044630050659e-02,3.336239233613014221e-02,1.178095489740371704e-02,-1.315701603889465332e-01,1.016385778784751892e-01,-1.292233765125274658e-01,1.202587932348251343e-01,-3.636839985847473145e-02,-7.295009493827819824e-02,9.609599597752094269e-03,-1.407132446765899658e-01,9.211686253547668457e-02,7.687649130821228027e-02,-3.500568866729736328e-02,4.677197709679603577e-02,-1.090972796082496643e-01,-1.366875600069761276e-03,1.072390675544738770e-01
-3.672481775283813477e-01,-1.490833014249801636e-01,8.723368048667907715e-01,-3.359183967113494873e-01,-4.111649990081787109e-01,-3.752335608005523682e-01,-6.280209422111511230e-01,2.036020308732986450e-01,1.604874730110168457e-01,-1.191331073641777039e-01,-1.902371272444725037e-02,2.348031401634216309e-01,-2.465910166501998901e-01,4.806779325008392334e-01,-5.702102184295654297e-01,-2.047504335641860962e-01,-1.104979664087295532e-01,-3.993151783943176270e-01,1.613113284111022949e-01,4.084048569202423096e-01,-3.915835022926330566e-01,-6.159904599189758301e-01,-2.741225659847259521e-01,2.556649744510650635e-01,-3.072593808174133301e-01,-2.922182679176330566e-01,5.431463122367858887e-01,7.381016612052917480e-01,-6.758707165718078613e-01,8.008348345756530762e-01,2.299232780933380127e-01,6.904787421226501465e-01,-5.680564045906066895e-01,-3.178604543209075928e-01,-4.124822095036506653e-03,6.365953683853149414e-01,3.235655426979064941e-01,-2.213262319564819336e-01,-2.535243630409240723e-01,8.013057112693786621e-01,-6.186197996139526367e-01,2.302377112209796906e-02,-4.820362627506256104e-01,-1.285192966461181641e-01,-1.772256940603256226e-01,4.668185412883758545e-01,6.799178123474121094e-01,7.018106430768966675e-02,2.637188434600830078e-01,3.586584329605102539e-01,-5.223903656005859375e-01,1.299183219671249390e-01,-3.891975879669189453e-01,-8.966450393199920654e-02,1.906392723321914673e-01,1.773321777582168579e-01,-2.274588197469711304e-01,-7.802283018827438354e-02,-5.693256855010986328e-01,1.854387372732162476e-01,2.280139625072479248e-01,-2.965890429913997650e-02,-1.121877953410148621e-01,-3.258139789104461670e-01,4.889419078826904297e-01,9.118963778018951416e-02,-7.289879918098449707e-01,-7.289701104164123535e-01,3.682395219802856445e-01,-4.423380494117736816e-01,6.529204249382019043e-01,4.094847738742828369e-01,2.108059376478195190e-01,1.831237226724624634e-01,-4.244886338710784912e-02,6.154918074607849121e-01,8.798649162054061890e-02,-6.079406738281250000e-01,1.362787634134292603e-01,7.040113210678100586e-01,-1.973756998777389526e-01,-4.187082126736640930e-02,7.029695510864257812e-01,-7.908959686756134033e-02,5.817164778709411621e-01,4.479123353958129883e-01,-3.686720430850982666e-01,-1.506342589855194092e-01,-6.522524356842041016e-01,2.329964488744735718e-01,-1.951160468161106110e-02,6.369013190269470215e-01,-7.595688104629516602e-02,1.246259082108736038e-02,5.317538976669311523e-01,-4.802695214748382568e-01,-1.727027148008346558e-01,1.308759581297636032e-02,4.960088133811950684e-01,-5.420253276824951172e-01,-1.382295638322830200e-01,-3.256119191646575928e-01,-1.501790732145309448e-01,-5.386352911591529846e-02,-8.435224890708923340e-01,-1.337286736816167831e-02,2.741773724555969238e-01,3.854439556598663330e-01,6.817228794097900391e-01,2.398901879787445068e-01,-2.580431997776031494e-01,2.497952282428741455e-01,-7.116922736167907715e-02,3.902416229248046875e-01,-6.761298179626464844e-01,4.044177532196044922e-01,-5.048386454582214355e-01,2.795617096126079559e-02,2.008289843797683716e-01,-1.145057976245880127e-01,2.932326495647430420e-01,-3.415632247924804688e-01,-4.842653274536132812e-01,-1.496655941009521484e-01,5.408819764852523804e-02,6.978083848953247070e-01,-1.164920851588249207e-01,-4.845395088195800781e-01
7.926042377948760986e-02,-2.545470139011740685e-03,-3.359183967113494873e-01,4.664735198020935059e-01,5.393975228071212769e-02,3.482773303985595703e-01,3.038033246994018555e-01,-2.401875555515289307e-01,-1.007964313030242920e-01,5.740423500537872314e-02,-1.550672650337219238e-01,-5.592892318964004517e-02,5.471525341272354126e-02,-3.193100988864898682e-01,1.190783828496932983e-01,1.213616970926523209e-02,4.780218377709388733e-02,3.556098937988281250e-01,-1.888507753610610962e-01,-1.722027361392974854e-01,7.600180804729461670e-03,2.768084406852722168e-01,1.202568113803863525e-01,-1.248089745640754700e-01,1.994089335203170776e-01,1.490015685558319092e-01,-1.868044137954711914e-01,-2.817949056625366211e-01,3.477154672145843506e-01,-3.606967329978942871e-01,-4.979259148240089417e-02,-4.009106457233428955e-01,3.732260465621948242e-01,-8.499012328684329987e-03,3.281610459089279175e-02,-2.191423922777175903e-01,-5.667119845747947693e-02,6.759118288755416870e-02,1.992269754409790039e-01,-5.150898694992065430e-01,1.424021571874618530e-01,6.396174896508455276e-03,3.301320970058441162e-01,4.174759611487388611e-02,-9.094849973917007446e-02,-7.724443823099136353e-02,-1.381741017103195190e-01,-1.244945600628852844e-01,-1.097801178693771362e-01,-1.123690232634544373e-02,2.475468814373016357e-01,-6.109920516610145569e-02,2.815377712249755859e-01,-1.165892332792282104e-01,3.238034993410110474e-02,-1.005394086241722107e-01,-2.201633714139461517e-02,-1.735945045948028564e-02,2.087136656045913696e-01,-9.703776240348815918e-02,-3.404904901981353760e-01,1.006631031632423401e-01,4.900648444890975952e-02,2.412523627281188965e-01,-3.508162200450897217e-01,-4.655342176556587219e-02,2.941689491271972656e-01,2.538671791553497314e-01,1.474959999322891235e-01,-2.633059397339820862e-02,-2.969601750373840332e-01,3.888208791613578796e-02,-1.733987778425216675e-02,-2.449350059032440186e-01,7.001569960266351700e-03,-3.155254721641540527e-01,-1.062061544507741928e-02,1.490367949008941650e-01,-2.086009830236434937e-01,-3.597789108753204346e-01,3.492801785469055176e-01,1.078479737043380737e-02,-2.313995659351348877e-01,2.164775878190994263e-02,-4.258049726486206055e-01,4.262303933501243591e-02,1.792452111840248108e-02,4.152558743953704834e-02,1.500206440687179565e-01,-7.198184728622436523e-02,2.809467166662216187e-02,-3.007126152515411377e-01,-4.060782119631767273e-02,1.812167018651962280e-01,-2.868286669254302979e-01,1.739371865987777710e-01,-5.727920681238174438e-02,-4.384033381938934326e-03,-7.008254528045654297e-02,3.439015150070190430e-01,8.026762306690216064e-02,6.116655468940734863e-02,6.158919259905815125e-02,1.789691671729087830e-02,5.165899991989135742e-01,2.951485216617584229e-01,-4.923533201217651367e-01,-2.408660054206848145e-01,-2.202372103929519653e-01,-8.185034245252609253e-02,2.534531652927398682e-01,-2.960842549800872803e-01,4.983676970005035400e-02,8.820477873086929321e-03,2.088567465543746948e-01,4.554792772978544235e-03,3.208940625190734863e-01,1.286607608199119568e-02,6.206921488046646118e-02,9.108460694551467896e-02,-4.137502238154411316e-02,-4.415564239025115967e-02,2.417893111705780029e-01,1.531431078910827637e-01,-7.372815161943435669e-02,-3.101104199886322021e-01,3.489414229989051819e-02,2.821037173271179199e-01
4.473257064819335938e-01,1.350706368684768677e-01,-4.111649990081787109e-01,5.393975228071212769e-02,6.960027217864990234e-01,4.680297570303082466e-04,2.681113481521606445e-01,7.807210087776184082e-03,5.378304421901702881e-02,3.909781202673912048e-02,-1.293777376413345337e-01,-4.595469310879707336e-02,2.896536886692047119e-01,5.859404802322387695e-03,4.576649665832519531e-01,2.032754123210906982e-01,-2.497985400259494781e-02,2.812557816505432129e-01,1.013069376349449158e-01,-1.606769859790802002e-01,-4.549712315201759338e-02,2.073992788791656494e-01,1.031799316406250000e-01,1.159694194793701172e-01,3.564024344086647034e-02,-2.423372352495789528e-03,-4.074020981788635254e-01,-5.423171520233154297e-01,2.071878165006637573e-01,-5.202271938323974609e-01,-3.684174120426177979e-01,-9.421686828136444092e-02,1.940626651048660278e-01,-1.115748211741447449e-01,3.713507577776908875e-02,-1.614191234111785889e-01,-2.006219774484634399e-01,8.585916459560394287e-02,-5.387200042605400085e-02,-4.778603613376617432e-01,3.095287382602691650e-01,1.230149120092391968e-01,3.176598846912384033e-01,6.979749351739883423e-02,7.923018187284469604e-02,-1.303811818361282349e-01,-5.682561397552490234e-01,-6.594466418027877808e-02,-7.034360617399215698e-02,1.887930929660797119e-01,2.385623306035995483e-01,2.785864286124706268e-02,1.398584991693496704e-01,2.337537556886672974e-01,-1.871992796659469604e-01,-2.221179157495498657e-01,5.218633636832237244e-02,2.496969513595104218e-02,-1.047836169600486755e-01,9.406957775354385376e-02,-1.251637637615203857e-01,1.736470125615596771e-02,4.323460906744003296e-02,-6.616463512182235718e-02,-3.572364449501037598e-01,2.891189977526664734e-02,5.026526451110839844e-01,5.555064082145690918e-01,-6.606247276067733765e-02,4.177934825420379639e-01,-2.977786362171173096e-01,-3.069307506084442139e-01,1.743190288543701172e-01,-2.616067230701446533e-01,-9.360881894826889038e-02,-6.108993291854858398e-01,-5.492010712623596191e-02,1.698534339666366577e-01,-5.226178467273712158e-02,-3.531301617622375488e-01,-2.635335922241210938e-01,5.802495405077934265e-03,-5.775953531265258789e-01,3.347604349255561829e-02,-3.865193724632263184e-01,-3.493449985980987549e-01,3.129922747611999512e-01,4.661436751484870911e-02,2.363293319940567017e-01,-2.130644172430038452e-01,-1.696015894412994385e-01,-2.234547436237335205e-01,3.652117848396301270e-01,-1.741967513225972652e-03,-6.208537891507148743e-02,7.884637266397476196e-02,4.656268656253814697e-01,-3.873165929690003395e-03,-2.925001382827758789e-01,3.253750801086425781e-01,8.637321740388870239e-02,4.588201642036437988e-02,1.949846744537353516e-01,-1.095701847225427628e-02,2.276035994291305542e-01,7.440944761037826538e-02,6.807095557451248169e-02,-9.520419873297214508e-03,-2.904374599456787109e-01,-6.598731875419616699e-02,-1.163753643631935120e-01,2.457552850246429443e-01,2.191805243492126465e-01,-5.085470080375671387e-01,5.113584399223327637e-01,-3.787326812744140625e-01,5.038969516754150391e-01,-2.653523683547973633e-01,-1.388718932867050171e-01,-7.872722111642360687e-03,-1.864611208438873291e-01,1.493426114320755005e-01,1.947174519300460815e-01,-1.240272447466850281e-01,1.233077943325042725e-01,-2.683611512184143066e-01,-1.081050410866737366e-01,3.319582045078277588e-01
9.705074131488800049e-02,-4.432284459471702576e-02,-3.752335608005523682e-01,3.482773303985595703e-01,4.680297570303082466e-04,6.132655143737792969e-01,3.798024654388427734e-01,-9.314604848623275757e-02,-2.491146475076675415e-01,5.634121969342231750e-02,-1.727890223264694214e-02,-9.899302572011947632e-02,-7.963722199201583862e-02,-3.201212882995605469e-01,1.548659652471542358e-01,-1.492927223443984985e-02,9.192746877670288086e-02,5.265595763921737671e-02,-1.343246400356292725e-01,-2.191077023744583130e-01,2.507101595401763916e-01,2.546091079711914062e-01,7.274057716131210327e-02,-1.928121000528335571e-01,1.085214465856552124e-01,2.562058903276920319e-02,-1.203650981187820435e-01,-1.914397031068801880e-01,4.100799560546875000e-01,-4.111257791519165039e-01,1.030272841453552246e-01,-3.255772292613983154e-01,2.687950134277343750e-01,2.065553963184356689e-01,-1.990948989987373352e-02,-2.129140049219131470e-01,-9.924224019050598145e-02,6.701189279556274414e-02,-1.701947115361690521e-02,-4.040787816047668457e-01,5.355067923665046692e-02,4.308207333087921143e-02,1.352537423372268677e-01,4.788317531347274780e-02,1.195340678095817566e-01,-2.852283120155334473e-01,-2.155683189630508423e-01,-8.162868022918701172e-02,-7.697696983814239502e-02,-2.123106271028518677e-01,2.368994057178497314e-01,-2.409004718065261841e-01,1.488219797611236572e-01,-1.059075519442558289e-01,3.689455986022949219e-02,-3.804960474371910095e-02,4.711354896426200867e-02,2.798957005143165588e-02,3.424063026905059814e-01,-1.575960069894790649e-01,-1.049515604972839355e-01,4.773921146988868713e-02,5.134471505880355835e-02,2.938853502273559570e-01,-7.969398051500320435e-02,-6.446372717618942261e-03,2.709439992904663086e-01,1.765741854906082153e-01,1.070268228650093079e-01,1.060962826013565063e-01,-3.408405780792236328e-01,-2.394988983869552612e-01,-1.091141626238822937e-02,-5.803368613123893738e-02,5.854962766170501709e-02,-2.330743223428726196e-01,-2.508749626576900482e-02,3.641139566898345947e-01,-1.596312075853347778e-01,-2.211160361766815186e-01,3.720624446868896484e-01,1.989347115159034729e-02,-2.369651794433593750e-01,1.285940781235694885e-02,-2.452054768800735474e-01,-5.741122737526893616e-02,1.589065194129943848e-01,4.231761395931243896e-02,2.199696749448776245e-01,-3.311459347605705261e-02,7.590287714265286922e-04,-2.678036689758300781e-01,-7.163555175065994263e-02,2.668984793126583099e-02,-2.139006853103637695e-01,1.099444180727005005e-01,9.259718656539916992e-02,-6.497233174741268158e-03,-1.411466896533966064e-01,2.108161151409149170e-01,2.003763429820537567e-02,2.798209786415100098e-01,1.152221858501434326e-01,2.057386003434658051e-02,4.502678215503692627e-01,3.469922542572021484e-01,-3.912500143051147461e-01,-2.017173767089843750e-01,-3.435398042201995850e-01,-7.531047612428665161e-02,1.744360625743865967e-01,-3.787030577659606934e-01,3.387070447206497192e-02,4.625298827886581421e-02,2.694254517555236816e-01,5.447768419981002808e-02,8.936643600463867188e-02,9.084565192461013794e-02,-1.444713473320007324e-01,6.373948603868484497e-02,2.256627008318901062e-02,1.155184879899024963e-01,1.373241394758224487e-01,1.704834848642349243e-01,5.616234149783849716e-03,-2.839442193508148193e-01,9.361325949430465698e-02,2.086094319820404053e-01
2.195390909910202026e-01,5.342188104987144470e-02,-6.280209422111511230e-01,3.038033246994018555e-01,2.681113481521606445e-01,3.798024654388427734e-01,5.932965278625488281e-01,-1.700076460838317871e-01,-1.613134145736694336e-01,1.022095978260040283e-01,3.370150551199913025e-02,-1.858746409416198730e-01,3.722614375874400139e-03,-4.501913189888000488e-01,3.865016698837280273e-01,8.115562796592712402e-02,1.308181285858154297e-01,1.481302231550216675e-01,-1.130218058824539185e-01,-2.533262073993682861e-01,3.792757093906402588e-01,3.681497573852539062e-01,2.463766839355230331e-03,-2.361071407794952393e-01,1.911628246307373047e-01,2.026816159486770630e-01,-2.955203652381896973e-01,-4.172380864620208740e-01,5.265226364135742188e-01,-5.959725975990295410e-01,-7.793555408716201782e-02,-5.202057361602783203e-01,4.757486283779144287e-01,1.797928512096405029e-01,-9.919849224388599396e-03,-3.862652480602264404e-01,-2.607179284095764160e-01,1.502674371004104614e-01,6.863912940025329590e-02,-6.067014932632446289e-01,3.991142213344573975e-01,5.759502202272415161e-02,1.665411442518234253e-01,7.804050296545028687e-02,1.931982934474945068e-01,-4.638212919235229492e-01,-4.900563359260559082e-01,-4.377581551671028137e-02,-7.963337004184722900e-02,-2.626350522041320801e-01,1.554073840379714966e-01,-2.210681736469268799e-01,2.248276025056838989e-01,2.222512513399124146e-01,-1.130273565649986267e-02,-1.810035668313503265e-03,1.177293211221694946e-01,5.703212320804595947e-02,4.355228245258331299e-01,-2.121575027704238892e-01,-1.008276417851448059e-01,4.404737055301666260e-02,8.403588831424713135e-02,4.454405605792999268e-01,-1.970750242471694946e-01,-6.406047940254211426e-02,5.161954164505004883e-01,4.692833125591278076e-01,-1.048915684223175049e-01,3.910326063632965088e-01,-5.390759706497192383e-01,-2.518235743045806885e-01,-1.529357284307479858e-01,4.136754572391510010e-02,3.952858969569206238e-02,-4.820962846279144287e-01,-6.530149281024932861e-02,5.753556489944458008e-01,-1.703881472349166870e-01,-4.227537810802459717e-01,2.352114915847778320e-01,3.321460261940956116e-02,-4.985927939414978027e-01,5.284806713461875916e-02,-3.945113122463226318e-01,-4.551762342453002930e-01,2.693898677825927734e-01,8.137071877717971802e-02,5.695298910140991211e-01,-1.341315507888793945e-01,-8.506325073540210724e-03,-4.434604942798614502e-01,-3.517638891935348511e-02,-4.656907543540000916e-02,-4.681908786296844482e-01,3.396522104740142822e-01,1.774803847074508667e-01,-1.056671608239412308e-02,-2.387514859437942505e-01,3.497081398963928223e-01,8.666189014911651611e-02,4.529481530189514160e-01,6.066576391458511353e-02,3.973366320133209229e-02,7.192031145095825195e-01,9.378897398710250854e-02,-3.133324086666107178e-01,-2.224116772413253784e-01,-7.144973874092102051e-01,-1.621691733598709106e-01,1.577676534652709961e-01,-3.066422641277313232e-01,6.285139173269271851e-02,-1.752490401268005371e-01,4.355955719947814941e-01,-1.641568094491958618e-01,1.999422311782836914e-01,-4.302237927913665771e-02,-2.823044359683990479e-01,1.025795862078666687e-01,-1.779087930917739868e-01,3.772046267986297607e-01,2.774220407009124756e-01,7.407365739345550537e-02,7.955297827720642090e-02,-4.834622740745544434e-01,1.008869409561157227e-01,1.993620842695236206e-01
5.293574333190917969e-01,2.774260006844997406e-02,2.036020308732986450e-01,-2.401875555515289307e-01,7.807210087776184082e-03,-9.314604848623275757e-02,-1.700076460838317871e-01,8.270730376243591309e-01,1.015326082706451416e-01,-9.056224673986434937e-02,-4.044060129672288895e-03,-4.084530845284461975e-02,4.834783673286437988e-01,7.205589413642883301e-01,2.190224826335906982e-01,1.756492629647254944e-02,-4.760953411459922791e-02,-4.551434814929962158e-01,4.831827580928802490e-01,5.198612809181213379e-01,-5.070853233337402344e-01,-5.044054388999938965e-01,3.053517937660217285e-01,-5.060999989509582520e-01,-2.416467666625976562e-01,-7.994869351387023926e-01,5.177100300788879395e-01,2.608652710914611816e-01,-6.075509786605834961e-01,-1.808630488812923431e-02,-1.811916977167129517e-01,2.148672342300415039e-01,-5.438480526208877563e-02,-3.150920271873474121e-01,-1.050410345196723938e-01,-9.299496561288833618e-02,6.646408140659332275e-02,-2.589888498187065125e-02,-5.419703125953674316e-01,7.165373116731643677e-02,-2.744342386722564697e-01,2.802587151527404785e-01,-5.896298885345458984e-01,-7.340375334024429321e-03,6.792813539505004883e-01,-4.033247232437133789e-01,3.782516345381736755e-02,7.947494089603424072e-02,1.859979331493377686e-01,3.031738335266709328e-03,-7.162036746740341187e-02,4.935315847396850586e-01,-1.267144083976745605e-01,-1.960024088621139526e-01,2.473302334547042847e-01,1.083956211805343628e-01,8.137592673301696777e-02,8.605816215276718140e-02,7.189766038209199905e-03,7.628757972270250320e-03,1.167685911059379578e-01,1.971008628606796265e-01,1.245015859603881836e-02,-4.026454687118530273e-01,3.862964510917663574e-01,1.181341707706451416e-01,-1.448157876729965210e-01,-2.524468004703521729e-01,5.742320418357849121e-02,1.405408978462219238e-02,-2.138058543205261230e-01,-5.519738793373107910e-01,-8.842500299215316772e-02,1.340182572603225708e-01,-3.950104117393493652e-02,1.402923166751861572e-01,2.420032955706119537e-02,-2.201420962810516357e-01,-5.908634066581726074e-01,-6.331495940685272217e-02,-4.968511760234832764e-01,4.029035568237304688e-03,3.593081831932067871e-01,3.864738345146179199e-02,4.409824311733245850e-01,4.200989305973052979e-01,-3.512978851795196533e-01,-7.397744059562683105e-02,-1.220606383867561817e-03,1.045650765299797058e-01,1.061825454235076904e-01,2.721842145547270775e-03,-1.731873899698257446e-01,-2.595011889934539795e-01,3.561401069164276123e-01,-5.264686942100524902e-01,1.986786276102066040e-01,-7.725479081273078918e-04,-2.286858409643173218e-01,2.385783940553665161e-01,4.427187889814376831e-02,1.813468188047409058e-01,-2.566695511341094971e-01,-4.438391700387001038e-02,-3.201592266559600830e-01,2.166435271501541138e-01,2.393883615732192993e-01,3.631218969821929932e-01,1.436322182416915894e-01,1.235374659299850464e-01,3.895914852619171143e-01,1.751066893339157104e-01,-6.880171597003936768e-02,-1.779426783323287964e-01,-3.839845955371856689e-01,-1.543435007333755493e-01,-4.043377339839935303e-01,1.936569809913635254e-02,-6.311141848564147949e-01,-5.507697165012359619e-02,-5.637905001640319824e-01,4.175366163253784180e-01,-2.835305929183959961e-01,-1.589288264513015747e-01,6.931065917015075684e-01,8.758511394262313843e-02,3.382488340139389038e-02,1.104090586304664612e-01
5.224853008985519409e-02,3.275255113840103149e-02,1.604874730110168457e-01,-1.007964313030242920e-01,5.378304421901702881e-02,-2.491146475076675415e-01,-1.613134145736694336e-01,1.015326082706451416e-01,1.373182982206344604e-01,-2.870385348796844482e-02,-5.320860072970390320e-02,4.753024503588676453e-02,1.408769041299819946e-01,2.226997166872024536e-01,-2.184071391820907593e-02,1.900231651961803436e-02,-5.477525293827056885e-02,2.352648228406906128e-02,8.705276995897293091e-02,1.372419297695159912e-01,-2.546216547489166260e-01,-1.311113685369491577e-01,3.891985863447189331e-02,4.471467807888984680e-02,-4.314173758029937744e-02,-1.008320227265357971e-01,6.907356530427932739e-02,5.439041927456855774e-02,-2.339894473552703857e-01,1.295461803674697876e-01,-1.124341487884521484e-01,1.249520108103752136e-01,-5.885440111160278320e-02,-1.875275969505310059e-01,1.702821068465709686e-02,7.013359665870666504e-02,5.121740698814392090e-02,-2.679561823606491089e-02,-5.108793266117572784e-03,9.983828663825988770e-02,-3.117276728153228760e-02,1.985255256295204163e-02,-5.296283587813377380e-02,-1.609601080417633057e-02,-2.948327548801898956e-02,1.217913180589675903e-01,8.790379762649536133e-02,1.020992267876863480e-02,3.599403053522109985e-02,1.585876196622848511e-01,-6.988234817981719971e-02,1.854452341794967651e-01,-1.607930473983287811e-02,-3.578511998057365417e-03,1.101476512849330902e-02,-1.053138170391321182e-02,-4.141298308968544006e-02,-1.558313798159360886e-02,-1.786396950483322144e-01,8.232752978801727295e-02,-4.400703310966491699e-02,3.257826343178749084e-02,-1.492195855826139450e-02,-1.714327931404113770e-01,-2.468770369887351990e-02,1.520831789821386337e-02,-8.114708214998245239e-02,-4.239628463983535767e-02,1.469459477812051773e-02,-6.090421602129936218e-02,9.623874723911285400e-02,7.335390895605087280e-02,2.495460398495197296e-02,-5.198040232062339783e-02,-4.833282530307769775e-02,2.803854644298553467e-02,1.492870412766933441e-02,-2.204487919807434082e-01,-4.509572312235832214e-02,2.320160157978534698e-02,-1.908047348260879517e-01,-9.711001999676227570e-03,1.076492220163345337e-01,9.751541656441986561e-04,5.873720347881317139e-02,1.167526319622993469e-01,-1.150896623730659485e-01,-2.372539974749088287e-02,-1.090810522437095642e-01,-2.562645357102155685e-03,2.676755422726273537e-03,7.513599097728729248e-02,3.876515477895736694e-02,1.325957570225000381e-02,1.107925027608871460e-01,-1.038052290678024292e-01,-9.598772972822189331e-03,2.672200091183185577e-03,2.588157914578914642e-02,9.668562561273574829e-03,2.136497758328914642e-02,-1.368758082389831543e-01,-5.949907377362251282e-02,-1.614689268171787262e-02,-2.013450115919113159e-01,-6.293894350528717041e-02,1.140359565615653992e-01,1.017060354351997375e-01,1.840132176876068115e-01,4.047346487641334534e-02,-3.190540941432118416e-03,1.681523025035858154e-01,4.593343008309602737e-03,-6.865146756172180176e-02,-1.429651677608489990e-01,-7.718311995267868042e-02,1.140023395419120789e-02,-5.646334961056709290e-02,2.810015529394149780e-02,-2.172422595322132111e-02,-9.757840633392333984e-02,-4.616715759038925171e-02,-5.075296014547348022e-02,-7.779996842145919800e-02,7.673635333776473999e-02,8.192653208971023560e-02,-5.356219410896301270e-02,-2.926472574472427368e-03
-5.650104489177465439e-03,8.439358323812484741e-03,-1.191331073641777039e-01,5.740423500537872314e-02,3.909781202673912048e-02,5.634121969342231750e-02,1.022095978260040283e-01,-9.056224673986434937e-02,-2.870385348796844482e-02,2.240440621972084045e-02,9.218897670507431030e-03,-2.735192514955997467e-02,-3.093994967639446259e-02,-1.304682642221450806e-01,4.673375934362411499e-02,1.216212380677461624e-02,2.328892424702644348e-02,5.646162852644920349e-02,-4.964819177985191345e-02,-7.303702831268310547e-02,1.029945090413093567e-01,9.494498372077941895e-02,-1.976875588297843933e-02,-2.400749130174517632e-03,4.762959852814674377e-02,1.009094566106796265e-01,-8.389370888471603394e-02,-8.858186751604080200e-02,1.314325630664825439e-01,-9.379397332668304443e-02,-4.242706054355949163e-04,-1.024106740951538086e-01,8.082804083824157715e-02,5.205335468053817749e-02,5.524758715182542801e-03,-5.889578536152839661e-02,-4.551071673631668091e-02,2.575786411762237549e-02,5.178757011890411377e-02,-1.036044210195541382e-01,8.677758276462554932e-02,-1.269675977528095245e-02,7.407440990209579468e-02,1.280901208519935608e-02,-2.079439535737037659e-02,-4.595447331666946411e-02,-7.848686724901199341e-02,-9.800354950129985809e-03,-2.656007558107376099e-02,-4.547771066427230835e-02,2.815597318112850189e-02,-6.487726420164108276e-02,4.438337683677673340e-02,5.121206119656562805e-02,-2.014436013996601105e-02,-5.402908660471439362e-03,1.488959137350320816e-02,3.623600350692868233e-03,7.405446469783782959e-02,-3.426823019981384277e-02,-2.144112437963485718e-02,-7.849243469536304474e-03,1.242758426815271378e-02,9.946364909410476685e-02,-6.114935129880905151e-02,-1.938851177692413330e-02,9.142124652862548828e-02,9.484799206256866455e-02,-2.920043282210826874e-02,6.167006865143775940e-02,-7.047819346189498901e-02,2.410797635093331337e-03,-2.374517358839511871e-02,4.822864430025219917e-04,8.937636390328407288e-03,-8.565246313810348511e-02,-1.205378398299217224e-02,1.073450967669487000e-01,1.919925585389137268e-02,-6.536986678838729858e-02,6.951591372489929199e-02,5.124846007674932480e-03,-1.062550619244575500e-01,6.367909722030162811e-03,-9.152065962553024292e-02,-1.096636354923248291e-01,6.480449438095092773e-02,1.858788914978504181e-02,9.575144946575164795e-02,-2.818747609853744507e-02,-5.306557286530733109e-03,-7.086975872516632080e-02,2.464030403643846512e-03,8.025113493204116821e-03,-1.002119258046150208e-01,9.385420382022857666e-02,1.092285476624965668e-02,-1.625436358153820038e-03,-2.246883697807788849e-02,3.659449890255928040e-02,1.119745615869760513e-02,5.877704918384552002e-02,2.366264723241329193e-02,9.972570464015007019e-03,1.468967795372009277e-01,-1.135715749114751816e-02,-6.135932356119155884e-02,-5.880821868777275085e-02,-1.302534788846969604e-01,-3.506933152675628662e-02,-1.065573771484196186e-03,-5.866581574082374573e-02,1.166328880935907364e-02,-1.610301807522773743e-02,9.772810339927673340e-02,-2.003302983939647675e-02,6.258114427328109741e-02,-8.032061159610748291e-03,2.836386440321803093e-03,2.025094442069530487e-02,7.679011672735214233e-03,3.265777975320816040e-02,6.466511636972427368e-02,2.036328800022602081e-02,-4.067175090312957764e-02,-8.495610207319259644e-02,1.490824855864048004e-02,2.288439311087131500e-02
-1.260886937379837036e-01,-1.330562960356473923e-02,-1.902371272444725037e-02,-1.550672650337219238e-01,-1.293777376413345337e-01,-1.727890223264694214e-02,3.370150551199913025e-02,-4.044060129672288895e-03,-5.320860072970390320e-02,9.218897670507431030e-03,1.889900863170623779e-01,-5.204059928655624390e-02,-1.697234213352203369e-01,-1.092648580670356750e-01,-2.328801900148391724e-02,-2.328590303659439087e-02,5.094883963465690613e-02,-2.206853032112121582e-01,2.500197151675820351e-03,-2.314597181975841522e-02,3.030720651149749756e-01,-8.449150482192635536e-04,-1.286798268556594849e-01,-5.277382954955101013e-02,-2.447273209691047668e-02,9.254679083824157715e-02,4.128215089440345764e-02,1.020595878362655640e-01,5.821143090724945068e-02,7.596219331026077271e-02,1.305861473083496094e-01,-1.205205824226140976e-02,-6.271215528249740601e-02,2.029131948947906494e-01,-3.712274134159088135e-02,-2.123069018125534058e-02,-4.814014211297035217e-02,1.177127659320831299e-02,-3.664586693048477173e-02,1.662100106477737427e-01,4.830596968531608582e-02,-4.367476329207420349e-02,-1.726954281330108643e-01,-5.733227822929620743e-03,1.059199869632720947e-01,-1.462504863739013672e-01,-3.747188253328204155e-03,8.009453862905502319e-02,2.573251724243164062e-02,-2.234680503606796265e-01,-1.323274523019790649e-01,-1.398634463548660278e-01,-1.098783910274505615e-01,1.399962902069091797e-01,-6.635629106312990189e-04,1.223670393228530884e-01,7.190710306167602539e-02,3.259220719337463379e-02,1.543589234352111816e-01,-8.353102952241897583e-02,2.421619147062301636e-01,-7.799136638641357422e-02,-2.285792492330074310e-03,1.253160983324050903e-01,2.175069153308868408e-01,-2.171164192259311676e-02,-5.804226174950599670e-02,-6.894183903932571411e-02,-1.743216663599014282e-01,1.097851619124412537e-01,1.775435172021389008e-02,-4.537359252572059631e-02,-1.272894293069839478e-01,2.715433835983276367e-01,5.860824882984161377e-02,1.526316553354263306e-01,-1.443029660731554031e-02,1.974862664937973022e-01,1.314701288938522339e-01,1.261469125747680664e-01,5.017088726162910461e-03,9.562750346958637238e-03,3.266832605004310608e-02,4.465868405532091856e-04,1.789371520280838013e-01,-2.207665443420410156e-01,7.230798155069351196e-02,1.092084962874650955e-02,1.490299850702285767e-01,3.820016607642173767e-02,2.847351692616939545e-02,3.371499478816986084e-02,-9.481113404035568237e-02,-1.332512944936752319e-01,-6.581498682498931885e-02,9.977759420871734619e-02,-2.433692850172519684e-02,-1.530965557321906090e-03,1.448620483279228210e-02,-1.805089265108108521e-01,-4.257530719041824341e-02,1.735214740037918091e-01,-4.585557803511619568e-02,1.860296539962291718e-02,1.937559060752391815e-02,-2.111286967992782593e-01,1.503517776727676392e-01,9.237457066774368286e-03,-1.746801286935806274e-01,-2.487965673208236694e-02,-6.735435873270034790e-02,-5.155455321073532104e-02,-7.743550091981887817e-02,6.499416381120681763e-02,-1.445154659450054169e-02,4.069537296891212463e-02,-2.424919754266738892e-01,6.249135360121726990e-02,-1.081400141119956970e-01,-3.288220381364226341e-03,4.109748080372810364e-02,1.621524244546890259e-01,-4.514636844396591187e-02,-9.803493507206439972e-03,-1.984697952866554260e-02,2.664412930607795715e-02,6.885403394699096680e-02,-1.890416443347930908e-01
-1.284183114767074585e-01,-3.317999094724655151e-02,2.348031401634216309e-01,-5.592892318964004517e-02,-4.595469310879707336e-02,-9.899302572011947632e-02,-1.858746409416198730e-01,-4.084530845284461975e-02,4.753024503588676453e-02,-2.735192514955997467e-02,-5.204059928655624390e-02,9.394960850477218628e-02,-7.083906978368759155e-02,9.264296293258666992e-02,-1.721112281084060669e-01,-3.201533108949661255e-02,-5.272484943270683289e-02,1.843706145882606506e-02,-9.928419254720211029e-03,2.874240092933177948e-02,-1.233587637543678284e-01,-8.287460356950759888e-02,-5.954767391085624695e-02,2.035150676965713501e-01,-5.675109848380088806e-02,7.315747905522584915e-03,3.517298027873039246e-02,1.160252764821052551e-01,-1.249493882060050964e-01,2.177691310644149780e-01,3.360267356038093567e-02,2.124028801918029785e-01,-1.788637489080429077e-01,-8.358189463615417480e-02,2.594895288348197937e-02,2.014791220426559448e-01,9.228163212537765503e-02,-6.157475337386131287e-02,-3.525179345160722733e-03,2.057989984750747681e-01,-1.401629149913787842e-01,-2.777468599379062653e-02,3.066145814955234528e-02,-2.840807847678661346e-02,-1.990348994731903076e-01,2.716993093490600586e-01,1.613203734159469604e-01,-1.445435918867588043e-02,2.640732191503047943e-02,1.671698540449142456e-01,-4.925578087568283081e-02,1.490280684083700180e-02,-6.630105525255203247e-02,-6.245836988091468811e-02,-2.678434923291206360e-02,-3.514173626899719238e-02,-8.083554357290267944e-02,-4.046328365802764893e-02,-2.315303832292556763e-01,1.011259704828262329e-01,-6.522634532302618027e-03,-2.944791503250598907e-02,-3.449330478906631470e-02,-1.281055659055709839e-01,4.656427074223756790e-03,2.592219226062297821e-02,-1.648630350828170776e-01,-1.359998136758804321e-01,9.944760799407958984e-02,-1.548326164484024048e-01,2.406810224056243896e-01,1.785648167133331299e-01,1.375796496868133545e-01,-6.979180127382278442e-02,-2.895376831293106079e-02,1.099001020193099976e-01,2.195942215621471405e-02,-2.163997441530227661e-01,1.321371495723724365e-01,1.909603625535964966e-01,-2.438252232968807220e-02,-1.608540490269660950e-02,1.110003069043159485e-01,-2.873394265770912170e-02,5.247386544942855835e-02,1.321319043636322021e-01,-3.358234092593193054e-02,-2.934133261442184448e-02,-2.586753368377685547e-01,2.859893813729286194e-02,-4.565609619021415710e-02,1.822525411844253540e-01,8.465331047773361206e-02,5.669520050287246704e-02,1.593226939439773560e-01,-1.057999432086944580e-01,-2.921546809375286102e-02,4.432810936123132706e-03,1.337276697158813477e-01,-1.519170552492141724e-01,-3.845168277621269226e-02,-2.027767896652221680e-01,4.278080910444259644e-02,-1.762742362916469574e-02,-2.685074806213378906e-01,5.052282940596342087e-03,6.752665340900421143e-02,5.546575784683227539e-02,2.787775099277496338e-01,5.889726057648658752e-02,-1.643446981906890869e-01,1.137642711400985718e-01,2.732886373996734619e-02,7.039215415716171265e-02,-9.557937085628509521e-02,8.133898675441741943e-02,2.010462805628776550e-02,-2.039676159620285034e-02,2.091286182403564453e-01,-3.880938887596130371e-02,1.736107617616653442e-01,-2.348102480173110962e-01,-8.143446594476699829e-02,-1.190171763300895691e-02,-1.009583175182342529e-01,1.825382560491561890e-01,-6.634576618671417236e-02,-6.610937416553497314e-02
