4.005675911903381348e-01,7.650617975741624832e-03,1.377115696668624878e-01,-1.931418329477310181e-01,2.742168903350830078e-01,-4.053311347961425781e-01,7.767887413501739502e-02,4.250979423522949219e-01,3.209652006626129150e-02,-3.727949038147926331e-02,-2.761568427085876465e-01,-1.920710504055023193e-01,-1.615062355995178223e-01,-5.394186452031135559e-02,-6.143874675035476685e-02,1.672805994749069214e-01,7.676940876990556717e-03,-8.548887819051742554e-02,1.056366413831710815e-01,-7.868178188800811768e-02,-1.769674867391586304e-01,-2.454450279474258423e-01,-2.089398950338363647e-01,1.472535878419876099e-01,2.301447838544845581e-02,2.053905725479125977e-01,1.796467974781990051e-02,-3.575546145439147949e-01,3.161444887518882751e-02,-5.111360177397727966e-02,-2.000745534896850586e-01,-4.732220992445945740e-02,-1.647103279829025269e-01,5.323982983827590942e-02,-1.296939980238676071e-02,-2.132952585816383362e-02,7.742912322282791138e-02,1.255579572170972824e-02,-2.237926423549652100e-01,-2.266567796468734741e-01,1.483601331710815430e-01,1.310695260763168335e-01,-1.580297499895095825e-01,-2.268463559448719025e-02,-2.879644930362701416e-02,2.711953222751617432e-01,-6.505603902041912079e-03,2.572552859783172607e-02,1.858274787664413452e-01,-6.517028808593750000e-02,-2.190277725458145142e-01,-2.607336044311523438e-01,1.528659909963607788e-01,-1.029018871486186981e-02,-6.899788510054349899e-03,-7.070934772491455078e-02,1.312474608421325684e-01,1.710559125058352947e-03,1.373630911111831665e-01,2.521069645881652832e-01,-1.407926231622695923e-01,2.349033802747726440e-01,-5.632298532873392105e-03,2.259371429681777954e-01,1.045226603746414185e-01,-2.024183049798011780e-02,-3.528724610805511475e-01,8.898746967315673828e-02,-2.238947525620460510e-02,3.009145557880401611e-01,-2.164833545684814453e-01,2.668746709823608398e-01,-4.223072901368141174e-02,-8.656987547874450684e-02,-2.136978507041931152e-01,-1.113979741930961609e-01,8.263234631158411503e-04,-4.813956469297409058e-02,8.828037232160568237e-02,1.438477262854576111e-02,3.677992522716522217e-02,-2.861721986846532673e-05,-1.316960901021957397e-01,-1.653551473282277584e-03,-2.427891045808792114e-01,1.456733196973800659e-01,3.011935055255889893e-01,2.409744542092084885e-03,-1.169542893767356873e-01,1.184607893228530884e-01,-1.392497271299362183e-01,3.325670063495635986e-01,1.312920004129409790e-01,-1.787163317203521729e-01,-4.214814305305480957e-02,-3.357474207878112793e-01,-4.882719740271568298e-02,-8.202543540392071009e-06,-1.107446029782295227e-01,1.026717871427536011e-01,-2.949726581573486328e-01,3.831923902034759521e-01,-2.773447195068001747e-03,-1.196727827191352844e-01,-1.138930022716522217e-01,5.174233764410018921e-02,2.236612588167190552e-01,1.723819226026535034e-01,-4.286718666553497314e-01,1.526814978569746017e-02,-1.129975467920303345e-01,2.214145064353942871e-01,6.958431005477905273e-02,-7.153512537479400635e-02,3.561053797602653503e-02,-5.935539677739143372e-02,2.958905994892120361e-01,-1.793553680181503296e-01,-1.015944257378578186e-01,-1.452538222074508667e-01,-1.729285120964050293e-01,-2.206341736018657684e-02,8.364254608750343323e-03,3.320228755474090576e-01,-5.200373008847236633e-02,1.504783779382705688e-01,9.443601593375205994e-03,1.090688407421112061e-01
7.650617975741624832e-03,1.325151138007640839e-02,-1.001320406794548035e-01,7.520049065351486206e-02,7.679486274719238281e-02,-7.849072106182575226e-03,-2.036702074110507965e-02,4.509668052196502686e-02,7.110793143510818481e-02,7.909613847732543945e-02,-1.247025001794099808e-02,-6.098873540759086609e-02,8.558055758476257324e-02,8.525840193033218384e-02,9.400663524866104126e-02,1.095914319157600403e-01,-1.988801173865795135e-03,9.155315905809402466e-02,-9.733176231384277344e-02,-7.356280088424682617e-02,-5.270995944738388062e-02,7.162164151668548584e-02,6.871528923511505127e-02,-4.219504818320274353e-02,1.851531490683555603e-02,9.647800028324127197e-02,-9.281887114048004150e-02,-6.741554290056228638e-02,9.745104610919952393e-02,-2.961006946861743927e-02,1.620607823133468628e-02,-1.072260215878486633e-01,6.276788562536239624e-02,8.243075013160705566e-02,-3.533098381012678146e-03,-1.104126274585723877e-01,8.576104789972305298e-02,9.596472233533859253e-02,-9.281902015209197998e-02,-8.408989012241363525e-02,9.361305832862854004e-02,2.222754992544651031e-03,9.609092026948928833e-02,5.235137417912483215e-02,5.391001701354980469e-03,-8.855312317609786987e-02,-9.358869493007659912e-02,-3.614045307040214539e-02,-2.538346126675605774e-02,7.325718645006418228e-03,1.599089009687304497e-03,-1.436337269842624664e-02,7.207535207271575928e-02,-7.301367819309234619e-03,-3.484634310007095337e-02,-1.082174181938171387e-01,5.452299118041992188e-02,4.186021629720926285e-03,-9.165808558464050293e-02,-6.912869960069656372e-02,-9.075717069208621979e-03,-3.164880350232124329e-02,2.527978504076600075e-03,5.958314985036849976e-02,2.094794064760208130e-02,-3.700629621744155884e-02,4.010903090238571167e-02,1.102240458130836487e-01,-1.013475283980369568e-01,6.568384915590286255e-02,-9.384889155626296997e-02,-3.959067165851593018e-02,-3.548722341656684875e-02,9.092575311660766602e-02,-2.627569250762462616e-02,-1.065627261996269226e-01,-3.238539211452007294e-04,1.042138710618019104e-01,-2.873123809695243835e-02,-9.236051142215728760e-02,9.991633147001266479e-02,6.614595622522756457e-05,-8.900765329599380493e-02,-4.982742830179631710e-04,-1.030636057257652283e-01,-9.185940027236938477e-02,5.480399727821350098e-02,1.111997757107019424e-03,9.142220020294189453e-02,7.753266394138336182e-02,-2.485855109989643097e-02,-3.211876004934310913e-02,-8.946851640939712524e-02,5.320188030600547791e-02,-9.274800866842269897e-02,7.652954664081335068e-03,7.398179173469543457e-02,-6.595260515496192966e-07,-8.540721982717514038e-02,9.056288003921508789e-02,-4.614723101258277893e-02,5.692901834845542908e-02,-9.907829016447067261e-02,-9.271449595689773560e-02,1.077792793512344360e-01,-7.828275556676089764e-05,-8.641227334737777710e-02,-1.013422980904579163e-01,-2.775278314948081970e-02,-8.612569072283804417e-04,7.322797924280166626e-02,-7.964995503425598145e-02,-9.592016041278839111e-02,-2.682526782155036926e-02,1.014173179864883423e-01,-9.189342707395553589e-02,6.638322770595550537e-02,6.194694340229034424e-02,-1.023949086666107178e-01,6.364025175571441650e-02,9.333293139934539795e-02,8.595636487007141113e-02,7.938936352729797363e-02,-5.943022295832633972e-02,-5.895013362169265747e-02,-6.519004702568054199e-02,-1.171265915036201477e-02,8.216086030006408691e-02
1.377115696668624878e-01,-1.001320406794548035e-01,8.371917009353637695e-01,-7.455078959465026855e-01,-5.129562020301818848e-01,-1.530383825302124023e-01,1.796810179948806763e-01,-1.817164272069931030e-01,-5.687817335128784180e-01,-6.803845167160034180e-01,6.769108772277832031e-02,4.621259570121765137e-01,-6.710133552551269531e-01,-7.473688721656799316e-01,-7.958457469940185547e-01,-7.271978855133056641e-01,1.843740418553352356e-02,-7.366433739662170410e-01,8.045943379402160645e-01,6.309548020362854004e-01,3.987431526184082031e-01,-7.194118499755859375e-01,-6.922337412834167480e-01,4.024043977260589600e-01,-1.636834144592285156e-01,-6.062383055686950684e-01,7.519665360450744629e-01,3.367535471916198730e-01,-7.352792620658874512e-01,1.989980936050415039e-01,-1.915860176086425781e-01,7.921614646911621094e-01,-6.051739454269409180e-01,-7.045855522155761719e-01,2.485015057027339935e-02,7.872387170791625977e-01,-6.672433614730834961e-01,-7.710931897163391113e-01,5.577076673507690430e-01,6.243604421615600586e-01,-6.827893853187561035e-01,-1.016913913190364838e-02,-8.084788918495178223e-01,-4.759753942489624023e-01,-6.106925010681152344e-02,7.948414087295532227e-01,7.779077887535095215e-01,3.140040040016174316e-01,2.627221941947937012e-01,-1.141831371933221817e-02,-8.243155479431152344e-02,2.217056974768638611e-02,-5.710842609405517578e-01,6.640712171792984009e-02,2.594371438026428223e-01,7.910106778144836426e-01,-4.990884363651275635e-01,-3.770371153950691223e-02,7.692270874977111816e-01,6.968214511871337891e-01,3.385470062494277954e-02,3.261456489562988281e-01,-2.608197368681430817e-02,-3.852811753749847412e-01,-1.356704384088516235e-01,3.231993019580841064e-01,-3.940309584140777588e-01,-7.739517688751220703e-01,7.777504324913024902e-01,-3.809098303318023682e-01,6.515960693359375000e-01,3.965778052806854248e-01,3.537451326847076416e-01,-7.814025282859802246e-01,1.102538332343101501e-01,7.588247060775756836e-01,2.707220846787095070e-03,-8.298931717872619629e-01,3.342902064323425293e-01,7.590808868408203125e-01,-7.857154011726379395e-01,-6.436540279537439346e-04,6.888437271118164062e-01,3.635872621089220047e-03,6.782732009887695312e-01,8.046196103096008301e-01,-3.075142800807952881e-01,-7.905371487140655518e-03,-7.465823292732238770e-01,-6.346464157104492188e-01,1.954184621572494507e-01,3.926672637462615967e-01,7.684357166290283203e-01,-5.795099735260009766e-01,7.361128330230712891e-01,-2.271501719951629639e-01,-6.147818565368652344e-01,1.940016090884455480e-06,6.425648927688598633e-01,-6.518750190734863281e-01,3.283814489841461182e-01,-2.562596797943115234e-01,7.894276976585388184e-01,6.931607127189636230e-01,-8.495656847953796387e-01,-1.331895589828491211e-01,7.477562427520751953e-01,8.075434565544128418e-01,1.447982434183359146e-02,1.604242809116840363e-02,-6.679847240447998047e-01,7.628528475761413574e-01,8.008647561073303223e-01,5.645750835537910461e-02,-7.944430112838745117e-01,7.176666259765625000e-01,-3.783794939517974854e-01,-6.212871670722961426e-01,7.643167972564697266e-01,-6.489026546478271484e-01,-7.779629230499267578e-01,-7.237966656684875488e-01,-6.905653476715087891e-01,6.078755855560302734e-01,5.646465420722961426e-01,6.557663083076477051e-01,9.113824367523193359e-02,-6.486158967018127441e-01
-1.931418329477310181e-01,7.520049065351486206e-02,-7.455078959465026855e-01,7.644495964050292969e-01,3.469528853893280029e-01,2.228788137435913086e-01,-1.345868259668350220e-01,3.936813154723495245e-04,5.269598364830017090e-01,5.425463914871215820e-01,-1.603297293186187744e-01,-3.138643801212310791e-01,4.795387387275695801e-01,6.746434569358825684e-01,7.051297426223754883e-01,5.371500849723815918e-01,-1.353688072413206100e-02,5.956836938858032227e-01,-7.414757013320922852e-01,-5.695608258247375488e-01,-4.355186223983764648e-01,6.659063100814819336e-01,6.084600687026977539e-01,-2.916281819343566895e-01,1.465159058570861816e-01,3.937633931636810303e-01,-6.224724650382995605e-01,-1.019785478711128235e-01,5.486093163490295410e-01,-5.936203524470329285e-02,1.226302459836006165e-01,-7.159168720245361328e-01,6.688225865364074707e-01,6.302592754364013672e-01,-6.208587437868118286e-03,-6.034254431724548340e-01,4.996607899665832520e-01,6.669924855232238770e-01,-3.083769977092742920e-01,-5.576249957084655762e-01,6.187463402748107910e-01,9.905345737934112549e-02,6.863093972206115723e-01,3.680903613567352295e-01,-8.925450593233108521e-02,-6.843203306198120117e-01,-7.139384746551513672e-01,-2.522927820682525635e-01,-1.256784498691558838e-01,4.367157071828842163e-02,8.541137725114822388e-02,1.596073508262634277e-01,5.724222660064697266e-01,-9.379015117883682251e-02,-7.383786886930465698e-02,-6.354408860206604004e-01,4.907692968845367432e-01,3.002588078379631042e-02,-6.864893436431884766e-01,-7.474564313888549805e-01,-6.047825887799263000e-02,-2.156643420457839966e-01,2.823183499276638031e-02,2.702750563621520996e-01,1.712551116943359375e-01,-2.715587615966796875e-01,2.936280667781829834e-01,5.974668860435485840e-01,-6.476829648017883301e-01,1.637849062681198120e-01,-4.936221837997436523e-01,-1.971317231655120850e-01,-4.122705161571502686e-01,6.942583918571472168e-01,-1.602460294961929321e-01,-6.150417923927307129e-01,-1.359911984764039516e-03,7.062805294990539551e-01,-4.414771199226379395e-01,-6.724104881286621094e-01,7.228534817695617676e-01,5.533068906515836716e-04,-5.551765561103820801e-01,1.594049739651381969e-03,-5.404133796691894531e-01,-7.141781449317932129e-01,9.122771769762039185e-02,3.572461195290088654e-03,6.192401051521301270e-01,5.247217416763305664e-01,-2.250975668430328369e-01,-4.977639913558959961e-01,-7.406345605850219727e-01,6.131911277770996094e-01,-6.699947118759155273e-01,2.911751866340637207e-01,4.601651728153228760e-01,-1.274406940865446813e-06,-4.575249850749969482e-01,5.022968053817749023e-01,-2.097035050392150879e-01,4.216923937201499939e-02,-7.344924807548522949e-01,-5.395163893699645996e-01,7.902445793151855469e-01,3.199299275875091553e-01,-7.968305945396423340e-01,-6.786490082740783691e-01,1.423939019441604614e-01,-2.606303989887237549e-02,6.705514192581176758e-01,-7.578853368759155273e-01,-7.524025440216064453e-01,1.418254971504211426e-01,6.683820486068725586e-01,-6.167296767234802246e-01,1.450696289539337158e-01,5.088804364204406738e-01,-6.353699564933776855e-01,6.532711982727050781e-01,6.492552161216735840e-01,7.227080464363098145e-01,6.437668800354003906e-01,-5.812548995018005371e-01,-5.289134979248046875e-01,-6.528897881507873535e-01,-6.155674904584884644e-02,5.124688148498535156e-01
2.742168903350830078e-01,7.679486274719238281e-02,-5.129562020301818848e-01,3.469528853893280029e-01,6.820443868637084961e-01,-2.940974235534667969e-01,-6.001587212085723877e-02,6.209993958473205566e-01,3.835009932518005371e-01,4.610559642314910889e-01,-2.528966367244720459e-01,-5.751457214355468750e-01,4.034702479839324951e-01,4.973703622817993164e-01,5.513400435447692871e-01,7.772128582000732422e-01,-5.867203231900930405e-03,4.864768683910369873e-01,-5.007039308547973633e-01,-5.239491462707519531e-01,-3.699957430362701416e-01,2.965430319309234619e-01,2.968161106109619141e-01,-1.812576353549957275e-01,1.350438892841339111e-01,7.149401903152465820e-01,-5.803831815719604492e-01,-6.642690896987915039e-01,6.808505058288574219e-01,-2.277291268110275269e-01,-4.750488325953483582e-02,-6.539722084999084473e-01,1.980390101671218872e-01,6.001001000404357910e-01,-4.057401046156883240e-02,-6.774695515632629395e-01,6.008573770523071289e-01,6.023648977279663086e-01,-7.506736516952514648e-01,-6.699684858322143555e-01,6.293070316314697266e-01,7.234978675842285156e-02,4.779843986034393311e-01,3.389240503311157227e-01,1.269495636224746704e-01,-3.902629911899566650e-01,-5.927252769470214844e-01,-2.023340910673141479e-01,-6.729408353567123413e-02,-1.238031163811683655e-01,-1.710900217294692993e-01,-3.913865089416503906e-01,5.109078288078308105e-01,-3.926713764667510986e-02,-2.814841568470001221e-01,-7.276921868324279785e-01,4.715833663940429688e-01,3.092429600656032562e-02,-4.242368340492248535e-01,-2.290985435247421265e-01,-1.304993927478790283e-01,-4.755846783518791199e-02,8.760513737797737122e-03,4.783800542354583740e-01,1.479315608739852905e-01,-2.516411244869232178e-01,-3.058104030787944794e-02,7.242049574851989746e-01,-6.257765889167785645e-01,6.428062915802001953e-01,-7.453690767288208008e-01,-1.679794341325759888e-01,-2.250239998102188110e-01,5.189711451530456543e-01,-1.953405886888504028e-01,-6.989511847496032715e-01,-1.603642827831208706e-03,6.374307274818420410e-01,-6.690096110105514526e-02,-5.609098076820373535e-01,6.298462152481079102e-01,4.538077628239989281e-04,-6.720742583274841309e-01,-6.882132031023502350e-03,-7.651913762092590332e-01,-4.893809854984283447e-01,5.912414193153381348e-01,9.926510974764823914e-03,4.528534710407257080e-01,6.057079434394836426e-01,-2.337360531091690063e-01,1.310419887304306030e-01,-4.131298363208770752e-01,1.891911029815673828e-01,-5.728831887245178223e-01,-2.021735161542892456e-01,4.263959825038909912e-01,-8.171567969839088619e-06,-6.357547044754028320e-01,5.981187224388122559e-01,-5.792504549026489258e-01,6.359453797340393066e-01,-6.005930304527282715e-01,-6.771082282066345215e-01,5.412098169326782227e-01,5.417648330330848694e-02,-2.951908707618713379e-01,-4.903002381324768066e-01,-4.828144013881683350e-01,1.163123548030853271e-02,3.394356966018676758e-01,-3.342243432998657227e-01,-5.359690189361572266e-01,-1.722497791051864624e-01,6.776275634765625000e-01,-5.837606191635131836e-01,6.432839632034301758e-01,3.042844831943511963e-01,-7.033922672271728516e-01,2.759162783622741699e-01,4.496800601482391357e-01,4.654931426048278809e-01,4.785820245742797852e-01,-9.479718655347824097e-02,-4.769511818885803223e-01,-2.891460657119750977e-01,-5.610889196395874023e-02,5.979189276695251465e-01
-4.053311347961425781e-01,-7.849072106182575226e-03,-1.530383825302124023e-01,2.228788137435913086e-01,-2.940974235534667969e-01,4.531165063381195068e-01,-6.632579863071441650e-02,-4.639613032341003418e-01,-5.296813324093818665e-02,3.513872995972633362e-02,2.560589909553527832e-01,2.355958521366119385e-01,1.615711748600006104e-01,4.817602783441543579e-02,6.179955601692199707e-02,-2.111525535583496094e-01,-8.613699115812778473e-03,9.358933568000793457e-02,-1.228882372379302979e-01,7.923354208469390869e-02,1.781095415353775024e-01,2.495865672826766968e-01,2.301288247108459473e-01,-1.422934681177139282e-01,-2.676178142428398132e-02,-2.584337294101715088e-01,3.117516869679093361e-03,4.022056758403778076e-01,-5.407045781612396240e-02,4.590840637683868408e-02,2.196263521909713745e-01,6.989473104476928711e-02,2.210068851709365845e-01,-5.984824895858764648e-02,1.740628667175769806e-02,5.348788946866989136e-02,-9.803564846515655518e-02,-1.883328519761562347e-02,2.754881083965301514e-01,2.274411767721176147e-01,-1.598291397094726562e-01,-1.108380332589149475e-01,1.678948849439620972e-01,2.225935645401477814e-02,-3.725379938259720802e-03,-2.713544964790344238e-01,6.892865349072962999e-05,-3.800022602081298828e-02,-1.923931390047073364e-01,1.128616556525230408e-01,2.491992712020874023e-01,3.019042015075683594e-01,-1.449815332889556885e-01,1.025434862822294235e-02,2.650619298219680786e-02,8.946466445922851562e-02,-1.457445174455642700e-01,-2.643031999468803406e-03,-1.624543964862823486e-01,-2.861826717853546143e-01,1.445513963699340820e-01,-2.516091167926788330e-01,7.376796100288629532e-03,-2.289625108242034912e-01,-9.307442605495452881e-02,2.501852437853813171e-02,3.728273510932922363e-01,-1.096891686320304871e-01,4.406385868787765503e-02,-3.370189666748046875e-01,2.375733852386474609e-01,-2.494578063488006592e-01,4.640050977468490601e-02,7.486574351787567139e-02,1.811288297176361084e-01,1.107645705342292786e-01,-6.414136150851845741e-04,3.723256289958953857e-02,-1.315300017595291138e-01,4.733597859740257263e-03,-3.498498722910881042e-02,1.126760616898536682e-05,1.498363614082336426e-01,1.972929574549198151e-03,2.618563473224639893e-01,-1.393727362155914307e-01,-3.300655782222747803e-01,-3.230815054848790169e-03,1.059676036238670349e-01,-1.409120112657546997e-01,1.164444759488105774e-01,-3.889388442039489746e-01,-1.506242156028747559e-01,1.892805993556976318e-01,3.433198109269142151e-02,3.566797375679016113e-01,8.418496698141098022e-02,6.997941000008722767e-06,1.412649601697921753e-01,-1.082209274172782898e-01,3.292173147201538086e-01,-4.404655694961547852e-01,1.491763256490230560e-02,1.442128419876098633e-01,1.235079020261764526e-01,9.989364072680473328e-03,-2.679155468940734863e-01,-1.701902151107788086e-01,4.737975597381591797e-01,-1.677479036152362823e-02,1.044465675950050354e-01,-2.525671124458312988e-01,-7.491544634103775024e-02,8.541765064001083374e-02,-3.699187561869621277e-02,6.222752854228019714e-02,-3.498788774013519287e-01,1.968258172273635864e-01,1.047783866524696350e-01,1.671495884656906128e-01,1.918005198240280151e-01,4.103698208928108215e-02,-3.028168343007564545e-03,-3.675377070903778076e-01,7.437319308519363403e-02,-1.655175983905792236e-01,-1.755151897668838501e-02,-1.139868348836898804e-01
7.767887413501739502e-02,-2.036702074110507965e-02,1.796810179948806763e-01,-1.345868259668350220e-01,-6.001587212085723877e-02,-6.632579863071441650e-02,7.920144498348236084e-02,1.524876710027456284e-02,-1.046972647309303284e-01,-1.246243044734001160e-01,-8.930452913045883179e-02,5.299181863665580750e-02,-2.068391740322113037e-01,-1.295788288116455078e-01,-1.451899558305740356e-01,-1.463841050863265991e-01,6.021186243742704391e-03,-1.886196732521057129e-01,1.613052785396575928e-01,5.763275176286697388e-02,9.228803683072328568e-04,-1.638849973678588867e-01,-1.512036174535751343e-01,1.163521632552146912e-01,-1.696879044175148010e-02,-1.247395202517509460e-01,1.332514137029647827e-01,5.138213932514190674e-02,-1.484114378690719604e-01,4.496162757277488708e-02,-8.261927962303161621e-02,1.313693374395370483e-01,-1.065026968717575073e-01,-8.132407069206237793e-02,4.239814821630716324e-03,1.816966831684112549e-01,-1.220773011445999146e-01,-1.370018720626831055e-01,1.267347931861877441e-01,4.412565752863883972e-02,-9.894917905330657959e-02,6.284031271934509277e-02,-1.925802677869796753e-01,-8.786493539810180664e-02,-4.875898361206054688e-02,2.033239156007766724e-01,1.255128383636474609e-01,7.659649848937988281e-02,1.212443411350250244e-01,-3.774666041135787964e-02,-5.867909267544746399e-02,-3.028808347880840302e-02,-3.990987315773963928e-02,8.711724542081356049e-03,7.823295891284942627e-02,1.450698971748352051e-01,-2.872656099498271942e-02,-6.163795012980699539e-03,1.750758290290832520e-01,1.462640762329101562e-01,-4.175441339612007141e-02,1.452935636043548584e-01,-3.382659750059247017e-03,-3.683701157569885254e-02,2.367683220654726028e-03,4.870021343231201172e-02,-1.801939010620117188e-01,-1.572825908660888672e-01,1.508335918188095093e-01,-4.829419404268264771e-02,9.157708287239074707e-02,1.518523395061492920e-01,8.941569365561008453e-03,-1.572879254817962646e-01,-1.844825595617294312e-02,1.381427347660064697e-01,9.941095486283302307e-04,-1.632610261440277100e-01,4.490287601947784424e-02,1.349906623363494873e-01,-1.262182593345642090e-01,-9.057520946953445673e-05,9.376567602157592773e-02,3.762489650398492813e-04,9.938756376504898071e-02,1.685172021389007568e-01,-2.697880752384662628e-02,-1.734246034175157547e-03,-1.742990165948867798e-01,-7.874611020088195801e-02,-1.774974726140499115e-02,1.077239438891410828e-01,1.589800715446472168e-01,-9.220069646835327148e-02,1.225923374295234680e-01,-8.863575756549835205e-02,-1.462742388248443604e-01,-2.171972255382570438e-06,1.094172969460487366e-01,-1.377612948417663574e-01,-1.456109713762998581e-02,-1.379955466836690903e-02,1.353133767843246460e-01,1.164728328585624695e-01,-1.757691651582717896e-01,7.796253263950347900e-02,1.580392718315124512e-01,2.201881259679794312e-01,-3.574379161000251770e-02,2.419829368591308594e-03,-1.171393319964408875e-01,1.416684687137603760e-01,1.579854488372802734e-01,9.825592488050460815e-02,-1.431590616703033447e-01,1.197421327233314514e-01,-5.563928559422492981e-02,-1.516680121421813965e-01,1.277925223112106323e-01,-1.117774099111557007e-01,-1.958014667034149170e-01,-1.110491827130317688e-01,-9.422393143177032471e-02,1.768477112054824829e-01,3.801592811942100525e-02,1.046250537037849426e-01,2.412125468254089355e-02,-9.564856439828872681e-02
4.250979423522949219e-01,4.509668052196502686e-02,-1.817164272069931030e-01,3.936813154723495245e-04,6.209993958473205566e-01,-4.639613032341003418e-01,1.524876710027456284e-02,7.727392315864562988e-01,1.200784593820571899e-01,2.315256446599960327e-01,-2.233668118715286255e-01,-5.388980507850646973e-01,1.941565126180648804e-01,2.087879478931427002e-01,2.563242018222808838e-01,6.004739999771118164e-01,1.447308110073208809e-03,2.350607514381408691e-01,-1.664913147687911987e-01,-3.037880361080169678e-01,-1.586724221706390381e-01,-1.410549227148294449e-02,1.361112017184495926e-02,-6.378892064094543457e-02,8.102303743362426758e-02,6.071808338165283203e-01,-3.273936212062835693e-01,-7.296398282051086426e-01,5.138044953346252441e-01,-2.300799638032913208e-01,-1.395439654588699341e-01,-3.433153331279754639e-01,-1.646871417760848999e-01,3.733861744403839111e-01,-4.904141277074813843e-02,-4.423467218875885010e-01,4.394650459289550781e-01,3.395045697689056396e-01,-7.182641029357910156e-01,-4.845720827579498291e-01,3.847114741802215576e-01,2.340460009872913361e-02,1.695943623781204224e-01,2.082568854093551636e-01,2.443724721670150757e-01,-7.060077786445617676e-02,-3.102051317691802979e-01,-1.065217554569244385e-01,-1.583726890385150909e-02,-2.178581804037094116e-01,-2.664693892002105713e-01,-6.053260564804077148e-01,2.751166820526123047e-01,1.113630249164998531e-03,-3.157620429992675781e-01,-4.994742572307586670e-01,3.141182959079742432e-01,2.193189971148967743e-02,-9.669772535562515259e-02,1.538327783346176147e-01,-1.173414513468742371e-01,5.690554529428482056e-02,-6.691996939480304718e-03,3.952819108963012695e-01,6.951999664306640625e-02,-1.522358059883117676e-01,-2.315718680620193481e-01,5.079188346862792969e-01,-3.687574565410614014e-01,6.819092035293579102e-01,-6.163944005966186523e-01,-1.085175275802612305e-01,-2.519709058105945587e-02,2.327017784118652344e-01,-1.131262853741645813e-01,-4.703447222709655762e-01,-1.126306597143411636e-03,3.593157827854156494e-01,1.626150012016296387e-01,-2.770360112190246582e-01,3.368484377861022949e-01,2.530139172449707985e-04,-4.927154481410980225e-01,-9.836954064667224884e-03,-5.891935825347900391e-01,-1.764315068721771240e-01,6.701777577400207520e-01,1.047417521476745605e-02,1.605378985404968262e-01,4.469484984874725342e-01,-1.553391963243484497e-01,4.820966720581054688e-01,-6.061174347996711731e-02,-1.298111081123352051e-01,-3.007012307643890381e-01,-4.232331216335296631e-01,2.549968659877777100e-01,-9.954599590855650604e-06,-5.023272633552551270e-01,4.241817593574523926e-01,-6.139307618141174316e-01,7.368247509002685547e-01,-2.933484315872192383e-01,-5.087565183639526367e-01,1.750007420778274536e-01,-8.682799339294433594e-02,1.328827887773513794e-01,-1.880701631307601929e-01,-6.699286699295043945e-01,3.258254751563072205e-02,-3.834081115201115608e-03,3.318323567509651184e-02,-2.133387327194213867e-01,-2.631654739379882812e-01,4.353524744510650635e-01,-3.371170461177825928e-01,6.846879720687866211e-01,1.049150303006172180e-01,-4.799979627132415771e-01,-4.990864172577857971e-02,1.629514247179031372e-01,1.312349885702133179e-01,1.891539692878723145e-01,2.404183447360992432e-01,-2.910042703151702881e-01,3.552994504570960999e-02,-2.746311761438846588e-02,4.374132752418518066e-01
3.209652006626129150e-02,7.110793143510818481e-02,-5.687817335128784180e-01,5.269598364830017090e-01,3.835009932518005371e-01,-5.296813324093818665e-02,-1.046972647309303284e-01,1.200784593820571899e-01,5.666557550430297852e-01,4.529275298118591309e-01,-2.242319136857986450e-01,-3.457273840904235840e-01,3.309487402439117432e-01,5.686440467834472656e-01,5.772581696510314941e-01,5.678357481956481934e-01,-7.296469062566757202e-03,4.340751469135284424e-01,-5.952044129371643066e-01,-5.317488908767700195e-01,-5.254250168800354004e-01,4.501991569995880127e-01,3.812150955200195312e-01,-1.693714857101440430e-01,1.381986141204833984e-01,4.838160872459411621e-01,-5.611549615859985352e-01,-2.373574972152709961e-01,4.484062194824218750e-01,-6.473200768232345581e-02,1.390967750921845436e-03,-7.227088809013366699e-01,4.892768561840057373e-01,5.481308102607727051e-01,-7.734552491456270218e-03,-5.767363905906677246e-01,4.559656679630279541e-01,5.758441686630249023e-01,-3.402784764766693115e-01,-5.609595179557800293e-01,6.293337941169738770e-01,1.451350450515747070e-01,5.075647234916687012e-01,2.688728868961334229e-01,-1.463033407926559448e-01,-4.799987375736236572e-01,-5.869818925857543945e-01,-1.581492722034454346e-01,4.051584377884864807e-02,5.567092448472976685e-03,-4.372348636388778687e-02,8.195315301418304443e-02,5.751039385795593262e-01,-9.879616647958755493e-02,-2.263475395739078522e-02,-5.777005553245544434e-01,4.573875069618225098e-01,2.324952930212020874e-02,-5.257855653762817383e-01,-5.264236330986022949e-01,-1.362189948558807373e-01,-9.109720587730407715e-03,2.233412675559520721e-02,3.645716011524200439e-01,2.058831602334976196e-01,-2.345838248729705811e-01,9.935723990201950073e-02,5.649440884590148926e-01,-6.030309200286865234e-01,2.536532580852508545e-01,-4.901071488857269287e-01,-6.213743239641189575e-03,-4.188350737094879150e-01,5.644982457160949707e-01,-2.445390224456787109e-01,-5.711253285408020020e-01,-8.192803361453115940e-04,5.851112008094787598e-01,-2.940455079078674316e-01,-6.059465408325195312e-01,6.435111761093139648e-01,4.347264184616506100e-04,-5.176497101783752441e-01,2.539926441386342049e-03,-5.778043270111083984e-01,-5.555734634399414062e-01,1.750714778900146484e-01,3.626767545938491821e-03,5.447675585746765137e-01,4.847357869148254395e-01,-2.166624069213867188e-01,-3.111872076988220215e-01,-5.918013453483581543e-01,4.720561802387237549e-01,-5.850908756256103516e-01,1.096311807632446289e-01,2.806331515312194824e-01,-2.398941433057188988e-06,-4.421802163124084473e-01,4.551855921745300293e-01,-2.687968611717224121e-01,2.197311818599700928e-01,-6.585364937782287598e-01,-5.085798501968383789e-01,6.775314211845397949e-01,1.915031075477600098e-01,-6.444338560104370117e-01,-5.234180092811584473e-01,-6.445805728435516357e-02,-2.165921777486801147e-02,6.159169673919677734e-01,-5.529929399490356445e-01,-6.155354380607604980e-01,9.063575416803359985e-02,5.448278784751892090e-01,-5.735571980476379395e-01,2.543227076530456543e-01,2.708209753036499023e-01,-5.672162175178527832e-01,4.836189746856689453e-01,4.508526325225830078e-01,6.313446164131164551e-01,5.675969719886779785e-01,-3.432770967483520508e-01,-4.747024774551391602e-01,-5.072305798530578613e-01,-3.740388900041580200e-02,4.642823040485382080e-01
-3.727949038147926331e-02,7.909613847732543945e-02,-6.803845167160034180e-01,5.425463914871215820e-01,4.610559642314910889e-01,3.513872995972633362e-02,-1.246243044734001160e-01,2.315256446599960327e-01,4.529275298118591309e-01,5.568478703498840332e-01,-4.599995911121368408e-02,-4.022392034530639648e-01,5.626062154769897461e-01,5.994763374328613281e-01,6.562681198120117188e-01,7.003800272941589355e-01,-1.346900220960378647e-02,5.765119194984436035e-01,-6.659815907478332520e-01,-5.334302186965942383e-01,-3.302585780620574951e-01,5.263491868972778320e-01,4.996107518672943115e-01,-3.120671808719635010e-01,1.298371851444244385e-01,6.126269102096557617e-01,-6.644960045814514160e-01,-3.785190284252166748e-01,6.727290749549865723e-01,-2.044520676136016846e-01,1.407374143600463867e-01,-7.288050651550292969e-01,4.184068739414215088e-01,6.062300205230712891e-01,-2.433220669627189636e-02,-7.349175810813903809e-01,5.674485564231872559e-01,6.456149816513061523e-01,-5.766373276710510254e-01,-5.459607243537902832e-01,5.822895169258117676e-01,-1.362865987175609916e-05,6.535173654556274414e-01,3.638768792152404785e-01,6.068013608455657959e-02,-6.541888713836669922e-01,-6.301321387290954590e-01,-2.136941850185394287e-01,-1.694030314683914185e-01,-2.529417909681797028e-02,2.922275476157665253e-02,-1.057612150907516479e-01,4.705249369144439697e-01,-4.029645398259162903e-02,-2.364202588796615601e-01,-7.303211092948913574e-01,3.777355849742889404e-01,2.854151278734207153e-02,-6.076335310935974121e-01,-4.926528632640838623e-01,-4.780393093824386597e-02,-2.061090767383575439e-01,1.807369291782379150e-02,3.628440797328948975e-01,9.761961549520492554e-02,-2.512856423854827881e-01,2.829310297966003418e-01,7.117575407028198242e-01,-6.800203323364257812e-01,3.929341435432434082e-01,-6.025796532630920410e-01,-3.420314788818359375e-01,-2.624410986900329590e-01,6.337916254997253418e-01,-8.531510084867477417e-02,-6.781729459762573242e-01,-2.176543464884161949e-03,7.259224057197570801e-01,-1.749177426099777222e-01,-6.368253827095031738e-01,6.753159761428833008e-01,4.888857947662472725e-04,-5.987973213195800781e-01,-4.290013108402490616e-03,-6.348958611488342285e-01,-6.523501873016357422e-01,3.293075263500213623e-01,7.214664947241544724e-03,6.398900747299194336e-01,5.303984880447387695e-01,-1.370392143726348877e-01,-2.338842302560806274e-01,-5.970249772071838379e-01,4.125234186649322510e-01,-6.045680046081542969e-01,1.066736206412315369e-01,4.662673771381378174e-01,-2.641421133375843056e-06,-5.682880878448486328e-01,5.416188240051269531e-01,-3.222181797027587891e-01,3.336149752140045166e-01,-6.643983721733093262e-01,-6.138965487480163574e-01,7.414652109146118164e-01,9.840231388807296753e-03,-5.958473086357116699e-01,-6.803093552589416504e-01,-9.805725514888763428e-02,-8.936673402786254883e-03,5.328775644302368164e-01,-5.932412743568420410e-01,-6.410267949104309082e-01,-7.207426428794860840e-02,6.761142611503601074e-01,-6.055945754051208496e-01,3.990985155105590820e-01,4.371533095836639404e-01,-6.703178286552429199e-01,4.549292027950286865e-01,6.320587992668151855e-01,5.697616934776306152e-01,5.459968447685241699e-01,-4.163768887519836426e-01,-4.654900729656219482e-01,-4.871339797973632812e-01,-7.031977176666259766e-02,5.452066659927368164e-01
-2.761568427085876465e-01,-1.247025001794099808e-02,6.769108772277832031e-02,-1.603297293186187744e-01,-2.528966367244720459e-01,2.560589909553527832e-01,-8.930452913045883179e-02,-2.233668118715286255e-01,-2.242319136857986450e-01,-4.599995911121368408e-02,5.026195049285888672e-01,1.864427328109741211e-01,2.276249974966049194e-01,-1.635003089904785156e-01,-1.458684802055358887e-01,-1.626490205526351929e-01,-8.901117369532585144e-03,3.002967871725559235e-02,1.371777951717376709e-01,2.942803204059600830e-01,4.647325575351715088e-01,3.050183504819869995e-02,5.291206017136573792e-02,-1.706378757953643799e-01,-7.597286999225616455e-02,-1.134933084249496460e-01,1.156830340623855591e-01,1.229657530784606934e-01,-3.475281223654747009e-02,-8.128492534160614014e-02,2.548024654388427734e-01,2.938189804553985596e-01,-2.007915079593658447e-01,-2.726084291934967041e-01,-4.520840477198362350e-03,4.171846434473991394e-02,-1.041960045695304871e-01,-1.852531731128692627e-01,2.304697223007678986e-02,4.277439117431640625e-01,-3.631145358085632324e-01,-3.083857297897338867e-01,2.804088033735752106e-02,-1.591582223773002625e-02,2.586877942085266113e-01,-1.307258009910583496e-01,2.526003420352935791e-01,-2.536620479077100754e-03,-3.269540965557098389e-01,3.745115548372268677e-02,2.110142111778259277e-01,3.847790881991386414e-03,-4.432519078254699707e-01,8.303570002317428589e-02,-1.836917549371719360e-01,1.604357957839965820e-01,-3.690734803676605225e-01,-6.657020188868045807e-03,4.257633909583091736e-02,1.252515912055969238e-01,2.260830402374267578e-01,-3.242567479610443115e-01,-9.749306365847587585e-03,-2.369775325059890747e-01,-2.263283431529998779e-01,8.700273931026458740e-02,4.000093936920166016e-01,-1.297082304954528809e-01,1.461930125951766968e-01,-1.334642618894577026e-01,2.550482153892517090e-01,-4.611547887325286865e-01,3.212971687316894531e-01,-1.062814593315124512e-01,3.494026660919189453e-01,2.047620862722396851e-01,-1.988938078284263611e-03,-1.097522825002670288e-01,2.147008776664733887e-01,1.905861496925354004e-01,-2.927099764347076416e-01,-1.331322564510628581e-04,2.364692687988281250e-01,-4.564666189253330231e-03,3.248499035835266113e-01,5.377071350812911987e-02,-1.073368042707443237e-01,9.306570864282548428e-04,1.039383467286825180e-02,-2.434953004121780396e-01,2.955608367919921875e-01,-9.650985710322856903e-03,1.497028619050979614e-01,-1.402094811201095581e-01,2.566445469856262207e-01,1.626620143651962280e-01,5.391289666295051575e-02,8.172353773261420429e-06,1.077574566006660461e-01,-1.313999295234680176e-01,2.904227077960968018e-01,-1.661432385444641113e-01,2.732463479042053223e-01,1.808675229549407959e-01,-1.563461273908615112e-01,-4.546098709106445312e-01,1.898091137409210205e-01,-7.425649464130401611e-02,2.072937190532684326e-01,8.413828909397125244e-03,-2.023038566112518311e-01,1.092425808310508728e-01,2.009544372558593750e-01,-2.623762488365173340e-01,-1.773339360952377319e-01,2.222434282302856445e-01,-9.368342161178588867e-02,1.126077845692634583e-01,2.275058478116989136e-01,-1.480562835931777954e-01,7.819882780313491821e-02,-3.074903488159179688e-01,-2.596226036548614502e-01,-1.441920995712280273e-01,2.922108769416809082e-01,1.478839963674545288e-01,-2.224276587367057800e-02,-1.861306428909301758e-01
-1.920710504055023193e-01,-6.098873540759086609e-02,4.621259570121765137e-01,-3.138643801212310791e-01,-5.751457214355468750e-01,2.355958521366119385e-01,5.299181863665580750e-02,-5.388980507850646973e-01,-3.457273840904235840e-01,-4.022392034530639648e-01,1.864427328109741211e-01,5.231467485427856445e-01,-3.378148972988128662e-01,-4.770823121070861816e-01,-5.196511149406433105e-01,-7.380657792091369629e-01,3.700899891555309296e-03,-3.888440430164337158e-01,4.425184130668640137e-01,4.933325350284576416e-01,3.370792269706726074e-01,-2.835941612720489502e-01,-2.554932832717895508e-01,1.636853665113449097e-01,-1.224733814597129822e-01,-6.632503867149353027e-01,5.700130462646484375e-01,5.798636674880981445e-01,-6.433513760566711426e-01,1.812166869640350342e-01,5.030236020684242249e-02,6.523032188415527344e-01,-1.345782727003097534e-01,-5.835314393043518066e-01,3.765879198908805847e-02,6.489626765251159668e-01,-5.289767980575561523e-01,-5.459524393081665039e-01,6.991580724716186523e-01,6.091492176055908203e-01,-5.560465455055236816e-01,-5.126831680536270142e-02,-4.232074618339538574e-01,-2.900989651679992676e-01,-1.371259987354278564e-01,3.890217244625091553e-01,5.337476134300231934e-01,1.397968232631683350e-01,3.762487694621086121e-02,1.930861324071884155e-01,1.673966199159622192e-01,3.626129627227783203e-01,-4.490367770195007324e-01,3.930290043354034424e-02,2.397911995649337769e-01,6.920108795166015625e-01,-4.327176511287689209e-01,-2.710897289216518402e-02,3.475736081600189209e-01,1.991536915302276611e-01,1.118528097867965698e-01,1.547372550703585148e-03,-7.440685294568538666e-03,-3.796900510787963867e-01,-9.826387465000152588e-02,2.184187620878219604e-01,5.218093842267990112e-02,-6.664193272590637207e-01,5.900569558143615723e-01,-5.585814714431762695e-01,6.725907921791076660e-01,1.961482763290405273e-01,2.255253046751022339e-01,-4.882817268371582031e-01,9.320730715990066528e-02,6.125931739807128906e-01,1.443034387193620205e-03,-6.159623861312866211e-01,2.393897995352745056e-02,5.292899012565612793e-01,-5.804098248481750488e-01,-4.283524758648127317e-04,6.225239634513854980e-01,6.143460515886545181e-03,6.821384429931640625e-01,4.661301672458648682e-01,-5.074129104614257812e-01,-8.673913776874542236e-03,-4.250613451004028320e-01,-5.527764558792114258e-01,1.628164201974868774e-01,-1.460758596658706665e-01,3.587260842323303223e-01,-1.994350254535675049e-01,4.892843365669250488e-01,1.574619561433792114e-01,-3.039024174213409424e-01,5.526932000066153705e-06,5.811563730239868164e-01,-4.801026582717895508e-01,5.373800992965698242e-01,-5.843653082847595215e-01,5.650666356086730957e-01,6.159753799438476562e-01,-5.063349604606628418e-01,-2.344898134469985962e-02,2.557809948921203613e-01,4.413781166076660156e-01,4.018457233905792236e-01,-8.144190534949302673e-03,-3.539409339427947998e-01,3.175625801086425781e-01,4.843655526638031006e-01,7.939014583826065063e-02,-6.148853302001953125e-01,5.179945230484008789e-01,-5.826947689056396484e-01,-2.448507547378540039e-01,6.330070495605468750e-01,-2.377007007598876953e-01,-3.798404633998870850e-01,-4.128179550170898438e-01,-4.325968027114868164e-01,5.975733324885368347e-02,4.858373999595642090e-01,2.742857336997985840e-01,3.128271549940109253e-02,-5.205926895141601562e-01
