4.029127061367034912e-01,7.801966276019811630e-03,4.190631210803985596e-02,-1.393183618783950806e-01,3.569154739379882812e-01,-3.468887507915496826e-01,6.624526530504226685e-02,4.241766035556793213e-01,9.870661795139312744e-02,1.561628654599189758e-02,-2.436902076005935669e-01,-2.063302993774414062e-01,-1.240134015679359436e-01,1.249436871148645878e-03,5.161303281784057617e-02,2.764820754528045654e-01,8.010697551071643829e-03,-4.315178841352462769e-02,2.883787453174591064e-02,-1.606475859880447388e-01,-2.207264304161071777e-01,-2.002487629652023315e-01,-1.595379114151000977e-01,1.379231512546539307e-01,3.811671212315559387e-02,2.526210844516754150e-01,-5.627549439668655396e-02,-3.775825202465057373e-01,1.001387909054756165e-01,-1.342470049858093262e-01,-1.889662146568298340e-01,-1.724068224430084229e-01,-1.023961305618286133e-01,1.633337140083312988e-01,-1.891870610415935516e-02,-1.024204790592193604e-01,1.289694756269454956e-01,8.564505726099014282e-02,-2.651897668838500977e-01,-3.394785523414611816e-01,2.040756493806838989e-01,1.194294169545173645e-01,-8.934732526540756226e-02,1.470088306814432144e-02,-1.051782164722681046e-02,2.124179452657699585e-01,-5.738760530948638916e-02,-1.845856569707393646e-02,1.117878258228302002e-01,-1.136056110262870789e-01,-2.142281085252761841e-01,-2.406979054212570190e-01,2.337999641895294189e-01,1.525611989200115204e-02,3.193641081452369690e-02,-1.590189784765243530e-01,1.957161575555801392e-01,5.844125989824533463e-03,8.806023001670837402e-02,1.650730222463607788e-01,-1.056315153837203979e-01,1.907226294279098511e-01,-3.329889848828315735e-03,2.576615214347839355e-01,1.215591430664062500e-01,-4.788230359554290771e-02,-3.425098061561584473e-01,1.803893595933914185e-01,-9.948199987411499023e-02,3.418933749198913574e-01,-2.593680024147033691e-01,2.250428646802902222e-01,-8.372570574283599854e-02,5.911144893616437912e-03,-1.406243592500686646e-01,-1.832322925329208374e-01,8.790610008873045444e-04,4.728749394416809082e-02,1.075464487075805664e-01,-1.294128000736236572e-01,1.285018920898437500e-01,6.811035564169287682e-05,-2.335152924060821533e-01,-3.124116454273462296e-03,-3.488068878650665283e-01,5.396197363734245300e-02,2.936004102230072021e-01,2.866082591935992241e-03,-3.961765393614768982e-02,1.789338588714599609e-01,-1.644262075424194336e-01,2.849242091178894043e-01,9.068036824464797974e-02,-1.064686402678489685e-01,-1.190124005079269409e-01,-3.357099890708923340e-01,-8.302653208374977112e-03,-8.119524864014238119e-06,-2.283419072628021240e-01,1.221420466899871826e-01,-3.378716409206390381e-01,3.785189390182495117e-01,-1.001617833971977234e-01,-1.799317300319671631e-01,-9.170838631689548492e-03,1.441707462072372437e-01,1.120414361357688904e-01,1.042320579290390015e-01,-4.183430969715118408e-01,8.258064277470111847e-03,2.437165379524230957e-02,1.251880079507827759e-01,-2.042302303016185760e-02,4.875665903091430664e-02,9.768877178430557251e-02,-9.404372423887252808e-02,3.379153013229370117e-01,-1.373949199914932251e-01,-2.033669352531433105e-01,-6.267200410366058350e-02,-1.303644031286239624e-01,9.950798004865646362e-02,1.392741650342941284e-01,2.880817949771881104e-01,-1.651993393898010254e-01,1.016274318099021912e-01,3.106370568275451660e-02,1.505559682846069336e-01
7.801966276019811630e-03,7.715804036706686020e-03,-7.034102082252502441e-02,5.790742486715316772e-02,4.112561792135238647e-02,8.159495773725211620e-04,-9.483988396823406219e-03,3.233582153916358948e-02,5.582607910037040710e-02,4.701154679059982300e-02,-1.163315679877996445e-02,-3.450961038470268250e-02,6.362529844045639038e-02,5.275456234812736511e-02,6.578759104013442993e-02,7.138035446405410767e-02,-2.212906023487448692e-03,6.465996801853179932e-02,-6.695758551359176636e-02,-3.803150355815887451e-02,-3.403598070144653320e-02,4.578356444835662842e-02,4.908882454037666321e-02,-2.597257122397422791e-02,1.176127791404724121e-02,6.470899283885955811e-02,-5.848529934883117676e-02,-3.543381020426750183e-02,6.721701472997665405e-02,-2.979212254285812378e-02,6.226925179362297058e-03,-7.550980895757675171e-02,4.772790893912315369e-02,4.704980924725532532e-02,-2.121272031217813492e-03,-7.706860452890396118e-02,5.722277984023094177e-02,6.965830177068710327e-02,-6.627285480499267578e-02,-4.404340311884880066e-02,7.007500529289245605e-02,6.546012591570615768e-03,6.750102341175079346e-02,2.485466934740543365e-02,-4.438859876245260239e-03,-5.381247028708457947e-02,-6.937602162361145020e-02,-2.442711964249610901e-02,-6.682049948722124100e-03,1.083344593644142151e-02,6.348261609673500061e-03,-6.680974736809730530e-03,4.581306129693984985e-02,-6.528302095830440521e-03,-2.146031521260738373e-02,-7.737565040588378906e-02,3.391768410801887512e-02,3.257233183830976486e-03,-6.533145904541015625e-02,-5.452220514416694641e-02,-2.795627573505043983e-03,-1.688482239842414856e-02,1.682897447608411312e-03,2.229910716414451599e-02,8.199248462915420532e-03,-2.804976701736450195e-02,2.862134017050266266e-02,7.641578465700149536e-02,-7.038035243749618530e-02,2.305808104574680328e-02,-6.501123309135437012e-02,-1.438995171338319778e-02,-1.839225366711616516e-02,6.779434531927108765e-02,-2.259755134582519531e-02,-7.474346458911895752e-02,-2.420582895865663886e-04,7.359374314546585083e-02,-2.993486821651458740e-02,-6.548515707254409790e-02,7.359062880277633667e-02,5.380487709771841764e-05,-5.979875102639198303e-02,1.046610777848400176e-04,-7.006151229143142700e-02,-6.795817613601684570e-02,3.517563268542289734e-02,8.454738417640328407e-04,5.673288553953170776e-02,4.800800979137420654e-02,-1.838201284408569336e-02,-2.538353763520717621e-02,-6.478826701641082764e-02,1.563593000173568726e-02,-6.679722666740417480e-02,3.409094410017132759e-03,5.450099334120750427e-02,2.018059888087009313e-07,-5.267751589417457581e-02,6.305559724569320679e-02,-2.060603536665439606e-02,3.251882642507553101e-02,-7.238629460334777832e-02,-6.713648140430450439e-02,8.135420083999633789e-02,2.559271408244967461e-03,-6.771379709243774414e-02,-7.384922355413436890e-02,-1.190509088337421417e-02,-3.898763388860970736e-04,4.554799944162368774e-02,-5.600132793188095093e-02,-7.009690999984741211e-02,-8.580841124057769775e-03,7.548071444034576416e-02,-6.892434507608413696e-02,3.800592944025993347e-02,3.282387554645538330e-02,-7.213602960109710693e-02,4.244506731629371643e-02,6.620489805936813354e-02,5.945670232176780701e-02,5.487858876585960388e-02,-4.596225544810295105e-02,-2.311012893915176392e-02,-3.012177906930446625e-02,-6.619577296078205109e-03,5.478969961404800415e-02
4.190631210803985596e-02,-7.034102082252502441e-02,7.511823773384094238e-01,-6.803034543991088867e-01,-3.594009280204772949e-01,-1.528874337673187256e-01,7.728092372417449951e-02,-2.716179490089416504e-01,-5.178160071372985840e-01,-5.214701890945434570e-01,9.385216236114501953e-02,3.646053373813629150e-01,-6.401941180229187012e-01,-6.044864654541015625e-01,-7.087883949279785156e-01,-6.486573219299316406e-01,2.484869211912155151e-02,-6.527255773544311523e-01,7.150202393531799316e-01,4.432297348976135254e-01,2.871119081974029541e-01,-5.784375667572021484e-01,-6.032398343086242676e-01,3.212202489376068115e-01,-1.274918168783187866e-01,-5.715625882148742676e-01,6.355730295181274414e-01,2.526671886444091797e-01,-7.104359865188598633e-01,3.077328801155090332e-01,-9.706317633390426636e-02,7.222890257835388184e-01,-5.081882476806640625e-01,-5.642129778861999512e-01,2.421237155795097351e-02,7.407592535018920898e-01,-5.941593647003173828e-01,-7.214668989181518555e-01,6.010422706604003906e-01,4.369232356548309326e-01,-6.519231796264648438e-01,-5.242578685283660889e-02,-7.181215286254882812e-01,-2.855222523212432861e-01,-1.398968510329723358e-02,6.476275920867919922e-01,7.390936017036437988e-01,2.508767843246459961e-01,9.193522483110427856e-02,-2.581691741943359375e-02,-1.013267859816551208e-01,9.481167048215866089e-02,-4.461439847946166992e-01,6.842817366123199463e-02,2.511985599994659424e-01,7.664484977722167969e-01,-3.940756022930145264e-01,-3.721266984939575195e-02,6.777736544609069824e-01,6.236581802368164062e-01,3.457364393398165703e-03,2.020254880189895630e-01,-1.889317296445369720e-02,-1.413345038890838623e-01,-3.327034041285514832e-02,3.032546043395996094e-01,-3.192650675773620605e-01,-7.220563292503356934e-01,7.099508643150329590e-01,-1.550418436527252197e-01,6.399579048156738281e-01,2.561783194541931152e-01,1.991205364465713501e-01,-7.293570041656494141e-01,1.387829482555389404e-01,7.138419747352600098e-01,2.574611688032746315e-03,-7.753310203552246094e-01,3.500258028507232666e-01,6.741138100624084473e-01,-7.443221807479858398e-01,-6.480325246229767799e-04,6.141309738159179688e-01,-5.379181820899248123e-04,6.211835145950317383e-01,7.420985102653503418e-01,-3.321108818054199219e-01,-8.759115822613239288e-03,-5.913612246513366699e-01,-5.306468009948730469e-01,1.727984398603439331e-01,2.783380746841430664e-01,6.785677671432495117e-01,-2.038170099258422852e-01,6.787853240966796875e-01,-1.207587346434593201e-01,-5.773264169692993164e-01,-4.256844022165751085e-06,5.211135149002075195e-01,-5.934473276138305664e-01,2.403631508350372314e-01,-2.532131075859069824e-01,7.270359992980957031e-01,6.745662689208984375e-01,-8.101375699043273926e-01,-8.494134992361068726e-02,6.841840744018554688e-01,7.527217864990234375e-01,1.303840312175452709e-03,4.037217702716588974e-03,-4.862237274646759033e-01,6.594132781028747559e-01,7.317312955856323242e-01,-2.087791264057159424e-02,-7.739298343658447266e-01,6.942253708839416504e-01,-3.160459101200103760e-01,-4.141278862953186035e-01,7.138683199882507324e-01,-4.959497153759002686e-01,-7.062039375305175781e-01,-6.098027229309082031e-01,-5.693624615669250488e-01,5.134806036949157715e-01,3.285140395164489746e-01,3.741451799869537354e-01,6.571274250745773315e-02,-5.852583646774291992e-01
-1.393183618783950806e-01,5.790742486715316772e-02,-6.803034543991088867e-01,7.669773101806640625e-01,1.554699987173080444e-01,2.604649662971496582e-01,-4.489336907863616943e-02,5.187518149614334106e-02,5.302058458328247070e-01,4.693388342857360840e-01,-1.972739547491073608e-01,-2.526651620864868164e-01,4.657477736473083496e-01,6.135820150375366211e-01,6.511420607566833496e-01,4.255992472171783447e-01,-2.065418660640716553e-02,5.367782711982727051e-01,-6.968548893928527832e-01,-4.381520450115203857e-01,-3.896928131580352783e-01,6.129921078681945801e-01,5.918807387351989746e-01,-2.568890750408172607e-01,1.225069016218185425e-01,3.339258134365081787e-01,-5.269603133201599121e-01,3.837551921606063843e-02,5.156243443489074707e-01,-1.158819869160652161e-01,5.699069797992706299e-02,-6.652495861053466797e-01,6.429064869880676270e-01,5.250158905982971191e-01,-3.274590999353677034e-04,-5.565433502197265625e-01,4.480862021446228027e-01,6.380241513252258301e-01,-3.179780244827270508e-01,-4.259117841720581055e-01,6.139450669288635254e-01,1.371063441038131714e-01,6.149439215660095215e-01,2.337579876184463501e-01,-1.610724329948425293e-01,-5.517265200614929199e-01,-7.143694162368774414e-01,-2.096847742795944214e-01,3.855450451374053955e-02,6.872038543224334717e-02,1.258473992347717285e-01,1.368989944458007812e-01,5.072503685951232910e-01,-1.126006692647933960e-01,-8.488926291465759277e-02,-6.176337003707885742e-01,4.234307408332824707e-01,3.014620393514633179e-02,-6.277930140495300293e-01,-7.353311777114868164e-01,-7.644435763359069824e-02,-8.654467761516571045e-02,2.462027408182621002e-02,4.434141516685485840e-02,7.547850161790847778e-02,-2.707233428955078125e-01,2.513466775417327881e-01,5.344630479812622070e-01,-6.061123013496398926e-01,-1.141691878437995911e-01,-4.880183637142181396e-01,-5.131683126091957092e-02,-3.037011623382568359e-01,6.826022863388061523e-01,-1.973930746316909790e-01,-5.908346772193908691e-01,-1.076008426025509834e-03,6.509602665901184082e-01,-5.386152267456054688e-01,-5.940373539924621582e-01,7.173820734024047852e-01,5.911262705922126770e-04,-4.737038314342498779e-01,6.719902623444795609e-03,-4.726860225200653076e-01,-6.703405976295471191e-01,9.326083958148956299e-02,3.969053272157907486e-03,4.746314883232116699e-01,4.502241313457489014e-01,-2.186393439769744873e-01,-4.601432681083679199e-01,-7.271123528480529785e-01,3.396310508251190186e-01,-6.413921713829040527e-01,2.576493620872497559e-01,4.406534731388092041e-01,7.425973308272659779e-06,-3.254493474960327148e-01,4.509859383106231689e-01,-1.154821291565895081e-01,-8.293593302369117737e-03,-7.113525867462158203e-01,-5.307906270027160645e-01,7.737721800804138184e-01,2.898190915584564209e-01,-7.913394570350646973e-01,-6.370242238044738770e-01,2.030307650566101074e-01,-1.851503737270832062e-02,5.705224871635437012e-01,-7.264316678047180176e-01,-7.168247699737548828e-01,2.208439111709594727e-01,6.617192625999450684e-01,-6.367902159690856934e-01,5.100090801715850830e-02,3.539818227291107178e-01,-5.849970579147338867e-01,5.779564976692199707e-01,6.001324057579040527e-01,6.530790925025939941e-01,5.756842494010925293e-01,-5.339350700378417969e-01,-3.550366759300231934e-01,-4.641163349151611328e-01,-5.306088551878929138e-02,4.863798618316650391e-01
3.569154739379882812e-01,4.112561792135238647e-02,-3.594009280204772949e-01,1.554699987173080444e-01,6.136239171028137207e-01,-2.792106270790100098e-01,1.901915413327515125e-03,6.554732322692871094e-01,2.684401273727416992e-01,2.640310525894165039e-01,-1.735220253467559814e-01,-4.296756982803344727e-01,3.103541731834411621e-01,2.584908902645111084e-01,4.109763503074645996e-01,6.963310241699218750e-01,-6.014245562255382538e-03,3.501879572868347168e-01,-3.173382878303527832e-01,-3.208057284355163574e-01,-1.936542987823486328e-01,7.968403398990631104e-02,1.388694196939468384e-01,-7.290510833263397217e-02,9.066384285688400269e-02,6.354424357414245605e-01,-4.035395383834838867e-01,-6.282869577407836914e-01,5.835542678833007812e-01,-3.659108281135559082e-01,-1.024527624249458313e-01,-5.062399506568908691e-01,2.951648458838462830e-02,4.365534782409667969e-01,-4.634958505630493164e-02,-5.571295022964477539e-01,4.755378365516662598e-01,4.664187431335449219e-01,-7.311587333679199219e-01,-4.841702282428741455e-01,4.854533970355987549e-01,5.534905567765235901e-02,3.253747522830963135e-01,1.762077957391738892e-01,1.579853147268295288e-01,-1.986531317234039307e-01,-4.188022315502166748e-01,-1.612421721220016479e-01,-5.563960596919059753e-02,-1.472829729318618774e-01,-1.650624275207519531e-01,-4.423356652259826660e-01,3.368870019912719727e-01,1.383630838245153427e-02,-2.123092412948608398e-01,-6.071259379386901855e-01,3.393937945365905762e-01,2.787017263472080231e-02,-2.545839250087738037e-01,-7.761505246162414551e-02,-2.605490013957023621e-02,-3.136895224452018738e-02,2.662538609001785517e-04,3.129677772521972656e-01,7.935680449008941650e-02,-1.970348209142684937e-01,-1.069371327757835388e-01,6.193258762359619141e-01,-4.717747569084167480e-01,5.467293858528137207e-01,-6.294596791267395020e-01,-1.020060181617736816e-01,-7.034411281347274780e-02,3.879894912242889404e-01,-1.047439277172088623e-01,-5.634489059448242188e-01,-1.389620942063629627e-03,5.063193440437316895e-01,6.567245721817016602e-02,-4.760254323482513428e-01,4.780669808387756348e-01,4.072296724189072847e-04,-5.763936638832092285e-01,-6.870533339679241180e-03,-6.844713687896728516e-01,-3.607200086116790771e-01,5.553303360939025879e-01,1.002681162208318710e-02,2.893914580345153809e-01,4.554002285003662109e-01,-1.847552657127380371e-01,2.720653712749481201e-01,-1.924195140600204468e-01,-1.030422300100326538e-01,-4.361146986484527588e-01,-3.228700160980224609e-01,3.493323624134063721e-01,-7.317980362131493166e-06,-5.665446519851684570e-01,4.689988195896148682e-01,-5.001838803291320801e-01,6.120648384094238281e-01,-4.407584369182586670e-01,-5.712676644325256348e-01,3.932194113731384277e-01,3.389568999409675598e-02,-1.325375288724899292e-01,-3.599077165126800537e-01,-4.933229088783264160e-01,1.795813255012035370e-02,1.560819298028945923e-01,-1.454080492258071899e-01,-3.810284733772277832e-01,-7.449753582477569580e-02,5.404592156410217285e-01,-4.233874976634979248e-01,6.062700748443603516e-01,1.299493461847305298e-01,-5.995630621910095215e-01,1.057663783431053162e-01,2.977978885173797607e-01,3.174818754196166992e-01,3.489755988121032715e-01,3.744523972272872925e-02,-2.869751751422882080e-01,-6.103070918470621109e-03,-5.609813146293163300e-03,4.533947706222534180e-01
-3.468887507915496826e-01,8.159495773725211620e-04,-1.528874337673187256e-01,2.604649662971496582e-01,-2.792106270790100098e-01,3.566316664218902588e-01,-3.689418733119964600e-02,-3.495692312717437744e-01,-1.755827851593494415e-02,6.258542090654373169e-02,1.377680748701095581e-01,1.443568021059036255e-01,1.530483961105346680e-01,1.039556264877319336e-01,7.133790105581283569e-02,-1.826940923929214478e-01,-9.934625588357448578e-03,1.002353131771087646e-01,-1.452740430831909180e-01,3.851967304944992065e-02,1.019072979688644409e-01,2.568872570991516113e-01,2.333543449640274048e-01,-1.392124742269515991e-01,-1.206189021468162537e-02,-1.922715008258819580e-01,-3.850484266877174377e-02,3.443506062030792236e-01,-8.406093693338334560e-04,8.510633558034896851e-02,1.635870635509490967e-01,2.643011324107646942e-02,2.132486701011657715e-01,-2.518161386251449585e-02,1.822624728083610535e-02,1.240782160311937332e-02,-5.094562470912933350e-02,3.159148246049880981e-02,1.962193846702575684e-01,1.796725690364837646e-01,-7.275940477848052979e-02,-5.338394641876220703e-02,1.687559634447097778e-01,2.518182806670665741e-02,-3.981373086571693420e-02,-2.560766935348510742e-01,-8.313216269016265869e-02,-1.153964456170797348e-02,-7.038930803537368774e-02,1.028647646307945251e-01,2.035777866840362549e-01,2.215511798858642578e-01,-9.036789089441299438e-02,-3.061387687921524048e-02,-2.277614176273345947e-02,2.382471226155757904e-02,-8.904673904180526733e-02,-9.382933494634926319e-04,-1.725568026304244995e-01,-2.645619809627532959e-01,6.201801076531410217e-02,-1.455554962158203125e-01,7.673183921724557877e-03,-2.053336054086685181e-01,-8.986546099185943604e-02,1.536048715934157372e-03,2.988245785236358643e-01,-7.180833816528320312e-02,-5.931728985160589218e-03,-3.214507102966308594e-01,1.335988789796829224e-01,-1.814771890640258789e-01,1.208934839814901352e-02,9.795702993869781494e-02,7.346004992723464966e-02,5.101017653942108154e-02,-6.111903931014239788e-04,7.221760600805282593e-02,-1.919224113225936890e-01,2.007442712783813477e-02,2.762571722269058228e-02,2.702466736081987619e-05,1.093710213899612427e-01,3.512599039822816849e-03,2.160788625478744507e-01,-1.465433984994888306e-01,-2.274716049432754517e-01,-2.421735553070902824e-03,8.649700134992599487e-02,-8.169870823621749878e-02,8.196185529232025146e-02,-3.221308588981628418e-01,-1.955933272838592529e-01,1.477286219596862793e-01,-7.440446875989437103e-03,3.159726858139038086e-01,8.407472819089889526e-02,7.212998752947896719e-06,1.527838706970214844e-01,-5.103734880685806274e-02,2.518306970596313477e-01,-3.368705809116363525e-01,-3.136670589447021484e-02,7.129069417715072632e-02,1.473147273063659668e-01,-9.756864979863166809e-03,-2.491224408149719238e-01,-1.698311716318130493e-01,3.982815146446228027e-01,-1.021107938140630722e-02,7.185173034667968750e-02,-2.498400211334228516e-01,-9.728579968214035034e-02,3.474781662225723267e-02,3.700745105743408203e-02,-2.988815307617187500e-02,-2.964124381542205811e-01,1.643448323011398315e-01,6.687714159488677979e-02,1.510280966758728027e-01,1.990902870893478394e-01,3.647496551275253296e-02,-9.601219557225704193e-03,-3.122435808181762695e-01,6.198738887906074524e-02,-1.688116639852523804e-01,-3.662688657641410828e-02,-3.962311893701553345e-02
6.624526530504226685e-02,-9.483988396823406219e-03,7.728092372417449951e-02,-4.489336907863616943e-02,1.901915413327515125e-03,-3.689418733119964600e-02,6.263178586959838867e-02,2.424238808453083038e-02,-4.093622788786888123e-02,-3.643894568085670471e-02,-9.373515844345092773e-02,3.393308026716113091e-03,-1.479123681783676147e-01,-2.888930402696132660e-02,-4.275466129183769226e-02,-6.026024371385574341e-02,5.182978697121143341e-03,-1.168916895985603333e-01,5.889321118593215942e-02,-3.959701210260391235e-02,-6.374362111091613770e-02,-7.647357881069183350e-02,-7.157770544290542603e-02,7.675749063491821289e-02,8.448430453427135944e-04,-7.269813865423202515e-02,4.423087090253829956e-02,2.618414722383022308e-02,-6.863917410373687744e-02,2.716546319425106049e-02,-6.146003678441047668e-02,2.201608382165431976e-02,-2.530253864824771881e-02,2.640475891530513763e-02,2.629850991070270538e-03,9.451360255479812622e-02,-5.461769551038742065e-02,-5.221508443355560303e-02,7.734697312116622925e-02,-7.304667681455612183e-02,-2.378880791366100311e-02,5.803934484720230103e-02,-1.073096469044685364e-01,-2.500402554869651794e-02,-4.455902427434921265e-02,1.149040684103965759e-01,3.670489788055419922e-02,3.657549992203712463e-02,7.781301438808441162e-02,-5.065466091036796570e-02,-5.164882168173789978e-02,-1.675732806324958801e-02,4.965332522988319397e-02,6.564430426806211472e-03,6.749285012483596802e-02,5.018249154090881348e-02,3.730532526969909668e-02,-2.900815568864345551e-03,9.453602880239486694e-02,5.692409351468086243e-02,-5.261966213583946228e-02,1.149681359529495239e-01,-1.875135494628921151e-04,1.812529750168323517e-02,2.590123191475868225e-02,1.903710700571537018e-02,-1.479727625846862793e-01,-6.934171915054321289e-02,6.012038141489028931e-02,-7.742488756775856018e-03,2.046536654233932495e-02,1.063025519251823425e-01,-4.059224203228950500e-02,-6.484663486480712891e-02,-1.565381139516830444e-02,4.664456099271774292e-02,9.469376527704298496e-04,-6.715497374534606934e-02,7.590638939291238785e-03,3.716746345162391663e-02,-2.367463335394859314e-02,-2.534859049774240702e-05,1.027100440114736557e-02,-1.587409642525017262e-04,1.237498782575130463e-02,8.192022144794464111e-02,-2.217416884377598763e-03,-1.419461797922849655e-03,-9.489903599023818970e-02,-5.894753616303205490e-03,-4.494845494627952576e-02,4.916302859783172607e-02,6.689416617155075073e-02,1.689772470854222775e-03,3.389717265963554382e-02,-5.815668404102325439e-02,-8.688479661941528320e-02,-2.561002474976703525e-06,3.354480117559432983e-02,-7.967542111873626709e-02,-6.078915297985076904e-02,-1.123447669669985771e-03,3.568303957581520081e-02,4.599138721823692322e-02,-6.827526539564132690e-02,1.235633790493011475e-01,4.799496009945869446e-02,1.370998173952102661e-01,-2.949152328073978424e-02,-1.512899063527584076e-03,-7.783086970448493958e-03,3.306996449828147888e-02,6.322434544563293457e-02,1.196347251534461975e-01,-5.806494876742362976e-02,4.407674819231033325e-02,-1.883452758193016052e-02,-8.051550388336181641e-02,3.574625402688980103e-02,-2.529369480907917023e-02,-1.195495948195457458e-01,-4.918799735605716705e-03,6.253043189644813538e-03,1.199695542454719543e-01,-6.508743762969970703e-02,1.351024024188518524e-02,1.768400147557258606e-02,-2.254357188940048218e-02
4.241766035556793213e-01,3.233582153916358948e-02,-2.716179490089416504e-01,5.187518149614334106e-02,6.554732322692871094e-01,-3.495692312717437744e-01,2.424238808453083038e-02,7.371127009391784668e-01,1.887530982494354248e-01,2.077891528606414795e-01,-1.721404939889907837e-01,-4.616777598857879639e-01,2.305802702903747559e-01,1.995925903320312500e-01,3.503178358078002930e-01,6.740736365318298340e-01,-1.778530422598123550e-03,2.732300162315368652e-01,-2.170860618352890015e-01,-3.037122189998626709e-01,-1.430024802684783936e-01,-9.476080536842346191e-03,4.929185286164283752e-02,-3.358150273561477661e-02,8.371775597333908081e-02,6.180270910263061523e-01,-3.610404133796691895e-01,-6.896783113479614258e-01,5.541625022888183594e-01,-3.819485604763031006e-01,-1.429682374000549316e-01,-4.306923151016235352e-01,-9.943012893199920654e-02,4.269422888755798340e-01,-5.536972731351852417e-02,-4.977599680423736572e-01,4.542915225028991699e-01,4.010647535324096680e-01,-7.270452976226806641e-01,-4.881747663021087646e-01,4.155512750148773193e-01,4.467697814106941223e-02,2.389488220214843750e-01,1.616904288530349731e-01,2.371860891580581665e-01,-1.247269585728645325e-01,-3.416975438594818115e-01,-1.422764807939529419e-01,-6.520415842533111572e-02,-2.334222197532653809e-01,-2.243807166814804077e-01,-5.532428026199340820e-01,2.910241186618804932e-01,3.323655202984809875e-02,-2.243789881467819214e-01,-5.529699325561523438e-01,3.408399820327758789e-01,2.732576802372932434e-02,-1.421989202499389648e-01,4.301850497722625732e-02,-2.088678628206253052e-02,-2.579384017735719681e-03,-4.422536585479974747e-03,3.192128241062164307e-01,6.726064532995223999e-02,-1.762764155864715576e-01,-2.077079564332962036e-01,5.701445937156677246e-01,-4.140667617321014404e-01,6.257411837577819824e-01,-6.121056675910949707e-01,-1.185931116342544556e-01,-3.465044125914573669e-02,3.149489164352416992e-01,-4.985821619629859924e-02,-5.020092725753784180e-01,-1.238321070559322834e-03,4.452914595603942871e-01,1.669486761093139648e-01,-4.201576709747314453e-01,3.974846601486206055e-01,3.848591586574912071e-04,-5.669355988502502441e-01,-9.251659736037254333e-03,-6.533168554306030273e-01,-2.823361158370971680e-01,6.131231188774108887e-01,1.078428514301776886e-02,2.149914354085922241e-01,4.551722109317779541e-01,-1.732011437416076660e-01,4.239191412925720215e-01,-7.365171611309051514e-02,-1.747172623872756958e-01,-3.647876679897308350e-01,-4.184712171554565430e-01,2.952628135681152344e-01,-9.715002306620590389e-06,-5.812321901321411133e-01,4.159654974937438965e-01,-5.831378698348999023e-01,6.788354516029357910e-01,-3.607331216335296631e-01,-5.383070707321166992e-01,2.747952938079833984e-01,2.809478715062141418e-02,1.534757949411869049e-02,-2.640003263950347900e-01,-5.938864946365356445e-01,2.516496740281581879e-02,8.005017042160034180e-02,-3.988837078213691711e-02,-2.943635582923889160e-01,-7.401984184980392456e-02,4.777977764606475830e-01,-3.469735383987426758e-01,6.663809418678283691e-01,8.543822169303894043e-02,-5.554763078689575195e-01,1.570735126733779907e-02,2.040090262889862061e-01,2.362883239984512329e-01,2.921766042709350586e-01,1.701132506132125854e-01,-3.056662380695343018e-01,7.638303190469741821e-02,1.242976542562246323e-02,4.315443336963653564e-01
9.870661795139312744e-02,5.582607910037040710e-02,-5.178160071372985840e-01,5.302058458328247070e-01,2.684401273727416992e-01,-1.755827851593494415e-02,-4.093622788786888123e-02,1.887530982494354248e-01,5.930651426315307617e-01,4.017742872238159180e-01,-2.453144341707229614e-01,-3.091180026531219482e-01,3.269196450710296631e-01,5.216148495674133301e-01,5.692364573478698730e-01,5.165560245513916016e-01,-1.165401283651590347e-02,3.779516518115997314e-01,-5.522547960281372070e-01,-4.473446607589721680e-01,-5.189030766487121582e-01,3.866871297359466553e-01,3.636569082736968994e-01,-1.460774093866348267e-01,1.249166652560234070e-01,4.595988690853118896e-01,-5.035803914070129395e-01,-1.411610394716262817e-01,4.395002126693725586e-01,-1.470846980810165405e-01,-5.234035104513168335e-02,-7.236933708190917969e-01,4.699953794479370117e-01,4.912970960140228271e-01,-7.200201041996479034e-03,-5.622276663780212402e-01,4.322038292884826660e-01,5.704608559608459473e-01,-3.772681951522827148e-01,-4.915718138217926025e-01,6.430496573448181152e-01,1.704660952091217041e-01,4.378373026847839355e-01,1.794987171888351440e-01,-1.759788542985916138e-01,-3.573169410228729248e-01,-5.922980904579162598e-01,-1.479729562997817993e-01,1.433436870574951172e-01,-1.843897742219269276e-03,-2.840938605368137360e-02,6.363198161125183105e-02,5.537331104278564453e-01,-9.804292768239974976e-02,-2.137321978807449341e-02,-5.945394635200500488e-01,4.222036898136138916e-01,2.518455497920513153e-02,-4.732337594032287598e-01,-5.214676856994628906e-01,-1.322514563798904419e-01,8.927917480468750000e-02,1.946746744215488434e-02,2.054862380027770996e-01,1.487454175949096680e-01,-2.468743771314620972e-01,5.004962533712387085e-02,5.441148281097412109e-01,-5.920218229293823242e-01,6.594951450824737549e-02,-5.045540332794189453e-01,1.067293658852577209e-01,-3.407585322856903076e-01,5.882831215858459473e-01,-2.416225969791412354e-01,-5.704007148742675781e-01,-5.803068052046000957e-04,5.621194839477539062e-01,-3.578145802021026611e-01,-5.895461440086364746e-01,6.652492284774780273e-01,5.155869876034557819e-04,-4.919809997081756592e-01,5.344978068023920059e-03,-5.607084631919860840e-01,-5.393452048301696777e-01,1.943086832761764526e-01,4.330858588218688965e-03,4.495557248592376709e-01,4.467406570911407471e-01,-2.260594516992568970e-01,-2.706791758537292480e-01,-5.776202678680419922e-01,2.696781158447265625e-01,-5.837520360946655273e-01,6.307253986597061157e-02,2.728555202484130859e-01,5.008512289350619540e-06,-3.936597406864166260e-01,4.153713285923004150e-01,-2.245135009288787842e-01,2.064324021339416504e-01,-6.712818741798400879e-01,-5.289669632911682129e-01,6.826039552688598633e-01,2.061786502599716187e-01,-6.527124643325805664e-01,-4.852831959724426270e-01,-4.371347650885581970e-02,-1.881092600524425507e-02,5.837138891220092773e-01,-5.360321402549743652e-01,-6.051644086837768555e-01,2.093034237623214722e-01,5.581194162368774414e-01,-6.002137064933776855e-01,2.137771099805831909e-01,1.610929518938064575e-01,-5.682585239410400391e-01,4.391303062438964844e-01,3.994714617729187012e-01,6.102551221847534180e-01,5.625819563865661621e-01,-3.017245829105377197e-01,-3.745581507682800293e-01,-3.518804609775543213e-01,-1.598892733454704285e-02,4.471603333950042725e-01
1.561628654599189758e-02,4.701154679059982300e-02,-5.214701890945434570e-01,4.693388342857360840e-01,2.640310525894165039e-01,6.258542090654373169e-02,-3.643894568085670471e-02,2.077891528606414795e-01,4.017742872238159180e-01,3.739939928054809570e-01,-9.235519170761108398e-02,-2.703815996646881104e-01,4.227664172649383545e-01,4.393875300884246826e-01,5.255016088485717773e-01,5.142075419425964355e-01,-1.512900367379188538e-02,4.065116047859191895e-01,-5.122720003128051758e-01,-3.570816814899444580e-01,-2.809604704380035400e-01,3.670271039009094238e-01,3.842364251613616943e-01,-2.035338729619979858e-01,9.663639217615127563e-02,4.570513963699340820e-01,-4.916768074035644531e-01,-1.951132863759994507e-01,5.271655321121215820e-01,-2.259048074483871460e-01,4.310817644000053406e-02,-6.116501092910766602e-01,3.481096923351287842e-01,4.442014992237091064e-01,-1.683278195559978485e-02,-5.751786828041076660e-01,4.188806712627410889e-01,5.307954549789428711e-01,-4.631530046463012695e-01,-3.595558106899261475e-01,5.001085400581359863e-01,6.224960461258888245e-02,4.779669046401977539e-01,1.892785727977752686e-01,-1.708760671317577362e-02,-4.454497396945953369e-01,-5.359690785408020020e-01,-1.437826305627822876e-01,-1.898116781376302242e-03,-2.213843539357185364e-02,3.262870386242866516e-02,-7.155335694551467896e-02,3.674794137477874756e-01,-4.733972251415252686e-02,-1.451421976089477539e-01,-6.019628643989562988e-01,2.923168540000915527e-01,2.467331476509571075e-02,-4.602052569389343262e-01,-4.256511628627777100e-01,-3.397467359900474548e-02,-5.770320445299148560e-02,1.362249534577131271e-02,1.447056680917739868e-01,4.474875703454017639e-02,-2.127661406993865967e-01,1.654618531465530396e-01,5.497248768806457520e-01,-5.400786995887756348e-01,1.290144473314285278e-01,-4.849820733070373535e-01,-1.461143940687179565e-01,-1.834610700607299805e-01,5.373080372810363770e-01,-1.059112250804901123e-01,-5.330640673637390137e-01,-1.497051096521317959e-03,5.861631631851196289e-01,-2.178955078125000000e-01,-5.176514983177185059e-01,5.799330472946166992e-01,4.621997068170458078e-04,-4.681008458137512207e-01,2.370563452132046223e-04,-4.905605614185333252e-01,-5.334419012069702148e-01,2.519856393337249756e-01,5.750983487814664841e-03,4.402797818183898926e-01,3.848460912704467773e-01,-1.277793645858764648e-01,-1.797493100166320801e-01,-4.819096326828002930e-01,1.622195392847061157e-01,-4.978329241275787354e-01,5.612498149275779724e-02,3.455711007118225098e-01,2.909882368840044364e-06,-3.912078440189361572e-01,3.965684771537780762e-01,-2.094971537590026855e-01,2.326958924531936646e-01,-5.590731501579284668e-01,-5.066904425621032715e-01,6.358317136764526367e-01,6.048146262764930725e-02,-5.259484648704528809e-01,-5.218893885612487793e-01,-2.561119757592678070e-02,-6.530394777655601501e-03,4.002611339092254639e-01,-4.815649092197418213e-01,-5.233883261680603027e-01,8.249336481094360352e-02,5.642381310462951660e-01,-5.229152441024780273e-01,2.494378238916397095e-01,2.343871295452117920e-01,-5.408056378364562988e-01,3.388406038284301758e-01,4.665735065937042236e-01,4.617309868335723877e-01,4.355690181255340576e-01,-3.107706904411315918e-01,-2.829943001270294189e-01,-2.708173692226409912e-01,-3.306795656681060791e-02,4.148614704608917236e-01
-2.436902076005935669e-01,-1.163315679877996445e-02,9.385216236114501953e-02,-1.972739547491073608e-01,-1.735220253467559814e-01,1.377680748701095581e-01,-9.373515844345092773e-02,-1.721404939889907837e-01,-2.453144341707229614e-01,-9.235519170761108398e-02,4.105249643325805664e-01,1.399801373481750488e-01,1.718216538429260254e-01,-1.752282977104187012e-01,-1.787684261798858643e-01,-1.282439976930618286e-01,-5.942772142589092255e-03,8.365819230675697327e-03,1.670239418745040894e-01,2.699951827526092529e-01,4.398328065872192383e-01,-1.166868302971124649e-02,-6.646791473031044006e-03,-1.352119892835617065e-01,-6.371176987886428833e-02,-5.955647677183151245e-02,8.612596988677978516e-02,2.232245169579982758e-02,-3.042469546198844910e-02,-3.229890763759613037e-02,2.037516683340072632e-01,3.051115274429321289e-01,-2.495777010917663574e-01,-2.627826929092407227e-01,-8.154521696269512177e-03,4.747308418154716492e-02,-9.098212420940399170e-02,-1.795216798782348633e-01,9.338815696537494659e-03,4.402911067008972168e-01,-3.398362696170806885e-01,-2.471304237842559814e-01,1.239921245723962784e-02,-2.521852590143680573e-02,2.552864849567413330e-01,-1.528889983892440796e-01,2.481352686882019043e-01,3.479769453406333923e-02,-2.516353726387023926e-01,2.236351743340492249e-02,1.375247985124588013e-01,-5.507624149322509766e-02,-4.409184455871582031e-01,5.749654769897460938e-02,-1.812875121831893921e-01,1.739619374275207520e-01,-3.247758150100708008e-01,-6.174948532134294510e-03,5.221344530582427979e-02,1.850311011075973511e-01,2.025114148855209351e-01,-2.787377536296844482e-01,-9.917199611663818359e-03,-1.638761758804321289e-01,-1.780191063880920410e-01,8.454484492540359497e-02,3.222703635692596436e-01,-1.250610202550888062e-01,1.491924673318862915e-01,-6.622549612075090408e-03,2.265944480895996094e-01,-4.337265789508819580e-01,2.654006481170654297e-01,-1.477949619293212891e-01,2.611910998821258545e-01,2.233782261610031128e-01,-2.178312744945287704e-03,-1.031494438648223877e-01,2.475010901689529419e-01,2.074057310819625854e-01,-3.196221292018890381e-01,-1.589658495504409075e-04,2.080383449792861938e-01,-5.007832776755094528e-03,3.128524422645568848e-01,6.606286019086837769e-02,-5.757278576493263245e-02,1.333397231064736843e-03,3.816937655210494995e-02,-2.053124457597732544e-01,2.770703732967376709e-01,7.128839194774627686e-02,1.850054264068603516e-01,-1.312457174062728882e-01,2.624317705631256104e-01,1.109132096171379089e-01,1.114659756422042847e-02,3.644143134806654416e-06,9.631974995136260986e-02,-9.751866757869720459e-02,2.147686630487442017e-01,-6.120291724801063538e-02,2.951353192329406738e-01,1.673620492219924927e-01,-2.005672454833984375e-01,-4.618091285228729248e-01,2.806687951087951660e-01,-4.197674617171287537e-02,1.218386292457580566e-01,1.245350576937198639e-02,-2.653631567955017090e-01,1.776001602411270142e-01,2.175786793231964111e-01,-3.177532851696014404e-01,-1.770647466182708740e-01,2.179900705814361572e-01,-4.045969620347023010e-02,9.440374374389648438e-02,2.285871803760528564e-01,-1.872128993272781372e-01,5.694912001490592957e-02,-3.354299366474151611e-01,-3.086705803871154785e-01,-9.339395165443420410e-02,2.794642448425292969e-01,1.283710449934005737e-01,-2.361428737640380859e-02,-1.766645759344100952e-01
-2.063302993774414062e-01,-3.450961038470268250e-02,3.646053373813629150e-01,-2.526651620864868164e-01,-4.296756982803344727e-01,1.443568021059036255e-01,3.393308026716113091e-03,-4.616777598857879639e-01,-3.091180026531219482e-01,-2.703815996646881104e-01,1.399801373481750488e-01,3.678354918956756592e-01,-2.683000266551971436e-01,-3.346025645732879639e-01,-4.392969012260437012e-01,-6.019344329833984375e-01,5.509655922651290894e-03,-2.817653715610504150e-01,3.364147841930389404e-01,3.412650823593139648e-01,2.504923939704895020e-01,-1.735268980264663696e-01,-1.878736764192581177e-01,9.678106009960174561e-02,-9.154743701219558716e-02,-5.282341241836547852e-01,4.311396181583404541e-01,4.136816859245300293e-01,-5.276567339897155762e-01,2.589195966720581055e-01,7.868949323892593384e-02,5.574173331260681152e-01,-1.028605476021766663e-01,-4.588988423347473145e-01,3.488509729504585266e-02,5.308840274810791016e-01,-4.084143638610839844e-01,-4.537074863910675049e-01,5.918682813644409180e-01,4.445020258426666260e-01,-4.570338129997253418e-01,-6.756139546632766724e-02,-3.139611184597015381e-01,-1.597933322191238403e-01,-1.038557738065719604e-01,2.668567597866058350e-01,4.304950237274169922e-01,1.172161921858787537e-01,-3.488162066787481308e-03,1.770146787166595459e-01,1.242758855223655701e-01,2.936572730541229248e-01,-3.455848097801208496e-01,1.473554503172636032e-02,1.492433249950408936e-01,5.812157988548278809e-01,-3.370767533779144287e-01,-2.488626539707183838e-02,2.529207468032836914e-01,1.836581081151962280e-01,4.252579435706138611e-02,-2.607568912208080292e-02,-4.814740270376205444e-03,-2.065347135066986084e-01,-6.105834618210792542e-02,1.865091025829315186e-01,7.428633421659469604e-02,-5.451746582984924316e-01,4.754843413829803467e-01,-3.476580381393432617e-01,5.377409458160400391e-01,1.058126613497734070e-01,1.438572108745574951e-01,-4.295671284198760986e-01,5.226021260023117065e-02,4.914349019527435303e-01,1.068744342774152756e-03,-5.141951441764831543e-01,2.633563801646232605e-02,4.768969416618347168e-01,-4.939303100109100342e-01,-4.374280979391187429e-04,5.155717730522155762e-01,3.547086380422115326e-03,5.691978335380554199e-01,4.005678594112396240e-01,-3.971215188503265381e-01,-7.542255800217390060e-03,-3.086439371109008789e-01,-4.158649444580078125e-01,1.424420177936553955e-01,-1.383504867553710938e-01,2.623952031135559082e-01,-2.506692335009574890e-02,4.130975604057312012e-01,1.656733155250549316e-01,-2.436837852001190186e-01,2.147875420632772148e-06,4.773865938186645508e-01,-3.527883291244506836e-01,4.063847064971923828e-01,-4.535428285598754883e-01,4.759513735771179199e-01,5.137610435485839844e-01,-4.415294229984283447e-01,-7.037759572267532349e-02,2.409501820802688599e-01,3.552976250648498535e-01,2.943320870399475098e-01,-5.834298208355903625e-03,-2.857956588268280029e-01,2.553350627422332764e-01,4.042927622795104980e-01,-7.250896841287612915e-02,-5.050879716873168945e-01,4.240029454231262207e-01,-4.458330869674682617e-01,-1.222901865839958191e-01,5.382593870162963867e-01,-1.768899708986282349e-01,-2.792922258377075195e-01,-3.546919822692871094e-01,-3.715397715568542480e-01,3.227348253130912781e-02,3.423183262348175049e-01,1.098679751157760620e-01,-6.937838159501552582e-03,-3.947451412677764893e-01
