4.762117564678192139e-01,-1.364208059385418892e-03,1.019160822033882141e-02,-1.043593138456344604e-01,1.762527674436569214e-01,-1.632593423128128052e-01,9.964936226606369019e-02,3.916376829147338867e-01,8.008030056953430176e-02,2.970180660486221313e-02,-9.921036660671234131e-02,-4.203664511442184448e-02,-4.058167710900306702e-02,3.918593749403953552e-02,1.188220456242561340e-01,8.461382240056991577e-02,6.417912896722555161e-03,-6.289859861135482788e-02,1.579054296016693115e-01,3.649508580565452576e-03,-1.142225693911314011e-02,-5.938306823372840881e-02,-1.126949638128280640e-01,9.340649098157882690e-02,9.486856870353221893e-04,-3.694273473229259253e-04,9.313075989484786987e-02,-2.030034214258193970e-01,-3.496209159493446350e-02,-1.617844551801681519e-01,-1.443156749010086060e-01,2.461339905858039856e-02,-6.601501256227493286e-02,-1.897898851893842220e-03,-3.052322939038276672e-02,-8.494915440678596497e-03,-3.886519372463226318e-02,3.210871666669845581e-02,-3.034014105796813965e-01,-2.350744456052780151e-01,1.812434494495391846e-01,7.065216451883316040e-02,-1.538425385951995850e-01,2.667553257197141647e-03,1.911974977701902390e-03,3.679708018898963928e-02,-9.234865009784698486e-02,-8.396913111209869385e-02,6.240479275584220886e-02,2.756350487470626831e-02,-1.656435877084732056e-01,-5.288866534829139709e-02,1.910068392753601074e-01,-3.769841417670249939e-02,-1.237178221344947815e-01,-9.254065901041030884e-02,4.570506140589714050e-02,5.451400764286518097e-03,-3.003137744963169098e-02,4.280877765268087387e-03,4.086676985025405884e-02,-7.477134466171264648e-02,2.402387326583266258e-03,1.414872705936431885e-01,3.955514356493949890e-02,1.288162078708410263e-02,-1.584489345550537109e-01,1.172242462635040283e-01,-4.970089718699455261e-02,1.841586530208587646e-01,-1.643621772527694702e-01,9.887760132551193237e-02,6.056969612836837769e-02,1.033050864934921265e-01,-8.446613699197769165e-02,-5.583359673619270325e-02,-1.303806202486157417e-03,4.439944028854370117e-02,-7.746776938438415527e-02,-2.054422162473201752e-02,-3.473885357379913330e-02,3.632952575571835041e-04,-1.906059086322784424e-01,-5.066784564405679703e-03,-2.304226607084274292e-01,9.973065927624702454e-03,2.341626584529876709e-01,-9.111082763411104679e-04,-8.118671923875808716e-02,6.115480884909629822e-02,-1.232875362038612366e-01,9.323372691869735718e-02,1.658581495285034180e-01,-1.677509546279907227e-01,-2.876957319676876068e-02,-2.964622378349304199e-01,1.335453540086746216e-01,-1.097200438380241394e-04,-1.269402503967285156e-01,2.784362733364105225e-01,-1.110412180423736572e-01,3.020221889019012451e-01,6.993319839239120483e-03,-2.326847240328788757e-02,-5.106707662343978882e-02,2.255133241415023804e-01,1.666641682386398315e-01,1.157823726534843445e-01,-3.261478841304779053e-01,1.328915823251008987e-02,-7.419012486934661865e-02,1.454353183507919312e-01,3.596011921763420105e-02,-9.725123643875122070e-02,1.145940423011779785e-01,-6.816340237855911255e-02,2.948186099529266357e-01,-9.045759588479995728e-02,-2.575516104698181152e-01,-3.469521552324295044e-02,-8.403380215167999268e-02,1.344320774078369141e-01,1.282668709754943848e-01,1.423562765121459961e-01,9.681550413370132446e-02,5.276733078062534332e-03,-1.824224181473255157e-02,-4.130040481686592102e-02
-1.364208059385418892e-03,1.821093820035457611e-02,-1.180496662855148315e-01,8.564992249011993408e-02,5.653516575694084167e-02,-7.837932207621634007e-04,-2.105101197957992554e-02,7.740153465420007706e-03,2.613647095859050751e-02,4.467866569757461548e-02,2.410405315458774567e-02,-4.727765545248985291e-02,9.733612090349197388e-02,9.671720117330551147e-02,1.122112423181533813e-01,1.133925244212150574e-01,-1.687879324890673161e-03,4.860007390379905701e-02,-7.090895622968673706e-02,-7.636772841215133667e-02,-5.677459388971328735e-02,1.079732701182365417e-01,7.866196334362030029e-02,-2.552184974774718285e-03,1.265556365251541138e-02,1.208086311817169189e-01,-1.251518279314041138e-01,-4.693346843123435974e-02,1.056438013911247253e-01,-9.249376133084297180e-03,3.668029978871345520e-02,-1.178014948964118958e-01,8.255577832460403442e-02,7.675383985042572021e-02,-3.675956279039382935e-03,-1.240109056234359741e-01,3.668721392750740051e-02,6.614027917385101318e-02,-6.069223210215568542e-02,-7.347132265567779541e-02,8.295855671167373657e-02,1.361553184688091278e-02,1.151470318436622620e-01,1.889966614544391632e-02,1.515235938131809235e-02,-9.190007299184799194e-02,-1.187083274126052856e-01,-2.883313968777656555e-02,-2.192999981343746185e-02,1.012026052922010422e-02,1.964482292532920837e-02,-3.863493353128433228e-02,1.475605461746454239e-02,9.818340651690959930e-03,-1.491599343717098236e-02,-1.288222521543502808e-01,2.597353048622608185e-02,9.151726029813289642e-03,-6.645110249519348145e-02,-6.626834720373153687e-02,1.815707422792911530e-03,1.707441918551921844e-02,4.517995286732912064e-03,1.941168494522571564e-02,-5.621447227895259857e-03,-2.690521627664566040e-02,6.813540309667587280e-02,1.143231764435768127e-01,-1.127802804112434387e-01,2.749641658738255501e-03,-8.021810650825500488e-02,-4.405958577990531921e-02,-3.482296317815780640e-02,1.092235967516899109e-01,-9.815434925258159637e-03,-1.056784242391586304e-01,-2.389421220868825912e-03,1.298653632402420044e-01,-3.005889616906642914e-02,-1.054192855954170227e-01,1.168083921074867249e-01,9.426898322999477386e-04,-8.652392029762268066e-02,1.279008807614445686e-03,-8.411333709955215454e-02,-1.154635027050971985e-01,3.779738768935203552e-02,4.772974178194999695e-03,7.141716033220291138e-02,4.860063269734382629e-02,-9.970718063414096832e-03,-3.257135674357414246e-02,-9.692637622356414795e-02,5.359512940049171448e-02,-9.967190027236938477e-02,2.537640556693077087e-02,8.049164712429046631e-02,-6.496407877421006560e-05,-8.830802142620086670e-02,3.487899154424667358e-02,-2.458411082625389099e-02,9.847230277955532074e-03,-1.238387450575828552e-01,-5.962672829627990723e-02,1.275070756673812866e-01,-1.358479820191860199e-02,-8.280192315578460693e-02,-1.175621747970581055e-01,1.098587363958358765e-02,-7.979029789566993713e-03,9.110217541456222534e-02,-6.596364825963973999e-02,-1.091316565871238708e-01,-6.107745692133903503e-03,1.223753839731216431e-01,-1.056082248687744141e-01,5.262186005711555481e-02,2.576518245041370392e-02,-1.103727966547012329e-01,4.165025800466537476e-02,6.372476369142532349e-02,8.592608571052551270e-02,1.078674197196960449e-01,-6.618532538414001465e-02,-6.257414817810058594e-02,-7.952769845724105835e-02,-2.066971966996788979e-03,6.510210782289505005e-02
1.019160822033882141e-02,-1.180496662855148315e-01,7.859718799591064453e-01,-6.354450583457946777e-01,-3.439662754535675049e-01,-8.104804903268814087e-02,1.206980720162391663e-01,-4.752431437373161316e-02,-1.554309725761413574e-01,-3.267714381217956543e-01,-1.643557697534561157e-01,3.544449508190155029e-01,-5.943357944488525391e-01,-6.894828677177429199e-01,-7.375725507736206055e-01,-7.247655391693115234e-01,6.552349310368299484e-03,-2.878878712654113770e-01,5.328550338745117188e-01,5.884000658988952637e-01,4.013132154941558838e-01,-7.425191998481750488e-01,-6.076915860176086426e-01,6.672897934913635254e-02,-9.504516422748565674e-02,-7.333795428276062012e-01,7.785575389862060547e-01,2.630334198474884033e-01,-7.153378725051879883e-01,8.914995193481445312e-02,-2.473360598087310791e-01,7.746381759643554688e-01,-5.730429291725158691e-01,-6.051843166351318359e-01,3.199215605854988098e-02,7.910687923431396484e-01,-2.649904787540435791e-01,-4.710588455200195312e-01,3.834830224514007568e-01,5.446462631225585938e-01,-5.504452586174011230e-01,-1.018577739596366882e-01,-7.257917523384094238e-01,-1.377668827772140503e-01,-1.252883523702621460e-01,6.293185949325561523e-01,7.704123258590698242e-01,2.181216180324554443e-01,1.518176198005676270e-01,3.534991666674613953e-02,-1.618285626173019409e-01,2.951468229293823242e-01,-1.174013614654541016e-01,-9.060231037437915802e-03,8.444879204034805298e-02,8.079341650009155273e-01,-2.240102589130401611e-01,-6.723076850175857544e-02,4.164474904537200928e-01,4.821053445339202881e-01,1.795063726603984833e-02,-1.557334810495376587e-01,-3.460780531167984009e-02,-1.480031162500381470e-01,2.856681682169437408e-02,1.881254762411117554e-01,-4.423178732395172119e-01,-7.230274081230163574e-01,7.439633607864379883e-01,1.229876466095447540e-02,5.823619961738586426e-01,3.269247412681579590e-01,2.604967653751373291e-01,-7.412516474723815918e-01,4.448436573147773743e-02,6.950498223304748535e-01,1.505939941853284836e-02,-8.283906579017639160e-01,2.588292658329010010e-01,7.302845716476440430e-01,-7.887091636657714844e-01,-7.216943893581628799e-03,5.878945589065551758e-01,-7.189274299889802933e-03,5.789276957511901855e-01,6.991984248161315918e-01,-2.643476724624633789e-01,-3.277517110109329224e-02,-4.778898060321807861e-01,-3.760835826396942139e-01,5.409709736704826355e-02,2.442675530910491943e-01,6.648532748222351074e-01,-4.042463600635528564e-01,6.917584538459777832e-01,-1.489441692829132080e-01,-5.476108789443969727e-01,4.844744980800896883e-04,6.254176497459411621e-01,-2.594680786132812500e-01,2.390775531530380249e-01,-6.158734485507011414e-02,8.020019531250000000e-01,4.311448335647583008e-01,-7.951372861862182617e-01,-7.145373616367578506e-03,5.891458988189697266e-01,7.566480636596679688e-01,-1.224171072244644165e-01,5.907554179430007935e-02,-6.477471590042114258e-01,5.563461780548095703e-01,7.398844361305236816e-01,-9.823042154312133789e-02,-7.561361789703369141e-01,6.781454682350158691e-01,-3.694080114364624023e-01,-2.077582627534866333e-01,7.321740984916687012e-01,-3.114442527294158936e-01,-4.440824687480926514e-01,-6.310093402862548828e-01,-7.152439951896667480e-01,4.336715340614318848e-01,5.161181688308715820e-01,6.095719337463378906e-01,-7.495883852243423462e-03,-4.797131121158599854e-01
-1.043593138456344604e-01,8.564992249011993408e-02,-6.354450583457946777e-01,6.385043263435363770e-01,1.818263530731201172e-01,1.610092222690582275e-01,-9.475132822990417480e-02,-8.411256223917007446e-02,9.933029115200042725e-02,2.452273368835449219e-01,1.000682711601257324e-01,-2.684205174446105957e-01,3.577404320240020752e-01,6.156298518180847168e-01,5.653017759323120117e-01,5.068495273590087891e-01,-2.270792843773961067e-03,2.436881810426712036e-01,-4.829147458076477051e-01,-4.488845765590667725e-01,-4.368388354778289795e-01,6.252890229225158691e-01,4.861010909080505371e-01,-8.286673575639724731e-02,7.716644555330276489e-02,5.342592597007751465e-01,-5.974495410919189453e-01,-7.333054393529891968e-02,5.056693553924560547e-01,1.362017169594764709e-02,1.925826817750930786e-01,-6.719639301300048828e-01,5.443329811096191406e-01,4.298798739910125732e-01,-7.437114138156175613e-03,-6.123068332672119141e-01,2.149299681186676025e-01,3.303446471691131592e-01,-1.213350966572761536e-01,-5.105662345886230469e-01,4.213465154170989990e-01,9.635854512453079224e-02,5.826061367988586426e-01,1.019319668412208557e-01,4.997969418764114380e-02,-3.834212422370910645e-01,-5.917581915855407715e-01,-1.980807334184646606e-01,-1.280671805143356323e-01,2.966675721108913422e-02,1.800387650728225708e-01,-1.918184459209442139e-01,1.128529757261276245e-01,-4.005575180053710938e-02,8.111033588647842407e-02,-6.024305224418640137e-01,1.759328991174697876e-01,4.533430561423301697e-02,-2.959028482437133789e-01,-3.978215157985687256e-01,-1.141919940710067749e-01,1.972644627094268799e-01,3.237491473555564880e-02,1.194342076778411865e-01,8.459337055683135986e-03,-1.419110745191574097e-01,3.626629412174224854e-01,5.221509337425231934e-01,-5.556565523147583008e-01,-8.509772270917892456e-02,-4.007713496685028076e-01,-1.261415183544158936e-01,-2.416581064462661743e-01,5.782353878021240234e-01,-4.625191912055015564e-02,-6.048986911773681641e-01,-7.138984277844429016e-03,6.389338970184326172e-01,-3.535994291305541992e-01,-5.766974687576293945e-01,7.277634143829345703e-01,5.462648347020149231e-03,-3.561620116233825684e-01,7.324900012463331223e-03,-4.599881768226623535e-01,-4.759415388107299805e-01,4.989968612790107727e-02,2.102486230432987213e-02,3.589025139808654785e-01,2.674804031848907471e-01,-1.301666162908077240e-02,-2.923027276992797852e-01,-6.308158040046691895e-01,4.300889074802398682e-01,-5.880793333053588867e-01,1.804005205631256104e-01,3.988874852657318115e-01,-3.534558345563709736e-04,-4.068406820297241211e-01,1.264155805110931396e-01,-1.308656632900238037e-01,-9.724558144807815552e-02,-6.891129016876220703e-01,-3.131168186664581299e-01,6.539654135704040527e-01,9.394422918558120728e-02,-6.350349187850952148e-01,-6.217375993728637695e-01,1.923347115516662598e-01,-4.900508373975753784e-02,6.316050887107849121e-01,-5.566930770874023438e-01,-6.100800037384033203e-01,1.612595468759536743e-01,5.310757160186767578e-01,-4.830635190010070801e-01,1.690850555896759033e-01,1.589833050966262817e-01,-5.606823563575744629e-01,2.814327776432037354e-01,3.358792066574096680e-01,5.128731131553649902e-01,5.363588929176330566e-01,-3.677007257938385010e-01,-3.942086696624755859e-01,-5.209013819694519043e-01,9.481133893132209778e-03,4.089461863040924072e-01
1.762527674436569214e-01,5.653516575694084167e-02,-3.439662754535675049e-01,1.818263530731201172e-01,2.892335653305053711e-01,-9.562912583351135254e-02,-1.999725215137004852e-02,2.302253693342208862e-01,8.283439278602600098e-02,1.398404389619827271e-01,3.375698998570442200e-02,-1.519587188959121704e-01,3.192332684993743896e-01,2.391768991947174072e-01,3.825006484985351562e-01,3.934209048748016357e-01,-5.965117365121841431e-03,1.367362290620803833e-01,-1.377861797809600830e-01,-2.105437070131301880e-01,-9.060796350240707397e-02,2.821106016635894775e-01,1.711659580469131470e-01,5.374735593795776367e-02,3.342171385884284973e-02,3.774667680263519287e-01,-3.545190095901489258e-01,-2.680520713329315186e-01,3.395082652568817139e-01,-1.259171515703201294e-01,5.973933637142181396e-02,-2.993013858795166016e-01,1.871848255395889282e-01,2.121736556291580200e-01,-2.589547261595726013e-02,-3.689806759357452393e-01,9.058275818824768066e-02,2.201128005981445312e-01,-3.820287883281707764e-01,-2.587239742279052734e-01,3.266032040119171143e-01,6.108675152063369751e-02,2.931006848812103271e-01,5.889857932925224304e-02,6.933657079935073853e-02,-2.839794456958770752e-01,-4.091138243675231934e-01,-1.086822003126144409e-01,-3.892555087804794312e-02,7.163638621568679810e-02,-1.790784299373626709e-02,-1.492572575807571411e-01,9.523389488458633423e-02,4.128172248601913452e-02,-1.438916623592376709e-01,-4.409158229827880859e-01,8.371188491582870483e-02,3.103475458920001984e-02,-2.408926635980606079e-01,-1.858658045530319214e-01,6.046669557690620422e-02,-1.437580492347478867e-02,1.149323582649230957e-02,1.044867858290672302e-01,-7.979186251759529114e-03,-7.647567242383956909e-02,1.618415564298629761e-01,4.117779433727264404e-01,-3.429730832576751709e-01,1.206514239311218262e-01,-3.281265199184417725e-01,-1.357145458459854126e-01,-4.348805174231529236e-02,3.545990884304046631e-01,-6.308440864086151123e-02,-3.374809920787811279e-01,-9.264757856726646423e-03,4.086290597915649414e-01,-7.300335913896560669e-02,-3.092946708202362061e-01,2.976158857345581055e-01,2.726199803873896599e-03,-3.698889315128326416e-01,1.801279140636324883e-03,-3.436383008956909180e-01,-3.817660212516784668e-01,2.537294328212738037e-01,1.548836287111043930e-02,1.724437773227691650e-01,1.669486463069915771e-01,-1.061444804072380066e-01,-2.285976149141788483e-02,-1.885273307561874390e-01,4.178974032402038574e-02,-2.883372902870178223e-01,-3.898394480347633362e-02,3.311831057071685791e-01,-2.340800128877162933e-04,-3.207338154315948486e-01,2.386057376861572266e-01,-1.122901216149330139e-01,1.887165009975433350e-01,-3.416118025779724121e-01,-1.924798339605331421e-01,3.695627152919769287e-01,1.257171761244535446e-02,-1.310088783502578735e-01,-3.103463947772979736e-01,-1.342374682426452637e-01,-1.531498879194259644e-02,1.540551781654357910e-01,-8.065633475780487061e-02,-3.008207678794860840e-01,-1.187897548079490662e-01,4.652817845344543457e-01,-3.654997646808624268e-01,2.915841341018676758e-01,5.016118660569190979e-02,-4.288455545902252197e-01,9.003046900033950806e-02,1.816558390855789185e-01,2.800024747848510742e-01,3.723647594451904297e-01,-1.469222754240036011e-01,-1.228881850838661194e-01,-1.867796331644058228e-01,-2.233981154859066010e-02,1.783403605222702026e-01
-1.632593423128128052e-01,-7.837932207621634007e-04,-8.104804903268814087e-02,1.610092222690582275e-01,-9.562912583351135254e-02,2.621385753154754639e-01,-2.626952528953552246e-02,-1.148798242211341858e-01,-1.263887733221054077e-01,-2.160907536745071411e-02,6.376346945762634277e-02,-1.115522067993879318e-02,-7.750777155160903931e-02,1.498083621263504028e-01,2.086376585066318512e-02,-4.461970180273056030e-02,-2.035078825429081917e-03,2.539792913012206554e-04,-6.264219433069229126e-02,-7.195178419351577759e-02,1.025890887831337750e-04,9.854327142238616943e-02,1.510855853557586670e-01,-4.126210510730743408e-02,-2.454110188409686089e-03,-1.018816456198692322e-01,-4.102384299039840698e-02,1.217125058174133301e-01,6.082765012979507446e-02,3.462071344256401062e-02,8.360177278518676758e-02,-4.225884005427360535e-02,2.778023853898048401e-02,1.201351881027221680e-01,4.265591967850923538e-03,-2.487886324524879456e-02,1.923651434481143951e-02,-2.895732969045639038e-02,1.887090206146240234e-01,-1.060900241136550903e-01,-1.554785966873168945e-01,-1.058270409703254700e-02,1.223922073841094971e-01,1.234478969126939774e-02,9.820123016834259033e-02,4.581126268021762371e-04,1.102936081588268280e-02,-1.190244592726230621e-02,-9.417663514614105225e-02,-6.929417699575424194e-02,1.531214565038681030e-01,-1.182140782475471497e-01,-5.709457024931907654e-02,-5.591657012701034546e-02,8.334649354219436646e-02,-1.280559808947145939e-03,3.227192908525466919e-02,8.569285855628550053e-04,8.238033205270767212e-02,-3.637907654047012329e-02,-5.029120296239852905e-02,5.076390877366065979e-02,5.141676403582096100e-03,-1.509883105754852295e-01,-3.013114817440509796e-02,1.192066445946693420e-02,6.695330142974853516e-02,-3.963524103164672852e-02,1.520631089806556702e-02,-8.087815344333648682e-02,6.170584261417388916e-02,-1.430861800909042358e-01,-3.268628194928169250e-02,-1.410090923309326172e-02,7.689331471920013428e-02,-3.001559525728225708e-02,4.274997394531965256e-03,5.169271957129240036e-03,-3.824201226234436035e-02,-1.078517176210880280e-02,8.660756051540374756e-02,5.993127124384045601e-04,5.065687745809555054e-02,-2.571154152974486351e-03,8.509246259927749634e-02,4.746670648455619812e-02,-1.223040744662284851e-01,-1.276714028790593147e-03,-3.357516601681709290e-02,-1.725912839174270630e-02,6.190664693713188171e-02,-7.552915066480636597e-02,-9.034308046102523804e-02,1.418755650520324707e-01,1.209800317883491516e-02,8.193612098693847656e-02,2.091995626688003540e-02,2.619353836053051054e-05,-2.611234551295638084e-03,-2.051560133695602417e-01,-9.291436523199081421e-03,-2.394761592149734497e-01,-3.087041899561882019e-02,1.261173374950885773e-02,-3.262707218527793884e-02,1.033023074269294739e-01,-1.099863648414611816e-01,-5.434110388159751892e-02,2.320365905761718750e-01,-1.213196665048599243e-03,1.468178182840347290e-01,-1.846856921911239624e-01,-5.847019702196121216e-02,1.342912167310714722e-01,-4.215707257390022278e-02,9.728928655385971069e-02,-6.672092527151107788e-02,5.636040866374969482e-02,4.819582030177116394e-02,3.728193789720535278e-02,2.520207501947879791e-02,-1.561835128813982010e-02,-4.268147051334381104e-02,-3.000946715474128723e-02,-1.484271287918090820e-01,-6.762166321277618408e-02,6.568270269781351089e-03,5.573483183979988098e-02
9.964936226606369019e-02,-2.105101197957992554e-02,1.206980720162391663e-01,-9.475132822990417480e-02,-1.999725215137004852e-02,-2.626952528953552246e-02,8.543486893177032471e-02,9.249311685562133789e-02,-3.091417625546455383e-02,-3.284250199794769287e-02,-7.389234006404876709e-02,4.123090207576751709e-02,-1.282535493373870850e-01,-1.225847229361534119e-01,-1.018004193902015686e-01,-1.137314662337303162e-01,4.399116151034832001e-03,-7.544716447591781616e-02,8.623288571834564209e-02,7.184861600399017334e-02,6.146586686372756958e-02,-1.303245872259140015e-01,-1.141772121191024780e-01,2.230605855584144592e-02,-1.187156885862350464e-02,-1.339959800243377686e-01,1.569873094558715820e-01,1.480265613645315170e-02,-1.110008805990219116e-01,-5.486711114645004272e-02,-7.445309311151504517e-02,1.339184641838073730e-01,-8.707071840763092041e-02,-1.024196296930313110e-01,-2.713787136599421501e-03,1.468070447444915771e-01,-4.733962565660476685e-02,-5.748739838600158691e-02,-2.268824540078639984e-02,2.646404132246971130e-02,-1.682886481285095215e-02,8.491652086377143860e-03,-1.743292212486267090e-01,-1.952707022428512573e-02,-3.906413540244102478e-02,1.200802251696586609e-01,9.714094549417495728e-02,6.293301936239004135e-03,5.634335428476333618e-02,1.910659298300743103e-02,-5.684147775173187256e-02,4.538802802562713623e-02,3.625897690653800964e-02,-2.024213224649429321e-02,-1.318734977394342422e-02,1.136212125420570374e-01,-2.225413545966148376e-02,-9.087054990231990814e-03,4.105142131447792053e-02,7.402445375919342041e-02,-6.615997757762670517e-03,-2.582621388137340546e-02,-3.702880581840872765e-03,4.584316909313201904e-02,2.734654210507869720e-02,2.943355776369571686e-02,-1.103859841823577881e-01,-8.900360018014907837e-02,1.221614852547645569e-01,5.318805947899818420e-02,2.357306517660617828e-02,9.103366732597351074e-02,6.845616549253463745e-02,-9.325835108757019043e-02,-1.986865326762199402e-02,7.203085720539093018e-02,2.344077918678522110e-03,-1.202754005789756775e-01,-1.730610802769660950e-02,1.059308052062988281e-01,-1.172651872038841248e-01,-9.846615139394998550e-04,4.444818198680877686e-02,-2.656302880495786667e-03,7.118821144104003906e-03,1.449158191680908203e-01,4.430064186453819275e-02,-5.592281930148601532e-03,-1.113494113087654114e-01,-2.882104180753231049e-02,-3.387092426419258118e-02,5.264126881957054138e-02,1.251893937587738037e-01,-9.531834721565246582e-02,8.448091894388198853e-02,-1.103745549917221069e-01,-4.551316425204277039e-02,2.617316567921079695e-05,7.957894355058670044e-02,6.272396445274353027e-02,-4.910230170935392380e-03,8.694375306367874146e-02,1.303326040506362915e-01,5.359827727079391479e-02,-1.169342175126075745e-01,1.002143993973731995e-01,9.774323552846908569e-02,1.584823131561279297e-01,-1.128425151109695435e-01,1.033557765185832977e-02,-1.479559540748596191e-01,7.819761335849761963e-02,1.361535340547561646e-01,1.593070290982723236e-02,-8.881229907274246216e-02,8.172475546598434448e-02,5.427146796137094498e-03,-4.453160613775253296e-02,4.421828687191009521e-02,-5.262731388211250305e-02,-6.949391961097717285e-02,-4.648665711283683777e-02,-7.572644948959350586e-02,9.942585229873657227e-02,1.042145118117332458e-01,9.234421700239181519e-02,3.129139542579650879e-03,-5.470536276698112488e-02
3.916376829147338867e-01,7.740153465420007706e-03,-4.752431437373161316e-02,-8.411256223917007446e-02,2.302253693342208862e-01,-1.148798242211341858e-01,9.249311685562133789e-02,4.973360896110534668e-01,-2.198576740920543671e-02,2.210654504597187042e-02,-4.814804717898368835e-02,-5.369633436203002930e-02,6.015194207429885864e-02,-1.079880911856889725e-02,1.603386253118515015e-01,1.511728316545486450e-01,-1.300945528782904148e-03,-3.745353966951370239e-02,1.349171251058578491e-01,-9.260939434170722961e-03,1.857947409152984619e-01,-1.016761176288127899e-02,-6.229656934738159180e-02,8.841280639171600342e-02,-4.780906252562999725e-03,4.220759868621826172e-02,5.894866306334733963e-03,-2.537528574466705322e-01,1.255644559860229492e-01,-2.136357128620147705e-01,-8.252919465303421021e-02,6.165932118892669678e-02,-1.268658190965652466e-01,5.588663369417190552e-02,-4.076835513114929199e-02,-6.448072195053100586e-02,-2.751373499631881714e-02,6.981071084737777710e-02,-4.450348615646362305e-01,-1.723461151123046875e-01,1.564899086952209473e-01,4.396128654479980469e-02,-6.167799234390258789e-02,1.682548411190509796e-02,1.184930130839347839e-01,-6.713739037513732910e-02,-1.665544211864471436e-01,-6.488122045993804932e-02,2.959943190217018127e-02,9.012155234813690186e-03,-1.166600808501243591e-01,-1.310672461986541748e-01,1.099405884742736816e-01,-2.378570660948753357e-02,-2.245810925960540771e-01,-1.834882497787475586e-01,5.319916084408760071e-02,1.405253447592258453e-02,-4.730038344860076904e-02,-5.979364272207021713e-03,1.037690788507461548e-01,-1.271930038928985596e-01,-1.462959451600909233e-03,3.768055140972137451e-02,1.137970294803380966e-02,5.454395897686481476e-03,-9.324535727500915527e-02,1.724997758865356445e-01,-7.904753834009170532e-02,2.076858133077621460e-01,-2.280169278383255005e-01,-9.833770245313644409e-02,1.093686670064926147e-01,1.273810118436813354e-01,-4.121357947587966919e-02,-6.892918795347213745e-02,-4.164135083556175232e-03,1.117019131779670715e-01,4.966184031218290329e-03,-3.326192870736122131e-02,-4.470773413777351379e-02,5.423156544566154480e-04,-2.754705548286437988e-01,-5.254168529063463211e-03,-2.053995132446289062e-01,-9.132713824510574341e-02,3.020849823951721191e-01,4.377240780740976334e-03,-9.483355283737182617e-02,7.804587483406066895e-02,-1.476480811834335327e-01,1.581328511238098145e-01,1.779780834913253784e-01,-2.241385728120803833e-01,-1.592523418366909027e-02,-2.632339596748352051e-01,2.165661901235580444e-01,-1.211450507980771363e-04,-1.776718646287918091e-01,2.713037729263305664e-01,-1.333044469356536865e-01,3.236839771270751953e-01,3.135509788990020752e-03,-5.437488108873367310e-02,1.106954924762248993e-02,1.685271710157394409e-01,2.337855696678161621e-01,3.875427693128585815e-02,-3.027015030384063721e-01,1.826681196689605713e-02,-1.808663904666900635e-01,1.759157329797744751e-01,-1.578791881911456585e-03,-1.389817595481872559e-01,2.542082071304321289e-01,-1.175522729754447937e-01,3.188896775245666504e-01,-2.098419889807701111e-02,-2.755983769893646240e-01,-5.867524072527885437e-02,-9.992131963372230530e-03,9.560492634773254395e-02,1.266507953405380249e-01,1.340294033288955688e-01,6.212913990020751953e-02,5.915477126836776733e-02,-2.860696054995059967e-02,7.161305984482169151e-04
8.008030056953430176e-02,2.613647095859050751e-02,-1.554309725761413574e-01,9.933029115200042725e-02,8.283439278602600098e-02,-1.263887733221054077e-01,-3.091417625546455383e-02,-2.198576740920543671e-02,1.772330254316329956e-01,1.057257577776908875e-01,-9.213308803737163544e-03,-8.545221388339996338e-02,1.556544750928878784e-01,1.517200320959091187e-01,1.743307113647460938e-01,1.945550441741943359e-01,4.427379462867975235e-03,5.618200078606605530e-02,-1.227566301822662354e-01,-1.105688735842704773e-01,-2.397630512714385986e-01,1.546823382377624512e-01,6.136862188577651978e-02,-2.376567013561725616e-02,3.328103572130203247e-02,2.662117481231689453e-01,-1.739967465400695801e-01,-6.413024663925170898e-02,8.970416337251663208e-02,1.776164770126342773e-02,-7.705707103013992310e-03,-2.561873793601989746e-01,1.924503743648529053e-01,7.304649055004119873e-02,-1.809566747397184372e-03,-2.035898417234420776e-01,6.137970834970474243e-02,1.238130107522010803e-01,-9.869987517595291138e-02,-1.145933046936988831e-01,2.511044442653656006e-01,4.291635379195213318e-02,9.723895043134689331e-02,2.202899754047393799e-02,-9.239400923252105713e-02,-1.308627575635910034e-01,-1.888279318809509277e-01,-5.638854578137397766e-02,3.060462139546871185e-02,1.345734391361474991e-02,-5.899401009082794189e-02,4.848811775445938110e-02,9.748516231775283813e-02,1.202811673283576965e-02,1.026598922908306122e-02,-1.931844204664230347e-01,3.776025027036666870e-02,1.282368879765272141e-02,-1.308464854955673218e-01,-1.105900853872299194e-01,-2.838707342743873596e-02,6.451664119958877563e-02,8.909495547413825989e-03,1.727450937032699585e-01,2.693517133593559265e-02,-5.711513757705688477e-02,5.142544209957122803e-02,1.834947466850280762e-01,-2.174475640058517456e-01,-1.377274375408887863e-02,-1.469145417213439941e-01,9.972672164440155029e-02,-9.839268028736114502e-02,2.234905660152435303e-01,-6.819690763950347900e-02,-1.647739857435226440e-01,-4.465394653379917145e-03,2.282980829477310181e-01,-1.042034998536109924e-01,-2.118219733238220215e-01,2.232521772384643555e-01,1.599006936885416508e-03,-1.139557361602783203e-01,4.709420260041952133e-03,-2.031644284725189209e-01,-1.737320572137832642e-01,6.064052507281303406e-02,6.684136111289262772e-03,1.752485036849975586e-01,1.053985729813575745e-01,-1.828725077211856842e-02,-7.247269153594970703e-02,-1.750833094120025635e-01,8.427973836660385132e-02,-2.266528904438018799e-01,7.996517233550548553e-03,6.233641132712364197e-02,-1.332287938566878438e-04,-1.330894678831100464e-01,1.693229675292968750e-01,-3.945938125252723694e-02,1.180647686123847961e-01,-2.480956763029098511e-01,-1.103252097964286804e-01,2.537136375904083252e-01,-4.487969353795051575e-02,-1.807461380958557129e-01,-1.714453399181365967e-01,-6.858903914690017700e-02,-2.059640735387802124e-02,2.037126570940017700e-01,-9.580463916063308716e-02,-1.789511144161224365e-01,9.575820527970790863e-03,1.582402735948562622e-01,-2.275632172822952271e-01,7.633791118860244751e-02,1.859026844613254070e-03,-2.256945818662643433e-01,8.768421411514282227e-02,6.517820805311203003e-02,2.043686062097549438e-01,2.183234393596649170e-01,-9.999663382768630981e-02,-5.619978159666061401e-02,-1.765306293964385986e-01,1.088994741439819336e-02,8.144916594028472900e-02
2.970180660486221313e-02,4.467866569757461548e-02,-3.267714381217956543e-01,2.452273368835449219e-01,1.398404389619827271e-01,-2.160907536745071411e-02,-3.284250199794769287e-02,2.210654504597187042e-02,1.057257577776908875e-01,1.461646854877471924e-01,3.807539492845535278e-02,-1.449140161275863647e-01,2.490734457969665527e-01,2.767596244812011719e-01,3.118767738342285156e-01,3.160284757614135742e-01,4.309907089918851852e-04,9.988057613372802734e-02,-2.187420427799224854e-01,-2.294968515634536743e-01,-2.066417485475540161e-01,3.038236498832702637e-01,2.105984538793563843e-01,-3.501155227422714233e-02,4.282953962683677673e-02,3.577488958835601807e-01,-3.355114459991455078e-01,-1.027884483337402344e-01,2.885643541812896729e-01,-3.846552968025207520e-02,6.956690549850463867e-02,-3.651029765605926514e-01,2.516351044178009033e-01,2.191600352525711060e-01,-1.248131319880485535e-02,-3.492936789989471436e-01,1.050730422139167786e-01,1.982969045639038086e-01,-1.855249106884002686e-01,-2.182775288820266724e-01,2.869788110256195068e-01,4.996547475457191467e-02,2.702753245830535889e-01,5.167767032980918884e-02,2.773439977318048477e-03,-2.621304988861083984e-01,-3.438765704631805420e-01,-8.958861976861953735e-02,-2.587305381894111633e-02,-1.304661575704813004e-02,2.268479950726032257e-02,-7.073500007390975952e-02,7.758940756320953369e-02,3.156648715957999229e-03,-3.309999406337738037e-02,-3.673745989799499512e-01,8.558601140975952148e-02,2.631066367030143738e-02,-1.815015673637390137e-01,-1.890662759542465210e-01,-1.756457984447479248e-02,7.278460264205932617e-02,1.399725023657083511e-02,1.258546262979507446e-01,5.242384038865566254e-03,-8.108057081699371338e-02,1.492391824722290039e-01,3.129996359348297119e-01,-3.317398428916931152e-01,-2.681677462533116341e-03,-2.549920976161956787e-01,-6.896125525236129761e-02,-1.088676899671554565e-01,3.420386016368865967e-01,-4.065243527293205261e-02,-2.967458367347717285e-01,-6.464092526584863663e-03,3.968092799186706543e-01,-1.258743256330490112e-01,-3.303195238113403320e-01,3.710266947746276855e-01,2.875801874324679375e-03,-2.344889938831329346e-01,3.841507947072386742e-03,-2.752666175365447998e-01,-2.941157221794128418e-01,1.231340467929840088e-01,1.286897063255310059e-02,2.062572836875915527e-01,1.649390012025833130e-01,-3.157227113842964172e-02,-9.664829075336456299e-02,-2.845042645931243896e-01,1.473262757062911987e-01,-3.217005133628845215e-01,3.767048567533493042e-02,1.950301229953765869e-01,-2.114718372467905283e-04,-2.461030632257461548e-01,1.671927720308303833e-01,-1.013319790363311768e-01,8.693958073854446411e-02,-3.800689876079559326e-01,-1.796703487634658813e-01,3.982535898685455322e-01,-3.626162651926279068e-04,-2.684804201126098633e-01,-3.199504911899566650e-01,-1.152226002886891365e-03,-2.639038302004337311e-02,2.805929183959960938e-01,-2.183838784694671631e-01,-3.102170825004577637e-01,5.318460986018180847e-02,3.378029465675354004e-01,-3.222645819187164307e-01,1.462520658969879150e-01,7.039349526166915894e-02,-3.538212180137634277e-01,1.281039118766784668e-01,1.676908582448959351e-01,2.847964167594909668e-01,3.278202414512634277e-01,-1.667338758707046509e-01,-1.814487129449844360e-01,-2.547748684883117676e-01,9.988420642912387848e-03,1.862405985593795776e-01
-9.921036660671234131e-02,2.410405315458774567e-02,-1.643557697534561157e-01,1.000682711601257324e-01,3.375698998570442200e-02,6.376346945762634277e-02,-7.389234006404876709e-02,-4.814804717898368835e-02,-9.213308803737163544e-03,3.807539492845535278e-02,1.063750013709068298e-01,-5.525162443518638611e-02,1.637740433216094971e-01,1.492622643709182739e-01,1.350162029266357422e-01,1.499261856079101562e-01,-6.104371044784784317e-03,6.493496894836425781e-02,-8.652077615261077881e-02,-1.112429350614547729e-01,4.488688893616199493e-03,1.605558842420578003e-01,1.648325026035308838e-01,-2.756954170763492584e-02,1.101397257298231125e-02,1.487989723682403564e-01,-2.034479826688766479e-01,-4.198149964213371277e-02,1.903584599494934082e-01,1.408261898905038834e-02,1.050776615738868713e-01,-1.404048502445220947e-01,5.673298239707946777e-02,1.708943992853164673e-01,-6.573734339326620102e-03,-1.882332861423492432e-01,5.291578173637390137e-02,7.599872350692749023e-02,-3.313516080379486084e-02,-4.013137146830558777e-02,-8.670961484313011169e-03,-1.703140884637832642e-02,2.229844629764556885e-01,2.866349183022975922e-02,1.003330126404762268e-01,-1.909382641315460205e-01,-1.336876899003982544e-01,-7.301688310690224171e-04,-7.742467522621154785e-02,-7.229471206665039062e-02,8.532279729843139648e-02,-1.063798144459724426e-01,-5.874181166291236877e-02,2.346860803663730621e-02,-4.091345891356468201e-02,-1.706473827362060547e-01,3.753126785159111023e-02,1.395182963460683823e-02,-3.591986000537872314e-02,-8.131908625364303589e-02,3.374027088284492493e-02,7.298161275684833527e-03,3.259356832131743431e-03,-9.042426198720932007e-02,-4.726815968751907349e-02,-3.074070811271667480e-02,1.228740438818931580e-01,1.190701425075531006e-01,-1.568711847066879272e-01,-4.103020578622817993e-02,-5.206913873553276062e-02,-2.100270688533782959e-01,-5.668076872825622559e-02,1.204748973250389099e-01,4.860846325755119324e-02,-7.692332565784454346e-02,-3.391061443835496902e-03,1.723879724740982056e-01,6.355680525302886963e-02,-1.308609694242477417e-01,1.262180060148239136e-01,1.365169533528387547e-03,-9.441885352134704590e-02,8.548128535039722919e-04,-6.119734025560319424e-04,-1.805486828088760376e-01,8.860221132636070251e-03,7.786685135215520859e-03,1.042652800679206848e-01,4.726932197809219360e-02,3.366615995764732361e-02,-2.606352232396602631e-02,-1.199339330196380615e-01,8.464312553405761719e-02,-8.363010734319686890e-02,9.410036355257034302e-02,7.320439815521240234e-02,-4.480540883378125727e-05,-1.261712163686752319e-01,-7.241360098123550415e-02,-3.815542906522750854e-02,-7.939364761114120483e-02,-1.451165378093719482e-01,-6.920414417982101440e-02,1.406512856483459473e-01,-9.784570336341857910e-02,-6.241520121693611145e-02,-1.858480125665664673e-01,1.327614188194274902e-01,-9.591335430741310120e-03,1.401898860931396484e-01,-9.401274472475051880e-02,-1.537896245718002319e-01,6.040050648152828217e-03,1.452387869358062744e-01,-9.647250175476074219e-02,4.235394299030303955e-02,6.877209991216659546e-02,-7.433051615953445435e-02,4.748383909463882446e-02,9.365831315517425537e-02,5.161179974675178528e-02,9.950495511293411255e-02,-9.190683811902999878e-02,-1.592626571655273438e-01,-9.597303718328475952e-02,-5.138755077496170998e-04,7.129117846488952637e-02
-4.203664511442184448e-02,-4.727765545248985291e-02,3.544449508190155029e-01,-2.684205174446105957e-01,-1.519587188959121704e-01,-1.115522067993879318e-02,4.123090207576751709e-02,-5.369633436203002930e-02,-8.545221388339996338e-02,-1.449140161275863647e-01,-5.525162443518638611e-02,1.575647592544555664e-01,-2.532518506050109863e-01,-3.184875249862670898e-01,-3.447833657264709473e-01,-3.370282948017120361e-01,4.545858828350901604e-04,-1.032244041562080383e-01,2.150339186191558838e-01,2.450778484344482422e-01,1.863945275545120239e-01,-3.308650255203247070e-01,-2.403575628995895386e-01,3.440974652767181396e-02,-4.224040731787681580e-02,-3.533038794994354248e-01,3.519736826419830322e-01,1.139512211084365845e-01,-3.212695419788360596e-01,4.515612497925758362e-02,-7.971751689910888672e-02,3.740366399288177490e-01,-2.431163191795349121e-01,-2.585583329200744629e-01,1.679250039160251617e-02,3.763499557971954346e-01,-1.081100627779960632e-01,-2.049652785062789917e-01,2.003569602966308594e-01,2.603834569454193115e-01,-2.713528573513031006e-01,-5.108361691236495972e-02,-3.004985153675079346e-01,-5.740313977003097534e-02,-4.504935070872306824e-02,2.808015346527099609e-01,3.686234951019287109e-01,9.872009605169296265e-02,4.821127653121948242e-02,3.275809809565544128e-02,-3.920548781752586365e-02,1.149146780371665955e-01,-7.460232824087142944e-02,9.134422987699508667e-03,4.421133175492286682e-02,3.964458703994750977e-01,-1.020952910184860229e-01,-2.918367646634578705e-02,1.678988635540008545e-01,2.025635391473770142e-01,1.132481358945369720e-02,-6.612846255302429199e-02,-1.488304231315851212e-02,-8.884108811616897583e-02,1.960714813321828842e-03,8.000405877828598022e-02,-1.576728820800781250e-01,-3.299977779388427734e-01,3.496982157230377197e-01,3.087404766120016575e-04,2.677156031131744385e-01,1.181952580809593201e-01,1.108907461166381836e-01,-3.629635274410247803e-01,2.709139883518218994e-02,3.078193366527557373e-01,6.359920371323823929e-03,-4.176653027534484863e-01,1.255190074443817139e-01,3.449504971504211426e-01,-3.864966034889221191e-01,-3.146846545860171318e-03,2.591999471187591553e-01,-3.010274376720190048e-03,2.785155773162841797e-01,3.123787939548492432e-01,-1.226362064480781555e-01,-1.364475674927234650e-02,-1.995292007923126221e-01,-1.714453250169754028e-01,3.125528618693351746e-02,9.472734481096267700e-02,2.845956087112426758e-01,-1.521468907594680786e-01,3.240534365177154541e-01,-3.246777877211570740e-02,-2.237710952758789062e-01,2.191519888583570719e-04,2.769101262092590332e-01,-1.512575000524520874e-01,1.169116497039794922e-01,-6.941325217485427856e-02,3.947146534919738770e-01,1.866528987884521484e-01,-3.949908018112182617e-01,-2.401980385184288025e-02,2.602803707122802734e-01,3.386072218418121338e-01,-1.922300830483436584e-02,2.470920979976654053e-02,-3.032000660896301270e-01,2.294649183750152588e-01,3.336331546306610107e-01,-5.355258285999298096e-02,-3.629054725170135498e-01,3.206852972507476807e-01,-1.734784990549087524e-01,-8.139130473136901855e-02,3.771158754825592041e-01,-1.314815729856491089e-01,-1.725079566240310669e-01,-2.945202291011810303e-01,-3.365181684494018555e-01,1.612098813056945801e-01,2.113940417766571045e-01,2.676728367805480957e-01,-6.305642891675233841e-03,-1.942611336708068848e-01
