9.999984502792358398e-01,-9.999986290931701660e-01,-9.999923706054687500e-01,9.999982714653015137e-01,9.999989867210388184e-01,-9.999988079071044922e-01,9.999960064888000488e-01,9.999991059303283691e-01,-9.999974966049194336e-01,9.999979734420776367e-01,-9.999987483024597168e-01,-9.999989271163940430e-01,9.999981522560119629e-01,9.999985694885253906e-01,9.999892711639404297e-01,9.999969005584716797e-01,9.999974966049194336e-01,-9.999986886978149414e-01,9.999936223030090332e-01,-9.999991059303283691e-01,-9.999989867210388184e-01,9.999919533729553223e-01,9.999985098838806152e-01,9.999983906745910645e-01,9.999892115592956543e-01,9.999990463256835938e-01,-9.999983906745910645e-01,-9.999989867210388184e-01,9.999871850013732910e-01,-9.999957084655761719e-01,-9.999929666519165039e-01,-9.999984502792358398e-01,9.999904632568359375e-01,9.999967813491821289e-01,-9.999975562095642090e-01,-9.998217821121215820e-01,9.999990463256835938e-01,9.999986886978149414e-01,9.999926090240478516e-01,-9.999988675117492676e-01,9.999987483024597168e-01,-9.999948740005493164e-01,9.999775290489196777e-01,9.999988675117492676e-01,9.999984502792358398e-01,9.999983310699462891e-01,-9.999924302101135254e-01,9.999985098838806152e-01,9.999988079071044922e-01,-9.999986290931701660e-01,-9.999987483024597168e-01,-9.999981522560119629e-01,-9.999989271163940430e-01,-9.999926090240478516e-01,-9.999979734420776367e-01,-9.999982118606567383e-01,-9.999960660934448242e-01,9.999523758888244629e-01,9.999974966049194336e-01,9.999984502792358398e-01,-9.999983310699462891e-01,9.999990463256835938e-01,9.999983906745910645e-01,9.999954700469970703e-01,-9.999955892562866211e-01,-9.999988675117492676e-01,-9.999992251396179199e-01,-9.999958276748657227e-01,-9.999989867210388184e-01,9.999986886978149414e-01,-9.999987483024597168e-01,9.999979734420776367e-01,9.999938607215881348e-01,-9.999934434890747070e-01,-9.999698996543884277e-01,-9.999984502792358398e-01,9.999930262565612793e-01,9.999987483024597168e-01,-9.999944567680358887e-01,-9.999965429306030273e-01,9.999336600303649902e-01,9.999977350234985352e-01,-9.999988675117492676e-01,9.999976754188537598e-01,-9.999982714653015137e-01,-9.999889731407165527e-01,9.999844431877136230e-01,9.999988675117492676e-01,9.999780058860778809e-01,9.999808073043823242e-01,-9.999971985816955566e-01,9.999983906745910645e-01,-9.999807476997375488e-01,-9.999979138374328613e-01,9.999983310699462891e-01,-9.999979138374328613e-01,-9.999920725822448730e-01,9.999990463256835938e-01,-9.999987483024597168e-01,9.999946951866149902e-01,-9.999969601631164551e-01,9.999988079071044922e-01,-9.999564886093139648e-01,-9.998567700386047363e-01,9.999986290931701660e-01,9.999974966049194336e-01,-9.999743700027465820e-01,-9.999983906745910645e-01,-9.999939799308776855e-01,9.999985098838806152e-01,-9.999984502792358398e-01,9.999983906745910645e-01,-9.999983906745910645e-01,-9.999753236770629883e-01,9.999991059303283691e-01,-9.999980926513671875e-01,9.999989867210388184e-01,-9.999985694885253906e-01,-9.999949336051940918e-01,-9.999980330467224121e-01,-9.999988675117492676e-01,9.999963045120239258e-01,9.999984502792358398e-01,-9.999977350234985352e-01,-9.999870657920837402e-01,-9.999956488609313965e-01,9.999908804893493652e-01,-9.999961853027343750e-01
-9.999986290931701660e-01,9.999988675117492676e-01,9.999937415122985840e-01,-9.999985694885253906e-01,-9.999992847442626953e-01,9.999989271163940430e-01,-9.999966621398925781e-01,-9.999992251396179199e-01,9.999979138374328613e-01,-9.999983310699462891e-01,9.999989271163940430e-01,9.999990463256835938e-01,-9.999984502792358398e-01,-9.999987483024597168e-01,-9.999911785125732422e-01,-9.999974370002746582e-01,-9.999978542327880859e-01,9.999988079071044922e-01,-9.999946951866149902e-01,9.999992847442626953e-01,9.999992251396179199e-01,-9.999933838844299316e-01,-9.999987483024597168e-01,-9.999986886978149414e-01,-9.999910593032836914e-01,-9.999992251396179199e-01,9.999985694885253906e-01,9.999991655349731445e-01,-9.999894499778747559e-01,9.999964237213134766e-01,9.999942183494567871e-01,9.999986290931701660e-01,-9.999921917915344238e-01,-9.999972581863403320e-01,9.999980330467224121e-01,9.998534321784973145e-01,-9.999992251396179199e-01,-9.999988675117492676e-01,-9.999938011169433594e-01,9.999991655349731445e-01,-9.999988675117492676e-01,9.999957680702209473e-01,-9.999814629554748535e-01,-9.999991059303283691e-01,-9.999986290931701660e-01,-9.999986290931701660e-01,9.999936819076538086e-01,-9.999986886978149414e-01,-9.999989867210388184e-01,9.999988675117492676e-01,9.999990463256835938e-01,9.999985098838806152e-01,9.999992251396179199e-01,9.999939203262329102e-01,9.999983310699462891e-01,9.999983906745910645e-01,9.999966621398925781e-01,-9.999607801437377930e-01,-9.999979138374328613e-01,-9.999988079071044922e-01,9.999986290931701660e-01,-9.999992251396179199e-01,-9.999986886978149414e-01,-9.999963045120239258e-01,9.999963045120239258e-01,9.999991059303283691e-01,9.999992847442626953e-01,9.999966025352478027e-01,9.999990463256835938e-01,-9.999989271163940430e-01,9.999989867210388184e-01,-9.999983310699462891e-01,-9.999948740005493164e-01,9.999945759773254395e-01,9.999752044677734375e-01,9.999986290931701660e-01,-9.999942779541015625e-01,-9.999989271163940430e-01,9.999954104423522949e-01,9.999970793724060059e-01,-9.999454021453857422e-01,-9.999980926513671875e-01,9.999991059303283691e-01,-9.999979734420776367e-01,9.999986886978149414e-01,9.999909400939941406e-01,-9.999871850013732910e-01,-9.999991655349731445e-01,-9.999818801879882812e-01,-9.999842047691345215e-01,9.999976754188537598e-01,-9.999986886978149414e-01,9.999841451644897461e-01,9.999982118606567383e-01,-9.999986290931701660e-01,9.999982714653015137e-01,9.999934434890747070e-01,-9.999992251396179199e-01,9.999991059303283691e-01,-9.999956488609313965e-01,9.999974370002746582e-01,-9.999991059303283691e-01,9.999642372131347656e-01,9.998822212219238281e-01,-9.999988675117492676e-01,-9.999978542327880859e-01,9.999790191650390625e-01,9.999985694885253906e-01,9.999950528144836426e-01,-9.999987483024597168e-01,9.999986886978149414e-01,-9.999986886978149414e-01,9.999986290931701660e-01,9.999797344207763672e-01,-9.999992251396179199e-01,9.999984502792358398e-01,-9.999991655349731445e-01,9.999988079071044922e-01,9.999958276748657227e-01,9.999983906745910645e-01,9.999991059303283691e-01,-9.999969601631164551e-01,-9.999986886978149414e-01,9.999980926513671875e-01,9.999893903732299805e-01,9.999963045120239258e-01,-9.999923706054687500e-01,9.999967813491821289e-01
-9.999923706054687500e-01,9.999937415122985840e-01,9.999638199806213379e-01,-9.999914169311523438e-01,-9.999949932098388672e-01,9.999942779541015625e-01,-9.999809265136718750e-01,-9.999954700469970703e-01,9.999880194664001465e-01,-9.999904036521911621e-01,9.999939203262329102e-01,9.999948143959045410e-01,-9.999912381172180176e-01,-9.999929070472717285e-01,-9.999489784240722656e-01,-9.999856352806091309e-01,-9.999881386756896973e-01,9.999933838844299316e-01,-9.999694228172302246e-01,9.999956488609313965e-01,9.999951720237731934e-01,-9.999612569808959961e-01,-9.999930262565612793e-01,-9.999924898147583008e-01,-9.999483823776245117e-01,-9.999953508377075195e-01,9.999923706054687500e-01,9.999949336051940918e-01,-9.999391436576843262e-01,9.999796152114868164e-01,9.999666810035705566e-01,9.999927878379821777e-01,-9.999547600746154785e-01,-9.999845623970031738e-01,9.999886155128479004e-01,9.991565346717834473e-01,-9.999952912330627441e-01,-9.999934434890747070e-01,-9.999642968177795410e-01,9.999947547912597656e-01,-9.999937415122985840e-01,9.999758005142211914e-01,-9.998931288719177246e-01,-9.999946355819702148e-01,-9.999923110008239746e-01,-9.999920725822448730e-01,9.999636411666870117e-01,-9.999926686286926270e-01,-9.999943375587463379e-01,9.999932646751403809e-01,9.999942779541015625e-01,9.999914169311523438e-01,9.999946951866149902e-01,9.999649524688720703e-01,9.999906420707702637e-01,9.999914765357971191e-01,9.999811053276062012e-01,-9.997742772102355957e-01,-9.999879598617553711e-01,-9.999926686286926270e-01,9.999923110008239746e-01,-9.999951720237731934e-01,-9.999924898147583008e-01,-9.999783635139465332e-01,9.999789595603942871e-01,9.999945163726806641e-01,9.999954700469970703e-01,9.999805092811584473e-01,9.999949932098388672e-01,-9.999938011169433594e-01,9.999942183494567871e-01,-9.999907016754150391e-01,-9.999704957008361816e-01,9.999688267707824707e-01,9.998571872711181641e-01,9.999921917915344238e-01,-9.999668598175048828e-01,-9.999940991401672363e-01,9.999735355377197266e-01,9.999834299087524414e-01,-9.996855854988098145e-01,-9.999892115592956543e-01,9.999945759773254395e-01,-9.999890923500061035e-01,9.999919533729553223e-01,9.999476075172424316e-01,-9.999260902404785156e-01,-9.999949336051940918e-01,-9.998952746391296387e-01,-9.999087452888488770e-01,9.999865293502807617e-01,-9.999924302101135254e-01,9.999085664749145508e-01,9.999899864196777344e-01,-9.999920129776000977e-01,9.999902844429016113e-01,9.999623298645019531e-01,-9.999952316284179688e-01,9.999943971633911133e-01,-9.999747872352600098e-01,9.999853372573852539e-01,-9.999943375587463379e-01,9.997941255569458008e-01,9.993218183517456055e-01,-9.999936223030090332e-01,-9.999877214431762695e-01,9.998784065246582031e-01,9.999918937683105469e-01,9.999713897705078125e-01,-9.999929666519165039e-01,9.999924302101135254e-01,-9.999925494194030762e-01,9.999920725822448730e-01,9.998829960823059082e-01,-9.999954700469970703e-01,9.999905824661254883e-01,-9.999950528144836426e-01,9.999928474426269531e-01,9.999757409095764160e-01,9.999908804893493652e-01,9.999943971633911133e-01,-9.999825358390808105e-01,-9.999927282333374023e-01,9.999890327453613281e-01,9.999382495880126953e-01,9.999791979789733887e-01,-9.999566078186035156e-01,9.999822378158569336e-01
9.999982714653015137e-01,-9.999985694885253906e-01,-9.999914169311523438e-01,9.999979138374328613e-01,9.999988079071044922e-01,-9.999985694885253906e-01,9.999954700469970703e-01,9.999989867210388184e-01,-9.999970793724060059e-01,9.999976158142089844e-01,-9.999985098838806152e-01,-9.999986886978149414e-01,9.999979138374328613e-01,9.999983310699462891e-01,9.999877810478210449e-01,9.999965429306030273e-01,9.999971389770507812e-01,-9.999985098838806152e-01,9.999928474426269531e-01,-9.999988675117492676e-01,-9.999987483024597168e-01,9.999908804893493652e-01,9.999982714653015137e-01,9.999980926513671875e-01,9.999877214431762695e-01,9.999988675117492676e-01,-9.999981522560119629e-01,-9.999987483024597168e-01,9.999855160713195801e-01,-9.999951720237731934e-01,-9.999920725822448730e-01,-9.999982714653015137e-01,9.999892711639404297e-01,9.999962449073791504e-01,-9.999972581863403320e-01,-9.997990727424621582e-01,9.999988079071044922e-01,9.999984502792358398e-01,9.999915361404418945e-01,-9.999986886978149414e-01,9.999985098838806152e-01,-9.999942183494567871e-01,9.999746084213256836e-01,9.999987483024597168e-01,9.999981522560119629e-01,9.999980926513671875e-01,-9.999913573265075684e-01,9.999982118606567383e-01,9.999985694885253906e-01,-9.999983906745910645e-01,-9.999985098838806152e-01,-9.999978542327880859e-01,-9.999987483024597168e-01,-9.999915957450866699e-01,-9.999977350234985352e-01,-9.999979734420776367e-01,-9.999955296516418457e-01,9.999462366104125977e-01,9.999970793724060059e-01,9.999982118606567383e-01,-9.999981522560119629e-01,9.999988079071044922e-01,9.999980926513671875e-01,9.999949336051940918e-01,-9.999949932098388672e-01,-9.999986886978149414e-01,-9.999988675117492676e-01,-9.999953508377075195e-01,-9.999986886978149414e-01,9.999985098838806152e-01,-9.999986290931701660e-01,9.999977350234985352e-01,9.999929666519165039e-01,-9.999926090240478516e-01,-9.999659657478332520e-01,-9.999980926513671875e-01,9.999921321868896484e-01,9.999985098838806152e-01,-9.999937415122985840e-01,-9.999960064888000488e-01,9.999251365661621094e-01,9.999974370002746582e-01,-9.999986886978149414e-01,9.999972581863403320e-01,-9.999980330467224121e-01,-9.999875426292419434e-01,9.999823570251464844e-01,9.999987483024597168e-01,9.999750852584838867e-01,9.999783635139465332e-01,-9.999967217445373535e-01,9.999981522560119629e-01,-9.999781847000122070e-01,-9.999975562095642090e-01,9.999980926513671875e-01,-9.999976754188537598e-01,-9.999910593032836914e-01,9.999988675117492676e-01,-9.999985694885253906e-01,9.999940395355224609e-01,-9.999964833259582520e-01,9.999986290931701660e-01,-9.999509453773498535e-01,-9.998385310173034668e-01,9.999984502792358398e-01,9.999970793724060059e-01,-9.999710917472839355e-01,-9.999981522560119629e-01,-9.999932050704956055e-01,9.999983310699462891e-01,-9.999981522560119629e-01,9.999983310699462891e-01,-9.999980926513671875e-01,-9.999721646308898926e-01,9.999989271163940430e-01,-9.999977350234985352e-01,9.999988675117492676e-01,-9.999982714653015137e-01,-9.999942183494567871e-01,-9.999977350234985352e-01,-9.999986886978149414e-01,9.999958872795104980e-01,9.999982714653015137e-01,-9.999972581863403320e-01,-9.999854564666748047e-01,-9.999950528144836426e-01,9.999896287918090820e-01,-9.999957084655761719e-01
9.999989867210388184e-01,-9.999992847442626953e-01,-9.999949932098388672e-01,9.999988079071044922e-01,9.999994039535522461e-01,-9.999992251396179199e-01,9.999973773956298828e-01,9.999994039535522461e-01,-9.999983906745910645e-01,9.999986290931701660e-01,-9.999991655349731445e-01,-9.999993443489074707e-01,9.999987483024597168e-01,9.999991655349731445e-01,9.999929070472717285e-01,9.999980330467224121e-01,9.999983310699462891e-01,-9.999992251396179199e-01,9.999958276748657227e-01,-9.999995231628417969e-01,-9.999994635581970215e-01,9.999946951866149902e-01,9.999991059303283691e-01,9.999989867210388184e-01,9.999929666519165039e-01,9.999994039535522461e-01,-9.999989867210388184e-01,-9.999994039535522461e-01,9.999915957450866699e-01,-9.999971389770507812e-01,-9.999954700469970703e-01,-9.999989867210388184e-01,9.999937415122985840e-01,9.999977946281433105e-01,-9.999985098838806152e-01,-9.998825788497924805e-01,9.999994635581970215e-01,9.999991655349731445e-01,9.999951124191284180e-01,-9.999992847442626953e-01,9.999991655349731445e-01,-9.999966025352478027e-01,9.999852776527404785e-01,9.999994039535522461e-01,9.999989867210388184e-01,9.999988675117492676e-01,-9.999950528144836426e-01,9.999990463256835938e-01,9.999992847442626953e-01,-9.999992251396179199e-01,-9.999993443489074707e-01,-9.999988079071044922e-01,-9.999992847442626953e-01,-9.999952316284179688e-01,-9.999987483024597168e-01,-9.999988675117492676e-01,-9.999974370002746582e-01,9.999686479568481445e-01,9.999983310699462891e-01,9.999990463256835938e-01,-9.999989867210388184e-01,9.999994635581970215e-01,9.999989867210388184e-01,9.999970197677612305e-01,-9.999970197677612305e-01,-9.999992847442626953e-01,-9.999994635581970215e-01,-9.999972581863403320e-01,-9.999993443489074707e-01,9.999991655349731445e-01,-9.999992251396179199e-01,9.999987483024597168e-01,9.999960064888000488e-01,-9.999956488609313965e-01,-9.999802708625793457e-01,-9.999989271163940430e-01,9.999954700469970703e-01,9.999993443489074707e-01,-9.999963045120239258e-01,-9.999977350234985352e-01,9.999563694000244141e-01,9.999985098838806152e-01,-9.999992847442626953e-01,9.999984502792358398e-01,-9.999989867210388184e-01,-9.999927282333374023e-01,9.999897480010986328e-01,9.999993443489074707e-01,9.999855756759643555e-01,9.999874234199523926e-01,-9.999980926513671875e-01,9.999989867210388184e-01,-9.999873042106628418e-01,-9.999986886978149414e-01,9.999988675117492676e-01,-9.999986290931701660e-01,-9.999948740005493164e-01,9.999994039535522461e-01,-9.999992847442626953e-01,9.999964833259582520e-01,-9.999979734420776367e-01,9.999992847442626953e-01,-9.999713897705078125e-01,-9.999057054519653320e-01,9.999991655349731445e-01,9.999983906745910645e-01,-9.999831914901733398e-01,-9.999989271163940430e-01,-9.999959468841552734e-01,9.999991059303283691e-01,-9.999989867210388184e-01,9.999989867210388184e-01,-9.999988675117492676e-01,-9.999838471412658691e-01,9.999994635581970215e-01,-9.999987483024597168e-01,9.999994039535522461e-01,-9.999991655349731445e-01,-9.999966621398925781e-01,-9.999988079071044922e-01,-9.999992847442626953e-01,9.999975562095642090e-01,9.999990463256835938e-01,-9.999984502792358398e-01,-9.999914765357971191e-01,-9.999970793724060059e-01,9.999939799308776855e-01,-9.999974966049194336e-01
-9.999988079071044922e-01,9.999989271163940430e-01,9.999942779541015625e-01,-9.999985694885253906e-01,-9.999992251396179199e-01,9.999990463256835938e-01,-9.999969005584716797e-01,-9.999992251396179199e-01,9.999980926513671875e-01,-9.999983906745910645e-01,9.999989867210388184e-01,9.999990463256835938e-01,-9.999985098838806152e-01,-9.999988079071044922e-01,-9.999918937683105469e-01,-9.999976754188537598e-01,-9.999981522560119629e-01,9.999989271163940430e-01,-9.999952316284179688e-01,9.999992847442626953e-01,9.999992847442626953e-01,-9.999939203262329102e-01,-9.999988079071044922e-01,-9.999987483024597168e-01,-9.999918937683105469e-01,-9.999992847442626953e-01,9.999987483024597168e-01,9.999992251396179199e-01,-9.999904632568359375e-01,9.999966621398925781e-01,9.999946951866149902e-01,9.999988079071044922e-01,-9.999928474426269531e-01,-9.999975562095642090e-01,9.999982118606567383e-01,9.998677372932434082e-01,-9.999992251396179199e-01,-9.999989271163940430e-01,-9.999943375587463379e-01,9.999991059303283691e-01,-9.999989271163940430e-01,9.999961256980895996e-01,-9.999833106994628906e-01,-9.999991059303283691e-01,-9.999987483024597168e-01,-9.999986886978149414e-01,9.999943375587463379e-01,-9.999988079071044922e-01,-9.999990463256835938e-01,9.999988675117492676e-01,9.999990463256835938e-01,9.999985694885253906e-01,9.999991059303283691e-01,9.999944567680358887e-01,9.999983906745910645e-01,9.999985694885253906e-01,9.999970197677612305e-01,-9.999645352363586426e-01,-9.999979734420776367e-01,-9.999988079071044922e-01,9.999986886978149414e-01,-9.999991655349731445e-01,-9.999986886978149414e-01,-9.999965429306030273e-01,9.999965429306030273e-01,9.999991655349731445e-01,9.999992251396179199e-01,9.999968409538269043e-01,9.999991655349731445e-01,-9.999989271163940430e-01,9.999990463256835938e-01,-9.999985098838806152e-01,-9.999953508377075195e-01,9.999950528144836426e-01,9.999776482582092285e-01,9.999987483024597168e-01,-9.999947547912597656e-01,-9.999990463256835938e-01,9.999957680702209473e-01,9.999973773956298828e-01,-9.999507069587707520e-01,-9.999982118606567383e-01,9.999991059303283691e-01,-9.999981522560119629e-01,9.999986290931701660e-01,9.999917149543762207e-01,-9.999883770942687988e-01,-9.999991655349731445e-01,-9.999836087226867676e-01,-9.999856948852539062e-01,9.999977946281433105e-01,-9.999987483024597168e-01,9.999855756759643555e-01,9.999983310699462891e-01,-9.999986886978149414e-01,9.999983906745910645e-01,9.999940991401672363e-01,-9.999992847442626953e-01,9.999990463256835938e-01,-9.999960064888000488e-01,9.999976754188537598e-01,-9.999990463256835938e-01,9.999676942825317383e-01,9.998935461044311523e-01,-9.999990463256835938e-01,-9.999980926513671875e-01,9.999809265136718750e-01,9.999986886978149414e-01,9.999954700469970703e-01,-9.999988079071044922e-01,9.999987483024597168e-01,-9.999987483024597168e-01,9.999986886978149414e-01,9.999816417694091797e-01,-9.999993443489074707e-01,9.999985098838806152e-01,-9.999992847442626953e-01,9.999988675117492676e-01,9.999961256980895996e-01,9.999984502792358398e-01,9.999990463256835938e-01,-9.999971389770507812e-01,-9.999988675117492676e-01,9.999981522560119629e-01,9.999903440475463867e-01,9.999966025352478027e-01,-9.999931454658508301e-01,9.999970793724060059e-01
9.999960064888000488e-01,-9.999966621398925781e-01,-9.999809265136718750e-01,9.999954700469970703e-01,9.999973773956298828e-01,-9.999969005584716797e-01,9.999899268150329590e-01,9.999976158142089844e-01,-9.999936223030090332e-01,9.999949932098388672e-01,-9.999967217445373535e-01,-9.999972581863403320e-01,9.999953508377075195e-01,9.999963641166687012e-01,9.999730587005615234e-01,9.999923706054687500e-01,9.999937415122985840e-01,-9.999964237213134766e-01,9.999839067459106445e-01,-9.999976754188537598e-01,-9.999974370002746582e-01,9.999796152114868164e-01,9.999961853027343750e-01,9.999960064888000488e-01,9.999727606773376465e-01,9.999974966049194336e-01,-9.999959468841552734e-01,-9.999973773956298828e-01,9.999678730964660645e-01,-9.999892115592956543e-01,-9.999824166297912598e-01,-9.999961256980895996e-01,9.999762773513793945e-01,9.999918341636657715e-01,-9.999940395355224609e-01,-9.995537996292114258e-01,9.999974966049194336e-01,9.999965429306030273e-01,9.999811649322509766e-01,-9.999971389770507812e-01,9.999966025352478027e-01,-9.999873042106628418e-01,9.999435544013977051e-01,9.999971389770507812e-01,9.999959468841552734e-01,9.999958276748657227e-01,-9.999808669090270996e-01,9.999961853027343750e-01,9.999969601631164551e-01,-9.999963641166687012e-01,-9.999969005584716797e-01,-9.999954700469970703e-01,-9.999972581863403320e-01,-9.999815225601196289e-01,-9.999950528144836426e-01,-9.999955296516418457e-01,-9.999900460243225098e-01,9.998806118965148926e-01,9.999937415122985840e-01,9.999960660934448242e-01,-9.999960064888000488e-01,9.999974370002746582e-01,9.999959468841552734e-01,9.999884963035583496e-01,-9.999889135360717773e-01,-9.999970793724060059e-01,-9.999976158142089844e-01,-9.999897480010986328e-01,-9.999973177909851074e-01,9.999966621398925781e-01,-9.999969005584716797e-01,9.999950528144836426e-01,9.999843835830688477e-01,-9.999834299087524414e-01,-9.999244809150695801e-01,-9.999958872795104980e-01,9.999825358390808105e-01,9.999969005584716797e-01,-9.999859333038330078e-01,-9.999912977218627930e-01,9.998337626457214355e-01,9.999943375587463379e-01,-9.999971389770507812e-01,9.999942183494567871e-01,-9.999958276748657227e-01,-9.999723434448242188e-01,9.999609589576721191e-01,9.999972581863403320e-01,9.999446868896484375e-01,9.999518394470214844e-01,-9.999928474426269531e-01,9.999959468841552734e-01,-9.999516010284423828e-01,-9.999946951866149902e-01,9.999958276748657227e-01,-9.999948740005493164e-01,-9.999800920486450195e-01,9.999974966049194336e-01,-9.999970197677612305e-01,9.999867081642150879e-01,-9.999922513961791992e-01,9.999970197677612305e-01,-9.998911619186401367e-01,-9.996412396430969238e-01,9.999966621398925781e-01,9.999936819076538086e-01,-9.999356865882873535e-01,-9.999957680702209473e-01,-9.999849200248718262e-01,9.999963045120239258e-01,-9.999960064888000488e-01,9.999960064888000488e-01,-9.999958276748657227e-01,-9.999381303787231445e-01,9.999976158142089844e-01,-9.999951124191284180e-01,9.999973773956298828e-01,-9.999961853027343750e-01,-9.999871850013732910e-01,-9.999951720237731934e-01,-9.999971389770507812e-01,9.999908208847045898e-01,9.999960660934448242e-01,-9.999942183494567871e-01,-9.999673962593078613e-01,-9.999889731407165527e-01,9.999771714210510254e-01,-9.999905824661254883e-01
9.999991059303283691e-01,-9.999992251396179199e-01,-9.999954700469970703e-01,9.999989867210388184e-01,9.999994039535522461e-01,-9.999992251396179199e-01,9.999976158142089844e-01,9.999994635581970215e-01,-9.999984502792358398e-01,9.999986886978149414e-01,-9.999992847442626953e-01,-9.999994039535522461e-01,9.999989271163940430e-01,9.999991655349731445e-01,9.999935626983642578e-01,9.999981522560119629e-01,9.999985098838806152e-01,-9.999992251396179199e-01,9.999960660934448242e-01,-9.999994039535522461e-01,-9.999994039535522461e-01,9.999951720237731934e-01,9.999991655349731445e-01,9.999991059303283691e-01,9.999935030937194824e-01,9.999994635581970215e-01,-9.999989867210388184e-01,-9.999994039535522461e-01,9.999923706054687500e-01,-9.999973177909851074e-01,-9.999958276748657227e-01,-9.999991059303283691e-01,9.999943375587463379e-01,9.999980330467224121e-01,-9.999985694885253906e-01,-9.998936653137207031e-01,9.999994635581970215e-01,9.999992251396179199e-01,9.999955296516418457e-01,-9.999994039535522461e-01,9.999992251396179199e-01,-9.999969005584716797e-01,9.999865889549255371e-01,9.999993443489074707e-01,9.999990463256835938e-01,9.999990463256835938e-01,-9.999954104423522949e-01,9.999991059303283691e-01,9.999993443489074707e-01,-9.999991655349731445e-01,-9.999992847442626953e-01,-9.999989271163940430e-01,-9.999993443489074707e-01,-9.999955892562866211e-01,-9.999988079071044922e-01,-9.999988675117492676e-01,-9.999976754188537598e-01,9.999716281890869141e-01,9.999984502792358398e-01,9.999992251396179199e-01,-9.999990463256835938e-01,9.999994039535522461e-01,9.999991059303283691e-01,9.999973177909851074e-01,-9.999973177909851074e-01,-9.999992847442626953e-01,-9.999994635581970215e-01,-9.999974370002746582e-01,-9.999994039535522461e-01,9.999992251396179199e-01,-9.999992847442626953e-01,9.999988079071044922e-01,9.999962449073791504e-01,-9.999958872795104980e-01,-9.999821186065673828e-01,-9.999990463256835938e-01,9.999958276748657227e-01,9.999992847442626953e-01,-9.999965429306030273e-01,-9.999979138374328613e-01,9.999604225158691406e-01,9.999986290931701660e-01,-9.999993443489074707e-01,9.999986290931701660e-01,-9.999990463256835938e-01,-9.999933838844299316e-01,9.999907016754150391e-01,9.999993443489074707e-01,9.999868273735046387e-01,9.999886155128479004e-01,-9.999982714653015137e-01,9.999991059303283691e-01,-9.999884963035583496e-01,-9.999988079071044922e-01,9.999990463256835938e-01,-9.999986886978149414e-01,-9.999953508377075195e-01,9.999994635581970215e-01,-9.999992251396179199e-01,9.999967813491821289e-01,-9.999981522560119629e-01,9.999992251396179199e-01,-9.999741315841674805e-01,-9.999146461486816406e-01,9.999992251396179199e-01,9.999984502792358398e-01,-9.999848604202270508e-01,-9.999990463256835938e-01,-9.999962449073791504e-01,9.999991655349731445e-01,-9.999991059303283691e-01,9.999991059303283691e-01,-9.999990463256835938e-01,-9.999852776527404785e-01,9.999995231628417969e-01,-9.999988675117492676e-01,9.999994635581970215e-01,-9.999991655349731445e-01,-9.999969005584716797e-01,-9.999988079071044922e-01,-9.999993443489074707e-01,9.999977946281433105e-01,9.999991059303283691e-01,-9.999986290931701660e-01,-9.999922513961791992e-01,-9.999973177909851074e-01,9.999944567680358887e-01,-9.999976754188537598e-01
-9.999974966049194336e-01,9.999979138374328613e-01,9.999880194664001465e-01,-9.999970793724060059e-01,-9.999983906745910645e-01,9.999980926513671875e-01,-9.999936223030090332e-01,-9.999984502792358398e-01,9.999960660934448242e-01,-9.999967813491821289e-01,9.999979734420776367e-01,9.999981522560119629e-01,-9.999970197677612305e-01,-9.999976754188537598e-01,-9.999830722808837891e-01,-9.999952316284179688e-01,-9.999960064888000488e-01,9.999977350234985352e-01,-9.999898076057434082e-01,9.999984502792358398e-01,9.999983906745910645e-01,-9.999871253967285156e-01,-9.999976754188537598e-01,-9.999974966049194336e-01,-9.999828338623046875e-01,-9.999983906745910645e-01,9.999974370002746582e-01,9.999982714653015137e-01,-9.999797940254211426e-01,9.999932646751403809e-01,9.999889731407165527e-01,9.999975562095642090e-01,-9.999849796295166016e-01,-9.999948740005493164e-01,9.999960660934448242e-01,9.997191429138183594e-01,-9.999984502792358398e-01,-9.999977946281433105e-01,-9.999881386756896973e-01,9.999981522560119629e-01,-9.999978542327880859e-01,9.999920129776000977e-01,-9.999644160270690918e-01,-9.999982118606567383e-01,-9.999973773956298828e-01,-9.999973177909851074e-01,9.999879002571105957e-01,-9.999974966049194336e-01,-9.999981522560119629e-01,9.999977350234985352e-01,9.999980330467224121e-01,9.999971389770507812e-01,9.999982118606567383e-01,9.999883770942687988e-01,9.999967217445373535e-01,9.999970793724060059e-01,9.999937415122985840e-01,-9.999248385429382324e-01,-9.999960064888000488e-01,-9.999974966049194336e-01,9.999974966049194336e-01,-9.999983906745910645e-01,-9.999974370002746582e-01,-9.999927878379821777e-01,9.999930262565612793e-01,9.999980926513671875e-01,9.999985098838806152e-01,9.999935626983642578e-01,9.999983310699462891e-01,-9.999979138374328613e-01,9.999980330467224121e-01,-9.999968409538269043e-01,-9.999901652336120605e-01,9.999895691871643066e-01,9.999524354934692383e-01,9.999973773956298828e-01,-9.999890327453613281e-01,-9.999980330467224121e-01,9.999912381172180176e-01,9.999945759773254395e-01,-9.998953342437744141e-01,-9.999963641166687012e-01,9.999982118606567383e-01,-9.999961853027343750e-01,9.999972581863403320e-01,9.999825954437255859e-01,-9.999753832817077637e-01,-9.999982118606567383e-01,-9.999651908874511719e-01,-9.999696612358093262e-01,9.999955892562866211e-01,-9.999974370002746582e-01,9.999695420265197754e-01,9.999966025352478027e-01,-9.999972581863403320e-01,9.999967217445373535e-01,9.999874830245971680e-01,-9.999983906745910645e-01,9.999981522560119629e-01,-9.999916553497314453e-01,9.999951124191284180e-01,-9.999980926513671875e-01,9.999315142631530762e-01,9.997743368148803711e-01,-9.999978542327880859e-01,-9.999959468841552734e-01,9.999595284461975098e-01,9.999973773956298828e-01,9.999905228614807129e-01,-9.999976754188537598e-01,9.999974966049194336e-01,-9.999974966049194336e-01,9.999973177909851074e-01,9.999611377716064453e-01,-9.999984502792358398e-01,9.999969005584716797e-01,-9.999984502792358398e-01,9.999976754188537598e-01,9.999920129776000977e-01,9.999969005584716797e-01,9.999981522560119629e-01,-9.999942183494567871e-01,-9.999975562095642090e-01,9.999961853027343750e-01,9.999795556068420410e-01,9.999930858612060547e-01,-9.999856352806091309e-01,9.999940395355224609e-01
9.999979734420776367e-01,-9.999983310699462891e-01,-9.999904036521911621e-01,9.999976158142089844e-01,9.999986290931701660e-01,-9.999983906745910645e-01,9.999949932098388672e-01,9.999986886978149414e-01,-9.999967813491821289e-01,9.999973773956298828e-01,-9.999983906745910645e-01,-9.999985694885253906e-01,9.999976754188537598e-01,9.999981522560119629e-01,9.999864697456359863e-01,9.999960064888000488e-01,9.999967217445373535e-01,-9.999982118606567383e-01,9.999919533729553223e-01,-9.999987483024597168e-01,-9.999986886978149414e-01,9.999898076057434082e-01,9.999981522560119629e-01,9.999979734420776367e-01,9.999862909317016602e-01,9.999986886978149414e-01,-9.999979734420776367e-01,-9.999985694885253906e-01,9.999839663505554199e-01,-9.999945759773254395e-01,-9.999912381172180176e-01,-9.999979734420776367e-01,9.999880790710449219e-01,9.999958872795104980e-01,-9.999969005584716797e-01,-9.997771978378295898e-01,9.999986886978149414e-01,9.999982714653015137e-01,9.999905824661254883e-01,-9.999985098838806152e-01,9.999983310699462891e-01,-9.999936223030090332e-01,9.999717473983764648e-01,9.999985098838806152e-01,9.999979138374328613e-01,9.999977946281433105e-01,-9.999904036521911621e-01,9.999980330467224121e-01,9.999984502792358398e-01,-9.999982118606567383e-01,-9.999983906745910645e-01,-9.999976754188537598e-01,-9.999985694885253906e-01,-9.999907016754150391e-01,-9.999974370002746582e-01,-9.999976754188537598e-01,-9.999949336051940918e-01,9.999403953552246094e-01,9.999966621398925781e-01,9.999980330467224121e-01,-9.999978542327880859e-01,9.999986886978149414e-01,9.999979734420776367e-01,9.999942779541015625e-01,-9.999943971633911133e-01,-9.999985694885253906e-01,-9.999987483024597168e-01,-9.999948143959045410e-01,-9.999985694885253906e-01,9.999982118606567383e-01,-9.999984502792358398e-01,9.999974966049194336e-01,9.999921917915344238e-01,-9.999917149543762207e-01,-9.999622702598571777e-01,-9.999979138374328613e-01,9.999912977218627930e-01,9.999983310699462891e-01,-9.999930262565612793e-01,-9.999955892562866211e-01,9.999169111251831055e-01,9.999971389770507812e-01,-9.999985098838806152e-01,9.999969601631164551e-01,-9.999978542327880859e-01,-9.999861717224121094e-01,9.999804496765136719e-01,9.999985694885253906e-01,9.999724030494689941e-01,9.999759197235107422e-01,-9.999963641166687012e-01,9.999978542327880859e-01,-9.999758005142211914e-01,-9.999973177909851074e-01,9.999978542327880859e-01,-9.999973177909851074e-01,-9.999900460243225098e-01,9.999986886978149414e-01,-9.999984502792358398e-01,9.999933838844299316e-01,-9.999960660934448242e-01,9.999983906745910645e-01,-9.999455809593200684e-01,-9.998207688331604004e-01,9.999982714653015137e-01,9.999966621398925781e-01,-9.999678730964660645e-01,-9.999978542327880859e-01,-9.999923706054687500e-01,9.999981522560119629e-01,-9.999979734420776367e-01,9.999980330467224121e-01,-9.999978542327880859e-01,-9.999690651893615723e-01,9.999986886978149414e-01,-9.999974966049194336e-01,9.999986886978149414e-01,-9.999980926513671875e-01,-9.999935030937194824e-01,-9.999974966049194336e-01,-9.999985098838806152e-01,9.999953508377075195e-01,9.999980330467224121e-01,-9.999970793724060059e-01,-9.999837279319763184e-01,-9.999943971633911133e-01,9.999884963035583496e-01,-9.999951720237731934e-01
-9.999987483024597168e-01,9.999989271163940430e-01,9.999939203262329102e-01,-9.999985098838806152e-01,-9.999991655349731445e-01,9.999989867210388184e-01,-9.999967217445373535e-01,-9.999992847442626953e-01,9.999979734420776367e-01,-9.999983906745910645e-01,9.999990463256835938e-01,9.999991059303283691e-01,-9.999985098838806152e-01,-9.999988079071044922e-01,-9.999914169311523438e-01,-9.999975562095642090e-01,-9.999979734420776367e-01,9.999989271163940430e-01,-9.999949336051940918e-01,9.999992847442626953e-01,9.999992251396179199e-01,-9.999935626983642578e-01,-9.999988079071044922e-01,-9.999987483024597168e-01,-9.999912977218627930e-01,-9.999992251396179199e-01,9.999986290931701660e-01,9.999991655349731445e-01,-9.999897480010986328e-01,9.999964237213134766e-01,9.999943971633911133e-01,9.999987483024597168e-01,-9.999924302101135254e-01,-9.999973773956298828e-01,9.999980926513671875e-01,9.998579025268554688e-01,-9.999992847442626953e-01,-9.999988675117492676e-01,-9.999939799308776855e-01,9.999991655349731445e-01,-9.999989271163940430e-01,9.999959468841552734e-01,-9.999821186065673828e-01,-9.999991655349731445e-01,-9.999986886978149414e-01,-9.999986290931701660e-01,9.999938607215881348e-01,-9.999987483024597168e-01,-9.999989867210388184e-01,9.999988675117492676e-01,9.999990463256835938e-01,9.999985694885253906e-01,9.999991655349731445e-01,9.999940991401672363e-01,9.999983906745910645e-01,9.999985694885253906e-01,9.999967813491821289e-01,-9.999619722366333008e-01,-9.999979734420776367e-01,-9.999987483024597168e-01,9.999987483024597168e-01,-9.999992251396179199e-01,-9.999986886978149414e-01,-9.999963045120239258e-01,9.999963045120239258e-01,9.999990463256835938e-01,9.999992847442626953e-01,9.999967217445373535e-01,9.999991655349731445e-01,-9.999988675117492676e-01,9.999990463256835938e-01,-9.999983906745910645e-01,-9.999950528144836426e-01,9.999946951866149902e-01,9.999760985374450684e-01,9.999987483024597168e-01,-9.999944567680358887e-01,-9.999990463256835938e-01,9.999955892562866211e-01,9.999972581863403320e-01,-9.999470114707946777e-01,-9.999981522560119629e-01,9.999991655349731445e-01,-9.999980330467224121e-01,9.999986290931701660e-01,9.999911785125732422e-01,-9.999874830245971680e-01,-9.999991059303283691e-01,-9.999824166297912598e-01,-9.999847412109375000e-01,9.999976754188537598e-01,-9.999986886978149414e-01,9.999845027923583984e-01,9.999982714653015137e-01,-9.999985694885253906e-01,9.999982714653015137e-01,9.999936819076538086e-01,-9.999993443489074707e-01,9.999991059303283691e-01,-9.999957680702209473e-01,9.999974966049194336e-01,-9.999991059303283691e-01,9.999653100967407227e-01,9.998856782913208008e-01,-9.999989271163940430e-01,-9.999979138374328613e-01,9.999796152114868164e-01,9.999986886978149414e-01,9.999951124191284180e-01,-9.999988079071044922e-01,9.999986886978149414e-01,-9.999988079071044922e-01,9.999986290931701660e-01,9.999803304672241211e-01,-9.999993443489074707e-01,9.999983906745910645e-01,-9.999992847442626953e-01,9.999988675117492676e-01,9.999959468841552734e-01,9.999984502792358398e-01,9.999991059303283691e-01,-9.999969601631164551e-01,-9.999987483024597168e-01,9.999981522560119629e-01,9.999896287918090820e-01,9.999964237213134766e-01,-9.999927282333374023e-01,9.999969005584716797e-01
-9.999989271163940430e-01,9.999990463256835938e-01,9.999948143959045410e-01,-9.999986886978149414e-01,-9.999993443489074707e-01,9.999990463256835938e-01,-9.999972581863403320e-01,-9.999994039535522461e-01,9.999981522560119629e-01,-9.999985694885253906e-01,9.999991059303283691e-01,9.999992251396179199e-01,-9.999986886978149414e-01,-9.999990463256835938e-01,-9.999927282333374023e-01,-9.999979138374328613e-01,-9.999982118606567383e-01,9.999991059303283691e-01,-9.999957084655761719e-01,9.999993443489074707e-01,9.999992847442626953e-01,-9.999945163726806641e-01,-9.999989867210388184e-01,-9.999988675117492676e-01,-9.999927282333374023e-01,-9.999992847442626953e-01,9.999988675117492676e-01,9.999993443489074707e-01,-9.999914169311523438e-01,9.999970197677612305e-01,9.999952316284179688e-01,9.999989271163940430e-01,-9.999936223030090332e-01,-9.999977350234985352e-01,9.999982714653015137e-01,9.998808503150939941e-01,-9.999992847442626953e-01,-9.999990463256835938e-01,-9.999949336051940918e-01,9.999992251396179199e-01,-9.999991655349731445e-01,9.999965429306030273e-01,-9.999849796295166016e-01,-9.999992251396179199e-01,-9.999988079071044922e-01,-9.999988079071044922e-01,9.999948740005493164e-01,-9.999989271163940430e-01,-9.999991655349731445e-01,9.999989867210388184e-01,9.999991059303283691e-01,9.999986886978149414e-01,9.999992251396179199e-01,9.999949932098388672e-01,9.999985694885253906e-01,9.999986886978149414e-01,9.999971985816955566e-01,-9.999681115150451660e-01,-9.999981522560119629e-01,-9.999988675117492676e-01,9.999988079071044922e-01,-9.999993443489074707e-01,-9.999988079071044922e-01,-9.999967813491821289e-01,9.999969005584716797e-01,9.999992847442626953e-01,9.999993443489074707e-01,9.999971389770507812e-01,9.999992251396179199e-01,-9.999991655349731445e-01,9.999992251396179199e-01,-9.999985694885253906e-01,-9.999957680702209473e-01,9.999955296516418457e-01,9.999797940254211426e-01,9.999988079071044922e-01,-9.999952912330627441e-01,-9.999991059303283691e-01,9.999961256980895996e-01,9.999976158142089844e-01,-9.999556541442871094e-01,-9.999983906745910645e-01,9.999992847442626953e-01,-9.999983310699462891e-01,9.999988675117492676e-01,9.999926090240478516e-01,-9.999895095825195312e-01,-9.999992251396179199e-01,-9.999852776527404785e-01,-9.999871253967285156e-01,9.999980926513671875e-01,-9.999988675117492676e-01,9.999870657920837402e-01,9.999985098838806152e-01,-9.999988079071044922e-01,9.999984502792358398e-01,9.999946951866149902e-01,-9.999993443489074707e-01,9.999991655349731445e-01,-9.999964237213134766e-01,9.999978542327880859e-01,-9.999991655349731445e-01,9.999709129333496094e-01,9.999042153358459473e-01,-9.999991655349731445e-01,-9.999982714653015137e-01,9.999828934669494629e-01,9.999988675117492676e-01,9.999959468841552734e-01,-9.999990463256835938e-01,9.999988675117492676e-01,-9.999988675117492676e-01,9.999988079071044922e-01,9.999834895133972168e-01,-9.999994039535522461e-01,9.999986290931701660e-01,-9.999993443489074707e-01,9.999989867210388184e-01,9.999965429306030273e-01,9.999986290931701660e-01,9.999991655349731445e-01,-9.999974370002746582e-01,-9.999989271163940430e-01,9.999983310699462891e-01,9.999912977218627930e-01,9.999970197677612305e-01,-9.999938011169433594e-01,9.999973773956298828e-01
