4.776874780654907227e-01,-2.220114693045616150e-02,1.600128561258316040e-01,-2.091115564107894897e-01,1.660938113927841187e-01,-2.018093019723892212e-01,2.114676386117935181e-01,2.902775108814239502e-01,7.469329982995986938e-02,2.951423637568950653e-02,-1.713998466730117798e-01,-2.664559287950396538e-03,-2.415541112422943115e-01,-2.649979107081890106e-02,-4.671648517251014709e-02,-2.340728975832462311e-02,5.249352660030126572e-03,-1.814022809267044067e-01,2.345638424158096313e-01,3.232523798942565918e-02,-1.206628680229187012e-01,-1.617926359176635742e-01,-1.925271898508071899e-01,1.446358561515808105e-01,1.406733063049614429e-03,-1.066022068262100220e-01,1.848704069852828979e-01,-1.416773796081542969e-01,-1.808871030807495117e-01,-1.195356026291847229e-01,-2.094316631555557251e-01,9.088339656591415405e-02,-1.561534404754638672e-01,-6.346385180950164795e-02,-1.705832593142986298e-02,1.412279903888702393e-01,-8.430890738964080811e-02,-9.529586881399154663e-02,-7.314730435609817505e-02,-3.230858445167541504e-01,6.959678977727890015e-02,7.618267834186553955e-02,-2.723924219608306885e-01,-1.862622052431106567e-02,-8.017534017562866211e-02,2.330730855464935303e-01,9.596545249223709106e-02,-3.474016487598419189e-02,1.102501749992370605e-01,-1.035686656832695007e-01,-1.408027708530426025e-01,-1.190251335501670837e-01,2.781054973602294922e-01,3.603914752602577209e-02,-5.909601226449012756e-02,1.955249533057212830e-02,3.413487970829010010e-02,-9.450795128941535950e-03,1.906628757715225220e-01,1.349886953830718994e-01,-1.093258336186408997e-01,-3.330755233764648438e-02,-2.258620690554380417e-03,1.475844532251358032e-01,-4.131584614515304565e-02,5.471150204539299011e-02,-3.079147934913635254e-01,-2.045339532196521759e-02,5.987614765763282776e-02,1.405584216117858887e-01,-5.338842421770095825e-02,1.683077961206436157e-01,7.780570536851882935e-02,-5.865383520722389221e-02,-8.112724870443344116e-02,3.160221129655838013e-02,2.721071010455489159e-03,-1.254070848226547241e-01,2.119090221822261810e-02,3.641761094331741333e-02,-1.045942232012748718e-01,-3.080400929320603609e-04,-1.336221545934677124e-01,-4.878143779933452606e-03,-2.164425402879714966e-01,2.574760019779205322e-01,2.182682752609252930e-01,-5.144031252712011337e-03,-1.960964053869247437e-01,1.565017364919185638e-02,-1.476956754922866821e-01,1.538193970918655396e-01,2.633451819419860840e-01,-1.479625850915908813e-01,2.146658487617969513e-02,-3.905648291110992432e-01,-4.400657117366790771e-02,-2.739177944022230804e-05,-7.930169254541397095e-02,1.485755741596221924e-01,-2.460973262786865234e-01,2.358513027429580688e-01,1.261171251535415649e-01,6.379736959934234619e-02,-1.971556395292282104e-01,2.788646221160888672e-01,2.392062246799468994e-01,2.975229024887084961e-01,-2.887246608734130859e-01,9.461639449000358582e-03,-8.145281672477722168e-02,1.768918484449386597e-01,2.067631483078002930e-01,8.667261898517608643e-02,-7.083334773778915405e-02,1.375792473554611206e-01,3.475052714347839355e-01,-2.450850009918212891e-01,-8.820686489343643188e-02,-5.257797241210937500e-02,-2.704466283321380615e-01,4.025937058031558990e-03,8.219923824071884155e-02,3.137018680572509766e-01,-3.088733553886413574e-02,7.701023668050765991e-02,3.168584080412983894e-03,-1.021976545453071594e-01
-2.220114693045616150e-02,1.182035170495510101e-02,-9.404665976762771606e-02,7.741545885801315308e-02,2.780417166650295258e-02,-2.178984135389328003e-02,-3.047282993793487549e-02,4.329002648591995239e-02,2.907416224479675293e-02,4.364021494984626770e-02,7.227032445371150970e-03,-4.216489195823669434e-02,8.937488496303558350e-02,6.233873218297958374e-02,8.917825669050216675e-02,9.756464511156082153e-02,-8.014980703592300415e-04,6.942634284496307373e-02,-7.862514257431030273e-02,-4.467774927616119385e-02,-2.922646142542362213e-02,7.474275678396224976e-02,6.638514995574951172e-02,-4.431927576661109924e-02,1.050200313329696655e-02,9.741409122943878174e-02,-9.701421111822128296e-02,-2.615667879581451416e-02,8.531445264816284180e-02,1.387274358421564102e-02,1.101892534643411636e-02,-9.715018421411514282e-02,6.939651072025299072e-02,5.681512504816055298e-02,-3.239259589463472366e-03,-1.038965359330177307e-01,4.783881828188896179e-02,8.333533257246017456e-02,-7.862129807472229004e-02,-3.162541240453720093e-02,8.352760225534439087e-02,8.423317223787307739e-03,9.009930491447448730e-02,1.935585960745811462e-02,1.299367984756827354e-03,-7.212256640195846558e-02,-9.572488069534301758e-02,-3.032483719289302826e-02,-2.464452991262078285e-03,2.489572018384933472e-02,1.491464907303452492e-03,4.139340668916702271e-02,2.555840276181697845e-02,-2.299617044627666473e-02,-1.431879773736000061e-02,-1.065059825778007507e-01,3.059769980609416962e-02,7.470633834600448608e-03,-4.808635637164115906e-02,-7.407046854496002197e-02,-1.085379160940647125e-02,1.165067777037620544e-02,2.537325490266084671e-03,6.602496840059757233e-03,2.647194266319274902e-02,-2.985450811684131622e-02,3.837542235851287842e-02,9.114581346511840820e-02,-9.353488683700561523e-02,5.203438922762870789e-03,-7.989401370286941528e-02,-1.687516458332538605e-02,-2.599456720054149628e-02,9.018605202436447144e-02,-2.831677161157131195e-02,-8.750565350055694580e-02,-1.236087176948785782e-03,1.078864783048629761e-01,-5.431815981864929199e-02,-8.190506696701049805e-02,9.974642843008041382e-02,3.891565720550715923e-04,-6.199688836932182312e-02,1.013172906823456287e-03,-6.763187795877456665e-02,-8.973374962806701660e-02,3.255435079336166382e-02,3.154248930513858795e-03,5.773251876235008240e-02,5.965177714824676514e-02,-1.456029433757066727e-02,-2.310795150697231293e-02,-9.000135213136672974e-02,3.436860814690589905e-02,-7.846868783235549927e-02,2.450661174952983856e-02,6.825678050518035889e-02,-2.155063521058764309e-05,-6.430292874574661255e-02,6.348545104265213013e-02,-9.714268147945404053e-03,3.622595593333244324e-02,-1.050285622477531433e-01,-7.751059532165527344e-02,1.125174760818481445e-01,-1.780777983367443085e-02,-8.166468888521194458e-02,-9.814109653234481812e-02,3.959087654948234558e-03,-4.184685181826353073e-03,6.531693041324615479e-02,-6.202948838472366333e-02,-9.589696675539016724e-02,7.021962082944810390e-04,1.039120480418205261e-01,-9.648885577917098999e-02,2.296167984604835510e-02,6.075722351670265198e-02,-9.190628677606582642e-02,3.847344592213630676e-02,5.401019379496574402e-02,7.512720674276351929e-02,7.690127193927764893e-02,-6.688316911458969116e-02,-3.683736920356750488e-02,-6.201560795307159424e-02,2.814249455695971847e-05,7.111719250679016113e-02
1.600128561258316040e-01,-9.404665976762771606e-02,7.668679356575012207e-01,-6.790674924850463867e-01,-2.098593562841415405e-01,1.319880932569503784e-01,1.991017609834671021e-01,-3.720522522926330566e-01,-2.203602939844131470e-01,-3.982209563255310059e-01,-1.639862917363643646e-02,3.735013902187347412e-01,-6.622821092605590820e-01,-5.785176157951354980e-01,-7.213991284370422363e-01,-7.228199839591979980e-01,5.481916945427656174e-03,-5.518515110015869141e-01,6.625517010688781738e-01,4.152541160583496094e-01,2.965649962425231934e-01,-6.346048712730407715e-01,-6.160297393798828125e-01,3.861717879772186279e-01,-9.383422136306762695e-02,-6.917591691017150879e-01,7.367432713508605957e-01,1.374976783990859985e-01,-6.871619820594787598e-01,-1.299565285444259644e-01,-6.745287775993347168e-02,7.632963061332702637e-01,-5.952133536338806152e-01,-5.605494379997253418e-01,2.995338663458824158e-02,7.690277695655822754e-01,-4.035881459712982178e-01,-6.878206133842468262e-01,5.698824524879455566e-01,3.556088209152221680e-01,-6.501992940902709961e-01,-8.967079222202301025e-02,-6.880580782890319824e-01,-1.721494942903518677e-01,-6.055320147424936295e-03,5.846191048622131348e-01,7.783293128013610840e-01,2.658115625381469727e-01,1.115314569324254990e-02,-1.183172091841697693e-01,-1.977989263832569122e-02,-3.274966776371002197e-01,-2.718418538570404053e-01,1.985942870378494263e-01,9.627051651477813721e-02,8.057802915573120117e-01,-2.897405624389648438e-01,-6.526172161102294922e-02,3.750852048397064209e-01,6.408885121345520020e-01,1.291460543870925903e-01,-1.370889842510223389e-01,-2.307911962270736694e-02,-5.325190350413322449e-02,-2.183027118444442749e-01,2.494219988584518433e-01,-2.683402597904205322e-01,-6.890934705734252930e-01,7.395287752151489258e-01,1.917273923754692078e-02,6.647593379020690918e-01,1.655641496181488037e-01,2.387467026710510254e-01,-7.403404712677001953e-01,2.169622331857681274e-01,6.973772644996643066e-01,9.055210277438163757e-03,-8.240168094635009766e-01,5.050709843635559082e-01,6.859970688819885254e-01,-7.986971735954284668e-01,-3.492210293188691139e-03,5.402527451515197754e-01,-7.591043133288621902e-03,5.402138829231262207e-01,6.895815134048461914e-01,-3.007263839244842529e-01,-2.517220936715602875e-02,-4.415741264820098877e-01,-5.321167707443237305e-01,1.393647193908691406e-01,2.113778442144393921e-01,7.089707851409912109e-01,-2.880786657333374023e-01,6.691848635673522949e-01,-1.800529807806015015e-01,-5.671697854995727539e-01,1.925831456901505589e-04,5.310854315757751465e-01,-5.220772027969360352e-01,1.544045507907867432e-01,-2.796782851219177246e-01,8.062489032745361328e-01,6.527516841888427734e-01,-8.388749361038208008e-01,6.508715450763702393e-03,6.663352847099304199e-01,7.179546356201171875e-01,-7.417962700128555298e-02,3.559121862053871155e-02,-5.609623789787292480e-01,5.974442362785339355e-01,7.553747296333312988e-01,-1.308213174343109131e-01,-7.862144708633422852e-01,7.518044710159301758e-01,-1.863953322172164917e-01,-5.164827704429626465e-01,7.423089146614074707e-01,-3.531540334224700928e-01,-4.291166067123413086e-01,-6.514074206352233887e-01,-6.547981500625610352e-01,5.233330130577087402e-01,3.791149258613586426e-01,5.659224987030029297e-01,-8.023359812796115875e-03,-6.279873251914978027e-01
-2.091115564107894897e-01,7.741545885801315308e-02,-6.790674924850463867e-01,7.134690880775451660e-01,8.520618826150894165e-02,-3.127818182110786438e-02,-1.917168051004409790e-01,2.242684364318847656e-01,1.878504455089569092e-01,3.340739011764526367e-01,-2.958349883556365967e-02,-3.153093457221984863e-01,5.185338854789733887e-01,5.729855298995971680e-01,6.372888088226318359e-01,5.525188446044921875e-01,-1.731536351144313812e-03,5.244472026824951172e-01,-6.466853618621826172e-01,-3.540487289428710938e-01,-3.521270751953125000e-01,5.974147319793701172e-01,5.684437751770019531e-01,-3.359643220901489258e-01,8.122835308313369751e-02,5.169275403022766113e-01,-5.977179408073425293e-01,4.459552466869354248e-02,5.237424969673156738e-01,2.227260321378707886e-01,5.641780048608779907e-02,-6.899806857109069824e-01,6.108506321907043457e-01,4.565730392932891846e-01,-1.153914723545312881e-02,-6.455085277557373047e-01,3.416087329387664795e-01,5.802527666091918945e-01,-3.574218750000000000e-01,-3.627819120883941650e-01,5.516062974929809570e-01,9.558340907096862793e-02,5.868066549301147461e-01,1.449308097362518311e-01,-3.258576989173889160e-02,-4.242016375064849854e-01,-7.062453627586364746e-01,-2.509637773036956787e-01,-2.514640055596828461e-02,1.600301265716552734e-01,4.935631528496742249e-02,3.361517190933227539e-01,2.565508782863616943e-01,-2.057488262653350830e-01,2.752291411161422729e-02,-6.638523340225219727e-01,2.692300379276275635e-01,5.351479351520538330e-02,-3.420158326625823975e-01,-6.046317219734191895e-01,-1.672821193933486938e-01,1.926106661558151245e-01,2.450048550963401794e-02,1.935801468789577484e-03,2.252423465251922607e-01,-2.156806886196136475e-01,2.612007260322570801e-01,5.239474773406982422e-01,-6.182420253753662109e-01,-1.432715356349945068e-01,-5.344288945198059082e-01,-2.385681308805942535e-02,-2.743427157402038574e-01,6.658570170402526855e-01,-1.911121606826782227e-01,-6.061680316925048828e-01,-5.468801129609346390e-03,6.850252151489257812e-01,-5.777138471603393555e-01,-5.837899446487426758e-01,7.583072781562805176e-01,2.976011484861373901e-03,-3.665515780448913574e-01,8.393237367272377014e-03,-4.242828488349914551e-01,-5.819740295410156250e-01,1.000198423862457275e-01,1.856166683137416840e-02,3.495048284530639648e-01,4.311264157295227051e-01,-1.064272597432136536e-01,-2.984485030174255371e-01,-6.904132366180419922e-01,3.291699886322021484e-01,-6.102911233901977539e-01,2.278717607259750366e-01,4.545888602733612061e-01,-1.547558786114677787e-04,-3.568932414054870605e-01,4.005472660064697266e-01,-3.682200983166694641e-02,6.872692704200744629e-02,-7.506277561187744141e-01,-5.384797453880310059e-01,7.547866702079772949e-01,9.439049661159515381e-02,-7.274704575538635254e-01,-6.327292323112487793e-01,1.688574403524398804e-01,-3.201385587453842163e-02,5.900055170059204102e-01,-6.128571629524230957e-01,-6.890231370925903320e-01,1.834013015031814575e-01,6.497447490692138672e-01,-6.505377292633056641e-01,6.921299267560243607e-03,4.477137029170989990e-01,-6.271957159042358398e-01,3.592228591442108154e-01,3.844616413116455078e-01,5.968580245971679688e-01,5.571847558021545410e-01,-4.876742959022521973e-01,-2.855108976364135742e-01,-5.313200950622558594e-01,-5.076556932181119919e-03,5.482234358787536621e-01
1.660938113927841187e-01,2.780417166650295258e-02,-2.098593562841415405e-01,8.520618826150894165e-02,2.513715624809265137e-01,-1.797456443309783936e-01,-3.847612068057060242e-03,3.648329079151153564e-01,5.991542339324951172e-02,1.239361613988876343e-01,-2.129037119448184967e-02,-1.286838203668594360e-01,2.034857571125030518e-01,1.008034944534301758e-01,2.569851875305175781e-01,3.446425199508666992e-01,-2.933037700131535530e-03,1.547604650259017944e-01,-8.134043961763381958e-02,-9.994426369667053223e-02,1.436975412070751190e-02,1.323062777519226074e-01,8.264025300741195679e-02,-4.193492606282234192e-02,2.549066953361034393e-02,2.952764034271240234e-01,-2.374036908149719238e-01,-2.765710353851318359e-01,2.488670349121093750e-01,-9.632801264524459839e-02,-4.092831909656524658e-02,-1.877732872962951660e-01,5.041513592004776001e-02,1.388869732618331909e-01,-2.717637643218040466e-02,-2.729719877243041992e-01,1.077327355742454529e-01,2.176935672760009766e-01,-4.148793220520019531e-01,-1.947616785764694214e-01,2.818974554538726807e-01,4.443246498703956604e-02,1.905675381422042847e-01,5.476556718349456787e-02,4.156883060932159424e-02,-1.583319455385208130e-01,-2.448188364505767822e-01,-1.118469238281250000e-01,1.824236847460269928e-02,6.368871778249740601e-02,-6.867668777704238892e-02,-9.698873385787010193e-03,1.505539119243621826e-01,-3.968414664268493652e-02,-1.570712178945541382e-01,-3.552454710006713867e-01,1.049614995718002319e-01,2.042674645781517029e-02,-6.649173796176910400e-02,-1.463610529899597168e-01,-2.246265299618244171e-02,-6.311920285224914551e-02,3.587016137316823006e-03,7.209784537553787231e-02,3.252078592777252197e-02,-6.278553605079650879e-02,4.516076762229204178e-03,3.367618322372436523e-01,-2.462060749530792236e-01,1.985386013984680176e-01,-3.055601418018341064e-01,-6.534342467784881592e-02,3.103552944958209991e-02,2.254059165716171265e-01,-1.156589314341545105e-01,-2.706480026245117188e-01,-4.019448067992925644e-03,2.911492884159088135e-01,-7.157364487648010254e-02,-2.106933295726776123e-01,2.060557305812835693e-01,9.694800828583538532e-04,-3.146892786026000977e-01,-7.515087490901350975e-04,-3.444364368915557861e-01,-1.958447843790054321e-01,2.737902402877807617e-01,9.925276041030883789e-03,6.763471662998199463e-02,1.912923455238342285e-01,-1.377556771039962769e-01,8.601583540439605713e-02,-1.009645685553550720e-01,-2.119497954845428467e-02,-1.840435266494750977e-01,-1.396830081939697266e-01,2.692986726760864258e-01,-8.072774653555825353e-05,-2.835282385349273682e-01,2.911663055419921875e-01,-1.676815152168273926e-01,2.917363643646240234e-01,-2.202738374471664429e-01,-2.203534245491027832e-01,2.286755740642547607e-01,1.848421432077884674e-02,-3.495289385318756104e-02,-1.958060562610626221e-01,-1.897101104259490967e-01,-2.218144945800304413e-03,4.980568960309028625e-02,-1.074046362191438675e-02,-1.867331117391586304e-01,-6.218358129262924194e-02,3.561136424541473389e-01,-2.198353558778762817e-01,3.137882351875305176e-01,8.916611224412918091e-02,-3.360126614570617676e-01,4.541609436273574829e-02,7.268331199884414673e-02,1.793493330478668213e-01,2.580410838127136230e-01,-5.506763607263565063e-02,-1.135041043162345886e-01,-8.403670787811279297e-02,-9.061409160494804382e-03,1.669030338525772095e-01
-2.018093019723892212e-01,-2.178984135389328003e-02,1.319880932569503784e-01,-3.127818182110786438e-02,-1.797456443309783936e-01,2.783508002758026123e-01,-1.533554308116436005e-02,-2.475742399692535400e-01,-1.856006830930709839e-01,-1.398447901010513306e-01,7.762062549591064453e-02,1.029534786939620972e-01,-1.464588046073913574e-01,-6.817287951707839966e-02,-1.686159968376159668e-01,-2.701180875301361084e-01,1.124934788094833493e-04,-9.578543901443481445e-02,9.306923300027847290e-02,6.807751953601837158e-02,1.524766236543655396e-01,-6.469111144542694092e-02,-1.432485971599817276e-02,4.606840759515762329e-02,-3.138969838619232178e-02,-2.869781851768493652e-01,1.482119113206863403e-01,1.898097693920135498e-01,-1.082431077957153320e-01,2.714444510638713837e-02,9.059174358844757080e-02,2.051886767148971558e-01,-1.157320365309715271e-01,-5.478221550583839417e-02,1.399243436753749847e-02,2.016392946243286133e-01,-9.094420075416564941e-02,-1.828354001045227051e-01,2.773946821689605713e-01,1.592418849468231201e-01,-3.173049688339233398e-01,-5.254104733467102051e-02,-7.495436072349548340e-02,-3.198019787669181824e-02,1.027940809726715088e-01,6.039805710315704346e-02,1.780102103948593140e-01,8.248347043991088867e-02,-9.392734616994857788e-02,-4.336087033152580261e-02,1.008161231875419617e-01,-1.198609545826911926e-01,-2.077177911996841431e-01,2.707338519394397736e-02,6.854338198900222778e-02,2.450526952743530273e-01,-7.631971687078475952e-02,-1.355110947042703629e-02,6.010992452502250671e-02,1.071272268891334534e-01,7.815597206354141235e-02,1.982774119824171066e-03,-3.070412902161478996e-03,-1.877499222755432129e-01,-7.293682545423507690e-02,6.118951737880706787e-02,7.262726873159408569e-02,-2.430445998907089233e-01,2.297988682985305786e-01,-1.195742711424827576e-01,2.436911314725875854e-01,-1.332831233739852905e-01,3.008991479873657227e-02,-1.940529942512512207e-01,1.692174375057220459e-01,2.131692469120025635e-01,3.016121452674269676e-03,-2.145929336547851562e-01,1.036444082856178284e-01,1.975147277116775513e-01,-1.914054304361343384e-01,-6.997642922215163708e-04,2.250330150127410889e-01,-1.534754061140120029e-03,3.209802210330963135e-01,1.083901673555374146e-01,-2.172371000051498413e-01,-6.504526361823081970e-03,-1.051935479044914246e-01,-1.684555113315582275e-01,1.149536445736885071e-01,-2.958797477185726166e-02,1.048640906810760498e-01,1.259355898946523666e-02,2.196705788373947144e-01,1.240615844726562500e-01,-1.263630390167236328e-01,6.919963198015466332e-05,2.055019885301589966e-01,-3.069847226142883301e-01,1.328763663768768311e-01,-2.953751683235168457e-01,2.078906595706939697e-01,1.802543848752975464e-01,-2.249769568443298340e-01,5.484171677380800247e-03,7.265265285968780518e-02,1.169133186340332031e-01,2.153667509555816650e-01,9.489610791206359863e-03,-8.352862298488616943e-02,1.234430447220802307e-02,1.397487372159957886e-01,1.341676898300647736e-02,-2.201471924781799316e-01,2.096556127071380615e-01,-2.402480691671371460e-01,-3.264233469963073730e-02,2.758562266826629639e-01,-5.862095206975936890e-02,-1.278357813134789467e-03,-1.991761624813079834e-01,-2.347413301467895508e-01,2.448481693863868713e-02,5.962281301617622375e-02,1.114419475197792053e-01,-6.528947036713361740e-03,-1.278592199087142944e-01
2.114676386117935181e-01,-3.047282993793487549e-02,1.991017609834671021e-01,-1.917168051004409790e-01,-3.847612068057060242e-03,-1.533554308116436005e-02,2.113145440816879272e-01,1.131106074899435043e-02,-4.402265697717666626e-02,-3.545968607068061829e-02,-1.292136609554290771e-01,8.343515545129776001e-02,-2.678733468055725098e-01,-1.359431892633438110e-01,-1.956624388694763184e-01,-2.184710353612899780e-01,3.133538644760847092e-03,-2.181194424629211426e-01,1.789299845695495605e-01,6.762173771858215332e-02,-4.300710558891296387e-02,-2.229540348052978516e-01,-1.597383320331573486e-01,1.418460607528686523e-01,-1.530570909380912781e-02,-2.406233698129653931e-01,2.573578655719757080e-01,5.545840784907341003e-02,-1.957297325134277344e-01,-8.857267349958419800e-02,-9.291397035121917725e-02,1.976111233234405518e-01,-1.208632290363311768e-01,-9.351176023483276367e-02,1.814412185922265053e-03,2.815160155296325684e-01,-1.191710457205772400e-01,-1.736187934875488281e-01,1.466387510299682617e-01,-7.916140556335449219e-02,-1.200458854436874390e-01,2.333413623273372650e-02,-2.811133861541748047e-01,-3.940125927329063416e-02,-9.877289831638336182e-02,2.116423100233078003e-01,1.844879537820816040e-01,5.676119029521942139e-02,7.371702045202255249e-02,-1.144853532314300537e-01,-4.369669035077095032e-02,-1.148307099938392639e-01,7.385382801294326782e-02,9.347581118345260620e-02,2.261346951127052307e-02,2.028123885393142700e-01,-5.742662400007247925e-02,-1.716819778084754944e-02,1.240989491343498230e-01,1.858311891555786133e-01,-4.150461778044700623e-02,-6.796617992222309113e-03,-5.500884260982275009e-03,1.058237329125404358e-01,-7.335759699344635010e-02,7.200271636247634888e-02,-2.207572609186172485e-01,-1.886496096849441528e-01,1.929814517498016357e-01,1.309978310018777847e-02,1.048444956541061401e-01,9.135702997446060181e-02,7.641718536615371704e-02,-1.809498667716979980e-01,1.698509790003299713e-02,1.576742380857467651e-01,3.685875330120325089e-03,-2.161928862333297729e-01,8.713047206401824951e-02,1.574167758226394653e-01,-1.911722868680953979e-01,-8.215812267735600471e-04,3.362301364541053772e-02,-4.620888736099004745e-03,5.003953725099563599e-02,2.680520713329315186e-01,8.626217395067214966e-02,-8.745948784053325653e-03,-1.934782415628433228e-01,-9.066048264503479004e-02,-4.315600544214248657e-02,8.315940201282501221e-02,2.524531483650207520e-01,-1.340903043746948242e-01,1.122586876153945923e-01,-1.933236420154571533e-01,-1.427363753318786621e-01,2.011594187933951616e-05,1.117833256721496582e-01,-5.012087896466255188e-02,-1.036151051521301270e-01,3.613939508795738220e-02,2.346815615892410278e-01,1.604098826646804810e-01,-2.282728850841522217e-01,2.186503410339355469e-01,1.967747956514358521e-01,3.275887966156005859e-01,-1.261609196662902832e-01,8.576439693570137024e-03,-1.846446394920349121e-01,1.027594655752182007e-01,2.608644366264343262e-01,1.038128659129142761e-01,-2.116244733333587646e-01,1.969135850667953491e-01,5.049367249011993408e-02,-1.837577968835830688e-01,1.069834977388381958e-01,-7.933484762907028198e-02,-1.984498947858810425e-01,-1.092721894383430481e-01,-8.494844287633895874e-02,2.516029179096221924e-01,4.392346367239952087e-02,1.099383980035781860e-01,6.523236632347106934e-03,-1.255851089954376221e-01
2.902775108814239502e-01,4.329002648591995239e-02,-3.720522522926330566e-01,2.242684364318847656e-01,3.648329079151153564e-01,-2.475742399692535400e-01,1.131106074899435043e-02,6.364408731460571289e-01,1.024434193968772888e-01,2.305437624454498291e-01,-4.738282784819602966e-02,-2.491717487573623657e-01,2.967699766159057617e-01,2.745431363582611084e-01,4.612203240394592285e-01,5.488044023513793945e-01,-2.397360745817422867e-03,2.315223813056945801e-01,-1.656197756528854370e-01,-1.982641816139221191e-01,-3.869505226612091064e-02,2.860188186168670654e-01,1.944476515054702759e-01,-1.259627938270568848e-01,5.073461681604385376e-02,4.374625682830810547e-01,-3.815171718597412109e-01,-3.722689747810363770e-01,4.178664088249206543e-01,-1.006551086902618408e-01,-9.717991203069686890e-02,-3.602369129657745361e-01,1.113182008266448975e-01,3.109869658946990967e-01,-4.940897971391677856e-02,-4.596805274486541748e-01,1.899090558290481567e-01,3.788088262081146240e-01,-6.355422735214233398e-01,-4.307095706462860107e-01,4.632291197776794434e-01,8.850235491991043091e-02,2.895350754261016846e-01,1.012963205575942993e-01,9.408385306596755981e-02,-2.637828290462493896e-01,-4.393615126609802246e-01,-2.060739547014236450e-01,3.547311946749687195e-02,4.797411616891622543e-03,-1.091871485114097595e-01,-6.886289454996585846e-03,3.128731548786163330e-01,-1.140738874673843384e-01,-2.370817661285400391e-01,-5.945360660552978516e-01,2.226396054029464722e-01,3.795788064599037170e-02,-4.731145873665809631e-02,-2.830504477024078369e-01,-8.866631984710693359e-02,-5.841159820556640625e-02,8.730046451091766357e-03,6.884040683507919312e-02,6.940609961748123169e-02,-1.080420613288879395e-01,-4.308450967073440552e-02,5.229716897010803223e-01,-4.441265165805816650e-01,2.438333183526992798e-01,-5.265423655509948730e-01,-1.294908523559570312e-01,7.218678481876850128e-03,4.343578517436981201e-01,-1.638629138469696045e-01,-4.405540525913238525e-01,-5.460868123918771744e-03,4.933791160583496094e-01,-2.037897706031799316e-01,-3.936355412006378174e-01,3.962660431861877441e-01,1.959013752639293671e-03,-5.254894495010375977e-01,-6.791604100726544857e-04,-5.613649487495422363e-01,-3.046032488346099854e-01,4.318984746932983398e-01,1.608699001371860504e-02,8.984397351741790771e-02,3.605236411094665527e-01,-2.266729474067687988e-01,1.253713518381118774e-01,-1.960403174161911011e-01,-7.519111037254333496e-03,-3.520356416702270508e-01,-2.484032213687896729e-01,4.229987263679504395e-01,-1.479871425544843078e-04,-4.860668778419494629e-01,4.780118167400360107e-01,-3.386223316192626953e-01,4.630116522312164307e-01,-4.072932004928588867e-01,-3.895162642002105713e-01,3.852891325950622559e-01,1.300943195819854736e-01,-1.058087646961212158e-01,-3.095604479312896729e-01,-2.512485980987548828e-01,-4.331332165747880936e-03,1.787879467010498047e-01,-1.096479818224906921e-01,-3.398597240447998047e-01,2.944105491042137146e-02,5.699498653411865234e-01,-3.655117154121398926e-01,5.140286087989807129e-01,1.610785722732543945e-01,-5.848791003227233887e-01,1.121267080307006836e-01,8.999347686767578125e-02,3.530381917953491211e-01,4.487449228763580322e-01,-5.329763889312744141e-02,-2.643165290355682373e-01,-1.930067241191864014e-01,-3.281455487012863159e-03,3.041093945503234863e-01
7.469329982995986938e-02,2.907416224479675293e-02,-2.203602939844131470e-01,1.878504455089569092e-01,5.991542339324951172e-02,-1.856006830930709839e-01,-4.402265697717666626e-02,1.024434193968772888e-01,2.498842328786849976e-01,1.778147965669631958e-01,-6.929090619087219238e-02,-1.348842829465866089e-01,1.780511736869812012e-01,2.340484559535980225e-01,2.397516369819641113e-01,2.616956830024719238e-01,2.648414112627506256e-03,1.239059641957283020e-01,-2.226546853780746460e-01,-1.349430829286575317e-01,-3.306387364864349365e-01,1.867163181304931641e-01,1.380255669355392456e-01,-1.293261051177978516e-01,4.455636069178581238e-02,2.797471880912780762e-01,-2.198339551687240601e-01,-9.034176357090473175e-03,1.082647517323493958e-01,1.054723188281059265e-01,-7.726097106933593750e-02,-3.655192852020263672e-01,2.680709064006805420e-01,1.268288344144821167e-01,-3.320719813928008080e-03,-2.670963108539581299e-01,1.288948208093643188e-01,2.298156619071960449e-01,-1.297492980957031250e-01,-2.066548019647598267e-01,3.326714634895324707e-01,6.541582196950912476e-02,1.326015293598175049e-01,4.364944249391555786e-02,-1.390121728181838989e-01,-1.012812927365303040e-01,-2.540959715843200684e-01,-9.355545789003372192e-02,8.326123654842376709e-02,1.030329894274473190e-02,-6.003832444548606873e-02,2.318229377269744873e-01,2.368864566087722778e-01,-7.269386947154998779e-02,3.494870290160179138e-02,-2.735865712165832520e-01,1.013882160186767578e-01,1.764311827719211578e-02,-8.762023597955703735e-02,-1.967699527740478516e-01,-1.343465298414230347e-01,1.169088780879974365e-01,9.394939988851547241e-03,1.355730891227722168e-01,1.202060431241989136e-01,-8.634896576404571533e-02,-1.845633797347545624e-02,2.129400372505187988e-01,-2.982514798641204834e-01,-5.413765832781791687e-02,-2.248416692018508911e-01,1.597757935523986816e-01,-1.480381041765213013e-01,2.878488898277282715e-01,-1.523917615413665771e-01,-2.356058955192565918e-01,-2.079106168821454048e-03,2.749627828598022461e-01,-2.320401221513748169e-01,-2.858442962169647217e-01,3.262323737144470215e-01,1.152503071352839470e-03,-1.598370820283889771e-01,4.573590587824583054e-03,-2.617202997207641602e-01,-1.602763682603836060e-01,9.026256948709487915e-02,5.789572373032569885e-03,1.885550618171691895e-01,1.962312012910842896e-01,-6.267479062080383301e-02,-1.128544360399246216e-01,-2.539172768592834473e-01,1.145581081509590149e-01,-3.044988811016082764e-01,-8.564978488720953465e-04,8.368848264217376709e-02,-7.125249248929321766e-05,-1.837913691997528076e-01,2.510971724987030029e-01,-7.142613828182220459e-02,1.617586463689804077e-01,-3.427446186542510986e-01,-2.170969545841217041e-01,3.277484178543090820e-01,1.843284815549850464e-02,-2.814058661460876465e-01,-1.860107183456420898e-01,-4.423865675926208496e-02,-1.990715786814689636e-02,3.022300302982330322e-01,-2.013499289751052856e-01,-2.497296929359436035e-01,1.085671037435531616e-01,2.076160162687301636e-01,-2.862403392791748047e-01,1.023691818118095398e-01,8.431760221719741821e-02,-2.914526462554931641e-01,1.540545523166656494e-01,3.381484374403953552e-02,2.950417995452880859e-01,2.800484001636505127e-01,-1.198054179549217224e-01,-1.242582499980926514e-01,-2.504082322120666504e-01,1.856991834938526154e-02,1.769945472478866577e-01
2.951423637568950653e-02,4.364021494984626770e-02,-3.982209563255310059e-01,3.340739011764526367e-01,1.239361613988876343e-01,-1.398447901010513306e-01,-3.545968607068061829e-02,2.305437624454498291e-01,1.778147965669631958e-01,2.413785904645919800e-01,-5.904067680239677429e-02,-1.977292001247406006e-01,3.063372671604156494e-01,3.195953667163848877e-01,3.836399614810943604e-01,4.014761745929718018e-01,-6.741742254234850407e-04,2.238903045654296875e-01,-3.416188955307006836e-01,-2.208372950553894043e-01,-2.735589444637298584e-01,2.921497225761413574e-01,2.853466272354125977e-01,-1.826348602771759033e-01,5.521267279982566833e-02,3.820486962795257568e-01,-3.720285594463348389e-01,-5.462574586272239685e-02,3.310094177722930908e-01,6.291103363037109375e-02,-3.023597411811351776e-02,-4.664621651172637939e-01,3.410239219665527344e-01,2.858110666275024414e-01,-1.607703231275081635e-02,-4.074353873729705811e-01,1.957551389932632446e-01,3.607059717178344727e-01,-3.020156323909759521e-01,-2.755426168441772461e-01,4.060619473457336426e-01,7.259363681077957153e-02,2.940565645694732666e-01,8.370957523584365845e-02,-7.452770322561264038e-02,-2.594565153121948242e-01,-4.305605888366699219e-01,-1.364655941724777222e-01,5.193802341818809509e-02,4.013418685644865036e-03,-3.090474754571914673e-02,1.922787427902221680e-01,2.396655529737472534e-01,-8.650869876146316528e-02,-3.302636742591857910e-02,-4.699050188064575195e-01,1.540731936693191528e-01,3.156684339046478271e-02,-1.573742181062698364e-01,-3.080439567565917969e-01,-1.205985322594642639e-01,9.948796778917312622e-02,1.194650679826736450e-02,1.124285161495208740e-01,1.175460964441299438e-01,-1.234750598669052124e-01,3.706279024481773376e-02,3.629678487777709961e-01,-4.237747788429260254e-01,-2.074914425611495972e-02,-3.793798685073852539e-01,-3.571884473785758018e-03,-1.358562260866165161e-01,4.207907319068908691e-01,-1.475894302129745483e-01,-3.762994408607482910e-01,-3.844445338472723961e-03,4.742100834846496582e-01,-2.871516346931457520e-01,-3.944904804229736328e-01,4.765278398990631104e-01,1.795947435311973095e-03,-3.110713064670562744e-01,3.561251796782016754e-03,-3.457264602184295654e-01,-3.099187016487121582e-01,2.126467078924179077e-01,1.113825198262929916e-02,2.097518146038055420e-01,2.932045757770538330e-01,-1.032170578837394714e-01,-1.026517599821090698e-01,-3.572836816310882568e-01,1.228183805942535400e-01,-4.044585824012756348e-01,1.390323601663112640e-02,2.493167370557785034e-01,-1.106521594920195639e-04,-2.874325811862945557e-01,3.259956836700439453e-01,-1.469023525714874268e-01,2.143995910882949829e-01,-4.726050198078155518e-01,-3.378908932209014893e-01,4.981722235679626465e-01,7.489535212516784668e-02,-3.697878420352935791e-01,-3.244431614875793457e-01,-2.707113139331340790e-02,-2.087954618036746979e-02,3.208607733249664307e-01,-3.244440555572509766e-01,-3.861949443817138672e-01,1.393435895442962646e-01,4.242175519466400146e-01,-4.209721088409423828e-01,1.533825099468231201e-01,2.105655968189239502e-01,-4.609089493751525879e-01,1.917665749788284302e-01,1.411342173814773560e-01,3.853269517421722412e-01,3.975344002246856689e-01,-1.963022500276565552e-01,-2.170439809560775757e-01,-3.168195188045501709e-01,1.442127395421266556e-02,3.152000010013580322e-01
-1.713998466730117798e-01,7.227032445371150970e-03,-1.639862917363643646e-02,-2.958349883556365967e-02,-2.129037119448184967e-02,7.762062549591064453e-02,-1.292136609554290771e-01,-4.738282784819602966e-02,-6.929090619087219238e-02,-5.904067680239677429e-02,1.828447282314300537e-01,-4.522496892604976892e-04,1.302166134119033813e-01,-1.560101751238107681e-02,1.002799626439809799e-02,6.506717205047607422e-02,-3.771258518099784851e-03,2.532280795276165009e-02,3.218740969896316528e-02,6.622470915317535400e-03,2.173615843057632446e-01,5.506840720772743225e-02,3.920013085007667542e-02,-6.863203644752502441e-02,-9.658874943852424622e-03,7.640177011489868164e-02,-1.118376851081848145e-01,-8.114241063594818115e-02,1.218112483620643616e-01,-1.428930461406707764e-02,1.032277345657348633e-01,1.881511695683002472e-02,-1.084349974989891052e-01,4.187002405524253845e-02,-7.990966551005840302e-03,-9.655775129795074463e-02,2.308171056210994720e-02,9.124386124312877655e-03,-7.746032625436782837e-02,1.925098896026611328e-01,-1.002266928553581238e-01,-6.638582795858383179e-02,1.301525533199310303e-01,5.968669895082712173e-03,1.786013692617416382e-01,-1.728160232305526733e-01,2.599877677857875824e-02,3.595016151666641235e-02,-8.528859168291091919e-02,-2.990783751010894775e-02,4.904466494917869568e-02,-4.909577593207359314e-02,-1.861792653799057007e-01,-1.809488423168659210e-02,-8.212437480688095093e-02,-2.916804887354373932e-02,-2.039808034896850586e-02,4.938735626637935638e-03,4.291559103876352310e-03,2.285606693476438522e-03,1.218292638659477234e-01,-6.905743479728698730e-02,-3.100953297689557076e-03,-1.549698710441589355e-01,-2.806950174272060394e-02,-5.508971400558948517e-03,1.402503699064254761e-01,4.137896373867988586e-02,-2.009927108883857727e-02,3.420903161168098450e-02,4.365519061684608459e-02,-2.455180883407592773e-01,2.952105365693569183e-02,-1.561593078076839447e-02,1.004903465509414673e-01,4.446715116500854492e-02,-2.651999238878488541e-03,4.326991736888885498e-02,1.463770121335983276e-01,2.424863632768392563e-03,-5.948015302419662476e-02,1.349854865111410618e-04,2.949192188680171967e-02,5.504422588273882866e-04,1.129880920052528381e-01,-1.136688441038131714e-01,-5.619550868868827820e-02,4.513340070843696594e-03,8.837622404098510742e-02,-1.707318611443042755e-02,9.192722290754318237e-02,5.055300146341323853e-02,-1.655453443527221680e-02,1.420013327151536942e-02,9.051804244518280029e-02,1.169227585196495056e-01,1.935247518122196198e-02,2.045850487775169313e-05,-4.727101698517799377e-02,-1.034332960844039917e-01,4.560462012887001038e-02,-3.233145549893379211e-02,1.599661633372306824e-02,-1.357326284050941467e-02,-1.744457520544528961e-02,-2.511473298072814941e-01,8.816037327051162720e-02,-1.323783546686172485e-01,1.101249083876609802e-01,2.379614394158124924e-03,-1.993861049413681030e-02,5.820014327764511108e-02,-4.657626897096633911e-02,-1.191182136535644531e-01,3.273470327258110046e-02,1.069846935570240021e-02,-1.064921636134386063e-02,7.842028141021728516e-02,7.939714193344116211e-02,-4.181798547506332397e-02,9.349232167005538940e-02,-8.542000502347946167e-02,-8.290543407201766968e-02,-9.020592272281646729e-02,-3.385550901293754578e-02,4.902707040309906006e-02,6.314390338957309723e-03,-2.375605329871177673e-02
-2.664559287950396538e-03,-4.216489195823669434e-02,3.735013902187347412e-01,-3.153093457221984863e-01,-1.286838203668594360e-01,1.029534786939620972e-01,8.343515545129776001e-02,-2.491717487573623657e-01,-1.348842829465866089e-01,-1.977292001247406006e-01,-4.522496892604976892e-04,1.963982731103897095e-01,-3.086155056953430176e-01,-3.152814805507659912e-01,-3.853309154510498047e-01,-4.073359370231628418e-01,9.046088671311736107e-04,-2.304866611957550049e-01,2.885297238826751709e-01,1.969218105077743530e-01,1.694118827581405640e-01,-3.117350637912750244e-01,-2.706902027130126953e-01,1.854434162378311157e-01,-4.768895730376243591e-02,-3.665782511234283447e-01,3.746613264083862305e-01,9.448303282260894775e-02,-3.374020457267761230e-01,-6.238876283168792725e-02,1.376026123762130737e-02,4.215151071548461914e-01,-2.589852511882781982e-01,-2.736877799034118652e-01,2.034534886479377747e-02,4.218210279941558838e-01,-1.868136227130889893e-01,-3.371949493885040283e-01,3.303347527980804443e-01,2.443537414073944092e-01,-3.547516465187072754e-01,-5.434433743357658386e-02,-3.118416965007781982e-01,-8.209446072578430176e-02,-1.778415404260158539e-02,2.722924351692199707e-01,4.029068350791931152e-01,1.374278664588928223e-01,-9.427757933735847473e-03,-7.928530685603618622e-03,2.295489795506000519e-02,-1.428817510604858398e-01,-1.849014014005661011e-01,1.096066758036613464e-01,6.502667814493179321e-02,4.633450806140899658e-01,-1.597224771976470947e-01,-3.170541301369667053e-02,1.189256682991981506e-01,2.965786755084991455e-01,8.328605443239212036e-02,-6.231563538312911987e-02,-1.105812005698680878e-02,-2.148823626339435577e-02,-1.047449782490730286e-01,1.136631444096565247e-01,-7.591020315885543823e-02,-3.624196350574493408e-01,4.000666737556457520e-01,-5.889981053769588470e-03,3.522695899009704590e-01,7.174839079380035400e-02,1.131149455904960632e-01,-4.001958072185516357e-01,1.066114082932472229e-01,3.459689617156982422e-01,4.066575318574905396e-03,-4.481613636016845703e-01,2.453788518905639648e-01,3.702205121517181396e-01,-4.294100701808929443e-01,-1.765895634889602661e-03,2.864532172679901123e-01,-3.433280857279896736e-03,3.165650367736816406e-01,3.198909461498260498e-01,-1.624577492475509644e-01,-1.196502987295389175e-02,-1.954601705074310303e-01,-2.723446488380432129e-01,8.250965178012847900e-02,7.066922634840011597e-02,3.288219571113586426e-01,-1.232055500149726868e-01,3.424157798290252686e-01,-2.129457518458366394e-02,-2.567576169967651367e-01,9.947821672540158033e-05,2.992534637451171875e-01,-2.831842899322509766e-01,1.287126243114471436e-01,-1.843263506889343262e-01,4.429927766323089600e-01,3.215365409851074219e-01,-4.368343055248260498e-01,-1.956497505307197571e-02,3.071890175342559814e-01,3.476917445659637451e-01,-4.089246969670057297e-03,1.597418822348117828e-02,-3.103629946708679199e-01,2.633678317070007324e-01,3.798011541366577148e-01,-8.718883246183395386e-02,-4.222459495067596436e-01,3.744600117206573486e-01,-1.721806973218917847e-01,-2.078012228012084961e-01,4.205989539623260498e-01,-1.673361957073211670e-01,-1.516800224781036377e-01,-3.357513248920440674e-01,-3.494590818881988525e-01,1.966996341943740845e-01,2.157397121191024780e-01,2.691643834114074707e-01,-9.460346773266792297e-03,-2.777619361877441406e-01
