4.877004027366638184e-01,2.071856753900647163e-03,-4.730553925037384033e-02,-5.943654850125312805e-02,1.721826642751693726e-01,-1.153976693749427795e-01,1.196817904710769653e-01,3.551102876663208008e-01,7.790981233119964600e-02,2.906374819576740265e-02,-9.075469523668289185e-02,-3.080186061561107635e-02,6.351011805236339569e-03,2.025543004274368286e-01,1.598583906888961792e-01,7.155672460794448853e-02,4.912538453936576843e-03,-6.293126195669174194e-02,1.411136835813522339e-01,7.011106703430414200e-03,-9.986827522516250610e-02,-2.062566392123699188e-02,-4.966579377651214600e-02,5.063751339912414551e-02,-7.488673552870750427e-03,-4.230759665369987488e-02,7.355606555938720703e-02,-2.197286486625671387e-01,-1.531757321208715439e-02,-1.724580377340316772e-01,-1.513893157243728638e-01,8.498921990394592285e-03,-9.006888605654239655e-03,-4.161172546446323395e-03,-2.712768875062465668e-02,-1.024258788675069809e-02,-3.508273884654045105e-02,1.642115041613578796e-02,-2.549037635326385498e-01,-3.551420271396636963e-01,1.367309540510177612e-01,8.997711539268493652e-02,-1.156404465436935425e-01,1.076172757893800735e-02,1.728881523013114929e-02,-5.577642004936933517e-03,-1.206973046064376831e-01,-9.602952003479003906e-02,4.832030460238456726e-02,7.098220288753509521e-02,-1.035692021250724792e-01,-2.192897163331508636e-02,1.362053155899047852e-01,-5.348145216703414917e-02,-8.086784929037094116e-02,-8.743505179882049561e-02,3.628960996866226196e-02,6.781754083931446075e-03,1.609844528138637543e-02,-6.762264762073755264e-03,3.829609777312725782e-04,-1.780313998460769653e-02,8.382049389183521271e-03,1.004764288663864136e-01,-1.100546121597290039e-02,1.995753683149814606e-02,-1.177809983491897583e-01,1.322355568408966064e-01,-2.850207127630710602e-02,1.392327696084976196e-01,-1.464750617742538452e-01,-1.208637468516826630e-02,7.610395550727844238e-02,7.305451482534408569e-02,-8.761441707611083984e-02,-1.354957669973373413e-01,-1.889646868221461773e-03,3.880952671170234680e-02,-1.455086171627044678e-01,-1.738490909337997437e-02,6.962331099202856421e-05,6.452511297538876534e-04,-1.879560500383377075e-01,-5.186871625483036041e-03,-2.481840401887893677e-01,2.209678851068019867e-02,2.171508073806762695e-01,-2.382536418735980988e-03,-7.112543284893035889e-02,3.620313480496406555e-02,-1.024832651019096375e-01,3.151187673211097717e-02,1.538376957178115845e-01,-1.492087692022323608e-01,2.274653408676385880e-03,-2.262502461671829224e-01,2.007829993963241577e-01,-1.855987065937370062e-04,-1.334985494613647461e-01,2.342158257961273193e-01,-6.681233644485473633e-02,2.170077562332153320e-01,1.234833430498838425e-02,-1.692708209156990051e-02,-8.201048523187637329e-02,2.454740703105926514e-01,1.342061311006546021e-01,9.865376353263854980e-02,-2.711453139781951904e-01,1.813548803329467773e-02,-3.405448421835899353e-02,1.033326610922813416e-01,4.320253059267997742e-02,-1.797289550304412842e-01,8.344918489456176758e-02,-6.865127384662628174e-02,3.197705149650573730e-01,-9.778575599193572998e-02,-2.618374228477478027e-01,-1.952473074197769165e-02,-9.471902251243591309e-02,1.242651715874671936e-01,1.057523712515830994e-01,8.733487129211425781e-02,9.406919777393341064e-02,-9.575176239013671875e-02,-1.800773106515407562e-02,2.849578671157360077e-02
2.071856753900647163e-03,2.019200846552848816e-02,-1.174287199974060059e-01,8.561208099126815796e-02,6.051246821880340576e-02,-1.688129827380180359e-02,-2.593413693830370903e-03,5.961168929934501648e-02,2.240729890763759613e-02,3.690531104803085327e-02,1.033576298505067825e-02,-5.136478319764137268e-02,1.047050729393959045e-01,3.696919605135917664e-02,1.180184036493301392e-01,1.144932880997657776e-01,-5.314471782185137272e-04,6.009612232446670532e-02,-5.775004252791404724e-02,-4.392478242516517639e-02,-3.076422773301601410e-02,1.181418672204017639e-01,5.824651941657066345e-02,-1.072277221828699112e-02,1.552256103605031967e-02,1.319702416658401489e-01,-1.270000636577606201e-01,-3.837471455335617065e-02,1.011237427592277527e-01,1.589135825634002686e-02,1.537141762673854828e-02,-1.170902848243713379e-01,8.065447211265563965e-02,5.381174385547637939e-02,-4.724624566733837128e-03,-1.286850571632385254e-01,2.255803905427455902e-02,5.953970551490783691e-02,-8.378494530916213989e-02,-5.749138072133064270e-02,1.014412939548492432e-01,5.066931247711181641e-03,1.042120605707168579e-01,1.526085939258337021e-02,1.017467863857746124e-02,-6.554159522056579590e-02,-1.246592104434967041e-01,-2.702951990067958832e-02,-7.982340641319751740e-03,1.540242228657007217e-02,9.287790395319461823e-03,-2.215714426711201668e-03,3.411876410245895386e-02,-1.780461054295301437e-03,-1.663625054061412811e-02,-1.307413280010223389e-01,3.008187189698219299e-02,1.107251271605491638e-02,-3.809795901179313660e-02,-6.037604436278343201e-02,-6.164891179651021957e-03,1.007175259292125702e-02,3.780471626669168472e-03,-3.497835015878081322e-03,-5.682384129613637924e-03,-3.064533509314060211e-02,4.042425006628036499e-02,1.169367656111717224e-01,-1.156776919960975647e-01,7.015055976808071136e-03,-9.232664108276367188e-02,1.261571771465241909e-03,-3.086102753877639771e-02,1.199150383472442627e-01,-2.245201170444488525e-02,-1.006755456328392029e-01,-2.925672335550189018e-03,1.334445476531982422e-01,-3.046206943690776825e-02,-1.090442389249801636e-01,1.184863224625587463e-01,1.251639332622289658e-03,-9.197356551885604858e-02,3.584037069231271744e-03,-8.280643820762634277e-02,-1.115075796842575073e-01,2.058724686503410339e-02,6.397843360900878906e-03,4.488555341958999634e-02,4.669841006398200989e-02,-2.479261532425880432e-02,-1.673194952309131622e-02,-9.617424011230468750e-02,4.362276569008827209e-02,-1.063568815588951111e-01,6.385365966707468033e-03,5.374722927808761597e-02,-1.301241427427157760e-04,-8.819295465946197510e-02,3.066000714898109436e-02,-2.721382305026054382e-02,1.909275725483894348e-02,-1.302075833082199097e-01,-4.459151625633239746e-02,1.366993784904479980e-01,-1.092683430761098862e-02,-7.720155268907546997e-02,-1.149492934346199036e-01,-8.206104859709739685e-03,-1.038845907896757126e-02,7.312307506799697876e-02,-3.640085831284523010e-02,-1.099663302302360535e-01,1.220416161231696606e-03,1.360268890857696533e-01,-1.111607849597930908e-01,5.605001375079154968e-02,3.521995618939399719e-02,-1.158186122775077820e-01,3.583584353327751160e-02,2.624735049903392792e-02,8.228401094675064087e-02,1.147370338439941406e-01,-4.894502460956573486e-02,-7.636423408985137939e-02,-3.318287059664726257e-02,4.288716241717338562e-03,5.653556063771247864e-02
-4.730553925037384033e-02,-1.174287199974060059e-01,7.485344409942626953e-01,-5.721830725669860840e-01,-3.521742224693298340e-01,4.106596857309341431e-02,-4.501253738999366760e-02,-4.197517037391662598e-01,-1.253152787685394287e-01,-2.522467672824859619e-01,-4.750921949744224548e-02,3.482356965541839600e-01,-6.125467419624328613e-01,-2.917019128799438477e-01,-7.213442325592041016e-01,-6.865091323852539062e-01,-3.589071799069643021e-03,-3.177883923053741455e-01,3.875466883182525635e-01,3.139910697937011719e-01,1.969238072633743286e-01,-7.323497533798217773e-01,-4.325639605522155762e-01,1.328908354043960571e-01,-1.031765788793563843e-01,-7.413790822029113770e-01,7.300385832786560059e-01,2.057905495166778564e-01,-6.623650789260864258e-01,-5.305724218487739563e-02,-5.469229444861412048e-02,7.231233119964599609e-01,-5.174991488456726074e-01,-3.968952298164367676e-01,3.972167149186134338e-02,7.598004341125488281e-01,-1.444761753082275391e-01,-3.914048969745635986e-01,5.447900891304016113e-01,4.234687089920043945e-01,-6.318742036819458008e-01,-4.304757341742515564e-02,-6.015007495880126953e-01,-1.031135469675064087e-01,-6.726131588220596313e-02,4.521185755729675293e-01,7.644995450973510742e-01,1.882462948560714722e-01,2.876947447657585144e-02,-1.025642827153205872e-02,-7.514467835426330566e-02,8.861921727657318115e-03,-2.343338429927825928e-01,8.344268798828125000e-02,1.061932668089866638e-01,7.805307507514953613e-01,-2.270482480525970459e-01,-7.543227821588516235e-02,1.786202937364578247e-01,3.944191932678222656e-01,7.886914908885955811e-02,-1.059243157505989075e-01,-2.738477289676666260e-02,5.728192627429962158e-04,3.796353936195373535e-02,1.951522678136825562e-01,-2.079481333494186401e-01,-6.929501891136169434e-01,7.073267698287963867e-01,-2.335391566157341003e-02,6.295734047889709473e-01,3.657423332333564758e-02,1.863417476415634155e-01,-7.470756173133850098e-01,1.418192982673645020e-01,6.256184577941894531e-01,1.738557592034339905e-02,-8.126674890518188477e-01,2.483484745025634766e-01,7.063125371932983398e-01,-7.537789344787597656e-01,-8.769429288804531097e-03,5.904987454414367676e-01,-2.028462477028369904e-02,5.568844676017761230e-01,6.030850410461425781e-01,-1.667058020830154419e-01,-3.985236957669258118e-02,-2.461032420396804810e-01,-3.355165123939514160e-01,1.634853482246398926e-01,1.090981140732765198e-01,5.868828892707824707e-01,-2.675590217113494873e-01,6.740763187408447266e-01,2.058626338839530945e-02,-3.343441188335418701e-01,9.087264770641922951e-04,5.893283486366271973e-01,-2.672557234764099121e-01,2.354218065738677979e-01,-1.652794927358627319e-01,7.754143476486206055e-01,2.978684902191162109e-01,-7.967211008071899414e-01,-3.938795253634452820e-02,5.096010565757751465e-01,6.835197210311889648e-01,3.911037743091583252e-02,6.705295294523239136e-02,-4.732417762279510498e-01,3.179894983768463135e-01,6.768139600753784180e-01,-1.217196285724639893e-01,-7.839257717132568359e-01,6.744770407676696777e-01,-3.990693092346191406e-01,-2.608467340469360352e-01,7.352057099342346191e-01,-2.392232418060302734e-01,-1.523680537939071655e-01,-5.670816898345947266e-01,-7.074610590934753418e-01,2.743439972400665283e-01,5.457818508148193359e-01,2.860123217105865479e-01,-5.104309320449829102e-02,-4.034849703311920166e-01
-5.943654850125312805e-02,8.561208099126815796e-02,-5.721830725669860840e-01,6.007171273231506348e-01,1.800842583179473877e-01,5.032195895910263062e-02,-1.566278189420700073e-02,2.263153344392776489e-01,7.327323406934738159e-02,1.818965971469879150e-01,-3.647016128525137901e-03,-2.641408145427703857e-01,3.617259263992309570e-01,2.966369688510894775e-01,5.234194397926330566e-01,4.744593799114227295e-01,4.354641772806644440e-03,3.055799901485443115e-01,-3.636927902698516846e-01,-2.112641632556915283e-01,-3.047853410243988037e-01,6.170451045036315918e-01,3.281784951686859131e-01,-1.322117298841476440e-01,8.858537673950195312e-02,5.536261200904846191e-01,-5.344286561012268066e-01,2.774649765342473984e-03,4.230359792709350586e-01,1.658418923616409302e-01,8.093472570180892944e-02,-6.257781982421875000e-01,4.869961738586425781e-01,2.463714927434921265e-01,-1.252840366214513779e-02,-5.921350121498107910e-01,1.347698271274566650e-01,2.730444073677062988e-01,-2.513539791107177734e-01,-3.999980986118316650e-01,4.954590797424316406e-01,4.112360253930091858e-02,4.702380597591400146e-01,7.231738418340682983e-02,-1.978542888537049294e-03,-1.787269413471221924e-01,-5.539536476135253906e-01,-1.829267591238021851e-01,-4.106153920292854309e-02,6.819325685501098633e-02,9.932927787303924561e-02,2.988192997872829437e-02,2.076691985130310059e-01,-1.305120736360549927e-01,6.838762760162353516e-02,-5.718513727188110352e-01,1.840399205684661865e-01,4.898449033498764038e-02,-8.919481933116912842e-02,-3.407241404056549072e-01,-1.393452435731887817e-01,1.234789639711380005e-01,2.575947158038616180e-02,1.329867169260978699e-02,3.672324353829026222e-03,-1.485130190849304199e-01,1.796677559614181519e-01,5.053276419639587402e-01,-5.355903506278991699e-01,-5.654180794954299927e-02,-4.423321485519409180e-01,1.613458096981048584e-01,-2.057853788137435913e-01,5.855239033699035645e-01,-1.025825589895248413e-01,-5.138548016548156738e-01,-7.249672431498765945e-03,6.142909526824951172e-01,-3.427473604679107666e-01,-5.493220090866088867e-01,6.999679803848266602e-01,6.608044728636741638e-03,-3.654516637325286865e-01,1.850027963519096375e-02,-4.379719495773315430e-01,-3.810185194015502930e-01,-4.250597208738327026e-02,2.724202908575534821e-02,1.432370096445083618e-01,2.396652996540069580e-01,-7.907995581626892090e-02,-1.896565705537796021e-01,-6.009762883186340332e-01,3.302196860313415527e-01,-5.777075290679931641e-01,3.235960379242897034e-02,2.134357392787933350e-01,-6.455434486269950867e-04,-3.545818626880645752e-01,1.485969722270965576e-01,-1.357017308473587036e-01,-2.581619285047054291e-02,-6.767340302467346191e-01,-2.117866724729537964e-01,6.647437810897827148e-01,1.146273314952850342e-01,-5.788955092430114746e-01,-5.707537531852722168e-01,6.400521844625473022e-02,-5.675512552261352539e-02,5.475022792816162109e-01,-3.566955327987670898e-01,-5.814010500907897949e-01,1.623145937919616699e-01,5.709549188613891602e-01,-4.653394818305969238e-01,1.674320101737976074e-01,1.804131418466567993e-01,-5.598389506340026855e-01,2.250505983829498291e-01,1.040575653314590454e-01,4.505382478237152100e-01,5.357272624969482422e-01,-2.289673089981079102e-01,-4.054554998874664307e-01,-2.125439494848251343e-01,3.358309715986251831e-02,3.193229436874389648e-01
1.721826642751693726e-01,6.051246821880340576e-02,-3.521742224693298340e-01,1.800842583179473877e-01,2.842211127281188965e-01,-1.185685768723487854e-01,5.295389518141746521e-02,3.259454965591430664e-01,7.708992063999176025e-02,1.163483560085296631e-01,5.858114454895257950e-03,-1.543909311294555664e-01,3.446193039417266846e-01,9.048856794834136963e-02,4.045583307743072510e-01,3.761890232563018799e-01,-2.327437978237867355e-03,1.445781290531158447e-01,-1.067580357193946838e-01,-1.277237385511398315e-01,-3.588370978832244873e-02,3.134594261646270752e-01,1.268975883722305298e-01,9.451005607843399048e-03,3.697800263762474060e-02,3.833930194377899170e-01,-3.667576909065246582e-01,-2.449709177017211914e-01,3.280239403247833252e-01,-7.071460038423538208e-02,-1.231374032795429230e-02,-2.942389845848083496e-01,1.998707801103591919e-01,1.481704711914062500e-01,-2.624451182782649994e-02,-3.667912185192108154e-01,4.432168602943420410e-02,1.871522068977355957e-01,-4.053378403186798096e-01,-2.296547293663024902e-01,3.468755185604095459e-01,4.243904352188110352e-02,2.595653831958770752e-01,4.923805594444274902e-02,6.051951274275779724e-02,-2.390705496072769165e-01,-4.252996444702148438e-01,-9.630081057548522949e-02,2.800318878144025803e-03,8.363079279661178589e-02,-2.642606012523174286e-02,-2.493989281356334686e-02,1.248853579163551331e-01,1.787818968296051025e-02,-1.279472410678863525e-01,-4.253297746181488037e-01,8.364897221326828003e-02,3.629983961582183838e-02,-1.542758196592330933e-01,-1.599556505680084229e-01,1.941524632275104523e-02,-1.302760094404220581e-03,1.091720629483461380e-02,3.132437914609909058e-02,-1.804096996784210205e-02,-8.292937278747558594e-02,9.099077433347702026e-02,3.998253941535949707e-01,-3.259910643100738525e-01,1.115986257791519165e-01,-3.355556428432464600e-01,-5.674153566360473633e-02,-2.449754625558853149e-02,3.620167672634124756e-01,-9.882660955190658569e-02,-3.462579250335693359e-01,-1.150256581604480743e-02,4.054489135742187500e-01,-8.440238982439041138e-02,-3.121571540832519531e-01,2.979878783226013184e-01,3.523097373545169830e-03,-3.574134111404418945e-01,8.349251933395862579e-03,-3.234905302524566650e-01,-3.648180663585662842e-01,1.948303282260894775e-01,1.876497268676757812e-02,1.252723783254623413e-01,1.473857164382934570e-01,-1.368712335824966431e-01,4.336642567068338394e-03,-1.761548668146133423e-01,2.275323309004306793e-02,-2.876311838626861572e-01,-5.284028500318527222e-02,2.600208520889282227e-01,-4.417919553816318512e-04,-3.129892349243164062e-01,1.888883411884307861e-01,-1.016787439584732056e-01,1.853275597095489502e-01,-3.432895243167877197e-01,-1.399251818656921387e-01,3.753038942813873291e-01,1.583526656031608582e-02,-1.206510737538337708e-01,-2.929675877094268799e-01,-1.636697500944137573e-01,-2.109066955745220184e-02,8.699902892112731934e-02,-1.641726307570934296e-02,-2.790266275405883789e-01,-9.971088171005249023e-02,4.621827304363250732e-01,-3.763176798820495605e-01,2.925965189933776855e-01,7.813685387372970581e-02,-4.246725738048553467e-01,7.656845450401306152e-02,7.474844157695770264e-02,2.629253566265106201e-01,3.685543537139892578e-01,-1.200491636991500854e-01,-1.659275889396667480e-01,-9.646785259246826172e-02,3.522709244862198830e-03,1.780366301536560059e-01
-1.153976693749427795e-01,-1.688129827380180359e-02,4.106596857309341431e-02,5.032195895910263062e-02,-1.185685768723487854e-01,2.144327312707901001e-01,-3.634675219655036926e-02,-7.536078989505767822e-02,-1.333748698234558105e-01,-5.326203256845474243e-02,2.885810472071170807e-02,3.181544318795204163e-02,-1.525252461433410645e-01,7.325642555952072144e-02,-1.101710647344589233e-01,-1.210294589400291443e-01,-3.798231016844511032e-03,-3.094788454473018646e-02,1.591249601915478706e-03,-5.206655245274305344e-03,8.072307705879211426e-02,-2.903289720416069031e-02,6.046736612915992737e-02,-6.046368274837732315e-03,-1.338700670748949051e-02,-1.754632741212844849e-01,8.719214051961898804e-02,1.356178671121597290e-01,-1.568818092346191406e-02,1.155549846589565277e-02,7.820730656385421753e-02,8.538717031478881836e-02,-7.979225367307662964e-02,5.109613388776779175e-02,3.178129903972148895e-03,8.041802048683166504e-02,9.009654750116169453e-04,-6.318537890911102295e-02,1.717517673969268799e-01,-9.484704583883285522e-03,-1.808288544416427612e-01,-2.641288749873638153e-02,2.851347252726554871e-02,-4.984155762940645218e-03,7.522233575582504272e-02,7.875274121761322021e-02,1.237084493041038513e-01,1.206104829907417297e-02,-6.479022651910781860e-02,-7.496580481529235840e-02,1.160534545779228210e-01,-1.015055626630783081e-01,-6.083879247307777405e-02,-7.243147492408752441e-02,4.524483904242515564e-02,9.305253624916076660e-02,1.240682881325483322e-02,-7.787858601659536362e-03,1.078351810574531555e-01,2.279096096754074097e-02,-4.491623956710100174e-03,-7.320278324186801910e-03,-1.511500217020511627e-03,-1.248104870319366455e-01,-9.551224298775196075e-03,3.548061475157737732e-02,1.483701285906136036e-03,-1.128079220652580261e-01,8.893982321023941040e-02,-4.972252622246742249e-02,1.016686037182807922e-01,-9.768200665712356567e-02,9.107109508477151394e-04,-1.042002737522125244e-01,8.165809512138366699e-02,9.182405471801757812e-02,6.754006259143352509e-03,-9.484026581048965454e-02,1.653209887444972992e-02,8.494202047586441040e-02,-3.536120802164077759e-02,-4.095367912668734789e-04,8.131869137287139893e-02,-5.833977367728948593e-03,1.302697360515594482e-01,1.447216421365737915e-01,-8.377265185117721558e-02,-4.482273012399673462e-03,-1.182752400636672974e-01,-4.270699992775917053e-02,6.284132599830627441e-02,-2.220721729099750519e-02,3.551717847585678101e-03,4.655327647924423218e-02,8.884593844413757324e-02,1.190602779388427734e-02,-3.628732636570930481e-02,1.407707895850762725e-04,7.005826383829116821e-02,-1.519832760095596313e-01,-4.894949030131101608e-03,-1.759197264909744263e-01,8.222095668315887451e-02,4.381325840950012207e-02,-1.197913140058517456e-01,1.004323661327362061e-01,6.460387376137077808e-04,3.876056894659996033e-02,1.681453436613082886e-01,8.024131879210472107e-03,4.379352182149887085e-02,-9.120795875787734985e-02,2.786998264491558075e-02,1.023075804114341736e-01,-1.007935926318168640e-01,1.693549007177352905e-01,-9.158823639154434204e-02,1.802979595959186554e-02,1.216553524136543274e-01,-1.222649030387401581e-02,-2.641915343701839447e-03,-8.497781306505203247e-02,-1.213863044977188110e-01,5.506689846515655518e-02,-4.907550290226936340e-02,3.924688324332237244e-02,-4.225982818752527237e-03,-1.976212859153747559e-02
1.196817904710769653e-01,-2.593413693830370903e-03,-4.501253738999366760e-02,-1.566278189420700073e-02,5.295389518141746521e-02,-3.634675219655036926e-02,1.046948060393333435e-01,1.085681021213531494e-01,2.116507291793823242e-02,3.057744354009628296e-02,-4.534875974059104919e-02,-1.699789427220821381e-02,2.361190691590309143e-02,-1.938822306692600250e-02,5.628697201609611511e-02,2.562246657907962799e-02,5.920916330069303513e-03,-5.921314656734466553e-02,8.559195324778556824e-03,-2.279800549149513245e-02,-1.056990958750247955e-02,2.280714921653270721e-03,-8.455007337033748627e-03,-1.953322254121303558e-02,2.000836655497550964e-03,1.945778913795948029e-02,-1.667215256020426750e-03,-6.379973143339157104e-02,4.122772067785263062e-02,-1.015823483467102051e-01,-7.421493530273437500e-02,-1.984268985688686371e-02,2.243508026003837585e-02,-1.098568644374608994e-02,-1.046049315482378006e-02,-8.683132473379373550e-04,-1.234695129096508026e-02,2.603163756430149078e-02,-1.352484077215194702e-01,-7.217165827751159668e-02,9.177293628454208374e-02,3.216378018260002136e-02,-7.257428020238876343e-02,5.335150286555290222e-03,-2.903368696570396423e-02,-4.199745506048202515e-02,-7.688628882169723511e-02,-2.202651835978031158e-02,5.441101640462875366e-02,8.422672748565673828e-03,-4.558803141117095947e-02,3.802515938878059387e-02,4.292255267500877380e-02,-8.548886515200138092e-03,-4.173927754163742065e-02,-4.809502884745597839e-02,1.738659222610294819e-03,4.530600737780332565e-03,-2.568888291716575623e-02,4.099655896425247192e-03,-2.040837332606315613e-02,2.239717729389667511e-02,2.926344051957130432e-03,9.042479097843170166e-02,8.663791231811046600e-03,-4.804761614650487900e-03,-4.554275795817375183e-02,4.563947394490242004e-02,-5.667682271450757980e-03,4.992831498384475708e-02,-9.027884155511856079e-02,-1.121631357818841934e-02,4.878605902194976807e-02,4.691329970955848694e-02,-4.370134323835372925e-02,-7.384307682514190674e-02,-2.018095226958394051e-03,5.871440097689628601e-02,-5.545290932059288025e-02,-3.994413837790489197e-02,3.258563578128814697e-02,3.258888318669050932e-04,-5.779119953513145447e-02,-1.307917525991797447e-03,-1.099696233868598938e-01,1.650334708392620087e-02,1.219661980867385864e-01,-5.484598223119974136e-04,-2.062652725726366043e-03,3.676128759980201721e-02,-5.537351965904235840e-02,2.342429943382740021e-02,3.948462754487991333e-02,-5.920944735407829285e-02,-2.935462258756160736e-02,-8.436542749404907227e-02,5.004356801509857178e-02,-1.203879946842789650e-04,-4.369892552495002747e-02,1.422790735960006714e-01,-4.041121527552604675e-02,1.474553495645523071e-01,-1.361474487930536270e-02,-2.077919058501720428e-02,4.764677584171295166e-02,8.284329622983932495e-02,3.102793823927640915e-03,3.464363887906074524e-02,-1.181214824318885803e-01,1.280531287193298340e-03,-7.712594419717788696e-02,-5.488719791173934937e-03,3.034881316125392914e-02,1.360159646719694138e-02,4.844538494944572449e-02,-7.366757094860076904e-02,9.969805926084518433e-02,2.391894813627004623e-04,-1.093004047870635986e-01,-4.858158994466066360e-03,-3.804069419857114553e-04,6.292700022459030151e-02,5.670173838734626770e-02,1.348395179957151413e-02,2.412138506770133972e-02,-5.363611876964569092e-02,1.415974833071231842e-02,5.142648145556449890e-02
3.551102876663208008e-01,5.961168929934501648e-02,-4.197517037391662598e-01,2.263153344392776489e-01,3.259454965591430664e-01,-7.536078989505767822e-02,1.085681021213531494e-01,5.444315671920776367e-01,5.642882734537124634e-02,1.283521205186843872e-01,-8.067945018410682678e-03,-1.928151994943618774e-01,3.386786580085754395e-01,2.336988598108291626e-01,4.955453574657440186e-01,4.217275977134704590e-01,5.179353756830096245e-04,1.005547717213630676e-01,-7.506854832172393799e-02,-1.487505435943603516e-01,-9.836283512413501740e-03,3.660060167312622070e-01,1.748373061418533325e-01,-2.376187592744827271e-02,3.685083240270614624e-02,3.567664325237274170e-01,-3.528786301612854004e-01,-2.891150712966918945e-01,4.068799316883087158e-01,-1.442809253931045532e-01,-5.588387697935104370e-02,-3.124172985553741455e-01,1.754202693700790405e-01,2.280113697052001953e-01,-4.702425003051757812e-02,-4.157817065715789795e-01,3.851366415619850159e-02,2.095666378736495972e-01,-5.356912016868591309e-01,-4.284796118736267090e-01,3.867637217044830322e-01,7.064264267683029175e-02,2.472780942916870117e-01,6.257864832878112793e-02,1.429233253002166748e-01,-2.815793752670288086e-01,-5.109218358993530273e-01,-1.444102674722671509e-01,4.889002535492181778e-03,2.619251795113086700e-02,-1.107404660433530807e-02,-7.722490280866622925e-02,1.728917807340621948e-01,-7.302080839872360229e-02,-1.785784959793090820e-01,-5.058795213699340820e-01,1.414629220962524414e-01,4.598376899957656860e-02,-7.878040522336959839e-02,-1.860024631023406982e-01,8.129307068884372711e-03,-1.086046569980680943e-03,1.560407970100641251e-02,-4.990444052964448929e-03,-2.594196796417236328e-02,-7.600893080234527588e-02,2.825025469064712524e-02,4.489426910877227783e-01,-3.799380064010620117e-01,1.295744627714157104e-01,-4.355441927909851074e-01,-1.536528021097183228e-01,-1.187167712487280369e-03,4.399662911891937256e-01,-1.034584566950798035e-01,-3.910344839096069336e-01,-1.123945973813533783e-02,4.743924438953399658e-01,-1.636366993188858032e-01,-3.596488535404205322e-01,3.542671501636505127e-01,4.636521916836500168e-03,-4.633294045925140381e-01,5.333376582711935043e-03,-4.218338727951049805e-01,-3.409287631511688232e-01,2.740962505340576172e-01,1.983588002622127533e-02,5.704375356435775757e-02,1.913681626319885254e-01,-1.723640412092208862e-01,2.480811625719070435e-02,-1.370507776737213135e-01,-3.685274720191955566e-02,-3.134623467922210693e-01,-1.652537584304809570e-01,3.487679958343505859e-01,-5.656477878801524639e-04,-4.083800315856933594e-01,2.763291299343109131e-01,-1.778829395771026611e-01,2.555569410324096680e-01,-3.772601187229156494e-01,-1.618198007345199585e-01,3.723518550395965576e-01,1.748472154140472412e-01,-7.522720098495483398e-02,-2.980270385742187500e-01,-2.111759334802627563e-01,-1.266489829868078232e-02,1.158365160226821899e-01,-3.175308182835578918e-02,-3.101360797882080078e-01,-9.180120378732681274e-02,5.336163640022277832e-01,-3.989286422729492188e-01,4.394387602806091309e-01,8.874978870153427124e-02,-5.731785297393798828e-01,7.636338472366333008e-02,3.787718713283538818e-02,3.343312442302703857e-01,4.121505320072174072e-01,-4.030719026923179626e-02,-2.053843140602111816e-01,-1.529769450426101685e-01,4.306972026824951172e-03,2.212101668119430542e-01
7.790981233119964600e-02,2.240729890763759613e-02,-1.253152787685394287e-01,7.327323406934738159e-02,7.708992063999176025e-02,-1.333748698234558105e-01,2.116507291793823242e-02,5.642882734537124634e-02,1.406244337558746338e-01,7.512209564447402954e-02,-3.255416825413703918e-02,-6.966549903154373169e-02,1.505734771490097046e-01,4.132785275578498840e-02,1.620115637779235840e-01,1.503675580024719238e-01,7.517209276556968689e-03,5.401988327503204346e-02,-6.617545336484909058e-02,-2.907149307429790497e-02,-1.874106824398040771e-01,1.337040215730667114e-01,2.353988774120807648e-02,-4.386984556913375854e-02,2.918883226811885834e-02,2.188060283660888672e-01,-1.338486373424530029e-01,-5.243208631873130798e-02,4.966603592038154602e-02,5.203423276543617249e-02,-6.418851763010025024e-02,-2.102543115615844727e-01,1.639098972082138062e-01,4.558663349598646164e-03,-2.045322908088564873e-03,-1.584089249372482300e-01,2.449571713805198669e-02,8.550272136926651001e-02,-1.202266663312911987e-01,-8.842505514621734619e-02,2.204015552997589111e-01,3.110341913998126984e-02,3.113545663654804230e-02,1.327843684703111649e-02,-9.740605205297470093e-02,-6.768990308046340942e-02,-1.687913089990615845e-01,-4.419731721282005310e-02,4.892518371343612671e-02,3.901479393243789673e-02,-7.606288045644760132e-02,1.053831875324249268e-01,9.779232740402221680e-02,2.602608175948262215e-03,1.566657610237598419e-02,-1.496182829141616821e-01,2.672956325113773346e-02,1.228555664420127869e-02,-5.496913194656372070e-02,-7.831020653247833252e-02,-5.252303555607795715e-02,5.645944550633430481e-02,7.395229302346706390e-03,1.142225787043571472e-01,3.338620765134692192e-03,-5.058214440941810608e-02,5.688452161848545074e-03,1.475099772214889526e-01,-1.610447168350219727e-01,-8.374980650842189789e-03,-1.376170665025711060e-01,1.418389230966567993e-01,-5.886152759194374084e-02,1.865298002958297729e-01,-7.989592105150222778e-02,-1.368222683668136597e-01,-4.645023494958877563e-03,1.780705451965332031e-01,-1.006334275007247925e-01,-1.691535413265228271e-01,1.811555325984954834e-01,1.637350069358944893e-03,-9.116473793983459473e-02,7.280343212187290192e-03,-1.710472553968429565e-01,-1.235908120870590210e-01,2.107628993690013885e-02,6.344012450426816940e-03,1.081338152289390564e-01,7.604321092367172241e-02,-4.105651006102561951e-02,-3.964434191584587097e-02,-1.222446858882904053e-01,4.859508574008941650e-02,-1.753541231155395508e-01,-1.601485162973403931e-02,2.209945581853389740e-02,-2.160799631383270025e-04,-1.059270277619361877e-01,1.440022289752960205e-01,-2.298405207693576813e-02,1.146607846021652222e-01,-1.965771764516830444e-01,-6.515380740165710449e-02,2.007685005664825439e-01,-3.127507492899894714e-02,-1.421046555042266846e-01,-1.127328723669052124e-01,-8.967371284961700439e-02,-1.826452463865280151e-02,1.367870867252349854e-01,-3.255724161863327026e-02,-1.255856007337570190e-01,-4.528972320258617401e-03,1.298012286424636841e-01,-1.909317970275878906e-01,7.985460013151168823e-02,1.215064059942960739e-02,-1.879388689994812012e-01,6.185201182961463928e-02,-1.329868845641613007e-02,1.479041874408721924e-01,1.804754734039306641e-01,-7.046256214380264282e-02,-5.053364858031272888e-02,-1.104684248566627502e-01,1.776681095361709595e-02,6.155804917216300964e-02
2.906374819576740265e-02,3.690531104803085327e-02,-2.522467672824859619e-01,1.818965971469879150e-01,1.163483560085296631e-01,-5.326203256845474243e-02,3.057744354009628296e-02,1.283521205186843872e-01,7.512209564447402954e-02,9.430214017629623413e-02,-2.962302649393677711e-03,-1.150736361742019653e-01,2.176333367824554443e-01,7.373587042093276978e-02,2.544707953929901123e-01,2.361260652542114258e-01,4.132998641580343246e-03,9.492538869380950928e-02,-1.310333460569381714e-01,-9.486332535743713379e-02,-1.103080883622169495e-01,2.496431022882461548e-01,1.205835342407226562e-01,-5.667740106582641602e-02,3.729249164462089539e-02,2.905063629150390625e-01,-2.546210289001464844e-01,-6.631671637296676636e-02,2.067994624376296997e-01,2.319389209151268005e-02,-1.002212334424257278e-02,-2.767806053161621094e-01,1.950294971466064453e-01,1.012011319398880005e-01,-1.111825834959745407e-02,-2.674865722656250000e-01,4.588047042489051819e-02,1.333798915147781372e-01,-1.971032470464706421e-01,-1.374169588088989258e-01,2.544032633304595947e-01,2.295275963842868805e-02,1.652335077524185181e-01,3.160120174288749695e-02,-1.902923919260501862e-02,-1.442489326000213623e-01,-2.801048159599304199e-01,-6.302575021982192993e-02,1.544445287436246872e-02,1.553823519498109818e-02,-7.665530312806367874e-03,4.003741219639778137e-02,9.448600560426712036e-02,-2.047281712293624878e-02,-2.376602776348590851e-02,-2.768975496292114258e-01,6.587701290845870972e-02,2.393817342817783356e-02,-6.950297951698303223e-02,-1.276893913745880127e-01,-4.329464584589004517e-02,5.110183730721473694e-02,9.681740775704383850e-03,4.921600967645645142e-02,-5.788022186607122421e-03,-6.941579282283782959e-02,5.572041124105453491e-02,2.383195012807846069e-01,-2.447872161865234375e-01,3.843133337795734406e-03,-2.209093868732452393e-01,3.831817209720611572e-02,-6.301213055849075317e-02,2.757060229778289795e-01,-6.587652117013931274e-02,-2.218483984470367432e-01,-6.160456221550703049e-03,3.033447563648223877e-01,-1.040471345186233521e-01,-2.563993334770202637e-01,2.858066260814666748e-01,2.832035068422555923e-03,-1.821979880332946777e-01,7.847537286579608917e-03,-2.111263573169708252e-01,-2.012219429016113281e-01,5.525317415595054626e-02,1.246600318700075150e-02,1.017977967858314514e-01,1.164506524801254272e-01,-6.046167388558387756e-02,-4.099567234516143799e-02,-2.040813416242599487e-01,8.506684005260467529e-02,-2.484306395053863525e-01,-1.065545529127120972e-02,9.231019020080566406e-02,-3.184094093739986420e-04,-1.847196072340011597e-01,1.281756162643432617e-01,-7.150370627641677856e-02,9.192183613777160645e-02,-2.929905056953430176e-01,-1.013511195778846741e-01,3.167621791362762451e-01,3.533688839524984360e-03,-1.976765841245651245e-01,-2.256839722394943237e-01,-4.342162236571311951e-02,-2.426140569150447845e-02,1.636601835489273071e-01,-1.023305132985115051e-01,-2.230130583047866821e-01,4.474330693483352661e-02,2.748299837112426758e-01,-2.576540410518646240e-01,1.257825344800949097e-01,7.766531407833099365e-02,-2.763663828372955322e-01,8.358003199100494385e-02,4.176685586571693420e-02,1.985826343297958374e-01,2.591565549373626709e-01,-9.818328917026519775e-02,-1.586789190769195557e-01,-1.125461459159851074e-01,2.230246737599372864e-02,1.340751647949218750e-01
-9.075469523668289185e-02,1.033576298505067825e-02,-4.750921949744224548e-02,-3.647016128525137901e-03,5.858114454895257950e-03,2.885810472071170807e-02,-4.534875974059104919e-02,-8.067945018410682678e-03,-3.255416825413703918e-02,-2.962302649393677711e-03,7.856764644384384155e-02,-1.616311259567737579e-02,8.522468060255050659e-02,-9.274290874600410461e-03,3.008302487432956696e-02,6.204383447766304016e-02,-5.587881430983543396e-03,2.756733447313308716e-02,-1.907250285148620605e-02,-3.446990624070167542e-02,1.257255673408508301e-01,5.242214724421501160e-02,6.832711398601531982e-02,9.315919014625251293e-04,5.416607600636780262e-04,6.585927307605743408e-02,-9.787073731422424316e-02,-1.840266399085521698e-02,1.129084154963493347e-01,1.474546920508146286e-02,6.460363417863845825e-02,-1.505807042121887207e-02,-4.143674299120903015e-02,9.596876800060272217e-02,-5.954307969659566879e-03,-7.976349443197250366e-02,1.096413750201463699e-02,2.389994449913501740e-02,-2.570636570453643799e-02,7.902210205793380737e-02,-4.777572304010391235e-02,-3.768245875835418701e-02,1.227898001670837402e-01,8.821017108857631683e-03,8.700636029243469238e-02,-1.081261634826660156e-01,-3.762275353074073792e-02,3.403594717383384705e-02,-4.366694763302803040e-02,-7.566314190626144409e-02,5.226618796586990356e-02,-7.015368342399597168e-02,-5.074224248528480530e-02,2.531626075506210327e-02,-6.230596452951431274e-02,-6.688497215509414673e-02,1.691573299467563629e-02,7.812654599547386169e-03,-2.469305880367755890e-03,-1.211715303361415863e-02,5.090143904089927673e-02,-3.032474219799041748e-02,-3.578073345124721527e-03,-1.132541075348854065e-01,-2.687234058976173401e-02,-1.087000314146280289e-02,4.576192796230316162e-02,2.277551032602787018e-02,-6.706777215003967285e-02,-1.744997128844261169e-02,3.214383905287832022e-04,-1.430992633104324341e-01,-1.742837950587272644e-02,3.457584232091903687e-02,4.143453389406204224e-02,3.746594116091728210e-02,-2.382114995270967484e-03,6.382484734058380127e-02,1.197840645909309387e-01,-3.652886673808097839e-02,-6.200363277457654476e-04,5.770341376774013042e-04,-3.805040195584297180e-02,3.351997584104537964e-04,7.354293018579483032e-02,-1.015582829713821411e-01,-2.775944536551833153e-03,5.532633513212203979e-03,3.283021599054336548e-02,9.924928657710552216e-03,1.641878671944141388e-02,3.573732823133468628e-02,-1.480864081531763077e-02,7.817989215254783630e-03,-6.524488329887390137e-03,4.640013352036476135e-02,-7.843575440347194672e-03,5.075676654087146744e-06,-5.589191243052482605e-02,-8.700729161500930786e-02,-2.318880520761013031e-02,-4.449512436985969543e-02,-3.340524435043334961e-02,-1.541562285274267197e-02,4.407746717333793640e-02,-1.055431216955184937e-01,4.724068194627761841e-02,-8.149299770593643188e-02,8.338828384876251221e-02,-3.374591935425996780e-03,-1.407677540555596352e-03,1.009894162416458130e-02,-5.568503588438034058e-02,1.464317832142114639e-02,7.082838565111160278e-02,-2.079048939049243927e-02,4.251980222761631012e-03,5.540714040398597717e-02,1.924028620123863220e-02,-1.558916410431265831e-03,3.473996743559837341e-02,-2.591147273778915405e-02,1.361963339149951935e-02,-1.106311101466417313e-02,-9.720551967620849609e-02,2.659746073186397552e-02,1.180085935629904270e-03,-4.106520675122737885e-03
-3.080186061561107635e-02,-5.136478319764137268e-02,3.482356965541839600e-01,-2.641408145427703857e-01,-1.543909311294555664e-01,3.181544318795204163e-02,-1.699789427220821381e-02,-1.928151994943618774e-01,-6.966549903154373169e-02,-1.150736361742019653e-01,-1.616311259567737579e-02,1.583892405033111572e-01,-2.844116389751434326e-01,-1.369936466217041016e-01,-3.476210534572601318e-01,-3.230440020561218262e-01,-2.836328931152820587e-03,-1.402960568666458130e-01,1.724630892276763916e-01,1.308415234088897705e-01,1.087078601121902466e-01,-3.514422476291656494e-01,-1.853297352790832520e-01,6.989155709743499756e-02,-4.758673533797264099e-02,-3.722300231456756592e-01,3.473215699195861816e-01,8.306079357862472534e-02,-3.016438782215118408e-01,-3.822177648544311523e-02,-1.424142345786094666e-02,3.594239950180053711e-01,-2.380457222461700439e-01,-1.695535629987716675e-01,1.745390333235263824e-02,3.746191263198852539e-01,-6.437586992979049683e-02,-1.759374886751174927e-01,2.553397715091705322e-01,2.030882984399795532e-01,-3.070427775382995605e-01,-2.277607843279838562e-02,-2.628973722457885742e-01,-4.526606574654579163e-02,-2.355487458407878876e-02,1.967655122280120850e-01,3.753613531589508057e-01,8.636932820081710815e-02,7.038570009171962738e-03,-1.875535352155566216e-03,-2.099727094173431396e-02,-8.744384162127971649e-03,-1.135533377528190613e-01,4.357929900288581848e-02,3.995779901742935181e-02,3.826022744178771973e-01,-1.032339707016944885e-01,-3.368030115962028503e-02,6.960918009281158447e-02,1.785337626934051514e-01,4.392966628074645996e-02,-5.278256908059120178e-02,-1.260909251868724823e-02,-7.320942822843790054e-03,1.432805880904197693e-02,8.852659910917282104e-02,-8.445885777473449707e-02,-3.207460641860961914e-01,3.375951349735260010e-01,3.999777254648506641e-04,2.893032431602478027e-01,-4.219315480440855026e-03,9.012188762426376343e-02,-3.703649342060089111e-01,6.707324087619781494e-02,2.848711609840393066e-01,7.591187488287687302e-03,-4.078989028930664062e-01,1.256605088710784912e-01,3.406087458133697510e-01,-3.816647529602050781e-01,-3.964298404753208160e-03,2.583777606487274170e-01,-9.771505370736122131e-03,2.612070441246032715e-01,2.799929678440093994e-01,-5.676301196217536926e-02,-1.761251874268054962e-02,-1.150060370564460754e-01,-1.522945761680603027e-01,7.158578932285308838e-02,5.306944251060485840e-02,2.751764357089996338e-01,-1.182991340756416321e-01,3.235292434692382812e-01,9.308001026511192322e-03,-1.391907036304473877e-01,4.103244282305240631e-04,2.609788477420806885e-01,-1.300237774848937988e-01,1.028477847576141357e-01,-7.990337908267974854e-02,3.937761783599853516e-01,1.338843554258346558e-01,-4.080536067485809326e-01,-1.636010594666004181e-02,2.462228387594223022e-01,3.231402933597564697e-01,2.051294595003128052e-02,3.016184642910957336e-02,-2.395929843187332153e-01,1.383743882179260254e-01,3.198458254337310791e-01,-5.541151762008666992e-02,-3.833739161491394043e-01,3.234655559062957764e-01,-1.730435192584991455e-01,-1.133462563157081604e-01,3.664802908897399902e-01,-1.105891540646553040e-01,-5.804960429668426514e-02,-2.564153969287872314e-01,-3.362369537353515625e-01,1.177282109856605530e-01,2.390179038047790527e-01,1.353374868631362915e-01,-2.331934683024883270e-02,-1.753566116094589233e-01
