5.581966042518615723e-01,-2.089673466980457306e-02,2.595216222107410431e-02,-1.920821815729141235e-01,8.190337568521499634e-02,-1.769157201051712036e-01,2.397959828376770020e-01,3.149769008159637451e-01,1.298029720783233643e-01,5.230528116226196289e-02,-1.768288910388946533e-01,2.979074977338314056e-02,-1.786492913961410522e-01,9.809371083974838257e-02,-1.097810268402099609e-02,-6.360773742198944092e-02,-2.348664682358503342e-03,-1.362033784389495850e-01,1.506682038307189941e-01,1.241482887417078018e-02,-1.624424010515213013e-01,-1.741123646497726440e-01,-4.884237796068191528e-02,1.754524707794189453e-01,-5.761378910392522812e-03,-1.332507431507110596e-01,2.621251344680786133e-01,-6.087754666805267334e-02,-5.578786134719848633e-02,-2.101654559373855591e-01,-1.255155503749847412e-01,1.149271354079246521e-01,-6.157532706856727600e-02,2.225310914218425751e-02,-1.379853952676057816e-02,1.394631713628768921e-01,-7.263975590467453003e-02,-3.206773474812507629e-02,-1.294132471084594727e-01,-3.130972087383270264e-01,4.128894954919815063e-02,7.585719227790832520e-02,-2.534642815589904785e-01,-6.480223964899778366e-04,-1.618174165487289429e-01,1.333907097578048706e-01,-2.605704823508858681e-03,-3.842386603355407715e-02,1.132578030228614807e-01,-1.453948616981506348e-01,-1.201069653034210205e-01,-9.106110781431198120e-02,2.324998527765274048e-01,-2.642924431711435318e-03,-1.054377704858779907e-01,2.760916389524936676e-02,1.513019204139709473e-02,-6.137061864137649536e-03,5.183815956115722656e-02,6.073079630732536316e-02,-5.480991303920745850e-02,-1.011944934725761414e-02,-1.200652215629816055e-03,2.149319499731063843e-01,-1.061915084719657898e-01,5.074524506926536560e-02,-3.495784997940063477e-01,-3.574235364794731140e-02,-9.742158465087413788e-03,3.642969951033592224e-02,-8.751658350229263306e-02,4.625922441482543945e-02,5.389668792486190796e-02,1.412232872098684311e-02,-9.075421839952468872e-02,4.942338541150093079e-02,1.213424024172127247e-03,-3.673674538731575012e-02,-6.063878163695335388e-02,8.065436035394668579e-02,-5.669288709759712219e-02,-4.209853068459779024e-04,-2.156242430210113525e-01,-9.564084000885486603e-03,-1.106357127428054810e-01,1.555982083082199097e-01,3.768636882305145264e-01,-7.053575012832880020e-03,-1.640589237213134766e-01,-3.054706146940588951e-03,-1.190381571650505066e-01,1.211705431342124939e-01,2.966453433036804199e-01,-3.336638808250427246e-01,7.832295261323451996e-03,-3.616138100624084473e-01,7.651024311780929565e-02,-5.226847497397102416e-05,1.328890956938266754e-02,1.933135241270065308e-01,-1.583689153194427490e-01,2.650199532508850098e-01,1.474582850933074951e-01,3.774978592991828918e-02,-1.176217049360275269e-01,2.991385757923126221e-01,1.827411055564880371e-01,2.840989530086517334e-01,-3.283901810646057129e-01,1.917682774364948273e-02,-1.492174565792083740e-01,9.086856991052627563e-02,2.080940753221511841e-01,-9.853367693722248077e-03,-4.215483739972114563e-02,-3.324709832668304443e-02,2.590833902359008789e-01,-1.037673205137252808e-01,-1.780543029308319092e-01,-5.520331487059593201e-02,-1.959960162639617920e-01,5.371374264359474182e-02,4.156104102730751038e-02,3.495470583438873291e-01,1.313430070877075195e-01,-9.073466807603836060e-02,-2.734420076012611389e-02,-2.849170565605163574e-02
-2.089673466980457306e-02,1.837887987494468689e-02,-1.131625771522521973e-01,8.575274795293807983e-02,6.589159369468688965e-02,-3.610941581428050995e-03,9.024438448250293732e-03,4.714342579245567322e-02,1.662615314126014709e-02,4.158040136098861694e-02,5.564903374761343002e-03,-5.390879511833190918e-02,9.334091097116470337e-02,4.309150949120521545e-02,1.099102646112442017e-01,1.207142546772956848e-01,4.340836894698441029e-04,7.047322392463684082e-02,-8.052764832973480225e-02,-5.843136459589004517e-02,-1.404491253197193146e-02,1.080598011612892151e-01,4.568449035286903381e-02,-1.902276463806629181e-02,1.306453440338373184e-02,1.269990354776382446e-01,-1.190462410449981689e-01,-5.320329964160919189e-02,9.851467609405517578e-02,-8.946179412305355072e-03,1.031029969453811646e-02,-1.214805990457534790e-01,7.176267355680465698e-02,4.546396806836128235e-02,-6.180054042488336563e-03,-1.240775585174560547e-01,4.067446663975715637e-02,8.140847086906433105e-02,-9.052889049053192139e-02,-5.515832453966140747e-02,1.143541634082794189e-01,1.218085177242755890e-02,1.094852536916732788e-01,1.769901625812053680e-02,-1.104700658470392227e-02,-6.629268825054168701e-02,-1.189362257719039917e-01,-3.885771706700325012e-02,-9.785459376871585846e-03,4.838070273399353027e-02,-6.606178358197212219e-03,8.113020099699497223e-03,2.232579514384269714e-02,-1.566851325333118439e-02,-1.032501924782991409e-02,-1.320238113403320312e-01,3.303292021155357361e-02,9.518972598016262054e-03,-5.309667810797691345e-02,-6.544041633605957031e-02,-2.235905034467577934e-03,-7.821598410373553634e-05,3.821871243417263031e-03,3.625097498297691345e-02,3.228149563074111938e-02,-3.047971054911613464e-02,5.057875812053680420e-02,1.206449791789054871e-01,-1.092780232429504395e-01,6.348510831594467163e-02,-9.577140957117080688e-02,2.504811622202396393e-02,-2.076406590640544891e-02,1.121333241462707520e-01,-3.784898295998573303e-02,-1.149716973304748535e-01,-1.908911974169313908e-03,1.312306523323059082e-01,-3.142978996038436890e-02,-1.115030720829963684e-01,1.158542260527610779e-01,7.459992193616926670e-04,-8.213172852993011475e-02,1.649273908697068691e-03,-1.091867387294769287e-01,-1.092290952801704407e-01,2.437372319400310516e-02,4.706324543803930283e-03,5.675056576728820801e-02,7.328803837299346924e-02,-2.960010245442390442e-02,-2.936465479433536530e-02,-1.053628548979759216e-01,5.532370135188102722e-02,-1.029817759990692139e-01,-7.623164448887109756e-03,7.268222421407699585e-02,-5.770285133621655405e-05,-9.382820874452590942e-02,8.299800008535385132e-02,-2.438316307961940765e-02,6.450441479682922363e-02,-1.334131956100463867e-01,-7.161030918359756470e-02,1.329681277275085449e-01,6.166648119688034058e-03,-8.343562483787536621e-02,-1.175976023077964783e-01,-5.192557722330093384e-02,-7.834967225790023804e-03,7.561838626861572266e-02,-5.524652823805809021e-02,-1.190864816308021545e-01,-4.792967811226844788e-03,1.297519505023956299e-01,-1.066723912954330444e-01,4.771060496568679810e-02,4.056527838110923767e-02,-1.135250777006149292e-01,3.868581727147102356e-02,5.560898780822753906e-02,9.865400940179824829e-02,1.089338660240173340e-01,-7.933816313743591309e-02,-5.324213206768035889e-02,-3.893582150340080261e-02,5.017786752432584763e-03,6.403086334466934204e-02
2.595216222107410431e-02,-1.131625771522521973e-01,7.872655391693115234e-01,-6.186138987541198730e-01,-3.692546188831329346e-01,-1.598374173045158386e-02,-2.090697735548019409e-01,-3.211987316608428955e-01,-1.465111672878265381e-01,-3.432272076606750488e-01,7.053823024034500122e-02,3.686377108097076416e-01,-5.382599830627441406e-01,-4.180256724357604980e-01,-6.933849453926086426e-01,-6.899151802062988281e-01,-5.420878995209932327e-03,-4.388563930988311768e-01,6.210362315177917480e-01,4.543491303920745850e-01,2.654592990875244141e-01,-6.660335659980773926e-01,-4.403657317161560059e-01,1.036692932248115540e-01,-9.815356880426406860e-02,-7.004667520523071289e-01,6.506124138832092285e-01,1.933633238077163696e-01,-6.795625090599060059e-01,9.875006228685379028e-02,-6.345538794994354248e-02,7.731515765190124512e-01,-5.698992609977722168e-01,-4.249428212642669678e-01,4.121277481317520142e-02,7.073073387145996094e-01,-2.699088454246520996e-01,-5.764844417572021484e-01,5.155034065246582031e-01,5.023399591445922852e-01,-7.081782221794128418e-01,-1.136376336216926575e-01,-6.399348378181457520e-01,-1.305837929248809814e-01,2.084908187389373779e-01,4.565590023994445801e-01,7.886925339698791504e-01,2.742591500282287598e-01,2.083327993750572205e-02,-1.540337800979614258e-01,5.266614258289337158e-02,-2.723852172493934631e-02,-2.291196733713150024e-01,1.041288152337074280e-01,2.461182139813899994e-02,7.870208024978637695e-01,-2.507358789443969727e-01,-6.666499376296997070e-02,3.633982539176940918e-01,4.777552485466003418e-01,7.945605367422103882e-02,-8.453144133090972900e-02,-2.815912291407585144e-02,-3.783291876316070557e-01,-1.453813165426254272e-01,2.030013501644134521e-01,-1.755289137363433838e-01,-6.948385834693908691e-01,7.203955650329589844e-01,-3.058137893676757812e-01,6.738041043281555176e-01,-1.644193977117538452e-01,1.842444688081741333e-01,-7.617855668067932129e-01,2.659361958503723145e-01,7.114710807800292969e-01,1.063154358416795731e-02,-8.321975469589233398e-01,3.279725611209869385e-01,7.314329147338867188e-01,-8.039175271987915039e-01,-5.432404112070798874e-03,6.025729179382324219e-01,-7.586661726236343384e-03,6.820937991142272949e-01,6.546539664268493652e-01,-2.942443490028381348e-01,-2.863900549709796906e-02,-3.144877254962921143e-01,-5.337831377983093262e-01,2.174846082925796509e-01,2.215852439403533936e-01,6.479122638702392578e-01,-2.839165925979614258e-01,7.278343439102172852e-01,1.280852854251861572e-01,-4.790559411048889160e-01,4.315549740567803383e-04,5.532267093658447266e-01,-5.955005884170532227e-01,2.492151260375976562e-01,-4.530960023403167725e-01,8.087397813796997070e-01,4.984333515167236328e-01,-8.333226442337036133e-01,-2.721800804138183594e-01,6.167329549789428711e-01,6.463155746459960938e-01,3.934056162834167480e-01,5.424585565924644470e-02,-5.368246436119079590e-01,5.412822365760803223e-01,7.234535813331604004e-01,-1.363813728094100952e-01,-7.610063552856445312e-01,7.384933233261108398e-01,-2.757697403430938721e-01,-3.314533829689025879e-01,7.804546952247619629e-01,-2.943989038467407227e-01,-3.379315435886383057e-01,-7.033609747886657715e-01,-7.392393350601196289e-01,4.126931428909301758e-01,3.903765976428985596e-01,4.041279554367065430e-01,-5.054812878370285034e-02,-5.099025368690490723e-01
-1.920821815729141235e-01,8.575274795293807983e-02,-6.186138987541198730e-01,6.631106734275817871e-01,1.936202347278594971e-01,1.364736557006835938e-01,8.846438676118850708e-02,9.095592796802520752e-02,5.108480155467987061e-02,2.336343973875045776e-01,-5.752106383442878723e-02,-2.804697155952453613e-01,3.502465486526489258e-01,3.744300603866577148e-01,5.441375970840454102e-01,4.780337214469909668e-01,9.329925291240215302e-03,4.094474613666534424e-01,-5.529862046241760254e-01,-3.163743615150451660e-01,-2.770586907863616943e-01,5.553980469703674316e-01,3.680683374404907227e-01,-9.905577450990676880e-02,7.495021820068359375e-02,4.868355691432952881e-01,-5.091829895973205566e-01,1.675418391823768616e-02,4.549051523208618164e-01,1.016075983643531799e-01,9.059312939643859863e-02,-6.394340991973876953e-01,5.530222058296203613e-01,2.800536155700683594e-01,-1.474612765014171600e-02,-5.284797549247741699e-01,2.092942148447036743e-01,4.087921977043151855e-01,-2.194594740867614746e-01,-4.069558680057525635e-01,5.004776716232299805e-01,9.451261907815933228e-02,5.332726836204528809e-01,9.349905699491500854e-02,-1.500409990549087524e-01,-2.287169247865676880e-01,-6.147328019142150879e-01,-2.317701131105422974e-01,-7.234607636928558350e-02,2.343966066837310791e-01,-1.221041940152645111e-02,2.275540307164192200e-02,1.510746926069259644e-01,-6.517594307661056519e-02,1.414992809295654297e-01,-5.780526995658874512e-01,1.795334517955780029e-01,4.672075062990188599e-02,-3.165113627910614014e-01,-4.200538098812103271e-01,-9.719754755496978760e-02,1.205942779779434204e-01,2.589645795524120331e-02,2.262973040342330933e-01,1.416205316781997681e-01,-1.611423194408416748e-01,2.220276147127151489e-01,4.958055019378662109e-01,-4.878728389739990234e-01,1.267282515764236450e-01,-4.463968575000762939e-01,2.486775219440460205e-01,-1.979429423809051514e-01,5.946668386459350586e-01,-1.760552823543548584e-01,-5.784065127372741699e-01,-3.873714944347739220e-03,6.147729158401489258e-01,-4.045237600803375244e-01,-5.566470623016357422e-01,7.013661265373229980e-01,4.076756071299314499e-03,-3.288675844669342041e-01,8.359839208424091339e-03,-4.731060564517974854e-01,-5.174882411956787109e-01,-2.095394395291805267e-02,1.900272443890571594e-02,2.267324477434158325e-01,3.667094707489013672e-01,-1.270290315151214600e-01,-2.872789502143859863e-01,-6.263206601142883301e-01,3.772235214710235596e-01,-5.802507400512695312e-01,5.473278090357780457e-02,3.342787325382232666e-01,-2.896202495321631432e-04,-3.324045538902282715e-01,3.243400454521179199e-01,-6.799194216728210449e-02,1.210604906082153320e-01,-7.002432942390441895e-01,-3.546882271766662598e-01,6.677678823471069336e-01,2.740993797779083252e-01,-6.620908975601196289e-01,-5.365827679634094238e-01,-1.376474201679229736e-01,-4.397919774055480957e-02,5.513613820075988770e-01,-5.141852498054504395e-01,-6.377400755882263184e-01,1.456843465566635132e-01,5.596217513084411621e-01,-5.300269126892089844e-01,4.071934614330530167e-03,2.771710455417633057e-01,-5.618506073951721191e-01,2.772522568702697754e-01,3.165165483951568604e-01,5.241054296493530273e-01,5.608350634574890137e-01,-4.210375845432281494e-01,-3.025144040584564209e-01,-3.057500422000885010e-01,3.355984389781951904e-02,3.995725214481353760e-01
8.190337568521499634e-02,6.589159369468688965e-02,-3.692546188831329346e-01,1.936202347278594971e-01,3.634314537048339844e-01,-8.354347199201583862e-02,5.410064011812210083e-02,3.666335046291351318e-01,4.297129809856414795e-02,1.363643109798431396e-01,2.783460915088653564e-02,-1.965143531560897827e-01,3.380820155143737793e-01,1.095238924026489258e-01,4.268154799938201904e-01,4.867183268070220947e-01,-2.715078415349125862e-03,2.243910282850265503e-01,-1.730189174413681030e-01,-1.915113031864166260e-01,8.191340416669845581e-02,3.576091527938842773e-01,8.562319725751876831e-02,-1.510428078472614288e-02,3.785379230976104736e-02,4.638063013553619385e-01,-4.136038124561309814e-01,-3.597852587699890137e-01,3.800650238990783691e-01,-1.525025218725204468e-01,-4.903985187411308289e-03,-3.547458648681640625e-01,1.298193931579589844e-01,1.528189331293106079e-01,-3.721489384770393372e-02,-4.549321234226226807e-01,1.276391148567199707e-01,2.884238064289093018e-01,-4.986452460289001465e-01,-2.378317266702651978e-01,4.381754696369171143e-01,5.098413676023483276e-02,3.600815534591674805e-01,6.657701730728149414e-02,3.611963614821434021e-02,-2.433048635721206665e-01,-4.301664829254150391e-01,-1.549163460731506348e-01,-2.884871885180473328e-02,1.914734691381454468e-01,-5.768177658319473267e-02,-4.320767894387245178e-02,1.101700887084007263e-01,-7.217034697532653809e-02,-1.610549539327621460e-01,-5.189369916915893555e-01,1.293606758117675781e-01,3.544061258435249329e-02,-1.619082987308502197e-01,-1.974513530731201172e-01,3.607709333300590515e-02,-8.642289787530899048e-02,1.100785378366708755e-02,1.144784614443778992e-01,1.156496107578277588e-01,-9.312035143375396729e-02,1.545035988092422485e-01,4.929567575454711914e-01,-3.927568793296813965e-01,3.677680492401123047e-01,-3.940765261650085449e-01,1.912291534245014191e-02,4.098141100257635117e-03,3.898211717605590820e-01,-1.534942239522933960e-01,-4.203415513038635254e-01,-8.745947852730751038e-03,4.638753235340118408e-01,-3.088943101465702057e-02,-3.698434233665466309e-01,3.291808664798736572e-01,2.512430539354681969e-03,-3.968006074428558350e-01,2.984972437843680382e-03,-4.637616574764251709e-01,-3.967580795288085938e-01,2.132173478603363037e-01,1.814405992627143860e-02,1.662975847721099854e-01,2.669657766819000244e-01,-1.687820851802825928e-01,-7.096390705555677414e-03,-2.519977390766143799e-01,8.821871131658554077e-02,-3.207786679267883301e-01,-1.494355648756027222e-01,3.558923304080963135e-01,-2.207193901995196939e-04,-4.157513976097106934e-01,3.689876794815063477e-01,-1.465375870466232300e-01,3.599113523960113525e-01,-4.127627909183502197e-01,-2.570539116859436035e-01,4.061736762523651123e-01,1.425504870712757111e-02,-1.228678524494171143e-01,-3.905178010463714600e-01,-3.122887611389160156e-01,-1.751283742487430573e-02,1.332153081893920898e-01,-5.199446901679039001e-02,-3.729402124881744385e-01,-1.265538036823272705e-01,5.313448309898376465e-01,-3.654500246047973633e-01,3.562144339084625244e-01,9.561879187822341919e-02,-4.555386006832122803e-01,8.731210976839065552e-02,1.657045781612396240e-01,3.408115804195404053e-01,3.900416791439056396e-01,-2.131705284118652344e-01,-1.566015779972076416e-01,-7.502194494009017944e-02,-2.978122793138027191e-03,1.887941658496856689e-01
-1.769157201051712036e-01,-3.610941581428050995e-03,-1.598374173045158386e-02,1.364736557006835938e-01,-8.354347199201583862e-02,2.354804128408432007e-01,-5.600123479962348938e-02,-9.051471948623657227e-02,-1.408683806657791138e-01,-4.266471415758132935e-02,6.102989614009857178e-02,-1.075735315680503845e-02,-6.331987679004669189e-02,9.865354746580123901e-02,2.272585593163967133e-02,-5.227714776992797852e-02,3.112838836386799812e-03,-1.005579996854066849e-02,-1.911869086325168610e-02,-2.972686663269996643e-02,5.790831521153450012e-02,6.953369081020355225e-02,8.939100801944732666e-02,-4.800336062908172607e-02,-5.089318845421075821e-03,-1.125625818967819214e-01,-4.314370080828666687e-02,1.239012777805328369e-01,2.605877071619033813e-02,7.146049290895462036e-02,5.690530687570571899e-02,-4.113536793738603592e-03,-6.208911072462797165e-03,8.198306709527969360e-02,5.080302944406867027e-04,5.412371363490819931e-03,-1.721599721349775791e-03,-3.397117555141448975e-02,1.376538425683975220e-01,-2.666431106626987457e-02,-1.402772665023803711e-01,-1.338603813201189041e-02,6.837869435548782349e-02,4.323041532188653946e-03,1.389663666486740112e-01,-4.465527832508087158e-03,2.247838675975799561e-02,-7.471299613825976849e-04,-8.980316668748855591e-02,-3.802867606282234192e-02,8.207204937934875488e-02,-1.062481701374053955e-01,-6.504795700311660767e-02,-2.055435813963413239e-02,6.295195966958999634e-02,9.327166713774204254e-03,1.367689762264490128e-02,7.746560731902718544e-04,4.433353990316390991e-02,-2.450365573167800903e-02,1.673983177170157433e-03,2.646915242075920105e-02,2.710361499339342117e-03,-1.772912144660949707e-01,-1.000891719013452530e-02,8.676245808601379395e-03,7.707914710044860840e-02,-5.115496739745140076e-02,7.146777212619781494e-02,-7.479102909564971924e-02,7.025721669197082520e-02,-1.240369454026222229e-01,-1.751858368515968323e-02,-1.811739616096019745e-02,1.009647622704505920e-01,2.159152925014495850e-02,3.514003241434693336e-03,-2.441175840795040131e-02,-2.786409109830856323e-02,8.690220303833484650e-03,2.015960030257701874e-02,3.255227347835898399e-04,8.831945806741714478e-02,-8.107692119665443897e-04,1.096170544624328613e-01,9.526302106678485870e-03,-1.602667868137359619e-01,-1.179719110950827599e-03,-3.729109466075897217e-02,-2.308647893369197845e-02,5.410066992044448853e-02,-4.439392685890197754e-02,-5.474810674786567688e-02,1.294464170932769775e-01,5.205070227384567261e-02,1.002274975180625916e-01,-1.467533130198717117e-02,3.012172419403214008e-05,1.781872846186161041e-02,-1.815039962530136108e-01,2.475566603243350983e-02,-2.048332840204238892e-01,-1.453463081270456314e-02,2.323951572179794312e-02,-5.564435198903083801e-02,6.926941871643066406e-02,-6.101683527231216431e-02,-2.304762974381446838e-02,2.131646126508712769e-01,7.890553679317235947e-04,1.078747659921646118e-01,-1.119167581200599670e-01,-5.002664029598236084e-02,1.042548120021820068e-01,-2.878709137439727783e-02,9.108516573905944824e-02,-1.073492392897605896e-01,4.740422219038009644e-02,6.756945699453353882e-02,2.587017975747585297e-02,3.977320343255996704e-02,-4.973603039979934692e-02,-4.599668458104133606e-02,-4.658044874668121338e-02,-1.202865168452262878e-01,3.032697597518563271e-03,8.003227412700653076e-03,2.661722479388117790e-03
2.397959828376770020e-01,9.024438448250293732e-03,-2.090697735548019409e-01,8.846438676118850708e-02,5.410064011812210083e-02,-5.600123479962348938e-02,2.317327111959457397e-01,1.609724313020706177e-01,8.822185546159744263e-02,1.231854036450386047e-01,-1.562418043613433838e-01,-4.655082896351814270e-02,1.134186796844005585e-02,1.314564794301986694e-01,1.124523207545280457e-01,7.216996699571609497e-02,7.067791884765028954e-04,2.888365462422370911e-02,-1.385968476533889771e-01,-1.074667647480964661e-01,-2.170668691396713257e-01,3.274286538362503052e-02,1.332819461822509766e-01,7.335937023162841797e-02,2.098317816853523254e-02,6.478641927242279053e-02,1.346267107874155045e-02,4.316257312893867493e-02,1.514558792114257812e-01,-1.234002858400344849e-01,-1.866648904979228973e-02,-1.314217299222946167e-01,1.724530309438705444e-01,1.226425617933273315e-01,-8.349312469363212585e-03,-4.621052742004394531e-02,2.108074352145195007e-02,1.130660697817802429e-01,-1.244332194328308105e-01,-2.639148831367492676e-01,1.676763147115707397e-01,6.507254391908645630e-02,3.151062410324811935e-03,2.857622317969799042e-02,-2.074579447507858276e-01,-4.253708943724632263e-02,-2.034675627946853638e-01,-6.056748703122138977e-02,7.573242485523223877e-02,-8.074641227722167969e-02,-5.282166972756385803e-02,-2.292615175247192383e-02,1.567354351282119751e-01,1.302224211394786835e-02,-1.644371263682842255e-02,-1.521541476249694824e-01,4.694567248225212097e-02,9.961163625121116638e-03,-9.338707476854324341e-02,-8.221684396266937256e-02,-7.055045664310455322e-02,6.138660758733749390e-02,5.234413780272006989e-03,2.538982033729553223e-01,-5.540548264980316162e-02,-2.113030292093753815e-02,-1.741802394390106201e-01,9.544031322002410889e-02,-1.602585464715957642e-01,1.679980312474071980e-03,-1.979108601808547974e-01,5.829622969031333923e-02,-2.947781421244144440e-02,1.869621425867080688e-01,-9.897223860025405884e-02,-1.289087533950805664e-01,-7.554884650744497776e-04,2.056088745594024658e-01,-1.506194025278091431e-01,-1.222167909145355225e-01,2.151048034429550171e-01,8.728862740099430084e-04,-2.332131415605545044e-01,-3.850045148283243179e-03,-1.732657402753829956e-01,-5.389333516359329224e-02,2.925304472446441650e-01,9.989355457946658134e-04,-4.261048138141632080e-02,1.118687912821769714e-01,-1.018048897385597229e-01,-1.396605093032121658e-02,-2.165891416370868683e-02,-1.257372945547103882e-01,-1.941070556640625000e-01,-1.825690865516662598e-01,1.133475005626678467e-01,-1.221868005814030766e-04,-4.166166111826896667e-02,2.276487499475479126e-01,-1.290496140718460083e-01,2.088000029325485229e-01,-1.253545284271240234e-01,-8.548878878355026245e-02,2.088351398706436157e-01,2.831596136093139648e-01,-1.409569233655929565e-01,2.476709522306919098e-02,-2.396336793899536133e-01,-4.726135171949863434e-03,3.425580635666847229e-02,-1.675919592380523682e-01,-4.840622469782829285e-02,1.056393235921859741e-01,1.445951312780380249e-01,-2.256497889757156372e-01,9.179747849702835083e-02,6.062143296003341675e-02,-2.861759364604949951e-01,4.901889711618423462e-02,-8.214698173105716705e-03,1.889612078666687012e-01,1.993961930274963379e-01,1.033822968602180481e-01,-4.459431860595941544e-03,-1.755658686161041260e-01,6.050954107195138931e-03,1.431297361850738525e-01
3.149769008159637451e-01,4.714342579245567322e-02,-3.211987316608428955e-01,9.095592796802520752e-02,3.666335046291351318e-01,-9.051471948623657227e-02,1.609724313020706177e-01,5.680797100067138672e-01,2.978404797613620758e-02,1.320194602012634277e-01,-1.635082066059112549e-02,-1.783763766288757324e-01,2.227821350097656250e-01,1.483095884323120117e-01,3.985031545162200928e-01,4.229485988616943359e-01,-4.597746301442384720e-03,1.049986928701400757e-01,-6.355760991573333740e-02,-1.757505983114242554e-01,1.216754168272018433e-01,2.733052372932434082e-01,7.146449387073516846e-02,2.589811198413372040e-02,2.850756421685218811e-02,3.368024826049804688e-01,-2.659704983234405518e-01,-3.697957098484039307e-01,3.907448351383209229e-01,-2.743853926658630371e-01,-5.634289979934692383e-02,-2.369121760129928589e-01,1.078743394464254379e-02,2.110675126314163208e-01,-5.134019628167152405e-02,-3.696941435337066650e-01,8.171515166759490967e-02,2.532544732093811035e-01,-5.722739696502685547e-01,-3.609510064125061035e-01,3.793755769729614258e-01,6.629802286624908447e-02,2.135522067546844482e-01,6.676002591848373413e-02,6.515065580606460571e-02,-2.206589281558990479e-01,-3.949580490589141846e-01,-1.541143357753753662e-01,7.758614607155323029e-03,2.634149044752120972e-02,-8.024662733078002930e-02,-1.404316127300262451e-01,1.771351695060729980e-01,-1.111276522278785706e-01,-2.540352940559387207e-01,-4.839833378791809082e-01,1.493762582540512085e-01,3.369979560375213623e-02,-6.225406005978584290e-02,-1.441704183816909790e-01,2.721396647393703461e-02,-1.120387241244316101e-01,7.971724495291709900e-03,1.154568865895271301e-01,5.266211181879043579e-02,-5.529994517564773560e-02,-2.706740424036979675e-02,4.248764514923095703e-01,-3.686074316501617432e-01,3.645241260528564453e-01,-4.212604761123657227e-01,-9.688661247491836548e-02,5.718929320573806763e-02,3.697875440120697021e-01,-1.368298679590225220e-01,-3.331528007984161377e-01,-7.658049929887056351e-03,4.195003509521484375e-01,-1.796162128448486328e-02,-2.967583537101745605e-01,2.532418072223663330e-01,2.305594971403479576e-03,-4.804204106330871582e-01,-2.708569401875138283e-03,-4.475202858448028564e-01,-2.866038680076599121e-01,3.876021802425384521e-01,1.484960317611694336e-02,4.810198023915290833e-02,2.607042193412780762e-01,-2.077413648366928101e-01,1.049958318471908569e-01,-6.037909910082817078e-02,-1.014073342084884644e-01,-2.610195577144622803e-01,-3.244915306568145752e-01,3.763480782508850098e-01,-2.321268839295953512e-04,-4.090545475482940674e-01,4.133692681789398193e-01,-2.574498355388641357e-01,4.723584949970245361e-01,-2.883662879467010498e-01,-2.258803695440292358e-01,2.935104668140411377e-01,1.542575955390930176e-01,4.547330737113952637e-02,-2.369069606065750122e-01,-4.094372093677520752e-01,-2.158346818760037422e-03,1.427757833153009415e-02,1.413294579833745956e-03,-2.441243976354598999e-01,-8.370135724544525146e-02,4.880232512950897217e-01,-3.247357010841369629e-01,4.795423746109008789e-01,7.154632359743118286e-02,-5.001232624053955078e-01,3.273772820830345154e-02,5.915246903896331787e-02,3.176296949386596680e-01,3.387295305728912354e-01,1.120360288769006729e-02,-1.295492351055145264e-01,-8.275316655635833740e-02,-1.044258382171392441e-02,1.609045416116714478e-01
1.298029720783233643e-01,1.662615314126014709e-02,-1.465111672878265381e-01,5.108480155467987061e-02,4.297129809856414795e-02,-1.408683806657791138e-01,8.822185546159744263e-02,2.978404797613620758e-02,1.937144696712493896e-01,1.087662056088447571e-01,-8.838682621717453003e-02,-5.633737891912460327e-02,8.465553075075149536e-02,8.956854045391082764e-02,1.011459678411483765e-01,1.231105402112007141e-01,3.224452259019017220e-03,5.191455036401748657e-02,-1.320719569921493530e-01,-7.139326632022857666e-02,-2.554806768894195557e-01,7.705490291118621826e-02,5.033173039555549622e-02,-7.158049847930669785e-04,2.816804870963096619e-02,1.833812743425369263e-01,-5.377767980098724365e-02,-2.655047690495848656e-03,4.814765229821205139e-02,-1.703999005258083344e-03,-4.480389505624771118e-02,-2.103315740823745728e-01,1.811182796955108643e-01,3.234159201383590698e-02,4.019030020572245121e-04,-1.143437325954437256e-01,4.516839981079101562e-02,1.131461560726165771e-01,-6.823975592851638794e-02,-1.377159208059310913e-01,2.212194353342056274e-01,4.472725465893745422e-02,2.842733450233936310e-02,1.552889402955770493e-02,-2.221198827028274536e-01,-3.547219559550285339e-02,-1.530492007732391357e-01,-4.915368929505348206e-02,7.688379287719726562e-02,-1.091065350919961929e-02,-8.150825649499893188e-02,1.185130253434181213e-01,1.346576213836669922e-01,-1.046466827392578125e-02,3.467962145805358887e-02,-1.241971701383590698e-01,3.382123261690139771e-02,8.331147022545337677e-03,-7.291644066572189331e-02,-7.934845238924026489e-02,-7.188057899475097656e-02,7.031603157520294189e-02,5.828869063407182693e-03,2.342777252197265625e-01,1.093458663672208786e-02,-4.069975391030311584e-02,-8.806851506233215332e-02,1.120196506381034851e-01,-1.878558844327926636e-01,-1.665897085331380367e-03,-1.377919465303421021e-01,1.976041793823242188e-01,-8.246238529682159424e-02,1.777702122926712036e-01,-1.188945993781089783e-01,-1.204683631658554077e-01,-2.114654518663883209e-03,1.747432947158813477e-01,-1.093650609254837036e-01,-1.658930033445358276e-01,1.985810399055480957e-01,8.667061338201165199e-04,-1.270057260990142822e-01,2.429327229037880898e-03,-1.801948398351669312e-01,-7.662387937307357788e-02,1.179462671279907227e-01,2.855676459148526192e-03,9.398985654115676880e-02,1.087993904948234558e-01,-4.458571597933769226e-02,-6.232295557856559753e-02,-1.065118908882141113e-01,-9.701899252831935883e-03,-2.036145478487014771e-01,-8.530741184949874878e-02,1.781870238482952118e-02,-9.470675286138430238e-05,-6.983623653650283813e-02,2.144458144903182983e-01,-5.351683869957923889e-02,1.845094859600067139e-01,-1.812801063060760498e-01,-9.329738467931747437e-02,2.128979414701461792e-01,6.367658823728561401e-02,-1.615849286317825317e-01,-6.335489451885223389e-02,-1.759795993566513062e-01,-1.509400829672813416e-02,1.540383100509643555e-01,-1.025682911276817322e-01,-1.057072207331657410e-01,4.220661148428916931e-02,8.837422728538513184e-02,-2.118975371122360229e-01,5.488230288028717041e-02,2.535420469939708710e-02,-1.999852657318115234e-01,6.989703327417373657e-02,-1.148489769548177719e-02,1.869477778673171997e-01,1.820087134838104248e-01,-1.241725962609052658e-02,-1.095087267458438873e-02,-1.590739488601684570e-01,1.757466979324817657e-02,9.046560525894165039e-02
5.230528116226196289e-02,4.158040136098861694e-02,-3.432272076606750488e-01,2.336343973875045776e-01,1.363643109798431396e-01,-4.266471415758132935e-02,1.231854036450386047e-01,1.320194602012634277e-01,1.087662056088447571e-01,1.575419753789901733e-01,-6.847653537988662720e-02,-1.390534490346908569e-01,2.076452374458312988e-01,1.682130843400955200e-01,2.782058119773864746e-01,2.857846319675445557e-01,2.571152290329337120e-03,1.592613011598587036e-01,-2.621206939220428467e-01,-1.788180619478225708e-01,-1.843241602182388306e-01,2.493655234575271606e-01,1.742815971374511719e-01,-2.592138200998306274e-02,4.191110655665397644e-02,3.140316605567932129e-01,-2.451920956373214722e-01,-5.462379381060600281e-02,2.720955312252044678e-01,-4.986243695020675659e-02,8.255635388195514679e-03,-3.513248562812805176e-01,2.633558809757232666e-01,1.613758206367492676e-01,-1.413076184689998627e-02,-2.896861433982849121e-01,1.022849157452583313e-01,2.319609075784683228e-01,-2.173386067152023315e-01,-2.345463931560516357e-01,3.295193612575531006e-01,5.635563284158706665e-02,2.260246723890304565e-01,5.008911713957786560e-02,-1.550865322351455688e-01,-1.686210483312606812e-01,-3.506882786750793457e-01,-1.066737473011016846e-01,2.589979767799377441e-02,3.434018790721893311e-02,-4.654117301106452942e-02,3.930924087762832642e-02,1.284372806549072266e-01,-3.187472745776176453e-02,-3.476614598184823990e-03,-3.448294699192047119e-01,9.366580843925476074e-02,2.505242824554443359e-02,-1.502977013587951660e-01,-1.844804733991622925e-01,-5.377712473273277283e-02,5.376995354890823364e-02,1.106028258800506592e-02,2.219727188348770142e-01,4.040733352303504944e-02,-7.973042130470275879e-02,1.084833685308694839e-02,2.850947082042694092e-01,-3.205611109733581543e-01,9.621709585189819336e-02,-2.910534143447875977e-01,1.090271323919296265e-01,-8.336835354566574097e-02,3.393866717815399170e-01,-1.300901025533676147e-01,-2.951205670833587646e-01,-4.152421373873949051e-03,3.860754966735839844e-01,-1.530701071023941040e-01,-3.158148229122161865e-01,3.769599497318267822e-01,2.083961153402924538e-03,-2.628566920757293701e-01,2.659697784110903740e-03,-3.053914606571197510e-01,-2.496735900640487671e-01,1.678972989320755005e-01,1.022872049361467361e-02,1.208602488040924072e-01,2.158721387386322021e-01,-9.584109485149383545e-02,-8.913990855216979980e-02,-2.554464042186737061e-01,6.966888159513473511e-02,-3.317831158638000488e-01,-8.386879414319992065e-02,1.715100854635238647e-01,-1.804211788112297654e-04,-2.048928588628768921e-01,2.884370684623718262e-01,-1.115450188517570496e-01,2.298019379377365112e-01,-3.645392358303070068e-01,-1.971354484558105469e-01,4.044409990310668945e-01,1.404145061969757080e-01,-2.818131148815155029e-01,-2.418189197778701782e-01,-2.045435011386871338e-01,-2.232022956013679504e-02,2.225740253925323486e-01,-2.263153642416000366e-01,-2.885022461414337158e-01,7.169579714536666870e-02,3.233083188533782959e-01,-3.487302064895629883e-01,1.111850589513778687e-01,1.250030696392059326e-01,-3.737137317657470703e-01,1.194480583071708679e-01,1.071026921272277832e-01,3.085580170154571533e-01,3.326776325702667236e-01,-1.248608008027076721e-01,-1.285417377948760986e-01,-1.938363164663314819e-01,2.251659333705902100e-02,2.093913108110427856e-01
-1.768288910388946533e-01,5.564903374761343002e-03,7.053823024034500122e-02,-5.752106383442878723e-02,2.783460915088653564e-02,6.102989614009857178e-02,-1.562418043613433838e-01,-1.635082066059112549e-02,-8.838682621717453003e-02,-6.847653537988662720e-02,1.687808483839035034e-01,-1.318677328526973724e-02,8.152917772531509399e-02,-6.310822814702987671e-02,1.024925615638494492e-02,6.931311637163162231e-02,-2.016663551330566406e-03,-1.755489595234394073e-02,9.117647260427474976e-02,9.716697037220001221e-03,2.544279396533966064e-01,7.124667614698410034e-02,-5.627334490418434143e-02,-9.161505848169326782e-02,-9.120431728661060333e-03,5.780157074332237244e-02,-1.342910975217819214e-01,-1.350236088037490845e-01,2.646698243916034698e-02,1.442996878176927567e-02,2.386195026338100433e-02,2.262529358267784119e-02,-1.670319885015487671e-01,3.476148238405585289e-03,-1.042825449258089066e-02,-9.426974505186080933e-02,1.326192822307348251e-02,-1.979342661798000336e-02,-5.053476616740226746e-02,1.649167686700820923e-01,-6.580094248056411743e-02,-5.612382665276527405e-02,9.676650911569595337e-02,-2.800404094159603119e-03,2.328370064496994019e-01,-1.053769066929817200e-01,6.600111722946166992e-02,3.280149400234222412e-02,-7.356065511703491211e-02,7.537227123975753784e-03,5.874888971447944641e-02,-2.741954475641250610e-02,-1.240279749035835266e-01,-4.169375076889991760e-02,-7.806993275880813599e-02,-2.655114233493804932e-02,6.209038663655519485e-03,2.942061750218272209e-03,8.380924165248870850e-02,3.832836821675300598e-02,8.032185584306716919e-02,-8.024177700281143188e-02,-3.029441228136420250e-03,-2.275293469429016113e-01,5.050603672862052917e-02,1.285204780288040638e-04,1.593568921089172363e-01,3.413137048482894897e-02,1.172686275094747543e-02,8.598323911428451538e-02,6.021387875080108643e-02,-1.692859083414077759e-01,3.812629729509353638e-02,-5.642625689506530762e-02,8.090040832757949829e-02,3.457352891564369202e-02,-2.175748581066727638e-03,-2.591021172702312469e-02,1.855637729167938232e-01,-3.427164861932396889e-03,-1.111779734492301941e-01,9.910357039188966155e-05,7.087233662605285645e-02,2.440231386572122574e-03,5.470027402043342590e-02,-3.939154371619224548e-02,-1.328292787075042725e-01,4.497142042964696884e-03,7.156081497669219971e-02,-1.199142914265394211e-02,5.917158722877502441e-02,5.047275125980377197e-02,-1.508458796888589859e-02,1.002367809414863586e-01,9.973447769880294800e-02,8.458161354064941406e-02,-2.530915103852748871e-02,3.976780135417357087e-05,-9.943868219852447510e-02,-1.057175844907760620e-01,1.173355616629123688e-02,-5.522052571177482605e-02,1.469445042312145233e-02,4.017371218651533127e-03,-7.445994019508361816e-02,-2.445812374353408813e-01,1.476771384477615356e-01,-1.159953698515892029e-01,1.433390080928802490e-01,2.721668279264122248e-04,-8.552610874176025391e-03,1.127545610070228577e-01,-3.619765490293502808e-02,-6.445133686065673828e-02,1.680468581616878510e-02,1.062696427106857300e-01,5.860625952482223511e-02,-1.134394388645887375e-02,1.227335035800933838e-01,-3.389555215835571289e-02,3.331811353564262390e-02,-7.982753962278366089e-02,-7.868190109729766846e-02,-9.607559442520141602e-02,-9.130749851465225220e-02,1.202995479106903076e-01,6.299626082181930542e-03,-7.220245897769927979e-02
2.979074977338314056e-02,-5.390879511833190918e-02,3.686377108097076416e-01,-2.804697155952453613e-01,-1.965143531560897827e-01,-1.075735315680503845e-02,-4.655082896351814270e-02,-1.783763766288757324e-01,-5.633737891912460327e-02,-1.390534490346908569e-01,-1.318677328526973724e-02,1.826808005571365356e-01,-2.677800357341766357e-01,-1.897467672824859619e-01,-3.658272922039031982e-01,-3.831097781658172607e-01,-2.788650803267955780e-03,-1.927262097597122192e-01,2.497202754020690918e-01,1.993134468793869019e-01,6.307348608970642090e-02,-3.547272980213165283e-01,-1.688649356365203857e-01,7.371170073747634888e-02,-4.333437234163284302e-02,-3.839173316955566406e-01,3.638646602630615234e-01,1.435752213001251221e-01,-3.287839889526367188e-01,3.409646824002265930e-02,-1.828170008957386017e-02,3.988354504108428955e-01,-2.175661474466323853e-01,-1.879414021968841553e-01,2.398369647562503815e-02,4.002557992935180664e-01,-1.258001774549484253e-01,-2.607327997684478760e-01,2.867471873760223389e-01,2.311834990978240967e-01,-3.524778485298156738e-01,-4.478684067726135254e-02,-3.274046778678894043e-01,-5.947945639491081238e-02,2.379729785025119781e-02,2.207557708024978638e-01,3.892856836318969727e-01,1.295887678861618042e-01,2.971292659640312195e-02,-8.226361870765686035e-02,2.772444672882556915e-02,-7.796119316481053829e-04,-9.601809829473495483e-02,7.318287342786788940e-02,3.690342977643013000e-02,4.335150122642517090e-01,-1.236084848642349243e-01,-3.184108808636665344e-02,1.286962032318115234e-01,2.116349488496780396e-01,2.164676226675510406e-02,-1.160626765340566635e-02,-1.285008061677217484e-02,-1.075204163789749146e-01,-8.779887855052947998e-02,9.250237792730331421e-02,-1.148144304752349854e-01,-3.696728646755218506e-01,3.589604496955871582e-01,-1.777720898389816284e-01,3.142949342727661133e-01,-5.277534946799278259e-02,7.511848211288452148e-02,-3.814994096755981445e-01,1.079846322536468506e-01,3.489124476909637451e-01,5.304052028805017471e-03,-4.333395659923553467e-01,1.126868799328804016e-01,3.737327754497528076e-01,-3.902990221977233887e-01,-2.593529410660266876e-03,2.732708454132080078e-01,-4.308382514864206314e-03,3.474263846874237061e-01,3.277203738689422607e-01,-8.718319982290267944e-02,-1.442820299416780472e-02,-1.664134413003921509e-01,-2.473620325326919556e-01,9.208034723997116089e-02,8.584363758563995361e-02,3.138764798641204834e-01,-1.583784669637680054e-01,3.342509567737579346e-01,5.554063618183135986e-02,-2.193558365106582642e-01,1.925014948938041925e-04,3.089784681797027588e-01,-2.696744799613952637e-01,1.145860329270362854e-01,-2.169854193925857544e-01,4.333288669586181641e-01,2.304371148347854614e-01,-4.153425097465515137e-01,-6.735487282276153564e-02,2.576675117015838623e-01,3.545671403408050537e-01,1.568315029144287109e-01,2.390805445611476898e-02,-2.767393589019775391e-01,1.996716409921646118e-01,3.792811632156372070e-01,-3.457869961857795715e-02,-4.062390327453613281e-01,3.389399647712707520e-01,-1.715764701366424561e-01,-1.371985673904418945e-01,3.866927921772003174e-01,-1.285798102617263794e-01,-1.512113809585571289e-01,-3.249196112155914307e-01,-3.528887033462524414e-01,2.083907574415206909e-01,2.066593617200851440e-01,1.527459770441055298e-01,-2.234605327248573303e-02,-2.024899274110794067e-01
