5.250646471977233887e-01,-1.370390132069587708e-02,1.189272385090589523e-02,1.499777100980281830e-02,1.465203315019607544e-01,-8.780353702604770660e-03,1.008427888154983521e-02,2.982388138771057129e-01,6.348831951618194580e-02,1.216565631330013275e-02,-6.593605875968933105e-02,-1.938950456678867340e-02,-8.126107044517993927e-03,5.531243085861206055e-01,2.135402858257293701e-01,3.597375378012657166e-02,-1.206900575198233128e-03,-6.280045211315155029e-02,1.678670495748519897e-01,-2.547419862821698189e-03,-2.681105136871337891e-01,-3.933134302496910095e-02,4.375258088111877441e-02,-4.130607098340988159e-02,-2.251616865396499634e-02,-2.017286419868469238e-01,1.331005059182643890e-02,-1.644301116466522217e-01,-8.754742145538330078e-02,-2.573941349983215332e-01,-1.158435121178627014e-01,2.099545300006866455e-02,-4.874501377344131470e-02,7.220307737588882446e-02,-3.581285104155540466e-02,-4.223355650901794434e-02,-2.293332852423191071e-02,-1.723058149218559265e-02,-1.371129304170608521e-01,-3.265473246574401855e-01,-1.894208043813705444e-02,1.118302643299102783e-01,-6.091143563389778137e-02,1.575051806867122650e-02,2.993929684162139893e-01,-2.241482138633728027e-01,-6.652151793241500854e-02,-8.266387879848480225e-02,-5.328172817826271057e-03,1.008480694144964218e-02,2.032195404171943665e-02,-1.349806636571884155e-01,3.207141160964965820e-02,-8.647067844867706299e-02,-3.220824897289276123e-02,-7.972375303506851196e-02,5.717717483639717102e-02,8.802408352494239807e-03,-2.839505113661289215e-02,-7.338409777730703354e-03,8.700413256883621216e-02,1.457154471427202225e-02,1.697772741317749023e-02,-1.629914157092571259e-02,-8.053790032863616943e-02,5.866725370287895203e-02,-8.474471978843212128e-03,8.360298722982406616e-02,1.302670128643512726e-02,7.348641008138656616e-02,-3.939848765730857849e-02,-3.167298734188079834e-01,2.623020485043525696e-02,2.378913201391696930e-02,-1.488489098846912384e-02,-3.967781737446784973e-02,-5.568997468799352646e-03,5.170598998665809631e-02,-1.770003736019134521e-01,-3.498991206288337708e-02,-4.498801007866859436e-02,2.498352667316794395e-03,-1.623005717992782593e-01,-8.903419598937034607e-03,-8.626465499401092529e-02,-1.865645684301853180e-02,1.820020824670791626e-01,-9.432245045900344849e-03,-1.896147057414054871e-02,-9.453017846681177616e-04,-4.347430542111396790e-03,-3.629512339830398560e-02,1.437826305627822876e-01,-9.543549269437789917e-02,9.769519418478012085e-02,-7.522359490394592285e-02,2.432346045970916748e-01,-1.952015591086819768e-04,-7.881630212068557739e-02,8.488187938928604126e-02,-4.079912975430488586e-02,2.604302763938903809e-02,3.115130774676799774e-02,3.161358647048473358e-03,-2.191009521484375000e-01,1.668477654457092285e-01,1.824753582477569580e-01,5.509768053889274597e-02,-1.053352653980255127e-01,2.843136154115200043e-02,2.108446806669235229e-01,5.356528237462043762e-02,4.180594906210899353e-02,-3.092265129089355469e-01,5.541426688432693481e-02,2.775164134800434113e-02,2.920565009117126465e-01,-2.094243019819259644e-01,-2.702237963676452637e-01,-1.422510482370853424e-02,-1.281255930662155151e-01,9.508491307497024536e-02,5.708181113004684448e-02,5.815871059894561768e-02,5.558039993047714233e-02,-1.086015328764915466e-01,-2.729401923716068268e-02,1.206432189792394638e-02
-1.370390132069587708e-02,2.749263308942317963e-02,-1.435504853725433350e-01,5.186288058757781982e-02,7.466646283864974976e-02,-7.284598425030708313e-03,-2.241796255111694336e-02,5.109387263655662537e-02,-4.796043504029512405e-04,1.510740723460912704e-02,3.853332996368408203e-02,-3.332854434847831726e-02,1.157659143209457397e-01,1.589838229119777679e-02,1.088495627045631409e-01,1.098228096961975098e-01,-2.450999803841114044e-03,1.226117461919784546e-01,-2.970446273684501648e-02,-5.866106972098350525e-02,2.721330709755420685e-02,1.338594853878021240e-01,7.753126323223114014e-02,3.612383827567100525e-02,9.258025325834751129e-03,1.572779864072799683e-01,-1.344051659107208252e-01,-8.061386644840240479e-02,1.046919748187065125e-01,-2.627755282446742058e-03,2.059731632471084595e-02,-1.205203160643577576e-01,8.244366943836212158e-02,5.711806192994117737e-02,6.678940262645483017e-03,-1.222021877765655518e-01,7.508719805628061295e-03,2.763418108224868774e-02,-8.495599776506423950e-02,-9.172692149877548218e-02,1.303924322128295898e-01,-1.425140257924795151e-02,1.455312073230743408e-01,1.389668695628643036e-02,-9.161032736301422119e-03,-9.073790907859802246e-02,-1.341920793056488037e-01,-2.379056625068187714e-02,-2.956264838576316833e-02,2.750943414866924286e-02,9.635515511035919189e-03,5.438135936856269836e-03,1.273719873279333115e-02,-1.791970245540142059e-02,-1.487499382346868515e-02,-1.149897500872612000e-01,2.816590294241905212e-02,1.247265934944152832e-02,-1.171172633767127991e-01,-4.813427478075027466e-02,2.665058709681034088e-02,-3.935782238841056824e-03,5.783170461654663086e-03,3.525098785758018494e-02,1.751014590263366699e-02,-2.511030994355678558e-02,6.641286611557006836e-02,1.448694169521331787e-01,-1.362963169813156128e-01,2.925759553909301758e-02,-7.303515076637268066e-02,5.517831537872552872e-03,-2.367506176233291626e-02,1.078996881842613220e-01,-4.440386593341827393e-02,-1.091451123356819153e-01,-6.847440265119075775e-03,1.307674646377563477e-01,-9.098592214286327362e-03,-1.012557446956634521e-01,1.173044070601463318e-01,2.798647154122591019e-03,-1.032282933592796326e-01,7.816959172487258911e-03,-9.100890904664993286e-02,-1.346204578876495361e-01,8.650708198547363281e-02,1.118403207510709763e-02,7.652084529399871826e-02,2.408885862678289413e-03,-3.654880821704864502e-02,-2.895401977002620697e-02,-1.105127260088920593e-01,3.516244515776634216e-02,-8.327009528875350952e-02,1.161650195717811584e-02,9.670643508434295654e-02,-4.810463287867605686e-04,-8.484628796577453613e-02,4.313290491700172424e-02,7.533341180533170700e-03,4.092484340071678162e-02,-1.080830469727516174e-01,-1.213092077523469925e-02,1.424115002155303955e-01,-1.582406647503376007e-02,-6.672710180282592773e-02,-1.156802624464035034e-01,-1.608995720744132996e-02,-1.773815602064132690e-02,6.500383466482162476e-02,-6.123649072833359241e-04,-1.078768372535705566e-01,-4.696529731154441833e-02,1.511833220720291138e-01,-1.371431052684783936e-01,5.982762202620506287e-02,6.158431619405746460e-02,-1.172936111688613892e-01,2.207587659358978271e-02,1.042246147990226746e-01,1.075347512960433960e-01,1.081283763051033020e-01,-7.111451029777526855e-02,-1.027196422219276428e-01,-5.510327219963073730e-02,-5.294531583786010742e-03,6.799645721912384033e-02
1.189272385090589523e-02,-1.435504853725433350e-01,8.143849968910217285e-01,-3.626193702220916748e-01,-4.084174335002899170e-01,-4.602715373039245605e-02,6.384280323982238770e-02,-3.306496739387512207e-01,1.375682000070810318e-02,-1.138277277350425720e-01,-2.315462082624435425e-01,2.279369235038757324e-01,-6.384254097938537598e-01,-2.115920186042785645e-01,-6.613084077835083008e-01,-6.495804190635681152e-01,-7.256708107888698578e-03,-6.548660397529602051e-01,1.755122989416122437e-01,4.008750915527343750e-01,-1.177431195974349976e-01,-7.709945440292358398e-01,-5.686041712760925293e-01,-6.950732320547103882e-02,-5.807837843894958496e-02,-7.876439094543457031e-01,7.560617327690124512e-01,3.596799373626708984e-01,-6.429098844528198242e-01,9.804329276084899902e-02,-1.138107627630233765e-01,7.290740013122558594e-01,-5.305442810058593750e-01,-4.288212656974792480e-01,-2.310163713991641998e-02,7.285760641098022461e-01,-4.088535532355308533e-02,-1.680226475000381470e-01,5.632040500640869141e-01,6.139723062515258789e-01,-7.220516204833984375e-01,5.937265977263450623e-02,-7.502502799034118652e-01,-9.096921980381011963e-02,-2.597322687506675720e-02,6.521955728530883789e-01,7.680808901786804199e-01,1.598076522350311279e-01,1.488844901323318481e-01,-5.882026627659797668e-02,-8.331724256277084351e-02,-1.044670585542917252e-02,-6.624940037727355957e-02,1.554196178913116455e-01,6.686003506183624268e-02,7.081862092018127441e-01,-1.975657939910888672e-01,-8.057218044996261597e-02,6.531033515930175781e-01,3.142651915550231934e-01,-1.087214946746826172e-01,-5.040488392114639282e-02,-4.298059269785881042e-02,-2.889404892921447754e-01,-1.028958261013031006e-01,1.438446342945098877e-01,-3.629700839519500732e-01,-7.742588520050048828e-01,7.566728591918945312e-01,-1.329491138458251953e-01,4.985412657260894775e-01,7.846058905124664307e-02,1.446692943572998047e-01,-6.975340843200683594e-01,2.507623434066772461e-01,6.013887524604797363e-01,3.922196105122566223e-02,-8.001939058303833008e-01,1.148328855633735657e-01,6.718277335166931152e-01,-7.268336415290832520e-01,-2.042274177074432373e-02,6.041389107704162598e-01,-4.027828201651573181e-02,6.007321476936340332e-01,7.006719708442687988e-01,-5.382134318351745605e-01,-6.132842227816581726e-02,-4.791605174541473389e-01,-4.743574559688568115e-02,2.197249084711074829e-01,2.023376971483230591e-01,6.414164900779724121e-01,-2.075840979814529419e-01,5.378486514091491699e-01,-1.003663055598735809e-02,-5.729911923408508301e-01,3.293762682005763054e-03,5.726824402809143066e-01,-3.256813585758209229e-01,5.757500883191823959e-03,-3.123481869697570801e-01,6.880310177803039551e-01,7.517106086015701294e-02,-7.859973311424255371e-01,-6.181097030639648438e-02,4.703015387058258057e-01,6.798382401466369629e-01,9.124982357025146484e-02,1.113033294677734375e-01,-5.004690885543823242e-01,1.371699571609497070e-01,6.515228152275085449e-01,1.277830749750137329e-01,-7.912431955337524414e-01,7.420527935028076172e-01,-4.075285196304321289e-01,-4.145668148994445801e-01,7.449585795402526855e-01,-1.570705473423004150e-01,-6.682885885238647461e-01,-6.946778297424316406e-01,-6.808743476867675781e-01,3.843000233173370361e-01,6.773926615715026855e-01,4.577538669109344482e-01,1.200186740607023239e-02,-4.317379593849182129e-01
1.499777100980281830e-02,5.186288058757781982e-02,-3.626193702220916748e-01,2.919287979602813721e-01,1.403969824314117432e-01,9.578800946474075317e-02,-5.929800122976303101e-02,1.852328479290008545e-01,-2.611990086734294891e-02,4.339082166552543640e-02,1.998663321137428284e-02,-1.010752320289611816e-01,2.195761799812316895e-01,1.340962499380111694e-01,2.619475424289703369e-01,2.280776649713516235e-01,5.868130829185247421e-03,3.285389244556427002e-01,-9.428386390209197998e-02,-1.122144833207130432e-01,-8.675333112478256226e-02,3.649522364139556885e-01,2.324766218662261963e-01,-5.645582079887390137e-02,4.176435619592666626e-02,3.285235464572906494e-01,-2.884530127048492432e-01,-8.564622700214385986e-02,2.180832177400588989e-01,-3.466771915555000305e-03,2.678130194544792175e-02,-3.744795024394989014e-01,2.949665486812591553e-01,1.165633499622344971e-01,1.868899352848529816e-02,-3.101992905139923096e-01,3.916765376925468445e-02,6.324054300785064697e-02,-1.625780761241912842e-01,-3.815134167671203613e-01,3.415786623954772949e-01,-1.923248404636979103e-03,3.199955224990844727e-01,3.512680530548095703e-02,8.903970941901206970e-03,-2.145149260759353638e-01,-2.979709208011627197e-01,-1.217651814222335815e-01,-7.174077630043029785e-02,7.018125057220458984e-02,4.978252574801445007e-02,1.655177585780620575e-02,1.040673702955245972e-01,-1.960218101739883423e-01,7.049957662820816040e-02,-2.918921411037445068e-01,8.308139443397521973e-02,2.691987901926040649e-02,-2.312538027763366699e-01,-1.624720692634582520e-01,-1.081311050802469254e-02,6.003543362021446228e-02,2.415974810719490051e-02,1.453044861555099487e-01,3.884715214371681213e-02,-6.144439801573753357e-02,1.335770338773727417e-01,3.701354265213012695e-01,-3.213165700435638428e-01,3.397305263206362724e-03,-2.249195426702499390e-01,7.919957488775253296e-02,-9.071344882249832153e-02,2.836098968982696533e-01,-1.193663924932479858e-01,-2.874279618263244629e-01,-7.247316651046276093e-03,3.436511754989624023e-01,-2.082294672727584839e-01,-3.287719786167144775e-01,4.410272240638732910e-01,8.544047363102436066e-03,-1.957255154848098755e-01,2.121177501976490021e-02,-3.275031447410583496e-01,-2.013888061046600342e-01,1.246337071061134338e-01,2.265171334147453308e-02,1.182580515742301941e-01,1.714213192462921143e-02,-6.339752674102783203e-02,-1.449139714241027832e-01,-3.656824231147766113e-01,1.300322711467742920e-01,-2.536715269088745117e-01,-2.615184150636196136e-02,2.217140048742294312e-01,-1.408650539815425873e-03,-1.792680323123931885e-01,1.980742514133453369e-01,2.121878974139690399e-02,7.574826478958129883e-02,-3.197128176689147949e-01,-2.791061624884605408e-02,3.921801447868347168e-01,1.402845680713653564e-01,-3.225532174110412598e-01,-3.124902248382568359e-01,4.073713719844818115e-02,-4.208971932530403137e-02,3.441251516342163086e-01,-1.134523078799247742e-01,-3.156632781028747559e-01,-5.833406001329421997e-02,3.543932735919952393e-01,-3.025717139244079590e-01,1.179633066058158875e-01,1.718423068523406982e-01,-3.791193366050720215e-01,9.411762654781341553e-02,2.409722059965133667e-01,2.831070423126220703e-01,2.860771715641021729e-01,-1.333962678909301758e-01,-2.601329088211059570e-01,-1.995550692081451416e-01,-6.665900815278291702e-03,2.366807311773300171e-01
1.465203315019607544e-01,7.466646283864974976e-02,-4.084174335002899170e-01,1.403969824314117432e-01,3.011446595191955566e-01,-3.221797943115234375e-02,-4.159881547093391418e-02,2.613892853260040283e-01,1.032803114503622055e-02,4.784719645977020264e-02,8.545072376728057861e-02,-9.803895652294158936e-02,3.232289552688598633e-01,2.189920395612716675e-01,3.968026340007781982e-01,3.347353637218475342e-01,-1.193767040967941284e-02,3.221299350261688232e-01,-2.580036967992782593e-02,-1.766564399003982544e-01,1.819133572280406952e-02,3.634949922561645508e-01,2.110946178436279297e-01,1.275483071804046631e-01,1.024965941905975342e-02,3.728603720664978027e-01,-3.855997025966644287e-01,-3.254572153091430664e-01,2.947645783424377441e-01,-1.396723538637161255e-01,1.668042875826358795e-02,-3.016877174377441406e-01,2.055274397134780884e-01,1.764171123504638672e-01,6.882552988827228546e-03,-3.476461172103881836e-01,7.823394611477851868e-03,7.505057752132415771e-02,-3.375581204891204834e-01,-3.643018007278442383e-01,3.747392892837524414e-01,4.081129096448421478e-03,3.969886600971221924e-01,4.762540012598037720e-02,8.507453650236129761e-02,-3.409845530986785889e-01,-4.332025945186614990e-01,-9.884233772754669189e-02,-8.007559180259704590e-02,1.047633364796638489e-01,2.886156924068927765e-02,-3.732315450906753540e-02,3.181234374642372131e-02,-5.831097811460494995e-02,-7.286201417446136475e-02,-3.581717014312744141e-01,9.638413041830062866e-02,3.966259583830833435e-02,-3.726117908954620361e-01,-1.331312805414199829e-01,1.241765692830085754e-01,-2.091264538466930389e-02,2.151537127792835236e-02,1.107161268591880798e-01,3.415337949991226196e-02,-4.729092866182327271e-02,2.023085951805114746e-01,4.495038986206054688e-01,-3.635460436344146729e-01,1.468837410211563110e-01,-2.323201745748519897e-01,-1.229829415678977966e-01,-2.828243933618068695e-02,3.081419169902801514e-01,-1.366527974605560303e-01,-3.704417645931243896e-01,-2.414092049002647400e-02,3.909240365028381348e-01,-8.010231703519821167e-02,-2.841262519359588623e-01,3.059850335121154785e-01,8.188541047275066376e-03,-3.802290558815002441e-01,1.852007023990154266e-02,-2.995776534080505371e-01,-4.220193922519683838e-01,3.583667278289794922e-01,2.873242646455764771e-02,2.172820717096328735e-01,3.187499241903424263e-03,-1.308496445417404175e-01,-8.277194201946258545e-02,-2.372236698865890503e-01,3.646452352404594421e-02,-1.919277310371398926e-01,2.692242898046970367e-02,4.093758463859558105e-01,-1.419158536009490490e-03,-2.631605863571166992e-01,1.579808592796325684e-01,6.455505266785621643e-03,1.447140425443649292e-01,-2.764467000961303711e-01,-3.566412255167961121e-02,3.260561227798461914e-01,1.623593270778656006e-02,-1.068972498178482056e-01,-3.063326179981231689e-01,-1.319605857133865356e-01,-3.783595561981201172e-02,1.875343024730682373e-01,3.743622824549674988e-02,-2.713528275489807129e-01,-2.786725759506225586e-01,4.758601784706115723e-01,-4.015702605247497559e-01,2.866503000259399414e-01,9.210660308599472046e-02,-4.290533959865570068e-01,4.761407896876335144e-02,2.741569578647613525e-01,3.393891751766204834e-01,3.222450017929077148e-01,-1.964297890663146973e-01,-2.495778501033782959e-01,-1.829144656658172607e-01,-2.852214872837066650e-02,2.106741666793823242e-01
-8.780353702604770660e-03,-7.284598425030708313e-03,-4.602715373039245605e-02,9.578800946474075317e-02,-3.221797943115234375e-02,2.063995897769927979e-01,8.537315763533115387e-03,6.796077638864517212e-02,-8.991381525993347168e-02,-1.344040036201477051e-02,-3.675939515233039856e-03,-1.082860771566629410e-02,-6.252276897430419922e-02,4.296028986573219299e-02,-1.478374842554330826e-02,-3.115172311663627625e-02,-1.409279881045222282e-03,-1.625063829123973846e-02,-1.982615515589714050e-02,-2.361499145627021790e-02,5.110388621687889099e-02,3.820991888642311096e-02,8.090660721063613892e-02,-4.568147286772727966e-02,2.330258575966581702e-04,-7.565246522426605225e-02,4.529675468802452087e-03,5.917818099260330200e-02,8.574906736612319946e-02,-6.664608418941497803e-02,4.119434207677841187e-02,-2.884122310206294060e-03,-5.934076849371194839e-03,5.042633786797523499e-02,-9.894125163555145264e-03,-7.894155569374561310e-04,1.016966532915830612e-02,-5.405094940215349197e-03,2.047525346279144287e-02,-8.126474171876907349e-02,-5.470799654722213745e-02,-3.693692153319716454e-03,4.300514236092567444e-02,6.402458529919385910e-03,7.906628400087356567e-02,9.647097438573837280e-03,1.877108216285705566e-02,-2.479342371225357056e-02,-3.551333770155906677e-02,-4.408840835094451904e-02,1.048746109008789062e-01,-7.761041074991226196e-02,1.785280555486679077e-02,-1.112766265869140625e-01,9.548511356115341187e-03,-3.326258435845375061e-02,1.672809571027755737e-02,1.053143758326768875e-03,4.056126624345779419e-02,-1.316123642027378082e-02,1.014824141748249531e-03,1.054692361503839493e-02,2.993558067828416824e-03,-5.976695567369461060e-02,-3.797755111008882523e-03,1.577648520469665527e-02,-9.080150164663791656e-03,9.808824397623538971e-04,1.663218252360820770e-02,-1.686194725334644318e-02,-1.985044963657855988e-02,-1.004155501723289490e-01,1.021333690732717514e-02,-6.782110780477523804e-03,2.982531487941741943e-02,5.925453267991542816e-03,7.980969734489917755e-03,2.369650639593601227e-02,-3.809488192200660706e-02,-4.197666794061660767e-02,6.630107760429382324e-02,1.130416756495833397e-03,-1.243542972952127457e-02,-6.812372244894504547e-03,-8.524781093001365662e-03,9.551348537206649780e-02,3.374968888238072395e-03,-1.466921065002679825e-03,-9.896821528673171997e-02,8.360738866031169891e-03,1.382866222411394119e-02,-1.516516506671905518e-02,-2.433695271611213684e-02,1.747140847146511078e-02,3.126795636489987373e-03,-7.652448862791061401e-02,1.558869984000921249e-02,-5.227729343459941447e-05,-2.126508764922618866e-02,-8.242984302341938019e-03,-3.398092463612556458e-02,-4.806388542056083679e-02,3.494452685117721558e-03,2.501184819266200066e-03,8.841170929372310638e-03,1.598500311374664307e-01,-4.559273645281791687e-02,-1.988960057497024536e-02,1.116786822676658630e-01,5.677436944097280502e-03,3.730188682675361633e-02,-9.798726439476013184e-02,-2.560813724994659424e-02,8.754786103963851929e-02,3.130311518907546997e-02,4.600445181131362915e-02,6.927256006747484207e-03,3.969222679734230042e-02,-3.141093999147415161e-02,8.002830669283866882e-03,1.714380457997322083e-02,-7.183616515249013901e-03,-6.016144994646310806e-03,5.767209827899932861e-02,-5.903245508670806885e-02,1.204723492264747620e-03,8.347934111952781677e-03,6.511037796735763550e-02
1.008427888154983521e-02,-2.241796255111694336e-02,6.384280323982238770e-02,-5.929800122976303101e-02,-4.159881547093391418e-02,8.537315763533115387e-03,9.034339338541030884e-02,-6.420524418354034424e-02,-1.982804387807846069e-03,7.114183623343706131e-03,-1.546832546591758728e-02,1.842967979609966278e-02,-9.735383093357086182e-02,-1.663699932396411896e-02,-5.451238155364990234e-02,-6.899330765008926392e-02,9.640295058488845825e-03,-1.227899342775344849e-01,1.289924327284097672e-02,-4.654611926525831223e-03,4.188772290945053101e-03,-8.147168904542922974e-02,-4.313920438289642334e-02,-3.012883849442005157e-02,-1.326091121882200241e-02,-9.002167731523513794e-02,7.146765291690826416e-02,7.884054630994796753e-02,-3.157831355929374695e-02,-6.137676537036895752e-02,-2.218597801402211189e-03,6.977719068527221680e-02,-4.372289776802062988e-02,-1.901762187480926514e-02,-9.069804102182388306e-03,8.287443965673446655e-02,-1.658634841442108154e-02,-1.386221032589673996e-02,-9.835690259933471680e-03,5.616368725895881653e-02,-6.564468145370483398e-02,2.127790637314319611e-02,-1.174258589744567871e-01,-5.406721960753202438e-03,-2.115483628585934639e-03,-2.814476937055587769e-02,4.401879757642745972e-02,2.146089076995849609e-02,5.174307152628898621e-02,-3.774379193782806396e-02,-1.604764163494110107e-02,2.521698828786611557e-03,-4.460651054978370667e-02,6.628876179456710815e-02,-6.795539986342191696e-03,6.591962277889251709e-02,-2.501350454986095428e-02,-6.793031003326177597e-03,4.110995680093765259e-02,3.467261046171188354e-02,-3.176562488079071045e-02,1.991927064955234528e-02,-2.339944941923022270e-03,5.665984004735946655e-02,1.016572397202253342e-02,1.836088486015796661e-02,-4.593707993626594543e-02,-9.408638626337051392e-02,9.815901517868041992e-02,1.148334983736276627e-02,2.221827395260334015e-02,-5.687391012907028198e-02,4.639557749032974243e-02,-3.899759054183959961e-02,2.912910655140876770e-02,3.129402920603752136e-02,6.589757394976913929e-04,-2.414361760020256042e-02,2.036602422595024109e-02,6.659408658742904663e-02,-6.499679386615753174e-02,-1.156518002972006798e-03,4.370721429586410522e-02,-9.433061815798282623e-03,3.258958831429481506e-02,5.560946092009544373e-02,2.223648130893707275e-02,-1.000826247036457062e-02,-4.694243893027305603e-03,1.042432803660631180e-02,-5.975415930151939392e-03,2.648601494729518890e-02,8.733697235584259033e-02,-4.093882068991661072e-02,4.332433268427848816e-02,-1.049131527543067932e-02,-2.961980924010276794e-02,1.374551357002928853e-04,3.104015253484249115e-02,-1.050667464733123779e-02,-2.654819190502166748e-02,4.495419189333915710e-02,5.748820677399635315e-02,5.324986763298511505e-03,-5.360392108559608459e-02,5.268577486276626587e-02,2.070502378046512604e-02,9.213555604219436646e-02,-7.704279571771621704e-02,7.196533028036355972e-03,-7.258162647485733032e-02,-4.632796719670295715e-02,1.049826592206954956e-01,9.395394474267959595e-02,-9.766002744436264038e-02,6.730857491493225098e-02,-1.570371538400650024e-02,-2.972867526113986969e-02,2.532036788761615753e-02,-1.585227437317371368e-02,5.247653927654027939e-03,-2.367436327040195465e-02,-5.066465586423873901e-02,3.219747915863990784e-02,5.316670611500740051e-02,-9.241667576134204865e-03,1.177036482840776443e-02,-3.871399536728858948e-02
2.982388138771057129e-01,5.109387263655662537e-02,-3.306496739387512207e-01,1.852328479290008545e-01,2.613892853260040283e-01,6.796077638864517212e-02,-6.420524418354034424e-02,4.462061822414398193e-01,-2.502320334315299988e-02,2.270200476050376892e-02,6.553822755813598633e-02,-9.962023049592971802e-02,2.589648067951202393e-01,3.997793197631835938e-01,3.850668370723724365e-01,2.791538536548614502e-01,-1.555005554109811783e-02,2.364691346883773804e-01,2.912003733217716217e-02,-1.236956119537353516e-01,8.868668228387832642e-03,3.236512839794158936e-01,2.394834011793136597e-01,1.585084944963455200e-02,1.934177242219448090e-03,1.869172453880310059e-01,-2.985804975032806396e-01,-2.791406214237213135e-01,2.862158119678497314e-01,-1.932728439569473267e-01,-2.144485339522361755e-02,-2.199674546718597412e-01,1.026941910386085510e-01,2.057019323110580444e-01,-1.718262396752834320e-02,-3.266550600528717041e-01,6.358259357511997223e-03,5.890710279345512390e-02,-3.305688798427581787e-01,-4.458150267601013184e-01,2.544964849948883057e-01,2.340104617178440094e-02,3.225916624069213867e-01,4.747937619686126709e-02,2.783629000186920166e-01,-3.312685787677764893e-01,-3.709675669670104980e-01,-1.096295118331909180e-01,-9.734205156564712524e-02,2.145614102482795715e-02,1.096746623516082764e-01,-1.101478338241577148e-01,5.286988243460655212e-02,-1.982077658176422119e-01,-8.981550484895706177e-02,-3.486317992210388184e-01,1.331692337989807129e-01,4.178415238857269287e-02,-2.275307029485702515e-01,-1.170776784420013428e-01,1.321516036987304688e-01,-1.443843357264995575e-02,2.239100448787212372e-02,-5.752985551953315735e-02,-4.970212001353502274e-03,-1.072200573980808258e-02,1.403718292713165283e-01,3.632658421993255615e-01,-3.086341023445129395e-01,6.850101053714752197e-02,-2.215182930231094360e-01,-2.926146686077117920e-01,-2.896768227219581604e-02,2.718337476253509521e-01,-8.476016670465469360e-02,-2.374903112649917603e-01,-1.591266505420207977e-02,3.276465535163879395e-01,-1.501954942941665649e-01,-2.938507199287414551e-01,2.582479417324066162e-01,8.315407671034336090e-03,-3.593975305557250977e-01,1.337090134620666504e-02,-2.517344057559967041e-01,-2.937056124210357666e-01,2.970218062400817871e-01,2.315923199057579041e-02,9.462174028158187866e-02,1.044547930359840393e-02,-8.480461686849594116e-02,-7.026249170303344727e-02,-1.440826952457427979e-01,-3.446724638342857361e-02,-1.148520633578300476e-01,-3.728073835372924805e-02,3.906830251216888428e-01,-1.190650160424411297e-03,-2.523865699768066406e-01,1.600901037454605103e-01,-2.531442791223526001e-02,8.349654078483581543e-02,-2.204571962356567383e-01,-3.041448071599006653e-02,1.932690143585205078e-01,1.030093878507614136e-01,1.065132673829793930e-02,-2.733580470085144043e-01,-8.558484725654125214e-03,-1.128177437931299210e-02,2.468642741441726685e-01,5.040921643376350403e-02,-2.464756667613983154e-01,-2.960533797740936279e-01,4.360195398330688477e-01,-2.988218665122985840e-01,3.254653811454772949e-01,4.090761765837669373e-02,-4.393143057823181152e-01,3.020936436951160431e-02,1.480195969343185425e-01,2.834921181201934814e-01,2.416130155324935913e-01,-4.068503156304359436e-02,-2.211188971996307373e-01,-1.597463339567184448e-01,-3.022256679832935333e-02,2.049656957387924194e-01
6.348831951618194580e-02,-4.796043504029512405e-04,1.375682000070810318e-02,-2.611990086734294891e-02,1.032803114503622055e-02,-8.991381525993347168e-02,-1.982804387807846069e-03,-2.502320334315299988e-02,6.709663569927215576e-02,1.608120650053024292e-02,-1.608992181718349457e-02,-3.284123260527849197e-03,2.949803695082664490e-02,6.182500347495079041e-02,3.587147220969200134e-02,1.436850707978010178e-02,8.362218737602233887e-03,6.230446510016918182e-03,2.454374171793460846e-02,1.109058875590562820e-02,-1.172284856438636780e-01,-1.104504708200693130e-02,-1.409003324806690216e-02,-2.406592853367328644e-02,5.502357147634029388e-03,2.818270213901996613e-02,-2.673590322956442833e-03,-1.762218307703733444e-03,-7.883770763874053955e-02,2.449549175798892975e-02,-3.954011201858520508e-02,-4.967949166893959045e-02,3.812235221266746521e-02,-1.142211258411407471e-02,3.047657897695899010e-03,-1.752804778516292572e-02,-3.517718054354190826e-03,-5.503653665073215961e-04,8.947660680860280991e-04,-2.980349957942962646e-02,3.977219760417938232e-02,2.096118591725826263e-02,-4.115213826298713684e-02,-2.326600486412644386e-03,-2.781619876623153687e-02,-5.417393893003463745e-02,-7.823031395673751831e-03,-5.552596412599086761e-03,2.326679602265357971e-02,1.418705191463232040e-02,-6.144350767135620117e-02,3.563817963004112244e-02,1.074921153485774994e-02,3.149506077170372009e-02,2.574983052909374237e-02,3.493390744552016258e-03,-4.685767926275730133e-03,-1.076804473996162415e-03,-1.683592610061168671e-02,-7.762482389807701111e-03,-2.126288786530494690e-02,2.578933350741863251e-02,3.390054451301693916e-03,6.854073703289031982e-02,-1.325572095811367035e-02,-6.195734255015850067e-03,-5.100264679640531540e-03,1.876699924468994141e-02,-1.727023348212242126e-02,-5.479197949171066284e-03,-1.632528495974838734e-03,4.907744377851486206e-02,-2.191904000937938690e-02,2.573052793741226196e-02,-2.253995090723037720e-02,-7.163730915635824203e-04,-2.790819853544235229e-03,1.850845664739608765e-02,-2.970707602798938751e-02,-6.577470339834690094e-03,3.434337675571441650e-03,6.521031609736382961e-04,1.172048598527908325e-02,2.663506427779793739e-03,-2.832534350454807281e-02,-2.725977078080177307e-02,-7.202367298305034637e-03,-1.855266047641634941e-03,5.917878821492195129e-02,1.164301414974033833e-03,1.337260706350207329e-03,-1.873183436691761017e-02,-5.242405924946069717e-03,1.254189386963844299e-02,-1.398613397032022476e-02,1.483956631273031235e-02,-9.762828121893107891e-04,-1.116856437874957919e-04,-1.020882278680801392e-02,3.145123645663261414e-02,1.405886001884937286e-02,3.443621844053268433e-02,-3.116046637296676636e-02,-1.260123535757884383e-04,-7.352794520556926727e-03,-3.072184324264526367e-02,-1.474355440586805344e-02,1.383087504655122757e-02,-5.474373698234558105e-02,-4.870561417192220688e-03,8.603714406490325928e-02,1.270213443785905838e-02,-2.675168681889772415e-03,-3.967724367976188660e-02,-2.895379625260829926e-02,-1.580965891480445862e-02,1.892626471817493439e-02,-2.933941595256328583e-02,-4.811571165919303894e-02,1.145993918180465698e-02,-1.945178583264350891e-02,3.218777105212211609e-02,3.279360756278038025e-02,-2.811169624328613281e-02,1.134848129004240036e-02,-5.378114804625511169e-02,-2.072910312563180923e-03,-2.976373024284839630e-02
1.216565631330013275e-02,1.510740723460912704e-02,-1.138277277350425720e-01,4.339082166552543640e-02,4.784719645977020264e-02,-1.344040036201477051e-02,7.114183623343706131e-03,2.270200476050376892e-02,1.608120650053024292e-02,2.348304726183414459e-02,2.005543373525142670e-02,-3.110395930707454681e-02,8.041784912347793579e-02,4.406360536813735962e-02,9.504165500402450562e-02,7.962501049041748047e-02,6.507962476462125778e-03,7.988893985748291016e-02,-2.016291022300720215e-02,-5.180988833308219910e-02,-2.673774398863315582e-02,1.038464978337287903e-01,7.015494257211685181e-02,-1.266202516853809357e-02,9.413575753569602966e-03,1.232715025544166565e-01,-1.007597818970680237e-01,-2.463368140161037445e-02,6.365969777107238770e-02,-1.167856529355049133e-02,3.564131679013371468e-03,-1.241170912981033325e-01,8.842625468969345093e-02,4.980592429637908936e-02,3.613216802477836609e-03,-1.006841585040092468e-01,3.580775344744324684e-03,2.116536349058151245e-02,-7.581242173910140991e-02,-9.861428290605545044e-02,1.137550249695777893e-01,2.866718219593167305e-03,8.026904612779617310e-02,1.096553541719913483e-02,-1.068699173629283905e-02,-1.207082122564315796e-01,-1.115553900599479675e-01,-2.326034940779209137e-02,-3.763866610825061798e-03,6.424842868000268936e-03,-1.141098421066999435e-02,1.645361632108688354e-02,9.701130911707878113e-03,-7.883457466959953308e-03,6.132384296506643295e-03,-9.010677784681320190e-02,2.128956839442253113e-02,9.333037771284580231e-03,-8.865065127611160278e-02,-4.363286867737770081e-02,-5.933278705924749374e-03,2.396062202751636505e-02,7.166150491684675217e-03,8.067123591899871826e-02,1.371666416525840759e-02,-2.044928632676601410e-02,3.982460498809814453e-02,1.103225722908973694e-01,-1.030137836933135986e-01,1.350248977541923523e-02,-7.003372907638549805e-02,6.348713766783475876e-03,-2.174315415322780609e-02,1.051595434546470642e-01,-3.821573033928871155e-02,-8.522284030914306641e-02,-5.511865951120853424e-03,1.315998435020446777e-01,-3.230651468038558960e-02,-9.378632158041000366e-02,1.176341325044631958e-01,2.971599111333489418e-03,-6.636442244052886963e-02,5.181720014661550522e-03,-9.528336673974990845e-02,-9.694769233465194702e-02,6.867210566997528076e-02,6.107952911406755447e-03,8.185043931007385254e-02,9.659195318818092346e-03,-2.997925132513046265e-02,-3.525117412209510803e-02,-9.194456040859222412e-02,3.186061233282089233e-02,-7.857878506183624268e-02,2.943308325484395027e-03,7.165808975696563721e-02,-4.932210431434214115e-04,-7.419252395629882812e-02,5.928522348403930664e-02,6.768010644009336829e-05,6.155006214976310730e-02,-1.066656783223152161e-01,-9.503766894340515137e-03,1.256327480077743530e-01,1.835080236196517944e-02,-8.799284696578979492e-02,-8.071447908878326416e-02,-3.736967965960502625e-02,-1.673486270010471344e-02,1.013789996504783630e-01,-3.418845310807228088e-02,-7.914754003286361694e-02,-1.999832922592759132e-03,9.737355262041091919e-02,-1.059995517134666443e-01,5.187663808465003967e-02,4.958532005548477173e-02,-1.328190565109252930e-01,2.676688879728317261e-02,9.467462450265884399e-02,1.079893857240676880e-01,1.013715788722038269e-01,-5.757506191730499268e-02,-8.897949010133743286e-02,-8.733209967613220215e-02,7.729355129413306713e-04,4.882529750466346741e-02
-6.593605875968933105e-02,3.853332996368408203e-02,-2.315462082624435425e-01,1.998663321137428284e-02,8.545072376728057861e-02,-3.675939515233039856e-03,-1.546832546591758728e-02,6.553822755813598633e-02,-1.608992181718349457e-02,2.005543373525142670e-02,1.253537237644195557e-01,-5.506575107574462891e-02,1.950992494821548462e-01,-2.774402732029557228e-03,1.587622314691543579e-01,1.790539920330047607e-01,-1.794742885977029800e-03,1.431169658899307251e-01,-4.524580016732215881e-02,-1.242066249251365662e-01,1.785065978765487671e-01,2.120770812034606934e-01,1.618992537260055542e-01,4.644285142421722412e-02,5.596941336989402771e-03,2.601505219936370850e-01,-2.283660322427749634e-01,-9.556443244218826294e-02,2.409165799617767334e-01,-1.392707694321870804e-02,5.436938256025314331e-02,-1.691812574863433838e-01,6.198617070913314819e-02,1.585017293691635132e-01,-1.929138205014169216e-03,-2.096151411533355713e-01,1.144287642091512680e-03,4.758694767951965332e-02,-1.685498803853988647e-01,-7.505755871534347534e-02,1.570002138614654541e-01,-4.910245910286903381e-02,2.330969870090484619e-01,2.304941229522228241e-02,2.757550776004791260e-02,-2.049047201871871948e-01,-2.311837226152420044e-01,7.957947440445423126e-03,-4.495305940508842468e-02,-5.131376907229423523e-02,3.967354819178581238e-02,-1.191097497940063477e-02,-3.086474351584911346e-02,1.106705423444509506e-02,-8.569724857807159424e-02,-1.925793886184692383e-01,5.876431241631507874e-02,2.563870511949062347e-02,-1.555960178375244141e-01,-5.720410495996475220e-02,6.019484251737594604e-02,-1.706717722117900848e-02,4.055339377373456955e-03,-9.019141085445880890e-03,3.017461858689785004e-02,-3.663512319326400757e-02,9.190569072961807251e-02,1.777364164590835571e-01,-2.280973494052886963e-01,2.513431943953037262e-02,-1.070371270179748535e-01,-9.578415006399154663e-02,-2.900941669940948486e-02,1.945536583662033081e-01,-3.423150256276130676e-02,-8.623190969228744507e-02,-1.241956930607557297e-02,2.357314527034759521e-01,9.042882174253463745e-02,-1.623005419969558716e-01,1.388234496116638184e-01,5.086774937808513641e-03,-1.671978831291198730e-01,8.121024817228317261e-03,-7.160934060811996460e-02,-2.375319451093673706e-01,1.520390212535858154e-01,1.883651688694953918e-02,1.418258398771286011e-01,1.649559475481510162e-02,-5.497377365827560425e-02,-1.943326438777148724e-03,-1.244800314307212830e-01,2.292488515377044678e-02,-1.168195456266403198e-01,1.507430057972669601e-02,1.173259988427162170e-01,-7.220312254503369331e-04,-1.730985194444656372e-01,2.336724475026130676e-02,-2.076719887554645538e-02,8.314599096775054932e-02,-1.694320738315582275e-01,-2.090171165764331818e-02,2.324706017971038818e-01,-7.118871062994003296e-02,-3.924322128295898438e-02,-1.809028089046478271e-01,3.482744796201586723e-04,-2.884732931852340698e-02,5.869951099157333374e-02,6.518109585158526897e-04,-1.577975004911422729e-01,1.935837976634502411e-02,2.335838675498962402e-01,-2.074140906333923340e-01,9.991664439439773560e-02,1.356346756219863892e-01,-1.632339060306549072e-01,1.971692591905593872e-02,1.938104927539825439e-01,1.681711673736572266e-01,1.530127823352813721e-01,-7.532559335231781006e-02,-2.197877317667007446e-01,-8.266357332468032837e-02,1.765209366567432880e-03,7.141359895467758179e-02
-1.938950456678867340e-02,-3.332854434847831726e-02,2.279369235038757324e-01,-1.010752320289611816e-01,-9.803895652294158936e-02,-1.082860771566629410e-02,1.842967979609966278e-02,-9.962023049592971802e-02,-3.284123260527849197e-03,-3.110395930707454681e-02,-5.506575107574462891e-02,6.356301158666610718e-02,-1.685337722301483154e-01,-8.995071798563003540e-02,-1.865350753068923950e-01,-1.644395589828491211e-01,-5.208760034292936325e-03,-1.688137501478195190e-01,3.854831308126449585e-02,9.618193656206130981e-02,-8.930496871471405029e-03,-2.176348567008972168e-01,-1.548883020877838135e-01,1.390235032886266708e-02,-1.665783300995826721e-02,-2.258351892232894897e-01,2.036795914173126221e-01,7.336696982383728027e-02,-1.647818684577941895e-01,2.183212153613567352e-02,-1.625933311879634857e-02,2.189203649759292603e-01,-1.383356451988220215e-01,-1.160337999463081360e-01,-3.174461191520094872e-03,2.090224623680114746e-01,-9.901675395667552948e-03,-4.321959242224693298e-02,1.477388739585876465e-01,1.917825788259506226e-01,-1.980503052473068237e-01,9.384767152369022369e-03,-1.954147815704345703e-01,-2.331707812845706940e-02,-2.695000171661376953e-02,2.060397714376449585e-01,2.183744609355926514e-01,4.286144673824310303e-02,3.523902222514152527e-02,1.470220740884542465e-03,-1.664459332823753357e-02,-3.019451163709163666e-03,-2.263619005680084229e-02,5.474173650145530701e-02,1.093367300927639008e-02,1.925878673791885376e-01,-5.711742863059043884e-02,-2.173895575106143951e-02,1.555648893117904663e-01,8.379849046468734741e-02,-1.799422502517700195e-02,-2.455049008131027222e-02,-1.218973658978939056e-02,-7.087734341621398926e-02,-2.167004905641078949e-02,3.627940639853477478e-02,-8.317434042692184448e-02,-2.142747193574905396e-01,2.130663096904754639e-01,-1.513258367776870728e-02,1.331463903188705444e-01,2.881366014480590820e-02,4.574237018823623657e-02,-1.980219483375549316e-01,6.187980249524116516e-02,1.401640027761459351e-01,9.329584427177906036e-03,-2.410043925046920776e-01,4.708776623010635376e-02,1.944667845964431763e-01,-2.171775549650192261e-01,-5.738714709877967834e-03,1.466621458530426025e-01,-1.076485496014356613e-02,1.603356897830963135e-01,1.868807524442672729e-01,-1.227339953184127808e-01,-1.499324943870306015e-02,-1.238343939185142517e-01,-1.584303937852382660e-02,4.965143650770187378e-02,5.738563835620880127e-02,1.714277267456054688e-01,-5.002473667263984680e-02,1.393807679414749146e-01,2.155238529667258263e-03,-1.427720040082931519e-01,8.803455275483429432e-04,1.523586064577102661e-01,-9.517957270145416260e-02,3.517341101542115211e-03,-8.387450873851776123e-02,1.963022649288177490e-01,1.924812421202659607e-02,-2.313000708818435669e-01,-2.633658237755298615e-02,1.283488571643829346e-01,1.802879422903060913e-01,1.238023769110441208e-02,2.780952490866184235e-02,-1.783498972654342651e-01,3.909014165401458740e-02,1.750394552946090698e-01,2.565545216202735901e-02,-2.219697386026382446e-01,2.026265859603881836e-01,-1.078677996993064880e-01,-1.053283810615539551e-01,2.378314584493637085e-01,-4.456270113587379456e-02,-1.674205511808395386e-01,-1.912421435117721558e-01,-1.802803725004196167e-01,8.351814001798629761e-02,1.881480365991592407e-01,1.340900808572769165e-01,1.970807090401649475e-03,-1.053702384233474731e-01
