9.999983310699462891e-01,-9.999986290931701660e-01,-9.999920725822448730e-01,9.999981522560119629e-01,9.999988675117492676e-01,-9.999988675117492676e-01,9.999959468841552734e-01,9.999991059303283691e-01,-9.999974370002746582e-01,9.999979138374328613e-01,-9.999986886978149414e-01,-9.999989867210388184e-01,9.999981522560119629e-01,9.999985098838806152e-01,9.999885559082031250e-01,9.999969601631164551e-01,9.999974966049194336e-01,-9.999985694885253906e-01,9.999936223030090332e-01,-9.999991059303283691e-01,-9.999989867210388184e-01,9.999914765357971191e-01,9.999984502792358398e-01,9.999983906745910645e-01,9.999891519546508789e-01,9.999990463256835938e-01,-9.999983906745910645e-01,-9.999988675117492676e-01,9.999865889549255371e-01,-9.999956488609313965e-01,-9.999930262565612793e-01,-9.999984502792358398e-01,9.999907612800598145e-01,9.999967813491821289e-01,-9.999974966049194336e-01,-9.998978972434997559e-01,9.999991655349731445e-01,9.999986886978149414e-01,9.999925494194030762e-01,-9.999989271163940430e-01,9.999986290931701660e-01,-9.999952316284179688e-01,9.999767541885375977e-01,9.999988675117492676e-01,9.999983310699462891e-01,9.999982714653015137e-01,-9.999918937683105469e-01,9.999983906745910645e-01,9.999988079071044922e-01,-9.999985694885253906e-01,-9.999987483024597168e-01,-9.999981522560119629e-01,-9.999988675117492676e-01,-9.999924898147583008e-01,-9.999979734420776367e-01,-9.999981522560119629e-01,-9.999960660934448242e-01,9.999452233314514160e-01,9.999973773956298828e-01,9.999983310699462891e-01,-9.999983310699462891e-01,9.999989867210388184e-01,9.999984502792358398e-01,9.999953508377075195e-01,-9.999955892562866211e-01,-9.999988675117492676e-01,-9.999991059303283691e-01,-9.999958872795104980e-01,-9.999988675117492676e-01,9.999986886978149414e-01,-9.999988079071044922e-01,9.999980330467224121e-01,9.999942183494567871e-01,-9.999932646751403809e-01,-9.999678730964660645e-01,-9.999983310699462891e-01,9.999930262565612793e-01,9.999986886978149414e-01,-9.999943375587463379e-01,-9.999964833259582520e-01,9.999102354049682617e-01,9.999976754188537598e-01,-9.999988675117492676e-01,9.999976754188537598e-01,-9.999982714653015137e-01,-9.999887943267822266e-01,9.999858140945434570e-01,9.999989271163940430e-01,9.999768733978271484e-01,9.999847412109375000e-01,-9.999971389770507812e-01,9.999983906745910645e-01,-9.999803304672241211e-01,-9.999979138374328613e-01,9.999982118606567383e-01,-9.999978542327880859e-01,-9.999920725822448730e-01,9.999990463256835938e-01,-9.999988079071044922e-01,9.999942183494567871e-01,-9.999967813491821289e-01,9.999988079071044922e-01,-9.999596476554870605e-01,-9.998942017555236816e-01,9.999986290931701660e-01,9.999973773956298828e-01,-9.999734163284301758e-01,-9.999983310699462891e-01,-9.999938011169433594e-01,9.999985098838806152e-01,-9.999983310699462891e-01,9.999985098838806152e-01,-9.999982714653015137e-01,-9.999764561653137207e-01,9.999991059303283691e-01,-9.999980330467224121e-01,9.999989271163940430e-01,-9.999985098838806152e-01,-9.999948143959045410e-01,-9.999980330467224121e-01,-9.999988675117492676e-01,9.999962449073791504e-01,9.999984502792358398e-01,-9.999976754188537598e-01,-9.999868273735046387e-01,-9.999956488609313965e-01,9.999908804893493652e-01,-9.999964237213134766e-01
-9.999986290931701660e-01,9.999988675117492676e-01,9.999934434890747070e-01,-9.999985098838806152e-01,-9.999991655349731445e-01,9.999990463256835938e-01,-9.999966025352478027e-01,-9.999992251396179199e-01,9.999978542327880859e-01,-9.999982714653015137e-01,9.999989271163940430e-01,9.999991655349731445e-01,-9.999984502792358398e-01,-9.999987483024597168e-01,-9.999905824661254883e-01,-9.999974370002746582e-01,-9.999979138374328613e-01,9.999988675117492676e-01,-9.999946951866149902e-01,9.999992847442626953e-01,9.999991059303283691e-01,-9.999930858612060547e-01,-9.999986886978149414e-01,-9.999986886978149414e-01,-9.999911189079284668e-01,-9.999993443489074707e-01,9.999986886978149414e-01,9.999990463256835938e-01,-9.999890923500061035e-01,9.999963641166687012e-01,9.999942779541015625e-01,9.999987483024597168e-01,-9.999924898147583008e-01,-9.999973177909851074e-01,9.999979138374328613e-01,9.999161362648010254e-01,-9.999993443489074707e-01,-9.999988675117492676e-01,-9.999939203262329102e-01,9.999991655349731445e-01,-9.999988675117492676e-01,9.999960064888000488e-01,-9.999809861183166504e-01,-9.999991059303283691e-01,-9.999986290931701660e-01,-9.999986290931701660e-01,9.999933242797851562e-01,-9.999986886978149414e-01,-9.999991059303283691e-01,9.999988079071044922e-01,9.999989867210388184e-01,9.999984502792358398e-01,9.999991059303283691e-01,9.999938607215881348e-01,9.999982714653015137e-01,9.999985098838806152e-01,9.999967813491821289e-01,-9.999549984931945801e-01,-9.999978542327880859e-01,-9.999986290931701660e-01,9.999985694885253906e-01,-9.999992251396179199e-01,-9.999987483024597168e-01,-9.999961256980895996e-01,9.999964237213134766e-01,9.999991059303283691e-01,9.999992847442626953e-01,9.999965429306030273e-01,9.999991655349731445e-01,-9.999989271163940430e-01,9.999989867210388184e-01,-9.999983906745910645e-01,-9.999952316284179688e-01,9.999945163726806641e-01,9.999736547470092773e-01,9.999986886978149414e-01,-9.999942779541015625e-01,-9.999989271163940430e-01,9.999953508377075195e-01,9.999970793724060059e-01,-9.999262690544128418e-01,-9.999980926513671875e-01,9.999991059303283691e-01,-9.999980330467224121e-01,9.999985694885253906e-01,9.999908208847045898e-01,-9.999883174896240234e-01,-9.999991655349731445e-01,-9.999809861183166504e-01,-9.999875426292419434e-01,9.999976158142089844e-01,-9.999986886978149414e-01,9.999839067459106445e-01,9.999982714653015137e-01,-9.999986290931701660e-01,9.999982118606567383e-01,9.999935030937194824e-01,-9.999992251396179199e-01,9.999989867210388184e-01,-9.999952316284179688e-01,9.999974370002746582e-01,-9.999990463256835938e-01,9.999669194221496582e-01,9.999130964279174805e-01,-9.999988675117492676e-01,-9.999979138374328613e-01,9.999781250953674316e-01,9.999985694885253906e-01,9.999949336051940918e-01,-9.999987483024597168e-01,9.999986290931701660e-01,-9.999986886978149414e-01,9.999985694885253906e-01,9.999806880950927734e-01,-9.999992251396179199e-01,9.999983906745910645e-01,-9.999991655349731445e-01,9.999987483024597168e-01,9.999957680702209473e-01,9.999983906745910645e-01,9.999991059303283691e-01,-9.999969005584716797e-01,-9.999988079071044922e-01,9.999980926513671875e-01,9.999891519546508789e-01,9.999963641166687012e-01,-9.999924302101135254e-01,9.999970793724060059e-01
-9.999920725822448730e-01,9.999934434890747070e-01,9.999607801437377930e-01,-9.999911785125732422e-01,-9.999946951866149902e-01,9.999940991401672363e-01,-9.999800324440002441e-01,-9.999952912330627441e-01,9.999874830245971680e-01,-9.999899268150329590e-01,9.999936223030090332e-01,9.999946951866149902e-01,-9.999909996986389160e-01,-9.999926686286926270e-01,-9.999436736106872559e-01,-9.999853968620300293e-01,-9.999878406524658203e-01,9.999932050704956055e-01,-9.999682903289794922e-01,9.999954700469970703e-01,9.999949932098388672e-01,-9.999580979347229004e-01,-9.999928474426269531e-01,-9.999922513961791992e-01,-9.999466538429260254e-01,-9.999952316284179688e-01,9.999921321868896484e-01,9.999947547912597656e-01,-9.999341368675231934e-01,9.999786019325256348e-01,9.999656081199645996e-01,9.999925494194030762e-01,-9.999542832374572754e-01,-9.999844431877136230e-01,9.999880194664001465e-01,9.994981884956359863e-01,-9.999952912330627441e-01,-9.999933838844299316e-01,-9.999634623527526855e-01,9.999945163726806641e-01,-9.999934434890747070e-01,9.999766349792480469e-01,-9.998858571052551270e-01,-9.999943971633911133e-01,-9.999919533729553223e-01,-9.999916553497314453e-01,9.999600648880004883e-01,-9.999921917915344238e-01,-9.999942183494567871e-01,9.999930262565612793e-01,9.999939799308776855e-01,9.999909996986389160e-01,9.999945163726806641e-01,9.999631643295288086e-01,9.999899268150329590e-01,9.999911785125732422e-01,9.999810457229614258e-01,-9.997310042381286621e-01,-9.999876618385314941e-01,-9.999922513961791992e-01,9.999917745590209961e-01,-9.999949932098388672e-01,-9.999921321868896484e-01,-9.999772906303405762e-01,9.999784231185913086e-01,9.999942779541015625e-01,9.999953508377075195e-01,9.999797940254211426e-01,9.999947547912597656e-01,-9.999936223030090332e-01,9.999939799308776855e-01,-9.999903440475463867e-01,-9.999715089797973633e-01,9.999671578407287598e-01,9.998422861099243164e-01,9.999918937683105469e-01,-9.999656677246093750e-01,-9.999938607215881348e-01,9.999721646308898926e-01,9.999828934669494629e-01,-9.995594024658203125e-01,-9.999888539314270020e-01,9.999944567680358887e-01,-9.999883770942687988e-01,9.999916553497314453e-01,9.999449253082275391e-01,-9.999296665191650391e-01,-9.999947547912597656e-01,-9.998861551284790039e-01,-9.999254941940307617e-01,9.999865293502807617e-01,-9.999921321868896484e-01,9.999033808708190918e-01,9.999896883964538574e-01,-9.999918937683105469e-01,9.999899268150329590e-01,9.999609589576721191e-01,-9.999951124191284180e-01,9.999942779541015625e-01,-9.999715685844421387e-01,9.999847412109375000e-01,-9.999942779541015625e-01,9.998018741607666016e-01,9.994806051254272461e-01,-9.999932646751403809e-01,-9.999871850013732910e-01,9.998686909675598145e-01,9.999914765357971191e-01,9.999701380729675293e-01,-9.999927878379821777e-01,9.999919533729553223e-01,-9.999923706054687500e-01,9.999917745590209961e-01,9.998841881752014160e-01,-9.999952912330627441e-01,9.999904036521911621e-01,-9.999948740005493164e-01,9.999926686286926270e-01,9.999746084213256836e-01,9.999905824661254883e-01,9.999942779541015625e-01,-9.999817013740539551e-01,-9.999925494194030762e-01,9.999886751174926758e-01,9.999350309371948242e-01,9.999784827232360840e-01,-9.999553561210632324e-01,9.999822974205017090e-01
9.999981522560119629e-01,-9.999985098838806152e-01,-9.999911785125732422e-01,9.999979734420776367e-01,9.999988079071044922e-01,-9.999987483024597168e-01,9.999955296516418457e-01,9.999989271163940430e-01,-9.999971389770507812e-01,9.999976754188537598e-01,-9.999985098838806152e-01,-9.999988079071044922e-01,9.999979138374328613e-01,9.999983310699462891e-01,9.999874234199523926e-01,9.999966621398925781e-01,9.999971985816955566e-01,-9.999984502792358398e-01,9.999928474426269531e-01,-9.999989271163940430e-01,-9.999988675117492676e-01,9.999906420707702637e-01,9.999982714653015137e-01,9.999980926513671875e-01,9.999880194664001465e-01,9.999989271163940430e-01,-9.999982118606567383e-01,-9.999988079071044922e-01,9.999851584434509277e-01,-9.999951124191284180e-01,-9.999923110008239746e-01,-9.999982714653015137e-01,9.999896883964538574e-01,9.999964237213134766e-01,-9.999972581863403320e-01,-9.998869299888610840e-01,9.999989271163940430e-01,9.999984502792358398e-01,9.999917745590209961e-01,-9.999987483024597168e-01,9.999985694885253906e-01,-9.999947547912597656e-01,9.999743700027465820e-01,9.999988079071044922e-01,9.999981522560119629e-01,9.999980926513671875e-01,-9.999909996986389160e-01,9.999982714653015137e-01,9.999986886978149414e-01,-9.999983906745910645e-01,-9.999986886978149414e-01,-9.999979138374328613e-01,-9.999987483024597168e-01,-9.999917149543762207e-01,-9.999977350234985352e-01,-9.999979734420776367e-01,-9.999957084655761719e-01,9.999393224716186523e-01,9.999971985816955566e-01,9.999982714653015137e-01,-9.999980330467224121e-01,9.999988079071044922e-01,9.999982118606567383e-01,9.999948740005493164e-01,-9.999950528144836426e-01,-9.999986886978149414e-01,-9.999989271163940430e-01,-9.999954104423522949e-01,-9.999988079071044922e-01,9.999984502792358398e-01,-9.999986290931701660e-01,9.999977946281433105e-01,9.999935030937194824e-01,-9.999926090240478516e-01,-9.999644160270690918e-01,-9.999981522560119629e-01,9.999923110008239746e-01,9.999985098838806152e-01,-9.999937415122985840e-01,-9.999961256980895996e-01,9.999006390571594238e-01,9.999974966049194336e-01,-9.999988079071044922e-01,9.999973773956298828e-01,-9.999982118606567383e-01,-9.999877214431762695e-01,9.999842643737792969e-01,9.999988079071044922e-01,9.999743700027465820e-01,9.999832510948181152e-01,-9.999969005584716797e-01,9.999982118606567383e-01,-9.999783039093017578e-01,-9.999976158142089844e-01,9.999980330467224121e-01,-9.999977350234985352e-01,-9.999912977218627930e-01,9.999988675117492676e-01,-9.999986886978149414e-01,9.999936223030090332e-01,-9.999964237213134766e-01,9.999987483024597168e-01,-9.999554157257080078e-01,-9.998828768730163574e-01,9.999985098838806152e-01,9.999970793724060059e-01,-9.999705553054809570e-01,-9.999980330467224121e-01,-9.999932646751403809e-01,9.999983310699462891e-01,-9.999981522560119629e-01,9.999982714653015137e-01,-9.999982118606567383e-01,-9.999739527702331543e-01,9.999989271163940430e-01,-9.999977946281433105e-01,9.999988675117492676e-01,-9.999983310699462891e-01,-9.999942779541015625e-01,-9.999978542327880859e-01,-9.999987483024597168e-01,9.999958872795104980e-01,9.999982714653015137e-01,-9.999973177909851074e-01,-9.999853968620300293e-01,-9.999951720237731934e-01,9.999899268150329590e-01,-9.999960660934448242e-01
9.999988675117492676e-01,-9.999991655349731445e-01,-9.999946951866149902e-01,9.999988079071044922e-01,9.999992251396179199e-01,-9.999991655349731445e-01,9.999973177909851074e-01,9.999993443489074707e-01,-9.999982714653015137e-01,9.999986290931701660e-01,-9.999991655349731445e-01,-9.999993443489074707e-01,9.999987483024597168e-01,9.999990463256835938e-01,9.999924898147583008e-01,9.999980330467224121e-01,9.999982714653015137e-01,-9.999991059303283691e-01,9.999957680702209473e-01,-9.999993443489074707e-01,-9.999992847442626953e-01,9.999943971633911133e-01,9.999989867210388184e-01,9.999988675117492676e-01,9.999929070472717285e-01,9.999994039535522461e-01,-9.999989271163940430e-01,-9.999992251396179199e-01,9.999912381172180176e-01,-9.999971389770507812e-01,-9.999954104423522949e-01,-9.999990463256835938e-01,9.999939203262329102e-01,9.999978542327880859e-01,-9.999982714653015137e-01,-9.999330043792724609e-01,9.999994039535522461e-01,9.999991655349731445e-01,9.999951124191284180e-01,-9.999992847442626953e-01,9.999991655349731445e-01,-9.999967217445373535e-01,9.999846816062927246e-01,9.999992251396179199e-01,9.999989271163940430e-01,9.999988675117492676e-01,-9.999946951866149902e-01,9.999989867210388184e-01,9.999992847442626953e-01,-9.999991059303283691e-01,-9.999992251396179199e-01,-9.999988079071044922e-01,-9.999992847442626953e-01,-9.999951124191284180e-01,-9.999986290931701660e-01,-9.999988079071044922e-01,-9.999974370002746582e-01,9.999640583992004395e-01,9.999982714653015137e-01,9.999989271163940430e-01,-9.999988675117492676e-01,9.999993443489074707e-01,9.999989271163940430e-01,9.999969005584716797e-01,-9.999970793724060059e-01,-9.999991655349731445e-01,-9.999994039535522461e-01,-9.999972581863403320e-01,-9.999992251396179199e-01,9.999991655349731445e-01,-9.999992251396179199e-01,9.999986886978149414e-01,9.999960064888000488e-01,-9.999955892562866211e-01,-9.999789595603942871e-01,-9.999989867210388184e-01,9.999954104423522949e-01,9.999992251396179199e-01,-9.999962449073791504e-01,-9.999976158142089844e-01,9.999411106109619141e-01,9.999985098838806152e-01,-9.999992251396179199e-01,9.999983906745910645e-01,-9.999988675117492676e-01,-9.999926686286926270e-01,9.999907016754150391e-01,9.999993443489074707e-01,9.999848008155822754e-01,9.999899864196777344e-01,-9.999980926513671875e-01,9.999989271163940430e-01,-9.999871253967285156e-01,-9.999986290931701660e-01,9.999988675117492676e-01,-9.999985694885253906e-01,-9.999948143959045410e-01,9.999992847442626953e-01,-9.999991655349731445e-01,9.999961256980895996e-01,-9.999979138374328613e-01,9.999992847442626953e-01,-9.999735951423645020e-01,-9.999306201934814453e-01,9.999990463256835938e-01,9.999982714653015137e-01,-9.999824762344360352e-01,-9.999988675117492676e-01,-9.999959468841552734e-01,9.999991059303283691e-01,-9.999988675117492676e-01,9.999989867210388184e-01,-9.999988675117492676e-01,-9.999845623970031738e-01,9.999994039535522461e-01,-9.999986290931701660e-01,9.999993443489074707e-01,-9.999990463256835938e-01,-9.999965429306030273e-01,-9.999987483024597168e-01,-9.999992847442626953e-01,9.999974370002746582e-01,9.999990463256835938e-01,-9.999984502792358398e-01,-9.999913573265075684e-01,-9.999970197677612305e-01,9.999939799308776855e-01,-9.999976158142089844e-01
-9.999988675117492676e-01,9.999990463256835938e-01,9.999940991401672363e-01,-9.999987483024597168e-01,-9.999991655349731445e-01,9.999991655349731445e-01,-9.999969601631164551e-01,-9.999993443489074707e-01,9.999980926513671875e-01,-9.999984502792358398e-01,9.999989867210388184e-01,9.999993443489074707e-01,-9.999986290931701660e-01,-9.999989271163940430e-01,-9.999915957450866699e-01,-9.999977350234985352e-01,-9.999981522560119629e-01,9.999989867210388184e-01,-9.999952912330627441e-01,9.999993443489074707e-01,9.999992847442626953e-01,-9.999938011169433594e-01,-9.999989271163940430e-01,-9.999988079071044922e-01,-9.999919533729553223e-01,-9.999994039535522461e-01,9.999988079071044922e-01,9.999992251396179199e-01,-9.999901056289672852e-01,9.999966621398925781e-01,9.999948143959045410e-01,9.999988675117492676e-01,-9.999931454658508301e-01,-9.999976754188537598e-01,9.999981522560119629e-01,9.999243617057800293e-01,-9.999992847442626953e-01,-9.999989867210388184e-01,-9.999945163726806641e-01,9.999993443489074707e-01,-9.999990463256835938e-01,9.999964237213134766e-01,-9.999828338623046875e-01,-9.999992251396179199e-01,-9.999988675117492676e-01,-9.999987483024597168e-01,9.999939799308776855e-01,-9.999988675117492676e-01,-9.999991655349731445e-01,9.999989271163940430e-01,9.999991655349731445e-01,9.999986290931701660e-01,9.999992847442626953e-01,9.999944567680358887e-01,9.999984502792358398e-01,9.999986290931701660e-01,9.999970793724060059e-01,-9.999595284461975098e-01,-9.999980330467224121e-01,-9.999987483024597168e-01,9.999986886978149414e-01,-9.999992847442626953e-01,-9.999988675117492676e-01,-9.999965429306030273e-01,9.999967813491821289e-01,9.999991655349731445e-01,9.999993443489074707e-01,9.999969005584716797e-01,9.999992251396179199e-01,-9.999991655349731445e-01,9.999991059303283691e-01,-9.999985098838806152e-01,-9.999957084655761719e-01,9.999950528144836426e-01,9.999762773513793945e-01,9.999988079071044922e-01,-9.999947547912597656e-01,-9.999991059303283691e-01,9.999958872795104980e-01,9.999973773956298828e-01,-9.999336004257202148e-01,-9.999982714653015137e-01,9.999992847442626953e-01,-9.999983310699462891e-01,9.999988079071044922e-01,9.999917149543762207e-01,-9.999895095825195312e-01,-9.999991655349731445e-01,-9.999828934669494629e-01,-9.999887347221374512e-01,9.999978542327880859e-01,-9.999988079071044922e-01,9.999855756759643555e-01,9.999983906745910645e-01,-9.999986886978149414e-01,9.999983906745910645e-01,9.999942183494567871e-01,-9.999992847442626953e-01,9.999991655349731445e-01,-9.999957084655761719e-01,9.999976158142089844e-01,-9.999992847442626953e-01,9.999701976776123047e-01,9.999217391014099121e-01,-9.999989867210388184e-01,-9.999981522560119629e-01,9.999803304672241211e-01,9.999986886978149414e-01,9.999954700469970703e-01,-9.999989271163940430e-01,9.999988079071044922e-01,-9.999988079071044922e-01,9.999988079071044922e-01,9.999825954437255859e-01,-9.999993443489074707e-01,9.999985098838806152e-01,-9.999992847442626953e-01,9.999988675117492676e-01,9.999961256980895996e-01,9.999985694885253906e-01,9.999992847442626953e-01,-9.999971985816955566e-01,-9.999988675117492676e-01,9.999982714653015137e-01,9.999902248382568359e-01,9.999967217445373535e-01,-9.999932646751403809e-01,9.999973773956298828e-01
9.999959468841552734e-01,-9.999966025352478027e-01,-9.999800324440002441e-01,9.999955296516418457e-01,9.999973177909851074e-01,-9.999969601631164551e-01,9.999897480010986328e-01,9.999974966049194336e-01,-9.999936223030090332e-01,9.999948740005493164e-01,-9.999966621398925781e-01,-9.999972581863403320e-01,9.999953508377075195e-01,9.999961853027343750e-01,9.999713301658630371e-01,9.999925494194030762e-01,9.999938011169433594e-01,-9.999964833259582520e-01,9.999838471412658691e-01,-9.999976754188537598e-01,-9.999973177909851074e-01,9.999786615371704102e-01,9.999961853027343750e-01,9.999958872795104980e-01,9.999728798866271973e-01,9.999974966049194336e-01,-9.999960064888000488e-01,-9.999971985816955566e-01,9.999664425849914551e-01,-9.999891519546508789e-01,-9.999824762344360352e-01,-9.999961256980895996e-01,9.999767541885375977e-01,9.999920129776000977e-01,-9.999938011169433594e-01,-9.997441768646240234e-01,9.999974966049194336e-01,9.999965429306030273e-01,9.999813437461853027e-01,-9.999971985816955566e-01,9.999966025352478027e-01,-9.999880194664001465e-01,9.999418854713439941e-01,9.999971389770507812e-01,9.999958872795104980e-01,9.999957680702209473e-01,-9.999796748161315918e-01,9.999960064888000488e-01,9.999970197677612305e-01,-9.999963641166687012e-01,-9.999969005584716797e-01,-9.999954104423522949e-01,-9.999971985816955566e-01,-9.999812245368957520e-01,-9.999948740005493164e-01,-9.999955296516418457e-01,-9.999904036521911621e-01,9.998629093170166016e-01,9.999937415122985840e-01,9.999960064888000488e-01,-9.999958276748657227e-01,9.999973773956298828e-01,9.999960064888000488e-01,9.999884366989135742e-01,-9.999889731407165527e-01,-9.999970793724060059e-01,-9.999976158142089844e-01,-9.999896287918090820e-01,-9.999972581863403320e-01,9.999966621398925781e-01,-9.999969005584716797e-01,9.999951124191284180e-01,9.999855160713195801e-01,-9.999832510948181152e-01,-9.999195933341979980e-01,-9.999958872795104980e-01,9.999824762344360352e-01,9.999969005584716797e-01,-9.999858140945434570e-01,-9.999912977218627930e-01,9.997753500938415527e-01,9.999942183494567871e-01,-9.999971389770507812e-01,9.999940991401672363e-01,-9.999957084655761719e-01,-9.999719858169555664e-01,9.999641776084899902e-01,9.999973177909851074e-01,9.999419450759887695e-01,9.999619126319885254e-01,-9.999931454658508301e-01,9.999959468841552734e-01,-9.999507665634155273e-01,-9.999947547912597656e-01,9.999957680702209473e-01,-9.999948143959045410e-01,-9.999801516532897949e-01,9.999973773956298828e-01,-9.999969601631164551e-01,9.999855160713195801e-01,-9.999921917915344238e-01,9.999969601631164551e-01,-9.998989105224609375e-01,-9.997351765632629395e-01,9.999965429306030273e-01,9.999934434890747070e-01,-9.999330639839172363e-01,-9.999956488609313965e-01,-9.999848008155822754e-01,9.999961853027343750e-01,-9.999958872795104980e-01,9.999960660934448242e-01,-9.999958276748657227e-01,-9.999409914016723633e-01,9.999975562095642090e-01,-9.999950528144836426e-01,9.999973177909851074e-01,-9.999961853027343750e-01,-9.999870657920837402e-01,-9.999951124191284180e-01,-9.999970197677612305e-01,9.999907016754150391e-01,9.999961256980895996e-01,-9.999942183494567871e-01,-9.999669194221496582e-01,-9.999890327453613281e-01,9.999772906303405762e-01,-9.999910593032836914e-01
9.999991059303283691e-01,-9.999992251396179199e-01,-9.999952912330627441e-01,9.999989271163940430e-01,9.999993443489074707e-01,-9.999993443489074707e-01,9.999974966049194336e-01,9.999994039535522461e-01,-9.999984502792358398e-01,9.999986886978149414e-01,-9.999992847442626953e-01,-9.999994039535522461e-01,9.999988675117492676e-01,9.999991655349731445e-01,9.999932050704956055e-01,9.999982118606567383e-01,9.999983906745910645e-01,-9.999992251396179199e-01,9.999961256980895996e-01,-9.999994635581970215e-01,-9.999994039535522461e-01,9.999949336051940918e-01,9.999990463256835938e-01,9.999989867210388184e-01,9.999934434890747070e-01,9.999994635581970215e-01,-9.999991059303283691e-01,-9.999993443489074707e-01,9.999920129776000977e-01,-9.999973773956298828e-01,-9.999957680702209473e-01,-9.999991655349731445e-01,9.999944567680358887e-01,9.999980926513671875e-01,-9.999984502792358398e-01,-9.999392032623291016e-01,9.999994635581970215e-01,9.999992251396179199e-01,9.999955296516418457e-01,-9.999994039535522461e-01,9.999992251396179199e-01,-9.999971389770507812e-01,9.999861121177673340e-01,9.999993443489074707e-01,9.999990463256835938e-01,9.999989271163940430e-01,-9.999951720237731934e-01,9.999991059303283691e-01,9.999993443489074707e-01,-9.999991655349731445e-01,-9.999992251396179199e-01,-9.999988675117492676e-01,-9.999993443489074707e-01,-9.999954700469970703e-01,-9.999987483024597168e-01,-9.999989271163940430e-01,-9.999977350234985352e-01,9.999673962593078613e-01,9.999983906745910645e-01,9.999989867210388184e-01,-9.999989271163940430e-01,9.999993443489074707e-01,9.999991059303283691e-01,9.999971985816955566e-01,-9.999972581863403320e-01,-9.999992847442626953e-01,-9.999994635581970215e-01,-9.999974966049194336e-01,-9.999994039535522461e-01,9.999991655349731445e-01,-9.999992847442626953e-01,9.999988079071044922e-01,9.999964237213134766e-01,-9.999960064888000488e-01,-9.999809265136718750e-01,-9.999990463256835938e-01,9.999958872795104980e-01,9.999992847442626953e-01,-9.999966025352478027e-01,-9.999978542327880859e-01,9.999466538429260254e-01,9.999986290931701660e-01,-9.999993443489074707e-01,9.999985694885253906e-01,-9.999990463256835938e-01,-9.999933242797851562e-01,9.999915361404418945e-01,9.999993443489074707e-01,9.999862313270568848e-01,9.999909996986389160e-01,-9.999982714653015137e-01,9.999991059303283691e-01,-9.999883174896240234e-01,-9.999987483024597168e-01,9.999989271163940430e-01,-9.999986886978149414e-01,-9.999952912330627441e-01,9.999994635581970215e-01,-9.999992847442626953e-01,9.999964833259582520e-01,-9.999981522560119629e-01,9.999992251396179199e-01,-9.999760389328002930e-01,-9.999370574951171875e-01,9.999991655349731445e-01,9.999984502792358398e-01,-9.999842643737792969e-01,-9.999989271163940430e-01,-9.999963045120239258e-01,9.999990463256835938e-01,-9.999989867210388184e-01,9.999991059303283691e-01,-9.999989867210388184e-01,-9.999858736991882324e-01,9.999994039535522461e-01,-9.999987483024597168e-01,9.999993443489074707e-01,-9.999991655349731445e-01,-9.999967813491821289e-01,-9.999988675117492676e-01,-9.999993443489074707e-01,9.999977350234985352e-01,9.999991655349731445e-01,-9.999985098838806152e-01,-9.999921321868896484e-01,-9.999972581863403320e-01,9.999945163726806641e-01,-9.999977946281433105e-01
-9.999974370002746582e-01,9.999978542327880859e-01,9.999874830245971680e-01,-9.999971389770507812e-01,-9.999982714653015137e-01,9.999980926513671875e-01,-9.999936223030090332e-01,-9.999984502792358398e-01,9.999960064888000488e-01,-9.999967217445373535e-01,9.999978542327880859e-01,9.999983906745910645e-01,-9.999970197677612305e-01,-9.999976158142089844e-01,-9.999819397926330566e-01,-9.999952912330627441e-01,-9.999958872795104980e-01,9.999977946281433105e-01,-9.999898076057434082e-01,9.999985098838806152e-01,9.999983906745910645e-01,-9.999865293502807617e-01,-9.999976754188537598e-01,-9.999974966049194336e-01,-9.999828338623046875e-01,-9.999985098838806152e-01,9.999973773956298828e-01,9.999981522560119629e-01,-9.999789595603942871e-01,9.999930262565612793e-01,9.999889135360717773e-01,9.999975562095642090e-01,-9.999853372573852539e-01,-9.999949336051940918e-01,9.999960660934448242e-01,9.998387694358825684e-01,-9.999985098838806152e-01,-9.999977946281433105e-01,-9.999883174896240234e-01,9.999982118606567383e-01,-9.999978542327880859e-01,9.999924898147583008e-01,-9.999633431434631348e-01,-9.999982118606567383e-01,-9.999973773956298828e-01,-9.999973177909851074e-01,9.999873042106628418e-01,-9.999974966049194336e-01,-9.999980926513671875e-01,9.999977350234985352e-01,9.999980330467224121e-01,9.999970793724060059e-01,9.999982118606567383e-01,9.999881982803344727e-01,9.999967217445373535e-01,9.999971389770507812e-01,9.999939203262329102e-01,-9.999136328697204590e-01,-9.999960064888000488e-01,-9.999974370002746582e-01,9.999972581863403320e-01,-9.999983906745910645e-01,-9.999974370002746582e-01,-9.999927282333374023e-01,9.999930858612060547e-01,9.999980330467224121e-01,9.999984502792358398e-01,9.999935030937194824e-01,9.999982714653015137e-01,-9.999979138374328613e-01,9.999980330467224121e-01,-9.999968409538269043e-01,-9.999909400939941406e-01,9.999895095825195312e-01,9.999493360519409180e-01,9.999973177909851074e-01,-9.999890327453613281e-01,-9.999980330467224121e-01,9.999911189079284668e-01,9.999945163726806641e-01,-9.998584389686584473e-01,-9.999963641166687012e-01,9.999982118606567383e-01,-9.999961853027343750e-01,9.999973773956298828e-01,9.999824166297912598e-01,-9.999775290489196777e-01,-9.999983310699462891e-01,-9.999634027481079102e-01,-9.999760389328002930e-01,9.999955892562866211e-01,-9.999974370002746582e-01,9.999690055847167969e-01,9.999967217445373535e-01,-9.999973773956298828e-01,9.999966621398925781e-01,9.999875426292419434e-01,-9.999983906745910645e-01,9.999981522560119629e-01,-9.999908804893493652e-01,9.999950528144836426e-01,-9.999982118606567383e-01,9.999362826347351074e-01,9.998331069946289062e-01,-9.999977946281433105e-01,-9.999959468841552734e-01,9.999577999114990234e-01,9.999971985816955566e-01,9.999904036521911621e-01,-9.999976754188537598e-01,9.999973773956298828e-01,-9.999975562095642090e-01,9.999973773956298828e-01,9.999628067016601562e-01,-9.999984502792358398e-01,9.999969005584716797e-01,-9.999983310699462891e-01,9.999976158142089844e-01,9.999918937683105469e-01,9.999969601631164551e-01,9.999981522560119629e-01,-9.999940991401672363e-01,-9.999976158142089844e-01,9.999963045120239258e-01,9.999791979789733887e-01,9.999930858612060547e-01,-9.999856948852539062e-01,9.999942779541015625e-01
9.999979138374328613e-01,-9.999982714653015137e-01,-9.999899268150329590e-01,9.999976754188537598e-01,9.999986290931701660e-01,-9.999984502792358398e-01,9.999948740005493164e-01,9.999986886978149414e-01,-9.999967217445373535e-01,9.999973773956298828e-01,-9.999982118606567383e-01,-9.999986290931701660e-01,9.999976158142089844e-01,9.999980926513671875e-01,9.999854564666748047e-01,9.999961853027343750e-01,9.999967813491821289e-01,-9.999982118606567383e-01,9.999918341636657715e-01,-9.999987483024597168e-01,-9.999986886978149414e-01,9.999892115592956543e-01,9.999980926513671875e-01,9.999979138374328613e-01,9.999862313270568848e-01,9.999988079071044922e-01,-9.999979734420776367e-01,-9.999986290931701660e-01,9.999830126762390137e-01,-9.999943971633911133e-01,-9.999911785125732422e-01,-9.999980330467224121e-01,9.999883174896240234e-01,9.999960064888000488e-01,-9.999967813491821289e-01,-9.998704195022583008e-01,9.999987483024597168e-01,9.999982714653015137e-01,9.999905824661254883e-01,-9.999985694885253906e-01,9.999982714653015137e-01,-9.999938607215881348e-01,9.999704957008361816e-01,9.999985694885253906e-01,9.999979138374328613e-01,9.999978542327880859e-01,-9.999896883964538574e-01,9.999979734420776367e-01,9.999985098838806152e-01,-9.999981522560119629e-01,-9.999984502792358398e-01,-9.999976158142089844e-01,-9.999986290931701660e-01,-9.999905228614807129e-01,-9.999973773956298828e-01,-9.999977350234985352e-01,-9.999951124191284180e-01,9.999305009841918945e-01,9.999967813491821289e-01,9.999979734420776367e-01,-9.999977946281433105e-01,9.999986886978149414e-01,9.999979734420776367e-01,9.999942183494567871e-01,-9.999943971633911133e-01,-9.999985098838806152e-01,-9.999987483024597168e-01,-9.999948143959045410e-01,-9.999985098838806152e-01,9.999983310699462891e-01,-9.999984502792358398e-01,9.999974966049194336e-01,9.999926686286926270e-01,-9.999914765357971191e-01,-9.999592304229736328e-01,-9.999979138374328613e-01,9.999911785125732422e-01,9.999983906745910645e-01,-9.999929070472717285e-01,-9.999955892562866211e-01,9.998860955238342285e-01,9.999970793724060059e-01,-9.999985098838806152e-01,9.999969601631164551e-01,-9.999978542327880859e-01,-9.999859333038330078e-01,9.999819397926330566e-01,9.999986290931701660e-01,9.999706149101257324e-01,9.999808073043823242e-01,-9.999964833259582520e-01,9.999979138374328613e-01,-9.999751448631286621e-01,-9.999973773956298828e-01,9.999978542327880859e-01,-9.999973177909851074e-01,-9.999899268150329590e-01,9.999987483024597168e-01,-9.999983906745910645e-01,9.999926686286926270e-01,-9.999960064888000488e-01,9.999985694885253906e-01,-9.999487400054931641e-01,-9.998658895492553711e-01,9.999982714653015137e-01,9.999966621398925781e-01,-9.999660849571228027e-01,-9.999977946281433105e-01,-9.999923110008239746e-01,9.999980926513671875e-01,-9.999979138374328613e-01,9.999979734420776367e-01,-9.999978542327880859e-01,-9.999701380729675293e-01,9.999987483024597168e-01,-9.999974966049194336e-01,9.999986290931701660e-01,-9.999980926513671875e-01,-9.999934434890747070e-01,-9.999975562095642090e-01,-9.999985098838806152e-01,9.999952912330627441e-01,9.999980330467224121e-01,-9.999970197677612305e-01,-9.999832510948181152e-01,-9.999944567680358887e-01,9.999884963035583496e-01,-9.999954104423522949e-01
-9.999986886978149414e-01,9.999989271163940430e-01,9.999936223030090332e-01,-9.999985098838806152e-01,-9.999991655349731445e-01,9.999989867210388184e-01,-9.999966621398925781e-01,-9.999992847442626953e-01,9.999978542327880859e-01,-9.999982118606567383e-01,9.999988675117492676e-01,9.999991655349731445e-01,-9.999985098838806152e-01,-9.999988079071044922e-01,-9.999907612800598145e-01,-9.999974966049194336e-01,-9.999979734420776367e-01,9.999988675117492676e-01,-9.999948143959045410e-01,9.999992847442626953e-01,9.999991059303283691e-01,-9.999931454658508301e-01,-9.999987483024597168e-01,-9.999986290931701660e-01,-9.999912381172180176e-01,-9.999992251396179199e-01,9.999986290931701660e-01,9.999990463256835938e-01,-9.999891519546508789e-01,9.999964833259582520e-01,9.999943971633911133e-01,9.999986886978149414e-01,-9.999925494194030762e-01,-9.999973773956298828e-01,9.999979138374328613e-01,9.999177455902099609e-01,-9.999992251396179199e-01,-9.999988675117492676e-01,-9.999939203262329102e-01,9.999991655349731445e-01,-9.999989271163940430e-01,9.999961256980895996e-01,-9.999813437461853027e-01,-9.999991059303283691e-01,-9.999985694885253906e-01,-9.999986290931701660e-01,9.999933838844299316e-01,-9.999986290931701660e-01,-9.999989867210388184e-01,9.999988675117492676e-01,9.999989271163940430e-01,9.999985098838806152e-01,9.999991655349731445e-01,9.999939799308776855e-01,9.999983310699462891e-01,9.999985098838806152e-01,9.999968409538269043e-01,-9.999558925628662109e-01,-9.999979138374328613e-01,-9.999986290931701660e-01,9.999985694885253906e-01,-9.999992251396179199e-01,-9.999986886978149414e-01,-9.999962449073791504e-01,9.999964237213134766e-01,9.999989867210388184e-01,9.999992847442626953e-01,9.999966025352478027e-01,9.999990463256835938e-01,-9.999988675117492676e-01,9.999989271163940430e-01,-9.999983310699462891e-01,-9.999952912330627441e-01,9.999945759773254395e-01,9.999741315841674805e-01,9.999986290931701660e-01,-9.999943971633911133e-01,-9.999990463256835938e-01,9.999954104423522949e-01,9.999971389770507812e-01,-9.999277591705322266e-01,-9.999981522560119629e-01,9.999991059303283691e-01,-9.999980330467224121e-01,9.999986290931701660e-01,9.999909996986389160e-01,-9.999885559082031250e-01,-9.999991059303283691e-01,-9.999812841415405273e-01,-9.999877214431762695e-01,9.999976754188537598e-01,-9.999986886978149414e-01,9.999842047691345215e-01,9.999982714653015137e-01,-9.999985098838806152e-01,9.999982118606567383e-01,9.999936223030090332e-01,-9.999991655349731445e-01,9.999991059303283691e-01,-9.999953508377075195e-01,9.999973177909851074e-01,-9.999991059303283691e-01,9.999675154685974121e-01,9.999148845672607422e-01,-9.999988675117492676e-01,-9.999978542327880859e-01,9.999784827232360840e-01,9.999985694885253906e-01,9.999950528144836426e-01,-9.999987483024597168e-01,9.999985694885253906e-01,-9.999987483024597168e-01,9.999986290931701660e-01,9.999809861183166504e-01,-9.999991655349731445e-01,9.999983310699462891e-01,-9.999992251396179199e-01,9.999988079071044922e-01,9.999958276748657227e-01,9.999984502792358398e-01,9.999991059303283691e-01,-9.999969601631164551e-01,-9.999987483024597168e-01,9.999980330467224121e-01,9.999893903732299805e-01,9.999964237213134766e-01,-9.999926090240478516e-01,9.999970793724060059e-01
-9.999989867210388184e-01,9.999991655349731445e-01,9.999946951866149902e-01,-9.999988079071044922e-01,-9.999993443489074707e-01,9.999993443489074707e-01,-9.999972581863403320e-01,-9.999994039535522461e-01,9.999983906745910645e-01,-9.999986290931701660e-01,9.999991655349731445e-01,9.999993443489074707e-01,-9.999988079071044922e-01,-9.999990463256835938e-01,-9.999924898147583008e-01,-9.999979734420776367e-01,-9.999983310699462891e-01,9.999991059303283691e-01,-9.999957680702209473e-01,9.999994039535522461e-01,9.999994039535522461e-01,-9.999943971633911133e-01,-9.999990463256835938e-01,-9.999989271163940430e-01,-9.999927878379821777e-01,-9.999994635581970215e-01,9.999989271163940430e-01,9.999993443489074707e-01,-9.999911189079284668e-01,9.999970793724060059e-01,9.999953508377075195e-01,9.999990463256835938e-01,-9.999938011169433594e-01,-9.999979138374328613e-01,9.999983310699462891e-01,9.999320507049560547e-01,-9.999994635581970215e-01,-9.999992251396179199e-01,-9.999950528144836426e-01,9.999992847442626953e-01,-9.999992847442626953e-01,9.999969005584716797e-01,-9.999845623970031738e-01,-9.999992847442626953e-01,-9.999988675117492676e-01,-9.999989271163940430e-01,9.999946951866149902e-01,-9.999989867210388184e-01,-9.999992251396179199e-01,9.999991059303283691e-01,9.999992251396179199e-01,9.999987483024597168e-01,9.999992847442626953e-01,9.999949932098388672e-01,9.999986886978149414e-01,9.999988079071044922e-01,9.999974966049194336e-01,-9.999636411666870117e-01,-9.999983310699462891e-01,-9.999989271163940430e-01,9.999988675117492676e-01,-9.999993443489074707e-01,-9.999989867210388184e-01,-9.999969005584716797e-01,9.999970197677612305e-01,9.999992847442626953e-01,9.999994635581970215e-01,9.999971985816955566e-01,9.999994039535522461e-01,-9.999991655349731445e-01,9.999993443489074707e-01,-9.999986886978149414e-01,-9.999960660934448242e-01,9.999955892562866211e-01,9.999786615371704102e-01,9.999989271163940430e-01,-9.999953508377075195e-01,-9.999992251396179199e-01,9.999961853027343750e-01,9.999977350234985352e-01,-9.999403953552246094e-01,-9.999984502792358398e-01,9.999993443489074707e-01,-9.999985098838806152e-01,9.999989271163940430e-01,9.999925494194030762e-01,-9.999906420707702637e-01,-9.999993443489074707e-01,-9.999846220016479492e-01,-9.999899268150329590e-01,9.999981522560119629e-01,-9.999989867210388184e-01,9.999870061874389648e-01,9.999986886978149414e-01,-9.999988675117492676e-01,9.999985694885253906e-01,9.999948143959045410e-01,-9.999993443489074707e-01,9.999992847442626953e-01,-9.999961853027343750e-01,9.999979138374328613e-01,-9.999993443489074707e-01,9.999732971191406250e-01,9.999296069145202637e-01,-9.999991655349731445e-01,-9.999982118606567383e-01,9.999823570251464844e-01,9.999988079071044922e-01,9.999960064888000488e-01,-9.999990463256835938e-01,9.999989271163940430e-01,-9.999989867210388184e-01,9.999989271163940430e-01,9.999843239784240723e-01,-9.999994039535522461e-01,9.999986886978149414e-01,-9.999994039535522461e-01,9.999990463256835938e-01,9.999964833259582520e-01,9.999988079071044922e-01,9.999993443489074707e-01,-9.999975562095642090e-01,-9.999990463256835938e-01,9.999984502792358398e-01,9.999912977218627930e-01,9.999971389770507812e-01,-9.999939799308776855e-01,9.999976158142089844e-01
