9.999981522560119629e-01,-9.999985098838806152e-01,-9.999881982803344727e-01,9.999982118606567383e-01,9.999988675117492676e-01,-9.999986886978149414e-01,9.999955892562866211e-01,9.999989271163940430e-01,-9.999972581863403320e-01,9.999974370002746582e-01,-9.999982714653015137e-01,-9.999988079071044922e-01,9.999980926513671875e-01,9.999982714653015137e-01,9.999778270721435547e-01,9.999974370002746582e-01,9.999974966049194336e-01,-9.999985694885253906e-01,9.999926686286926270e-01,-9.999991059303283691e-01,-9.999989867210388184e-01,9.999874234199523926e-01,9.999983310699462891e-01,9.999983310699462891e-01,9.999892711639404297e-01,9.999989271163940430e-01,-9.999983310699462891e-01,-9.999988675117492676e-01,9.999804496765136719e-01,-9.999957084655761719e-01,-9.999938011169433594e-01,-9.999985098838806152e-01,9.999925494194030762e-01,9.999971389770507812e-01,-9.999969005584716797e-01,-9.999799132347106934e-01,9.999989867210388184e-01,9.999986290931701660e-01,9.999927878379821777e-01,-9.999988675117492676e-01,9.999985098838806152e-01,-9.999967217445373535e-01,9.999687075614929199e-01,9.999987483024597168e-01,9.999980330467224121e-01,9.999981522560119629e-01,-9.999563694000244141e-01,9.999982118606567383e-01,9.999987483024597168e-01,-9.999985694885253906e-01,-9.999986886978149414e-01,-9.999977946281433105e-01,-9.999986886978149414e-01,-9.999914169311523438e-01,-9.999971389770507812e-01,-9.999979734420776367e-01,-9.999969601631164551e-01,9.998487234115600586e-01,9.999977350234985352e-01,9.999983310699462891e-01,-9.999978542327880859e-01,9.999989271163940430e-01,9.999981522560119629e-01,9.999948740005493164e-01,-9.999957084655761719e-01,-9.999987483024597168e-01,-9.999989271163940430e-01,-9.999949932098388672e-01,-9.999987483024597168e-01,9.999987483024597168e-01,-9.999986290931701660e-01,9.999979138374328613e-01,9.999960660934448242e-01,-9.999920129776000977e-01,-9.999287128448486328e-01,-9.999982118606567383e-01,9.999926090240478516e-01,9.999986886978149414e-01,-9.999929070472717285e-01,-9.999966025352478027e-01,-9.999471306800842285e-01,9.999975562095642090e-01,-9.999987483024597168e-01,9.999963045120239258e-01,-9.999982714653015137e-01,-9.999863505363464355e-01,9.999895691871643066e-01,9.999988079071044922e-01,9.999250173568725586e-01,9.999955892562866211e-01,-9.999977946281433105e-01,9.999983310699462891e-01,-9.999761581420898438e-01,-9.999978542327880859e-01,9.999984502792358398e-01,-9.999979138374328613e-01,-9.999918341636657715e-01,9.999988675117492676e-01,-9.999987483024597168e-01,9.999898672103881836e-01,-9.999970197677612305e-01,9.999986886978149414e-01,-9.999736547470092773e-01,-9.999662637710571289e-01,9.999984502792358398e-01,9.999971985816955566e-01,-9.998654127120971680e-01,-9.999979138374328613e-01,-9.999941587448120117e-01,9.999985098838806152e-01,-9.999979138374328613e-01,9.999985694885253906e-01,-9.999981522560119629e-01,-9.999841451644897461e-01,9.999989271163940430e-01,-9.999981522560119629e-01,9.999987483024597168e-01,-9.999986290931701660e-01,-9.999943375587463379e-01,-9.999981522560119629e-01,-9.999987483024597168e-01,9.999957680702209473e-01,9.999985694885253906e-01,-9.999974966049194336e-01,-9.999705553054809570e-01,-9.999955296516418457e-01,9.999881386756896973e-01,-9.999971985816955566e-01
-9.999985098838806152e-01,9.999988079071044922e-01,9.999903440475463867e-01,-9.999985098838806152e-01,-9.999991059303283691e-01,9.999989867210388184e-01,-9.999963045120239258e-01,-9.999992251396179199e-01,9.999977946281433105e-01,-9.999979734420776367e-01,9.999985694885253906e-01,9.999989867210388184e-01,-9.999984502792358398e-01,-9.999985694885253906e-01,-9.999816417694091797e-01,-9.999978542327880859e-01,-9.999979734420776367e-01,9.999988079071044922e-01,-9.999939203262329102e-01,9.999992251396179199e-01,9.999992847442626953e-01,-9.999896287918090820e-01,-9.999986290931701660e-01,-9.999986290931701660e-01,-9.999911785125732422e-01,-9.999992251396179199e-01,9.999987483024597168e-01,9.999990463256835938e-01,-9.999839067459106445e-01,9.999964237213134766e-01,9.999949336051940918e-01,9.999986886978149414e-01,-9.999938011169433594e-01,-9.999976754188537598e-01,9.999974370002746582e-01,9.999834895133972168e-01,-9.999992847442626953e-01,-9.999988675117492676e-01,-9.999940395355224609e-01,9.999991059303283691e-01,-9.999987483024597168e-01,9.999972581863403320e-01,-9.999741315841674805e-01,-9.999989867210388184e-01,-9.999983310699462891e-01,-9.999984502792358398e-01,9.999640583992004395e-01,-9.999985098838806152e-01,-9.999990463256835938e-01,9.999988079071044922e-01,9.999989271163940430e-01,9.999982714653015137e-01,9.999989271163940430e-01,9.999929070472717285e-01,9.999977350234985352e-01,9.999983906745910645e-01,9.999975562095642090e-01,-9.998750090599060059e-01,-9.999981522560119629e-01,-9.999986290931701660e-01,9.999982714653015137e-01,-9.999991655349731445e-01,-9.999985694885253906e-01,-9.999958276748657227e-01,9.999963641166687012e-01,9.999990463256835938e-01,9.999992251396179199e-01,9.999959468841552734e-01,9.999990463256835938e-01,-9.999989867210388184e-01,9.999989271163940430e-01,-9.999982714653015137e-01,-9.999967813491821289e-01,9.999933242797851562e-01,9.999411702156066895e-01,9.999985098838806152e-01,-9.999939799308776855e-01,-9.999989271163940430e-01,9.999941587448120117e-01,9.999971985816955566e-01,9.999563097953796387e-01,-9.999979734420776367e-01,9.999989271163940430e-01,-9.999969601631164551e-01,9.999985694885253906e-01,9.999886155128479004e-01,-9.999914765357971191e-01,-9.999991059303283691e-01,-9.999380707740783691e-01,-9.999964833259582520e-01,9.999982118606567383e-01,-9.999986290931701660e-01,9.999802708625793457e-01,9.999983310699462891e-01,-9.999988079071044922e-01,9.999982714653015137e-01,9.999933242797851562e-01,-9.999991655349731445e-01,9.999989271163940430e-01,-9.999917745590209961e-01,9.999975562095642090e-01,-9.999989867210388184e-01,9.999783039093017578e-01,9.999722242355346680e-01,-9.999988079071044922e-01,-9.999977350234985352e-01,9.998887777328491211e-01,9.999982714653015137e-01,9.999951720237731934e-01,-9.999988079071044922e-01,9.999983906745910645e-01,-9.999988675117492676e-01,9.999983906745910645e-01,9.999868273735046387e-01,-9.999992251396179199e-01,9.999984502792358398e-01,-9.999991059303283691e-01,9.999989271163940430e-01,9.999952912330627441e-01,9.999984502792358398e-01,9.999990463256835938e-01,-9.999964833259582520e-01,-9.999988675117492676e-01,9.999979734420776367e-01,9.999756813049316406e-01,9.999963045120239258e-01,-9.999902844429016113e-01,9.999976754188537598e-01
-9.999881982803344727e-01,9.999903440475463867e-01,9.999216198921203613e-01,-9.999883174896240234e-01,-9.999924898147583008e-01,9.999914765357971191e-01,-9.999705553054809570e-01,-9.999932646751403809e-01,9.999823570251464844e-01,-9.999833106994628906e-01,9.999892115592956543e-01,9.999924302101135254e-01,-9.999875426292419434e-01,-9.999884963035583496e-01,-9.998512268066406250e-01,-9.999825954437255859e-01,-9.999840259552001953e-01,9.999908804893493652e-01,-9.999507665634155273e-01,9.999936223030090332e-01,9.999929666519165039e-01,-9.999161958694458008e-01,-9.999889731407165527e-01,-9.999896883964538574e-01,-9.999282360076904297e-01,-9.999932646751403809e-01,9.999898076057434082e-01,9.999926090240478516e-01,-9.998693466186523438e-01,9.999713897705078125e-01,9.999590516090393066e-01,9.999899864196777344e-01,-9.999498724937438965e-01,-9.999816417694091797e-01,9.999796152114868164e-01,9.998658895492553711e-01,-9.999932050704956055e-01,-9.999907612800598145e-01,-9.999518990516662598e-01,9.999924898147583008e-01,-9.999902844429016113e-01,9.999781847000122070e-01,-9.997903108596801758e-01,-9.999917745590209961e-01,-9.999868869781494141e-01,-9.999877214431762695e-01,9.997088313102722168e-01,-9.999882578849792480e-01,-9.999918937683105469e-01,9.999904036521911621e-01,9.999914765357971191e-01,9.999855160713195801e-01,9.999917149543762207e-01,9.999424815177917480e-01,9.999813437461853027e-01,9.999873638153076172e-01,9.999802112579345703e-01,-9.989886879920959473e-01,-9.999852180480957031e-01,-9.999890923500061035e-01,9.999861121177673340e-01,-9.999929070472717285e-01,-9.999884366989135742e-01,-9.999665021896362305e-01,9.999712109565734863e-01,9.999920725822448730e-01,9.999933242797851562e-01,9.999670386314392090e-01,9.999918937683105469e-01,-9.999917745590209961e-01,9.999913573265075684e-01,-9.999870657920837402e-01,-9.999741911888122559e-01,9.999466538429260254e-01,9.995236396789550781e-01,9.999881982803344727e-01,-9.999511241912841797e-01,-9.999914169311523438e-01,9.999524950981140137e-01,9.999783039093017578e-01,9.996463060379028320e-01,-9.999837875366210938e-01,9.999920725822448730e-01,-9.999756813049316406e-01,9.999884366989135742e-01,9.999083280563354492e-01,-9.999307990074157715e-01,-9.999923706054687500e-01,-9.994984865188598633e-01,-9.999711513519287109e-01,9.999856948852539062e-01,-9.999889731407165527e-01,9.998401999473571777e-01,9.999867081642150879e-01,-9.999898672103881836e-01,9.999865293502807617e-01,9.999456405639648438e-01,-9.999928474426269531e-01,9.999918937683105469e-01,-9.999327063560485840e-01,9.999804496765136719e-01,-9.999914765357971191e-01,9.998242259025573730e-01,9.997739195823669434e-01,-9.999902844429016113e-01,-9.999815225601196289e-01,9.991002678871154785e-01,9.999863505363464355e-01,9.999610781669616699e-01,-9.999901056289672852e-01,9.999871850013732910e-01,-9.999904632568359375e-01,9.999878406524658203e-01,9.998937249183654785e-01,-9.999933838844299316e-01,9.999883174896240234e-01,-9.999921321868896484e-01,9.999909400939941406e-01,9.999619126319885254e-01,9.999877810478210449e-01,9.999921321868896484e-01,-9.999721050262451172e-01,-9.999905228614807129e-01,9.999837279319763184e-01,9.998027682304382324e-01,9.999703168869018555e-01,-9.999210834503173828e-01,9.999814629554748535e-01
9.999982118606567383e-01,-9.999985098838806152e-01,-9.999883174896240234e-01,9.999982118606567383e-01,9.999988675117492676e-01,-9.999987483024597168e-01,9.999956488609313965e-01,9.999989867210388184e-01,-9.999973773956298828e-01,9.999974370002746582e-01,-9.999983906745910645e-01,-9.999988675117492676e-01,9.999980926513671875e-01,9.999982714653015137e-01,9.999777078628540039e-01,9.999974966049194336e-01,9.999975562095642090e-01,-9.999986290931701660e-01,9.999926090240478516e-01,-9.999992251396179199e-01,-9.999989867210388184e-01,9.999874830245971680e-01,9.999983310699462891e-01,9.999984502792358398e-01,9.999892711639404297e-01,9.999989867210388184e-01,-9.999984502792358398e-01,-9.999988675117492676e-01,9.999803900718688965e-01,-9.999957680702209473e-01,-9.999938607215881348e-01,-9.999985098838806152e-01,9.999924898147583008e-01,9.999971985816955566e-01,-9.999969005584716797e-01,-9.999799132347106934e-01,9.999989867210388184e-01,9.999985694885253906e-01,9.999927878379821777e-01,-9.999989271163940430e-01,9.999985098838806152e-01,-9.999966621398925781e-01,9.999685883522033691e-01,9.999987483024597168e-01,9.999980330467224121e-01,9.999982714653015137e-01,-9.999562501907348633e-01,9.999982118606567383e-01,9.999988675117492676e-01,-9.999986290931701660e-01,-9.999987483024597168e-01,-9.999978542327880859e-01,-9.999987483024597168e-01,-9.999914169311523438e-01,-9.999972581863403320e-01,-9.999981522560119629e-01,-9.999970793724060059e-01,9.998481273651123047e-01,9.999977946281433105e-01,9.999983310699462891e-01,-9.999979138374328613e-01,9.999989867210388184e-01,9.999982118606567383e-01,9.999949336051940918e-01,-9.999957680702209473e-01,-9.999988079071044922e-01,-9.999989867210388184e-01,-9.999951124191284180e-01,-9.999988079071044922e-01,9.999987483024597168e-01,-9.999986886978149414e-01,9.999980330467224121e-01,9.999960660934448242e-01,-9.999920129776000977e-01,-9.999284744262695312e-01,-9.999982118606567383e-01,9.999926686286926270e-01,9.999987483024597168e-01,-9.999929666519165039e-01,-9.999967217445373535e-01,-9.999469518661499023e-01,9.999975562095642090e-01,-9.999987483024597168e-01,9.999963045120239258e-01,-9.999983310699462891e-01,-9.999862909317016602e-01,9.999896287918090820e-01,9.999988675117492676e-01,9.999247789382934570e-01,9.999957084655761719e-01,-9.999978542327880859e-01,9.999983310699462891e-01,-9.999760389328002930e-01,-9.999979734420776367e-01,9.999985694885253906e-01,-9.999979734420776367e-01,-9.999918341636657715e-01,9.999989271163940430e-01,-9.999987483024597168e-01,9.999899864196777344e-01,-9.999970197677612305e-01,9.999986886978149414e-01,-9.999737739562988281e-01,-9.999660849571228027e-01,9.999985098838806152e-01,9.999971985816955566e-01,-9.998648762702941895e-01,-9.999979734420776367e-01,-9.999941587448120117e-01,9.999985694885253906e-01,-9.999980330467224121e-01,9.999986290931701660e-01,-9.999981522560119629e-01,-9.999840855598449707e-01,9.999990463256835938e-01,-9.999980926513671875e-01,9.999988079071044922e-01,-9.999986886978149414e-01,-9.999942779541015625e-01,-9.999981522560119629e-01,-9.999987483024597168e-01,9.999958872795104980e-01,9.999986290931701660e-01,-9.999975562095642090e-01,-9.999704360961914062e-01,-9.999955296516418457e-01,9.999881982803344727e-01,-9.999972581863403320e-01
9.999988675117492676e-01,-9.999991059303283691e-01,-9.999924898147583008e-01,9.999988675117492676e-01,9.999993443489074707e-01,-9.999992251396179199e-01,9.999971985816955566e-01,9.999993443489074707e-01,-9.999983310699462891e-01,9.999983906745910645e-01,-9.999989867210388184e-01,-9.999992251396179199e-01,9.999988079071044922e-01,9.999989271163940430e-01,9.999859929084777832e-01,9.999984502792358398e-01,9.999984502792358398e-01,-9.999991059303283691e-01,9.999953508377075195e-01,-9.999994039535522461e-01,-9.999993443489074707e-01,9.999920129776000977e-01,9.999989271163940430e-01,9.999991059303283691e-01,9.999932646751403809e-01,9.999994039535522461e-01,-9.999991059303283691e-01,-9.999993443489074707e-01,9.999877214431762695e-01,-9.999972581863403320e-01,-9.999960660934448242e-01,-9.999991059303283691e-01,9.999952912330627441e-01,9.999982714653015137e-01,-9.999980330467224121e-01,-9.999873638153076172e-01,9.999992847442626953e-01,9.999991655349731445e-01,9.999954700469970703e-01,-9.999993443489074707e-01,9.999990463256835938e-01,-9.999979138374328613e-01,9.999802708625793457e-01,9.999992847442626953e-01,9.999987483024597168e-01,9.999989271163940430e-01,-9.999725818634033203e-01,9.999988079071044922e-01,9.999992847442626953e-01,-9.999990463256835938e-01,-9.999992251396179199e-01,-9.999986886978149414e-01,-9.999991655349731445e-01,-9.999945759773254395e-01,-9.999982118606567383e-01,-9.999988079071044922e-01,-9.999980926513671875e-01,9.999046325683593750e-01,9.999985694885253906e-01,9.999989271163940430e-01,-9.999986886978149414e-01,9.999992847442626953e-01,9.999988675117492676e-01,9.999967217445373535e-01,-9.999972581863403320e-01,-9.999992847442626953e-01,-9.999993443489074707e-01,-9.999967813491821289e-01,-9.999992847442626953e-01,9.999992847442626953e-01,-9.999991059303283691e-01,9.999986886978149414e-01,9.999976158142089844e-01,-9.999949336051940918e-01,-9.999549984931945801e-01,-9.999988079071044922e-01,9.999953508377075195e-01,9.999992251396179199e-01,-9.999955296516418457e-01,-9.999979138374328613e-01,-9.999666810035705566e-01,9.999984502792358398e-01,-9.999992251396179199e-01,9.999976158142089844e-01,-9.999988675117492676e-01,-9.999913573265075684e-01,9.999935030937194824e-01,9.999992251396179199e-01,9.999527335166931152e-01,9.999972581863403320e-01,-9.999986290931701660e-01,9.999988675117492676e-01,-9.999848604202270508e-01,-9.999987483024597168e-01,9.999991059303283691e-01,-9.999986886978149414e-01,-9.999948143959045410e-01,9.999992847442626953e-01,-9.999992847442626953e-01,9.999936819076538086e-01,-9.999981522560119629e-01,9.999992251396179199e-01,-9.999833703041076660e-01,-9.999787807464599609e-01,9.999991059303283691e-01,9.999982118606567383e-01,-9.999150633811950684e-01,-9.999986886978149414e-01,-9.999963045120239258e-01,9.999992251396179199e-01,-9.999987483024597168e-01,9.999991059303283691e-01,-9.999988675117492676e-01,-9.999899268150329590e-01,9.999994039535522461e-01,-9.999988079071044922e-01,9.999992847442626953e-01,-9.999991655349731445e-01,-9.999963641166687012e-01,-9.999988079071044922e-01,-9.999992847442626953e-01,9.999973177909851074e-01,9.999991655349731445e-01,-9.999984502792358398e-01,-9.999814629554748535e-01,-9.999970793724060059e-01,9.999925494194030762e-01,-9.999982118606567383e-01
-9.999986886978149414e-01,9.999989867210388184e-01,9.999914765357971191e-01,-9.999987483024597168e-01,-9.999992251396179199e-01,9.999991059303283691e-01,-9.999967217445373535e-01,-9.999992847442626953e-01,9.999980330467224121e-01,-9.999981522560119629e-01,9.999988079071044922e-01,9.999992251396179199e-01,-9.999986290931701660e-01,-9.999988079071044922e-01,-9.999837875366210938e-01,-9.999981522560119629e-01,-9.999983310699462891e-01,9.999990463256835938e-01,-9.999946355819702148e-01,9.999994039535522461e-01,9.999993443489074707e-01,-9.999907612800598145e-01,-9.999987483024597168e-01,-9.999988675117492676e-01,-9.999922513961791992e-01,-9.999992847442626953e-01,9.999989271163940430e-01,9.999992251396179199e-01,-9.999856948852539062e-01,9.999968409538269043e-01,9.999955892562866211e-01,9.999988675117492676e-01,-9.999946355819702148e-01,-9.999979734420776367e-01,9.999977946281433105e-01,9.999854564666748047e-01,-9.999994039535522461e-01,-9.999990463256835938e-01,-9.999948143959045410e-01,9.999993443489074707e-01,-9.999989271163940430e-01,9.999976754188537598e-01,-9.999771714210510254e-01,-9.999991655349731445e-01,-9.999985694885253906e-01,-9.999987483024597168e-01,9.999682903289794922e-01,-9.999986886978149414e-01,-9.999991655349731445e-01,9.999989271163940430e-01,9.999991059303283691e-01,9.999984502792358398e-01,9.999991655349731445e-01,9.999937415122985840e-01,9.999979734420776367e-01,9.999986886978149414e-01,9.999978542327880859e-01,-9.998892545700073242e-01,-9.999984502792358398e-01,-9.999988079071044922e-01,9.999985098838806152e-01,-9.999993443489074707e-01,-9.999986886978149414e-01,-9.999961853027343750e-01,9.999969005584716797e-01,9.999991655349731445e-01,9.999994039535522461e-01,9.999964237213134766e-01,9.999992251396179199e-01,-9.999992251396179199e-01,9.999991059303283691e-01,-9.999985694885253906e-01,-9.999971985816955566e-01,9.999941587448120117e-01,9.999478459358215332e-01,9.999986886978149414e-01,-9.999946951866149902e-01,-9.999992251396179199e-01,9.999948740005493164e-01,9.999976158142089844e-01,9.999613165855407715e-01,-9.999983310699462891e-01,9.999991655349731445e-01,-9.999973177909851074e-01,9.999986886978149414e-01,9.999900460243225098e-01,-9.999924302101135254e-01,-9.999992251396179199e-01,-9.999451637268066406e-01,-9.999967813491821289e-01,9.999983906745910645e-01,-9.999988675117492676e-01,9.999825358390808105e-01,9.999986290931701660e-01,-9.999989271163940430e-01,9.999985098838806152e-01,9.999940395355224609e-01,-9.999992847442626953e-01,9.999992847442626953e-01,-9.999926686286926270e-01,9.999979138374328613e-01,-9.999991059303283691e-01,9.999807476997375488e-01,9.999753832817077637e-01,-9.999989271163940430e-01,-9.999979734420776367e-01,9.999014139175415039e-01,9.999985694885253906e-01,9.999957084655761719e-01,-9.999989867210388184e-01,9.999986290931701660e-01,-9.999989867210388184e-01,9.999986886978149414e-01,9.999883770942687988e-01,-9.999992847442626953e-01,9.999986886978149414e-01,-9.999991655349731445e-01,9.999991655349731445e-01,9.999958872795104980e-01,9.999986290931701660e-01,9.999991655349731445e-01,-9.999969601631164551e-01,-9.999989867210388184e-01,9.999982118606567383e-01,9.999784231185913086e-01,9.999967217445373535e-01,-9.999914169311523438e-01,9.999979734420776367e-01
9.999955892562866211e-01,-9.999963045120239258e-01,-9.999705553054809570e-01,9.999956488609313965e-01,9.999971985816955566e-01,-9.999967217445373535e-01,9.999889135360717773e-01,9.999973773956298828e-01,-9.999933838844299316e-01,9.999936819076538086e-01,-9.999959468841552734e-01,-9.999970793724060059e-01,9.999952912330627441e-01,9.999957680702209473e-01,9.999440312385559082e-01,9.999935030937194824e-01,9.999938607215881348e-01,-9.999965429306030273e-01,9.999814629554748535e-01,-9.999975562095642090e-01,-9.999973773956298828e-01,9.999685287475585938e-01,9.999958276748657227e-01,9.999960660934448242e-01,9.999730587005615234e-01,9.999974370002746582e-01,-9.999961256980895996e-01,-9.999970793724060059e-01,9.999508261680603027e-01,-9.999893307685852051e-01,-9.999846220016479492e-01,-9.999961853027343750e-01,9.999811649322509766e-01,9.999930858612060547e-01,-9.999924302101135254e-01,-9.999495148658752441e-01,9.999974370002746582e-01,9.999964833259582520e-01,9.999819993972778320e-01,-9.999971985816955566e-01,9.999963045120239258e-01,-9.999918341636657715e-01,9.999210834503173828e-01,9.999968409538269043e-01,9.999950528144836426e-01,9.999954700469970703e-01,-9.998902678489685059e-01,9.999955892562866211e-01,9.999969005584716797e-01,-9.999963641166687012e-01,-9.999966621398925781e-01,-9.999945759773254395e-01,-9.999968409538269043e-01,-9.999783635139465332e-01,-9.999929666519165039e-01,-9.999952316284179688e-01,-9.999926090240478516e-01,9.996192455291748047e-01,9.999943971633911133e-01,9.999958872795104980e-01,-9.999947547912597656e-01,9.999972581863403320e-01,9.999956488609313965e-01,9.999873638153076172e-01,-9.999891519546508789e-01,-9.999969601631164551e-01,-9.999974370002746582e-01,-9.999876022338867188e-01,-9.999969601631164551e-01,9.999968409538269043e-01,-9.999967217445373535e-01,9.999951124191284180e-01,9.999902844429016113e-01,-9.999799728393554688e-01,-9.998207092285156250e-01,-9.999955892562866211e-01,9.999817013740539551e-01,9.999967813491821289e-01,-9.999822378158569336e-01,-9.999917745590209961e-01,-9.998669624328613281e-01,9.999939203262329102e-01,-9.999969601631164551e-01,9.999908804893493652e-01,-9.999956488609313965e-01,-9.999654889106750488e-01,9.999740123748779297e-01,9.999970197677612305e-01,9.998112916946411133e-01,9.999890923500061035e-01,-9.999946355819702148e-01,9.999958872795104980e-01,-9.999398589134216309e-01,-9.999949932098388672e-01,9.999961256980895996e-01,-9.999948740005493164e-01,-9.999796152114868164e-01,9.999972581863403320e-01,-9.999969005584716797e-01,9.999747276306152344e-01,-9.999925494194030762e-01,9.999967217445373535e-01,-9.999338388442993164e-01,-9.999149441719055176e-01,9.999963045120239258e-01,9.999930262565612793e-01,-9.996613264083862305e-01,-9.999948740005493164e-01,-9.999853372573852539e-01,9.999962449073791504e-01,-9.999952316284179688e-01,9.999964237213134766e-01,-9.999954700469970703e-01,-9.999600648880004883e-01,9.999973773956298828e-01,-9.999955296516418457e-01,9.999970197677612305e-01,-9.999965429306030273e-01,-9.999856948852539062e-01,-9.999954104423522949e-01,-9.999970197677612305e-01,9.999895095825195312e-01,9.999964833259582520e-01,-9.999939203262329102e-01,-9.999257326126098633e-01,-9.999887943267822266e-01,9.999703764915466309e-01,-9.999930262565612793e-01
9.999989271163940430e-01,-9.999992251396179199e-01,-9.999932646751403809e-01,9.999989867210388184e-01,9.999993443489074707e-01,-9.999992847442626953e-01,9.999973773956298828e-01,9.999994039535522461e-01,-9.999983906745910645e-01,9.999985098838806152e-01,-9.999989867210388184e-01,-9.999992847442626953e-01,9.999989271163940430e-01,9.999990463256835938e-01,9.999871253967285156e-01,9.999985694885253906e-01,9.999986290931701660e-01,-9.999991655349731445e-01,9.999957084655761719e-01,-9.999994635581970215e-01,-9.999994039535522461e-01,9.999927282333374023e-01,9.999989867210388184e-01,9.999990463256835938e-01,9.999937415122985840e-01,9.999994039535522461e-01,-9.999990463256835938e-01,-9.999993443489074707e-01,9.999886751174926758e-01,-9.999974966049194336e-01,-9.999964237213134766e-01,-9.999991059303283691e-01,9.999957084655761719e-01,9.999983906745910645e-01,-9.999982118606567383e-01,-9.999884963035583496e-01,9.999994635581970215e-01,9.999992251396179199e-01,9.999958872795104980e-01,-9.999994039535522461e-01,9.999991059303283691e-01,-9.999980926513671875e-01,9.999819397926330566e-01,9.999993443489074707e-01,9.999988079071044922e-01,9.999989271163940430e-01,-9.999749064445495605e-01,9.999989271163940430e-01,9.999993443489074707e-01,-9.999992251396179199e-01,-9.999992847442626953e-01,-9.999988079071044922e-01,-9.999992251396179199e-01,-9.999950528144836426e-01,-9.999982714653015137e-01,-9.999988079071044922e-01,-9.999982714653015137e-01,9.999129772186279297e-01,9.999986886978149414e-01,9.999991059303283691e-01,-9.999986886978149414e-01,9.999994039535522461e-01,9.999990463256835938e-01,9.999970197677612305e-01,-9.999974370002746582e-01,-9.999992847442626953e-01,-9.999994039535522461e-01,-9.999970197677612305e-01,-9.999993443489074707e-01,9.999992251396179199e-01,-9.999992251396179199e-01,9.999988079071044922e-01,9.999977350234985352e-01,-9.999953508377075195e-01,-9.999589323997497559e-01,-9.999988675117492676e-01,9.999957680702209473e-01,9.999992847442626953e-01,-9.999959468841552734e-01,-9.999980926513671875e-01,-9.999696016311645508e-01,9.999985694885253906e-01,-9.999992847442626953e-01,9.999977946281433105e-01,-9.999990463256835938e-01,-9.999921321868896484e-01,9.999939799308776855e-01,9.999992847442626953e-01,9.999568462371826172e-01,9.999974966049194336e-01,-9.999986886978149414e-01,9.999991059303283691e-01,-9.999862909317016602e-01,-9.999988675117492676e-01,9.999991655349731445e-01,-9.999988079071044922e-01,-9.999953508377075195e-01,9.999993443489074707e-01,-9.999992251396179199e-01,9.999942183494567871e-01,-9.999982714653015137e-01,9.999992251396179199e-01,-9.999849200248718262e-01,-9.999805688858032227e-01,9.999991059303283691e-01,9.999982714653015137e-01,-9.999225139617919922e-01,-9.999988079071044922e-01,-9.999966025352478027e-01,9.999991655349731445e-01,-9.999988675117492676e-01,9.999992251396179199e-01,-9.999988675117492676e-01,-9.999908208847045898e-01,9.999994039535522461e-01,-9.999989271163940430e-01,9.999992847442626953e-01,-9.999992847442626953e-01,-9.999966621398925781e-01,-9.999989271163940430e-01,-9.999992847442626953e-01,9.999974966049194336e-01,9.999992251396179199e-01,-9.999985098838806152e-01,-9.999830722808837891e-01,-9.999973177909851074e-01,9.999932050704956055e-01,-9.999983906745910645e-01
-9.999972581863403320e-01,9.999977946281433105e-01,9.999823570251464844e-01,-9.999973773956298828e-01,-9.999983310699462891e-01,9.999980330467224121e-01,-9.999933838844299316e-01,-9.999983906745910645e-01,9.999959468841552734e-01,-9.999961853027343750e-01,9.999975562095642090e-01,9.999982714653015137e-01,-9.999971985816955566e-01,-9.999974370002746582e-01,-9.999663829803466797e-01,-9.999961256980895996e-01,-9.999963641166687012e-01,9.999978542327880859e-01,-9.999889135360717773e-01,9.999985694885253906e-01,9.999984502792358398e-01,-9.999811649322509766e-01,-9.999974966049194336e-01,-9.999976158142089844e-01,-9.999838471412658691e-01,-9.999984502792358398e-01,9.999976754188537598e-01,9.999983310699462891e-01,-9.999706149101257324e-01,9.999935626983642578e-01,9.999907612800598145e-01,9.999976754188537598e-01,-9.999887347221374512e-01,-9.999958872795104980e-01,9.999954104423522949e-01,9.999698400497436523e-01,-9.999984502792358398e-01,-9.999979138374328613e-01,-9.999892711639404297e-01,9.999983906745910645e-01,-9.999977350234985352e-01,9.999951124191284180e-01,-9.999527335166931152e-01,-9.999980926513671875e-01,-9.999970197677612305e-01,-9.999972581863403320e-01,9.999343752861022949e-01,-9.999973177909851074e-01,-9.999981522560119629e-01,9.999977946281433105e-01,9.999980330467224121e-01,9.999966621398925781e-01,9.999979734420776367e-01,9.999870657920837402e-01,9.999958276748657227e-01,9.999970793724060059e-01,9.999955892562866211e-01,-9.997719526290893555e-01,-9.999966025352478027e-01,-9.999974966049194336e-01,9.999967813491821289e-01,-9.999983906745910645e-01,-9.999973773956298828e-01,-9.999924898147583008e-01,9.999935030937194824e-01,9.999982118606567383e-01,9.999984502792358398e-01,9.999926090240478516e-01,9.999981522560119629e-01,-9.999980926513671875e-01,9.999979138374328613e-01,-9.999970197677612305e-01,-9.999942779541015625e-01,9.999880194664001465e-01,9.998925328254699707e-01,9.999973177909851074e-01,-9.999889135360717773e-01,-9.999980330467224121e-01,9.999893903732299805e-01,9.999951124191284180e-01,9.999202489852905273e-01,-9.999964237213134766e-01,9.999980926513671875e-01,-9.999945163726806641e-01,9.999973773956298828e-01,9.999793171882629395e-01,-9.999844431877136230e-01,-9.999982714653015137e-01,-9.998869299888610840e-01,-9.999934434890747070e-01,9.999967217445373535e-01,-9.999974966049194336e-01,9.999639391899108887e-01,9.999969601631164551e-01,-9.999977350234985352e-01,9.999969005584716797e-01,9.999877810478210449e-01,-9.999983906745910645e-01,9.999981522560119629e-01,-9.999848604202270508e-01,9.999955892562866211e-01,-9.999980330467224121e-01,9.999603629112243652e-01,9.999490380287170410e-01,-9.999977350234985352e-01,-9.999958276748657227e-01,9.997970461845397949e-01,9.999969601631164551e-01,9.999912381172180176e-01,-9.999977350234985352e-01,9.999970793724060059e-01,-9.999977946281433105e-01,9.999972581863403320e-01,9.999760985374450684e-01,-9.999985098838806152e-01,9.999972581863403320e-01,-9.999981522560119629e-01,9.999979138374328613e-01,9.999914169311523438e-01,9.999971985816955566e-01,9.999982118606567383e-01,-9.999936819076538086e-01,-9.999979138374328613e-01,9.999961853027343750e-01,9.999555349349975586e-01,9.999933242797851562e-01,-9.999822378158569336e-01,9.999958872795104980e-01
9.999974370002746582e-01,-9.999979734420776367e-01,-9.999833106994628906e-01,9.999974370002746582e-01,9.999983906745910645e-01,-9.999981522560119629e-01,9.999936819076538086e-01,9.999985098838806152e-01,-9.999961853027343750e-01,9.999963641166687012e-01,-9.999976754188537598e-01,-9.999983906745910645e-01,9.999972581863403320e-01,9.999974966049194336e-01,9.999682903289794922e-01,9.999961853027343750e-01,9.999965429306030273e-01,-9.999980330467224121e-01,9.999894499778747559e-01,-9.999986886978149414e-01,-9.999985098838806152e-01,9.999821186065673828e-01,9.999976158142089844e-01,9.999977946281433105e-01,9.999846220016479492e-01,9.999985694885253906e-01,-9.999977946281433105e-01,-9.999983906745910645e-01,9.999721646308898926e-01,-9.999939799308776855e-01,-9.999912381172180176e-01,-9.999978542327880859e-01,9.999892711639404297e-01,9.999960064888000488e-01,-9.999956488609313965e-01,-9.999713301658630371e-01,9.999986290931701660e-01,9.999979734420776367e-01,9.999896883964538574e-01,-9.999984502792358398e-01,9.999978542327880859e-01,-9.999953508377075195e-01,9.999551177024841309e-01,9.999982118606567383e-01,9.999971389770507812e-01,9.999974370002746582e-01,-9.999377131462097168e-01,9.999974966049194336e-01,9.999983310699462891e-01,-9.999979138374328613e-01,-9.999982714653015137e-01,-9.999969005584716797e-01,-9.999982118606567383e-01,-9.999877214431762695e-01,-9.999960660934448242e-01,-9.999972581863403320e-01,-9.999958276748657227e-01,9.997832179069519043e-01,9.999968409538269043e-01,9.999976158142089844e-01,-9.999970197677612305e-01,9.999985694885253906e-01,9.999974966049194336e-01,9.999927282333374023e-01,-9.999939203262329102e-01,-9.999982714653015137e-01,-9.999985694885253906e-01,-9.999929666519165039e-01,-9.999983310699462891e-01,9.999983310699462891e-01,-9.999981522560119629e-01,9.999971985816955566e-01,9.999945759773254395e-01,-9.999886155128479004e-01,-9.998978972434997559e-01,-9.999974370002746582e-01,9.999895691871643066e-01,9.999982118606567383e-01,-9.999899268150329590e-01,-9.999953508377075195e-01,-9.999242424964904785e-01,9.999964833259582520e-01,-9.999982714653015137e-01,9.999948143959045410e-01,-9.999975562095642090e-01,-9.999803900718688965e-01,9.999850988388061523e-01,9.999983906745910645e-01,9.998924732208251953e-01,9.999938607215881348e-01,-9.999969601631164551e-01,9.999976158142089844e-01,-9.999657273292541504e-01,-9.999971389770507812e-01,9.999978542327880859e-01,-9.999971389770507812e-01,-9.999884963035583496e-01,9.999984502792358398e-01,-9.999982118606567383e-01,9.999856948852539062e-01,-9.999958276748657227e-01,9.999982714653015137e-01,-9.999623298645019531e-01,-9.999516010284423828e-01,9.999979138374328613e-01,9.999961256980895996e-01,-9.998071789741516113e-01,-9.999970793724060059e-01,-9.999917149543762207e-01,9.999979138374328613e-01,-9.999973177909851074e-01,9.999979138374328613e-01,-9.999973773956298828e-01,-9.999772906303405762e-01,9.999985694885253906e-01,-9.999974370002746582e-01,9.999983310699462891e-01,-9.999981522560119629e-01,-9.999918937683105469e-01,-9.999973177909851074e-01,-9.999982714653015137e-01,9.999940395355224609e-01,9.999979138374328613e-01,-9.999964833259582520e-01,-9.999577403068542480e-01,-9.999936819076538086e-01,9.999831914901733398e-01,-9.999960660934448242e-01
-9.999982714653015137e-01,9.999985694885253906e-01,9.999892115592956543e-01,-9.999983906745910645e-01,-9.999989867210388184e-01,9.999988079071044922e-01,-9.999959468841552734e-01,-9.999989867210388184e-01,9.999975562095642090e-01,-9.999976754188537598e-01,9.999984502792358398e-01,9.999989271163940430e-01,-9.999982714653015137e-01,-9.999983906745910645e-01,-9.999796152114868164e-01,-9.999975562095642090e-01,-9.999977946281433105e-01,9.999986886978149414e-01,-9.999932646751403809e-01,9.999991655349731445e-01,9.999990463256835938e-01,-9.999884963035583496e-01,-9.999984502792358398e-01,-9.999985098838806152e-01,-9.999902248382568359e-01,-9.999991059303283691e-01,9.999985098838806152e-01,9.999989271163940430e-01,-9.999821782112121582e-01,9.999960064888000488e-01,9.999943971633911133e-01,9.999986290931701660e-01,-9.999931454658508301e-01,-9.999973773956298828e-01,9.999971985816955566e-01,9.999817013740539551e-01,-9.999991059303283691e-01,-9.999987483024597168e-01,-9.999935030937194824e-01,9.999990463256835938e-01,-9.999986886978149414e-01,9.999969601631164551e-01,-9.999713897705078125e-01,-9.999988675117492676e-01,-9.999982118606567383e-01,-9.999982714653015137e-01,9.999601244926452637e-01,-9.999982714653015137e-01,-9.999988675117492676e-01,9.999985694885253906e-01,9.999987483024597168e-01,9.999980926513671875e-01,9.999988079071044922e-01,9.999921321868896484e-01,9.999973773956298828e-01,9.999982118606567383e-01,9.999973177909851074e-01,-9.998617172241210938e-01,-9.999979138374328613e-01,-9.999985098838806152e-01,9.999980330467224121e-01,-9.999990463256835938e-01,-9.999983906745910645e-01,-9.999953508377075195e-01,9.999960064888000488e-01,9.999988079071044922e-01,9.999991059303283691e-01,9.999955296516418457e-01,9.999989271163940430e-01,-9.999988079071044922e-01,9.999987483024597168e-01,-9.999982118606567383e-01,-9.999965429306030273e-01,9.999927282333374023e-01,9.999347925186157227e-01,9.999983906745910645e-01,-9.999933242797851562e-01,-9.999988079071044922e-01,9.999936223030090332e-01,9.999969005584716797e-01,9.999516010284423828e-01,-9.999976754188537598e-01,9.999988079071044922e-01,-9.999966621398925781e-01,9.999983310699462891e-01,9.999874234199523926e-01,-9.999904632568359375e-01,-9.999988675117492676e-01,-9.999314546585083008e-01,-9.999960064888000488e-01,9.999980330467224121e-01,-9.999984502792358398e-01,9.999781250953674316e-01,9.999981522560119629e-01,-9.999985694885253906e-01,9.999982118606567383e-01,9.999924898147583008e-01,-9.999991059303283691e-01,9.999988079071044922e-01,-9.999908208847045898e-01,9.999971985816955566e-01,-9.999988079071044922e-01,9.999759197235107422e-01,9.999691247940063477e-01,-9.999986886978149414e-01,-9.999974370002746582e-01,9.998769164085388184e-01,9.999980926513671875e-01,9.999946951866149902e-01,-9.999986290931701660e-01,9.999982118606567383e-01,-9.999986886978149414e-01,9.999983310699462891e-01,9.999853968620300293e-01,-9.999991059303283691e-01,9.999982714653015137e-01,-9.999989271163940430e-01,9.999987483024597168e-01,9.999948143959045410e-01,9.999982714653015137e-01,9.999989271163940430e-01,-9.999961256980895996e-01,-9.999986886978149414e-01,9.999977350234985352e-01,9.999729990959167480e-01,9.999958872795104980e-01,-9.999892115592956543e-01,9.999974370002746582e-01
-9.999988079071044922e-01,9.999989867210388184e-01,9.999924302101135254e-01,-9.999988675117492676e-01,-9.999992251396179199e-01,9.999992251396179199e-01,-9.999970793724060059e-01,-9.999992847442626953e-01,9.999982714653015137e-01,-9.999983906745910645e-01,9.999989271163940430e-01,9.999992251396179199e-01,-9.999986886978149414e-01,-9.999988675117492676e-01,-9.999858140945434570e-01,-9.999983310699462891e-01,-9.999984502792358398e-01,9.999991655349731445e-01,-9.999952912330627441e-01,9.999994039535522461e-01,9.999993443489074707e-01,-9.999918937683105469e-01,-9.999988675117492676e-01,-9.999990463256835938e-01,-9.999931454658508301e-01,-9.999992847442626953e-01,9.999989271163940430e-01,9.999992251396179199e-01,-9.999874830245971680e-01,9.999972581863403320e-01,9.999959468841552734e-01,9.999991059303283691e-01,-9.999952316284179688e-01,-9.999982118606567383e-01,9.999980330467224121e-01,9.999872446060180664e-01,-9.999994039535522461e-01,-9.999990463256835938e-01,-9.999954104423522949e-01,9.999993443489074707e-01,-9.999989867210388184e-01,9.999978542327880859e-01,-9.999800324440002441e-01,-9.999991655349731445e-01,-9.999986290931701660e-01,-9.999988079071044922e-01,9.999721646308898926e-01,-9.999988675117492676e-01,-9.999992847442626953e-01,9.999991059303283691e-01,9.999991059303283691e-01,9.999986886978149414e-01,9.999991655349731445e-01,9.999945163726806641e-01,9.999982118606567383e-01,9.999987483024597168e-01,9.999980926513671875e-01,-9.999033212661743164e-01,-9.999985694885253906e-01,-9.999988675117492676e-01,9.999986290931701660e-01,-9.999992847442626953e-01,-9.999988079071044922e-01,-9.999966621398925781e-01,9.999971985816955566e-01,9.999992847442626953e-01,9.999994039535522461e-01,9.999968409538269043e-01,9.999992847442626953e-01,-9.999992251396179199e-01,9.999992251396179199e-01,-9.999986886978149414e-01,-9.999974966049194336e-01,9.999948143959045410e-01,9.999544620513916016e-01,9.999988079071044922e-01,-9.999952912330627441e-01,-9.999992251396179199e-01,9.999954700469970703e-01,9.999978542327880859e-01,9.999662041664123535e-01,-9.999984502792358398e-01,9.999991655349731445e-01,-9.999975562095642090e-01,9.999988675117492676e-01,9.999911785125732422e-01,-9.999933242797851562e-01,-9.999992251396179199e-01,-9.999521374702453613e-01,-9.999971389770507812e-01,9.999985098838806152e-01,-9.999988675117492676e-01,9.999847412109375000e-01,9.999986886978149414e-01,-9.999990463256835938e-01,9.999986886978149414e-01,9.999947547912597656e-01,-9.999992847442626953e-01,9.999991655349731445e-01,-9.999936223030090332e-01,9.999979734420776367e-01,-9.999992251396179199e-01,9.999831914901733398e-01,9.999784231185913086e-01,-9.999991059303283691e-01,-9.999980926513671875e-01,9.999140501022338867e-01,9.999986886978149414e-01,9.999961256980895996e-01,-9.999991059303283691e-01,9.999986886978149414e-01,-9.999991059303283691e-01,9.999987483024597168e-01,9.999898076057434082e-01,-9.999994039535522461e-01,9.999988079071044922e-01,-9.999992251396179199e-01,9.999991655349731445e-01,9.999963045120239258e-01,9.999988079071044922e-01,9.999992251396179199e-01,-9.999973177909851074e-01,-9.999991655349731445e-01,9.999984502792358398e-01,9.999811053276062012e-01,9.999970197677612305e-01,-9.999924898147583008e-01,9.999982118606567383e-01
