5.237072110176086426e-01,2.269347198307514191e-02,-2.156129926443099976e-01,1.039946079254150391e-01,4.208509624004364014e-01,-3.645813167095184326e-01,1.427217274904251099e-01,4.977664053440093994e-01,2.969686686992645264e-01,2.438796162605285645e-01,-2.402705550193786621e-01,-2.375744283199310303e-01,9.108549356460571289e-02,2.991683483123779297e-01,2.857087254524230957e-01,4.438768923282623291e-01,-1.786825596354901791e-03,1.477828323841094971e-01,-1.763308197259902954e-01,-2.633145153522491455e-01,-2.687396705150604248e-01,1.642107665538787842e-01,1.076027750968933105e-01,4.680913686752319336e-02,5.319191142916679382e-02,3.264357745647430420e-01,-2.222953587770462036e-01,-4.146747291088104248e-01,2.660853564739227295e-01,-2.320506125688552856e-01,-1.890778243541717529e-01,-3.282884657382965088e-01,1.363753974437713623e-01,2.302360385656356812e-01,-2.673976682126522064e-02,-3.320294916629791260e-01,1.824299842119216919e-01,2.807935178279876709e-01,-4.341421723365783691e-01,-5.222389698028564453e-01,4.297807216644287109e-01,1.564901918172836304e-01,1.659972816705703735e-01,8.548427373170852661e-02,-6.287472695112228394e-02,-5.133212357759475708e-02,-2.874014377593994141e-01,-1.719139814376831055e-01,1.190357059240341187e-01,-2.429460361599922180e-02,-2.119909822940826416e-01,-1.910616755485534668e-01,4.738604128360748291e-01,-7.675218582153320312e-02,-1.424068808555603027e-01,-4.317387342453002930e-01,2.593418657779693604e-01,1.829946227371692657e-02,-8.623665571212768555e-02,-1.751674711704254150e-01,-1.704062372446060181e-01,3.154503926634788513e-02,7.021704688668251038e-03,2.926920652389526367e-01,1.440734267234802246e-01,-7.048331201076507568e-02,-2.085594683885574341e-01,3.790825605392456055e-01,-3.148611485958099365e-01,2.912380993366241455e-01,-4.220028221607208252e-01,1.835699230432510376e-01,-6.590758264064788818e-02,2.711332738399505615e-01,-3.164377510547637939e-01,-4.060813188552856445e-01,-6.077580619603395462e-04,3.036391735076904297e-01,-2.237400710582733154e-01,-3.344415426254272461e-01,3.762091100215911865e-01,7.235155790112912655e-04,-3.627044558525085449e-01,-1.610356732271611691e-03,-5.443338751792907715e-01,-1.183481588959693909e-01,3.744406998157501221e-01,6.602163426578044891e-03,7.655473053455352783e-02,3.000970780849456787e-01,-2.707028090953826904e-01,9.598267823457717896e-02,-1.390947401523590088e-01,6.595958024263381958e-03,-3.382264375686645508e-01,-3.879299759864807129e-01,2.793344855308532715e-01,-5.328481711330823600e-05,-3.393015265464782715e-01,4.148584604263305664e-01,-4.065167605876922607e-01,4.262024164199829102e-01,-3.146189451217651367e-01,-3.074306249618530273e-01,2.639271616935729980e-01,2.570213973522186279e-01,-1.581010818481445312e-01,-1.653160452842712402e-01,-4.422596693038940430e-01,-9.077789727598428726e-04,2.115126550197601318e-01,-8.698152750730514526e-02,-2.099723368883132935e-01,9.582117199897766113e-02,3.504461944103240967e-01,-3.116708695888519287e-01,4.655975997447967529e-01,-4.134080931544303894e-02,-4.575061500072479248e-01,1.237590312957763672e-01,3.540108352899551392e-02,3.510855138301849365e-01,3.473803102970123291e-01,9.496029466390609741e-02,-2.487462610006332397e-01,-1.489565670490264893e-01,2.088497020304203033e-02,2.670358121395111084e-01
2.269347198307514191e-02,1.006043795496225357e-02,-8.474261313676834106e-02,6.718144565820693970e-02,5.224461480975151062e-02,-3.031373210251331329e-02,-4.002345725893974304e-03,3.716901689767837524e-02,5.436141043901443481e-02,5.350439622998237610e-02,-7.824799045920372009e-03,-4.345702752470970154e-02,7.859256118535995483e-02,7.021680474281311035e-02,7.842328399419784546e-02,9.199302643537521362e-02,-1.806004787795245647e-03,6.798600405454635620e-02,-7.438996434211730957e-02,-5.967875570058822632e-02,-3.463210538029670715e-02,6.584466248750686646e-02,6.466040015220642090e-02,-1.488486584275960922e-02,1.113357022404670715e-02,8.336339890956878662e-02,-8.626049757003784180e-02,-4.978869110345840454e-02,8.227528631687164307e-02,-2.790238708257675171e-02,-1.361260074190795422e-04,-9.413580596446990967e-02,6.305736303329467773e-02,5.845325812697410583e-02,-3.634259803220629692e-03,-9.238877147436141968e-02,5.395661666989326477e-02,7.870697230100631714e-02,-7.432222366333007812e-02,-5.036856234073638916e-02,7.836204022169113159e-02,1.082214526832103729e-02,8.514885604381561279e-02,2.082324214279651642e-02,1.464592874981462955e-03,-7.320386171340942383e-02,-8.388410508632659912e-02,-2.369381301105022430e-02,4.268783086445182562e-04,2.024981565773487091e-02,-3.458085237070918083e-03,-1.288110297173261642e-02,5.201685801148414612e-02,-5.311379674822092056e-03,-2.232321910560131073e-02,-9.593580663204193115e-02,3.766513615846633911e-02,5.042657256126403809e-03,-7.289108633995056152e-02,-7.059610635042190552e-02,3.184223780408501625e-03,6.811853963881731033e-04,2.065789885818958282e-03,2.653743140399456024e-02,1.897006668150424957e-02,-2.476315200328826904e-02,3.929186612367630005e-02,8.860263228416442871e-02,-8.447696268558502197e-02,2.423868887126445770e-02,-7.178267836570739746e-02,-1.374741643667221069e-02,-2.372525259852409363e-02,7.876993715763092041e-02,-3.744943812489509583e-02,-8.501781523227691650e-02,-6.653154268860816956e-04,9.356241673231124878e-02,-4.169739782810211182e-02,-7.898781448602676392e-02,8.740050345659255981e-02,1.861465862020850182e-04,-6.954476237297058105e-02,-1.910455648612696677e-05,-7.856845855712890625e-02,-8.048733323812484741e-02,4.411888495087623596e-02,1.843762584030628204e-03,6.094030290842056274e-02,5.904882401227951050e-02,-2.200620807707309723e-02,-2.935188449919223785e-02,-7.820563018321990967e-02,3.920662403106689453e-02,-7.544162869453430176e-02,-2.366393338888883591e-03,6.340266019105911255e-02,-6.190803560457425192e-06,-6.249735504388809204e-02,6.669543683528900146e-02,-3.081916831433773041e-02,3.374196961522102356e-02,-9.000359475612640381e-02,-7.494214922189712524e-02,1.007574498653411865e-01,-6.384180393069982529e-03,-7.569062709808349609e-02,-8.906952291727066040e-02,-2.378493361175060272e-02,-2.300799591466784477e-03,5.678298696875572205e-02,-6.226552650332450867e-02,-8.431441336870193481e-02,-1.691055367700755596e-03,9.254582226276397705e-02,-8.164813369512557983e-02,5.196145176887512207e-02,2.579497359693050385e-02,-8.538966625928878784e-02,3.808083012700080872e-02,6.604684144258499146e-02,7.063780725002288818e-02,7.664721459150314331e-02,-5.730947479605674744e-02,-4.575961455702781677e-02,-4.867069050669670105e-02,-9.113512351177632809e-04,6.826804578304290771e-02
-2.156129926443099976e-01,-8.474261313676834106e-02,7.452530264854431152e-01,-6.414142847061157227e-01,-4.529819786548614502e-01,2.200745195150375366e-01,-9.770611301064491272e-03,-3.466798365116119385e-01,-4.682421088218688965e-01,-5.089460611343383789e-01,1.114302948117256165e-01,4.173767864704132080e-01,-6.291995048522949219e-01,-6.590117216110229492e-01,-7.056576609611511230e-01,-7.344328761100769043e-01,1.548165269196033478e-02,-5.825425386428833008e-01,6.724959611892700195e-01,5.904897451400756836e-01,3.289675414562225342e-01,-6.296662688255310059e-01,-6.237192749977111816e-01,1.440295577049255371e-01,-1.065236255526542664e-01,-6.517557501792907715e-01,7.297323346138000488e-01,3.922795951366424561e-01,-7.169449329376220703e-01,2.646482586860656738e-01,2.439414709806442261e-02,7.850220203399658203e-01,-5.667629837989807129e-01,-6.062921285629272461e-01,3.543876111507415771e-02,7.536599636077880859e-01,-4.891946315765380859e-01,-6.968143582344055176e-01,5.887615084648132324e-01,5.072228312492370605e-01,-6.561438441276550293e-01,-1.166670918464660645e-01,-7.172306180000305176e-01,-2.003558129072189331e-01,-2.538888528943061829e-02,6.328902840614318848e-01,7.451908588409423828e-01,2.230251580476760864e-01,-8.210767060518264771e-03,-9.729460626840591431e-02,3.889892995357513428e-02,1.641705036163330078e-01,-4.997978806495666504e-01,6.401552259922027588e-02,1.952203214168548584e-01,7.969863414764404297e-01,-3.889078497886657715e-01,-4.771706461906433105e-02,6.174646615982055664e-01,6.479589343070983887e-01,6.252786610275506973e-03,-3.876328468322753906e-02,-2.009900286793708801e-02,-2.256679683923721313e-01,-1.608573198318481445e-01,2.235156595706939697e-01,-2.929070591926574707e-01,-7.265773415565490723e-01,7.239000201225280762e-01,-1.822820901870727539e-01,6.450392007827758789e-01,1.402799487113952637e-01,2.374890297651290894e-01,-7.087973356246948242e-01,3.124175667762756348e-01,7.173838019371032715e-01,5.163382738828659058e-03,-7.924135923385620117e-01,4.223851561546325684e-01,6.995101571083068848e-01,-7.648335695266723633e-01,-1.813972136005759239e-03,6.269449591636657715e-01,9.008020861074328423e-04,6.552081704139709473e-01,6.862818002700805664e-01,-4.084244370460510254e-01,-1.616392843425273895e-02,-5.140211582183837891e-01,-5.670889616012573242e-01,2.154740989208221436e-01,2.564093470573425293e-01,6.775814890861511230e-01,-3.669872879981994629e-01,6.747995018959045410e-01,4.624510556459426880e-02,-5.680861473083496094e-01,6.057158316252753139e-05,5.576494336128234863e-01,-5.711023211479187012e-01,3.543794155120849609e-01,-2.842366397380828857e-01,7.663465738296508789e-01,6.685724854469299316e-01,-8.257272839546203613e-01,-6.572996824979782104e-02,6.564447879791259766e-01,7.275665402412414551e-01,1.899168044328689575e-01,2.071866393089294434e-02,-5.344783663749694824e-01,6.168397665023803711e-01,7.289108633995056152e-01,-1.162620484828948975e-01,-7.742365002632141113e-01,7.095442414283752441e-01,-4.419721662998199463e-01,-2.478118240833282471e-01,7.388168573379516602e-01,-3.738342523574829102e-01,-5.768830776214599609e-01,-6.450275182723999023e-01,-6.790359020233154297e-01,4.700496494770050049e-01,4.990314543247222900e-01,4.779751896858215332e-01,-7.526798290200531483e-04,-6.339493989944458008e-01
1.039946079254150391e-01,6.718144565820693970e-02,-6.414142847061157227e-01,6.826702356338500977e-01,2.649782001972198486e-01,-8.006846159696578979e-02,-1.276422664523124695e-02,1.512815058231353760e-01,3.889502584934234619e-01,4.235279858112335205e-01,-1.546727269887924194e-01,-3.365500271320343018e-01,4.634589850902557373e-01,6.035606861114501953e-01,6.024348735809326172e-01,5.213657617568969727e-01,-9.995902888476848602e-03,4.978570342063903809e-01,-6.436549425125122070e-01,-4.970628917217254639e-01,-3.819991946220397949e-01,5.682489275932312012e-01,5.704496502876281738e-01,-1.259532868862152100e-01,9.095072746276855469e-02,4.287026226520538330e-01,-5.705183148384094238e-01,-1.438744664192199707e-01,5.327172279357910156e-01,-9.140998870134353638e-02,-2.395038120448589325e-02,-6.945934295654296875e-01,6.031382083892822266e-01,5.132800936698913574e-01,-1.640503667294979095e-02,-5.692181587219238281e-01,3.853861987590789795e-01,5.661337971687316895e-01,-3.239924907684326172e-01,-4.642557501792907715e-01,5.453944206237792969e-01,1.279678642749786377e-01,5.843257308006286621e-01,1.599310934543609619e-01,-4.148303344845771790e-02,-4.595200419425964355e-01,-6.734690666198730469e-01,-2.002143263816833496e-01,-4.421547986567020416e-03,1.175184175372123718e-01,8.409247733652591705e-03,-4.642944410443305969e-02,4.607280194759368896e-01,-7.567247003316879272e-02,-3.429240733385086060e-02,-6.325394511222839355e-01,3.420448601245880127e-01,3.749576210975646973e-02,-5.501912236213684082e-01,-6.283499598503112793e-01,-3.298234567046165466e-02,1.061922535300254822e-01,2.196556702256202698e-02,1.385523080825805664e-01,1.588657498359680176e-01,-1.872035861015319824e-01,2.581926882266998291e-01,5.405164361000061035e-01,-5.846189856529235840e-01,-2.942579612135887146e-02,-4.801518619060516357e-01,6.096713710576295853e-03,-2.723659574985504150e-01,6.191099882125854492e-01,-2.540404200553894043e-01,-5.832239985466003418e-01,-2.437106799334287643e-03,6.324293017387390137e-01,-5.019894242286682129e-01,-5.835605263710021973e-01,7.071535587310791016e-01,1.520478748716413975e-03,-4.358044266700744629e-01,1.756616635248064995e-03,-5.089890956878662109e-01,-5.659758448600769043e-01,1.733824908733367920e-01,1.017179805785417557e-02,3.794611394405364990e-01,4.419131278991699219e-01,-1.774464845657348633e-01,-3.653320670127868652e-01,-6.420096755027770996e-01,3.870763778686523438e-01,-6.072951555252075195e-01,6.461517512798309326e-02,4.266493618488311768e-01,-4.494964014156721532e-05,-3.612401187419891357e-01,4.082945585250854492e-01,-1.921945214271545410e-01,3.516821935772895813e-02,-7.012748122215270996e-01,-5.230975747108459473e-01,7.290869951248168945e-01,1.983480453491210938e-01,-7.177649736404418945e-01,-5.925218462944030762e-01,1.002622302621603012e-02,-2.174143865704536438e-02,5.454508662223815918e-01,-6.391779780387878418e-01,-6.681929230690002441e-01,2.074634730815887451e-01,6.292313337326049805e-01,-5.878531932830810547e-01,2.076971530914306641e-01,2.163140624761581421e-01,-6.011290550231933594e-01,3.882611989974975586e-01,4.942065179347991943e-01,5.778239965438842773e-01,5.930816531181335449e-01,-4.556363523006439209e-01,-4.195070862770080566e-01,-4.543014466762542725e-01,-1.039602234959602356e-02,5.217751264572143555e-01
4.208509624004364014e-01,5.224461480975151062e-02,-4.529819786548614502e-01,2.649782001972198486e-01,5.351887941360473633e-01,-3.732375800609588623e-01,8.721052110195159912e-02,5.475629568099975586e-01,3.335667848587036133e-01,3.409895896911621094e-01,-1.485964357852935791e-01,-3.154038488864898682e-01,3.923997282981872559e-01,4.001064002513885498e-01,4.607863426208496094e-01,6.728103160858154297e-01,-1.004085410386323929e-02,3.682804405689239502e-01,-3.574427068233489990e-01,-3.669290244579315186e-01,-1.701475828886032104e-01,3.235143721103668213e-01,2.915693223476409912e-01,-2.045009471476078033e-02,7.003098726272583008e-02,5.713828206062316895e-01,-4.710681140422821045e-01,-5.418588519096374512e-01,5.473352074623107910e-01,-3.199284374713897705e-01,-1.090402528643608093e-01,-5.083412528038024902e-01,2.458131760358810425e-01,3.628638088703155518e-01,-3.863487765192985535e-02,-5.778297185897827148e-01,3.295757174491882324e-01,4.848252236843109131e-01,-6.761399507522583008e-01,-4.745233952999114990e-01,5.584669709205627441e-01,1.149928793311119080e-01,4.428709447383880615e-01,1.380691379308700562e-01,2.518999204039573669e-02,-3.545769453048706055e-01,-4.911590218544006348e-01,-1.934985667467117310e-01,6.506220996379852295e-02,5.104587972164154053e-02,-1.560776233673095703e-01,-2.425170987844467163e-01,4.368039369583129883e-01,-5.511669069528579712e-02,-2.532059252262115479e-01,-6.559163928031921387e-01,2.980203926563262939e-01,3.269966691732406616e-02,-3.156400322914123535e-01,-3.403142392635345459e-01,-5.744678899645805359e-02,-4.623080790042877197e-02,8.379210717976093292e-03,2.919539511203765869e-01,1.447350978851318359e-01,-1.360776573419570923e-01,3.124685771763324738e-02,6.115508675575256348e-01,-5.113953351974487305e-01,3.791886568069458008e-01,-5.812655091285705566e-01,-3.436378762125968933e-02,-6.311477720737457275e-02,4.527565538883209229e-01,-3.291184902191162109e-01,-5.866448879241943359e-01,-3.903962904587388039e-03,5.729119181632995605e-01,-2.218211889266967773e-01,-4.953339993953704834e-01,5.304774641990661621e-01,1.129329670220613480e-03,-5.419805645942687988e-01,-2.821739064529538155e-03,-6.568349003791809082e-01,-3.983553647994995117e-01,4.895005822181701660e-01,1.319018192589282990e-02,2.721917331218719482e-01,4.246063828468322754e-01,-2.646397352218627930e-01,3.935109078884124756e-02,-3.364645838737487793e-01,8.506928384304046631e-02,-4.724378585815429688e-01,-2.896937727928161621e-01,4.722122251987457275e-01,-5.711940320907160640e-05,-4.919237196445465088e-01,5.556900501251220703e-01,-4.242010116577148438e-01,4.879254400730133057e-01,-4.946530759334564209e-01,-4.967577457427978516e-01,5.293661952018737793e-01,7.817126810550689697e-02,-2.846175134181976318e-01,-4.657792150974273682e-01,-4.476164281368255615e-01,-3.509991569444537163e-03,2.362865209579467773e-01,-2.174455076456069946e-01,-4.310785531997680664e-01,-2.794439159333705902e-02,6.123290061950683594e-01,-4.974496066570281982e-01,5.602105259895324707e-01,9.139932692050933838e-02,-6.258111596107482910e-01,1.683574765920639038e-01,2.924096286296844482e-01,4.482867121696472168e-01,4.755722284317016602e-01,-1.316186338663101196e-01,-3.105781674385070801e-01,-2.254163324832916260e-01,7.645934354513883591e-03,4.357261359691619873e-01
-3.645813167095184326e-01,-3.031373210251331329e-02,2.200745195150375366e-01,-8.006846159696578979e-02,-3.732375800609588623e-01,3.530502319335937500e-01,-6.089407950639724731e-02,-3.823195695877075195e-01,-2.840036451816558838e-01,-2.117996066808700562e-01,1.289372295141220093e-01,1.973081976175308228e-01,-2.028951644897460938e-01,-2.222018837928771973e-01,-2.457608431577682495e-01,-4.420935511589050293e-01,4.574038553982973099e-03,-2.084105759859085083e-01,1.847886294126510620e-01,2.025973945856094360e-01,1.691380590200424194e-01,-1.509699374437332153e-01,-1.013747379183769226e-01,-1.078956760466098785e-02,-4.566521942615509033e-02,-3.990612328052520752e-01,2.491005808115005493e-01,4.015969336032867432e-01,-2.694980800151824951e-01,2.000078707933425903e-01,1.144983842968940735e-01,3.055665791034698486e-01,-1.298029869794845581e-01,-1.529654860496520996e-01,2.239424921572208405e-02,3.550145030021667480e-01,-1.954279541969299316e-01,-2.819373309612274170e-01,4.386080503463745117e-01,3.219676315784454346e-01,-4.006559252738952637e-01,-8.915369957685470581e-02,-2.192267775535583496e-01,-7.310839742422103882e-02,3.844321146607398987e-02,1.369018852710723877e-01,2.571126818656921387e-01,1.294156610965728760e-01,-9.065821766853332520e-02,-5.368697643280029297e-02,1.478138267993927002e-01,1.144930124282836914e-01,-3.266085982322692871e-01,4.557887464761734009e-02,1.474682241678237915e-01,3.843662738800048828e-01,-1.901318430900573730e-01,-1.754457503557205200e-02,1.613644957542419434e-01,1.683212071657180786e-01,8.298225700855255127e-02,1.887612231075763702e-02,-4.394093994051218033e-03,-2.579956948757171631e-01,-1.287992298603057861e-01,8.020125329494476318e-02,5.244531482458114624e-02,-3.777155578136444092e-01,3.156071007251739502e-01,-2.860745489597320557e-01,3.649195134639739990e-01,-1.145099550485610962e-01,4.713351652026176453e-02,-2.528594732284545898e-01,2.824368476867675781e-01,3.720628023147583008e-01,2.265790477395057678e-03,-3.040017783641815186e-01,1.398957520723342896e-01,3.076615035533905029e-01,-3.130718171596527100e-01,-6.003655144013464451e-04,3.204544782638549805e-01,6.960838218219578266e-04,4.667696952819824219e-01,1.835826784372329712e-01,-3.180463016033172607e-01,-7.788131944835186005e-03,-1.753549426794052124e-01,-2.608415186405181885e-01,1.901686042547225952e-01,-5.208548530936241150e-02,1.792337149381637573e-01,-2.903122454881668091e-02,3.036873936653137207e-01,2.533771097660064697e-01,-2.568596601486206055e-01,3.932899562641978264e-05,3.104628026485443115e-01,-3.976344168186187744e-01,2.794613540172576904e-01,-3.806451857089996338e-01,2.939228117465972900e-01,2.988678812980651855e-01,-2.956924140453338623e-01,-2.337491698563098907e-02,1.424464881420135498e-01,2.530656456947326660e-01,3.785179257392883301e-01,2.986452309414744377e-03,-1.537256538867950439e-01,4.878856241703033447e-02,2.240767478942871094e-01,4.432177543640136719e-02,-3.331970274448394775e-01,2.990628182888031006e-01,-4.027643501758575439e-01,1.573380082845687866e-03,3.859901428222656250e-01,-9.184622764587402344e-02,-1.157328486442565918e-01,-2.901401221752166748e-01,-2.897547185420989990e-01,2.349897287786006927e-02,1.522223800420761108e-01,1.189240962266921997e-01,-1.054306142032146454e-02,-2.464164197444915771e-01
1.427217274904251099e-01,-4.002345725893974304e-03,-9.770611301064491272e-03,-1.276422664523124695e-02,8.721052110195159912e-02,-6.089407950639724731e-02,1.087733656167984009e-01,1.363835483789443970e-01,1.806219108402729034e-02,5.279351025819778442e-02,-1.033078506588935852e-01,-3.703785687685012817e-02,-7.645460963249206543e-02,3.318380564451217651e-02,1.904038526117801666e-02,4.390216618776321411e-02,4.750512307509779930e-04,-3.946994990110397339e-02,-2.151677384972572327e-02,-6.257471442222595215e-02,-6.777993589639663696e-02,5.110931670060381293e-05,-1.167118642479181290e-02,3.139679878950119019e-02,9.461794048547744751e-03,1.010908652096986771e-02,7.450901903212070465e-03,-7.168989628553390503e-02,2.722143009305000305e-02,-8.871762454509735107e-02,-6.789024919271469116e-02,-2.154943346977233887e-02,5.001340992748737335e-03,5.418385937809944153e-02,-4.549907986074686050e-03,-8.347922936081886292e-03,7.496058940887451172e-03,2.787742950022220612e-02,-6.162761896848678589e-02,-1.542402505874633789e-01,7.115461677312850952e-02,4.826415330171585083e-02,-3.365642204880714417e-02,1.249257102608680725e-02,-4.745477810502052307e-02,4.879397898912429810e-02,-2.857513539493083954e-02,-2.451477944850921631e-02,5.797760561108589172e-02,-5.266859382390975952e-02,-5.567013472318649292e-02,-7.035726308822631836e-02,1.240125149488449097e-01,-1.285756938159465790e-02,-2.401773259043693542e-02,-5.717795714735984802e-02,5.618792399764060974e-02,1.148144016042351723e-03,3.238314017653465271e-02,2.022284455597400665e-02,-9.029883146286010742e-02,2.753948234021663666e-02,5.695577128790318966e-04,9.917101263999938965e-02,2.496600896120071411e-02,1.485366956330835819e-03,-1.383530050516128540e-01,3.465140610933303833e-02,-2.120672166347503662e-02,8.060146123170852661e-02,-9.395088255405426025e-02,6.677552312612533569e-02,5.548720946535468102e-05,1.431387197226285934e-02,-7.473590224981307983e-02,-7.394111156463623047e-02,7.672977517358958721e-04,2.687321417033672333e-02,-4.379579424858093262e-02,-4.038216173648834229e-02,6.234384700655937195e-02,6.251836748560890555e-05,-6.880068778991699219e-02,-1.405623042955994606e-03,-1.104267835617065430e-01,5.646584182977676392e-02,1.267481893301010132e-01,-1.598024246050044894e-04,-3.596337139606475830e-02,5.432298779487609863e-02,-7.811030745506286621e-02,6.123864650726318359e-02,2.119665592908859253e-02,-2.474722266197204590e-02,-5.722780153155326843e-02,-1.453709751367568970e-01,3.055973537266254425e-02,-1.596991751284804195e-05,-4.406055808067321777e-02,7.955940812826156616e-02,-1.459539234638214111e-01,1.292665898799896240e-01,-1.516982819885015488e-02,-3.444589674472808838e-02,2.341065555810928345e-02,1.402294337749481201e-01,5.359340924769639969e-03,4.945501685142517090e-02,-1.343257576227188110e-01,8.907561423256993294e-04,-2.162537770345807076e-03,-1.921571046113967896e-02,2.918874658644199371e-02,1.052850037813186646e-01,2.497229911386966705e-02,-3.774496167898178101e-02,9.153026342391967773e-02,-3.123676963150501251e-02,-8.741793036460876465e-02,8.734859526157379150e-03,-6.557076424360275269e-02,7.172679901123046875e-02,3.775064647197723389e-02,1.180757284164428711e-01,-5.853845924139022827e-02,-2.109622396528720856e-02,1.182588934898376465e-02,5.982020497322082520e-02
4.977664053440093994e-01,3.716901689767837524e-02,-3.466798365116119385e-01,1.512815058231353760e-01,5.475629568099975586e-01,-3.823195695877075195e-01,1.363835483789443970e-01,6.679586768150329590e-01,2.600775361061096191e-01,2.874913513660430908e-01,-1.412384510040283203e-01,-3.100262880325317383e-01,2.844803333282470703e-01,3.418016433715820312e-01,3.991692066192626953e-01,6.164581775665283203e-01,-7.235285826027393341e-03,2.559719681739807129e-01,-2.200656235218048096e-01,-3.206292390823364258e-01,-7.109541445970535278e-02,2.637456655502319336e-01,2.044580727815628052e-01,-8.837447501718997955e-03,6.084375455975532532e-02,4.970338344573974609e-01,-3.797102272510528564e-01,-5.784959793090820312e-01,5.153606534004211426e-01,-3.509221971035003662e-01,-1.477527469396591187e-01,-3.869447410106658936e-01,7.871934771537780762e-02,3.579507470130920410e-01,-4.893834888935089111e-02,-5.034070611000061035e-01,2.809031307697296143e-01,4.117853641510009766e-01,-6.953607797622680664e-01,-4.905369877815246582e-01,4.718712568283081055e-01,1.109853237867355347e-01,3.272425532341003418e-01,1.295174807310104370e-01,9.720224887132644653e-02,-2.872868776321411133e-01,-3.945496380329132080e-01,-1.868919879198074341e-01,7.268534600734710693e-02,-7.806523889303207397e-02,-2.114515602588653564e-01,-3.423559963703155518e-01,4.121960699558258057e-01,-7.256440073251724243e-02,-3.154314160346984863e-01,-5.927125215530395508e-01,3.036412596702575684e-01,3.108154796063899994e-02,-1.458635330200195312e-01,-2.342495322227478027e-01,-8.055222034454345703e-02,-7.567060738801956177e-02,4.086152650415897369e-03,2.556993365287780762e-01,1.107294186949729919e-01,-1.048039272427558899e-01,-1.067196950316429138e-01,5.423929691314697266e-01,-4.375333487987518311e-01,4.375657439231872559e-01,-5.693242549896240234e-01,-9.705858677625656128e-02,-2.562838606536388397e-03,3.867621719837188721e-01,-2.662934362888336182e-01,-4.946159422397613525e-01,-3.398697357624769211e-03,4.966263771057128906e-01,-1.453334540128707886e-01,-4.232707917690277100e-01,4.259565770626068115e-01,1.063920208252966404e-03,-5.367830991744995117e-01,-4.519550595432519913e-03,-6.088194251060485840e-01,-3.010358214378356934e-01,5.423887968063354492e-01,1.324658002704381943e-02,1.602443009614944458e-01,4.147000908851623535e-01,-2.738696634769439697e-01,2.079866528511047363e-01,-1.844466626644134521e-01,-2.261764742434024811e-02,-3.806424438953399658e-01,-4.078212976455688477e-01,4.346685111522674561e-01,-6.044589099474251270e-05,-5.070750117301940918e-01,5.189144611358642578e-01,-5.337950587272644043e-01,5.795167684555053711e-01,-3.819992542266845703e-01,-4.477923512458801270e-01,3.719322085380554199e-01,1.312475800514221191e-01,-9.485714137554168701e-02,-3.471214175224304199e-01,-5.314722657203674316e-01,5.163682159036397934e-03,1.487282663583755493e-01,-1.021507754921913147e-01,-3.178078532218933105e-01,8.390172384679317474e-03,5.372686982154846191e-01,-4.060128629207611084e-01,6.220425963401794434e-01,5.880996212363243103e-02,-5.733505487442016602e-01,9.560035914182662964e-02,1.802994310855865479e-01,3.684669435024261475e-01,3.896995186805725098e-01,4.328504577279090881e-02,-3.341620564460754395e-01,-1.506914645433425903e-01,2.442791685461997986e-02,3.693260252475738525e-01
2.969686686992645264e-01,5.436141043901443481e-02,-4.682421088218688965e-01,3.889502584934234619e-01,3.335667848587036133e-01,-2.840036451816558838e-01,1.806219108402729034e-02,2.600775361061096191e-01,4.873334169387817383e-01,3.764854669570922852e-01,-1.645156592130661011e-01,-3.077949285507202148e-01,3.516333699226379395e-01,4.985280632972717285e-01,4.913198947906494141e-01,5.743207931518554688e-01,-6.411485839635133743e-03,3.353186845779418945e-01,-4.673652946949005127e-01,-4.174558818340301514e-01,-4.352965056896209717e-01,4.211859107017517090e-01,3.416785299777984619e-01,-7.476662844419479370e-02,8.507539331912994385e-02,5.064019560813903809e-01,-4.944308698177337646e-01,-2.957589924335479736e-01,4.037816226482391357e-01,-1.555366516113281250e-01,-1.141394972801208496e-01,-6.527978181838989258e-01,4.262382090091705322e-01,3.683193922042846680e-01,-1.812782324850559235e-02,-5.603983402252197266e-01,3.218592405319213867e-01,4.797734618186950684e-01,-3.887894749641418457e-01,-4.773089885711669922e-01,5.743370056152343750e-01,1.345985084772109985e-01,4.243687689304351807e-01,1.219786182045936584e-01,-9.719584137201309204e-02,-3.236157894134521484e-01,-4.977031052112579346e-01,-1.726136803627014160e-01,9.371428936719894409e-02,5.875324457883834839e-02,-1.094994619488716125e-01,-3.344200924038887024e-02,5.098157525062561035e-01,-8.328793197870254517e-02,-6.687872856855392456e-02,-5.885416865348815918e-01,3.008011877536773682e-01,2.873797342181205750e-02,-3.830670118331909180e-01,-4.269028902053833008e-01,-1.160812675952911377e-01,1.089465916156768799e-01,1.600944064557552338e-02,2.628948688507080078e-01,1.782162338495254517e-01,-1.507416218519210815e-01,6.210825592279434204e-02,5.162504315376281738e-01,-5.395420193672180176e-01,1.234421208500862122e-01,-4.622790515422821045e-01,1.517665684223175049e-01,-2.346843183040618896e-01,5.074568390846252441e-01,-3.262587785720825195e-01,-5.425595045089721680e-01,-2.409224864095449448e-03,5.301126837730407715e-01,-3.532980382442474365e-01,-5.460334420204162598e-01,6.071139574050903320e-01,1.207740511745214462e-03,-4.093722403049468994e-01,2.024093410000205040e-03,-5.735158324241638184e-01,-3.956804573535919189e-01,2.640137076377868652e-01,9.183803573250770569e-03,3.756899237632751465e-01,4.013699293136596680e-01,-1.881645470857620239e-01,-1.869093924760818481e-01,-4.765919446945190430e-01,2.763780653476715088e-01,-5.350055694580078125e-01,-1.283003240823745728e-01,3.064976036548614502e-01,-4.970718146068975329e-05,-3.935847580432891846e-01,4.539944231510162354e-01,-2.701150774955749512e-01,2.725198566913604736e-01,-6.089157462120056152e-01,-4.658462703227996826e-01,6.138701438903808594e-01,8.810372650623321533e-02,-5.244640111923217773e-01,-4.664497077465057373e-01,-2.285401225090026855e-01,-2.046088315546512604e-02,5.047600865364074707e-01,-3.986694812774658203e-01,-4.984605014324188232e-01,1.514274179935455322e-01,4.958564937114715576e-01,-5.251287221908569336e-01,3.528149724006652832e-01,7.660130411386489868e-02,-5.624011754989624023e-01,2.924852967262268066e-01,2.716222107410430908e-01,5.270605683326721191e-01,5.149066448211669922e-01,-2.315495908260345459e-01,-3.496386408805847168e-01,-3.628513813018798828e-01,1.791628077626228333e-02,4.183155298233032227e-01
2.438796162605285645e-01,5.350439622998237610e-02,-5.089460611343383789e-01,4.235279858112335205e-01,3.409895896911621094e-01,-2.117996066808700562e-01,5.279351025819778442e-02,2.874913513660430908e-01,3.764854669570922852e-01,3.736067414283752441e-01,-1.467725634574890137e-01,-2.991394400596618652e-01,3.771332502365112305e-01,4.854232668876647949e-01,4.993106424808502197e-01,5.652903318405151367e-01,-8.883780799806118011e-03,3.536573648452758789e-01,-4.815588593482971191e-01,-4.263792335987091064e-01,-3.279279768466949463e-01,4.222983717918395996e-01,3.890399336814880371e-01,-7.674164324998855591e-02,7.925019413232803345e-02,4.799969196319580078e-01,-5.101078152656555176e-01,-2.949757575988769531e-01,4.866373538970947266e-01,-2.027877718210220337e-01,-7.390283793210983276e-02,-6.151002049446105957e-01,4.102692306041717529e-01,4.194234907627105713e-01,-2.247852087020874023e-02,-5.553095340728759766e-01,3.250243961811065674e-01,4.920411109924316406e-01,-4.323438704013824463e-01,-4.555818438529968262e-01,5.269299149513244629e-01,1.156953424215316772e-01,4.631178975105285645e-01,1.334455162286758423e-01,-4.475824162364006042e-02,-3.858004510402679443e-01,-5.301352739334106445e-01,-1.624527126550674438e-01,5.916112288832664490e-02,4.185694083571434021e-02,-7.246217876672744751e-02,-1.065589487552642822e-01,4.510312676429748535e-01,-5.916648730635643005e-02,-1.125987321138381958e-01,-6.140621900558471680e-01,2.919843494892120361e-01,3.079002723097801208e-02,-3.981770575046539307e-01,-4.290872514247894287e-01,-7.974712550640106201e-02,6.837404519319534302e-02,1.454325020313262939e-02,2.292596548795700073e-01,1.392198354005813599e-01,-1.483449339866638184e-01,9.712611138820648193e-02,5.289704799652099609e-01,-5.277062058448791504e-01,1.457687765359878540e-01,-4.884844124317169189e-01,1.676462963223457336e-02,-1.867161840200424194e-01,5.043298602104187012e-01,-2.766893506050109863e-01,-5.516656637191772461e-01,-2.717382973060011864e-03,5.747810006141662598e-01,-3.228651285171508789e-01,-5.254191756248474121e-01,6.042306423187255859e-01,1.223273924551904202e-03,-4.459984004497528076e-01,-1.895869936561211944e-04,-5.467479825019836426e-01,-4.263425767421722412e-01,3.155522644519805908e-01,9.952905587852001190e-03,3.414339423179626465e-01,4.024498462677001953e-01,-1.862229555845260620e-01,-1.598625332117080688e-01,-4.683201909065246582e-01,2.497269213199615479e-01,-5.170173645019531250e-01,-1.132029667496681213e-01,3.623569011688232422e-01,-4.919820275972597301e-05,-3.921042978763580322e-01,4.391213655471801758e-01,-3.000147938728332520e-01,2.629080712795257568e-01,-5.823487043380737305e-01,-4.725515544414520264e-01,6.313372850418090820e-01,1.139506027102470398e-01,-4.994184672832489014e-01,-4.820190370082855225e-01,-2.046475261449813843e-01,-1.622914522886276245e-02,4.173089265823364258e-01,-4.321114122867584229e-01,-4.973039627075195312e-01,1.509178429841995239e-01,5.499572157859802246e-01,-5.220198035240173340e-01,3.463559746742248535e-01,1.229137331247329712e-01,-5.769869685173034668e-01,2.697206735610961914e-01,3.190197646617889404e-01,5.017033219337463379e-01,5.021802186965942383e-01,-2.409428209066390991e-01,-3.597023189067840576e-01,-3.440971076488494873e-01,1.050496939569711685e-02,4.485178887844085693e-01
-2.402705550193786621e-01,-7.824799045920372009e-03,1.114302948117256165e-01,-1.546727269887924194e-01,-1.485964357852935791e-01,1.289372295141220093e-01,-1.033078506588935852e-01,-1.412384510040283203e-01,-1.645156592130661011e-01,-1.467725634574890137e-01,2.397812306880950928e-01,1.071832105517387390e-01,5.873676389455795288e-02,-1.698028445243835449e-01,-1.243512034416198730e-01,-1.139258220791816711e-01,-1.166524598374962807e-03,-6.841067224740982056e-02,1.832496225833892822e-01,1.535291671752929688e-01,2.841272354125976562e-01,-9.577738493680953979e-02,-7.327386736869812012e-02,-4.442884027957916260e-02,-3.206577897071838379e-02,-5.424815043807029724e-02,4.194758832454681396e-02,6.493886560201644897e-02,-3.418350219726562500e-02,4.932373017072677612e-02,1.288543343544006348e-01,1.787778735160827637e-01,-2.107583433389663696e-01,-1.015254929661750793e-01,-1.842948608100414276e-03,7.092379033565521240e-02,-6.983418762683868408e-02,-1.228627711534500122e-01,3.871533274650573730e-02,3.290711343288421631e-01,-2.508546710014343262e-01,-1.266571581363677979e-01,-3.378378227353096008e-02,-3.436894714832305908e-02,1.605970859527587891e-01,-9.481927752494812012e-02,1.764634847640991211e-01,1.005290746688842773e-01,-9.365215897560119629e-02,-4.426724836230278015e-02,8.390443772077560425e-02,5.631082225590944290e-03,-3.192568123340606689e-01,5.677973106503486633e-02,-5.651403963565826416e-02,1.522222459316253662e-01,-1.501153111457824707e-01,-5.532261449843645096e-03,8.530656248331069946e-02,1.356048732995986938e-01,1.596228927373886108e-01,-1.013386473059654236e-01,-8.266492746770381927e-03,-1.906207650899887085e-01,-1.177821904420852661e-01,3.502497076988220215e-02,1.413439065217971802e-01,-1.178551018238067627e-01,1.186928972601890564e-01,-3.259529545903205872e-02,1.777529120445251465e-01,-2.897371351718902588e-01,9.914774447679519653e-02,-1.292987614870071411e-01,2.239592224359512329e-01,2.166742682456970215e-01,-1.713285921141505241e-03,-9.009773284196853638e-02,2.641030550003051758e-01,1.625744551420211792e-01,-2.542527914047241211e-01,-2.937176905106753111e-04,1.036441624164581299e-01,-1.262978767044842243e-03,2.698459625244140625e-01,-4.996691830456256866e-03,-9.206471592187881470e-02,4.038257757201790810e-04,3.293784975539892912e-04,-1.286557614803314209e-01,1.705540418624877930e-01,8.892957866191864014e-02,1.336833238601684570e-01,-7.452520728111267090e-02,2.287365198135375977e-01,1.534374207258224487e-01,-1.021160855889320374e-01,2.712752757361158729e-05,6.753458082675933838e-02,-1.890407353639602661e-01,1.424920856952667236e-01,-8.558987826108932495e-02,1.882926374673843384e-01,1.185376197099685669e-01,-1.672369092702865601e-01,-2.945772409439086914e-01,2.440614998340606689e-01,2.525006793439388275e-02,1.405951529741287231e-01,6.307078991085290909e-03,-1.678872406482696533e-01,1.548963040113449097e-01,1.196735426783561707e-01,-1.710429638624191284e-01,-1.234192475676536560e-01,1.610925346612930298e-01,-9.321925789117813110e-02,3.344022482633590698e-02,2.180544137954711914e-01,-1.317011415958404541e-01,6.797374691814184189e-03,-2.386866807937622070e-01,-1.898739188909530640e-01,-2.861515246331691742e-02,1.095368936657905579e-01,1.328728646039962769e-01,-1.835840288549661636e-03,-1.577591449022293091e-01
-2.375744283199310303e-01,-4.345702752470970154e-02,4.173767864704132080e-01,-3.365500271320343018e-01,-3.154038488864898682e-01,1.973081976175308228e-01,-3.703785687685012817e-02,-3.100262880325317383e-01,-3.077949285507202148e-01,-2.991394400596618652e-01,1.071832105517387390e-01,2.686328887939453125e-01,-3.194330632686614990e-01,-4.137763381004333496e-01,-4.315663278102874756e-01,-5.098483562469482422e-01,6.512620486319065094e-03,-2.902494668960571289e-01,3.670080602169036865e-01,3.455595374107360840e-01,2.290885895490646362e-01,-3.584762215614318848e-01,-3.151325285434722900e-01,6.685356050729751587e-02,-6.539121270179748535e-02,-4.153915345668792725e-01,4.279572963714599609e-01,2.887640893459320068e-01,-4.381454586982727051e-01,1.719800531864166260e-01,7.625053077936172485e-02,5.086815357208251953e-01,-2.894698679447174072e-01,-3.618908822536468506e-01,2.548979409039020538e-02,4.876455664634704590e-01,-2.741197049617767334e-01,-4.159069657325744629e-01,4.267640113830566406e-01,3.989356458187103271e-01,-4.404968619346618652e-01,-9.516526758670806885e-02,-3.833020925521850586e-01,-1.156088560819625854e-01,-1.097424793988466263e-02,3.297498226165771484e-01,4.450142681598663330e-01,1.475307792425155640e-01,-3.863307461142539978e-02,3.053107066079974174e-03,9.009622782468795776e-02,1.323504596948623657e-01,-3.787562251091003418e-01,6.373734027147293091e-02,1.324724107980728149e-01,5.428361892700195312e-01,-2.619846463203430176e-01,-2.771656773984432220e-02,2.878517508506774902e-01,3.536573350429534912e-01,5.720101669430732727e-02,-3.373051807284355164e-02,-1.108300872147083282e-02,-1.650447994470596313e-01,-1.117927581071853638e-01,1.219287216663360596e-01,-5.864444747567176819e-02,-4.636093080043792725e-01,4.497113227844238281e-01,-1.512321680784225464e-01,4.318176209926605225e-01,2.478439360857009888e-02,1.376377791166305542e-01,-4.360364973545074463e-01,2.096642255783081055e-01,4.559903740882873535e-01,2.469119150191545486e-03,-4.970450699329376221e-01,2.530227899551391602e-01,4.487880766391754150e-01,-5.007970333099365234e-01,-1.086059608496725559e-03,3.970671594142913818e-01,5.137089174240827560e-04,4.790317714214324951e-01,3.675375878810882568e-01,-2.796117663383483887e-01,-9.449681267142295837e-03,-2.598919570446014404e-01,-3.525098264217376709e-01,1.633210331201553345e-01,7.769440859556198120e-02,3.596490025520324707e-01,-1.755432188510894775e-01,4.209389090538024902e-01,1.308692246675491333e-01,-3.158665299415588379e-01,4.302029265090823174e-05,3.662414848804473877e-01,-3.806586563587188721e-01,2.898884415626525879e-01,-2.615605592727661133e-01,4.901525378227233887e-01,4.084176421165466309e-01,-5.006327033042907715e-01,-9.796925634145736694e-02,3.651105761528015137e-01,4.081205129623413086e-01,2.048902064561843872e-01,1.010916475206613541e-02,-3.395565152168273926e-01,3.204416930675506592e-01,4.216484427452087402e-01,-1.109250485897064209e-01,-4.861686527729034424e-01,4.315887093544006348e-01,-3.449831604957580566e-01,-1.026838198304176331e-01,5.006482005119323730e-01,-2.091679722070693970e-01,-2.589240372180938721e-01,-4.082733392715454102e-01,-4.187258183956146240e-01,1.697989106178283691e-01,3.235684931278228760e-01,2.686790823936462402e-01,-1.366474200040102005e-02,-3.608764708042144775e-01
