9.999983310699462891e-01,-9.999987483024597168e-01,-9.999916553497314453e-01,9.999982118606567383e-01,9.999990463256835938e-01,-9.999986886978149414e-01,9.999960660934448242e-01,9.999991655349731445e-01,-9.999973773956298828e-01,9.999979138374328613e-01,-9.999986290931701660e-01,-9.999989271163940430e-01,9.999982118606567383e-01,9.999984502792358398e-01,9.999876022338867188e-01,9.999971389770507812e-01,9.999975562095642090e-01,-9.999986290931701660e-01,9.999935030937194824e-01,-9.999991059303283691e-01,-9.999990463256835938e-01,9.999909996986389160e-01,9.999985694885253906e-01,9.999985098838806152e-01,9.999892115592956543e-01,9.999990463256835938e-01,-9.999983906745910645e-01,-9.999989271163940430e-01,9.999859929084777832e-01,-9.999957084655761719e-01,-9.999931454658508301e-01,-9.999984502792358398e-01,9.999910593032836914e-01,9.999969005584716797e-01,-9.999974966049194336e-01,-9.999352693557739258e-01,9.999991655349731445e-01,9.999986886978149414e-01,9.999926686286926270e-01,-9.999989271163940430e-01,9.999986290931701660e-01,-9.999955892562866211e-01,9.999764561653137207e-01,9.999988675117492676e-01,9.999983310699462891e-01,9.999983906745910645e-01,-9.999911785125732422e-01,9.999985098838806152e-01,9.999988079071044922e-01,-9.999986290931701660e-01,-9.999987483024597168e-01,-9.999980926513671875e-01,-9.999989271163940430e-01,-9.999923706054687500e-01,-9.999978542327880859e-01,-9.999981522560119629e-01,-9.999962449073791504e-01,9.999331235885620117e-01,9.999975562095642090e-01,9.999983906745910645e-01,-9.999983906745910645e-01,9.999989867210388184e-01,9.999984502792358398e-01,9.999953508377075195e-01,-9.999955892562866211e-01,-9.999988079071044922e-01,-9.999991059303283691e-01,-9.999957680702209473e-01,-9.999989867210388184e-01,9.999987483024597168e-01,-9.999987483024597168e-01,9.999980330467224121e-01,9.999947547912597656e-01,-9.999932050704956055e-01,-9.999654293060302734e-01,-9.999983310699462891e-01,9.999930262565612793e-01,9.999988079071044922e-01,-9.999941587448120117e-01,-9.999965429306030273e-01,9.998382925987243652e-01,9.999976754188537598e-01,-9.999988675117492676e-01,9.999974966049194336e-01,-9.999983906745910645e-01,-9.999886751174926758e-01,9.999868869781494141e-01,9.999989271163940430e-01,9.999743700027465820e-01,9.999883770942687988e-01,-9.999973177909851074e-01,9.999983906745910645e-01,-9.999797344207763672e-01,-9.999979138374328613e-01,9.999984502792358398e-01,-9.999979734420776367e-01,-9.999920725822448730e-01,9.999990463256835938e-01,-9.999988079071044922e-01,9.999936819076538086e-01,-9.999969005584716797e-01,9.999988675117492676e-01,-9.999631047248840332e-01,-9.999189972877502441e-01,9.999986290931701660e-01,9.999973773956298828e-01,-9.999713301658630371e-01,-9.999983310699462891e-01,-9.999940991401672363e-01,9.999985098838806152e-01,-9.999983906745910645e-01,9.999984502792358398e-01,-9.999983906745910645e-01,-9.999780654907226562e-01,9.999990463256835938e-01,-9.999979138374328613e-01,9.999989867210388184e-01,-9.999985098838806152e-01,-9.999947547912597656e-01,-9.999980926513671875e-01,-9.999988675117492676e-01,9.999961256980895996e-01,9.999984502792358398e-01,-9.999976754188537598e-01,-9.999862313270568848e-01,-9.999957084655761719e-01,9.999908804893493652e-01,-9.999964833259582520e-01
-9.999987483024597168e-01,9.999988079071044922e-01,9.999931454658508301e-01,-9.999985098838806152e-01,-9.999991655349731445e-01,9.999990463256835938e-01,-9.999966621398925781e-01,-9.999992251396179199e-01,9.999977946281433105e-01,-9.999982714653015137e-01,9.999988675117492676e-01,9.999991655349731445e-01,-9.999984502792358398e-01,-9.999987483024597168e-01,-9.999898076057434082e-01,-9.999975562095642090e-01,-9.999979734420776367e-01,9.999988675117492676e-01,-9.999946951866149902e-01,9.999992847442626953e-01,9.999992251396179199e-01,-9.999926686286926270e-01,-9.999987483024597168e-01,-9.999987483024597168e-01,-9.999911189079284668e-01,-9.999992251396179199e-01,9.999986886978149414e-01,9.999991655349731445e-01,-9.999884366989135742e-01,9.999963641166687012e-01,9.999943971633911133e-01,9.999986886978149414e-01,-9.999926090240478516e-01,-9.999973773956298828e-01,9.999978542327880859e-01,9.999468922615051270e-01,-9.999993443489074707e-01,-9.999988675117492676e-01,-9.999939799308776855e-01,9.999991655349731445e-01,-9.999988675117492676e-01,9.999963641166687012e-01,-9.999806284904479980e-01,-9.999989867210388184e-01,-9.999985098838806152e-01,-9.999985694885253906e-01,9.999927878379821777e-01,-9.999986886978149414e-01,-9.999991059303283691e-01,9.999988079071044922e-01,9.999989271163940430e-01,9.999983310699462891e-01,9.999991059303283691e-01,9.999937415122985840e-01,9.999983310699462891e-01,9.999985098838806152e-01,9.999969005584716797e-01,-9.999451041221618652e-01,-9.999978542327880859e-01,-9.999986290931701660e-01,9.999986886978149414e-01,-9.999992251396179199e-01,-9.999986290931701660e-01,-9.999961256980895996e-01,9.999962449073791504e-01,9.999989867210388184e-01,9.999992251396179199e-01,9.999964833259582520e-01,9.999991655349731445e-01,-9.999989271163940430e-01,9.999989867210388184e-01,-9.999982714653015137e-01,-9.999956488609313965e-01,9.999945163726806641e-01,9.999716281890869141e-01,9.999986290931701660e-01,-9.999942779541015625e-01,-9.999989867210388184e-01,9.999951124191284180e-01,9.999971389770507812e-01,-9.998673796653747559e-01,-9.999980926513671875e-01,9.999991059303283691e-01,-9.999978542327880859e-01,9.999985694885253906e-01,9.999906420707702637e-01,-9.999892711639404297e-01,-9.999991655349731445e-01,-9.999790191650390625e-01,-9.999905228614807129e-01,9.999977350234985352e-01,-9.999986886978149414e-01,9.999833703041076660e-01,9.999982714653015137e-01,-9.999986290931701660e-01,9.999983310699462891e-01,9.999935030937194824e-01,-9.999992251396179199e-01,9.999991059303283691e-01,-9.999948143959045410e-01,9.999973773956298828e-01,-9.999991655349731445e-01,9.999697804450988770e-01,9.999336600303649902e-01,-9.999988079071044922e-01,-9.999978542327880859e-01,9.999765157699584961e-01,9.999985098838806152e-01,9.999949932098388672e-01,-9.999987483024597168e-01,9.999985098838806152e-01,-9.999986290931701660e-01,9.999985694885253906e-01,9.999820590019226074e-01,-9.999992251396179199e-01,9.999983906745910645e-01,-9.999991655349731445e-01,9.999987483024597168e-01,9.999956488609313965e-01,9.999984502792358398e-01,9.999989867210388184e-01,-9.999968409538269043e-01,-9.999986886978149414e-01,9.999979734420776367e-01,9.999886155128479004e-01,9.999963641166687012e-01,-9.999924898147583008e-01,9.999971389770507812e-01
-9.999916553497314453e-01,9.999931454658508301e-01,9.999572038650512695e-01,-9.999909400939941406e-01,-9.999946355819702148e-01,9.999938607215881348e-01,-9.999796152114868164e-01,-9.999951124191284180e-01,9.999868869781494141e-01,-9.999892115592956543e-01,9.999932050704956055e-01,9.999944567680358887e-01,-9.999906420707702637e-01,-9.999923110008239746e-01,-9.999364614486694336e-01,-9.999852180480957031e-01,-9.999874830245971680e-01,9.999928474426269531e-01,-9.999667406082153320e-01,9.999952912330627441e-01,9.999947547912597656e-01,-9.999539256095886230e-01,-9.999924302101135254e-01,-9.999920129776000977e-01,-9.999443292617797852e-01,-9.999949336051940918e-01,9.999919533729553223e-01,9.999943971633911133e-01,-9.999282956123352051e-01,9.999778270721435547e-01,9.999648332595825195e-01,9.999921321868896484e-01,-9.999538660049438477e-01,-9.999840259552001953e-01,9.999871253967285156e-01,9.996689558029174805e-01,-9.999949932098388672e-01,-9.999930262565612793e-01,-9.999623298645019531e-01,9.999943971633911133e-01,-9.999931454658508301e-01,9.999775886535644531e-01,-9.998790621757507324e-01,-9.999942183494567871e-01,-9.999914765357971191e-01,-9.999913573265075684e-01,9.999548196792602539e-01,-9.999918937683105469e-01,-9.999939799308776855e-01,9.999928474426269531e-01,9.999937415122985840e-01,9.999904036521911621e-01,9.999942779541015625e-01,9.999610185623168945e-01,9.999890923500061035e-01,9.999907612800598145e-01,9.999809861183166504e-01,-9.996578693389892578e-01,-9.999876022338867188e-01,-9.999920129776000977e-01,9.999914765357971191e-01,-9.999947547912597656e-01,-9.999917149543762207e-01,-9.999761581420898438e-01,9.999774694442749023e-01,9.999940991401672363e-01,9.999951124191284180e-01,9.999784231185913086e-01,9.999944567680358887e-01,-9.999934434890747070e-01,9.999936819076538086e-01,-9.999901652336120605e-01,-9.999727606773376465e-01,9.999654293060302734e-01,9.998227357864379883e-01,9.999914765357971191e-01,-9.999643564224243164e-01,-9.999936819076538086e-01,9.999700188636779785e-01,9.999824762344360352e-01,-9.991729259490966797e-01,-9.999883174896240234e-01,9.999941587448120117e-01,-9.999872446060180664e-01,9.999912381172180176e-01,9.999415278434753418e-01,-9.999329447746276855e-01,-9.999945759773254395e-01,-9.998688101768493652e-01,-9.999405741691589355e-01,9.999864697456359863e-01,-9.999917745590209961e-01,9.998962283134460449e-01,9.999893307685852051e-01,-9.999917149543762207e-01,9.999896883964538574e-01,9.999592900276184082e-01,-9.999949336051940918e-01,9.999940395355224609e-01,-9.999677538871765137e-01,9.999843835830688477e-01,-9.999939799308776855e-01,9.998111724853515625e-01,9.995861649513244629e-01,-9.999930262565612793e-01,-9.999866485595703125e-01,9.998532533645629883e-01,9.999909996986389160e-01,9.999693036079406738e-01,-9.999924898147583008e-01,9.999914765357971191e-01,-9.999921321868896484e-01,9.999912977218627930e-01,9.998881220817565918e-01,-9.999951720237731934e-01,9.999901056289672852e-01,-9.999946951866149902e-01,9.999924898147583008e-01,9.999732971191406250e-01,9.999902844429016113e-01,9.999940395355224609e-01,-9.999806880950927734e-01,-9.999923110008239746e-01,9.999880790710449219e-01,9.999288916587829590e-01,9.999777674674987793e-01,-9.999531507492065430e-01,9.999822974205017090e-01
9.999982118606567383e-01,-9.999985098838806152e-01,-9.999909400939941406e-01,9.999980330467224121e-01,9.999988675117492676e-01,-9.999985694885253906e-01,9.999956488609313965e-01,9.999989271163940430e-01,-9.999971985816955566e-01,9.999976754188537598e-01,-9.999985098838806152e-01,-9.999988079071044922e-01,9.999979734420776367e-01,9.999983310699462891e-01,9.999865293502807617e-01,9.999969005584716797e-01,9.999973773956298828e-01,-9.999983906745910645e-01,9.999929666519165039e-01,-9.999990463256835938e-01,-9.999989271163940430e-01,9.999901652336120605e-01,9.999983906745910645e-01,9.999982714653015137e-01,9.999881982803344727e-01,9.999989271163940430e-01,-9.999982714653015137e-01,-9.999988079071044922e-01,9.999846816062927246e-01,-9.999952912330627441e-01,-9.999925494194030762e-01,-9.999983310699462891e-01,9.999901652336120605e-01,9.999965429306030273e-01,-9.999971985816955566e-01,-9.999295473098754883e-01,9.999989271163940430e-01,9.999985098838806152e-01,9.999920725822448730e-01,-9.999988079071044922e-01,9.999985098838806152e-01,-9.999952316284179688e-01,9.999743103981018066e-01,9.999987483024597168e-01,9.999981522560119629e-01,9.999981522560119629e-01,-9.999903440475463867e-01,9.999982714653015137e-01,9.999986290931701660e-01,-9.999984502792358398e-01,-9.999986290931701660e-01,-9.999979138374328613e-01,-9.999987483024597168e-01,-9.999916553497314453e-01,-9.999976754188537598e-01,-9.999980330467224121e-01,-9.999959468841552734e-01,9.999272823333740234e-01,9.999973177909851074e-01,9.999982714653015137e-01,-9.999981522560119629e-01,9.999988675117492676e-01,9.999982118606567383e-01,9.999949336051940918e-01,-9.999951720237731934e-01,-9.999987483024597168e-01,-9.999989867210388184e-01,-9.999954104423522949e-01,-9.999988675117492676e-01,9.999986886978149414e-01,-9.999986290931701660e-01,9.999978542327880859e-01,9.999942183494567871e-01,-9.999927282333374023e-01,-9.999622702598571777e-01,-9.999981522560119629e-01,9.999924302101135254e-01,9.999987483024597168e-01,-9.999935626983642578e-01,-9.999962449073791504e-01,9.998241066932678223e-01,9.999974966049194336e-01,-9.999986886978149414e-01,9.999971985816955566e-01,-9.999980926513671875e-01,-9.999876022338867188e-01,9.999857544898986816e-01,9.999988079071044922e-01,9.999721646308898926e-01,9.999873638153076172e-01,-9.999970793724060059e-01,9.999982118606567383e-01,-9.999780058860778809e-01,-9.999976754188537598e-01,9.999983310699462891e-01,-9.999977946281433105e-01,-9.999913573265075684e-01,9.999988675117492676e-01,-9.999986290931701660e-01,9.999931454658508301e-01,-9.999965429306030273e-01,9.999987483024597168e-01,-9.999598264694213867e-01,-9.999120235443115234e-01,9.999985098838806152e-01,9.999971389770507812e-01,-9.999688267707824707e-01,-9.999980330467224121e-01,-9.999935626983642578e-01,9.999983906745910645e-01,-9.999981522560119629e-01,9.999983310699462891e-01,-9.999981522560119629e-01,-9.999762773513793945e-01,9.999989867210388184e-01,-9.999979138374328613e-01,9.999988079071044922e-01,-9.999983906745910645e-01,-9.999943375587463379e-01,-9.999979734420776367e-01,-9.999986290931701660e-01,9.999958872795104980e-01,9.999983310699462891e-01,-9.999974370002746582e-01,-9.999850392341613770e-01,-9.999952316284179688e-01,9.999900460243225098e-01,-9.999961853027343750e-01
9.999990463256835938e-01,-9.999991655349731445e-01,-9.999946355819702148e-01,9.999988675117492676e-01,9.999994039535522461e-01,-9.999992251396179199e-01,9.999973773956298828e-01,9.999994635581970215e-01,-9.999983906745910645e-01,9.999986886978149414e-01,-9.999991655349731445e-01,-9.999993443489074707e-01,9.999988675117492676e-01,9.999991655349731445e-01,9.999919533729553223e-01,9.999982118606567383e-01,9.999984502792358398e-01,-9.999992251396179199e-01,9.999958276748657227e-01,-9.999994039535522461e-01,-9.999995231628417969e-01,9.999942183494567871e-01,9.999991059303283691e-01,9.999990463256835938e-01,9.999930262565612793e-01,9.999994635581970215e-01,-9.999990463256835938e-01,-9.999993443489074707e-01,9.999908804893493652e-01,-9.999971985816955566e-01,-9.999955296516418457e-01,-9.999990463256835938e-01,9.999940991401672363e-01,9.999979734420776367e-01,-9.999984502792358398e-01,-9.999578595161437988e-01,9.999994635581970215e-01,9.999992847442626953e-01,9.999952912330627441e-01,-9.999994039535522461e-01,9.999992847442626953e-01,-9.999970793724060059e-01,9.999846220016479492e-01,9.999992847442626953e-01,9.999989867210388184e-01,9.999989271163940430e-01,-9.999943375587463379e-01,9.999989271163940430e-01,9.999992847442626953e-01,-9.999992251396179199e-01,-9.999992251396179199e-01,-9.999987483024597168e-01,-9.999994039535522461e-01,-9.999950528144836426e-01,-9.999986886978149414e-01,-9.999988675117492676e-01,-9.999976158142089844e-01,9.999564290046691895e-01,9.999983906745910645e-01,9.999989867210388184e-01,-9.999989271163940430e-01,9.999993443489074707e-01,9.999989867210388184e-01,9.999969005584716797e-01,-9.999970793724060059e-01,-9.999992847442626953e-01,-9.999994635581970215e-01,-9.999973177909851074e-01,-9.999994039535522461e-01,9.999992847442626953e-01,-9.999992251396179199e-01,9.999986886978149414e-01,9.999966025352478027e-01,-9.999957084655761719e-01,-9.999774694442749023e-01,-9.999988675117492676e-01,9.999955296516418457e-01,9.999993443489074707e-01,-9.999961256980895996e-01,-9.999977350234985352e-01,9.998946189880371094e-01,9.999985694885253906e-01,-9.999992847442626953e-01,9.999983310699462891e-01,-9.999989271163940430e-01,-9.999926686286926270e-01,9.999914765357971191e-01,9.999993443489074707e-01,9.999833106994628906e-01,9.999925494194030762e-01,-9.999983906745910645e-01,9.999989867210388184e-01,-9.999867677688598633e-01,-9.999986886978149414e-01,9.999989867210388184e-01,-9.999986886978149414e-01,-9.999948143959045410e-01,9.999994635581970215e-01,-9.999992847442626953e-01,9.999959468841552734e-01,-9.999980926513671875e-01,9.999994635581970215e-01,-9.999760389328002930e-01,-9.999471902847290039e-01,9.999991655349731445e-01,9.999982714653015137e-01,-9.999814033508300781e-01,-9.999989271163940430e-01,-9.999960064888000488e-01,9.999991059303283691e-01,-9.999989867210388184e-01,9.999990463256835938e-01,-9.999989271163940430e-01,-9.999857544898986816e-01,9.999994635581970215e-01,-9.999987483024597168e-01,9.999994039535522461e-01,-9.999991059303283691e-01,-9.999965429306030273e-01,-9.999988079071044922e-01,-9.999993443489074707e-01,9.999975562095642090e-01,9.999990463256835938e-01,-9.999984502792358398e-01,-9.999909996986389160e-01,-9.999971985816955566e-01,9.999940395355224609e-01,-9.999977350234985352e-01
-9.999986886978149414e-01,9.999990463256835938e-01,9.999938607215881348e-01,-9.999985694885253906e-01,-9.999992251396179199e-01,9.999990463256835938e-01,-9.999970197677612305e-01,-9.999993443489074707e-01,9.999979734420776367e-01,-9.999983310699462891e-01,9.999989271163940430e-01,9.999991655349731445e-01,-9.999986290931701660e-01,-9.999988675117492676e-01,-9.999908208847045898e-01,-9.999977946281433105e-01,-9.999981522560119629e-01,9.999988675117492676e-01,-9.999951124191284180e-01,9.999992847442626953e-01,9.999992847442626953e-01,-9.999933838844299316e-01,-9.999988079071044922e-01,-9.999988079071044922e-01,-9.999919533729553223e-01,-9.999992847442626953e-01,9.999988079071044922e-01,9.999991655349731445e-01,-9.999896287918090820e-01,9.999967217445373535e-01,9.999948740005493164e-01,9.999988079071044922e-01,-9.999932646751403809e-01,-9.999976158142089844e-01,9.999980926513671875e-01,9.999521970748901367e-01,-9.999992251396179199e-01,-9.999989271163940430e-01,-9.999945163726806641e-01,9.999991059303283691e-01,-9.999990463256835938e-01,9.999966025352478027e-01,-9.999825358390808105e-01,-9.999991059303283691e-01,-9.999986886978149414e-01,-9.999987483024597168e-01,9.999935030937194824e-01,-9.999988079071044922e-01,-9.999991655349731445e-01,9.999989271163940430e-01,9.999990463256835938e-01,9.999985694885253906e-01,9.999992251396179199e-01,9.999942779541015625e-01,9.999983906745910645e-01,9.999986290931701660e-01,9.999971389770507812e-01,-9.999505877494812012e-01,-9.999982118606567383e-01,-9.999986886978149414e-01,9.999987483024597168e-01,-9.999992847442626953e-01,-9.999988079071044922e-01,-9.999964833259582520e-01,9.999966025352478027e-01,9.999991059303283691e-01,9.999993443489074707e-01,9.999968409538269043e-01,9.999992251396179199e-01,-9.999991059303283691e-01,9.999991059303283691e-01,-9.999984502792358398e-01,-9.999960064888000488e-01,9.999949932098388672e-01,9.999744296073913574e-01,9.999987483024597168e-01,-9.999948740005493164e-01,-9.999991059303283691e-01,9.999956488609313965e-01,9.999973773956298828e-01,-9.998805522918701172e-01,-9.999982714653015137e-01,9.999991059303283691e-01,-9.999980330467224121e-01,9.999987483024597168e-01,9.999915957450866699e-01,-9.999902844429016113e-01,-9.999991655349731445e-01,-9.999810457229614258e-01,-9.999914169311523438e-01,9.999980330467224121e-01,-9.999988079071044922e-01,9.999850392341613770e-01,9.999984502792358398e-01,-9.999988079071044922e-01,9.999983906745910645e-01,9.999941587448120117e-01,-9.999992847442626953e-01,9.999990463256835938e-01,-9.999953508377075195e-01,9.999976158142089844e-01,-9.999991655349731445e-01,9.999727606773376465e-01,9.999402165412902832e-01,-9.999989271163940430e-01,-9.999979138374328613e-01,9.999787807464599609e-01,9.999985694885253906e-01,9.999955296516418457e-01,-9.999988079071044922e-01,9.999986886978149414e-01,-9.999988079071044922e-01,9.999986290931701660e-01,9.999838471412658691e-01,-9.999993443489074707e-01,9.999985098838806152e-01,-9.999992847442626953e-01,9.999988079071044922e-01,9.999960660934448242e-01,9.999985694885253906e-01,9.999991655349731445e-01,-9.999971389770507812e-01,-9.999987483024597168e-01,9.999981522560119629e-01,9.999897480010986328e-01,9.999966025352478027e-01,-9.999931454658508301e-01,9.999973177909851074e-01
9.999960660934448242e-01,-9.999966621398925781e-01,-9.999796152114868164e-01,9.999956488609313965e-01,9.999973773956298828e-01,-9.999970197677612305e-01,9.999902248382568359e-01,9.999976158142089844e-01,-9.999937415122985840e-01,9.999948143959045410e-01,-9.999967217445373535e-01,-9.999972581863403320e-01,9.999955296516418457e-01,9.999963641166687012e-01,9.999696016311645508e-01,9.999928474426269531e-01,9.999940395355224609e-01,-9.999966025352478027e-01,9.999840855598449707e-01,-9.999977350234985352e-01,-9.999974966049194336e-01,9.999780058860778809e-01,9.999963045120239258e-01,9.999960660934448242e-01,9.999734163284301758e-01,9.999975562095642090e-01,-9.999960660934448242e-01,-9.999973177909851074e-01,9.999656081199645996e-01,-9.999893307685852051e-01,-9.999831914901733398e-01,-9.999962449073791504e-01,9.999778866767883301e-01,9.999923706054687500e-01,-9.999938607215881348e-01,-9.998412132263183594e-01,9.999976158142089844e-01,9.999966025352478027e-01,9.999819397926330566e-01,-9.999972581863403320e-01,9.999966621398925781e-01,-9.999892711639404297e-01,9.999420046806335449e-01,9.999971985816955566e-01,9.999958276748657227e-01,9.999958872795104980e-01,-9.999783635139465332e-01,9.999960660934448242e-01,9.999970793724060059e-01,-9.999964833259582520e-01,-9.999969601631164551e-01,-9.999954104423522949e-01,-9.999971985816955566e-01,-9.999812841415405273e-01,-9.999948143959045410e-01,-9.999955892562866211e-01,-9.999908804893493652e-01,9.998359084129333496e-01,9.999940395355224609e-01,9.999961256980895996e-01,-9.999959468841552734e-01,9.999974370002746582e-01,9.999959468841552734e-01,9.999885559082031250e-01,-9.999891519546508789e-01,-9.999971389770507812e-01,-9.999976158142089844e-01,-9.999895691871643066e-01,-9.999973177909851074e-01,9.999967813491821289e-01,-9.999969601631164551e-01,9.999952316284179688e-01,9.999869465827941895e-01,-9.999834895133972168e-01,-9.999148845672607422e-01,-9.999958872795104980e-01,9.999829530715942383e-01,9.999970197677612305e-01,-9.999856352806091309e-01,-9.999915361404418945e-01,9.996032118797302246e-01,9.999943971633911133e-01,-9.999971389770507812e-01,9.999939203262329102e-01,-9.999958276748657227e-01,-9.999719858169555664e-01,9.999678134918212891e-01,9.999973773956298828e-01,9.999370574951171875e-01,9.999715685844421387e-01,-9.999935626983642578e-01,9.999961256980895996e-01,-9.999502301216125488e-01,-9.999948740005493164e-01,9.999960660934448242e-01,-9.999950528144836426e-01,-9.999805092811584473e-01,9.999975562095642090e-01,-9.999970197677612305e-01,9.999845027923583984e-01,-9.999924898147583008e-01,9.999971389770507812e-01,-9.999094009399414062e-01,-9.998014569282531738e-01,9.999966025352478027e-01,9.999936223030090332e-01,-9.999296069145202637e-01,-9.999956488609313965e-01,-9.999853968620300293e-01,9.999963641166687012e-01,-9.999959468841552734e-01,9.999961853027343750e-01,-9.999958872795104980e-01,-9.999463558197021484e-01,9.999976754188537598e-01,-9.999952316284179688e-01,9.999973773956298828e-01,-9.999963641166687012e-01,-9.999871850013732910e-01,-9.999953508377075195e-01,-9.999971389770507812e-01,9.999907016754150391e-01,9.999962449073791504e-01,-9.999943375587463379e-01,-9.999659061431884766e-01,-9.999892711639404297e-01,9.999775886535644531e-01,-9.999914765357971191e-01
9.999991655349731445e-01,-9.999992251396179199e-01,-9.999951124191284180e-01,9.999989271163940430e-01,9.999994635581970215e-01,-9.999993443489074707e-01,9.999976158142089844e-01,9.999995231628417969e-01,-9.999984502792358398e-01,9.999987483024597168e-01,-9.999992251396179199e-01,-9.999994039535522461e-01,9.999989271163940430e-01,9.999991655349731445e-01,9.999927878379821777e-01,9.999983310699462891e-01,9.999985098838806152e-01,-9.999992251396179199e-01,9.999961853027343750e-01,-9.999994635581970215e-01,-9.999994635581970215e-01,9.999946951866149902e-01,9.999991655349731445e-01,9.999991059303283691e-01,9.999935626983642578e-01,9.999995231628417969e-01,-9.999991059303283691e-01,-9.999993443489074707e-01,9.999916553497314453e-01,-9.999974370002746582e-01,-9.999959468841552734e-01,-9.999991655349731445e-01,9.999946355819702148e-01,9.999982118606567383e-01,-9.999985098838806152e-01,-9.999616742134094238e-01,9.999995231628417969e-01,9.999992251396179199e-01,9.999957084655761719e-01,-9.999994635581970215e-01,9.999992251396179199e-01,-9.999974370002746582e-01,9.999859929084777832e-01,9.999993443489074707e-01,9.999990463256835938e-01,9.999990463256835938e-01,-9.999947547912597656e-01,9.999991059303283691e-01,9.999993443489074707e-01,-9.999992847442626953e-01,-9.999992847442626953e-01,-9.999988675117492676e-01,-9.999994635581970215e-01,-9.999954700469970703e-01,-9.999988079071044922e-01,-9.999989271163940430e-01,-9.999978542327880859e-01,9.999604225158691406e-01,9.999985694885253906e-01,9.999989867210388184e-01,-9.999991655349731445e-01,9.999994635581970215e-01,9.999992251396179199e-01,9.999971985816955566e-01,-9.999973773956298828e-01,-9.999993443489074707e-01,-9.999995231628417969e-01,-9.999974370002746582e-01,-9.999994635581970215e-01,9.999992847442626953e-01,-9.999992847442626953e-01,9.999988079071044922e-01,9.999967813491821289e-01,-9.999961256980895996e-01,-9.999795556068420410e-01,-9.999990463256835938e-01,9.999959468841552734e-01,9.999992847442626953e-01,-9.999966025352478027e-01,-9.999979138374328613e-01,9.999042153358459473e-01,9.999986886978149414e-01,-9.999993443489074707e-01,9.999985098838806152e-01,-9.999990463256835938e-01,-9.999933242797851562e-01,9.999922513961791992e-01,9.999994039535522461e-01,9.999848008155822754e-01,9.999931454658508301e-01,-9.999984502792358398e-01,9.999991059303283691e-01,-9.999880194664001465e-01,-9.999987483024597168e-01,9.999992251396179199e-01,-9.999988079071044922e-01,-9.999952912330627441e-01,9.999994635581970215e-01,-9.999993443489074707e-01,9.999961853027343750e-01,-9.999982714653015137e-01,9.999994039535522461e-01,-9.999782443046569824e-01,-9.999520182609558105e-01,9.999992251396179199e-01,9.999984502792358398e-01,-9.999830126762390137e-01,-9.999989867210388184e-01,-9.999964833259582520e-01,9.999991655349731445e-01,-9.999990463256835938e-01,9.999991059303283691e-01,-9.999990463256835938e-01,-9.999870657920837402e-01,9.999995231628417969e-01,-9.999988675117492676e-01,9.999994635581970215e-01,-9.999991655349731445e-01,-9.999969601631164551e-01,-9.999989271163940430e-01,-9.999993443489074707e-01,9.999977350234985352e-01,9.999991655349731445e-01,-9.999985098838806152e-01,-9.999918341636657715e-01,-9.999974370002746582e-01,9.999945759773254395e-01,-9.999979138374328613e-01
-9.999973773956298828e-01,9.999977946281433105e-01,9.999868869781494141e-01,-9.999971985816955566e-01,-9.999983906745910645e-01,9.999979734420776367e-01,-9.999937415122985840e-01,-9.999984502792358398e-01,9.999960064888000488e-01,-9.999966621398925781e-01,9.999979138374328613e-01,9.999981522560119629e-01,-9.999971389770507812e-01,-9.999976158142089844e-01,-9.999805688858032227e-01,-9.999955296516418457e-01,-9.999960660934448242e-01,9.999977350234985352e-01,-9.999898076057434082e-01,9.999985694885253906e-01,9.999983906745910645e-01,-9.999859333038330078e-01,-9.999975562095642090e-01,-9.999974966049194336e-01,-9.999830126762390137e-01,-9.999983310699462891e-01,9.999974966049194336e-01,9.999982714653015137e-01,-9.999780058860778809e-01,9.999931454658508301e-01,9.999892711639404297e-01,9.999976158142089844e-01,-9.999858736991882324e-01,-9.999951124191284180e-01,9.999960064888000488e-01,9.998985528945922852e-01,-9.999984502792358398e-01,-9.999978542327880859e-01,-9.999884963035583496e-01,9.999982714653015137e-01,-9.999978542327880859e-01,9.999931454658508301e-01,-9.999629259109497070e-01,-9.999982118606567383e-01,-9.999972581863403320e-01,-9.999973177909851074e-01,9.999861717224121094e-01,-9.999974966049194336e-01,-9.999981522560119629e-01,9.999977350234985352e-01,9.999980330467224121e-01,9.999970197677612305e-01,9.999982118606567383e-01,9.999880790710449219e-01,9.999966025352478027e-01,9.999971389770507812e-01,9.999941587448120117e-01,-9.998950958251953125e-01,-9.999960064888000488e-01,-9.999974370002746582e-01,9.999973177909851074e-01,-9.999983906745910645e-01,-9.999974370002746582e-01,-9.999926686286926270e-01,9.999931454658508301e-01,9.999981522560119629e-01,9.999985098838806152e-01,9.999933838844299316e-01,9.999982714653015137e-01,-9.999979734420776367e-01,9.999980330467224121e-01,-9.999968409538269043e-01,-9.999916553497314453e-01,9.999894499778747559e-01,9.999456405639648438e-01,9.999972581863403320e-01,-9.999890923500061035e-01,-9.999980330467224121e-01,9.999907612800598145e-01,9.999945759773254395e-01,-9.997466206550598145e-01,-9.999963641166687012e-01,9.999980926513671875e-01,-9.999960660934448242e-01,9.999972581863403320e-01,9.999821186065673828e-01,-9.999794363975524902e-01,-9.999983310699462891e-01,-9.999597668647766113e-01,-9.999818205833435059e-01,9.999958276748657227e-01,-9.999974370002746582e-01,9.999681711196899414e-01,9.999966621398925781e-01,-9.999974966049194336e-01,9.999967813491821289e-01,9.999874830245971680e-01,-9.999983906745910645e-01,9.999981522560119629e-01,-9.999901056289672852e-01,9.999952316284179688e-01,-9.999980926513671875e-01,9.999422430992126465e-01,9.998731017112731934e-01,-9.999978542327880859e-01,-9.999958872795104980e-01,9.999549984931945801e-01,9.999971985816955566e-01,9.999905824661254883e-01,-9.999976754188537598e-01,9.999972581863403320e-01,-9.999974966049194336e-01,9.999973177909851074e-01,9.999656677246093750e-01,-9.999985694885253906e-01,9.999968409538269043e-01,-9.999983310699462891e-01,9.999976754188537598e-01,9.999917745590209961e-01,9.999969601631164551e-01,9.999980330467224121e-01,-9.999940395355224609e-01,-9.999975562095642090e-01,9.999963045120239258e-01,9.999783635139465332e-01,9.999931454658508301e-01,-9.999856948852539062e-01,9.999945759773254395e-01
9.999979138374328613e-01,-9.999982714653015137e-01,-9.999892115592956543e-01,9.999976754188537598e-01,9.999986886978149414e-01,-9.999983310699462891e-01,9.999948143959045410e-01,9.999987483024597168e-01,-9.999966621398925781e-01,9.999972581863403320e-01,-9.999982714653015137e-01,-9.999985694885253906e-01,9.999976754188537598e-01,9.999980330467224121e-01,9.999840259552001953e-01,9.999961853027343750e-01,9.999967813491821289e-01,-9.999980926513671875e-01,9.999916553497314453e-01,-9.999988079071044922e-01,-9.999987483024597168e-01,9.999884366989135742e-01,9.999980330467224121e-01,9.999979734420776367e-01,9.999859929084777832e-01,9.999986290931701660e-01,-9.999978542327880859e-01,-9.999985098838806152e-01,9.999818801879882812e-01,-9.999943971633911133e-01,-9.999910593032836914e-01,-9.999980330467224121e-01,9.999883770942687988e-01,9.999959468841552734e-01,-9.999967217445373535e-01,-9.999164342880249023e-01,9.999986886978149414e-01,9.999982118606567383e-01,9.999905824661254883e-01,-9.999985694885253906e-01,9.999982118606567383e-01,-9.999943375587463379e-01,9.999695420265197754e-01,9.999985098838806152e-01,9.999977350234985352e-01,9.999977946281433105e-01,-9.999886155128479004e-01,9.999978542327880859e-01,9.999984502792358398e-01,-9.999981522560119629e-01,-9.999982714653015137e-01,-9.999974966049194336e-01,-9.999986290931701660e-01,-9.999901652336120605e-01,-9.999972581863403320e-01,-9.999976158142089844e-01,-9.999951720237731934e-01,9.999136328697204590e-01,9.999967217445373535e-01,9.999979734420776367e-01,-9.999978542327880859e-01,9.999986290931701660e-01,9.999978542327880859e-01,9.999939799308776855e-01,-9.999943375587463379e-01,-9.999985098838806152e-01,-9.999987483024597168e-01,-9.999945759773254395e-01,-9.999985694885253906e-01,9.999983310699462891e-01,-9.999982714653015137e-01,9.999974370002746582e-01,9.999931454658508301e-01,-9.999912977218627930e-01,-9.999552965164184570e-01,-9.999977350234985352e-01,9.999909996986389160e-01,9.999983906745910645e-01,-9.999924302101135254e-01,-9.999955296516418457e-01,9.997913241386413574e-01,9.999970197677612305e-01,-9.999985098838806152e-01,9.999967217445373535e-01,-9.999977350234985352e-01,-9.999852776527404785e-01,9.999831318855285645e-01,9.999986290931701660e-01,9.999668598175048828e-01,9.999850392341613770e-01,-9.999965429306030273e-01,9.999979138374328613e-01,-9.999738931655883789e-01,-9.999972581863403320e-01,9.999979734420776367e-01,-9.999973773956298828e-01,-9.999897480010986328e-01,9.999986886978149414e-01,-9.999983906745910645e-01,9.999918937683105469e-01,-9.999960064888000488e-01,9.999984502792358398e-01,-9.999523162841796875e-01,-9.998955130577087402e-01,9.999982118606567383e-01,9.999966025352478027e-01,-9.999629259109497070e-01,-9.999976754188537598e-01,-9.999922513961791992e-01,9.999980926513671875e-01,-9.999978542327880859e-01,9.999979734420776367e-01,-9.999977946281433105e-01,-9.999718666076660156e-01,9.999988079071044922e-01,-9.999974370002746582e-01,9.999986886978149414e-01,-9.999979734420776367e-01,-9.999932646751403809e-01,-9.999976158142089844e-01,-9.999983906745910645e-01,9.999951124191284180e-01,9.999980330467224121e-01,-9.999969005584716797e-01,-9.999821782112121582e-01,-9.999943375587463379e-01,9.999881982803344727e-01,-9.999955296516418457e-01
-9.999986290931701660e-01,9.999988675117492676e-01,9.999932050704956055e-01,-9.999985098838806152e-01,-9.999991655349731445e-01,9.999989271163940430e-01,-9.999967217445373535e-01,-9.999992251396179199e-01,9.999979138374328613e-01,-9.999982714653015137e-01,9.999989271163940430e-01,9.999991655349731445e-01,-9.999985694885253906e-01,-9.999987483024597168e-01,-9.999899268150329590e-01,-9.999976158142089844e-01,-9.999980330467224121e-01,9.999988079071044922e-01,-9.999948143959045410e-01,9.999992251396179199e-01,9.999992847442626953e-01,-9.999927282333374023e-01,-9.999988079071044922e-01,-9.999986886978149414e-01,-9.999911785125732422e-01,-9.999992251396179199e-01,9.999988079071044922e-01,9.999990463256835938e-01,-9.999885559082031250e-01,9.999964237213134766e-01,9.999943971633911133e-01,9.999987483024597168e-01,-9.999926686286926270e-01,-9.999974370002746582e-01,9.999979138374328613e-01,9.999474287033081055e-01,-9.999992251396179199e-01,-9.999988675117492676e-01,-9.999940395355224609e-01,9.999992251396179199e-01,-9.999988675117492676e-01,9.999963641166687012e-01,-9.999808073043823242e-01,-9.999991059303283691e-01,-9.999985694885253906e-01,-9.999986886978149414e-01,9.999928474426269531e-01,-9.999986886978149414e-01,-9.999991059303283691e-01,9.999989271163940430e-01,9.999990463256835938e-01,9.999984502792358398e-01,9.999991059303283691e-01,9.999938011169433594e-01,9.999982118606567383e-01,9.999985098838806152e-01,9.999969601631164551e-01,-9.999456405639648438e-01,-9.999979734420776367e-01,-9.999986886978149414e-01,9.999986290931701660e-01,-9.999992251396179199e-01,-9.999986886978149414e-01,-9.999961256980895996e-01,9.999963045120239258e-01,9.999991059303283691e-01,9.999992847442626953e-01,9.999965429306030273e-01,9.999991655349731445e-01,-9.999989271163940430e-01,9.999989867210388184e-01,-9.999983906745910645e-01,-9.999957680702209473e-01,9.999945759773254395e-01,9.999719858169555664e-01,9.999986290931701660e-01,-9.999943375587463379e-01,-9.999990463256835938e-01,9.999952316284179688e-01,9.999971985816955566e-01,-9.998686313629150391e-01,-9.999980926513671875e-01,9.999991059303283691e-01,-9.999979734420776367e-01,9.999985694885253906e-01,9.999907612800598145e-01,-9.999893903732299805e-01,-9.999991655349731445e-01,-9.999791979789733887e-01,-9.999905824661254883e-01,9.999978542327880859e-01,-9.999986886978149414e-01,9.999835491180419922e-01,9.999982714653015137e-01,-9.999987483024597168e-01,9.999983310699462891e-01,9.999935626983642578e-01,-9.999992251396179199e-01,9.999991059303283691e-01,-9.999949336051940918e-01,9.999974966049194336e-01,-9.999991655349731445e-01,9.999700784683227539e-01,9.999341964721679688e-01,-9.999988675117492676e-01,-9.999978542327880859e-01,9.999767541885375977e-01,9.999985694885253906e-01,9.999951124191284180e-01,-9.999988079071044922e-01,9.999986290931701660e-01,-9.999987483024597168e-01,9.999985694885253906e-01,9.999822974205017090e-01,-9.999992251396179199e-01,9.999983310699462891e-01,-9.999992847442626953e-01,9.999988079071044922e-01,9.999957680702209473e-01,9.999985098838806152e-01,9.999991059303283691e-01,-9.999969005584716797e-01,-9.999987483024597168e-01,9.999980926513671875e-01,9.999887943267822266e-01,9.999964237213134766e-01,-9.999926090240478516e-01,9.999970793724060059e-01
-9.999989271163940430e-01,9.999991655349731445e-01,9.999944567680358887e-01,-9.999988079071044922e-01,-9.999993443489074707e-01,9.999991655349731445e-01,-9.999972581863403320e-01,-9.999994039535522461e-01,9.999981522560119629e-01,-9.999985694885253906e-01,9.999991655349731445e-01,9.999993443489074707e-01,-9.999987483024597168e-01,-9.999989867210388184e-01,-9.999917745590209961e-01,-9.999980330467224121e-01,-9.999983310699462891e-01,9.999990463256835938e-01,-9.999957084655761719e-01,9.999994039535522461e-01,9.999993443489074707e-01,-9.999939799308776855e-01,-9.999989271163940430e-01,-9.999989271163940430e-01,-9.999927282333374023e-01,-9.999992847442626953e-01,9.999988675117492676e-01,9.999992251396179199e-01,-9.999907016754150391e-01,9.999970793724060059e-01,9.999954104423522949e-01,9.999989271163940430e-01,-9.999940395355224609e-01,-9.999979138374328613e-01,9.999982118606567383e-01,9.999571442604064941e-01,-9.999992847442626953e-01,-9.999991655349731445e-01,-9.999951124191284180e-01,9.999992847442626953e-01,-9.999991655349731445e-01,9.999970793724060059e-01,-9.999843835830688477e-01,-9.999991655349731445e-01,-9.999988079071044922e-01,-9.999988675117492676e-01,9.999940991401672363e-01,-9.999988675117492676e-01,-9.999991655349731445e-01,9.999991059303283691e-01,9.999991059303283691e-01,9.999986886978149414e-01,9.999992847442626953e-01,9.999948740005493164e-01,9.999986290931701660e-01,9.999988079071044922e-01,9.999974966049194336e-01,-9.999557137489318848e-01,-9.999983906745910645e-01,-9.999988675117492676e-01,9.999988675117492676e-01,-9.999993443489074707e-01,-9.999989271163940430e-01,-9.999968409538269043e-01,9.999969601631164551e-01,9.999991655349731445e-01,9.999994039535522461e-01,9.999970793724060059e-01,9.999992847442626953e-01,-9.999991655349731445e-01,9.999992251396179199e-01,-9.999986886978149414e-01,-9.999964237213134766e-01,9.999955296516418457e-01,9.999770522117614746e-01,9.999988079071044922e-01,-9.999954104423522949e-01,-9.999992251396179199e-01,9.999960660934448242e-01,9.999976158142089844e-01,-9.998929500579833984e-01,-9.999984502792358398e-01,9.999992847442626953e-01,-9.999982118606567383e-01,9.999988675117492676e-01,9.999924302101135254e-01,-9.999912977218627930e-01,-9.999993443489074707e-01,-9.999829530715942383e-01,-9.999923110008239746e-01,9.999982118606567383e-01,-9.999989271163940430e-01,9.999865293502807617e-01,9.999985098838806152e-01,-9.999989271163940430e-01,9.999985694885253906e-01,9.999946951866149902e-01,-9.999993443489074707e-01,9.999991655349731445e-01,-9.999958276748657227e-01,9.999979138374328613e-01,-9.999992251396179199e-01,9.999756217002868652e-01,9.999462962150573730e-01,-9.999991655349731445e-01,-9.999982714653015137e-01,9.999810457229614258e-01,9.999988079071044922e-01,9.999959468841552734e-01,-9.999990463256835938e-01,9.999988675117492676e-01,-9.999989271163940430e-01,9.999988079071044922e-01,9.999854564666748047e-01,-9.999994039535522461e-01,9.999986886978149414e-01,-9.999993443489074707e-01,9.999989271163940430e-01,9.999964833259582520e-01,9.999987483024597168e-01,9.999991655349731445e-01,-9.999974370002746582e-01,-9.999989271163940430e-01,9.999983310699462891e-01,9.999908804893493652e-01,9.999970793724060059e-01,-9.999938607215881348e-01,9.999976158142089844e-01
