9.999980926513671875e-01,-9.999980330467224121e-01,-9.999848604202270508e-01,9.999980926513671875e-01,9.999988675117492676e-01,-9.999983906745910645e-01,9.999892711639404297e-01,9.999989271163940430e-01,-9.999966621398925781e-01,9.999962449073791504e-01,-9.999961256980895996e-01,-9.999988675117492676e-01,9.999980330467224121e-01,9.999975562095642090e-01,9.999457001686096191e-01,9.999977350234985352e-01,9.999976754188537598e-01,-9.999982118606567383e-01,9.999709725379943848e-01,-9.999989867210388184e-01,-9.999989271163940430e-01,9.999846816062927246e-01,9.999974966049194336e-01,9.999985098838806152e-01,9.999868869781494141e-01,9.999989271163940430e-01,-9.999983906745910645e-01,-9.999989271163940430e-01,9.999713897705078125e-01,-9.999958276748657227e-01,-9.999967217445373535e-01,-9.999985694885253906e-01,9.999957084655761719e-01,9.999977350234985352e-01,-9.999966621398925781e-01,-9.999933242797851562e-01,9.999989271163940430e-01,9.999986290931701660e-01,9.999929666519165039e-01,-9.999987483024597168e-01,9.999983310699462891e-01,-9.999971985816955566e-01,9.999324679374694824e-01,9.999985098838806152e-01,9.999964237213134766e-01,9.999974966049194336e-01,9.999949336051940918e-01,9.999973773956298828e-01,9.999986886978149414e-01,-9.999985098838806152e-01,-9.999985694885253906e-01,-9.999969601631164551e-01,-9.999983310699462891e-01,-9.999896287918090820e-01,-9.999954700469970703e-01,-9.999975562095642090e-01,-9.999976754188537598e-01,9.999786615371704102e-01,9.999974966049194336e-01,9.999977350234985352e-01,-9.999950528144836426e-01,9.999987483024597168e-01,9.999982118606567383e-01,9.999949336051940918e-01,-9.999952316284179688e-01,-9.999986886978149414e-01,-9.999988675117492676e-01,-9.999929666519165039e-01,-9.999981522560119629e-01,9.999988079071044922e-01,-9.999985694885253906e-01,9.999976158142089844e-01,9.999964237213134766e-01,-9.999872446060180664e-01,9.998431205749511719e-01,-9.999978542327880859e-01,9.999865889549255371e-01,9.999982714653015137e-01,-9.999890327453613281e-01,-9.999973177909851074e-01,-9.998320937156677246e-01,9.999974966049194336e-01,-9.999987483024597168e-01,9.999697208404541016e-01,-9.999983310699462891e-01,-9.999819397926330566e-01,9.999930858612060547e-01,9.999985694885253906e-01,-9.999790191650390625e-01,9.999977350234985352e-01,-9.999982714653015137e-01,9.999982714653015137e-01,-9.999706149101257324e-01,-9.999980330467224121e-01,9.999984502792358398e-01,-9.999973773956298828e-01,-9.999716877937316895e-01,9.999988079071044922e-01,-9.999986886978149414e-01,9.999903440475463867e-01,-9.999973177909851074e-01,9.999985098838806152e-01,-9.999852776527404785e-01,-9.999785423278808594e-01,9.999982714653015137e-01,9.999955296516418457e-01,9.999834895133972168e-01,-9.999973773956298828e-01,-9.999942183494567871e-01,9.999983310699462891e-01,-9.999973773956298828e-01,9.999985098838806152e-01,-9.999978542327880859e-01,-9.999905228614807129e-01,9.999989271163940430e-01,-9.999983310699462891e-01,9.999982714653015137e-01,-9.999986886978149414e-01,-9.999899268150329590e-01,-9.999978542327880859e-01,-9.999986886978149414e-01,9.999956488609313965e-01,9.999985694885253906e-01,-9.999973177909851074e-01,9.999739527702331543e-01,-9.999948143959045410e-01,-9.997028112411499023e-01,-9.999977350234985352e-01
-9.999980330467224121e-01,9.999980330467224121e-01,9.999848008155822754e-01,-9.999980926513671875e-01,-9.999988079071044922e-01,9.999983310699462891e-01,-9.999891519546508789e-01,-9.999988675117492676e-01,9.999966025352478027e-01,-9.999962449073791504e-01,9.999961256980895996e-01,9.999988079071044922e-01,-9.999981522560119629e-01,-9.999974966049194336e-01,-9.999453425407409668e-01,-9.999977350234985352e-01,-9.999976158142089844e-01,9.999980926513671875e-01,-9.999706745147705078e-01,9.999990463256835938e-01,9.999988079071044922e-01,-9.999844431877136230e-01,-9.999973773956298828e-01,-9.999983906745910645e-01,-9.999868273735046387e-01,-9.999989271163940430e-01,9.999983310699462891e-01,9.999988079071044922e-01,-9.999710917472839355e-01,9.999958276748657227e-01,9.999966621398925781e-01,9.999984502792358398e-01,-9.999957084655761719e-01,-9.999977350234985352e-01,9.999966621398925781e-01,9.999932050704956055e-01,-9.999988079071044922e-01,-9.999985694885253906e-01,-9.999928474426269531e-01,9.999987483024597168e-01,-9.999983310699462891e-01,9.999971985816955566e-01,-9.999319911003112793e-01,-9.999983906745910645e-01,-9.999963641166687012e-01,-9.999973773956298828e-01,-9.999949932098388672e-01,-9.999973773956298828e-01,-9.999986886978149414e-01,9.999984502792358398e-01,9.999986290931701660e-01,9.999969601631164551e-01,9.999984502792358398e-01,9.999895691871643066e-01,9.999954104423522949e-01,9.999976158142089844e-01,9.999976754188537598e-01,-9.999786019325256348e-01,-9.999975562095642090e-01,-9.999976754188537598e-01,9.999949932098388672e-01,-9.999988079071044922e-01,-9.999982714653015137e-01,-9.999949932098388672e-01,9.999952912330627441e-01,9.999986886978149414e-01,9.999988079071044922e-01,9.999929070472717285e-01,9.999980926513671875e-01,-9.999988079071044922e-01,9.999985098838806152e-01,-9.999976158142089844e-01,-9.999964237213134766e-01,9.999871253967285156e-01,-9.998421669006347656e-01,9.999977946281433105e-01,-9.999864697456359863e-01,-9.999982714653015137e-01,9.999889731407165527e-01,9.999973177909851074e-01,9.998309612274169922e-01,-9.999974966049194336e-01,9.999987483024597168e-01,-9.999695420265197754e-01,9.999982714653015137e-01,9.999817609786987305e-01,-9.999930262565612793e-01,-9.999985694885253906e-01,9.999788999557495117e-01,-9.999976754188537598e-01,9.999982714653015137e-01,-9.999982714653015137e-01,9.999704360961914062e-01,9.999980330467224121e-01,-9.999984502792358398e-01,9.999973773956298828e-01,9.999716281890869141e-01,-9.999988079071044922e-01,9.999986886978149414e-01,-9.999902844429016113e-01,9.999972581863403320e-01,-9.999985694885253906e-01,9.999851584434509277e-01,9.999784231185913086e-01,-9.999982714653015137e-01,-9.999954104423522949e-01,-9.999833703041076660e-01,9.999972581863403320e-01,9.999942779541015625e-01,-9.999983906745910645e-01,9.999973773956298828e-01,-9.999985694885253906e-01,9.999977946281433105e-01,9.999904632568359375e-01,-9.999989271163940430e-01,9.999984502792358398e-01,-9.999982714653015137e-01,9.999986886978149414e-01,9.999898672103881836e-01,9.999978542327880859e-01,9.999987483024597168e-01,-9.999957084655761719e-01,-9.999985694885253906e-01,9.999972581863403320e-01,-9.999737739562988281e-01,9.999947547912597656e-01,9.997008442878723145e-01,9.999977350234985352e-01
-9.999848604202270508e-01,9.999848008155822754e-01,9.998797178268432617e-01,-9.999852180480957031e-01,-9.999905824661254883e-01,9.999879002571105957e-01,-9.999138712882995605e-01,-9.999915361404418945e-01,9.999737143516540527e-01,-9.999706149101257324e-01,9.999697804450988770e-01,9.999906420707702637e-01,-9.999846220016479492e-01,-9.999807476997375488e-01,-9.995689988136291504e-01,-9.999823570251464844e-01,-9.999815821647644043e-01,9.999859929084777832e-01,-9.997691512107849121e-01,9.999920725822448730e-01,9.999908804893493652e-01,-9.998779296875000000e-01,-9.999803900718688965e-01,-9.999874830245971680e-01,-9.998962879180908203e-01,-9.999917745590209961e-01,9.999871253967285156e-01,9.999908804893493652e-01,-9.997716546058654785e-01,9.999669790267944336e-01,9.999741315841674805e-01,9.999886751174926758e-01,-9.999662041664123535e-01,-9.999824762344360352e-01,9.999738931655883789e-01,9.999467134475708008e-01,-9.999914169311523438e-01,-9.999890327453613281e-01,-9.999433159828186035e-01,9.999902248382568359e-01,-9.999870061874389648e-01,9.999781250953674316e-01,-9.994635581970214844e-01,-9.999883770942687988e-01,-9.999726414680480957e-01,-9.999803900718688965e-01,-9.999602437019348145e-01,-9.999794960021972656e-01,-9.999896883964538574e-01,9.999880790710449219e-01,9.999892115592956543e-01,9.999763369560241699e-01,9.999877810478210449e-01,9.999182224273681641e-01,9.999640583992004395e-01,9.999812841415405273e-01,9.999824762344360352e-01,-9.998310208320617676e-01,-9.999806880950927734e-01,-9.999819397926330566e-01,9.999605417251586914e-01,-9.999907612800598145e-01,-9.999858736991882324e-01,-9.999604225158691406e-01,9.999626278877258301e-01,9.999899268150329590e-01,9.999910593032836914e-01,9.999439716339111328e-01,9.999852180480957031e-01,-9.999905228614807129e-01,9.999886155128479004e-01,-9.999809265136718750e-01,-9.999721050262451172e-01,9.998983740806579590e-01,-9.987550377845764160e-01,9.999834895133972168e-01,-9.998930096626281738e-01,-9.999863505363464355e-01,9.999127984046936035e-01,9.999786615371704102e-01,9.986674189567565918e-01,-9.999803900718688965e-01,9.999899268150329590e-01,-9.997592568397521973e-01,9.999867081642150879e-01,9.998559951782226562e-01,-9.999448060989379883e-01,-9.999892711639404297e-01,9.998332262039184570e-01,-9.999826550483703613e-01,9.999863505363464355e-01,-9.999864697456359863e-01,9.997664093971252441e-01,9.999856352806091309e-01,-9.999879002571105957e-01,9.999800324440002441e-01,9.997757673263549805e-01,-9.999908208847045898e-01,9.999897480010986328e-01,-9.999236464500427246e-01,9.999791383743286133e-01,-9.999887347221374512e-01,9.998828768730163574e-01,9.998298883438110352e-01,-9.999873638153076172e-01,-9.999638199806213379e-01,-9.998691678047180176e-01,9.999788403511047363e-01,9.999547004699707031e-01,-9.999874234199523926e-01,9.999794960021972656e-01,-9.999882578849792480e-01,9.999831318855285645e-01,9.999244809150695801e-01,-9.999918341636657715e-01,9.999870657920837402e-01,-9.999873638153076172e-01,9.999896883964538574e-01,9.999197721481323242e-01,9.999833703041076660e-01,9.999903440475463867e-01,-9.999653697013854980e-01,-9.999887943267822266e-01,9.999787807464599609e-01,-9.997929930686950684e-01,9.999586939811706543e-01,9.976434111595153809e-01,9.999822974205017090e-01
9.999980926513671875e-01,-9.999980926513671875e-01,-9.999852180480957031e-01,9.999981522560119629e-01,9.999988675117492676e-01,-9.999984502792358398e-01,9.999895095825195312e-01,9.999989271163940430e-01,-9.999966621398925781e-01,9.999963045120239258e-01,-9.999961853027343750e-01,-9.999988675117492676e-01,9.999981522560119629e-01,9.999975562095642090e-01,9.999465346336364746e-01,9.999977946281433105e-01,9.999976754188537598e-01,-9.999982118606567383e-01,9.999713301658630371e-01,-9.999990463256835938e-01,-9.999989271163940430e-01,9.999849200248718262e-01,9.999975562095642090e-01,9.999985098838806152e-01,9.999871850013732910e-01,9.999989867210388184e-01,-9.999983906745910645e-01,-9.999988675117492676e-01,9.999718070030212402e-01,-9.999958872795104980e-01,-9.999967217445373535e-01,-9.999985694885253906e-01,9.999958276748657227e-01,9.999978542327880859e-01,-9.999967217445373535e-01,-9.999934434890747070e-01,9.999988675117492676e-01,9.999986290931701660e-01,9.999929666519165039e-01,-9.999987483024597168e-01,9.999983906745910645e-01,-9.999973177909851074e-01,9.999334812164306641e-01,9.999986290931701660e-01,9.999965429306030273e-01,9.999975562095642090e-01,9.999950528144836426e-01,9.999974370002746582e-01,9.999988079071044922e-01,-9.999985694885253906e-01,-9.999985694885253906e-01,-9.999971389770507812e-01,-9.999984502792358398e-01,-9.999898076057434082e-01,-9.999955892562866211e-01,-9.999976158142089844e-01,-9.999977350234985352e-01,9.999790787696838379e-01,9.999976158142089844e-01,9.999977946281433105e-01,-9.999951124191284180e-01,9.999988675117492676e-01,9.999982118606567383e-01,9.999951124191284180e-01,-9.999954104423522949e-01,-9.999988079071044922e-01,-9.999988675117492676e-01,-9.999930858612060547e-01,-9.999981522560119629e-01,9.999988079071044922e-01,-9.999985694885253906e-01,9.999976754188537598e-01,9.999964833259582520e-01,-9.999875426292419434e-01,9.998455047607421875e-01,-9.999979138374328613e-01,9.999867677688598633e-01,9.999982714653015137e-01,-9.999892115592956543e-01,-9.999973773956298828e-01,-9.998345971107482910e-01,9.999976158142089844e-01,-9.999988079071044922e-01,9.999701976776123047e-01,-9.999983310699462891e-01,-9.999822378158569336e-01,9.999931454658508301e-01,9.999986290931701660e-01,-9.999794363975524902e-01,9.999977946281433105e-01,-9.999983906745910645e-01,9.999983906745910645e-01,-9.999712109565734863e-01,-9.999982118606567383e-01,9.999985694885253906e-01,-9.999974966049194336e-01,-9.999722242355346680e-01,9.999989271163940430e-01,-9.999988079071044922e-01,9.999904632568359375e-01,-9.999973773956298828e-01,9.999985694885253906e-01,-9.999855160713195801e-01,-9.999789595603942871e-01,9.999983906745910645e-01,9.999955296516418457e-01,9.999837875366210938e-01,-9.999973177909851074e-01,-9.999943971633911133e-01,9.999983906745910645e-01,-9.999974966049194336e-01,9.999985098838806152e-01,-9.999979138374328613e-01,-9.999906420707702637e-01,9.999990463256835938e-01,-9.999984502792358398e-01,9.999983906745910645e-01,-9.999986886978149414e-01,-9.999901652336120605e-01,-9.999979138374328613e-01,-9.999986886978149414e-01,9.999957084655761719e-01,9.999986290931701660e-01,-9.999974370002746582e-01,9.999743700027465820e-01,-9.999948740005493164e-01,-9.997073411941528320e-01,-9.999978542327880859e-01
9.999988675117492676e-01,-9.999988079071044922e-01,-9.999905824661254883e-01,9.999988675117492676e-01,9.999994039535522461e-01,-9.999991059303283691e-01,9.999934434890747070e-01,9.999993443489074707e-01,-9.999979734420776367e-01,9.999976754188537598e-01,-9.999975562095642090e-01,-9.999994039535522461e-01,9.999989271163940430e-01,9.999984502792358398e-01,9.999660253524780273e-01,9.999985694885253906e-01,9.999986290931701660e-01,-9.999988675117492676e-01,9.999818205833435059e-01,-9.999994635581970215e-01,-9.999994039535522461e-01,9.999904036521911621e-01,9.999984502792358398e-01,9.999990463256835938e-01,9.999918341636657715e-01,9.999994635581970215e-01,-9.999989867210388184e-01,-9.999994039535522461e-01,9.999821186065673828e-01,-9.999974370002746582e-01,-9.999979734420776367e-01,-9.999992847442626953e-01,9.999973773956298828e-01,9.999986886978149414e-01,-9.999979138374328613e-01,-9.999958276748657227e-01,9.999993443489074707e-01,9.999991655349731445e-01,9.999955892562866211e-01,-9.999993443489074707e-01,9.999991059303283691e-01,-9.999983310699462891e-01,9.999577403068542480e-01,9.999992251396179199e-01,9.999977946281433105e-01,9.999985098838806152e-01,9.999968409538269043e-01,9.999984502792358398e-01,9.999993443489074707e-01,-9.999991059303283691e-01,-9.999992847442626953e-01,-9.999980926513671875e-01,-9.999991059303283691e-01,-9.999934434890747070e-01,-9.999971985816955566e-01,-9.999985694885253906e-01,-9.999985098838806152e-01,9.999867081642150879e-01,9.999985694885253906e-01,9.999986290931701660e-01,-9.999968409538269043e-01,9.999992847442626953e-01,9.999989271163940430e-01,9.999968409538269043e-01,-9.999971389770507812e-01,-9.999993443489074707e-01,-9.999993443489074707e-01,-9.999956488609313965e-01,-9.999988079071044922e-01,9.999992847442626953e-01,-9.999992251396179199e-01,9.999985694885253906e-01,9.999977946281433105e-01,-9.999920725822448730e-01,9.999018907546997070e-01,-9.999986886978149414e-01,9.999916553497314453e-01,9.999989271163940430e-01,-9.999932646751403809e-01,-9.999983906745910645e-01,-9.998948574066162109e-01,9.999985098838806152e-01,-9.999993443489074707e-01,9.999810457229614258e-01,-9.999989271163940430e-01,-9.999887347221374512e-01,9.999957084655761719e-01,9.999992251396179199e-01,-9.999868869781494141e-01,9.999986290931701660e-01,-9.999989867210388184e-01,9.999989867210388184e-01,-9.999817013740539551e-01,-9.999988675117492676e-01,9.999992251396179199e-01,-9.999983906745910645e-01,-9.999824166297912598e-01,9.999994039535522461e-01,-9.999993443489074707e-01,9.999939799308776855e-01,-9.999984502792358398e-01,9.999992847442626953e-01,-9.999908804893493652e-01,-9.999865889549255371e-01,9.999990463256835938e-01,9.999971389770507812e-01,9.999896883964538574e-01,-9.999983906745910645e-01,-9.999963641166687012e-01,9.999991655349731445e-01,-9.999984502792358398e-01,9.999992251396179199e-01,-9.999986290931701660e-01,-9.999940395355224609e-01,9.999994039535522461e-01,-9.999991059303283691e-01,9.999990463256835938e-01,-9.999992251396179199e-01,-9.999938011169433594e-01,-9.999987483024597168e-01,-9.999992847442626953e-01,9.999973177909851074e-01,9.999991655349731445e-01,-9.999983906745910645e-01,9.999838471412658691e-01,-9.999967217445373535e-01,-9.998139739036560059e-01,-9.999986886978149414e-01
-9.999983906745910645e-01,9.999983310699462891e-01,9.999879002571105957e-01,-9.999984502792358398e-01,-9.999991059303283691e-01,9.999986886978149414e-01,-9.999914169311523438e-01,-9.999991655349731445e-01,9.999972581863403320e-01,-9.999969005584716797e-01,9.999969005584716797e-01,9.999991059303283691e-01,-9.999983906745910645e-01,-9.999980330467224121e-01,-9.999566078186035156e-01,-9.999980926513671875e-01,-9.999980926513671875e-01,9.999985694885253906e-01,-9.999768137931823730e-01,9.999992251396179199e-01,9.999991059303283691e-01,-9.999876618385314941e-01,-9.999979734420776367e-01,-9.999987483024597168e-01,-9.999895095825195312e-01,-9.999992251396179199e-01,9.999986886978149414e-01,9.999991059303283691e-01,-9.999771118164062500e-01,9.999965429306030273e-01,9.999972581863403320e-01,9.999988675117492676e-01,-9.999964833259582520e-01,-9.999982118606567383e-01,9.999972581863403320e-01,9.999945759773254395e-01,-9.999991655349731445e-01,-9.999988079071044922e-01,-9.999942779541015625e-01,9.999990463256835938e-01,-9.999986886978149414e-01,9.999977350234985352e-01,-9.999458789825439453e-01,-9.999987483024597168e-01,-9.999971389770507812e-01,-9.999978542327880859e-01,-9.999959468841552734e-01,-9.999979138374328613e-01,-9.999989271163940430e-01,9.999988079071044922e-01,9.999988675117492676e-01,9.999974966049194336e-01,9.999986886978149414e-01,9.999917149543762207e-01,9.999962449073791504e-01,9.999980926513671875e-01,9.999980926513671875e-01,-9.999829530715942383e-01,-9.999980330467224121e-01,-9.999981522560119629e-01,9.999958872795104980e-01,-9.999989867210388184e-01,-9.999985694885253906e-01,-9.999958276748657227e-01,9.999960660934448242e-01,9.999989271163940430e-01,9.999990463256835938e-01,9.999943971633911133e-01,9.999985098838806152e-01,-9.999991059303283691e-01,9.999987483024597168e-01,-9.999980330467224121e-01,-9.999970793724060059e-01,9.999898076057434082e-01,-9.998744726181030273e-01,9.999982118606567383e-01,-9.999891519546508789e-01,-9.999986290931701660e-01,9.999912381172180176e-01,9.999978542327880859e-01,9.998655915260314941e-01,-9.999978542327880859e-01,9.999989867210388184e-01,-9.999758005142211914e-01,9.999985694885253906e-01,9.999855160713195801e-01,-9.999944567680358887e-01,-9.999988675117492676e-01,9.999832510948181152e-01,-9.999980926513671875e-01,9.999986290931701660e-01,-9.999986290931701660e-01,9.999765157699584961e-01,9.999984502792358398e-01,-9.999987483024597168e-01,9.999978542327880859e-01,9.999774694442749023e-01,-9.999991059303283691e-01,9.999989271163940430e-01,-9.999921917915344238e-01,9.999977350234985352e-01,-9.999988079071044922e-01,9.999881982803344727e-01,9.999828338623046875e-01,-9.999986290931701660e-01,-9.999963045120239258e-01,-9.999867677688598633e-01,9.999978542327880859e-01,9.999954700469970703e-01,-9.999986290931701660e-01,9.999979138374328613e-01,-9.999988079071044922e-01,9.999982714653015137e-01,9.999923110008239746e-01,-9.999992251396179199e-01,9.999986886978149414e-01,-9.999986290931701660e-01,9.999989271163940430e-01,9.999919533729553223e-01,9.999982118606567383e-01,9.999990463256835938e-01,-9.999964833259582520e-01,-9.999988079071044922e-01,9.999977946281433105e-01,-9.999791979789733887e-01,9.999957680702209473e-01,9.997622966766357422e-01,9.999982118606567383e-01
9.999892711639404297e-01,-9.999891519546508789e-01,-9.999138712882995605e-01,9.999895095825195312e-01,9.999934434890747070e-01,-9.999914169311523438e-01,9.999383687973022461e-01,9.999940395355224609e-01,-9.999812245368957520e-01,9.999790191650390625e-01,-9.999784231185913086e-01,-9.999933838844299316e-01,9.999889731407165527e-01,9.999862313270568848e-01,9.996912479400634766e-01,9.999874830245971680e-01,9.999868869781494141e-01,-9.999900460243225098e-01,9.998345971107482910e-01,-9.999944567680358887e-01,-9.999935626983642578e-01,9.999125599861145020e-01,9.999859333038330078e-01,9.999911785125732422e-01,9.999258518218994141e-01,9.999942779541015625e-01,-9.999909400939941406e-01,-9.999935626983642578e-01,9.998364448547363281e-01,-9.999764561653137207e-01,-9.999815225601196289e-01,-9.999919533729553223e-01,9.999758601188659668e-01,9.999875426292419434e-01,-9.999814033508300781e-01,-9.999619722366333008e-01,9.999939203262329102e-01,9.999922513961791992e-01,9.999595284461975098e-01,-9.999931454658508301e-01,9.999908208847045898e-01,-9.999843835830688477e-01,9.996155500411987305e-01,9.999917745590209961e-01,9.999804496765136719e-01,9.999860525131225586e-01,9.999716877937316895e-01,9.999853968620300293e-01,9.999927282333374023e-01,-9.999915957450866699e-01,-9.999923110008239746e-01,-9.999831318855285645e-01,-9.999912977218627930e-01,-9.999414682388305664e-01,-9.999743700027465820e-01,-9.999865889549255371e-01,-9.999874830245971680e-01,9.998790025711059570e-01,9.999862313270568848e-01,9.999872446060180664e-01,-9.999719262123107910e-01,9.999934434890747070e-01,9.999900460243225098e-01,9.999718070030212402e-01,-9.999732971191406250e-01,-9.999927878379821777e-01,-9.999937415122985840e-01,-9.999599456787109375e-01,-9.999895095825195312e-01,9.999933242797851562e-01,-9.999918937683105469e-01,9.999865293502807617e-01,9.999801516532897949e-01,-9.999272227287292480e-01,9.991077184677124023e-01,-9.999883174896240234e-01,9.999234080314636230e-01,9.999902844429016113e-01,-9.999376535415649414e-01,-9.999848604202270508e-01,-9.990450143814086914e-01,9.999860525131225586e-01,-9.999929070472717285e-01,9.998275637626647949e-01,-9.999905824661254883e-01,-9.998967647552490234e-01,9.999606013298034668e-01,9.999924898147583008e-01,-9.998805522918701172e-01,9.999875426292419434e-01,-9.999903440475463867e-01,9.999904036521911621e-01,-9.998326897621154785e-01,-9.999896883964538574e-01,9.999914765357971191e-01,-9.999858140945434570e-01,-9.998394250869750977e-01,9.999935030937194824e-01,-9.999927878379821777e-01,9.999453425407409668e-01,-9.999852180480957031e-01,9.999920725822448730e-01,-9.999161362648010254e-01,-9.998780488967895508e-01,9.999909400939941406e-01,9.999741315841674805e-01,9.999061822891235352e-01,-9.999849200248718262e-01,-9.999675750732421875e-01,9.999910593032836914e-01,-9.999853968620300293e-01,9.999917149543762207e-01,-9.999880194664001465e-01,-9.999460577964782715e-01,9.999942183494567871e-01,-9.999907612800598145e-01,9.999909400939941406e-01,-9.999926090240478516e-01,-9.999426007270812988e-01,-9.999881982803344727e-01,-9.999930858612060547e-01,9.999753236770629883e-01,9.999921321868896484e-01,-9.999849200248718262e-01,9.998517632484436035e-01,-9.999705553054809570e-01,-9.983104467391967773e-01,-9.999873638153076172e-01
9.999989271163940430e-01,-9.999988675117492676e-01,-9.999915361404418945e-01,9.999989271163940430e-01,9.999993443489074707e-01,-9.999991655349731445e-01,9.999940395355224609e-01,9.999994039535522461e-01,-9.999980926513671875e-01,9.999979138374328613e-01,-9.999978542327880859e-01,-9.999993443489074707e-01,9.999989867210388184e-01,9.999986290931701660e-01,9.999697208404541016e-01,9.999987483024597168e-01,9.999987483024597168e-01,-9.999990463256835938e-01,9.999837875366210938e-01,-9.999994635581970215e-01,-9.999994039535522461e-01,9.999913573265075684e-01,9.999985694885253906e-01,9.999992847442626953e-01,9.999927282333374023e-01,9.999995231628417969e-01,-9.999991655349731445e-01,-9.999994635581970215e-01,9.999839663505554199e-01,-9.999977350234985352e-01,-9.999980330467224121e-01,-9.999992251396179199e-01,9.999976158142089844e-01,9.999988079071044922e-01,-9.999981522560119629e-01,-9.999961853027343750e-01,9.999994039535522461e-01,9.999992847442626953e-01,9.999959468841552734e-01,-9.999993443489074707e-01,9.999991059303283691e-01,-9.999984502792358398e-01,9.999622106552124023e-01,9.999992251396179199e-01,9.999980330467224121e-01,9.999986290931701660e-01,9.999971389770507812e-01,9.999985098838806152e-01,9.999994039535522461e-01,-9.999992251396179199e-01,-9.999991655349731445e-01,-9.999983310699462891e-01,-9.999990463256835938e-01,-9.999942779541015625e-01,-9.999973773956298828e-01,-9.999986886978149414e-01,-9.999987483024597168e-01,9.999881386756896973e-01,9.999986886978149414e-01,9.999986886978149414e-01,-9.999971985816955566e-01,9.999992847442626953e-01,9.999990463256835938e-01,9.999971985816955566e-01,-9.999972581863403320e-01,-9.999993443489074707e-01,-9.999994039535522461e-01,-9.999960064888000488e-01,-9.999989271163940430e-01,9.999994635581970215e-01,-9.999992251396179199e-01,9.999986290931701660e-01,9.999980330467224121e-01,-9.999928474426269531e-01,9.999122023582458496e-01,-9.999988079071044922e-01,9.999924898147583008e-01,9.999991059303283691e-01,-9.999938607215881348e-01,-9.999984502792358398e-01,-9.999060630798339844e-01,9.999985694885253906e-01,-9.999994039535522461e-01,9.999830722808837891e-01,-9.999991059303283691e-01,-9.999898672103881836e-01,9.999960660934448242e-01,9.999992847442626953e-01,-9.999883770942687988e-01,9.999986886978149414e-01,-9.999992251396179199e-01,9.999991059303283691e-01,-9.999835491180419922e-01,-9.999989867210388184e-01,9.999991655349731445e-01,-9.999985098838806152e-01,-9.999842047691345215e-01,9.999994039535522461e-01,-9.999994039535522461e-01,9.999945759773254395e-01,-9.999984502792358398e-01,9.999992251396179199e-01,-9.999917745590209961e-01,-9.999879598617553711e-01,9.999990463256835938e-01,9.999974370002746582e-01,9.999907016754150391e-01,-9.999985694885253906e-01,-9.999967813491821289e-01,9.999991655349731445e-01,-9.999985098838806152e-01,9.999992251396179199e-01,-9.999988079071044922e-01,-9.999946355819702148e-01,9.999994635581970215e-01,-9.999991059303283691e-01,9.999990463256835938e-01,-9.999992847442626953e-01,-9.999943375587463379e-01,-9.999988675117492676e-01,-9.999992847442626953e-01,9.999976158142089844e-01,9.999992251396179199e-01,-9.999985098838806152e-01,9.999854564666748047e-01,-9.999971389770507812e-01,-9.998337626457214355e-01,-9.999987483024597168e-01
-9.999966621398925781e-01,9.999966025352478027e-01,9.999737143516540527e-01,-9.999966621398925781e-01,-9.999979734420776367e-01,9.999972581863403320e-01,-9.999812245368957520e-01,-9.999980926513671875e-01,9.999942183494567871e-01,-9.999935626983642578e-01,9.999933838844299316e-01,9.999979734420776367e-01,-9.999966621398925781e-01,-9.999957680702209473e-01,-9.999054670333862305e-01,-9.999960660934448242e-01,-9.999960064888000488e-01,9.999969005584716797e-01,-9.999493956565856934e-01,9.999982118606567383e-01,9.999979734420776367e-01,-9.999732971191406250e-01,-9.999957084655761719e-01,-9.999971985816955566e-01,-9.999773502349853516e-01,-9.999982714653015137e-01,9.999971389770507812e-01,9.999979734420776367e-01,-9.999500513076782227e-01,9.999927878379821777e-01,9.999943375587463379e-01,9.999974966049194336e-01,-9.999926090240478516e-01,-9.999961256980895996e-01,9.999942779541015625e-01,9.999883770942687988e-01,-9.999980926513671875e-01,-9.999975562095642090e-01,-9.999876022338867188e-01,9.999978542327880859e-01,-9.999971389770507812e-01,9.999951720237731934e-01,-9.998824000358581543e-01,-9.999974370002746582e-01,-9.999939799308776855e-01,-9.999956488609313965e-01,-9.999912977218627930e-01,-9.999955296516418457e-01,-9.999977350234985352e-01,9.999973773956298828e-01,9.999976158142089844e-01,9.999947547912597656e-01,9.999972581863403320e-01,9.999820590019226074e-01,9.999921321868896484e-01,9.999958872795104980e-01,9.999960064888000488e-01,-9.999629855155944824e-01,-9.999958276748657227e-01,-9.999959468841552734e-01,9.999912977218627930e-01,-9.999979138374328613e-01,-9.999968409538269043e-01,-9.999913573265075684e-01,9.999918341636657715e-01,9.999977946281433105e-01,9.999980330467224121e-01,9.999877214431762695e-01,9.999966621398925781e-01,-9.999979734420776367e-01,9.999975562095642090e-01,-9.999958872795104980e-01,-9.999938607215881348e-01,9.999777674674987793e-01,-9.997270107269287109e-01,9.999962449073791504e-01,-9.999766349792480469e-01,-9.999969601631164551e-01,9.999809265136718750e-01,9.999953508377075195e-01,9.997077584266662598e-01,-9.999957084655761719e-01,9.999977946281433105e-01,-9.999472498893737793e-01,9.999970197677612305e-01,9.999684691429138184e-01,-9.999878406524658203e-01,-9.999975562095642090e-01,9.999634623527526855e-01,-9.999960064888000488e-01,9.999969601631164551e-01,-9.999970197677612305e-01,9.999487996101379395e-01,9.999967217445373535e-01,-9.999973177909851074e-01,9.999956488609313965e-01,9.999508261680603027e-01,-9.999980330467224121e-01,9.999977946281433105e-01,-9.999832510948181152e-01,9.999954104423522949e-01,-9.999974966049194336e-01,9.999743700027465820e-01,9.999626278877258301e-01,-9.999971389770507812e-01,-9.999920725822448730e-01,-9.999713897705078125e-01,9.999953508377075195e-01,9.999901056289672852e-01,-9.999971985816955566e-01,9.999955296516418457e-01,-9.999973773956298828e-01,9.999962449073791504e-01,9.999834895133972168e-01,-9.999981522560119629e-01,9.999971985816955566e-01,-9.999971985816955566e-01,9.999976754188537598e-01,9.999824762344360352e-01,9.999963045120239258e-01,9.999978542327880859e-01,-9.999925494194030762e-01,-9.999974370002746582e-01,9.999953508377075195e-01,-9.999546408653259277e-01,9.999909996986389160e-01,9.994828701019287109e-01,9.999960660934448242e-01
9.999962449073791504e-01,-9.999962449073791504e-01,-9.999706149101257324e-01,9.999963045120239258e-01,9.999976754188537598e-01,-9.999969005584716797e-01,9.999790191650390625e-01,9.999979138374328613e-01,-9.999935626983642578e-01,9.999927878379821777e-01,-9.999926090240478516e-01,-9.999977350234985352e-01,9.999962449073791504e-01,9.999953508377075195e-01,9.998944997787475586e-01,9.999957084655761719e-01,9.999954700469970703e-01,-9.999965429306030273e-01,9.999434947967529297e-01,-9.999980330467224121e-01,-9.999977350234985352e-01,9.999701976776123047e-01,9.999951720237731934e-01,9.999969601631164551e-01,9.999747276306152344e-01,9.999980330467224121e-01,-9.999968409538269043e-01,-9.999977946281433105e-01,9.999440908432006836e-01,-9.999920129776000977e-01,-9.999936819076538086e-01,-9.999971985816955566e-01,9.999917745590209961e-01,9.999957084655761719e-01,-9.999936223030090332e-01,-9.999870061874389648e-01,9.999977946281433105e-01,9.999972581863403320e-01,9.999861717224121094e-01,-9.999976754188537598e-01,9.999967813491821289e-01,-9.999946951866149902e-01,9.998686909675598145e-01,9.999971389770507812e-01,9.999933242797851562e-01,9.999952316284179688e-01,9.999902844429016113e-01,9.999949932098388672e-01,9.999974966049194336e-01,-9.999970197677612305e-01,-9.999973177909851074e-01,-9.999942183494567871e-01,-9.999969601631164551e-01,-9.999800324440002441e-01,-9.999912381172180176e-01,-9.999954104423522949e-01,-9.999956488609313965e-01,9.999586343765258789e-01,9.999953508377075195e-01,9.999956488609313965e-01,-9.999902844429016113e-01,9.999977350234985352e-01,9.999964833259582520e-01,9.999903440475463867e-01,-9.999908804893493652e-01,-9.999975562095642090e-01,-9.999977946281433105e-01,-9.999862909317016602e-01,-9.999963641166687012e-01,9.999977350234985352e-01,-9.999971389770507812e-01,9.999954104423522949e-01,9.999931454658508301e-01,-9.999752640724182129e-01,9.996951222419738770e-01,-9.999959468841552734e-01,9.999737739562988281e-01,9.999966025352478027e-01,-9.999787807464599609e-01,-9.999948143959045410e-01,-9.996736049652099609e-01,9.999952912330627441e-01,-9.999975562095642090e-01,9.999411702156066895e-01,-9.999967217445373535e-01,-9.999647736549377441e-01,9.999865293502807617e-01,9.999972581863403320e-01,-9.999592304229736328e-01,9.999957084655761719e-01,-9.999967217445373535e-01,9.999967217445373535e-01,-9.999428391456604004e-01,-9.999963045120239258e-01,9.999970793724060059e-01,-9.999950528144836426e-01,-9.999451041221618652e-01,9.999977946281433105e-01,-9.999975562095642090e-01,9.999813437461853027e-01,-9.999949336051940918e-01,9.999972581863403320e-01,-9.999713897705078125e-01,-9.999582767486572266e-01,9.999968409538269043e-01,9.999911785125732422e-01,9.999679923057556152e-01,-9.999948740005493164e-01,-9.999888539314270020e-01,9.999969601631164551e-01,-9.999949932098388672e-01,9.999970793724060059e-01,-9.999958872795104980e-01,-9.999815225601196289e-01,9.999980330467224121e-01,-9.999967813491821289e-01,9.999967813491821289e-01,-9.999974370002746582e-01,-9.999803900718688965e-01,-9.999959468841552734e-01,-9.999976158142089844e-01,9.999915957450866699e-01,9.999972581863403320e-01,-9.999948143959045410e-01,9.999493360519409180e-01,-9.999899268150329590e-01,-9.994225502014160156e-01,-9.999957084655761719e-01
-9.999961256980895996e-01,9.999961256980895996e-01,9.999697804450988770e-01,-9.999961853027343750e-01,-9.999975562095642090e-01,9.999969005584716797e-01,-9.999784231185913086e-01,-9.999978542327880859e-01,9.999933838844299316e-01,-9.999926090240478516e-01,9.999924302101135254e-01,9.999976158142089844e-01,-9.999961853027343750e-01,-9.999951720237731934e-01,-9.998915791511535645e-01,-9.999955892562866211e-01,-9.999954104423522949e-01,9.999964237213134766e-01,-9.999418854713439941e-01,9.999979734420776367e-01,9.999976754188537598e-01,-9.999693632125854492e-01,-9.999950528144836426e-01,-9.999967813491821289e-01,-9.999740123748779297e-01,-9.999979138374328613e-01,9.999967217445373535e-01,9.999976754188537598e-01,-9.999425411224365234e-01,9.999917149543762207e-01,9.999935030937194824e-01,9.999971389770507812e-01,-9.999915361404418945e-01,-9.999955892562866211e-01,9.999933242797851562e-01,9.999865293502807617e-01,-9.999977350234985352e-01,-9.999971985816955566e-01,-9.999857544898986816e-01,9.999974966049194336e-01,-9.999967813491821289e-01,9.999945759773254395e-01,-9.998649954795837402e-01,-9.999970197677612305e-01,-9.999930262565612793e-01,-9.999950528144836426e-01,-9.999900460243225098e-01,-9.999948143959045410e-01,-9.999974370002746582e-01,9.999969601631164551e-01,9.999972581863403320e-01,9.999940395355224609e-01,9.999969005584716797e-01,9.999793767929077148e-01,9.999909400939941406e-01,9.999952912330627441e-01,9.999955296516418457e-01,-9.999575018882751465e-01,-9.999951720237731934e-01,-9.999954700469970703e-01,9.999901056289672852e-01,-9.999976158142089844e-01,-9.999964237213134766e-01,-9.999900460243225098e-01,9.999906420707702637e-01,9.999974966049194336e-01,9.999977350234985352e-01,9.999859333038330078e-01,9.999962449073791504e-01,-9.999975562095642090e-01,9.999970793724060059e-01,-9.999952316284179688e-01,-9.999929666519165039e-01,9.999744892120361328e-01,-9.996866583824157715e-01,9.999958872795104980e-01,-9.999731779098510742e-01,-9.999965429306030273e-01,9.999781250953674316e-01,9.999946951866149902e-01,9.996646046638488770e-01,-9.999951720237731934e-01,9.999974966049194336e-01,-9.999394416809082031e-01,9.999966025352478027e-01,9.999637603759765625e-01,-9.999861121177673340e-01,-9.999972581863403320e-01,9.999580383300781250e-01,-9.999955892562866211e-01,9.999965429306030273e-01,-9.999965429306030273e-01,9.999412298202514648e-01,9.999962449073791504e-01,-9.999969005584716797e-01,9.999949932098388672e-01,9.999435544013977051e-01,-9.999976754188537598e-01,9.999973773956298828e-01,-9.999808669090270996e-01,9.999947547912597656e-01,-9.999971389770507812e-01,9.999704957008361816e-01,9.999572038650512695e-01,-9.999966621398925781e-01,-9.999909996986389160e-01,-9.999670386314392090e-01,9.999946951866149902e-01,9.999886155128479004e-01,-9.999967813491821289e-01,9.999948740005493164e-01,-9.999970197677612305e-01,9.999957680702209473e-01,9.999809861183166504e-01,-9.999979138374328613e-01,9.999967813491821289e-01,-9.999967813491821289e-01,9.999973773956298828e-01,9.999798536300659180e-01,9.999958276748657227e-01,9.999975562095642090e-01,-9.999912977218627930e-01,-9.999971389770507812e-01,9.999946951866149902e-01,-9.999479651451110840e-01,9.999896287918090820e-01,9.994063377380371094e-01,9.999955296516418457e-01
-9.999988675117492676e-01,9.999988079071044922e-01,9.999906420707702637e-01,-9.999988675117492676e-01,-9.999994039535522461e-01,9.999991059303283691e-01,-9.999933838844299316e-01,-9.999993443489074707e-01,9.999979734420776367e-01,-9.999977350234985352e-01,9.999976158142089844e-01,9.999994039535522461e-01,-9.999989271163940430e-01,-9.999985694885253906e-01,-9.999663233757019043e-01,-9.999986886978149414e-01,-9.999985694885253906e-01,9.999989271163940430e-01,-9.999819993972778320e-01,9.999994635581970215e-01,9.999993443489074707e-01,-9.999904632568359375e-01,-9.999984502792358398e-01,-9.999990463256835938e-01,-9.999920129776000977e-01,-9.999994635581970215e-01,9.999990463256835938e-01,9.999994039535522461e-01,-9.999822378158569336e-01,9.999974370002746582e-01,9.999979734420776367e-01,9.999991655349731445e-01,-9.999973177909851074e-01,-9.999986886978149414e-01,9.999979734420776367e-01,9.999959468841552734e-01,-9.999993443489074707e-01,-9.999991655349731445e-01,-9.999956488609313965e-01,9.999992847442626953e-01,-9.999991059303283691e-01,9.999982714653015137e-01,-9.999580979347229004e-01,-9.999991059303283691e-01,-9.999978542327880859e-01,-9.999984502792358398e-01,-9.999969601631164551e-01,-9.999984502792358398e-01,-9.999992251396179199e-01,9.999991059303283691e-01,9.999992251396179199e-01,9.999982118606567383e-01,9.999991059303283691e-01,9.999936223030090332e-01,9.999971389770507812e-01,9.999985098838806152e-01,9.999986290931701660e-01,-9.999868273735046387e-01,-9.999985694885253906e-01,-9.999986290931701660e-01,9.999969005584716797e-01,-9.999993443489074707e-01,-9.999989271163940430e-01,-9.999969005584716797e-01,9.999970197677612305e-01,9.999993443489074707e-01,9.999993443489074707e-01,9.999957084655761719e-01,9.999988675117492676e-01,-9.999994039535522461e-01,9.999991655349731445e-01,-9.999985098838806152e-01,-9.999978542327880859e-01,9.999921917915344238e-01,-9.999026656150817871e-01,9.999986886978149414e-01,-9.999916553497314453e-01,-9.999989867210388184e-01,9.999932050704956055e-01,9.999983906745910645e-01,9.998958110809326172e-01,-9.999984502792358398e-01,9.999993443489074707e-01,-9.999812841415405273e-01,9.999989271163940430e-01,9.999888539314270020e-01,-9.999957680702209473e-01,-9.999992251396179199e-01,9.999870657920837402e-01,-9.999986290931701660e-01,9.999989867210388184e-01,-9.999989867210388184e-01,9.999818801879882812e-01,9.999988675117492676e-01,-9.999992251396179199e-01,9.999983906745910645e-01,9.999825358390808105e-01,-9.999994039535522461e-01,9.999993443489074707e-01,-9.999940395355224609e-01,9.999983310699462891e-01,-9.999991655349731445e-01,9.999908804893493652e-01,9.999867081642150879e-01,-9.999990463256835938e-01,-9.999971389770507812e-01,-9.999898076057434082e-01,9.999983310699462891e-01,9.999964237213134766e-01,-9.999990463256835938e-01,9.999983906745910645e-01,-9.999992251396179199e-01,9.999986886978149414e-01,9.999940991401672363e-01,-9.999994635581970215e-01,9.999990463256835938e-01,-9.999990463256835938e-01,9.999993443489074707e-01,9.999937415122985840e-01,9.999986886978149414e-01,9.999992847442626953e-01,-9.999973177909851074e-01,-9.999991655349731445e-01,9.999983310699462891e-01,-9.999839663505554199e-01,9.999967217445373535e-01,9.998157024383544922e-01,9.999985694885253906e-01
