5.048607587814331055e-01,1.037201099097728729e-02,-1.299284249544143677e-01,-2.620643004775047302e-03,1.937634944915771484e-01,-1.128889098763465881e-01,1.072024255990982056e-01,3.528428673744201660e-01,8.012800663709640503e-02,4.026555269956588745e-02,-6.736449897289276123e-02,-4.217819496989250183e-02,5.588023737072944641e-02,3.459605276584625244e-01,2.183105051517486572e-01,1.114854365587234497e-01,1.795842035789974034e-05,-3.301978483796119690e-02,1.021444424986839294e-01,-4.647309333086013794e-02,-1.322970092296600342e-01,4.529314860701560974e-02,3.213592991232872009e-02,4.150613769888877869e-02,-1.056017819792032242e-02,-9.791508782655000687e-04,1.400927361100912094e-02,-2.488741427659988403e-01,6.117830425500869751e-02,-2.162470519542694092e-01,-1.328840702772140503e-01,-3.519111126661300659e-02,3.817908838391304016e-02,5.200774595141410828e-02,-2.757029049098491669e-02,-7.517343759536743164e-02,-1.954826153814792633e-02,3.066373430192470551e-02,-2.953841686248779297e-01,-3.635852038860321045e-01,1.603159308433532715e-01,8.801757544279098511e-02,-1.964436843991279602e-02,2.151638083159923553e-02,5.132640153169631958e-02,-1.157086566090583801e-01,-1.893586218357086182e-01,-1.141286864876747131e-01,3.544680401682853699e-02,6.839891523122787476e-02,-7.328734546899795532e-02,-3.997397050261497498e-02,8.748290687799453735e-02,-8.175384998321533203e-02,-7.326181232929229736e-02,-1.222271397709846497e-01,6.539388000965118408e-02,1.365782506763935089e-02,-1.452718116343021393e-02,-4.141009226441383362e-02,2.549148350954055786e-02,3.728226292878389359e-04,1.310277543962001801e-02,1.065089479088783264e-01,-1.887044496834278107e-02,1.744667254388332367e-02,-6.118951737880706787e-02,1.860199123620986938e-01,-9.201850742101669312e-02,1.403659135103225708e-01,-1.755894869565963745e-01,-9.373205155134201050e-02,6.068390607833862305e-02,1.200146600604057312e-01,-9.850818663835525513e-02,-2.018252462148666382e-01,-5.955004598945379257e-03,1.175367385149002075e-01,-1.912364661693572998e-01,-4.620004817843437195e-02,7.997201383113861084e-02,1.650495338253676891e-03,-2.471556663513183594e-01,-4.207655787467956543e-03,-2.592107355594635010e-01,-4.231311008334159851e-02,2.917581796646118164e-01,4.875440499745309353e-04,-2.737315371632575989e-02,3.263079747557640076e-02,-8.948075026273727417e-02,-4.048630129545927048e-03,7.833620160818099976e-02,-1.315881460905075073e-01,-3.176901489496231079e-02,-1.710368394851684570e-01,3.047195971012115479e-01,-3.083130577579140663e-04,-1.338150352239608765e-01,2.465494573116302490e-01,-7.578569650650024414e-02,2.045931220054626465e-01,-3.796459734439849854e-02,-2.594065479934215546e-02,-4.117438197135925293e-02,2.204262018203735352e-01,7.869489490985870361e-02,8.877639658749103546e-03,-2.753489315509796143e-01,1.492026261985301971e-02,3.273265808820724487e-02,4.334965720772743225e-02,-5.362828727811574936e-03,-2.499778866767883301e-01,1.314635425806045532e-01,-1.262172609567642212e-01,3.411504626274108887e-01,-8.669726550579071045e-02,-3.245315253734588623e-01,-8.341603912413120270e-03,-5.143876746296882629e-02,1.729190051555633545e-01,1.194348409771919250e-01,3.745218738913536072e-02,5.223321914672851562e-02,-1.710266023874282837e-01,-1.856039837002754211e-02,8.436465263366699219e-02
1.037201099097728729e-02,1.683072932064533234e-02,-1.051433235406875610e-01,7.516274601221084595e-02,5.864879488945007324e-02,-3.321054205298423767e-02,-5.478383973240852356e-03,3.484007716178894043e-02,1.262689195573329926e-02,3.093873336911201477e-02,1.048424933105707169e-02,-4.428375512361526489e-02,8.890064805746078491e-02,5.759616196155548096e-02,1.053941920399665833e-01,9.759952872991561890e-02,7.252881769090890884e-04,7.061550766229629517e-02,-4.847783595323562622e-02,-5.753778293728828430e-02,-2.997822128236293793e-02,1.094530001282691956e-01,5.926934629678726196e-02,-9.479525499045848846e-03,1.325288880616426468e-02,1.220214962959289551e-01,-1.150730177760124207e-01,-3.442817926406860352e-02,8.494498580694198608e-02,5.273284390568733215e-03,5.838948301970958710e-03,-1.068659499287605286e-01,7.969202101230621338e-02,5.480083450675010681e-02,-2.769445069134235382e-03,-1.139427870512008667e-01,1.495002023875713348e-02,4.352813214063644409e-02,-6.372077018022537231e-02,-6.967529654502868652e-02,9.467835724353790283e-02,3.389246296137571335e-03,1.024722307920455933e-01,1.380965858697891235e-02,2.531007165089249611e-03,-7.542832195758819580e-02,-1.114882826805114746e-01,-2.878903038799762726e-02,-7.367362268269062042e-03,1.328102219849824905e-02,-2.123809605836868286e-02,-4.654313437640666962e-03,3.399902582168579102e-02,2.362786559388041496e-03,-1.241373643279075623e-02,-1.152010187506675720e-01,2.663845941424369812e-02,9.924564510583877563e-03,-4.593999683856964111e-02,-5.863660946488380432e-02,-4.167892038822174072e-03,1.103881374001502991e-02,4.110525827854871750e-03,2.273726277053356171e-02,3.799736499786376953e-03,-2.510684914886951447e-02,3.437611833214759827e-02,1.077952459454536438e-01,-1.036806255578994751e-01,1.336503028869628906e-02,-7.729717344045639038e-02,9.084708057343959808e-03,-2.544277906417846680e-02,1.061639934778213501e-01,-2.808545902371406555e-02,-9.416970610618591309e-02,-3.023438388481736183e-03,1.207469031214714050e-01,-3.042509220540523529e-02,-9.428925067186355591e-02,1.071038842201232910e-01,1.497944351285696030e-03,-7.976066321134567261e-02,3.494266187772154808e-03,-7.270412147045135498e-02,-1.045720726251602173e-01,4.111958295106887817e-02,5.882847122848033905e-03,5.398804694414138794e-02,2.964950166642665863e-02,-2.379591204226016998e-02,-2.139062620699405670e-02,-9.017830342054367065e-02,3.435634076595306396e-02,-9.388781338930130005e-02,5.660383496433496475e-03,6.900162994861602783e-02,-1.605289726285263896e-04,-6.521733105182647705e-02,4.918054491281509399e-02,-2.712059020996093750e-02,3.550210222601890564e-02,-1.122115626931190491e-01,-2.665157243609428406e-02,1.184540465474128723e-01,4.416401032358407974e-03,-7.541036605834960938e-02,-1.014173552393913269e-01,-1.591736823320388794e-02,-1.089788507670164108e-02,7.959440350532531738e-02,-3.843123093247413635e-02,-9.541524201631546021e-02,-1.966647244989871979e-02,1.232335716485977173e-01,-1.009436249732971191e-01,5.853822454810142517e-02,2.479373477399349213e-02,-1.045422628521919250e-01,3.502706065773963928e-02,5.518193170428276062e-02,8.274941146373748779e-02,1.058937907218933105e-01,-5.283515527844429016e-02,-8.516992628574371338e-02,-4.523895680904388428e-02,1.571915810927748680e-03,4.975482076406478882e-02
-1.299284249544143677e-01,-1.051433235406875610e-01,7.599185705184936523e-01,-5.524448752403259277e-01,-3.853806257247924805e-01,1.790950447320938110e-01,-4.726010188460350037e-02,-2.929105758666992188e-01,-7.143852859735488892e-02,-2.387333661317825317e-01,-6.062099337577819824e-02,3.311038911342620850e-01,-5.856779217720031738e-01,-4.730419218540191650e-01,-7.130246758460998535e-01,-6.572008728981018066e-01,-1.253477856516838074e-02,-4.230015873908996582e-01,3.687156438827514648e-01,4.508323669433593750e-01,2.015428245067596436e-01,-7.420464158058166504e-01,-4.990606904029846191e-01,1.496512293815612793e-01,-9.359972178936004639e-02,-7.526969909667968750e-01,7.252366542816162109e-01,2.166390269994735718e-01,-6.482049226760864258e-01,5.754382535815238953e-02,1.592948846518993378e-02,7.220799326896667480e-01,-5.719158053398132324e-01,-4.407140016555786133e-01,2.967304363846778870e-02,7.458240985870361328e-01,-1.059011295437812805e-01,-3.220097422599792480e-01,5.112925767898559570e-01,5.374814867973327637e-01,-6.569128036499023438e-01,-3.797987475991249084e-02,-6.535487771034240723e-01,-1.052077710628509521e-01,-2.627988159656524658e-02,5.873190760612487793e-01,7.709541916847229004e-01,2.205434292554855347e-01,1.788411661982536316e-02,-1.885375386336818337e-04,1.258444190025329590e-01,1.694869808852672577e-02,-2.411505877971649170e-01,6.858696043491363525e-02,8.673911541700363159e-02,7.617254257202148438e-01,-2.248811721801757812e-01,-7.647031545639038086e-02,2.701139450073242188e-01,4.250637590885162354e-01,7.414732873439788818e-02,-1.367529183626174927e-01,-3.347478434443473816e-02,-2.102472335100173950e-01,-3.668222203850746155e-02,1.753214299678802490e-01,-1.882979273796081543e-01,-7.009838819503784180e-01,7.044553756713867188e-01,-7.424230128526687622e-02,6.153317093849182129e-01,1.075666677206754684e-02,1.585412621498107910e-01,-7.377420067787170410e-01,2.103885263204574585e-01,6.596862077713012695e-01,2.084952406585216522e-02,-8.219320178031921387e-01,2.854682207107543945e-01,6.913624405860900879e-01,-7.600574493408203125e-01,-1.162992510944604874e-02,5.712456107139587402e-01,-2.117955870926380157e-02,5.711994767189025879e-01,6.177417635917663574e-01,-3.671910166740417480e-01,-3.958259150385856628e-02,-3.564979434013366699e-01,-2.431532889604568481e-01,1.768128573894500732e-01,1.561969816684722900e-01,6.039344072341918945e-01,-2.077494114637374878e-01,6.646310091018676758e-01,2.203235961496829987e-02,-4.992119073867797852e-01,1.263708691112697124e-03,4.829806685447692871e-01,-4.632088541984558105e-01,2.543596923351287842e-01,-3.328160941600799561e-01,7.433804869651794434e-01,2.011234760284423828e-01,-7.817378640174865723e-01,-1.487603485584259033e-01,5.513935089111328125e-01,6.836270689964294434e-01,1.228103712201118469e-01,7.601553201675415039e-02,-5.364589691162109375e-01,3.743830919265747070e-01,6.402090191841125488e-01,3.285902366042137146e-02,-7.758633494377136230e-01,6.910800933837890625e-01,-4.675768017768859863e-01,-2.236704677343368530e-01,7.475044131278991699e-01,-2.546136677265167236e-01,-4.010418951511383057e-01,-6.317304968833923340e-01,-7.095307707786560059e-01,3.324341177940368652e-01,6.195428967475891113e-01,4.389667212963104248e-01,-3.713270649313926697e-02,-4.269733428955078125e-01
-2.620643004775047302e-03,7.516274601221084595e-02,-5.524448752403259277e-01,5.979168415069580078e-01,2.149288654327392578e-01,-6.138722971081733704e-02,-5.328962951898574829e-02,1.494909077882766724e-01,3.513758629560470581e-02,1.686574816703796387e-01,-1.458683330565690994e-02,-2.587395012378692627e-01,3.246859014034271240e-01,3.981131017208099365e-01,5.238405466079711914e-01,4.494924545288085938e-01,1.568446308374404907e-02,4.171710014343261719e-01,-3.274378776550292969e-01,-2.821664512157440186e-01,-3.192771375179290771e-01,6.259825825691223145e-01,3.458597064018249512e-01,-1.622160524129867554e-01,8.913546800613403320e-02,5.789974331855773926e-01,-5.397484302520751953e-01,1.716144179226830602e-04,3.698284924030303955e-01,1.397643983364105225e-01,4.432369023561477661e-03,-6.379606723785400391e-01,5.240512490272521973e-01,2.708173394203186035e-01,-5.112651735544204712e-03,-5.766551494598388672e-01,1.059951037168502808e-01,2.196624130010604858e-01,-1.931212544441223145e-01,-4.996564686298370361e-01,5.311066508293151855e-01,3.643010556697845459e-02,4.913395643234252930e-01,7.043206691741943359e-02,-3.487619012594223022e-02,-2.743858397006988525e-01,-5.445715188980102539e-01,-2.202409356832504272e-01,-4.092359170317649841e-02,7.762634009122848511e-02,-1.002658531069755554e-01,1.441962830722332001e-02,2.449615895748138428e-01,-1.207121536135673523e-01,8.675488084554672241e-02,-5.698609948158264160e-01,1.740088015794754028e-01,4.849116131663322449e-02,-1.417945921421051025e-01,-3.720893561840057373e-01,-1.314406991004943848e-01,1.311713010072708130e-01,2.976412139832973480e-02,1.752463132143020630e-01,5.910602211952209473e-02,-1.387573629617691040e-01,1.545156389474868774e-01,5.355346202850341797e-01,-5.291590690612792969e-01,-1.386099867522716522e-02,-4.262643754482269287e-01,2.253263890743255615e-01,-1.930033415555953979e-01,5.798396468162536621e-01,-1.508749872446060181e-01,-5.251876115798950195e-01,-7.207493763417005539e-03,6.168543696403503418e-01,-3.726146817207336426e-01,-5.394898653030395508e-01,6.984896659851074219e-01,8.847171440720558167e-03,-3.183135390281677246e-01,2.061249874532222748e-02,-4.532698094844818115e-01,-4.025364220142364502e-01,5.605685338377952576e-02,2.679043821990489960e-02,2.059024721384048462e-01,1.750812083482742310e-01,-8.854419738054275513e-02,-2.200080901384353638e-01,-6.137194037437438965e-01,3.023303747177124023e-01,-5.664017200469970703e-01,1.470780745148658752e-02,3.099905550479888916e-01,-8.979058475233614445e-04,-2.749967575073242188e-01,3.029828071594238281e-01,-1.437054872512817383e-01,9.412556141614913940e-02,-6.543142199516296387e-01,-1.392848044633865356e-01,6.444541215896606445e-01,2.121727913618087769e-01,-5.919166803359985352e-01,-5.574091672897338867e-01,1.951272971928119659e-02,-6.296399235725402832e-02,6.144012808799743652e-01,-3.701399266719818115e-01,-5.775579214096069336e-01,2.660541050136089325e-02,5.796633958816528320e-01,-4.645215272903442383e-01,2.074954211711883545e-01,1.428806185722351074e-01,-5.766013860702514648e-01,2.421197593212127686e-01,2.647651731967926025e-01,4.849357306957244873e-01,5.593697428703308105e-01,-2.751612067222595215e-01,-4.841130971908569336e-01,-2.891070544719696045e-01,1.956494525074958801e-02,3.120618462562561035e-01
1.937634944915771484e-01,5.864879488945007324e-02,-3.853806257247924805e-01,2.149288654327392578e-01,2.883282005786895752e-01,-1.571026891469955444e-01,3.845971822738647461e-02,2.420545965433120728e-01,5.425673350691795349e-02,1.146004721522331238e-01,1.781649701297283173e-02,-1.541705280542373657e-01,3.292336761951446533e-01,2.469795048236846924e-01,4.196739792823791504e-01,3.665884137153625488e-01,-1.637722307350486517e-04,2.076263576745986938e-01,-1.243490725755691528e-01,-2.120480090379714966e-01,-8.273329585790634155e-02,3.592264950275421143e-01,1.866226792335510254e-01,3.448730334639549255e-03,3.511133790016174316e-02,4.025263786315917969e-01,-3.868785202503204346e-01,-2.243617475032806396e-01,3.298871219158172607e-01,-1.038077697157859802e-01,-1.899994537234306335e-02,-3.307799100875854492e-01,2.556653320789337158e-01,1.918108463287353516e-01,-1.941187866032123566e-02,-3.888480663299560547e-01,3.634465858340263367e-02,1.578331589698791504e-01,-3.555997908115386963e-01,-3.095675706863403320e-01,3.614080548286437988e-01,3.931565582752227783e-02,3.272514939308166504e-01,5.366263166069984436e-02,4.429895430803298950e-02,-3.135762512683868408e-01,-4.421662390232086182e-01,-1.205012276768684387e-01,-4.588619805872440338e-03,7.291162759065628052e-02,-9.539511799812316895e-02,-3.495121002197265625e-02,1.232543364167213440e-01,1.164008863270282745e-02,-9.467222541570663452e-02,-4.244249761104583740e-01,9.796286374330520630e-02,3.779770433902740479e-02,-1.924348771572113037e-01,-1.923993527889251709e-01,1.583996228873729706e-02,2.313351072371006012e-02,1.580834202468395233e-02,1.169790551066398621e-01,1.154815312474966049e-02,-7.591876387596130371e-02,1.046642810106277466e-01,4.149641394615173340e-01,-3.493772447109222412e-01,1.170710101723670959e-01,-3.207198083400726318e-01,-4.145760089159011841e-02,-3.607235103845596313e-02,3.780237734317779541e-01,-1.241516396403312683e-01,-3.835876882076263428e-01,-1.366236712783575058e-02,4.367258548736572266e-01,-1.268849223852157593e-01,-3.167060613632202148e-01,3.502108752727508545e-01,5.101378075778484344e-03,-3.638099431991577148e-01,9.617650881409645081e-03,-3.214617073535919189e-01,-3.860233426094055176e-01,2.720261514186859131e-01,1.983073167502880096e-02,1.863457560539245605e-01,1.070158407092094421e-01,-1.299669742584228516e-01,-4.592009261250495911e-02,-2.351671159267425537e-01,3.220748528838157654e-02,-3.069660067558288574e-01,-2.658913470804691315e-02,3.555291593074798584e-01,-6.219909409992396832e-04,-2.638667821884155273e-01,2.463334798812866211e-01,-1.144979521632194519e-01,2.157858759164810181e-01,-3.595973849296569824e-01,-9.843103587627410889e-02,3.826436996459960938e-01,6.836699694395065308e-02,-1.947008073329925537e-01,-3.256345689296722412e-01,-1.758414804935455322e-01,-2.932499907910823822e-02,1.974616050720214844e-01,-8.459302037954330444e-02,-2.916993796825408936e-01,-1.613732427358627319e-01,4.704703688621520996e-01,-3.917985260486602783e-01,3.123097121715545654e-01,5.958106368780136108e-02,-4.454214870929718018e-01,9.910308569669723511e-02,1.934159994125366211e-01,3.189084231853485107e-01,3.823785781860351562e-01,-1.657778769731521606e-01,-2.459391057491302490e-01,-1.843882650136947632e-01,-2.279116306453943253e-03,1.954356431961059570e-01
-1.128889098763465881e-01,-3.321054205298423767e-02,1.790950447320938110e-01,-6.138722971081733704e-02,-1.571026891469955444e-01,2.505608797073364258e-01,-2.595846727490425110e-02,-5.115880444645881653e-02,-1.369323283433914185e-01,-8.789006620645523071e-02,4.053364973515272141e-03,8.143205195665359497e-02,-2.361979186534881592e-01,-9.000717848539352417e-02,-2.248935997486114502e-01,-2.207910269498825073e-01,-5.306758452206850052e-03,-1.246154829859733582e-01,7.751972228288650513e-02,9.308134019374847412e-02,1.492763757705688477e-01,-1.793917715549468994e-01,-5.068883672356605530e-02,1.876794546842575073e-02,-2.823408879339694977e-02,-3.090858757495880127e-01,2.147412747144699097e-01,1.329615265130996704e-01,-1.149157062172889709e-01,4.738183692097663879e-03,6.083551794290542603e-02,2.302123904228210449e-01,-1.890188604593276978e-01,-4.217878729104995728e-02,1.189787522889673710e-03,2.257641106843948364e-01,-1.978662982583045959e-02,-1.016781777143478394e-01,2.028317302465438843e-01,9.887859225273132324e-02,-2.740857303142547607e-01,-2.630553953349590302e-02,-1.224063485860824585e-01,-2.299751155078411102e-02,7.287809997797012329e-02,1.945282816886901855e-01,2.488483190536499023e-01,4.818833619356155396e-02,-4.957862570881843567e-02,-5.512797087430953979e-02,1.316642463207244873e-01,-9.098273515701293945e-02,-8.128429949283599854e-02,-5.877359956502914429e-02,2.690332755446434021e-02,2.085552215576171875e-01,-3.726949542760848999e-02,-1.892045140266418457e-02,1.428481042385101318e-01,1.052733063697814941e-01,2.147554978728294373e-02,-4.458021745085716248e-02,-8.365920744836330414e-03,-1.625077724456787109e-01,-1.720976829528808594e-02,6.185222789645195007e-02,-4.319163411855697632e-02,-2.140477150678634644e-01,2.228763997554779053e-01,-3.852485865354537964e-02,1.726277321577072144e-01,-1.021193265914916992e-01,4.995404556393623352e-02,-2.331276386976242065e-01,1.112349033355712891e-01,1.990484595298767090e-01,1.104780565947294235e-02,-2.488543242216110229e-01,7.425111532211303711e-02,1.975408941507339478e-01,-1.992552876472473145e-01,-2.586446003988385201e-03,1.656002551317214966e-01,-1.030359510332345963e-02,1.998139321804046631e-01,2.540214061737060547e-01,-1.326802819967269897e-01,-1.099395938217639923e-02,-2.020452916622161865e-01,-6.381727010011672974e-02,7.095277309417724609e-02,3.101729787886142731e-02,1.416811347007751465e-01,-7.718075066804885864e-03,2.088240236043930054e-01,-2.481888979673385620e-02,-1.263651698827743530e-01,3.648977435659617186e-04,1.229617968201637268e-01,-2.038200348615646362e-01,3.365055099129676819e-02,-1.941936463117599487e-01,2.282303571701049805e-01,6.114578992128372192e-02,-2.613245248794555664e-01,8.459138870239257812e-02,1.345192790031433105e-01,1.807788759469985962e-01,1.663486063480377197e-01,2.429473027586936951e-02,-1.242482662200927734e-01,5.818439181894063950e-03,1.453473716974258423e-01,1.105230003595352173e-01,-2.158707231283187866e-01,2.730646133422851562e-01,-1.490117907524108887e-01,-1.577505655586719513e-02,2.381422519683837891e-01,-6.570750474929809570e-02,-9.542682766914367676e-02,-1.979132145643234253e-01,-2.282457351684570312e-01,1.210745349526405334e-01,8.988983929157257080e-02,1.495237052440643311e-01,-6.824327632784843445e-03,-7.829219847917556763e-02
1.072024255990982056e-01,-5.478383973240852356e-03,-4.726010188460350037e-02,-5.328962951898574829e-02,3.845971822738647461e-02,-2.595846727490425110e-02,1.172084733843803406e-01,6.265227496623992920e-02,8.563243784010410309e-03,2.048523537814617157e-02,-1.704326644539833069e-02,2.569675911217927933e-03,1.192655880004167557e-02,4.987382330000400543e-03,2.235089801251888275e-02,3.856655675917863846e-03,1.803897786885499954e-03,-8.512278646230697632e-02,6.812992971390485764e-03,-3.760085627436637878e-02,2.833869867026805878e-02,-2.014536596834659576e-02,7.985444739460945129e-03,-6.087323185056447983e-03,-8.581413887441158295e-03,-9.309124201536178589e-03,1.798467896878719330e-02,-6.483676284551620483e-02,6.346803903579711914e-02,-1.522721052169799805e-01,-4.667584225535392761e-02,1.919384114444255829e-02,1.818984601413831115e-04,-1.009014085866510868e-03,-8.213280700147151947e-03,1.821809262037277222e-02,-1.483241003006696701e-02,1.384956482797861099e-02,-1.357866078615188599e-01,-2.523717842996120453e-02,4.309341683983802795e-02,2.253513969480991364e-02,-5.252680554986000061e-02,5.218436475843191147e-03,-6.768699735403060913e-03,-8.010946214199066162e-02,-5.713206529617309570e-02,-1.377253211103379726e-03,5.223271995782852173e-02,-1.873579993844032288e-02,-3.056120825931429863e-03,2.711789682507514954e-02,-1.138229481875896454e-02,-7.045724778436124325e-04,-4.528827965259552002e-02,-6.660119630396366119e-03,-8.974107913672924042e-04,3.076065098866820335e-03,-3.541187942028045654e-02,2.183845266699790955e-02,-6.311715114861726761e-03,2.416129037737846375e-02,1.737000304274260998e-03,8.134642243385314941e-02,1.145737431943416595e-02,5.518517456948757172e-03,-3.626437112689018250e-02,6.495471578091382980e-03,9.100451134145259857e-03,4.658995196223258972e-02,-6.005008518695831299e-02,-8.205512911081314087e-02,5.867917090654373169e-02,1.296978443861007690e-02,-3.227782994508743286e-02,-5.647549405694007874e-02,-3.667624434456229210e-03,4.421346634626388550e-02,-1.928180828690528870e-02,-9.865529835224151611e-03,5.422406829893589020e-03,-1.260609496966935694e-05,-5.778818204998970032e-02,-3.390798112377524376e-03,-7.260995358228683472e-02,2.231637015938758850e-02,1.595053970813751221e-01,-1.945092924870550632e-03,1.993468403816223145e-02,1.616219989955425262e-02,-4.321930184960365295e-02,3.003321029245853424e-02,6.168397143483161926e-02,-8.642066270112991333e-02,1.920279610203579068e-04,-5.393619090318679810e-02,6.192146614193916321e-02,-1.062364681274630129e-04,-2.587824128568172455e-02,1.133554428815841675e-01,-3.557727113366127014e-02,1.411565840244293213e-01,2.546053752303123474e-02,-9.590378962457180023e-03,2.727549709379673004e-02,5.023656412959098816e-02,2.285798080265522003e-02,3.099630214273929596e-02,-1.218766123056411743e-01,4.001489374786615372e-03,-1.073320657014846802e-01,-1.408543065190315247e-02,6.975689530372619629e-02,9.185111150145530701e-03,8.146434091031551361e-03,-5.465767532587051392e-02,8.816256374120712280e-02,7.866614498198032379e-03,-7.304888218641281128e-02,-2.005466818809509277e-02,2.792615070939064026e-02,4.920489341020584106e-02,3.907386679202318192e-03,2.062599919736385345e-02,4.378425702452659607e-02,-7.604295760393142700e-02,1.287045702338218689e-02,5.377762764692306519e-02
3.528428673744201660e-01,3.484007716178894043e-02,-2.929105758666992188e-01,1.494909077882766724e-01,2.420545965433120728e-01,-5.115880444645881653e-02,6.265227496623992920e-02,4.148154258728027344e-01,-1.300865318626165390e-03,6.451222300529479980e-02,1.268925238400697708e-02,-1.186560764908790588e-01,2.015874832868576050e-01,3.373193144798278809e-01,3.520127236843109131e-01,2.642952799797058105e-01,-2.157025504857301712e-03,7.635577023029327393e-02,-9.157224558293819427e-03,-1.470596492290496826e-01,2.148568257689476013e-02,2.500315308570861816e-01,1.655764430761337280e-01,-8.776058442890644073e-03,8.754736743867397308e-03,1.827741414308547974e-01,-2.128117084503173828e-01,-2.291127741336822510e-01,2.980247437953948975e-01,-1.795933991670608521e-01,-5.337678641080856323e-02,-1.669243723154067993e-01,9.568672627210617065e-02,2.055474966764450073e-01,-3.770848363637924194e-02,-2.747499048709869385e-01,8.057233877480030060e-03,1.041435897350311279e-01,-3.813711404800415039e-01,-3.820579349994659424e-01,2.220256775617599487e-01,5.070145055651664734e-02,2.051247358322143555e-01,4.624295234680175781e-02,1.656161099672317505e-01,-2.604801952838897705e-01,-3.574109375476837158e-01,-1.184419170022010803e-01,-1.700372807681560516e-02,-2.004670444875955582e-03,-3.313619643449783325e-02,-1.118836626410484314e-01,9.068797528743743896e-02,-8.607233315706253052e-02,-1.351187676191329956e-01,-3.327568769454956055e-01,1.173759922385215759e-01,3.414647653698921204e-02,-5.002959817647933960e-02,-1.290171146392822266e-01,4.680521041154861450e-02,-9.196433238685131073e-03,1.380582898855209351e-02,-4.871785175055265427e-03,-1.051681395620107651e-02,-2.372693270444869995e-02,1.543312333524227142e-02,3.075743019580841064e-01,-2.498977780342102051e-01,1.078444942831993103e-01,-2.828691005706787109e-01,-2.012128531932830811e-01,2.096985466778278351e-02,2.837456762790679932e-01,-7.188402861356735229e-02,-2.698654234409332275e-01,-8.941856212913990021e-03,3.156221508979797363e-01,-1.391906887292861938e-01,-2.075085341930389404e-01,2.256728857755661011e-01,4.186620004475116730e-03,-3.483296036720275879e-01,1.351717743091285229e-03,-2.713811993598937988e-01,-2.308283001184463501e-01,2.852663397789001465e-01,1.315865200012922287e-02,3.050370700657367706e-02,8.545305579900741577e-02,-1.109589040279388428e-01,3.694756422191858292e-03,-6.641333550214767456e-02,-7.768756896257400513e-02,-1.657012850046157837e-01,-1.208623424172401428e-01,3.635378181934356689e-01,-4.932719166390597820e-04,-2.462503761053085327e-01,2.212438881397247314e-01,-1.360811442136764526e-01,1.904372423887252808e-01,-2.139000445604324341e-01,-6.950375437736511230e-02,1.743886470794677734e-01,1.890363544225692749e-01,-9.750843048095703125e-03,-1.985763311386108398e-01,-1.625758707523345947e-01,-1.320065231993794441e-03,1.125636324286460876e-01,-2.516890503466129303e-02,-1.914355158805847168e-01,-1.783350557088851929e-01,3.700658082962036133e-01,-2.511184513568878174e-01,3.607933223247528076e-01,2.678980119526386261e-02,-4.195818305015563965e-01,3.819424286484718323e-02,8.500483632087707520e-02,2.414080947637557983e-01,2.459550648927688599e-01,-1.139452680945396423e-02,-1.645748466253280640e-01,-1.549217402935028076e-01,-1.206806115806102753e-02,1.598168611526489258e-01
8.012800663709640503e-02,1.262689195573329926e-02,-7.143852859735488892e-02,3.513758629560470581e-02,5.425673350691795349e-02,-1.369323283433914185e-01,8.563243784010410309e-03,-1.300865318626165390e-03,1.043105050921440125e-01,4.723138734698295593e-02,-2.716349065303802490e-02,-3.650056570768356323e-02,8.932738006114959717e-02,8.041085302829742432e-02,9.954311698675155640e-02,8.634585887193679810e-02,6.207801867276430130e-03,5.602256581187248230e-02,-3.194319084286689758e-02,-2.561661042273044586e-02,-1.663844734430313110e-01,7.833205163478851318e-02,1.310882158577442169e-02,-2.526764385402202606e-02,1.728009618818759918e-02,1.408042460680007935e-01,-7.001181691884994507e-02,-4.058531671762466431e-02,-3.874263260513544083e-03,2.941471524536609650e-02,-6.097354739904403687e-02,-1.371989399194717407e-01,1.210171654820442200e-01,-7.897245697677135468e-03,4.150480497628450394e-03,-9.323897212743759155e-02,1.163387019187211990e-02,4.070070013403892517e-02,-5.835388600826263428e-02,-7.752238959074020386e-02,1.523985266685485840e-01,2.441669069230556488e-02,1.826435327529907227e-02,6.967085413634777069e-03,-8.783794194459915161e-02,-6.007840484380722046e-02,-9.875686466693878174e-02,-3.666556254029273987e-02,3.748552128672599792e-02,4.016632214188575745e-02,-8.766254037618637085e-02,7.922632247209548950e-02,6.123612076044082642e-02,7.126769516617059708e-03,2.969455905258655548e-02,-7.275328040122985840e-02,1.524862553924322128e-02,5.827744491398334503e-03,-4.613134264945983887e-02,-5.520615354180335999e-02,-4.105999320745468140e-02,4.642272740602493286e-02,6.265709642320871353e-03,1.218758448958396912e-01,8.660564199090003967e-03,-2.924822457134723663e-02,2.337042475119233131e-03,9.491239488124847412e-02,-1.024807393550872803e-01,2.272763988003134727e-03,-7.396306097507476807e-02,1.194119527935981750e-01,-4.076205939054489136e-02,1.111095547676086426e-01,-7.041338086128234863e-02,-9.735652804374694824e-02,-3.970453981310129166e-03,1.052526310086250305e-01,-8.768622577190399170e-02,-9.326019883155822754e-02,1.170333623886108398e-01,1.239550532773137093e-03,-4.807487130165100098e-02,5.467809271067380905e-03,-1.181145980954170227e-01,-8.120784908533096313e-02,3.679876029491424561e-02,3.075839951634407043e-03,9.510192275047302246e-02,2.902905456721782684e-02,-2.304400689899921417e-02,-4.167416319251060486e-02,-8.293709158897399902e-02,2.474163100123405457e-02,-1.072898730635643005e-01,1.418664935044944286e-03,3.695315495133399963e-02,-1.790745882317423820e-04,-4.140167683362960815e-02,1.258935183286666870e-01,-4.198974464088678360e-03,9.481015801429748535e-02,-1.172354072332382202e-01,-2.597581036388874054e-02,1.117998659610748291e-01,-2.056569606065750122e-02,-9.893799573183059692e-02,-6.727869063615798950e-02,-8.887461572885513306e-02,-1.271026674658060074e-02,1.144073233008384705e-01,-2.049324661493301392e-02,-6.783977895975112915e-02,-5.468505620956420898e-02,5.684312433004379272e-02,-1.223174631595611572e-01,5.939925089478492737e-02,-1.174293644726276398e-02,-1.217414438724517822e-01,4.233814403414726257e-02,9.353581815958023071e-03,1.059705913066864014e-01,1.084009781479835510e-01,-5.914912372827529907e-02,-2.334957383573055267e-02,-1.105094477534294128e-01,6.175073329359292984e-03,3.267452120780944824e-02
4.026555269956588745e-02,3.093873336911201477e-02,-2.387333661317825317e-01,1.686574816703796387e-01,1.146004721522331238e-01,-8.789006620645523071e-02,2.048523537814617157e-02,6.451222300529479980e-02,4.723138734698295593e-02,8.042517304420471191e-02,5.145208444446325302e-03,-9.977098554372787476e-02,1.845470815896987915e-01,1.380631029605865479e-01,2.283561229705810547e-01,2.037873566150665283e-01,5.825588479638099670e-03,1.302041113376617432e-01,-1.190329268574714661e-01,-1.293450444936752319e-01,-1.057058796286582947e-01,2.404536157846450806e-01,1.348111778497695923e-01,-5.430910363793373108e-02,3.146634250879287720e-02,2.727733552455902100e-01,-2.348318845033645630e-01,-5.682881549000740051e-02,1.831900477409362793e-01,-4.820729605853557587e-03,-2.016586810350418091e-02,-2.565539777278900146e-01,2.006511688232421875e-01,1.093760877847671509e-01,-5.240780301392078400e-03,-2.443116158246994019e-01,3.311144188046455383e-02,9.980092942714691162e-02,-1.538064479827880859e-01,-1.653549969196319580e-01,2.362810373306274414e-01,1.721787266433238983e-02,1.848146319389343262e-01,2.998337894678115845e-02,-2.601102180778980255e-02,-1.784707009792327881e-01,-2.555024623870849609e-01,-6.845346838235855103e-02,1.095813326537609100e-02,1.303477678447961807e-02,-6.079325452446937561e-02,2.782360836863517761e-02,8.314124494791030884e-02,-1.392689906060695648e-02,-8.561273105442523956e-03,-2.429373711347579956e-01,6.165846064686775208e-02,2.174939587712287903e-02,-9.008868783712387085e-02,-1.307467371225357056e-01,-4.004709050059318542e-02,5.542232096195220947e-02,1.078290119767189026e-02,1.040804535150527954e-01,1.795769855380058289e-02,-5.792678147554397583e-02,5.273158475756645203e-02,2.223567217588424683e-01,-2.267314940690994263e-01,1.637173816561698914e-02,-1.881528794765472412e-01,4.329907149076461792e-02,-5.506213754415512085e-02,2.471942007541656494e-01,-7.812255620956420898e-02,-2.182602584362030029e-01,-6.659101694822311401e-03,2.828696966171264648e-01,-1.066914424300193787e-01,-2.265081852674484253e-01,2.704436480998992920e-01,3.451240248978137970e-03,-1.586858630180358887e-01,7.687510922551155090e-03,-1.923062056303024292e-01,-1.954870074987411499e-01,1.021421328186988831e-01,1.136413030326366425e-02,1.298051029443740845e-01,7.505637407302856445e-02,-5.518069490790367126e-02,-5.725330859422683716e-02,-2.039195001125335693e-01,6.726517528295516968e-02,-2.255244702100753784e-01,1.119788736104965210e-03,1.366103887557983398e-01,-3.950554528273642063e-04,-1.340014934539794922e-01,1.643564552068710327e-01,-6.775664538145065308e-02,1.199243515729904175e-01,-2.585466206073760986e-01,-6.217958778142929077e-02,2.860997021198272705e-01,3.254517912864685059e-02,-2.024559825658798218e-01,-2.165028899908065796e-01,-5.735705047845840454e-02,-2.541768178343772888e-02,1.862815916538238525e-01,-1.163358166813850403e-01,-1.976162493228912354e-01,-8.787255734205245972e-03,2.471443563699722290e-01,-2.360308617353439331e-01,1.284716874361038208e-01,6.115734577178955078e-02,-2.537265121936798096e-01,8.355463296175003052e-02,1.182038858532905579e-01,2.048908174037933350e-01,2.349285334348678589e-01,-1.113844960927963257e-01,-1.775869280099868774e-01,-1.501037031412124634e-01,1.374156028032302856e-02,1.276045739650726318e-01
-6.736449897289276123e-02,1.048424933105707169e-02,-6.062099337577819824e-02,-1.458683330565690994e-02,1.781649701297283173e-02,4.053364973515272141e-03,-1.704326644539833069e-02,1.268925238400697708e-02,-2.716349065303802490e-02,5.145208444446325302e-03,7.704070955514907837e-02,-2.229624427855014801e-02,1.060495078563690186e-01,-2.317356131970882416e-02,4.276909679174423218e-02,7.303109765052795410e-02,-4.171337466686964035e-03,1.637958176434040070e-02,-2.210714854300022125e-02,-5.220358073711395264e-02,1.394504308700561523e-01,5.941089242696762085e-02,7.237587869167327881e-02,-1.519248471595346928e-03,9.443858871236443520e-04,8.427444100379943848e-02,-1.041611880064010620e-01,-3.316041082143783569e-02,1.355138421058654785e-01,-1.056489162147045135e-02,4.493711888790130615e-02,-2.365986816585063934e-02,-3.058599866926670074e-02,9.513751417398452759e-02,-9.278148412704467773e-03,-8.848851919174194336e-02,3.692894009873270988e-03,3.066716715693473816e-02,-6.344109028577804565e-02,6.158303096890449524e-02,-2.188655920326709747e-02,-3.263626620173454285e-02,1.120444461703300476e-01,1.047512888908386230e-02,7.385448366403579712e-02,-1.153495162725448608e-01,-6.575947254896163940e-02,3.621570020914077759e-02,-2.734389714896678925e-02,-8.152398467063903809e-02,2.883396483957767487e-02,-5.209515616297721863e-02,-3.375569730997085571e-02,3.210171684622764587e-02,-8.098095655441284180e-02,-8.503544330596923828e-02,1.883071288466453552e-02,1.049463637173175812e-02,-1.739126443862915039e-02,-1.084635220468044281e-02,4.491966217756271362e-02,-2.335109002888202667e-02,-3.343620803207159042e-03,-9.177593141794204712e-02,-1.967785507440567017e-02,-1.346209831535816193e-02,3.182154893875122070e-02,2.862934581935405731e-02,-7.424215972423553467e-02,-1.063448190689086914e-02,-2.295397035777568817e-02,-1.347367167472839355e-01,-5.739665124565362930e-03,5.372815206646919250e-02,2.623280137777328491e-02,2.389289811253547668e-02,-3.527706256136298180e-03,8.086495101451873779e-02,1.188943013548851013e-01,-5.559854954481124878e-02,6.614397745579481125e-03,9.063929319381713867e-04,-5.599013715982437134e-02,5.980707937851548195e-04,5.274979770183563232e-02,-1.049058809876441956e-01,3.244205936789512634e-02,6.634406279772520065e-03,4.442058503627777100e-02,1.700193621218204498e-02,-1.438182895071804523e-03,4.401515051722526550e-02,-6.596858147531747818e-03,-1.460931450128555298e-02,-2.092428319156169891e-02,2.441536076366901398e-02,2.620688639581203461e-03,-3.822914732154458761e-05,-6.783761084079742432e-02,-4.259683191776275635e-02,-3.630474954843521118e-02,7.452454883605241776e-03,-4.146336391568183899e-02,-1.647699438035488129e-02,6.668450683355331421e-02,-9.462863951921463013e-02,4.074985906481742859e-02,-7.640155404806137085e-02,5.582877248525619507e-02,-5.098958965390920639e-03,-2.136627584695816040e-02,1.377716008573770523e-02,-4.882273450493812561e-02,2.592650614678859711e-02,9.173192828893661499e-02,-5.073646083474159241e-02,3.242571279406547546e-02,5.935769528150558472e-02,-7.401267648674547672e-04,-7.459734915755689144e-04,5.499224364757537842e-02,-3.326238133013248444e-03,3.389123827219009399e-02,-6.330422125756740570e-03,-1.009712293744087219e-01,1.257008779793977737e-02,5.513596348464488983e-03,7.434305734932422638e-03
-4.217819496989250183e-02,-4.428375512361526489e-02,3.311038911342620850e-01,-2.587395012378692627e-01,-1.541705280542373657e-01,8.143205195665359497e-02,2.569675911217927933e-03,-1.186560764908790588e-01,-3.650056570768356323e-02,-9.977098554372787476e-02,-2.229624427855014801e-02,1.444416791200637817e-01,-2.496005743741989136e-01,-2.114777565002441406e-01,-3.225402235984802246e-01,-2.869763970375061035e-01,-6.479462143033742905e-03,-1.951423585414886475e-01,1.597465425729751587e-01,1.759658008813858032e-01,1.079358384013175964e-01,-3.487285077571868896e-01,-2.042901664972305298e-01,7.694404572248458862e-02,-4.296585917472839355e-02,-3.625694513320922852e-01,3.326459228992462158e-01,6.858453899621963501e-02,-2.712815701961517334e-01,-1.584121026098728180e-02,8.476840332150459290e-03,3.463299870491027832e-01,-2.556591033935546875e-01,-1.798717081546783447e-01,1.083325222134590149e-02,3.521375358104705811e-01,-4.788866266608238220e-02,-1.357553899288177490e-01,1.992876976728439331e-01,2.448332756757736206e-01,-2.969968020915985107e-01,-1.557416282594203949e-02,-2.867120504379272461e-01,-4.319772869348526001e-02,-9.879441931843757629e-03,2.389321476221084595e-01,3.516426980495452881e-01,9.675597399473190308e-02,1.177573855966329575e-02,-2.074867952615022659e-03,6.416294723749160767e-02,1.155301230028271675e-03,-1.120127364993095398e-01,3.683021292090415955e-02,2.018388547003269196e-02,3.516689538955688477e-01,-9.803943336009979248e-02,-3.206606954336166382e-02,9.791859239339828491e-02,1.881083846092224121e-01,4.041136056184768677e-02,-6.011715158820152283e-02,-1.437638420611619949e-02,-8.159537613391876221e-02,-1.766680181026458740e-02,7.705075293779373169e-02,-7.951451838016510010e-02,-3.100160062313079834e-01,3.196735382080078125e-01,-1.173587329685688019e-02,2.552517056465148926e-01,-2.819073945283889771e-02,8.368469029664993286e-02,-3.446541428565979004e-01,8.638422936201095581e-02,2.824681699275970459e-01,7.911167107522487640e-03,-3.880927264690399170e-01,1.364208757877349854e-01,3.147057294845581055e-01,-3.706365227699279785e-01,-5.012526176869869232e-03,2.236033231019973755e-01,-1.046360470354557037e-02,2.427680194377899170e-01,2.781789600849151611e-01,-1.087249740958213806e-01,-1.693907938897609711e-02,-1.507894843816757202e-01,-1.027988642454147339e-01,6.634102016687393188e-02,7.690189033746719360e-02,2.861271798610687256e-01,-1.025810241699218750e-01,3.033976256847381592e-01,-1.504236483015120029e-03,-1.930079460144042969e-01,5.253264680504798889e-04,1.959849894046783447e-01,-1.887115687131881714e-01,9.910146147012710571e-02,-1.213842481374740601e-01,3.616003990173339844e-01,8.456306159496307373e-02,-3.787483572959899902e-01,-5.754039436578750610e-02,2.623042762279510498e-01,3.149310052394866943e-01,3.157321363687515259e-02,3.301812708377838135e-02,-2.788940668106079102e-01,1.561926305294036865e-01,3.003899455070495605e-01,1.298123877495527267e-02,-3.617249429225921631e-01,3.051211833953857422e-01,-1.755439490079879761e-01,-9.223650395870208740e-02,3.445605039596557617e-01,-1.156590580940246582e-01,-1.590860486030578613e-01,-2.686241567134857178e-01,-3.197122514247894287e-01,1.398504376411437988e-01,2.754027843475341797e-01,1.794613003730773926e-01,-1.381263788789510727e-02,-1.695535480976104736e-01
