4.208658039569854736e-01,5.982010159641504288e-03,-8.845312893390655518e-02,-2.881063520908355713e-02,3.797094225883483887e-01,-2.862118780612945557e-01,7.828931510448455811e-02,4.348900616168975830e-01,1.797314137220382690e-01,1.506984531879425049e-01,-2.234808206558227539e-01,-1.713428497314453125e-01,8.619116619229316711e-03,1.515632569789886475e-01,1.500480026006698608e-01,3.311778008937835693e-01,1.922836527228355408e-03,9.704353660345077515e-02,-3.888756036758422852e-02,-1.377321779727935791e-01,-1.946496963500976562e-01,-7.587236166000366211e-02,1.066685095429420471e-02,7.954422384500503540e-02,3.670414537191390991e-02,2.429298162460327148e-01,-1.468032002449035645e-01,-3.508292436599731445e-01,1.727605313062667847e-01,-1.215770617127418518e-01,-1.044741943478584290e-01,-1.946353614330291748e-01,4.126307740807533264e-02,1.803009659051895142e-01,-1.923370175063610077e-02,-1.742977052927017212e-01,1.341452598571777344e-01,1.634949594736099243e-01,-3.129173219203948975e-01,-4.036166369915008545e-01,2.783953845500946045e-01,1.127921864390373230e-01,6.487774103879928589e-02,5.403694882988929749e-02,-1.945203542709350586e-02,-5.554058030247688293e-02,-1.290012449026107788e-01,-8.766569942235946655e-02,7.338882237672805786e-02,-8.863806724548339844e-02,-1.644906848669052124e-01,-2.313793897628784180e-01,3.422336280345916748e-01,2.856722474098205566e-02,-9.546785056591033936e-02,-3.039145171642303467e-01,1.740625500679016113e-01,9.338564239442348480e-03,-9.185588918626308441e-03,-2.181466668844223022e-02,-1.002314537763595581e-01,4.128011688590049744e-02,-4.318248538766056299e-04,2.653934061527252197e-01,7.093475665897130966e-03,-4.798505455255508423e-02,-2.726835310459136963e-01,2.703698575496673584e-01,-1.664627641439437866e-01,2.998956739902496338e-01,-2.990022897720336914e-01,9.213337302207946777e-02,-4.155611246824264526e-02,1.239569261670112610e-01,-2.389342635869979858e-01,-2.409598976373672485e-01,-9.047614003065973520e-05,1.932103335857391357e-01,-2.183568850159645081e-02,-1.916998922824859619e-01,2.126180678606033325e-01,2.466329315211623907e-04,-2.976000308990478516e-01,-3.577500581741333008e-03,-4.338763952255249023e-01,-3.877972811460494995e-02,2.968898415565490723e-01,3.805632237344980240e-03,1.044688932597637177e-02,2.451781034469604492e-01,-1.864709556102752686e-01,2.355509698390960693e-01,1.967579126358032227e-02,-6.032728776335716248e-02,-2.023399025201797485e-01,-3.668633997440338135e-01,1.392804980278015137e-01,-2.032428528764285147e-05,-2.522130012512207031e-01,2.569109201431274414e-01,-3.598963916301727295e-01,3.569585680961608887e-01,-1.760205179452896118e-01,-2.280716300010681152e-01,9.061444550752639771e-02,2.108779996633529663e-01,1.538272947072982788e-02,-3.656388074159622192e-02,-3.919342458248138428e-01,6.062093656510114670e-03,9.972748160362243652e-02,2.886542677879333496e-02,-1.028720065951347351e-01,-1.969021931290626526e-02,2.448247671127319336e-01,-1.381253451108932495e-01,3.675298392772674561e-01,-5.445556342601776123e-02,-3.233602046966552734e-01,5.040151625871658325e-02,-2.133516781032085419e-02,1.718754172325134277e-01,2.487682253122329712e-01,1.651796549558639526e-01,-2.161558717489242554e-01,-2.405099943280220032e-02,2.175322361290454865e-02,1.715049892663955688e-01
5.982010159641504288e-03,9.812592528760433197e-03,-8.737314492464065552e-02,6.814535707235336304e-02,4.513277113437652588e-02,-6.012331694364547729e-03,-1.347470283508300781e-02,2.220100350677967072e-02,5.635965988039970398e-02,5.607433989644050598e-02,-5.830812733620405197e-04,-3.951462730765342712e-02,7.710499316453933716e-02,6.293181329965591431e-02,8.012560009956359863e-02,8.539372682571411133e-02,-3.085504751652479172e-03,7.987924665212631226e-02,-7.965371012687683105e-02,-4.792032763361930847e-02,-4.094094038009643555e-02,6.010186299681663513e-02,6.164276972413063049e-02,-2.222159132361412048e-02,1.013971772044897079e-02,7.469897717237472534e-02,-7.345792651176452637e-02,-4.901863634586334229e-02,7.568813860416412354e-02,-2.393857203423976898e-02,3.313147649168968201e-02,-8.598663657903671265e-02,6.355436891317367554e-02,5.345343425869941711e-02,-2.276526996865868568e-03,-8.862798660993576050e-02,5.958867818117141724e-02,7.599462568759918213e-02,-6.777123361825942993e-02,-4.246996715664863586e-02,7.220171391963958740e-02,5.038046743720769882e-03,8.389201015233993530e-02,2.708240784704685211e-02,-4.054572898894548416e-03,-8.147688210010528564e-02,-8.242952823638916016e-02,-2.299654111266136169e-02,-1.844434067606925964e-02,5.936810746788978577e-03,1.138804294168949127e-02,5.956835113465785980e-03,3.276090696454048157e-02,1.282490557059645653e-03,-1.981061883270740509e-02,-8.566056936979293823e-02,2.850418724119663239e-02,4.111725836992263794e-03,-7.170418649911880493e-02,-7.148317992687225342e-02,4.795772023499011993e-03,-1.463164575397968292e-02,1.728274975903332233e-03,3.630104660987854004e-02,-1.370656769722700119e-03,-2.569999732077121735e-02,4.896797612309455872e-02,8.224991708993911743e-02,-8.319600671529769897e-02,2.707671932876110077e-02,-6.778511404991149902e-02,-3.839600831270217896e-02,-2.174101769924163818e-02,7.701308280229568481e-02,-3.487796708941459656e-02,-8.073927462100982666e-02,-5.337554030120372772e-04,8.731761574745178223e-02,-3.193569555878639221e-02,-7.234150171279907227e-02,8.400721848011016846e-02,9.630435670260339975e-05,-6.523963063955307007e-02,-2.317025937372818589e-04,-6.696646660566329956e-02,-8.343826979398727417e-02,3.780386969447135925e-02,1.282598474062979221e-03,6.533163785934448242e-02,5.453110486268997192e-02,-6.013832055032253265e-03,-3.226422891020774841e-02,-7.176451385021209717e-02,2.261329069733619690e-02,-7.326116412878036499e-02,2.044531702995300293e-02,6.092625856399536133e-02,-1.520506543783994857e-06,-5.907811969518661499e-02,7.332757115364074707e-02,-1.673013716936111450e-02,3.872282430529594421e-02,-8.182510733604431152e-02,-7.339495420455932617e-02,9.851473569869995117e-02,-3.472386393696069717e-03,-7.594224810600280762e-02,-8.754006028175354004e-02,-1.358168106526136398e-02,-1.771360519342124462e-03,5.229906365275382996e-02,-6.782072782516479492e-02,-7.947754114866256714e-02,-2.697622589766979218e-02,8.350832760334014893e-02,-8.038191497325897217e-02,3.983565047383308411e-02,4.197734966874122620e-02,-7.779209315776824951e-02,3.884873166680335999e-02,7.369674742221832275e-02,6.899921596050262451e-02,6.500019133090972900e-02,-6.257061660289764404e-02,-2.656883373856544495e-02,-5.528118461370468140e-02,-2.413051901385188103e-03,6.437566131353378296e-02
-8.845312893390655518e-02,-8.737314492464065552e-02,8.138639926910400391e-01,-6.835594177246093750e-01,-4.698509573936462402e-01,4.047314450144767761e-02,6.716229766607284546e-02,-2.676982283592224121e-01,-5.474990010261535645e-01,-6.210734248161315918e-01,6.423107534646987915e-02,4.530601799488067627e-01,-6.565168499946594238e-01,-6.851719021797180176e-01,-7.788139581680297852e-01,-7.604544162750244141e-01,2.857645973563194275e-02,-7.171186804771423340e-01,7.466536760330200195e-01,5.661846399307250977e-01,4.294016659259796143e-01,-6.309713721275329590e-01,-6.668511629104614258e-01,2.159684896469116211e-01,-1.148697435855865479e-01,-6.675053238868713379e-01,7.248131632804870605e-01,4.410628378391265869e-01,-7.387187480926513672e-01,2.495255619287490845e-01,-3.025913238525390625e-01,8.039928078651428223e-01,-5.994578003883361816e-01,-6.522435545921325684e-01,2.989145182073116302e-02,7.931773662567138672e-01,-6.140918135643005371e-01,-7.500126361846923828e-01,5.988724231719970703e-01,5.124232172966003418e-01,-6.816990375518798828e-01,-7.439646869897842407e-02,-7.666017413139343262e-01,-2.919429540634155273e-01,7.519895676523447037e-03,7.698190212249755859e-01,7.907743453979492188e-01,2.256720811128616333e-01,1.640239059925079346e-01,1.159666851162910461e-01,-7.787874341011047363e-02,4.520216211676597595e-02,-4.047442674636840820e-01,-2.967273630201816559e-02,2.235478609800338745e-01,8.011751174926757812e-01,-3.705474138259887695e-01,-4.484390467405319214e-02,6.477768421173095703e-01,6.944229602813720703e-01,-1.650846912525594234e-03,8.150653541088104248e-02,-1.781683415174484253e-02,-3.687436282634735107e-01,6.456283479928970337e-02,2.656577527523040771e-01,-3.590400516986846924e-01,-7.490623593330383301e-01,7.829556465148925781e-01,-2.697896361351013184e-01,6.871656179428100586e-01,3.956225514411926270e-01,2.666103243827819824e-01,-7.656965851783752441e-01,3.103338479995727539e-01,7.339224815368652344e-01,4.834243096411228180e-03,-8.241412639617919922e-01,3.137418627738952637e-01,7.364794611930847168e-01,-8.009460568428039551e-01,-1.151987933553755283e-03,6.849635839462280273e-01,4.500369075685739517e-03,6.403159499168395996e-01,7.756050229072570801e-01,-4.247964024543762207e-01,-1.294988486915826797e-02,-6.210229992866516113e-01,-6.219311952590942383e-01,7.443077117204666138e-02,2.477768659591674805e-01,6.677240729331970215e-01,-2.408180683851242065e-01,7.260656952857971191e-01,-1.266663074493408203e-01,-5.670410990715026855e-01,2.047981797659303993e-05,6.157953739166259766e-01,-6.881455779075622559e-01,3.248776793479919434e-01,-4.078609645366668701e-01,7.806428074836730957e-01,7.289130091667175293e-01,-8.606087565422058105e-01,-9.413877129554748535e-02,6.699571609497070312e-01,7.631700038909912109e-01,1.457298099994659424e-01,1.825165189802646637e-02,-5.658386349678039551e-01,6.994131207466125488e-01,7.539019584655761719e-01,9.579107165336608887e-02,-7.823521494865417480e-01,7.582607865333557129e-01,-4.312623143196105957e-01,-4.105873405933380127e-01,7.541235685348510742e-01,-4.358873963356018066e-01,-6.720288991928100586e-01,-6.927066445350646973e-01,-6.741526722908020020e-01,5.289455056190490723e-01,4.402688443660736084e-01,6.079851984977722168e-01,3.748388960957527161e-03,-6.557737588882446289e-01
-2.881063520908355713e-02,6.814535707235336304e-02,-6.835594177246093750e-01,7.013544440269470215e-01,2.350739389657974243e-01,6.723796576261520386e-02,-4.950375109910964966e-02,3.899241983890533447e-02,4.510449767112731934e-01,4.890975952148437500e-01,-1.233235299587249756e-01,-3.239220976829528809e-01,4.509285688400268555e-01,5.758885145187377930e-01,6.344535350799560547e-01,5.071380138397216797e-01,-2.090705931186676025e-02,5.831639170646667480e-01,-7.067917585372924805e-01,-4.487124681472778320e-01,-4.504894018173217773e-01,5.774949193000793457e-01,5.662229657173156738e-01,-1.569427400827407837e-01,9.029283374547958374e-02,4.044967889785766602e-01,-5.026239752769470215e-01,-1.502906680107116699e-01,5.113849639892578125e-01,-5.128423497080802917e-02,2.457709312438964844e-01,-6.796592473983764648e-01,6.245326995849609375e-01,4.993192255496978760e-01,-8.038732223212718964e-03,-5.705007314682006836e-01,4.376515448093414307e-01,5.848214626312255859e-01,-3.016217350959777832e-01,-4.317429959774017334e-01,5.591894984245300293e-01,1.076400503516197205e-01,6.061003208160400391e-01,2.201428711414337158e-01,-1.318111121654510498e-01,-5.603067874908447266e-01,-6.975640654563903809e-01,-1.900865733623504639e-01,-1.084275543689727783e-01,-3.607025370001792908e-02,9.941542148590087891e-02,1.387554109096527100e-01,3.686170876026153564e-01,-5.488161928951740265e-03,-3.602584451436996460e-02,-5.892828702926635742e-01,3.206947445869445801e-01,3.243613988161087036e-02,-5.342035293579101562e-01,-6.776934266090393066e-01,-5.354038253426551819e-02,2.128586405888199806e-03,1.959166489541530609e-02,2.336284518241882324e-01,-9.259517304599285126e-03,-2.075166851282119751e-01,2.923604547977447510e-01,5.151398777961730957e-01,-6.156914830207824707e-01,-2.455845242366194725e-03,-4.832192957401275635e-01,-1.665662378072738647e-01,-2.970431745052337646e-01,6.387792229652404785e-01,-2.623376846313476562e-01,-5.668703317642211914e-01,-2.339456696063280106e-03,6.326922178268432617e-01,-4.361758232116699219e-01,-5.792672634124755859e-01,7.161751985549926758e-01,8.811239385977387428e-04,-4.703108072280883789e-01,1.737917627906426787e-04,-4.552728235721588135e-01,-6.296183466911315918e-01,1.543834060430526733e-01,6.926104426383972168e-03,4.382070899009704590e-01,4.428406357765197754e-01,-7.611377537250518799e-02,-3.998234570026397705e-01,-6.287461519241333008e-01,2.631788551807403564e-01,-6.326885819435119629e-01,2.447819858789443970e-01,3.976999223232269287e-01,-1.186361623695120215e-05,-3.747329711914062500e-01,4.979882240295410156e-01,-1.319644600152969360e-01,1.181481778621673584e-01,-6.943590044975280762e-01,-5.317247509956359863e-01,7.526806592941284180e-01,2.346277683973312378e-01,-7.345765829086303711e-01,-5.979195237159729004e-01,7.175333052873611450e-02,-2.239181101322174072e-02,5.402191877365112305e-01,-6.781824827194213867e-01,-6.600593328475952148e-01,6.003634631633758545e-02,6.015083193778991699e-01,-6.184241175651550293e-01,1.496974080801010132e-01,3.346531093120574951e-01,-5.678128004074096680e-01,4.398182332515716553e-01,5.472363233566284180e-01,6.137265563011169434e-01,5.531696677207946777e-01,-4.901759028434753418e-01,-3.288184106349945068e-01,-5.617150664329528809e-01,-1.831769198179244995e-02,4.918975532054901123e-01
3.797094225883483887e-01,4.513277113437652588e-02,-4.698509573936462402e-01,2.350739389657974243e-01,6.090540289878845215e-01,-2.695982456207275391e-01,1.932121999561786652e-02,5.865562558174133301e-01,3.294729888439178467e-01,3.856113553047180176e-01,-1.384273618459701538e-01,-3.577689826488494873e-01,4.009870886802673340e-01,3.968285620212554932e-01,4.905607104301452637e-01,7.189220786094665527e-01,-1.389465015381574631e-02,4.431436955928802490e-01,-3.504337072372436523e-01,-3.406614065170288086e-01,-2.123735845088958740e-01,1.942945867776870728e-01,2.967893183231353760e-01,-6.162586808204650879e-02,7.745815068483352661e-02,6.072571277618408203e-01,-5.124632120132446289e-01,-6.151278018951416016e-01,5.943632721900939941e-01,-3.144471049308776855e-01,6.346776336431503296e-02,-5.154517292976379395e-01,2.201587855815887451e-01,4.576984941959381104e-01,-3.917159512639045715e-02,-5.876163244247436523e-01,4.215933978557586670e-01,5.083070397377014160e-01,-7.003715038299560547e-01,-5.036805868148803711e-01,5.310942530632019043e-01,7.041817158460617065e-02,4.491033852100372314e-01,1.841733604669570923e-01,9.023468941450119019e-02,-4.912855923175811768e-01,-4.687134027481079102e-01,-1.670414656400680542e-01,-5.487011745572090149e-02,-1.341842859983444214e-01,-9.863620251417160034e-02,-3.276874423027038574e-01,3.765282928943634033e-01,4.619937390089035034e-02,-2.820047736167907715e-01,-6.890822649002075195e-01,2.795889675617218018e-01,3.065853007137775421e-02,-3.224850893020629883e-01,-2.849647700786590576e-01,-1.320452988147735596e-02,-9.220430254936218262e-02,3.240742487832903862e-03,3.948476910591125488e-01,-4.599496722221374512e-02,-1.610971987247467041e-01,-4.883152432739734650e-03,6.503611207008361816e-01,-5.182233452796936035e-01,5.106271505355834961e-01,-6.223863363265991211e-01,-2.574101090431213379e-01,-6.372552365064620972e-02,4.610356390476226807e-01,-3.050263524055480957e-01,-5.762224793434143066e-01,-3.403624519705772400e-03,6.086702942848205566e-01,-4.534380137920379639e-02,-5.057441592216491699e-01,5.282130241394042969e-01,7.162586553022265434e-04,-6.041406989097595215e-01,-7.181700784713029861e-03,-6.828228235244750977e-01,-4.297365546226501465e-01,5.465590357780456543e-01,1.151179242879152298e-02,3.313927352428436279e-01,5.067443251609802246e-01,-1.664278954267501831e-01,1.972081959247589111e-01,-2.568113803863525391e-01,6.007323507219552994e-03,-4.771446883678436279e-01,-2.886748909950256348e-01,4.420080780982971191e-01,-2.684609717107377946e-05,-5.483615994453430176e-01,5.799468159675598145e-01,-4.919455647468566895e-01,5.964437127113342285e-01,-4.796246886253356934e-01,-5.716694593429565430e-01,5.043255090713500977e-01,8.312587440013885498e-02,-2.029420584440231323e-01,-4.606204628944396973e-01,-4.801683127880096436e-01,4.374216310679912567e-03,2.366478592157363892e-01,-2.441784292459487915e-01,-4.329003691673278809e-01,-1.819170117378234863e-01,6.286589503288269043e-01,-4.698383808135986328e-01,5.899603962898254395e-01,1.775900274515151978e-01,-6.580461859703063965e-01,1.607750803232192993e-01,3.300081789493560791e-01,4.129275679588317871e-01,4.713707864284515381e-01,-9.490794688463211060e-02,-3.498972058296203613e-01,-2.257893979549407959e-01,1.920402422547340393e-02,4.743632972240447998e-01
-2.862118780612945557e-01,-6.012331694364547729e-03,4.047314450144767761e-02,6.723796576261520386e-02,-2.695982456207275391e-01,2.476751357316970825e-01,-1.831719838082790375e-02,-2.965614199638366699e-01,-1.571699380874633789e-01,-9.211092442274093628e-02,1.125732138752937317e-01,1.186989620327949524e-01,-3.643931820988655090e-02,-8.132541179656982422e-02,-8.558238297700881958e-02,-2.549005448818206787e-01,-1.135569647885859013e-03,-7.648273557424545288e-02,3.648588899523019791e-03,6.411163508892059326e-02,1.161839962005615234e-01,6.453752517700195312e-02,2.327695675194263458e-02,-4.039991647005081177e-02,-2.468465082347393036e-02,-2.218136191368103027e-01,1.036269217729568481e-01,2.764558792114257812e-01,-1.052777245640754700e-01,8.240133523941040039e-02,7.555584609508514404e-02,1.283213049173355103e-01,2.806390635669231415e-03,-7.820272445678710938e-02,1.411029696464538574e-02,1.450022757053375244e-01,-1.020345538854598999e-01,-1.108859851956367493e-01,2.473106384277343750e-01,2.210319489240646362e-01,-2.014434635639190674e-01,-5.343140661716461182e-02,-3.834577649831771851e-02,-3.004242293536663055e-02,-4.988081054762005806e-04,4.286088421940803528e-02,5.879946053028106689e-02,5.562476068735122681e-02,-5.367879197001457214e-02,4.305997490882873535e-02,1.220243051648139954e-01,1.395625025033950806e-01,-2.063173800706863403e-01,-1.434016786515712738e-02,7.760623842477798462e-02,1.952547430992126465e-01,-1.020996049046516418e-01,-6.264109630137681961e-03,1.141240354627370834e-02,-6.094165146350860596e-03,5.361905321478843689e-02,-7.205619476735591888e-03,1.577292336151003838e-03,-1.945189833641052246e-01,-1.951242797076702118e-02,3.533008694648742676e-02,1.573115885257720947e-01,-1.961352527141571045e-01,1.225425601005554199e-01,-2.384248226881027222e-01,1.960143297910690308e-01,-6.898944824934005737e-02,2.306134440004825592e-02,-8.265433460474014282e-02,1.708283275365829468e-01,1.567414551973342896e-01,5.449826712720096111e-04,-1.201991662383079529e-01,-2.056134864687919617e-02,1.376074850559234619e-01,-1.191676333546638489e-01,-1.471709256293252110e-04,1.881455034017562866e-01,1.996227772906422615e-03,2.988731265068054199e-01,2.856573462486267090e-02,-1.988081634044647217e-01,-3.304377431049942970e-03,-4.797696322202682495e-02,-1.629523038864135742e-01,1.040120571851730347e-01,-1.732826083898544312e-01,-1.501015294343233109e-02,4.249929264187812805e-02,1.296524554491043091e-01,2.492049336433410645e-01,-7.418568432331085205e-02,1.116338626161450520e-05,1.835947036743164062e-01,-1.968405544757843018e-01,2.260488420724868774e-01,-2.761490345001220703e-01,1.152703985571861267e-01,1.596301645040512085e-01,-5.571237951517105103e-02,-4.128715395927429199e-02,-4.338534176349639893e-02,4.811493307352066040e-02,3.001080751419067383e-01,-3.644308773800730705e-03,-6.307558715343475342e-02,-6.833454966545104980e-02,6.283912807703018188e-02,7.086374610662460327e-02,-1.458735764026641846e-01,8.996365219354629517e-02,-2.765589952468872070e-01,4.709619283676147461e-02,2.051356732845306396e-01,-1.332059130072593689e-02,1.629435084760189056e-02,-1.028726845979690552e-01,-1.500838845968246460e-01,-1.010724082589149475e-01,1.112778708338737488e-01,-6.248029880225658417e-03,-1.929134316742420197e-02,-1.011519804596900940e-01
7.828931510448455811e-02,-1.347470283508300781e-02,6.716229766607284546e-02,-4.950375109910964966e-02,1.932121999561786652e-02,-1.831719838082790375e-02,8.555775135755538940e-02,5.298821628093719482e-02,-4.452887177467346191e-02,-1.794239389710128307e-03,-9.414190053939819336e-02,5.433999467641115189e-03,-1.365545839071273804e-01,-7.859052158892154694e-03,-5.132140219211578369e-02,-5.651757493615150452e-02,4.881885368376970291e-03,-9.841095656156539917e-02,5.593562126159667969e-02,-1.901100203394889832e-02,-4.267603531479835510e-02,-7.490169256925582886e-02,-3.747410699725151062e-02,5.599793419241905212e-02,1.107101124944165349e-04,-7.909422367811203003e-02,4.418410733342170715e-02,2.976836264133453369e-02,-4.965826496481895447e-02,3.693937323987483978e-03,-6.831591576337814331e-02,3.617323189973831177e-02,-3.027649596333503723e-02,2.576914802193641663e-02,1.692269142949953675e-04,8.941575139760971069e-02,-4.902736842632293701e-02,-4.833536222577095032e-02,6.322447955608367920e-02,-9.829869866371154785e-02,-2.671119011938571930e-02,4.222342371940612793e-02,-9.111326932907104492e-02,-1.553741842508316040e-02,-2.773238904774188995e-02,8.413979411125183105e-02,4.972385242581367493e-02,1.728385873138904572e-02,5.715186521410942078e-02,-6.243354454636573792e-02,-4.125858098268508911e-02,-7.348379492759704590e-02,8.290801942348480225e-02,1.816516928374767303e-02,1.853656955063343048e-02,2.460644580423831940e-02,2.356621623039245605e-02,-3.119086148217320442e-03,8.667040616273880005e-02,6.940022855997085571e-02,-6.654497981071472168e-02,7.619599997997283936e-02,-5.228223162703216076e-04,1.826920732855796814e-02,-1.145243365317583084e-02,2.034256421029567719e-02,-1.624503731727600098e-01,-5.250331759452819824e-02,6.546964496374130249e-02,1.426922506652772427e-03,8.302476257085800171e-03,7.393843680620193481e-02,-1.191794220358133316e-02,-5.753465741872787476e-02,-1.093671564012765884e-02,3.965196385979652405e-02,1.170890755020081997e-03,-4.938670620322227478e-02,7.196303457021713257e-03,2.744327113032341003e-02,-2.239796891808509827e-02,-1.775431701389607042e-05,-3.329025814309716225e-03,-1.169132650829851627e-03,-1.725002191960811615e-02,1.003640145063400269e-01,3.035112842917442322e-02,-1.689023454673588276e-03,-9.221110492944717407e-02,3.810625523328781128e-03,-4.748465493321418762e-02,6.721047312021255493e-02,7.755763828754425049e-02,-1.193283963948488235e-02,2.302862890064716339e-02,-1.193954944610595703e-01,-6.310319900512695312e-02,-5.749407137045636773e-06,2.533831447362899780e-02,-4.848026856780052185e-02,-9.628353267908096313e-02,8.960936218500137329e-03,4.210017994046211243e-02,3.785011544823646545e-02,-7.790520787239074707e-02,1.324333399534225464e-01,5.554067343473434448e-02,1.293999105691909790e-01,-3.587287664413452148e-02,1.261305878870189190e-03,-8.892497979104518890e-03,2.793950960040092468e-02,7.945255935192108154e-02,1.276876628398895264e-01,-4.418647289276123047e-02,6.273676455020904541e-02,1.549976691603660583e-02,-7.337974756956100464e-02,1.032872032374143600e-02,-2.545876894146203995e-03,-1.128755360841751099e-01,-2.003598213195800781e-02,5.229390226304531097e-03,1.362339854240417480e-01,-7.620680332183837891e-02,2.164279669523239136e-02,9.438291192054748535e-03,-2.036915533244609833e-02
4.348900616168975830e-01,2.220100350677967072e-02,-2.676982283592224121e-01,3.899241983890533447e-02,5.865562558174133301e-01,-2.965614199638366699e-01,5.298821628093719482e-02,6.851611733436584473e-01,1.511570513248443604e-01,2.336338013410568237e-01,-1.147660240530967712e-01,-2.910687923431396484e-01,2.650983333587646484e-01,2.293940931558609009e-01,3.149821758270263672e-01,5.866950154304504395e-01,-7.139411754906177521e-03,2.793352901935577393e-01,-1.200653389096260071e-01,-2.066396027803421021e-01,-1.568763889372348785e-02,2.081331424415111542e-02,1.309150755405426025e-01,-1.713808625936508179e-02,5.143582075834274292e-02,4.890972077846527100e-01,-3.584040999412536621e-01,-6.185424923896789551e-01,4.948140084743499756e-01,-3.176697194576263428e-01,-1.765291392803192139e-02,-2.882570624351501465e-01,-5.945826880633831024e-03,3.515171408653259277e-01,-4.497794061899185181e-02,-4.196280837059020996e-01,3.084574341773986816e-01,3.478513360023498535e-01,-6.758554577827453613e-01,-4.181013107299804688e-01,3.655199110507965088e-01,3.823600336909294128e-02,2.714236080646514893e-01,1.315272152423858643e-01,1.900126785039901733e-01,-3.284946978092193604e-01,-2.790879905223846436e-01,-1.312840133905410767e-01,-4.180354997515678406e-02,-1.723241806030273438e-01,-1.524314135313034058e-01,-4.584093093872070312e-01,2.719957828521728516e-01,4.561015963554382324e-02,-3.205180168151855469e-01,-5.435720682144165039e-01,2.193137258291244507e-01,2.415376529097557068e-02,-1.307408213615417480e-01,-8.437396585941314697e-02,1.699564792215824127e-02,-1.294707804918289185e-01,-4.338421858847141266e-03,3.131890594959259033e-01,-6.157806515693664551e-02,-1.020842567086219788e-01,-1.391385644674301147e-01,5.186493396759033203e-01,-3.391771614551544189e-01,5.625584721565246582e-01,-5.278241634368896484e-01,-2.541598081588745117e-01,6.059416383504867554e-02,2.866030633449554443e-01,-2.065146118402481079e-01,-4.185147583484649658e-01,-2.821505069732666016e-03,4.425635635852813721e-01,8.881150931119918823e-02,-3.280836939811706543e-01,3.179607093334197998e-01,5.080112023279070854e-04,-5.067910552024841309e-01,-8.505091071128845215e-03,-5.795702338218688965e-01,-2.499121129512786865e-01,5.513803958892822266e-01,1.083629019558429718e-02,1.539333909749984741e-01,4.167765676975250244e-01,-1.696125864982604980e-01,4.109683930873870850e-01,-3.740741312503814697e-02,-1.210177093744277954e-01,-2.926331162452697754e-01,-4.213178753852844238e-01,3.731146156787872314e-01,-2.738194416451733559e-05,-4.736404418945312500e-01,4.501231610774993896e-01,-5.281302332878112793e-01,6.127694249153137207e-01,-2.702067196369171143e-01,-4.405264556407928467e-01,2.556082606315612793e-01,6.924538314342498779e-02,7.211393862962722778e-02,-2.845403552055358887e-01,-5.666695833206176758e-01,1.774894446134567261e-02,3.016006387770175934e-02,-2.363366447389125824e-02,-2.519177794456481934e-01,-2.084646970033645630e-01,4.965574443340301514e-01,-2.819767296314239502e-01,5.975368618965148926e-01,1.045809909701347351e-01,-5.268063545227050781e-01,7.778890430927276611e-03,1.794877052307128906e-01,2.234788089990615845e-01,3.077692687511444092e-01,9.670858085155487061e-02,-2.863649725914001465e-01,-3.092423081398010254e-02,2.841825224459171295e-02,3.485330045223236084e-01
1.797314137220382690e-01,5.635965988039970398e-02,-5.474990010261535645e-01,4.510449767112731934e-01,3.294729888439178467e-01,-1.571699380874633789e-01,-4.452887177467346191e-02,1.511570513248443604e-01,5.599724650382995605e-01,4.566002190113067627e-01,-1.577844619750976562e-01,-3.303693830966949463e-01,3.523770570755004883e-01,5.366451144218444824e-01,5.586622953414916992e-01,5.834788680076599121e-01,-1.332113239914178848e-02,4.545956254005432129e-01,-5.410830378532409668e-01,-4.075318276882171631e-01,-5.420767068862915039e-01,3.968568146228790283e-01,3.945544362068176270e-01,-8.926585316658020020e-02,9.211462736129760742e-02,4.912716150283813477e-01,-4.921557903289794922e-01,-2.718317806720733643e-01,4.134861528873443604e-01,-6.526863574981689453e-02,1.159819364547729492e-01,-6.990436911582946777e-01,4.877445101737976074e-01,4.248625040054321289e-01,-1.229307148605585098e-02,-5.713473558425903320e-01,3.938706219196319580e-01,5.216044187545776367e-01,-3.408958613872528076e-01,-4.823994934558868408e-01,5.862281322479248047e-01,1.280544996261596680e-01,4.694582819938659668e-01,1.758241206407546997e-01,-1.445450037717819214e-01,-4.724315404891967773e-01,-5.510265827178955078e-01,-1.592347621917724609e-01,-2.279421547427773476e-03,-9.067881852388381958e-02,-2.717287093400955200e-02,7.223408669233322144e-02,4.657153785228729248e-01,6.811030674725770950e-03,-4.516025632619857788e-02,-5.862435698509216309e-01,3.039585053920745850e-01,2.674207650125026703e-02,-3.989345133304595947e-01,-4.997678995132446289e-01,-1.141910254955291748e-01,8.220553398132324219e-02,1.535887457430362701e-02,3.314060866832733154e-01,9.885122068226337433e-03,-1.823981106281280518e-01,9.546706080436706543e-02,5.213357210159301758e-01,-5.844030976295471191e-01,1.270523816347122192e-01,-4.669269919395446777e-01,-2.815484441816806793e-02,-3.098772764205932617e-01,5.660800933837890625e-01,-3.231405317783355713e-01,-5.140656232833862305e-01,-2.074288437142968178e-03,5.713762640953063965e-01,-2.896602153778076172e-01,-5.859201550483703613e-01,6.465935707092285156e-01,7.977662608027458191e-04,-4.824852943420410156e-01,-3.889041254296898842e-04,-5.430083870887756348e-01,-5.035476088523864746e-01,2.181112468242645264e-01,6.595332175493240356e-03,4.324202835559844971e-01,4.482566118240356445e-01,-9.518215805292129517e-02,-2.208855599164962769e-01,-4.768384993076324463e-01,2.250542640686035156e-01,-5.823197960853576660e-01,1.310462970286607742e-02,2.558890879154205322e-01,-1.419619820808293298e-05,-4.279755055904388428e-01,4.988330900669097900e-01,-2.431710660457611084e-01,2.832997739315032959e-01,-6.575700044631958008e-01,-5.133588314056396484e-01,6.446252465248107910e-01,1.503807455301284790e-01,-5.774551033973693848e-01,-4.778868257999420166e-01,-1.355499923229217529e-01,-2.246122620999813080e-02,5.775606632232666016e-01,-4.841959476470947266e-01,-5.354509353637695312e-01,5.009822547435760498e-02,5.085883736610412598e-01,-5.466780662536621094e-01,3.093171119689941406e-01,1.616494059562683105e-01,-5.599014759063720703e-01,3.714055716991424561e-01,3.520006835460662842e-01,5.618441700935363770e-01,5.573561787605285645e-01,-2.917739450931549072e-01,-3.626377284526824951e-01,-4.725969135761260986e-01,1.353994198143482208e-02,4.116089344024658203e-01
1.506984531879425049e-01,5.607433989644050598e-02,-6.210734248161315918e-01,4.890975952148437500e-01,3.856113553047180176e-01,-9.211092442274093628e-02,-1.794239389710128307e-03,2.336338013410568237e-01,4.566002190113067627e-01,4.837125539779663086e-01,-1.325408220291137695e-01,-3.457120954990386963e-01,4.181699752807617188e-01,5.554537177085876465e-01,6.055911779403686523e-01,6.486119031906127930e-01,-1.713724434375762939e-02,4.929425716400146484e-01,-5.808374285697937012e-01,-4.472849965095520020e-01,-4.451791644096374512e-01,4.133026897907257080e-01,4.611684679985046387e-01,-1.167242005467414856e-01,9.179683774709701538e-02,5.291177630424499512e-01,-5.703975558280944824e-01,-3.368257582187652588e-01,5.570631623268127441e-01,-1.706791371107101440e-01,1.557713896036148071e-01,-7.120409607887268066e-01,4.708696901798248291e-01,5.220638513565063477e-01,-1.993879862129688263e-02,-6.341416835784912109e-01,4.300015270709991455e-01,5.743947029113769531e-01,-4.574109911918640137e-01,-5.017959475517272949e-01,5.690390467643737793e-01,9.884576499462127686e-02,5.432336926460266113e-01,2.019581496715545654e-01,-6.253439188003540039e-02,-5.814957022666931152e-01,-6.089557409286499023e-01,-1.529487818479537964e-01,-4.810182750225067139e-02,-1.331568658351898193e-01,9.203228168189525604e-03,-5.331936851143836975e-02,4.227282404899597168e-01,2.972932904958724976e-02,-1.313032358884811401e-01,-6.871837973594665527e-01,3.023529350757598877e-01,3.046202287077903748e-02,-4.384166598320007324e-01,-4.992702007293701172e-01,-7.604161649942398071e-02,3.025282360613346100e-02,1.370024308562278748e-02,3.299259543418884277e-01,-4.000588506460189819e-02,-1.887273341417312622e-01,1.318427920341491699e-01,5.971466898918151855e-01,-6.190929412841796875e-01,2.064567357301712036e-01,-5.495857596397399902e-01,-2.023648321628570557e-01,-2.482351511716842651e-01,5.956963896751403809e-01,-2.833573818206787109e-01,-5.800507664680480957e-01,-2.655701711773872375e-03,6.747251152992248535e-01,-2.368238270282745361e-01,-6.118806004524230957e-01,6.899288296699523926e-01,8.557660039514303207e-04,-5.573649406433105469e-01,-3.377933055162429810e-03,-5.742352604866027832e-01,-5.564237236976623535e-01,3.365646004676818848e-01,8.161644451320171356e-03,4.472485780715942383e-01,4.880905449390411377e-01,-9.035686403512954712e-02,-1.588406264781951904e-01,-4.832426607608795166e-01,2.003913372755050659e-01,-5.957677960395812988e-01,-7.260131649672985077e-03,3.450839519500732422e-01,-1.851443084888160229e-05,-4.714463055133819580e-01,5.341219902038574219e-01,-3.227928280830383301e-01,3.466668725013732910e-01,-6.589629054069519043e-01,-5.714831352233886719e-01,7.177370190620422363e-01,1.453041732311248779e-01,-5.564921498298645020e-01,-5.407632589340209961e-01,-1.493808031082153320e-01,-1.663219742476940155e-02,5.060498118400573730e-01,-5.384360551834106445e-01,-5.548244714736938477e-01,3.737067803740501404e-02,6.104093790054321289e-01,-5.793714523315429688e-01,3.620432317256927490e-01,2.232255786657333374e-01,-6.349263787269592285e-01,3.446715176105499268e-01,4.129475653171539307e-01,5.584633350372314453e-01,5.620851516723632812e-01,-2.921553254127502441e-01,-4.006243348121643066e-01,-4.652141928672790527e-01,1.047308277338743210e-02,4.894723296165466309e-01
-2.234808206558227539e-01,-5.830812733620405197e-04,6.423107534646987915e-02,-1.233235299587249756e-01,-1.384273618459701538e-01,1.125732138752937317e-01,-9.414190053939819336e-02,-1.147660240530967712e-01,-1.577844619750976562e-01,-1.325408220291137695e-01,2.923463284969329834e-01,9.005425870418548584e-02,1.338929235935211182e-01,-1.396133154630661011e-01,-8.742810785770416260e-02,-6.553644686937332153e-02,-4.308576229959726334e-03,-3.767952322959899902e-02,1.399966180324554443e-01,1.305322498083114624e-01,3.145255148410797119e-01,-6.363980937749147415e-03,-4.752292111515998840e-02,-9.331298619508743286e-02,-3.059593401849269867e-02,2.257870975881814957e-03,9.085827507078647614e-03,8.815404959022998810e-03,1.976978778839111328e-02,-5.573439225554466248e-02,9.908477216958999634e-02,1.585124880075454712e-01,-2.059259265661239624e-01,-1.139355227351188660e-01,-5.296668969094753265e-03,-7.592205889523029327e-03,-3.955488651990890503e-02,-8.442529290914535522e-02,-5.297395959496498108e-02,3.507789671421051025e-01,-2.206323146820068359e-01,-1.567688286304473877e-01,5.706457886844873428e-03,-2.346889302134513855e-02,1.943000406026840210e-01,-7.643923163414001465e-02,1.311559528112411499e-01,6.520893424749374390e-02,-1.142374947667121887e-01,1.264110952615737915e-02,8.987548202276229858e-02,-8.960078470408916473e-03,-3.527435958385467529e-01,3.024484729394316673e-03,-1.003619134426116943e-01,1.127079501748085022e-01,-1.639508455991744995e-01,-2.193519147112965584e-03,2.075969800353050232e-02,1.186298578977584839e-01,1.746236383914947510e-01,-1.533262282609939575e-01,-6.341850850731134415e-03,-1.742075383663177490e-01,-5.247145518660545349e-02,3.036231920123100281e-02,2.435981780290603638e-01,-6.601702421903610229e-02,7.038965821266174316e-02,8.274503983557224274e-03,1.319189369678497314e-01,-2.907116115093231201e-01,1.477775573730468750e-01,-8.139509707689285278e-02,2.310263663530349731e-01,1.406795233488082886e-01,-2.016060054302215576e-03,-5.599409341812133789e-02,2.225485891103744507e-01,1.241599693894386292e-01,-2.202550321817398071e-01,-1.472984295105561614e-04,1.138612478971481323e-01,-1.104745431803166866e-03,2.501912415027618408e-01,-2.389070391654968262e-02,-3.535590693354606628e-02,1.644146745093166828e-03,5.690690129995346069e-02,-1.286775618791580200e-01,1.752001196146011353e-01,5.591377243399620056e-02,8.379028737545013428e-02,-6.143836304545402527e-02,1.992483288049697876e-01,1.549593508243560791e-01,-1.285924669355154037e-02,1.281708046008134261e-05,4.294967651367187500e-02,-1.159861013293266296e-01,1.577383726835250854e-01,-3.309563174843788147e-02,1.777211427688598633e-01,8.997479826211929321e-02,-9.513904154300689697e-02,-3.643194735050201416e-01,2.097281664609909058e-01,-5.490872636437416077e-02,9.285064041614532471e-02,6.846951320767402649e-03,-1.845690459012985229e-01,1.134028285741806030e-01,1.000796258449554443e-01,-1.913686096668243408e-01,-9.688989073038101196e-02,9.613343328237533569e-02,-4.717276245355606079e-02,6.234986335039138794e-02,1.684978157281875610e-01,-1.565822213888168335e-01,5.466808751225471497e-02,-1.971246153116226196e-01,-2.040763944387435913e-01,-8.052778989076614380e-02,1.725189983844757080e-01,1.174955070018768311e-01,-4.072245210409164429e-03,-1.034625843167304993e-01
-1.713428497314453125e-01,-3.951462730765342712e-02,4.530601799488067627e-01,-3.239220976829528809e-01,-3.577689826488494873e-01,1.186989620327949524e-01,5.433999467641115189e-03,-2.910687923431396484e-01,-3.303693830966949463e-01,-3.457120954990386963e-01,9.005425870418548584e-02,2.899587750434875488e-01,-3.231033384799957275e-01,-4.113176465034484863e-01,-4.632759988307952881e-01,-5.549249053001403809e-01,1.133173611015081406e-02,-3.712626695632934570e-01,3.858941793441772461e-01,3.179199397563934326e-01,2.756361365318298340e-01,-2.844232022762298584e-01,-3.172482550144195557e-01,8.356740325689315796e-02,-6.910203397274017334e-02,-4.435693919658660889e-01,4.377806782722473145e-01,3.372575342655181885e-01,-4.702177643775939941e-01,1.483547389507293701e-01,-9.253973513841629028e-02,5.266296267509460449e-01,-2.806940078735351562e-01,-4.090566933155059814e-01,2.391317114233970642e-02,5.072251558303833008e-01,-3.356302380561828613e-01,-4.427860379219055176e-01,4.529415965080261230e-01,3.974030315876007080e-01,-4.371415674686431885e-01,-6.444456428289413452e-02,-4.002238214015960693e-01,-1.553513854742050171e-01,-1.928956434130668640e-02,4.508783817291259766e-01,4.518252015113830566e-01,1.262296885251998901e-01,4.825881496071815491e-02,1.492740213871002197e-01,3.903503343462944031e-02,1.254183351993560791e-01,-3.151229321956634521e-01,-2.273924089968204498e-02,1.545643508434295654e-01,5.628497004508972168e-01,-2.475800067186355591e-01,-2.529103308916091919e-02,2.852688729763031006e-01,3.454933464527130127e-01,3.609992936253547668e-02,1.300617959350347519e-02,-7.554074749350547791e-03,-2.469602078199386597e-01,4.161957651376724243e-02,1.419272869825363159e-01,-5.398528650403022766e-02,-4.915548861026763916e-01,4.731859862804412842e-01,-2.369137555360794067e-01,4.591342508792877197e-01,1.925096362829208374e-01,1.504858285188674927e-01,-4.612137675285339355e-01,1.921486258506774902e-01,4.392124116420745850e-01,2.356732962653040886e-03,-5.373444557189941406e-01,1.268577277660369873e-01,4.709065258502960205e-01,-5.094510316848754883e-01,-6.861342117190361023e-04,4.663149714469909668e-01,3.695415798574686050e-03,4.839121997356414795e-01,4.266082346439361572e-01,-3.049483597278594971e-01,-7.722451351583003998e-03,-3.144392669200897217e-01,-4.039497971534729004e-01,7.847796380519866943e-02,4.771403502672910690e-03,3.078575134277343750e-01,-1.003780364990234375e-01,4.394669234752655029e-01,8.152017742395401001e-02,-2.803363800048828125e-01,1.636848355701658875e-05,4.115216732025146484e-01,-4.315883517265319824e-01,3.152835369110107422e-01,-3.489514291286468506e-01,4.964925646781921387e-01,4.615977406501770020e-01,-5.072912573814392090e-01,-1.020786985754966736e-01,3.277290761470794678e-01,4.132674634456634521e-01,2.074666321277618408e-01,6.969524081796407700e-03,-3.443669378757476807e-01,3.414049148559570312e-01,4.206010699272155762e-01,1.198868919163942337e-02,-5.000836253166198730e-01,4.268839359283447266e-01,-3.614828586578369141e-01,-1.667483001947402954e-01,5.174254775047302246e-01,-2.218172997236251831e-01,-3.016015887260437012e-01,-4.010215103626251221e-01,-4.207810759544372559e-01,1.654808223247528076e-01,3.271753191947937012e-01,3.073200285434722900e-01,-1.756430044770240784e-02,-3.633418381214141846e-01
