4.075538218021392822e-01,-2.267530653625726700e-03,2.445195168256759644e-01,-2.796003222465515137e-01,1.996153891086578369e-01,-3.996074497699737549e-01,1.046021059155464172e-01,3.754571676254272461e-01,-5.375288426876068115e-02,-1.184786111116409302e-01,-2.534915804862976074e-01,-1.153286918997764587e-01,-2.355468124151229858e-01,-1.554691940546035767e-01,-1.682088375091552734e-01,4.462144151329994202e-02,8.599516935646533966e-03,-1.696935445070266724e-01,2.149455249309539795e-01,1.700924709439277649e-02,-1.068325787782669067e-01,-3.223900198936462402e-01,-2.784805297851562500e-01,1.826407015323638916e-01,-2.754577435553073883e-03,9.717944264411926270e-02,1.285857409238815308e-01,-3.067385554313659668e-01,-7.656306773424148560e-02,-4.456901922821998596e-02,-1.879083514213562012e-01,9.129241108894348145e-02,-2.326998412609100342e-01,-5.400750786066055298e-02,-8.612366393208503723e-03,1.009576544165611267e-01,-1.429103966802358627e-02,-9.580449014902114868e-02,-1.307211965322494507e-01,-1.245950609445571899e-01,3.762261942028999329e-02,1.347139775753021240e-01,-2.562269270420074463e-01,-7.635639607906341553e-02,-3.241492435336112976e-02,3.574086427688598633e-01,9.928034991025924683e-02,5.241701379418373108e-02,1.922678053379058838e-01,-2.839586138725280762e-02,-2.051815688610076904e-01,-2.455466091632843018e-01,4.825327172875404358e-02,1.167865842580795288e-02,2.177726291120052338e-02,5.558795109391212463e-02,4.111158475279808044e-02,-3.074187086895108223e-03,2.218954414129257202e-01,3.250424861907958984e-01,-1.255852878093719482e-01,2.370303124189376831e-01,-8.427578024566173553e-03,1.902769058942794800e-01,8.856661617755889893e-02,2.206166088581085205e-02,-3.697980940341949463e-01,-2.626504562795162201e-02,9.502063691616058350e-02,2.521828114986419678e-01,-1.133634001016616821e-01,2.921350896358489990e-01,2.285785414278507233e-02,-1.903158724308013916e-01,-2.155067920684814453e-01,-8.750743232667446136e-03,1.045783399604260921e-03,-1.661573201417922974e-01,1.156250312924385071e-01,1.342745125293731689e-01,-8.328440040349960327e-02,-1.126306015066802502e-04,-2.234002575278282166e-02,-1.876704976893961430e-03,-1.318495571613311768e-01,2.440489381551742554e-01,2.575923800468444824e-01,1.166143105365335941e-03,-2.134868502616882324e-01,1.702961139380931854e-02,-1.140498891472816467e-01,3.573077619075775146e-01,2.230483591556549072e-01,-2.543962895870208740e-01,6.444647908210754395e-02,-3.325947225093841553e-01,-9.303415566682815552e-02,-9.886864972941111773e-06,-1.207154896110296249e-02,1.509027369320392609e-02,-2.204776406288146973e-01,3.275308012962341309e-01,1.204604804515838623e-01,-1.285155117511749268e-02,-2.340801507234573364e-01,3.803087398409843445e-02,3.221670091152191162e-01,2.731728851795196533e-01,-4.134612679481506348e-01,1.765811257064342499e-02,-2.128864079713821411e-01,3.141893744468688965e-01,1.807346940040588379e-01,-1.015621498227119446e-01,-7.836486399173736572e-02,4.244104027748107910e-02,2.235362231731414795e-01,-2.331069856882095337e-01,6.772373802959918976e-03,-2.213624417781829834e-01,-2.551400065422058105e-01,-1.227509528398513794e-01,-8.853062242269515991e-02,3.792344331741333008e-01,4.972499608993530273e-02,2.379038780927658081e-01,1.283371914178133011e-02,2.034862525761127472e-02
-2.267530653625726700e-03,1.169712003320455551e-02,-9.097117185592651367e-02,6.948256492614746094e-02,6.930690258741378784e-02,-3.901715856045484543e-03,-1.924286037683486938e-02,4.370571672916412354e-02,6.691811978816986084e-02,7.407967001199722290e-02,-7.319625932723283768e-03,-5.822061374783515930e-02,7.960938662290573120e-02,7.764217257499694824e-02,8.644545078277587891e-02,1.027911752462387085e-01,-1.640145550481975079e-03,8.383101969957351685e-02,-8.859364688396453857e-02,-6.723593175411224365e-02,-4.676724225282669067e-02,6.795570999383926392e-02,6.166288256645202637e-02,-4.069077223539352417e-02,1.770577207207679749e-02,9.166930615901947021e-02,-8.732003718614578247e-02,-5.997465178370475769e-02,8.981160074472427368e-02,-1.416379585862159729e-02,8.523561991751194000e-03,-9.954223781824111938e-02,5.026913434267044067e-02,7.497105002403259277e-02,-3.468384500592947006e-03,-1.033009663224220276e-01,8.077371120452880859e-02,8.806142210960388184e-02,-8.753404766321182251e-02,-7.666178047657012939e-02,8.644352853298187256e-02,-5.577391479164361954e-03,8.729614317417144775e-02,4.811286181211471558e-02,7.908745668828487396e-03,-8.275261521339416504e-02,-8.588249981403350830e-02,-3.048751316964626312e-02,-2.025046758353710175e-02,2.415606519207358360e-03,5.447724252007901669e-04,-1.104429177939891815e-02,6.626963615417480469e-02,-7.316192146390676498e-03,-3.511846065521240234e-02,-1.000735387206077576e-01,5.282270163297653198e-02,3.791376017034053802e-03,-8.348124474287033081e-02,-6.253655999898910522e-02,-6.749075371772050858e-03,-2.788401953876018524e-02,2.248154021799564362e-03,4.310736060142517090e-02,1.183847058564424515e-02,-3.406860306859016418e-02,4.608060792088508606e-02,1.021961867809295654e-01,-9.427966177463531494e-02,5.603023245930671692e-02,-8.748959004878997803e-02,-3.686382621526718140e-02,-3.406028077006340027e-02,8.488220721483230591e-02,-3.554790280759334564e-03,-9.788906574249267578e-02,-3.290488675702363253e-04,9.520372748374938965e-02,-2.259320765733718872e-02,-8.582425117492675781e-02,9.092605113983154297e-02,5.879456512047909200e-05,-8.270736783742904663e-02,-1.502458471804857254e-04,-9.535745531320571899e-02,-8.476705104112625122e-02,4.865664988756179810e-02,1.097724540159106255e-03,8.425825834274291992e-02,7.399943470954895020e-02,-1.850840449333190918e-02,-2.300461195409297943e-02,-8.225771039724349976e-02,4.748339205980300903e-02,-8.535918593406677246e-02,1.009562984108924866e-02,6.442834436893463135e-02,-4.104799344872844813e-08,-7.888524234294891357e-02,8.456164598464965820e-02,-4.446069523692131042e-02,5.334707349538803101e-02,-9.251791983842849731e-02,-8.645286411046981812e-02,9.889501333236694336e-02,-1.089210435748100281e-02,-7.763864845037460327e-02,-9.409791976213455200e-02,-2.125305496156215668e-02,-9.716263157315552235e-04,6.838612258434295654e-02,-7.218401134014129639e-02,-8.821512013673782349e-02,-1.981330104172229767e-02,9.370584785938262939e-02,-8.433812111616134644e-02,6.321576237678527832e-02,5.386353656649589539e-02,-9.364037215709686279e-02,5.725819990038871765e-02,8.560300618410110474e-02,7.695820182561874390e-02,7.364275306463241577e-02,-5.355643481016159058e-02,-5.776386335492134094e-02,-5.632036179304122925e-02,-9.015546180307865143e-03,7.505540549755096436e-02
2.445195168256759644e-01,-9.097117185592651367e-02,8.291196227073669434e-01,-7.493348717689514160e-01,-4.879095256328582764e-01,-1.972317099571228027e-01,1.891946345567703247e-01,-1.860620230436325073e-01,-5.747068524360656738e-01,-6.746006011962890625e-01,2.999574132263660431e-02,4.698375463485717773e-01,-6.674451231956481934e-01,-7.411755323410034180e-01,-7.918966412544250488e-01,-7.303200364112854004e-01,1.617828011512756348e-02,-7.273952960968017578e-01,7.975874543190002441e-01,6.247660517692565918e-01,3.816587030887603760e-01,-7.299157381057739258e-01,-6.796478629112243652e-01,4.120191633701324463e-01,-1.695032268762588501e-01,-6.160128116607666016e-01,7.575198411941528320e-01,2.935203909873962402e-01,-7.310923337936401367e-01,5.623312667012214661e-02,-1.218064278364181519e-01,7.967939972877502441e-01,-5.523619055747985840e-01,-6.986572146415710449e-01,2.615577727556228638e-02,7.905322313308715820e-01,-6.678334474563598633e-01,-7.657153010368347168e-01,5.589703917503356934e-01,6.147537231445312500e-01,-6.806738972663879395e-01,6.459181010723114014e-02,-7.991971373558044434e-01,-4.678689539432525635e-01,-8.679779618978500366e-02,7.996042966842651367e-01,7.728336453437805176e-01,2.822800278663635254e-01,2.267954349517822266e-01,4.439225420355796814e-02,-7.190104573965072632e-02,-1.068949978798627853e-02,-5.738788247108459473e-01,7.965468615293502808e-02,2.764340043067932129e-01,7.899441719055175781e-01,-5.234969854354858398e-01,-3.685557469725608826e-02,7.573583126068115234e-01,6.940167546272277832e-01,1.526982244104146957e-02,3.089246153831481934e-01,-2.518717572093009949e-02,-2.471923232078552246e-01,-6.186937913298606873e-02,3.199337124824523926e-01,-4.648162722587585449e-01,-7.686207890510559082e-01,7.788012027740478516e-01,-3.207042515277862549e-01,6.483560204505920410e-01,3.919633030891418457e-01,3.742957711219787598e-01,-7.840891480445861816e-01,-9.719062596559524536e-02,7.448471784591674805e-01,2.908609574660658836e-03,-8.243626952171325684e-01,3.028396666049957275e-01,7.636888623237609863e-01,-7.797313928604125977e-01,-6.238591740839183331e-04,6.901088953018188477e-01,1.928819547174498439e-04,6.713123917579650879e-01,8.021546602249145508e-01,-2.693887948989868164e-01,-8.416051045060157776e-03,-7.396188378334045410e-01,-6.477084159851074219e-01,1.499992311000823975e-01,3.423807024955749512e-01,7.650523781776428223e-01,-5.735183358192443848e-01,7.328659892082214355e-01,-2.596359848976135254e-01,-5.688402056694030762e-01,-2.577293571448535658e-06,6.362855434417724609e-01,-6.498305201530456543e-01,3.434958159923553467e-01,-2.426616847515106201e-01,7.958747148513793945e-01,6.937440633773803711e-01,-8.456923365592956543e-01,-5.345572903752326965e-02,7.381683588027954102e-01,8.089933395385742188e-01,-4.645380005240440369e-02,1.862500607967376709e-02,-6.769819259643554688e-01,7.579404115676879883e-01,7.999854087829589844e-01,-1.857823319733142853e-02,-7.930365800857543945e-01,7.093692421913146973e-01,-3.790012300014495850e-01,-5.910308361053466797e-01,7.531235218048095703e-01,-6.405864357948303223e-01,-7.696554660797119141e-01,-7.098706364631652832e-01,-6.915838718414306641e-01,6.012037992477416992e-01,5.941958427429199219e-01,6.335654258728027344e-01,6.992663443088531494e-02,-6.353323459625244141e-01
-2.796003222465515137e-01,6.948256492614746094e-02,-7.493348717689514160e-01,7.750257253646850586e-01,3.402119278907775879e-01,2.495056986808776855e-01,-1.505263745784759521e-01,2.004029601812362671e-02,5.488217473030090332e-01,5.488444566726684570e-01,-1.392671912908554077e-01,-3.379460573196411133e-01,4.854300022125244141e-01,6.824489831924438477e-01,7.147229313850402832e-01,5.584256052970886230e-01,-1.182756293565034866e-02,5.986322760581970215e-01,-7.491738200187683105e-01,-5.810830593109130859e-01,-4.365626275539398193e-01,6.840953230857849121e-01,6.073318719863891602e-01,-3.049937188625335693e-01,1.574394255876541138e-01,4.243935346603393555e-01,-6.446029543876647949e-01,-7.471986860036849976e-02,5.594643950462341309e-01,6.172515451908111572e-02,5.917275324463844299e-02,-7.360535264015197754e-01,6.370911598205566406e-01,6.403248906135559082e-01,-8.852507919073104858e-03,-6.245337724685668945e-01,5.183845162391662598e-01,6.800348162651062012e-01,-3.263623714447021484e-01,-5.646947026252746582e-01,6.351834535598754883e-01,4.006303846836090088e-02,6.886703968048095703e-01,3.699756562709808350e-01,-6.794413179159164429e-02,-6.956241130828857422e-01,-7.234511971473693848e-01,-2.301247566938400269e-01,-8.995050936937332153e-02,-1.227066479623317719e-02,6.865610927343368530e-02,1.829419583082199097e-01,5.948010683059692383e-01,-1.124668717384338379e-01,-9.308080375194549561e-02,-6.510836482048034668e-01,5.313713550567626953e-01,3.046781197190284729e-02,-6.848695278167724609e-01,-7.522488832473754883e-01,-5.024014413356781006e-02,-2.030688822269439697e-01,2.795871533453464508e-02,1.631398648023605347e-01,1.151285544037818909e-01,-2.784419655799865723e-01,3.507792651653289795e-01,6.077631711959838867e-01,-6.674762368202209473e-01,1.207619160413742065e-01,-5.089473128318786621e-01,-1.912260651588439941e-01,-4.462354779243469238e-01,7.101402878761291504e-01,7.260217331349849701e-03,-6.154894828796386719e-01,-1.581474556587636471e-03,7.154232263565063477e-01,-4.176395833492279053e-01,-6.933103203773498535e-01,7.336115837097167969e-01,5.552784423343837261e-04,-5.759287476539611816e-01,4.755983594805002213e-03,-5.517604351043701172e-01,-7.225945591926574707e-01,6.916464120149612427e-02,4.390724003314971924e-03,6.256371140480041504e-01,5.570990443229675293e-01,-1.922863870859146118e-01,-4.535162746906280518e-01,-7.496760487556457520e-01,6.182137727737426758e-01,-6.842224001884460449e-01,3.131582438945770264e-01,4.209984838962554932e-01,6.105746024331892841e-07,-4.685754179954528809e-01,5.177787542343139648e-01,-2.415475398302078247e-01,4.618173092603683472e-02,-7.548472881317138672e-01,-5.592784881591796875e-01,7.981805205345153809e-01,2.556137442588806152e-01,-7.959865927696228027e-01,-6.924604177474975586e-01,1.865537762641906738e-01,-2.846184186637401581e-02,6.893343329429626465e-01,-7.619507908821105957e-01,-7.674832940101623535e-01,2.082939743995666504e-01,6.837000846862792969e-01,-6.280085444450378418e-01,1.611465513706207275e-01,4.942312240600585938e-01,-6.396079659461975098e-01,6.587359905242919922e-01,6.489858627319335938e-01,7.265142798423767090e-01,6.581012010574340820e-01,-5.776904821395874023e-01,-5.702276825904846191e-01,-6.486337780952453613e-01,-4.492117092013359070e-02,5.172613859176635742e-01
1.996153891086578369e-01,6.930690258741378784e-02,-4.879095256328582764e-01,3.402119278907775879e-01,6.587122678756713867e-01,-2.560610473155975342e-01,-4.999495670199394226e-02,6.240019202232360840e-01,3.644440472126007080e-01,4.467149674892425537e-01,-2.212156802415847778e-01,-5.670750737190246582e-01,3.889961540699005127e-01,4.739034473896026611e-01,5.344275832176208496e-01,7.654756307601928711e-01,-4.324369132518768311e-03,4.645976126194000244e-01,-4.712845981121063232e-01,-5.028325915336608887e-01,-3.395978212356567383e-01,2.973009645938873291e-01,2.725136280059814453e-01,-1.866257786750793457e-01,1.324341446161270142e-01,7.040442228317260742e-01,-5.708968639373779297e-01,-6.397309303283691406e-01,6.646171212196350098e-01,-1.281665265560150146e-01,-8.512412756681442261e-02,-6.316626071929931641e-01,1.276381611824035645e-01,5.818129777908325195e-01,-4.047246277332305908e-02,-6.609831452369689941e-01,5.895214080810546875e-01,5.786375403404235840e-01,-7.465819716453552246e-01,-6.514660716056823730e-01,6.051362156867980957e-01,2.289143018424510956e-02,4.528437852859497070e-01,3.266059458255767822e-01,1.511446237564086914e-01,-3.913647532463073730e-01,-5.760501623153686523e-01,-1.758957654237747192e-01,-4.485653340816497803e-02,-1.413536816835403442e-01,-1.714672595262527466e-01,-3.723382353782653809e-01,4.814069271087646484e-01,-3.305675834417343140e-02,-2.933332324028015137e-01,-7.086197733879089355e-01,4.658603370189666748e-01,2.926935814321041107e-02,-4.022797048091888428e-01,-2.164143323898315430e-01,-1.124896705150604248e-01,-4.334500804543495178e-02,7.538247387856245041e-03,3.826740980148315430e-01,8.864410221576690674e-02,-2.406007051467895508e-01,3.376644849777221680e-02,7.079332470893859863e-01,-6.061972975730895996e-01,6.069981455802917480e-01,-7.346040010452270508e-01,-1.727887988090515137e-01,-2.164732813835144043e-01,5.056484937667846680e-01,-4.057450219988822937e-02,-6.822848916053771973e-01,-1.763122505508363247e-03,6.176369190216064453e-01,-3.897815197706222534e-02,-5.350934863090515137e-01,6.024168729782104492e-01,4.193631466478109360e-04,-6.556436419486999512e-01,-4.998527932912111282e-03,-7.474319338798522949e-01,-4.775735735893249512e-01,5.699099302291870117e-01,9.989626705646514893e-03,4.293168485164642334e-01,5.977708101272583008e-01,-1.987019777297973633e-01,1.841546744108200073e-01,-3.973872363567352295e-01,1.613051295280456543e-01,-5.480479001998901367e-01,-1.664389073848724365e-01,3.990436792373657227e-01,-6.782881428080145270e-06,-6.126223802566528320e-01,5.812686085700988770e-01,-5.752937197685241699e-01,6.272564530372619629e-01,-5.842838883399963379e-01,-6.605202555656433105e-01,5.182752609252929688e-01,-1.070806756615638733e-02,-2.630096971988677979e-01,-4.755160808563232422e-01,-4.449810981750488281e-01,1.109035406261682510e-02,3.242433369159698486e-01,-3.139647543430328369e-01,-5.158551931381225586e-01,-1.437267959117889404e-01,6.626286506652832031e-01,-5.576153993606567383e-01,6.353157162666320801e-01,2.744717895984649658e-01,-6.853904128074645996e-01,2.504540681838989258e-01,4.360079169273376465e-01,4.312688410282135010e-01,4.627582430839538574e-01,-8.093840628862380981e-02,-4.767321348190307617e-01,-2.406737059354782104e-01,-4.268288239836692810e-02,5.743807554244995117e-01
-3.996074497699737549e-01,-3.901715856045484543e-03,-1.972317099571228027e-01,2.495056986808776855e-01,-2.560610473155975342e-01,4.362991154193878174e-01,-8.593726158142089844e-02,-4.293791651725769043e-01,-1.013289112597703934e-02,7.076647132635116577e-02,2.474770098924636841e-01,1.926838457584381104e-01,1.966994404792785645e-01,9.146003425121307373e-02,1.056715622544288635e-01,-1.471182554960250854e-01,-8.737477473914623260e-03,1.309406161308288574e-01,-1.723243594169616699e-01,3.632102161645889282e-02,1.480738818645477295e-01,2.758354544639587402e-01,2.561042308807373047e-01,-1.560945510864257812e-01,-1.387456990778446198e-02,-1.949598789215087891e-01,-4.704054072499275208e-02,3.720631599426269531e-01,2.707385865505784750e-04,3.866591304540634155e-02,2.049865573644638062e-01,2.113066846504807472e-03,2.486843466758728027e-01,-1.273758150637149811e-02,1.437623985111713409e-02,-8.817143738269805908e-03,-5.349485576152801514e-02,3.141940757632255554e-02,2.216731160879135132e-01,1.822361946105957031e-01,-1.052312254905700684e-01,-1.189166456460952759e-01,2.089745700359344482e-01,4.555670171976089478e-02,1.070655765943229198e-03,-2.977471649646759033e-01,-4.310114681720733643e-02,-4.892354458570480347e-02,-1.939416825771331787e-01,8.057051897048950195e-02,2.346093207597732544e-01,2.840029895305633545e-01,-9.051534533500671387e-02,-5.298092495650053024e-03,8.709193207323551178e-03,2.712393179535865784e-02,-9.965421259403228760e-02,-2.810789737850427628e-04,-1.941784322261810303e-01,-3.038065135478973389e-01,1.364722549915313721e-01,-2.442972660064697266e-01,8.175180293619632721e-03,-2.124970257282257080e-01,-8.482514321804046631e-02,5.068495403975248337e-03,3.662896156311035156e-01,-5.412618070840835571e-02,-1.267464645206928253e-02,-3.107299804687500000e-01,1.865165382623672485e-01,-2.556110322475433350e-01,1.582671329379081726e-02,1.209652125835418701e-01,1.792996674776077271e-01,6.665000319480895996e-02,-7.309422944672405720e-04,8.918547630310058594e-02,-1.343332678079605103e-01,-5.723593011498451233e-02,2.101953886449337006e-02,5.126349788042716682e-05,9.638474136590957642e-02,2.108819084241986275e-03,2.065607309341430664e-01,-1.768554151058197021e-01,-3.054625391960144043e-01,-2.423119498416781425e-03,1.505770385265350342e-01,-8.964729309082031250e-02,1.083103120326995850e-01,-3.897794187068939209e-01,-1.833602488040924072e-01,2.218241095542907715e-01,-1.667618006467819214e-02,3.363434970378875732e-01,9.586137533187866211e-02,8.791426807874813676e-06,8.847086876630783081e-02,-6.365229189395904541e-02,2.841094732284545898e-01,-4.039171636104583740e-01,-4.289463162422180176e-02,8.936535567045211792e-02,1.749061644077301025e-01,6.936826743185520172e-03,-3.048059642314910889e-01,-2.145116329193115234e-01,4.559782147407531738e-01,-1.753567531704902649e-02,1.472129374742507935e-01,-2.852296829223632812e-01,-1.227166503667831421e-01,1.043141782283782959e-01,1.381418295204639435e-02,1.417328324168920517e-02,-3.041710853576660156e-01,2.171034812927246094e-01,5.660375952720642090e-02,1.963035464286804199e-01,2.219225317239761353e-01,8.317316323518753052e-02,3.684684261679649353e-02,-3.771094083786010742e-01,2.350776270031929016e-02,-2.059905380010604858e-01,-1.713515259325504303e-02,-7.158412039279937744e-02
1.046021059155464172e-01,-1.924286037683486938e-02,1.891946345567703247e-01,-1.505263745784759521e-01,-4.999495670199394226e-02,-8.593726158142089844e-02,8.406507968902587891e-02,2.913977205753326416e-02,-1.140817627310752869e-01,-1.312512755393981934e-01,-9.695571660995483398e-02,5.174978822469711304e-02,-2.116872817277908325e-01,-1.384809315204620361e-01,-1.535550057888031006e-01,-1.460917145013809204e-01,5.829509347677230835e-03,-1.944080144166946411e-01,1.714435964822769165e-01,6.187413632869720459e-02,3.680019406601786613e-03,-1.786836981773376465e-01,-1.597054898738861084e-01,1.203870177268981934e-01,-1.944093033671379089e-02,-1.217888966202735901e-01,1.414270401000976562e-01,3.028248623013496399e-02,-1.486186385154724121e-01,1.969861611723899841e-02,-7.311946153640747070e-02,1.423089355230331421e-01,-1.127132028341293335e-01,-8.536095172166824341e-02,3.707295749336481094e-03,1.859600841999053955e-01,-1.237557381391525269e-01,-1.421033143997192383e-01,1.174951046705245972e-01,4.450187832117080688e-02,-1.036701127886772156e-01,7.606944441795349121e-02,-2.010639607906341553e-01,-9.039267152547836304e-02,-4.761581867933273315e-02,2.146222144365310669e-01,1.326090842485427856e-01,7.431549578905105591e-02,1.193147078156471252e-01,-2.783032879233360291e-02,-6.269673258066177368e-02,-4.826846346259117126e-02,-4.926513880491256714e-02,1.341810263693332672e-02,7.775982469320297241e-02,1.488517969846725464e-01,-3.953618183732032776e-02,-6.182517390698194504e-03,1.827937960624694824e-01,1.608244776725769043e-01,-4.582906514406204224e-02,1.428480446338653564e-01,-3.829307621344923973e-03,-9.948402643203735352e-03,1.385397557169198990e-02,5.032458528876304626e-02,-1.991900801658630371e-01,-1.578132361173629761e-01,1.571913808584213257e-01,-2.530678734183311462e-02,8.817939460277557373e-02,1.522635817527770996e-01,2.012854814529418945e-02,-1.677923500537872314e-01,-5.311754718422889709e-02,1.364492624998092651e-01,1.019687391817569733e-03,-1.687689423561096191e-01,4.998817294836044312e-02,1.469827145338058472e-01,-1.330548375844955444e-01,-9.305971616413444281e-05,9.722292423248291016e-02,-3.903692122548818588e-04,9.643347561359405518e-02,1.782195866107940674e-01,-9.521681815385818481e-03,-1.685552764683961868e-03,-1.813816875219345093e-01,-8.491576462984085083e-02,-2.369074709713459015e-02,1.167247146368026733e-01,1.694986820220947266e-01,-1.056672409176826477e-01,1.304276436567306519e-01,-1.025031358003616333e-01,-1.405129432678222656e-01,-3.543119191817822866e-06,1.088794246315956116e-01,-1.388506144285202026e-01,-1.694856770336627960e-02,3.474056255072355270e-03,1.475155502557754517e-01,1.176593527197837830e-01,-1.869695037603378296e-01,8.253441751003265381e-02,1.751964986324310303e-01,2.288939356803894043e-01,-6.095625460147857666e-02,3.981368616223335266e-03,-1.340942531824111938e-01,1.557826250791549683e-01,1.679440140724182129e-01,7.339210063219070435e-02,-1.485178768634796143e-01,1.232214272022247314e-01,-4.777851328253746033e-02,-1.519265174865722656e-01,1.276286691427230835e-01,-1.242232173681259155e-01,-2.018519788980484009e-01,-1.192684695124626160e-01,-1.053706631064414978e-01,1.886799484491348267e-01,5.332962796092033386e-02,1.149162128567695618e-01,2.066736109554767609e-02,-9.441341459751129150e-02
3.754571676254272461e-01,4.370571672916412354e-02,-1.860620230436325073e-01,2.004029601812362671e-02,6.240019202232360840e-01,-4.293791651725769043e-01,2.913977205753326416e-02,7.721456289291381836e-01,1.199861988425254822e-01,2.441303282976150513e-01,-2.074918746948242188e-01,-5.424943566322326660e-01,1.969442963600158691e-01,2.149909585714340210e-01,2.682413458824157715e-01,6.029809117317199707e-01,1.817882992327213287e-03,2.360723912715911865e-01,-1.626199334859848022e-01,-3.091608881950378418e-01,-1.513336151838302612e-01,8.495910093188285828e-03,1.563021540641784668e-02,-7.900673896074295044e-02,8.223286271095275879e-02,6.034268140792846680e-01,-3.397495150566101074e-01,-7.292073369026184082e-01,5.169508457183837891e-01,-1.775133907794952393e-01,-1.492408961057662964e-01,-3.431451916694641113e-01,-2.042749226093292236e-01,3.825983107089996338e-01,-4.862992092967033386e-02,-4.426122903823852539e-01,4.466734826564788818e-01,3.400453925132751465e-01,-7.199605703353881836e-01,-4.923240840435028076e-01,3.814038038253784180e-01,-2.600306470412760973e-04,1.725828349590301514e-01,2.154496014118194580e-01,2.611877322196960449e-01,-9.907063841819763184e-02,-3.207649588584899902e-01,-9.751963615417480469e-02,-9.977814741432666779e-03,-2.141645997762680054e-01,-2.599732279777526855e-01,-5.945379734039306641e-01,2.608015239238739014e-01,1.422106008976697922e-02,-3.281638324260711670e-01,-5.005418062210083008e-01,3.146058022975921631e-01,2.155173383653163910e-02,-1.054213941097259521e-01,1.389231681823730469e-01,-1.071835979819297791e-01,5.076858401298522949e-02,-6.558541674166917801e-03,3.570204973220825195e-01,3.557394072413444519e-02,-1.528646945953369141e-01,-1.721137017011642456e-01,5.143008828163146973e-01,-3.699637353420257568e-01,6.823994517326354980e-01,-6.227562427520751953e-01,-1.280150562524795532e-01,-2.401919290423393250e-02,2.427241802215576172e-01,-1.725653186440467834e-02,-4.831185638904571533e-01,-1.307388301938772202e-03,3.666363656520843506e-01,1.677500158548355103e-01,-2.713050246238708496e-01,3.350016772747039795e-01,2.453052147757261992e-04,-4.949861466884613037e-01,-9.292379021644592285e-03,-5.914705395698547363e-01,-1.944585740566253662e-01,6.718984246253967285e-01,1.047542132437229156e-02,1.642755568027496338e-01,4.511444270610809326e-01,-1.427162438631057739e-01,5.062977671623229980e-01,-7.241401076316833496e-02,-1.334155201911926270e-01,-2.975995838642120361e-01,-3.814067840576171875e-01,2.676073610782623291e-01,-1.038218488247366622e-05,-5.002938508987426758e-01,4.231615364551544189e-01,-6.135687232017517090e-01,7.367026805877685547e-01,-2.981026172637939453e-01,-5.095455646514892578e-01,1.802777498960494995e-01,-1.198187544941902161e-01,1.363870948553085327e-01,-1.936463713645935059e-01,-6.507259607315063477e-01,3.191731870174407959e-02,5.728654097765684128e-03,2.312264405190944672e-02,-2.162387520074844360e-01,-2.569811046123504639e-01,4.412639737129211426e-01,-3.354889154434204102e-01,6.837278604507446289e-01,1.008314043283462524e-01,-4.903705418109893799e-01,-4.988079890608787537e-02,1.772909462451934814e-01,1.254022121429443359e-01,2.001514136791229248e-01,2.302778363227844238e-01,-3.004872798919677734e-01,5.676691979169845581e-02,-2.275909483432769775e-02,4.405260384082794189e-01
-5.375288426876068115e-02,6.691811978816986084e-02,-5.747068524360656738e-01,5.488217473030090332e-01,3.644440472126007080e-01,-1.013289112597703934e-02,-1.140817627310752869e-01,1.199861988425254822e-01,5.735611915588378906e-01,4.583737552165985107e-01,-1.967709362506866455e-01,-3.516489267349243164e-01,3.426480293273925781e-01,5.703299045562744141e-01,5.856026411056518555e-01,5.753554105758666992e-01,-6.452628877013921738e-03,4.395892024040222168e-01,-6.026245951652526855e-01,-5.324025154113769531e-01,-5.131930112838745117e-01,4.791402518749237061e-01,3.866095840930938721e-01,-1.872851252555847168e-01,1.439367681741714478e-01,4.949127733707427979e-01,-5.769119858741760254e-01,-2.007118910551071167e-01,4.530210494995117188e-01,3.470782563090324402e-02,-3.509476035833358765e-02,-7.297705411911010742e-01,4.631040394306182861e-01,5.489810109138488770e-01,-9.046806953847408295e-03,-5.896750688552856445e-01,4.674635827541351318e-01,5.827199220657348633e-01,-3.460155129432678223e-01,-5.545319914817810059e-01,6.320318579673767090e-01,9.591083973646163940e-02,5.134343504905700684e-01,2.696536481380462646e-01,-1.291439980268478394e-01,-5.039926767349243164e-01,-5.952417850494384766e-01,-1.429715305566787720e-01,5.993021279573440552e-02,-2.199193276464939117e-02,-4.219107702374458313e-02,1.138481348752975464e-01,5.791594386100769043e-01,-1.094932779669761658e-01,-3.758384659886360168e-02,-5.844471454620361328e-01,4.801149964332580566e-01,2.334474585950374603e-02,-5.289099216461181641e-01,-5.444899797439575195e-01,-1.220110505819320679e-01,-1.821136102080345154e-02,2.241896279156208038e-02,2.701386511325836182e-01,1.558395326137542725e-01,-2.371213436126708984e-01,1.711604297161102295e-01,5.678812861442565918e-01,-6.144843697547912598e-01,2.052106112241744995e-01,-4.939203560352325439e-01,-1.460388768464326859e-02,-4.369105100631713867e-01,5.792917609214782715e-01,-1.028734669089317322e-01,-5.681188106536865234e-01,-1.033430569805204868e-03,5.908457636833190918e-01,-2.813475728034973145e-01,-6.150199770927429199e-01,6.456560492515563965e-01,4.310557851567864418e-04,-5.251902341842651367e-01,5.137095227837562561e-03,-5.762420892715454102e-01,-5.673126578330993652e-01,1.451953053474426270e-01,4.104819148778915405e-03,5.492219328880310059e-01,5.036832094192504883e-01,-1.878642588853836060e-01,-2.880154848098754883e-01,-6.064549684524536133e-01,4.748808145523071289e-01,-5.913860201835632324e-01,1.474214494228363037e-01,2.537758648395538330e-01,-9.863102832241565920e-07,-4.401315748691558838e-01,4.637999832630157471e-01,-2.753490507602691650e-01,2.057230472564697266e-01,-6.724055409431457520e-01,-5.165277719497680664e-01,6.870140433311462402e-01,1.361107677221298218e-01,-6.521891355514526367e-01,-5.431863069534301758e-01,-9.130234830081462860e-03,-2.361515909433364868e-02,6.280377507209777832e-01,-5.640348196029663086e-01,-6.312646269798278809e-01,1.339462846517562866e-01,5.575199127197265625e-01,-5.765839815139770508e-01,2.507094442844390869e-01,2.672336995601654053e-01,-5.646581649780273438e-01,4.904888570308685303e-01,4.598343968391418457e-01,6.309010982513427734e-01,5.755693316459655762e-01,-3.542498052120208740e-01,-4.992281794548034668e-01,-4.997684657573699951e-01,-2.720395475625991821e-02,4.606161117553710938e-01
-1.184786111116409302e-01,7.407967001199722290e-02,-6.746006011962890625e-01,5.488444566726684570e-01,4.467149674892425537e-01,7.076647132635116577e-02,-1.312512755393981934e-01,2.441303282976150513e-01,4.583737552165985107e-01,5.633901357650756836e-01,-1.026829518377780914e-02,-4.158479869365692139e-01,5.707967281341552734e-01,5.939083695411682129e-01,6.569831371307373047e-01,7.108194231986999512e-01,-1.210157759487628937e-02,5.752829313278198242e-01,-6.601927280426025391e-01,-5.292089581489562988e-01,-3.088805675506591797e-01,5.450676679611206055e-01,4.928371608257293701e-01,-3.285005986690521240e-01,1.345461010932922363e-01,6.288190484046936035e-01,-6.759898066520690918e-01,-3.554856181144714355e-01,6.756746768951416016e-01,-1.031445041298866272e-01,9.459455311298370361e-02,-7.316564917564392090e-01,3.638730645179748535e-01,6.017131805419921875e-01,-2.606820128858089447e-02,-7.449019551277160645e-01,5.796225070953369141e-01,6.435491442680358887e-01,-5.896755456924438477e-01,-5.377081632614135742e-01,5.805434584617614746e-01,-6.217837706208229065e-02,6.489726305007934570e-01,3.646234273910522461e-01,8.810716122388839722e-02,-6.663258671760559082e-01,-6.292979121208190918e-01,-1.945304572582244873e-01,-1.521801352500915527e-01,-6.119322776794433594e-02,2.526182867586612701e-02,-8.869723230600357056e-02,4.672967493534088135e-01,-4.648144543170928955e-02,-2.604061067104339600e-01,-7.333694696426391602e-01,3.978420794010162354e-01,2.826156653463840485e-02,-6.006689667701721191e-01,-4.889001548290252686e-01,-3.164433315396308899e-02,-2.037005573511123657e-01,1.743148453533649445e-02,2.650824189186096191e-01,3.915322944521903992e-02,-2.512679696083068848e-01,3.547104597091674805e-01,7.145985960960388184e-01,-6.856271624565124512e-01,3.549586534500122070e-01,-6.079400181770324707e-01,-3.516834676265716553e-01,-2.711213529109954834e-01,6.426199078559875488e-01,7.862022519111633301e-02,-6.737811565399169922e-01,-2.408898202702403069e-03,7.225717902183532715e-01,-1.479606628417968750e-01,-6.426252126693725586e-01,6.679069995880126953e-01,4.773011605720967054e-04,-6.031298041343688965e-01,-2.012236509472131729e-03,-6.336067318916320801e-01,-6.553635001182556152e-01,3.100657761096954346e-01,7.794467266649007797e-03,6.395496129989624023e-01,5.493388175964355469e-01,-1.028945967555046082e-01,-1.876954883337020874e-01,-5.969885587692260742e-01,4.051998257637023926e-01,-6.026330590248107910e-01,1.335518509149551392e-01,4.395974278450012207e-01,1.509807702859689016e-06,-5.700973868370056152e-01,5.480080842971801758e-01,-3.356525301933288574e-01,3.325197696685791016e-01,-6.736541986465454102e-01,-6.210647821426391602e-01,7.385684847831726074e-01,-6.664374470710754395e-02,-5.825218558311462402e-01,-6.890002489089965820e-01,-5.693832412362098694e-02,-1.019610743969678879e-02,5.392544865608215332e-01,-5.886731147766113281e-01,-6.435944437980651855e-01,-3.108396008610725403e-02,6.803663969039916992e-01,-6.009699702262878418e-01,4.094812273979187012e-01,4.209991395473480225e-01,-6.651340126991271973e-01,4.475705027580261230e-01,6.324130296707153320e-01,5.529477596282958984e-01,5.487083792686462402e-01,-4.130167365074157715e-01,-4.907459616661071777e-01,-4.633979201316833496e-01,-5.683929473161697388e-02,5.403085947036743164e-01
-2.534915804862976074e-01,-7.319625932723283768e-03,2.999574132263660431e-02,-1.392671912908554077e-01,-2.212156802415847778e-01,2.474770098924636841e-01,-9.695571660995483398e-02,-2.074918746948242188e-01,-1.967709362506866455e-01,-1.026829518377780914e-02,5.015100240707397461e-01,1.591024398803710938e-01,2.593270242214202881e-01,-1.270038038492202759e-01,-1.109046265482902527e-01,-1.206684559583663940e-01,-9.504297748208045959e-03,6.376608461141586304e-02,1.018765643239021301e-01,2.646989226341247559e-01,4.463950991630554199e-01,4.961637780070304871e-02,7.849033176898956299e-02,-1.809692233800888062e-01,-6.970477104187011719e-02,-7.939465343952178955e-02,8.284959942102432251e-02,8.902438730001449585e-02,5.443955305963754654e-03,-1.229950115084648132e-01,2.629666626453399658e-01,2.467661201953887939e-01,-1.784049570560455322e-01,-2.390641123056411743e-01,-5.601079203188419342e-03,1.259323442354798317e-03,-7.403775304555892944e-02,-1.525786817073822021e-01,-1.054389122873544693e-02,3.935851156711578369e-01,-3.284242451190948486e-01,-3.095486164093017578e-01,6.563410907983779907e-02,7.482892833650112152e-03,2.630797326564788818e-01,-1.534271538257598877e-01,2.211503684520721436e-01,-1.912916079163551331e-02,-3.511341810226440430e-01,2.761135436594486237e-02,2.112576663494110107e-01,-1.885921321809291840e-02,-4.121167659759521484e-01,8.159882575273513794e-02,-1.986506283283233643e-01,1.163171827793121338e-01,-3.490580916404724121e-01,-5.136937368661165237e-03,1.184867043048143387e-02,1.144430935382843018e-01,2.212353646755218506e-01,-3.195972144603729248e-01,-9.022494778037071228e-03,-1.987363845109939575e-01,-2.124283313751220703e-01,7.419434934854507446e-02,3.912357687950134277e-01,-8.731083571910858154e-02,1.099335625767707825e-01,-9.959345310926437378e-02,2.228247374296188354e-01,-4.803937673568725586e-01,3.129188716411590576e-01,-7.328870147466659546e-02,3.205706775188446045e-01,1.675882488489151001e-01,-2.026691334322094917e-03,-7.135624438524246216e-02,2.064032554626464844e-01,1.465394794940948486e-01,-2.544838786125183105e-01,-1.053305240930058062e-04,2.020737081766128540e-01,-5.687819793820381165e-03,2.877614796161651611e-01,2.243288047611713409e-02,-7.990884035825729370e-02,1.224608859047293663e-03,4.748007655143737793e-02,-2.154873311519622803e-01,2.817354202270507812e-01,-2.445070259273052216e-02,1.280952244997024536e-01,-1.136920377612113953e-01,2.230221033096313477e-01,1.453162431716918945e-01,8.632022142410278320e-02,1.259716464119264856e-05,6.595470011234283447e-02,-1.028413921594619751e-01,2.683446407318115234e-01,-1.434218734502792358e-01,2.340132892131805420e-01,1.463122665882110596e-01,-1.183000430464744568e-01,-4.463311433792114258e-01,1.616759002208709717e-01,-1.042507588863372803e-01,1.839459836483001709e-01,8.324755355715751648e-03,-1.695113927125930786e-01,8.164290338754653931e-02,1.725464165210723877e-01,-2.659199237823486328e-01,-1.431916803121566772e-01,1.909803748130798340e-01,-5.924052745103836060e-02,1.311412155628204346e-01,1.897145658731460571e-01,-1.251326799392700195e-01,1.082058921456336975e-01,-2.800997793674468994e-01,-2.266879528760910034e-01,-1.592622995376586914e-01,2.614574730396270752e-01,1.150388047099113464e-01,-2.616868354380130768e-02,-1.530809849500656128e-01
-1.153286918997764587e-01,-5.822061374783515930e-02,4.698375463485717773e-01,-3.379460573196411133e-01,-5.670750737190246582e-01,1.926838457584381104e-01,5.174978822469711304e-02,-5.424943566322326660e-01,-3.516489267349243164e-01,-4.158479869365692139e-01,1.591024398803710938e-01,5.335068106651306152e-01,-3.510283827781677246e-01,-4.827008545398712158e-01,-5.336081385612487793e-01,-7.484908103942871094e-01,3.074907232075929642e-03,-3.957011997699737549e-01,4.450930655002593994e-01,4.981203973293304443e-01,3.230547010898590088e-01,-3.141570091247558594e-01,-2.609565556049346924e-01,1.848175227642059326e-01,-1.268523633480072021e-01,-6.722545027732849121e-01,5.894425511360168457e-01,5.619047284126281738e-01,-6.507201790809631348e-01,9.643569588661193848e-02,7.662110030651092529e-02,6.578775048255920410e-01,-9.213821589946746826e-02,-5.905193090438842773e-01,3.842795640230178833e-02,6.604908704757690430e-01,-5.453327894210815430e-01,-5.514152050018310547e-01,7.076816558837890625e-01,6.102716922760009766e-01,-5.568526983261108398e-01,-5.187618546187877655e-03,-4.310134947299957275e-01,-2.974836230278015137e-01,-1.599384844303131104e-01,4.219664037227630615e-01,5.461392998695373535e-01,1.276109814643859863e-01,2.707394398748874664e-02,2.067715078592300415e-01,1.628374457359313965e-01,3.420932590961456299e-01,-4.426136910915374756e-01,3.763869777321815491e-02,2.599814236164093018e-01,6.987123489379882812e-01,-4.483665525913238525e-01,-2.706450968980789185e-02,3.556747138500213623e-01,2.167034894227981567e-01,9.713450819253921509e-02,1.155992131680250168e-02,-7.454264443367719650e-03,-3.056363761425018311e-01,-4.966915771365165710e-02,2.214347720146179199e-01,-2.772563509643077850e-02,-6.756274700164794922e-01,6.003856062889099121e-01,-5.328153371810913086e-01,6.823366284370422363e-01,2.161706835031509399e-01,2.333356589078903198e-01,-5.045943260192871094e-01,-4.618616402149200439e-02,6.210679411888122559e-01,1.692525926046073437e-03,-6.250479221343994141e-01,1.168522238731384277e-02,5.332632660865783691e-01,-5.803570151329040527e-01,-4.226758901495486498e-04,6.306719779968261719e-01,4.519090056419372559e-03,6.842057704925537109e-01,4.851374328136444092e-01,-4.946447312831878662e-01,-9.045422077178955078e-03,-4.326497316360473633e-01,-5.714436173439025879e-01,1.391753703355789185e-01,-1.757224202156066895e-01,3.752734959125518799e-01,-1.989422291517257690e-01,4.919022321701049805e-01,1.148188188672065735e-01,-2.972211837768554688e-01,4.193473159830318764e-06,5.827844738960266113e-01,-4.880095422267913818e-01,5.431354641914367676e-01,-5.797215104103088379e-01,5.788120031356811523e-01,6.245452761650085449e-01,-5.160965919494628906e-01,3.324642032384872437e-02,2.565567493438720703e-01,4.591834843158721924e-01,3.613885939121246338e-01,-6.877336651086807251e-03,-3.672295510768890381e-01,3.299328684806823730e-01,4.970275163650512695e-01,5.511392280459403992e-02,-6.282146573066711426e-01,5.195814967155456543e-01,-5.854111313819885254e-01,-2.425240576267242432e-01,6.397140026092529297e-01,-2.411323785781860352e-01,-3.960690498352050781e-01,-4.075100719928741455e-01,-4.452439248561859131e-01,7.343823462724685669e-02,5.065265297889709473e-01,2.569803893566131592e-01,2.329762466251850128e-02,-5.227056145668029785e-01
