5.119148492813110352e-01,1.351356389932334423e-03,-4.161130264401435852e-02,-5.817050859332084656e-02,1.832941323518753052e-01,-1.321322172880172729e-01,1.256283670663833618e-01,3.875048458576202393e-01,8.173006772994995117e-02,2.992806956171989441e-02,-9.849333763122558594e-02,-3.242008760571479797e-02,2.220009826123714447e-02,2.161999940872192383e-01,1.648135781288146973e-01,6.899478286504745483e-02,6.417564116418361664e-03,-7.923432439565658569e-02,1.491018086671829224e-01,1.618803362362086773e-03,-1.045146062970161438e-01,-2.645812183618545532e-02,-4.635946080088615417e-02,3.117249347269535065e-02,-9.195624850690364838e-03,-5.432791262865066528e-02,6.716066598892211914e-02,-2.436457425355911255e-01,-1.220133807510137558e-02,-1.946219801902770996e-01,-1.693554073572158813e-01,1.567581482231616974e-02,9.477762505412101746e-04,-1.091288123279809952e-02,-2.957943268120288849e-02,-4.227975849062204361e-03,-3.880135715007781982e-02,1.973600126802921295e-02,-2.765489816665649414e-01,-3.717447221279144287e-01,1.457249820232391357e-01,9.574218839406967163e-02,-1.218128129839897156e-01,1.003060676157474518e-02,3.751333802938461304e-02,-2.867025323212146759e-02,-1.304904818534851074e-01,-9.832598268985748291e-02,5.654182657599449158e-02,7.961667329072952271e-02,-1.095038875937461853e-01,-1.572307199239730835e-02,1.383303701877593994e-01,-5.240122973918914795e-02,-9.528212249279022217e-02,-9.308410435914993286e-02,3.220197558403015137e-02,7.580350618809461594e-03,-1.315995934419333935e-03,-1.380542060360312462e-03,1.324721705168485641e-02,-5.798243917524814606e-03,9.392627514898777008e-03,9.506226330995559692e-02,-1.221477612853050232e-02,2.068374119699001312e-02,-1.158116534352302551e-01,1.353111863136291504e-01,-1.145370025187730789e-02,1.323633342981338501e-01,-1.569362878799438477e-01,-3.113989531993865967e-02,8.480168133974075317e-02,6.861530989408493042e-02,-9.426317363977432251e-02,-1.456876248121261597e-01,-2.264230512082576752e-03,2.936835959553718567e-02,-1.665617823600769043e-01,-2.669808454811573029e-02,-1.037693489342927933e-02,6.433101953007280827e-04,-1.633600890636444092e-01,-4.216994624584913254e-03,-2.751098871231079102e-01,2.045406587421894073e-02,2.327620536088943481e-01,-2.773324493318796158e-03,-6.393958628177642822e-02,3.592900931835174561e-02,-1.067876741290092468e-01,3.226319700479507446e-02,1.602617502212524414e-01,-1.577940285205841064e-01,1.223312411457300186e-02,-2.261106818914413452e-01,2.106444984674453735e-01,-2.054560318356379867e-04,-1.246457025408744812e-01,2.515134513378143311e-01,-6.041540578007698059e-02,2.300691306591033936e-01,1.886185631155967712e-02,-1.728886365890502930e-02,-8.748260140419006348e-02,2.436480969190597534e-01,1.412283778190612793e-01,9.668830782175064087e-02,-2.806397676467895508e-01,2.036616764962673187e-02,-4.597699642181396484e-02,1.174233034253120422e-01,4.779043421149253845e-02,-2.047326117753982544e-01,8.477454632520675659e-02,-8.619663864374160767e-02,3.330410420894622803e-01,-1.023513078689575195e-01,-2.676974534988403320e-01,-2.433147653937339783e-02,-8.344238251447677612e-02,1.199785172939300537e-01,1.088066175580024719e-01,8.623988926410675049e-02,1.040243804454803467e-01,-1.031635254621505737e-01,-1.477857120335102081e-02,5.427493155002593994e-02
1.351356389932334423e-03,2.006005868315696716e-02,-1.193760931491851807e-01,8.256258815526962280e-02,6.949317455291748047e-02,-1.371765881776809692e-02,-8.880364708602428436e-03,4.312983155250549316e-02,2.014155685901641846e-02,3.526996448636054993e-02,1.713922061026096344e-02,-5.022688582539558411e-02,9.983982890844345093e-02,4.203448444604873657e-02,1.183291003108024597e-01,1.131330952048301697e-01,-9.064565529115498066e-04,5.699495971202850342e-02,-5.842238664627075195e-02,-5.589474737644195557e-02,-1.916467398405075073e-02,1.194519549608230591e-01,6.541512906551361084e-02,1.092699938453733921e-03,1.461722888052463531e-02,1.334308683872222900e-01,-1.267758905887603760e-01,-4.314915463328361511e-02,1.046855226159095764e-01,3.592596156522631645e-03,2.908803150057792664e-02,-1.182137653231620789e-01,8.048044145107269287e-02,6.862553209066390991e-02,-4.085657186806201935e-03,-1.279288530349731445e-01,2.126025035977363586e-02,5.707633495330810547e-02,-7.759869098663330078e-02,-5.599176883697509766e-02,9.828463941812515259e-02,3.322192933410406113e-03,1.085523292422294617e-01,1.580862887203693390e-02,1.021264493465423584e-02,-8.146140724420547485e-02,-1.233384832739830017e-01,-2.732784301042556763e-02,-1.315104868263006210e-02,1.109872385859489441e-02,2.267509233206510544e-03,-1.967329345643520355e-02,2.635390125215053558e-02,4.740355070680379868e-03,-1.968631707131862640e-02,-1.274246573448181152e-01,3.203066438436508179e-02,1.128577347844839096e-02,-5.017667263746261597e-02,-6.311981379985809326e-02,8.502147160470485687e-03,6.340410094708204269e-03,3.878201358020305634e-03,1.153230201452970505e-02,-1.865919912233948708e-03,-2.881732396781444550e-02,4.829457402229309082e-02,1.170323193073272705e-01,-1.152073666453361511e-01,1.298332773149013519e-02,-8.659714460372924805e-02,-3.667525714263319969e-03,-3.128407523036003113e-02,1.194733977317810059e-01,-2.034539543092250824e-02,-1.013979464769363403e-01,-3.312206361442804337e-03,1.348880827426910400e-01,-6.638429127633571625e-03,-1.067171841859817505e-01,1.189035326242446899e-01,1.361345290206372738e-03,-9.776090085506439209e-02,3.104598494246602058e-03,-7.532089948654174805e-02,-1.174766272306442261e-01,3.251610696315765381e-02,6.386486347764730453e-03,6.389958411455154419e-02,4.007925093173980713e-02,-2.493685483932495117e-02,-1.864863932132720947e-02,-9.336574375629425049e-02,3.936165571212768555e-02,-1.057613566517829895e-01,6.978608202189207077e-03,7.328607141971588135e-02,-1.353980624116957188e-04,-8.791602402925491333e-02,1.163560431450605392e-02,-3.094341419637203217e-02,2.274598740041255951e-02,-1.274154782295227051e-01,-3.976727649569511414e-02,1.345901787281036377e-01,-7.569353096187114716e-03,-8.004566282033920288e-02,-1.159754917025566101e-01,-1.406884752213954926e-02,-1.074753236025571823e-02,7.748916745185852051e-02,-4.393753036856651306e-02,-1.088089048862457275e-01,-2.489076927304267883e-03,1.349125653505325317e-01,-1.094755083322525024e-01,5.193659290671348572e-02,3.626366332173347473e-02,-1.160664036870002747e-01,3.658594936132431030e-02,3.413383662700653076e-02,8.823029696941375732e-02,1.137574762105941772e-01,-5.721318721771240234e-02,-8.498431742191314697e-02,-4.484179988503456116e-02,3.091588150709867477e-03,4.877154901623725891e-02
-4.161130264401435852e-02,-1.193760931491851807e-01,7.679335474967956543e-01,-5.709019303321838379e-01,-4.226842224597930908e-01,2.560597285628318787e-02,-1.561961835250258446e-03,-3.195702731609344482e-01,-1.141664832830429077e-01,-2.472569048404693604e-01,-9.524580836296081543e-02,3.493185043334960938e-01,-5.991213321685791016e-01,-3.298830986022949219e-01,-7.336295843124389648e-01,-6.932097077369689941e-01,-1.745755667798221111e-03,-3.033367097377777100e-01,4.030498564243316650e-01,4.021939933300018311e-01,1.222713813185691833e-01,-7.497695684432983398e-01,-4.924451410770416260e-01,6.175155937671661377e-02,-9.934728592634201050e-02,-7.589004635810852051e-01,7.429981231689453125e-01,2.447736263275146484e-01,-6.914138197898864746e-01,3.017586469650268555e-02,-1.476612389087677002e-01,7.390118837356567383e-01,-5.343663096427917480e-01,-5.033854246139526367e-01,3.633655980229377747e-02,7.670940756797790527e-01,-1.392992138862609863e-01,-3.855655789375305176e-01,5.193220376968383789e-01,4.200098812580108643e-01,-6.263180375099182129e-01,-3.250103816390037537e-02,-6.378148198127746582e-01,-1.088786795735359192e-01,-7.266068458557128906e-02,5.612947344779968262e-01,7.686731219291687012e-01,1.939673572778701782e-01,6.357287615537643433e-02,1.597737520933151245e-02,-2.945723570883274078e-02,1.261476725339889526e-01,-1.852626055479049683e-01,3.906137496232986450e-02,1.295653134584426880e-01,7.762198448181152344e-01,-2.433108389377593994e-01,-7.879587262868881226e-02,2.707844078540802002e-01,4.225310981273651123e-01,-2.181303687393665314e-02,-8.676598221063613892e-02,-2.879405394196510315e-02,-1.018445715308189392e-01,1.134591363370418549e-02,1.883845627307891846e-01,-2.677924036979675293e-01,-7.049154639244079590e-01,7.141486406326293945e-01,-6.053414940834045410e-02,6.123300790786743164e-01,7.191377878189086914e-02,1.941850930452346802e-01,-7.562395334243774414e-01,1.321936994791030884e-01,6.412183046340942383e-01,2.039956115186214447e-02,-8.271074891090393066e-01,9.405368566513061523e-02,7.112305760383605957e-01,-7.657604813575744629e-01,-9.739082306623458862e-03,6.289582252502441406e-01,-1.766570471227169037e-02,5.288806557655334473e-01,6.530113816261291504e-01,-2.474251091480255127e-01,-4.058350622653961182e-02,-3.866521418094635010e-01,-2.975996136665344238e-01,1.672778725624084473e-01,1.260996460914611816e-01,5.861668586730957031e-01,-2.457407265901565552e-01,6.835689544677734375e-01,1.357657741755247116e-02,-4.706882238388061523e-01,9.682790841907262802e-04,5.985100269317626953e-01,-1.454165577888488770e-01,2.623335123062133789e-01,-1.942275017499923706e-01,7.757596969604492188e-01,2.726122736930847168e-01,-7.989203333854675293e-01,-5.870727822184562683e-02,5.381985902786254883e-01,7.050793170928955078e-01,7.882720232009887695e-02,7.081975787878036499e-02,-5.054727196693420410e-01,3.753589987754821777e-01,6.849610805511474609e-01,-9.845573455095291138e-02,-7.867414355278015137e-01,6.788863539695739746e-01,-3.763856291770935059e-01,-2.766011953353881836e-01,7.445825934410095215e-01,-2.501083910465240479e-01,-2.168197631835937500e-01,-6.123493313789367676e-01,-7.143342494964599609e-01,3.391482532024383545e-01,6.022734045982360840e-01,3.744023442268371582e-01,-4.503740742802619934e-02,-3.662112951278686523e-01
-5.817050859332084656e-02,8.256258815526962280e-02,-5.709019303321838379e-01,5.713233947753906250e-01,2.255932092666625977e-01,6.937713176012039185e-02,-4.849273338913917542e-02,1.317609995603561401e-01,5.966270714998245239e-02,1.669931262731552124e-01,2.895079925656318665e-02,-2.484212815761566162e-01,3.140849173069000244e-01,3.166626691818237305e-01,5.117586851119995117e-01,4.585066437721252441e-01,1.828404376283288002e-03,2.866193652153015137e-01,-3.547884225845336914e-01,-2.615646123886108398e-01,-2.407674044370651245e-01,6.060832738876342773e-01,3.486841619014739990e-01,-6.030680984258651733e-02,8.109720796346664429e-02,5.549077391624450684e-01,-5.196347236633300781e-01,-2.373744733631610870e-02,4.328073859214782715e-01,9.189058095216751099e-02,1.498252451419830322e-01,-6.158419847488403320e-01,4.663083553314208984e-01,3.166683912277221680e-01,-8.021274581551551819e-03,-5.737121701240539551e-01,1.259744316339492798e-01,2.504350841045379639e-01,-2.157299071550369263e-01,-3.797895312309265137e-01,4.719009697437286377e-01,3.020465560257434845e-02,4.809390902519226074e-01,7.304045557975769043e-02,-3.922529518604278564e-03,-2.624314129352569580e-01,-5.336743593215942383e-01,-1.824111342430114746e-01,-6.777298450469970703e-02,4.772214964032173157e-02,6.493877619504928589e-02,-6.756354868412017822e-02,1.554656624794006348e-01,-9.726988524198532104e-02,5.636475980281829834e-02,-5.390129089355468750e-01,1.885128170251846313e-01,4.809566587209701538e-02,-1.499899923801422119e-01,-3.461994230747222900e-01,-5.637189000844955444e-02,9.501226991415023804e-02,2.530259266495704651e-02,1.009299457073211670e-01,2.962204441428184509e-02,-1.337918341159820557e-01,2.138426601886749268e-01,4.972088336944580078e-01,-5.258669257164001465e-01,-1.332268305122852325e-02,-3.992611765861511230e-01,1.328155845403671265e-01,-2.012709528207778931e-01,5.709991455078125000e-01,-8.881575614213943481e-02,-5.041502714157104492e-01,-8.986884728074073792e-03,6.161765456199645996e-01,-2.075226008892059326e-01,-5.192069411277770996e-01,6.891247630119323730e-01,6.936959922313690186e-03,-3.955684900283813477e-01,1.475765835493803024e-02,-3.876066803932189941e-01,-4.160411059856414795e-01,2.849510870873928070e-02,2.592324838042259216e-02,2.356332391500473022e-01,1.977318823337554932e-01,-7.692340761423110962e-02,-1.933238804340362549e-01,-5.719981193542480469e-01,2.943902015686035156e-01,-5.617582201957702637e-01,3.123454190790653229e-02,3.150464594364166260e-01,-6.498942384496331215e-04,-3.436684012413024902e-01,4.983728379011154175e-02,-1.515574902296066284e-01,-3.205012530088424683e-03,-6.488814353942871094e-01,-1.815956979990005493e-01,6.438508033752441406e-01,1.324484795331954956e-01,-5.718384385108947754e-01,-5.638260245323181152e-01,2.226290479302406311e-02,-5.622278526425361633e-02,5.485134720802307129e-01,-3.871498107910156250e-01,-5.602814555168151855e-01,1.304057985544204712e-01,5.542911887168884277e-01,-4.408989846706390381e-01,1.397015452384948730e-01,1.778156459331512451e-01,-5.563483834266662598e-01,2.202132493257522583e-01,1.380458474159240723e-01,4.713134765625000000e-01,5.128850936889648438e-01,-2.630597352981567383e-01,-4.268307983875274658e-01,-2.645501494407653809e-01,2.433639205992221832e-02,2.625408768653869629e-01
1.832941323518753052e-01,6.949317455291748047e-02,-4.226842224597930908e-01,2.255932092666625977e-01,3.452784419059753418e-01,-1.245383471250534058e-01,4.003124311566352844e-02,3.183916509151458740e-01,8.727492392063140869e-02,1.354527473449707031e-01,2.609342895448207855e-02,-1.831723153591156006e-01,3.925764262676239014e-01,1.335215121507644653e-01,4.758125543594360352e-01,4.317536950111389160e-01,-1.647821278311312199e-03,1.532997786998748779e-01,-1.425855010747909546e-01,-1.963739544153213501e-01,-2.642917819321155548e-02,3.854902684688568115e-01,1.867779642343521118e-01,2.185184322297573090e-02,4.349574446678161621e-02,4.560003280639648438e-01,-4.370582103729248047e-01,-2.814497947692871094e-01,3.933919072151184082e-01,-1.082769185304641724e-01,2.645490132272243500e-02,-3.700362145900726318e-01,2.590976953506469727e-01,2.224922031164169312e-01,-2.806603536009788513e-02,-4.342772364616394043e-01,5.057570710778236389e-02,2.157541960477828979e-01,-4.398653507232666016e-01,-2.737448513507843018e-01,4.030261933803558350e-01,4.492957890033721924e-02,3.185746371746063232e-01,5.912084504961967468e-02,6.890196353197097778e-02,-3.323108255863189697e-01,-4.980761408805847168e-01,-1.152530238032341003e-01,-9.330206550657749176e-03,7.514192909002304077e-02,-5.180848017334938049e-02,-7.032004743814468384e-02,1.282038241624832153e-01,3.441244736313819885e-02,-1.477926522493362427e-01,-4.925395250320434570e-01,1.068778336048126221e-01,4.369204118847846985e-02,-2.167383730411529541e-01,-2.021938562393188477e-01,5.894821137189865112e-02,7.083014585077762604e-03,1.437339466065168381e-02,8.375202864408493042e-02,-8.866495452821254730e-03,-9.520290791988372803e-02,1.328380256891250610e-01,4.622771143913269043e-01,-3.798751533031463623e-01,1.224977225065231323e-01,-3.791198730468750000e-01,-6.881604343652725220e-02,-4.170457646250724792e-02,4.318527877330780029e-01,-1.096027866005897522e-01,-4.114775061607360840e-01,-1.427247934043407440e-02,4.832343161106109619e-01,-4.475846141576766968e-02,-3.787487745285034180e-01,3.729645907878875732e-01,4.653354641050100327e-03,-4.094078242778778076e-01,9.514377452433109283e-03,-3.664833903312683105e-01,-4.318849742412567139e-01,2.444950491189956665e-01,2.195071987807750702e-02,2.160616070032119751e-01,1.559133380651473999e-01,-1.540552377700805664e-01,-1.483414508402347565e-02,-2.227866649627685547e-01,3.343928977847099304e-02,-3.481865227222442627e-01,-5.078302696347236633e-02,3.490975797176361084e-01,-5.501502309925854206e-04,-3.566556572914123535e-01,1.593970358371734619e-01,-1.296523362398147583e-01,2.178179025650024414e-01,-4.120506942272186279e-01,-1.499513089656829834e-01,4.504466354846954346e-01,3.191852942109107971e-02,-1.851914674043655396e-01,-3.589736223220825195e-01,-1.891376525163650513e-01,-2.803556807339191437e-02,1.499446630477905273e-01,-6.543727219104766846e-02,-3.363052010536193848e-01,-1.026585102081298828e-01,5.320621132850646973e-01,-4.433379173278808594e-01,3.148595392704010010e-01,1.021088659763336182e-01,-4.981492459774017334e-01,1.015668362379074097e-01,1.199414208531379700e-01,3.312630057334899902e-01,4.369318485260009766e-01,-1.733046472072601318e-01,-2.391595393419265747e-01,-1.666159778833389282e-01,7.041860371828079224e-03,2.015152126550674438e-01
-1.321322172880172729e-01,-1.371765881776809692e-02,2.560597285628318787e-02,6.937713176012039185e-02,-1.245383471250534058e-01,2.308829724788665771e-01,-4.566864669322967529e-02,-7.998143881559371948e-02,-1.325304210186004639e-01,-5.154854431748390198e-02,3.112011961638927460e-02,2.803582325577735901e-02,-1.549846380949020386e-01,8.493617177009582520e-02,-1.068595275282859802e-01,-1.092495620250701904e-01,-5.615144968032836914e-03,-8.936455473303794861e-03,-1.238905079662799835e-02,-5.164642934687435627e-04,6.829632073640823364e-02,-1.181580405682325363e-02,6.668428331613540649e-02,-1.574299494677688926e-05,-1.102351676672697067e-02,-1.555634289979934692e-01,7.837791740894317627e-02,1.487512588500976562e-01,-1.020453125238418579e-02,3.214964643120765686e-02,9.012011438608169556e-02,6.868363916873931885e-02,-7.645881921052932739e-02,5.417585372924804688e-02,4.264329560101032257e-03,6.292333453893661499e-02,9.535510092973709106e-03,-6.021269038319587708e-02,1.824549734592437744e-01,-8.734621107578277588e-03,-1.769137680530548096e-01,-2.989253401756286621e-02,4.853850603103637695e-02,-3.241908270865678787e-03,6.536716967821121216e-02,9.261403977870941162e-02,1.188777387142181396e-01,8.107714354991912842e-03,-7.197026908397674561e-02,-7.226761430501937866e-02,1.330909281969070435e-01,-1.002005487680435181e-01,-6.064372882246971130e-02,-8.645717054605484009e-02,5.864691361784934998e-02,8.592700213193893433e-02,1.867032051086425781e-02,-7.248775567859411240e-03,1.198211088776588440e-01,1.248373277485370636e-02,-1.327626593410968781e-02,-1.240193191915750504e-02,-1.450646668672561646e-03,-1.308044344186782837e-01,-7.728945463895797729e-03,3.274796158075332642e-02,8.279972709715366364e-03,-1.018041223287582397e-01,6.335982680320739746e-02,-4.918272048234939575e-02,9.957145899534225464e-02,-8.747602254152297974e-02,-1.147486548870801926e-02,-9.161175042390823364e-02,8.394662290811538696e-02,8.728972077369689941e-02,7.040488068014383316e-03,-7.724885642528533936e-02,9.314841590821743011e-03,7.913456112146377563e-02,-1.310085318982601166e-02,-2.880674146581441164e-04,6.435871869325637817e-02,-5.939985159784555435e-03,1.370981186628341675e-01,1.317819356918334961e-01,-9.552942216396331787e-02,-3.692933591082692146e-03,-1.288930028676986694e-01,-3.749165311455726624e-02,6.924983859062194824e-02,-3.168043121695518494e-02,-1.955201663076877594e-02,6.268999725580215454e-02,7.171358168125152588e-02,1.489103771746158600e-02,-3.627311438322067261e-02,1.449691335437819362e-04,6.167198345065116882e-02,-1.540795117616653442e-01,-7.545612286776304245e-03,-1.938161551952362061e-01,6.386365741491317749e-02,3.767244145274162292e-02,-1.043182313442230225e-01,9.648036956787109375e-02,-1.619147509336471558e-02,2.029016613960266113e-02,1.822753697633743286e-01,6.115143653005361557e-03,6.496737897396087646e-02,-1.068147718906402588e-01,8.052221499383449554e-03,1.077874824404716492e-01,-9.016806632280349731e-02,1.690232157707214355e-01,-9.898062050342559814e-02,2.096631936728954315e-02,1.150101497769355774e-01,-6.444959435611963272e-03,-1.283600553870201111e-02,-7.329228520393371582e-02,-1.172547414898872375e-01,5.198963358998298645e-02,-5.311543121933937073e-02,4.553686082363128662e-02,-6.404325831681489944e-03,-2.328760735690593719e-02
1.256283670663833618e-01,-8.880364708602428436e-03,-1.561961835250258446e-03,-4.849273338913917542e-02,4.003124311566352844e-02,-4.566864669322967529e-02,1.098248437047004700e-01,1.045630797743797302e-01,1.343250740319490433e-02,1.898380741477012634e-02,-4.944917559623718262e-02,-1.344394637271761894e-03,5.481682717800140381e-03,-4.415693134069442749e-02,2.210021391510963440e-02,-9.560748934745788574e-03,7.089518476277589798e-03,-8.604291081428527832e-02,3.247587382793426514e-02,-8.967861533164978027e-03,9.481851011514663696e-03,-4.142368212342262268e-02,-3.064842335879802704e-02,-2.697608247399330139e-02,-3.942152019590139389e-03,-2.761924266815185547e-02,3.083301335573196411e-02,-6.557562202215194702e-02,1.085601840168237686e-02,-1.146708577871322632e-01,-8.821748942136764526e-02,2.708550170063972473e-02,1.319116214290261269e-03,-3.656775131821632385e-02,-1.035467721521854401e-02,4.436235874891281128e-02,-2.305251732468605042e-02,1.059043500572443008e-02,-1.247115582227706909e-01,-5.257151275873184204e-02,5.918227508664131165e-02,3.240312263369560242e-02,-1.064075902104377747e-01,-2.841731475200504065e-04,-1.743104495108127594e-02,-3.012094087898731232e-02,-4.099685698747634888e-02,-1.028957311064004898e-02,6.133286282420158386e-02,9.520424529910087585e-03,-5.213018506765365601e-02,4.398599267005920410e-02,3.387051075696945190e-02,2.977383788675069809e-03,-4.846876859664916992e-02,-1.204671151936054230e-02,-1.466671098023653030e-02,1.263830927200615406e-03,-2.600566297769546509e-02,2.917120978236198425e-02,-1.280104648321866989e-02,2.366227470338344574e-02,1.649047713726758957e-03,8.110408484935760498e-02,7.719702087342739105e-03,3.833377966657280922e-03,-5.920927971601486206e-02,9.774626232683658600e-03,4.505137354135513306e-02,4.376358166337013245e-02,-6.553122401237487793e-02,-2.391171827912330627e-02,6.569905579090118408e-02,3.301230259239673615e-03,-3.920112550258636475e-02,-4.512624070048332214e-02,-1.295670052058994770e-03,7.221233099699020386e-03,-4.988414794206619263e-02,-9.441439993679523468e-03,-1.989987492561340332e-02,-1.604202552698552608e-04,-1.332229748368263245e-02,-1.771024428308010101e-03,-9.755539894104003906e-02,4.620936885476112366e-02,1.165554225444793701e-01,-2.630974398925900459e-03,-1.228714361786842346e-02,2.183360233902931213e-02,-5.220800638198852539e-02,3.551299870014190674e-02,7.688470184803009033e-02,-7.778657972812652588e-02,1.354139484465122223e-02,-8.266738802194595337e-02,2.653937041759490967e-02,-8.485401485813781619e-05,-1.331237144768238068e-02,1.385814547538757324e-01,-2.512227743864059448e-02,1.477900445461273193e-01,3.391938656568527222e-02,-7.182701490819454193e-03,3.101175418123602867e-03,7.845550030469894409e-02,3.950000181794166565e-02,7.115955650806427002e-02,-1.185282543301582336e-01,5.798052530735731125e-03,-1.179509460926055908e-01,2.295428328216075897e-02,7.059918344020843506e-02,4.996051080524921417e-03,8.098499849438667297e-03,-4.751161113381385803e-02,8.848595619201660156e-02,-9.936545975506305695e-03,-6.838235259056091309e-02,-1.990467123687267303e-02,4.753321874886751175e-03,2.555916644632816315e-02,2.327592112123966217e-02,2.872588485479354858e-02,5.473652482032775879e-02,-3.761790692806243896e-02,1.461824681609869003e-02,4.823349043726921082e-02
3.875048458576202393e-01,4.312983155250549316e-02,-3.195702731609344482e-01,1.317609995603561401e-01,3.183916509151458740e-01,-7.998143881559371948e-02,1.045630797743797302e-01,5.101639032363891602e-01,3.278534114360809326e-02,9.164492040872573853e-02,-3.152192104607820511e-03,-1.464686095714569092e-01,2.686812579631805420e-01,2.087170332670211792e-01,4.090367257595062256e-01,3.288303017616271973e-01,2.592722303234040737e-04,2.646614238619804382e-02,-9.875838644802570343e-03,-1.422205120325088501e-01,6.912809610366821289e-02,2.598955929279327393e-01,1.363291740417480469e-01,4.967004060745239258e-03,1.776215434074401855e-02,2.418019175529479980e-01,-2.581376731395721436e-01,-3.102929890155792236e-01,3.371892571449279785e-01,-2.167331278324127197e-01,-5.201464518904685974e-02,-1.971407681703567505e-01,1.028921008110046387e-01,2.055132240056991577e-01,-4.599371924996376038e-02,-3.039459884166717529e-01,8.845275267958641052e-03,1.577685028314590454e-01,-4.942781329154968262e-01,-3.876444399356842041e-01,2.988014221191406250e-01,6.738647818565368652e-02,1.678166389465332031e-01,5.039884522557258606e-02,1.654790043830871582e-01,-2.819252610206604004e-01,-4.214669466018676758e-01,-1.194743514060974121e-01,6.583258509635925293e-03,1.733232289552688599e-02,-4.248625785112380981e-02,-1.138384118676185608e-01,1.275459975004196167e-01,-4.305592924356460571e-02,-2.033775299787521362e-01,-4.070842564105987549e-01,1.126302853226661682e-01,3.842535614967346191e-02,-9.878132492303848267e-02,-1.296966522932052612e-01,6.983034312725067139e-02,-1.835328713059425354e-02,1.264101453125476837e-02,1.464462373405694962e-02,-1.745893992483615875e-02,-4.394274950027465820e-02,1.380197145044803619e-02,3.621243536472320557e-01,-2.659795284271240234e-01,1.414939910173416138e-01,-3.589997589588165283e-01,-2.014574259519577026e-01,4.131355881690979004e-02,3.327806591987609863e-01,-8.532828837633132935e-02,-3.178217709064483643e-01,-1.050089672207832336e-02,3.574672341346740723e-01,-8.612093329429626465e-02,-2.671682536602020264e-01,2.287035882472991943e-01,3.723453031852841377e-03,-3.887437283992767334e-01,2.021580934524536133e-03,-3.598458766937255859e-01,-2.733736336231231689e-01,3.112640380859375000e-01,1.455535553395748138e-02,6.685996800661087036e-02,1.340702772140502930e-01,-1.626961678266525269e-01,4.863627627491950989e-02,-2.496588788926601410e-02,-1.072539985179901123e-01,-2.046711295843124390e-01,-1.730491816997528076e-01,3.649733960628509521e-01,-4.786617646459490061e-04,-3.331567943096160889e-01,2.227201014757156372e-01,-1.567633152008056641e-01,2.696691155433654785e-01,-2.492335587739944458e-01,-1.127435043454170227e-01,2.467484027147293091e-01,1.807920634746551514e-01,1.654853858053684235e-02,-2.019430398941040039e-01,-2.372533977031707764e-01,-1.106855575926601887e-03,2.661288902163505554e-02,1.968501880764961243e-02,-2.046808600425720215e-01,-1.412210315465927124e-01,4.374104738235473633e-01,-3.242960274219512939e-01,4.095452129840850830e-01,5.479857698082923889e-02,-4.866744279861450195e-01,3.626567125320434570e-02,4.918603971600532532e-02,2.671467661857604980e-01,3.193719983100891113e-01,-1.363640464842319489e-02,-1.413877755403518677e-01,-1.429053395986557007e-01,-2.539886394515633583e-03,1.781973391771316528e-01
8.173006772994995117e-02,2.014155685901641846e-02,-1.141664832830429077e-01,5.966270714998245239e-02,8.727492392063140869e-02,-1.325304210186004639e-01,1.343250740319490433e-02,3.278534114360809326e-02,1.319776624441146851e-01,6.809952855110168457e-02,-2.565085142850875854e-02,-6.250103563070297241e-02,1.353453695774078369e-01,4.696075245738029480e-02,1.533165425062179565e-01,1.360610127449035645e-01,7.501190062612295151e-03,4.348904639482498169e-02,-5.593038350343704224e-02,-3.972123935818672180e-02,-1.695613712072372437e-01,1.196275204420089722e-01,2.621480822563171387e-02,-2.915690094232559204e-02,2.566115930676460266e-02,1.996554434299468994e-01,-1.220798566937446594e-01,-6.161061301827430725e-02,4.653864726424217224e-02,2.987027540802955627e-02,-5.156454071402549744e-02,-1.929920166730880737e-01,1.565192192792892456e-01,1.768239401280879974e-02,-7.925875834189355373e-04,-1.408465951681137085e-01,1.901969499886035919e-02,7.593034207820892334e-02,-1.083685085177421570e-01,-8.535592257976531982e-02,2.047818154096603394e-01,2.962799742817878723e-02,2.924920991063117981e-02,1.222201343625783920e-02,-8.883882313966751099e-02,-8.790110796689987183e-02,-1.540705561637878418e-01,-4.273064807057380676e-02,4.183963313698768616e-02,3.737068548798561096e-02,-8.677294850349426270e-02,7.740132510662078857e-02,8.317900449037551880e-02,1.555387955158948898e-02,1.022991072386503220e-02,-1.315866410732269287e-01,2.408885210752487183e-02,1.119470689445734024e-02,-7.184801250696182251e-02,-7.446879893541336060e-02,-2.990644611418247223e-02,5.163278058171272278e-02,7.255566772073507309e-03,1.289479583501815796e-01,7.591803558170795441e-03,-4.470309987664222717e-02,1.328445598483085632e-02,1.375647485256195068e-01,-1.404360383749008179e-01,-1.277909996133530512e-05,-1.196910962462425232e-01,1.295513808727264404e-01,-5.257984995841979980e-02,1.697795391082763672e-01,-7.580316811800003052e-02,-1.308455169200897217e-01,-4.848850890994071960e-03,1.611086875200271606e-01,-7.005622982978820801e-02,-1.529856026172637939e-01,1.625449359416961670e-01,1.601369236595928669e-03,-8.483862876892089844e-02,6.356548052281141281e-03,-1.588093936443328857e-01,-1.242540478706359863e-01,3.468105942010879517e-02,5.418066401034593582e-03,1.286249756813049316e-01,6.071283668279647827e-02,-4.048758000135421753e-02,-3.870485350489616394e-02,-1.053838878870010376e-01,3.751328960061073303e-02,-1.574367284774780273e-01,-1.370809972286224365e-02,4.348228871822357178e-02,-2.113707450916990638e-04,-9.472076594829559326e-02,1.150137409567832947e-01,-2.079733274877071381e-02,1.157132163643836975e-01,-1.752206832170486450e-01,-5.352710559964179993e-02,1.777555048465728760e-01,-2.452647313475608826e-02,-1.309136152267456055e-01,-1.020310670137405396e-01,-9.877263009548187256e-02,-1.656506396830081940e-02,1.284415274858474731e-01,-3.182569518685340881e-02,-1.102240085601806641e-01,-1.820250041782855988e-02,1.140410229563713074e-01,-1.764198094606399536e-01,7.305485755205154419e-02,8.677670732140541077e-03,-1.759472787380218506e-01,5.741055309772491455e-02,-6.385936285369098186e-04,1.414744555950164795e-01,1.670614928007125854e-01,-7.680306583642959595e-02,-5.146653577685356140e-02,-1.213746517896652222e-01,1.524603366851806641e-02,4.957311600446701050e-02
2.992806956171989441e-02,3.526996448636054993e-02,-2.472569048404693604e-01,1.669931262731552124e-01,1.354527473449707031e-01,-5.154854431748390198e-02,1.898380741477012634e-02,9.164492040872573853e-02,6.809952855110168457e-02,8.831863105297088623e-02,1.084719877690076828e-02,-1.091740503907203674e-01,2.040910869836807251e-01,7.694363594055175781e-02,2.491317689418792725e-01,2.263116836547851562e-01,3.824443789198994637e-03,8.204634487628936768e-02,-1.263586878776550293e-01,-1.176385357975959778e-01,-7.876174896955490112e-02,2.416342049837112427e-01,1.303922683000564575e-01,-3.334907069802284241e-02,3.386385738849639893e-02,2.834579944610595703e-01,-2.483243942260742188e-01,-7.989083230495452881e-02,2.098536044359207153e-01,-9.009093977510929108e-03,1.521466299891471863e-02,-2.670100629329681396e-01,1.909100711345672607e-01,1.272357702255249023e-01,-9.738923981785774231e-03,-2.550378143787384033e-01,4.022501036524772644e-02,1.253175735473632812e-01,-1.851889342069625854e-01,-1.288235187530517578e-01,2.410614341497421265e-01,1.953486911952495575e-02,1.682224124670028687e-01,3.152452409267425537e-02,-1.408441457897424698e-02,-1.798412501811981201e-01,-2.702377140522003174e-01,-6.096800044178962708e-02,6.161815486848354340e-03,8.064068853855133057e-03,-2.514709904789924622e-02,2.258554799482226372e-03,7.460360974073410034e-02,-1.324733253568410873e-03,-3.319783508777618408e-02,-2.617986202239990234e-01,6.550140678882598877e-02,2.369814738631248474e-02,-9.906460344791412354e-02,-1.278842240571975708e-01,-8.502362295985221863e-03,4.367649927735328674e-02,9.592184796929359436e-03,8.058977872133255005e-02,2.725264756008982658e-03,-6.390150636434555054e-02,6.994038075208663940e-02,2.316357791423797607e-01,-2.305828630924224854e-01,1.661615446209907532e-02,-2.035053372383117676e-01,2.328640222549438477e-02,-5.875042453408241272e-02,2.648799419403076172e-01,-6.121967360377311707e-02,-2.185766249895095825e-01,-6.907938979566097260e-03,2.951002120971679688e-01,-5.051482468843460083e-02,-2.448814511299133301e-01,2.732627987861633301e-01,2.952907700091600418e-03,-1.848634928464889526e-01,6.693621631711721420e-03,-1.948353946208953857e-01,-2.121549099683761597e-01,8.102984726428985596e-02,1.190856657922267914e-02,1.429262757301330566e-01,9.854476898908615112e-02,-6.123945489525794983e-02,-4.115869477391242981e-02,-1.882296949625015259e-01,7.016582787036895752e-02,-2.367441952228546143e-01,-8.374357596039772034e-03,1.295463442802429199e-01,-3.236430347897112370e-04,-1.775265038013458252e-01,8.718521893024444580e-02,-7.509668916463851929e-02,1.020993515849113464e-01,-2.754862010478973389e-01,-8.815032988786697388e-02,3.028159141540527344e-01,9.301744401454925537e-03,-1.935258805751800537e-01,-2.207817584276199341e-01,-5.895108729600906372e-02,-2.376254461705684662e-02,1.596322357654571533e-01,-1.102275252342224121e-01,-2.104877829551696777e-01,3.310594335198402405e-02,2.639772891998291016e-01,-2.491499185562133789e-01,1.153131574392318726e-01,7.844753563404083252e-02,-2.686871588230133057e-01,8.131626248359680176e-02,6.307557225227355957e-02,2.023515403270721436e-01,2.498415112495422363e-01,-1.133136525750160217e-01,-1.685245335102081299e-01,-1.348163783550262451e-01,1.984313689172267914e-02,1.178382709622383118e-01
-9.849333763122558594e-02,1.713922061026096344e-02,-9.524580836296081543e-02,2.895079925656318665e-02,2.609342895448207855e-02,3.112011961638927460e-02,-4.944917559623718262e-02,-3.152192104607820511e-03,-2.565085142850875854e-02,1.084719877690076828e-02,8.838342130184173584e-02,-3.546023368835449219e-02,1.186982020735740662e-01,6.578931584954261780e-03,7.126850634813308716e-02,1.020730063319206238e-01,-6.075067445635795593e-03,4.707949608564376831e-02,-4.775388538837432861e-02,-5.960380658507347107e-02,1.238398030400276184e-01,1.021590903401374817e-01,9.956869482994079590e-02,3.889587242156267166e-03,6.481373216956853867e-03,1.191109493374824524e-01,-1.411740183830261230e-01,-2.387936413288116455e-02,1.519682854413986206e-01,1.915447041392326355e-02,8.244126290082931519e-02,-6.589707732200622559e-02,-1.144804619252681732e-02,1.269468814134597778e-01,-7.271626964211463928e-03,-1.305798590183258057e-01,1.978204958140850067e-02,4.461548849940299988e-02,-4.662165790796279907e-02,6.222886592149734497e-02,-1.362273562699556351e-02,-3.769948333501815796e-02,1.611968278884887695e-01,1.518155913800001144e-02,8.164771646261215210e-02,-1.313328295946121216e-01,-8.362678438425064087e-02,2.503404580056667328e-02,-4.930322617292404175e-02,-8.030961453914642334e-02,5.174307525157928467e-02,-7.795315980911254883e-02,-4.196523129940032959e-02,2.314912527799606323e-02,-6.653471291065216064e-02,-1.131061762571334839e-01,3.302782028913497925e-02,1.238099485635757446e-02,-1.565622724592685699e-02,-3.840755671262741089e-02,5.146614089608192444e-02,-2.753637358546257019e-02,-2.115156035870313644e-03,-1.016808226704597473e-01,-2.651031874120235443e-02,-2.152959257364273071e-02,6.436079740524291992e-02,6.162125617265701294e-02,-1.151534020900726318e-01,-1.512899901717901230e-02,-3.113924898207187653e-02,-1.395582556724548340e-01,-3.264759853482246399e-02,8.350953459739685059e-02,3.561898693442344666e-02,2.863966627046465874e-03,-3.581664524972438812e-03,1.188988909125328064e-01,1.248017549514770508e-01,-7.865604758262634277e-02,5.409858748316764832e-02,1.194407115690410137e-03,-7.881812006235122681e-02,1.229865476489067078e-03,5.425211414694786072e-02,-1.366875767707824707e-01,6.901463493704795837e-03,8.128013461828231812e-03,5.946590378880500793e-02,2.494868077337741852e-02,9.395211935043334961e-03,2.517367340624332428e-02,-5.251370742917060852e-02,2.373240888118743896e-02,-5.223484337329864502e-02,4.722095653414726257e-02,1.996308006346225739e-02,-4.573642581817694008e-05,-8.919098228216171265e-02,-8.762828260660171509e-02,-4.023372009396553040e-02,-3.580033034086227417e-02,-8.592534810304641724e-02,-2.921940572559833527e-02,9.979829937219619751e-02,-1.050860807299613953e-01,4.653762560337781906e-03,-1.249918118119239807e-01,8.277545869350433350e-02,-8.565608412027359009e-03,3.739506751298904419e-02,-1.841405406594276428e-02,-9.861886501312255859e-02,2.833238616585731506e-02,1.194179728627204895e-01,-5.980456247925758362e-02,1.679708063602447510e-02,7.327766716480255127e-02,-2.357526123523712158e-02,1.512546185404062271e-02,4.532736167311668396e-02,1.338994130492210388e-02,5.567704886198043823e-02,-3.321249037981033325e-02,-1.354221403598785400e-01,2.432615961879491806e-03,3.004433121532201767e-03,8.983382023870944977e-03
-3.242008760571479797e-02,-5.022688582539558411e-02,3.493185043334960938e-01,-2.484212815761566162e-01,-1.831723153591156006e-01,2.803582325577735901e-02,-1.344394637271761894e-03,-1.464686095714569092e-01,-6.250103563070297241e-02,-1.091740503907203674e-01,-3.546023368835449219e-02,1.529643386602401733e-01,-2.698163092136383057e-01,-1.450663357973098755e-01,-3.455673158168792725e-01,-3.161478936672210693e-01,-2.056851750239729881e-03,-1.261219680309295654e-01,1.706527024507522583e-01,1.645854562520980835e-01,6.710939854383468628e-02,-3.479854762554168701e-01,-2.025230526924133301e-01,3.658550977706909180e-02,-4.382104799151420593e-02,-3.723669946193695068e-01,3.440403640270233154e-01,1.026518568396568298e-01,-3.115143775939941406e-01,5.701055284589529037e-03,-5.070772394537925720e-02,3.544016778469085693e-01,-2.347237020730972290e-01,-2.089881151914596558e-01,1.592261902987957001e-02,3.657797873020172119e-01,-5.856323242187500000e-02,-1.679642200469970703e-01,2.432509809732437134e-01,1.932983696460723877e-01,-2.956781089305877686e-01,-1.807588152587413788e-02,-2.713427841663360596e-01,-4.620226845145225525e-02,-2.717291750013828278e-02,2.477558404207229614e-01,3.694757521152496338e-01,8.522029221057891846e-02,1.970922574400901794e-02,9.201477281749248505e-03,1.750246970914304256e-03,4.209316894412040710e-02,-8.754001557826995850e-02,2.076130732893943787e-02,5.306581780314445496e-02,3.686258792877197266e-01,-1.059400066733360291e-01,-3.413431346416473389e-02,1.101462990045547485e-01,1.826542466878890991e-01,-3.320940304547548294e-03,-4.200595989823341370e-02,-1.267607323825359344e-02,-5.321111902594566345e-02,2.076209289953112602e-03,8.235084265470504761e-02,-1.060505658388137817e-01,-3.179381787776947021e-01,3.286348879337310791e-01,-1.882837340235710144e-02,2.714069187641143799e-01,1.543586887419223785e-02,8.670060336589813232e-02,-3.637456595897674561e-01,6.186514347791671753e-02,2.850915491580963135e-01,8.830797858536243439e-03,-4.068544209003448486e-01,5.286476388573646545e-02,3.307470083236694336e-01,-3.738688826560974121e-01,-4.224990960210561752e-03,2.714089453220367432e-01,-8.263280615210533142e-03,2.408044338226318359e-01,2.999653816223144531e-01,-9.661400318145751953e-02,-1.728102006018161774e-02,-1.729256659746170044e-01,-1.309130787849426270e-01,7.340733706951141357e-02,5.489719286561012268e-02,2.586781084537506104e-01,-9.867572784423828125e-02,3.156727254390716553e-01,7.899426855146884918e-03,-1.959700882434844971e-01,4.243083822075277567e-04,2.567934989929199219e-01,-7.769920676946640015e-02,1.115526854991912842e-01,-9.712069481611251831e-02,3.778790533542633057e-01,1.186109408736228943e-01,-3.978342413902282715e-01,-2.378394082188606262e-02,2.464360296726226807e-01,3.226662576198577881e-01,4.344950988888740540e-02,3.027207218110561371e-02,-2.389804422855377197e-01,1.538255512714385986e-01,3.092866241931915283e-01,-3.999920561909675598e-02,-3.766299784183502197e-01,3.183664977550506592e-01,-1.614904999732971191e-01,-1.160582229495048523e-01,3.643796741962432861e-01,-1.094684004783630371e-01,-8.519735932350158691e-02,-2.698020637035369873e-01,-3.289097249507904053e-01,1.402332186698913574e-01,2.559201717376708984e-01,1.687605082988739014e-01,-1.995886489748954773e-02,-1.539673954248428345e-01
