9.999980926513671875e-01,-9.999985098838806152e-01,-9.999876618385314941e-01,9.999982118606567383e-01,9.999988675117492676e-01,-9.999987483024597168e-01,9.999953508377075195e-01,9.999989867210388184e-01,-9.999972581863403320e-01,9.999973773956298828e-01,-9.999982714653015137e-01,-9.999988675117492676e-01,9.999980926513671875e-01,9.999982118606567383e-01,9.999753236770629883e-01,9.999974966049194336e-01,9.999976158142089844e-01,-9.999985098838806152e-01,9.999921917915344238e-01,-9.999991059303283691e-01,-9.999989867210388184e-01,9.999870061874389648e-01,9.999982714653015137e-01,9.999983310699462891e-01,9.999892711639404297e-01,9.999989271163940430e-01,-9.999984502792358398e-01,-9.999988675117492676e-01,9.999795556068420410e-01,-9.999958276748657227e-01,-9.999940991401672363e-01,-9.999985098838806152e-01,9.999928474426269531e-01,9.999973177909851074e-01,-9.999967813491821289e-01,-9.999824762344360352e-01,9.999989271163940430e-01,9.999986290931701660e-01,9.999929070472717285e-01,-9.999988675117492676e-01,9.999986290931701660e-01,-9.999967813491821289e-01,9.999652504920959473e-01,9.999987483024597168e-01,9.999979138374328613e-01,9.999980926513671875e-01,-9.995841979980468750e-01,9.999981522560119629e-01,9.999986886978149414e-01,-9.999985694885253906e-01,-9.999986886978149414e-01,-9.999977350234985352e-01,-9.999988079071044922e-01,-9.999912977218627930e-01,-9.999970197677612305e-01,-9.999980330467224121e-01,-9.999970793724060059e-01,9.998559951782226562e-01,9.999978542327880859e-01,9.999983310699462891e-01,-9.999976754188537598e-01,9.999989271163940430e-01,9.999983310699462891e-01,9.999949336051940918e-01,-9.999957084655761719e-01,-9.999988079071044922e-01,-9.999989867210388184e-01,-9.999948143959045410e-01,-9.999987483024597168e-01,9.999987483024597168e-01,-9.999986886978149414e-01,9.999980330467224121e-01,9.999962449073791504e-01,-9.999917149543762207e-01,-9.999144673347473145e-01,-9.999980926513671875e-01,9.999926090240478516e-01,9.999987483024597168e-01,-9.999926090240478516e-01,-9.999967813491821289e-01,-9.999538064002990723e-01,9.999974966049194336e-01,-9.999988079071044922e-01,9.999960064888000488e-01,-9.999982714653015137e-01,-9.999857544898986816e-01,9.999901056289672852e-01,9.999988675117492676e-01,9.998853802680969238e-01,9.999959468841552734e-01,-9.999978542327880859e-01,9.999983310699462891e-01,-9.999756813049316406e-01,-9.999980330467224121e-01,9.999983906745910645e-01,-9.999979138374328613e-01,-9.999916553497314453e-01,9.999989867210388184e-01,-9.999986886978149414e-01,9.999896883964538574e-01,-9.999970793724060059e-01,9.999986886978149414e-01,-9.999750256538391113e-01,-9.999693036079406738e-01,9.999985098838806152e-01,9.999971389770507812e-01,-9.993735551834106445e-01,-9.999979138374328613e-01,-9.999942183494567871e-01,9.999985098838806152e-01,-9.999979734420776367e-01,9.999985694885253906e-01,-9.999981522560119629e-01,-9.999852180480957031e-01,9.999990463256835938e-01,-9.999982714653015137e-01,9.999988079071044922e-01,-9.999986290931701660e-01,-9.999942183494567871e-01,-9.999981522560119629e-01,-9.999987483024597168e-01,9.999957680702209473e-01,9.999985694885253906e-01,-9.999974966049194336e-01,-9.999608397483825684e-01,-9.999954700469970703e-01,9.999876022338867188e-01,-9.999972581863403320e-01
-9.999985098838806152e-01,9.999988079071044922e-01,9.999898076057434082e-01,-9.999986290931701660e-01,-9.999992251396179199e-01,9.999989867210388184e-01,-9.999961256980895996e-01,-9.999992251396179199e-01,9.999977946281433105e-01,-9.999978542327880859e-01,9.999986886978149414e-01,9.999991059303283691e-01,-9.999983906745910645e-01,-9.999985694885253906e-01,-9.999794960021972656e-01,-9.999979734420776367e-01,-9.999979734420776367e-01,9.999989271163940430e-01,-9.999936223030090332e-01,9.999993443489074707e-01,9.999992251396179199e-01,-9.999891519546508789e-01,-9.999986290931701660e-01,-9.999986886978149414e-01,-9.999911785125732422e-01,-9.999992251396179199e-01,9.999988079071044922e-01,9.999992251396179199e-01,-9.999830722808837891e-01,9.999964833259582520e-01,9.999951720237731934e-01,9.999988079071044922e-01,-9.999940395355224609e-01,-9.999977350234985352e-01,9.999973177909851074e-01,9.999855160713195801e-01,-9.999991655349731445e-01,-9.999989271163940430e-01,-9.999940991401672363e-01,9.999991059303283691e-01,-9.999988675117492676e-01,9.999973773956298828e-01,-9.999710917472839355e-01,-9.999989271163940430e-01,-9.999983906745910645e-01,-9.999985098838806152e-01,9.996538162231445312e-01,-9.999985098838806152e-01,-9.999989867210388184e-01,9.999988079071044922e-01,9.999989867210388184e-01,9.999982118606567383e-01,9.999989867210388184e-01,9.999927878379821777e-01,9.999976158142089844e-01,9.999983906745910645e-01,9.999975562095642090e-01,-9.998800158500671387e-01,-9.999982714653015137e-01,-9.999986886978149414e-01,9.999981522560119629e-01,-9.999991655349731445e-01,-9.999986290931701660e-01,-9.999958872795104980e-01,9.999964833259582520e-01,9.999991655349731445e-01,9.999992251396179199e-01,9.999957680702209473e-01,9.999989867210388184e-01,-9.999990463256835938e-01,9.999989271163940430e-01,-9.999983310699462891e-01,-9.999968409538269043e-01,9.999929666519165039e-01,9.999288320541381836e-01,9.999985098838806152e-01,-9.999939203262329102e-01,-9.999989867210388184e-01,9.999938607215881348e-01,9.999973177909851074e-01,9.999616146087646484e-01,-9.999979138374328613e-01,9.999991655349731445e-01,-9.999966621398925781e-01,9.999986290931701660e-01,9.999882578849792480e-01,-9.999917745590209961e-01,-9.999991059303283691e-01,-9.999045729637145996e-01,-9.999967217445373535e-01,9.999982714653015137e-01,-9.999986290931701660e-01,9.999797940254211426e-01,9.999983310699462891e-01,-9.999987483024597168e-01,9.999982714653015137e-01,9.999930262565612793e-01,-9.999992847442626953e-01,9.999989867210388184e-01,-9.999914765357971191e-01,9.999976158142089844e-01,-9.999989271163940430e-01,9.999791979789733887e-01,9.999745488166809082e-01,-9.999987483024597168e-01,-9.999976754188537598e-01,9.994784593582153320e-01,9.999983310699462891e-01,9.999952316284179688e-01,-9.999987483024597168e-01,9.999982118606567383e-01,-9.999988079071044922e-01,9.999985694885253906e-01,9.999877810478210449e-01,-9.999992847442626953e-01,9.999985694885253906e-01,-9.999990463256835938e-01,9.999989271163940430e-01,9.999951720237731934e-01,9.999984502792358398e-01,9.999990463256835938e-01,-9.999964237213134766e-01,-9.999988675117492676e-01,9.999979734420776367e-01,9.999673962593078613e-01,9.999962449073791504e-01,-9.999897480010986328e-01,9.999977946281433105e-01
-9.999876618385314941e-01,9.999898076057434082e-01,9.999139308929443359e-01,-9.999877810478210449e-01,-9.999922513961791992e-01,9.999909400939941406e-01,-9.999680519104003906e-01,-9.999929666519165039e-01,9.999812245368957520e-01,-9.999819397926330566e-01,9.999883174896240234e-01,9.999921917915344238e-01,-9.999868869781494141e-01,-9.999876022338867188e-01,-9.998275041580200195e-01,-9.999821782112121582e-01,-9.999834299087524414e-01,9.999905228614807129e-01,-9.999456405639648438e-01,9.999933242797851562e-01,9.999924898147583008e-01,-9.999083876609802246e-01,-9.999881982803344727e-01,-9.999893307685852051e-01,-9.999257326126098633e-01,-9.999929666519165039e-01,9.999894499778747559e-01,9.999923110008239746e-01,-9.998571872711181641e-01,9.999707937240600586e-01,9.999588131904602051e-01,9.999896883964538574e-01,-9.999498724937438965e-01,-9.999813437461853027e-01,9.999780654907226562e-01,9.998776912689208984e-01,-9.999929070472717285e-01,-9.999904632568359375e-01,-9.999496936798095703e-01,9.999921917915344238e-01,-9.999898076057434082e-01,9.999779462814331055e-01,-9.997575879096984863e-01,-9.999912977218627930e-01,-9.999857544898986816e-01,-9.999870657920837402e-01,9.971058964729309082e-01,-9.999874830245971680e-01,-9.999915361404418945e-01,9.999899268150329590e-01,9.999910593032836914e-01,9.999843239784240723e-01,9.999912977218627930e-01,9.999387264251708984e-01,9.999796152114868164e-01,9.999865889549255371e-01,9.999800324440002441e-01,-9.989956617355346680e-01,-9.999846220016479492e-01,-9.999885559082031250e-01,9.999844431877136230e-01,-9.999924302101135254e-01,-9.999878406524658203e-01,-9.999648332595825195e-01,9.999701380729675293e-01,9.999916553497314453e-01,9.999930262565612793e-01,9.999641776084899902e-01,9.999912977218627930e-01,-9.999914765357971191e-01,9.999909400939941406e-01,-9.999864101409912109e-01,-9.999741315841674805e-01,9.999420642852783203e-01,9.994036555290222168e-01,9.999876022338867188e-01,-9.999482035636901855e-01,-9.999909400939941406e-01,9.999482631683349609e-01,9.999777078628540039e-01,9.996778964996337891e-01,-9.999828934669494629e-01,9.999916553497314453e-01,-9.999724626541137695e-01,9.999880194664001465e-01,9.999006390571594238e-01,-9.999313950538635254e-01,-9.999920725822448730e-01,-9.992002248764038086e-01,-9.999728202819824219e-01,9.999855756759643555e-01,-9.999884963035583496e-01,9.998306632041931152e-01,9.999863505363464355e-01,-9.999894499778747559e-01,9.999857544898986816e-01,9.999416470527648926e-01,-9.999927282333374023e-01,9.999914765357971191e-01,-9.999278783798217773e-01,9.999799132347106934e-01,-9.999909996986389160e-01,9.998250007629394531e-01,9.997857213020324707e-01,-9.999898672103881836e-01,-9.999803304672241211e-01,9.956450462341308594e-01,9.999852180480957031e-01,9.999595284461975098e-01,-9.999897480010986328e-01,9.999862313270568848e-01,-9.999899864196777344e-01,9.999872446060180664e-01,9.998974204063415527e-01,-9.999930262565612793e-01,9.999880194664001465e-01,-9.999917149543762207e-01,9.999907612800598145e-01,9.999595284461975098e-01,9.999871253967285156e-01,9.999917149543762207e-01,-9.999704957008361816e-01,-9.999902844429016113e-01,9.999828934669494629e-01,9.997274279594421387e-01,9.999689459800720215e-01,-9.999131560325622559e-01,9.999814033508300781e-01
9.999982118606567383e-01,-9.999986290931701660e-01,-9.999877810478210449e-01,9.999982118606567383e-01,9.999988675117492676e-01,-9.999986886978149414e-01,9.999954700469970703e-01,9.999989867210388184e-01,-9.999973177909851074e-01,9.999974966049194336e-01,-9.999983310699462891e-01,-9.999988675117492676e-01,9.999980926513671875e-01,9.999983310699462891e-01,9.999755024909973145e-01,9.999974966049194336e-01,9.999976158142089844e-01,-9.999986290931701660e-01,9.999923110008239746e-01,-9.999991059303283691e-01,-9.999990463256835938e-01,9.999871253967285156e-01,9.999982714653015137e-01,9.999984502792358398e-01,9.999894499778747559e-01,9.999990463256835938e-01,-9.999985694885253906e-01,-9.999989271163940430e-01,9.999797940254211426e-01,-9.999958276748657227e-01,-9.999942183494567871e-01,-9.999985098838806152e-01,9.999929070472717285e-01,9.999973773956298828e-01,-9.999968409538269043e-01,-9.999827146530151367e-01,9.999989867210388184e-01,9.999986886978149414e-01,9.999928474426269531e-01,-9.999988675117492676e-01,9.999986290931701660e-01,-9.999968409538269043e-01,9.999655485153198242e-01,9.999987483024597168e-01,9.999980330467224121e-01,9.999982118606567383e-01,-9.995878934860229492e-01,9.999983310699462891e-01,9.999988079071044922e-01,-9.999985694885253906e-01,-9.999986886978149414e-01,-9.999977350234985352e-01,-9.999988079071044922e-01,-9.999912977218627930e-01,-9.999970793724060059e-01,-9.999980926513671875e-01,-9.999971389770507812e-01,9.998572468757629395e-01,9.999978542327880859e-01,9.999984502792358398e-01,-9.999977946281433105e-01,9.999989867210388184e-01,9.999982714653015137e-01,9.999949932098388672e-01,-9.999957680702209473e-01,-9.999988675117492676e-01,-9.999989867210388184e-01,-9.999949336051940918e-01,-9.999987483024597168e-01,9.999988675117492676e-01,-9.999986886978149414e-01,9.999980330467224121e-01,9.999962449073791504e-01,-9.999917745590209961e-01,-9.999152421951293945e-01,-9.999982118606567383e-01,9.999926686286926270e-01,9.999987483024597168e-01,-9.999926686286926270e-01,-9.999967813491821289e-01,-9.999542236328125000e-01,9.999975562095642090e-01,-9.999988079071044922e-01,9.999960064888000488e-01,-9.999982714653015137e-01,-9.999858736991882324e-01,9.999902248382568359e-01,9.999988675117492676e-01,9.998863935470581055e-01,9.999960660934448242e-01,-9.999979734420776367e-01,9.999983310699462891e-01,-9.999759793281555176e-01,-9.999980330467224121e-01,9.999985098838806152e-01,-9.999980330467224121e-01,-9.999917149543762207e-01,9.999989867210388184e-01,-9.999987483024597168e-01,9.999898672103881836e-01,-9.999971985816955566e-01,9.999986886978149414e-01,-9.999752640724182129e-01,-9.999696016311645508e-01,9.999985098838806152e-01,9.999972581863403320e-01,-9.993790388107299805e-01,-9.999979138374328613e-01,-9.999942779541015625e-01,9.999985098838806152e-01,-9.999979138374328613e-01,9.999985694885253906e-01,-9.999982714653015137e-01,-9.999854564666748047e-01,9.999990463256835938e-01,-9.999982714653015137e-01,9.999988079071044922e-01,-9.999987483024597168e-01,-9.999942779541015625e-01,-9.999981522560119629e-01,-9.999988079071044922e-01,9.999958276748657227e-01,9.999985694885253906e-01,-9.999975562095642090e-01,-9.999611973762512207e-01,-9.999955892562866211e-01,9.999876618385314941e-01,-9.999973177909851074e-01
9.999988675117492676e-01,-9.999992251396179199e-01,-9.999922513961791992e-01,9.999988675117492676e-01,9.999992251396179199e-01,-9.999992251396179199e-01,9.999970793724060059e-01,9.999993443489074707e-01,-9.999981522560119629e-01,9.999983310699462891e-01,-9.999988675117492676e-01,-9.999992251396179199e-01,9.999987483024597168e-01,9.999988675117492676e-01,9.999843835830688477e-01,9.999983906745910645e-01,9.999983906745910645e-01,-9.999991059303283691e-01,9.999950528144836426e-01,-9.999994039535522461e-01,-9.999993443489074707e-01,9.999917745590209961e-01,9.999989271163940430e-01,9.999991059303283691e-01,9.999933242797851562e-01,9.999994039535522461e-01,-9.999991059303283691e-01,-9.999993443489074707e-01,9.999870657920837402e-01,-9.999972581863403320e-01,-9.999962449073791504e-01,-9.999989867210388184e-01,9.999954700469970703e-01,9.999982118606567383e-01,-9.999979734420776367e-01,-9.999890327453613281e-01,9.999992847442626953e-01,9.999991655349731445e-01,9.999954700469970703e-01,-9.999992251396179199e-01,9.999991059303283691e-01,-9.999979734420776367e-01,9.999781847000122070e-01,9.999991655349731445e-01,9.999986290931701660e-01,9.999988079071044922e-01,-9.997387528419494629e-01,9.999988079071044922e-01,9.999991655349731445e-01,-9.999991655349731445e-01,-9.999991059303283691e-01,-9.999985694885253906e-01,-9.999992251396179199e-01,-9.999945163726806641e-01,-9.999981522560119629e-01,-9.999987483024597168e-01,-9.999981522560119629e-01,9.999095201492309570e-01,9.999985694885253906e-01,9.999988675117492676e-01,-9.999985694885253906e-01,9.999992847442626953e-01,9.999988675117492676e-01,9.999967217445373535e-01,-9.999972581863403320e-01,-9.999992847442626953e-01,-9.999994039535522461e-01,-9.999966621398925781e-01,-9.999991655349731445e-01,9.999992847442626953e-01,-9.999992251396179199e-01,9.999987483024597168e-01,9.999976158142089844e-01,-9.999946951866149902e-01,-9.999462962150573730e-01,-9.999988079071044922e-01,9.999953508377075195e-01,9.999992251396179199e-01,-9.999952912330627441e-01,-9.999979734420776367e-01,-9.999709129333496094e-01,9.999983310699462891e-01,-9.999992847442626953e-01,9.999974370002746582e-01,-9.999988675117492676e-01,-9.999911189079284668e-01,9.999937415122985840e-01,9.999993443489074707e-01,9.999279379844665527e-01,9.999974370002746582e-01,-9.999986290931701660e-01,9.999988675117492676e-01,-9.999846816062927246e-01,-9.999987483024597168e-01,9.999989867210388184e-01,-9.999986290931701660e-01,-9.999947547912597656e-01,9.999993443489074707e-01,-9.999991655349731445e-01,9.999935030937194824e-01,-9.999981522560119629e-01,9.999991059303283691e-01,-9.999842643737792969e-01,-9.999807476997375488e-01,9.999991059303283691e-01,9.999980926513671875e-01,-9.996064305305480957e-01,-9.999986290931701660e-01,-9.999963045120239258e-01,9.999991059303283691e-01,-9.999986886978149414e-01,9.999990463256835938e-01,-9.999987483024597168e-01,-9.999907612800598145e-01,9.999994039535522461e-01,-9.999988675117492676e-01,9.999992251396179199e-01,-9.999992251396179199e-01,-9.999963045120239258e-01,-9.999988079071044922e-01,-9.999992251396179199e-01,9.999971985816955566e-01,9.999991655349731445e-01,-9.999984502792358398e-01,-9.999754428863525391e-01,-9.999970793724060059e-01,9.999921917915344238e-01,-9.999982714653015137e-01
-9.999987483024597168e-01,9.999989867210388184e-01,9.999909400939941406e-01,-9.999986886978149414e-01,-9.999992251396179199e-01,9.999991059303283691e-01,-9.999966025352478027e-01,-9.999992847442626953e-01,9.999980926513671875e-01,-9.999980926513671875e-01,9.999987483024597168e-01,9.999992251396179199e-01,-9.999985694885253906e-01,-9.999987483024597168e-01,-9.999818801879882812e-01,-9.999980926513671875e-01,-9.999982118606567383e-01,9.999989867210388184e-01,-9.999942779541015625e-01,9.999993443489074707e-01,9.999993443489074707e-01,-9.999903440475463867e-01,-9.999987483024597168e-01,-9.999988675117492676e-01,-9.999921917915344238e-01,-9.999992847442626953e-01,9.999989271163940430e-01,9.999993443489074707e-01,-9.999849796295166016e-01,9.999969005584716797e-01,9.999957084655761719e-01,9.999988675117492676e-01,-9.999947547912597656e-01,-9.999980330467224121e-01,9.999976754188537598e-01,9.999871253967285156e-01,-9.999992847442626953e-01,-9.999990463256835938e-01,-9.999948143959045410e-01,9.999992251396179199e-01,-9.999989271163940430e-01,9.999976158142089844e-01,-9.999745488166809082e-01,-9.999991059303283691e-01,-9.999984502792358398e-01,-9.999986886978149414e-01,9.996946454048156738e-01,-9.999986886978149414e-01,-9.999991655349731445e-01,9.999989271163940430e-01,9.999992251396179199e-01,9.999984502792358398e-01,9.999992251396179199e-01,9.999935626983642578e-01,9.999977946281433105e-01,9.999985694885253906e-01,9.999978542327880859e-01,-9.998942017555236816e-01,-9.999983310699462891e-01,-9.999988675117492676e-01,9.999983310699462891e-01,-9.999992251396179199e-01,-9.999987483024597168e-01,-9.999962449073791504e-01,9.999967813491821289e-01,9.999991655349731445e-01,9.999992847442626953e-01,9.999960660934448242e-01,9.999991059303283691e-01,-9.999991655349731445e-01,9.999991059303283691e-01,-9.999986290931701660e-01,-9.999973177909851074e-01,9.999939203262329102e-01,9.999371767044067383e-01,9.999986886978149414e-01,-9.999945759773254395e-01,-9.999992251396179199e-01,9.999945759773254395e-01,9.999976158142089844e-01,9.999660849571228027e-01,-9.999981522560119629e-01,9.999991655349731445e-01,-9.999970793724060059e-01,9.999988079071044922e-01,9.999896287918090820e-01,-9.999926686286926270e-01,-9.999992251396179199e-01,-9.999158382415771484e-01,-9.999970197677612305e-01,9.999984502792358398e-01,-9.999987483024597168e-01,9.999821186065673828e-01,9.999986290931701660e-01,-9.999988675117492676e-01,9.999984502792358398e-01,9.999938607215881348e-01,-9.999992847442626953e-01,9.999991655349731445e-01,-9.999924302101135254e-01,9.999978542327880859e-01,-9.999992251396179199e-01,9.999816417694091797e-01,9.999775886535644531e-01,-9.999989271163940430e-01,-9.999979138374328613e-01,9.995399713516235352e-01,9.999984502792358398e-01,9.999958276748657227e-01,-9.999989271163940430e-01,9.999985098838806152e-01,-9.999989271163940430e-01,9.999986290931701660e-01,9.999892115592956543e-01,-9.999992847442626953e-01,9.999987483024597168e-01,-9.999991655349731445e-01,9.999991655349731445e-01,9.999957680702209473e-01,9.999986290931701660e-01,9.999991655349731445e-01,-9.999968409538269043e-01,-9.999989867210388184e-01,9.999981522560119629e-01,9.999713897705078125e-01,9.999966025352478027e-01,-9.999909400939941406e-01,9.999980330467224121e-01
9.999953508377075195e-01,-9.999961256980895996e-01,-9.999680519104003906e-01,9.999954700469970703e-01,9.999970793724060059e-01,-9.999966025352478027e-01,9.999880790710449219e-01,9.999973177909851074e-01,-9.999930262565612793e-01,9.999932050704956055e-01,-9.999956488609313965e-01,-9.999970793724060059e-01,9.999950528144836426e-01,9.999954104423522949e-01,9.999358057975769043e-01,9.999933242797851562e-01,9.999937415122985840e-01,-9.999963045120239258e-01,9.999798536300659180e-01,-9.999974966049194336e-01,-9.999971985816955566e-01,9.999659657478332520e-01,9.999955296516418457e-01,9.999960064888000488e-01,9.999724626541137695e-01,9.999973773956298828e-01,-9.999960064888000488e-01,-9.999970793724060059e-01,9.999468326568603516e-01,-9.999891519546508789e-01,-9.999846816062927246e-01,-9.999961256980895996e-01,9.999814033508300781e-01,9.999930858612060547e-01,-9.999917745590209961e-01,-9.999544620513916016e-01,9.999972581863403320e-01,9.999963641166687012e-01,9.999813437461853027e-01,-9.999969601631164551e-01,9.999961853027343750e-01,-9.999917149543762207e-01,9.999098181724548340e-01,9.999966025352478027e-01,9.999946355819702148e-01,9.999951720237731934e-01,-9.989230632781982422e-01,9.999952912330627441e-01,9.999967217445373535e-01,-9.999962449073791504e-01,-9.999966025352478027e-01,-9.999941587448120117e-01,-9.999966621398925781e-01,-9.999772906303405762e-01,-9.999923110008239746e-01,-9.999949336051940918e-01,-9.999925494194030762e-01,9.996266961097717285e-01,9.999942779541015625e-01,9.999957084655761719e-01,-9.999942779541015625e-01,9.999970793724060059e-01,9.999954700469970703e-01,9.999869465827941895e-01,-9.999887943267822266e-01,-9.999968409538269043e-01,-9.999972581863403320e-01,-9.999867677688598633e-01,-9.999967217445373535e-01,9.999967813491821289e-01,-9.999964833259582520e-01,9.999949336051940918e-01,9.999904036521911621e-01,-9.999784231185913086e-01,-9.997784495353698730e-01,-9.999952912330627441e-01,9.999808073043823242e-01,9.999965429306030273e-01,-9.999807476997375488e-01,-9.999916553497314453e-01,-9.998801946640014648e-01,9.999935626983642578e-01,-9.999967813491821289e-01,9.999897480010986328e-01,-9.999955296516418457e-01,-9.999630451202392578e-01,9.999744892120361328e-01,9.999969005584716797e-01,9.997028112411499023e-01,9.999898076057434082e-01,-9.999946355819702148e-01,9.999956488609313965e-01,-9.999369382858276367e-01,-9.999948740005493164e-01,9.999959468841552734e-01,-9.999946355819702148e-01,-9.999783039093017578e-01,9.999971985816955566e-01,-9.999967217445373535e-01,9.999731183052062988e-01,-9.999924898147583008e-01,9.999964833259582520e-01,-9.999350309371948242e-01,-9.999204277992248535e-01,9.999961853027343750e-01,9.999926686286926270e-01,-9.983779788017272949e-01,-9.999944567680358887e-01,-9.999849796295166016e-01,9.999961256980895996e-01,-9.999948740005493164e-01,9.999962449073791504e-01,-9.999952912330627441e-01,-9.999619126319885254e-01,9.999973177909851074e-01,-9.999954700469970703e-01,9.999967813491821289e-01,-9.999964833259582520e-01,-9.999849796295166016e-01,-9.999952316284179688e-01,-9.999968409538269043e-01,9.999890327453613281e-01,9.999963045120239258e-01,-9.999935626983642578e-01,-9.998986721038818359e-01,-9.999883770942687988e-01,9.999676942825317383e-01,-9.999929666519165039e-01
9.999989867210388184e-01,-9.999992251396179199e-01,-9.999929666519165039e-01,9.999989867210388184e-01,9.999993443489074707e-01,-9.999992847442626953e-01,9.999973177909851074e-01,9.999994039535522461e-01,-9.999985098838806152e-01,9.999985098838806152e-01,-9.999989867210388184e-01,-9.999994039535522461e-01,9.999988675117492676e-01,9.999989867210388184e-01,9.999857544898986816e-01,9.999985694885253906e-01,9.999986290931701660e-01,-9.999992251396179199e-01,9.999955296516418457e-01,-9.999994635581970215e-01,-9.999994635581970215e-01,9.999926090240478516e-01,9.999989867210388184e-01,9.999990463256835938e-01,9.999938011169433594e-01,9.999994039535522461e-01,-9.999991655349731445e-01,-9.999994039535522461e-01,9.999883174896240234e-01,-9.999975562095642090e-01,-9.999966621398925781e-01,-9.999991655349731445e-01,9.999958872795104980e-01,9.999984502792358398e-01,-9.999981522560119629e-01,-9.999899864196777344e-01,9.999994635581970215e-01,9.999992251396179199e-01,9.999958872795104980e-01,-9.999994039535522461e-01,9.999992251396179199e-01,-9.999981522560119629e-01,9.999801516532897949e-01,9.999992251396179199e-01,9.999988079071044922e-01,9.999989271163940430e-01,-9.997617602348327637e-01,9.999988675117492676e-01,9.999992251396179199e-01,-9.999992251396179199e-01,-9.999992251396179199e-01,-9.999986886978149414e-01,-9.999992847442626953e-01,-9.999949932098388672e-01,-9.999983310699462891e-01,-9.999988079071044922e-01,-9.999982118606567383e-01,9.999173879623413086e-01,9.999986886978149414e-01,9.999991059303283691e-01,-9.999986886978149414e-01,9.999993443489074707e-01,9.999990463256835938e-01,9.999970793724060059e-01,-9.999974370002746582e-01,-9.999993443489074707e-01,-9.999994039535522461e-01,-9.999969601631164551e-01,-9.999993443489074707e-01,9.999993443489074707e-01,-9.999992251396179199e-01,9.999988675117492676e-01,9.999977946281433105e-01,-9.999951720237731934e-01,-9.999510049819946289e-01,-9.999989271163940430e-01,9.999957084655761719e-01,9.999992847442626953e-01,-9.999957680702209473e-01,-9.999981522560119629e-01,-9.999735951423645020e-01,9.999985694885253906e-01,-9.999992847442626953e-01,9.999976158142089844e-01,-9.999990463256835938e-01,-9.999918937683105469e-01,9.999942779541015625e-01,9.999994039535522461e-01,9.999342560768127441e-01,9.999976754188537598e-01,-9.999988079071044922e-01,9.999991059303283691e-01,-9.999861121177673340e-01,-9.999988079071044922e-01,9.999990463256835938e-01,-9.999988079071044922e-01,-9.999952316284179688e-01,9.999994635581970215e-01,-9.999993443489074707e-01,9.999940991401672363e-01,-9.999983310699462891e-01,9.999992847442626953e-01,-9.999856352806091309e-01,-9.999824166297912598e-01,9.999992251396179199e-01,9.999983310699462891e-01,-9.996411204338073730e-01,-9.999988675117492676e-01,-9.999966621398925781e-01,9.999991059303283691e-01,-9.999988079071044922e-01,9.999991059303283691e-01,-9.999989271163940430e-01,-9.999915957450866699e-01,9.999994635581970215e-01,-9.999990463256835938e-01,9.999993443489074707e-01,-9.999992847442626953e-01,-9.999966621398925781e-01,-9.999989271163940430e-01,-9.999992847442626953e-01,9.999974966049194336e-01,9.999992251396179199e-01,-9.999985694885253906e-01,-9.999775886535644531e-01,-9.999973177909851074e-01,9.999929070472717285e-01,-9.999984502792358398e-01
-9.999972581863403320e-01,9.999977946281433105e-01,9.999812245368957520e-01,-9.999973177909851074e-01,-9.999981522560119629e-01,9.999980926513671875e-01,-9.999930262565612793e-01,-9.999985098838806152e-01,9.999959468841552734e-01,-9.999960064888000488e-01,9.999973773956298828e-01,9.999983906745910645e-01,-9.999970793724060059e-01,-9.999972581863403320e-01,-9.999622702598571777e-01,-9.999960064888000488e-01,-9.999963045120239258e-01,9.999979138374328613e-01,-9.999881386756896973e-01,9.999985098838806152e-01,9.999984502792358398e-01,-9.999800920486450195e-01,-9.999973773956298828e-01,-9.999976158142089844e-01,-9.999837875366210938e-01,-9.999984502792358398e-01,9.999977350234985352e-01,9.999982714653015137e-01,-9.999688267707824707e-01,9.999936223030090332e-01,9.999910593032836914e-01,9.999977946281433105e-01,-9.999890327453613281e-01,-9.999959468841552734e-01,9.999952316284179688e-01,9.999732971191406250e-01,-9.999984502792358398e-01,-9.999979138374328613e-01,-9.999890923500061035e-01,9.999982714653015137e-01,-9.999977946281433105e-01,9.999951720237731934e-01,-9.999469518661499023e-01,-9.999980926513671875e-01,-9.999969005584716797e-01,-9.999971985816955566e-01,9.993657469749450684e-01,-9.999971985816955566e-01,-9.999980926513671875e-01,9.999977946281433105e-01,9.999980330467224121e-01,9.999966025352478027e-01,9.999980330467224121e-01,9.999867081642150879e-01,9.999955296516418457e-01,9.999970197677612305e-01,9.999956488609313965e-01,-9.997802376747131348e-01,-9.999966621398925781e-01,-9.999974966049194336e-01,9.999965429306030273e-01,-9.999983310699462891e-01,-9.999973177909851074e-01,-9.999923110008239746e-01,9.999934434890747070e-01,9.999981522560119629e-01,9.999984502792358398e-01,9.999921917915344238e-01,9.999980926513671875e-01,-9.999980926513671875e-01,9.999979734420776367e-01,-9.999970793724060059e-01,-9.999943971633911133e-01,9.999872446060180664e-01,9.998695850372314453e-01,9.999972581863403320e-01,-9.999887943267822266e-01,-9.999979734420776367e-01,9.999887347221374512e-01,9.999951720237731934e-01,9.999295473098754883e-01,-9.999961853027343750e-01,9.999982714653015137e-01,-9.999939799308776855e-01,9.999974370002746582e-01,9.999783635139465332e-01,-9.999849200248718262e-01,-9.999982118606567383e-01,-9.998251199722290039e-01,-9.999940395355224609e-01,9.999967813491821289e-01,-9.999974370002746582e-01,9.999629259109497070e-01,9.999969601631164551e-01,-9.999976754188537598e-01,9.999968409538269043e-01,9.999872446060180664e-01,-9.999984502792358398e-01,9.999980926513671875e-01,-9.999842643737792969e-01,9.999955892562866211e-01,-9.999979734420776367e-01,9.999617934226989746e-01,9.999532103538513184e-01,-9.999977350234985352e-01,-9.999957084655761719e-01,9.990445971488952637e-01,9.999968409538269043e-01,9.999911785125732422e-01,-9.999977350234985352e-01,9.999968409538269043e-01,-9.999977946281433105e-01,9.999972581863403320e-01,9.999775886535644531e-01,-9.999984502792358398e-01,9.999973177909851074e-01,-9.999981522560119629e-01,9.999979734420776367e-01,9.999911785125732422e-01,9.999971389770507812e-01,9.999981522560119629e-01,-9.999935626983642578e-01,-9.999979138374328613e-01,9.999961853027343750e-01,9.999403953552246094e-01,9.999932050704956055e-01,-9.999810457229614258e-01,9.999959468841552734e-01
9.999973773956298828e-01,-9.999978542327880859e-01,-9.999819397926330566e-01,9.999974966049194336e-01,9.999983310699462891e-01,-9.999980926513671875e-01,9.999932050704956055e-01,9.999985098838806152e-01,-9.999960064888000488e-01,9.999961853027343750e-01,-9.999974966049194336e-01,-9.999984502792358398e-01,9.999971985816955566e-01,9.999973773956298828e-01,9.999637603759765625e-01,9.999961853027343750e-01,9.999963641166687012e-01,-9.999979734420776367e-01,9.999886155128479004e-01,-9.999985694885253906e-01,-9.999983906745910645e-01,9.999808669090270996e-01,9.999974966049194336e-01,9.999976754188537598e-01,9.999843239784240723e-01,9.999985098838806152e-01,-9.999977946281433105e-01,-9.999983310699462891e-01,9.999700784683227539e-01,-9.999938607215881348e-01,-9.999914169311523438e-01,-9.999977946281433105e-01,9.999895095825195312e-01,9.999960064888000488e-01,-9.999954104423522949e-01,-9.999743700027465820e-01,9.999985098838806152e-01,9.999980330467224121e-01,9.999894499778747559e-01,-9.999983310699462891e-01,9.999979138374328613e-01,-9.999954104423522949e-01,9.999490976333618164e-01,9.999981522560119629e-01,9.999969601631164551e-01,9.999971985816955566e-01,-9.993914365768432617e-01,9.999973177909851074e-01,9.999982118606567383e-01,-9.999978542327880859e-01,-9.999980926513671875e-01,-9.999966621398925781e-01,-9.999981522560119629e-01,-9.999871850013732910e-01,-9.999957084655761719e-01,-9.999971389770507812e-01,-9.999958276748657227e-01,9.997891783714294434e-01,9.999968409538269043e-01,9.999976158142089844e-01,-9.999967217445373535e-01,9.999983906745910645e-01,9.999974966049194336e-01,9.999926090240478516e-01,-9.999937415122985840e-01,-9.999982118606567383e-01,-9.999985098838806152e-01,-9.999924302101135254e-01,-9.999981522560119629e-01,9.999981522560119629e-01,-9.999980926513671875e-01,9.999971985816955566e-01,9.999945759773254395e-01,-9.999878406524658203e-01,-9.998748302459716797e-01,-9.999973773956298828e-01,9.999891519546508789e-01,9.999981522560119629e-01,-9.999892115592956543e-01,-9.999953508377075195e-01,-9.999324083328247070e-01,9.999963641166687012e-01,-9.999982118606567383e-01,9.999942183494567871e-01,-9.999974966049194336e-01,-9.999792575836181641e-01,9.999856352806091309e-01,9.999983310699462891e-01,9.998321533203125000e-01,9.999942779541015625e-01,-9.999969005584716797e-01,9.999974966049194336e-01,-9.999644756317138672e-01,-9.999970793724060059e-01,9.999977946281433105e-01,-9.999969601631164551e-01,-9.999877810478210449e-01,9.999985098838806152e-01,-9.999982118606567383e-01,9.999848604202270508e-01,-9.999957680702209473e-01,9.999980926513671875e-01,-9.999632239341735840e-01,-9.999549984931945801e-01,9.999978542327880859e-01,9.999958872795104980e-01,-9.990832209587097168e-01,-9.999969601631164551e-01,-9.999915957450866699e-01,9.999977946281433105e-01,-9.999970793724060059e-01,9.999978542327880859e-01,-9.999972581863403320e-01,-9.999785423278808594e-01,9.999985098838806152e-01,-9.999973773956298828e-01,9.999982714653015137e-01,-9.999981522560119629e-01,-9.999915361404418945e-01,-9.999972581863403320e-01,-9.999981522560119629e-01,9.999938011169433594e-01,9.999979734420776367e-01,-9.999963641166687012e-01,-9.999427199363708496e-01,-9.999935030937194824e-01,9.999818205833435059e-01,-9.999960064888000488e-01
-9.999982714653015137e-01,9.999986886978149414e-01,9.999883174896240234e-01,-9.999983310699462891e-01,-9.999988675117492676e-01,9.999987483024597168e-01,-9.999956488609313965e-01,-9.999989867210388184e-01,9.999973773956298828e-01,-9.999974966049194336e-01,9.999982714653015137e-01,9.999989271163940430e-01,-9.999982118606567383e-01,-9.999982118606567383e-01,-9.999765753746032715e-01,-9.999976158142089844e-01,-9.999976754188537598e-01,9.999986290931701660e-01,-9.999926090240478516e-01,9.999991059303283691e-01,9.999989867210388184e-01,-9.999875426292419434e-01,-9.999982714653015137e-01,-9.999984502792358398e-01,-9.999898672103881836e-01,-9.999991059303283691e-01,9.999985098838806152e-01,9.999989271163940430e-01,-9.999806284904479980e-01,9.999959468841552734e-01,9.999944567680358887e-01,9.999985694885253906e-01,-9.999932050704956055e-01,-9.999974370002746582e-01,9.999969601631164551e-01,9.999833703041076660e-01,-9.999989867210388184e-01,-9.999986886978149414e-01,-9.999931454658508301e-01,9.999988675117492676e-01,-9.999985694885253906e-01,9.999969601631164551e-01,-9.999669194221496582e-01,-9.999987483024597168e-01,-9.999980330467224121e-01,-9.999982118606567383e-01,9.996053576469421387e-01,-9.999981522560119629e-01,-9.999987483024597168e-01,9.999985694885253906e-01,9.999987483024597168e-01,9.999978542327880859e-01,9.999988079071044922e-01,9.999916553497314453e-01,9.999971985816955566e-01,9.999981522560119629e-01,9.999971389770507812e-01,-9.998632073402404785e-01,-9.999978542327880859e-01,-9.999983906745910645e-01,9.999977946281433105e-01,-9.999989271163940430e-01,-9.999983310699462891e-01,-9.999952316284179688e-01,9.999958872795104980e-01,9.999988675117492676e-01,9.999989867210388184e-01,9.999950528144836426e-01,9.999988079071044922e-01,-9.999987483024597168e-01,9.999986886978149414e-01,-9.999980926513671875e-01,-9.999964237213134766e-01,9.999920129776000977e-01,9.999187588691711426e-01,9.999982118606567383e-01,-9.999928474426269531e-01,-9.999987483024597168e-01,9.999929070472717285e-01,9.999969005584716797e-01,9.999560713768005371e-01,-9.999976158142089844e-01,9.999988675117492676e-01,-9.999961853027343750e-01,9.999983310699462891e-01,9.999864697456359863e-01,-9.999906420707702637e-01,-9.999989271163940430e-01,-9.998910427093505859e-01,-9.999961256980895996e-01,9.999980330467224121e-01,-9.999983906745910645e-01,9.999769330024719238e-01,9.999980926513671875e-01,-9.999984502792358398e-01,9.999980330467224121e-01,9.999920725822448730e-01,-9.999989867210388184e-01,9.999987483024597168e-01,-9.999901056289672852e-01,9.999971985816955566e-01,-9.999987483024597168e-01,9.999762177467346191e-01,9.999709129333496094e-01,-9.999986290931701660e-01,-9.999972581863403320e-01,9.994053840637207031e-01,9.999979734420776367e-01,9.999945163726806641e-01,-9.999985098838806152e-01,9.999980926513671875e-01,-9.999986290931701660e-01,9.999982118606567383e-01,9.999860525131225586e-01,-9.999991059303283691e-01,9.999982714653015137e-01,-9.999988079071044922e-01,9.999986886978149414e-01,9.999943971633911133e-01,9.999982118606567383e-01,9.999988079071044922e-01,-9.999959468841552734e-01,-9.999986290931701660e-01,9.999975562095642090e-01,9.999627470970153809e-01,9.999957084655761719e-01,-9.999881386756896973e-01,9.999974370002746582e-01
-9.999988675117492676e-01,9.999991059303283691e-01,9.999921917915344238e-01,-9.999988675117492676e-01,-9.999992251396179199e-01,9.999992251396179199e-01,-9.999970793724060059e-01,-9.999994039535522461e-01,9.999983906745910645e-01,-9.999984502792358398e-01,9.999989271163940430e-01,9.999993443489074707e-01,-9.999986886978149414e-01,-9.999989271163940430e-01,-9.999843239784240723e-01,-9.999983310699462891e-01,-9.999984502792358398e-01,9.999991655349731445e-01,-9.999950528144836426e-01,9.999994039535522461e-01,9.999994039535522461e-01,-9.999917149543762207e-01,-9.999988675117492676e-01,-9.999990463256835938e-01,-9.999931454658508301e-01,-9.999994039535522461e-01,9.999991059303283691e-01,9.999993443489074707e-01,-9.999870061874389648e-01,9.999973177909851074e-01,9.999961853027343750e-01,9.999991059303283691e-01,-9.999955296516418457e-01,-9.999982714653015137e-01,9.999979734420776367e-01,9.999889135360717773e-01,-9.999994039535522461e-01,-9.999991655349731445e-01,-9.999955296516418457e-01,9.999993443489074707e-01,-9.999992251396179199e-01,9.999980330467224121e-01,-9.999779462814331055e-01,-9.999992251396179199e-01,-9.999986886978149414e-01,-9.999988079071044922e-01,9.997359514236450195e-01,-9.999988675117492676e-01,-9.999992847442626953e-01,9.999991059303283691e-01,9.999992251396179199e-01,9.999985694885253906e-01,9.999992251396179199e-01,9.999944567680358887e-01,9.999980926513671875e-01,9.999987483024597168e-01,9.999981522560119629e-01,-9.999085068702697754e-01,-9.999985694885253906e-01,-9.999989271163940430e-01,9.999985694885253906e-01,-9.999993443489074707e-01,-9.999989271163940430e-01,-9.999967813491821289e-01,9.999972581863403320e-01,9.999992847442626953e-01,9.999994039535522461e-01,9.999966025352478027e-01,9.999992251396179199e-01,-9.999992847442626953e-01,9.999992251396179199e-01,-9.999988079071044922e-01,-9.999976158142089844e-01,9.999946355819702148e-01,9.999457001686096191e-01,9.999988079071044922e-01,-9.999952912330627441e-01,-9.999992847442626953e-01,9.999952316284179688e-01,9.999979734420776367e-01,9.999707341194152832e-01,-9.999984502792358398e-01,9.999992847442626953e-01,-9.999974370002746582e-01,9.999989271163940430e-01,9.999910593032836914e-01,-9.999938011169433594e-01,-9.999992847442626953e-01,-9.999272227287292480e-01,-9.999974966049194336e-01,9.999986886978149414e-01,-9.999988675117492676e-01,9.999846220016479492e-01,9.999988079071044922e-01,-9.999991059303283691e-01,9.999986886978149414e-01,9.999946355819702148e-01,-9.999993443489074707e-01,9.999991655349731445e-01,-9.999935626983642578e-01,9.999981522560119629e-01,-9.999992251396179199e-01,9.999842047691345215e-01,9.999805688858032227e-01,-9.999991059303283691e-01,-9.999981522560119629e-01,9.996020793914794922e-01,9.999986290931701660e-01,9.999962449073791504e-01,-9.999991059303283691e-01,9.999987483024597168e-01,-9.999991059303283691e-01,9.999988675117492676e-01,9.999905824661254883e-01,-9.999994039535522461e-01,9.999988675117492676e-01,-9.999992847442626953e-01,9.999991655349731445e-01,9.999962449073791504e-01,9.999988079071044922e-01,9.999992251396179199e-01,-9.999972581863403320e-01,-9.999991655349731445e-01,9.999983310699462891e-01,9.999751448631286621e-01,9.999970197677612305e-01,-9.999921321868896484e-01,9.999983906745910645e-01
