9.999982714653015137e-01,-9.999985098838806152e-01,-9.999893307685852051e-01,9.999980926513671875e-01,9.999988675117492676e-01,-9.999986290931701660e-01,9.999958276748657227e-01,9.999990463256835938e-01,-9.999973177909851074e-01,9.999974966049194336e-01,-9.999985098838806152e-01,-9.999988079071044922e-01,9.999979734420776367e-01,9.999983310699462891e-01,9.999813437461853027e-01,9.999971985816955566e-01,9.999974966049194336e-01,-9.999985694885253906e-01,9.999931454658508301e-01,-9.999991059303283691e-01,-9.999989271163940430e-01,9.999884963035583496e-01,9.999983906745910645e-01,9.999983310699462891e-01,9.999892115592956543e-01,9.999989271163940430e-01,-9.999984502792358398e-01,-9.999988675117492676e-01,9.999821782112121582e-01,-9.999956488609313965e-01,-9.999936819076538086e-01,-9.999985098838806152e-01,9.999920725822448730e-01,9.999971389770507812e-01,-9.999970793724060059e-01,-9.999743103981018066e-01,9.999989271163940430e-01,9.999985098838806152e-01,9.999928474426269531e-01,-9.999988079071044922e-01,9.999985694885253906e-01,-9.999964833259582520e-01,9.999729394912719727e-01,9.999986290931701660e-01,9.999980330467224121e-01,9.999982118606567383e-01,-9.999809265136718750e-01,9.999983906745910645e-01,9.999988079071044922e-01,-9.999985694885253906e-01,-9.999986886978149414e-01,-9.999979138374328613e-01,-9.999988079071044922e-01,-9.999917745590209961e-01,-9.999972581863403320e-01,-9.999980926513671875e-01,-9.999966621398925781e-01,9.998515248298645020e-01,9.999976158142089844e-01,9.999983906745910645e-01,-9.999980330467224121e-01,9.999989271163940430e-01,9.999982714653015137e-01,9.999951124191284180e-01,-9.999955892562866211e-01,-9.999988079071044922e-01,-9.999990463256835938e-01,-9.999954104423522949e-01,-9.999987483024597168e-01,9.999986886978149414e-01,-9.999986886978149414e-01,9.999980330467224121e-01,9.999958872795104980e-01,-9.999924898147583008e-01,-9.999454617500305176e-01,-9.999982118606567383e-01,9.999927878379821777e-01,9.999986290931701660e-01,-9.999933242797851562e-01,-9.999966621398925781e-01,-9.999293684959411621e-01,9.999976754188537598e-01,-9.999987483024597168e-01,9.999967813491821289e-01,-9.999981522560119629e-01,-9.999871253967285156e-01,9.999892115592956543e-01,9.999988079071044922e-01,9.999513626098632812e-01,9.999945759773254395e-01,-9.999976158142089844e-01,9.999982714653015137e-01,-9.999772310256958008e-01,-9.999979138374328613e-01,9.999984502792358398e-01,-9.999979734420776367e-01,-9.999921321868896484e-01,9.999988675117492676e-01,-9.999988079071044922e-01,9.999914169311523438e-01,-9.999969601631164551e-01,9.999986290931701660e-01,-9.999715685844421387e-01,-9.999591708183288574e-01,9.999985694885253906e-01,9.999973177909851074e-01,-9.999409914016723633e-01,-9.999980330467224121e-01,-9.999940395355224609e-01,9.999985098838806152e-01,-9.999981522560119629e-01,9.999984502792358398e-01,-9.999982118606567383e-01,-9.999824166297912598e-01,9.999989271163940430e-01,-9.999982118606567383e-01,9.999988079071044922e-01,-9.999985694885253906e-01,-9.999944567680358887e-01,-9.999981522560119629e-01,-9.999988079071044922e-01,9.999959468841552734e-01,9.999984502792358398e-01,-9.999974370002746582e-01,-9.999784231185913086e-01,-9.999956488609313965e-01,9.999891519546508789e-01,-9.999969005584716797e-01
-9.999985098838806152e-01,9.999987483024597168e-01,9.999912977218627930e-01,-9.999984502792358398e-01,-9.999990463256835938e-01,9.999989271163940430e-01,-9.999964833259582520e-01,-9.999992251396179199e-01,9.999977350234985352e-01,-9.999980330467224121e-01,9.999988079071044922e-01,9.999991059303283691e-01,-9.999984502792358398e-01,-9.999986290931701660e-01,-9.999848008155822754e-01,-9.999977350234985352e-01,-9.999979734420776367e-01,9.999988675117492676e-01,-9.999943375587463379e-01,9.999992847442626953e-01,9.999991655349731445e-01,-9.999906420707702637e-01,-9.999987483024597168e-01,-9.999986290931701660e-01,-9.999911189079284668e-01,-9.999992251396179199e-01,9.999986290931701660e-01,9.999991655349731445e-01,-9.999853968620300293e-01,9.999963641166687012e-01,9.999948143959045410e-01,9.999987483024597168e-01,-9.999933838844299316e-01,-9.999976158142089844e-01,9.999976158142089844e-01,9.999790191650390625e-01,-9.999992251396179199e-01,-9.999988675117492676e-01,-9.999940991401672363e-01,9.999990463256835938e-01,-9.999988079071044922e-01,9.999971985816955566e-01,-9.999778270721435547e-01,-9.999989271163940430e-01,-9.999984502792358398e-01,-9.999985098838806152e-01,9.999843835830688477e-01,-9.999985694885253906e-01,-9.999990463256835938e-01,9.999988079071044922e-01,9.999989271163940430e-01,9.999982714653015137e-01,9.999990463256835938e-01,9.999932050704956055e-01,9.999978542327880859e-01,9.999985098838806152e-01,9.999973773956298828e-01,-9.998782277107238770e-01,-9.999980926513671875e-01,-9.999986886978149414e-01,9.999983906745910645e-01,-9.999991655349731445e-01,-9.999985098838806152e-01,-9.999959468841552734e-01,9.999963045120239258e-01,9.999991059303283691e-01,9.999992251396179199e-01,9.999961256980895996e-01,9.999991059303283691e-01,-9.999989867210388184e-01,9.999989867210388184e-01,-9.999985098838806152e-01,-9.999965429306030273e-01,9.999938011169433594e-01,9.999552965164184570e-01,9.999985694885253906e-01,-9.999940991401672363e-01,-9.999988675117492676e-01,9.999945759773254395e-01,9.999972581863403320e-01,9.999421834945678711e-01,-9.999981522560119629e-01,9.999991059303283691e-01,-9.999973773956298828e-01,9.999985098838806152e-01,9.999894499778747559e-01,-9.999912381172180176e-01,-9.999991655349731445e-01,-9.999601244926452637e-01,-9.999956488609313965e-01,9.999980926513671875e-01,-9.999986290931701660e-01,9.999814033508300781e-01,9.999983310699462891e-01,-9.999987483024597168e-01,9.999983310699462891e-01,9.999934434890747070e-01,-9.999991655349731445e-01,9.999991655349731445e-01,-9.999929666519165039e-01,9.999975562095642090e-01,-9.999988675117492676e-01,9.999766945838928223e-01,9.999666213989257812e-01,-9.999988079071044922e-01,-9.999977946281433105e-01,9.999516010284423828e-01,9.999983906745910645e-01,9.999951720237731934e-01,-9.999987483024597168e-01,9.999984502792358398e-01,-9.999987483024597168e-01,9.999985098838806152e-01,9.999855756759643555e-01,-9.999992251396179199e-01,9.999985098838806152e-01,-9.999991059303283691e-01,9.999988675117492676e-01,9.999954700469970703e-01,9.999983906745910645e-01,9.999991059303283691e-01,-9.999967217445373535e-01,-9.999988079071044922e-01,9.999980330467224121e-01,9.999822974205017090e-01,9.999963641166687012e-01,-9.999911189079284668e-01,9.999975562095642090e-01
-9.999893307685852051e-01,9.999912977218627930e-01,9.999341368675231934e-01,-9.999891519546508789e-01,-9.999932646751403809e-01,9.999922513961791992e-01,-9.999740123748779297e-01,-9.999938607215881348e-01,9.999842643737792969e-01,-9.999852776527404785e-01,9.999908208847045898e-01,9.999931454658508301e-01,-9.999883770942687988e-01,-9.999899268150329590e-01,-9.998840689659118652e-01,-9.999832510948181152e-01,-9.999849796295166016e-01,9.999916553497314453e-01,-9.999573826789855957e-01,9.999941587448120117e-01,9.999935626983642578e-01,-9.999291300773620605e-01,-9.999902248382568359e-01,-9.999904632568359375e-01,-9.999330639839172363e-01,-9.999938011169433594e-01,9.999904632568359375e-01,9.999932646751403809e-01,-9.998894929885864258e-01,9.999729990959167480e-01,9.999606609344482422e-01,9.999907612800598145e-01,-9.999507665634155273e-01,-9.999823570251464844e-01,9.999821782112121582e-01,9.998411536216735840e-01,-9.999938011169433594e-01,-9.999914765357971191e-01,-9.999554753303527832e-01,9.999930262565612793e-01,-9.999912977218627930e-01,9.999787211418151855e-01,-9.998321533203125000e-01,-9.999924898147583008e-01,-9.999886155128479004e-01,-9.999889135360717773e-01,9.998818039894104004e-01,-9.999894499778747559e-01,-9.999927282333374023e-01,9.999911785125732422e-01,9.999921917915344238e-01,9.999871850013732910e-01,9.999926090240478516e-01,9.999487996101379395e-01,9.999838471412658691e-01,9.999884963035583496e-01,9.999803900718688965e-01,-9.990808963775634766e-01,-9.999858736991882324e-01,-9.999901056289672852e-01,9.999880790710449219e-01,-9.999935030937194824e-01,-9.999895095825195312e-01,-9.999696016311645508e-01,9.999729990959167480e-01,9.999927282333374023e-01,9.999938607215881348e-01,9.999713301658630371e-01,9.999927282333374023e-01,-9.999923110008239746e-01,9.999922513961791992e-01,-9.999880790710449219e-01,-9.999744296073913574e-01,9.999532699584960938e-01,9.996624588966369629e-01,9.999892711639404297e-01,-9.999560117721557617e-01,-9.999921321868896484e-01,9.999593496322631836e-01,9.999796748161315918e-01,9.995626211166381836e-01,-9.999852776527404785e-01,9.999927878379821777e-01,-9.999802708625793457e-01,9.999893307685852051e-01,9.999200701713562012e-01,-9.999335408210754395e-01,-9.999931454658508301e-01,-9.996992349624633789e-01,-9.999669194221496582e-01,9.999859929084777832e-01,-9.999899268150329590e-01,9.998593330383300781e-01,9.999874830245971680e-01,-9.999904632568359375e-01,9.999876022338867188e-01,9.999505281448364258e-01,-9.999935626983642578e-01,9.999925494194030762e-01,-9.999466538429260254e-01,9.999816417694091797e-01,-9.999922513961791992e-01,9.998237490653991699e-01,9.997470378875732422e-01,-9.999912381172180176e-01,-9.999834895133972168e-01,9.996346235275268555e-01,9.999878406524658203e-01,9.999634623527526855e-01,-9.999909400939941406e-01,9.999886155128479004e-01,-9.999908804893493652e-01,9.999890923500061035e-01,9.998906254768371582e-01,-9.999939203262329102e-01,9.999889731407165527e-01,-9.999930858612060547e-01,9.999914765357971191e-01,9.999657869338989258e-01,9.999884963035583496e-01,9.999927878379821777e-01,-9.999749064445495605e-01,-9.999909996986389160e-01,9.999851584434509277e-01,9.998667240142822266e-01,9.999729990959167480e-01,-9.999326467514038086e-01,9.999817609786987305e-01
9.999980926513671875e-01,-9.999984502792358398e-01,-9.999891519546508789e-01,9.999981522560119629e-01,9.999988079071044922e-01,-9.999986886978149414e-01,9.999957084655761719e-01,9.999989867210388184e-01,-9.999972581863403320e-01,9.999975562095642090e-01,-9.999984502792358398e-01,-9.999988079071044922e-01,9.999980330467224121e-01,9.999983310699462891e-01,9.999809265136718750e-01,9.999971389770507812e-01,9.999974966049194336e-01,-9.999985098838806152e-01,9.999929666519165039e-01,-9.999991059303283691e-01,-9.999989271163940430e-01,9.999881982803344727e-01,9.999983310699462891e-01,9.999983906745910645e-01,9.999889731407165527e-01,9.999989867210388184e-01,-9.999983906745910645e-01,-9.999988675117492676e-01,9.999817609786987305e-01,-9.999955296516418457e-01,-9.999935030937194824e-01,-9.999984502792358398e-01,9.999918341636657715e-01,9.999970197677612305e-01,-9.999970197677612305e-01,-9.999737143516540527e-01,9.999989867210388184e-01,9.999985098838806152e-01,9.999926686286926270e-01,-9.999988675117492676e-01,9.999985098838806152e-01,-9.999965429306030273e-01,9.999722838401794434e-01,9.999986886978149414e-01,9.999979734420776367e-01,9.999980330467224121e-01,-9.999805092811584473e-01,9.999982118606567383e-01,9.999988079071044922e-01,-9.999985098838806152e-01,-9.999986886978149414e-01,-9.999978542327880859e-01,-9.999987483024597168e-01,-9.999915361404418945e-01,-9.999973177909851074e-01,-9.999980330467224121e-01,-9.999966025352478027e-01,9.998480677604675293e-01,9.999976158142089844e-01,9.999983310699462891e-01,-9.999980330467224121e-01,9.999989271163940430e-01,9.999982118606567383e-01,9.999949932098388672e-01,-9.999954700469970703e-01,-9.999987483024597168e-01,-9.999989271163940430e-01,-9.999952912330627441e-01,-9.999986886978149414e-01,9.999986886978149414e-01,-9.999987483024597168e-01,9.999980330467224121e-01,9.999957680702209473e-01,-9.999923110008239746e-01,-9.999442100524902344e-01,-9.999982118606567383e-01,9.999927282333374023e-01,9.999986290931701660e-01,-9.999933242797851562e-01,-9.999966025352478027e-01,-9.999276995658874512e-01,9.999975562095642090e-01,-9.999986886978149414e-01,9.999966621398925781e-01,-9.999980926513671875e-01,-9.999868273735046387e-01,9.999890327453613281e-01,9.999988675117492676e-01,9.999502897262573242e-01,9.999945163726806641e-01,-9.999976754188537598e-01,9.999983310699462891e-01,-9.999768137931823730e-01,-9.999978542327880859e-01,9.999983906745910645e-01,-9.999979138374328613e-01,-9.999918341636657715e-01,9.999988675117492676e-01,-9.999987483024597168e-01,9.999911785125732422e-01,-9.999969005584716797e-01,9.999986886978149414e-01,-9.999710321426391602e-01,-9.999582171440124512e-01,9.999985098838806152e-01,9.999971985816955566e-01,-9.999396204948425293e-01,-9.999979138374328613e-01,-9.999939799308776855e-01,9.999984502792358398e-01,-9.999980926513671875e-01,9.999983906745910645e-01,-9.999981522560119629e-01,-9.999819993972778320e-01,9.999989271163940430e-01,-9.999982714653015137e-01,9.999988079071044922e-01,-9.999985694885253906e-01,-9.999943375587463379e-01,-9.999979734420776367e-01,-9.999988079071044922e-01,9.999958276748657227e-01,9.999983906745910645e-01,-9.999974370002746582e-01,-9.999780058860778809e-01,-9.999955296516418457e-01,9.999889731407165527e-01,-9.999968409538269043e-01
9.999988675117492676e-01,-9.999990463256835938e-01,-9.999932646751403809e-01,9.999988079071044922e-01,9.999992847442626953e-01,-9.999992251396179199e-01,9.999973773956298828e-01,9.999994039535522461e-01,-9.999982714653015137e-01,9.999983906745910645e-01,-9.999991059303283691e-01,-9.999992251396179199e-01,9.999987483024597168e-01,9.999989867210388184e-01,9.999881386756896973e-01,9.999982714653015137e-01,9.999984502792358398e-01,-9.999991059303283691e-01,9.999956488609313965e-01,-9.999994039535522461e-01,-9.999993443489074707e-01,9.999927282333374023e-01,9.999990463256835938e-01,9.999990463256835938e-01,9.999931454658508301e-01,9.999993443489074707e-01,-9.999989271163940430e-01,-9.999993443489074707e-01,9.999886751174926758e-01,-9.999971985816955566e-01,-9.999959468841552734e-01,-9.999991059303283691e-01,9.999949336051940918e-01,9.999981522560119629e-01,-9.999981522560119629e-01,-9.999836683273315430e-01,9.999994039535522461e-01,9.999991655349731445e-01,9.999954104423522949e-01,-9.999993443489074707e-01,9.999991655349731445e-01,-9.999977946281433105e-01,9.999827742576599121e-01,9.999991655349731445e-01,9.999987483024597168e-01,9.999988079071044922e-01,-9.999879002571105957e-01,9.999989271163940430e-01,9.999993443489074707e-01,-9.999991059303283691e-01,-9.999992251396179199e-01,-9.999986290931701660e-01,-9.999992847442626953e-01,-9.999948143959045410e-01,-9.999983310699462891e-01,-9.999988079071044922e-01,-9.999979138374328613e-01,9.999055862426757812e-01,9.999985098838806152e-01,9.999989867210388184e-01,-9.999987483024597168e-01,9.999993443489074707e-01,9.999989271163940430e-01,9.999968409538269043e-01,-9.999971985816955566e-01,-9.999992847442626953e-01,-9.999993443489074707e-01,-9.999970793724060059e-01,-9.999992251396179199e-01,9.999992251396179199e-01,-9.999992251396179199e-01,9.999987483024597168e-01,9.999973177909851074e-01,-9.999952316284179688e-01,-9.999653100967407227e-01,-9.999988675117492676e-01,9.999954104423522949e-01,9.999991059303283691e-01,-9.999957680702209473e-01,-9.999978542327880859e-01,-9.999550580978393555e-01,9.999985694885253906e-01,-9.999992847442626953e-01,9.999979138374328613e-01,-9.999988675117492676e-01,-9.999918341636657715e-01,9.999932050704956055e-01,9.999994039535522461e-01,9.999691843986511230e-01,9.999965429306030273e-01,-9.999985694885253906e-01,9.999989271163940430e-01,-9.999855756759643555e-01,-9.999986886978149414e-01,9.999990463256835938e-01,-9.999986886978149414e-01,-9.999949336051940918e-01,9.999993443489074707e-01,-9.999992847442626953e-01,9.999945163726806641e-01,-9.999980926513671875e-01,9.999991655349731445e-01,-9.999819993972778320e-01,-9.999740719795227051e-01,9.999991655349731445e-01,9.999982714653015137e-01,-9.999625682830810547e-01,-9.999987483024597168e-01,-9.999961853027343750e-01,9.999991059303283691e-01,-9.999988079071044922e-01,9.999991059303283691e-01,-9.999988675117492676e-01,-9.999887943267822266e-01,9.999993443489074707e-01,-9.999988675117492676e-01,9.999993443489074707e-01,-9.999991655349731445e-01,-9.999964237213134766e-01,-9.999987483024597168e-01,-9.999992847442626953e-01,9.999974370002746582e-01,9.999991059303283691e-01,-9.999983906745910645e-01,-9.999862313270568848e-01,-9.999972581863403320e-01,9.999930858612060547e-01,-9.999980926513671875e-01
-9.999986290931701660e-01,9.999989271163940430e-01,9.999922513961791992e-01,-9.999986886978149414e-01,-9.999992251396179199e-01,9.999991059303283691e-01,-9.999969005584716797e-01,-9.999992847442626953e-01,9.999980926513671875e-01,-9.999982118606567383e-01,9.999988675117492676e-01,9.999992251396179199e-01,-9.999986290931701660e-01,-9.999988079071044922e-01,-9.999862909317016602e-01,-9.999978542327880859e-01,-9.999982118606567383e-01,9.999990463256835938e-01,-9.999949336051940918e-01,9.999993443489074707e-01,9.999993443489074707e-01,-9.999915957450866699e-01,-9.999988675117492676e-01,-9.999988079071044922e-01,-9.999921917915344238e-01,-9.999992251396179199e-01,9.999988675117492676e-01,9.999992251396179199e-01,-9.999869465827941895e-01,9.999967813491821289e-01,9.999953508377075195e-01,9.999988675117492676e-01,-9.999942183494567871e-01,-9.999979734420776367e-01,9.999978542327880859e-01,9.999811649322509766e-01,-9.999992847442626953e-01,-9.999989867210388184e-01,-9.999947547912597656e-01,9.999992251396179199e-01,-9.999989271163940430e-01,9.999974370002746582e-01,-9.999801516532897949e-01,-9.999991655349731445e-01,-9.999986290931701660e-01,-9.999986886978149414e-01,9.999860525131225586e-01,-9.999987483024597168e-01,-9.999992847442626953e-01,9.999989271163940430e-01,9.999992251396179199e-01,9.999984502792358398e-01,9.999992847442626953e-01,9.999940395355224609e-01,9.999980926513671875e-01,9.999986290931701660e-01,9.999975562095642090e-01,-9.998911619186401367e-01,-9.999983310699462891e-01,-9.999988079071044922e-01,9.999985694885253906e-01,-9.999992847442626953e-01,-9.999987483024597168e-01,-9.999962449073791504e-01,9.999966621398925781e-01,9.999991655349731445e-01,9.999992251396179199e-01,9.999966621398925781e-01,9.999991059303283691e-01,-9.999990463256835938e-01,9.999992251396179199e-01,-9.999986290931701660e-01,-9.999969005584716797e-01,9.999943971633911133e-01,9.999600648880004883e-01,9.999988079071044922e-01,-9.999948143959045410e-01,-9.999991059303283691e-01,9.999951124191284180e-01,9.999975562095642090e-01,9.999481439590454102e-01,-9.999983310699462891e-01,9.999991655349731445e-01,-9.999976158142089844e-01,9.999986886978149414e-01,9.999904632568359375e-01,-9.999921321868896484e-01,-9.999992251396179199e-01,-9.999643564224243164e-01,-9.999959468841552734e-01,9.999982118606567383e-01,-9.999988079071044922e-01,9.999833703041076660e-01,9.999985098838806152e-01,-9.999988079071044922e-01,9.999985098838806152e-01,9.999941587448120117e-01,-9.999992847442626953e-01,9.999991655349731445e-01,-9.999936819076538086e-01,9.999978542327880859e-01,-9.999991059303283691e-01,9.999792575836181641e-01,9.999701976776123047e-01,-9.999989271163940430e-01,-9.999980330467224121e-01,9.999568462371826172e-01,9.999984502792358398e-01,9.999957084655761719e-01,-9.999989271163940430e-01,9.999986886978149414e-01,-9.999989271163940430e-01,9.999986886978149414e-01,9.999871253967285156e-01,-9.999992847442626953e-01,9.999986886978149414e-01,-9.999992251396179199e-01,9.999989867210388184e-01,9.999959468841552734e-01,9.999986290931701660e-01,9.999991655349731445e-01,-9.999970793724060059e-01,-9.999989271163940430e-01,9.999982118606567383e-01,9.999842643737792969e-01,9.999967217445373535e-01,-9.999920129776000977e-01,9.999977350234985352e-01
9.999958276748657227e-01,-9.999964833259582520e-01,-9.999740123748779297e-01,9.999957084655761719e-01,9.999973773956298828e-01,-9.999969005584716797e-01,9.999898076057434082e-01,9.999975562095642090e-01,-9.999936819076538086e-01,9.999942779541015625e-01,-9.999963045120239258e-01,-9.999972581863403320e-01,9.999954104423522949e-01,9.999960660934448242e-01,9.999542832374572754e-01,9.999933242797851562e-01,9.999941587448120117e-01,-9.999966621398925781e-01,9.999832510948181152e-01,-9.999977350234985352e-01,-9.999974370002746582e-01,9.999720454216003418e-01,9.999960660934448242e-01,9.999961853027343750e-01,9.999735355377197266e-01,9.999974966049194336e-01,-9.999961853027343750e-01,-9.999973177909851074e-01,9.999563097953796387e-01,-9.999893307685852051e-01,-9.999845027923583984e-01,-9.999964237213134766e-01,9.999806880950927734e-01,9.999931454658508301e-01,-9.999929666519165039e-01,-9.999371767044067383e-01,9.999974966049194336e-01,9.999966025352478027e-01,9.999824166297912598e-01,-9.999972581863403320e-01,9.999964833259582520e-01,-9.999915957450866699e-01,9.999336004257202148e-01,9.999969601631164551e-01,9.999954700469970703e-01,9.999956488609313965e-01,-9.999532699584960938e-01,9.999958872795104980e-01,9.999971389770507812e-01,-9.999964833259582520e-01,-9.999969601631164551e-01,-9.999949932098388672e-01,-9.999970197677612305e-01,-9.999798536300659180e-01,-9.999936223030090332e-01,-9.999954104423522949e-01,-9.999922513961791992e-01,9.996365308761596680e-01,9.999943971633911133e-01,9.999960660934448242e-01,-9.999952912330627441e-01,9.999974370002746582e-01,9.999958276748657227e-01,9.999879598617553711e-01,-9.999893903732299805e-01,-9.999970793724060059e-01,-9.999976158142089844e-01,-9.999886751174926758e-01,-9.999970793724060059e-01,9.999969005584716797e-01,-9.999969601631164551e-01,9.999953508377075195e-01,9.999899864196777344e-01,-9.999816417694091797e-01,-9.998666644096374512e-01,-9.999958276748657227e-01,9.999826550483703613e-01,9.999968409538269043e-01,-9.999839663505554199e-01,-9.999919533729553223e-01,-9.998272061347961426e-01,9.999942779541015625e-01,-9.999970793724060059e-01,9.999921917915344238e-01,-9.999958276748657227e-01,-9.999684691429138184e-01,9.999737739562988281e-01,9.999973177909851074e-01,9.998810887336730957e-01,9.999870657920837402e-01,-9.999945759773254395e-01,9.999960064888000488e-01,-9.999443888664245605e-01,-9.999950528144836426e-01,9.999961853027343750e-01,-9.999951720237731934e-01,-9.999805688858032227e-01,9.999974370002746582e-01,-9.999970197677612305e-01,9.999790191650390625e-01,-9.999927282333374023e-01,9.999969005584716797e-01,-9.999303817749023438e-01,-9.999001026153564453e-01,9.999964833259582520e-01,9.999935626983642578e-01,-9.998556375503540039e-01,-9.999952316284179688e-01,-9.999855756759643555e-01,9.999963641166687012e-01,-9.999955296516418457e-01,9.999962449073791504e-01,-9.999957680702209473e-01,-9.999567866325378418e-01,9.999975562095642090e-01,-9.999957084655761719e-01,9.999971985816955566e-01,-9.999965429306030273e-01,-9.999864697456359863e-01,-9.999954700469970703e-01,-9.999971985816955566e-01,9.999901056289672852e-01,9.999964237213134766e-01,-9.999940991401672363e-01,-9.999473094940185547e-01,-9.999893903732299805e-01,9.999734163284301758e-01,-9.999927878379821777e-01
9.999990463256835938e-01,-9.999992251396179199e-01,-9.999938607215881348e-01,9.999989867210388184e-01,9.999994039535522461e-01,-9.999992847442626953e-01,9.999975562095642090e-01,9.999994635581970215e-01,-9.999983906745910645e-01,9.999986290931701660e-01,-9.999991655349731445e-01,-9.999994039535522461e-01,9.999989271163940430e-01,9.999991059303283691e-01,9.999891519546508789e-01,9.999983906745910645e-01,9.999985694885253906e-01,-9.999991655349731445e-01,9.999959468841552734e-01,-9.999995231628417969e-01,-9.999994039535522461e-01,9.999933838844299316e-01,9.999992251396179199e-01,9.999991655349731445e-01,9.999937415122985840e-01,9.999994039535522461e-01,-9.999991655349731445e-01,-9.999994039535522461e-01,9.999897480010986328e-01,-9.999974370002746582e-01,-9.999962449073791504e-01,-9.999991655349731445e-01,9.999954104423522949e-01,9.999983310699462891e-01,-9.999982118606567383e-01,-9.999851584434509277e-01,9.999994635581970215e-01,9.999992251396179199e-01,9.999958276748657227e-01,-9.999994039535522461e-01,9.999993443489074707e-01,-9.999980330467224121e-01,9.999843239784240723e-01,9.999992251396179199e-01,9.999988675117492676e-01,9.999988675117492676e-01,-9.999890327453613281e-01,9.999990463256835938e-01,9.999993443489074707e-01,-9.999992251396179199e-01,-9.999992847442626953e-01,-9.999987483024597168e-01,-9.999994039535522461e-01,-9.999952316284179688e-01,-9.999985694885253906e-01,-9.999989867210388184e-01,-9.999981522560119629e-01,9.999138116836547852e-01,9.999986886978149414e-01,9.999991059303283691e-01,-9.999988675117492676e-01,9.999994635581970215e-01,9.999990463256835938e-01,9.999970793724060059e-01,-9.999974370002746582e-01,-9.999993443489074707e-01,-9.999994635581970215e-01,-9.999973177909851074e-01,-9.999993443489074707e-01,9.999992847442626953e-01,-9.999994039535522461e-01,9.999988675117492676e-01,9.999976158142089844e-01,-9.999956488609313965e-01,-9.999684095382690430e-01,-9.999989867210388184e-01,9.999958872795104980e-01,9.999992847442626953e-01,-9.999961256980895996e-01,-9.999980926513671875e-01,-9.999591112136840820e-01,9.999986290931701660e-01,-9.999993443489074707e-01,9.999981522560119629e-01,-9.999989867210388184e-01,-9.999925494194030762e-01,9.999938011169433594e-01,9.999994039535522461e-01,9.999718666076660156e-01,9.999968409538269043e-01,-9.999986886978149414e-01,9.999991059303283691e-01,-9.999868273735046387e-01,-9.999988079071044922e-01,9.999990463256835938e-01,-9.999988079071044922e-01,-9.999954700469970703e-01,9.999994039535522461e-01,-9.999993443489074707e-01,9.999949932098388672e-01,-9.999982714653015137e-01,9.999992847442626953e-01,-9.999835491180419922e-01,-9.999763965606689453e-01,9.999992847442626953e-01,9.999984502792358398e-01,-9.999658465385437012e-01,-9.999988079071044922e-01,-9.999965429306030273e-01,9.999991655349731445e-01,-9.999989271163940430e-01,9.999991655349731445e-01,-9.999989867210388184e-01,-9.999898076057434082e-01,9.999994039535522461e-01,-9.999989271163940430e-01,9.999994039535522461e-01,-9.999992251396179199e-01,-9.999967217445373535e-01,-9.999988675117492676e-01,-9.999993443489074707e-01,9.999976754188537598e-01,9.999992251396179199e-01,-9.999985098838806152e-01,-9.999875426292419434e-01,-9.999974966049194336e-01,9.999938011169433594e-01,-9.999982714653015137e-01
-9.999973177909851074e-01,9.999977350234985352e-01,9.999842643737792969e-01,-9.999972581863403320e-01,-9.999982714653015137e-01,9.999980926513671875e-01,-9.999936819076538086e-01,-9.999983906745910645e-01,9.999960660934448242e-01,-9.999963045120239258e-01,9.999976754188537598e-01,9.999981522560119629e-01,-9.999971389770507812e-01,-9.999975562095642090e-01,-9.999722838401794434e-01,-9.999958276748657227e-01,-9.999963641166687012e-01,9.999979138374328613e-01,-9.999897480010986328e-01,9.999985694885253906e-01,9.999983310699462891e-01,-9.999829530715942383e-01,-9.999975562095642090e-01,-9.999976158142089844e-01,-9.999839067459106445e-01,-9.999983310699462891e-01,9.999975562095642090e-01,9.999982714653015137e-01,-9.999735951423645020e-01,9.999935626983642578e-01,9.999905228614807129e-01,9.999977350234985352e-01,-9.999881386756896973e-01,-9.999957084655761719e-01,9.999956488609313965e-01,9.999619126319885254e-01,-9.999983906745910645e-01,-9.999978542327880859e-01,-9.999892711639404297e-01,9.999982118606567383e-01,-9.999977946281433105e-01,9.999948143959045410e-01,-9.999597072601318359e-01,-9.999980926513671875e-01,-9.999971389770507812e-01,-9.999972581863403320e-01,9.999717473983764648e-01,-9.999974370002746582e-01,-9.999982118606567383e-01,9.999977946281433105e-01,9.999980926513671875e-01,9.999967813491821289e-01,9.999982118606567383e-01,9.999876618385314941e-01,9.999960660934448242e-01,9.999971985816955566e-01,9.999951720237731934e-01,-9.997798800468444824e-01,-9.999964833259582520e-01,-9.999975562095642090e-01,9.999970197677612305e-01,-9.999983310699462891e-01,-9.999973773956298828e-01,-9.999926090240478516e-01,9.999934434890747070e-01,9.999981522560119629e-01,9.999984502792358398e-01,9.999930858612060547e-01,9.999981522560119629e-01,-9.999980330467224121e-01,9.999979734420776367e-01,-9.999970197677612305e-01,-9.999938011169433594e-01,9.999887347221374512e-01,9.999190568923950195e-01,9.999973177909851074e-01,-9.999893903732299805e-01,-9.999979734420776367e-01,9.999902248382568359e-01,9.999950528144836426e-01,9.998951554298400879e-01,-9.999963045120239258e-01,9.999982714653015137e-01,-9.999952316284179688e-01,9.999973177909851074e-01,9.999808073043823242e-01,-9.999840259552001953e-01,-9.999983310699462891e-01,-9.999278783798217773e-01,-9.999919533729553223e-01,9.999964833259582520e-01,-9.999974966049194336e-01,9.999662637710571289e-01,9.999969005584716797e-01,-9.999975562095642090e-01,9.999969601631164551e-01,9.999880790710449219e-01,-9.999982714653015137e-01,9.999980926513671875e-01,-9.999871850013732910e-01,9.999955296516418457e-01,-9.999980330467224121e-01,9.999576807022094727e-01,9.999395012855529785e-01,-9.999977946281433105e-01,-9.999958872795104980e-01,9.999123811721801758e-01,9.999969601631164551e-01,9.999911785125732422e-01,-9.999977350234985352e-01,9.999971389770507812e-01,-9.999977350234985352e-01,9.999972581863403320e-01,9.999737739562988281e-01,-9.999984502792358398e-01,9.999973177909851074e-01,-9.999982118606567383e-01,9.999978542327880859e-01,9.999917745590209961e-01,9.999970793724060059e-01,9.999981522560119629e-01,-9.999939799308776855e-01,-9.999977946281433105e-01,9.999963045120239258e-01,9.999680519104003906e-01,9.999934434890747070e-01,-9.999838471412658691e-01,9.999955892562866211e-01
9.999974966049194336e-01,-9.999980330467224121e-01,-9.999852776527404785e-01,9.999975562095642090e-01,9.999983906745910645e-01,-9.999982118606567383e-01,9.999942779541015625e-01,9.999986290931701660e-01,-9.999963045120239258e-01,9.999966621398925781e-01,-9.999979138374328613e-01,-9.999983310699462891e-01,9.999973773956298828e-01,9.999977946281433105e-01,9.999740719795227051e-01,9.999961853027343750e-01,9.999966025352478027e-01,-9.999980926513671875e-01,9.999904036521911621e-01,-9.999986886978149414e-01,-9.999985098838806152e-01,9.999841451644897461e-01,9.999977946281433105e-01,9.999978542327880859e-01,9.999850392341613770e-01,9.999985098838806152e-01,-9.999978542327880859e-01,-9.999984502792358398e-01,9.999752640724182129e-01,-9.999939799308776855e-01,-9.999911189079284668e-01,-9.999979138374328613e-01,9.999889731407165527e-01,9.999960064888000488e-01,-9.999959468841552734e-01,-9.999643564224243164e-01,9.999985694885253906e-01,9.999979734420776367e-01,9.999900460243225098e-01,-9.999983310699462891e-01,9.999979138374328613e-01,-9.999952316284179688e-01,9.999623298645019531e-01,9.999983310699462891e-01,9.999974370002746582e-01,9.999974370002746582e-01,-9.999735355377197266e-01,9.999976754188537598e-01,9.999983310699462891e-01,-9.999979734420776367e-01,-9.999982118606567383e-01,-9.999970793724060059e-01,-9.999983310699462891e-01,-9.999885559082031250e-01,-9.999963045120239258e-01,-9.999973773956298828e-01,-9.999955296516418457e-01,9.997940659523010254e-01,9.999967813491821289e-01,9.999977350234985352e-01,-9.999973177909851074e-01,9.999985098838806152e-01,9.999975562095642090e-01,9.999932050704956055e-01,-9.999938607215881348e-01,-9.999983310699462891e-01,-9.999986290931701660e-01,-9.999936223030090332e-01,-9.999983310699462891e-01,9.999982714653015137e-01,-9.999982118606567383e-01,9.999973177909851074e-01,9.999942779541015625e-01,-9.999895691871643066e-01,-9.999243617057800293e-01,-9.999975562095642090e-01,9.999901652336120605e-01,9.999982118606567383e-01,-9.999908208847045898e-01,-9.999954700469970703e-01,-9.999020099639892578e-01,9.999966621398925781e-01,-9.999982714653015137e-01,9.999956488609313965e-01,-9.999974966049194336e-01,-9.999821186065673828e-01,9.999850392341613770e-01,9.999984502792358398e-01,9.999325871467590332e-01,9.999926090240478516e-01,-9.999968409538269043e-01,9.999976754188537598e-01,-9.999685287475585938e-01,-9.999971389770507812e-01,9.999977946281433105e-01,-9.999971985816955566e-01,-9.999890327453613281e-01,9.999984502792358398e-01,-9.999983310699462891e-01,9.999879598617553711e-01,-9.999958872795104980e-01,9.999981522560119629e-01,-9.999604821205139160e-01,-9.999433755874633789e-01,9.999980330467224121e-01,9.999963641166687012e-01,-9.999181032180786133e-01,-9.999971389770507812e-01,-9.999918341636657715e-01,9.999979734420776367e-01,-9.999974370002746582e-01,9.999979138374328613e-01,-9.999974966049194336e-01,-9.999755620956420898e-01,9.999986290931701660e-01,-9.999975562095642090e-01,9.999983310699462891e-01,-9.999980330467224121e-01,-9.999923706054687500e-01,-9.999973177909851074e-01,-9.999983310699462891e-01,9.999944567680358887e-01,9.999978542327880859e-01,-9.999965429306030273e-01,-9.999700784683227539e-01,-9.999940395355224609e-01,9.999850392341613770e-01,-9.999958872795104980e-01
-9.999985098838806152e-01,9.999988079071044922e-01,9.999908208847045898e-01,-9.999984502792358398e-01,-9.999991059303283691e-01,9.999988675117492676e-01,-9.999963045120239258e-01,-9.999991655349731445e-01,9.999976754188537598e-01,-9.999979138374328613e-01,9.999986886978149414e-01,9.999991059303283691e-01,-9.999983310699462891e-01,-9.999985694885253906e-01,-9.999837279319763184e-01,-9.999976158142089844e-01,-9.999978542327880859e-01,9.999988079071044922e-01,-9.999939799308776855e-01,9.999992251396179199e-01,9.999992251396179199e-01,-9.999900460243225098e-01,-9.999986886978149414e-01,-9.999986290931701660e-01,-9.999905824661254883e-01,-9.999990463256835938e-01,9.999986290931701660e-01,9.999992251396179199e-01,-9.999844431877136230e-01,9.999962449073791504e-01,9.999944567680358887e-01,9.999987483024597168e-01,-9.999930858612060547e-01,-9.999975562095642090e-01,9.999974370002746582e-01,9.999775886535644531e-01,-9.999991655349731445e-01,-9.999988079071044922e-01,-9.999937415122985840e-01,9.999990463256835938e-01,-9.999987483024597168e-01,9.999970197677612305e-01,-9.999763965606689453e-01,-9.999988675117492676e-01,-9.999983906745910645e-01,-9.999984502792358398e-01,9.999834299087524414e-01,-9.999985694885253906e-01,-9.999990463256835938e-01,9.999987483024597168e-01,9.999988675117492676e-01,9.999981522560119629e-01,9.999989867210388184e-01,9.999927878379821777e-01,9.999976754188537598e-01,9.999983310699462891e-01,9.999971389770507812e-01,-9.998704791069030762e-01,-9.999979734420776367e-01,-9.999985694885253906e-01,9.999982714653015137e-01,-9.999991059303283691e-01,-9.999985098838806152e-01,-9.999957680702209473e-01,9.999961256980895996e-01,9.999989867210388184e-01,9.999991655349731445e-01,9.999960064888000488e-01,9.999989271163940430e-01,-9.999988675117492676e-01,9.999989271163940430e-01,-9.999983906745910645e-01,-9.999963641166687012e-01,9.999934434890747070e-01,9.999523758888244629e-01,9.999984502792358398e-01,-9.999938011169433594e-01,-9.999988079071044922e-01,9.999942183494567871e-01,9.999970793724060059e-01,9.999383091926574707e-01,-9.999979138374328613e-01,9.999989867210388184e-01,-9.999972581863403320e-01,9.999984502792358398e-01,9.999888539314270020e-01,-9.999907016754150391e-01,-9.999991059303283691e-01,-9.999576210975646973e-01,-9.999953508377075195e-01,9.999979734420776367e-01,-9.999985694885253906e-01,9.999802708625793457e-01,9.999982118606567383e-01,-9.999986290931701660e-01,9.999982118606567383e-01,9.999930262565612793e-01,-9.999991655349731445e-01,9.999989867210388184e-01,-9.999924898147583008e-01,9.999974370002746582e-01,-9.999988079071044922e-01,9.999752640724182129e-01,9.999644160270690918e-01,-9.999987483024597168e-01,-9.999976158142089844e-01,9.999485611915588379e-01,9.999982714653015137e-01,9.999948740005493164e-01,-9.999986886978149414e-01,9.999984502792358398e-01,-9.999987483024597168e-01,9.999984502792358398e-01,9.999846220016479492e-01,-9.999991655349731445e-01,9.999983906745910645e-01,-9.999990463256835938e-01,9.999987483024597168e-01,9.999951720237731934e-01,9.999983906745910645e-01,9.999989867210388184e-01,-9.999964833259582520e-01,-9.999987483024597168e-01,9.999978542327880859e-01,9.999812245368957520e-01,9.999961256980895996e-01,-9.999905824661254883e-01,9.999973773956298828e-01
-9.999988079071044922e-01,9.999991059303283691e-01,9.999931454658508301e-01,-9.999988079071044922e-01,-9.999992251396179199e-01,9.999992251396179199e-01,-9.999972581863403320e-01,-9.999994039535522461e-01,9.999981522560119629e-01,-9.999983310699462891e-01,9.999991059303283691e-01,9.999992251396179199e-01,-9.999988079071044922e-01,-9.999989271163940430e-01,-9.999879598617553711e-01,-9.999982118606567383e-01,-9.999983906745910645e-01,9.999990463256835938e-01,-9.999955892562866211e-01,9.999994039535522461e-01,9.999993443489074707e-01,-9.999925494194030762e-01,-9.999989867210388184e-01,-9.999990463256835938e-01,-9.999930262565612793e-01,-9.999992847442626953e-01,9.999990463256835938e-01,9.999993443489074707e-01,-9.999884366989135742e-01,9.999970793724060059e-01,9.999958276748657227e-01,9.999991059303283691e-01,-9.999948143959045410e-01,-9.999981522560119629e-01,9.999980926513671875e-01,9.999834299087524414e-01,-9.999994039535522461e-01,-9.999991655349731445e-01,-9.999952912330627441e-01,9.999992251396179199e-01,-9.999991059303283691e-01,9.999977350234985352e-01,-9.999825358390808105e-01,-9.999991655349731445e-01,-9.999987483024597168e-01,-9.999987483024597168e-01,9.999877214431762695e-01,-9.999988675117492676e-01,-9.999992847442626953e-01,9.999991059303283691e-01,9.999992251396179199e-01,9.999986290931701660e-01,9.999993443489074707e-01,9.999946951866149902e-01,9.999982714653015137e-01,9.999987483024597168e-01,9.999978542327880859e-01,-9.999041557312011719e-01,-9.999985098838806152e-01,-9.999988675117492676e-01,9.999987483024597168e-01,-9.999993443489074707e-01,-9.999988675117492676e-01,-9.999967813491821289e-01,9.999971389770507812e-01,9.999991655349731445e-01,9.999993443489074707e-01,9.999969601631164551e-01,9.999991655349731445e-01,-9.999992251396179199e-01,9.999993443489074707e-01,-9.999987483024597168e-01,-9.999973177909851074e-01,9.999950528144836426e-01,9.999647736549377441e-01,9.999988675117492676e-01,-9.999953508377075195e-01,-9.999992251396179199e-01,9.999957084655761719e-01,9.999977946281433105e-01,9.999544024467468262e-01,-9.999984502792358398e-01,9.999992847442626953e-01,-9.999979138374328613e-01,9.999988675117492676e-01,9.999916553497314453e-01,-9.999930858612060547e-01,-9.999993443489074707e-01,-9.999687075614929199e-01,-9.999964237213134766e-01,9.999985098838806152e-01,-9.999989271163940430e-01,9.999853372573852539e-01,9.999986886978149414e-01,-9.999990463256835938e-01,9.999986886978149414e-01,9.999948740005493164e-01,-9.999992847442626953e-01,9.999992847442626953e-01,-9.999944567680358887e-01,9.999980330467224121e-01,-9.999991059303283691e-01,9.999816417694091797e-01,9.999736547470092773e-01,-9.999990463256835938e-01,-9.999981522560119629e-01,9.999619126319885254e-01,9.999986290931701660e-01,9.999961256980895996e-01,-9.999991059303283691e-01,9.999987483024597168e-01,-9.999989867210388184e-01,9.999988675117492676e-01,9.999885559082031250e-01,-9.999993443489074707e-01,9.999988079071044922e-01,-9.999992251396179199e-01,9.999991655349731445e-01,9.999963641166687012e-01,9.999987483024597168e-01,9.999992847442626953e-01,-9.999974370002746582e-01,-9.999991059303283691e-01,9.999983310699462891e-01,9.999861121177673340e-01,9.999971389770507812e-01,-9.999929666519165039e-01,9.999980926513671875e-01
