5.031470060348510742e-01,6.654438097029924393e-03,-9.055481851100921631e-02,1.419530599378049374e-03,1.809085607528686523e-01,-7.076635956764221191e-02,9.060373902320861816e-02,3.434812426567077637e-01,6.760659068822860718e-02,2.554380148649215698e-02,-6.192006543278694153e-02,-3.194246068596839905e-02,3.477139770984649658e-02,3.720961213111877441e-01,2.235052585601806641e-01,8.448962122201919556e-02,-1.989509910345077515e-03,-4.957416281104087830e-02,1.218995898962020874e-01,-2.682075463235378265e-02,-1.407772451639175415e-01,2.188193984329700470e-02,2.817068994045257568e-02,3.907274454832077026e-02,-1.697790808975696564e-02,-5.414323508739471436e-02,3.283168748021125793e-02,-2.561518251895904541e-01,3.392195701599121094e-02,-2.266695499420166016e-01,-1.316433399915695190e-01,4.335845005698502064e-04,2.081958577036857605e-02,4.781504347920417786e-02,-2.755658142268657684e-02,-5.168766155838966370e-02,-2.251763828098773956e-02,1.291517075151205063e-02,-2.740782797336578369e-01,-3.365331292152404785e-01,1.123315989971160889e-01,8.726229518651962280e-02,-2.482435852289199829e-02,1.899309270083904266e-02,9.784734249114990234e-02,-1.240147203207015991e-01,-1.675756871700286865e-01,-1.116890534758567810e-01,1.929736323654651642e-02,7.409033179283142090e-02,-3.440068289637565613e-02,-6.250119209289550781e-02,6.543103605508804321e-02,-8.581459522247314453e-02,-4.556052014231681824e-02,-9.475286304950714111e-02,5.873666703701019287e-02,1.235783193260431290e-02,-2.118415758013725281e-02,-2.955573797225952148e-02,4.322342947125434875e-02,-3.277952317148447037e-03,1.350654941052198410e-02,7.103540003299713135e-02,-2.540733292698860168e-02,2.884460985660552979e-02,-4.857658222317695618e-02,1.585886478424072266e-01,-4.860484600067138672e-02,1.294877380132675171e-01,-1.410628259181976318e-01,-1.367049813270568848e-01,6.227848306298255920e-02,9.006794542074203491e-02,-8.040480315685272217e-02,-1.751509606838226318e-01,-5.443313159048557281e-03,7.926831394433975220e-02,-1.986450850963592529e-01,-2.237684279680252075e-02,4.925150424242019653e-02,1.558240037411451340e-03,-2.086031883955001831e-01,-4.952184855937957764e-03,-2.191838473081588745e-01,-3.182587400078773499e-02,2.559981048107147217e-01,-1.430428586900234222e-03,-4.659452661871910095e-02,1.571121253073215485e-02,-7.410772889852523804e-02,-1.238638255745172501e-02,8.338299393653869629e-02,-1.123320236802101135e-01,6.824068259447813034e-03,-1.501549184322357178e-01,3.035487532615661621e-01,-2.923411666415631771e-04,-1.058240905404090881e-01,1.961491852998733521e-01,-5.430183559656143188e-02,1.467320173978805542e-01,-9.913268499076366425e-03,-1.488342601805925369e-02,-8.728013187646865845e-02,2.159970551729202271e-01,9.548996388912200928e-02,2.086321823298931122e-02,-2.481401562690734863e-01,1.978768967092037201e-02,4.034142941236495972e-02,4.844999313354492188e-02,9.497451595962047577e-03,-2.643074393272399902e-01,1.070386767387390137e-01,-9.086416661739349365e-02,3.197383284568786621e-01,-1.060478016734123230e-01,-2.802921831607818604e-01,-1.827608048915863037e-02,-8.527962118387222290e-02,1.375937759876251221e-01,9.190870821475982666e-02,4.055321216583251953e-02,7.107543200254440308e-02,-1.464402079582214355e-01,-2.232775464653968811e-02,8.236275613307952881e-02
6.654438097029924393e-03,2.540777996182441711e-02,-1.397943198680877686e-01,9.111460298299789429e-02,5.788642913103103638e-02,6.811360828578472137e-03,1.202762406319379807e-02,3.716779500246047974e-02,1.006141956895589828e-02,3.296332061290740967e-02,1.787543110549449921e-02,-4.813770204782485962e-02,1.011055186390876770e-01,7.680771499872207642e-02,1.204391643404960632e-01,1.168214753270149231e-01,-4.703199665527790785e-04,8.082111924886703491e-02,-5.921738967299461365e-02,-8.098092675209045410e-02,-5.083349347114562988e-02,1.382586658000946045e-01,7.962345331907272339e-02,1.234621461480855942e-02,1.668889634311199188e-02,1.540554612874984741e-01,-1.368356496095657349e-01,-6.132297962903976440e-02,9.784093499183654785e-02,-1.772477105259895325e-02,3.572914004325866699e-02,-1.383510977029800415e-01,1.071889698505401611e-01,7.137741148471832275e-02,4.725725448224693537e-04,-1.407044231891632080e-01,2.006857655942440033e-02,4.462125897407531738e-02,-6.264777481555938721e-02,-1.031562760472297668e-01,1.235100328922271729e-01,1.424712478183209896e-03,1.387297064065933228e-01,1.644295267760753632e-02,-3.558621043339371681e-03,-8.433577418327331543e-02,-1.336283683776855469e-01,-3.706150874495506287e-02,-1.493316981941461563e-02,2.194377407431602478e-02,3.640761598944664001e-02,-9.783200919628143311e-03,3.952812775969505310e-02,-9.182604029774665833e-03,1.807222701609134674e-02,-1.366873085498809814e-01,2.910059131681919098e-02,1.033156644552946091e-02,-9.245780855417251587e-02,-6.996921449899673462e-02,-6.612025666981935501e-03,1.594686321914196014e-02,6.254286970943212509e-03,2.310360595583915710e-02,1.132655236870050430e-02,-2.759810909628868103e-02,3.523807600140571594e-02,1.374257951974868774e-01,-1.359470635652542114e-01,2.991733141243457794e-02,-8.884528279304504395e-02,1.762112975120544434e-02,-3.554774820804595947e-02,1.280757486820220947e-01,-3.714542835950851440e-02,-1.202138811349868774e-01,-3.439469030126929283e-03,1.492910236120223999e-01,-4.544330388307571411e-02,-1.151710674166679382e-01,1.349512040615081787e-01,2.124970313161611557e-03,-9.928698837757110596e-02,3.984514623880386353e-03,-9.483981132507324219e-02,-1.191661804914474487e-01,7.554879039525985718e-02,7.278929930180311203e-03,6.467632949352264404e-02,2.900681644678115845e-02,-2.713526971638202667e-02,-3.408470377326011658e-02,-1.228885799646377563e-01,7.392618805170059204e-02,-1.200483217835426331e-01,-9.390705265104770660e-03,8.612734079360961914e-02,-2.492051862645894289e-04,-8.943850547075271606e-02,3.842289373278617859e-02,-2.617481537163257599e-02,3.620519489049911499e-02,-1.385194808244705200e-01,-2.594169415533542633e-02,1.501679271459579468e-01,1.406489498913288116e-02,-9.943819046020507812e-02,-1.293490678071975708e-01,-3.029803186655044556e-02,-1.529141608625650406e-02,1.096519306302070618e-01,-6.224008277058601379e-02,-1.194716468453407288e-01,4.451754502952098846e-03,1.490154862403869629e-01,-1.180203929543495178e-01,7.427684217691421509e-02,4.094845429062843323e-02,-1.382319927215576172e-01,4.099430516362190247e-02,4.458014294505119324e-02,1.096516251564025879e-01,1.293792575597763062e-01,-5.397052690386772156e-02,-1.039729043841362000e-01,-6.051883101463317871e-02,-4.055007302667945623e-04,8.027637749910354614e-02
-9.055481851100921631e-02,-1.397943198680877686e-01,8.102079629898071289e-01,-5.707531571388244629e-01,-3.162851631641387939e-01,-1.046445220708847046e-01,-1.536597609519958496e-01,-2.620973587036132812e-01,-4.212386906147003174e-02,-2.150426357984542847e-01,-9.975865483283996582e-02,3.054435849189758301e-01,-5.757732391357421875e-01,-5.070728063583374023e-01,-6.984082460403442383e-01,-6.720808744430541992e-01,-5.022239871323108673e-03,-4.089992642402648926e-01,3.761729001998901367e-01,5.285824537277221680e-01,2.851069867610931396e-01,-7.749998569488525391e-01,-5.566720962524414062e-01,5.044946447014808655e-03,-9.835323691368103027e-02,-7.848935127258300781e-01,7.323935627937316895e-01,3.552633225917816162e-01,-6.344540715217590332e-01,2.025217711925506592e-01,-1.676549464464187622e-01,7.633662223815917969e-01,-6.381078958511352539e-01,-4.804039299488067627e-01,7.460620719939470291e-03,7.705716490745544434e-01,-1.199987530708312988e-01,-2.797807455062866211e-01,4.489242136478424072e-01,6.280627250671386719e-01,-7.049351930618286133e-01,-2.112392522394657135e-02,-7.363006472587585449e-01,-1.061042025685310364e-01,4.783092532306909561e-03,5.723763704299926758e-01,7.755531072616577148e-01,2.393663972616195679e-01,6.049415469169616699e-02,-5.003960803151130676e-02,-2.551640570163726807e-01,4.783520102500915527e-02,-2.289413660764694214e-01,1.364630460739135742e-01,-1.187171787023544312e-01,7.648823857307434082e-01,-2.060306668281555176e-01,-6.839207559823989868e-02,5.168409347534179688e-01,4.306976497173309326e-01,7.710885256528854370e-02,-1.496590375900268555e-01,-4.203514382243156433e-02,-1.865318566560745239e-01,-8.022818714380264282e-02,1.636723428964614868e-01,-1.632951050996780396e-01,-7.451652288436889648e-01,7.549740076065063477e-01,-1.682361066341400146e-01,5.957692265510559082e-01,-2.519247122108936310e-02,1.914501041173934937e-01,-7.496075034141540527e-01,2.352382093667984009e-01,6.974997520446777344e-01,2.017186395823955536e-02,-8.384087681770324707e-01,3.410664796829223633e-01,7.096300721168518066e-01,-7.856793403625488281e-01,-1.388673298060894012e-02,5.901934504508972168e-01,-2.003043517470359802e-02,6.130094528198242188e-01,5.989031791687011719e-01,-5.162578225135803223e-01,-4.172128438949584961e-02,-3.626358509063720703e-01,-2.021184861660003662e-01,1.725998967885971069e-01,2.090275138616561890e-01,6.800646185874938965e-01,-4.197601974010467529e-01,7.026343345642089844e-01,1.051938086748123169e-01,-5.247306227684020996e-01,1.641541253775358200e-03,5.576872825622558594e-01,-3.309967517852783203e-01,2.105536609888076782e-01,-2.873097062110900879e-01,7.668904066085815430e-01,1.656779050827026367e-01,-8.087639808654785156e-01,-1.947123259305953979e-01,6.013860702514648438e-01,7.282509207725524902e-01,1.934954524040222168e-01,9.060753881931304932e-02,-6.092288494110107422e-01,4.724857211112976074e-01,6.799194216728210449e-01,-1.283202469348907471e-01,-7.832859158515930176e-01,6.861119866371154785e-01,-4.932423233985900879e-01,-3.018851876258850098e-01,7.922111749649047852e-01,-2.503407895565032959e-01,-2.852642238140106201e-01,-6.830610632896423340e-01,-7.327209115028381348e-01,2.910788059234619141e-01,6.419703364372253418e-01,4.708279967308044434e-01,-2.227072045207023621e-02,-5.605762004852294922e-01
1.419530599378049374e-03,9.111460298299789429e-02,-5.707531571388244629e-01,5.499744415283203125e-01,1.525175422430038452e-01,1.469118595123291016e-01,3.469557687640190125e-02,1.350042670965194702e-01,1.105353329330682755e-02,1.342213302850723267e-01,2.982321428135037422e-03,-2.101391404867172241e-01,2.613937556743621826e-01,3.952232897281646729e-01,4.485222995281219482e-01,4.088828563690185547e-01,7.440055254846811295e-03,3.645929396152496338e-01,-2.924574613571166992e-01,-3.040870130062103271e-01,-3.499204218387603760e-01,5.935154557228088379e-01,3.488544225692749023e-01,-3.989263623952865601e-02,8.391075581312179565e-02,5.641080737113952637e-01,-4.786536991596221924e-01,-1.046344116330146790e-01,3.221174478530883789e-01,-3.980961162596940994e-03,1.300445050001144409e-01,-6.212505102157592773e-01,5.214288234710693359e-01,2.681883275508880615e-01,1.122227869927883148e-02,-5.443199276924133301e-01,1.068090647459030151e-01,1.669428795576095581e-01,-1.285488307476043701e-01,-5.389546751976013184e-01,5.279453992843627930e-01,2.439131587743759155e-02,5.222283005714416504e-01,6.342681497335433960e-02,-5.446585640311241150e-02,-2.219182699918746948e-01,-4.928106367588043213e-01,-2.177187055349349976e-01,-6.494234502315521240e-02,1.050593778491020203e-01,1.833063960075378418e-01,-1.849819160997867584e-02,2.166064232587814331e-01,-1.720984578132629395e-01,2.164926379919052124e-01,-5.157427787780761719e-01,1.417013108730316162e-01,3.593545407056808472e-02,-2.976142168045043945e-01,-3.342874646186828613e-01,-1.126598864793777466e-01,1.252012997865676880e-01,3.313431888818740845e-02,1.523613780736923218e-01,7.755795121192932129e-02,-1.124004051089286804e-01,1.132421121001243591e-01,5.403756499290466309e-01,-5.363810658454895020e-01,6.215593218803405762e-02,-3.751009106636047363e-01,2.228984683752059937e-01,-1.897114515304565430e-01,5.300465822219848633e-01,-1.569329053163528442e-01,-5.192818045616149902e-01,-5.125062074512243271e-03,5.903511643409729004e-01,-3.762955069541931152e-01,-4.989796578884124756e-01,6.720888614654541016e-01,9.356290102005004883e-03,-3.165140151977539062e-01,1.680723764002323151e-02,-4.599338173866271973e-01,-3.209653496742248535e-01,1.904494464397430420e-01,2.444642409682273865e-02,1.780890524387359619e-01,1.284796893596649170e-01,-7.362633198499679565e-02,-2.310860008001327515e-01,-6.088777780532836914e-01,4.043364822864532471e-01,-5.438281893730163574e-01,-7.532379031181335449e-02,3.098818659782409668e-01,-1.063904608599841595e-03,-3.002043664455413818e-01,1.996851414442062378e-01,-1.033866107463836670e-01,6.889288872480392456e-02,-6.091057658195495605e-01,-1.009210944175720215e-01,6.274166703224182129e-01,2.404345273971557617e-01,-5.673860907554626465e-01,-5.446721315383911133e-01,-4.619247838854789734e-02,-6.414493173360824585e-02,6.089419722557067871e-01,-4.035302698612213135e-01,-5.427386760711669922e-01,1.233430802822113037e-01,5.396585464477539062e-01,-4.023467302322387695e-01,2.178700119256973267e-01,1.773425489664077759e-01,-5.988842248916625977e-01,2.097973376512527466e-01,1.460796743631362915e-01,4.828557372093200684e-01,5.210778117179870605e-01,-2.025047242641448975e-01,-4.282593727111816406e-01,-2.894432246685028076e-01,6.267655175179243088e-03,3.832628428936004639e-01
1.809085607528686523e-01,5.788642913103103638e-02,-3.162851631641387939e-01,1.525175422430038452e-01,2.301313579082489014e-01,-3.130202740430831909e-02,7.209956645965576172e-02,2.105389833450317383e-01,3.055617958307266235e-02,7.639426738023757935e-02,2.409909106791019440e-02,-1.059278771281242371e-01,2.517262101173400879e-01,2.279526591300964355e-01,3.404510021209716797e-01,2.896575629711151123e-01,-5.670343525707721710e-03,1.444898396730422974e-01,-7.555453479290008545e-02,-1.870754212141036987e-01,-9.142232686281204224e-02,2.822053134441375732e-01,1.475117355585098267e-01,7.677596062421798706e-02,2.270006388425827026e-02,3.054276406764984131e-01,-3.008384108543395996e-01,-2.567414641380310059e-01,2.464615255594253540e-01,-1.601131856441497803e-01,3.956427425146102905e-02,-2.506659924983978271e-01,2.073583006858825684e-01,1.553759127855300903e-01,-9.836099110543727875e-03,-3.019145131111145020e-01,2.528972364962100983e-02,1.025560051202774048e-01,-2.785039544105529785e-01,-2.924827337265014648e-01,2.922920584678649902e-01,3.246800228953361511e-02,2.858131825923919678e-01,4.247181490063667297e-02,4.813645780086517334e-02,-2.440509945154190063e-01,-3.543115556240081787e-01,-1.026032641530036926e-01,-1.991496048867702484e-02,9.183934330940246582e-02,5.299354344606399536e-02,-5.281801521778106689e-02,8.877557516098022461e-02,1.254010596312582493e-03,-2.011596038937568665e-02,-3.305137157440185547e-01,6.641127914190292358e-02,2.669742889702320099e-02,-2.457226514816284180e-01,-1.401204764842987061e-01,2.886394783854484558e-02,9.576696902513504028e-03,1.510590035468339920e-02,6.961788237094879150e-02,1.714821159839630127e-02,-4.653552174568176270e-02,7.781662791967391968e-02,3.477095067501068115e-01,-2.768362462520599365e-01,1.421331018209457397e-01,-2.391629666090011597e-01,-5.337728187441825867e-02,-2.169635519385337830e-02,2.845953106880187988e-01,-1.031417399644851685e-01,-3.244743645191192627e-01,-1.156393811106681824e-02,3.336779773235321045e-01,-1.158942431211471558e-01,-2.330064177513122559e-01,2.550457119941711426e-01,4.438225645571947098e-03,-3.122013509273529053e-01,6.528121884912252426e-03,-2.654593884944915771e-01,-3.135386109352111816e-01,2.889834344387054443e-01,1.562199462205171585e-02,1.426192671060562134e-01,6.187662109732627869e-02,-1.103840097784996033e-01,-4.619289934635162354e-02,-1.882487982511520386e-01,7.473949342966079712e-02,-2.303324788808822632e-01,-5.234479904174804688e-02,3.248044252395629883e-01,-6.003506132401525974e-04,-2.325695157051086426e-01,1.388038843870162964e-01,-7.025483995676040649e-02,1.538631319999694824e-01,-2.672694623470306396e-01,-6.122023612260818481e-02,2.815087437629699707e-01,7.517559826374053955e-02,-1.349008679389953613e-01,-2.547520101070404053e-01,-1.879542768001556396e-01,-2.346482500433921814e-02,1.578670591115951538e-01,-6.799304485321044922e-02,-2.202731817960739136e-01,-1.172667443752288818e-01,3.832512199878692627e-01,-3.049905002117156982e-01,2.809561192989349365e-01,4.427688941359519958e-02,-3.716705441474914551e-01,6.465965509414672852e-02,9.900698810815811157e-02,2.632563710212707520e-01,3.012432754039764404e-01,-1.109355986118316650e-01,-1.754829287528991699e-01,-1.422284096479415894e-01,-1.398615539073944092e-02,1.912211477756500244e-01
-7.076635956764221191e-02,6.811360828578472137e-03,-1.046445220708847046e-01,1.469118595123291016e-01,-3.130202740430831909e-02,1.980731785297393799e-01,-1.452684029936790466e-02,3.755117207765579224e-02,-9.610234946012496948e-02,-4.958764184266328812e-03,1.884907484054565430e-02,-3.106348961591720581e-02,-3.656197711825370789e-02,7.299797981977462769e-02,2.483968622982501984e-02,1.547857839614152908e-02,-1.678435597568750381e-03,4.014469683170318604e-02,-5.879729986190795898e-02,-5.874669551849365234e-02,4.024557769298553467e-02,1.051578596234321594e-01,1.173077076673507690e-01,-2.340450510382652283e-02,8.581629022955894470e-03,7.352218497544527054e-03,-5.392783507704734802e-02,5.661547556519508362e-02,1.070250272750854492e-01,-9.185444563627243042e-03,6.986914575099945068e-02,-6.611673533916473389e-02,3.838509321212768555e-02,9.717839211225509644e-02,-4.125203471630811691e-03,-6.238655745983123779e-02,2.382806129753589630e-02,8.012911304831504822e-03,4.562464356422424316e-02,-1.019541919231414795e-01,-7.811378687620162964e-03,-1.412712037563323975e-02,1.162242814898490906e-01,1.183578465133905411e-02,5.568521469831466675e-02,8.629535324871540070e-03,-3.395003825426101685e-02,-3.562686964869499207e-02,-5.630220845341682434e-02,-3.841194137930870056e-02,1.132817119359970093e-01,-8.343771845102310181e-02,1.545268483459949493e-02,-9.985020011663436890e-02,3.067551925778388977e-02,-7.553036510944366455e-02,3.653339669108390808e-02,5.318650044500827789e-03,2.483744174242019653e-02,-4.933366551995277405e-02,-7.056177128106355667e-03,7.201499771326780319e-03,4.322284366935491562e-03,-6.851383298635482788e-02,5.974229890853166580e-03,-1.168043119832873344e-03,1.876590587198734283e-02,5.556579679250717163e-02,-5.517056211829185486e-02,-1.271194964647293091e-02,-3.659443557262420654e-02,-5.728747695684432983e-02,-2.190701290965080261e-02,4.779265820980072021e-02,2.639460004866123199e-02,-4.593608528375625610e-02,4.786143545061349869e-03,7.636328786611557007e-02,-4.161889106035232544e-02,-6.440500915050506592e-02,1.138791143894195557e-01,1.653128885664045811e-03,-2.957452088594436646e-02,-2.402024576440453529e-03,-1.847718283534049988e-02,4.231333360075950623e-02,-5.979137960821390152e-03,2.769965212792158127e-03,-7.142461836338043213e-02,1.696176081895828247e-02,1.617142558097839355e-02,-3.894925862550735474e-02,-1.028589829802513123e-01,8.944038301706314087e-02,-5.354473739862442017e-02,-4.470264166593551636e-02,3.595706820487976074e-02,-9.588864486431702971e-05,-4.066028445959091187e-02,-4.035109654068946838e-02,-4.350036382675170898e-02,-8.201654255390167236e-02,-6.806803494691848755e-02,-6.538892164826393127e-03,6.697487831115722656e-02,1.321414411067962646e-01,-9.417096525430679321e-02,-8.433113247156143188e-02,1.203274428844451904e-01,-4.678728058934211731e-03,1.035596430301666260e-01,-1.354119181632995605e-01,-9.908267855644226074e-02,1.065078154206275940e-01,8.161838352680206299e-02,2.178327366709709167e-02,-1.938220695592463017e-03,6.390704214572906494e-02,-5.964130535721778870e-02,2.861212193965911865e-02,2.866082079708576202e-02,3.774670138955116272e-02,4.064865782856941223e-02,7.056483533233404160e-03,-1.257043927907943726e-01,-5.448420066386461258e-03,4.472608212381601334e-03,7.964997738599777222e-02
9.060373902320861816e-02,1.202762406319379807e-02,-1.536597609519958496e-01,3.469557687640190125e-02,7.209956645965576172e-02,-1.452684029936790466e-02,1.266839802265167236e-01,7.384745776653289795e-02,1.572201214730739594e-02,4.999679327011108398e-02,-1.417636871337890625e-03,-4.128379747271537781e-02,9.245419502258300781e-02,6.713282316923141479e-02,1.281048804521560669e-01,9.556543081998825073e-02,4.685594700276851654e-03,-2.798441611230373383e-02,-4.829315841197967529e-02,-1.028582751750946045e-01,-2.010809443891048431e-02,9.971961379051208496e-02,7.592088729143142700e-02,-2.107226476073265076e-02,5.212835501879453659e-03,1.170210316777229309e-01,-9.847641736268997192e-02,-9.620013833045959473e-02,1.434792727231979370e-01,-1.515219807624816895e-01,-2.469751238822937012e-02,-1.008143201470375061e-01,9.771601855754852295e-02,5.721630156040191650e-02,-8.013318292796611786e-03,-9.889812022447586060e-02,8.686137734912335873e-04,5.099714174866676331e-02,-1.888180226087570190e-01,-1.061840653419494629e-01,1.429819762706756592e-01,2.445227839052677155e-02,5.857481434941291809e-02,1.882957667112350464e-02,-5.966759752482175827e-03,-1.641711294651031494e-01,-1.773324161767959595e-01,-3.248793259263038635e-02,4.425717517733573914e-02,-7.089429069310426712e-03,2.064730226993560791e-02,2.984712645411491394e-02,1.621852256357669830e-02,-8.395446464419364929e-03,-1.493625342845916748e-02,-1.195043250918388367e-01,2.331918478012084961e-02,1.243966445326805115e-02,-1.037883684039115906e-01,-4.068179428577423096e-02,-2.668991126120090485e-02,4.932449758052825928e-02,7.387211080640554428e-03,1.064814180135726929e-01,2.620355971157550812e-02,-2.001663483679294586e-02,-7.604000158607959747e-03,1.075780689716339111e-01,-9.286083281040191650e-02,5.753975361585617065e-02,-1.328748315572738647e-01,-6.432566046714782715e-02,2.701786532998085022e-02,1.258252263069152832e-01,-6.026361137628555298e-02,-1.531695276498794556e-01,-6.372924428433179855e-03,1.733806729316711426e-01,-7.247088849544525146e-02,-1.118289977312088013e-01,1.321167349815368652e-01,1.866784994490444660e-03,-1.095980629324913025e-01,2.599252038635313511e-04,-1.464403569698333740e-01,-7.235633581876754761e-02,1.875793635845184326e-01,3.526599844917654991e-03,7.683609426021575928e-02,4.219845309853553772e-02,-6.687190383672714233e-02,-3.462997963652014732e-03,-5.168473348021507263e-02,-1.460128836333751678e-02,-1.001725643873214722e-01,-3.783916309475898743e-02,1.184189692139625549e-01,-3.347162855789065361e-04,-9.076382219791412354e-02,1.439154297113418579e-01,-5.421908199787139893e-02,1.622002571821212769e-01,-9.987509995698928833e-02,-3.091809526085853577e-02,1.585418581962585449e-01,6.760836392641067505e-02,-8.076602965593338013e-02,-7.760993391275405884e-02,-1.355070620775222778e-01,-9.579921141266822815e-03,1.630715414648875594e-04,-7.929959148168563843e-02,-3.588157892227172852e-02,3.538198396563529968e-02,1.239351853728294373e-01,-1.552942395210266113e-01,1.317652016878128052e-01,5.263091623783111572e-02,-1.784318536520004272e-01,1.909626647830009460e-02,7.725482434034347534e-02,1.323720812797546387e-01,1.125093325972557068e-01,-3.241592645645141602e-02,-5.271239578723907471e-02,-1.317258328199386597e-01,1.694617606699466705e-02,1.242225691676139832e-01
3.434812426567077637e-01,3.716779500246047974e-02,-2.620973587036132812e-01,1.350042670965194702e-01,2.105389833450317383e-01,3.755117207765579224e-02,7.384745776653289795e-02,3.963584303855895996e-01,-1.196539308875799179e-02,4.361162707209587097e-02,2.451574988663196564e-02,-9.678483009338378906e-02,1.721138060092926025e-01,3.534187078475952148e-01,3.305886685848236084e-01,2.314334660768508911e-01,-6.464968901127576828e-03,4.818876087665557861e-02,1.053381897509098053e-02,-1.397653818130493164e-01,-1.921511255204677582e-03,2.260397225618362427e-01,1.619697660207748413e-01,2.682428434491157532e-02,2.561582485213875771e-03,1.392953097820281982e-01,-1.837527304887771606e-01,-2.577020227909088135e-01,2.657261192798614502e-01,-2.180830985307693481e-01,-1.509764976799488068e-02,-1.379354894161224365e-01,8.629675954580307007e-02,1.951793581247329712e-01,-3.271842002868652344e-02,-2.463430911302566528e-01,5.956407636404037476e-03,7.524248212575912476e-02,-3.402981162071228027e-01,-3.702307343482971191e-01,1.881884634494781494e-01,4.524791985750198364e-02,2.023525089025497437e-01,4.185441881418228149e-02,1.859254837036132812e-01,-2.454684823751449585e-01,-3.252583742141723633e-01,-1.114341989159584045e-01,-3.369252756237983704e-02,9.663717821240425110e-03,7.896839082241058350e-02,-1.259661018848419189e-01,6.905949115753173828e-02,-1.019659712910652161e-01,-7.493733614683151245e-02,-2.940546274185180664e-01,1.039185598492622375e-01,3.008114732801914215e-02,-9.910772740840911865e-02,-1.081037521362304688e-01,6.054989621043205261e-02,-1.182471122592687607e-02,1.469946932047605515e-02,-4.169945418834686279e-02,-5.526692140847444534e-03,-8.205956779420375824e-03,1.267151162028312683e-02,2.791951298713684082e-01,-2.190872281789779663e-01,1.140483468770980835e-01,-2.373500913381576538e-01,-2.222900837659835815e-01,1.772086881101131439e-02,2.466327697038650513e-01,-6.076751276850700378e-02,-2.402138859033584595e-01,-8.159913122653961182e-03,2.724061012268066406e-01,-1.447013020515441895e-01,-1.804394572973251343e-01,1.889240741729736328e-01,4.318426363170146942e-03,-3.185999095439910889e-01,2.582973102107644081e-04,-2.376527786254882812e-01,-2.055746316909790039e-01,2.897392213344573975e-01,1.163856219500303268e-02,1.444596331566572189e-02,5.835793167352676392e-02,-9.415008127689361572e-02,-1.038540713489055634e-02,-6.692741811275482178e-02,-3.248489648103713989e-02,-1.334620416164398193e-01,-1.278097927570343018e-01,3.539383411407470703e-01,-5.232112016528844833e-04,-2.302951961755752563e-01,1.509810686111450195e-01,-1.067391932010650635e-01,1.374985873699188232e-01,-1.799918413162231445e-01,-4.907906800508499146e-02,1.341646611690521240e-01,1.836765408515930176e-01,5.700806155800819397e-03,-1.833351403474807739e-01,-1.540632843971252441e-01,7.744078175164759159e-04,1.204357594251632690e-01,-2.794068865478038788e-02,-1.686526238918304443e-01,-1.529123038053512573e-01,3.384813666343688965e-01,-2.117322087287902832e-01,3.425237834453582764e-01,1.845230534672737122e-02,-3.811327517032623291e-01,2.358591742813587189e-02,2.310827374458312988e-02,2.190709859132766724e-01,2.116601169109344482e-01,1.435329951345920563e-02,-1.412001848220825195e-01,-1.351583302021026611e-01,-1.901067607104778290e-02,1.722086369991302490e-01
6.760659068822860718e-02,1.006141956895589828e-02,-4.212386906147003174e-02,1.105353329330682755e-02,3.055617958307266235e-02,-9.610234946012496948e-02,1.572201214730739594e-02,-1.196539308875799179e-02,8.543580025434494019e-02,3.168241679668426514e-02,-2.318548411130905151e-02,-1.911707222461700439e-02,5.926596373319625854e-02,6.512217223644256592e-02,6.605897843837738037e-02,5.419446900486946106e-02,5.082665011286735535e-03,3.219537436962127686e-02,-1.127930078655481339e-02,-1.200638897716999054e-02,-1.466511189937591553e-01,4.225771129131317139e-02,-1.871355925686657429e-03,-7.812798023223876953e-03,1.194888912141323090e-02,9.586513042449951172e-02,-3.368302062153816223e-02,-4.335705935955047607e-02,-3.591814637184143066e-02,1.569570228457450867e-02,-4.202285036444664001e-02,-9.545419365167617798e-02,9.075184166431427002e-02,-1.606072299182415009e-02,6.305010989308357239e-03,-5.737049505114555359e-02,6.463447120040655136e-03,2.094346471130847931e-02,-3.169643878936767578e-02,-6.014768406748771667e-02,1.118798255920410156e-01,2.047963067889213562e-02,5.584618076682090759e-03,2.703111618757247925e-03,-7.426250725984573364e-02,-3.796901553869247437e-02,-6.083152070641517639e-02,-2.695240639150142670e-02,2.964873798191547394e-02,4.112172499299049377e-02,-4.716685786843299866e-02,6.362956762313842773e-02,4.103185236454010010e-02,8.660160936415195465e-03,4.591269046068191528e-02,-3.468301147222518921e-02,4.058764316141605377e-03,1.919477246701717377e-03,-5.054286122322082520e-02,-3.468035161495208740e-02,-3.427194431424140930e-02,3.721186891198158264e-02,5.260538775473833084e-03,9.713938832283020020e-02,6.584828253835439682e-03,-1.873243413865566254e-02,-4.729284439235925674e-03,6.495977938175201416e-02,-6.711500883102416992e-02,1.009499467909336090e-02,-4.397128894925117493e-02,1.023872569203376770e-01,-3.077787719666957855e-02,7.181393355131149292e-02,-5.567248910665512085e-02,-6.904087215662002563e-02,-2.972117159515619278e-03,6.341304630041122437e-02,-7.455465197563171387e-02,-5.430045723915100098e-02,7.536356151103973389e-02,8.540019625797867775e-04,-2.054488845169544220e-02,4.134176298975944519e-03,-8.691467344760894775e-02,-5.169390887022018433e-02,3.043616004288196564e-02,1.283359713852405548e-03,7.151653617620468140e-02,1.368242222815752029e-02,-1.480759587138891220e-02,-3.384942188858985901e-02,-5.693722888827323914e-02,3.316772356629371643e-02,-6.999617815017700195e-02,7.234906661324203014e-04,2.261353842914104462e-02,-1.502224913565441966e-04,-2.676232904195785522e-02,8.199982345104217529e-02,1.004510838538408279e-02,6.736258417367935181e-02,-7.756119966506958008e-02,-1.313878782093524933e-02,6.691884994506835938e-02,-1.879256404936313629e-02,-6.755058467388153076e-02,-3.769693896174430847e-02,-8.561627566814422607e-02,-9.244379587471485138e-03,8.866701275110244751e-02,-1.049331668764352798e-02,-4.026237502694129944e-02,-4.054038971662521362e-02,1.851895637810230255e-02,-8.114878833293914795e-02,4.100901260972023010e-02,-1.284859143197536469e-02,-8.779641240835189819e-02,2.717592194676399231e-02,-1.730017736554145813e-02,7.332570105791091919e-02,7.186073809862136841e-02,-4.081699252128601074e-02,4.386165644973516464e-03,-8.633462339639663696e-02,2.492470201104879379e-03,2.391624078154563904e-02
2.554380148649215698e-02,3.296332061290740967e-02,-2.150426357984542847e-01,1.342213302850723267e-01,7.639426738023757935e-02,-4.958764184266328812e-03,4.999679327011108398e-02,4.361162707209587097e-02,3.168241679668426514e-02,6.034262105822563171e-02,1.253697648644447327e-02,-7.349751144647598267e-02,1.453612297773361206e-01,1.202289685606956482e-01,1.794893741607666016e-01,1.665121614933013916e-01,3.402495291084051132e-03,9.569598734378814697e-02,-9.640259295701980591e-02,-1.244339644908905029e-01,-1.059916615486145020e-01,2.031410187482833862e-01,1.207122132182121277e-01,-9.326674044132232666e-03,2.602256275713443756e-02,2.347220629453659058e-01,-1.896541863679885864e-01,-8.268757909536361694e-02,1.430801898241043091e-01,-4.573417827486991882e-02,2.593509666621685028e-02,-2.211795002222061157e-01,1.814411431550979614e-01,9.618014097213745117e-02,1.226264284923672676e-03,-2.043505012989044189e-01,2.871136926114559174e-02,7.038084417581558228e-02,-1.137613728642463684e-01,-1.611714810132980347e-01,2.083033621311187744e-01,1.123634073883295059e-02,1.759244054555892944e-01,2.438678219914436340e-02,-3.019150160253047943e-02,-1.444910317659378052e-01,-2.121656984090805054e-01,-5.918490514159202576e-02,2.189652994275093079e-03,2.301346883177757263e-02,4.180083051323890686e-02,1.758506707847118378e-02,6.185005977749824524e-02,-2.397752180695533752e-02,4.254119098186492920e-02,-1.953282505273818970e-01,4.344208166003227234e-02,1.544780656695365906e-02,-1.357496976852416992e-01,-1.049723923206329346e-01,-3.546674922108650208e-02,4.988308623433113098e-02,1.085136085748672485e-02,8.417399227619171143e-02,2.528669126331806183e-02,-4.391156882047653198e-02,3.455774113535881042e-02,1.951670944690704346e-01,-1.991862058639526367e-01,3.960476443171501160e-02,-1.492595821619033813e-01,4.135149344801902771e-02,-4.851108416914939880e-02,2.024898380041122437e-01,-7.067810744047164917e-02,-1.927541047334671021e-01,-5.462505854666233063e-03,2.392529696226119995e-01,-1.007325351238250732e-01,-1.854511946439743042e-01,2.289779931306838989e-01,3.294409718364477158e-03,-1.314061284065246582e-01,5.861566402018070221e-03,-1.698880642652511597e-01,-1.513869911432266235e-01,1.257034838199615479e-01,9.435223415493965149e-03,1.088783368468284607e-01,5.081702396273612976e-02,-4.646965488791465759e-02,-5.667437985539436340e-02,-1.851697117090225220e-01,1.029333397746086121e-01,-1.920637339353561401e-01,-1.833550818264484406e-02,1.189968213438987732e-01,-4.188738239463418722e-04,-1.269312053918838501e-01,1.046283394098281860e-01,-4.396146908402442932e-02,9.339066594839096069e-02,-2.152842134237289429e-01,-4.159426689147949219e-02,2.454545646905899048e-01,3.857992962002754211e-02,-1.769167333841323853e-01,-1.862420886754989624e-01,-7.282900065183639526e-02,-2.397617138922214508e-02,1.665312349796295166e-01,-1.175456792116165161e-01,-1.657304763793945312e-01,3.367080911993980408e-02,2.018589526414871216e-01,-1.910821646451950073e-01,1.125801727175712585e-01,6.974102556705474854e-02,-2.270061820745468140e-01,6.509867310523986816e-02,6.924324482679367065e-02,1.804783195257186890e-01,1.959990262985229492e-01,-8.047303557395935059e-02,-1.433076411485671997e-01,-1.331074833869934082e-01,8.206985890865325928e-03,1.376200616359710693e-01
-6.192006543278694153e-02,1.787543110549449921e-02,-9.975865483283996582e-02,2.982321428135037422e-03,2.409909106791019440e-02,1.884907484054565430e-02,-1.417636871337890625e-03,2.451574988663196564e-02,-2.318548411130905151e-02,1.253697648644447327e-02,8.295419067144393921e-02,-3.280025348067283630e-02,1.314398050308227539e-01,1.403172151185572147e-03,6.948538869619369507e-02,1.005462110042572021e-01,-4.175387788563966751e-03,2.792077884078025818e-02,-3.800870850682258606e-02,-7.825156301259994507e-02,1.200314760208129883e-01,9.740846604108810425e-02,9.605542570352554321e-02,9.213353507220745087e-03,4.551916383206844330e-03,1.246195137500762939e-01,-1.344357281923294067e-01,-5.382534116506576538e-02,1.629292964935302734e-01,-2.217501215636730194e-02,5.861838907003402710e-02,-6.320230662822723389e-02,1.778527977876365185e-03,1.124136447906494141e-01,-8.969261310994625092e-03,-1.235631331801414490e-01,7.940278388559818268e-03,3.883948922157287598e-02,-7.919146865606307983e-02,1.952325738966464996e-02,1.959829777479171753e-02,-3.170526772737503052e-02,1.386851072311401367e-01,1.443105097860097885e-02,6.295166164636611938e-02,-1.316977441310882568e-01,-1.047819256782531738e-01,2.708133310079574585e-02,-2.830097451806068420e-02,-7.618892937898635864e-02,5.672450363636016846e-02,-4.620565474033355713e-02,-2.197793498635292053e-02,2.114120312035083771e-02,-6.608913093805313110e-02,-1.186657547950744629e-01,2.837771922349929810e-02,1.326629519462585449e-02,-4.780269041657447815e-02,-2.708486653864383698e-02,3.704639524221420288e-02,-1.611095853149890900e-02,-1.388363074511289597e-03,-8.399733155965805054e-02,-9.139770641922950745e-03,-1.926055736839771271e-02,3.167319670319557190e-02,6.101806461811065674e-02,-1.117727905511856079e-01,1.508832909166812897e-03,-4.652572423219680786e-02,-1.211978122591972351e-01,-1.584776863455772400e-02,8.953266590833663940e-02,1.241708919405937195e-02,-7.086578290909528732e-03,-4.462458193302154541e-03,1.213145405054092407e-01,9.836307913064956665e-02,-8.566052466630935669e-02,4.413023218512535095e-02,1.625093515031039715e-03,-8.322151005268096924e-02,1.357741886749863625e-03,2.315781079232692719e-02,-1.301344186067581177e-01,6.240028887987136841e-02,8.787753991782665253e-03,5.855080485343933105e-02,2.333354949951171875e-02,-1.034545060247182846e-02,3.171253576874732971e-02,-4.164645820856094360e-02,1.021834183484315872e-02,-5.590612068772315979e-02,1.254547946155071259e-02,2.355487085878849030e-02,-1.207358654937706888e-04,-9.517838060855865479e-02,-3.147964924573898315e-02,-4.346250742673873901e-02,2.225196920335292816e-02,-7.881209999322891235e-02,-2.045007236301898956e-02,1.070214807987213135e-01,-8.331231027841567993e-02,1.077223569154739380e-02,-1.046786159276962280e-01,4.072067886590957642e-02,-9.936516173183917999e-03,1.017171237617731094e-02,-6.855371408164501190e-03,-7.844870537519454956e-02,4.424182698130607605e-02,1.285906732082366943e-01,-8.413893729448318481e-02,5.549228936433792114e-02,7.473458349704742432e-02,-4.420791193842887878e-02,8.849213831126689911e-03,5.753971263766288757e-02,3.531631082296371460e-02,6.631122529506683350e-02,-1.193272788077592850e-02,-1.313172727823257446e-01,-1.009715721011161804e-02,5.438365973532199860e-03,3.213099017739295959e-02
-3.194246068596839905e-02,-4.813770204782485962e-02,3.054435849189758301e-01,-2.101391404867172241e-01,-1.059278771281242371e-01,-3.106348961591720581e-02,-4.128379747271537781e-02,-9.678483009338378906e-02,-1.911707222461700439e-02,-7.349751144647598267e-02,-3.280025348067283630e-02,1.088778227567672729e-01,-2.006308436393737793e-01,-1.925625652074813843e-01,-2.582431733608245850e-01,-2.401487082242965698e-01,-2.380616031587123871e-03,-1.484353840351104736e-01,1.298885643482208252e-01,1.729576289653778076e-01,1.114574149250984192e-01,-3.007129132747650146e-01,-1.892386972904205322e-01,1.196243613958358765e-02,-3.580068424344062805e-02,-3.161555230617523193e-01,2.728745937347412109e-01,1.118568032979965210e-01,-2.236232161521911621e-01,5.014874786138534546e-02,-5.438079684972763062e-02,3.024775385856628418e-01,-2.323979586362838745e-01,-1.639123857021331787e-01,2.333247102797031403e-03,3.019427061080932617e-01,-4.275194555521011353e-02,-9.714521467685699463e-02,1.501571387052536011e-01,2.419665008783340454e-01,-2.655685544013977051e-01,-7.728807628154754639e-03,-2.752304673194885254e-01,-3.610613569617271423e-02,-2.610478550195693970e-03,1.960923671722412109e-01,2.964563071727752686e-01,8.467951416969299316e-02,2.282197028398513794e-02,-1.458568405359983444e-02,-8.219048380851745605e-02,1.424768380820751190e-02,-8.509822189807891846e-02,5.518888309597969055e-02,-4.810006171464920044e-02,2.902974784374237061e-01,-7.480703294277191162e-02,-2.390664443373680115e-02,1.659365296363830566e-01,1.532055437564849854e-01,3.103610128164291382e-02,-5.296396464109420776e-02,-1.469382923096418381e-02,-5.707865580916404724e-02,-2.808803506195545197e-02,5.776897072792053223e-02,-5.359135195612907410e-02,-2.778886556625366211e-01,2.894522249698638916e-01,-4.573001340031623840e-02,2.059611678123474121e-01,-2.285658754408359528e-02,7.547547668218612671e-02,-2.875188589096069336e-01,7.982006669044494629e-02,2.504385113716125488e-01,6.494636647403240204e-03,-3.340258300304412842e-01,1.282404810190200806e-01,2.640151083469390869e-01,-3.168917298316955566e-01,-4.899214487522840500e-03,1.966613531112670898e-01,-7.906332612037658691e-03,2.178052663803100586e-01,2.191655784845352173e-01,-1.555739790201187134e-01,-1.460976339876651764e-02,-1.251112073659896851e-01,-7.043419033288955688e-02,5.452227964997291565e-02,7.682946324348449707e-02,2.611857652664184570e-01,-1.483501791954040527e-01,2.625167965888977051e-01,3.352463990449905396e-02,-1.741366833448410034e-01,5.659956950694322586e-04,1.907193213701248169e-01,-1.141848415136337280e-01,6.907788664102554321e-02,-9.275621175765991211e-02,3.043404519557952881e-01,5.737308412790298462e-02,-3.288506865501403809e-01,-6.425009667873382568e-02,2.270497083663940430e-01,2.774803340435028076e-01,5.728418007493019104e-02,3.122544288635253906e-02,-2.516312599182128906e-01,1.585116833448410034e-01,2.568674981594085693e-01,-4.254160821437835693e-02,-3.053019046783447266e-01,2.485325932502746582e-01,-1.617015749216079712e-01,-1.031888723373413086e-01,3.161750435829162598e-01,-9.013206511735916138e-02,-8.838967978954315186e-02,-2.432202100753784180e-01,-2.693774700164794922e-01,9.435859322547912598e-02,2.290982604026794434e-01,1.618802249431610107e-01,-6.195364519953727722e-03,-1.874005943536758423e-01
