4.946455657482147217e-01,2.223740890622138977e-02,1.594242304563522339e-01,-2.491362839937210083e-01,3.474179208278656006e-01,-3.696177899837493896e-01,7.542449235916137695e-02,4.271689653396606445e-01,-1.631846651434898376e-02,-5.830802023410797119e-02,-3.350696861743927002e-01,-2.180678695440292358e-01,-2.020296901464462280e-01,-6.339658796787261963e-02,-5.382100120186805725e-02,1.625977605581283569e-01,3.921752329915761948e-03,-8.994621783494949341e-02,1.315670460462570190e-01,-1.080662161111831665e-01,-1.655198186635971069e-01,-2.985794246196746826e-01,-2.718862593173980713e-01,1.879738271236419678e-01,2.493106573820114136e-02,1.773736327886581421e-01,7.934826426208019257e-03,-4.035708010196685791e-01,6.327139562927186489e-04,-8.831576257944107056e-02,-1.738101243972778320e-01,-2.056363038718700409e-02,-2.140940278768539429e-01,8.876562118530273438e-02,-1.049125008285045624e-02,-1.025162730365991592e-02,9.730217605829238892e-02,1.707471348345279694e-02,-2.085207551717758179e-01,-2.946822345256805420e-01,1.189366877079010010e-01,1.112819686532020569e-01,-2.054984569549560547e-01,-1.417429279536008835e-02,-2.544414438307285309e-02,3.090270459651947021e-01,2.537459507584571838e-02,6.314503401517868042e-02,1.236249059438705444e-01,-5.730743706226348877e-02,-2.096208482980728149e-01,-2.775327563285827637e-01,1.320629417896270752e-01,-6.196550279855728149e-02,2.109032683074474335e-02,-4.751142859458923340e-02,1.355000883340835571e-01,-4.160941534792073071e-05,1.778568625450134277e-01,3.190307617187500000e-01,-1.027490124106407166e-01,2.152415066957473755e-01,-8.241252973675727844e-03,2.549187839031219482e-01,1.561472713947296143e-01,-1.494781579822301865e-02,-3.882150650024414062e-01,7.500883191823959351e-02,-2.246150374412536621e-02,3.223685920238494873e-01,-2.045051157474517822e-01,2.335900813341140747e-01,-7.501838356256484985e-02,-1.047609820961952209e-01,-2.343123257160186768e-01,-1.075522303581237793e-01,9.750082972459495068e-04,-4.877568408846855164e-02,1.220594793558120728e-01,6.669825315475463867e-02,2.726779133081436157e-02,-7.217955862870439887e-05,-1.174987331032752991e-01,-5.030811764299869537e-03,-2.365773320198059082e-01,1.644580066204071045e-01,3.252102136611938477e-01,1.502283033914864063e-03,-1.551968008279800415e-01,9.227126836776733398e-02,-1.169402450323104858e-01,3.523463904857635498e-01,1.928493529558181763e-01,-2.127600461244583130e-01,1.045524515211582184e-02,-3.652565777301788330e-01,-9.174887835979461670e-02,-7.150480541895376518e-06,-1.110230535268783569e-01,8.121812343597412109e-02,-3.916251361370086670e-01,3.809063136577606201e-01,4.621141403913497925e-02,-9.633330255746841431e-02,-1.353793889284133911e-01,7.433436065912246704e-02,2.988830208778381348e-01,1.980058550834655762e-01,-4.167266190052032471e-01,1.961146108806133270e-02,-1.499389111995697021e-01,2.588900327682495117e-01,1.180847659707069397e-01,-8.723987638950347900e-02,2.839999459683895111e-02,-2.564358524978160858e-02,2.838208973407745361e-01,-2.904220223426818848e-01,-8.787316828966140747e-02,-2.082704752683639526e-01,-2.006652653217315674e-01,-1.324873883277177811e-02,-2.469272911548614502e-02,3.799591958522796631e-01,-4.748105257749557495e-02,2.584184706211090088e-01,-9.380990639328956604e-03,1.251948922872543335e-01
2.223740890622138977e-02,1.034152694046497345e-02,-6.622443348169326782e-02,3.628223016858100891e-02,7.099807262420654297e-02,-3.290605917572975159e-02,-1.227383967489004135e-02,6.517342478036880493e-02,5.532221496105194092e-02,6.283313035964965820e-02,4.005277529358863831e-03,-5.386714637279510498e-02,6.736836582422256470e-02,5.449843779206275940e-02,6.849254667758941650e-02,9.988982230424880981e-02,-5.137003026902675629e-04,5.858571454882621765e-02,-6.134936586022377014e-02,-4.173744097352027893e-02,-2.421256899833679199e-02,3.718968480825424194e-02,3.684729710221290588e-02,-3.280258551239967346e-02,1.388412155210971832e-02,9.002115577459335327e-02,-7.235209643840789795e-02,-6.770662963390350342e-02,8.206534385681152344e-02,-3.937070816755294800e-02,-1.817619428038597107e-03,-8.069188147783279419e-02,1.411194354295730591e-02,5.975082516670227051e-02,-3.983659204095602036e-03,-9.032804518938064575e-02,7.318520545959472656e-02,7.740414887666702271e-02,-9.465232491493225098e-02,-5.922674387693405151e-02,7.205113768577575684e-02,-4.302207380533218384e-03,6.117241084575653076e-02,4.377770051360130310e-02,2.125302329659461975e-02,-5.725399777293205261e-02,-6.342391669750213623e-02,-2.658668719232082367e-02,-3.407291322946548462e-02,-1.594147179275751114e-03,-4.637297242879867554e-03,-4.995296895503997803e-02,4.223075509071350098e-02,8.902988396584987640e-03,-3.971509635448455811e-02,-8.442851901054382324e-02,3.260814771056175232e-02,2.523573348298668861e-03,-6.288315355777740479e-02,-1.902940869331359863e-02,-3.837434633169323206e-05,-2.068820595741271973e-02,1.365778851322829723e-03,3.704037144780158997e-02,6.776695139706134796e-03,-2.619775757193565369e-02,3.105094097554683685e-02,9.167385846376419067e-02,-7.360397279262542725e-02,6.255275756120681763e-02,-8.160678297281265259e-02,-3.680355846881866455e-02,-9.675604291260242462e-03,6.951288878917694092e-02,-2.626310475170612335e-02,-8.377848565578460693e-02,-2.936323580797761679e-04,7.741336524486541748e-02,3.614912740886211395e-03,-6.711609661579132080e-02,6.463484466075897217e-02,3.469755029072985053e-05,-7.378073781728744507e-02,-8.287049131467938423e-04,-8.824197202920913696e-02,-6.404033303260803223e-02,6.258680671453475952e-02,1.006074715405702591e-03,6.791752576828002930e-02,6.812875717878341675e-02,-1.143428031355142593e-02,9.041964076459407806e-03,-4.994996637105941772e-02,6.980706471949815750e-03,-6.375650316476821899e-02,-1.623613759875297546e-02,5.554396286606788635e-02,5.472182920129853301e-07,-7.547920942306518555e-02,7.542318105697631836e-02,-4.536959528923034668e-02,7.262036204338073730e-02,-7.165865600109100342e-02,-8.550825715065002441e-02,7.270519435405731201e-02,-2.978638559579849243e-02,-3.652568161487579346e-02,-7.598518580198287964e-02,-6.071989238262176514e-02,1.325743156485259533e-03,3.881177306175231934e-02,-4.435579106211662292e-02,-6.496764719486236572e-02,-3.624838218092918396e-02,7.813815772533416748e-02,-6.808222085237503052e-02,7.626970857381820679e-02,3.566261753439903259e-02,-8.374356478452682495e-02,3.012170642614364624e-02,6.722161173820495605e-02,5.362877622246742249e-02,5.382393673062324524e-02,-3.032787144184112549e-02,-3.355355933308601379e-02,-2.104564011096954346e-02,-1.087570656090974808e-02,6.494931876659393311e-02
1.594242304563522339e-01,-6.622443348169326782e-02,7.468248009681701660e-01,-6.447339653968811035e-01,-4.099056720733642578e-01,5.199159309267997742e-02,1.305391192436218262e-01,-2.937788069248199463e-01,-5.637276768684387207e-01,-5.987037420272827148e-01,-1.076899692416191101e-01,3.688723146915435791e-01,-6.334645152091979980e-01,-6.354153752326965332e-01,-7.245930433273315430e-01,-7.332597970962524414e-01,4.798721987754106522e-03,-5.758472681045532227e-01,6.999236345291137695e-01,4.416038393974304199e-01,2.404742091894149780e-01,-6.024406552314758301e-01,-5.793580412864685059e-01,4.010114967823028564e-01,-1.445443332195281982e-01,-6.279625296592712402e-01,6.873762011528015137e-01,2.634435892105102539e-01,-7.298002243041992188e-01,2.400157302618026733e-01,-4.134497418999671936e-02,7.493789792060852051e-01,-3.842981159687042236e-01,-6.139025688171386719e-01,2.797034941613674164e-02,7.514730095863342285e-01,-6.051986217498779297e-01,-7.356367707252502441e-01,6.161012649536132812e-01,4.654309451580047607e-01,-6.341606974601745605e-01,1.525382697582244873e-02,-7.058557868003845215e-01,-4.296049773693084717e-01,-1.604125201702117920e-01,7.247138023376464844e-01,6.998376250267028809e-01,2.855282723903656006e-01,3.147434890270233154e-01,5.033095926046371460e-02,-4.608650878071784973e-02,2.483624070882797241e-01,-4.422151148319244385e-01,-1.152551397681236267e-01,2.992700040340423584e-01,7.417773008346557617e-01,-3.877892196178436279e-01,-2.670191228389739990e-02,6.827555894851684570e-01,5.287573933601379395e-01,-2.438009157776832581e-02,2.552423477172851562e-01,-2.394361980259418488e-02,-1.402986943721771240e-01,2.231111563742160797e-02,2.656678259372711182e-01,-4.181962311267852783e-01,-7.419803142547607422e-01,6.850317120552062988e-01,-3.130215406417846680e-01,6.360760927200317383e-01,3.817721307277679443e-01,1.714570522308349609e-01,-7.439748048782348633e-01,1.363626122474670410e-01,6.919360160827636719e-01,2.773103769868612289e-03,-7.676216959953308105e-01,1.652001738548278809e-01,7.119256258010864258e-01,-6.769775152206420898e-01,-4.475981113500893116e-04,6.530107855796813965e-01,8.349996060132980347e-04,6.486796736717224121e-01,7.490010857582092285e-01,-3.205412328243255615e-01,-7.734635844826698303e-03,-6.871422529220581055e-01,-6.376897692680358887e-01,1.198995634913444519e-01,1.893178671598434448e-01,6.625420451164245605e-01,-3.122537732124328613e-01,6.625153422355651855e-01,-1.352085322141647339e-01,-5.430681705474853516e-01,-7.077385362208588049e-06,5.967693328857421875e-01,-5.949281454086303711e-01,2.320395708084106445e-01,-3.294222056865692139e-01,7.530223727226257324e-01,7.154244780540466309e-01,-7.788559794425964355e-01,7.867723703384399414e-02,6.089347600936889648e-01,7.684776186943054199e-01,2.405083030462265015e-01,7.395770400762557983e-03,-5.603956580162048340e-01,6.799404621124267578e-01,7.465904355049133301e-01,6.907297670841217041e-02,-7.492578625679016113e-01,6.546167135238647461e-01,-4.431196451187133789e-01,-5.601420998573303223e-01,7.264748215675354004e-01,-5.362381339073181152e-01,-7.163546085357666016e-01,-6.148082017898559570e-01,-6.219459176063537598e-01,5.370933413505554199e-01,4.484693706035614014e-01,4.738276302814483643e-01,5.853457003831863403e-02,-5.521323680877685547e-01
-2.491362839937210083e-01,3.628223016858100891e-02,-6.447339653968811035e-01,7.238324284553527832e-01,1.839606910943984985e-01,2.529013715684413910e-02,-8.208133280277252197e-02,4.693150147795677185e-02,5.537481307983398438e-01,4.326114356517791748e-01,-4.944370687007904053e-02,-1.835228204727172852e-01,4.071921110153198242e-01,5.825091600418090820e-01,6.285152435302734375e-01,4.897710680961608887e-01,-1.744953449815511703e-03,4.078729748725891113e-01,-6.557512283325195312e-01,-4.332517087459564209e-01,-3.654784262180328369e-01,5.810243487358093262e-01,5.384980440139770508e-01,-2.949280738830566406e-01,1.395833939313888550e-01,3.809320628643035889e-01,-5.390378236770629883e-01,3.405627980828285217e-02,5.088837146759033203e-01,-4.444303363561630249e-02,-8.679426275193691254e-03,-6.692599654197692871e-01,5.527193546295166016e-01,5.491706132888793945e-01,-7.801233325153589249e-03,-5.369124412536621094e-01,4.093258380889892578e-01,6.307181119918823242e-01,-3.011441826820373535e-01,-4.026552736759185791e-01,5.812629461288452148e-01,1.216919347643852234e-01,5.781718492507934570e-01,2.889986634254455566e-01,-7.011300325393676758e-02,-5.982611179351806641e-01,-6.571996808052062988e-01,-2.144072651863098145e-01,-7.432044297456741333e-02,-9.324310347437858582e-03,3.882637992501258850e-02,2.082070335745811462e-02,5.164204239845275879e-01,5.904774367809295654e-02,-6.478144228458404541e-02,-5.562660098075866699e-01,4.430706501007080078e-01,2.131992392241954803e-02,-5.804076790809631348e-01,-6.909986734390258789e-01,-5.068780109286308289e-02,-1.111826747655868530e-01,3.078392520546913147e-02,4.796008020639419556e-02,2.775805443525314331e-02,-2.275869846343994141e-01,2.864580154418945312e-01,5.294768214225769043e-01,-5.524703860282897949e-01,5.082343518733978271e-02,-4.604700505733489990e-01,-1.118913590908050537e-01,-3.074928820133209229e-01,6.519449949264526367e-01,-2.042396366596221924e-01,-5.265820622444152832e-01,-1.306266989558935165e-03,6.175146102905273438e-01,-3.481943607330322266e-01,-6.383932828903198242e-01,6.449802517890930176e-01,4.104618856217712164e-04,-5.026381611824035645e-01,8.672128431499004364e-03,-4.801538586616516113e-01,-6.736376881599426270e-01,5.893592536449432373e-02,3.611843334510922432e-03,5.489285588264465332e-01,5.279065370559692383e-01,-1.988507956266403198e-01,-3.792315423488616943e-01,-7.005888819694519043e-01,4.416035413742065430e-01,-6.212644577026367188e-01,2.654545903205871582e-01,3.672159016132354736e-01,3.170585841871798038e-06,-3.696420788764953613e-01,4.124623537063598633e-01,-8.002457767724990845e-02,4.455458745360374451e-02,-7.148602604866027832e-01,-5.348179340362548828e-01,7.360743880271911621e-01,1.924162209033966064e-01,-7.436160445213317871e-01,-6.109488606452941895e-01,-1.094319857656955719e-02,-2.510455995798110962e-02,6.226515173912048340e-01,-7.248593568801879883e-01,-7.221603989601135254e-01,2.067536115646362305e-01,6.126049757003784180e-01,-5.861331820487976074e-01,1.549088507890701294e-01,4.858863055706024170e-01,-5.623703598976135254e-01,6.200728416442871094e-01,5.615263581275939941e-01,6.558102965354919434e-01,6.153774857521057129e-01,-5.332454442977905273e-01,-4.663678109645843506e-01,-5.752074122428894043e-01,-5.561043974012136459e-03,4.014248847961425781e-01
3.474179208278656006e-01,7.099807262420654297e-02,-4.099056720733642578e-01,1.839606910943984985e-01,6.882562637329101562e-01,-3.739792704582214355e-01,-3.929369524121284485e-02,7.034273147583007812e-01,3.190064728260040283e-01,3.980014622211456299e-01,-1.379219293594360352e-01,-5.421841144561767578e-01,3.569859266281127930e-01,3.822183012962341309e-01,4.866736531257629395e-01,7.551119923591613770e-01,-6.240488728508353233e-04,3.802643418312072754e-01,-3.637360334396362305e-01,-3.757479190826416016e-01,-1.917026937007904053e-01,1.485395282506942749e-01,1.515674591064453125e-01,-1.481484472751617432e-01,1.153317168354988098e-01,6.834907531738281250e-01,-5.255636572837829590e-01,-6.659799814224243164e-01,6.275156140327453613e-01,-3.187077939510345459e-01,-1.091045960783958435e-01,-5.493302345275878906e-01,-5.142326280474662781e-02,5.313503146171569824e-01,-3.985553234815597534e-02,-6.156165003776550293e-01,5.795286297798156738e-01,5.553066730499267578e-01,-7.642628550529479980e-01,-5.890584588050842285e-01,5.290511250495910645e-01,2.456459915265440941e-03,3.506350517272949219e-01,3.411661684513092041e-01,2.413812726736068726e-01,-2.976823747158050537e-01,-4.687158763408660889e-01,-1.655257344245910645e-01,-2.380259484052658081e-01,-1.445530802011489868e-01,-1.621897965669631958e-01,-5.765175819396972656e-01,3.441423177719116211e-01,4.994025826454162598e-02,-3.098792433738708496e-01,-6.417405009269714355e-01,3.529544174671173096e-01,2.066978812217712402e-02,-3.283963203430175781e-01,1.053511258214712143e-02,-2.181454189121723175e-02,-6.224062293767929077e-02,2.418156247586011887e-03,3.257319331169128418e-01,8.100561797618865967e-02,-2.014785706996917725e-01,-7.415644824504852295e-03,6.670781970024108887e-01,-5.309612751007080078e-01,6.216623187065124512e-01,-6.928811669349670410e-01,-2.293761521577835083e-01,-8.868476003408432007e-02,4.555151164531707764e-01,-2.184135764837265015e-01,-6.246103048324584961e-01,-1.658961758948862553e-03,5.668599605560302734e-01,1.044888049364089966e-01,-4.454865157604217529e-01,4.890617728233337402e-01,2.518754627089947462e-04,-6.121309399604797363e-01,-1.052050013095140457e-02,-7.098356485366821289e-01,-4.037203192710876465e-01,6.302013993263244629e-01,8.704929612576961517e-03,3.667661249637603760e-01,5.634797811508178711e-01,-1.323270797729492188e-01,3.215450346469879150e-01,-2.355636060237884521e-01,-6.506661325693130493e-02,-4.385311901569366455e-01,-3.079313933849334717e-01,3.588566482067108154e-01,3.017959500084543834e-07,-6.064739823341369629e-01,5.415009856224060059e-01,-5.940665602684020996e-01,6.860384345054626465e-01,-4.845038056373596191e-01,-6.569705605506896973e-01,4.180158078670501709e-01,-1.092684566974639893e-01,-5.944207310676574707e-02,-4.312740564346313477e-01,-6.330275535583496094e-01,2.466847375035285950e-02,1.834230571985244751e-01,-2.032108604907989502e-01,-4.150329530239105225e-01,-2.497616410255432129e-01,6.100662350654602051e-01,-4.689868390560150146e-01,6.797209382057189941e-01,1.612034887075424194e-01,-6.475716233253479004e-01,1.078343987464904785e-01,3.821616172790527344e-01,3.522248566150665283e-01,3.702009022235870361e-01,-4.494961351156234741e-03,-3.449865877628326416e-01,-7.427885662764310837e-03,-6.640050560235977173e-02,5.426432490348815918e-01
-3.696177899837493896e-01,-3.290605917572975159e-02,5.199159309267997742e-02,2.529013715684413910e-02,-3.739792704582214355e-01,3.443625867366790771e-01,-2.791733667254447937e-02,-4.053072631359100342e-01,-1.683512777090072632e-01,-8.590199053287506104e-02,2.724339067935943604e-01,2.705230414867401123e-01,3.556329384446144104e-02,-1.281851828098297119e-01,-1.510438472032546997e-01,-3.374442756175994873e-01,-2.832673257216811180e-03,-5.063772201538085938e-02,6.692559272050857544e-02,2.141959965229034424e-01,2.487608343362808228e-01,9.272485971450805664e-02,9.351716190576553345e-02,-7.480590790510177612e-02,-6.229601055383682251e-02,-3.120242655277252197e-01,1.806581020355224609e-01,3.792243301868438721e-01,-1.745542585849761963e-01,9.901382029056549072e-02,1.549565345048904419e-01,2.513116598129272461e-01,6.706022471189498901e-02,-2.454664409160614014e-01,1.390986237674951553e-02,2.126572728157043457e-01,-2.255036532878875732e-01,-2.142096310853958130e-01,3.171199262142181396e-01,3.756244182586669922e-01,-2.859789133071899414e-01,-1.087675094604492188e-01,4.061758227180689573e-04,-7.675422728061676025e-02,1.052868645638227463e-02,-7.047384232282638550e-02,1.674235612154006958e-01,2.426253398880362511e-03,-6.607836484909057617e-02,7.494556158781051636e-02,1.796603202819824219e-01,2.606589198112487793e-01,-2.532881796360015869e-01,3.493298217654228210e-02,2.209227904677391052e-02,2.314278632402420044e-01,-2.415220439434051514e-01,-6.382228806614875793e-03,1.139375660568475723e-02,-9.679010510444641113e-02,9.718376398086547852e-02,-1.541029810905456543e-01,-1.982604735530912876e-04,-2.394051551818847656e-01,-1.371476948261260986e-01,8.085330575704574585e-02,2.447464466094970703e-01,-2.523824572563171387e-01,2.102005779743194580e-01,-3.198777437210083008e-01,3.279687464237213135e-01,-1.381942778825759888e-01,1.497788131237030029e-01,-1.178177520632743835e-01,2.403061240911483765e-01,2.586719691753387451e-01,-2.641431638039648533e-04,-1.634330451488494873e-01,-4.087724536657333374e-02,1.469847708940505981e-01,-2.118588536977767944e-01,-5.893095658393576741e-05,2.661182880401611328e-01,2.632064744830131531e-03,3.681921958923339844e-01,7.394631952047348022e-02,-3.253918588161468506e-01,-2.781640738248825073e-03,-4.683019965887069702e-02,-2.478717863559722900e-01,1.353759765625000000e-01,-2.274669557809829712e-01,3.056657686829566956e-02,7.310973852872848511e-02,1.660819947719573975e-01,2.525843083858489990e-01,-1.078663207590579987e-02,2.843247330019949004e-06,2.340226769447326660e-01,-2.012029588222503662e-01,3.776791691780090332e-01,-3.827873468399047852e-01,1.879855692386627197e-01,2.664471566677093506e-01,-1.085211113095283508e-01,-6.397316604852676392e-02,-5.893588066101074219e-02,3.294948115944862366e-02,3.964225351810455322e-01,-1.126367691904306412e-02,-6.813292205333709717e-02,-2.794814854860305786e-02,1.136762872338294983e-01,5.081518739461898804e-02,-2.188905328512191772e-01,1.989175230264663696e-01,-3.396691381931304932e-01,1.278916597366333008e-01,2.539851367473602295e-01,2.067122608423233032e-02,5.318809766322374344e-03,-1.725682020187377930e-01,-1.643178015947341919e-01,-1.871037781238555908e-01,1.802842319011688232e-01,-7.488724589347839355e-02,8.182941935956478119e-03,-2.269504815340042114e-01
7.542449235916137695e-02,-1.227383967489004135e-02,1.305391192436218262e-01,-8.208133280277252197e-02,-3.929369524121284485e-02,-2.791733667254447937e-02,5.752109736204147339e-02,-1.342448126524686813e-02,-7.872613519430160522e-02,-1.102568507194519043e-01,-1.269606798887252808e-01,3.939768299460411072e-02,-1.802956014871597290e-01,-8.282551914453506470e-02,-1.011998429894447327e-01,-1.267775148153305054e-01,2.366054570302367210e-03,-1.407517343759536743e-01,1.047283187508583069e-01,-2.815210260450839996e-03,-4.454098641872406006e-02,-1.163436099886894226e-01,-1.128456220030784607e-01,1.028928235173225403e-01,-7.102360017597675323e-03,-1.108525395393371582e-01,9.902406483888626099e-02,3.986880555748939514e-02,-1.300606280565261841e-01,5.467475950717926025e-02,-4.768755286931991577e-02,9.299799799919128418e-02,-3.826254233717918396e-02,-3.791308775544166565e-02,5.318731535226106644e-03,1.440002769231796265e-01,-9.379340708255767822e-02,-1.002827137708663940e-01,1.257863193750381470e-01,-8.080082014203071594e-03,-6.483615189790725708e-02,6.629558652639389038e-02,-1.489865481853485107e-01,-7.592899352312088013e-02,-7.975724339485168457e-02,1.646413803100585938e-01,8.165334165096282959e-02,7.097470760345458984e-02,1.256508976221084595e-01,-1.430753711611032486e-02,-5.078832805156707764e-02,2.705990709364414215e-02,7.577388081699609756e-03,-3.527272120118141174e-02,9.471110999584197998e-02,1.126647964119911194e-01,1.287767849862575531e-02,-3.782071173191070557e-03,1.415172219276428223e-01,7.147139310836791992e-02,-4.659378156065940857e-02,1.197963431477546692e-01,-1.591363106854259968e-03,5.979397799819707870e-03,3.773267939686775208e-02,3.098234161734580994e-02,-1.674492955207824707e-01,-1.251672655344009399e-01,9.993409365415573120e-02,-3.541706502437591553e-02,6.913423538208007812e-02,1.452857553958892822e-01,-4.326366260647773743e-02,-1.225410178303718567e-01,-3.230617940425872803e-02,9.787819534540176392e-02,9.201968205161392689e-04,-1.212533488869667053e-01,-5.079494323581457138e-03,1.039794087409973145e-01,-6.588138639926910400e-02,-5.697161395801231265e-05,7.442533224821090698e-02,8.393220487050712109e-04,7.556786388158798218e-02,1.239910647273063660e-01,-3.374012187123298645e-02,-1.537946634925901890e-03,-1.413657665252685547e-01,-6.723000109195709229e-02,-3.439372032880783081e-02,4.360244423151016235e-02,9.818896651268005371e-02,-2.281068637967109680e-02,8.685182780027389526e-02,-5.108093097805976868e-02,-1.264235526323318481e-01,-3.843649665213888511e-06,9.625066816806793213e-02,-1.144287809729576111e-01,-3.179183974862098694e-02,-3.892073035240173340e-02,9.747495502233505249e-02,1.061398014426231384e-01,-1.162444651126861572e-01,1.164889335632324219e-01,8.791498839855194092e-02,1.804987192153930664e-01,1.434145960956811905e-02,-3.844799939543008804e-04,-6.621535867452621460e-02,8.741924166679382324e-02,1.109051108360290527e-01,1.019840091466903687e-01,-1.050157248973846436e-01,7.858495414257049561e-02,-7.374800741672515869e-02,-1.292500942945480347e-01,1.022886931896209717e-01,-7.022778689861297607e-02,-1.605251133441925049e-01,-5.157404020428657532e-02,-6.139531731605529785e-02,1.363586634397506714e-01,-8.842431125231087208e-04,5.952429398894309998e-02,2.160008065402507782e-02,-6.221872568130493164e-02
4.271689653396606445e-01,6.517342478036880493e-02,-2.937788069248199463e-01,4.693150147795677185e-02,7.034273147583007812e-01,-4.053072631359100342e-01,-1.342448126524686813e-02,7.690324783325195312e-01,2.045961171388626099e-01,3.231090307235717773e-01,-1.480921804904937744e-01,-5.756033658981323242e-01,2.701206803321838379e-01,2.948392331600189209e-01,3.941769003868103027e-01,6.917216181755065918e-01,5.084091681055724621e-04,2.963940203189849854e-01,-2.373348772525787354e-01,-3.366863727569580078e-01,-1.181327998638153076e-01,3.658775985240936279e-02,3.620856627821922302e-02,-9.551557898521423340e-02,9.941675513982772827e-02,6.445950269699096680e-01,-4.576914310455322266e-01,-7.281438708305358887e-01,5.718024969100952148e-01,-3.322107791900634766e-01,-1.289182454347610474e-01,-4.417257606983184814e-01,-2.106780856847763062e-01,4.805409908294677734e-01,-4.421449080109596252e-02,-5.355054736137390137e-01,5.425025224685668945e-01,4.567806720733642578e-01,-7.496142387390136719e-01,-5.660483837127685547e-01,4.337251782417297363e-01,-2.588887698948383331e-02,2.370269000530242920e-01,3.119400143623352051e-01,3.047545850276947021e-01,-1.880263388156890869e-01,-3.654293119907379150e-01,-1.190207377076148987e-01,-2.355269044637680054e-01,-2.035313546657562256e-01,-2.047144174575805664e-01,-6.645035743713378906e-01,2.582724988460540771e-01,3.349458053708076477e-02,-3.271598219871520996e-01,-5.727776288986206055e-01,3.127663135528564453e-01,1.848530955612659454e-02,-1.986571103334426880e-01,1.746789664030075073e-01,-1.226930879056453705e-02,-2.355265431106090546e-02,-5.082179326564073563e-03,3.276588916778564453e-01,7.290043681859970093e-02,-1.720807254314422607e-01,-1.063881069421768188e-01,5.933862328529357910e-01,-4.580103754997253418e-01,6.763343811035156250e-01,-6.531603932380676270e-01,-2.389746904373168945e-01,-3.830366209149360657e-02,3.499361574649810791e-01,-1.641675531864166260e-01,-5.481685996055603027e-01,-1.452498603612184525e-03,4.839967489242553711e-01,1.994740813970565796e-01,-3.360621333122253418e-01,3.907662928104400635e-01,1.954222680069506168e-04,-5.611690878868103027e-01,-1.411956734955310822e-02,-6.478874683380126953e-01,-2.883067727088928223e-01,6.856385469436645508e-01,8.979978039860725403e-03,2.596392035484313965e-01,5.087739229202270508e-01,-9.475929290056228638e-02,4.784425497055053711e-01,-8.588639646768569946e-02,-1.647611558437347412e-01,-3.252840936183929443e-01,-4.089985787868499756e-01,2.861692309379577637e-01,-1.608778688932943624e-06,-5.815524458885192871e-01,4.715788662433624268e-01,-6.677696108818054199e-01,7.409398555755615234e-01,-3.622370958328247070e-01,-5.915424227714538574e-01,2.770653963088989258e-01,-1.442803591489791870e-01,1.281485855579376221e-01,-3.115203082561492920e-01,-6.917404532432556152e-01,3.448471054434776306e-02,5.891499295830726624e-02,-6.336267292499542236e-02,-2.847028970718383789e-01,-2.817345559597015381e-01,5.259173512458801270e-01,-3.724604547023773193e-01,7.027637958526611328e-01,6.580054759979248047e-02,-5.740733742713928223e-01,-3.664620965719223022e-02,2.706029415130615234e-01,2.288298606872558594e-01,2.594618201255798340e-01,1.460810154676437378e-01,-3.103832304477691650e-01,1.299444437026977539e-01,-6.130830571055412292e-02,5.147244334220886230e-01
-1.631846651434898376e-02,5.532221496105194092e-02,-5.637276768684387207e-01,5.537481307983398438e-01,3.190064728260040283e-01,-1.683512777090072632e-01,-7.872613519430160522e-02,2.045961171388626099e-01,6.070980429649353027e-01,4.454187452793121338e-01,-9.977099299430847168e-02,-2.930610775947570801e-01,3.685690462589263916e-01,5.648547410964965820e-01,6.127634048461914062e-01,6.151365637779235840e-01,-1.018322305753827095e-03,3.473432064056396484e-01,-5.807539224624633789e-01,-4.728279113769531250e-01,-4.451629221439361572e-01,4.469624161720275879e-01,3.939214050769805908e-01,-2.311033308506011963e-01,1.486622840166091919e-01,5.294771194458007812e-01,-5.843151807785034180e-01,-1.745234429836273193e-01,5.159797072410583496e-01,-1.205184832215309143e-01,-6.198639795184135437e-02,-7.420513033866882324e-01,3.954793810844421387e-01,5.681793689727783203e-01,-1.384335476905107498e-02,-6.184934973716735840e-01,4.726960659027099609e-01,6.429772973060607910e-01,-4.272873997688293457e-01,-4.891023635864257812e-01,6.395864486694335938e-01,1.310108006000518799e-01,4.919319748878479004e-01,2.747074365615844727e-01,-6.999457627534866333e-02,-5.038999915122985840e-01,-6.070072054862976074e-01,-1.571471989154815674e-01,-2.572245523333549500e-02,-3.816752508282661438e-02,-4.648982733488082886e-02,-9.846564382314682007e-02,5.410519838333129883e-01,2.207349427044391632e-02,-7.991088926792144775e-02,-5.934950113296508789e-01,4.498097002506256104e-01,1.997095160186290741e-02,-5.055629014968872070e-01,-5.095821022987365723e-01,-8.865960687398910522e-02,-1.307565951719880104e-03,2.668328210711479187e-02,1.926770359277725220e-01,8.647492527961730957e-02,-2.307815402746200562e-01,1.764816045761108398e-01,5.985997915267944336e-01,-6.025195717811584473e-01,2.112926542758941650e-01,-5.355615615844726562e-01,-6.198282539844512939e-02,-3.390491604804992676e-01,6.242442131042480469e-01,-2.713819146156311035e-01,-5.771843791007995605e-01,-1.268796622753143311e-03,6.093420982360839844e-01,-2.255760878324508667e-01,-6.321650147438049316e-01,6.314642429351806641e-01,3.668987774290144444e-04,-5.496365427970886230e-01,5.659242626279592514e-03,-5.847765803337097168e-01,-6.201733350753784180e-01,2.154850214719772339e-01,4.631267860531806946e-03,5.559919476509094238e-01,5.594882965087890625e-01,-1.916839480400085449e-01,-2.181388586759567261e-01,-6.091688275337219238e-01,3.446579873561859131e-01,-5.815337896347045898e-01,1.105616763234138489e-01,2.899190783500671387e-01,5.050285381003050134e-06,-4.525225758552551270e-01,4.455356895923614502e-01,-2.157892584800720215e-01,2.587038576602935791e-01,-7.032424211502075195e-01,-5.935242176055908203e-01,7.069776058197021484e-01,6.678517162799835205e-02,-6.203761696815490723e-01,-5.663767457008361816e-01,-2.106732428073883057e-01,-1.764583028852939606e-02,6.089576482772827148e-01,-6.019634008407592773e-01,-6.590154767036437988e-01,1.033623665571212769e-01,6.002203226089477539e-01,-6.143755912780761719e-01,3.263170123100280762e-01,3.130665123462677002e-01,-5.894106030464172363e-01,4.913576245307922363e-01,4.775120019912719727e-01,6.295241713523864746e-01,6.025952696800231934e-01,-3.665414154529571533e-01,-4.629149138927459717e-01,-4.554017484188079834e-01,-1.352176070213317871e-02,4.478065073490142822e-01
-5.830802023410797119e-02,6.283313035964965820e-02,-5.987037420272827148e-01,4.326114356517791748e-01,3.980014622211456299e-01,-8.590199053287506104e-02,-1.102568507194519043e-01,3.231090307235717773e-01,4.454187452793121338e-01,5.292624831199645996e-01,1.493747085332870483e-01,-3.417670726776123047e-01,5.833021998405456543e-01,4.943345785140991211e-01,5.980340838432312012e-01,7.176188230514526367e-01,-5.011656787246465683e-03,4.652524888515472412e-01,-5.547826290130615234e-01,-3.472450971603393555e-01,-1.507247835397720337e-01,4.405407607555389404e-01,4.225479364395141602e-01,-3.376300036907196045e-01,1.107620149850845337e-01,6.282913088798522949e-01,-6.155993342399597168e-01,-3.361944258213043213e-01,6.664605736732482910e-01,-2.698704600334167480e-01,5.649803206324577332e-02,-6.624388098716735840e-01,2.055364102125167847e-01,5.038560628890991211e-01,-2.761497162282466888e-02,-7.153052687644958496e-01,5.414763689041137695e-01,6.207096576690673828e-01,-6.409344673156738281e-01,-3.804016411304473877e-01,5.180574655532836914e-01,-6.307540088891983032e-02,5.719643235206604004e-01,3.596370220184326172e-01,1.780713498592376709e-01,-6.111176013946533203e-01,-5.382667779922485352e-01,-2.116785943508148193e-01,-2.906789183616638184e-01,-4.291687905788421631e-02,3.493844717741012573e-02,-2.956638038158416748e-01,3.118812143802642822e-01,9.712707251310348511e-02,-3.060285449028015137e-01,-6.714408397674560547e-01,2.506005465984344482e-01,2.065414749085903168e-02,-5.546424388885498047e-01,-3.172970712184906006e-01,3.192515671253204346e-02,-2.158715128898620605e-01,1.552507467567920685e-02,1.761742979288101196e-01,-2.755476161837577820e-02,-2.092293947935104370e-01,3.724068403244018555e-01,6.906496882438659668e-01,-5.932428836822509766e-01,3.498811423778533936e-01,-5.735456943511962891e-01,-3.983069360256195068e-01,-8.894930779933929443e-02,6.131946444511413574e-01,-8.571120351552963257e-02,-6.149349212646484375e-01,-2.571680583059787750e-03,6.660678982734680176e-01,-3.180575370788574219e-02,-5.799396634101867676e-01,5.360916852951049805e-01,3.319980751257389784e-04,-5.619931221008300781e-01,-4.517741966992616653e-03,-5.898237228393554688e-01,-6.052507162094116211e-01,3.540177345275878906e-01,7.240852341055870056e-03,6.084529757499694824e-01,5.297339558601379395e-01,-5.029546096920967102e-02,-7.153341919183731079e-02,-4.885542392730712891e-01,1.878969520330429077e-01,-5.123721361160278320e-01,4.276194423437118530e-02,4.484677016735076904e-01,7.099732556525850669e-06,-5.512886047363281250e-01,5.191550850868225098e-01,-2.379768639802932739e-01,3.990385234355926514e-01,-6.094039678573608398e-01,-6.461728811264038086e-01,6.572903990745544434e-01,-2.170231193304061890e-01,-4.341649115085601807e-01,-6.695938706398010254e-01,-2.798410952091217041e-01,1.036994799505919218e-04,4.169762134552001953e-01,-5.107509493827819824e-01,-5.786080956459045410e-01,-1.575655937194824219e-01,6.299653053283691406e-01,-5.396253466606140137e-01,4.709197282791137695e-01,4.066070616245269775e-01,-6.347630620002746582e-01,3.498915135860443115e-01,6.053686141967773438e-01,4.503307640552520752e-01,4.728530943393707275e-01,-3.884741961956024170e-01,-3.270177841186523438e-01,-3.084224760532379150e-01,-6.785455346107482910e-02,4.730261862277984619e-01
-3.350696861743927002e-01,4.005277529358863831e-03,-1.076899692416191101e-01,-4.944370687007904053e-02,-1.379219293594360352e-01,2.724339067935943604e-01,-1.269606798887252808e-01,-1.480921804904937744e-01,-9.977099299430847168e-02,1.493747085332870483e-01,5.817216634750366211e-01,5.659702047705650330e-02,3.887273371219635010e-01,-2.048941701650619507e-02,8.104527951218187809e-04,2.978264354169368744e-02,-7.560847327113151550e-03,1.962381601333618164e-01,-2.302050357684493065e-03,2.320220321416854858e-01,4.237538576126098633e-01,1.782121360301971436e-01,1.800308972597122192e-01,-2.488930821418762207e-01,-5.918895825743675232e-02,4.470589756965637207e-02,-4.815120622515678406e-02,2.689756639301776886e-02,1.344975382089614868e-01,-1.319067776203155518e-01,2.497829645872116089e-01,9.587924182415008545e-02,-1.415080428123474121e-01,-1.734157353639602661e-01,-1.110570784658193588e-02,-1.332769691944122314e-01,2.915013395249843597e-02,-6.094110757112503052e-02,-1.252267062664031982e-01,3.446370661258697510e-01,-2.137236595153808594e-01,-3.234537243843078613e-01,2.157621681690216064e-01,1.025075316429138184e-01,3.328325152397155762e-01,-3.199971616268157959e-01,1.110906153917312622e-01,-9.425414353609085083e-02,-4.016194939613342285e-01,1.284831855446100235e-02,2.241801768541336060e-01,-3.922879695892333984e-02,-3.772256970405578613e-01,1.154901012778282166e-01,-2.865534126758575439e-01,-3.224359452724456787e-02,-3.364249765872955322e-01,4.069464630447328091e-04,-1.571574211120605469e-01,6.650915741920471191e-02,2.160938382148742676e-01,-3.733406662940979004e-01,-7.953589782118797302e-03,-1.669081747531890869e-01,-2.293570339679718018e-01,3.221923485398292542e-02,4.997779726982116699e-01,5.067888274788856506e-02,-3.801305079832673073e-03,-3.321821615099906921e-02,1.226896941661834717e-01,-5.523478388786315918e-01,3.239034712314605713e-01,5.032936483621597290e-02,3.837010264396667480e-01,5.008004233241081238e-02,-2.564071444794535637e-03,6.804399937391281128e-02,1.910988837480545044e-01,1.370211970061063766e-02,-1.757651120424270630e-01,4.176758920948486775e-06,7.333265244960784912e-02,-8.055332116782665253e-03,1.608979552984237671e-01,-8.093868941068649292e-02,-3.569163754582405090e-02,2.386838896200060844e-03,1.981110423803329468e-01,-1.087098419666290283e-01,2.856515645980834961e-01,-3.351524844765663147e-02,3.856778517365455627e-02,-5.571829155087471008e-02,1.071967929601669312e-01,1.623396575450897217e-01,2.008425444364547729e-01,1.177630383608629927e-05,-6.622059643268585205e-02,3.096747398376464844e-02,2.528097033500671387e-01,-4.000180959701538086e-02,1.037869378924369812e-01,1.690508797764778137e-02,-1.154442131519317627e-02,-4.966619014739990234e-01,7.773178815841674805e-02,-2.494256794452667236e-01,1.479213237762451172e-01,7.283756043761968613e-03,-7.634789496660232544e-02,1.859700307250022888e-03,5.147702619433403015e-02,-3.225723505020141602e-01,-3.324664011597633362e-02,1.041943281888961792e-01,3.782966360449790955e-02,2.530870139598846436e-01,4.013089090585708618e-02,-5.464944243431091309e-02,2.473427057266235352e-01,-2.190446257591247559e-01,-1.336537748575210571e-01,-2.570218443870544434e-01,2.158341109752655029e-01,1.043579168617725372e-02,-5.342746898531913757e-02,-6.324348598718643188e-02
-2.180678695440292358e-01,-5.386714637279510498e-02,3.688723146915435791e-01,-1.835228204727172852e-01,-5.421841144561767578e-01,2.705230414867401123e-01,3.939768299460411072e-02,-5.756033658981323242e-01,-2.930610775947570801e-01,-3.417670726776123047e-01,5.659702047705650330e-02,4.608078002929687500e-01,-3.127309978008270264e-01,-3.737297654151916504e-01,-4.663402140140533447e-01,-7.132645249366760254e-01,1.240789279108867049e-04,-2.783711254596710205e-01,3.108876645565032959e-01,3.541064262390136719e-01,1.680598706007003784e-01,-1.735014319419860840e-01,-1.483018696308135986e-01,1.457579433917999268e-01,-1.026990413665771484e-01,-6.179347634315490723e-01,5.231472849845886230e-01,5.472975373268127441e-01,-5.867413878440856934e-01,2.558591663837432861e-01,7.939554005861282349e-02,5.555487275123596191e-01,7.401429861783981323e-02,-5.116693377494812012e-01,3.484997525811195374e-02,5.954196453094482422e-01,-4.991901814937591553e-01,-5.009366869926452637e-01,6.975807547569274902e-01,5.015719532966613770e-01,-4.489914178848266602e-01,1.449382398277521133e-02,-3.142833113670349121e-01,-2.861288785934448242e-01,-2.270832806825637817e-01,3.261807262897491455e-01,4.120242595672607422e-01,1.061496064066886902e-01,1.922184526920318604e-01,1.866272091865539551e-01,1.384914815425872803e-01,5.007003545761108398e-01,-2.843841016292572021e-01,-3.634252399206161499e-02,2.607896625995635986e-01,6.018354892730712891e-01,-3.095597624778747559e-01,-1.767772622406482697e-02,2.649355828762054443e-01,7.022920995950698853e-03,9.806799702346324921e-03,2.531525120139122009e-02,-3.038544440641999245e-03,-2.290324568748474121e-01,-3.088775090873241425e-02,1.717397272586822510e-01,-8.424538187682628632e-03,-6.107360720634460449e-01,5.000274181365966797e-01,-5.076399445533752441e-01,6.038259863853454590e-01,2.700598835945129395e-01,1.031440421938896179e-01,-4.324366748332977295e-01,1.031700149178504944e-01,5.319384932518005371e-01,1.536070834845304489e-03,-5.508901476860046387e-01,-1.018847376108169556e-01,4.179728925228118896e-01,-4.355853199958801270e-01,-2.421436074655503035e-04,5.504673123359680176e-01,8.797073736786842346e-03,6.040697097778320312e-01,4.007359445095062256e-01,-5.186893343925476074e-01,-7.357762195169925690e-03,-3.561345338821411133e-01,-5.052191019058227539e-01,6.900195777416229248e-02,-2.752995789051055908e-01,2.154815644025802612e-01,-1.162613509222865105e-03,3.484748899936676025e-01,2.125912755727767944e-01,-2.490033954381942749e-01,-2.567387809904175811e-06,5.402921438217163086e-01,-4.092941284179687500e-01,5.087291598320007324e-01,-5.962063670158386230e-01,4.573908746242523193e-01,5.962080955505371094e-01,-3.996528089046478271e-01,1.282982230186462402e-01,5.854262039065361023e-02,3.979803621768951416e-01,4.995828866958618164e-01,-1.757340319454669952e-02,-2.284700572490692139e-01,2.243315130472183228e-01,3.794395029544830322e-01,1.509003937244415283e-01,-5.501020550727844238e-01,4.150307476520538330e-01,-5.951101779937744141e-01,-1.432209610939025879e-01,5.696865916252136230e-01,-9.825224429368972778e-02,-3.285413384437561035e-01,-3.062458634376525879e-01,-3.409405350685119629e-01,1.153123844414949417e-02,3.568712174892425537e-01,4.822113737463951111e-02,3.527042269706726074e-02,-4.521071016788482666e-01
