9.999983906745910645e-01,-9.999986886978149414e-01,-9.999933242797851562e-01,9.999979138374328613e-01,9.999988675117492676e-01,-9.999988079071044922e-01,9.999958872795104980e-01,9.999991059303283691e-01,-9.999971985816955566e-01,9.999980926513671875e-01,-9.999987483024597168e-01,-9.999988675117492676e-01,9.999982118606567383e-01,9.999985098838806152e-01,9.999914169311523438e-01,9.999966025352478027e-01,9.999973177909851074e-01,-9.999984502792358398e-01,9.999933838844299316e-01,-9.999991059303283691e-01,-9.999989271163940430e-01,9.999926686286926270e-01,9.999985694885253906e-01,9.999982714653015137e-01,9.999889135360717773e-01,9.999989867210388184e-01,-9.999982118606567383e-01,-9.999988675117492676e-01,9.999889731407165527e-01,-9.999958276748657227e-01,-9.999924898147583008e-01,-9.999983906745910645e-01,9.999893307685852051e-01,9.999963045120239258e-01,-9.999976754188537598e-01,9.998567104339599609e-01,9.999990463256835938e-01,9.999986290931701660e-01,9.999918937683105469e-01,-9.999988079071044922e-01,9.999986886978149414e-01,-9.999924302101135254e-01,9.999797940254211426e-01,9.999988675117492676e-01,9.999983906745910645e-01,9.999982714653015137e-01,-9.999933242797851562e-01,9.999985098838806152e-01,9.999987483024597168e-01,-9.999985098838806152e-01,-9.999987483024597168e-01,-9.999982714653015137e-01,-9.999988675117492676e-01,-9.999929070472717285e-01,-9.999982118606567383e-01,-9.999982118606567383e-01,-9.999952316284179688e-01,9.999695420265197754e-01,9.999971985816955566e-01,9.999984502792358398e-01,-9.999983310699462891e-01,9.999988675117492676e-01,9.999983906745910645e-01,9.999954104423522949e-01,-9.999954104423522949e-01,-9.999988675117492676e-01,-9.999991059303283691e-01,-9.999959468841552734e-01,-9.999989271163940430e-01,9.999986290931701660e-01,-9.999986886978149414e-01,9.999979138374328613e-01,9.999908804893493652e-01,-9.999935030937194824e-01,-9.999759793281555176e-01,-9.999983310699462891e-01,9.999928474426269531e-01,9.999986886978149414e-01,-9.999944567680358887e-01,-9.999962449073791504e-01,9.999687671661376953e-01,9.999976754188537598e-01,-9.999988079071044922e-01,9.999979138374328613e-01,-9.999982714653015137e-01,-9.999892711639404297e-01,9.999812245368957520e-01,9.999988079071044922e-01,9.999843835830688477e-01,9.999273419380187988e-01,-9.999966025352478027e-01,9.999982714653015137e-01,-9.999821186065673828e-01,-9.999976754188537598e-01,9.999982118606567383e-01,-9.999978542327880859e-01,-9.999914765357971191e-01,9.999990463256835938e-01,-9.999987483024597168e-01,9.999958872795104980e-01,-9.999967813491821289e-01,9.999987483024597168e-01,-9.999327063560485840e-01,9.987369775772094727e-01,9.999986290931701660e-01,9.999973177909851074e-01,-9.999782443046569824e-01,-9.999983310699462891e-01,-9.999939799308776855e-01,9.999985098838806152e-01,-9.999984502792358398e-01,9.999982714653015137e-01,-9.999983310699462891e-01,-9.999684095382690430e-01,9.999991059303283691e-01,-9.999978542327880859e-01,9.999989271163940430e-01,-9.999983310699462891e-01,-9.999949336051940918e-01,-9.999978542327880859e-01,-9.999986886978149414e-01,9.999963045120239258e-01,9.999983310699462891e-01,-9.999976754188537598e-01,-9.999887943267822266e-01,-9.999955296516418457e-01,9.999904036521911621e-01,-9.999955892562866211e-01
-9.999986886978149414e-01,9.999989867210388184e-01,9.999946355819702148e-01,-9.999983906745910645e-01,-9.999991655349731445e-01,9.999990463256835938e-01,-9.999966025352478027e-01,-9.999993443489074707e-01,9.999977350234985352e-01,-9.999984502792358398e-01,9.999990463256835938e-01,9.999991655349731445e-01,-9.999985098838806152e-01,-9.999988675117492676e-01,-9.999929666519165039e-01,-9.999971985816955566e-01,-9.999978542327880859e-01,9.999987483024597168e-01,-9.999946951866149902e-01,9.999994039535522461e-01,9.999992251396179199e-01,-9.999939799308776855e-01,-9.999988079071044922e-01,-9.999986886978149414e-01,-9.999909400939941406e-01,-9.999992847442626953e-01,9.999986290931701660e-01,9.999991655349731445e-01,-9.999909400939941406e-01,9.999966621398925781e-01,9.999938011169433594e-01,9.999986886978149414e-01,-9.999912381172180176e-01,-9.999970197677612305e-01,9.999981522560119629e-01,-9.998823404312133789e-01,-9.999992251396179199e-01,-9.999989271163940430e-01,-9.999933242797851562e-01,9.999991059303283691e-01,-9.999989867210388184e-01,9.999938011169433594e-01,-9.999834895133972168e-01,-9.999991655349731445e-01,-9.999986290931701660e-01,-9.999986886978149414e-01,9.999945163726806641e-01,-9.999988079071044922e-01,-9.999990463256835938e-01,9.999988675117492676e-01,9.999990463256835938e-01,9.999986886978149414e-01,9.999992251396179199e-01,9.999942779541015625e-01,9.999986290931701660e-01,9.999986290931701660e-01,9.999961256980895996e-01,-9.999749660491943359e-01,-9.999977946281433105e-01,-9.999986886978149414e-01,9.999986886978149414e-01,-9.999992251396179199e-01,-9.999987483024597168e-01,-9.999962449073791504e-01,9.999962449073791504e-01,9.999991059303283691e-01,9.999992847442626953e-01,9.999966621398925781e-01,9.999991655349731445e-01,-9.999989271163940430e-01,9.999990463256835938e-01,-9.999983310699462891e-01,-9.999926090240478516e-01,9.999947547912597656e-01,9.999803304672241211e-01,9.999987483024597168e-01,-9.999940991401672363e-01,-9.999990463256835938e-01,9.999955296516418457e-01,9.999969005584716797e-01,-9.999744296073913574e-01,-9.999981522560119629e-01,9.999991059303283691e-01,-9.999982714653015137e-01,9.999986290931701660e-01,9.999911785125732422e-01,-9.999846220016479492e-01,-9.999991655349731445e-01,-9.999872446060180664e-01,-9.999403357505798340e-01,9.999972581863403320e-01,-9.999986886978149414e-01,9.999853968620300293e-01,9.999981522560119629e-01,-9.999986290931701660e-01,9.999983906745910645e-01,9.999930858612060547e-01,-9.999992251396179199e-01,9.999991059303283691e-01,-9.999966621398925781e-01,9.999974370002746582e-01,-9.999991059303283691e-01,9.999446868896484375e-01,-9.989621043205261230e-01,-9.999988675117492676e-01,-9.999977946281433105e-01,9.999821782112121582e-01,9.999986290931701660e-01,9.999951124191284180e-01,-9.999988079071044922e-01,9.999988079071044922e-01,-9.999986886978149414e-01,9.999986290931701660e-01,9.999741315841674805e-01,-9.999993443489074707e-01,9.999982118606567383e-01,-9.999992251396179199e-01,9.999986290931701660e-01,9.999958872795104980e-01,9.999982714653015137e-01,9.999990463256835938e-01,-9.999970197677612305e-01,-9.999986886978149414e-01,9.999981522560119629e-01,9.999908804893493652e-01,9.999962449073791504e-01,-9.999922513961791992e-01,9.999964237213134766e-01
-9.999933242797851562e-01,9.999946355819702148e-01,9.999728202819824219e-01,-9.999920725822448730e-01,-9.999956488609313965e-01,9.999951720237731934e-01,-9.999832510948181152e-01,-9.999960064888000488e-01,9.999886751174926758e-01,-9.999923110008239746e-01,9.999949336051940918e-01,9.999955892562866211e-01,-9.999923110008239746e-01,-9.999939203262329102e-01,-9.999645948410034180e-01,-9.999861717224121094e-01,-9.999895095825195312e-01,9.999938011169433594e-01,-9.999728202819824219e-01,9.999963045120239258e-01,9.999958276748657227e-01,-9.999699592590332031e-01,-9.999941587448120117e-01,-9.999930858612060547e-01,-9.999541044235229492e-01,-9.999958872795104980e-01,9.999932050704956055e-01,9.999954700469970703e-01,-9.999543428421020508e-01,9.999836087226867676e-01,9.999690055847167969e-01,9.999935626983642578e-01,-9.999558925628662109e-01,-9.999853372573852539e-01,9.999909400939941406e-01,-9.994093179702758789e-01,-9.999959468841552734e-01,-9.999943375587463379e-01,-9.999665021896362305e-01,9.999954104423522949e-01,-9.999945759773254395e-01,9.999688267707824707e-01,-9.999166131019592285e-01,-9.999954700469970703e-01,-9.999933838844299316e-01,-9.999930858612060547e-01,9.999724030494689941e-01,-9.999938011169433594e-01,-9.999950528144836426e-01,9.999940395355224609e-01,9.999950528144836426e-01,9.999931454658508301e-01,9.999955296516418457e-01,9.999709725379943848e-01,9.999926686286926270e-01,9.999926686286926270e-01,9.999803304672241211e-01,-9.998742341995239258e-01,-9.999886155128479004e-01,-9.999936223030090332e-01,9.999935626983642578e-01,-9.999957084655761719e-01,-9.999936223030090332e-01,-9.999812245368957520e-01,9.999814629554748535e-01,9.999952912330627441e-01,9.999960660934448242e-01,9.999834895133972168e-01,9.999958276748657227e-01,-9.999944567680358887e-01,9.999949932098388672e-01,-9.999913573265075684e-01,-9.999629259109497070e-01,9.999736547470092773e-01,9.999008774757385254e-01,9.999933838844299316e-01,-9.999704360961914062e-01,-9.999949336051940918e-01,9.999772310256958008e-01,9.999846816062927246e-01,-9.998709559440612793e-01,-9.999907016754150391e-01,9.999952912330627441e-01,-9.999914765357971191e-01,9.999930858612060547e-01,9.999555945396423340e-01,-9.999222755432128906e-01,-9.999956488609313965e-01,-9.999358654022216797e-01,-9.997006058692932129e-01,9.999865293502807617e-01,-9.999934434890747070e-01,9.999265074729919434e-01,9.999908804893493652e-01,-9.999927282333374023e-01,9.999914765357971191e-01,9.999647140502929688e-01,-9.999959468841552734e-01,9.999951124191284180e-01,-9.999829530715942383e-01,9.999870657920837402e-01,-9.999952316284179688e-01,9.997225403785705566e-01,-9.948124885559082031e-01,-9.999945163726806641e-01,-9.999892115592956543e-01,9.999099969863891602e-01,9.999932646751403809e-01,9.999755024909973145e-01,-9.999939799308776855e-01,9.999938011169433594e-01,-9.999930262565612793e-01,9.999930858612060547e-01,9.998694658279418945e-01,-9.999959468841552734e-01,9.999911785125732422e-01,-9.999957084655761719e-01,9.999932050704956055e-01,9.999794363975524902e-01,9.999914765357971191e-01,9.999950528144836426e-01,-9.999852776527404785e-01,-9.999933838844299316e-01,9.999904036521911621e-01,9.999538064002990723e-01,9.999814629554748535e-01,-9.999605417251586914e-01,9.999821186065673828e-01
9.999979138374328613e-01,-9.999983906745910645e-01,-9.999920725822448730e-01,9.999976754188537598e-01,9.999986886978149414e-01,-9.999986290931701660e-01,9.999950528144836426e-01,9.999988079071044922e-01,-9.999966621398925781e-01,9.999977350234985352e-01,-9.999985098838806152e-01,-9.999986886978149414e-01,9.999977946281433105e-01,9.999982118606567383e-01,9.999896883964538574e-01,9.999959468841552734e-01,9.999969005584716797e-01,-9.999981522560119629e-01,9.999920725822448730e-01,-9.999988675117492676e-01,-9.999987483024597168e-01,9.999911785125732422e-01,9.999982714653015137e-01,9.999980330467224121e-01,9.999866485595703125e-01,9.999988675117492676e-01,-9.999979734420776367e-01,-9.999986290931701660e-01,9.999867081642150879e-01,-9.999951720237731934e-01,-9.999909400939941406e-01,-9.999980926513671875e-01,9.999871850013732910e-01,9.999956488609313965e-01,-9.999973177909851074e-01,9.998278021812438965e-01,9.999988079071044922e-01,9.999983310699462891e-01,9.999903440475463867e-01,-9.999986290931701660e-01,9.999983906745910645e-01,-9.999909400939941406e-01,9.999758005142211914e-01,9.999986886978149414e-01,9.999980330467224121e-01,9.999979734420776367e-01,-9.999919533729553223e-01,9.999982714653015137e-01,9.999984502792358398e-01,-9.999982714653015137e-01,-9.999985098838806152e-01,-9.999979734420776367e-01,-9.999987483024597168e-01,-9.999914765357971191e-01,-9.999978542327880859e-01,-9.999978542327880859e-01,-9.999942183494567871e-01,9.999633431434631348e-01,9.999966621398925781e-01,9.999980926513671875e-01,-9.999980926513671875e-01,9.999986886978149414e-01,9.999982118606567383e-01,9.999945759773254395e-01,-9.999945759773254395e-01,-9.999986290931701660e-01,-9.999988675117492676e-01,-9.999952316284179688e-01,-9.999987483024597168e-01,9.999984502792358398e-01,-9.999984502792358398e-01,9.999974966049194336e-01,9.999892115592956543e-01,-9.999923110008239746e-01,-9.999711513519287109e-01,-9.999980330467224121e-01,9.999913573265075684e-01,9.999985098838806152e-01,-9.999933838844299316e-01,-9.999954700469970703e-01,9.999624490737915039e-01,9.999972581863403320e-01,-9.999985098838806152e-01,9.999974966049194336e-01,-9.999979734420776367e-01,-9.999870657920837402e-01,9.999774694442749023e-01,9.999986290931701660e-01,9.999812841415405273e-01,9.999126791954040527e-01,-9.999960064888000488e-01,9.999980330467224121e-01,-9.999786019325256348e-01,-9.999973177909851074e-01,9.999978542327880859e-01,-9.999974370002746582e-01,-9.999898076057434082e-01,9.999988079071044922e-01,-9.999985098838806152e-01,9.999951124191284180e-01,-9.999961256980895996e-01,9.999985694885253906e-01,-9.999190568923950195e-01,9.984823465347290039e-01,9.999983906745910645e-01,9.999967813491821289e-01,-9.999738335609436035e-01,-9.999980330467224121e-01,-9.999927282333374023e-01,9.999982118606567383e-01,-9.999982714653015137e-01,9.999979138374328613e-01,-9.999979734420776367e-01,-9.999619126319885254e-01,9.999988079071044922e-01,-9.999973773956298828e-01,9.999986886978149414e-01,-9.999980330467224121e-01,-9.999939203262329102e-01,-9.999974966049194336e-01,-9.999985694885253906e-01,9.999957084655761719e-01,9.999980330467224121e-01,-9.999972581863403320e-01,-9.999865889549255371e-01,-9.999945759773254395e-01,9.999884963035583496e-01,-9.999947547912597656e-01
9.999988675117492676e-01,-9.999991655349731445e-01,-9.999956488609313965e-01,9.999986886978149414e-01,9.999992251396179199e-01,-9.999992251396179199e-01,9.999971985816955566e-01,9.999994039535522461e-01,-9.999981522560119629e-01,9.999986886978149414e-01,-9.999991059303283691e-01,-9.999992251396179199e-01,9.999987483024597168e-01,9.999990463256835938e-01,9.999942779541015625e-01,9.999977350234985352e-01,9.999982118606567383e-01,-9.999990463256835938e-01,9.999955296516418457e-01,-9.999994039535522461e-01,-9.999992847442626953e-01,9.999951124191284180e-01,9.999991059303283691e-01,9.999988675117492676e-01,9.999926090240478516e-01,9.999993443489074707e-01,-9.999988079071044922e-01,-9.999993443489074707e-01,9.999925494194030762e-01,-9.999972581863403320e-01,-9.999949932098388672e-01,-9.999989271163940430e-01,9.999929070472717285e-01,9.999976158142089844e-01,-9.999985098838806152e-01,9.999047517776489258e-01,9.999992847442626953e-01,9.999990463256835938e-01,9.999945163726806641e-01,-9.999992251396179199e-01,9.999991655349731445e-01,-9.999949932098388672e-01,9.999865889549255371e-01,9.999992847442626953e-01,9.999989271163940430e-01,9.999988675117492676e-01,-9.999954700469970703e-01,9.999990463256835938e-01,9.999991655349731445e-01,-9.999991059303283691e-01,-9.999992251396179199e-01,-9.999988675117492676e-01,-9.999992847442626953e-01,-9.999952912330627441e-01,-9.999987483024597168e-01,-9.999988079071044922e-01,-9.999967813491821289e-01,9.999796748161315918e-01,9.999981522560119629e-01,9.999989867210388184e-01,-9.999988675117492676e-01,9.999992847442626953e-01,9.999989271163940430e-01,9.999969601631164551e-01,-9.999969005584716797e-01,-9.999992847442626953e-01,-9.999993443489074707e-01,-9.999972581863403320e-01,-9.999993443489074707e-01,9.999991059303283691e-01,-9.999992251396179199e-01,9.999985694885253906e-01,9.999939799308776855e-01,-9.999957084655761719e-01,-9.999840855598449707e-01,-9.999989271163940430e-01,9.999952316284179688e-01,9.999992251396179199e-01,-9.999961853027343750e-01,-9.999974370002746582e-01,9.999791383743286133e-01,9.999983906745910645e-01,-9.999991655349731445e-01,9.999986290931701660e-01,-9.999988675117492676e-01,-9.999927282333374023e-01,9.999874830245971680e-01,9.999992251396179199e-01,9.999896287918090820e-01,9.999517202377319336e-01,-9.999977350234985352e-01,9.999989271163940430e-01,-9.999880790710449219e-01,-9.999985098838806152e-01,9.999988079071044922e-01,-9.999985694885253906e-01,-9.999943971633911133e-01,9.999994039535522461e-01,-9.999991655349731445e-01,9.999971985816955566e-01,-9.999978542327880859e-01,9.999992847442626953e-01,-9.999551773071289062e-01,9.991606473922729492e-01,9.999990463256835938e-01,9.999982118606567383e-01,-9.999855160713195801e-01,-9.999988079071044922e-01,-9.999960064888000488e-01,9.999990463256835938e-01,-9.999989867210388184e-01,9.999988675117492676e-01,-9.999988079071044922e-01,-9.999788999557495117e-01,9.999994039535522461e-01,-9.999985694885253906e-01,9.999992847442626953e-01,-9.999988675117492676e-01,-9.999965429306030273e-01,-9.999986290931701660e-01,-9.999992251396179199e-01,9.999975562095642090e-01,9.999989271163940430e-01,-9.999985098838806152e-01,-9.999924898147583008e-01,-9.999969005584716797e-01,9.999936819076538086e-01,-9.999970197677612305e-01
-9.999988079071044922e-01,9.999990463256835938e-01,9.999951720237731934e-01,-9.999986290931701660e-01,-9.999992251396179199e-01,9.999991655349731445e-01,-9.999969601631164551e-01,-9.999993443489074707e-01,9.999979734420776367e-01,-9.999985694885253906e-01,9.999991059303283691e-01,9.999992251396179199e-01,-9.999986886978149414e-01,-9.999988675117492676e-01,-9.999937415122985840e-01,-9.999974370002746582e-01,-9.999980926513671875e-01,9.999988675117492676e-01,-9.999951124191284180e-01,9.999993443489074707e-01,9.999992847442626953e-01,-9.999945759773254395e-01,-9.999989271163940430e-01,-9.999987483024597168e-01,-9.999917149543762207e-01,-9.999992847442626953e-01,9.999987483024597168e-01,9.999992251396179199e-01,-9.999917745590209961e-01,9.999969005584716797e-01,9.999945163726806641e-01,9.999988079071044922e-01,-9.999920725822448730e-01,-9.999973177909851074e-01,9.999983310699462891e-01,-9.998933076858520508e-01,-9.999992847442626953e-01,-9.999989867210388184e-01,-9.999939799308776855e-01,9.999992251396179199e-01,-9.999990463256835938e-01,9.999943971633911133e-01,-9.999850988388061523e-01,-9.999992251396179199e-01,-9.999988675117492676e-01,-9.999988079071044922e-01,9.999949932098388672e-01,-9.999988675117492676e-01,-9.999991655349731445e-01,9.999989271163940430e-01,9.999992251396179199e-01,9.999988079071044922e-01,9.999993443489074707e-01,9.999948143959045410e-01,9.999986290931701660e-01,9.999987483024597168e-01,9.999963641166687012e-01,-9.999773502349853516e-01,-9.999979138374328613e-01,-9.999988079071044922e-01,9.999988079071044922e-01,-9.999992847442626953e-01,-9.999988675117492676e-01,-9.999966025352478027e-01,9.999966025352478027e-01,9.999991655349731445e-01,9.999993443489074707e-01,9.999969601631164551e-01,9.999992847442626953e-01,-9.999990463256835938e-01,9.999991655349731445e-01,-9.999985098838806152e-01,-9.999933242797851562e-01,9.999952316284179688e-01,9.999821186065673828e-01,9.999987483024597168e-01,-9.999946355819702148e-01,-9.999991059303283691e-01,9.999958872795104980e-01,9.999971985816955566e-01,-9.999767541885375977e-01,-9.999982714653015137e-01,9.999991059303283691e-01,-9.999984502792358398e-01,9.999987483024597168e-01,9.999920129776000977e-01,-9.999861121177673340e-01,-9.999991655349731445e-01,-9.999883770942687988e-01,-9.999459385871887207e-01,9.999975562095642090e-01,-9.999988079071044922e-01,9.999866485595703125e-01,9.999983310699462891e-01,-9.999986886978149414e-01,9.999985098838806152e-01,9.999937415122985840e-01,-9.999992847442626953e-01,9.999991655349731445e-01,-9.999969005584716797e-01,9.999976754188537598e-01,-9.999991655349731445e-01,9.999498724937438965e-01,-9.990597367286682129e-01,-9.999990463256835938e-01,-9.999981522560119629e-01,9.999838471412658691e-01,9.999987483024597168e-01,9.999955892562866211e-01,-9.999988675117492676e-01,9.999989271163940430e-01,-9.999988079071044922e-01,9.999987483024597168e-01,9.999764561653137207e-01,-9.999994039535522461e-01,9.999983906745910645e-01,-9.999992847442626953e-01,9.999987483024597168e-01,9.999961256980895996e-01,9.999984502792358398e-01,9.999991655349731445e-01,-9.999973177909851074e-01,-9.999988675117492676e-01,9.999983310699462891e-01,9.999917149543762207e-01,9.999966025352478027e-01,-9.999929070472717285e-01,9.999966621398925781e-01
9.999958872795104980e-01,-9.999966025352478027e-01,-9.999832510948181152e-01,9.999950528144836426e-01,9.999971985816955566e-01,-9.999969601631164551e-01,9.999896883964538574e-01,9.999975562095642090e-01,-9.999930858612060547e-01,9.999952316284179688e-01,-9.999968409538269043e-01,-9.999971389770507812e-01,9.999952912330627441e-01,9.999962449073791504e-01,9.999783039093017578e-01,9.999914169311523438e-01,9.999934434890747070e-01,-9.999961256980895996e-01,9.999832510948181152e-01,-9.999976754188537598e-01,-9.999973177909851074e-01,9.999814629554748535e-01,9.999963641166687012e-01,9.999957680702209473e-01,9.999719262123107910e-01,9.999974370002746582e-01,-9.999958276748657227e-01,-9.999971389770507812e-01,9.999720454216003418e-01,-9.999898672103881836e-01,-9.999809861183166504e-01,-9.999959468841552734e-01,9.999728798866271973e-01,9.999909400939941406e-01,-9.999943375587463379e-01,9.996378421783447266e-01,9.999974370002746582e-01,9.999963641166687012e-01,9.999794363975524902e-01,-9.999970793724060059e-01,9.999965429306030273e-01,-9.999808669090270996e-01,9.999488592147827148e-01,9.999971985816955566e-01,9.999959468841552734e-01,9.999957680702209473e-01,-9.999830126762390137e-01,9.999961853027343750e-01,9.999969005584716797e-01,-9.999963045120239258e-01,-9.999968409538269043e-01,-9.999957084655761719e-01,-9.999971985816955566e-01,-9.999821186065673828e-01,-9.999954700469970703e-01,-9.999954700469970703e-01,-9.999877810478210449e-01,9.999228715896606445e-01,9.999929070472717285e-01,9.999960064888000488e-01,-9.999960064888000488e-01,9.999973177909851074e-01,9.999960064888000488e-01,9.999884366989135742e-01,-9.999886155128479004e-01,-9.999970197677612305e-01,-9.999974966049194336e-01,-9.999898672103881836e-01,-9.999973177909851074e-01,9.999964833259582520e-01,-9.999967813491821289e-01,9.999946951866149902e-01,9.999772310256958008e-01,-9.999837875366210938e-01,-9.999390840530395508e-01,-9.999958872795104980e-01,9.999818205833435059e-01,9.999967217445373535e-01,-9.999859333038330078e-01,-9.999905228614807129e-01,9.999209046363830566e-01,9.999942183494567871e-01,-9.999970197677612305e-01,9.999946951866149902e-01,-9.999957084655761719e-01,-9.999727606773376465e-01,9.999524354934692383e-01,9.999972581863403320e-01,9.999607205390930176e-01,9.998164176940917969e-01,-9.999916553497314453e-01,9.999958872795104980e-01,-9.999548792839050293e-01,-9.999943375587463379e-01,9.999955296516418457e-01,-9.999947547912597656e-01,-9.999783635139465332e-01,9.999973773956298828e-01,-9.999969005584716797e-01,9.999895691871643066e-01,-9.999920129776000977e-01,9.999969601631164551e-01,-9.998298287391662598e-01,9.968137741088867188e-01,9.999964833259582520e-01,9.999933838844299316e-01,-9.999448657035827637e-01,-9.999958276748657227e-01,-9.999849796295166016e-01,9.999962449073791504e-01,-9.999961256980895996e-01,9.999957084655761719e-01,-9.999957680702209473e-01,-9.999199509620666504e-01,9.999975562095642090e-01,-9.999945163726806641e-01,9.999973177909851074e-01,-9.999958276748657227e-01,-9.999873638153076172e-01,-9.999947547912597656e-01,-9.999969601631164551e-01,9.999909996986389160e-01,9.999958872795104980e-01,-9.999940991401672363e-01,-9.999716281890869141e-01,-9.999886155128479004e-01,9.999759793281555176e-01,-9.999889731407165527e-01
9.999991059303283691e-01,-9.999993443489074707e-01,-9.999960064888000488e-01,9.999988079071044922e-01,9.999994039535522461e-01,-9.999993443489074707e-01,9.999975562095642090e-01,9.999994635581970215e-01,-9.999984502792358398e-01,9.999988675117492676e-01,-9.999992847442626953e-01,-9.999994039535522461e-01,9.999988675117492676e-01,9.999991655349731445e-01,9.999949336051940918e-01,9.999979734420776367e-01,9.999984502792358398e-01,-9.999991655349731445e-01,9.999961256980895996e-01,-9.999994635581970215e-01,-9.999994039535522461e-01,9.999956488609313965e-01,9.999991655349731445e-01,9.999990463256835938e-01,9.999933838844299316e-01,9.999995231628417969e-01,-9.999990463256835938e-01,-9.999994039535522461e-01,9.999933838844299316e-01,-9.999976158142089844e-01,-9.999955892562866211e-01,-9.999991059303283691e-01,9.999936223030090332e-01,9.999977946281433105e-01,-9.999986886978149414e-01,9.999144673347473145e-01,9.999993443489074707e-01,9.999992251396179199e-01,9.999951720237731934e-01,-9.999992847442626953e-01,9.999993443489074707e-01,-9.999954700469970703e-01,9.999880194664001465e-01,9.999994039535522461e-01,9.999991059303283691e-01,9.999989867210388184e-01,-9.999960064888000488e-01,9.999992251396179199e-01,9.999992251396179199e-01,-9.999992847442626953e-01,-9.999992847442626953e-01,-9.999990463256835938e-01,-9.999994635581970215e-01,-9.999958276748657227e-01,-9.999989271163940430e-01,-9.999989867210388184e-01,-9.999970793724060059e-01,9.999818205833435059e-01,9.999983310699462891e-01,9.999991059303283691e-01,-9.999991059303283691e-01,9.999993443489074707e-01,9.999991059303283691e-01,9.999972581863403320e-01,-9.999973773956298828e-01,-9.999993443489074707e-01,-9.999994635581970215e-01,-9.999974966049194336e-01,-9.999994039535522461e-01,9.999992251396179199e-01,-9.999992847442626953e-01,9.999988079071044922e-01,9.999946355819702148e-01,-9.999961256980895996e-01,-9.999856948852539062e-01,-9.999991655349731445e-01,9.999957084655761719e-01,9.999992847442626953e-01,-9.999966621398925781e-01,-9.999976754188537598e-01,9.999814033508300781e-01,9.999986290931701660e-01,-9.999992847442626953e-01,9.999987483024597168e-01,-9.999990463256835938e-01,-9.999935626983642578e-01,9.999889135360717773e-01,9.999994039535522461e-01,9.999907016754150391e-01,9.999565482139587402e-01,-9.999980330467224121e-01,9.999991059303283691e-01,-9.999893903732299805e-01,-9.999986290931701660e-01,9.999989867210388184e-01,-9.999988079071044922e-01,-9.999949932098388672e-01,9.999995231628417969e-01,-9.999992251396179199e-01,9.999974966049194336e-01,-9.999980926513671875e-01,9.999993443489074707e-01,-9.999597668647766113e-01,9.992453455924987793e-01,9.999992251396179199e-01,9.999983906745910645e-01,-9.999870061874389648e-01,-9.999990463256835938e-01,-9.999964237213134766e-01,9.999991655349731445e-01,-9.999991059303283691e-01,9.999990463256835938e-01,-9.999990463256835938e-01,-9.999811649322509766e-01,9.999995231628417969e-01,-9.999986886978149414e-01,9.999994039535522461e-01,-9.999990463256835938e-01,-9.999969601631164551e-01,-9.999986886978149414e-01,-9.999993443489074707e-01,9.999978542327880859e-01,9.999990463256835938e-01,-9.999985694885253906e-01,-9.999933242797851562e-01,-9.999972581863403320e-01,9.999943971633911133e-01,-9.999973773956298828e-01
-9.999971985816955566e-01,9.999977350234985352e-01,9.999886751174926758e-01,-9.999966621398925781e-01,-9.999981522560119629e-01,9.999979734420776367e-01,-9.999930858612060547e-01,-9.999984502792358398e-01,9.999952912330627441e-01,-9.999967217445373535e-01,9.999978542327880859e-01,9.999981522560119629e-01,-9.999967217445373535e-01,-9.999974370002746582e-01,-9.999852776527404785e-01,-9.999943375587463379e-01,-9.999956488609313965e-01,9.999973773956298828e-01,-9.999886751174926758e-01,9.999983906745910645e-01,9.999982118606567383e-01,-9.999874234199523926e-01,-9.999976158142089844e-01,-9.999970793724060059e-01,-9.999809265136718750e-01,-9.999982714653015137e-01,9.999971389770507812e-01,9.999980330467224121e-01,-9.999810457229614258e-01,9.999931454658508301e-01,9.999870657920837402e-01,9.999973177909851074e-01,-9.999816417694091797e-01,-9.999939203262329102e-01,9.999961853027343750e-01,-9.997540116310119629e-01,-9.999982714653015137e-01,-9.999976158142089844e-01,-9.999860525131225586e-01,9.999980926513671875e-01,-9.999977946281433105e-01,9.999871253967285156e-01,-9.999652504920959473e-01,-9.999982118606567383e-01,-9.999971985816955566e-01,-9.999971389770507812e-01,9.999884963035583496e-01,-9.999973773956298828e-01,-9.999978542327880859e-01,9.999975562095642090e-01,9.999978542327880859e-01,9.999970793724060059e-01,9.999980926513671875e-01,9.999878406524658203e-01,9.999969005584716797e-01,9.999969005584716797e-01,9.999917745590209961e-01,-9.999476075172424316e-01,-9.999953508377075195e-01,-9.999973177909851074e-01,9.999972581863403320e-01,-9.999980926513671875e-01,-9.999972581863403320e-01,-9.999921917915344238e-01,9.999922513961791992e-01,9.999980330467224121e-01,9.999983906745910645e-01,9.999930262565612793e-01,9.999982118606567383e-01,-9.999976754188537598e-01,9.999979138374328613e-01,-9.999963045120239258e-01,-9.999845027923583984e-01,9.999890327453613281e-01,9.999586939811706543e-01,9.999972581863403320e-01,-9.999876618385314941e-01,-9.999978542327880859e-01,9.999905228614807129e-01,9.999936223030090332e-01,-9.999462366104125977e-01,-9.999960660934448242e-01,9.999979138374328613e-01,-9.999963641166687012e-01,9.999971389770507812e-01,9.999815821647644043e-01,-9.999676942825317383e-01,-9.999981522560119629e-01,-9.999734163284301758e-01,-9.998751282691955566e-01,9.999943971633911133e-01,-9.999971985816955566e-01,9.999694228172302246e-01,9.999962449073791504e-01,-9.999969005584716797e-01,9.999964833259582520e-01,9.999853968620300293e-01,-9.999982714653015137e-01,9.999979734420776367e-01,-9.999929070472717285e-01,9.999945759773254395e-01,-9.999978542327880859e-01,9.998843073844909668e-01,-9.978331327438354492e-01,-9.999976158142089844e-01,-9.999954700469970703e-01,9.999625682830810547e-01,9.999971389770507812e-01,9.999898076057434082e-01,-9.999974370002746582e-01,9.999974370002746582e-01,-9.999970197677612305e-01,9.999971389770507812e-01,9.999455809593200684e-01,-9.999984502792358398e-01,9.999962449073791504e-01,-9.999982118606567383e-01,9.999971985816955566e-01,9.999914169311523438e-01,9.999964237213134766e-01,9.999979138374328613e-01,-9.999938011169433594e-01,-9.999971389770507812e-01,9.999960660934448242e-01,9.999808073043823242e-01,9.999922513961791992e-01,-9.999836683273315430e-01,9.999926090240478516e-01
9.999980926513671875e-01,-9.999984502792358398e-01,-9.999923110008239746e-01,9.999977350234985352e-01,9.999986886978149414e-01,-9.999985694885253906e-01,9.999952316284179688e-01,9.999988675117492676e-01,-9.999967217445373535e-01,9.999977946281433105e-01,-9.999985098838806152e-01,-9.999987483024597168e-01,9.999977946281433105e-01,9.999982714653015137e-01,9.999899864196777344e-01,9.999960064888000488e-01,9.999969005584716797e-01,-9.999982118606567383e-01,9.999923110008239746e-01,-9.999989271163940430e-01,-9.999987483024597168e-01,9.999914765357971191e-01,9.999983310699462891e-01,9.999980330467224121e-01,9.999869465827941895e-01,9.999988079071044922e-01,-9.999980330467224121e-01,-9.999986290931701660e-01,9.999870061874389648e-01,-9.999952912330627441e-01,-9.999912381172180176e-01,-9.999982118606567383e-01,9.999875426292419434e-01,9.999957680702209473e-01,-9.999973773956298828e-01,9.998328685760498047e-01,9.999987483024597168e-01,9.999983906745910645e-01,9.999905228614807129e-01,-9.999986290931701660e-01,9.999984502792358398e-01,-9.999911189079284668e-01,9.999764561653137207e-01,9.999986886978149414e-01,9.999980926513671875e-01,9.999980330467224121e-01,-9.999921917915344238e-01,9.999982118606567383e-01,9.999985098838806152e-01,-9.999982714653015137e-01,-9.999985694885253906e-01,-9.999980926513671875e-01,-9.999988079071044922e-01,-9.999918341636657715e-01,-9.999979138374328613e-01,-9.999979138374328613e-01,-9.999943971633911133e-01,9.999644160270690918e-01,9.999967217445373535e-01,9.999980330467224121e-01,-9.999980330467224121e-01,9.999987483024597168e-01,9.999981522560119629e-01,9.999946355819702148e-01,-9.999947547912597656e-01,-9.999985694885253906e-01,-9.999988675117492676e-01,-9.999952912330627441e-01,-9.999987483024597168e-01,9.999983906745910645e-01,-9.999985098838806152e-01,9.999974966049194336e-01,9.999895095825195312e-01,-9.999924302101135254e-01,-9.999719858169555664e-01,-9.999980926513671875e-01,9.999915957450866699e-01,9.999985694885253906e-01,-9.999935626983642578e-01,-9.999955892562866211e-01,9.999634623527526855e-01,9.999972581863403320e-01,-9.999985694885253906e-01,9.999975562095642090e-01,-9.999980330467224121e-01,-9.999874830245971680e-01,9.999781250953674316e-01,9.999986886978149414e-01,9.999818801879882812e-01,9.999151825904846191e-01,-9.999961256980895996e-01,9.999980926513671875e-01,-9.999791979789733887e-01,-9.999973773956298828e-01,9.999978542327880859e-01,-9.999975562095642090e-01,-9.999900460243225098e-01,9.999988079071044922e-01,-9.999986290931701660e-01,9.999951720237731934e-01,-9.999962449073791504e-01,9.999985694885253906e-01,-9.999215006828308105e-01,9.985271096229553223e-01,9.999983310699462891e-01,9.999969005584716797e-01,-9.999746084213256836e-01,-9.999980926513671875e-01,-9.999930858612060547e-01,9.999981522560119629e-01,-9.999982118606567383e-01,9.999979734420776367e-01,-9.999980330467224121e-01,-9.999630451202392578e-01,9.999988675117492676e-01,-9.999974966049194336e-01,9.999986886978149414e-01,-9.999979734420776367e-01,-9.999941587448120117e-01,-9.999975562095642090e-01,-9.999985694885253906e-01,9.999958276748657227e-01,9.999980926513671875e-01,-9.999972581863403320e-01,-9.999869465827941895e-01,-9.999946951866149902e-01,9.999888539314270020e-01,-9.999948740005493164e-01
-9.999987483024597168e-01,9.999990463256835938e-01,9.999949336051940918e-01,-9.999985098838806152e-01,-9.999991059303283691e-01,9.999991059303283691e-01,-9.999968409538269043e-01,-9.999992847442626953e-01,9.999978542327880859e-01,-9.999985098838806152e-01,9.999991059303283691e-01,9.999991059303283691e-01,-9.999985098838806152e-01,-9.999989271163940430e-01,-9.999933838844299316e-01,-9.999973773956298828e-01,-9.999980330467224121e-01,9.999988675117492676e-01,-9.999949932098388672e-01,9.999993443489074707e-01,9.999991655349731445e-01,-9.999943375587463379e-01,-9.999988675117492676e-01,-9.999987483024597168e-01,-9.999913573265075684e-01,-9.999992847442626953e-01,9.999986886978149414e-01,9.999991059303283691e-01,-9.999914765357971191e-01,9.999967813491821289e-01,9.999942779541015625e-01,9.999988079071044922e-01,-9.999917149543762207e-01,-9.999971985816955566e-01,9.999982714653015137e-01,-9.998893737792968750e-01,-9.999991655349731445e-01,-9.999989271163940430e-01,-9.999937415122985840e-01,9.999991059303283691e-01,-9.999990463256835938e-01,9.999941587448120117e-01,-9.999845027923583984e-01,-9.999991655349731445e-01,-9.999987483024597168e-01,-9.999986886978149414e-01,9.999948143959045410e-01,-9.999988079071044922e-01,-9.999990463256835938e-01,9.999988675117492676e-01,9.999991059303283691e-01,9.999987483024597168e-01,9.999992847442626953e-01,9.999945163726806641e-01,9.999986290931701660e-01,9.999986290931701660e-01,9.999962449073791504e-01,-9.999765157699584961e-01,-9.999978542327880859e-01,-9.999988079071044922e-01,9.999986886978149414e-01,-9.999992251396179199e-01,-9.999987483024597168e-01,-9.999964237213134766e-01,9.999964833259582520e-01,9.999991655349731445e-01,9.999992847442626953e-01,9.999969005584716797e-01,9.999992251396179199e-01,-9.999989271163940430e-01,9.999989867210388184e-01,-9.999983310699462891e-01,-9.999930858612060547e-01,9.999950528144836426e-01,9.999814629554748535e-01,9.999987483024597168e-01,-9.999944567680358887e-01,-9.999991059303283691e-01,9.999957680702209473e-01,9.999970793724060059e-01,-9.999758601188659668e-01,-9.999982118606567383e-01,9.999990463256835938e-01,-9.999982714653015137e-01,9.999986886978149414e-01,9.999917149543762207e-01,-9.999855756759643555e-01,-9.999992251396179199e-01,-9.999880194664001465e-01,-9.999439120292663574e-01,9.999974370002746582e-01,-9.999986886978149414e-01,9.999861717224121094e-01,9.999983906745910645e-01,-9.999986290931701660e-01,9.999983906745910645e-01,9.999935030937194824e-01,-9.999992847442626953e-01,9.999991655349731445e-01,-9.999967813491821289e-01,9.999975562095642090e-01,-9.999991655349731445e-01,9.999480247497558594e-01,-9.990250468254089355e-01,-9.999989867210388184e-01,-9.999980330467224121e-01,9.999832510948181152e-01,9.999987483024597168e-01,9.999954104423522949e-01,-9.999988675117492676e-01,9.999988079071044922e-01,-9.999986886978149414e-01,9.999986886978149414e-01,9.999756217002868652e-01,-9.999994039535522461e-01,9.999982118606567383e-01,-9.999992251396179199e-01,9.999987483024597168e-01,9.999960660934448242e-01,9.999983906745910645e-01,9.999991059303283691e-01,-9.999971985816955566e-01,-9.999987483024597168e-01,9.999981522560119629e-01,9.999913573265075684e-01,9.999964833259582520e-01,-9.999926090240478516e-01,9.999965429306030273e-01
-9.999988675117492676e-01,9.999991655349731445e-01,9.999955892562866211e-01,-9.999986886978149414e-01,-9.999992251396179199e-01,9.999992251396179199e-01,-9.999971389770507812e-01,-9.999994039535522461e-01,9.999981522560119629e-01,-9.999987483024597168e-01,9.999991059303283691e-01,9.999992251396179199e-01,-9.999987483024597168e-01,-9.999990463256835938e-01,-9.999942183494567871e-01,-9.999977350234985352e-01,-9.999982714653015137e-01,9.999989867210388184e-01,-9.999955296516418457e-01,9.999994039535522461e-01,9.999993443489074707e-01,-9.999950528144836426e-01,-9.999991059303283691e-01,-9.999988675117492676e-01,-9.999925494194030762e-01,-9.999993443489074707e-01,9.999988675117492676e-01,9.999992251396179199e-01,-9.999925494194030762e-01,9.999972581863403320e-01,9.999949336051940918e-01,9.999989271163940430e-01,-9.999927282333374023e-01,-9.999975562095642090e-01,9.999983906745910645e-01,-9.999036192893981934e-01,-9.999993443489074707e-01,-9.999989867210388184e-01,-9.999945759773254395e-01,9.999992251396179199e-01,-9.999990463256835938e-01,9.999948143959045410e-01,-9.999864101409912109e-01,-9.999992847442626953e-01,-9.999989271163940430e-01,-9.999988675117492676e-01,9.999954104423522949e-01,-9.999989867210388184e-01,-9.999992251396179199e-01,9.999990463256835938e-01,9.999991059303283691e-01,9.999988675117492676e-01,9.999992847442626953e-01,9.999952316284179688e-01,9.999986886978149414e-01,9.999988079071044922e-01,9.999967217445373535e-01,-9.999795556068420410e-01,-9.999980926513671875e-01,-9.999988675117492676e-01,9.999988675117492676e-01,-9.999992847442626953e-01,-9.999989271163940430e-01,-9.999969005584716797e-01,9.999968409538269043e-01,9.999992847442626953e-01,9.999993443489074707e-01,9.999971985816955566e-01,9.999993443489074707e-01,-9.999991059303283691e-01,9.999991059303283691e-01,-9.999985694885253906e-01,-9.999938607215881348e-01,9.999956488609313965e-01,9.999837875366210938e-01,9.999988675117492676e-01,-9.999951124191284180e-01,-9.999992251396179199e-01,9.999961256980895996e-01,9.999974370002746582e-01,-9.999790191650390625e-01,-9.999983906745910645e-01,9.999991655349731445e-01,-9.999985098838806152e-01,9.999988079071044922e-01,9.999926686286926270e-01,-9.999873638153076172e-01,-9.999992251396179199e-01,-9.999895095825195312e-01,-9.999511837959289551e-01,9.999976754188537598e-01,-9.999988675117492676e-01,9.999878406524658203e-01,9.999983906745910645e-01,-9.999988079071044922e-01,9.999985694885253906e-01,9.999942183494567871e-01,-9.999992847442626953e-01,9.999991655349731445e-01,-9.999971985816955566e-01,9.999978542327880859e-01,-9.999991655349731445e-01,9.999546408653259277e-01,-9.991505146026611328e-01,-9.999991655349731445e-01,-9.999982118606567383e-01,9.999853372573852539e-01,9.999988079071044922e-01,9.999960064888000488e-01,-9.999990463256835938e-01,9.999989867210388184e-01,-9.999988675117492676e-01,9.999988079071044922e-01,9.999786615371704102e-01,-9.999994039535522461e-01,9.999985694885253906e-01,-9.999992847442626953e-01,9.999988675117492676e-01,9.999964833259582520e-01,9.999985098838806152e-01,9.999991655349731445e-01,-9.999974966049194336e-01,-9.999988675117492676e-01,9.999983906745910645e-01,9.999923706054687500e-01,9.999968409538269043e-01,-9.999935626983642578e-01,9.999969601631164551e-01
