4.910695552825927734e-01,1.919644884765148163e-03,-1.091166511178016663e-01,-4.305977490730583668e-04,2.019556760787963867e-01,-1.933451890945434570e-01,1.466670036315917969e-01,3.951758742332458496e-01,1.193991601467132568e-01,1.192939430475234985e-01,-1.588120311498641968e-01,-7.818129658699035645e-02,-2.132056094706058502e-02,1.323487162590026855e-01,1.551696956157684326e-01,1.465676277875900269e-01,-3.259823657572269440e-03,-2.541762078180909157e-03,8.073294884525239468e-04,-4.909321665763854980e-02,-1.316876262426376343e-01,7.881196215748786926e-03,8.451567962765693665e-03,5.291268229484558105e-02,1.681311801075935364e-02,8.324574679136276245e-02,3.524390980601310730e-02,-1.988400071859359741e-01,9.928341954946517944e-02,-1.589269042015075684e-01,-1.277642250061035156e-01,-4.183173924684524536e-02,4.024865478277206421e-02,9.129628539085388184e-02,-2.248714305460453033e-02,-7.338670641183853149e-02,1.514342240989208221e-02,1.094622537493705750e-01,-2.755267918109893799e-01,-3.726358711719512939e-01,2.262571752071380615e-01,8.560191094875335693e-02,-8.078146725893020630e-02,3.316672518849372864e-02,-8.697353303432464600e-02,6.859424710273742676e-02,-1.857097297906875610e-01,-1.205871924757957458e-01,8.524926006793975830e-02,-5.304656922817230225e-02,-1.481163501739501953e-01,-8.726642280817031860e-02,2.847430408000946045e-01,-8.292025327682495117e-02,-1.132857650518417358e-01,-1.835051178932189941e-01,9.723488986492156982e-02,1.071980688720941544e-02,4.153999616391956806e-04,-5.810367688536643982e-02,-6.747911125421524048e-02,-4.183843731880187988e-02,3.705868497490882874e-03,2.467578202486038208e-01,-1.475380850024521351e-03,-6.570579018443822861e-03,-2.452124208211898804e-01,1.723289191722869873e-01,-1.776729971170425415e-01,1.452892571687698364e-01,-2.452109456062316895e-01,8.870403468608856201e-02,2.124042622745037079e-02,1.662139594554901123e-01,-1.651981174945831299e-01,-1.856758147478103638e-01,-9.201620123349130154e-04,1.595944762229919434e-01,-1.625786572694778442e-01,-8.710738271474838257e-02,1.662199348211288452e-01,5.751497810706496239e-04,-2.616672515869140625e-01,-3.167914692312479019e-03,-2.853871583938598633e-01,1.920454762876033783e-02,3.331564366817474365e-01,2.272620797157287598e-03,-7.026546448469161987e-02,1.245735883712768555e-01,-1.781384348869323730e-01,9.218011051416397095e-02,9.213316440582275391e-02,-1.744917184114456177e-01,-1.476580053567886353e-01,-2.976451218128204346e-01,1.852798014879226685e-01,-1.039542330545373261e-04,-1.068630889058113098e-01,2.915304303169250488e-01,-2.187680155038833618e-01,3.185930252075195312e-01,-6.987757980823516846e-02,-9.739602357149124146e-02,8.927174657583236694e-02,2.677057683467864990e-01,3.449837490916252136e-02,6.288218498229980469e-02,-3.093078434467315674e-01,7.084612268954515457e-03,-2.595934830605983734e-02,1.133352611213922501e-02,-1.561037264764308929e-02,-2.723962254822254181e-02,1.854271590709686279e-01,-1.711157858371734619e-01,2.727434933185577393e-01,-1.434103306382894516e-02,-3.296247720718383789e-01,8.454961702227592468e-03,-6.678303331136703491e-02,1.809663176536560059e-01,1.789465695619583130e-01,1.622107326984405518e-01,-1.591604016721248627e-02,-5.803019180893898010e-02,-9.665808640420436859e-03,9.582293033599853516e-02
1.919644884765148163e-03,1.204769685864448547e-02,-8.697859197854995728e-02,6.559104472398757935e-02,5.779681354761123657e-02,-2.352198027074337006e-02,-1.615729182958602905e-02,4.593219980597496033e-02,3.901561349630355835e-02,4.395561665296554565e-02,3.756065620109438896e-03,-4.568848386406898499e-02,8.699084818363189697e-02,4.623362049460411072e-02,9.125969558954238892e-02,1.009300500154495239e-01,4.072509764228016138e-04,4.771566390991210938e-02,-6.256157904863357544e-02,-5.001616105437278748e-02,-2.699569985270500183e-02,8.022136241197586060e-02,5.198825150728225708e-02,-3.573707118630409241e-02,1.165278814733028412e-02,9.994600713253021240e-02,-1.048459187150001526e-01,-5.828391760587692261e-02,7.678580284118652344e-02,-9.633417241275310516e-03,-1.099099684506654739e-02,-1.032813340425491333e-01,5.698680877685546875e-02,3.959976881742477417e-02,-5.532387644052505493e-03,-1.038008183240890503e-01,3.683076053857803345e-02,7.504343241453170776e-02,-7.909382879734039307e-02,-4.589920118451118469e-02,8.922379463911056519e-02,1.071802061051130295e-02,8.477980643510818481e-02,1.546883117407560349e-02,1.377583853900432587e-02,-6.639573723077774048e-02,-9.128604829311370850e-02,-2.570221386849880219e-02,2.237133448943495750e-03,1.806237921118736267e-02,-7.513220421969890594e-03,4.605667665600776672e-03,4.684405028820037842e-02,-1.347551122307777405e-02,-2.467759698629379272e-02,-1.108393594622612000e-01,3.128892928361892700e-02,7.201786153018474579e-03,-5.777867138385772705e-02,-4.879031330347061157e-02,-6.655267439782619476e-03,1.436415780335664749e-02,2.726567676290869713e-03,7.792639546096324921e-03,1.131665240973234177e-02,-2.586780302226543427e-02,3.940649330615997314e-02,9.391161799430847168e-02,-8.757328242063522339e-02,2.559820748865604401e-02,-7.472153007984161377e-02,2.672444330528378487e-03,-2.256465144455432892e-02,8.924147486686706543e-02,-3.223626688122749329e-02,-8.273140341043472290e-02,-1.483570085838437080e-03,1.053336933255195618e-01,-2.744292654097080231e-02,-9.381693601608276367e-02,9.102009981870651245e-02,4.939700593240559101e-04,-6.886242330074310303e-02,1.410244381986558437e-03,-8.654288947582244873e-02,-7.966592907905578613e-02,2.570551820099353790e-02,3.275046823546290398e-03,7.278569042682647705e-02,7.005061209201812744e-02,-2.337385714054107666e-02,-1.328921969980001450e-02,-7.787011563777923584e-02,4.850338026881217957e-02,-8.013200759887695312e-02,-1.141018513590097427e-02,4.344828799366950989e-02,-3.319692768855020404e-05,-7.911247014999389648e-02,7.210282236337661743e-02,-2.852850779891014099e-02,5.864146351814270020e-02,-1.070158109068870544e-01,-7.130079716444015503e-02,1.063519790768623352e-01,-2.391265891492366791e-02,-6.813046336174011230e-02,-9.533297270536422729e-02,-1.429410930722951889e-02,-5.621129181236028671e-03,7.177775353193283081e-02,-4.239253699779510498e-02,-9.289802610874176025e-02,-7.044242694973945618e-03,1.034261435270309448e-01,-8.694019168615341187e-02,6.038725748658180237e-02,2.866558544337749481e-02,-8.979064226150512695e-02,3.764572739601135254e-02,5.366524308919906616e-02,7.588065415620803833e-02,9.116500616073608398e-02,-6.001538038253784180e-02,-6.464076787233352661e-02,-3.343728184700012207e-02,8.111252449452877045e-03,4.984156414866447449e-02
-1.091166511178016663e-01,-8.697859197854995728e-02,7.308394312858581543e-01,-5.984420180320739746e-01,-4.181129634380340576e-01,1.498736739158630371e-01,3.408589214086532593e-02,-4.092563688755035400e-01,-3.094750940799713135e-01,-4.013620615005493164e-01,6.138386204838752747e-02,3.818958997726440430e-01,-6.088576316833496094e-01,-4.644969999790191650e-01,-6.970325708389282227e-01,-7.056537270545959473e-01,-3.014579182490706444e-03,-3.578839302062988281e-01,5.784345269203186035e-01,4.334111809730529785e-01,3.178175687789916992e-01,-6.212632060050964355e-01,-5.065436959266662598e-01,2.900591194629669189e-01,-1.010451763868331909e-01,-6.718579530715942383e-01,7.035478949546813965e-01,3.668414950370788574e-01,-6.358178257942199707e-01,9.682076424360275269e-02,1.181910037994384766e-01,7.659568190574645996e-01,-5.270293354988098145e-01,-4.133924245834350586e-01,4.600261151790618896e-02,7.287546396255493164e-01,-2.957764267921447754e-01,-6.256129145622253418e-01,5.731068253517150879e-01,4.793370068073272705e-01,-6.829535365104675293e-01,-1.108450964093208313e-01,-5.892667174339294434e-01,-1.361881792545318604e-01,-4.122801125049591064e-02,4.975386857986450195e-01,7.521342635154724121e-01,2.282720506191253662e-01,-5.009447038173675537e-02,-1.486359164118766785e-02,8.124584704637527466e-02,-1.865389756858348846e-02,-4.535565376281738281e-01,1.427335739135742188e-01,1.678357720375061035e-01,7.997171282768249512e-01,-2.920927405357360840e-01,-6.183278188109397888e-02,4.492945969104766846e-01,4.255221784114837646e-01,1.033455953001976013e-01,-1.614409238100051880e-01,-2.353127300739288330e-02,-1.515838056802749634e-01,-7.150535285472869873e-02,2.059175223112106323e-01,-1.917485892772674561e-01,-6.725691556930541992e-01,6.958748102188110352e-01,-1.270931065082550049e-01,6.427992582321166992e-01,-2.216847985982894897e-02,2.108670622110366821e-01,-7.293995022773742676e-01,2.719625234603881836e-01,6.526338458061218262e-01,9.991738013923168182e-03,-8.071900010108947754e-01,3.458510935306549072e-01,7.276330590248107910e-01,-7.706204652786254883e-01,-4.211630206555128098e-03,5.790970325469970703e-01,-1.002064440399408340e-02,6.544142961502075195e-01,5.722228288650512695e-01,-2.965408861637115479e-01,-2.454795129597187042e-02,-5.024119615554809570e-01,-5.984779596328735352e-01,2.144333422183990479e-01,1.202715262770652771e-01,6.071416139602661133e-01,-3.282921314239501953e-01,6.813807487487792969e-01,1.429190039634704590e-01,-3.561557829380035400e-01,2.965920430142432451e-04,5.651958584785461426e-01,-6.136559844017028809e-01,3.120939731597900391e-01,-4.822991788387298584e-01,7.929401993751525879e-01,5.899043679237365723e-01,-8.147580027580261230e-01,-1.736627146601676941e-02,5.914986729621887207e-01,6.540307402610778809e-01,1.281360387802124023e-01,4.442477226257324219e-02,-5.637418031692504883e-01,4.862033724784851074e-01,7.062802314758300781e-01,-7.442348450422286987e-02,-7.600453495979309082e-01,7.142637372016906738e-01,-4.347786605358123779e-01,-2.754290103912353516e-01,7.444087266921997070e-01,-3.235029280185699463e-01,-3.954349160194396973e-01,-6.596328020095825195e-01,-7.187595367431640625e-01,3.964170217514038086e-01,5.431274771690368652e-01,3.371807336807250977e-01,-7.819544523954391479e-02,-4.728267788887023926e-01
-4.305977490730583668e-04,6.559104472398757935e-02,-5.984420180320739746e-01,6.375726461410522461e-01,2.392645627260208130e-01,-2.439494431018829346e-02,-4.887133091688156128e-02,2.170351445674896240e-01,2.315516620874404907e-01,3.067949414253234863e-01,-8.855386823415756226e-02,-3.035251498222351074e-01,4.223392605781555176e-01,4.541533887386322021e-01,5.757194757461547852e-01,5.025547742843627930e-01,8.109237067401409149e-03,3.302198648452758789e-01,-5.285847783088684082e-01,-3.358385860919952393e-01,-3.783121109008789062e-01,5.333100557327270508e-01,4.398519992828369141e-01,-2.269580364227294922e-01,8.238688856363296509e-02,4.517922103404998779e-01,-5.413280129432678223e-01,-1.271453797817230225e-01,4.174167811870574951e-01,6.660577654838562012e-02,-9.753752499818801880e-02,-6.693124771118164062e-01,5.332540869712829590e-01,2.912613451480865479e-01,-2.344507165253162384e-02,-5.621069073677062988e-01,2.271890938282012939e-01,4.739200174808502197e-01,-3.050137460231781006e-01,-4.581265747547149658e-01,5.257329344749450684e-01,1.093265712261199951e-01,4.566303789615631104e-01,1.012277156114578247e-01,-4.167809151113033295e-03,-2.891329824924468994e-01,-6.230894327163696289e-01,-2.055502384901046753e-01,1.476859021931886673e-02,7.956148684024810791e-02,-5.307084321975708008e-02,4.765073210000991821e-02,3.938645422458648682e-01,-1.218861490488052368e-01,2.871784148737788200e-03,-6.184787750244140625e-01,2.398889362812042236e-01,4.549329355359077454e-02,-3.768663704395294189e-01,-3.836236894130706787e-01,-1.384117603302001953e-01,2.069001644849777222e-01,2.356423437595367432e-02,7.106000930070877075e-02,7.489311695098876953e-02,-1.651531755924224854e-01,1.831984966993331909e-01,4.761846959590911865e-01,-5.072628259658813477e-01,-2.396973595023155212e-02,-4.601579606533050537e-01,1.630507558584213257e-01,-2.364341169595718384e-01,6.107122898101806641e-01,-2.070108950138092041e-01,-5.200603604316711426e-01,-4.247137811034917831e-03,6.140871644020080566e-01,-4.403960108757019043e-01,-5.916064381599426270e-01,6.945970058441162109e-01,3.346096025779843330e-03,-3.637848198413848877e-01,9.579413570463657379e-03,-4.913998246192932129e-01,-4.230555295944213867e-01,4.242284223437309265e-02,1.592583768069744110e-02,3.643252551555633545e-01,4.481944441795349121e-01,-1.454089879989624023e-01,-2.121036797761917114e-01,-5.775747895240783691e-01,3.710520267486572266e-01,-5.769112706184387207e-01,-3.420834988355636597e-02,2.285460680723190308e-01,-2.174699620809406042e-04,-3.699876368045806885e-01,4.267151951789855957e-01,-1.562249511480331421e-01,2.131693810224533081e-01,-7.058247327804565430e-01,-4.403789341449737549e-01,6.708694100379943848e-01,1.324322521686553955e-01,-6.492813229560852051e-01,-5.170630216598510742e-01,1.732884347438812256e-02,-3.775186464190483093e-02,5.875681042671203613e-01,-4.949426054954528809e-01,-6.176246404647827148e-01,1.370829045772552490e-01,5.712451934814453125e-01,-5.522444248199462891e-01,2.080452293157577515e-01,2.194374203681945801e-01,-5.769793987274169922e-01,3.149538040161132812e-01,3.273111581802368164e-01,5.460067987442016602e-01,5.905635952949523926e-01,-3.587549626827239990e-01,-4.238992333412170410e-01,-3.051930069923400879e-01,5.713812634348869324e-02,3.790766000747680664e-01
2.019556760787963867e-01,5.779681354761123657e-02,-4.181129634380340576e-01,2.392645627260208130e-01,4.279408752918243408e-01,-1.891965121030807495e-01,-3.668553382158279419e-02,4.458644092082977295e-01,1.671464145183563232e-01,2.229550629854202271e-01,3.561147721484303474e-03,-2.418181598186492920e-01,4.177263975143432617e-01,2.042698860168457031e-01,4.966853260993957520e-01,5.700820088386535645e-01,-1.605364843271672726e-03,2.209762632846832275e-01,-2.139012068510055542e-01,-2.390355020761489868e-01,-1.392276119440793991e-02,3.686513006687164307e-01,2.035595774650573730e-01,-1.288651674985885620e-01,5.240533128380775452e-02,5.224794149398803711e-01,-5.070509314537048340e-01,-4.479745924472808838e-01,4.485797882080078125e-01,-1.735738515853881836e-01,-8.430875092744827271e-02,-4.365362823009490967e-01,1.690254956483840942e-01,2.264901697635650635e-01,-4.355944693088531494e-02,-5.283094048500061035e-01,1.722019761800765991e-01,3.832902014255523682e-01,-5.791535377502441406e-01,-3.203256130218505859e-01,4.834995567798614502e-01,6.902911514043807983e-02,3.995934128761291504e-01,8.801301568746566772e-02,1.334657073020935059e-01,-3.347566723823547363e-01,-4.825978875160217285e-01,-1.640123873949050903e-01,1.713749952614307404e-02,8.320742845535278320e-02,-8.314353227615356445e-02,-9.206003695726394653e-02,2.768139541149139404e-01,-8.447673916816711426e-02,-2.405090481042861938e-01,-6.188977360725402832e-01,1.807412654161453247e-01,3.875542804598808289e-02,-2.519225776195526123e-01,-2.276040911674499512e-01,-2.632209565490484238e-03,-2.144297026097774506e-02,1.135399099439382553e-02,7.730443030595779419e-02,4.283385723829269409e-02,-1.154422760009765625e-01,1.257992535829544067e-01,5.487967133522033691e-01,-4.569682180881500244e-01,2.738236784934997559e-01,-4.544110000133514404e-01,-6.140546873211860657e-02,-3.005491755902767181e-02,4.520261287689208984e-01,-1.888344287872314453e-01,-4.559660851955413818e-01,-8.762788027524948120e-03,5.555837154388427734e-01,-8.556815236806869507e-02,-4.449994862079620361e-01,4.170436263084411621e-01,2.449853578582406044e-03,-4.677979648113250732e-01,3.619082970544695854e-03,-5.307810902595520020e-01,-4.121288955211639404e-01,2.912975847721099854e-01,1.805708184838294983e-02,3.057437539100646973e-01,3.707797229290008545e-01,-2.014588713645935059e-01,4.722302779555320740e-02,-2.539385557174682617e-01,1.157586723566055298e-01,-3.746653795242309570e-01,-1.906667351722717285e-01,3.419814109802246094e-01,-1.905570243252441287e-04,-4.657670557498931885e-01,4.368191957473754883e-01,-2.404476404190063477e-01,4.326461851596832275e-01,-4.798894226551055908e-01,-3.705930113792419434e-01,4.787323176860809326e-01,-6.674769520759582520e-02,-1.792690753936767578e-01,-4.440771341323852539e-01,-2.223193347454071045e-01,-1.724072545766830444e-02,2.341237068176269531e-01,-8.663529902696609497e-02,-4.199439883232116699e-01,-1.235480234026908875e-01,6.078491806983947754e-01,-4.306814670562744141e-01,4.716827273368835449e-01,1.208570972084999084e-01,-5.425912141799926758e-01,1.404782831668853760e-01,2.452716827392578125e-01,3.689314424991607666e-01,4.724714159965515137e-01,-2.113655805587768555e-01,-3.141864538192749023e-01,-1.124626398086547852e-01,2.087254822254180908e-02,2.360092550516128540e-01
-1.933451890945434570e-01,-2.352198027074337006e-02,1.498736739158630371e-01,-2.439494431018829346e-02,-1.891965121030807495e-01,2.562427818775177002e-01,-1.598329842090606689e-02,-1.878180503845214844e-01,-2.047059834003448486e-01,-1.361493915319442749e-01,6.388232111930847168e-02,8.942408114671707153e-02,-1.908348798751831055e-01,-2.828135527670383453e-02,-1.616532653570175171e-01,-2.467348128557205200e-01,1.688115764409303665e-03,-9.376201033592224121e-02,1.209351792931556702e-01,6.720044463872909546e-02,1.315436810255050659e-01,-8.662392944097518921e-02,-3.062017820775508881e-02,4.291890561580657959e-02,-2.948172762989997864e-02,-2.999729812145233154e-01,1.599114835262298584e-01,2.130966037511825562e-01,-1.320942938327789307e-01,7.045021653175354004e-02,7.645288854837417603e-02,1.953839957714080811e-01,-1.303751766681671143e-01,-2.341804467141628265e-02,1.166198495775461197e-02,2.042716592550277710e-01,-7.818207889795303345e-02,-1.810799390077590942e-01,2.622679471969604492e-01,1.039619445800781250e-01,-3.025594353675842285e-01,-3.986486420035362244e-02,-9.265332669019699097e-02,-2.893059328198432922e-02,9.947397559881210327e-02,9.507162123918533325e-02,2.005974352359771729e-01,6.270233541727066040e-02,-8.999738097190856934e-02,-4.644332081079483032e-02,9.773536026477813721e-02,-7.953093945980072021e-02,-1.768284142017364502e-01,2.305284142494201660e-02,8.727973699569702148e-02,2.281904816627502441e-01,-6.225079670548439026e-02,-1.403906382620334625e-02,1.348170489072799683e-01,8.587968349456787109e-02,3.581710904836654663e-02,-5.526538472622632980e-03,-3.392270999029278755e-03,-2.062162905931472778e-01,-3.813049569725990295e-02,5.819511041045188904e-02,3.074110671877861023e-02,-2.276518791913986206e-01,2.430770695209503174e-01,-1.110394671559333801e-01,2.201243489980697632e-01,-1.308649778366088867e-01,3.794108331203460693e-02,-1.994798034429550171e-01,1.697745770215988159e-01,1.979022473096847534e-01,4.858647007495164871e-03,-2.342030853033065796e-01,6.212163716554641724e-02,1.955458819866180420e-01,-1.942230165004730225e-01,-7.988528232090175152e-04,2.111740857362747192e-01,-3.175301011651754379e-03,2.775916159152984619e-01,1.441196352243423462e-01,-1.943401098251342773e-01,-7.172906771302223206e-03,-1.683287769556045532e-01,-1.668439656496047974e-01,1.038111597299575806e-01,-1.414524205029010773e-02,1.045851185917854309e-01,1.746524497866630554e-02,2.209553718566894531e-01,1.182382851839065552e-01,-1.019971817731857300e-01,9.051280358107760549e-05,1.614351123571395874e-01,-2.960742413997650146e-01,1.034361571073532104e-01,-2.952977418899536133e-01,2.034858316183090210e-01,1.675421297550201416e-01,-2.594484984874725342e-01,7.527785748243331909e-02,9.257405251264572144e-02,1.564080119132995605e-01,2.133082300424575806e-01,1.128194388002157211e-02,-7.001264393329620361e-02,-2.902082633227109909e-03,1.432326138019561768e-01,8.483821153640747070e-02,-2.244011163711547852e-01,2.490872144699096680e-01,-1.980758309364318848e-01,-2.642483264207839966e-02,2.560698390007019043e-01,-5.684855580329895020e-02,-6.001461297273635864e-02,-1.978880763053894043e-01,-2.174951583147048950e-01,5.920910090208053589e-02,4.855317994952201843e-02,7.387057691812515259e-02,-1.244072895497083664e-02,-1.067906394600868225e-01
1.466670036315917969e-01,-1.615729182958602905e-02,3.408589214086532593e-02,-4.887133091688156128e-02,-3.668553382158279419e-02,-1.598329842090606689e-02,1.410524845123291016e-01,5.197150632739067078e-02,-3.233999758958816528e-02,6.179580930620431900e-03,-1.107449978590011597e-01,4.868151992559432983e-02,-1.279034763574600220e-01,-4.014023020863533020e-02,-9.338060021400451660e-02,-1.218883320689201355e-01,-2.741188043728470802e-03,-5.388704687356948853e-02,1.095698866993188858e-02,3.524082899093627930e-02,-5.094211921095848083e-02,-1.331503093242645264e-01,-2.340097725391387939e-02,8.451049774885177612e-02,-8.199537172913551331e-03,-1.277424544095993042e-01,1.743751913309097290e-01,6.889349222183227539e-02,-3.588433936238288879e-02,-6.444196403026580811e-02,-4.261725582182407379e-03,1.287288516759872437e-01,5.935751833021640778e-03,-9.333675727248191833e-03,4.234751686453819275e-03,1.509117633104324341e-01,-4.269571229815483093e-02,-4.891565069556236267e-02,3.021064214408397675e-02,-5.796423554420471191e-02,-3.913431987166404724e-02,1.956584304571151733e-02,-1.471206098794937134e-01,-6.409442983567714691e-03,-1.203101351857185364e-01,1.076377332210540771e-01,3.046557866036891937e-02,4.175115842372179031e-03,4.848280549049377441e-02,-4.667283222079277039e-02,-2.475891821086406708e-02,-2.450139261782169342e-02,2.820242196321487427e-02,2.258590236306190491e-02,1.217033993452787399e-02,9.607969224452972412e-02,-2.113233879208564758e-02,-6.131860427558422089e-03,2.658276446163654327e-02,3.702853247523307800e-02,-2.931625582277774811e-02,-9.394772350788116455e-03,-2.602100605145096779e-03,1.392390429973602295e-01,-3.218171000480651855e-02,2.878827229142189026e-02,-1.550806760787963867e-01,-8.459094911813735962e-02,5.874635279178619385e-02,-1.573261804878711700e-02,-8.338837884366512299e-03,2.730526775121688843e-02,3.831328079104423523e-02,-5.931181088089942932e-02,-2.406333386898040771e-02,3.012213855981826782e-02,1.898264861665666103e-03,-6.212030351161956787e-02,-5.540614947676658630e-02,1.035271361470222473e-01,-2.802134305238723755e-02,-5.401103408075869083e-04,-1.711139269173145294e-02,-3.696900792419910431e-03,3.380801528692245483e-02,1.153886243700981140e-01,1.453239768743515015e-01,-4.360464867204427719e-03,-1.495849192142486572e-01,-4.813975095748901367e-02,-4.125379025936126709e-02,3.065558522939682007e-02,1.107572913169860840e-01,-1.481958180665969849e-01,2.309199236333370209e-02,-8.129750192165374756e-02,1.570501923561096191e-02,-1.232490149050136097e-06,1.178926378488540649e-01,2.345211990177631378e-02,-3.887693583965301514e-02,3.380602970719337463e-02,1.196501329541206360e-01,5.800049751996994019e-02,-4.873430356383323669e-02,1.926641017198562622e-01,3.773726895451545715e-02,1.715484410524368286e-01,-1.063809618353843689e-01,8.364646695554256439e-03,-1.501931846141815186e-01,-1.788819395005702972e-02,1.318449378013610840e-01,4.826782271265983582e-02,-6.591565161943435669e-02,1.549379341304302216e-02,-4.608981683850288391e-02,-1.265396457165479660e-02,-1.420519128441810608e-02,-4.269485920667648315e-02,-7.847594469785690308e-02,-2.083863690495491028e-02,-4.901653528213500977e-02,1.421454846858978271e-01,1.071630865335464478e-01,8.173691458068788052e-04,-1.218135934323072433e-02,1.573053747415542603e-02
3.951758742332458496e-01,4.593219980597496033e-02,-4.092563688755035400e-01,2.170351445674896240e-01,4.458644092082977295e-01,-1.878180503845214844e-01,5.197150632739067078e-02,6.266648769378662109e-01,1.398486196994781494e-01,2.375599294900894165e-01,-4.579745605587959290e-02,-2.545874416828155518e-01,3.270096778869628906e-01,2.570852339267730713e-01,4.948217868804931641e-01,5.356173515319824219e-01,-3.477839753031730652e-03,1.511310935020446777e-01,-1.663359701633453369e-01,-2.349315434694290161e-01,1.262039877474308014e-02,3.397850692272186279e-01,2.055261135101318359e-01,-1.207771301269531250e-01,5.091970413923263550e-02,4.402602910995483398e-01,-3.978755176067352295e-01,-4.652063548564910889e-01,4.891651570796966553e-01,-2.508741617202758789e-01,-1.268339604139328003e-01,-3.538928329944610596e-01,1.043616607785224915e-01,3.072558045387268066e-01,-5.654311925172805786e-02,-4.757584929466247559e-01,1.521192193031311035e-01,3.825944364070892334e-01,-6.435483098030090332e-01,-4.582534730434417725e-01,4.669741690158843994e-01,8.858265727758407593e-02,2.928744256496429443e-01,9.801370650529861450e-02,1.535610109567642212e-01,-2.997543215751647949e-01,-4.938642680644989014e-01,-1.935295164585113525e-01,4.036060348153114319e-02,-5.116621032357215881e-02,-1.231886595487594604e-01,-1.786395013332366943e-01,3.472822308540344238e-01,-1.445145010948181152e-01,-3.005122840404510498e-01,-6.019032001495361328e-01,2.217154949903488159e-01,4.182802140712738037e-02,-1.589635312557220459e-01,-2.191682308912277222e-01,-2.311317808926105499e-02,-5.476914718747138977e-02,1.038505043834447861e-02,1.193143725395202637e-01,2.016277424991130829e-02,-9.544252604246139526e-02,-3.502686321735382080e-02,5.252209901809692383e-01,-4.713738560676574707e-01,2.954542934894561768e-01,-5.187723040580749512e-01,-1.319627910852432251e-01,4.091016016900539398e-03,4.664347469806671143e-01,-1.919017583131790161e-01,-4.450083673000335693e-01,-7.818291895091533661e-03,5.472697019577026367e-01,-1.317327767610549927e-01,-4.074765443801879883e-01,4.147970676422119141e-01,2.546981675550341606e-03,-5.364841818809509277e-01,6.102348561398684978e-04,-5.449054837226867676e-01,-3.394660651683807373e-01,4.342094659805297852e-01,1.736409589648246765e-02,1.948317289352416992e-01,3.940893113613128662e-01,-2.519416511058807373e-01,1.332643926143646240e-01,-1.416648775339126587e-01,-1.459101680666208267e-02,-3.648022413253784180e-01,-3.217111527919769287e-01,3.898352384567260742e-01,-2.207986981375142932e-04,-4.620051383972167969e-01,4.883047342300415039e-01,-3.629847466945648193e-01,5.306978821754455566e-01,-4.100857377052307129e-01,-3.709672391414642334e-01,4.173310995101928711e-01,9.889613091945648193e-02,-7.901221513748168945e-02,-3.410373628139495850e-01,-3.119091689586639404e-01,-7.172376383095979691e-03,1.594136804342269897e-01,-8.610290288925170898e-02,-3.577846586704254150e-01,-6.838623434305191040e-02,5.978285074234008789e-01,-4.240122735500335693e-01,5.421184897422790527e-01,1.308986097574234009e-01,-6.097138524055480957e-01,1.071611270308494568e-01,1.707673817873001099e-01,3.838256299495697021e-01,4.473803341388702393e-01,-5.358820408582687378e-02,-3.201151490211486816e-01,-1.135548874735832214e-01,2.032549865543842316e-02,2.568840384483337402e-01
1.193991601467132568e-01,3.901561349630355835e-02,-3.094750940799713135e-01,2.315516620874404907e-01,1.671464145183563232e-01,-2.047059834003448486e-01,-3.233999758958816528e-02,1.398486196994781494e-01,2.961037456989288330e-01,2.111650109291076660e-01,-7.211772352457046509e-02,-1.695536077022552490e-01,2.909890115261077881e-01,2.004355192184448242e-01,3.058748245239257812e-01,3.487174808979034424e-01,2.844834234565496445e-03,1.551286429166793823e-01,-2.888259291648864746e-01,-1.640521734952926636e-01,-3.194768130779266357e-01,2.608640193939208984e-01,1.729677766561508179e-01,-1.414915025234222412e-01,5.486286431550979614e-02,3.931917846202850342e-01,-3.088926970958709717e-01,-1.567154526710510254e-01,1.952259540557861328e-01,1.929205097258090973e-02,-1.082049012184143066e-01,-4.334060251712799072e-01,3.169358074665069580e-01,1.042060554027557373e-01,-1.100387144833803177e-02,-3.568774759769439697e-01,1.392630338668823242e-01,2.924138009548187256e-01,-2.321455180644989014e-01,-2.145740091800689697e-01,4.144768714904785156e-01,6.407169997692108154e-02,2.016144394874572754e-01,4.939947277307510376e-02,-1.224132254719734192e-01,-1.589289754629135132e-01,-3.462899923324584961e-01,-1.039399206638336182e-01,8.704146742820739746e-02,2.506903372704982758e-02,-1.010723635554313660e-01,1.470070481300354004e-01,2.806065678596496582e-01,-7.556717097759246826e-02,-1.829437166452407837e-02,-3.651698231697082520e-01,1.212401315569877625e-01,2.463338710367679596e-02,-2.100203931331634521e-01,-1.902358680963516235e-01,-9.539774060249328613e-02,1.163576841354370117e-01,1.136190537363290787e-02,1.910659223794937134e-01,6.511187553405761719e-02,-1.027704253792762756e-01,2.651105262339115143e-02,3.042981326580047607e-01,-3.720993399620056152e-01,1.330691482871770859e-02,-2.905178070068359375e-01,2.044264674186706543e-01,-1.548757106065750122e-01,3.674474954605102539e-01,-1.989818066358566284e-01,-2.996381819248199463e-01,-4.598367959260940552e-03,3.831563591957092285e-01,-2.110793292522430420e-01,-3.777931332588195801e-01,4.096354246139526367e-01,1.761529245413839817e-03,-2.282905578613281250e-01,7.544197142124176025e-03,-3.526721000671386719e-01,-2.188795357942581177e-01,1.074463352560997009e-01,9.858555160462856293e-03,2.892839014530181885e-01,2.737582325935363770e-01,-8.961104601621627808e-02,-9.681884944438934326e-02,-3.124844729900360107e-01,1.479865610599517822e-01,-3.779168128967285156e-01,-7.100848108530044556e-02,8.001210540533065796e-02,-1.319417497143149376e-04,-2.321736514568328857e-01,3.602533936500549316e-01,-1.098795756697654724e-01,2.806555926799774170e-01,-4.293918609619140625e-01,-2.695958018302917480e-01,4.485411643981933594e-01,-4.820298776030540466e-02,-3.400344550609588623e-01,-2.945333421230316162e-01,-1.114746332168579102e-01,-2.649045549333095551e-02,3.328046500682830811e-01,-1.977214664220809937e-01,-3.347603678703308105e-01,1.850866526365280151e-02,3.122158050537109375e-01,-3.922699093818664551e-01,1.728162765502929688e-01,8.786202222108840942e-02,-3.668365478515625000e-01,1.665679961442947388e-01,1.252909749746322632e-01,3.524774014949798584e-01,3.624513149261474609e-01,-1.741843819618225098e-01,-1.907003968954086304e-01,-1.952836215496063232e-01,4.440181702375411987e-02,2.028608173131942749e-01
1.192939430475234985e-01,4.395561665296554565e-02,-4.013620615005493164e-01,3.067949414253234863e-01,2.229550629854202271e-01,-1.361493915319442749e-01,6.179580930620431900e-03,2.375599294900894165e-01,2.111650109291076660e-01,2.325338274240493774e-01,-6.971995532512664795e-02,-1.998230367898941040e-01,3.282514512538909912e-01,2.391373664140701294e-01,3.813176453113555908e-01,4.036515355110168457e-01,1.275207963772118092e-03,1.816852390766143799e-01,-3.227082788944244385e-01,-2.193626165390014648e-01,-2.345326542854309082e-01,3.119609653949737549e-01,2.531937956809997559e-01,-1.456021219491958618e-01,5.648437514901161194e-02,4.013745784759521484e-01,-3.777278065681457520e-01,-1.951312422752380371e-01,3.351794779300689697e-01,-5.416937917470932007e-02,-8.356194943189620972e-02,-4.506534039974212646e-01,3.130714595317840576e-01,2.024428546428680420e-01,-2.241887897253036499e-02,-4.103177189826965332e-01,1.555176824331283569e-01,3.411618173122406006e-01,-3.323175907135009766e-01,-2.809767425060272217e-01,4.207815527915954590e-01,6.915771216154098511e-02,2.803942263126373291e-01,7.042611390352249146e-02,-4.050143063068389893e-02,-2.417141199111938477e-01,-4.346771836280822754e-01,-1.241896003484725952e-01,5.900802835822105408e-02,-6.385782035067677498e-04,-7.320675998926162720e-02,4.285897687077522278e-02,2.798061370849609375e-01,-7.705790549516677856e-02,-8.153691142797470093e-02,-4.686831533908843994e-01,1.532641351222991943e-01,3.196942433714866638e-02,-2.397907227277755737e-01,-2.232500761747360229e-01,-7.565438747406005859e-02,9.411524981260299683e-02,1.230097282677888870e-02,1.531435847282409668e-01,4.071363434195518494e-02,-1.100552380084991455e-01,5.107763409614562988e-02,3.740975260734558105e-01,-4.081199765205383301e-01,5.932765081524848938e-02,-3.698566555976867676e-01,6.980190426111221313e-02,-1.214039176702499390e-01,4.221991300582885742e-01,-1.785795092582702637e-01,-3.644820451736450195e-01,-5.281417630612850189e-03,4.797934293746948242e-01,-2.112159430980682373e-01,-4.167829155921936035e-01,4.670453369617462158e-01,2.163726836442947388e-03,-3.220929801464080811e-01,5.595067050307989120e-03,-3.915366232395172119e-01,-2.845145761966705322e-01,1.937376409769058228e-01,1.243773382157087326e-02,2.658511400222778320e-01,3.218290805816650391e-01,-1.277061700820922852e-01,-6.535802036523818970e-02,-3.237917423248291016e-01,1.409431695938110352e-01,-4.047367870807647705e-01,-1.019767299294471741e-01,1.773760020732879639e-01,-1.643283467274159193e-04,-2.898802161216735840e-01,3.830749094486236572e-01,-1.764868944883346558e-01,3.084254860877990723e-01,-4.692167341709136963e-01,-3.146899640560150146e-01,5.064321756362915039e-01,2.772107906639575958e-02,-3.475549519062042236e-01,-3.428265452384948730e-01,-1.156546473503112793e-01,-2.425539121031761169e-02,3.074691593647003174e-01,-2.555010020732879639e-01,-3.825580477714538574e-01,4.251718148589134216e-02,4.346127212047576904e-01,-4.327421784400939941e-01,2.345504611730575562e-01,1.378388702869415283e-01,-4.548735320568084717e-01,1.724589765071868896e-01,1.831222474575042725e-01,3.808264732360839844e-01,4.177892804145812988e-01,-1.827654540538787842e-01,-2.615963518619537354e-01,-1.947651803493499756e-01,4.281387105584144592e-02,2.582782208919525146e-01
-1.588120311498641968e-01,3.756065620109438896e-03,6.138386204838752747e-02,-8.855386823415756226e-02,3.561147721484303474e-03,6.388232111930847168e-02,-1.107449978590011597e-01,-4.579745605587959290e-02,-7.211772352457046509e-02,-6.971995532512664795e-02,1.656664311885833740e-01,4.421007819473743439e-03,6.502933055162429810e-02,-4.673533886671066284e-02,-9.738329797983169556e-03,4.238257557153701782e-02,-6.950357928872108459e-04,-3.114105574786663055e-02,1.110934913158416748e-01,4.147086758166551590e-03,2.218679189682006836e-01,4.121638834476470947e-02,-3.270048275589942932e-02,-5.649163573980331421e-02,-1.057667192071676254e-02,3.921218588948249817e-02,-9.772167354822158813e-02,-8.095996081829071045e-02,3.625835850834846497e-02,-7.545968517661094666e-03,4.961257055401802063e-02,2.522378228604793549e-02,-1.663701981306076050e-01,1.702831126749515533e-02,-8.415525779128074646e-03,-5.966579914093017578e-02,1.357355853542685509e-03,-3.394249081611633301e-02,-2.876621112227439880e-02,1.573358774185180664e-01,-1.001514792442321777e-01,-5.510275438427925110e-02,9.429778158664703369e-02,-4.978053271770477295e-03,1.969725638628005981e-01,-1.280656307935714722e-01,8.493394404649734497e-02,4.755695536732673645e-02,-7.038914412260055542e-02,-2.951951511204242706e-02,6.480809301137924194e-02,-4.853487387299537659e-02,-1.429017931222915649e-01,3.203985746949911118e-03,-7.329846918582916260e-02,-5.788326263427734375e-03,-1.874762214720249176e-02,4.955093609169125557e-04,6.432659178972244263e-02,4.682870954275131226e-02,8.649753034114837646e-02,-6.061286106705665588e-02,-3.403877140954136848e-03,-2.008377164602279663e-01,-2.902070991694927216e-03,6.518865004181861877e-03,1.272847205400466919e-01,1.019063405692577362e-02,2.636413089931011200e-02,5.186004564166069031e-02,7.795151323080062866e-02,-1.999862045049667358e-01,4.069327190518379211e-02,-6.189863383769989014e-02,1.034609079360961914e-01,7.408913224935531616e-02,-1.945165102370083332e-03,-2.580941095948219299e-02,2.051771283149719238e-01,1.206393167376518250e-02,-1.305894702672958374e-01,3.538607415976002812e-05,4.938458651304244995e-02,2.897594822570681572e-04,7.818673551082611084e-02,-5.619334802031517029e-02,-8.980914950370788574e-02,2.798929810523986816e-03,6.824160367250442505e-02,-2.389998175203800201e-02,7.173554599285125732e-02,5.935841426253318787e-02,2.724945731461048126e-02,5.428053438663482666e-02,1.134317070245742798e-01,6.907621771097183228e-02,-3.209684789180755615e-02,3.429798380238935351e-05,-8.159799873828887939e-02,-1.217064186930656433e-01,1.855778507888317108e-02,-5.032065883278846741e-02,3.977286070585250854e-02,1.663460023701190948e-02,-8.790597319602966309e-02,-2.285148650407791138e-01,1.578222811222076416e-01,-8.470863103866577148e-02,1.108077615499496460e-01,1.390364952385425568e-03,-1.113572623580694199e-02,1.098308414220809937e-01,-3.216984914615750313e-03,-5.789242312312126160e-02,-1.174404192715883255e-02,1.015290096402168274e-01,5.076142027974128723e-02,-6.939575076103210449e-03,1.177749559283256531e-01,-3.953007236123085022e-02,3.007058426737785339e-02,-1.002490818500518799e-01,-7.430748641490936279e-02,-5.614050850272178650e-02,-6.875006854534149170e-02,7.693247497081756592e-02,6.408250425010919571e-03,-7.692135870456695557e-02
-7.818129658699035645e-02,-4.568848386406898499e-02,3.818958997726440430e-01,-3.035251498222351074e-01,-2.418181598186492920e-01,8.942408114671707153e-02,4.868151992559432983e-02,-2.545874416828155518e-01,-1.695536077022552490e-01,-1.998230367898941040e-01,4.421007819473743439e-03,2.130415141582489014e-01,-3.353696167469024658e-01,-2.589693963527679443e-01,-4.117808938026428223e-01,-4.315015077590942383e-01,-2.309218514710664749e-03,-1.767842769622802734e-01,2.643775343894958496e-01,2.198107838630676270e-01,1.399232000112533569e-01,-3.554969727993011475e-01,-2.424089610576629639e-01,1.664806455373764038e-01,-5.228205025196075439e-02,-3.977495729923248291e-01,4.187689721584320068e-01,2.330327183008193970e-01,-3.446140885353088379e-01,4.286079853773117065e-02,7.793757319450378418e-02,4.453303515911102295e-01,-2.385995984077453613e-01,-2.160252183675765991e-01,2.860833704471588135e-02,4.462526142597198486e-01,-1.539848744869232178e-01,-3.284414410591125488e-01,3.513674437999725342e-01,2.778725922107696533e-01,-3.835189938545227051e-01,-5.749008059501647949e-02,-3.203411698341369629e-01,-7.153517007827758789e-02,-7.085090130567550659e-02,2.693185508251190186e-01,4.170185327529907227e-01,1.281877756118774414e-01,-1.465214975178241730e-02,-5.634062108583748341e-04,5.630872771143913269e-02,6.681261584162712097e-03,-2.477714568376541138e-01,9.699980169534683228e-02,1.088151186704635620e-01,4.903869628906250000e-01,-1.638831347227096558e-01,-3.325902670621871948e-02,1.996768862009048462e-01,2.188854664564132690e-01,4.803553968667984009e-02,-6.702850013971328735e-02,-1.244664378464221954e-02,-4.016017168760299683e-02,-4.480224847793579102e-02,1.058130189776420593e-01,-1.017270237207412720e-01,-3.914941847324371338e-01,3.936870396137237549e-01,-8.836070448160171509e-02,3.458728790283203125e-01,5.875810747966170311e-04,1.069491580128669739e-01,-4.157894849777221680e-01,1.352561116218566895e-01,3.493770062923431396e-01,5.389693193137645721e-03,-4.685337245464324951e-01,1.634689122438430786e-01,4.194651544094085693e-01,-4.281241595745086670e-01,-2.294388599693775177e-03,3.071443736553192139e-01,-5.503813736140727997e-03,3.821484744548797607e-01,3.093615472316741943e-01,-1.281114071607589722e-01,-1.352796982973814011e-02,-2.758468985557556152e-01,-3.182918727397918701e-01,1.111603304743766785e-01,4.425535723567008972e-02,3.096173107624053955e-01,-1.785463690757751465e-01,3.581573665142059326e-01,8.866909146308898926e-02,-1.838214248418807983e-01,1.544129772810265422e-04,3.392150700092315674e-01,-3.313927948474884033e-01,1.730063557624816895e-01,-2.725887000560760498e-01,4.686017632484436035e-01,3.107264935970306396e-01,-4.505795836448669434e-01,2.191382832825183868e-02,2.874996364116668701e-01,3.783277273178100586e-01,6.323398649692535400e-02,2.174574695527553558e-02,-3.327400088310241699e-01,2.089317440986633301e-01,4.018818736076354980e-01,-1.863395981490612030e-02,-4.462560713291168213e-01,3.807751536369323730e-01,-2.770856022834777832e-01,-1.303875893354415894e-01,4.267400205135345459e-01,-1.655702888965606689e-01,-1.966835111379623413e-01,-3.488043546676635742e-01,-3.993346989154815674e-01,2.018785625696182251e-01,3.069398999214172363e-01,1.617544740438461304e-01,-4.058421775698661804e-02,-2.224351614713668823e-01
