5.003991723060607910e-01,2.618397213518619537e-02,-2.015135586261749268e-01,5.311029404401779175e-02,2.452892214059829712e-01,-1.181443557143211365e-01,1.390593349933624268e-01,4.067361354827880859e-01,1.128323674201965332e-01,8.772062510251998901e-02,-8.592844754457473755e-02,-1.064781323075294495e-01,1.043529659509658813e-01,2.484197914600372314e-01,3.046024441719055176e-01,2.235459685325622559e-01,6.833999417722225189e-03,4.631184414029121399e-02,4.693676158785820007e-02,-7.680368423461914062e-02,-1.614200174808502197e-01,1.189497187733650208e-01,3.195019066333770752e-02,5.232091993093490601e-02,1.706700772047042847e-02,1.486644446849822998e-01,-7.110081613063812256e-02,-2.776648104190826416e-01,1.102365329861640930e-01,-1.899166107177734375e-01,-1.317605227231979370e-01,-1.691593825817108154e-01,1.074475795030593872e-01,9.068734198808670044e-02,-3.374569490551948547e-02,-1.822483241558074951e-01,6.046593654900789261e-03,1.067315489053726196e-01,-3.495431840419769287e-01,-4.071994125843048096e-01,2.783147394657135010e-01,9.665677696466445923e-02,2.023797295987606049e-02,3.143789246678352356e-02,-1.897117495536804199e-02,-8.058577775955200195e-02,-2.779300808906555176e-01,-1.442421376705169678e-01,3.525339439511299133e-02,7.289408147335052490e-02,-9.758107364177703857e-02,-5.388442054390907288e-02,2.057268768548965454e-01,-5.197665467858314514e-02,-5.828274786472320557e-02,-2.592661976814270020e-01,7.673693448305130005e-02,2.001564949750900269e-02,-9.052834659814834595e-02,-1.023116260766983032e-01,-2.169856056571006775e-02,-3.823764622211456299e-03,1.283857785165309906e-02,1.785726249217987061e-01,2.662543952465057373e-02,-2.481793798506259918e-02,-9.938570857048034668e-02,2.668783962726593018e-01,-1.967936009168624878e-01,1.947503387928009033e-01,-2.714513838291168213e-01,3.430504724383354187e-02,1.928521320223808289e-02,2.521019577980041504e-01,-1.320732384920120239e-01,-2.450132668018341064e-01,-3.989111166447401047e-03,2.271503508090972900e-01,-1.943020522594451904e-01,-1.795878857374191284e-01,1.797134280204772949e-01,2.206142991781234741e-03,-2.866260111331939697e-01,-3.730413038283586502e-03,-3.468859493732452393e-01,-1.170311421155929565e-01,2.541879713535308838e-01,4.381365608423948288e-03,7.955650798976421356e-03,1.143443584442138672e-01,-1.310863345861434937e-01,-4.125915933400392532e-03,1.240434776991605759e-02,-7.340867817401885986e-02,-1.706756949424743652e-01,-2.676999866962432861e-01,2.576434314250946045e-01,-2.980138815473765135e-04,-2.543640136718750000e-01,3.236263394355773926e-01,-1.267131417989730835e-01,2.828848361968994141e-01,-1.791196316480636597e-01,-9.174018353223800659e-02,1.207672953605651855e-01,2.856868207454681396e-01,-1.116348803043365479e-02,-4.445771500468254089e-02,-3.068539500236511230e-01,2.505811629816889763e-03,8.924692124128341675e-02,1.899658702313899994e-02,-1.122678592801094055e-01,-1.324041336774826050e-01,2.528783679008483887e-01,-2.019256651401519775e-01,3.792403042316436768e-01,-4.169949889183044434e-02,-4.133963286876678467e-01,3.701921552419662476e-02,7.108097895979881287e-03,2.608803212642669678e-01,2.751554548740386963e-01,2.091912552714347839e-02,3.673663130030035973e-03,-1.719460934400558472e-01,-3.075682790949940681e-03,8.519307523965835571e-02
2.618397213518619537e-02,2.175312861800193787e-02,-1.320597976446151733e-01,8.726674318313598633e-02,7.302440702915191650e-02,-4.905444104224443436e-03,1.431656721979379654e-02,4.485859721899032593e-02,2.549887821078300476e-02,4.347270727157592773e-02,9.914841502904891968e-03,-5.232774838805198669e-02,1.014861837029457092e-01,8.299348503351211548e-02,1.218440383672714233e-01,1.223712712526321411e-01,-1.587693695910274982e-03,7.498048990964889526e-02,-6.742557138204574585e-02,-6.386592239141464233e-02,-5.288539826869964600e-02,1.197008863091468811e-01,7.115010917186737061e-02,-1.375524210743606091e-03,1.452532224357128143e-02,1.366684883832931519e-01,-1.308405399322509766e-01,-7.401698827743530273e-02,1.167009994387626648e-01,-3.537964075803756714e-02,2.197844907641410828e-02,-1.249804422259330750e-01,8.928042650222778320e-02,6.849084794521331787e-02,-4.776575602591037750e-03,-1.345373094081878662e-01,3.171272948384284973e-02,6.819971650838851929e-02,-8.889360725879669189e-02,-7.813751697540283203e-02,1.059329956769943237e-01,1.152933854609727859e-02,1.206872239708900452e-01,1.872389577329158783e-02,-6.348825525492429733e-03,-8.393304795026779175e-02,-1.305750459432601929e-01,-3.675603121519088745e-02,-1.333896815776824951e-02,2.232767269015312195e-02,2.618020772933959961e-02,-2.498311176896095276e-02,2.983058430254459381e-02,-2.318697748705744743e-03,-2.076141536235809326e-03,-1.370645761489868164e-01,2.472265809774398804e-02,1.082406193017959595e-02,-7.476552575826644897e-02,-6.889940053224563599e-02,-8.837595582008361816e-03,1.489812694489955902e-02,4.724333062767982483e-03,3.704268485307693481e-02,2.275465056300163269e-03,-3.013707697391510010e-02,3.190717473626136780e-02,1.274330914020538330e-01,-1.224871799349784851e-01,3.668380528688430786e-02,-9.536065906286239624e-02,-2.253697998821735382e-02,-2.940129116177558899e-02,1.208305582404136658e-01,-3.260515257716178894e-02,-1.165122017264366150e-01,-2.877812832593917847e-03,1.430845856666564941e-01,-4.026285186409950256e-02,-1.171531528234481812e-01,1.281974464654922485e-01,1.184729509986937046e-03,-9.884539246559143066e-02,1.464091357775032520e-03,-9.910622984170913696e-02,-1.211815625429153442e-01,5.798113718628883362e-02,5.653938278555870056e-03,6.499340385198593140e-02,4.985019937157630920e-02,-2.033074013888835907e-02,-3.060781955718994141e-02,-1.018356829881668091e-01,3.854365274310112000e-02,-1.123444586992263794e-01,-3.595830872654914856e-03,8.170893788337707520e-02,-1.126864590332843363e-04,-9.632795304059982300e-02,5.430638417601585388e-02,-3.095428273081779480e-02,4.192874953150749207e-02,-1.332679241895675659e-01,-5.549641698598861694e-02,1.432060897350311279e-01,8.748046122491359711e-03,-8.412278443574905396e-02,-1.235494390130043030e-01,-2.761328406631946564e-02,-9.071589447557926178e-03,7.829532027244567871e-02,-5.584916099905967712e-02,-1.131085380911827087e-01,-2.566230110824108124e-02,1.373224109411239624e-01,-1.197519302368164062e-01,7.295881211757659912e-02,3.621584177017211914e-02,-1.254938095808029175e-01,3.774435073137283325e-02,7.328618317842483521e-02,9.655305743217468262e-02,1.179053634405136108e-01,-5.490006878972053528e-02,-5.816531553864479065e-02,-7.234210520982742310e-02,5.572417285293340683e-03,7.048084586858749390e-02
-2.015135586261749268e-01,-1.320597976446151733e-01,8.080471158027648926e-01,-6.040969491004943848e-01,-4.375129044055938721e-01,-4.042825102806091309e-02,-1.475283950567245483e-01,-3.162327110767364502e-01,-1.494458466768264771e-01,-2.992584407329559326e-01,-4.556088894605636597e-02,3.631709814071655273e-01,-5.918061137199401855e-01,-5.774844884872436523e-01,-7.456961274147033691e-01,-7.315447330474853516e-01,3.341575386002659798e-03,-4.396076202392578125e-01,4.634355008602142334e-01,4.519584178924560547e-01,3.527506291866302490e-01,-7.507732510566711426e-01,-5.168617367744445801e-01,6.233598664402961731e-02,-1.005683317780494690e-01,-7.645448446273803711e-01,7.513302564620971680e-01,4.345267415046691895e-01,-7.279356718063354492e-01,2.677157819271087646e-01,-1.113188043236732483e-01,7.678506970405578613e-01,-5.853998661041259766e-01,-5.047627091407775879e-01,3.918773680925369263e-02,7.917935252189636230e-01,-2.098415642976760864e-01,-4.542815685272216797e-01,5.528631210327148438e-01,5.440727472305297852e-01,-6.547670364379882812e-01,-8.524881303310394287e-02,-6.961326003074645996e-01,-1.269857883453369141e-01,4.500268772244453430e-02,5.561804771423339844e-01,7.865126729011535645e-01,2.587257921695709229e-01,7.209998369216918945e-02,-5.989152193069458008e-02,-1.825402230024337769e-01,1.689070612192153931e-01,-2.172555178403854370e-01,7.566439360380172729e-02,-7.880643941462039948e-03,8.055442571640014648e-01,-1.957992613315582275e-01,-7.421576976776123047e-02,4.388578534126281738e-01,4.652581214904785156e-01,9.696892648935317993e-02,-1.363508254289627075e-01,-3.395577147603034973e-02,-2.735613286495208740e-01,-2.469576708972454071e-02,1.970929801464080811e-01,-1.562964320182800293e-01,-7.494471073150634766e-01,7.496894001960754395e-01,-2.236610054969787598e-01,6.497104763984680176e-01,1.632024645805358887e-01,1.943395435810089111e-01,-7.613604068756103516e-01,2.080587893724441528e-01,7.105638384819030762e-01,1.700906269252300262e-02,-8.436831235885620117e-01,3.203194141387939453e-01,7.504069209098815918e-01,-7.967376708984375000e-01,-8.441813290119171143e-03,6.319667100906372070e-01,-6.979108322411775589e-03,6.426363587379455566e-01,6.730712652206420898e-01,-3.937048017978668213e-01,-3.571896627545356750e-02,-3.903720080852508545e-01,-3.620440959930419922e-01,1.302060484886169434e-01,2.107524871826171875e-01,6.395078897476196289e-01,-2.609135508537292480e-01,7.191966772079467773e-01,8.380649238824844360e-02,-5.203137397766113281e-01,7.930854335427284241e-04,6.431282758712768555e-01,-4.091005325317382812e-01,2.647617161273956299e-01,-3.021728694438934326e-01,8.006496429443359375e-01,3.757266104221343994e-01,-8.198072314262390137e-01,-1.766100376844406128e-01,5.657492876052856445e-01,7.331742644309997559e-01,1.680659353733062744e-01,6.101828813552856445e-02,-5.292673110961914062e-01,4.594337642192840576e-01,7.154569029808044434e-01,4.242915287613868713e-02,-7.840171456336975098e-01,7.153723835945129395e-01,-4.983289837837219238e-01,-2.638591825962066650e-01,7.734795212745666504e-01,-2.625676691532135010e-01,-4.730319380760192871e-01,-6.592944860458374023e-01,-7.326197624206542969e-01,3.260441124439239502e-01,4.390949904918670654e-01,5.400750637054443359e-01,-5.990136787295341492e-02,-4.868484735488891602e-01
5.311029404401779175e-02,8.726674318313598633e-02,-6.040969491004943848e-01,5.800223350524902344e-01,2.211522161960601807e-01,1.210858076810836792e-01,7.502274215221405029e-02,1.209278553724288940e-01,7.428038865327835083e-02,1.988137215375900269e-01,-4.750873427838087082e-03,-2.485146820545196533e-01,2.970708310604095459e-01,4.850538372993469238e-01,5.027885437011718750e-01,4.688458144664764404e-01,-9.110559476539492607e-04,3.381592035293579102e-01,-3.938499689102172852e-01,-3.043583035469055176e-01,-3.853551447391510010e-01,5.889751315116882324e-01,3.746886849403381348e-01,-8.029126375913619995e-02,7.652825862169265747e-02,5.236091613769531250e-01,-5.166107416152954102e-01,-1.627611070871353149e-01,4.706757664680480957e-01,-1.020673960447311401e-01,1.119144856929779053e-01,-6.165483593940734863e-01,4.997625052928924561e-01,3.022374212741851807e-01,-9.989388287067413330e-03,-5.706906914710998535e-01,1.666658818721771240e-01,2.882111072540283203e-01,-2.366913557052612305e-01,-4.696562588214874268e-01,4.726279675960540771e-01,7.251940667629241943e-02,5.208090543746948242e-01,8.380226790904998779e-02,-7.524477690458297729e-02,-2.551990747451782227e-01,-5.429143309593200684e-01,-2.165111154317855835e-01,-6.461537629365921021e-02,9.669611603021621704e-02,1.904205083847045898e-01,-8.340296894311904907e-02,1.696520447731018066e-01,-1.184966415166854858e-01,1.426009684801101685e-01,-5.547126531600952148e-01,1.431566774845123291e-01,4.388093575835227966e-02,-2.654550373554229736e-01,-3.548135757446289062e-01,-1.494968533515930176e-01,1.536753475666046143e-01,2.902925014495849609e-02,1.978752315044403076e-01,4.631132632493972778e-02,-1.332180052995681763e-01,1.291306763887405396e-01,5.146510004997253418e-01,-5.185028314590454102e-01,7.996353507041931152e-02,-4.149094820022583008e-01,2.757607959210872650e-02,-1.840314418077468872e-01,5.439741015434265137e-01,-1.418532431125640869e-01,-5.603095889091491699e-01,-6.611304357647895813e-03,6.112645268440246582e-01,-3.746525645256042480e-01,-5.517849922180175781e-01,6.958595514297485352e-01,5.765997339040040970e-03,-3.579606711864471436e-01,7.045792881399393082e-03,-4.820514023303985596e-01,-4.018956720829010010e-01,1.300214976072311401e-01,2.135537751019001007e-02,2.394345104694366455e-01,2.338524460792541504e-01,-5.114135891199111938e-02,-2.511640191078186035e-01,-5.907064676284790039e-01,2.944486141204833984e-01,-5.631012320518493652e-01,-6.295674480497837067e-03,3.356415927410125732e-01,-5.187732167541980743e-04,-3.661783933639526367e-01,2.228804379701614380e-01,-1.382396370172500610e-01,6.493391096591949463e-02,-6.481411457061767578e-01,-2.445562630891799927e-01,6.474316120147705078e-01,2.080960720777511597e-01,-5.813444852828979492e-01,-5.683609843254089355e-01,-1.718020439147949219e-02,-4.654258117079734802e-02,5.341982245445251465e-01,-4.421168565750122070e-01,-5.524507761001586914e-01,4.346860200166702271e-02,5.239930152893066406e-01,-4.714407920837402344e-01,2.254135459661483765e-01,1.725803315639495850e-01,-5.628602504730224609e-01,2.204103320837020874e-01,3.250613510608673096e-01,4.853079617023468018e-01,5.051181912422180176e-01,-2.440428733825683594e-01,-2.934863865375518799e-01,-3.915432989597320557e-01,4.091871902346611023e-02,3.762220442295074463e-01
2.452892214059829712e-01,7.302440702915191650e-02,-4.375129044055938721e-01,2.211522161960601807e-01,3.448775112628936768e-01,-9.001747518777847290e-02,9.827739000320434570e-02,3.143629431724548340e-01,9.475532919168472290e-02,1.509959995746612549e-01,4.586931318044662476e-03,-1.803866475820541382e-01,3.719249963760375977e-01,2.437224239110946655e-01,4.604724943637847900e-01,4.477437138557434082e-01,-5.320384632796049118e-03,2.333419471979141235e-01,-1.592728644609451294e-01,-2.011182606220245361e-01,-1.176868602633476257e-01,3.603875041007995605e-01,1.854060441255569458e-01,4.287835583090782166e-02,4.182618111371994019e-02,4.583345949649810791e-01,-4.195843636989593506e-01,-3.633999526500701904e-01,4.041763842105865479e-01,-2.084785699844360352e-01,1.321265101432800293e-02,-3.699362277984619141e-01,2.555824816226959229e-01,2.148919552564620972e-01,-2.877417765557765961e-02,-4.392296075820922852e-01,8.414399623870849609e-02,2.403586506843566895e-01,-4.526908993721008301e-01,-3.074172139167785645e-01,4.060188829898834229e-01,6.103102490305900574e-02,3.506015241146087646e-01,6.513583660125732422e-02,2.252969658002257347e-03,-3.012878298759460449e-01,-4.900814294815063477e-01,-1.407284140586853027e-01,-1.975467428565025330e-02,1.110940426588058472e-01,1.953557319939136505e-02,-1.020592600107192993e-01,1.360904127359390259e-01,1.182057056576013565e-02,-8.197359740734100342e-02,-4.989394843578338623e-01,8.405014127492904663e-02,3.961675986647605896e-02,-2.850314974784851074e-01,-2.156345248222351074e-01,8.043350651860237122e-03,7.209659554064273834e-03,1.472526881843805313e-02,1.635762155055999756e-01,1.282572560012340546e-02,-9.541487693786621094e-02,7.478126883506774902e-02,4.740552008152008057e-01,-4.026860594749450684e-01,2.159894853830337524e-01,-3.857581615447998047e-01,-9.928459674119949341e-02,-3.887096047401428223e-02,4.209337830543518066e-01,-1.416452825069427490e-01,-4.187111556529998779e-01,-1.178033370524644852e-02,4.886929392814636230e-01,-1.279378533363342285e-01,-3.794729709625244141e-01,3.810346126556396484e-01,3.827438922598958015e-03,-4.151049852371215820e-01,2.938953926786780357e-03,-3.984369337558746338e-01,-4.324925243854522705e-01,3.091366887092590332e-01,1.903869025409221649e-02,1.940525174140930176e-01,1.795177459716796875e-01,-1.339546293020248413e-01,-4.410804808139801025e-02,-2.370351105928421021e-01,3.031836822628974915e-02,-3.578934371471405029e-01,-9.772565215826034546e-02,3.587386012077331543e-01,-4.217375535517930984e-04,-3.720494806766510010e-01,2.892388999462127686e-01,-1.302966475486755371e-01,2.681525945663452148e-01,-4.108207821846008301e-01,-1.942721307277679443e-01,4.539908766746520996e-01,8.340936154127120972e-02,-1.803943365812301636e-01,-3.640272915363311768e-01,-2.322183549404144287e-01,-2.177987247705459595e-02,1.420228183269500732e-01,-8.787673711776733398e-02,-3.413239121437072754e-01,-1.744796484708786011e-01,5.287346243858337402e-01,-4.375020861625671387e-01,3.614690303802490234e-01,9.680817276239395142e-02,-4.978429675102233887e-01,9.829716384410858154e-02,2.340492755174636841e-01,3.417245149612426758e-01,4.316720962524414062e-01,-1.554502695798873901e-01,-1.391143500804901123e-01,-2.215030640363693237e-01,7.639898452907800674e-03,2.282139509916305542e-01
-1.181443557143211365e-01,-4.905444104224443436e-03,-4.042825102806091309e-02,1.210858076810836792e-01,-9.001747518777847290e-02,2.270593792200088501e-01,-2.987307868897914886e-02,-5.469229072332382202e-02,-1.260326355695724487e-01,-2.799817733466625214e-02,3.925471380352973938e-02,-2.903461921960115433e-03,-1.008833274245262146e-01,1.119003593921661377e-01,-2.931917086243629456e-02,-5.425202101469039917e-02,-2.887238981202244759e-03,-1.415653433650732040e-02,-4.181389138102531433e-02,-4.668236151337623596e-02,3.615635633468627930e-02,6.242716684937477112e-02,1.184685006737709045e-01,-3.291412442922592163e-02,-3.277866635471582413e-03,-1.067408397793769836e-01,-1.080767018720507622e-03,1.228979453444480896e-01,4.928006604313850403e-02,1.224664412438869476e-02,8.976294100284576416e-02,-6.487029022537171841e-04,-1.658495515584945679e-02,9.616471827030181885e-02,9.678642381913959980e-04,-2.064183121547102928e-03,1.577843539416790009e-02,-2.893786877393722534e-02,1.366500705480575562e-01,-6.548130512237548828e-02,-1.286616921424865723e-01,-1.729690283536911011e-02,8.876860141754150391e-02,6.482901982963085175e-03,8.937527984380722046e-02,2.286970429122447968e-02,4.300798475742340088e-02,-7.262762170284986496e-03,-7.256850600242614746e-02,-7.841239869594573975e-02,1.400766074657440186e-01,-1.046150624752044678e-01,-4.535881057381629944e-02,-7.873867452144622803e-02,4.456594213843345642e-02,1.025530882179737091e-02,3.129797056317329407e-02,-7.046785904094576836e-04,9.613941609859466553e-02,-1.792070455849170685e-02,-2.337180078029632568e-02,2.090802229940891266e-02,2.551138168200850487e-03,-1.342355310916900635e-01,-1.926997117698192596e-02,1.763383112847805023e-02,2.936522290110588074e-02,-4.172454029321670532e-02,2.374907396733760834e-02,-6.523713469505310059e-02,4.995017498731613159e-02,-1.240382269024848938e-01,-2.136161178350448608e-02,-3.037848696112632751e-02,7.521421462297439575e-02,1.463320571929216385e-02,4.923373460769653320e-03,-8.246344514191150665e-03,-1.556897349655628204e-02,7.755752885714173317e-04,5.114351958036422729e-02,4.698443808592855930e-04,3.735184669494628906e-02,-3.394588362425565720e-03,6.761448830366134644e-02,7.878543436527252197e-02,-7.947732508182525635e-02,-1.003100536763668060e-03,-7.831189036369323730e-02,-1.325973216444253922e-02,5.359492450952529907e-02,-4.712011665105819702e-02,-6.503210216760635376e-02,8.569323271512985229e-02,2.479046024382114410e-02,2.900415845215320587e-02,-3.657746419776231050e-04,4.204674041830003262e-05,1.118728425353765488e-02,-1.536057442426681519e-01,-2.267182990908622742e-02,-1.826236844062805176e-01,-5.491994321346282959e-03,1.729531399905681610e-02,-3.634031489491462708e-02,1.027054265141487122e-01,-6.560202687978744507e-02,-3.537788614630699158e-02,1.909820884466171265e-01,9.311668691225349903e-04,1.161913126707077026e-01,-1.425878256559371948e-01,-4.218504577875137329e-02,1.228893622756004333e-01,-3.036425076425075531e-02,9.722349792718887329e-02,-5.655370280146598816e-02,4.265267401933670044e-02,4.383395239710807800e-02,1.656144484877586365e-02,1.270006876438856125e-02,-2.747429348528385162e-02,-5.244315043091773987e-02,2.194746397435665131e-02,-1.138927638530731201e-01,-9.055452421307563782e-03,3.441684879362583160e-03,3.170194849371910095e-02
1.390593349933624268e-01,1.431656721979379654e-02,-1.475283950567245483e-01,7.502274215221405029e-02,9.827739000320434570e-02,-2.987307868897914886e-02,1.154732853174209595e-01,1.393556147813796997e-01,4.287400841712951660e-02,6.818645447492599487e-02,-4.700489714741706848e-02,-6.495496630668640137e-02,8.303663134574890137e-02,6.278909742832183838e-02,1.504987180233001709e-01,1.222808063030242920e-01,6.070911418646574020e-03,1.987450011074542999e-02,-5.704125016927719116e-02,-7.451846450567245483e-02,-6.906893849372863770e-02,9.930324554443359375e-02,4.592059925198554993e-02,-1.602633111178874969e-02,1.753859035670757294e-02,1.369645893573760986e-01,-9.298820048570632935e-02,-1.007581427693367004e-01,1.221250221133232117e-01,-1.124938428401947021e-01,-5.554436147212982178e-02,-1.374290287494659424e-01,1.048476547002792358e-01,5.219748988747596741e-02,-1.424844842404127121e-02,-1.137099787592887878e-01,1.772281154990196228e-02,8.365143090486526489e-02,-1.894878894090652466e-01,-1.382338702678680420e-01,1.853227168321609497e-01,4.007297754287719727e-02,2.649289742112159729e-02,1.959274150431156158e-02,-5.187018960714340210e-02,-8.663505315780639648e-02,-1.772865056991577148e-01,-5.930124595761299133e-02,4.220908135175704956e-02,1.889375038444995880e-02,-3.305221349000930786e-02,1.237494871020317078e-02,8.423496782779693604e-02,-1.711962185800075531e-02,-1.762892305850982666e-02,-1.580536961555480957e-01,3.104040771722793579e-02,1.284748315811157227e-02,-9.020986407995223999e-02,-6.262452155351638794e-02,-3.617566823959350586e-02,3.370156511664390564e-02,6.749081891030073166e-03,1.401121318340301514e-01,2.635458111763000488e-02,-3.208942711353302002e-02,-3.329071402549743652e-02,1.426715701818466187e-01,-1.183958426117897034e-01,8.468274772167205811e-02,-1.720626503229141235e-01,1.875784434378147125e-02,9.389965794980525970e-03,1.617517620325088501e-01,-7.210567593574523926e-02,-1.550150215625762939e-01,-3.223315579816699028e-03,1.813661903142929077e-01,-1.058945506811141968e-01,-1.378777623176574707e-01,1.574641615152359009e-01,1.382522983476519585e-03,-1.340336501598358154e-01,-4.619817482307553291e-04,-1.832283139228820801e-01,-7.508762925863265991e-02,1.486082077026367188e-01,3.883928293362259865e-03,3.999662771821022034e-02,8.547803014516830444e-02,-6.687448173761367798e-02,-9.742797352373600006e-03,-6.320073455572128296e-02,-7.245541084557771683e-03,-1.450077295303344727e-01,-1.056532487273216248e-01,1.029218211770057678e-01,-1.967033313121646643e-04,-1.197728440165519714e-01,1.969264298677444458e-01,-7.782077044248580933e-02,1.792069673538208008e-01,-1.421071141958236694e-01,-7.027230411767959595e-02,1.753322333097457886e-01,1.217986494302749634e-01,-9.350693970918655396e-02,-6.717073172330856323e-02,-1.458172202110290527e-01,-7.898932322859764099e-03,1.831332966685295105e-02,-7.158053666353225708e-02,-7.721695303916931152e-02,2.642044611275196075e-02,1.589871793985366821e-01,-1.575257927179336548e-01,1.406532675027847290e-01,2.922872081398963928e-02,-2.165225148200988770e-01,3.445303067564964294e-02,6.382574886083602905e-02,1.563451439142227173e-01,1.609548628330230713e-01,-2.850111946463584900e-02,-3.004581853747367859e-02,-1.114619597792625427e-01,2.125673182308673859e-02,9.295593947172164917e-02
4.067361354827880859e-01,4.485859721899032593e-02,-3.162327110767364502e-01,1.209278553724288940e-01,3.143629431724548340e-01,-5.469229072332382202e-02,1.393556147813796997e-01,5.031446218490600586e-01,2.899796701967716217e-02,9.973035752773284912e-02,-1.996100693941116333e-02,-1.455485671758651733e-01,2.329983264207839966e-01,2.257875949144363403e-01,3.947318494319915771e-01,3.396680355072021484e-01,-1.774036558344960213e-03,1.009936854243278503e-01,-1.918718777596950531e-02,-1.342890560626983643e-01,1.553490478545427322e-02,2.344376444816589355e-01,1.156954467296600342e-01,4.288271442055702209e-02,1.952393352985382080e-02,2.551693916320800781e-01,-2.300253063440322876e-01,-3.433745503425598145e-01,3.213678896427154541e-01,-2.577207982540130615e-01,-5.742609873414039612e-02,-1.974996179342269897e-01,8.942118287086486816e-02,1.971578747034072876e-01,-4.488368332386016846e-02,-3.052831292152404785e-01,3.070434741675853729e-02,1.723468899726867676e-01,-4.935125708580017090e-01,-3.697699904441833496e-01,3.015040159225463867e-01,7.124187797307968140e-02,1.738754510879516602e-01,5.257591977715492249e-02,9.768553078174591064e-02,-2.257724106311798096e-01,-4.045664668083190918e-01,-1.371155232191085815e-01,-3.966999705880880356e-03,3.858328983187675476e-02,-1.795129477977752686e-02,-1.435849666595458984e-01,1.458900272846221924e-01,-4.820151254534721375e-02,-1.474621593952178955e-01,-4.065465331077575684e-01,9.949819743633270264e-02,3.409599885344505310e-02,-1.452683061361312866e-01,-1.420007795095443726e-01,2.925788238644599915e-02,-3.913043066859245300e-02,1.101816818118095398e-02,8.624128997325897217e-02,1.378235127776861191e-02,-4.660600051283836365e-02,-3.154197707772254944e-02,3.618465065956115723e-01,-2.884764075279235840e-01,2.258217185735702515e-01,-3.600765764713287354e-01,-1.697236597537994385e-01,3.801454976201057434e-02,3.356980085372924805e-01,-1.047079116106033325e-01,-3.031257987022399902e-01,-8.127694018185138702e-03,3.607298731803894043e-01,-1.251128464937210083e-01,-2.558071017265319824e-01,2.335633337497711182e-01,3.018622985109686852e-03,-3.981372714042663574e-01,-2.801791997626423836e-03,-3.529649078845977783e-01,-2.721820771694183350e-01,3.340301513671875000e-01,1.251901593059301376e-02,4.225021600723266602e-02,1.530829519033432007e-01,-1.560049653053283691e-01,3.947809338569641113e-02,-3.411852195858955383e-02,-9.845627844333648682e-02,-2.218471765518188477e-01,-2.244417667388916016e-01,3.528986871242523193e-01,-3.637723275460302830e-04,-3.440530300140380859e-01,3.128245174884796143e-01,-1.674013137817382812e-01,3.104315698146820068e-01,-2.516918182373046875e-01,-1.425225734710693359e-01,2.537734806537628174e-01,2.276943922042846680e-01,1.138558331876993179e-02,-1.889814287424087524e-01,-2.756314873695373535e-01,8.719330071471631527e-04,1.747174561023712158e-02,8.185274899005889893e-03,-2.089511752128601074e-01,-1.539265662431716919e-01,4.412518441677093506e-01,-3.018918633460998535e-01,4.194319546222686768e-01,5.404635518789291382e-02,-4.762091934680938721e-01,3.489590808749198914e-02,1.208685487508773804e-01,2.768546640872955322e-01,3.215724527835845947e-01,-1.942796981893479824e-03,-7.702376693487167358e-02,-1.515424251556396484e-01,-4.529445432126522064e-03,1.578615456819534302e-01
1.128323674201965332e-01,2.549887821078300476e-02,-1.494458466768264771e-01,7.428038865327835083e-02,9.475532919168472290e-02,-1.260326355695724487e-01,4.287400841712951660e-02,2.899796701967716217e-02,1.564317494630813599e-01,8.737441897392272949e-02,-3.548469021916389465e-02,-7.449543476104736328e-02,1.469665467739105225e-01,9.894151985645294189e-02,1.676173359155654907e-01,1.681741327047348022e-01,6.338581908494234085e-03,8.466475456953048706e-02,-8.489788323640823364e-02,-5.861134827136993408e-02,-2.113748788833618164e-01,1.325948238372802734e-01,3.233039751648902893e-02,-2.367707900702953339e-02,2.985928021371364594e-02,2.418224811553955078e-01,-1.391219496726989746e-01,-1.011201068758964539e-01,7.637117058038711548e-02,-1.288002263754606247e-02,-5.460015311837196350e-02,-2.281847149133682251e-01,1.811395138502120972e-01,2.873699553310871124e-02,-2.335390076041221619e-03,-1.724092066287994385e-01,3.809255734086036682e-02,1.017138212919235229e-01,-1.284377872943878174e-01,-1.074273511767387390e-01,2.380026876926422119e-01,3.729537129402160645e-02,6.447966396808624268e-02,1.741240732371807098e-02,-1.289204806089401245e-01,-9.316278249025344849e-02,-1.790956109762191772e-01,-5.762342736124992371e-02,4.482151195406913757e-02,4.590983688831329346e-02,-6.353201717138290405e-02,7.654394209384918213e-02,1.018423140048980713e-01,8.320133201777935028e-03,4.084585607051849365e-02,-1.611143350601196289e-01,2.174338139593601227e-02,1.237202808260917664e-02,-1.203725486993789673e-01,-9.368842095136642456e-02,-5.151806771755218506e-02,5.912351980805397034e-02,8.101544342935085297e-03,1.847513169050216675e-01,2.578178234398365021e-02,-5.334919318556785583e-02,-1.215788722038269043e-02,1.653824448585510254e-01,-1.825207769870758057e-01,4.072992131114006042e-02,-1.462581455707550049e-01,1.341213732957839966e-01,-6.433462351560592651e-02,2.007523775100708008e-01,-9.904944151639938354e-02,-1.563402861356735229e-01,-4.603149835020303726e-03,2.013770788908004761e-01,-1.116498261690139771e-01,-1.831387430429458618e-01,2.002177834510803223e-01,1.600376912392675877e-03,-1.048343777656555176e-01,4.276382736861705780e-03,-1.890466213226318359e-01,-1.483727991580963135e-01,7.062756270170211792e-02,5.763290915638208389e-03,1.409083604812622070e-01,8.613936603069305420e-02,-3.536783158779144287e-02,-5.636049434542655945e-02,-1.374345868825912476e-01,4.812449961900711060e-02,-1.999787837266921997e-01,-3.756940364837646484e-02,5.264194682240486145e-02,-1.904126111185178161e-04,-1.205879822373390198e-01,1.834040135145187378e-01,-3.284755721688270569e-02,1.548911035060882568e-01,-2.133811265230178833e-01,-8.391934633255004883e-02,2.233081907033920288e-01,-2.111115958541631699e-03,-1.582084149122238159e-01,-1.289910227060317993e-01,-1.314759552478790283e-01,-1.793913915753364563e-02,1.465280801057815552e-01,-5.917700752615928650e-02,-1.375917941331863403e-01,-2.957755699753761292e-02,1.349142789840698242e-01,-2.058542519807815552e-01,9.605620801448822021e-02,1.313136424869298935e-02,-2.070222496986389160e-01,6.773286312818527222e-02,5.726070329546928406e-02,1.780284643173217773e-01,1.942856311798095703e-01,-8.109932392835617065e-02,-2.779009379446506500e-02,-1.568227857351303101e-01,2.164570428431034088e-02,7.295276969671249390e-02
8.772062510251998901e-02,4.347270727157592773e-02,-2.992584407329559326e-01,1.988137215375900269e-01,1.509959995746612549e-01,-2.799817733466625214e-02,6.818645447492599487e-02,9.973035752773284912e-02,8.737441897392272949e-02,1.146003603935241699e-01,-4.806621465831995010e-03,-1.256552189588546753e-01,2.171904295682907104e-01,1.866364479064941406e-01,2.776175439357757568e-01,2.700209319591522217e-01,1.880192896351218224e-03,1.424562931060791016e-01,-1.619979292154312134e-01,-1.468036770820617676e-01,-1.638788878917694092e-01,2.656388580799102783e-01,1.524789929389953613e-01,-3.068439662456512451e-02,3.801811859011650085e-02,3.217996656894683838e-01,-2.757276594638824463e-01,-1.494442075490951538e-01,2.528603374958038330e-01,-8.766821026802062988e-02,8.542420342564582825e-03,-3.123692572116851807e-01,2.267344146966934204e-01,1.460529416799545288e-01,-1.216408703476190567e-02,-2.985623776912689209e-01,6.989774107933044434e-02,1.613765358924865723e-01,-2.158319503068923950e-01,-1.907671838998794556e-01,2.796608805656433105e-01,3.735733404755592346e-02,2.204784154891967773e-01,4.101099446415901184e-02,-5.859208106994628906e-02,-1.906700134277343750e-01,-3.075443506240844727e-01,-8.986175060272216797e-02,1.766965840943157673e-03,3.025652654469013214e-02,2.620827220380306244e-02,-1.622719503939151764e-02,9.502331912517547607e-02,-1.855349726974964142e-02,1.290821749716997147e-02,-3.080870807170867920e-01,5.990019440650939941e-02,2.476255036890506744e-02,-1.643948704004287720e-01,-1.572161614894866943e-01,-4.797147959470748901e-02,6.030092015862464905e-02,1.204598322510719299e-02,1.476285010576248169e-01,1.790456101298332214e-02,-7.308301329612731934e-02,3.627992793917655945e-02,2.784026861190795898e-01,-2.804346382617950439e-01,7.799641788005828857e-02,-2.405053973197937012e-01,-1.178841339424252510e-03,-6.834207475185394287e-02,2.992868721485137939e-01,-9.225121885538101196e-02,-2.675802707672119141e-01,-6.262039765715599060e-03,3.451925218105316162e-01,-1.310679018497467041e-01,-2.874657809734344482e-01,3.249161243438720703e-01,2.858333289623260498e-03,-2.118547409772872925e-01,3.299587406218051910e-03,-2.545418739318847656e-01,-2.431621402502059937e-01,1.393767595291137695e-01,1.170360110700130463e-02,1.520622223615646362e-01,1.322859078645706177e-01,-5.227521806955337524e-02,-7.431804388761520386e-02,-2.328765243291854858e-01,8.491092175245285034e-02,-2.836891710758209229e-01,-3.925520926713943481e-02,1.598507463932037354e-01,-2.902883861679583788e-04,-2.165553867816925049e-01,1.859918534755706787e-01,-8.855102211236953735e-02,1.474140882492065430e-01,-3.229028582572937012e-01,-1.332703828811645508e-01,3.515126407146453857e-01,5.575628206133842468e-02,-2.264230698347091675e-01,-2.596583664417266846e-01,-9.634102880954742432e-02,-2.313264086842536926e-02,1.903909593820571899e-01,-1.540014892816543579e-01,-2.485642880201339722e-01,-6.752318236976861954e-03,2.954881489276885986e-01,-2.879879176616668701e-01,1.666721105575561523e-01,8.204691112041473389e-02,-3.161916732788085938e-01,9.450648725032806396e-02,1.545035690069198608e-01,2.479767352342605591e-01,2.843655645847320557e-01,-1.175253465771675110e-01,-1.294231414794921875e-01,-2.013272196054458618e-01,2.662855386734008789e-02,1.650501787662506104e-01
-8.592844754457473755e-02,9.914841502904891968e-03,-4.556088894605636597e-02,-4.750873427838087082e-03,4.586931318044662476e-03,3.925471380352973938e-02,-4.700489714741706848e-02,-1.996100693941116333e-02,-3.548469021916389465e-02,-4.806621465831995010e-03,8.244079351425170898e-02,-1.187003031373023987e-02,8.543641865253448486e-02,1.977546513080596924e-02,2.683573774993419647e-02,5.670932307839393616e-02,-6.512891966849565506e-03,2.866272814571857452e-02,-1.474184356629848480e-02,-3.520138189196586609e-02,1.056992113590240479e-01,5.289663374423980713e-02,7.395461201667785645e-02,-1.940580201335251331e-03,-1.363758812658488750e-03,5.398292466998100281e-02,-9.790935367345809937e-02,-2.543205022811889648e-02,1.071342676877975464e-01,1.135823433287441730e-03,7.109040766954421997e-02,-1.199638564139604568e-02,-4.229429364204406738e-02,9.706975519657135010e-02,-5.277970340102910995e-03,-7.729683071374893188e-02,1.405510772019624710e-02,2.123019099235534668e-02,-1.764009147882461548e-02,6.127969175577163696e-02,-6.061518564820289612e-02,-3.515537828207015991e-02,1.205667331814765930e-01,9.751864708960056305e-03,8.877787739038467407e-02,-1.128045469522476196e-01,-2.887603081762790680e-02,3.249007090926170349e-02,-5.008535832166671753e-02,-7.393651455640792847e-02,6.319044530391693115e-02,-7.863824069499969482e-02,-6.321525573730468750e-02,2.069039829075336456e-02,-5.768335983157157898e-02,-6.159358844161033630e-02,1.157647278159856796e-02,6.762112956494092941e-03,1.582774566486477852e-03,-1.183953136205673218e-02,5.018051341176033020e-02,-2.909350581467151642e-02,-2.883494598791003227e-03,-1.095744520425796509e-01,-3.536465764045715332e-02,-7.293137721717357635e-03,4.770707339048385620e-02,2.355060167610645294e-02,-5.918089300394058228e-02,-1.655026525259017944e-02,9.758205153048038483e-03,-1.687536090612411499e-01,-1.503359898924827576e-02,2.224071323871612549e-02,4.623172804713249207e-02,2.922842465341091156e-02,-2.188856480643153191e-03,5.582783371210098267e-02,1.185969039797782898e-01,-3.090632148087024689e-02,-3.821026301011443138e-03,4.785093478858470917e-04,-3.537581115961074829e-02,-2.843387483153492212e-04,6.911636143922805786e-02,-9.577232599258422852e-02,6.884672213345766068e-03,4.814158659428358078e-03,3.508083149790763855e-02,3.821009304374456406e-03,2.592471614480018616e-02,2.756062336266040802e-02,-1.349229644984006882e-02,3.668115939944982529e-03,6.448840722441673279e-03,5.454308912158012390e-02,2.024408429861068726e-03,1.406446608598344028e-05,-4.988986253738403320e-02,-9.096820652484893799e-02,-1.944926381111145020e-02,-5.036479979753494263e-02,-2.286580391228199005e-02,-1.422995515167713165e-02,3.132386878132820129e-02,-1.051706075668334961e-01,5.171847343444824219e-02,-8.171075582504272461e-02,8.902878314256668091e-02,-1.820457400754094124e-03,7.577468175441026688e-03,4.291156772524118423e-03,-5.081978067755699158e-02,-9.771396405994892120e-03,6.150485575199127197e-02,-1.577690802514553070e-02,1.022164989262819290e-02,5.047132074832916260e-02,2.526985295116901398e-02,-3.027031663805246353e-03,4.360068589448928833e-02,-3.081693500280380249e-02,3.513725241646170616e-03,-1.174939144402742386e-02,-8.966296911239624023e-02,1.151341293007135391e-02,-9.104537311941385269e-04,2.768398553598672152e-04
-1.064781323075294495e-01,-5.232774838805198669e-02,3.631709814071655273e-01,-2.485146820545196533e-01,-1.803866475820541382e-01,-2.903461921960115433e-03,-6.495496630668640137e-02,-1.455485671758651733e-01,-7.449543476104736328e-02,-1.256552189588546753e-01,-1.187003031373023987e-02,1.526667475700378418e-01,-2.491281032562255859e-01,-2.533885538578033447e-01,-3.377367556095123291e-01,-3.245199024677276611e-01,-2.770386345218867064e-04,-1.711887866258621216e-01,1.834688037633895874e-01,1.781179606914520264e-01,1.601897329092025757e-01,-3.285879194736480713e-01,-2.035749107599258423e-01,3.421640396118164062e-02,-4.209389537572860718e-02,-3.594620823860168457e-01,3.292444050312042236e-01,1.767600923776626587e-01,-3.204378783702850342e-01,1.065283864736557007e-01,-2.880173921585083008e-02,3.568404614925384521e-01,-2.442757338285446167e-01,-2.034399509429931641e-01,1.756560057401657104e-02,3.653260767459869385e-01,-8.335375040769577026e-02,-1.879031807184219360e-01,2.546236813068389893e-01,2.484277039766311646e-01,-2.992214262485504150e-01,-3.975285217165946960e-02,-2.881595194339752197e-01,-5.150711908936500549e-02,2.283739484846591949e-02,2.324142754077911377e-01,3.662905991077423096e-01,1.089318841695785522e-01,2.120162360370159149e-02,-1.536081172525882721e-02,-5.767434835433959961e-02,6.012886390089988708e-02,-1.007428914308547974e-01,3.834454715251922607e-02,-3.492801450192928314e-03,3.756135106086730957e-01,-8.372563123703002930e-02,-3.085096925497055054e-02,1.694163978099822998e-01,1.904644221067428589e-01,4.584309458732604980e-02,-5.921258032321929932e-02,-1.417947653681039810e-02,-1.229594796895980835e-01,-1.364692486822605133e-02,8.107296377420425415e-02,-4.814156517386436462e-02,-3.301535546779632568e-01,3.357155919075012207e-01,-8.849038928747177124e-02,2.804141938686370850e-01,5.457589402794837952e-02,8.117038756608963013e-02,-3.537475466728210449e-01,9.011787176132202148e-02,3.080697655677795410e-01,6.885239854454994202e-03,-4.084912836551666260e-01,1.438576281070709229e-01,3.393656611442565918e-01,-3.804402053356170654e-01,-3.523891326040029526e-03,2.627887427806854248e-01,-3.019599709659814835e-03,2.874713838100433350e-01,2.924015522003173828e-01,-1.559523791074752808e-01,-1.435987278819084167e-02,-1.607666462659835815e-01,-1.534094661474227905e-01,5.592031031847000122e-02,8.436951041221618652e-02,2.680011987686157227e-01,-9.759046137332916260e-02,3.215256929397583008e-01,4.683966562151908875e-02,-2.060444653034210205e-01,3.339275135658681393e-04,2.712745666503906250e-01,-1.881075203418731689e-01,1.129851341247558594e-01,-1.428312510251998901e-01,3.783628940582275391e-01,1.554517596960067749e-01,-3.958430290222167969e-01,-8.142734318971633911e-02,2.456953078508377075e-01,3.192096352577209473e-01,8.205974102020263672e-02,2.452494204044342041e-02,-2.390053719282150269e-01,1.812865734100341797e-01,3.074498474597930908e-01,1.350921858102083206e-02,-3.613985776901245117e-01,3.228251934051513672e-01,-2.102928012609481812e-01,-1.051214784383773804e-01,3.741207420825958252e-01,-1.087007001042366028e-01,-1.827153414487838745e-01,-2.849726676940917969e-01,-3.257651031017303467e-01,1.231379210948944092e-01,1.752647459506988525e-01,2.307577431201934814e-01,-2.616548724472522736e-02,-1.939709484577178955e-01
