3.400026559829711914e-01,-2.083617982862051576e-05,3.939298912882804871e-02,-7.135313749313354492e-02,2.411806583404541016e-01,-1.922225356101989746e-01,7.236737012863159180e-02,3.518915176391601562e-01,3.213858231902122498e-02,5.403710529208183289e-03,-1.337371617555618286e-01,-6.311587244272232056e-02,-1.316385418176651001e-01,-2.953854575753211975e-02,1.236748229712247849e-02,9.465200453996658325e-02,2.933557610958814621e-03,3.472761064767837524e-02,1.100062057375907898e-01,2.470694296061992645e-02,1.226239092648029327e-02,-5.148807913064956665e-02,-1.676208376884460449e-01,1.133553534746170044e-01,7.004004437476396561e-03,3.866232559084892273e-02,1.122322827577590942e-01,-2.862665951251983643e-01,-8.380203694105148315e-02,-9.051755815744400024e-02,-2.048898935317993164e-01,3.871167823672294617e-02,-7.227116823196411133e-02,-6.380483508110046387e-02,-1.507752109318971634e-02,2.583278715610504150e-02,-7.454300299286842346e-03,1.547261490486562252e-03,-2.185821980237960815e-01,-2.709852159023284912e-01,2.117797285318374634e-01,7.086093723773956299e-02,-1.274506449699401855e-01,-3.663666313514113426e-03,-3.296370804309844971e-02,2.198509573936462402e-01,-2.473117597401142120e-02,-1.083272472023963928e-01,3.811991587281227112e-02,8.808769285678863525e-02,-1.221999377012252808e-01,-6.620468944311141968e-02,2.170536220073699951e-01,-7.238762825727462769e-02,-3.322159126400947571e-02,-5.334131419658660889e-02,9.922800213098526001e-02,1.040210598148405552e-03,4.967677965760231018e-02,3.465116396546363831e-02,-3.980685025453567505e-02,-9.542210400104522705e-02,9.119081660173833370e-04,1.346168071031570435e-01,1.043637171387672424e-01,1.095749903470277786e-02,-1.338425427675247192e-01,1.350748986005783081e-01,-1.690616458654403687e-02,2.513097524642944336e-01,-1.556202173233032227e-01,2.348453998565673828e-01,6.540719419717788696e-02,3.949820529669523239e-03,-1.660623550415039062e-01,-1.749158799648284912e-01,1.213884213939309120e-03,-5.485671758651733398e-02,-1.028616577386856079e-01,-2.987913973629474640e-02,1.332893036305904388e-02,-7.828354864614084363e-05,-5.432252213358879089e-02,1.018973925965838134e-04,-3.195460438728332520e-01,1.270041614770889282e-01,1.461399495601654053e-01,7.203366258181631565e-04,-1.517270058393478394e-01,4.737123847007751465e-02,-1.602635234594345093e-01,1.013463512063026428e-01,7.746874541044235229e-02,-2.914669737219810486e-02,-5.679307132959365845e-02,-2.843729853630065918e-01,9.849201142787933350e-02,-3.327728336444124579e-05,-8.304524421691894531e-02,2.434469610452651978e-01,-1.479335725307464600e-01,1.804247647523880005e-01,1.007151883095502853e-02,-2.309305220842361450e-02,-6.815822422504425049e-02,2.034857422113418579e-01,1.166377812623977661e-01,7.657493650913238525e-02,-2.840963304042816162e-01,8.342999033629894257e-03,-8.011568337678909302e-02,1.517592221498489380e-01,1.755826175212860107e-02,-6.812114268541336060e-02,6.778977811336517334e-02,3.842406347393989563e-02,2.514602839946746826e-01,-1.334718763828277588e-01,-1.548699289560317993e-01,-5.098273232579231262e-02,-1.375075876712799072e-01,1.006975024938583374e-01,9.189169853925704956e-02,1.286743283271789551e-01,4.323191940784454346e-02,1.155038103461265564e-01,4.193394910544157028e-03,5.420904234051704407e-02
-2.083617982862051576e-05,1.192974951118230820e-02,-9.253792464733123779e-02,6.482575833797454834e-02,5.689921602606773376e-02,-8.708992972970008850e-03,1.144934818148612976e-02,2.764512039721012115e-02,4.000427573919296265e-02,5.102217942476272583e-02,6.589918397367000580e-03,-4.695149883627891541e-02,7.456941902637481689e-02,6.459732353687286377e-02,9.493738412857055664e-02,1.017898544669151306e-01,-9.107384248636662960e-04,3.000402450561523438e-02,-6.866554170846939087e-02,-6.032660603523254395e-02,-4.772946983575820923e-02,6.583395600318908691e-02,4.868340864777565002e-02,-1.090057101100683212e-02,1.240483857691287994e-02,9.533346444368362427e-02,-9.669669717550277710e-02,-3.547525033354759216e-02,8.432400971651077271e-02,-1.627361588180065155e-02,1.701361499726772308e-02,-1.072612926363945007e-01,5.719287320971488953e-02,6.622102111577987671e-02,-4.958529025316238403e-03,-1.026915609836578369e-01,4.390906542539596558e-02,8.356027305126190186e-02,-7.402255386114120483e-02,-5.064989998936653137e-02,8.103638887405395508e-02,1.435741223394870758e-02,8.483869582414627075e-02,1.842727325856685638e-02,-8.791050873696804047e-03,-7.678775489330291748e-02,-9.219586849212646484e-02,-2.462483011186122894e-02,2.935245633125305176e-03,6.193935405462980270e-03,2.269129734486341476e-03,-3.518400248140096664e-03,4.397179931402206421e-02,3.673170227557420731e-03,-1.580358669161796570e-02,-1.079443097114562988e-01,2.182451076805591583e-02,6.350645329803228378e-03,-7.664919644594192505e-02,-7.244689017534255981e-02,-8.320792578160762787e-03,7.534220349043607712e-03,2.474416280165314674e-03,2.929916046559810638e-02,1.081834919750690460e-02,-2.760851010680198669e-02,3.964956849813461304e-02,9.113619476556777954e-02,-9.080161899328231812e-02,3.151416778564453125e-02,-7.605244964361190796e-02,-1.446656044572591782e-02,-2.092961221933364868e-02,9.490597248077392578e-02,-1.530731841921806335e-02,-8.015594631433486938e-02,-1.082741538994014263e-03,1.086371839046478271e-01,-6.044653709977865219e-03,-9.046872705221176147e-02,9.565313160419464111e-02,3.346768207848072052e-04,-8.824423700571060181e-02,-5.828915163874626160e-04,-6.727132201194763184e-02,-9.333238750696182251e-02,3.515307605266571045e-02,2.293558092787861824e-03,7.527346909046173096e-02,5.655227601528167725e-02,-2.068513259291648865e-02,-1.826705038547515869e-02,-7.073953002691268921e-02,2.880655601620674133e-02,-8.199515193700790405e-02,2.244337229058146477e-03,6.675180047750473022e-02,-1.645668271521572024e-05,-8.342806994915008545e-02,5.998538434505462646e-02,-3.307792171835899353e-02,4.759301245212554932e-02,-1.032746732234954834e-01,-7.760968804359436035e-02,1.091987639665603638e-01,-5.046573467552661896e-03,-7.012514024972915649e-02,-9.068293869495391846e-02,-3.104306571185588837e-02,-4.554372280836105347e-03,7.076042145490646362e-02,-6.366061419248580933e-02,-8.524174243211746216e-02,-1.102898735553026199e-02,1.004646793007850647e-01,-9.127771854400634766e-02,5.762182548642158508e-02,2.535852789878845215e-02,-9.738098084926605225e-02,4.036545753479003906e-02,5.994679406285285950e-02,7.875008881092071533e-02,8.737116307020187378e-02,-5.042048916220664978e-02,-6.193940341472625732e-02,-5.375308543443679810e-02,3.020318923518061638e-03,4.807605966925621033e-02
3.939298912882804871e-02,-9.253792464733123779e-02,7.504794597625732422e-01,-6.033105850219726562e-01,-4.209435880184173584e-01,-1.941712386906147003e-02,-1.185922399163246155e-01,-1.921131610870361328e-01,-2.783953249454498291e-01,-4.312003552913665771e-01,-4.261399433016777039e-02,3.984826803207397461e-01,-5.585630536079406738e-01,-5.749895572662353516e-01,-7.429190278053283691e-01,-7.283747196197509766e-01,7.194941863417625427e-03,-2.274354398250579834e-01,6.008293628692626953e-01,5.352782011032104492e-01,3.873675465583801270e-01,-5.770458579063415527e-01,-4.676529467105865479e-01,1.083409041166305542e-01,-1.038166061043739319e-01,-6.660268306732177734e-01,7.275260686874389648e-01,2.102505862712860107e-01,-6.830643415451049805e-01,1.202302798628807068e-01,-1.471073031425476074e-01,7.988533377647399902e-01,-4.900807142257690430e-01,-6.183927059173583984e-01,4.189084470272064209e-02,7.531811594963073730e-01,-3.637530207633972168e-01,-6.758755445480346680e-01,5.145797729492187500e-01,4.406127035617828369e-01,-5.922165513038635254e-01,-1.202979981899261475e-01,-6.675354838371276855e-01,-1.604613512754440308e-01,5.702445283532142639e-02,6.137841939926147461e-01,7.488372325897216797e-01,2.061230242252349854e-01,-9.026909247040748596e-03,2.291061915457248688e-02,-3.761916607618331909e-02,5.789144337177276611e-02,-3.601067066192626953e-01,-1.372092496603727341e-02,1.070679649710655212e-01,7.963337302207946777e-01,-2.070855200290679932e-01,-5.478510633111000061e-02,6.141921877861022949e-01,6.254309415817260742e-01,6.971664726734161377e-02,-8.193175494670867920e-02,-2.175432629883289337e-02,-2.164423763751983643e-01,-8.482484519481658936e-02,2.264607399702072144e-01,-3.140771090984344482e-01,-6.704239249229431152e-01,7.083269357681274414e-01,-2.028271704912185669e-01,6.066989302635192871e-01,1.660403013229370117e-01,1.904516965150833130e-01,-7.501828074455261230e-01,8.178482204675674438e-02,6.199278235435485840e-01,8.049326017498970032e-03,-8.208374977111816406e-01,9.053254872560501099e-02,7.141595482826232910e-01,-7.658114433288574219e-01,-2.901270752772688866e-03,6.842216253280639648e-01,5.841082427650690079e-03,4.815517663955688477e-01,7.203690409660339355e-01,-2.745253741741180420e-01,-1.808950118720531464e-02,-5.767656564712524414e-01,-4.774432778358459473e-01,1.600003987550735474e-01,1.733416765928268433e-01,5.968127846717834473e-01,-2.513118982315063477e-01,6.610076427459716797e-01,-4.435870796442031860e-02,-5.475782155990600586e-01,1.358992158202454448e-04,6.346329450607299805e-01,-4.507363140583038330e-01,3.116323351860046387e-01,-3.240143358707427979e-01,7.843777537345886230e-01,6.347528696060180664e-01,-8.146541118621826172e-01,-5.294319242238998413e-02,5.878274440765380859e-01,6.931405663490295410e-01,1.817453503608703613e-01,3.757530078291893005e-02,-5.829030275344848633e-01,6.004028320312500000e-01,6.963773965835571289e-01,-5.644792225211858749e-03,-7.569698095321655273e-01,7.140091061592102051e-01,-4.057119488716125488e-01,-2.428127229213714600e-01,7.433100938796997070e-01,-3.526857793331146240e-01,-5.100495815277099609e-01,-6.430293917655944824e-01,-6.878740787506103516e-01,4.142231047153472900e-01,5.683917403221130371e-01,4.687857031822204590e-01,-3.323526307940483093e-02,-4.232622683048248291e-01
-7.135313749313354492e-02,6.482575833797454834e-02,-6.033105850219726562e-01,6.159659028053283691e-01,2.298311293125152588e-01,1.019445508718490601e-01,8.624274283647537231e-02,2.642719075083732605e-02,2.181850820779800415e-01,3.318145871162414551e-01,-3.103950805962085724e-02,-3.016623556613922119e-01,3.244295418262481689e-01,5.553978681564331055e-01,6.055940985679626465e-01,4.894730746746063232e-01,-2.684009727090597153e-03,1.931197643280029297e-01,-5.445180535316467285e-01,-4.244272708892822266e-01,-4.373010396957397461e-01,4.875551164150238037e-01,4.022620618343353271e-01,-7.585137337446212769e-02,8.101020008325576782e-02,4.072313606739044189e-01,-5.260329842567443848e-01,2.374854870140552521e-02,4.567852914333343506e-01,1.651660352945327759e-02,1.002747565507888794e-01,-6.679915189743041992e-01,4.979566633701324463e-01,4.803805649280548096e-01,-1.743568480014801025e-02,-5.513213276863098145e-01,2.641838490962982178e-01,5.010418295860290527e-01,-2.262534797191619873e-01,-4.346254765987396240e-01,4.487089216709136963e-01,1.218450367450714111e-01,4.857672750949859619e-01,1.210027784109115601e-01,-8.840405195951461792e-02,-4.065077900886535645e-01,-6.323171257972717285e-01,-1.799601316452026367e-01,-1.630273414775729179e-03,8.747380226850509644e-03,5.956571549177169800e-02,7.271836511790752411e-03,3.227074146270751953e-01,-1.741809770464897156e-02,3.861868754029273987e-02,-5.892450809478759766e-01,1.848822534084320068e-01,3.900260105729103088e-02,-4.880027472972869873e-01,-5.400125384330749512e-01,-1.072673350572586060e-01,1.440929621458053589e-01,2.194138057529926300e-02,1.328178495168685913e-01,1.112924665212631226e-01,-1.686203330755233765e-01,2.445059269666671753e-01,4.313918650150299072e-01,-5.284159183502197266e-01,6.299814209342002869e-03,-4.118026494979858398e-01,-1.757337898015975952e-02,-2.216089665889739990e-01,6.254326701164245605e-01,-6.625643372535705566e-02,-4.683379232883453369e-01,-3.810400608927011490e-03,6.271951198577880859e-01,-2.312728613615036011e-01,-5.546777844429016113e-01,6.886218190193176270e-01,2.217218047007918358e-03,-4.648398756980895996e-01,-3.201077692210674286e-03,-3.244947493076324463e-01,-5.508019924163818359e-01,6.569567322731018066e-02,9.567361325025558472e-03,4.170365929603576660e-01,3.394095301628112793e-01,-1.171906515955924988e-01,-2.641578912734985352e-01,-5.303180217742919922e-01,2.681345641613006592e-01,-5.637103319168090820e-01,9.146456420421600342e-02,3.852804005146026611e-01,-9.275531920138746500e-05,-4.039766788482666016e-01,2.777910828590393066e-01,-1.710119396448135376e-01,6.446702033281326294e-02,-6.761025786399841309e-01,-4.529270529747009277e-01,6.720722913742065430e-01,1.876185238361358643e-01,-6.383104324340820312e-01,-5.148512721061706543e-01,-2.003165520727634430e-02,-3.081688284873962402e-02,5.689074397087097168e-01,-5.911508798599243164e-01,-5.650410652160644531e-01,1.252478212118148804e-01,5.511210560798645020e-01,-5.461691021919250488e-01,1.690998226404190063e-01,1.672087311744689941e-01,-5.838968753814697266e-01,3.360550999641418457e-01,3.857291340827941895e-01,5.540086030960083008e-01,5.398703217506408691e-01,-3.454677164554595947e-01,-4.169391989707946777e-01,-4.161973297595977783e-01,1.237235683947801590e-02,3.160780668258666992e-01
2.411806583404541016e-01,5.689921602606773376e-02,-4.209435880184173584e-01,2.298311293125152588e-01,4.962150752544403076e-01,-1.779747307300567627e-01,1.195309236645698547e-01,4.623387455940246582e-01,1.620682626962661743e-01,2.409473955631256104e-01,-4.235962405800819397e-02,-2.730358242988586426e-01,2.974022030830383301e-01,2.442110478878021240e-01,4.661507904529571533e-01,5.933688879013061523e-01,-3.657730296254158020e-03,1.723880171775817871e-01,-2.202790379524230957e-01,-2.614200413227081299e-01,-1.120522320270538330e-01,2.675714790821075439e-01,1.108674928545951843e-01,3.428395465016365051e-02,6.101399287581443787e-02,5.125404596328735352e-01,-4.045284390449523926e-01,-4.372882843017578125e-01,4.140102267265319824e-01,-1.940458416938781738e-01,-5.614541843533515930e-02,-4.600047171115875244e-01,1.582473963499069214e-01,2.897272706031799316e-01,-4.272024706006050110e-02,-4.896118640899658203e-01,2.073569148778915405e-01,4.131413698196411133e-01,-6.099940538406372070e-01,-4.126424789428710938e-01,5.289213061332702637e-01,1.073033064603805542e-01,3.417508304119110107e-01,9.015721827745437622e-02,-1.205169688910245895e-02,-2.551160752773284912e-01,-4.657531082630157471e-01,-1.899069249629974365e-01,2.894428931176662445e-02,7.286469638347625732e-02,-8.045525848865509033e-02,-1.283888071775436401e-01,3.323745429515838623e-01,-1.833039708435535431e-02,-1.599397361278533936e-01,-5.960982441902160645e-01,1.759005039930343628e-01,3.343173116445541382e-02,-3.205412328243255615e-01,-3.086333870887756348e-01,-3.753808140754699707e-02,-7.483365386724472046e-02,1.012841518968343735e-02,2.162625640630722046e-01,9.039682149887084961e-02,-1.227770224213600159e-01,9.969756007194519043e-02,5.731803774833679199e-01,-4.445783793926239014e-01,3.891668021678924561e-01,-5.157950520515441895e-01,1.300168875604867935e-02,-5.647641140967607498e-03,4.530091881752014160e-01,-1.662588268518447876e-01,-5.127674937248229980e-01,-5.053952801972627640e-03,5.101203322410583496e-01,-3.827880695462226868e-02,-4.568308591842651367e-01,4.429263174533843994e-01,1.572834444232285023e-03,-5.092977881431579590e-01,-3.916538320481777191e-03,-5.710266828536987305e-01,-3.782750070095062256e-01,3.345374166965484619e-01,1.330122165381908417e-02,2.357112169265747070e-01,3.178437352180480957e-01,-2.265629321336746216e-01,5.138233304023742676e-02,-2.373077273368835449e-01,6.954602152109146118e-02,-4.123531877994537354e-01,-2.197099924087524414e-01,4.351398050785064697e-01,-1.069816862582229078e-04,-4.961723983287811279e-01,4.821347296237945557e-01,-3.044848740100860596e-01,4.150864779949188232e-01,-4.673303961753845215e-01,-4.060420989990234375e-01,4.685464501380920410e-01,1.005871817469596863e-01,-1.754507422447204590e-01,-4.009235799312591553e-01,-3.859668374061584473e-01,-1.182166486978530884e-02,2.134049534797668457e-01,-1.504786312580108643e-01,-3.948031067848205566e-01,-1.410962790250778198e-01,5.878386497497558594e-01,-4.064528048038482666e-01,5.127034187316894531e-01,4.529716074466705322e-02,-5.970572233200073242e-01,1.292223781347274780e-01,2.009511739015579224e-01,4.162721037864685059e-01,4.798386394977569580e-01,-1.276753991842269897e-01,-2.843305170536041260e-01,-1.431092768907546997e-01,1.541022211313247681e-02,2.761207520961761475e-01
-1.922225356101989746e-01,-8.708992972970008850e-03,-1.941712386906147003e-02,1.019445508718490601e-01,-1.779747307300567627e-01,2.159309089183807373e-01,-3.171078860759735107e-02,-1.983390301465988159e-01,-9.872093051671981812e-02,-2.966447360813617706e-02,6.400986760854721069e-02,4.189278557896614075e-02,-9.943430311977863312e-03,8.264914155006408691e-02,-7.578198332339525223e-03,-1.256041526794433594e-01,-1.315562869422137737e-03,-3.231710940599441528e-02,-4.155791923403739929e-02,-1.823848672211170197e-02,1.859215460717678070e-02,4.624680429697036743e-02,1.344256252050399780e-01,-4.848909378051757812e-02,-1.152600347995758057e-02,-1.524451375007629395e-01,-1.493767183274030685e-02,2.280296534299850464e-01,3.400609269738197327e-02,6.760948151350021362e-02,1.107483506202697754e-01,2.484137378633022308e-02,1.936241984367370605e-02,7.103680074214935303e-02,8.349253796041011810e-03,3.885105624794960022e-02,-2.118478529155254364e-02,-4.359952732920646667e-02,1.911305338144302368e-01,7.945730537176132202e-02,-2.011992484331130981e-01,-3.277102485299110413e-02,4.564543440937995911e-02,4.282959271222352982e-03,7.000382244586944580e-02,-8.816631138324737549e-02,8.027074858546257019e-03,4.973831027746200562e-02,-6.282641738653182983e-02,-8.201682567596435547e-02,8.575265109539031982e-02,-2.230244874954223633e-02,-1.302033960819244385e-01,1.778712123632431030e-02,3.768656030297279358e-02,5.772642791271209717e-02,-3.316602855920791626e-02,-1.600406365469098091e-03,2.377043664455413818e-02,-2.323291264474391937e-02,2.734542079269886017e-02,6.051024422049522400e-02,1.075827749446034431e-03,-1.570090949535369873e-01,-7.202383130788803101e-02,1.558851357549428940e-02,6.594547629356384277e-02,-1.336928606033325195e-01,5.696898326277732849e-02,-1.929623931646347046e-01,1.204140931367874146e-01,-1.886761337518692017e-01,-3.330196812748908997e-02,-1.642488501965999603e-02,1.431558579206466675e-01,1.302025169134140015e-01,8.631802047602832317e-04,-4.951563198119401932e-03,6.516533903777599335e-03,5.400693044066429138e-02,-9.036305360496044159e-03,3.451266456977464259e-05,6.297781318426132202e-02,-1.089659053832292557e-03,2.374430447816848755e-01,-3.329408168792724609e-02,-1.158731281757354736e-01,-2.466958481818437576e-03,-4.115938674658536911e-03,-5.270057171583175659e-02,9.502091258764266968e-02,-7.099329680204391479e-02,-1.599290035665035248e-02,2.269408851861953735e-02,7.148888707160949707e-02,1.465969979763031006e-01,-4.230331629514694214e-02,2.545913594076409936e-05,9.667164832353591919e-02,-2.113778442144393921e-01,7.193173468112945557e-02,-2.046613097190856934e-01,2.719348669052124023e-02,5.332083627581596375e-02,-2.748864889144897461e-02,7.828187197446823120e-03,-7.586310803890228271e-02,1.157503388822078705e-02,2.434838414192199707e-01,6.593856960535049438e-04,5.610207840800285339e-02,-1.304849386215209961e-01,1.165264379233121872e-02,1.074708402156829834e-01,-5.879548192024230957e-02,3.365746513009071350e-02,-1.880731582641601562e-01,6.459305435419082642e-02,1.046251654624938965e-01,2.959463000297546387e-02,5.237474292516708374e-02,-7.102492451667785645e-02,-7.587455213069915771e-02,-4.669408500194549561e-02,-4.095311835408210754e-02,-5.017595738172531128e-02,-8.858329616487026215e-03,-3.984027355909347534e-02
7.236737012863159180e-02,1.144934818148612976e-02,-1.185922399163246155e-01,8.624274283647537231e-02,1.195309236645698547e-01,-3.171078860759735107e-02,9.718628227710723877e-02,1.272509247064590454e-01,1.003787387162446976e-02,7.825005799531936646e-02,-7.472718507051467896e-02,-6.063381582498550415e-02,2.882016077637672424e-02,2.482028864324092865e-02,9.460055083036422729e-02,1.115785539150238037e-01,-5.954665830358862877e-04,3.283277899026870728e-02,-1.025144904851913452e-01,-7.778756320476531982e-02,-4.560631513595581055e-02,4.216153174638748169e-02,2.721999585628509521e-02,2.275600843131542206e-02,1.694461517035961151e-02,9.769989550113677979e-02,-6.111264601349830627e-02,-8.107262849807739258e-02,1.023624166846275330e-01,-6.965834647417068481e-02,-2.983492612838745117e-02,-9.894984215497970581e-02,9.690728038549423218e-02,8.521267026662826538e-02,-7.720940280705690384e-03,-6.876458972692489624e-02,4.594287276268005371e-02,1.091755926609039307e-01,-1.327702105045318604e-01,-1.365677714347839355e-01,1.548392176628112793e-01,4.047180339694023132e-02,5.428885668516159058e-02,2.162748575210571289e-02,-6.561119854450225830e-02,-2.462661452591419220e-02,-1.342623382806777954e-01,-4.881013184785842896e-02,3.206085786223411560e-02,2.172731049358844757e-02,-1.465414185076951981e-02,-3.204331547021865845e-02,1.126092970371246338e-01,4.155114293098449707e-03,-1.615975983440876007e-02,-1.333717256784439087e-01,4.413573816418647766e-02,7.320829201489686966e-03,-1.053292155265808105e-01,-7.316668331623077393e-02,-3.495779633522033691e-02,-8.189483545720577240e-03,2.680731704458594322e-03,1.178892552852630615e-01,3.522146493196487427e-02,-3.086149320006370544e-02,-2.384803444147109985e-02,1.310365945100784302e-01,-9.459573775529861450e-02,9.626705199480056763e-02,-1.545207798480987549e-01,5.344444885849952698e-02,3.258793149143457413e-03,1.040854156017303467e-01,-6.970722973346710205e-02,-1.591709554195404053e-01,-4.081948136445134878e-04,1.270367652177810669e-01,-5.576807633042335510e-02,-1.027831882238388062e-01,1.356583088636398315e-01,3.087689110543578863e-04,-1.257036030292510986e-01,-1.631803344935178757e-03,-1.675502657890319824e-01,-6.116231530904769897e-02,1.232395768165588379e-01,2.160947304219007492e-03,2.020221948623657227e-02,8.560302108526229858e-02,-8.481470495462417603e-02,6.111082620918750763e-03,-7.090765982866287231e-02,1.290534064173698425e-02,-1.323768049478530884e-01,-7.305911928415298462e-02,1.054558902978897095e-01,-3.591610584408044815e-05,-9.387524425983428955e-02,1.468394547700881958e-01,-9.830930083990097046e-02,1.103908121585845947e-01,-1.090813279151916504e-01,-9.759831428527832031e-02,1.530882865190505981e-01,1.250585615634918213e-01,-7.841258496046066284e-02,-5.916318297386169434e-02,-1.255975812673568726e-01,-3.343568649142980576e-03,1.283977762795984745e-03,-8.529681712388992310e-02,-8.794616162776947021e-02,2.383001148700714111e-02,1.452005505561828613e-01,-1.161933541297912598e-01,8.696954697370529175e-02,2.660571411252021790e-02,-1.746432632207870483e-01,3.265333548188209534e-02,4.809661954641342163e-02,1.291559785604476929e-01,1.265119761228561401e-01,-7.257223129272460938e-03,-5.720321461558341980e-02,-4.175620153546333313e-02,7.117917761206626892e-03,1.198241636157035828e-01
3.518915176391601562e-01,2.764512039721012115e-02,-1.921131610870361328e-01,2.642719075083732605e-02,4.623387455940246582e-01,-1.983390301465988159e-01,1.272509247064590454e-01,6.154769659042358398e-01,2.017916180193424225e-02,1.096611171960830688e-01,-5.122547224164009094e-02,-1.989715248346328735e-01,1.072833389043807983e-01,5.900454521179199219e-02,2.488233745098114014e-01,4.136074483394622803e-01,-1.160651445388793945e-03,8.437222242355346680e-02,2.199122682213783264e-02,-1.057479232549667358e-01,1.407604962587356567e-01,1.103827133774757385e-01,-5.697956681251525879e-02,6.908315420150756836e-02,3.220836818218231201e-02,3.201733827590942383e-01,-1.562402695417404175e-01,-5.109355449676513672e-01,2.698188722133636475e-01,-2.271723449230194092e-01,-1.574871689081192017e-01,-1.685862839221954346e-01,-1.032007485628128052e-01,1.567384153604507446e-01,-4.972629994153976440e-02,-2.652571499347686768e-01,1.052314043045043945e-01,2.290136814117431641e-01,-6.039524078369140625e-01,-3.594645261764526367e-01,3.768422901630401611e-01,7.550368458032608032e-02,1.123861297965049744e-01,5.175705254077911377e-02,8.399581909179687500e-02,-6.016107648611068726e-02,-2.518468499183654785e-01,-1.604054123163223267e-01,1.977763883769512177e-02,8.129184134304523468e-03,-1.352047026157379150e-01,-2.149393409490585327e-01,2.595425546169281006e-01,-6.410004943609237671e-02,-2.114112079143524170e-01,-3.918384313583374023e-01,1.716603487730026245e-01,2.288440987467765808e-02,-7.151766121387481689e-02,-1.083705276250839233e-01,2.648781985044479370e-03,-1.738684028387069702e-01,1.938142930157482624e-03,1.381358951330184937e-01,6.148124486207962036e-02,-5.112461373209953308e-02,-5.422533676028251648e-02,4.312319159507751465e-01,-2.543855011463165283e-01,4.502691626548767090e-01,-4.290975928306579590e-01,-5.948643200099468231e-03,1.105091348290443420e-01,2.375790774822235107e-01,-1.282054185867309570e-01,-3.613870441913604736e-01,-2.948272507637739182e-03,2.664828300476074219e-01,1.048470847308635712e-02,-2.549476325511932373e-01,1.908859759569168091e-01,8.827667916193604469e-04,-3.584762811660766602e-01,-3.529873676598072052e-03,-5.101286172866821289e-01,-1.307365894317626953e-01,3.619359433650970459e-01,1.075623929500579834e-02,-1.417713426053524017e-02,2.254862785339355469e-01,-2.234496772289276123e-01,2.238420993089675903e-01,3.055272623896598816e-03,-5.411225929856300354e-02,-2.057111412286758423e-01,-3.567167818546295166e-01,3.317598700523376465e-01,-8.728971442906185985e-05,-3.727792501449584961e-01,4.312281310558319092e-01,-3.484629392623901367e-01,4.417990744113922119e-01,-1.978790313005447388e-01,-2.539517581462860107e-01,1.693058460950851440e-01,1.466311812400817871e-01,1.360505968332290649e-01,-1.809220910072326660e-01,-4.305865466594696045e-01,6.491471081972122192e-03,-3.501216694712638855e-02,8.680188655853271484e-02,-1.899853348731994629e-01,-1.460398584604263306e-01,4.091671109199523926e-01,-1.691322773694992065e-01,5.233304500579833984e-01,-2.830900438129901886e-02,-4.247129857540130615e-01,-2.235475741326808929e-02,1.215033512562513351e-02,2.308171093463897705e-01,2.772462666034698486e-01,8.235176652669906616e-02,-1.723608672618865967e-01,6.077542901039123535e-02,2.023716270923614502e-02,1.880353391170501709e-01
3.213858231902122498e-02,4.000427573919296265e-02,-2.783953249454498291e-01,2.181850820779800415e-01,1.620682626962661743e-01,-9.872093051671981812e-02,1.003787387162446976e-02,2.017916180193424225e-02,2.496103942394256592e-01,1.854950040578842163e-01,-2.105178311467170715e-02,-1.658893078565597534e-01,2.024766504764556885e-01,2.361710071563720703e-01,3.037340342998504639e-01,3.235163986682891846e-01,-8.598833665018901229e-05,9.308081865310668945e-02,-2.636841237545013428e-01,-1.990146338939666748e-01,-3.108550310134887695e-01,2.221408039331436157e-01,1.130980551242828369e-01,-4.357668757438659668e-02,5.042707175016403198e-02,3.347766399383544922e-01,-2.836273610591888428e-01,-7.802660763263702393e-02,1.707242727279663086e-01,1.239182706922292709e-02,2.025627996772527695e-03,-4.047008454799652100e-01,2.690998911857604980e-01,1.727725863456726074e-01,-6.524071097373962402e-03,-3.290570676326751709e-01,1.505863666534423828e-01,2.744985520839691162e-01,-1.588935852050781250e-01,-1.905770897865295410e-01,3.477417230606079102e-01,6.836292892694473267e-02,2.173140197992324829e-01,5.086991190910339355e-02,-1.242017224431037903e-01,-1.743779033422470093e-01,-2.929389476776123047e-01,-9.747453778982162476e-02,5.300362408161163330e-02,4.705399647355079651e-02,-2.147494070231914520e-02,1.010853424668312073e-01,2.216528058052062988e-01,-2.413169480860233307e-02,3.069235570728778839e-02,-3.085863888263702393e-01,8.368489146232604980e-02,1.858036033809185028e-02,-2.673827409744262695e-01,-2.516762316226959229e-01,-7.498845458030700684e-02,7.084829360246658325e-02,1.041756290942430496e-02,1.768767386674880981e-01,1.152631565928459167e-01,-1.004678681492805481e-01,1.018983721733093262e-01,2.729495465755462646e-01,-3.184654116630554199e-01,6.603786349296569824e-02,-2.242766022682189941e-01,1.365545541048049927e-01,-1.344052106142044067e-01,3.301225006580352783e-01,-1.219100654125213623e-01,-2.775619328022003174e-01,-2.833024132996797562e-03,3.241475522518157959e-01,-1.019342988729476929e-01,-3.227022886276245117e-01,3.591868281364440918e-01,1.065009739249944687e-03,-2.303594052791595459e-01,7.106628618203103542e-04,-2.545922398567199707e-01,-2.735984325408935547e-01,4.175557196140289307e-02,5.871582776308059692e-03,2.893022894859313965e-01,1.884897053241729736e-01,-7.146870344877243042e-02,-1.313359439373016357e-01,-2.919211089611053467e-01,1.522331386804580688e-01,-3.273686170578002930e-01,2.656598761677742004e-02,1.494938731193542480e-01,-5.009689266444183886e-05,-2.508477866649627686e-01,2.331642955541610718e-01,-7.179578393697738647e-02,1.393674314022064209e-01,-3.857144415378570557e-01,-2.514373958110809326e-01,3.839043080806732178e-01,-1.452050451189279556e-02,-3.194901049137115479e-01,-2.839242517948150635e-01,-1.179366409778594971e-01,-2.197948470711708069e-02,3.213453590869903564e-01,-2.298472821712493896e-01,-3.002864122390747070e-01,-9.032143279910087585e-03,2.580324113368988037e-01,-3.177452683448791504e-01,1.477990001440048218e-01,4.666774719953536987e-02,-3.157731890678405762e-01,1.660995781421661377e-01,1.634231954813003540e-01,3.213778138160705566e-01,3.025412857532501221e-01,-1.828655004501342773e-01,-1.756564974784851074e-01,-2.124925851821899414e-01,2.105175144970417023e-02,1.504388153553009033e-01
5.403710529208183289e-03,5.102217942476272583e-02,-4.312003552913665771e-01,3.318145871162414551e-01,2.409473955631256104e-01,-2.966447360813617706e-02,7.825005799531936646e-02,1.096611171960830688e-01,1.854950040578842163e-01,2.494487911462783813e-01,-1.010200567543506622e-02,-2.210413962602615356e-01,2.992624640464782715e-01,3.051317930221557617e-01,4.284098446369171143e-01,4.419504404067993164e-01,-3.159336978569626808e-03,1.225292012095451355e-01,-3.556480109691619873e-01,-2.927370667457580566e-01,-2.614211738109588623e-01,3.005866110324859619e-01,2.283385246992111206e-01,-5.386650934815406799e-02,6.076767668128013611e-02,4.145337343215942383e-01,-4.145182967185974121e-01,-1.217209026217460632e-01,3.746557235717773438e-01,-6.466036289930343628e-02,5.458622053265571594e-02,-5.011621713638305664e-01,3.086819350719451904e-01,3.272664546966552734e-01,-2.019134908914566040e-02,-4.436713457107543945e-01,2.014472633600234985e-01,3.889074623584747314e-01,-3.024773299694061279e-01,-2.628298997879028320e-01,3.918197453022003174e-01,7.684903591871261597e-02,3.563889265060424805e-01,8.424052596092224121e-02,-8.142741769552230835e-02,-3.238908648490905762e-01,-4.413300156593322754e-01,-1.185780987143516541e-01,3.101521916687488556e-02,3.366246819496154785e-03,6.103957071900367737e-03,7.597412914037704468e-04,2.349159121513366699e-01,2.439331961795687675e-03,-3.745859488844871521e-02,-4.814535677433013916e-01,1.149664968252182007e-01,2.910954505205154419e-02,-3.573147356510162354e-01,-3.415692746639251709e-01,-5.927572399377822876e-02,5.236189067363739014e-02,1.214087661355733871e-02,1.770591139793395996e-01,7.490086555480957031e-02,-1.285754591226577759e-01,1.453724205493927002e-01,3.968554139137268066e-01,-4.172312021255493164e-01,1.209292560815811157e-01,-3.565274477005004883e-01,-1.709634251892566681e-02,-1.148404702544212341e-01,4.460356533527374268e-01,-8.586627990007400513e-02,-3.785322010517120361e-01,-4.156224895268678665e-03,5.018097758293151855e-01,-7.636571675539016724e-02,-4.239260256290435791e-01,4.803067743778228760e-01,1.543323742225766182e-03,-3.864360153675079346e-01,-2.545728348195552826e-03,-3.155477643013000488e-01,-4.043661653995513916e-01,1.557441055774688721e-01,9.500908665359020233e-03,3.282769322395324707e-01,2.677763700485229492e-01,-1.046300977468490601e-01,-1.062935367226600647e-01,-3.460957407951354980e-01,1.458603739738464355e-01,-4.085907042026519775e-01,1.369492895901203156e-02,2.834373414516448975e-01,-7.839900354156270623e-05,-3.580513596534729004e-01,2.868357598781585693e-01,-1.722656488418579102e-01,2.009406238794326782e-01,-4.881664812564849854e-01,-3.551617264747619629e-01,5.287626981735229492e-01,4.668086394667625427e-02,-3.691944777965545654e-01,-3.913088440895080566e-01,-1.374168097972869873e-01,-2.277543768286705017e-02,3.328984379768371582e-01,-3.431713581085205078e-01,-4.007489383220672607e-01,1.188374031335115433e-02,4.455406963825225830e-01,-4.293704926967620850e-01,2.233659625053405762e-01,1.236641928553581238e-01,-4.628738760948181152e-01,1.977649182081222534e-01,2.657646536827087402e-01,3.929212391376495361e-01,4.085849523544311523e-01,-2.205679118633270264e-01,-2.943452000617980957e-01,-2.625696361064910889e-01,2.266635745763778687e-02,2.468784153461456299e-01
-1.337371617555618286e-01,6.589918397367000580e-03,-4.261399433016777039e-02,-3.103950805962085724e-02,-4.235962405800819397e-02,6.400986760854721069e-02,-7.472718507051467896e-02,-5.122547224164009094e-02,-2.105178311467170715e-02,-1.010200567543506622e-02,1.771026998758316040e-01,-5.170996766537427902e-03,1.738099753856658936e-01,4.577741771936416626e-02,5.221495032310485840e-02,8.412343263626098633e-02,-3.690274897962808609e-03,-1.607196778059005737e-02,3.261520341038703918e-02,-2.027412317693233490e-02,1.208010613918304443e-01,5.884354934096336365e-02,9.238113462924957275e-02,-7.931763678789138794e-02,-3.774221288040280342e-03,8.669662475585937500e-02,-1.519267708063125610e-01,-1.351875718683004379e-02,1.523637026548385620e-01,-1.034462638199329376e-02,1.256907731294631958e-01,-4.717035964131355286e-02,-1.064607203006744385e-01,7.734577357769012451e-02,-1.154761202633380890e-02,-1.380258053541183472e-01,2.830328606069087982e-02,3.422629833221435547e-02,-7.505623251199722290e-02,1.524854898452758789e-01,-1.123505085706710815e-01,-6.026707589626312256e-02,1.438750028610229492e-01,1.504508871585130692e-02,1.500429958105087280e-01,-2.266195416450500488e-01,2.633835189044475555e-03,5.075491592288017273e-02,-5.604831129312515259e-02,-1.020810231566429138e-01,3.917604684829711914e-02,-5.023636668920516968e-02,-1.463741958141326904e-01,3.198778629302978516e-02,-1.018703356385231018e-01,-8.356557786464691162e-02,-3.383290395140647888e-02,5.877999123185873032e-03,1.341114472597837448e-02,-1.644846051931381226e-02,8.044380694627761841e-02,-2.371685206890106201e-02,-2.671500667929649353e-03,-1.410424709320068359e-01,-9.615743905305862427e-02,-9.991479106247425079e-03,1.092572659254074097e-01,3.714112192392349243e-02,-6.406892836093902588e-02,-2.318303659558296204e-02,2.482491172850131989e-02,-2.929717898368835449e-01,1.178587414324283600e-02,3.846688568592071533e-02,1.368080526590347290e-01,8.136957138776779175e-02,-2.805536845698952675e-03,1.022756248712539673e-01,1.797509938478469849e-01,-3.523218259215354919e-02,-3.436269983649253845e-02,3.116332809440791607e-04,-6.197562068700790405e-02,-1.305241370573639870e-03,1.280804723501205444e-01,-1.355602741241455078e-01,-1.832154230214655399e-03,4.146737512201070786e-03,1.135770305991172791e-01,1.157836150377988815e-02,9.529742598533630371e-02,5.156930536031723022e-02,7.977890782058238983e-03,-2.471532858908176422e-02,6.270037591457366943e-02,9.343207627534866333e-02,1.097271218895912170e-02,1.054921176546486095e-05,-7.594447582960128784e-02,-9.622652828693389893e-02,-1.952544116647914052e-04,1.747599430382251740e-02,-1.970614306628704071e-02,-3.983239457011222839e-02,1.607197709381580353e-02,-2.373390048742294312e-01,8.212380111217498779e-02,-1.196862533688545227e-01,1.042739599943161011e-01,-4.181404656264930964e-04,4.606251046061515808e-02,1.063257362693548203e-02,-3.500469774007797241e-02,-6.584652513265609741e-02,5.820073932409286499e-02,-2.736171707510948181e-02,4.329614713788032532e-02,6.882359832525253296e-02,3.951345384120941162e-02,-9.121469222009181976e-03,8.323398977518081665e-02,-7.400584220886230469e-02,-1.880080625414848328e-02,-5.882094800472259521e-02,-9.523549675941467285e-02,-1.753837056457996368e-02,5.907858256250619888e-03,-4.934370145201683044e-02
-6.311587244272232056e-02,-4.695149883627891541e-02,3.984826803207397461e-01,-3.016623556613922119e-01,-2.730358242988586426e-01,4.189278557896614075e-02,-6.063381582498550415e-02,-1.989715248346328735e-01,-1.658893078565597534e-01,-2.210413962602615356e-01,-5.170996766537427902e-03,2.365046143531799316e-01,-2.610822319984436035e-01,-3.180192410945892334e-01,-4.249201714992523193e-01,-4.555808603763580322e-01,1.929546473547816277e-03,-1.131464838981628418e-01,2.822842895984649658e-01,2.678681612014770508e-01,1.958652436733245850e-01,-3.037415742874145508e-01,-1.937722265720367432e-01,4.540819302201271057e-02,-5.729594081640243530e-02,-3.947125971317291260e-01,3.808015584945678711e-01,1.819442808628082275e-01,-3.625352382659912109e-01,6.557171791791915894e-02,-9.870508685708045959e-03,4.669837057590484619e-01,-2.178399264812469482e-01,-3.164087235927581787e-01,2.810805477201938629e-02,4.429370760917663574e-01,-1.893052905797958374e-01,-3.657843768596649170e-01,3.582307696342468262e-01,3.024786114692687988e-01,-3.868769109249114990e-01,-7.701149582862854004e-02,-3.186505734920501709e-01,-8.213267475366592407e-02,1.754989288747310638e-02,2.881035804748535156e-01,4.245690107345581055e-01,1.362752169370651245e-01,-1.316219381988048553e-02,2.441996149718761444e-02,2.619858086109161377e-02,4.161192104220390320e-02,-2.435019463300704956e-01,3.438792750239372253e-02,6.678599864244461060e-02,4.844334423542022705e-01,-1.469866782426834106e-01,-2.997474931180477142e-02,2.847282290458679199e-01,3.194006681442260742e-01,4.471040144562721252e-02,-1.516249030828475952e-02,-1.142958458513021469e-02,-1.290817260742187500e-01,-8.136917650699615479e-02,1.153543442487716675e-01,-1.221588775515556335e-01,-4.058758020401000977e-01,4.086096286773681641e-01,-1.640854179859161377e-01,3.656243383884429932e-01,3.550385311245918274e-02,9.126792103052139282e-02,-4.400362670421600342e-01,7.106095552444458008e-02,3.659626841545104980e-01,3.898454364389181137e-03,-4.745556712150573730e-01,7.230523973703384399e-02,4.193024635314941406e-01,-4.511114358901977539e-01,-1.561196520924568176e-03,3.795324563980102539e-01,2.377661410719156265e-03,3.428283333778381348e-01,3.721013367176055908e-01,-1.555355340242385864e-01,-1.002331078052520752e-02,-2.729599773883819580e-01,-2.670884132385253906e-01,1.126265749335289001e-01,5.730740725994110107e-02,2.930472493171691895e-01,-1.286332458257675171e-01,3.759813606739044189e-01,4.675154015421867371e-02,-2.880122661590576172e-01,7.771990203764289618e-05,3.761412799358367920e-01,-3.003802299499511719e-01,2.111183404922485352e-01,-2.214497476816177368e-01,4.652341306209564209e-01,3.444830477237701416e-01,-4.581141769886016846e-01,-6.000076606869697571e-02,2.867576479911804199e-01,3.717073798179626465e-01,1.574847102165222168e-01,1.766023039817810059e-02,-3.214300572872161865e-01,2.775825858116149902e-01,3.872793018817901611e-01,4.092680756002664566e-03,-4.454116225242614746e-01,3.806940615177154541e-01,-2.889992594718933105e-01,-9.024687856435775757e-02,4.639605879783630371e-01,-1.696184873580932617e-01,-2.161502093076705933e-01,-3.790323138236999512e-01,-3.908461332321166992e-01,1.741008758544921875e-01,3.031915128231048584e-01,2.127373963594436646e-01,-2.614151313900947571e-02,-2.200783044099807739e-01
