9.999982118606567383e-01,-9.999985098838806152e-01,-9.999872446060180664e-01,9.999982118606567383e-01,9.999988675117492676e-01,-9.999986886978149414e-01,9.999953508377075195e-01,9.999989271163940430e-01,-9.999971985816955566e-01,9.999972581863403320e-01,-9.999982118606567383e-01,-9.999988675117492676e-01,9.999982118606567383e-01,9.999981522560119629e-01,9.999734759330749512e-01,9.999974370002746582e-01,9.999976158142089844e-01,-9.999986290931701660e-01,9.999917745590209961e-01,-9.999991059303283691e-01,-9.999989271163940430e-01,9.999862909317016602e-01,9.999982714653015137e-01,9.999983310699462891e-01,9.999893307685852051e-01,9.999989867210388184e-01,-9.999984502792358398e-01,-9.999988675117492676e-01,9.999788403511047363e-01,-9.999959468841552734e-01,-9.999942183494567871e-01,-9.999985694885253906e-01,9.999930262565612793e-01,9.999973177909851074e-01,-9.999966621398925781e-01,-9.999839663505554199e-01,9.999989867210388184e-01,9.999985694885253906e-01,9.999927878379821777e-01,-9.999988079071044922e-01,9.999985098838806152e-01,-9.999968409538269043e-01,9.999623298645019531e-01,9.999986290931701660e-01,9.999978542327880859e-01,9.999980926513671875e-01,9.999235868453979492e-01,9.999981522560119629e-01,9.999986886978149414e-01,-9.999985694885253906e-01,-9.999986886978149414e-01,-9.999976158142089844e-01,-9.999986290931701660e-01,-9.999909996986389160e-01,-9.999969005584716797e-01,-9.999980330467224121e-01,-9.999970793724060059e-01,9.998661875724792480e-01,9.999976754188537598e-01,9.999982714653015137e-01,-9.999976754188537598e-01,9.999989271163940430e-01,9.999982118606567383e-01,9.999949336051940918e-01,-9.999957084655761719e-01,-9.999988079071044922e-01,-9.999989867210388184e-01,-9.999947547912597656e-01,-9.999986886978149414e-01,9.999987483024597168e-01,-9.999986886978149414e-01,9.999979138374328613e-01,9.999963045120239258e-01,-9.999914765357971191e-01,-9.999005794525146484e-01,-9.999981522560119629e-01,9.999924302101135254e-01,9.999986886978149414e-01,-9.999923706054687500e-01,-9.999967813491821289e-01,-9.999578595161437988e-01,9.999974966049194336e-01,-9.999986886978149414e-01,9.999958276748657227e-01,-9.999982714653015137e-01,-9.999853372573852539e-01,9.999905824661254883e-01,9.999989271163940430e-01,9.998204708099365234e-01,9.999963641166687012e-01,-9.999979734420776367e-01,9.999983310699462891e-01,-9.999755620956420898e-01,-9.999980330467224121e-01,9.999984502792358398e-01,-9.999979138374328613e-01,-9.999914765357971191e-01,9.999989271163940430e-01,-9.999986886978149414e-01,9.999894499778747559e-01,-9.999970793724060059e-01,9.999986886978149414e-01,-9.999757409095764160e-01,-9.999710917472839355e-01,9.999985098838806152e-01,9.999970793724060059e-01,9.996090531349182129e-01,-9.999977946281433105e-01,-9.999942183494567871e-01,9.999985098838806152e-01,-9.999980330467224121e-01,9.999985098838806152e-01,-9.999981522560119629e-01,-9.999857544898986816e-01,9.999989867210388184e-01,-9.999982714653015137e-01,9.999988079071044922e-01,-9.999985694885253906e-01,-9.999940991401672363e-01,-9.999980926513671875e-01,-9.999987483024597168e-01,9.999957084655761719e-01,9.999985694885253906e-01,-9.999975562095642090e-01,-9.999468326568603516e-01,-9.999955296516418457e-01,9.999869465827941895e-01,-9.999974370002746582e-01
-9.999985098838806152e-01,9.999986886978149414e-01,9.999892711639404297e-01,-9.999985098838806152e-01,-9.999989867210388184e-01,9.999988675117492676e-01,-9.999960064888000488e-01,-9.999991059303283691e-01,9.999976158142089844e-01,-9.999976754188537598e-01,9.999985098838806152e-01,9.999991059303283691e-01,-9.999983906745910645e-01,-9.999983906745910645e-01,-9.999778270721435547e-01,-9.999978542327880859e-01,-9.999979734420776367e-01,9.999987483024597168e-01,-9.999930262565612793e-01,9.999992251396179199e-01,9.999991059303283691e-01,-9.999886155128479004e-01,-9.999985098838806152e-01,-9.999986290931701660e-01,-9.999910593032836914e-01,-9.999991655349731445e-01,9.999986886978149414e-01,9.999989867210388184e-01,-9.999822378158569336e-01,9.999964833259582520e-01,9.999950528144836426e-01,9.999987483024597168e-01,-9.999940395355224609e-01,-9.999977350234985352e-01,9.999971389770507812e-01,9.999865293502807617e-01,-9.999991059303283691e-01,-9.999987483024597168e-01,-9.999938607215881348e-01,9.999989867210388184e-01,-9.999987483024597168e-01,9.999972581863403320e-01,-9.999685883522033691e-01,-9.999988675117492676e-01,-9.999980926513671875e-01,-9.999983906745910645e-01,-9.999361038208007812e-01,-9.999984502792358398e-01,-9.999989867210388184e-01,9.999986886978149414e-01,9.999989271163940430e-01,9.999979138374328613e-01,9.999988675117492676e-01,9.999924302101135254e-01,9.999973177909851074e-01,9.999983310699462891e-01,9.999975562095642090e-01,-9.998880028724670410e-01,-9.999980330467224121e-01,-9.999985694885253906e-01,9.999980330467224121e-01,-9.999990463256835938e-01,-9.999985098838806152e-01,-9.999956488609313965e-01,9.999963641166687012e-01,9.999989867210388184e-01,9.999991655349731445e-01,9.999956488609313965e-01,9.999989271163940430e-01,-9.999989867210388184e-01,9.999988079071044922e-01,-9.999982118606567383e-01,-9.999968409538269043e-01,9.999928474426269531e-01,9.999168515205383301e-01,9.999983906745910645e-01,-9.999936223030090332e-01,-9.999988675117492676e-01,9.999936223030090332e-01,9.999973177909851074e-01,9.999647140502929688e-01,-9.999978542327880859e-01,9.999989271163940430e-01,-9.999963045120239258e-01,9.999984502792358398e-01,9.999876618385314941e-01,-9.999921321868896484e-01,-9.999991059303283691e-01,-9.998497962951660156e-01,-9.999969005584716797e-01,9.999982714653015137e-01,-9.999985694885253906e-01,9.999795556068420410e-01,9.999983310699462891e-01,-9.999986290931701660e-01,9.999983310699462891e-01,9.999928474426269531e-01,-9.999990463256835938e-01,9.999988675117492676e-01,-9.999911785125732422e-01,9.999974966049194336e-01,-9.999988675117492676e-01,9.999796748161315918e-01,9.999757409095764160e-01,-9.999986886978149414e-01,-9.999974966049194336e-01,-9.996728301048278809e-01,9.999981522560119629e-01,9.999951720237731934e-01,-9.999987483024597168e-01,9.999982714653015137e-01,-9.999986886978149414e-01,9.999984502792358398e-01,9.999880790710449219e-01,-9.999992251396179199e-01,9.999985694885253906e-01,-9.999989867210388184e-01,9.999987483024597168e-01,9.999950528144836426e-01,9.999984502792358398e-01,9.999989271163940430e-01,-9.999963641166687012e-01,-9.999987483024597168e-01,9.999978542327880859e-01,9.999554157257080078e-01,9.999960660934448242e-01,-9.999890923500061035e-01,9.999977946281433105e-01
-9.999872446060180664e-01,9.999892711639404297e-01,9.999085068702697754e-01,-9.999874830245971680e-01,-9.999920129776000977e-01,9.999906420707702637e-01,-9.999661445617675781e-01,-9.999926090240478516e-01,9.999804496765136719e-01,-9.999809861183166504e-01,9.999874830245971680e-01,9.999919533729553223e-01,-9.999864697456359863e-01,-9.999870061874389648e-01,-9.998099803924560547e-01,-9.999818801879882812e-01,-9.999831318855285645e-01,9.999901056289672852e-01,-9.999412298202514648e-01,9.999930858612060547e-01,9.999923706054687500e-01,-9.999024868011474609e-01,-9.999876618385314941e-01,-9.999889731407165527e-01,-9.999240040779113770e-01,-9.999927878379821777e-01,9.999890923500061035e-01,9.999920725822448730e-01,-9.998486042022705078e-01,9.999705553054809570e-01,9.999585747718811035e-01,9.999894499778747559e-01,-9.999498724937438965e-01,-9.999811053276062012e-01,9.999769330024719238e-01,9.998853206634521484e-01,-9.999925494194030762e-01,-9.999901056289672852e-01,-9.999481439590454102e-01,9.999918937683105469e-01,-9.999894499778747559e-01,9.999777078628540039e-01,-9.997308850288391113e-01,-9.999908804893493652e-01,-9.999849200248718262e-01,-9.999864101409912109e-01,-9.994537830352783203e-01,-9.999869465827941895e-01,-9.999912977218627930e-01,9.999897480010986328e-01,9.999907016754150391e-01,9.999835491180419922e-01,9.999907612800598145e-01,9.999361634254455566e-01,9.999781847000122070e-01,9.999861121177673340e-01,9.999799728393554688e-01,-9.990432262420654297e-01,-9.999842047691345215e-01,-9.999880194664001465e-01,9.999834895133972168e-01,-9.999921917915344238e-01,-9.999874830245971680e-01,-9.999634623527526855e-01,9.999691247940063477e-01,9.999914169311523438e-01,9.999927282333374023e-01,9.999623894691467285e-01,9.999908804893493652e-01,-9.999912381172180176e-01,9.999905824661254883e-01,-9.999858140945434570e-01,-9.999739527702331543e-01,9.999387264251708984e-01,9.992895126342773438e-01,9.999871850013732910e-01,-9.999459385871887207e-01,-9.999904632568359375e-01,9.999454617500305176e-01,9.999772906303405762e-01,9.996986985206604004e-01,-9.999822974205017090e-01,9.999913573265075684e-01,-9.999698996543884277e-01,9.999876618385314941e-01,9.998948574066162109e-01,-9.999325871467590332e-01,-9.999918341636657715e-01,-9.987171888351440430e-01,-9.999737739562988281e-01,9.999854564666748047e-01,-9.999881386756896973e-01,9.998250603675842285e-01,9.999859333038330078e-01,-9.999892711639404297e-01,9.999852776527404785e-01,9.999388456344604492e-01,-9.999923706054687500e-01,9.999911189079284668e-01,-9.999246597290039062e-01,9.999793767929077148e-01,-9.999906420707702637e-01,9.998261332511901855e-01,9.997928738594055176e-01,-9.999895095825195312e-01,-9.999793171882629395e-01,-9.972094893455505371e-01,9.999844431877136230e-01,9.999586343765258789e-01,-9.999894499778747559e-01,9.999856352806091309e-01,-9.999896883964538574e-01,9.999867677688598633e-01,9.998984336853027344e-01,-9.999928474426269531e-01,9.999877810478210449e-01,-9.999914169311523438e-01,9.999904036521911621e-01,9.999578595161437988e-01,9.999867677688598633e-01,9.999914765357971191e-01,-9.999693632125854492e-01,-9.999899864196777344e-01,9.999822974205017090e-01,9.996196627616882324e-01,9.999678730964660645e-01,-9.999066591262817383e-01,9.999812841415405273e-01
9.999982118606567383e-01,-9.999985098838806152e-01,-9.999874830245971680e-01,9.999983310699462891e-01,9.999988675117492676e-01,-9.999987483024597168e-01,9.999954104423522949e-01,9.999989867210388184e-01,-9.999972581863403320e-01,9.999973773956298828e-01,-9.999982714653015137e-01,-9.999988675117492676e-01,9.999982118606567383e-01,9.999982118606567383e-01,9.999740123748779297e-01,9.999975562095642090e-01,9.999977350234985352e-01,-9.999986886978149414e-01,9.999920129776000977e-01,-9.999991059303283691e-01,-9.999990463256835938e-01,9.999866485595703125e-01,9.999982714653015137e-01,9.999984502792358398e-01,9.999896287918090820e-01,9.999991655349731445e-01,-9.999985098838806152e-01,-9.999988675117492676e-01,9.999793171882629395e-01,-9.999960064888000488e-01,-9.999943375587463379e-01,-9.999986290931701660e-01,9.999931454658508301e-01,9.999974370002746582e-01,-9.999967813491821289e-01,-9.999842643737792969e-01,9.999990463256835938e-01,9.999986290931701660e-01,9.999929070472717285e-01,-9.999988675117492676e-01,9.999985098838806152e-01,-9.999969005584716797e-01,9.999630451202392578e-01,9.999987483024597168e-01,9.999979138374328613e-01,9.999982118606567383e-01,9.999248981475830078e-01,9.999981522560119629e-01,9.999988079071044922e-01,-9.999985694885253906e-01,-9.999986886978149414e-01,-9.999976754188537598e-01,-9.999987483024597168e-01,-9.999912977218627930e-01,-9.999969601631164551e-01,-9.999980926513671875e-01,-9.999971985816955566e-01,9.998684525489807129e-01,9.999977946281433105e-01,9.999984502792358398e-01,-9.999976754188537598e-01,9.999989867210388184e-01,9.999982714653015137e-01,9.999949932098388672e-01,-9.999957680702209473e-01,-9.999988675117492676e-01,-9.999990463256835938e-01,-9.999949336051940918e-01,-9.999988079071044922e-01,9.999988675117492676e-01,-9.999986886978149414e-01,9.999980330467224121e-01,9.999963641166687012e-01,-9.999916553497314453e-01,-9.999023675918579102e-01,-9.999982118606567383e-01,9.999926090240478516e-01,9.999986886978149414e-01,-9.999925494194030762e-01,-9.999969005584716797e-01,-9.999586343765258789e-01,9.999975562095642090e-01,-9.999988675117492676e-01,9.999959468841552734e-01,-9.999982714653015137e-01,-9.999855756759643555e-01,9.999908208847045898e-01,9.999989867210388184e-01,9.998235106468200684e-01,9.999964237213134766e-01,-9.999980926513671875e-01,9.999984502792358398e-01,-9.999759793281555176e-01,-9.999980330467224121e-01,9.999985694885253906e-01,-9.999980330467224121e-01,-9.999915957450866699e-01,9.999989867210388184e-01,-9.999987483024597168e-01,9.999896883964538574e-01,-9.999971389770507812e-01,9.999987483024597168e-01,-9.999762177467346191e-01,-9.999715685844421387e-01,9.999985098838806152e-01,9.999971985816955566e-01,9.996154904365539551e-01,-9.999977946281433105e-01,-9.999943971633911133e-01,9.999986290931701660e-01,-9.999980926513671875e-01,9.999985694885253906e-01,-9.999981522560119629e-01,-9.999860525131225586e-01,9.999990463256835938e-01,-9.999983906745910645e-01,9.999988675117492676e-01,-9.999985694885253906e-01,-9.999942779541015625e-01,-9.999982714653015137e-01,-9.999988675117492676e-01,9.999958276748657227e-01,9.999986886978149414e-01,-9.999976158142089844e-01,-9.999477267265319824e-01,-9.999956488609313965e-01,9.999871850013732910e-01,-9.999974370002746582e-01
9.999988675117492676e-01,-9.999989867210388184e-01,-9.999920129776000977e-01,9.999988675117492676e-01,9.999993443489074707e-01,-9.999992251396179199e-01,9.999970197677612305e-01,9.999993443489074707e-01,-9.999981522560119629e-01,9.999983310699462891e-01,-9.999988079071044922e-01,-9.999993443489074707e-01,9.999988079071044922e-01,9.999988675117492676e-01,9.999833703041076660e-01,9.999983906745910645e-01,9.999983906745910645e-01,-9.999991655349731445e-01,9.999948143959045410e-01,-9.999994039535522461e-01,-9.999993443489074707e-01,9.999914765357971191e-01,9.999989271163940430e-01,9.999991059303283691e-01,9.999933838844299316e-01,9.999994039535522461e-01,-9.999991059303283691e-01,-9.999993443489074707e-01,9.999867677688598633e-01,-9.999973773956298828e-01,-9.999962449073791504e-01,-9.999991059303283691e-01,9.999955296516418457e-01,9.999982118606567383e-01,-9.999978542327880859e-01,-9.999899864196777344e-01,9.999994039535522461e-01,9.999991655349731445e-01,9.999954104423522949e-01,-9.999993443489074707e-01,9.999991059303283691e-01,-9.999980330467224121e-01,9.999765157699584961e-01,9.999991655349731445e-01,9.999985694885253906e-01,9.999987483024597168e-01,9.999520778656005859e-01,9.999988675117492676e-01,9.999992847442626953e-01,-9.999991655349731445e-01,-9.999992251396179199e-01,-9.999984502792358398e-01,-9.999992251396179199e-01,-9.999943375587463379e-01,-9.999980926513671875e-01,-9.999987483024597168e-01,-9.999982118606567383e-01,9.999161958694458008e-01,9.999986290931701660e-01,9.999989271163940430e-01,-9.999985098838806152e-01,9.999993443489074707e-01,9.999988675117492676e-01,9.999966621398925781e-01,-9.999971985816955566e-01,-9.999992847442626953e-01,-9.999994039535522461e-01,-9.999967813491821289e-01,-9.999992251396179199e-01,9.999992847442626953e-01,-9.999991059303283691e-01,9.999986886978149414e-01,9.999976754188537598e-01,-9.999946355819702148e-01,-9.999377727508544922e-01,-9.999988675117492676e-01,9.999952316284179688e-01,9.999992251396179199e-01,-9.999952316284179688e-01,-9.999979734420776367e-01,-9.999737143516540527e-01,9.999984502792358398e-01,-9.999991655349731445e-01,9.999973177909851074e-01,-9.999989271163940430e-01,-9.999907612800598145e-01,9.999940991401672363e-01,9.999992847442626953e-01,9.998876452445983887e-01,9.999976754188537598e-01,-9.999986886978149414e-01,9.999989271163940430e-01,-9.999847412109375000e-01,-9.999987483024597168e-01,9.999991059303283691e-01,-9.999987483024597168e-01,-9.999946355819702148e-01,9.999992847442626953e-01,-9.999991655349731445e-01,9.999934434890747070e-01,-9.999981522560119629e-01,9.999992251396179199e-01,-9.999846816062927246e-01,-9.999818205833435059e-01,9.999991059303283691e-01,9.999980330467224121e-01,9.997553229331970215e-01,-9.999985694885253906e-01,-9.999963045120239258e-01,9.999991059303283691e-01,-9.999987483024597168e-01,9.999990463256835938e-01,-9.999988079071044922e-01,-9.999910593032836914e-01,9.999994039535522461e-01,-9.999989271163940430e-01,9.999992847442626953e-01,-9.999992251396179199e-01,-9.999962449073791504e-01,-9.999988675117492676e-01,-9.999992847442626953e-01,9.999971985816955566e-01,9.999990463256835938e-01,-9.999984502792358398e-01,-9.999666810035705566e-01,-9.999970793724060059e-01,9.999918341636657715e-01,-9.999983310699462891e-01
-9.999986886978149414e-01,9.999988675117492676e-01,9.999906420707702637e-01,-9.999987483024597168e-01,-9.999992251396179199e-01,9.999991059303283691e-01,-9.999966025352478027e-01,-9.999994039535522461e-01,9.999980330467224121e-01,-9.999980330467224121e-01,9.999988079071044922e-01,9.999992847442626953e-01,-9.999986886978149414e-01,-9.999987483024597168e-01,-9.999805092811584473e-01,-9.999982118606567383e-01,-9.999983310699462891e-01,9.999989867210388184e-01,-9.999939799308776855e-01,9.999994039535522461e-01,9.999993443489074707e-01,-9.999901056289672852e-01,-9.999986886978149414e-01,-9.999988675117492676e-01,-9.999921917915344238e-01,-9.999992847442626953e-01,9.999989271163940430e-01,9.999992251396179199e-01,-9.999844431877136230e-01,9.999970197677612305e-01,9.999957680702209473e-01,9.999988675117492676e-01,-9.999948740005493164e-01,-9.999980330467224121e-01,9.999975562095642090e-01,9.999882578849792480e-01,-9.999993443489074707e-01,-9.999989867210388184e-01,-9.999947547912597656e-01,9.999992251396179199e-01,-9.999988675117492676e-01,9.999976754188537598e-01,-9.999724626541137695e-01,-9.999991059303283691e-01,-9.999984502792358398e-01,-9.999986886978149414e-01,-9.999439120292663574e-01,-9.999986290931701660e-01,-9.999992251396179199e-01,9.999989271163940430e-01,9.999991059303283691e-01,9.999982714653015137e-01,9.999991059303283691e-01,9.999934434890747070e-01,9.999977350234985352e-01,9.999986290931701660e-01,9.999979138374328613e-01,-9.999016523361206055e-01,-9.999983310699462891e-01,-9.999988079071044922e-01,9.999983906745910645e-01,-9.999993443489074707e-01,-9.999986886978149414e-01,-9.999961853027343750e-01,9.999967813491821289e-01,9.999991655349731445e-01,9.999992847442626953e-01,9.999961853027343750e-01,9.999991059303283691e-01,-9.999992251396179199e-01,9.999991059303283691e-01,-9.999985098838806152e-01,-9.999973177909851074e-01,9.999938011169433594e-01,9.999269843101501465e-01,9.999986886978149414e-01,-9.999944567680358887e-01,-9.999991655349731445e-01,9.999945163726806641e-01,9.999976754188537598e-01,9.999691843986511230e-01,-9.999981522560119629e-01,9.999991655349731445e-01,-9.999969601631164551e-01,9.999986886978149414e-01,9.999892115592956543e-01,-9.999930858612060547e-01,-9.999992847442626953e-01,-9.998681545257568359e-01,-9.999973177909851074e-01,9.999985694885253906e-01,-9.999988079071044922e-01,9.999820590019226074e-01,9.999986290931701660e-01,-9.999988675117492676e-01,9.999985694885253906e-01,9.999938011169433594e-01,-9.999993443489074707e-01,9.999992251396179199e-01,-9.999923110008239746e-01,9.999979138374328613e-01,-9.999991059303283691e-01,9.999822378158569336e-01,9.999787211418151855e-01,-9.999989271163940430e-01,-9.999978542327880859e-01,-9.997125864028930664e-01,9.999982714653015137e-01,9.999957680702209473e-01,-9.999989867210388184e-01,9.999985694885253906e-01,-9.999989271163940430e-01,9.999986886978149414e-01,9.999895691871643066e-01,-9.999992847442626953e-01,9.999987483024597168e-01,-9.999992847442626953e-01,9.999989271163940430e-01,9.999957680702209473e-01,9.999986886978149414e-01,9.999991655349731445e-01,-9.999969005584716797e-01,-9.999990463256835938e-01,9.999982714653015137e-01,9.999608993530273438e-01,9.999966621398925781e-01,-9.999905228614807129e-01,9.999980330467224121e-01
9.999953508377075195e-01,-9.999960064888000488e-01,-9.999661445617675781e-01,9.999954104423522949e-01,9.999970197677612305e-01,-9.999966025352478027e-01,9.999875426292419434e-01,9.999972581863403320e-01,-9.999927282333374023e-01,9.999929666519165039e-01,-9.999954700469970703e-01,-9.999970793724060059e-01,9.999950528144836426e-01,9.999952316284179688e-01,9.999296069145202637e-01,9.999933838844299316e-01,9.999938607215881348e-01,-9.999964237213134766e-01,9.999783039093017578e-01,-9.999974966049194336e-01,-9.999971985816955566e-01,9.999638795852661133e-01,9.999954700469970703e-01,9.999959468841552734e-01,9.999719262123107910e-01,9.999972581863403320e-01,-9.999960064888000488e-01,-9.999970197677612305e-01,9.999439716339111328e-01,-9.999891519546508789e-01,-9.999846816062927246e-01,-9.999961256980895996e-01,9.999814629554748535e-01,9.999931454658508301e-01,-9.999914765357971191e-01,-9.999575614929199219e-01,9.999973177909851074e-01,9.999963641166687012e-01,9.999808669090270996e-01,-9.999969601631164551e-01,9.999960064888000488e-01,-9.999917745590209961e-01,9.999002814292907715e-01,9.999966025352478027e-01,9.999943971633911133e-01,9.999950528144836426e-01,9.997976422309875488e-01,9.999952316284179688e-01,9.999968409538269043e-01,-9.999962449073791504e-01,-9.999965429306030273e-01,-9.999939203262329102e-01,-9.999966621398925781e-01,-9.999763965606689453e-01,-9.999920129776000977e-01,-9.999948740005493164e-01,-9.999926090240478516e-01,9.996452927589416504e-01,9.999941587448120117e-01,9.999956488609313965e-01,-9.999939799308776855e-01,9.999970793724060059e-01,9.999953508377075195e-01,9.999865293502807617e-01,-9.999886155128479004e-01,-9.999968409538269043e-01,-9.999973177909851074e-01,-9.999861717224121094e-01,-9.999966621398925781e-01,9.999967217445373535e-01,-9.999964833259582520e-01,9.999948143959045410e-01,9.999904632568359375e-01,-9.999774098396301270e-01,-9.997366070747375488e-01,-9.999952316284179688e-01,9.999799728393554688e-01,9.999965429306030273e-01,-9.999799728393554688e-01,-9.999916553497314453e-01,-9.998883008956909180e-01,9.999934434890747070e-01,-9.999967813491821289e-01,9.999889135360717773e-01,-9.999955296516418457e-01,-9.999611377716064453e-01,9.999751448631286621e-01,9.999970197677612305e-01,9.995242953300476074e-01,9.999903440475463867e-01,-9.999947547912597656e-01,9.999956488609313965e-01,-9.999352097511291504e-01,-9.999948740005493164e-01,9.999959468841552734e-01,-9.999946355819702148e-01,-9.999774694442749023e-01,9.999971389770507812e-01,-9.999967217445373535e-01,9.999721646308898926e-01,-9.999923706054687500e-01,9.999964833259582520e-01,-9.999355673789978027e-01,-9.999232292175292969e-01,9.999960660934448242e-01,9.999923110008239746e-01,9.989640712738037109e-01,-9.999942779541015625e-01,-9.999846816062927246e-01,9.999960660934448242e-01,-9.999947547912597656e-01,9.999961256980895996e-01,-9.999951720237731934e-01,-9.999623894691467285e-01,9.999973177909851074e-01,-9.999955296516418457e-01,9.999968409538269043e-01,-9.999964237213134766e-01,-9.999845027923583984e-01,-9.999952316284179688e-01,-9.999968409538269043e-01,9.999887347221374512e-01,9.999962449073791504e-01,-9.999935626983642578e-01,-9.998590946197509766e-01,-9.999881386756896973e-01,9.999654889106750488e-01,-9.999931454658508301e-01
9.999989271163940430e-01,-9.999991059303283691e-01,-9.999926090240478516e-01,9.999989867210388184e-01,9.999993443489074707e-01,-9.999994039535522461e-01,9.999972581863403320e-01,9.999994635581970215e-01,-9.999983906745910645e-01,9.999984502792358398e-01,-9.999990463256835938e-01,-9.999994039535522461e-01,9.999989867210388184e-01,9.999989271163940430e-01,9.999848604202270508e-01,9.999985098838806152e-01,9.999986290931701660e-01,-9.999992251396179199e-01,9.999952316284179688e-01,-9.999994635581970215e-01,-9.999994039535522461e-01,9.999922513961791992e-01,9.999990463256835938e-01,9.999990463256835938e-01,9.999938607215881348e-01,9.999994635581970215e-01,-9.999991655349731445e-01,-9.999994039535522461e-01,9.999879598617553711e-01,-9.999976158142089844e-01,-9.999965429306030273e-01,-9.999991655349731445e-01,9.999959468841552734e-01,9.999983906745910645e-01,-9.999980330467224121e-01,-9.999908804893493652e-01,9.999993443489074707e-01,9.999992251396179199e-01,9.999958276748657227e-01,-9.999994039535522461e-01,9.999991655349731445e-01,-9.999982118606567383e-01,9.999785423278808594e-01,9.999992251396179199e-01,9.999986886978149414e-01,9.999989271163940430e-01,9.999564290046691895e-01,9.999989271163940430e-01,9.999992251396179199e-01,-9.999992251396179199e-01,-9.999992847442626953e-01,-9.999985694885253906e-01,-9.999992251396179199e-01,-9.999949336051940918e-01,-9.999982118606567383e-01,-9.999988675117492676e-01,-9.999983906745910645e-01,9.999235272407531738e-01,9.999987483024597168e-01,9.999991059303283691e-01,-9.999986886978149414e-01,9.999993443489074707e-01,9.999989271163940430e-01,9.999969601631164551e-01,-9.999974966049194336e-01,-9.999993443489074707e-01,-9.999994635581970215e-01,-9.999969601631164551e-01,-9.999992847442626953e-01,9.999993443489074707e-01,-9.999992251396179199e-01,9.999988079071044922e-01,9.999978542327880859e-01,-9.999951124191284180e-01,-9.999431967735290527e-01,-9.999989867210388184e-01,9.999956488609313965e-01,9.999991655349731445e-01,-9.999956488609313965e-01,-9.999981522560119629e-01,-9.999760389328002930e-01,9.999985098838806152e-01,-9.999992847442626953e-01,9.999976158142089844e-01,-9.999990463256835938e-01,-9.999916553497314453e-01,9.999945759773254395e-01,9.999994039535522461e-01,9.998975396156311035e-01,9.999978542327880859e-01,-9.999988079071044922e-01,9.999991059303283691e-01,-9.999860525131225586e-01,-9.999988675117492676e-01,9.999991655349731445e-01,-9.999988675117492676e-01,-9.999950528144836426e-01,9.999994039535522461e-01,-9.999992251396179199e-01,9.999940395355224609e-01,-9.999983310699462891e-01,9.999992847442626953e-01,-9.999862313270568848e-01,-9.999834299087524414e-01,9.999992251396179199e-01,9.999983310699462891e-01,9.997769594192504883e-01,-9.999986886978149414e-01,-9.999966621398925781e-01,9.999992251396179199e-01,-9.999988675117492676e-01,9.999992251396179199e-01,-9.999988675117492676e-01,-9.999918341636657715e-01,9.999994635581970215e-01,-9.999989271163940430e-01,9.999993443489074707e-01,-9.999991655349731445e-01,-9.999966025352478027e-01,-9.999989271163940430e-01,-9.999992847442626953e-01,9.999974370002746582e-01,9.999992251396179199e-01,-9.999985694885253906e-01,-9.999697208404541016e-01,-9.999973773956298828e-01,9.999925494194030762e-01,-9.999985098838806152e-01
-9.999971985816955566e-01,9.999976158142089844e-01,9.999804496765136719e-01,-9.999972581863403320e-01,-9.999981522560119629e-01,9.999980330467224121e-01,-9.999927282333374023e-01,-9.999983906745910645e-01,9.999958276748657227e-01,-9.999958872795104980e-01,9.999973177909851074e-01,9.999982714653015137e-01,-9.999970793724060059e-01,-9.999971985816955566e-01,-9.999592304229736328e-01,-9.999960660934448242e-01,-9.999963045120239258e-01,9.999977946281433105e-01,-9.999873638153076172e-01,9.999985098838806152e-01,9.999983310699462891e-01,-9.999791383743286133e-01,-9.999973177909851074e-01,-9.999976158142089844e-01,-9.999836683273315430e-01,-9.999984502792358398e-01,9.999976158142089844e-01,9.999982714653015137e-01,-9.999675154685974121e-01,9.999936819076538086e-01,9.999911189079284668e-01,9.999976754188537598e-01,-9.999892115592956543e-01,-9.999959468841552734e-01,9.999949336051940918e-01,9.999753236770629883e-01,-9.999983906745910645e-01,-9.999978542327880859e-01,-9.999888539314270020e-01,9.999982714653015137e-01,-9.999976754188537598e-01,9.999952316284179688e-01,-9.999422430992126465e-01,-9.999980330467224121e-01,-9.999966025352478027e-01,-9.999970197677612305e-01,-9.998827576637268066e-01,-9.999971389770507812e-01,-9.999980926513671875e-01,9.999977946281433105e-01,9.999979734420776367e-01,9.999963045120239258e-01,9.999979138374328613e-01,9.999862313270568848e-01,9.999952912330627441e-01,9.999969601631164551e-01,9.999956488609313965e-01,-9.997947216033935547e-01,-9.999965429306030273e-01,-9.999973177909851074e-01,9.999964237213134766e-01,-9.999983310699462891e-01,-9.999971985816955566e-01,-9.999921917915344238e-01,9.999933242797851562e-01,9.999981522560119629e-01,9.999983906745910645e-01,9.999920129776000977e-01,9.999981522560119629e-01,-9.999980926513671875e-01,9.999979138374328613e-01,-9.999969601631164551e-01,-9.999943375587463379e-01,9.999868869781494141e-01,9.998475909233093262e-01,9.999971389770507812e-01,-9.999883174896240234e-01,-9.999979138374328613e-01,9.999883174896240234e-01,9.999951124191284180e-01,9.999353885650634766e-01,-9.999961853027343750e-01,9.999981522560119629e-01,-9.999935626983642578e-01,9.999973177909851074e-01,9.999775290489196777e-01,-9.999855756759643555e-01,-9.999982118606567383e-01,-9.997246265411376953e-01,-9.999943971633911133e-01,9.999968409538269043e-01,-9.999974370002746582e-01,9.999625086784362793e-01,9.999969601631164551e-01,-9.999976754188537598e-01,9.999969005584716797e-01,9.999868273735046387e-01,-9.999983310699462891e-01,9.999980926513671875e-01,-9.999838471412658691e-01,9.999955892562866211e-01,-9.999979734420776367e-01,9.999626874923706055e-01,9.999554753303527832e-01,-9.999976754188537598e-01,-9.999954700469970703e-01,-9.994001984596252441e-01,9.999966621398925781e-01,9.999911189079284668e-01,-9.999977350234985352e-01,9.999969005584716797e-01,-9.999977350234985352e-01,9.999971389770507812e-01,9.999781847000122070e-01,-9.999984502792358398e-01,9.999972581863403320e-01,-9.999981522560119629e-01,9.999978542327880859e-01,9.999909996986389160e-01,9.999971389770507812e-01,9.999981522560119629e-01,-9.999934434890747070e-01,-9.999977946281433105e-01,9.999961256980895996e-01,9.999183416366577148e-01,9.999930262565612793e-01,-9.999800324440002441e-01,9.999960064888000488e-01
9.999972581863403320e-01,-9.999976754188537598e-01,-9.999809861183166504e-01,9.999973773956298828e-01,9.999983310699462891e-01,-9.999980330467224121e-01,9.999929666519165039e-01,9.999984502792358398e-01,-9.999958872795104980e-01,9.999958872795104980e-01,-9.999973773956298828e-01,-9.999983310699462891e-01,9.999971389770507812e-01,9.999972581863403320e-01,9.999605417251586914e-01,9.999961853027343750e-01,9.999964237213134766e-01,-9.999978542327880859e-01,9.999878406524658203e-01,-9.999985694885253906e-01,-9.999983906745910645e-01,9.999797344207763672e-01,9.999973773956298828e-01,9.999976158142089844e-01,9.999841451644897461e-01,9.999983906745910645e-01,-9.999976158142089844e-01,-9.999982118606567383e-01,9.999686479568481445e-01,-9.999938607215881348e-01,-9.999913573265075684e-01,-9.999977946281433105e-01,9.999895691871643066e-01,9.999959468841552734e-01,-9.999951720237731934e-01,-9.999761581420898438e-01,9.999984502792358398e-01,9.999979138374328613e-01,9.999892115592956543e-01,-9.999982118606567383e-01,9.999977946281433105e-01,-9.999953508377075195e-01,9.999440312385559082e-01,9.999980926513671875e-01,9.999967217445373535e-01,9.999971389770507812e-01,9.998866319656372070e-01,9.999972581863403320e-01,9.999980330467224121e-01,-9.999978542327880859e-01,-9.999979138374328613e-01,-9.999965429306030273e-01,-9.999980926513671875e-01,-9.999867081642150879e-01,-9.999954104423522949e-01,-9.999970197677612305e-01,-9.999957680702209473e-01,9.998013973236083984e-01,9.999966025352478027e-01,9.999974966049194336e-01,-9.999965429306030273e-01,9.999982714653015137e-01,9.999972581863403320e-01,9.999924302101135254e-01,-9.999935030937194824e-01,-9.999982118606567383e-01,-9.999983906745910645e-01,-9.999923110008239746e-01,-9.999980926513671875e-01,9.999981522560119629e-01,-9.999979138374328613e-01,9.999969601631164551e-01,9.999946355819702148e-01,-9.999873042106628418e-01,-9.998525381088256836e-01,-9.999971985816955566e-01,9.999887347221374512e-01,9.999980330467224121e-01,-9.999887943267822266e-01,-9.999952912330627441e-01,-9.999374747276306152e-01,9.999963045120239258e-01,-9.999980926513671875e-01,9.999937415122985840e-01,-9.999974370002746582e-01,-9.999782443046569824e-01,9.999860525131225586e-01,9.999982714653015137e-01,9.997336864471435547e-01,9.999945759773254395e-01,-9.999969601631164551e-01,9.999974966049194336e-01,-9.999637007713317871e-01,-9.999969601631164551e-01,9.999977350234985352e-01,-9.999969005584716797e-01,-9.999872446060180664e-01,9.999983906745910645e-01,-9.999980330467224121e-01,9.999844431877136230e-01,-9.999956488609313965e-01,9.999980330467224121e-01,-9.999639391899108887e-01,-9.999568462371826172e-01,9.999977350234985352e-01,9.999957084655761719e-01,9.994199872016906738e-01,-9.999966621398925781e-01,-9.999914169311523438e-01,9.999977946281433105e-01,-9.999969601631164551e-01,9.999977946281433105e-01,-9.999971985816955566e-01,-9.999788999557495117e-01,9.999983906745910645e-01,-9.999974370002746582e-01,9.999982118606567383e-01,-9.999978542327880859e-01,-9.999912381172180176e-01,-9.999971985816955566e-01,-9.999980926513671875e-01,9.999936223030090332e-01,9.999979138374328613e-01,-9.999962449073791504e-01,-9.999210238456726074e-01,-9.999932646751403809e-01,9.999806880950927734e-01,-9.999960660934448242e-01
-9.999982118606567383e-01,9.999985098838806152e-01,9.999874830245971680e-01,-9.999982714653015137e-01,-9.999988079071044922e-01,9.999988079071044922e-01,-9.999954700469970703e-01,-9.999990463256835938e-01,9.999973177909851074e-01,-9.999973773956298828e-01,9.999982714653015137e-01,9.999988675117492676e-01,-9.999981522560119629e-01,-9.999982118606567383e-01,-9.999741315841674805e-01,-9.999974966049194336e-01,-9.999976754188537598e-01,9.999986290931701660e-01,-9.999919533729553223e-01,9.999991059303283691e-01,9.999989271163940430e-01,-9.999866485595703125e-01,-9.999982714653015137e-01,-9.999985098838806152e-01,-9.999896883964538574e-01,-9.999990463256835938e-01,9.999985098838806152e-01,9.999989271163940430e-01,-9.999793767929077148e-01,9.999960064888000488e-01,9.999943375587463379e-01,9.999985098838806152e-01,-9.999930858612060547e-01,-9.999973177909851074e-01,9.999967217445373535e-01,9.999843835830688477e-01,-9.999989867210388184e-01,-9.999986290931701660e-01,-9.999928474426269531e-01,9.999988079071044922e-01,-9.999985098838806152e-01,9.999969005584716797e-01,-9.999633431434631348e-01,-9.999987483024597168e-01,-9.999978542327880859e-01,-9.999980926513671875e-01,-9.999254345893859863e-01,-9.999980926513671875e-01,-9.999988079071044922e-01,9.999985694885253906e-01,9.999987483024597168e-01,9.999976754188537598e-01,9.999986290931701660e-01,9.999912977218627930e-01,9.999969005584716797e-01,9.999980926513671875e-01,9.999972581863403320e-01,-9.998694062232971191e-01,-9.999977350234985352e-01,-9.999983310699462891e-01,9.999977350234985352e-01,-9.999989271163940430e-01,-9.999982714653015137e-01,-9.999950528144836426e-01,9.999957680702209473e-01,9.999988079071044922e-01,9.999990463256835938e-01,9.999949336051940918e-01,9.999987483024597168e-01,-9.999988079071044922e-01,9.999986886978149414e-01,-9.999980330467224121e-01,-9.999964237213134766e-01,9.999916553497314453e-01,9.999030232429504395e-01,9.999982118606567383e-01,-9.999926090240478516e-01,-9.999986886978149414e-01,9.999925494194030762e-01,9.999968409538269043e-01,9.999589920043945312e-01,-9.999975562095642090e-01,9.999988079071044922e-01,-9.999959468841552734e-01,9.999982714653015137e-01,9.999856948852539062e-01,-9.999908208847045898e-01,-9.999989271163940430e-01,-9.998249411582946777e-01,-9.999964833259582520e-01,9.999979734420776367e-01,-9.999984502792358398e-01,9.999761581420898438e-01,9.999980330467224121e-01,-9.999985098838806152e-01,9.999980330467224121e-01,9.999916553497314453e-01,-9.999989271163940430e-01,9.999988079071044922e-01,-9.999897480010986328e-01,9.999971389770507812e-01,-9.999986886978149414e-01,9.999763369560241699e-01,9.999716877937316895e-01,-9.999985694885253906e-01,-9.999971389770507812e-01,-9.996184110641479492e-01,9.999977946281433105e-01,9.999943375587463379e-01,-9.999986290931701660e-01,9.999980330467224121e-01,-9.999985694885253906e-01,9.999981522560119629e-01,9.999861717224121094e-01,-9.999990463256835938e-01,9.999983310699462891e-01,-9.999988079071044922e-01,9.999986290931701660e-01,9.999942779541015625e-01,9.999981522560119629e-01,9.999987483024597168e-01,-9.999958276748657227e-01,-9.999986290931701660e-01,9.999975562095642090e-01,9.999480843544006348e-01,9.999956488609313965e-01,-9.999873042106628418e-01,9.999974966049194336e-01
-9.999988675117492676e-01,9.999991059303283691e-01,9.999919533729553223e-01,-9.999988675117492676e-01,-9.999993443489074707e-01,9.999992847442626953e-01,-9.999970793724060059e-01,-9.999994039535522461e-01,9.999982714653015137e-01,-9.999983310699462891e-01,9.999988675117492676e-01,9.999994039535522461e-01,-9.999988675117492676e-01,-9.999988079071044922e-01,-9.999833106994628906e-01,-9.999983906745910645e-01,-9.999985694885253906e-01,9.999992847442626953e-01,-9.999948143959045410e-01,9.999994635581970215e-01,9.999994039535522461e-01,-9.999914169311523438e-01,-9.999989867210388184e-01,-9.999991059303283691e-01,-9.999933242797851562e-01,-9.999994039535522461e-01,9.999992251396179199e-01,9.999993443489074707e-01,-9.999866485595703125e-01,9.999974370002746582e-01,9.999963045120239258e-01,9.999991059303283691e-01,-9.999955892562866211e-01,-9.999983310699462891e-01,9.999978542327880859e-01,9.999898672103881836e-01,-9.999994039535522461e-01,-9.999991655349731445e-01,-9.999954104423522949e-01,9.999993443489074707e-01,-9.999991059303283691e-01,9.999980330467224121e-01,-9.999762773513793945e-01,-9.999992251396179199e-01,-9.999986290931701660e-01,-9.999988079071044922e-01,-9.999517798423767090e-01,-9.999989271163940430e-01,-9.999992847442626953e-01,9.999991059303283691e-01,9.999992251396179199e-01,9.999985098838806152e-01,9.999992251396179199e-01,9.999943971633911133e-01,9.999980330467224121e-01,9.999987483024597168e-01,9.999982118606567383e-01,-9.999153614044189453e-01,-9.999985694885253906e-01,-9.999989867210388184e-01,9.999985098838806152e-01,-9.999993443489074707e-01,-9.999988675117492676e-01,-9.999967217445373535e-01,9.999972581863403320e-01,9.999992847442626953e-01,9.999994635581970215e-01,9.999967217445373535e-01,9.999993443489074707e-01,-9.999993443489074707e-01,9.999992251396179199e-01,-9.999987483024597168e-01,-9.999976754188537598e-01,9.999945759773254395e-01,9.999371767044067383e-01,9.999988675117492676e-01,-9.999952316284179688e-01,-9.999992251396179199e-01,9.999952912330627441e-01,9.999980330467224121e-01,9.999735355377197266e-01,-9.999983906745910645e-01,9.999992847442626953e-01,-9.999973773956298828e-01,9.999988675117492676e-01,9.999907612800598145e-01,-9.999940395355224609e-01,-9.999994039535522461e-01,-9.998865723609924316e-01,-9.999976754188537598e-01,9.999987483024597168e-01,-9.999989867210388184e-01,9.999845623970031738e-01,9.999987483024597168e-01,-9.999991059303283691e-01,9.999987483024597168e-01,9.999946951866149902e-01,-9.999993443489074707e-01,9.999992847442626953e-01,-9.999933838844299316e-01,9.999981522560119629e-01,-9.999992847442626953e-01,9.999846816062927246e-01,9.999816417694091797e-01,-9.999991059303283691e-01,-9.999981522560119629e-01,-9.997528791427612305e-01,9.999986290931701660e-01,9.999963045120239258e-01,-9.999991059303283691e-01,9.999988079071044922e-01,-9.999991059303283691e-01,9.999988675117492676e-01,9.999910593032836914e-01,-9.999994039535522461e-01,9.999989271163940430e-01,-9.999993443489074707e-01,9.999992251396179199e-01,9.999962449073791504e-01,9.999988079071044922e-01,9.999992847442626953e-01,-9.999972581863403320e-01,-9.999991655349731445e-01,9.999985098838806152e-01,9.999663829803466797e-01,9.999971389770507812e-01,-9.999917745590209961e-01,9.999983310699462891e-01
