7.628775238990783691e-01,1.319965720176696777e-01,-4.668462872505187988e-01,7.378005981445312500e-02,4.769433140754699707e-01,-9.136245399713516235e-02,1.649719029664993286e-01,5.278652310371398926e-01,7.406914979219436646e-02,2.399962581694126129e-02,-2.099785208702087402e-02,-1.466824561357498169e-01,6.604530811309814453e-01,3.403110504150390625e-01,5.913606882095336914e-01,1.932952404022216797e-01,3.987985546700656414e-04,3.131465315818786621e-01,2.712587714195251465e-01,8.583237975835800171e-02,-1.715851873159408569e-01,7.399217039346694946e-02,3.299171328544616699e-01,-3.697220981121063232e-01,3.039309568703174591e-02,-2.719631493091583252e-01,-1.800752282142639160e-01,-4.689009785652160645e-01,-1.187547966837882996e-01,-6.452016234397888184e-01,-3.573828637599945068e-01,-3.522663116455078125e-01,3.744269013404846191e-01,-5.970029905438423157e-02,-4.281520098447799683e-02,-4.979473948478698730e-01,-1.046559736132621765e-01,1.044916287064552307e-01,-3.104395866394042969e-01,-7.007713317871093750e-01,3.190976083278656006e-01,1.704757809638977051e-01,-7.238225545734167099e-03,7.529215514659881592e-02,6.409004926681518555e-01,-5.622445344924926758e-01,-4.809325337409973145e-01,-4.727568849921226501e-02,-7.520180195569992065e-02,-1.045663189142942429e-02,3.058574199676513672e-01,2.726885378360748291e-01,3.146355152130126953e-01,-2.927810698747634888e-02,3.510944312438368797e-03,-2.418265789747238159e-01,1.192152127623558044e-01,7.499578595161437988e-02,1.818539947271347046e-01,-8.027848601341247559e-02,-2.056432142853736877e-02,1.399029046297073364e-01,7.516691833734512329e-02,-1.547000408172607422e-01,-1.172354295849800110e-01,8.591765537858009338e-03,4.743602871894836426e-01,4.706901013851165771e-01,-3.413924872875213623e-01,2.996081411838531494e-01,-5.973852276802062988e-01,-5.731614232063293457e-01,-1.326691508293151855e-01,9.062457084655761719e-02,-1.377501934766769409e-01,-4.572667777538299561e-01,-3.838308900594711304e-02,2.276576906442642212e-01,-4.201266765594482422e-01,-6.210008263587951660e-01,-2.570231556892395020e-01,2.159263938665390015e-02,-3.164238631725311279e-01,5.960689485073089600e-02,-3.069586455821990967e-01,-7.813135534524917603e-02,-1.599365100264549255e-02,3.049684874713420868e-02,3.257903456687927246e-01,-8.335983008146286011e-02,-2.124386094510555267e-02,-4.249923229217529297e-01,-2.646227600052952766e-03,2.148695057258009911e-03,-1.142588183283805847e-01,-2.560577392578125000e-01,3.607247173786163330e-01,-6.380058825016021729e-03,-5.149314999580383301e-01,6.259188652038574219e-01,1.211246997117996216e-01,1.589307636022567749e-01,-1.072833761572837830e-01,3.987310454249382019e-03,3.796717822551727295e-01,1.966016739606857300e-01,-1.314923074096441269e-02,1.415050961077213287e-02,-2.903146743774414062e-01,-5.415982380509376526e-02,4.997534751892089844e-01,1.149616762995719910e-01,3.569495398551225662e-03,-5.648979544639587402e-01,3.464708626270294189e-01,-4.489897191524505615e-01,3.554260134696960449e-01,-2.566962838172912598e-01,-6.646940112113952637e-01,3.504520282149314880e-02,-4.426366388797760010e-01,5.529405474662780762e-01,3.164030313491821289e-01,-1.884016692638397217e-01,4.189254343509674072e-01,-1.657790839672088623e-01,9.583086706697940826e-03,4.753096103668212891e-01
1.319965720176696777e-01,5.043622478842735291e-02,-1.592225432395935059e-01,-3.061556071043014526e-02,1.484417021274566650e-01,-9.446885436773300171e-02,2.577688917517662048e-02,1.635336875915527344e-02,3.188371285796165466e-02,1.243502646684646606e-02,2.880236878991127014e-02,-3.402040898799896240e-02,1.183522790670394897e-01,-1.186730898916721344e-02,1.322029680013656616e-01,5.753463134169578552e-02,3.558637807145714760e-03,1.240314766764640808e-01,3.141474723815917969e-02,-2.950080484151840210e-02,4.909414425492286682e-02,6.790433824062347412e-02,2.443860098719596863e-02,1.891870610415935516e-02,2.208806574344635010e-02,6.627578288316726685e-02,-1.245894879102706909e-01,-1.680710613727569580e-01,3.571959212422370911e-02,-1.365255862474441528e-01,-8.068915456533432007e-02,-1.088709235191345215e-01,7.795988768339157104e-02,2.597014047205448151e-02,1.284188823774456978e-03,-1.022339537739753723e-01,-4.093407839536666870e-02,3.024677745997905731e-02,4.876924678683280945e-03,-1.481157690286636353e-01,1.504071056842803955e-01,-4.500296898186206818e-03,9.052722901105880737e-02,1.635484397411346436e-02,7.196746766567230225e-02,-7.649940252304077148e-02,-1.343547701835632324e-01,-1.952214661287143826e-04,-4.105995222926139832e-02,-7.167696021497249603e-03,4.712677001953125000e-02,1.998752355575561523e-02,7.115643471479415894e-02,8.791995793581008911e-02,-3.688063099980354309e-02,-6.718183308839797974e-02,2.688231319189071655e-02,1.334507670253515244e-02,5.618927534669637680e-03,-1.267128251492977142e-02,3.841463476419448853e-02,-1.228434499353170395e-02,1.392793469130992889e-02,-3.252002177760004997e-03,-5.308971181511878967e-02,-1.623910292983055115e-02,1.299607604742050171e-01,1.772454380989074707e-01,-1.352814733982086182e-01,1.284412145614624023e-01,-8.867245167493820190e-02,-6.219004094600677490e-02,-4.460566490888595581e-02,4.907935857772827148e-02,-3.401198983192443848e-02,-1.290069669485092163e-01,-1.500695012509822845e-02,8.776417374610900879e-02,2.236243337392807007e-02,-1.464732736349105835e-01,-7.063363492488861084e-02,4.924399778246879578e-03,-1.283490210771560669e-01,1.204016618430614471e-02,-1.028007641434669495e-01,-1.355262845754623413e-01,4.513861984014511108e-02,1.735380105674266815e-02,1.120779961347579956e-01,-3.584280237555503845e-02,-2.420257590711116791e-02,-8.774629235267639160e-02,2.876905910670757294e-02,8.945542387664318085e-03,-6.919872015714645386e-02,-7.742212153971195221e-03,7.235071063041687012e-02,-1.374712213873863220e-03,-1.202587932348251343e-01,8.342392742633819580e-02,2.445613779127597809e-02,-2.033768221735954285e-03,-1.852408610284328461e-02,7.720902096480131149e-03,1.226697564125061035e-01,-4.452196508646011353e-02,3.557582944631576538e-02,-1.096454169601202011e-02,-1.095834597945213318e-01,-3.216836601495742798e-02,4.002024978399276733e-02,5.522373691201210022e-02,-9.641969576478004456e-03,-1.498575061559677124e-01,1.476301252841949463e-01,-1.481095701456069946e-01,1.349972039461135864e-01,-6.779014319181442261e-02,-1.015116423368453979e-01,1.078749261796474457e-02,-2.711785957217216492e-02,1.257293373346328735e-01,1.173355430364608765e-01,-8.246859163045883179e-02,3.081858856603503227e-03,-2.579271048307418823e-02,-1.382477814331650734e-03,7.301440834999084473e-02
-4.668462872505187988e-01,-1.592225432395935059e-01,8.347033262252807617e-01,-3.732258453965187073e-02,-4.726217091083526611e-01,5.951849371194839478e-02,-2.887524068355560303e-01,5.802207067608833313e-02,3.046792373061180115e-02,-9.850235283374786377e-02,-2.428368180990219116e-01,2.159301787614822388e-01,-3.138680160045623779e-01,3.683588206768035889e-01,-5.605012178421020508e-01,-2.102481573820114136e-01,-9.106170386075973511e-02,-6.034059524536132812e-01,-3.254971466958522797e-03,3.072512149810791016e-01,-5.206170082092285156e-01,-5.253066420555114746e-01,-5.936474725604057312e-02,-8.438533172011375427e-03,-1.607162207365036011e-01,-4.363439083099365234e-01,6.400654911994934082e-01,7.087979912757873535e-01,-5.153234601020812988e-01,7.010405063629150391e-01,2.130070775747299194e-01,6.822199821472167969e-01,-4.776873290538787842e-01,-3.666387796401977539e-01,7.140723522752523422e-03,5.755875110626220703e-01,2.127492725849151611e-01,-1.645182073116302490e-01,3.655410930514335632e-02,7.162473201751708984e-01,-6.907374262809753418e-01,7.478283345699310303e-02,-4.222503006458282471e-01,-8.917981386184692383e-02,-3.044482469558715820e-01,4.454184770584106445e-01,6.338393092155456543e-01,3.369577974081039429e-02,2.258239388465881348e-01,2.474981099367141724e-01,-2.845269739627838135e-01,1.777619272470474243e-01,-4.030037820339202881e-01,-3.030732274055480957e-01,1.467889845371246338e-01,3.333485722541809082e-01,-1.433566510677337646e-01,-7.165594398975372314e-02,-3.606832921504974365e-01,2.026576697826385498e-01,-2.235299348831176758e-01,6.775460392236709595e-02,-8.177750557661056519e-02,-2.585583329200744629e-01,1.176782026886940002e-01,1.067201942205429077e-01,-6.503530144691467285e-01,-7.588939666748046875e-01,6.545853018760681152e-01,-5.128036737442016602e-01,5.161015987396240234e-01,2.895960509777069092e-01,2.438884079456329346e-01,-4.312445819377899170e-01,1.562182307243347168e-01,5.263144373893737793e-01,7.935948669910430908e-02,-6.551944017410278320e-01,-1.426950246095657349e-01,6.413142681121826172e-01,-1.211067214608192444e-01,-3.497651219367980957e-02,6.055207252502441406e-01,-4.853774234652519226e-02,5.820778608322143555e-01,6.067298650741577148e-01,-3.059881627559661865e-01,-1.022536829113960266e-01,-6.029385328292846680e-01,1.219591349363327026e-01,1.264654248952865601e-01,5.040289163589477539e-01,-3.631854488048702478e-04,-1.227769181132316589e-01,4.808378815650939941e-01,1.148229651153087616e-02,-3.036563396453857422e-01,9.548289701342582703e-03,5.688384175300598145e-01,-3.446789979934692383e-01,-8.530277758836746216e-02,-1.791441738605499268e-01,5.254406854510307312e-02,-5.373579263687133789e-02,-7.810362577438354492e-01,6.130887567996978760e-02,1.172657236456871033e-01,1.925443559885025024e-01,6.188851594924926758e-01,1.979965865612030029e-01,-2.328876256942749023e-01,4.080271720886230469e-02,9.179802238941192627e-02,5.205002427101135254e-01,-7.389909029006958008e-01,6.294029355049133301e-01,-4.939313828945159912e-01,1.811652928590774536e-01,4.577471315860748291e-01,-8.807732164859771729e-02,-1.812881976366043091e-01,-5.990212559700012207e-01,-6.490817070007324219e-01,2.822264134883880615e-01,1.576355546712875366e-01,1.447246819734573364e-01,-9.469548612833023071e-02,-3.871439993381500244e-01
7.378005981445312500e-02,-3.061556071043014526e-02,-3.732258453965187073e-02,2.178235203027725220e-01,-3.857730701565742493e-02,1.566214412450790405e-01,7.613375037908554077e-02,3.469046950340270996e-02,-4.288009554147720337e-02,1.242977660149335861e-02,-1.044917181134223938e-01,-1.892096549272537231e-02,3.870011866092681885e-02,-3.115186467766761780e-02,-1.075866259634494781e-02,-3.348686918616294861e-02,1.726689003407955170e-02,1.015808358788490295e-01,-3.601123765110969543e-02,3.746296092867851257e-02,-1.074672043323516846e-01,3.756301011890172958e-03,4.288747906684875488e-02,-1.617902219295501709e-01,4.400754719972610474e-02,-7.922545820474624634e-02,5.208509787917137146e-02,4.471903294324874878e-02,-6.196242757141590118e-04,-7.996413111686706543e-02,-3.435583319514989853e-03,-1.225028857588768005e-01,1.788073629140853882e-01,-9.483858942985534668e-02,3.830614965409040451e-03,-5.463082343339920044e-02,1.722151041030883789e-02,9.615797549486160278e-03,-2.136136032640933990e-02,-1.999510079622268677e-01,-2.506079850718379021e-03,4.469487071037292480e-02,-4.110268130898475647e-02,5.685186479240655899e-03,4.659018665552139282e-02,-4.171188920736312866e-02,3.438211977481842041e-02,-5.620701983571052551e-02,1.788889989256858826e-02,2.345335669815540314e-02,3.514697775244712830e-02,5.089339986443519592e-02,1.343889385461807251e-01,-1.322034597396850586e-01,1.065425649285316467e-01,-2.378028258681297302e-02,-3.013197146356105804e-02,-9.426568634808063507e-03,8.669030666351318359e-02,-5.949230119585990906e-02,-1.663454025983810425e-01,1.062739491462707520e-01,1.713947579264640808e-02,7.754016667604446411e-02,-3.893516585230827332e-02,-8.074995130300521851e-03,2.839884348213672638e-02,6.711105816066265106e-03,8.669946342706680298e-02,-1.059255897998809814e-01,-1.349363178014755249e-01,3.786615654826164246e-02,-1.233580335974693298e-02,-3.646912798285484314e-02,-1.885981857776641846e-02,-7.550109177827835083e-02,1.363923493772745132e-02,-3.649096935987472534e-03,-2.093614488840103149e-01,-1.331266462802886963e-01,2.111842483282089233e-01,2.582101617008447647e-03,7.574050873517990112e-02,7.667187135666608810e-03,-1.493080556392669678e-01,1.636112332344055176e-01,-1.311848312616348267e-01,-9.297403506934642792e-03,-3.254348039627075195e-02,1.180052943527698517e-02,1.934372819960117340e-02,-1.163665056228637695e-01,-9.907086938619613647e-02,5.339717119932174683e-02,-8.360324054956436157e-02,-8.260902762413024902e-02,-5.134322121739387512e-02,-1.205829787068068981e-03,8.430427871644496918e-03,1.877401024103164673e-01,2.837373130023479462e-02,3.264525160193443298e-02,-3.772987797856330872e-02,1.683934358879923820e-03,1.606464534997940063e-01,2.507408261299133301e-01,-2.826789915561676025e-01,-3.370400518178939819e-02,5.285053513944149017e-03,-1.496237004175782204e-03,1.914819478988647461e-01,-1.382407397031784058e-01,5.199369508773088455e-03,6.032751128077507019e-02,-2.644164860248565674e-02,2.964782156050205231e-02,1.736151613295078278e-02,1.411291770637035370e-02,-6.713017076253890991e-02,4.397323355078697205e-02,-1.160200498998165131e-02,1.569898799061775208e-02,5.429164320230484009e-02,4.681944474577903748e-02,7.967799156904220581e-02,-4.769068583846092224e-02,1.753835938870906830e-02,1.203222721815109253e-01
4.769433140754699707e-01,1.484417021274566650e-01,-4.726217091083526611e-01,-3.857730701565742493e-02,6.569215059280395508e-01,-2.216135561466217041e-01,1.333706378936767578e-01,1.026544943451881409e-01,7.811434566974639893e-02,3.837223723530769348e-02,-7.588855456560850143e-03,-7.380533963441848755e-02,3.788702189922332764e-01,1.809584721922874451e-02,4.577456116676330566e-01,2.037912011146545410e-01,-1.979053579270839691e-02,3.944527804851531982e-01,1.196185797452926636e-01,-9.546194970607757568e-02,6.201872602105140686e-02,2.191619575023651123e-01,4.058637470006942749e-02,1.651246845722198486e-01,3.504618257284164429e-02,9.949091076850891113e-02,-4.185226559638977051e-01,-5.936956405639648438e-01,1.447638422250747681e-01,-5.097668170928955078e-01,-3.014656603336334229e-01,-2.100336700677871704e-01,2.310108691453933716e-01,-4.043097421526908875e-02,2.244416438043117523e-02,-2.448922991752624512e-01,-1.372375488281250000e-01,8.504140377044677734e-02,-1.186623051762580872e-01,-5.130332708358764648e-01,4.260450303554534912e-01,5.391514301300048828e-02,3.432972431182861328e-01,6.019604578614234924e-02,2.066513001918792725e-01,-1.738738417625427246e-01,-5.366948246955871582e-01,-3.467093035578727722e-02,-1.040652319788932800e-01,1.041188240051269531e-01,2.050435096025466919e-01,3.901132196187973022e-02,2.309426665306091309e-01,2.912515997886657715e-01,-1.300179660320281982e-01,-2.717183530330657959e-01,6.342177838087081909e-02,3.501706570386886597e-02,-1.286932379007339478e-01,1.442180387675762177e-02,6.954400986433029175e-02,-2.251351252198219299e-02,4.131420329213142395e-02,-7.080268859863281250e-02,-2.750524878501892090e-01,-1.103594154119491577e-02,4.668167531490325928e-01,5.635900497436523438e-01,-2.773774266242980957e-01,4.349351525306701660e-01,-2.920459806919097900e-01,-2.407879829406738281e-01,9.055208414793014526e-03,4.540257528424263000e-02,-1.283734440803527832e-01,-5.834023356437683105e-01,-5.265638977289199829e-02,1.887361407279968262e-01,2.886361628770828247e-02,-4.397238790988922119e-01,-2.341633886098861694e-01,9.748454205691814423e-03,-5.384930968284606934e-01,3.657254949212074280e-02,-4.222503900527954102e-01,-4.146589934825897217e-01,2.491765320301055908e-01,4.229656234383583069e-02,2.770056724548339844e-01,-1.419135630130767822e-01,-1.682700216770172119e-01,-2.448493689298629761e-01,2.770416140556335449e-01,-7.147935777902603149e-02,-1.653760373592376709e-01,-1.144849583506584167e-01,4.265426099300384521e-01,-3.717761253938078880e-03,-3.787023723125457764e-01,3.092755079269409180e-01,7.208787649869918823e-02,-2.575486898422241211e-02,3.193832933902740479e-02,5.908404476940631866e-03,2.757604122161865234e-01,6.644954904913902283e-03,1.225807592272758484e-01,-1.130648050457239151e-02,-3.052919209003448486e-01,-7.222823798656463623e-02,-2.964519523084163666e-02,2.776571512222290039e-01,8.017204701900482178e-02,-5.367002487182617188e-01,5.425497889518737793e-01,-4.717417955398559570e-01,5.688804984092712402e-01,-3.093853294849395752e-01,-2.915914058685302734e-01,1.973907835781574249e-02,-8.272994309663772583e-02,3.115247189998626709e-01,3.279873728752136230e-01,-2.515797317028045654e-01,8.711243420839309692e-02,-1.218996196985244751e-01,-6.586623191833496094e-02,3.223962783813476562e-01
-9.136245399713516235e-02,-9.446885436773300171e-02,5.951849371194839478e-02,1.566214412450790405e-01,-2.216135561466217041e-01,4.950420558452606201e-01,1.156217530369758606e-01,6.486446410417556763e-02,-1.655877381563186646e-01,-4.456079914234578609e-04,-6.187944207340478897e-03,1.037038955837488174e-02,-2.026928216218948364e-01,-2.093562856316566467e-03,-8.983374387025833130e-02,-9.634878486394882202e-02,2.859649807214736938e-02,-2.008052021265029907e-01,-3.557924181222915649e-02,-4.614137113094329834e-02,3.862909227609634399e-02,-2.859230339527130127e-02,2.998476848006248474e-02,-1.102613955736160278e-01,-4.237036406993865967e-02,-1.913449168205261230e-01,1.501138657331466675e-01,1.735655069351196289e-01,1.289832890033721924e-01,-5.504865199327468872e-02,1.774167418479919434e-01,4.191126301884651184e-02,-2.833826094865798950e-02,9.354929625988006592e-02,-2.858470007777214050e-02,6.546459347009658813e-02,3.612873703241348267e-02,-3.461441770195960999e-02,-1.704587936401367188e-01,2.319302596151828766e-02,-2.464216798543930054e-01,6.813357025384902954e-02,-1.380717009305953979e-01,-1.691873883828520775e-03,5.125305801630020142e-02,-1.263276636600494385e-01,8.031691610813140869e-02,-3.633398935198783875e-02,3.361240029335021973e-02,-6.087277829647064209e-02,4.929291829466819763e-02,-1.916346400976181030e-01,-8.558086305856704712e-02,-1.946936249732971191e-01,7.282292097806930542e-02,6.082978472113609314e-02,-2.499414794147014618e-02,2.380650490522384644e-03,1.307919621467590332e-01,-4.583425819873809814e-02,-9.783318266272544861e-03,3.848653286695480347e-02,1.606581616215407848e-03,1.075863614678382874e-01,1.684019714593887329e-01,4.728203639388084412e-02,-7.896791398525238037e-02,-1.881173849105834961e-01,1.818028390407562256e-01,-1.157754361629486084e-01,-5.306736379861831665e-02,-1.715015918016433716e-01,1.074104234576225281e-01,-2.180122956633567810e-02,3.377780690789222717e-02,7.982253283262252808e-02,8.635102771222591400e-03,9.891043603420257568e-02,-1.235464438796043396e-01,1.749149858951568604e-01,2.427122741937637329e-01,1.478091231547296047e-03,6.260349601507186890e-02,-2.270943857729434967e-02,8.848698437213897705e-02,1.927383244037628174e-01,6.876196712255477905e-02,-1.883056759834289551e-02,-8.610645681619644165e-02,6.373798102140426636e-02,2.854364691302180290e-03,4.269843921065330505e-02,-1.067069843411445618e-01,6.869077682495117188e-02,1.000869721174240112e-01,-4.308990389108657837e-02,6.661583483219146729e-02,-5.414353800006210804e-04,6.247864663600921631e-02,-7.994847744703292847e-02,-4.035582393407821655e-02,1.896840631961822510e-01,8.613684773445129395e-02,-9.316604584455490112e-03,-1.897729374468326569e-02,2.914671897888183594e-01,-1.860833615064620972e-01,-1.181857381016016006e-02,-6.947768386453390121e-03,3.576402738690376282e-02,3.040380962193012238e-02,-2.775454521179199219e-01,2.422622404992580414e-02,2.048224806785583496e-01,-8.722180128097534180e-02,2.273181676864624023e-01,-2.122556567192077637e-01,1.244399100542068481e-01,-6.304851919412612915e-02,-1.491268817335367203e-02,1.083536371588706970e-01,-3.672015294432640076e-02,-1.301884949207305908e-01,1.264930963516235352e-01,5.076116696000099182e-02,-1.479938905686140060e-02,4.241187870502471924e-02,1.412095781415700912e-02
1.649719029664993286e-01,2.577688917517662048e-02,-2.887524068355560303e-01,7.613375037908554077e-02,1.333706378936767578e-01,1.156217530369758606e-01,2.375174611806869507e-01,1.126237679272890091e-02,-4.153560847043991089e-02,4.980755224823951721e-02,8.371907472610473633e-02,-8.155589550733566284e-02,1.579912193119525909e-02,-1.252334415912628174e-01,2.118443995714187622e-01,3.205570951104164124e-02,5.969475582242012024e-02,1.162644252181053162e-01,1.243396662175655365e-02,-9.739133715629577637e-02,1.927888840436935425e-01,1.284533888101577759e-01,-5.408835411071777344e-02,-4.056509584188461304e-02,3.521836176514625549e-02,9.912379831075668335e-02,-1.495037972927093506e-01,-1.820185482501983643e-01,1.976117044687271118e-01,-3.010896742343902588e-01,-3.387158364057540894e-02,-2.754369080066680908e-01,2.316302508115768433e-01,1.050489619374275208e-01,-1.146088819950819016e-02,-1.655759811401367188e-01,-8.523582667112350464e-02,4.909360036253929138e-02,-1.285828202962875366e-01,-2.947906851768493652e-01,1.952865421772003174e-01,5.818843469023704529e-02,-3.507742658257484436e-02,2.813256904482841492e-02,1.604048013687133789e-01,-3.080524802207946777e-01,-2.290417402982711792e-01,-2.360981516540050507e-02,-1.098507177084684372e-02,-6.841923296451568604e-02,-3.026780672371387482e-02,-1.636597365140914917e-01,1.022495254874229431e-01,1.749213188886642456e-01,2.050726488232612610e-02,-3.651081025600433350e-02,2.015651389956474304e-02,2.832453139126300812e-02,1.349011510610580444e-01,-1.151795163750648499e-01,9.108509868383407593e-02,1.270551513880491257e-02,3.702403604984283447e-02,2.525656223297119141e-01,8.893789350986480713e-02,-2.174981310963630676e-02,2.256337106227874756e-01,2.376623302698135376e-01,-1.501540392637252808e-01,2.088067978620529175e-01,-2.627014219760894775e-01,-1.499333381652832031e-01,-5.187837406992912292e-02,2.190933525562286377e-01,-6.924400478601455688e-02,-2.364027351140975952e-01,-3.480973467230796814e-02,3.530617952346801758e-01,-6.130021438002586365e-02,-1.381574571132659912e-01,9.681350737810134888e-02,1.474461145699024200e-02,-2.393026202917098999e-01,1.260629016906023026e-02,-1.911077797412872314e-01,-2.599247694015502930e-01,1.563059091567993164e-01,2.126816846430301666e-02,3.045154213905334473e-01,-2.342765778303146362e-02,-5.904165655374526978e-02,-1.798014193773269653e-01,-8.573890477418899536e-02,9.964313358068466187e-02,-1.741347163915634155e-01,-1.296137925237417221e-04,2.059279531240463257e-01,-4.392975941300392151e-03,-1.436389684677124023e-01,1.001683101058006287e-01,3.688275068998336792e-02,2.754766941070556641e-01,-1.850962638854980469e-02,1.252233982086181641e-02,3.455957174301147461e-01,6.748741120100021362e-02,-1.355358362197875977e-01,-4.093104600906372070e-02,-4.122966229915618896e-01,-5.931004136800765991e-02,8.636774122714996338e-02,-1.555675715208053589e-01,-1.467231661081314087e-03,-1.426046043634414673e-01,2.097174376249313354e-01,-1.544125229120254517e-01,1.904340274631977081e-02,-8.354893326759338379e-02,-3.091945946216583252e-01,3.268449753522872925e-02,6.251025944948196411e-02,3.199800252914428711e-01,1.743264794349670410e-01,-1.104292348027229309e-01,7.519853115081787109e-02,-7.951658964157104492e-02,4.727197811007499695e-02,7.535886764526367188e-02
5.278652310371398926e-01,1.635336875915527344e-02,5.802207067608833313e-02,3.469046950340270996e-02,1.026544943451881409e-01,6.486446410417556763e-02,1.126237679272890091e-02,7.568015456199645996e-01,5.647088587284088135e-02,-4.706285521388053894e-02,-1.106048673391342163e-01,-3.947044163942337036e-02,5.016711354255676270e-01,6.879205703735351562e-01,2.938698530197143555e-01,6.034408509731292725e-02,-4.434968158602714539e-02,-1.909967213869094849e-01,3.332901000976562500e-01,3.110929131507873535e-01,-4.922612011432647705e-01,-2.684949934482574463e-01,3.811857104301452637e-01,-5.444343686103820801e-01,-1.028410196304321289e-01,-6.870863437652587891e-01,3.009337186813354492e-01,3.068166784942150116e-02,-4.667636156082153320e-01,-2.553974092006683350e-01,-2.246079742908477783e-01,7.724904268980026245e-02,2.924533560872077942e-02,-2.137785255908966064e-01,-7.469264417886734009e-02,-2.090295106172561646e-01,2.718570828437805176e-02,6.720966193825006485e-03,-4.340299665927886963e-01,-2.559735774993896484e-01,-1.771330386400222778e-01,2.557908892631530762e-01,-4.203496277332305908e-01,2.695676125586032867e-02,6.346927881240844727e-01,-4.645145237445831299e-01,-1.229054778814315796e-01,-1.036107446998357773e-02,8.126699179410934448e-02,4.446950182318687439e-02,1.804521381855010986e-01,3.942911028861999512e-01,1.229156181216239929e-02,-3.440000414848327637e-01,9.667228162288665771e-02,-1.037295814603567123e-02,7.665920257568359375e-02,5.917475372552871704e-02,1.055473163723945618e-01,2.006033807992935181e-02,-1.118544414639472961e-01,2.044817507266998291e-01,3.159769624471664429e-02,-3.776702284812927246e-01,8.623632043600082397e-02,9.666476398706436157e-02,5.359756201505661011e-02,-7.495766133069992065e-02,2.279699221253395081e-02,-5.839306861162185669e-02,-3.723968565464019775e-01,-6.072471141815185547e-01,-1.330687431618571281e-03,-1.067788302898406982e-01,-3.010856360197067261e-02,-3.329123184084892273e-02,7.020316086709499359e-03,-1.111387759447097778e-01,-6.179180741310119629e-01,-2.155872285366058350e-01,-3.639578223228454590e-01,5.196088925004005432e-03,8.850872516632080078e-02,3.260114789009094238e-02,1.725444048643112183e-01,3.742534220218658447e-01,-2.055369019508361816e-01,-3.379673883318901062e-02,-1.062776241451501846e-02,2.834700793027877808e-02,8.867014944553375244e-02,-1.190164312720298767e-01,-6.340671330690383911e-02,-8.912228047847747803e-02,2.572628855705261230e-01,-2.654729187488555908e-01,2.042637616395950317e-01,-1.473085489124059677e-03,-2.203525453805923462e-01,4.581823050975799561e-01,6.151759251952171326e-02,1.817813962697982788e-01,-8.691991120576858521e-02,-3.577579930424690247e-02,-1.203946098685264587e-01,2.490153610706329346e-01,1.231849640607833862e-01,1.417391300201416016e-01,7.885985076427459717e-02,8.217058330774307251e-02,4.530395269393920898e-01,1.004068553447723389e-01,3.313937410712242126e-02,-2.543294131755828857e-01,-1.618027836084365845e-01,-4.029735177755355835e-02,-8.384446799755096436e-02,-9.375789761543273926e-02,-5.247963070869445801e-01,-4.003600776195526123e-02,-6.616603732109069824e-01,2.716502249240875244e-01,-1.528189629316329956e-01,4.213239997625350952e-02,6.162145137786865234e-01,-8.098299801349639893e-02,-1.095627434551715851e-02,2.532525062561035156e-01
7.406914979219436646e-02,3.188371285796165466e-02,3.046792373061180115e-02,-4.288009554147720337e-02,7.811434566974639893e-02,-1.655877381563186646e-01,-4.153560847043991089e-02,5.647088587284088135e-02,7.668850570917129517e-02,-6.435400806367397308e-03,-3.246471285820007324e-02,1.855013077147305012e-03,1.162537261843681335e-01,1.018368974328041077e-01,4.284173995256423950e-02,2.882265113294124603e-02,-1.728405617177486420e-02,3.113216906785964966e-02,4.837513342499732971e-02,7.056695967912673950e-02,-1.233606040477752686e-01,-4.975162819027900696e-02,1.796930842101573944e-02,-1.994023472070693970e-02,8.238917798735201359e-04,-3.863659501075744629e-02,1.244779955595731735e-02,-2.016277052462100983e-02,-1.371540874242782593e-01,2.201879397034645081e-02,-8.552432805299758911e-02,1.238435134291648865e-02,2.324243821203708649e-02,-9.625419229269027710e-02,6.995790172368288040e-03,-1.534442789852619171e-02,-2.199387876316905022e-03,5.674255080521106720e-03,2.526827529072761536e-02,-1.389196980744600296e-02,4.317152872681617737e-02,1.648151129484176636e-02,-3.528927639126777649e-02,-1.275288872420787811e-03,2.816149592399597168e-02,1.416095159947872162e-02,-3.243446815758943558e-03,7.522394414991140366e-03,1.368045620620250702e-02,5.714511498808860779e-02,-3.745442256331443787e-02,1.204458326101303101e-01,2.651565335690975189e-02,3.748481348156929016e-02,7.672294043004512787e-03,-1.407481729984283447e-03,-2.110379748046398163e-03,-6.524434429593384266e-04,-6.858366727828979492e-02,2.250673249363899231e-02,-3.201305121183395386e-02,2.391079999506473541e-02,1.387957949191331863e-03,-6.470168381929397583e-02,-5.079382285475730896e-02,-2.989542670547962189e-03,1.458773203194141388e-02,3.514809906482696533e-02,-1.681191660463809967e-02,2.509478665888309479e-02,-7.544766645878553391e-03,2.641596086323261261e-02,-2.877344936132431030e-02,-2.475448139011859894e-02,-1.525212358683347702e-02,-3.657508641481399536e-02,1.440459745936095715e-03,-7.993129640817642212e-02,-5.389050766825675964e-02,-5.618399754166603088e-02,-1.280145049095153809e-01,-1.521840807981789112e-03,1.963732577860355377e-02,1.013131905347108841e-02,-3.791766474023461342e-03,5.541717167943716049e-03,-6.777723878622055054e-02,-3.387153614312410355e-03,1.140483561903238297e-02,-1.952412910759449005e-02,1.197240315377712250e-02,-1.739785261452198029e-02,1.833164691925048828e-02,-2.432776615023612976e-02,4.405667132232338190e-04,-1.451226975768804550e-02,-6.628315430134534836e-03,3.472001408226788044e-04,-1.655882596969604492e-02,7.056859135627746582e-02,2.638735622167587280e-02,-4.249215126037597656e-02,-4.540194198489189148e-02,-2.751380205154418945e-03,-4.225035756826400757e-02,-5.932805314660072327e-02,5.669310316443443298e-02,3.453846648335456848e-02,2.314976975321769714e-02,3.356160130351781845e-03,3.801163658499717712e-02,9.503464400768280029e-02,1.078382832929491997e-03,-8.299273997545242310e-02,-3.689297661185264587e-02,-6.473401933908462524e-02,3.586354106664657593e-02,-5.619331821799278259e-02,-2.810511738061904907e-02,2.646111417561769485e-03,-1.323484480381011963e-01,2.496562525629997253e-02,7.004145998507738113e-03,-4.329524189233779907e-02,7.951093465089797974e-02,-8.422443643212318420e-03,-2.230461128056049347e-02,5.882067605853080750e-03
2.399962581694126129e-02,1.243502646684646606e-02,-9.850235283374786377e-02,1.242977660149335861e-02,3.837223723530769348e-02,-4.456079914234578609e-04,4.980755224823951721e-02,-4.706285521388053894e-02,-6.435400806367397308e-03,1.643356122076511383e-02,3.157343715429306030e-02,-2.382116019725799561e-02,-1.490067690610885620e-03,-8.583383262157440186e-02,4.716086387634277344e-02,1.259396318346261978e-02,1.730633899569511414e-02,6.885714828968048096e-02,-1.669288054108619690e-02,-4.377606138586997986e-02,8.729860186576843262e-02,6.134329363703727722e-02,-2.715309709310531616e-02,1.796822808682918549e-02,2.314235456287860870e-02,8.973138034343719482e-02,-7.441192865371704102e-02,-6.836862117052078247e-02,8.035988360643386841e-02,-6.944170594215393066e-02,-7.542458362877368927e-03,-9.650710970163345337e-02,6.898223608732223511e-02,4.356697946786880493e-02,2.648650901392102242e-03,-5.064342170953750610e-02,-2.591989934444427490e-02,1.724180206656455994e-02,8.539329282939434052e-03,-7.823289185762405396e-02,8.680181205272674561e-02,-1.026186067610979080e-02,3.775928914546966553e-02,7.371234241873025894e-03,6.062251515686511993e-03,-4.816047847270965576e-02,-5.816934630274772644e-02,-4.564431961625814438e-03,-1.731786318123340607e-02,-2.769709005951881409e-02,-6.658004596829414368e-03,-4.823512583971023560e-02,4.382259026169776917e-02,6.338386237621307373e-02,-6.153446622192859650e-03,-2.115346863865852356e-02,5.997255444526672363e-03,4.662431310862302780e-03,4.058046266436576843e-02,-3.299409896135330200e-02,2.785926312208175659e-02,-9.992621839046478271e-03,9.020935744047164917e-03,7.978794723749160767e-02,2.433142857626080513e-03,-1.695162430405616760e-02,6.685658544301986694e-02,8.800559490919113159e-02,-6.560797244310379028e-02,6.064018234610557556e-02,-5.166763067245483398e-02,4.521448630839586258e-03,-2.941745519638061523e-02,6.769020855426788330e-02,-1.882802322506904602e-02,-6.268401443958282471e-02,-9.573286399245262146e-03,9.888475388288497925e-02,2.949862368404865265e-02,-5.421425774693489075e-02,4.480463266372680664e-02,4.101312719285488129e-03,-6.882251799106597900e-02,3.876567585393786430e-03,-7.378935068845748901e-02,-9.882146120071411133e-02,4.125208035111427307e-02,1.082473527640104294e-02,8.744277805089950562e-02,-1.183620840311050415e-02,-1.677316799759864807e-02,-5.443824082612991333e-02,-1.824669539928436279e-02,2.863560058176517487e-02,-7.409837841987609863e-02,1.473419647663831711e-02,2.791095525026321411e-02,-1.164025627076625824e-03,-3.870980814099311829e-02,1.554600894451141357e-02,9.413898922502994537e-03,4.232717305421829224e-02,-8.512144908308982849e-03,7.614724803715944290e-03,1.188816726207733154e-01,-1.207277830690145493e-02,-4.088484495878219604e-02,-2.498847804963588715e-02,-1.088164970278739929e-01,-2.597264200448989868e-02,1.241526007652282715e-02,-3.340113162994384766e-02,-1.044093444943428040e-02,-3.645831719040870667e-02,8.115247637033462524e-02,-6.182828173041343689e-02,3.257837891578674316e-02,-1.857918128371238708e-02,-4.648570716381072998e-02,1.480674929916858673e-02,5.201292410492897034e-02,7.304804027080535889e-02,7.586833834648132324e-02,-3.649431094527244568e-02,-3.065562434494495392e-02,-1.666124723851680756e-02,1.458752900362014771e-02,1.779248751699924469e-02
-2.099785208702087402e-02,2.880236878991127014e-02,-2.428368180990219116e-01,-1.044917181134223938e-01,-7.588855456560850143e-03,-6.187944207340478897e-03,8.371907472610473633e-02,-1.106048673391342163e-01,-3.246471285820007324e-02,3.157343715429306030e-02,2.231224030256271362e-01,-6.953126192092895508e-02,-7.700453698635101318e-02,-2.232409715652465820e-01,1.144577860832214355e-01,3.585032373666763306e-02,5.398660898208618164e-02,4.590902850031852722e-02,-2.495908737182617188e-02,-1.564915329217910767e-01,3.942481279373168945e-01,1.746070981025695801e-01,-6.787067651748657227e-02,5.766508728265762329e-02,2.801802568137645721e-02,2.786502242088317871e-01,-1.935333013534545898e-01,-1.502000689506530762e-01,2.565944194793701172e-01,-1.267174631357192993e-01,3.679461404681205750e-02,-2.097830027341842651e-01,2.606033906340599060e-02,2.845174074172973633e-01,-1.816034503281116486e-02,-1.366386413574218750e-01,-7.390234619379043579e-02,3.995985165238380432e-02,3.205835586413741112e-03,-4.286330565810203552e-02,1.887286156415939331e-01,-7.260836660861968994e-02,6.404163688421249390e-02,1.495626941323280334e-02,5.617750436067581177e-02,-1.921549886465072632e-01,-1.518833041191101074e-01,3.727080672979354858e-02,-6.266690790653228760e-02,-1.928767263889312744e-01,-1.617139950394630432e-02,-2.069037109613418579e-01,-8.994171395897865295e-03,1.738555133342742920e-01,-8.490922302007675171e-02,-1.549364719539880753e-02,6.301585584878921509e-02,3.078320249915122986e-02,1.800468713045120239e-01,-8.307480812072753906e-02,2.363156676292419434e-01,-1.036505848169326782e-01,1.347890868782997131e-02,1.716192066669464111e-01,1.326086819171905518e-01,-4.069556668400764465e-02,1.229914352297782898e-01,1.635321974754333496e-01,-2.785220146179199219e-01,1.779211908578872681e-01,-6.828892976045608521e-02,-9.416443854570388794e-02,-1.050515398383140564e-01,2.747095823287963867e-01,-1.600633002817630768e-02,1.110692974179983139e-02,-3.379699587821960449e-02,3.466665446758270264e-01,2.103666514158248901e-01,-2.868190407752990723e-02,2.982813492417335510e-02,1.294187642633914948e-02,-1.830794364213943481e-01,1.843971549533307552e-03,-1.305342931300401688e-02,-3.370122909545898438e-01,1.854422390460968018e-01,3.836484625935554504e-02,2.792534828186035156e-01,-5.184173118323087692e-03,-2.147459983825683594e-02,-6.088011339306831360e-02,-5.643434077501296997e-02,6.319799274206161499e-02,-1.257942169904708862e-01,1.202233880758285522e-01,5.934530869126319885e-02,-2.810110338032245636e-03,-1.144392713904380798e-01,-1.113393306732177734e-01,-9.472491219639778137e-03,1.566623300313949585e-01,-5.756250582635402679e-03,2.191109396517276764e-02,2.502110898494720459e-01,-2.100352495908737183e-01,8.191879093647003174e-02,-7.066373527050018311e-02,-3.047457337379455566e-01,-6.921220570802688599e-02,-2.278982847929000854e-02,-7.380959391593933105e-02,-7.629576325416564941e-02,-8.024698495864868164e-02,2.001959979534149170e-01,-1.360224485397338867e-01,-4.142886772751808167e-02,2.293876372277736664e-02,-1.250158697366714478e-01,3.296212526038289070e-03,1.722345799207687378e-01,2.198201268911361694e-01,1.410632878541946411e-01,-7.255969196557998657e-02,-1.568521112203598022e-01,8.049272000789642334e-03,6.837680190801620483e-02,-5.509570613503456116e-02
-1.466824561357498169e-01,-3.402040898799896240e-02,2.159301787614822388e-01,-1.892096549272537231e-02,-7.380533963441848755e-02,1.037038955837488174e-02,-8.155589550733566284e-02,-3.947044163942337036e-02,1.855013077147305012e-03,-2.382116019725799561e-02,-6.953126192092895508e-02,6.790444254875183105e-02,-1.040947660803794861e-01,6.233677640557289124e-02,-1.543021798133850098e-01,-4.276623949408531189e-02,-3.237820044159889221e-02,-1.245138645172119141e-01,-2.020914293825626373e-02,4.002249240875244141e-02,-1.204962059855461121e-01,-9.749341011047363281e-02,-3.347004204988479614e-02,8.983199298381805420e-02,-3.957329690456390381e-02,-7.812902331352233887e-02,1.132584512233734131e-01,1.401270031929016113e-01,-8.754385262727737427e-02,1.859588623046875000e-01,5.720129981637001038e-02,2.146232873201370239e-01,-1.426355838775634766e-01,-8.817409723997116089e-02,1.249032653868198395e-02,1.732321530580520630e-01,5.003677308559417725e-02,-4.386556521058082581e-02,3.131689876317977905e-02,2.123573273420333862e-01,-1.675166189670562744e-01,2.172081731259822845e-04,-1.483898889273405075e-02,-2.078767493367195129e-02,-1.492358148097991943e-01,1.981851756572723389e-01,1.401194483041763306e-01,3.078878857195377350e-03,3.851159289479255676e-02,8.702733367681503296e-02,-3.543314710259437561e-02,1.658042892813682556e-02,-1.004824042320251465e-01,-5.097300559282302856e-02,5.420015193521976471e-03,5.316499620676040649e-02,-4.055972769856452942e-02,-2.414395101368427277e-02,-1.433144956827163696e-01,7.305590808391571045e-02,-4.766476899385452271e-02,-8.812787942588329315e-03,-2.464765310287475586e-02,-8.000145852565765381e-02,-2.547404728829860687e-02,2.851023152470588684e-02,-1.470214277505874634e-01,-1.754490137100219727e-01,1.772570908069610596e-01,-1.055080518126487732e-01,1.755921691656112671e-01,1.091619133949279785e-01,9.587392956018447876e-02,-1.419783085584640503e-01,3.872543573379516602e-02,9.386204928159713745e-02,1.765552535653114319e-02,-2.000872343778610229e-01,3.265898674726486206e-02,1.859543174505233765e-01,-2.909947559237480164e-02,-1.090199314057826996e-02,1.047749444842338562e-01,-1.561166625469923019e-02,1.109344735741615295e-01,1.345226317644119263e-01,-2.136266417801380157e-02,-2.195412851870059967e-02,-1.906443983316421509e-01,1.626471243798732758e-02,2.701813820749521255e-03,1.457373201847076416e-01,6.378895044326782227e-02,-4.915392398834228516e-02,1.206717863678932190e-01,-4.365907225292176008e-04,-4.743856564164161682e-02,2.812115475535392761e-03,1.407992690801620483e-01,-1.239108443260192871e-01,-3.033608943223953247e-02,-1.009122282266616821e-01,4.923689737915992737e-02,-1.366449054330587387e-02,-2.523227632045745850e-01,1.332581136375665665e-02,5.241826921701431274e-02,4.121927544474601746e-02,1.976935863494873047e-01,4.749647900462150574e-02,-1.492780745029449463e-01,4.704196378588676453e-02,4.278803989291191101e-02,1.225205659866333008e-01,-1.431400626897811890e-01,1.499397307634353638e-01,-5.027527362108230591e-02,2.893611043691635132e-02,1.954010426998138428e-01,-2.653202228248119354e-02,9.459382854402065277e-03,-2.143741846084594727e-01,-1.482010632753372192e-01,6.247054785490036011e-02,-1.475502271205186844e-02,3.794150426983833313e-02,-4.037168994545936584e-02,-8.014956861734390259e-02
