9.999983906745910645e-01,-9.999986290931701660e-01,-9.999939799308776855e-01,9.999979734420776367e-01,9.999989867210388184e-01,-9.999988675117492676e-01,9.999957084655761719e-01,9.999991059303283691e-01,-9.999969005584716797e-01,9.999982714653015137e-01,-9.999987483024597168e-01,-9.999989271163940430e-01,9.999980330467224121e-01,9.999985694885253906e-01,9.999930262565612793e-01,9.999960660934448242e-01,9.999974370002746582e-01,-9.999983906745910645e-01,9.999931454658508301e-01,-9.999991059303283691e-01,-9.999990463256835938e-01,9.999931454658508301e-01,9.999985694885253906e-01,9.999980926513671875e-01,9.999887347221374512e-01,9.999990463256835938e-01,-9.999982714653015137e-01,-9.999989271163940430e-01,9.999898076057434082e-01,-9.999960660934448242e-01,-9.999921917915344238e-01,-9.999983310699462891e-01,9.999877214431762695e-01,9.999958276748657227e-01,-9.999979734420776367e-01,9.999532699584960938e-01,9.999991655349731445e-01,9.999985694885253906e-01,9.999908208847045898e-01,-9.999989271163940430e-01,9.999986886978149414e-01,-9.999821782112121582e-01,9.999815225601196289e-01,9.999989867210388184e-01,9.999983310699462891e-01,9.999981522560119629e-01,-9.999935030937194824e-01,9.999985098838806152e-01,9.999987483024597168e-01,-9.999985694885253906e-01,-9.999988675117492676e-01,-9.999983906745910645e-01,-9.999988675117492676e-01,-9.999930858612060547e-01,-9.999983310699462891e-01,-9.999981522560119629e-01,-9.999936819076538086e-01,9.999806284904479980e-01,9.999966025352478027e-01,9.999983906745910645e-01,-9.999985098838806152e-01,9.999989867210388184e-01,9.999983906745910645e-01,9.999955296516418457e-01,-9.999951720237731934e-01,-9.999988675117492676e-01,-9.999992251396179199e-01,-9.999961256980895996e-01,-9.999989867210388184e-01,9.999985098838806152e-01,-9.999988675117492676e-01,9.999976754188537598e-01,9.999801516532897949e-01,-9.999936819076538086e-01,-9.999800324440002441e-01,-9.999983310699462891e-01,9.999923110008239746e-01,9.999987483024597168e-01,-9.999945759773254395e-01,-9.999960660934448242e-01,9.999816417694091797e-01,9.999977350234985352e-01,-9.999989271163940430e-01,9.999980330467224121e-01,-9.999983906745910645e-01,-9.999889731407165527e-01,9.999778270721435547e-01,9.999989867210388184e-01,9.999885559082031250e-01,9.989674687385559082e-01,-9.999960660934448242e-01,9.999984502792358398e-01,-9.999841451644897461e-01,-9.999976754188537598e-01,9.999980330467224121e-01,-9.999978542327880859e-01,-9.999899268150329590e-01,9.999990463256835938e-01,-9.999988675117492676e-01,9.999964833259582520e-01,-9.999967217445373535e-01,9.999988675117492676e-01,-9.998211860656738281e-01,9.998981356620788574e-01,9.999986290931701660e-01,9.999971389770507812e-01,-9.999811649322509766e-01,-9.999983906745910645e-01,-9.999938011169433594e-01,9.999985098838806152e-01,-9.999985098838806152e-01,9.999980926513671875e-01,-9.999983310699462891e-01,-9.999511837959289551e-01,9.999990463256835938e-01,-9.999976754188537598e-01,9.999989867210388184e-01,-9.999982118606567383e-01,-9.999952316284179688e-01,-9.999976158142089844e-01,-9.999987483024597168e-01,9.999964833259582520e-01,9.999983310699462891e-01,-9.999976754188537598e-01,-9.999905228614807129e-01,-9.999953508377075195e-01,9.999899268150329590e-01,-9.999948143959045410e-01
-9.999986290931701660e-01,9.999989271163940430e-01,9.999950528144836426e-01,-9.999982714653015137e-01,-9.999991655349731445e-01,9.999991655349731445e-01,-9.999964237213134766e-01,-9.999993443489074707e-01,9.999974966049194336e-01,-9.999985694885253906e-01,9.999989867210388184e-01,9.999992251396179199e-01,-9.999983906745910645e-01,-9.999988079071044922e-01,-9.999943375587463379e-01,-9.999967217445373535e-01,-9.999977946281433105e-01,9.999986886978149414e-01,-9.999943375587463379e-01,9.999992847442626953e-01,9.999991655349731445e-01,-9.999943375587463379e-01,-9.999988079071044922e-01,-9.999984502792358398e-01,-9.999908208847045898e-01,-9.999992847442626953e-01,9.999985694885253906e-01,9.999992251396179199e-01,-9.999915957450866699e-01,9.999968409538269043e-01,9.999935626983642578e-01,9.999986290931701660e-01,-9.999899864196777344e-01,-9.999966621398925781e-01,9.999982714653015137e-01,-9.999614953994750977e-01,-9.999993443489074707e-01,-9.999988079071044922e-01,-9.999923706054687500e-01,9.999991059303283691e-01,-9.999989867210388184e-01,9.999852776527404785e-01,-9.999847412109375000e-01,-9.999991655349731445e-01,-9.999986290931701660e-01,-9.999985694885253906e-01,9.999946355819702148e-01,-9.999988079071044922e-01,-9.999990463256835938e-01,9.999987483024597168e-01,9.999990463256835938e-01,9.999987483024597168e-01,9.999991059303283691e-01,9.999943971633911133e-01,9.999986290931701660e-01,9.999985098838806152e-01,9.999947547912597656e-01,-9.999840855598449707e-01,-9.999973177909851074e-01,-9.999986886978149414e-01,9.999986886978149414e-01,-9.999991655349731445e-01,-9.999986886978149414e-01,-9.999963045120239258e-01,9.999960064888000488e-01,9.999992251396179199e-01,9.999992847442626953e-01,9.999966621398925781e-01,9.999991655349731445e-01,-9.999988675117492676e-01,9.999991655349731445e-01,-9.999980330467224121e-01,-9.999836087226867676e-01,9.999948143959045410e-01,9.999835491180419922e-01,9.999986290931701660e-01,-9.999936819076538086e-01,-9.999989271163940430e-01,9.999955296516418457e-01,9.999967813491821289e-01,-9.999849796295166016e-01,-9.999980926513671875e-01,9.999991059303283691e-01,-9.999983906745910645e-01,9.999986886978149414e-01,9.999908804893493652e-01,-9.999817013740539551e-01,-9.999992847442626953e-01,-9.999906420707702637e-01,-9.991490244865417480e-01,9.999966621398925781e-01,-9.999987483024597168e-01,9.999869465827941895e-01,9.999981522560119629e-01,-9.999983906745910645e-01,9.999982118606567383e-01,9.999916553497314453e-01,-9.999992251396179199e-01,9.999991655349731445e-01,-9.999971985816955566e-01,9.999972581863403320e-01,-9.999991059303283691e-01,9.998526573181152344e-01,-9.999161362648010254e-01,-9.999989271163940430e-01,-9.999976158142089844e-01,9.999843835830688477e-01,9.999987483024597168e-01,9.999949336051940918e-01,-9.999987483024597168e-01,9.999987483024597168e-01,-9.999983906745910645e-01,9.999986886978149414e-01,9.999597668647766113e-01,-9.999992251396179199e-01,9.999980330467224121e-01,-9.999992251396179199e-01,9.999985098838806152e-01,9.999960660934448242e-01,9.999980330467224121e-01,9.999989271163940430e-01,-9.999971389770507812e-01,-9.999985098838806152e-01,9.999980926513671875e-01,9.999921917915344238e-01,9.999960660934448242e-01,-9.999917149543762207e-01,9.999957680702209473e-01
-9.999939799308776855e-01,9.999950528144836426e-01,9.999774694442749023e-01,-9.999924302101135254e-01,-9.999959468841552734e-01,9.999955296516418457e-01,-9.999839067459106445e-01,-9.999963641166687012e-01,9.999887347221374512e-01,-9.999935626983642578e-01,9.999954700469970703e-01,9.999958872795104980e-01,-9.999927878379821777e-01,-9.999944567680358887e-01,-9.999737739562988281e-01,-9.999853372573852539e-01,-9.999902844429016113e-01,9.999937415122985840e-01,-9.999743103981018066e-01,9.999965429306030273e-01,9.999961256980895996e-01,-9.999743700027465820e-01,-9.999946951866149902e-01,-9.999929666519165039e-01,-9.999579787254333496e-01,-9.999961256980895996e-01,9.999935030937194824e-01,9.999958872795104980e-01,-9.999618530273437500e-01,9.999855756759643555e-01,9.999704360961914062e-01,9.999938011169433594e-01,-9.999541640281677246e-01,-9.999850392341613770e-01,9.999923110008239746e-01,-9.998258352279663086e-01,-9.999962449073791504e-01,-9.999947547912597656e-01,-9.999654293060302734e-01,9.999958872795104980e-01,-9.999949932098388672e-01,9.999331831932067871e-01,-9.999307990074157715e-01,-9.999959468841552734e-01,-9.999938607215881348e-01,-9.999934434890747070e-01,9.999756813049316406e-01,-9.999944567680358887e-01,-9.999954104423522949e-01,9.999945163726806641e-01,9.999955892562866211e-01,9.999940395355224609e-01,9.999957680702209473e-01,9.999741911888122559e-01,9.999938607215881348e-01,9.999932646751403809e-01,9.999762773513793945e-01,-9.999274015426635742e-01,-9.999875426292419434e-01,-9.999937415122985840e-01,9.999942779541015625e-01,-9.999960660934448242e-01,-9.999941587448120117e-01,-9.999829530715942383e-01,9.999819397926330566e-01,9.999957084655761719e-01,9.999964237213134766e-01,9.999850988388061523e-01,9.999961256980895996e-01,-9.999945759773254395e-01,9.999955892562866211e-01,-9.999913573265075684e-01,-9.999256730079650879e-01,9.999761581420898438e-01,9.999253153800964355e-01,9.999939203262329102e-01,-9.999713897705078125e-01,-9.999952912330627441e-01,9.999798536300659180e-01,9.999850988388061523e-01,-9.999312758445739746e-01,-9.999915957450866699e-01,9.999957084655761719e-01,-9.999928474426269531e-01,9.999937415122985840e-01,9.999585151672363281e-01,-9.999167919158935547e-01,-9.999961256980895996e-01,-9.999570846557617188e-01,-9.961575269699096680e-01,9.999850392341613770e-01,-9.999939799308776855e-01,9.999406337738037109e-01,9.999912381172180176e-01,-9.999927282333374023e-01,9.999920129776000977e-01,9.999621510505676270e-01,-9.999962449073791504e-01,9.999955892562866211e-01,-9.999870657920837402e-01,9.999878406524658203e-01,-9.999957084655761719e-01,9.993328452110290527e-01,-9.996200799942016602e-01,-9.999950528144836426e-01,-9.999893307685852051e-01,9.999292492866516113e-01,9.999939799308776855e-01,9.999768137931823730e-01,-9.999945163726806641e-01,9.999945163726806641e-01,-9.999929070472717285e-01,9.999938607215881348e-01,9.998178482055664062e-01,-9.999962449073791504e-01,9.999910593032836914e-01,-9.999961256980895996e-01,9.999933838844299316e-01,9.999819397926330566e-01,9.999910593032836914e-01,9.999952316284179688e-01,-9.999870657920837402e-01,-9.999933838844299316e-01,9.999909400939941406e-01,9.999644756317138672e-01,9.999825358390808105e-01,-9.999622702598571777e-01,9.999806284904479980e-01
9.999979734420776367e-01,-9.999982714653015137e-01,-9.999924302101135254e-01,9.999973177909851074e-01,9.999986290931701660e-01,-9.999984502792358398e-01,9.999945163726806641e-01,9.999988079071044922e-01,-9.999960660934448242e-01,9.999977350234985352e-01,-9.999984502792358398e-01,-9.999985694885253906e-01,9.999974966049194336e-01,9.999982118606567383e-01,9.999911189079284668e-01,9.999949932098388672e-01,9.999966025352478027e-01,-9.999979138374328613e-01,9.999912977218627930e-01,-9.999988079071044922e-01,-9.999986886978149414e-01,9.999912381172180176e-01,9.999982118606567383e-01,9.999975562095642090e-01,9.999856352806091309e-01,9.999987483024597168e-01,-9.999977350234985352e-01,-9.999986290931701660e-01,9.999869465827941895e-01,-9.999950528144836426e-01,-9.999899268150329590e-01,-9.999978542327880859e-01,9.999843239784240723e-01,9.999949336051940918e-01,-9.999973177909851074e-01,9.999403357505798340e-01,9.999988079071044922e-01,9.999982714653015137e-01,9.999882578849792480e-01,-9.999986290931701660e-01,9.999983906745910645e-01,-9.999772310256958008e-01,9.999763369560241699e-01,9.999986886978149414e-01,9.999978542327880859e-01,9.999976754188537598e-01,-9.999916553497314453e-01,9.999980926513671875e-01,9.999984502792358398e-01,-9.999980926513671875e-01,-9.999985098838806152e-01,-9.999979734420776367e-01,-9.999986290931701660e-01,-9.999911785125732422e-01,-9.999979734420776367e-01,-9.999977350234985352e-01,-9.999918937683105469e-01,9.999753236770629883e-01,9.999958276748657227e-01,9.999979138374328613e-01,-9.999980926513671875e-01,9.999987483024597168e-01,9.999979734420776367e-01,9.999942779541015625e-01,-9.999938011169433594e-01,-9.999985098838806152e-01,-9.999988675117492676e-01,-9.999949336051940918e-01,-9.999986886978149414e-01,9.999980926513671875e-01,-9.999985098838806152e-01,9.999970197677612305e-01,9.999746084213256836e-01,-9.999918341636657715e-01,-9.999744892120361328e-01,-9.999979138374328613e-01,9.999902248382568359e-01,9.999983906745910645e-01,-9.999930858612060547e-01,-9.999949336051940918e-01,9.999765157699584961e-01,9.999970793724060059e-01,-9.999985098838806152e-01,9.999974966049194336e-01,-9.999977946281433105e-01,-9.999858140945434570e-01,9.999715685844421387e-01,9.999986886978149414e-01,9.999854564666748047e-01,9.986806511878967285e-01,-9.999948740005493164e-01,9.999979734420776367e-01,-9.999797940254211426e-01,-9.999970197677612305e-01,9.999974966049194336e-01,-9.999971985816955566e-01,-9.999870061874389648e-01,9.999987483024597168e-01,-9.999984502792358398e-01,9.999956488609313965e-01,-9.999958872795104980e-01,9.999985098838806152e-01,-9.997714757919311523e-01,9.998699426651000977e-01,9.999983906745910645e-01,9.999963045120239258e-01,-9.999758005142211914e-01,-9.999979734420776367e-01,-9.999921917915344238e-01,9.999980926513671875e-01,-9.999982118606567383e-01,9.999975562095642090e-01,-9.999978542327880859e-01,-9.999377131462097168e-01,9.999987483024597168e-01,-9.999969005584716797e-01,9.999986886978149414e-01,-9.999977350234985352e-01,-9.999938607215881348e-01,-9.999969005584716797e-01,-9.999984502792358398e-01,9.999955892562866211e-01,9.999976754188537598e-01,-9.999970197677612305e-01,-9.999878406524658203e-01,-9.999940395355224609e-01,9.999871253967285156e-01,-9.999933838844299316e-01
9.999989867210388184e-01,-9.999991655349731445e-01,-9.999959468841552734e-01,9.999986290931701660e-01,9.999992847442626953e-01,-9.999993443489074707e-01,9.999970793724060059e-01,9.999994039535522461e-01,-9.999979734420776367e-01,9.999988079071044922e-01,-9.999991059303283691e-01,-9.999992847442626953e-01,9.999986886978149414e-01,9.999990463256835938e-01,9.999953508377075195e-01,9.999973773956298828e-01,9.999982118606567383e-01,-9.999989271163940430e-01,9.999954104423522949e-01,-9.999994039535522461e-01,-9.999993443489074707e-01,9.999954104423522949e-01,9.999991059303283691e-01,9.999986290931701660e-01,9.999924898147583008e-01,9.999993443489074707e-01,-9.999987483024597168e-01,-9.999992847442626953e-01,9.999932050704956055e-01,-9.999973773956298828e-01,-9.999947547912597656e-01,-9.999988079071044922e-01,9.999918341636657715e-01,9.999973177909851074e-01,-9.999986290931701660e-01,9.999687075614929199e-01,9.999993443489074707e-01,9.999991059303283691e-01,9.999938011169433594e-01,-9.999994039535522461e-01,9.999992847442626953e-01,-9.999881386756896973e-01,9.999876618385314941e-01,9.999992847442626953e-01,9.999988675117492676e-01,9.999987483024597168e-01,-9.999956488609313965e-01,9.999990463256835938e-01,9.999992251396179199e-01,-9.999990463256835938e-01,-9.999993443489074707e-01,-9.999989867210388184e-01,-9.999992847442626953e-01,-9.999954700469970703e-01,-9.999989271163940430e-01,-9.999988675117492676e-01,-9.999958276748657227e-01,9.999871253967285156e-01,9.999977946281433105e-01,9.999989271163940430e-01,-9.999990463256835938e-01,9.999993443489074707e-01,9.999989271163940430e-01,9.999969005584716797e-01,-9.999967217445373535e-01,-9.999992847442626953e-01,-9.999994039535522461e-01,-9.999973177909851074e-01,-9.999993443489074707e-01,9.999990463256835938e-01,-9.999992251396179199e-01,9.999984502792358398e-01,9.999867081642150879e-01,-9.999957084655761719e-01,-9.999866485595703125e-01,-9.999988079071044922e-01,9.999948740005493164e-01,9.999992251396179199e-01,-9.999962449073791504e-01,-9.999972581863403320e-01,9.999877214431762695e-01,9.999985694885253906e-01,-9.999992847442626953e-01,9.999986886978149414e-01,-9.999988675117492676e-01,-9.999926090240478516e-01,9.999850988388061523e-01,9.999994039535522461e-01,9.999923706054687500e-01,9.993095397949218750e-01,-9.999972581863403320e-01,9.999989271163940430e-01,-9.999893903732299805e-01,-9.999983906745910645e-01,9.999986886978149414e-01,-9.999985694885253906e-01,-9.999931454658508301e-01,9.999993443489074707e-01,-9.999992251396179199e-01,9.999976754188537598e-01,-9.999977946281433105e-01,9.999992847442626953e-01,-9.998803138732910156e-01,9.999319314956665039e-01,9.999992847442626953e-01,9.999980926513671875e-01,-9.999873638153076172e-01,-9.999989271163940430e-01,-9.999958276748657227e-01,9.999990463256835938e-01,-9.999990463256835938e-01,9.999986886978149414e-01,-9.999988675117492676e-01,-9.999673366546630859e-01,9.999992847442626953e-01,-9.999983906745910645e-01,9.999993443489074707e-01,-9.999988675117492676e-01,-9.999967217445373535e-01,-9.999982714653015137e-01,-9.999991059303283691e-01,9.999976158142089844e-01,9.999988079071044922e-01,-9.999984502792358398e-01,-9.999935626983642578e-01,-9.999968409538269043e-01,9.999932646751403809e-01,-9.999964833259582520e-01
-9.999988675117492676e-01,9.999991655349731445e-01,9.999955296516418457e-01,-9.999984502792358398e-01,-9.999993443489074707e-01,9.999992847442626953e-01,-9.999967813491821289e-01,-9.999994039535522461e-01,9.999977946281433105e-01,-9.999987483024597168e-01,9.999991655349731445e-01,9.999992251396179199e-01,-9.999985694885253906e-01,-9.999988675117492676e-01,-9.999948740005493164e-01,-9.999970793724060059e-01,-9.999980330467224121e-01,9.999988079071044922e-01,-9.999949336051940918e-01,9.999993443489074707e-01,9.999993443489074707e-01,-9.999949336051940918e-01,-9.999989271163940430e-01,-9.999985694885253906e-01,-9.999917149543762207e-01,-9.999993443489074707e-01,9.999986886978149414e-01,9.999993443489074707e-01,-9.999924302101135254e-01,9.999971985816955566e-01,9.999940991401672363e-01,9.999988079071044922e-01,-9.999909996986389160e-01,-9.999969005584716797e-01,9.999985694885253906e-01,-9.999653697013854980e-01,-9.999994039535522461e-01,-9.999989867210388184e-01,-9.999931454658508301e-01,9.999992847442626953e-01,-9.999991655349731445e-01,9.999867677688598633e-01,-9.999862909317016602e-01,-9.999992251396179199e-01,-9.999987483024597168e-01,-9.999986886978149414e-01,9.999951720237731934e-01,-9.999989271163940430e-01,-9.999991655349731445e-01,9.999989867210388184e-01,9.999992847442626953e-01,9.999988675117492676e-01,9.999992847442626953e-01,9.999949336051940918e-01,9.999988079071044922e-01,9.999986886978149414e-01,9.999953508377075195e-01,-9.999856948852539062e-01,-9.999975562095642090e-01,-9.999988079071044922e-01,9.999989271163940430e-01,-9.999993443489074707e-01,-9.999988079071044922e-01,-9.999966621398925781e-01,9.999963641166687012e-01,9.999991655349731445e-01,9.999993443489074707e-01,9.999970197677612305e-01,9.999993443489074707e-01,-9.999989867210388184e-01,9.999992251396179199e-01,-9.999982714653015137e-01,-9.999852776527404785e-01,9.999953508377075195e-01,9.999852180480957031e-01,9.999987483024597168e-01,-9.999943375587463379e-01,-9.999991059303283691e-01,9.999960064888000488e-01,9.999970793724060059e-01,-9.999864697456359863e-01,-9.999983906745910645e-01,9.999991655349731445e-01,-9.999985694885253906e-01,9.999988079071044922e-01,9.999917745590209961e-01,-9.999834895133972168e-01,-9.999993443489074707e-01,-9.999915361404418945e-01,-9.992343187332153320e-01,9.999969601631164551e-01,-9.999988675117492676e-01,9.999882578849792480e-01,9.999983310699462891e-01,-9.999985694885253906e-01,9.999983906745910645e-01,9.999924898147583008e-01,-9.999992847442626953e-01,9.999991655349731445e-01,-9.999974966049194336e-01,9.999976158142089844e-01,-9.999991655349731445e-01,9.998674392700195312e-01,-9.999245405197143555e-01,-9.999991655349731445e-01,-9.999978542327880859e-01,9.999860525131225586e-01,9.999988675117492676e-01,9.999954700469970703e-01,-9.999988675117492676e-01,9.999988675117492676e-01,-9.999985694885253906e-01,9.999988675117492676e-01,9.999638199806213379e-01,-9.999992847442626953e-01,9.999982118606567383e-01,-9.999992847442626953e-01,9.999987483024597168e-01,9.999963641166687012e-01,9.999980926513671875e-01,9.999991059303283691e-01,-9.999974370002746582e-01,-9.999986886978149414e-01,9.999982714653015137e-01,9.999929666519165039e-01,9.999966025352478027e-01,-9.999925494194030762e-01,9.999962449073791504e-01
9.999957084655761719e-01,-9.999964237213134766e-01,-9.999839067459106445e-01,9.999945163726806641e-01,9.999970793724060059e-01,-9.999967813491821289e-01,9.999884366989135742e-01,9.999974370002746582e-01,-9.999918937683105469e-01,9.999952912330627441e-01,-9.999966025352478027e-01,-9.999969005584716797e-01,9.999948143959045410e-01,9.999959468841552734e-01,9.999811053276062012e-01,9.999895095825195312e-01,9.999929666519165039e-01,-9.999955296516418457e-01,9.999816417694091797e-01,-9.999974370002746582e-01,-9.999972581863403320e-01,9.999816417694091797e-01,9.999961256980895996e-01,9.999949336051940918e-01,9.999700188636779785e-01,9.999972581863403320e-01,-9.999953508377075195e-01,-9.999969601631164551e-01,9.999727010726928711e-01,-9.999896287918090820e-01,-9.999787807464599609e-01,-9.999954700469970703e-01,9.999671578407287598e-01,9.999893307685852051e-01,-9.999944567680358887e-01,9.998753666877746582e-01,9.999972581863403320e-01,9.999961853027343750e-01,9.999752044677734375e-01,-9.999969601631164551e-01,9.999964237213134766e-01,-9.999521374702453613e-01,9.999505281448364258e-01,9.999970793724060059e-01,9.999955892562866211e-01,9.999953508377075195e-01,-9.999825954437255859e-01,9.999959468841552734e-01,9.999967217445373535e-01,-9.999960064888000488e-01,-9.999967217445373535e-01,-9.999957084655761719e-01,-9.999969005584716797e-01,-9.999814629554748535e-01,-9.999955892562866211e-01,-9.999951124191284180e-01,-9.999830722808837891e-01,9.999480843544006348e-01,9.999911189079284668e-01,9.999954700469970703e-01,-9.999958872795104980e-01,9.999970793724060059e-01,9.999957680702209473e-01,9.999878406524658203e-01,-9.999870061874389648e-01,-9.999968409538269043e-01,-9.999973773956298828e-01,-9.999893903732299805e-01,-9.999971389770507812e-01,9.999960660934448242e-01,-9.999966621398925781e-01,9.999938011169433594e-01,9.999468326568603516e-01,-9.999828934669494629e-01,-9.999465346336364746e-01,-9.999955892562866211e-01,9.999794960021972656e-01,9.999964237213134766e-01,-9.999855160713195801e-01,-9.999892711639404297e-01,9.999508857727050781e-01,9.999938607215881348e-01,-9.999967813491821289e-01,9.999948143959045410e-01,-9.999955296516418457e-01,-9.999703168869018555e-01,9.999405741691589355e-01,9.999970793724060059e-01,9.999694824218750000e-01,9.972514510154724121e-01,-9.999892115592956543e-01,9.999956488609313965e-01,-9.999575018882751465e-01,-9.999936819076538086e-01,9.999948143959045410e-01,-9.999942183494567871e-01,-9.999729394912719727e-01,9.999971985816955566e-01,-9.999968409538269043e-01,9.999907612800598145e-01,-9.999912381172180176e-01,9.999968409538269043e-01,-9.995231032371520996e-01,9.997284412384033203e-01,9.999964237213134766e-01,9.999924302101135254e-01,-9.999494552612304688e-01,-9.999957084655761719e-01,-9.999833703041076660e-01,9.999960064888000488e-01,-9.999960064888000488e-01,9.999948740005493164e-01,-9.999955892562866211e-01,-9.998698234558105469e-01,9.999971985816955566e-01,-9.999935626983642578e-01,9.999971389770507812e-01,-9.999951720237731934e-01,-9.999870657920837402e-01,-9.999935626983642578e-01,-9.999964833259582520e-01,9.999907612800598145e-01,9.999951720237731934e-01,-9.999935030937194824e-01,-9.999745488166809082e-01,-9.999874830245971680e-01,9.999729990959167480e-01,-9.999861121177673340e-01
9.999991059303283691e-01,-9.999993443489074707e-01,-9.999963641166687012e-01,9.999988079071044922e-01,9.999994039535522461e-01,-9.999994039535522461e-01,9.999974370002746582e-01,9.999994635581970215e-01,-9.999981522560119629e-01,9.999989271163940430e-01,-9.999992847442626953e-01,-9.999994039535522461e-01,9.999988675117492676e-01,9.999991655349731445e-01,9.999958872795104980e-01,9.999976754188537598e-01,9.999984502792358398e-01,-9.999991655349731445e-01,9.999959468841552734e-01,-9.999994635581970215e-01,-9.999994039535522461e-01,9.999958872795104980e-01,9.999992251396179199e-01,9.999988675117492676e-01,9.999933242797851562e-01,9.999994635581970215e-01,-9.999989867210388184e-01,-9.999994039535522461e-01,9.999939203262329102e-01,-9.999977350234985352e-01,-9.999952912330627441e-01,-9.999990463256835938e-01,9.999928474426269531e-01,9.999975562095642090e-01,-9.999987483024597168e-01,9.999723434448242188e-01,9.999995231628417969e-01,9.999992251396179199e-01,9.999945163726806641e-01,-9.999994635581970215e-01,9.999992251396179199e-01,-9.999894499778747559e-01,9.999890327453613281e-01,9.999994039535522461e-01,9.999990463256835938e-01,9.999989867210388184e-01,-9.999960660934448242e-01,9.999991655349731445e-01,9.999993443489074707e-01,-9.999991655349731445e-01,-9.999994039535522461e-01,-9.999991059303283691e-01,-9.999993443489074707e-01,-9.999958872795104980e-01,-9.999991059303283691e-01,-9.999989271163940430e-01,-9.999961853027343750e-01,9.999885559082031250e-01,9.999979734420776367e-01,9.999990463256835938e-01,-9.999992251396179199e-01,9.999994039535522461e-01,9.999991059303283691e-01,9.999973177909851074e-01,-9.999970793724060059e-01,-9.999993443489074707e-01,-9.999994635581970215e-01,-9.999976158142089844e-01,-9.999994635581970215e-01,9.999991655349731445e-01,-9.999993443489074707e-01,9.999985098838806152e-01,9.999881982803344727e-01,-9.999961256980895996e-01,-9.999881386756896973e-01,-9.999990463256835938e-01,9.999954700469970703e-01,9.999992251396179199e-01,-9.999966621398925781e-01,-9.999976158142089844e-01,9.999890327453613281e-01,9.999986290931701660e-01,-9.999993443489074707e-01,9.999988675117492676e-01,-9.999990463256835938e-01,-9.999934434890747070e-01,9.999867677688598633e-01,9.999994039535522461e-01,9.999932050704956055e-01,9.993869662284851074e-01,-9.999975562095642090e-01,9.999991059303283691e-01,-9.999906420707702637e-01,-9.999986290931701660e-01,9.999988675117492676e-01,-9.999986886978149414e-01,-9.999939799308776855e-01,9.999994635581970215e-01,-9.999994039535522461e-01,9.999979734420776367e-01,-9.999980330467224121e-01,9.999992847442626953e-01,-9.998938441276550293e-01,9.999396800994873047e-01,9.999993443489074707e-01,9.999982714653015137e-01,-9.999888539314270020e-01,-9.999991059303283691e-01,-9.999962449073791504e-01,9.999991655349731445e-01,-9.999991655349731445e-01,9.999988675117492676e-01,-9.999990463256835938e-01,-9.999710917472839355e-01,9.999994635581970215e-01,-9.999985694885253906e-01,9.999994039535522461e-01,-9.999989867210388184e-01,-9.999970793724060059e-01,-9.999985098838806152e-01,-9.999992847442626953e-01,9.999978542327880859e-01,9.999989271163940430e-01,-9.999986290931701660e-01,-9.999943375587463379e-01,-9.999972581863403320e-01,9.999940395355224609e-01,-9.999969005584716797e-01
-9.999969005584716797e-01,9.999974966049194336e-01,9.999887347221374512e-01,-9.999960660934448242e-01,-9.999979734420776367e-01,9.999977946281433105e-01,-9.999918937683105469e-01,-9.999981522560119629e-01,9.999943375587463379e-01,-9.999967217445373535e-01,9.999976158142089844e-01,9.999978542327880859e-01,-9.999963641166687012e-01,-9.999971985816955566e-01,-9.999867677688598633e-01,-9.999926686286926270e-01,-9.999951124191284180e-01,9.999969005584716797e-01,-9.999871253967285156e-01,9.999981522560119629e-01,9.999980330467224121e-01,-9.999871253967285156e-01,-9.999972581863403320e-01,-9.999964237213134766e-01,-9.999789595603942871e-01,-9.999980330467224121e-01,9.999966621398925781e-01,9.999979734420776367e-01,-9.999808073043823242e-01,9.999927282333374023e-01,9.999851584434509277e-01,9.999968409538269043e-01,-9.999769926071166992e-01,-9.999925494194030762e-01,9.999960660934448242e-01,-9.999124407768249512e-01,-9.999980926513671875e-01,-9.999973177909851074e-01,-9.999826550483703613e-01,9.999979138374328613e-01,-9.999974966049194336e-01,9.999664425849914551e-01,-9.999651908874511719e-01,-9.999979138374328613e-01,-9.999967813491821289e-01,-9.999967217445373535e-01,9.999877810478210449e-01,-9.999971985816955566e-01,-9.999976754188537598e-01,9.999971985816955566e-01,9.999977946281433105e-01,9.999970197677612305e-01,9.999978542327880859e-01,9.999870061874389648e-01,9.999969005584716797e-01,9.999965429306030273e-01,9.999881386756896973e-01,-9.999635815620422363e-01,-9.999938607215881348e-01,-9.999968409538269043e-01,9.999970793724060059e-01,-9.999981522560119629e-01,-9.999970197677612305e-01,-9.999914169311523438e-01,9.999909400939941406e-01,9.999977350234985352e-01,9.999982118606567383e-01,9.999926090240478516e-01,9.999980330467224121e-01,-9.999972581863403320e-01,9.999976754188537598e-01,-9.999956488609313965e-01,-9.999626874923706055e-01,9.999881386756896973e-01,9.999625086784362793e-01,9.999967813491821289e-01,-9.999856352806091309e-01,-9.999975562095642090e-01,9.999898076057434082e-01,9.999924898147583008e-01,-9.999655485153198242e-01,-9.999958276748657227e-01,9.999977946281433105e-01,-9.999964833259582520e-01,9.999967813491821289e-01,9.999791979789733887e-01,-9.999582171440124512e-01,-9.999979734420776367e-01,-9.999784231185913086e-01,-9.980663657188415527e-01,9.999923706054687500e-01,-9.999969601631164551e-01,9.999702572822570801e-01,9.999955892562866211e-01,-9.999963641166687012e-01,9.999960064888000488e-01,9.999809861183166504e-01,-9.999980330467224121e-01,9.999978542327880859e-01,-9.999935030937194824e-01,9.999938011169433594e-01,-9.999977946281433105e-01,9.996647834777832031e-01,-9.998092055320739746e-01,-9.999974966049194336e-01,-9.999946951866149902e-01,9.999644756317138672e-01,9.999969601631164551e-01,9.999883770942687988e-01,-9.999971389770507812e-01,9.999971985816955566e-01,-9.999963641166687012e-01,9.999969005584716797e-01,9.999084472656250000e-01,-9.999981522560119629e-01,9.999955296516418457e-01,-9.999979734420776367e-01,9.999966025352478027e-01,9.999909400939941406e-01,9.999954700469970703e-01,9.999976158142089844e-01,-9.999934434890747070e-01,-9.999966025352478027e-01,9.999954700469970703e-01,9.999821186065673828e-01,9.999912381172180176e-01,-9.999810457229614258e-01,9.999902844429016113e-01
9.999982714653015137e-01,-9.999985694885253906e-01,-9.999935626983642578e-01,9.999977350234985352e-01,9.999988079071044922e-01,-9.999987483024597168e-01,9.999952912330627441e-01,9.999989271163940430e-01,-9.999967217445373535e-01,9.999980926513671875e-01,-9.999985694885253906e-01,-9.999987483024597168e-01,9.999979138374328613e-01,9.999983906745910645e-01,9.999924302101135254e-01,9.999958276748657227e-01,9.999971389770507812e-01,-9.999981522560119629e-01,9.999926090240478516e-01,-9.999990463256835938e-01,-9.999988675117492676e-01,9.999926090240478516e-01,9.999983906745910645e-01,9.999979138374328613e-01,9.999880194664001465e-01,9.999989271163940430e-01,-9.999980330467224121e-01,-9.999988675117492676e-01,9.999890327453613281e-01,-9.999958276748657227e-01,-9.999914765357971191e-01,-9.999982118606567383e-01,9.999868273735046387e-01,9.999956488609313965e-01,-9.999977350234985352e-01,9.999498724937438965e-01,9.999989271163940430e-01,9.999984502792358398e-01,9.999900460243225098e-01,-9.999988675117492676e-01,9.999985694885253906e-01,-9.999808073043823242e-01,9.999800920486450195e-01,9.999988079071044922e-01,9.999982118606567383e-01,9.999980330467224121e-01,-9.999930262565612793e-01,9.999983906745910645e-01,9.999986886978149414e-01,-9.999983906745910645e-01,-9.999987483024597168e-01,-9.999982714653015137e-01,-9.999986886978149414e-01,-9.999925494194030762e-01,-9.999982118606567383e-01,-9.999980330467224121e-01,-9.999932050704956055e-01,9.999791979789733887e-01,9.999963641166687012e-01,9.999980926513671875e-01,-9.999983310699462891e-01,9.999988675117492676e-01,9.999982714653015137e-01,9.999951124191284180e-01,-9.999946951866149902e-01,-9.999986886978149414e-01,-9.999989867210388184e-01,-9.999957680702209473e-01,-9.999988675117492676e-01,9.999985098838806152e-01,-9.999987483024597168e-01,9.999974966049194336e-01,9.999786019325256348e-01,-9.999931454658508301e-01,-9.999785423278808594e-01,-9.999980926513671875e-01,9.999917745590209961e-01,9.999986290931701660e-01,-9.999942183494567871e-01,-9.999957680702209473e-01,9.999802112579345703e-01,9.999974966049194336e-01,-9.999986886978149414e-01,9.999979138374328613e-01,-9.999981522560119629e-01,-9.999880790710449219e-01,9.999760389328002930e-01,9.999988675117492676e-01,9.999877214431762695e-01,9.988919496536254883e-01,-9.999957084655761719e-01,9.999982714653015137e-01,-9.999829530715942383e-01,-9.999974966049194336e-01,9.999979138374328613e-01,-9.999976754188537598e-01,-9.999889731407165527e-01,9.999989271163940430e-01,-9.999987483024597168e-01,9.999962449073791504e-01,-9.999964237213134766e-01,9.999986886978149414e-01,-9.998080134391784668e-01,9.998908042907714844e-01,9.999985694885253906e-01,9.999969005584716797e-01,-9.999796748161315918e-01,-9.999982714653015137e-01,-9.999932050704956055e-01,9.999983906745910645e-01,-9.999983906745910645e-01,9.999978542327880859e-01,-9.999980926513671875e-01,-9.999476075172424316e-01,9.999988675117492676e-01,-9.999974370002746582e-01,9.999988675117492676e-01,-9.999980330467224121e-01,-9.999948143959045410e-01,-9.999973177909851074e-01,-9.999986290931701660e-01,9.999962449073791504e-01,9.999980926513671875e-01,-9.999974370002746582e-01,-9.999897480010986328e-01,-9.999949932098388672e-01,9.999891519546508789e-01,-9.999944567680358887e-01
-9.999987483024597168e-01,9.999989867210388184e-01,9.999954700469970703e-01,-9.999984502792358398e-01,-9.999991059303283691e-01,9.999991655349731445e-01,-9.999966025352478027e-01,-9.999992847442626953e-01,9.999976158142089844e-01,-9.999985694885253906e-01,9.999989867210388184e-01,9.999991059303283691e-01,-9.999984502792358398e-01,-9.999988675117492676e-01,-9.999946951866149902e-01,-9.999970197677612305e-01,-9.999980330467224121e-01,9.999986886978149414e-01,-9.999947547912597656e-01,9.999993443489074707e-01,9.999992847442626953e-01,-9.999947547912597656e-01,-9.999989271163940430e-01,-9.999984502792358398e-01,-9.999915361404418945e-01,-9.999992847442626953e-01,9.999986290931701660e-01,9.999992251396179199e-01,-9.999923110008239746e-01,9.999970197677612305e-01,9.999940395355224609e-01,9.999987483024597168e-01,-9.999907612800598145e-01,-9.999968409538269043e-01,9.999983310699462891e-01,-9.999647140502929688e-01,-9.999992847442626953e-01,-9.999989271163940430e-01,-9.999929070472717285e-01,9.999992847442626953e-01,-9.999990463256835938e-01,9.999864101409912109e-01,-9.999859333038330078e-01,-9.999992251396179199e-01,-9.999987483024597168e-01,-9.999986290931701660e-01,9.999949932098388672e-01,-9.999988079071044922e-01,-9.999991059303283691e-01,9.999988675117492676e-01,9.999991059303283691e-01,9.999987483024597168e-01,9.999991655349731445e-01,9.999947547912597656e-01,9.999987483024597168e-01,9.999986290931701660e-01,9.999952316284179688e-01,-9.999853372573852539e-01,-9.999974370002746582e-01,-9.999987483024597168e-01,9.999988079071044922e-01,-9.999992251396179199e-01,-9.999987483024597168e-01,-9.999964833259582520e-01,9.999961853027343750e-01,9.999990463256835938e-01,9.999992251396179199e-01,9.999969601631164551e-01,9.999992847442626953e-01,-9.999988079071044922e-01,9.999991059303283691e-01,-9.999981522560119629e-01,-9.999849200248718262e-01,9.999951720237731934e-01,9.999849200248718262e-01,9.999987483024597168e-01,-9.999941587448120117e-01,-9.999989867210388184e-01,9.999958872795104980e-01,9.999969601631164551e-01,-9.999861717224121094e-01,-9.999982714653015137e-01,9.999991655349731445e-01,-9.999985098838806152e-01,9.999986886978149414e-01,9.999916553497314453e-01,-9.999831318855285645e-01,-9.999992251396179199e-01,-9.999912977218627930e-01,-9.992212653160095215e-01,9.999968409538269043e-01,-9.999987483024597168e-01,9.999879598617553711e-01,9.999982118606567383e-01,-9.999984502792358398e-01,9.999982714653015137e-01,9.999923706054687500e-01,-9.999992251396179199e-01,9.999991655349731445e-01,-9.999974370002746582e-01,9.999974966049194336e-01,-9.999991059303283691e-01,9.998651146888732910e-01,-9.999231696128845215e-01,-9.999989867210388184e-01,-9.999978542327880859e-01,9.999857544898986816e-01,9.999988079071044922e-01,9.999952316284179688e-01,-9.999987483024597168e-01,9.999988675117492676e-01,-9.999985694885253906e-01,9.999986886978149414e-01,9.999631047248840332e-01,-9.999992251396179199e-01,9.999981522560119629e-01,-9.999991655349731445e-01,9.999986290931701660e-01,9.999963045120239258e-01,9.999980926513671875e-01,9.999991059303283691e-01,-9.999973177909851074e-01,-9.999985694885253906e-01,9.999982118606567383e-01,9.999927282333374023e-01,9.999964237213134766e-01,-9.999923706054687500e-01,9.999960660934448242e-01
-9.999989271163940430e-01,9.999992251396179199e-01,9.999958872795104980e-01,-9.999985694885253906e-01,-9.999992847442626953e-01,9.999992251396179199e-01,-9.999969005584716797e-01,-9.999994039535522461e-01,9.999978542327880859e-01,-9.999987483024597168e-01,9.999991059303283691e-01,9.999992847442626953e-01,-9.999986290931701660e-01,-9.999989867210388184e-01,-9.999952912330627441e-01,-9.999973177909851074e-01,-9.999982118606567383e-01,9.999988675117492676e-01,-9.999953508377075195e-01,9.999993443489074707e-01,9.999993443489074707e-01,-9.999953508377075195e-01,-9.999989867210388184e-01,-9.999986290931701660e-01,-9.999924302101135254e-01,-9.999994039535522461e-01,9.999987483024597168e-01,9.999992847442626953e-01,-9.999930262565612793e-01,9.999973773956298828e-01,9.999946951866149902e-01,9.999988079071044922e-01,-9.999918341636657715e-01,-9.999971985816955566e-01,9.999985694885253906e-01,-9.999685883522033691e-01,-9.999993443489074707e-01,-9.999991059303283691e-01,-9.999938011169433594e-01,9.999994039535522461e-01,-9.999991655349731445e-01,9.999880194664001465e-01,-9.999874830245971680e-01,-9.999992847442626953e-01,-9.999988079071044922e-01,-9.999986886978149414e-01,9.999955892562866211e-01,-9.999989271163940430e-01,-9.999991059303283691e-01,9.999990463256835938e-01,9.999993443489074707e-01,9.999989271163940430e-01,9.999991655349731445e-01,9.999953508377075195e-01,9.999988675117492676e-01,9.999987483024597168e-01,9.999957084655761719e-01,-9.999870657920837402e-01,-9.999977350234985352e-01,-9.999988675117492676e-01,9.999989271163940430e-01,-9.999993443489074707e-01,-9.999989271163940430e-01,-9.999969005584716797e-01,9.999967217445373535e-01,9.999992847442626953e-01,9.999994039535522461e-01,9.999973177909851074e-01,9.999993443489074707e-01,-9.999989271163940430e-01,9.999992251396179199e-01,-9.999984502792358398e-01,-9.999866485595703125e-01,9.999957084655761719e-01,9.999865889549255371e-01,9.999988079071044922e-01,-9.999948740005493164e-01,-9.999992251396179199e-01,9.999963045120239258e-01,9.999972581863403320e-01,-9.999876022338867188e-01,-9.999985694885253906e-01,9.999992847442626953e-01,-9.999986886978149414e-01,9.999988675117492676e-01,9.999925494194030762e-01,-9.999850392341613770e-01,-9.999994039535522461e-01,-9.999921917915344238e-01,-9.993065595626831055e-01,9.999972581863403320e-01,-9.999989271163940430e-01,9.999893307685852051e-01,9.999983906745910645e-01,-9.999986886978149414e-01,9.999984502792358398e-01,9.999932050704956055e-01,-9.999992847442626953e-01,9.999992251396179199e-01,-9.999976158142089844e-01,9.999977946281433105e-01,-9.999992847442626953e-01,9.998797774314880371e-01,-9.999316334724426270e-01,-9.999991655349731445e-01,-9.999980926513671875e-01,9.999873042106628418e-01,9.999989271163940430e-01,9.999957680702209473e-01,-9.999990463256835938e-01,9.999990463256835938e-01,-9.999986886978149414e-01,9.999988079071044922e-01,9.999672174453735352e-01,-9.999994039535522461e-01,9.999983906745910645e-01,-9.999993443489074707e-01,9.999988079071044922e-01,9.999966621398925781e-01,9.999982714653015137e-01,9.999991655349731445e-01,-9.999976158142089844e-01,-9.999986886978149414e-01,9.999984502792358398e-01,9.999936223030090332e-01,9.999967217445373535e-01,-9.999932050704956055e-01,9.999964833259582520e-01
