9.999982118606567383e-01,-9.999980926513671875e-01,-9.999847412109375000e-01,9.999980926513671875e-01,9.999988079071044922e-01,-9.999984502792358398e-01,9.999908208847045898e-01,9.999989271163940430e-01,-9.999966621398925781e-01,9.999964237213134766e-01,-9.999964833259582520e-01,-9.999988675117492676e-01,9.999980330467224121e-01,9.999977350234985352e-01,9.999481439590454102e-01,9.999977946281433105e-01,9.999977350234985352e-01,-9.999983906745910645e-01,9.999756813049316406e-01,-9.999989867210388184e-01,-9.999989867210388184e-01,9.999845027923583984e-01,9.999976754188537598e-01,9.999985098838806152e-01,9.999877214431762695e-01,9.999989867210388184e-01,-9.999983906745910645e-01,-9.999988079071044922e-01,9.999705553054809570e-01,-9.999960660934448242e-01,-9.999966025352478027e-01,-9.999985694885253906e-01,9.999956488609313965e-01,9.999977946281433105e-01,-9.999967217445373535e-01,-9.999929666519165039e-01,9.999989271163940430e-01,9.999986886978149414e-01,9.999929070472717285e-01,-9.999988079071044922e-01,9.999984502792358398e-01,-9.999972581863403320e-01,9.999305009841918945e-01,9.999986290931701660e-01,9.999966025352478027e-01,9.999976158142089844e-01,9.999949336051940918e-01,9.999975562095642090e-01,9.999987483024597168e-01,-9.999985694885253906e-01,-9.999986886978149414e-01,-9.999970793724060059e-01,-9.999985098838806152e-01,-9.999898672103881836e-01,-9.999955296516418457e-01,-9.999977350234985352e-01,-9.999977350234985352e-01,9.999777674674987793e-01,9.999976754188537598e-01,9.999978542327880859e-01,-9.999952912330627441e-01,9.999989271163940430e-01,9.999982714653015137e-01,9.999950528144836426e-01,-9.999955296516418457e-01,-9.999987483024597168e-01,-9.999988675117492676e-01,-9.999931454658508301e-01,-9.999982714653015137e-01,9.999989271163940430e-01,-9.999987483024597168e-01,9.999977946281433105e-01,9.999966025352478027e-01,-9.999876022338867188e-01,9.998102784156799316e-01,-9.999979138374328613e-01,9.999876618385314941e-01,9.999983310699462891e-01,-9.999890327453613281e-01,-9.999973177909851074e-01,-9.999079108238220215e-01,9.999975562095642090e-01,-9.999988079071044922e-01,9.999791383743286133e-01,-9.999983906745910645e-01,-9.999818801879882812e-01,9.999929070472717285e-01,9.999987483024597168e-01,-9.999764561653137207e-01,9.999978542327880859e-01,-9.999983310699462891e-01,9.999982714653015137e-01,-9.999711513519287109e-01,-9.999982714653015137e-01,9.999985694885253906e-01,-9.999975562095642090e-01,-9.999783635139465332e-01,9.999989867210388184e-01,-9.999986886978149414e-01,9.999898672103881836e-01,-9.999974966049194336e-01,9.999986886978149414e-01,-9.999843835830688477e-01,-9.999787807464599609e-01,9.999985098838806152e-01,9.999957680702209473e-01,9.999822974205017090e-01,-9.999973773956298828e-01,-9.999944567680358887e-01,9.999985098838806152e-01,-9.999974966049194336e-01,9.999985694885253906e-01,-9.999978542327880859e-01,-9.999901652336120605e-01,9.999991059303283691e-01,-9.999984502792358398e-01,9.999983906745910645e-01,-9.999987483024597168e-01,-9.999908804893493652e-01,-9.999980330467224121e-01,-9.999987483024597168e-01,9.999956488609313965e-01,9.999986886978149414e-01,-9.999974370002746582e-01,9.999724030494689941e-01,-9.999949336051940918e-01,9.997754693031311035e-01,-9.999978542327880859e-01
-9.999980926513671875e-01,9.999980926513671875e-01,9.999849796295166016e-01,-9.999980330467224121e-01,-9.999987483024597168e-01,9.999985098838806152e-01,-9.999908804893493652e-01,-9.999988675117492676e-01,9.999967217445373535e-01,-9.999963045120239258e-01,9.999965429306030273e-01,9.999988675117492676e-01,-9.999980330467224121e-01,-9.999976158142089844e-01,-9.999487400054931641e-01,-9.999977350234985352e-01,-9.999976754188537598e-01,9.999982118606567383e-01,-9.999759793281555176e-01,9.999990463256835938e-01,9.999988675117492676e-01,-9.999846220016479492e-01,-9.999976158142089844e-01,-9.999984502792358398e-01,-9.999877810478210449e-01,-9.999989867210388184e-01,9.999983906745910645e-01,9.999988079071044922e-01,-9.999708533287048340e-01,9.999961256980895996e-01,9.999964237213134766e-01,9.999985694885253906e-01,-9.999955892562866211e-01,-9.999976754188537598e-01,9.999966621398925781e-01,9.999929666519165039e-01,-9.999988675117492676e-01,-9.999986290931701660e-01,-9.999930262565612793e-01,9.999988079071044922e-01,-9.999983906745910645e-01,9.999971389770507812e-01,-9.999313950538635254e-01,-9.999985694885253906e-01,-9.999966621398925781e-01,-9.999974966049194336e-01,-9.999949336051940918e-01,-9.999975562095642090e-01,-9.999986886978149414e-01,9.999985098838806152e-01,9.999986290931701660e-01,9.999970793724060059e-01,9.999984502792358398e-01,9.999899864196777344e-01,9.999954700469970703e-01,9.999976158142089844e-01,9.999976754188537598e-01,-9.999780058860778809e-01,-9.999975562095642090e-01,-9.999977350234985352e-01,9.999952912330627441e-01,-9.999988675117492676e-01,-9.999980926513671875e-01,-9.999949932098388672e-01,9.999954700469970703e-01,9.999986886978149414e-01,9.999988675117492676e-01,9.999930262565612793e-01,9.999982118606567383e-01,-9.999988079071044922e-01,9.999985694885253906e-01,-9.999976754188537598e-01,-9.999965429306030273e-01,9.999876618385314941e-01,-9.998127818107604980e-01,9.999979138374328613e-01,-9.999877810478210449e-01,-9.999983310699462891e-01,9.999890923500061035e-01,9.999972581863403320e-01,9.999091029167175293e-01,-9.999974966049194336e-01,9.999987483024597168e-01,-9.999793767929077148e-01,9.999983310699462891e-01,9.999820590019226074e-01,-9.999929666519165039e-01,-9.999985694885253906e-01,9.999766945838928223e-01,-9.999976754188537598e-01,9.999982714653015137e-01,-9.999982714653015137e-01,9.999713301658630371e-01,9.999981522560119629e-01,-9.999983906745910645e-01,9.999976158142089844e-01,9.999786019325256348e-01,-9.999989271163940430e-01,9.999986290931701660e-01,-9.999899268150329590e-01,9.999974370002746582e-01,-9.999986290931701660e-01,9.999846220016479492e-01,9.999789595603942871e-01,-9.999983310699462891e-01,-9.999957680702209473e-01,-9.999824762344360352e-01,9.999973773956298828e-01,9.999943375587463379e-01,-9.999984502792358398e-01,9.999975562095642090e-01,-9.999985098838806152e-01,9.999979138374328613e-01,9.999902248382568359e-01,-9.999989867210388184e-01,9.999982714653015137e-01,-9.999984502792358398e-01,9.999986886978149414e-01,9.999908208847045898e-01,9.999979138374328613e-01,9.999987483024597168e-01,-9.999956488609313965e-01,-9.999986290931701660e-01,9.999973177909851074e-01,-9.999727010726928711e-01,9.999948740005493164e-01,-9.997784495353698730e-01,9.999977350234985352e-01
-9.999847412109375000e-01,9.999849796295166016e-01,9.998775720596313477e-01,-9.999848008155822754e-01,-9.999904632568359375e-01,9.999879002571105957e-01,-9.999259114265441895e-01,-9.999914169311523438e-01,9.999737739562988281e-01,-9.999711513519287109e-01,9.999722242355346680e-01,9.999905824661254883e-01,-9.999843239784240723e-01,-9.999809861183166504e-01,-9.995845556259155273e-01,-9.999820590019226074e-01,-9.999814033508300781e-01,9.999864101409912109e-01,-9.998043179512023926e-01,9.999919533729553223e-01,9.999909400939941406e-01,-9.998756051063537598e-01,-9.999809861183166504e-01,-9.999874234199523926e-01,-9.999014139175415039e-01,-9.999917149543762207e-01,9.999872446060180664e-01,9.999907612800598145e-01,-9.997625350952148438e-01,9.999681115150451660e-01,9.999721646308898926e-01,9.999884963035583496e-01,-9.999642968177795410e-01,-9.999820590019226074e-01,9.999731183052062988e-01,9.999430179595947266e-01,-9.999912977218627930e-01,-9.999889135360717773e-01,-9.999422430992126465e-01,9.999902844429016113e-01,-9.999870657920837402e-01,9.999776482582092285e-01,-9.994430541992187500e-01,-9.999883174896240234e-01,-9.999731183052062988e-01,-9.999805688858032227e-01,-9.999581575393676758e-01,-9.999802112579345703e-01,-9.999896883964538574e-01,9.999880194664001465e-01,9.999892711639404297e-01,9.999764561653137207e-01,9.999877214431762695e-01,9.999182224273681641e-01,9.999639391899108887e-01,9.999815225601196289e-01,9.999820590019226074e-01,-9.998208880424499512e-01,-9.999809265136718750e-01,-9.999822974205017090e-01,9.999623894691467285e-01,-9.999908208847045898e-01,-9.999856948852539062e-01,-9.999597072601318359e-01,9.999630451202392578e-01,9.999898076057434082e-01,9.999911189079284668e-01,9.999440908432006836e-01,9.999856352806091309e-01,-9.999904632568359375e-01,9.999886751174926758e-01,-9.999813437461853027e-01,-9.999722242355346680e-01,9.998996257781982422e-01,-9.984802007675170898e-01,9.999836683273315430e-01,-9.999004006385803223e-01,-9.999865889549255371e-01,9.999115467071533203e-01,9.999780058860778809e-01,9.992620348930358887e-01,-9.999799728393554688e-01,9.999898672103881836e-01,-9.998325109481811523e-01,9.999865293502807617e-01,9.998539686203002930e-01,-9.999427795410156250e-01,-9.999893307685852051e-01,9.998102784156799316e-01,-9.999819993972778320e-01,9.999862313270568848e-01,-9.999863505363464355e-01,9.997674226760864258e-01,9.999853372573852539e-01,-9.999877810478210449e-01,9.999802112579345703e-01,9.998258948326110840e-01,-9.999908208847045898e-01,9.999896287918090820e-01,-9.999181628227233887e-01,9.999788999557495117e-01,-9.999886751174926758e-01,9.998747706413269043e-01,9.998295307159423828e-01,-9.999873638153076172e-01,-9.999654293060302734e-01,-9.998575448989868164e-01,9.999789595603942871e-01,9.999545812606811523e-01,-9.999874830245971680e-01,9.999797940254211426e-01,-9.999881386756896973e-01,9.999831318855285645e-01,9.999205470085144043e-01,-9.999917149543762207e-01,9.999869465827941895e-01,-9.999875426292419434e-01,9.999896287918090820e-01,9.999255537986755371e-01,9.999834895133972168e-01,9.999903440475463867e-01,-9.999648928642272949e-01,-9.999888539314270020e-01,9.999785423278808594e-01,-9.997777938842773438e-01,9.999584555625915527e-01,-9.982029795646667480e-01,9.999821186065673828e-01
9.999980926513671875e-01,-9.999980330467224121e-01,-9.999848008155822754e-01,9.999980926513671875e-01,9.999988079071044922e-01,-9.999985098838806152e-01,9.999908208847045898e-01,9.999988079071044922e-01,-9.999967217445373535e-01,9.999963641166687012e-01,-9.999965429306030273e-01,-9.999988079071044922e-01,9.999980330467224121e-01,9.999976754188537598e-01,9.999486804008483887e-01,9.999977350234985352e-01,9.999976754188537598e-01,-9.999982118606567383e-01,9.999758005142211914e-01,-9.999989271163940430e-01,-9.999989271163940430e-01,9.999846816062927246e-01,9.999976754188537598e-01,9.999984502792358398e-01,9.999878406524658203e-01,9.999989867210388184e-01,-9.999983310699462891e-01,-9.999988675117492676e-01,9.999706149101257324e-01,-9.999960064888000488e-01,-9.999965429306030273e-01,-9.999984502792358398e-01,9.999955892562866211e-01,9.999977350234985352e-01,-9.999966621398925781e-01,-9.999929666519165039e-01,9.999988675117492676e-01,9.999985098838806152e-01,9.999929666519165039e-01,-9.999987483024597168e-01,9.999983906745910645e-01,-9.999971389770507812e-01,9.999312162399291992e-01,9.999984502792358398e-01,9.999966621398925781e-01,9.999974966049194336e-01,9.999949336051940918e-01,9.999974370002746582e-01,9.999986886978149414e-01,-9.999985098838806152e-01,-9.999986290931701660e-01,-9.999970197677612305e-01,-9.999984502792358398e-01,-9.999899268150329590e-01,-9.999955296516418457e-01,-9.999976754188537598e-01,-9.999976754188537598e-01,9.999778866767883301e-01,9.999976158142089844e-01,9.999977946281433105e-01,-9.999952912330627441e-01,9.999988675117492676e-01,9.999982118606567383e-01,9.999950528144836426e-01,-9.999954700469970703e-01,-9.999986886978149414e-01,-9.999988675117492676e-01,-9.999930858612060547e-01,-9.999982118606567383e-01,9.999988079071044922e-01,-9.999986290931701660e-01,9.999976754188537598e-01,9.999964237213134766e-01,-9.999875426292419434e-01,9.998121857643127441e-01,-9.999979138374328613e-01,9.999877214431762695e-01,9.999983310699462891e-01,-9.999890923500061035e-01,-9.999971389770507812e-01,-9.999088048934936523e-01,9.999974966049194336e-01,-9.999986886978149414e-01,9.999792575836181641e-01,-9.999983310699462891e-01,-9.999820590019226074e-01,9.999928474426269531e-01,9.999986886978149414e-01,-9.999766349792480469e-01,9.999977350234985352e-01,-9.999982714653015137e-01,9.999982118606567383e-01,-9.999713301658630371e-01,-9.999980330467224121e-01,9.999983906745910645e-01,-9.999974966049194336e-01,-9.999786019325256348e-01,9.999988675117492676e-01,-9.999986290931701660e-01,9.999899268150329590e-01,-9.999973773956298828e-01,9.999985098838806152e-01,-9.999845623970031738e-01,-9.999789595603942871e-01,9.999983906745910645e-01,9.999957680702209473e-01,9.999824762344360352e-01,-9.999973773956298828e-01,-9.999943971633911133e-01,9.999984502792358398e-01,-9.999974370002746582e-01,9.999985098838806152e-01,-9.999977946281433105e-01,-9.999902844429016113e-01,9.999989867210388184e-01,-9.999982714653015137e-01,9.999984502792358398e-01,-9.999986290931701660e-01,-9.999908208847045898e-01,-9.999979138374328613e-01,-9.999986886978149414e-01,9.999955892562866211e-01,9.999985098838806152e-01,-9.999973177909851074e-01,9.999725818634033203e-01,-9.999948143959045410e-01,9.997778534889221191e-01,-9.999977946281433105e-01
9.999988079071044922e-01,-9.999987483024597168e-01,-9.999904632568359375e-01,9.999988079071044922e-01,9.999992847442626953e-01,-9.999991059303283691e-01,9.999941587448120117e-01,9.999992847442626953e-01,-9.999979138374328613e-01,9.999977350234985352e-01,-9.999978542327880859e-01,-9.999992847442626953e-01,9.999986886978149414e-01,9.999985098838806152e-01,9.999675750732421875e-01,9.999985694885253906e-01,9.999985098838806152e-01,-9.999989867210388184e-01,9.999848008155822754e-01,-9.999993443489074707e-01,-9.999994039535522461e-01,9.999902844429016113e-01,9.999985694885253906e-01,9.999990463256835938e-01,9.999923706054687500e-01,9.999994635581970215e-01,-9.999990463256835938e-01,-9.999993443489074707e-01,9.999814629554748535e-01,-9.999974966049194336e-01,-9.999977946281433105e-01,-9.999991655349731445e-01,9.999971985816955566e-01,9.999985694885253906e-01,-9.999978542327880859e-01,-9.999956488609313965e-01,9.999992847442626953e-01,9.999991655349731445e-01,9.999955892562866211e-01,-9.999992847442626953e-01,9.999989867210388184e-01,-9.999982118606567383e-01,9.999566078186035156e-01,9.999990463256835938e-01,9.999978542327880859e-01,9.999984502792358398e-01,9.999967813491821289e-01,9.999984502792358398e-01,9.999993443489074707e-01,-9.999991059303283691e-01,-9.999992847442626953e-01,-9.999981522560119629e-01,-9.999991059303283691e-01,-9.999937415122985840e-01,-9.999971389770507812e-01,-9.999985098838806152e-01,-9.999985098838806152e-01,9.999860525131225586e-01,9.999983906745910645e-01,9.999986290931701660e-01,-9.999969601631164551e-01,9.999993443489074707e-01,9.999988675117492676e-01,9.999968409538269043e-01,-9.999970793724060059e-01,-9.999991655349731445e-01,-9.999993443489074707e-01,-9.999956488609313965e-01,-9.999989271163940430e-01,9.999992847442626953e-01,-9.999991655349731445e-01,9.999985098838806152e-01,9.999977946281433105e-01,-9.999920725822448730e-01,9.998813867568969727e-01,-9.999986290931701660e-01,9.999922513961791992e-01,9.999989271163940430e-01,-9.999931454658508301e-01,-9.999982714653015137e-01,-9.999424815177917480e-01,9.999983906745910645e-01,-9.999992251396179199e-01,9.999870061874389648e-01,-9.999989271163940430e-01,-9.999887347221374512e-01,9.999955892562866211e-01,9.999992251396179199e-01,-9.999853372573852539e-01,9.999985694885253906e-01,-9.999989271163940430e-01,9.999989271163940430e-01,-9.999819397926330566e-01,-9.999988675117492676e-01,9.999989867210388184e-01,-9.999984502792358398e-01,-9.999864697456359863e-01,9.999994039535522461e-01,-9.999992251396179199e-01,9.999936223030090332e-01,-9.999983310699462891e-01,9.999990463256835938e-01,-9.999902844429016113e-01,-9.999868273735046387e-01,9.999991655349731445e-01,9.999972581863403320e-01,9.999889135360717773e-01,-9.999983310699462891e-01,-9.999964237213134766e-01,9.999990463256835938e-01,-9.999985098838806152e-01,9.999991059303283691e-01,-9.999986886978149414e-01,-9.999939203262329102e-01,9.999994635581970215e-01,-9.999989867210388184e-01,9.999990463256835938e-01,-9.999992251396179199e-01,-9.999942183494567871e-01,-9.999986886978149414e-01,-9.999992847442626953e-01,9.999971389770507812e-01,9.999990463256835938e-01,-9.999983906745910645e-01,9.999827146530151367e-01,-9.999967217445373535e-01,9.998598098754882812e-01,-9.999986886978149414e-01
-9.999984502792358398e-01,9.999985098838806152e-01,9.999879002571105957e-01,-9.999985098838806152e-01,-9.999991059303283691e-01,9.999988079071044922e-01,-9.999926686286926270e-01,-9.999991059303283691e-01,9.999973773956298828e-01,-9.999970197677612305e-01,9.999973177909851074e-01,9.999991059303283691e-01,-9.999984502792358398e-01,-9.999982118606567383e-01,-9.999588727951049805e-01,-9.999982118606567383e-01,-9.999981522560119629e-01,9.999986886978149414e-01,-9.999806880950927734e-01,9.999992251396179199e-01,9.999991655349731445e-01,-9.999877214431762695e-01,-9.999980926513671875e-01,-9.999987483024597168e-01,-9.999902844429016113e-01,-9.999993443489074707e-01,9.999986290931701660e-01,9.999991059303283691e-01,-9.999765753746032715e-01,9.999967813491821289e-01,9.999971985816955566e-01,9.999988675117492676e-01,-9.999964237213134766e-01,-9.999982118606567383e-01,9.999973177909851074e-01,9.999943971633911133e-01,-9.999991655349731445e-01,-9.999988675117492676e-01,-9.999943971633911133e-01,9.999991059303283691e-01,-9.999987483024597168e-01,9.999976754188537598e-01,-9.999449253082275391e-01,-9.999988079071044922e-01,-9.999973773956298828e-01,-9.999979138374328613e-01,-9.999959468841552734e-01,-9.999980330467224121e-01,-9.999990463256835938e-01,9.999988079071044922e-01,9.999989867210388184e-01,9.999976158142089844e-01,9.999987483024597168e-01,9.999919533729553223e-01,9.999963045120239258e-01,9.999981522560119629e-01,9.999982118606567383e-01,-9.999823570251464844e-01,-9.999979734420776367e-01,-9.999983310699462891e-01,9.999962449073791504e-01,-9.999991059303283691e-01,-9.999985694885253906e-01,-9.999959468841552734e-01,9.999963045120239258e-01,9.999990463256835938e-01,9.999991655349731445e-01,9.999945163726806641e-01,9.999986290931701660e-01,-9.999991059303283691e-01,9.999989271163940430e-01,-9.999980926513671875e-01,-9.999971389770507812e-01,9.999901056289672852e-01,-9.998496770858764648e-01,9.999983906745910645e-01,-9.999901652336120605e-01,-9.999986290931701660e-01,9.999912381172180176e-01,9.999977350234985352e-01,9.999271035194396973e-01,-9.999979734420776367e-01,9.999990463256835938e-01,-9.999834299087524414e-01,9.999986290931701660e-01,9.999855756759643555e-01,-9.999942779541015625e-01,-9.999989271163940430e-01,9.999813437461853027e-01,-9.999982118606567383e-01,9.999986290931701660e-01,-9.999985694885253906e-01,9.999770522117614746e-01,9.999984502792358398e-01,-9.999987483024597168e-01,9.999980330467224121e-01,9.999828934669494629e-01,-9.999992251396179199e-01,9.999989867210388184e-01,-9.999920129776000977e-01,9.999979138374328613e-01,-9.999988675117492676e-01,9.999876618385314941e-01,9.999831914901733398e-01,-9.999987483024597168e-01,-9.999965429306030273e-01,-9.999859333038330078e-01,9.999978542327880859e-01,9.999955296516418457e-01,-9.999988079071044922e-01,9.999980330467224121e-01,-9.999988079071044922e-01,9.999983310699462891e-01,9.999922513961791992e-01,-9.999993443489074707e-01,9.999986290931701660e-01,-9.999987483024597168e-01,9.999989271163940430e-01,9.999926686286926270e-01,9.999983310699462891e-01,9.999991059303283691e-01,-9.999964833259582520e-01,-9.999988079071044922e-01,9.999979138374328613e-01,-9.999780654907226562e-01,9.999958872795104980e-01,-9.998221397399902344e-01,9.999982118606567383e-01
9.999908208847045898e-01,-9.999908804893493652e-01,-9.999259114265441895e-01,9.999908208847045898e-01,9.999941587448120117e-01,-9.999926686286926270e-01,9.999551773071289062e-01,9.999947547912597656e-01,-9.999841451644897461e-01,9.999825358390808105e-01,-9.999832510948181152e-01,-9.999942779541015625e-01,9.999905228614807129e-01,9.999885559082031250e-01,9.997487068176269531e-01,9.999892115592956543e-01,9.999887943267822266e-01,-9.999918341636657715e-01,9.998815655708312988e-01,-9.999950528144836426e-01,-9.999945759773254395e-01,9.999247789382934570e-01,9.999885559082031250e-01,9.999924898147583008e-01,9.999403953552246094e-01,9.999949932098388672e-01,-9.999922513961791992e-01,-9.999943375587463379e-01,9.998563528060913086e-01,-9.999806880950927734e-01,-9.999831914901733398e-01,-9.999930262565612793e-01,9.999784231185913086e-01,9.999890923500061035e-01,-9.999837279319763184e-01,-9.999655485153198242e-01,9.999947547912597656e-01,9.999933242797851562e-01,9.999650716781616211e-01,-9.999940991401672363e-01,9.999922513961791992e-01,-9.999863505363464355e-01,9.996629953384399414e-01,9.999929666519165039e-01,9.999837279319763184e-01,9.999882578849792480e-01,9.999747276306152344e-01,9.999880194664001465e-01,9.999937415122985840e-01,-9.999927878379821777e-01,-9.999935626983642578e-01,-9.999857544898986816e-01,-9.999926090240478516e-01,-9.999506473541259766e-01,-9.999781847000122070e-01,-9.999887943267822266e-01,-9.999890923500061035e-01,9.998916983604431152e-01,9.999884963035583496e-01,9.999892711639404297e-01,-9.999772906303405762e-01,9.999944567680358887e-01,9.999913573265075684e-01,9.999755620956420898e-01,-9.999777078628540039e-01,-9.999938607215881348e-01,-9.999946355819702148e-01,-9.999662041664123535e-01,-9.999912977218627930e-01,9.999942183494567871e-01,-9.999932050704956055e-01,9.999886751174926758e-01,9.999831914901733398e-01,-9.999392628669738770e-01,9.990800619125366211e-01,-9.999900460243225098e-01,9.999397397041320801e-01,9.999918937683105469e-01,-9.999464154243469238e-01,-9.999867081642150879e-01,-9.995535612106323242e-01,9.999879002571105957e-01,-9.999938011169433594e-01,9.998986124992370605e-01,-9.999918341636657715e-01,-9.999115467071533203e-01,9.999653697013854980e-01,9.999935030937194824e-01,-9.998851418495178223e-01,9.999890923500061035e-01,-9.999916553497314453e-01,9.999917745590209961e-01,-9.998592734336853027e-01,-9.999911189079284668e-01,9.999926090240478516e-01,-9.999880790710449219e-01,-9.998945593833923340e-01,9.999943971633911133e-01,-9.999937415122985840e-01,9.999505281448364258e-01,-9.999873042106628418e-01,9.999932050704956055e-01,-9.999242424964904785e-01,-9.998968243598937988e-01,9.999923706054687500e-01,9.999791383743286133e-01,9.999138712882995605e-01,-9.999872446060180664e-01,-9.999724626541137695e-01,9.999925494194030762e-01,-9.999878406524658203e-01,9.999929666519165039e-01,-9.999898076057434082e-01,-9.999520182609558105e-01,9.999949932098388672e-01,-9.999920725822448730e-01,9.999925494194030762e-01,-9.999936223030090332e-01,-9.999549388885498047e-01,-9.999900460243225098e-01,-9.999940395355224609e-01,9.999787211418151855e-01,9.999932646751403809e-01,-9.999870061874389648e-01,9.998655915260314941e-01,-9.999749064445495605e-01,9.989122152328491211e-01,-9.999891519546508789e-01
9.999989271163940430e-01,-9.999988675117492676e-01,-9.999914169311523438e-01,9.999988079071044922e-01,9.999992847442626953e-01,-9.999991059303283691e-01,9.999947547912597656e-01,9.999993443489074707e-01,-9.999980330467224121e-01,9.999979138374328613e-01,-9.999979138374328613e-01,-9.999993443489074707e-01,9.999988079071044922e-01,9.999986290931701660e-01,9.999710917472839355e-01,9.999987483024597168e-01,9.999986290931701660e-01,-9.999991059303283691e-01,9.999862909317016602e-01,-9.999994039535522461e-01,-9.999994039535522461e-01,9.999912381172180176e-01,9.999986290931701660e-01,9.999991655349731445e-01,9.999931454658508301e-01,9.999994039535522461e-01,-9.999991655349731445e-01,-9.999992847442626953e-01,9.999833703041076660e-01,-9.999977350234985352e-01,-9.999980330467224121e-01,-9.999991655349731445e-01,9.999973773956298828e-01,9.999986886978149414e-01,-9.999980926513671875e-01,-9.999959468841552734e-01,9.999993443489074707e-01,9.999991655349731445e-01,9.999959468841552734e-01,-9.999993443489074707e-01,9.999991059303283691e-01,-9.999983906745910645e-01,9.999610781669616699e-01,9.999992251396179199e-01,9.999980926513671875e-01,9.999985694885253906e-01,9.999970197677612305e-01,9.999985098838806152e-01,9.999992847442626953e-01,-9.999991059303283691e-01,-9.999992847442626953e-01,-9.999982118606567383e-01,-9.999991655349731445e-01,-9.999943375587463379e-01,-9.999973773956298828e-01,-9.999986886978149414e-01,-9.999986886978149414e-01,9.999874234199523926e-01,9.999985694885253906e-01,9.999987483024597168e-01,-9.999972581863403320e-01,9.999994039535522461e-01,9.999990463256835938e-01,9.999970793724060059e-01,-9.999973177909851074e-01,-9.999992251396179199e-01,-9.999994039535522461e-01,-9.999960660934448242e-01,-9.999989867210388184e-01,9.999993443489074707e-01,-9.999992251396179199e-01,9.999986886978149414e-01,9.999979138374328613e-01,-9.999930262565612793e-01,9.998939037322998047e-01,-9.999987483024597168e-01,9.999930858612060547e-01,9.999991059303283691e-01,-9.999938607215881348e-01,-9.999983310699462891e-01,-9.999484419822692871e-01,9.999985694885253906e-01,-9.999993443489074707e-01,9.999881982803344727e-01,-9.999991059303283691e-01,-9.999899268150329590e-01,9.999958276748657227e-01,9.999992251396179199e-01,-9.999867677688598633e-01,9.999987483024597168e-01,-9.999990463256835938e-01,9.999991059303283691e-01,-9.999837279319763184e-01,-9.999988675117492676e-01,9.999991059303283691e-01,-9.999985694885253906e-01,-9.999879002571105957e-01,9.999994039535522461e-01,-9.999992251396179199e-01,9.999942779541015625e-01,-9.999985098838806152e-01,9.999992251396179199e-01,-9.999912977218627930e-01,-9.999880194664001465e-01,9.999991655349731445e-01,9.999974966049194336e-01,9.999901056289672852e-01,-9.999985098838806152e-01,-9.999967813491821289e-01,9.999991655349731445e-01,-9.999985694885253906e-01,9.999992251396179199e-01,-9.999987483024597168e-01,-9.999945759773254395e-01,9.999994635581970215e-01,-9.999991059303283691e-01,9.999991655349731445e-01,-9.999992847442626953e-01,-9.999948143959045410e-01,-9.999988079071044922e-01,-9.999992847442626953e-01,9.999974370002746582e-01,9.999991655349731445e-01,-9.999984502792358398e-01,9.999844431877136230e-01,-9.999969601631164551e-01,9.998744130134582520e-01,-9.999987483024597168e-01
-9.999966621398925781e-01,9.999967217445373535e-01,9.999737739562988281e-01,-9.999967217445373535e-01,-9.999979138374328613e-01,9.999973773956298828e-01,-9.999841451644897461e-01,-9.999980330467224121e-01,9.999943375587463379e-01,-9.999938011169433594e-01,9.999940991401672363e-01,9.999980330467224121e-01,-9.999964833259582520e-01,-9.999959468841552734e-01,-9.999107122421264648e-01,-9.999960660934448242e-01,-9.999959468841552734e-01,9.999970197677612305e-01,-9.999578595161437988e-01,9.999981522560119629e-01,9.999980330467224121e-01,-9.999733567237854004e-01,-9.999958872795104980e-01,-9.999972581863403320e-01,-9.999788999557495117e-01,-9.999982118606567383e-01,9.999971389770507812e-01,9.999978542327880859e-01,-9.999489784240722656e-01,9.999931454658508301e-01,9.999940395355224609e-01,9.999974966049194336e-01,-9.999923706054687500e-01,-9.999961256980895996e-01,9.999942183494567871e-01,9.999877810478210449e-01,-9.999979734420776367e-01,-9.999975562095642090e-01,-9.999876022338867188e-01,9.999978542327880859e-01,-9.999971389770507812e-01,9.999951720237731934e-01,-9.998803138732910156e-01,-9.999974370002746582e-01,-9.999942183494567871e-01,-9.999958276748657227e-01,-9.999911189079284668e-01,-9.999957680702209473e-01,-9.999977350234985352e-01,9.999973773956298828e-01,9.999976158142089844e-01,9.999949336051940918e-01,9.999973177909851074e-01,9.999825358390808105e-01,9.999923110008239746e-01,9.999959468841552734e-01,9.999961256980895996e-01,-9.999614953994750977e-01,-9.999958276748657227e-01,-9.999962449073791504e-01,9.999918937683105469e-01,-9.999979734420776367e-01,-9.999969005584716797e-01,-9.999912977218627930e-01,9.999920725822448730e-01,9.999977350234985352e-01,9.999980330467224121e-01,9.999879002571105957e-01,9.999969005584716797e-01,-9.999979138374328613e-01,9.999974966049194336e-01,-9.999959468841552734e-01,-9.999939203262329102e-01,9.999784827232360840e-01,-9.996731877326965332e-01,9.999964237213134766e-01,-9.999786019325256348e-01,-9.999970793724060059e-01,9.999809861183166504e-01,9.999952316284179688e-01,9.998414516448974609e-01,-9.999957084655761719e-01,9.999977946281433105e-01,-9.999638795852661133e-01,9.999970793724060059e-01,9.999686479568481445e-01,-9.999877810478210449e-01,-9.999976754188537598e-01,9.999592304229736328e-01,-9.999960660934448242e-01,9.999969601631164551e-01,-9.999970197677612305e-01,9.999499917030334473e-01,9.999967813491821289e-01,-9.999973177909851074e-01,9.999957680702209473e-01,9.999625682830810547e-01,-9.999979734420776367e-01,9.999976754188537598e-01,-9.999824166297912598e-01,9.999955296516418457e-01,-9.999975562095642090e-01,9.999731779098510742e-01,9.999634027481079102e-01,-9.999972581863403320e-01,-9.999926090240478516e-01,-9.999694228172302246e-01,9.999954700469970703e-01,9.999902844429016113e-01,-9.999973773956298828e-01,9.999957084655761719e-01,-9.999974966049194336e-01,9.999963045120239258e-01,9.999830126762390137e-01,-9.999983310699462891e-01,9.999971389770507812e-01,-9.999972581863403320e-01,9.999977350234985352e-01,9.999840259552001953e-01,9.999964237213134766e-01,9.999978542327880859e-01,-9.999924898147583008e-01,-9.999974966049194336e-01,9.999954700469970703e-01,-9.999521374702453613e-01,9.999911189079284668e-01,-9.996134638786315918e-01,9.999960660934448242e-01
9.999964237213134766e-01,-9.999963045120239258e-01,-9.999711513519287109e-01,9.999963641166687012e-01,9.999977350234985352e-01,-9.999970197677612305e-01,9.999825358390808105e-01,9.999979138374328613e-01,-9.999938011169433594e-01,9.999930858612060547e-01,-9.999934434890747070e-01,-9.999977350234985352e-01,9.999961256980895996e-01,9.999955892562866211e-01,9.999017715454101562e-01,9.999957680702209473e-01,9.999955892562866211e-01,-9.999967217445373535e-01,9.999536871910095215e-01,-9.999979734420776367e-01,-9.999978542327880859e-01,9.999705553054809570e-01,9.999954700469970703e-01,9.999969601631164551e-01,9.999767541885375977e-01,9.999980330467224121e-01,-9.999969601631164551e-01,-9.999977946281433105e-01,9.999439120292663574e-01,-9.999924898147583008e-01,-9.999933242797851562e-01,-9.999972581863403320e-01,9.999915957450866699e-01,9.999957084655761719e-01,-9.999936819076538086e-01,-9.999865293502807617e-01,9.999978542327880859e-01,9.999973177909851074e-01,9.999864697456359863e-01,-9.999977350234985352e-01,9.999969601631164551e-01,-9.999946951866149902e-01,9.998684525489807129e-01,9.999971985816955566e-01,9.999936819076538086e-01,9.999954104423522949e-01,9.999902248382568359e-01,9.999952316284179688e-01,9.999976158142089844e-01,-9.999971389770507812e-01,-9.999974370002746582e-01,-9.999944567680358887e-01,-9.999969601631164551e-01,-9.999808073043823242e-01,-9.999914765357971191e-01,-9.999956488609313965e-01,-9.999957084655761719e-01,9.999576807022094727e-01,9.999954104423522949e-01,9.999957680702209473e-01,-9.999911189079284668e-01,9.999977946281433105e-01,9.999964833259582520e-01,9.999904036521911621e-01,-9.999912977218627930e-01,-9.999974966049194336e-01,-9.999978542327880859e-01,-9.999868273735046387e-01,-9.999965429306030273e-01,9.999977350234985352e-01,-9.999972581863403320e-01,9.999955892562866211e-01,9.999934434890747070e-01,-9.999763369560241699e-01,9.996405839920043945e-01,-9.999959468841552734e-01,9.999765157699584961e-01,9.999967813491821289e-01,-9.999791383743286133e-01,-9.999947547912597656e-01,-9.998256564140319824e-01,9.999952912330627441e-01,-9.999976158142089844e-01,9.999603629112243652e-01,-9.999967813491821289e-01,-9.999655485153198242e-01,9.999865293502807617e-01,9.999974370002746582e-01,-9.999551773071289062e-01,9.999957084655761719e-01,-9.999966621398925781e-01,9.999967217445373535e-01,-9.999449253082275391e-01,-9.999963641166687012e-01,9.999970793724060059e-01,-9.999952912330627441e-01,-9.999588131904602051e-01,9.999977946281433105e-01,-9.999974370002746582e-01,9.999806880950927734e-01,-9.999950528144836426e-01,9.999973177909851074e-01,-9.999704957008361816e-01,-9.999597072601318359e-01,9.999969601631164551e-01,9.999917745590209961e-01,9.999663233757019043e-01,-9.999949336051940918e-01,-9.999892711639404297e-01,9.999970197677612305e-01,-9.999952316284179688e-01,9.999971389770507812e-01,-9.999958276748657227e-01,-9.999812841415405273e-01,9.999980330467224121e-01,-9.999967813491821289e-01,9.999970197677612305e-01,-9.999974966049194336e-01,-9.999824762344360352e-01,-9.999959468841552734e-01,-9.999976158142089844e-01,9.999916553497314453e-01,9.999973177909851074e-01,-9.999949336051940918e-01,9.999473690986633301e-01,-9.999902248382568359e-01,9.995749592781066895e-01,-9.999957680702209473e-01
-9.999964833259582520e-01,9.999965429306030273e-01,9.999722242355346680e-01,-9.999965429306030273e-01,-9.999978542327880859e-01,9.999973177909851074e-01,-9.999832510948181152e-01,-9.999979138374328613e-01,9.999940991401672363e-01,-9.999934434890747070e-01,9.999936819076538086e-01,9.999979138374328613e-01,-9.999963641166687012e-01,-9.999957084655761719e-01,-9.999055266380310059e-01,-9.999959468841552734e-01,-9.999957680702209473e-01,9.999968409538269043e-01,-9.999555349349975586e-01,9.999981522560119629e-01,9.999979734420776367e-01,-9.999716877937316895e-01,-9.999957084655761719e-01,-9.999970793724060059e-01,-9.999776482582092285e-01,-9.999980926513671875e-01,9.999970793724060059e-01,9.999978542327880859e-01,-9.999460577964782715e-01,9.999927282333374023e-01,9.999936819076538086e-01,9.999973773956298828e-01,-9.999919533729553223e-01,-9.999959468841552734e-01,9.999939799308776855e-01,9.999870657920837402e-01,-9.999980330467224121e-01,-9.999974966049194336e-01,-9.999869465827941895e-01,9.999977946281433105e-01,-9.999970793724060059e-01,9.999949336051940918e-01,-9.998733401298522949e-01,-9.999973773956298828e-01,-9.999939203262329102e-01,-9.999955892562866211e-01,-9.999905824661254883e-01,-9.999954104423522949e-01,-9.999977350234985352e-01,9.999972581863403320e-01,9.999976754188537598e-01,9.999946355819702148e-01,9.999971985816955566e-01,9.999815225601196289e-01,9.999918341636657715e-01,9.999957680702209473e-01,9.999959468841552734e-01,-9.999592900276184082e-01,-9.999956488609313965e-01,-9.999960064888000488e-01,9.999914765357971191e-01,-9.999979138374328613e-01,-9.999967813491821289e-01,-9.999908208847045898e-01,9.999916553497314453e-01,9.999976158142089844e-01,9.999979734420776367e-01,9.999873042106628418e-01,9.999967813491821289e-01,-9.999977946281433105e-01,9.999974370002746582e-01,-9.999957680702209473e-01,-9.999936819076538086e-01,9.999772906303405762e-01,-9.996542334556579590e-01,9.999962449073791504e-01,-9.999774694442749023e-01,-9.999969005584716797e-01,9.999799728393554688e-01,9.999949336051940918e-01,9.998323321342468262e-01,-9.999954700469970703e-01,9.999977350234985352e-01,-9.999618530273437500e-01,9.999969005584716797e-01,9.999668598175048828e-01,-9.999870657920837402e-01,-9.999976158142089844e-01,9.999569654464721680e-01,-9.999959468841552734e-01,9.999967813491821289e-01,-9.999968409538269043e-01,9.999471306800842285e-01,9.999966025352478027e-01,-9.999971985816955566e-01,9.999955296516418457e-01,9.999604821205139160e-01,-9.999979138374328613e-01,9.999976158142089844e-01,-9.999815821647644043e-01,9.999952912330627441e-01,-9.999974370002746582e-01,9.999716877937316895e-01,9.999612569808959961e-01,-9.999971389770507812e-01,-9.999921917915344238e-01,-9.999676942825317383e-01,9.999951720237731934e-01,9.999896883964538574e-01,-9.999971389770507812e-01,9.999954700469970703e-01,-9.999973773956298828e-01,9.999961256980895996e-01,9.999820590019226074e-01,-9.999980926513671875e-01,9.999969601631164551e-01,-9.999971985816955566e-01,9.999976754188537598e-01,9.999831318855285645e-01,9.999963045120239258e-01,9.999977946281433105e-01,-9.999920129776000977e-01,-9.999974966049194336e-01,9.999951720237731934e-01,-9.999494552612304688e-01,9.999905824661254883e-01,-9.995911121368408203e-01,9.999960064888000488e-01
-9.999988675117492676e-01,9.999988675117492676e-01,9.999905824661254883e-01,-9.999988079071044922e-01,-9.999992847442626953e-01,9.999991059303283691e-01,-9.999942779541015625e-01,-9.999993443489074707e-01,9.999980330467224121e-01,-9.999977350234985352e-01,9.999979138374328613e-01,9.999992847442626953e-01,-9.999987483024597168e-01,-9.999986886978149414e-01,-9.999679327011108398e-01,-9.999986886978149414e-01,-9.999985694885253906e-01,9.999989271163940430e-01,-9.999848008155822754e-01,9.999994039535522461e-01,9.999994039535522461e-01,-9.999904036521911621e-01,-9.999985694885253906e-01,-9.999990463256835938e-01,-9.999924302101135254e-01,-9.999994635581970215e-01,9.999990463256835938e-01,9.999993443489074707e-01,-9.999817013740539551e-01,9.999975562095642090e-01,9.999977946281433105e-01,9.999991655349731445e-01,-9.999973177909851074e-01,-9.999986290931701660e-01,9.999979734420776367e-01,9.999956488609313965e-01,-9.999993443489074707e-01,-9.999992847442626953e-01,-9.999955892562866211e-01,9.999993443489074707e-01,-9.999990463256835938e-01,9.999982714653015137e-01,-9.999570846557617188e-01,-9.999991655349731445e-01,-9.999979734420776367e-01,-9.999985098838806152e-01,-9.999968409538269043e-01,-9.999984502792358398e-01,-9.999992251396179199e-01,9.999991059303283691e-01,9.999992251396179199e-01,9.999982714653015137e-01,9.999991059303283691e-01,9.999938011169433594e-01,9.999971985816955566e-01,9.999985694885253906e-01,9.999986290931701660e-01,-9.999861717224121094e-01,-9.999985098838806152e-01,-9.999986290931701660e-01,9.999970793724060059e-01,-9.999993443489074707e-01,-9.999989271163940430e-01,-9.999967813491821289e-01,9.999971389770507812e-01,9.999992847442626953e-01,9.999993443489074707e-01,9.999957680702209473e-01,9.999988675117492676e-01,-9.999992847442626953e-01,9.999992847442626953e-01,-9.999986290931701660e-01,-9.999977946281433105e-01,9.999922513961791992e-01,-9.998826980590820312e-01,9.999987483024597168e-01,-9.999924302101135254e-01,-9.999989867210388184e-01,9.999932646751403809e-01,9.999982714653015137e-01,9.999430179595947266e-01,-9.999985098838806152e-01,9.999993443489074707e-01,-9.999871253967285156e-01,9.999989867210388184e-01,9.999887347221374512e-01,-9.999955892562866211e-01,-9.999992251396179199e-01,9.999855160713195801e-01,-9.999986886978149414e-01,9.999989867210388184e-01,-9.999989271163940430e-01,9.999820590019226074e-01,9.999988675117492676e-01,-9.999991059303283691e-01,9.999985098838806152e-01,9.999867081642150879e-01,-9.999994039535522461e-01,9.999992251396179199e-01,-9.999938011169433594e-01,9.999984502792358398e-01,-9.999991655349731445e-01,9.999904036521911621e-01,9.999869465827941895e-01,-9.999990463256835938e-01,-9.999973177909851074e-01,-9.999890923500061035e-01,9.999983310699462891e-01,9.999964237213134766e-01,-9.999991655349731445e-01,9.999985098838806152e-01,-9.999992251396179199e-01,9.999987483024597168e-01,9.999939799308776855e-01,-9.999994635581970215e-01,9.999989867210388184e-01,-9.999991059303283691e-01,9.999992251396179199e-01,9.999944567680358887e-01,9.999988079071044922e-01,9.999992847442626953e-01,-9.999972581863403320e-01,-9.999991655349731445e-01,9.999983310699462891e-01,-9.999828934669494629e-01,9.999967813491821289e-01,-9.998611807823181152e-01,9.999986886978149414e-01
