5.132830739021301270e-01,-1.638140901923179626e-02,4.097784310579299927e-02,3.619357245042920113e-03,1.348843127489089966e-01,-2.221996523439884186e-02,1.546018105000257492e-02,2.837774753570556641e-01,5.683327093720436096e-02,3.504625055938959122e-03,-6.730247288942337036e-02,-6.274131592363119125e-03,-4.227681085467338562e-02,5.333035588264465332e-01,1.750120818614959717e-01,9.045656770467758179e-03,-5.161513108760118484e-03,-8.749519288539886475e-02,1.678133159875869751e-01,1.883609592914581299e-02,-2.315606027841567993e-01,-7.204210013151168823e-02,8.828998543322086334e-03,-1.864981092512607574e-02,-2.842668071389198303e-02,-2.297668606042861938e-01,5.942708998918533325e-02,-1.859008073806762695e-01,-8.613650500774383545e-02,-2.524605691432952881e-01,-1.193720772862434387e-01,7.863979041576385498e-02,-7.014649361371994019e-02,4.698905721306800842e-02,-3.359712287783622742e-02,3.078924957662820816e-03,-2.424601092934608459e-02,-2.244675718247890472e-02,-1.347858905792236328e-01,-2.855394780635833740e-01,-3.949154913425445557e-02,1.099246516823768616e-01,-8.683174848556518555e-02,1.240273844450712204e-02,2.715840637683868408e-01,-1.706552803516387939e-01,-4.340144991874694824e-02,-8.030203729867935181e-02,-3.455070545896887779e-03,3.009977377951145172e-02,9.142269380390644073e-03,-1.334110647439956665e-01,1.537693198770284653e-02,-8.036570996046066284e-02,-3.342040255665779114e-02,-3.537187725305557251e-02,4.724742099642753601e-02,6.235761567950248718e-03,-1.954478211700916290e-03,5.399773363023996353e-03,9.004933387041091919e-02,-2.366943517699837685e-03,1.415554154664278030e-02,-1.481589768081903458e-02,-7.546944171190261841e-02,6.340677291154861450e-02,-2.118781208992004395e-02,6.575339287519454956e-02,4.871797561645507812e-02,9.104132652282714844e-02,-2.637231163680553436e-02,-2.972717285156250000e-01,4.691351950168609619e-02,-1.308266539126634598e-02,-1.289702672511339188e-02,-5.656020715832710266e-02,-4.674172028899192810e-03,6.118153687566518784e-03,-1.733570545911788940e-01,2.026347629725933075e-02,-7.182423770427703857e-02,1.139058265835046768e-03,-1.391417980194091797e-01,-1.009139511734247208e-02,-7.571368664503097534e-02,4.378386365715414286e-04,1.810694187879562378e-01,-1.001225970685482025e-02,-5.410157889127731323e-02,-8.182365447282791138e-03,-2.240768866613507271e-03,-2.209542877972126007e-02,1.664739996194839478e-01,-1.135518699884414673e-01,1.223738789558410645e-01,-6.300396472215652466e-02,2.499830275774002075e-01,-4.866641756962053478e-05,-3.570516780018806458e-02,7.248337566852569580e-02,-3.325826302170753479e-02,1.825463213026523590e-02,7.290147244930267334e-02,5.055652931332588196e-03,-2.533770799636840820e-01,1.590818464756011963e-01,2.037192881107330322e-01,7.910908758640289307e-02,-1.259458661079406738e-01,3.452734276652336121e-02,1.302304416894912720e-01,6.335996091365814209e-02,6.925198435783386230e-02,-3.279270231723785400e-01,2.513029612600803375e-02,4.781004786491394043e-02,2.656980454921722412e-01,-2.076515555381774902e-01,-2.224372625350952148e-01,-2.945100888609886169e-02,-1.503240317106246948e-01,6.196991354227066040e-02,1.215692516416311264e-02,6.028818339109420776e-02,9.885045140981674194e-02,-8.420421928167343140e-02,-2.809038013219833374e-02,1.351612806320190430e-02
-1.638140901923179626e-02,2.651960402727127075e-02,-1.377222537994384766e-01,5.342059582471847534e-02,6.901550292968750000e-02,1.101930066943168640e-02,-1.281852554529905319e-02,5.306001752614974976e-02,1.135946877184323967e-04,1.699757762253284454e-02,2.879326976835727692e-02,-3.567482531070709229e-02,1.152202114462852478e-01,9.382463060319423676e-03,1.102851778268814087e-01,1.090003028512001038e-01,-1.068129669874906540e-03,1.138250157237052917e-01,-3.209831565618515015e-02,-5.885966494679450989e-02,1.125003676861524582e-02,1.336211264133453369e-01,7.312551885843276978e-02,2.706003561615943909e-02,1.133469212800264359e-02,1.538973748683929443e-01,-1.349635124206542969e-01,-3.910256177186965942e-02,9.597461670637130737e-02,1.180352363735437393e-02,2.971941232681274414e-02,-1.226820051670074463e-01,7.952416688203811646e-02,5.679097399115562439e-02,5.178865045309066772e-03,-1.235563084483146667e-01,6.923576816916465759e-03,2.730914205312728882e-02,-7.816755026578903198e-02,-9.437012672424316406e-02,1.256512850522994995e-01,-1.248951908200979233e-02,1.380053311586380005e-01,1.309878937900066376e-02,-9.698531590402126312e-03,-9.144607186317443848e-02,-1.303666085004806519e-01,-2.150717191398143768e-02,-2.397108823060989380e-02,2.147622220218181610e-02,6.358813028782606125e-03,-1.311686588451266289e-03,2.121756784617900848e-02,-1.744543947279453278e-02,-1.937730982899665833e-02,-1.189285144209861755e-01,2.953333221375942230e-02,1.127149164676666260e-02,-1.065998524427413940e-01,-4.641002789139747620e-02,1.693046651780605316e-02,-1.782884006388485432e-03,5.373793654143810272e-03,2.570077404379844666e-02,1.101269759237766266e-02,-2.519213594496250153e-02,5.832059308886528015e-02,1.385328024625778198e-01,-1.325710415840148926e-01,1.315499655902385712e-02,-7.057550549507141113e-02,1.898811943829059601e-02,-2.735239826142787933e-02,1.122987866401672363e-01,-3.578396886587142944e-02,-9.648554027080535889e-02,-5.933309905230998993e-03,1.304773837327957153e-01,-1.269073691219091415e-02,-1.011366993188858032e-01,1.163871139287948608e-01,2.721449127420783043e-03,-1.023876294493675232e-01,7.830320857465267181e-03,-8.568904548883438110e-02,-1.287246644496917725e-01,7.296617329120635986e-02,1.058019232004880905e-02,7.133465260267257690e-02,6.601865869015455246e-03,-3.644169867038726807e-02,-2.585432678461074829e-02,-1.059706658124923706e-01,4.048160463571548462e-02,-8.856362104415893555e-02,4.470389336347579956e-03,8.437817543745040894e-02,-4.616462392732501030e-04,-8.920869231224060059e-02,2.440817654132843018e-02,3.047613972739782184e-05,3.353316336870193481e-02,-1.148313507437705994e-01,-1.215259917080402374e-02,1.403528451919555664e-01,-4.401577170938253403e-03,-7.287928462028503418e-02,-1.127408891916275024e-01,-1.606508158147335052e-02,-1.805482804775238037e-02,7.742620259523391724e-02,-5.536100827157497406e-03,-1.071723029017448425e-01,-1.811639592051506042e-02,1.489802449941635132e-01,-1.318105757236480713e-01,5.374684557318687439e-02,5.333049595355987549e-02,-1.183547005057334900e-01,2.662042714655399323e-02,9.805732220411300659e-02,1.035576537251472473e-01,1.111770421266555786e-01,-5.772251263260841370e-02,-1.084833964705467224e-01,-4.147323593497276306e-02,-5.585036706179380417e-03,5.031372979283332825e-02
4.097784310579299927e-02,-1.377222537994384766e-01,7.931178808212280273e-01,-3.686871528625488281e-01,-3.696481585502624512e-01,-1.609626263380050659e-01,5.097405519336462021e-03,-3.461599349975585938e-01,1.807973720133304596e-02,-1.202549487352371216e-01,-1.714267581701278687e-01,2.376658618450164795e-01,-6.315219402313232422e-01,-1.594791710376739502e-01,-6.573480963706970215e-01,-6.358122825622558594e-01,-1.238806080073118210e-02,-6.039622426033020020e-01,1.939507275819778442e-01,3.957682549953460693e-01,-4.720636084675788879e-02,-7.629100084304809570e-01,-5.327834486961364746e-01,-2.337613515555858612e-02,-6.690251827239990234e-02,-7.740089297294616699e-01,7.452257275581359863e-01,1.201076582074165344e-01,-6.098088026046752930e-01,8.216978050768375397e-03,-1.682495921850204468e-01,7.209643125534057617e-01,-4.992697238922119141e-01,-4.190611839294433594e-01,-1.476346980780363083e-02,7.224467992782592773e-01,-3.859996795654296875e-02,-1.660614013671875000e-01,5.324712991714477539e-01,6.103395819664001465e-01,-7.005460858345031738e-01,5.255267396569252014e-02,-7.176053524017333984e-01,-8.557643741369247437e-02,-1.313882973045110703e-02,6.464921832084655762e-01,7.550759911537170410e-01,1.452505439519882202e-01,1.154785305261611938e-01,-2.936973236501216888e-02,-6.617610156536102295e-02,2.557441219687461853e-02,-1.083580106496810913e-01,1.668914258480072021e-01,1.018947288393974304e-01,7.116245031356811523e-01,-2.067575007677078247e-01,-7.363329827785491943e-02,5.881685018539428711e-01,2.983925044536590576e-01,-5.640520155429840088e-02,-5.134823918342590332e-02,-3.907897695899009705e-02,-2.246454656124114990e-01,-7.414334267377853394e-02,1.438273191452026367e-01,-3.113674521446228027e-01,-7.457658052444458008e-01,7.362400293350219727e-01,-4.185038059949874878e-02,4.806005656719207764e-01,-3.771768650040030479e-03,1.570938974618911743e-01,-7.017621994018554688e-01,1.985099911689758301e-01,5.456699728965759277e-01,3.370831534266471863e-02,-7.934733033180236816e-01,1.382250338792800903e-01,6.569604873657226562e-01,-7.201395630836486816e-01,-1.923880167305469513e-02,5.887686610221862793e-01,-4.047488048672676086e-02,5.646712183952331543e-01,6.657016277313232422e-01,-4.647351205348968506e-01,-5.861316248774528503e-02,-4.237147271633148193e-01,-7.085844129323959351e-02,2.213260978460311890e-01,1.759767234325408936e-01,6.159569621086120605e-01,-2.311514765024185181e-01,5.578542351722717285e-01,1.970769651234149933e-02,-5.088034868240356445e-01,3.099953755736351013e-03,5.797317028045654297e-01,-2.059536129236221313e-01,4.889779165387153625e-02,-2.591951489448547363e-01,6.990237832069396973e-01,7.552852481603622437e-02,-7.764036655426025391e-01,-1.241065263748168945e-01,4.914577603340148926e-01,6.613236069679260254e-01,9.259315580129623413e-02,1.102332398295402527e-01,-5.318141579627990723e-01,1.563448607921600342e-01,6.391788125038146973e-01,-3.295236825942993164e-02,-7.844673395156860352e-01,7.216529846191406250e-01,-3.559852540493011475e-01,-3.700300157070159912e-01,7.411327362060546875e-01,-1.758048981428146362e-01,-6.374706029891967773e-01,-6.676306128501892090e-01,-6.774247884750366211e-01,3.066402077674865723e-01,6.863192915916442871e-01,3.563422560691833496e-01,1.346367318183183670e-02,-3.319574594497680664e-01
3.619357245042920113e-03,5.342059582471847534e-02,-3.686871528625488281e-01,3.164484798908233643e-01,1.315832287073135376e-01,1.506912261247634888e-01,-4.126458242535591125e-02,2.013759315013885498e-01,-2.766731195151805878e-02,4.930319264531135559e-02,-1.899171504192054272e-03,-1.142952591180801392e-01,2.309823334217071533e-01,1.256312280893325806e-01,2.846434414386749268e-01,2.395655512809753418e-01,9.611874818801879883e-03,3.269587755203247070e-01,-1.071906313300132751e-01,-1.190165132284164429e-01,-1.277020126581192017e-01,3.878276348114013672e-01,2.316821366548538208e-01,-7.694285362958908081e-02,4.849614948034286499e-02,3.409872651100158691e-01,-3.040945827960968018e-01,2.493854239583015442e-02,2.030850946903228760e-01,4.900616034865379333e-02,5.496049299836158752e-02,-3.989827632904052734e-01,3.012607991695404053e-01,1.262613087892532349e-01,1.527857501059770584e-02,-3.329653143882751465e-01,4.012046754360198975e-02,6.623788177967071533e-02,-1.517968922853469849e-01,-4.084005355834960938e-01,3.532204031944274902e-01,2.963033621199429035e-04,3.149047493934631348e-01,3.471833094954490662e-02,3.759402083232998848e-03,-2.198973745107650757e-01,-3.087689876556396484e-01,-1.229728758335113525e-01,-6.277707964181900024e-02,6.052635237574577332e-02,3.927210718393325806e-02,-2.573957317508757114e-04,1.280613243579864502e-01,-2.090045958757400513e-01,5.961558222770690918e-02,-3.182066977024078369e-01,9.568249434232711792e-02,2.590161003172397614e-02,-2.049341946840286255e-01,-1.674410551786422729e-01,-3.246965631842613220e-02,6.077411398291587830e-02,2.402556315064430237e-02,1.259013414382934570e-01,2.961332164704799652e-02,-6.609860807657241821e-02,1.199826300144195557e-01,3.764008581638336182e-01,-3.329703807830810547e-01,-3.548469394445419312e-02,-2.303415089845657349e-01,1.294708251953125000e-01,-1.073704138398170471e-01,3.154606819152832031e-01,-1.024462357163429260e-01,-2.719183564186096191e-01,-5.494199693202972412e-03,3.636330962181091309e-01,-2.311905026435852051e-01,-3.372489809989929199e-01,4.618744850158691406e-01,8.778877556324005127e-03,-2.050070166587829590e-01,2.246743068099021912e-02,-3.287175893783569336e-01,-1.931554675102233887e-01,8.769182115793228149e-02,2.307686768472194672e-02,1.040276661515235901e-01,2.975877188146114349e-02,-6.775707006454467773e-02,-1.449317187070846558e-01,-3.795462548732757568e-01,1.588932871818542480e-01,-2.832914292812347412e-01,-4.199640452861785889e-02,2.011370509862899780e-01,-1.425410620868206024e-03,-2.004158347845077515e-01,1.527032852172851562e-01,9.208208066411316395e-04,5.521056801080703735e-02,-3.582952022552490234e-01,-2.931763418018817902e-02,4.077521860599517822e-01,1.805261522531509399e-01,-3.522776365280151367e-01,-3.234179615974426270e-01,3.884370997548103333e-02,-4.574159160256385803e-02,3.941422104835510254e-01,-1.312876045703887939e-01,-3.391106128692626953e-01,1.370398327708244324e-02,3.722538650035858154e-01,-3.041638731956481934e-01,1.025613024830818176e-01,1.609621644020080566e-01,-4.034351706504821777e-01,1.102478653192520142e-01,2.378282696008682251e-01,2.924649715423583984e-01,3.102284669876098633e-01,-1.115435212850570679e-01,-2.939764261245727539e-01,-1.661721467971801758e-01,-9.285856969654560089e-03,1.982633620500564575e-01
1.348843127489089966e-01,6.901550292968750000e-02,-3.696481585502624512e-01,1.315832287073135376e-01,2.758950591087341309e-01,1.264606136828660965e-02,-1.082684472203254700e-02,2.559666633605957031e-01,9.723377414047718048e-03,4.855586215853691101e-02,5.676100775599479675e-02,-9.610050916671752930e-02,3.007730841636657715e-01,1.881584078073501587e-01,3.761850893497467041e-01,3.141312897205352783e-01,-9.607855230569839478e-03,2.771554291248321533e-01,-2.938203513622283936e-02,-1.658791899681091309e-01,-1.238311827182769775e-02,3.389884531497955322e-01,1.801875382661819458e-01,1.095497384667396545e-01,1.340723969042301178e-02,3.410387039184570312e-01,-3.619081974029541016e-01,-2.145157158374786377e-01,2.650095820426940918e-01,-1.014279797673225403e-01,3.995124250650405884e-02,-2.766485214233398438e-01,1.806080043315887451e-01,1.617598235607147217e-01,3.041284391656517982e-03,-3.242997229099273682e-01,4.647982306778430939e-03,6.978852301836013794e-02,-3.094452023506164551e-01,-3.461191058158874512e-01,3.408684730529785156e-01,8.768630214035511017e-03,3.574431240558624268e-01,4.297950491309165955e-02,7.438844442367553711e-02,-3.162094950675964355e-01,-4.009745419025421143e-01,-8.744224160909652710e-02,-6.182357668876647949e-02,9.195603430271148682e-02,1.757054775953292847e-02,-5.674495175480842590e-02,4.873551800847053528e-02,-4.821708053350448608e-02,-8.703992515802383423e-02,-3.439885079860687256e-01,9.231417626142501831e-02,3.414938971400260925e-02,-3.286455869674682617e-01,-1.181907877326011658e-01,9.622266888618469238e-02,-2.021146193146705627e-02,1.867715083062648773e-02,7.816468924283981323e-02,1.378555037081241608e-02,-4.332767054438591003e-02,1.701253950595855713e-01,4.126045703887939453e-01,-3.278834521770477295e-01,1.056202948093414307e-01,-2.128361612558364868e-01,-8.308275789022445679e-02,-2.829683199524879456e-02,2.960836291313171387e-01,-1.073030382394790649e-01,-3.324271440505981445e-01,-2.072655595839023590e-02,3.602434098720550537e-01,-8.135324716567993164e-02,-2.570113539695739746e-01,2.780618369579315186e-01,7.239374797791242599e-03,-3.627641499042510986e-01,1.739900745451450348e-02,-2.724179029464721680e-01,-3.908745348453521729e-01,3.177998065948486328e-01,2.584424242377281189e-02,1.879881173372268677e-01,1.164700184017419815e-02,-1.260137110948562622e-01,-6.499508768320083618e-02,-2.038329243659973145e-01,3.953364118933677673e-02,-1.894638985395431519e-01,8.372268639504909515e-03,3.701825737953186035e-01,-1.267319195903837681e-03,-2.547675967216491699e-01,9.560305625200271606e-02,-1.178484316915273666e-02,1.186493262648582458e-01,-2.690939009189605713e-01,-3.400644287467002869e-02,2.952979803085327148e-01,4.122006893157958984e-02,-1.063901185989379883e-01,-2.791635990142822266e-01,-1.356871575117111206e-01,-3.512317687273025513e-02,1.846853047609329224e-01,2.950721979141235352e-02,-2.476568371057510376e-01,-2.006670236587524414e-01,4.452910125255584717e-01,-3.687265217304229736e-01,2.584695219993591309e-01,6.388241797685623169e-02,-4.011741280555725098e-01,5.239527672529220581e-02,2.401622533798217773e-01,3.057714700698852539e-01,3.053748011589050293e-01,-1.502346247434616089e-01,-2.425937354564666748e-01,-1.317837089300155640e-01,-2.909202501177787781e-02,1.555366665124893188e-01
-2.221996523439884186e-02,1.101930066943168640e-02,-1.609626263380050659e-01,1.506912261247634888e-01,1.264606136828660965e-02,2.143291085958480835e-01,9.508008952252566814e-04,1.085030287504196167e-01,-8.829213678836822510e-02,2.972058020532131195e-03,1.692945882678031921e-02,-4.326565191149711609e-02,2.944158576428890228e-02,6.079126149415969849e-02,7.655686140060424805e-02,5.331538617610931396e-02,9.222709923051297665e-04,7.300596684217453003e-02,-4.810570925474166870e-02,-7.064162194728851318e-02,5.361954495310783386e-02,1.492914706468582153e-01,1.466479897499084473e-01,-4.725311696529388428e-02,1.051326561719179153e-02,5.005726218223571777e-02,-9.878934919834136963e-02,4.960253462195396423e-02,1.623174548149108887e-01,-4.865576326847076416e-02,5.863580107688903809e-02,-1.127348914742469788e-01,6.703486293554306030e-02,1.030412390828132629e-01,-6.127324420958757401e-03,-1.059129163622856140e-01,1.681215688586235046e-02,1.735977083444595337e-02,-4.613701254129409790e-02,-1.661705821752548218e-01,5.325138941407203674e-02,-1.191584765911102295e-02,1.426487267017364502e-01,1.689768023788928986e-02,7.224888354539871216e-02,-7.743075489997863770e-02,-9.249799698591232300e-02,-4.501920193433761597e-02,-4.934144020080566406e-02,-3.655094280838966370e-02,1.024565622210502625e-01,-7.108848541975021362e-02,3.311359882354736328e-02,-1.374807953834533691e-01,2.170143648982048035e-03,-1.284448653459548950e-01,4.592511430382728577e-02,1.094747427850961685e-02,-2.866261452436447144e-02,-5.508553981781005859e-02,4.064247012138366699e-03,1.723257824778556824e-02,8.089517243206501007e-03,-2.444900572299957275e-02,9.308415465056896210e-03,-6.636024452745914459e-03,3.227064013481140137e-02,1.100420430302619934e-01,-9.242248535156250000e-02,-1.532554160803556442e-02,-8.486214280128479004e-02,-7.640491425991058350e-02,-1.583021692931652069e-02,9.518263489007949829e-02,2.348232228541746736e-04,-6.792728602886199951e-02,3.364015137776732445e-03,1.413524001836776733e-01,-6.452260166406631470e-02,-1.280047893524169922e-01,1.781595945358276367e-01,3.640107810497283936e-03,-8.163683861494064331e-02,-1.519460784038528800e-04,-8.393578976392745972e-02,5.362253170460462570e-03,5.011938139796257019e-02,6.758484523743391037e-03,-4.334240406751632690e-02,1.790338195860385895e-02,-1.434172317385673523e-02,-4.148213565349578857e-02,-1.203265190124511719e-01,5.479258298873901367e-02,-7.625326514244079590e-02,-6.975386291742324829e-02,7.767425477504730225e-02,-4.646597662940621376e-04,-9.084337204694747925e-02,2.363265678286552429e-02,-3.622904419898986816e-02,-1.591422595083713531e-02,-1.024335175752639771e-01,-7.655082736164331436e-03,1.326760649681091309e-01,1.693111062049865723e-01,-1.214437335729598999e-01,-1.131417080760002136e-01,9.724543988704681396e-02,-9.972962550818920135e-03,1.209216192364692688e-01,-1.158962100744247437e-01,-1.201863661408424377e-01,9.005501121282577515e-02,1.461284309625625610e-01,-5.811846256256103516e-02,4.278472065925598145e-02,9.282607585191726685e-02,-1.412273645401000977e-01,3.292696923017501831e-02,1.023955643177032471e-01,8.395843952894210815e-02,8.689983189105987549e-02,9.408664889633655548e-03,-1.513641029596328735e-01,-4.432548582553863525e-02,5.760067608207464218e-03,1.072929874062538147e-01
1.546018105000257492e-02,-1.281852554529905319e-02,5.097405519336462021e-03,-4.126458242535591125e-02,-1.082684472203254700e-02,9.508008952252566814e-04,8.548910915851593018e-02,-3.525038063526153564e-02,-9.437543922103941441e-04,1.317859534174203873e-02,-9.518836741335690022e-04,6.520974449813365936e-03,-5.062173306941986084e-02,-3.016979433596134186e-03,-1.290875859558582306e-02,-2.747480571269989014e-02,8.094797842204570770e-03,-8.394987881183624268e-02,3.197601530700922012e-03,-2.669720724225044250e-02,1.512707676738500595e-02,-3.139344602823257446e-02,-9.240691550076007843e-03,-2.343155071139335632e-02,-1.126242056488990784e-02,-3.261966630816459656e-02,2.468178421258926392e-02,3.229355812072753906e-02,1.682030782103538513e-02,-7.810271531343460083e-02,-3.103242022916674614e-03,2.808305062353610992e-02,-1.278935000300407410e-02,1.444183988496661186e-03,-6.513755768537521362e-03,3.784642741084098816e-02,-1.344771403819322586e-02,-2.483896445482969284e-03,-5.736275762319564819e-02,1.896700821816921234e-02,-1.064268127083778381e-02,1.852588914334774017e-02,-6.616513431072235107e-02,7.360428571701049805e-04,-3.035184694454073906e-03,-7.044422626495361328e-02,-1.499856729060411453e-02,9.837158955633640289e-03,4.295588657259941101e-02,-2.659550122916698456e-02,-8.589594624936580658e-03,1.128853484988212585e-02,-4.292369261384010315e-02,4.852639883756637573e-02,-1.376865152269601822e-02,2.385208196938037872e-02,-1.338251959532499313e-02,-1.062505063600838184e-03,-3.788646077737212181e-03,1.639411412179470062e-02,-2.209632471203804016e-02,2.151907049119472504e-02,3.788965696003288031e-04,7.819602638483047485e-02,2.024311944842338562e-02,9.619699791073799133e-03,-2.147863246500492096e-02,-3.789724037051200867e-02,4.702216014266014099e-02,2.474995702505111694e-02,-1.151104550808668137e-02,-6.790235638618469238e-02,4.286194965243339539e-02,-1.033106702379882336e-03,7.678707595914602280e-03,-2.202467061579227448e-02,-2.409047679975628853e-03,2.679118700325489044e-02,8.530551567673683167e-03,2.448396570980548859e-02,-1.562873274087905884e-02,-1.045910175889730453e-04,7.382484618574380875e-03,-6.227871403098106384e-03,-1.115573011338710785e-02,7.366219535470008850e-03,6.954628229141235352e-02,-5.597751121968030930e-03,2.383931726217269897e-02,1.113048754632472992e-02,-2.196913026273250580e-02,1.469735242426395416e-02,4.748651012778282166e-02,-3.919453918933868408e-02,1.583987846970558167e-02,-1.981063978746533394e-03,1.656807772815227509e-02,-5.707423406420275569e-05,2.733531408011913300e-03,1.967759616672992706e-02,-2.165158838033676147e-02,6.868045777082443237e-02,2.146412804722785950e-02,-1.610551407793536782e-04,1.765228575095534325e-03,4.549776762723922729e-02,-2.364870393648743629e-03,4.803307354450225830e-02,-8.547791093587875366e-02,1.785266329534351826e-03,-5.638193339109420776e-02,-4.397849738597869873e-02,6.739056110382080078e-02,6.238941848278045654e-02,-4.000937193632125854e-02,6.954375654458999634e-03,1.324252225458621979e-02,-2.432194305583834648e-03,-2.461218461394309998e-02,-1.059308648109436035e-02,4.694957286119461060e-02,2.000245265662670135e-02,-1.316627673804759979e-02,4.464050754904747009e-03,2.280409075319766998e-02,-4.081230610609054565e-02,1.092829927802085876e-02,-3.705439448822289705e-04
2.837774753570556641e-01,5.306001752614974976e-02,-3.461599349975585938e-01,2.013759315013885498e-01,2.559666633605957031e-01,1.085030287504196167e-01,-3.525038063526153564e-02,4.463282227516174316e-01,-2.537479624152183533e-02,3.085539676249027252e-02,5.154566466808319092e-02,-1.111606806516647339e-01,2.665340900421142578e-01,3.880043923854827881e-01,4.042161107063293457e-01,2.931572198867797852e-01,-1.090065203607082367e-02,2.308351695537567139e-01,1.487410720437765121e-02,-1.361861974000930786e-01,-8.383404463529586792e-03,3.450127243995666504e-01,2.383420169353485107e-01,2.775757573544979095e-03,7.934616878628730774e-03,2.123394310474395752e-01,-3.154455721378326416e-01,-1.884298771619796753e-01,2.964614629745483398e-01,-1.545355170965194702e-01,6.563469301909208298e-03,-2.425035536289215088e-01,1.148805543780326843e-01,2.203905582427978516e-01,-1.906695589423179626e-02,-3.451874256134033203e-01,5.026225000619888306e-03,6.288810819387435913e-02,-3.377442061901092529e-01,-4.658191204071044922e-01,2.698943316936492920e-01,2.507870085537433624e-02,3.250211179256439209e-01,4.777846857905387878e-02,2.605515122413635254e-01,-3.528577387332916260e-01,-3.914757668972015381e-01,-1.098563820123672485e-01,-8.658397942781448364e-02,1.329404115676879883e-02,9.121255576610565186e-02,-1.285807341337203979e-01,6.577453762292861938e-02,-1.912511885166168213e-01,-1.016597226262092590e-01,-3.706038594245910645e-01,1.414540559053421021e-01,4.103977978229522705e-02,-2.142356783151626587e-01,-1.228470578789710999e-01,1.108723208308219910e-01,-1.226445753127336502e-02,2.222664095461368561e-02,-5.580018833279609680e-02,-1.377941295504570007e-02,-1.649787649512290955e-02,1.271168887615203857e-01,3.787580430507659912e-01,-3.209342360496520996e-01,4.352275282144546509e-02,-2.333094775676727295e-01,-2.451082766056060791e-01,-3.605292364954948425e-02,3.057198524475097656e-01,-7.191118597984313965e-02,-2.390605658292770386e-01,-1.507514622062444687e-02,3.560096621513366699e-01,-1.612671017646789551e-01,-2.963644564151763916e-01,2.837602496147155762e-01,8.596517145633697510e-03,-3.720103204250335693e-01,1.413771230727434158e-02,-2.622848451137542725e-01,-3.080675303936004639e-01,2.859140634536743164e-01,2.369907125830650330e-02,9.126215428113937378e-02,2.233497053384780884e-02,-9.341872483491897583e-02,-6.569039076566696167e-02,-1.560968756675720215e-01,-1.351374480873346329e-02,-1.470271944999694824e-01,-5.010204762220382690e-02,3.899398446083068848e-01,-1.247478183358907700e-03,-2.720384001731872559e-01,1.172434464097023010e-01,-4.349486902356147766e-02,7.900270074605941772e-02,-2.580065727233886719e-01,-3.274134919047355652e-02,2.173746824264526367e-01,1.392324864864349365e-01,-2.677203342318534851e-02,-2.850377857685089111e-01,-3.364041820168495178e-02,-1.590572111308574677e-02,2.746485173702239990e-01,2.568382583558559418e-02,-2.645761072635650635e-01,-2.225677371025085449e-01,4.533877074718475342e-01,-3.089419901371002197e-01,3.146435022354125977e-01,4.341024905443191528e-02,-4.662974476814270020e-01,4.406232014298439026e-02,1.597331166267395020e-01,2.966893613338470459e-01,2.658542692661285400e-01,-2.897175960242748260e-02,-2.549178004264831543e-01,-1.401931792497634888e-01,-3.121798299252986908e-02,1.745869815349578857e-01
5.683327093720436096e-02,1.135946877184323967e-04,1.807973720133304596e-02,-2.766731195151805878e-02,9.723377414047718048e-03,-8.829213678836822510e-02,-9.437543922103941441e-04,-2.537479624152183533e-02,6.580657511949539185e-02,1.456046104431152344e-02,-1.688252203166484833e-02,-1.652760547585785389e-03,2.700196951627731323e-02,5.027225986123085022e-02,2.968450821936130524e-02,1.240850798785686493e-02,7.127207703888416290e-03,4.553968086838722229e-03,2.178667113184928894e-02,1.482660230249166489e-02,-1.125690191984176636e-01,-1.294428668916225433e-02,-2.078715153038501740e-02,-1.830812729895114899e-02,4.656175151467323303e-03,2.820816822350025177e-02,2.578228944912552834e-03,-3.272044239565730095e-03,-7.953347265720367432e-02,2.892645448446273804e-02,-3.732223063707351685e-02,-4.084336385130882263e-02,3.545109555125236511e-02,-1.873020641505718231e-02,3.658649278804659843e-03,-1.175317727029323578e-02,-3.238664241507649422e-03,-4.101497470401227474e-04,2.665201900526881218e-04,-2.054493129253387451e-02,3.988736122846603394e-02,1.974523812532424927e-02,-4.453438147902488708e-02,-2.750572981312870979e-03,-3.551676496863365173e-02,-4.161990433931350708e-02,-5.828029010444879532e-03,-5.098756402730941772e-03,2.351720258593559265e-02,1.972607523202896118e-02,-6.234272196888923645e-02,3.809176385402679443e-02,9.761902503669261932e-03,3.025574795901775360e-02,2.450055442750453949e-02,8.751993998885154724e-03,-6.272542290389537811e-03,-1.404809765517711639e-03,-1.467380765825510025e-02,-6.221858784556388855e-03,-2.056465111672878265e-02,2.165260538458824158e-02,2.809841418638825417e-03,6.792016327381134033e-02,-9.774315170943737030e-03,-6.328608840703964233e-03,-5.923272110521793365e-03,1.646954007446765900e-02,-1.414728071540594101e-02,-4.305817186832427979e-03,3.257171329096308909e-06,5.654425919055938721e-02,-1.956321112811565399e-02,2.053257822990417480e-02,-2.277175709605216980e-02,-4.522993229329586029e-03,-2.644530963152647018e-03,1.129075977951288223e-02,-2.965319901704788208e-02,2.374240721110254526e-04,1.751089235767722130e-03,3.822376311291009188e-04,1.442043203860521317e-02,2.851907396689057350e-03,-2.688184194266796112e-02,-2.618918940424919128e-02,-9.773889556527137756e-03,-1.538091572001576424e-03,5.350054427981376648e-02,-8.096986130112782121e-05,-7.363092299783602357e-05,-1.623630337417125702e-02,-4.186857026070356369e-03,1.013826485723257065e-02,-1.207106653600931168e-02,1.809107884764671326e-02,-2.703341422602534294e-03,-8.671095565659925342e-05,-3.879729425534605980e-03,2.770448662340641022e-02,1.546884421259164810e-02,3.261214122176170349e-02,-2.530139125883579254e-02,-2.333727461518719792e-04,-8.331254124641418457e-03,-3.365314379334449768e-02,-1.373551134020090103e-02,1.499558333307504654e-02,-5.647990480065345764e-02,-4.059934522956609726e-03,6.992276012897491455e-02,1.636116579174995422e-02,-1.185375222121365368e-04,-4.234760254621505737e-02,-3.023818880319595337e-02,-1.729018986225128174e-02,1.121397968381643295e-02,-2.879684977233409882e-02,-3.861051797866821289e-02,9.477539919316768646e-03,-2.209761738777160645e-02,2.723493985831737518e-02,2.606025524437427521e-02,-2.770352363586425781e-02,1.803592592477798462e-02,-4.620884358882904053e-02,-2.221098868176341057e-03,-2.961910516023635864e-02
3.504625055938959122e-03,1.699757762253284454e-02,-1.202549487352371216e-01,4.930319264531135559e-02,4.855586215853691101e-02,2.972058020532131195e-03,1.317859534174203873e-02,3.085539676249027252e-02,1.456046104431152344e-02,2.502458170056343079e-02,1.461115200072526932e-02,-3.493602946400642395e-02,9.024160355329513550e-02,3.178261220455169678e-02,1.014431416988372803e-01,8.713077008724212646e-02,6.379305850714445114e-03,8.112945407629013062e-02,-2.715214714407920837e-02,-5.470555275678634644e-02,-3.235778957605361938e-02,1.144053190946578979e-01,7.031720131635665894e-02,-1.511473581194877625e-02,1.123350765556097031e-02,1.339133977890014648e-01,-1.087663397192955017e-01,8.537701796740293503e-04,6.767713278532028198e-02,2.529154764488339424e-03,1.336405519396066666e-02,-1.296128481626510620e-01,9.061687439680099487e-02,5.045834928750991821e-02,3.427749034017324448e-03,-1.090024486184120178e-01,4.467467777431011200e-03,2.366601675748825073e-02,-7.963528484106063843e-02,-1.021077856421470642e-01,1.222946345806121826e-01,1.866923761554062366e-03,8.490646630525588989e-02,1.135980617254972458e-02,-1.647884398698806763e-02,-1.204978451132774353e-01,-1.205711513757705688e-01,-2.350427396595478058e-02,-1.593799213878810406e-03,6.996113341301679611e-03,-1.229527965188026428e-02,1.437849551439285278e-02,1.674042269587516785e-02,-1.456862501800060272e-02,-5.956577369943261147e-04,-9.996511042118072510e-02,2.493231743574142456e-02,9.484369307756423950e-03,-8.564254641532897949e-02,-4.537444934248924255e-02,-1.109894365072250366e-02,2.236190624535083771e-02,6.939003244042396545e-03,7.440473139286041260e-02,1.330705173313617706e-02,-2.299200929701328278e-02,3.832752257585525513e-02,1.157275959849357605e-01,-1.101791560649871826e-01,2.751175081357359886e-03,-7.415575534105300903e-02,2.197637222707271576e-02,-2.483180537819862366e-02,1.140260249376296997e-01,-3.543099388480186462e-02,-8.767661452293395996e-02,-5.292900837957859039e-03,1.378971934318542480e-01,-3.790757432579994202e-02,-9.840711206197738647e-02,1.271420121192932129e-01,2.947726286947727203e-03,-7.121660560369491577e-02,6.151814479380846024e-03,-9.791894257068634033e-02,-9.988179802894592285e-02,6.358675658702850342e-02,6.972079165279865265e-03,7.812070846557617188e-02,1.277298200875520706e-02,-3.411029651761054993e-02,-3.361212462186813354e-02,-9.808821976184844971e-02,3.692140802741050720e-02,-8.843436837196350098e-02,1.806212239898741245e-03,6.870906054973602295e-02,-4.997356445528566837e-04,-7.971815019845962524e-02,4.639713466167449951e-02,-4.386505112051963806e-03,5.687525123357772827e-02,-1.173196211457252502e-01,-1.082903146743774414e-02,1.364323198795318604e-01,2.396913245320320129e-02,-9.772311896085739136e-02,-8.851606398820877075e-02,-3.789469599723815918e-02,-1.783103309571743011e-02,1.051523014903068542e-01,-3.503952547907829285e-02,-8.742354065179824829e-02,1.465823315083980560e-02,1.088991016149520874e-01,-1.155952811241149902e-01,4.651457443833351135e-02,5.026344209909439087e-02,-1.373572349548339844e-01,3.053356707096099854e-02,9.747572988271713257e-02,1.103257387876510620e-01,1.080841571092605591e-01,-5.292332917451858521e-02,-9.702293574810028076e-02,-7.522191852331161499e-02,1.141092288889922202e-04,4.259116202592849731e-02
-6.730247288942337036e-02,2.879326976835727692e-02,-1.714267581701278687e-01,-1.899171504192054272e-03,5.676100775599479675e-02,1.692945882678031921e-02,-9.518836741335690022e-04,5.154566466808319092e-02,-1.688252203166484833e-02,1.461115200072526932e-02,9.895060956478118896e-02,-4.291680082678794861e-02,1.579144299030303955e-01,-2.538914792239665985e-02,1.169357597827911377e-01,1.394171267747879028e-01,-1.708479248918592930e-03,8.958572894334793091e-02,-3.680624067783355713e-02,-1.004889830946922302e-01,1.592798829078674316e-01,1.585172414779663086e-01,1.243726611137390137e-01,3.315180167555809021e-02,3.817677730694413185e-03,1.982529908418655396e-01,-1.795129030942916870e-01,-3.672476112842559814e-02,1.984294950962066650e-01,7.103205425664782524e-04,5.667043477296829224e-02,-1.174755543470382690e-01,2.410418726503849030e-02,1.326235830783843994e-01,-4.738235380500555038e-03,-1.624248027801513672e-01,-1.570688560605049133e-03,3.719089180231094360e-02,-1.312164962291717529e-01,-3.451621532440185547e-02,1.012951657176017761e-01,-4.397330805659294128e-02,1.801158934831619263e-01,1.715674251317977905e-02,2.886405773460865021e-02,-1.630635410547256470e-01,-1.769985258579254150e-01,1.961037330329418182e-02,-3.099316731095314026e-02,-6.155136227607727051e-02,3.541767224669456482e-02,-2.201858162879943848e-02,-2.563411183655261993e-02,1.657799072563648224e-02,-8.892336487770080566e-02,-1.525610834360122681e-01,4.841397330164909363e-02,1.962755806744098663e-02,-1.032277494668960571e-01,-3.557068109512329102e-02,4.563051462173461914e-02,-1.840079762041568756e-02,9.705118136480450630e-04,-4.096673801541328430e-02,1.628558896481990814e-02,-2.754027768969535828e-02,6.220287084579467773e-02,1.172756627202033997e-01,-1.732736378908157349e-01,9.607335086911916733e-04,-7.452698796987533569e-02,-8.403241634368896484e-02,-2.130896225571632385e-02,1.497910320758819580e-01,-1.009859982877969742e-02,-3.243736922740936279e-02,-9.103682823479175568e-03,1.784743666648864746e-01,9.426650404930114746e-02,-1.207796484231948853e-01,8.953070640563964844e-02,3.644457086920738220e-03,-1.292373836040496826e-01,5.683068186044692993e-03,-2.581625431776046753e-02,-1.846348345279693604e-01,1.086972728371620178e-01,1.459677796810865402e-02,1.031116619706153870e-01,1.765973307192325592e-02,-4.241486266255378723e-02,1.575656421482563019e-02,-7.537498325109481812e-02,1.196586526930332184e-02,-8.641947060823440552e-02,8.418007753789424896e-03,6.968709826469421387e-02,-4.915332538075745106e-04,-1.414097994565963745e-01,-1.675466261804103851e-02,-2.814216539263725281e-02,5.411476269364356995e-02,-1.281587183475494385e-01,-1.670672744512557983e-02,1.728901565074920654e-01,-6.441356241703033447e-02,-1.500201318413019180e-02,-1.356607228517532349e-01,8.492506109178066254e-03,-2.159593626856803894e-02,3.083425760269165039e-02,6.527628749608993530e-03,-1.152314022183418274e-01,5.253782495856285095e-02,1.795764416456222534e-01,-1.540581285953521729e-01,7.098094373941421509e-02,1.020787805318832397e-01,-1.092539578676223755e-01,1.365182455629110336e-02,1.450401395559310913e-01,1.148399040102958679e-01,1.118115335702896118e-01,-3.793986514210700989e-02,-1.775198280811309814e-01,-3.790407255291938782e-02,2.559695392847061157e-03,3.101727180182933807e-02
-6.274131592363119125e-03,-3.567482531070709229e-02,2.376658618450164795e-01,-1.142952591180801392e-01,-9.610050916671752930e-02,-4.326565191149711609e-02,6.520974449813365936e-03,-1.111606806516647339e-01,-1.652760547585785389e-03,-3.493602946400642395e-02,-4.291680082678794861e-02,7.158699631690979004e-02,-1.833659410476684570e-01,-7.410322874784469604e-02,-1.996811628341674805e-01,-1.763955652713775635e-01,-6.414116825908422470e-03,-1.701964884996414185e-01,4.990642890334129333e-02,1.015348359942436218e-01,7.786836009472608566e-03,-2.355211079120635986e-01,-1.559679806232452393e-01,2.378045767545700073e-02,-2.089318446815013885e-02,-2.425905466079711914e-01,2.176139503717422485e-01,1.510766800493001938e-02,-1.675063520669937134e-01,-7.927166298031806946e-03,-3.455111384391784668e-02,2.333875894546508789e-01,-1.442248374223709106e-01,-1.206347495317459106e-01,-2.283749636262655258e-03,2.251831144094467163e-01,-1.119381655007600784e-02,-4.687656089663505554e-02,1.496971696615219116e-01,2.032042592763900757e-01,-2.102759778499603271e-01,9.970935992896556854e-03,-2.009539455175399780e-01,-2.372953668236732483e-02,-1.895025745034217834e-02,2.105988413095474243e-01,2.317468076944351196e-01,4.356628656387329102e-02,3.035297244787216187e-02,4.664406180381774902e-03,-1.192838791757822037e-02,4.415161442011594772e-03,-3.713722527027130127e-02,6.477697938680648804e-02,2.022917009890079498e-02,2.110778540372848511e-01,-6.439442932605743408e-02,-2.160952612757682800e-02,1.454686373472213745e-01,8.777044713497161865e-02,-5.530167836695909500e-03,-2.435435540974140167e-02,-1.199521217495203018e-02,-6.016942113637924194e-02,-1.775768399238586426e-02,4.074127599596977234e-02,-7.775429636240005493e-02,-2.223596721887588501e-01,2.250412255525588989e-01,7.793869357556104660e-03,1.399455070495605469e-01,-2.391381189227104187e-03,5.395779758691787720e-02,-2.171642184257507324e-01,5.448537692427635193e-02,1.365735828876495361e-01,8.601431734859943390e-03,-2.551478743553161621e-01,5.894110351800918579e-02,2.032012790441513062e-01,-2.358549535274505615e-01,-5.811994895339012146e-03,1.538555324077606201e-01,-1.219011470675468445e-02,1.635479182004928589e-01,1.897300332784652710e-01,-1.068212911486625671e-01,-1.601743325591087341e-02,-1.169509291648864746e-01,-2.291292697191238403e-02,5.524729564785957336e-02,5.558533594012260437e-02,1.825657635927200317e-01,-6.373316049575805664e-02,1.593815535306930542e-01,7.722598500549793243e-03,-1.336991637945175171e-01,8.990896749310195446e-04,1.645874083042144775e-01,-6.912101805210113525e-02,1.378148701041936874e-02,-7.379476726055145264e-02,2.199184745550155640e-01,2.120098285377025604e-02,-2.489731460809707642e-01,-4.332631453871726990e-02,1.503906995058059692e-01,1.925964057445526123e-01,1.372113078832626343e-02,3.024906292557716370e-02,-1.978478580713272095e-01,4.649350047111511230e-02,1.911901235580444336e-01,-1.408590562641620636e-02,-2.394796162843704224e-01,2.138683199882507324e-01,-9.786285459995269775e-02,-1.047636792063713074e-01,2.503655850887298584e-01,-5.375238880515098572e-02,-1.708821803331375122e-01,-1.959115117788314819e-01,-1.953363418579101562e-01,7.329928129911422729e-02,2.068143635988235474e-01,1.135099902749061584e-01,3.070690203458070755e-03,-8.857997506856918335e-02
