8.049378395080566406e-01,1.280462592840194702e-01,-3.630312979221343994e-01,6.054427474737167358e-02,4.454554915428161621e-01,1.111934557557106018e-01,1.968699246644973755e-01,5.461344122886657715e-01,5.026156827807426453e-02,-2.348496392369270325e-02,-1.840253472328186035e-01,-1.303631216287612915e-01,6.849229931831359863e-01,3.965106010437011719e-01,6.066263914108276367e-01,1.808565109968185425e-01,-1.747326180338859558e-02,-5.113689228892326355e-02,3.802146911621093750e-01,1.985896676778793335e-01,-4.280359447002410889e-01,-1.432885229587554932e-01,5.082523226737976074e-01,-4.560783207416534424e-01,-3.304266184568405151e-02,-6.070195436477661133e-01,6.501756608486175537e-02,-3.241789937019348145e-01,-1.540836095809936523e-01,-5.939958095550537109e-01,-4.434291720390319824e-01,-1.445110738277435303e-01,3.194611370563507080e-01,-2.555467784404754639e-01,-5.962779372930526733e-02,-4.025986790657043457e-01,-1.353660374879837036e-01,1.037738025188446045e-01,-2.331582605838775635e-01,-5.113826394081115723e-01,1.313713844865560532e-02,2.858850359916687012e-01,-9.581875056028366089e-02,7.385426759719848633e-02,5.911940932273864746e-01,-4.996801316738128662e-01,-4.079070389270782471e-01,-1.176109258085489273e-02,1.325342338532209396e-03,2.066879533231258392e-02,2.821395695209503174e-01,4.317646324634552002e-01,1.521404832601547241e-01,-4.255265370011329651e-02,6.449070572853088379e-02,-1.067241653800010681e-01,1.604610830545425415e-01,9.603865444660186768e-02,1.558099836111068726e-01,-1.369924168102443218e-03,-1.337713003158569336e-01,2.249990403652191162e-01,7.694359868764877319e-02,-2.495547533035278320e-01,-1.254422813653945923e-01,7.441429793834686279e-02,4.036164283752441406e-01,3.222461938858032227e-01,9.630481153726577759e-02,2.937656342983245850e-01,-5.474140644073486328e-01,-7.071564197540283203e-01,-4.827078059315681458e-02,-2.303795367479324341e-01,-4.475897178053855896e-02,-4.269450604915618896e-01,-2.693389356136322021e-02,5.539014935493469238e-03,-6.316833496093750000e-01,-5.432667136192321777e-01,-3.766231536865234375e-01,1.948323473334312439e-02,-1.853660047054290771e-01,8.585294336080551147e-02,-4.579176753759384155e-02,1.838076263666152954e-01,-8.669422566890716553e-02,2.238504774868488312e-02,2.996546626091003418e-01,-1.097359657287597656e-01,5.882296711206436157e-02,-3.863980770111083984e-01,-2.896174555644392967e-04,-9.066462516784667969e-02,7.649084925651550293e-02,-3.402956426143646240e-01,3.952261209487915039e-01,-7.134738378226757050e-03,-4.128560125827789307e-01,6.140860915184020996e-01,1.450397521257400513e-01,1.875752359628677368e-01,-8.569117635488510132e-02,-3.268373385071754456e-02,1.890103220939636230e-01,3.480970263481140137e-01,-5.969161540269851685e-02,1.521578580141067505e-01,-1.896092146635055542e-01,-2.098602242767810822e-02,4.520733654499053955e-01,9.538517892360687256e-02,9.229452908039093018e-02,-4.102102518081665039e-01,1.154182329773902893e-01,-4.341814815998077393e-01,1.094790920615196228e-01,-6.341429054737091064e-02,-5.745331645011901855e-01,1.113322004675865173e-02,-6.528182029724121094e-01,4.098933339118957520e-01,6.549683213233947754e-02,-1.448532789945602417e-01,5.548750758171081543e-01,-3.417899012565612793e-01,2.012205682694911957e-02,4.788407385349273682e-01
1.280462592840194702e-01,4.728630557656288147e-02,-8.057922869920730591e-02,-2.363231405615806580e-02,1.044159531593322754e-01,-6.310066580772399902e-02,8.562952280044555664e-03,6.354916840791702271e-02,4.127436131238937378e-02,-2.980563323944807053e-03,-2.241249941289424896e-02,-2.006661519408226013e-02,1.457799822092056274e-01,7.821498066186904907e-02,1.062261834740638733e-01,4.494361206889152527e-02,-1.021722238510847092e-02,2.923067286610603333e-02,6.086244061589241028e-02,2.098984830081462860e-02,-8.519285172224044800e-02,-1.087018847465515137e-02,1.033273190259933472e-01,-4.644398763775825500e-02,4.328981041908264160e-03,-6.831533461809158325e-02,-2.855373546481132507e-02,-9.815046936273574829e-02,-2.913035638630390167e-02,-9.563206136226654053e-02,-1.005743443965911865e-01,-3.082150034606456757e-02,5.180097371339797974e-02,-3.941938653588294983e-02,-2.872608136385679245e-03,-7.365585118532180786e-02,-2.868679538369178772e-02,1.980386115610599518e-02,1.976856216788291931e-02,-8.453064411878585815e-02,4.764969646930694580e-02,2.557668834924697876e-02,2.737705409526824951e-02,1.252141874283552170e-02,7.508628815412521362e-02,-6.460753828287124634e-02,-7.555220276117324829e-02,7.017362397164106369e-03,-2.264554239809513092e-02,1.719855703413486481e-02,4.448801651597023010e-02,8.502919971942901611e-02,2.637549676001071930e-02,4.195399209856987000e-02,-1.605096459388732910e-02,-2.812039107084274292e-02,2.957588993012905121e-02,1.392868347465991974e-02,8.227181620895862579e-03,1.660425215959548950e-02,-1.540415175259113312e-02,2.082489617168903351e-02,1.070421189069747925e-02,-5.807245522737503052e-02,-6.000315770506858826e-02,2.579807536676526070e-03,8.295938372611999512e-02,1.074268519878387451e-01,-3.376758471131324768e-02,8.718473464250564575e-02,-7.580378651618957520e-02,-1.025945842266082764e-01,-2.371421642601490021e-02,-5.676265433430671692e-02,-1.000560540705919266e-02,-9.123127162456512451e-02,-6.291129626333713531e-03,-1.186513993889093399e-02,-7.245278358459472656e-02,-1.108285263180732727e-01,-1.068405807018280029e-01,2.705725375562906265e-03,-5.069309100508689880e-02,1.519742608070373535e-02,-1.269818842411041260e-02,-7.795581128448247910e-03,-5.284910555928945541e-03,1.091441232711076736e-02,6.047834828495979309e-02,-3.476886823773384094e-02,1.415918115526437759e-02,-6.380597501993179321e-02,-3.314108471386134624e-04,1.370152924209833145e-02,8.370232768356800079e-03,-2.161128818988800049e-02,4.786951467394828796e-02,-8.267396478913724422e-04,-7.120491564273834229e-02,8.699450641870498657e-02,3.020493686199188232e-02,-1.404248084872961044e-02,-2.191767282783985138e-02,-1.246910076588392258e-03,2.930652163922786713e-02,-1.649454794824123383e-02,2.823518961668014526e-02,2.989680692553520203e-02,-3.316188603639602661e-02,-1.418662164360284805e-02,6.417672336101531982e-02,4.898761957883834839e-02,6.966352928429841995e-03,-9.168717265129089355e-02,3.988434374332427979e-02,-1.102592647075653076e-01,5.835254490375518799e-02,-2.609487250447273254e-02,-7.218747586011886597e-02,1.332366024143993855e-03,-1.334834843873977661e-01,6.422773748636245728e-02,3.699986264109611511e-02,-6.037013977766036987e-02,6.486995518207550049e-02,-5.911711975932121277e-02,-5.054813809692859650e-03,7.854579389095306396e-02
-3.630312979221343994e-01,-8.057922869920730591e-02,8.572936654090881348e-01,-4.333200454711914062e-01,-3.409004211425781250e-01,-4.218667745590209961e-01,-6.419627070426940918e-01,1.970174163579940796e-01,2.590350210666656494e-01,-1.169199645519256592e-01,1.348251253366470337e-01,2.616815865039825439e-01,-3.500933349132537842e-01,4.833572506904602051e-01,-5.310652256011962891e-01,-1.819875240325927734e-01,-1.484129875898361206e-01,-2.239163517951965332e-01,2.035838663578033447e-01,4.174054563045501709e-01,-2.931159138679504395e-01,-5.133227109909057617e-01,-3.792685866355895996e-01,3.879183828830718994e-01,-3.435433506965637207e-01,-1.746119558811187744e-01,4.447607994079589844e-01,6.660961508750915527e-01,-6.649875044822692871e-01,7.823511958122253418e-01,1.945414543151855469e-01,6.174560785293579102e-01,-5.570518970489501953e-01,-2.298383116722106934e-01,1.997263729572296143e-02,6.282448768615722656e-01,3.808524608612060547e-01,-2.412566393613815308e-01,-3.434695899486541748e-01,7.938554883003234863e-01,-3.399004936218261719e-01,-1.489952672272920609e-02,-4.127067923545837402e-01,-1.254840791225433350e-01,-2.344402968883514404e-01,4.960968494415283203e-01,6.962910890579223633e-01,3.787575662136077881e-02,2.228871434926986694e-01,3.768034875392913818e-01,-3.422230482101440430e-01,1.097962632775306702e-01,-3.536497056484222412e-01,-2.463271170854568481e-01,1.450192034244537354e-01,1.900830715894699097e-01,-3.370000422000885010e-01,-8.995509147644042969e-02,-6.217641830444335938e-01,2.034861743450164795e-01,1.019751876592636108e-01,-2.476983889937400818e-02,-1.112194359302520752e-01,-3.276562988758087158e-01,5.102390646934509277e-01,9.739266335964202881e-02,-7.314324378967285156e-01,-6.645222902297973633e-01,-1.617470085620880127e-01,-4.672528505325317383e-01,6.788361668586730957e-01,3.586503565311431885e-01,2.015831619501113892e-01,2.839522063732147217e-01,-1.790120601654052734e-01,6.369059681892395020e-01,8.503342419862747192e-02,-5.083914995193481445e-01,2.998790144920349121e-01,6.667504906654357910e-01,-3.037944436073303223e-01,-4.489459097385406494e-02,6.377596855163574219e-01,-1.165888309478759766e-01,4.166384041309356689e-01,3.574109077453613281e-01,-3.193943202495574951e-01,-1.803550869226455688e-01,-6.047874689102172852e-01,2.131165117025375366e-01,-9.106166660785675049e-02,6.319815516471862793e-01,6.923182308673858643e-02,-1.853335835039615631e-02,5.051218271255493164e-01,-3.165085911750793457e-01,-1.163841709494590759e-01,1.344715058803558350e-02,7.973887026309967041e-02,-5.405118465423583984e-01,-7.605507224798202515e-02,-1.879623234272003174e-01,-1.798090152442455292e-02,-4.417192190885543823e-02,-8.318287730216979980e-01,-1.568983942270278931e-01,4.299702942371368408e-01,3.596897125244140625e-01,6.682340502738952637e-01,2.649389505386352539e-01,-2.845995426177978516e-01,2.692879438400268555e-01,-8.871755003929138184e-02,1.370843034237623215e-02,-6.563048958778381348e-01,3.062148988246917725e-01,-3.557829856872558594e-01,-8.412763476371765137e-02,1.542766392230987549e-01,-1.640150398015975952e-01,3.818994164466857910e-01,-9.250597655773162842e-02,-4.540940523147583008e-01,-8.221973478794097900e-02,7.852495461702346802e-02,6.518308520317077637e-01,-1.494486033916473389e-01,-4.346678555011749268e-01
6.054427474737167358e-02,-2.363231405615806580e-02,-4.333200454711914062e-01,5.940892696380615234e-01,3.619313612580299377e-02,4.201233983039855957e-01,3.998777270317077637e-01,-3.528505265712738037e-01,-1.696393638849258423e-01,8.109243214130401611e-02,-2.464666366577148438e-01,-8.524142205715179443e-02,1.367304772138595581e-01,-4.340073168277740479e-01,1.315672546625137329e-01,2.127002179622650146e-02,7.727907598018646240e-02,3.935549557209014893e-01,-2.986116707324981689e-01,-2.897616326808929443e-01,1.957679912447929382e-02,3.662276268005371094e-01,2.250176370143890381e-01,-1.813634186983108521e-01,2.983164489269256592e-01,2.136232405900955200e-01,-2.689633667469024658e-01,-3.923923671245574951e-01,4.934051036834716797e-01,-4.387233555316925049e-01,-6.257888674736022949e-02,-4.883092939853668213e-01,4.398491680622100830e-01,1.489690132439136505e-02,3.693038225173950195e-02,-2.911117970943450928e-01,-1.174441277980804443e-01,1.017698720097541809e-01,3.485087454319000244e-01,-6.204541325569152832e-01,4.108963906764984131e-02,-1.383416540920734406e-02,4.457030594348907471e-01,5.517383664846420288e-02,-1.187700256705284119e-01,-1.013492420315742493e-01,-2.273510992527008057e-01,-1.374323815107345581e-01,-1.687468141317367554e-01,-6.216989830136299133e-02,2.502276003360748291e-01,-1.217001751065254211e-01,3.428078591823577881e-01,-3.476983634755015373e-03,1.043300889432430267e-02,-1.746991127729415894e-01,5.282742530107498169e-02,-1.598960720002651215e-02,3.202533721923828125e-01,-1.238691359758377075e-01,-3.327947854995727539e-01,8.591871708631515503e-02,5.990217626094818115e-02,2.990837395191192627e-01,-5.038732886314392090e-01,-7.148474454879760742e-02,4.052427709102630615e-01,3.383147418498992920e-01,4.114143550395965576e-01,1.551662385463714600e-02,-3.681850731372833252e-01,8.171896636486053467e-02,-1.815156266093254089e-02,-3.569530844688415527e-01,9.264744073152542114e-02,-4.166251718997955322e-01,-1.910190656781196594e-02,1.407799571752548218e-01,-2.585103809833526611e-01,-4.343604147434234619e-01,4.719589948654174805e-01,1.571241021156311035e-02,-2.995957434177398682e-01,4.757484793663024902e-02,-4.740641415119171143e-01,2.997349202632904053e-02,5.334424227476119995e-02,8.650876581668853760e-02,1.738896667957305908e-01,-9.395997971296310425e-02,7.455349713563919067e-02,-3.757506012916564941e-01,-1.116696447134017944e-01,2.811959683895111084e-01,-3.613582849502563477e-01,1.696689575910568237e-01,-1.148759722709655762e-01,-5.638715345412492752e-03,1.434642523527145386e-01,3.900838494300842285e-01,6.381110846996307373e-02,-5.323842912912368774e-02,2.849731966853141785e-02,2.023068442940711975e-02,6.354504823684692383e-01,3.419519662857055664e-01,-6.151525974273681641e-01,-3.425247073173522949e-01,-2.829543352127075195e-01,-1.351617574691772461e-01,2.801743447780609131e-01,-3.743618726730346680e-01,6.675937026739120483e-02,2.009654194116592407e-01,3.313641548156738281e-01,1.834686473011970520e-02,3.615412414073944092e-01,6.022309139370918274e-02,1.574312150478363037e-01,1.427321732044219971e-01,-9.369810670614242554e-02,-2.416698038578033447e-01,3.483547568321228027e-01,1.623354256153106689e-01,-1.998046636581420898e-01,-3.649682104587554932e-01,6.779337674379348755e-02,3.512290418148040771e-01
4.454554915428161621e-01,1.044159531593322754e-01,-3.409004211425781250e-01,3.619313612580299377e-02,6.989061832427978516e-01,-3.770386101678013802e-03,2.469849437475204468e-01,2.552095241844654083e-02,5.299540981650352478e-02,3.060862049460411072e-02,-1.824247241020202637e-01,-2.881171926856040955e-02,2.824297249317169189e-01,6.671924144029617310e-02,4.229694306850433350e-01,1.917822808027267456e-01,-3.030119091272354126e-02,1.941421329975128174e-01,1.325005888938903809e-01,-1.458797305822372437e-01,-1.135377436876296997e-01,1.359389275312423706e-01,1.091667041182518005e-01,1.108314916491508484e-01,-5.668099503964185715e-03,-7.934131473302841187e-02,-3.513211309909820557e-01,-4.707655608654022217e-01,1.311045587062835693e-01,-4.694170057773590088e-01,-3.944389224052429199e-01,2.142812870442867279e-02,1.014057993888854980e-01,-1.686414480209350586e-01,3.744003921747207642e-02,-9.032438695430755615e-02,-1.964612454175949097e-01,6.901372224092483521e-02,-5.816545337438583374e-02,-4.021720290184020996e-01,2.139272689819335938e-01,1.600816696882247925e-01,2.365002036094665527e-01,5.996920540928840637e-02,9.364995360374450684e-02,-1.007269844412803650e-01,-5.319774746894836426e-01,-6.201835721731185913e-02,-1.663755811750888824e-02,2.173792719841003418e-01,1.691759526729583740e-01,2.613451145589351654e-02,9.458655864000320435e-02,2.664212882518768311e-01,-1.719271093606948853e-01,-2.355385273694992065e-01,6.165338307619094849e-02,2.172697708010673523e-02,-1.319127678871154785e-01,1.154867708683013916e-01,-9.503558278083801270e-02,1.595967262983322144e-02,3.326113894581794739e-02,-8.940394222736358643e-02,-2.750433087348937988e-01,4.845337942242622375e-02,4.580726921558380127e-01,5.209543108940124512e-01,9.581658244132995605e-02,4.211531281471252441e-01,-2.458173930644989014e-01,-2.844663262367248535e-01,2.171460688114166260e-01,-2.714007496833801270e-01,-7.348746061325073242e-02,-5.581153631210327148e-01,-4.889212921261787415e-02,1.096585839986801147e-01,-8.887682855129241943e-02,-2.580412626266479492e-01,-2.377422600984573364e-01,1.640391419641673565e-03,-5.440257191658020020e-01,3.234384208917617798e-02,-2.994588613510131836e-01,-2.894470989704132080e-01,2.886037826538085938e-01,4.108956083655357361e-02,1.827828884124755859e-01,-2.119225412607192993e-01,-1.932811737060546875e-01,-1.654823273420333862e-01,3.431716263294219971e-01,3.930550441145896912e-02,1.198554644361138344e-03,-2.653390541672706604e-02,4.797950387001037598e-01,-2.828979166224598885e-03,-1.605887115001678467e-01,2.992123067378997803e-01,6.418959796428680420e-02,-5.734793376177549362e-04,1.707511693239212036e-01,-2.536940015852451324e-02,1.331622600555419922e-01,7.681145519018173218e-02,3.604026883840560913e-02,4.840193688869476318e-02,-2.341025620698928833e-01,-4.795823991298675537e-02,-1.624329686164855957e-01,2.629709839820861816e-01,2.542997598648071289e-01,-4.351135790348052979e-01,4.550430476665496826e-01,-3.522920310497283936e-01,4.292569160461425781e-01,-2.742365002632141113e-01,-1.136575415730476379e-01,-1.824281550943851471e-02,-1.645009219646453857e-01,6.052345409989356995e-02,1.337567865848541260e-01,-1.655650734901428223e-01,1.395525485277175903e-01,-1.810991019010543823e-01,-1.229562163352966309e-01,2.638193070888519287e-01
1.111934557557106018e-01,-6.310066580772399902e-02,-4.218667745590209961e-01,4.201233983039855957e-01,-3.770386101678013802e-03,6.570266485214233398e-01,4.273771345615386963e-01,-1.291282624006271362e-01,-3.067646622657775879e-01,6.590978801250457764e-02,-1.092903092503547668e-01,-1.227364018559455872e-01,3.325055120512843132e-03,-3.746967017650604248e-01,1.683703511953353882e-01,-1.236104313284158707e-02,1.150593981146812439e-01,3.078042343258857727e-02,-1.942184418439865112e-01,-2.602076232433319092e-01,2.193367928266525269e-01,2.700200974941253662e-01,1.504204869270324707e-01,-2.575682699680328369e-01,1.618528515100479126e-01,1.228512637317180634e-02,-1.271323263645172119e-01,-2.075984477996826172e-01,4.642992913722991943e-01,-4.541584253311157227e-01,1.114231050014495850e-01,-3.459613919258117676e-01,3.107162117958068848e-01,1.818719357252120972e-01,-2.525668777525424957e-02,-2.515763044357299805e-01,-1.414210051298141479e-01,9.449054300785064697e-02,7.664982974529266357e-02,-4.692176282405853271e-01,-6.212475523352622986e-02,4.565323144197463989e-02,1.706379801034927368e-01,5.535266548395156860e-02,1.208353117108345032e-01,-2.922664284706115723e-01,-2.651922702789306641e-01,-8.183858543634414673e-02,-8.325608819723129272e-02,-2.339340001344680786e-01,2.152262479066848755e-01,-2.190485298633575439e-01,1.775504052639007568e-01,-5.679427832365036011e-02,3.461411222815513611e-02,-6.347283720970153809e-02,1.045057848095893860e-01,3.269124776124954224e-02,3.943706154823303223e-01,-1.694759875535964966e-01,-1.030392274260520935e-01,5.070359259843826294e-02,5.864773690700531006e-02,3.018243014812469482e-01,-1.734405905008316040e-01,-2.153791300952434540e-02,3.283434212207794189e-01,1.872155368328094482e-01,3.399247527122497559e-01,1.148811951279640198e-01,-3.911105096340179443e-01,-2.082839459180831909e-01,-1.701325550675392151e-02,-1.500642001628875732e-01,1.219873875379562378e-01,-2.908578813076019287e-01,-2.843150869011878967e-02,3.417540788650512695e-01,-2.323612719774246216e-01,-2.713987529277801514e-01,4.305826127529144287e-01,2.324267849326133728e-02,-2.574160099029541016e-01,3.454195708036422729e-02,-2.410489320755004883e-01,-1.978839002549648285e-02,1.516402214765548706e-01,6.747709959745407104e-02,2.188525795936584473e-01,-4.583343490958213806e-02,3.314781561493873596e-02,-3.230829536914825439e-01,-1.044351682066917419e-01,3.742012381553649902e-02,-2.489771842956542969e-01,7.691937685012817383e-02,4.977162554860115051e-02,-7.484797853976488113e-03,1.995636336505413055e-02,2.699624300003051758e-01,2.633547177538275719e-03,2.121585011482238770e-01,7.191163301467895508e-02,1.925981417298316956e-02,5.156324505805969238e-01,4.322648644447326660e-01,-4.815782010555267334e-01,-2.489615678787231445e-01,-3.591255843639373779e-01,-1.034859567880630493e-01,2.088224589824676514e-01,-4.052461087703704834e-01,5.339664965867996216e-02,1.975202411413192749e-01,3.123264312744140625e-01,8.221513777971267700e-02,8.319663256406784058e-02,1.517424136400222778e-01,-9.496561437845230103e-02,9.948712587356567383e-02,-4.590857774019241333e-02,-2.154268510639667511e-02,1.649684756994247437e-01,1.855864971876144409e-01,-3.624171763658523560e-02,-3.180025815963745117e-01,1.107878834009170532e-01,2.310469895601272583e-01
1.968699246644973755e-01,8.562952280044555664e-03,-6.419627070426940918e-01,3.998777270317077637e-01,2.469849437475204468e-01,4.273771345615386963e-01,6.771844625473022461e-01,-2.230285555124282837e-01,-2.566190361976623535e-01,1.187798231840133667e-01,-8.012970536947250366e-02,-2.264138162136077881e-01,5.983494594693183899e-02,-5.240731835365295410e-01,3.773829638957977295e-01,7.352230697870254517e-02,1.773206591606140137e-01,3.156911581754684448e-02,-1.881619244813919067e-01,-3.092569112777709961e-01,3.628898561000823975e-01,3.334258496761322021e-01,6.956840306520462036e-02,-3.331885933876037598e-01,2.489302307367324829e-01,1.652963161468505859e-01,-2.626061737537384033e-01,-3.709427714347839355e-01,5.783917307853698730e-01,-5.959596037864685059e-01,-3.165075182914733887e-02,-4.888386428356170654e-01,5.041024684906005859e-01,1.439835280179977417e-01,-2.562385052442550659e-02,-4.095257222652435303e-01,-3.407086133956909180e-01,1.859466433525085449e-01,1.780592501163482666e-01,-6.213394999504089355e-01,2.505464553833007812e-01,7.535165548324584961e-02,1.469052284955978394e-01,8.459496498107910156e-02,2.172320932149887085e-01,-4.879519045352935791e-01,-5.575634241104125977e-01,-2.027576789259910583e-02,-4.755336418747901917e-02,-3.113782107830047607e-01,4.922470077872276306e-03,-2.325749099254608154e-01,2.203793078660964966e-01,3.654488325119018555e-01,2.996263792738318443e-03,3.603740828111767769e-03,2.180577367544174194e-01,6.798852235078811646e-02,5.150185227394104004e-01,-2.447293549776077271e-01,-2.108149789273738861e-02,2.976907044649124146e-02,9.063815325498580933e-02,4.988296627998352051e-01,-2.587839961051940918e-01,-8.578389883041381836e-02,5.661664009094238281e-01,4.369034469127655029e-01,2.754678726196289062e-01,4.433735907077789307e-01,-5.833979249000549316e-01,-1.713184416294097900e-01,-1.671597659587860107e-01,-4.455666989088058472e-02,1.484513580799102783e-01,-5.304306149482727051e-01,-7.238752394914627075e-02,5.594147443771362305e-01,-2.716657221317291260e-01,-4.015204906463623047e-01,3.550935685634613037e-01,3.863443434238433838e-02,-5.009734034538269043e-01,8.547185361385345459e-02,-3.013082146644592285e-01,-4.448563158512115479e-01,2.806002199649810791e-01,1.143748685717582703e-01,5.749410390853881836e-01,-1.434705257415771484e-01,3.101436048746109009e-02,-4.847377240657806396e-01,-1.079992204904556274e-01,-6.777888536453247070e-02,-5.273057222366333008e-01,3.164453208446502686e-01,1.355009973049163818e-01,-1.191250234842300415e-02,6.529345363378524780e-02,3.636538684368133545e-01,3.925826400518417358e-02,3.829845190048217773e-01,-2.180204354226589203e-02,4.232075437903404236e-02,7.553753852844238281e-01,1.859744042158126831e-01,-4.524902701377868652e-01,-2.433423548936843872e-01,-7.492069602012634277e-01,-2.049409300088882446e-01,1.526504755020141602e-01,-3.420729041099548340e-01,9.190813452005386353e-02,9.426508843898773193e-02,4.685148298740386963e-01,-8.432207256555557251e-02,1.053897961974143982e-01,3.658795729279518127e-02,-2.185496687889099121e-01,1.556245684623718262e-01,-2.360955625772476196e-01,1.841828972101211548e-01,2.791272401809692383e-01,5.265337973833084106e-02,2.594020217657089233e-02,-4.905460774898529053e-01,1.259880065917968750e-01,1.485049724578857422e-01
5.461344122886657715e-01,6.354916840791702271e-02,1.970174163579940796e-01,-3.528505265712738037e-01,2.552095241844654083e-02,-1.291282624006271362e-01,-2.230285555124282837e-01,8.668726682662963867e-01,1.561535596847534180e-01,-1.167337521910667419e-01,6.419999152421951294e-02,-4.481575265526771545e-02,4.307138621807098389e-01,7.162489891052246094e-01,2.660728394985198975e-01,2.811832726001739502e-02,-5.864840373396873474e-02,-4.985687136650085449e-01,5.938700437545776367e-01,6.177585721015930176e-01,-4.752793312072753906e-01,-5.787797570228576660e-01,2.620953023433685303e-01,-4.468434751033782959e-01,-2.977693080902099609e-01,-8.232671022415161133e-01,5.772354602813720703e-01,3.122971951961517334e-01,-6.461883187294006348e-01,-1.605198346078395844e-02,-2.149054110050201416e-01,2.258680164813995361e-01,-3.692129626870155334e-02,-3.010709881782531738e-01,-1.172764822840690613e-01,-9.423780441284179688e-02,9.169007837772369385e-02,-2.416552789509296417e-02,-5.789427161216735840e-01,1.191128045320510864e-01,-1.975504308938980103e-01,2.834876775741577148e-01,-6.321154236793518066e-01,-1.004299242049455643e-02,6.777815818786621094e-01,-3.945882618427276611e-01,7.971590012311935425e-02,1.143328472971916199e-01,2.176211625337600708e-01,-6.000245921313762665e-03,-5.084742605686187744e-02,5.811519026756286621e-01,-1.675672978162765503e-01,-2.594241797924041748e-01,2.558375597000122070e-01,2.062782347202301025e-01,4.559646174311637878e-02,9.815651178359985352e-02,-3.460591286420822144e-02,1.612831465899944305e-02,1.045921072363853455e-01,2.307842075824737549e-01,1.611388474702835083e-02,-4.398486018180847168e-01,4.467216730117797852e-01,1.235397011041641235e-01,-1.853590011596679688e-01,-2.945469319820404053e-01,-1.588366627693176270e-01,-1.068411208689212799e-02,-1.856454461812973022e-01,-6.108488440513610840e-01,-1.383437514305114746e-01,2.110828459262847900e-01,-9.801534563302993774e-02,1.841488331556320190e-01,2.629010006785392761e-02,-2.018180340528488159e-01,-5.263602733612060547e-01,-9.643168002367019653e-02,-5.853657126426696777e-01,5.227187648415565491e-03,4.048878848552703857e-01,3.369591757655143738e-02,4.881773889064788818e-01,4.183537960052490234e-01,-3.921637237071990967e-01,-9.918448328971862793e-02,5.106444656848907471e-02,1.128574386239051819e-01,1.088433563709259033e-01,-9.162917733192443848e-03,-1.272878199815750122e-01,-3.725464642047882080e-01,3.712509274482727051e-01,-5.414729714393615723e-01,2.347977757453918457e-01,-1.333017484284937382e-03,-4.379756748676300049e-01,2.441225498914718628e-01,7.892946153879165649e-02,2.995010614395141602e-01,-2.478604167699813843e-01,-4.779468104243278503e-02,-3.348137140274047852e-01,1.840777248144149780e-01,3.148921132087707520e-01,4.465293586254119873e-01,1.552591472864151001e-01,1.473535746335983276e-01,3.887736499309539795e-01,2.120594382286071777e-01,-1.010551378130912781e-01,-3.285697400569915771e-01,-4.651595354080200195e-01,-2.290125042200088501e-01,-4.454012811183929443e-01,5.227539315819740295e-02,-6.934342384338378906e-01,-8.617123961448669434e-02,-5.352533459663391113e-01,5.900876522064208984e-01,-3.576345145702362061e-01,-1.676208823919296265e-01,7.420403957366943359e-01,4.511987790465354919e-02,3.724971041083335876e-02,7.757421582937240601e-02
5.026156827807426453e-02,4.127436131238937378e-02,2.590350210666656494e-01,-1.696393638849258423e-01,5.299540981650352478e-02,-3.067646622657775879e-01,-2.566190361976623535e-01,1.561535596847534180e-01,2.015325427055358887e-01,-4.814711958169937134e-02,-2.546758390963077545e-02,8.785413950681686401e-02,1.159200146794319153e-01,3.381339013576507568e-01,-5.436003208160400391e-02,1.360843423753976822e-02,-8.964381366968154907e-02,4.182665795087814331e-02,1.493525058031082153e-01,1.979383528232574463e-01,-3.279295563697814941e-01,-1.861516088247299194e-01,1.156910229474306107e-02,1.237580403685569763e-01,-9.849764406681060791e-02,-1.427870094776153564e-01,1.014425009489059448e-01,9.034160524606704712e-02,-3.438910841941833496e-01,2.020527422428131104e-01,-1.479151099920272827e-01,1.900647729635238647e-01,-1.280384659767150879e-01,-2.192206084728240967e-01,2.591176144778728485e-02,1.390234827995300293e-01,1.090660914778709412e-01,-6.062943115830421448e-02,-7.404522597789764404e-02,1.905746608972549438e-01,-2.678220532834529877e-02,2.689235098659992218e-02,-8.606596291065216064e-02,-2.813031896948814392e-02,-5.661610513925552368e-02,1.886970549821853638e-01,1.697966456413269043e-01,3.199394093826413155e-03,4.468047246336936951e-02,2.295942455530166626e-01,-5.053941905498504639e-02,2.106653004884719849e-01,-4.601218923926353455e-02,-6.492531299591064453e-02,1.807524077594280243e-02,-1.297787111252546310e-02,-1.010386049747467041e-01,-2.710890583693981171e-02,-2.862374186515808105e-01,1.231368556618690491e-01,-6.788142770528793335e-02,4.295143857598304749e-02,-2.648092433810234070e-02,-2.459316253662109375e-01,3.952376171946525574e-02,3.869714960455894470e-02,-1.582177728414535522e-01,-8.042933046817779541e-02,-8.177932351827621460e-02,-1.135249063372612000e-01,1.824523210525512695e-01,6.632282584905624390e-02,6.639190018177032471e-02,-2.400407008826732635e-02,-1.005190238356590271e-01,9.206128865480422974e-02,2.539066225290298462e-02,-2.953442037105560303e-01,4.603368870448321104e-04,7.808891683816909790e-02,-2.744145691394805908e-01,-1.634781435132026672e-02,1.733360141515731812e-01,-1.752711646258831024e-02,7.132905721664428711e-02,1.775175780057907104e-01,-1.510639488697052002e-01,-5.015547201037406921e-02,-1.821318268775939941e-01,1.259677857160568237e-02,-2.028026431798934937e-02,1.477223932743072510e-01,7.135722041130065918e-02,4.230220988392829895e-02,1.999841481447219849e-01,-1.635253280401229858e-01,1.509811170399188995e-02,4.449386615306138992e-03,-5.540597066283226013e-02,-3.483861684799194336e-02,3.376989439129829407e-02,-1.599144041538238525e-01,-3.509584069252014160e-02,-2.589147724211215973e-02,-3.386571407318115234e-01,-9.520066529512405396e-02,1.995660066604614258e-01,1.586978435516357422e-01,2.958161830902099609e-01,8.038160949945449829e-02,-3.288162127137184143e-02,2.154351174831390381e-01,-2.209437661804258823e-04,-1.588803380727767944e-01,-2.249754518270492554e-01,-9.862709045410156250e-02,1.715604588389396667e-02,-9.870982170104980469e-02,2.555067464709281921e-02,-5.573810264468193054e-02,-4.613485932350158691e-02,-1.009198185056447983e-02,-9.068696945905685425e-02,-1.008432805538177490e-01,1.098023429512977600e-01,1.470188349485397339e-01,-8.016482740640640259e-02,-6.225103978067636490e-03
-2.348496392369270325e-02,-2.980563323944807053e-03,-1.169199645519256592e-01,8.109243214130401611e-02,3.060862049460411072e-02,6.590978801250457764e-02,1.187798231840133667e-01,-1.167337521910667419e-01,-4.814711958169937134e-02,2.713312767446041107e-02,-1.101352181285619736e-02,-3.059924580156803131e-02,-3.111477941274642944e-02,-1.535539478063583374e-01,3.359211981296539307e-02,7.622828707098960876e-03,3.101666085422039032e-02,4.320821538567543030e-02,-7.352898269891738892e-02,-9.367298334836959839e-02,1.077362000942230225e-01,9.617229551076889038e-02,-1.607828214764595032e-02,-1.161648612469434738e-02,5.967018008232116699e-02,1.094610989093780518e-01,-8.619225770235061646e-02,-8.276615291833877563e-02,1.507948189973831177e-01,-8.732859790325164795e-02,1.674944348633289337e-02,-9.288997948169708252e-02,7.933048903942108154e-02,4.887461662292480469e-02,4.934820812195539474e-03,-5.455587804317474365e-02,-5.777870863676071167e-02,2.885294705629348755e-02,7.469864934682846069e-02,-1.045723035931587219e-01,5.529416725039482117e-02,-1.359954383224248886e-02,8.018092811107635498e-02,1.287962961941957474e-02,-2.838711626827716827e-02,-4.250861704349517822e-02,-8.893077820539474487e-02,-8.564282208681106567e-03,-2.379117347300052643e-02,-5.024762451648712158e-02,-2.978923963382840157e-03,-8.249241858720779419e-02,4.281495139002799988e-02,8.392589539289474487e-02,-2.050475031137466431e-02,-1.071987207978963852e-02,2.964665368199348450e-02,2.784312469884753227e-03,8.665295690298080444e-02,-3.844384104013442993e-02,-4.109730478376150131e-03,-1.692333072423934937e-02,1.178177073597908020e-02,1.162247210741043091e-01,-7.612945139408111572e-02,-2.347874082624912262e-02,9.867893159389495850e-02,8.990225195884704590e-02,4.595439136028289795e-02,7.072491943836212158e-02,-7.140202075242996216e-02,3.211537376046180725e-02,-1.819420605897903442e-02,-1.674570515751838684e-02,3.002752177417278290e-02,-9.479960054159164429e-02,-1.296638697385787964e-02,1.035438627004623413e-01,1.035670377314090729e-02,-4.906674474477767944e-02,1.030628755688667297e-01,5.451742094010114670e-03,-1.111232340335845947e-01,1.009433716535568237e-02,-7.836196571588516235e-02,-1.165036857128143311e-01,7.310644537210464478e-02,2.487504482269287109e-02,8.754193782806396484e-02,-2.891306206583976746e-02,-1.836792682297527790e-03,-6.927885115146636963e-02,-1.021376345306634903e-02,1.543313823640346527e-02,-1.108674332499504089e-01,9.450366348028182983e-02,-4.190710387774743140e-05,-1.656421110965311527e-03,4.603683948516845703e-02,2.608457766473293304e-02,-1.358203357085585594e-03,3.536138311028480530e-02,1.337835192680358887e-02,1.100293733179569244e-02,1.551631391048431396e-01,1.952949562110006809e-03,-9.053144603967666626e-02,-6.783690303564071655e-02,-1.391219645738601685e-01,-4.262082651257514954e-02,-1.321044843643903732e-02,-6.715304404497146606e-02,1.868937350809574127e-02,4.226934537291526794e-02,1.136442869901657104e-01,4.686121828854084015e-03,5.147220194339752197e-02,7.569624576717615128e-04,2.965385653078556061e-02,2.981663681566715240e-02,1.046263054013252258e-02,-1.994031853973865509e-02,6.894851475954055786e-02,1.678587123751640320e-02,-6.481458991765975952e-02,-7.605328410863876343e-02,1.694637909531593323e-02,9.630150161683559418e-03
-1.840253472328186035e-01,-2.241249941289424896e-02,1.348251253366470337e-01,-2.464666366577148438e-01,-1.824247241020202637e-01,-1.092903092503547668e-01,-8.012970536947250366e-02,6.419999152421951294e-02,-2.546758390963077545e-02,-1.101352181285619736e-02,2.245630770921707153e-01,-2.388243190944194794e-02,-2.239521443843841553e-01,-2.018683776259422302e-02,-1.033958196640014648e-01,-4.816804826259613037e-02,3.386364504694938660e-02,-3.087862730026245117e-01,4.155110567808151245e-02,6.397870182991027832e-02,2.736583948135375977e-01,-1.084824353456497192e-01,-1.979754418134689331e-01,-1.233698148280382156e-02,-8.491875976324081421e-02,4.039587453007698059e-02,1.425869166851043701e-01,2.597602307796478271e-01,-7.620614767074584961e-02,2.346903085708618164e-01,1.966494172811508179e-01,1.175340339541435242e-01,-1.509674787521362305e-01,1.627618521451950073e-01,-4.382244125008583069e-02,6.850612163543701172e-02,-1.151745091192424297e-03,-1.736557856202125549e-02,-1.045335307717323303e-01,3.338297605514526367e-01,2.226880937814712524e-02,-4.829824715852737427e-02,-2.840290665626525879e-01,-2.339293062686920166e-02,9.403292834758758545e-02,-7.296872138977050781e-02,1.009464189410209656e-01,1.059850230813026428e-01,8.075975626707077026e-02,-1.828653365373611450e-01,-2.265438288450241089e-01,-8.616695553064346313e-02,-1.795126497745513916e-01,9.144926071166992188e-02,1.800621300935745239e-02,1.854660362005233765e-01,3.869822621345520020e-02,2.679803036153316498e-02,5.634286254644393921e-02,-5.691654607653617859e-02,2.893950641155242920e-01,-8.703879266977310181e-02,-1.914206519722938538e-02,6.218941509723663330e-02,3.186883032321929932e-01,-1.169435959309339523e-02,-1.935051530599594116e-01,-2.162622660398483276e-01,-2.228401303291320801e-01,4.197044670581817627e-02,1.281024068593978882e-01,1.111634634435176849e-02,-1.214157789945602417e-01,3.293089568614959717e-01,3.737431019544601440e-02,2.731229066848754883e-01,-3.299820469692349434e-03,1.311227828264236450e-01,1.754053980112075806e-01,2.517507076263427734e-01,-5.667423829436302185e-02,4.390201997011899948e-03,1.537038236856460571e-01,-1.309773139655590057e-02,2.960902750492095947e-01,-1.789505034685134888e-01,2.447136491537094116e-02,-1.715835370123386383e-02,6.111381947994232178e-02,7.339251041412353516e-02,1.982754282653331757e-02,1.304275244474411011e-01,-6.808827817440032959e-02,-2.242877036333084106e-01,7.824058644473552704e-03,8.373545855283737183e-02,-4.179874062538146973e-02,2.221097820438444614e-04,1.498551294207572937e-02,-2.798579335212707520e-01,-6.340562552213668823e-02,1.732278615236282349e-01,-6.257347017526626587e-02,1.772509887814521790e-02,-1.460856795310974121e-01,-2.358492910861968994e-01,2.394665926694869995e-01,8.412428945302963257e-02,-6.115667521953582764e-02,1.292996387928724289e-02,-1.224054843187332153e-01,2.705107070505619049e-02,-9.947517514228820801e-02,6.824375689029693604e-02,-1.414058655500411987e-01,9.174156934022903442e-02,-3.422477841377258301e-01,7.338805496692657471e-02,-1.054073199629783630e-01,-2.818489074707031250e-02,8.480358868837356567e-02,1.797730326652526855e-01,-1.457740217447280884e-01,-2.138786949217319489e-02,2.110088616609573364e-02,1.185767501592636108e-01,4.793194681406021118e-02,-2.897861599922180176e-01
-1.303631216287612915e-01,-2.006661519408226013e-02,2.616815865039825439e-01,-8.524142205715179443e-02,-2.881171926856040955e-02,-1.227364018559455872e-01,-2.264138162136077881e-01,-4.481575265526771545e-02,8.785413950681686401e-02,-3.059924580156803131e-02,-2.388243190944194794e-02,1.221803948283195496e-01,-9.843990206718444824e-02,1.365465819835662842e-01,-1.843622028827667236e-01,-2.922169119119644165e-02,-7.739934325218200684e-02,1.000614687800407410e-01,2.352599054574966431e-03,2.855060994625091553e-02,-1.358043104410171509e-01,-5.084719136357307434e-02,-9.005729854106903076e-02,2.767740190029144287e-01,-7.666001468896865845e-02,4.060753434896469116e-02,-1.859210198745131493e-03,8.431448787450790405e-02,-1.527076661586761475e-01,2.321860194206237793e-01,9.846383705735206604e-03,2.131990343332290649e-01,-2.163725495338439941e-01,-7.607442140579223633e-02,4.046737775206565857e-02,2.313462495803833008e-01,1.294368058443069458e-01,-8.243315666913986206e-02,-3.514241799712181091e-02,2.210007309913635254e-01,-9.230650961399078369e-02,-3.662476316094398499e-02,6.720650196075439453e-02,-3.219303861260414124e-02,-2.423549890518188477e-01,3.217899501323699951e-01,1.968879401683807373e-01,-3.790096938610076904e-02,7.396745495498180389e-03,2.119120061397552490e-01,2.652932889759540558e-02,9.216532635036855936e-05,-5.720241367816925049e-02,-1.235386505722999573e-01,-4.287268593907356262e-02,-6.689732521772384644e-02,-1.287419199943542480e-01,-5.268218740820884705e-02,-2.926548719406127930e-01,1.263577193021774292e-01,-5.594370141625404358e-02,-3.190943971276283264e-02,-4.047186300158500671e-02,-1.564043015241622925e-01,1.669823378324508667e-02,3.763780742883682251e-02,-1.867195069789886475e-01,-1.120805367827415466e-01,-2.615051902830600739e-02,-1.853082925081253052e-01,2.869078218936920166e-01,1.760007292032241821e-01,1.703702509403228760e-01,-5.989316478371620178e-02,-7.361336052417755127e-02,1.324681788682937622e-01,2.593507803976535797e-02,-2.291560024023056030e-01,1.942089200019836426e-01,2.061100602149963379e-01,-6.517697870731353760e-02,-2.050052396953105927e-02,9.825802594423294067e-02,-4.611973464488983154e-02,-1.002564188092947006e-02,1.411609649658203125e-01,-2.932203747332096100e-02,-4.154517874121665955e-02,-2.954488694667816162e-01,2.588737197220325470e-02,-7.689394056797027588e-02,2.162262350320816040e-01,1.286558657884597778e-01,1.060662269592285156e-01,1.942865103483200073e-01,-1.003575474023818970e-01,-1.455313805490732193e-02,5.495499353855848312e-03,3.680339828133583069e-02,-1.671292185783386230e-01,-2.393160015344619751e-02,-2.191064953804016113e-01,9.021344780921936035e-02,-2.082954905927181244e-02,-3.136112391948699951e-01,-3.444598615169525146e-02,1.220243647694587708e-01,4.994578659534454346e-02,3.282714486122131348e-01,7.809496670961380005e-02,-1.858532726764678955e-01,1.306785196065902710e-01,3.276943042874336243e-02,-3.171029686927795410e-02,-9.770652651786804199e-02,6.186568364500999451e-02,9.522143006324768066e-02,-7.433006167411804199e-02,2.296600490808486938e-01,-6.158292293548583984e-02,2.278380841016769409e-01,-2.083590030670166016e-01,-6.988203525543212891e-02,1.473284792155027390e-04,-1.071026772260665894e-01,2.077672183513641357e-01,-8.843493461608886719e-02,-4.279993847012519836e-02
