4.253313541412353516e-01,-4.616478458046913147e-03,7.603687793016433716e-02,-1.502260118722915649e-01,2.809127271175384521e-01,-3.483028709888458252e-01,5.868283659219741821e-02,4.056497812271118164e-01,1.258478909730911255e-01,1.404420845210552216e-02,-2.364682555198669434e-01,-1.455954462289810181e-01,-1.349635422229766846e-01,-1.462319772690534592e-02,9.301408194005489349e-03,2.227552980184555054e-01,6.924307439476251602e-03,-1.318682134151458740e-01,5.142915248870849609e-02,-1.029321253299713135e-01,-2.128023952245712280e-01,-1.657132208347320557e-01,-1.247585043311119080e-01,7.213398814201354980e-02,2.668118663132190704e-02,1.670396924018859863e-01,8.561483584344387054e-03,-3.029017150402069092e-01,2.897648140788078308e-02,-7.592564076185226440e-02,-1.595969796180725098e-01,-7.992598414421081543e-02,-7.315011322498321533e-02,8.471564948558807373e-02,-1.199225615710020065e-02,-5.242619290947914124e-02,7.741779834032058716e-02,5.258548632264137268e-02,-2.313242852687835693e-01,-2.741040885448455811e-01,1.477863192558288574e-01,1.586547940969467163e-01,-1.304894834756851196e-01,1.203790213912725449e-02,-2.548190951347351074e-02,1.759336143732070923e-01,-3.148477151989936829e-02,-3.511029481887817383e-02,2.146787345409393311e-01,-1.577136814594268799e-01,-2.371528744697570801e-01,-1.529418528079986572e-01,2.387442737817764282e-01,-2.523097582161426544e-02,5.331933125853538513e-02,-1.098370850086212158e-01,1.861929148435592651e-01,3.496650606393814087e-03,1.110849827527999878e-01,1.206353902816772461e-01,-1.453186720609664917e-01,1.672298163175582886e-01,-2.938828198239207268e-03,2.247902899980545044e-01,1.410398930311203003e-01,-2.592588216066360474e-02,-3.454762101173400879e-01,1.039306819438934326e-01,-5.520524829626083374e-02,2.387700527906417847e-01,-2.187211066484451294e-01,2.414286732673645020e-01,-7.030120491981506348e-02,-1.674943603575229645e-02,-1.748370975255966187e-01,-1.326266378164291382e-01,1.018273527733981609e-03,-5.422262474894523621e-04,7.493874058127403259e-03,-8.473319560289382935e-02,1.146169528365135193e-01,2.593132194306235760e-05,-1.421719789505004883e-01,1.096436521038413048e-03,-2.947834134101867676e-01,9.003319591283798218e-02,2.249576002359390259e-01,2.350370166823267937e-03,-7.951515913009643555e-02,1.504387259483337402e-01,-1.891510933637619019e-01,2.732666134834289551e-01,9.270948916673660278e-02,-1.490310728549957275e-01,-9.623174369335174561e-02,-2.672402560710906982e-01,-1.781475543975830078e-02,-1.147457896877313033e-05,-1.491299867630004883e-01,1.274841427803039551e-01,-3.066205680370330811e-01,3.183397948741912842e-01,-7.652173936367034912e-02,-1.319853812456130981e-01,-4.210596904158592224e-02,1.532998830080032349e-01,9.674226492643356323e-02,1.320842653512954712e-01,-3.931789398193359375e-01,6.522526033222675323e-03,2.318778261542320251e-02,1.383437067270278931e-01,4.147755447775125504e-03,9.579157084226608276e-02,4.846842959523200989e-02,-8.849575370550155640e-02,2.525217533111572266e-01,-7.673195004463195801e-02,-1.572428047657012939e-01,-4.941130802035331726e-02,-1.169409677386283875e-01,7.271778583526611328e-02,8.639291673898696899e-02,2.547060251235961914e-01,-1.227699965238571167e-01,7.156088203191757202e-02,5.299741774797439575e-02,8.469116687774658203e-02
-4.616478458046913147e-03,1.137196086347103119e-02,-9.729108959436416626e-02,8.052602410316467285e-02,5.282384157180786133e-02,7.069461513310670853e-03,-6.304381880909204483e-03,2.098269946873188019e-02,7.101109623908996582e-02,7.681824266910552979e-02,-9.336607530713081360e-03,-4.492691904306411743e-02,8.272472769021987915e-02,8.343275636434555054e-02,9.034918248653411865e-02,9.024189412593841553e-02,-2.467164769768714905e-03,7.326761633157730103e-02,-9.357640147209167480e-02,-6.457058340311050415e-02,-5.762216821312904358e-02,8.005631715059280396e-02,7.824339717626571655e-02,-2.960723824799060822e-02,1.455869711935520172e-02,7.583369314670562744e-02,-9.007397294044494629e-02,-3.009484708309173584e-02,8.526901900768280029e-02,-2.957671321928501129e-02,1.819850876927375793e-02,-1.040494889020919800e-01,7.695123553276062012e-02,7.249525189399719238e-02,-1.569929416291415691e-03,-9.702382981777191162e-02,7.345475256443023682e-02,8.947990834712982178e-02,-6.335689127445220947e-02,-6.636761128902435303e-02,8.636567741632461548e-02,1.764059625566005707e-02,9.247700124979019165e-02,3.647936508059501648e-02,-9.264432825148105621e-03,-9.079198539257049561e-02,-9.232848882675170898e-02,-2.669302932918071747e-02,1.804071071092039347e-04,-8.475830778479576111e-03,1.042726449668407440e-02,-3.126935800537467003e-03,6.053861230611801147e-02,-2.071063034236431122e-03,-2.446340583264827728e-02,-9.913139045238494873e-02,4.436680674552917480e-02,3.670369973406195641e-03,-8.976383507251739502e-02,-7.829289883375167847e-02,1.880702446214854717e-03,-1.048194710165262222e-02,2.838166663423180580e-03,2.759473957121372223e-02,5.377782974392175674e-03,-3.378258645534515381e-02,4.867890477180480957e-02,9.394067525863647461e-02,-9.364911913871765137e-02,2.391187287867069244e-02,-7.441116124391555786e-02,-3.951988741755485535e-02,-4.272304475307464600e-02,8.739268034696578979e-02,-2.806573733687400818e-02,-9.184619039297103882e-02,-3.802530700340867043e-04,9.939097613096237183e-02,-3.052104637026786804e-02,-8.519376069307327271e-02,9.235857427120208740e-02,8.045002323342487216e-05,-8.212295174598693848e-02,-5.509016918949782848e-04,-8.274545520544052124e-02,-9.327493607997894287e-02,3.890862688422203064e-02,7.855489384382963181e-04,8.444269001483917236e-02,6.590998172760009766e-02,-1.765376329421997070e-02,-5.004402250051498413e-02,-8.578830212354660034e-02,4.225130751729011536e-02,-8.592908829450607300e-02,1.195708941668272018e-02,6.617756187915802002e-02,1.589588123351859394e-07,-6.898097693920135498e-02,7.422746717929840088e-02,-2.554147131741046906e-02,4.784895852208137512e-02,-9.421558678150177002e-02,-8.406632393598556519e-02,1.073096767067909241e-01,9.691950865089893341e-03,-9.471845626831054688e-02,-9.433903545141220093e-02,-7.675766479223966599e-03,-1.971650402992963791e-03,7.583726197481155396e-02,-8.514542877674102783e-02,-8.946678042411804199e-02,1.435728743672370911e-02,9.541252255439758301e-02,-8.803527802228927612e-02,4.046688228845596313e-02,5.314493924379348755e-02,-9.125667810440063477e-02,6.765305995941162109e-02,8.782228082418441772e-02,8.265519887208938599e-02,8.056357502937316895e-02,-7.142119109630584717e-02,-4.602675884962081909e-02,-7.788028568029403687e-02,-8.360506966710090637e-03,7.606631517410278320e-02
7.603687793016433716e-02,-9.729108959436416626e-02,8.180764913558959961e-01,-7.168809771537780762e-01,-4.823795855045318604e-01,-1.163927242159843445e-01,3.509600088000297546e-02,-2.269315570592880249e-01,-5.698567628860473633e-01,-6.879905462265014648e-01,8.238292485475540161e-02,4.405749142169952393e-01,-6.912575960159301758e-01,-7.227243185043334961e-01,-7.760936021804809570e-01,-7.159535288810729980e-01,2.257251739501953125e-02,-6.346021890640258789e-01,7.802950143814086914e-01,6.037378907203674316e-01,4.407943487167358398e-01,-7.226483225822448730e-01,-7.183468341827392578e-01,2.934515178203582764e-01,-1.361413896083831787e-01,-6.180164217948913574e-01,7.619814276695251465e-01,2.615537941455841064e-01,-7.492631673812866211e-01,2.909123897552490234e-01,-1.688126921653747559e-01,8.076997995376586914e-01,-6.295052170753479004e-01,-6.776388287544250488e-01,2.015882544219493866e-02,7.805812954902648926e-01,-6.665233373641967773e-01,-7.680536508560180664e-01,5.398110151290893555e-01,5.790243744850158691e-01,-7.019296288490295410e-01,-1.510483324527740479e-01,-7.800621390342712402e-01,-3.543011844158172607e-01,1.679423823952674866e-02,7.755541205406188965e-01,7.913883328437805176e-01,2.490409910678863525e-01,1.655449531972408295e-02,1.689379364252090454e-01,-8.784182369709014893e-02,1.095614433288574219e-01,-5.119146108627319336e-01,1.544256228953599930e-02,2.577551007270812988e-01,8.100357055664062500e-01,-4.488791525363922119e-01,-3.650739043951034546e-02,7.477973103523254395e-01,6.815924644470214844e-01,-3.436731174588203430e-02,1.132569089531898499e-01,-2.491445094347000122e-02,-2.148201167583465576e-01,-1.975816302001476288e-02,3.150471448898315430e-01,-4.099073112010955811e-01,-7.695623040199279785e-01,7.760262489318847656e-01,-2.314240932464599609e-01,6.600390076637268066e-01,4.054607152938842773e-01,3.755075633525848389e-01,-7.639752030372619629e-01,1.876958310604095459e-01,7.601233720779418945e-01,3.478258149698376656e-03,-8.293799757957458496e-01,2.688919007778167725e-01,7.317540645599365234e-01,-7.683176398277282715e-01,-7.938964408822357655e-04,7.189134955406188965e-01,6.478213705122470856e-03,6.708934903144836426e-01,7.967598438262939453e-01,-3.843304514884948730e-01,-7.940335199236869812e-03,-7.055924534797668457e-01,-6.225043535232543945e-01,1.628070026636123657e-01,3.871909379959106445e-01,7.177245616912841797e-01,-3.729569613933563232e-01,7.297443151473999023e-01,-1.070849001407623291e-01,-6.195933222770690918e-01,-1.957714630407281220e-06,6.164638996124267578e-01,-6.358543038368225098e-01,3.046689629554748535e-01,-4.163986742496490479e-01,7.761682271957397461e-01,7.254136204719543457e-01,-8.456931114196777344e-01,-1.322475969791412354e-01,7.281673550605773926e-01,7.809548377990722656e-01,6.360816210508346558e-02,1.426191534847021103e-02,-6.242657899856567383e-01,7.348387241363525391e-01,7.673664689064025879e-01,-1.936885863542556763e-01,-8.088871240615844727e-01,7.403610944747924805e-01,-3.634138405323028564e-01,-5.360315442085266113e-01,7.667779922485351562e-01,-6.124335527420043945e-01,-7.558773756027221680e-01,-6.920588612556457520e-01,-6.924344301223754883e-01,6.134365200996398926e-01,4.808306097984313965e-01,6.860342621803283691e-01,6.760408729314804077e-02,-6.898893117904663086e-01
-1.502260118722915649e-01,8.052602410316467285e-02,-7.168809771537780762e-01,7.515824437141418457e-01,2.771360874176025391e-01,2.158463597297668457e-01,-2.695277892053127289e-02,1.924576610326766968e-02,5.057644844055175781e-01,5.765040516853332520e-01,-1.726013720035552979e-01,-3.145445585250854492e-01,5.039157271385192871e-01,6.639871597290039062e-01,6.733388900756835938e-01,4.794906079769134521e-01,-1.768951490521430969e-02,5.411768555641174316e-01,-7.345665693283081055e-01,-5.248925685882568359e-01,-4.660554826259613037e-01,6.724882721900939941e-01,6.399009823799133301e-01,-2.054651230573654175e-01,1.173119544982910156e-01,3.688398301601409912e-01,-6.088630557060241699e-01,1.263019535690546036e-02,5.453993678092956543e-01,-1.128920391201972961e-01,1.125885099172592163e-01,-7.059933543205261230e-01,6.897220611572265625e-01,5.901526212692260742e-01,1.122620378737337887e-04,-5.755594968795776367e-01,4.920183122158050537e-01,6.411583423614501953e-01,-2.517684400081634521e-01,-5.291925668716430664e-01,6.263359785079956055e-01,1.970935314893722534e-01,6.582077741622924805e-01,2.777767777442932129e-01,-1.531242281198501587e-01,-6.295118927955627441e-01,-7.178406715393066406e-01,-2.106925100088119507e-01,3.477093577384948730e-02,-6.606412678956985474e-02,1.197219640016555786e-01,9.721179306507110596e-02,5.103951096534729004e-01,-4.959701001644134521e-02,-8.074932545423507690e-02,-6.365382671356201172e-01,4.233574867248535156e-01,2.781285345554351807e-02,-6.773669123649597168e-01,-7.200367450714111328e-01,-1.622227951884269714e-02,-3.967018797993659973e-02,2.714045345783233643e-02,1.257144361734390259e-01,6.113295257091522217e-02,-2.599496543407440186e-01,3.154420554637908936e-01,5.698837041854858398e-01,-6.408169865608215332e-01,-2.341113798320293427e-02,-4.829699993133544922e-01,-1.982771307229995728e-01,-4.194384515285491943e-01,6.626701354980468750e-01,-2.420045286417007446e-01,-6.178827285766601562e-01,-1.856465823948383331e-03,6.818420290946960449e-01,-4.189749658107757568e-01,-5.957440137863159180e-01,7.045149803161621094e-01,6.493838154710829258e-04,-5.445424318313598633e-01,-1.301742158830165863e-03,-5.077781081199645996e-01,-6.772801280021667480e-01,1.382879167795181274e-01,3.142263973131775856e-03,5.621482729911804199e-01,4.825216531753540039e-01,-1.772695481777191162e-01,-5.112110376358032227e-01,-7.122991085052490234e-01,4.386074841022491455e-01,-6.559397578239440918e-01,2.042888253927230835e-01,4.741862416267395020e-01,2.021967247856082395e-06,-3.966066539287567139e-01,4.683559834957122803e-01,-1.448673307895660400e-01,1.584702134132385254e-01,-7.016409635543823242e-01,-5.521072149276733398e-01,7.700724601745605469e-01,3.083700537681579590e-01,-7.870733737945556641e-01,-6.453877687454223633e-01,1.314355731010437012e-01,-2.173259109258651733e-02,6.116950511932373047e-01,-7.406922578811645508e-01,-7.069784402847290039e-01,2.917771041393280029e-01,6.708290576934814453e-01,-6.305932402610778809e-01,8.794705569744110107e-02,4.414089918136596680e-01,-6.201313734054565430e-01,6.256470084190368652e-01,6.248238086700439453e-01,6.724648475646972656e-01,6.189143657684326172e-01,-5.816925764083862305e-01,-4.180624783039093018e-01,-6.552213430404663086e-01,-6.693123281002044678e-02,5.643779039382934570e-01
2.809127271175384521e-01,5.282384157180786133e-02,-4.823795855045318604e-01,2.771360874176025391e-01,6.047266721725463867e-01,-2.387137413024902344e-01,2.113100886344909668e-02,5.807036757469177246e-01,3.799296915531158447e-01,4.215453267097473145e-01,-1.353030651807785034e-01,-4.129168093204498291e-01,4.344089925289154053e-01,3.973571360111236572e-01,5.025355219841003418e-01,7.544757127761840820e-01,-9.519072249531745911e-03,3.321424126625061035e-01,-4.372206032276153564e-01,-4.058260619640350342e-01,-2.978364229202270508e-01,3.105430901050567627e-01,3.417715430259704590e-01,-1.650050282478332520e-01,9.510079026222229004e-02,6.377373933792114258e-01,-5.119554996490478516e-01,-5.494700074195861816e-01,6.298953294754028320e-01,-3.163398504257202148e-01,1.098795700818300247e-02,-5.770645141601562500e-01,2.275081276893615723e-01,4.817605614662170410e-01,-3.505595028400421143e-02,-6.339197754859924316e-01,5.225076675415039062e-01,5.554354786872863770e-01,-7.253149151802062988e-01,-5.185453891754150391e-01,5.316555500030517578e-01,1.338917016983032227e-01,4.356498122215270996e-01,2.388646900653839111e-01,1.041866019368171692e-01,-4.289616644382476807e-01,-5.295076370239257812e-01,-1.855148673057556152e-01,7.660877704620361328e-02,-2.678639888763427734e-01,-1.430827379226684570e-01,-3.430472612380981445e-01,4.080945849418640137e-01,-4.635540535673499107e-04,-2.425011992454528809e-01,-6.863577365875244141e-01,3.732152581214904785e-01,2.781470119953155518e-02,-3.732777535915374756e-01,-2.602557539939880371e-01,-2.880866080522537231e-02,-3.030778467655181885e-02,7.155162282288074493e-03,2.957582771778106689e-01,6.649588048458099365e-02,-2.113359868526458740e-01,5.456545576453208923e-02,6.600834131240844727e-01,-5.532001256942749023e-01,4.728760719299316406e-01,-6.580333113670349121e-01,-2.304356694221496582e-01,-1.657705903053283691e-01,4.856059551239013672e-01,-1.524203568696975708e-01,-6.196653246879577637e-01,-2.199054928496479988e-03,5.988729000091552734e-01,-2.180538512766361237e-02,-5.539003610610961914e-01,5.627834200859069824e-01,5.166733753867447376e-04,-6.177648305892944336e-01,-6.320043466985225677e-03,-7.091413736343383789e-01,-4.772083163261413574e-01,5.228454470634460449e-01,9.521962143480777740e-03,4.036994874477386475e-01,5.298566222190856934e-01,-2.051924765110015869e-01,1.001757532358169556e-01,-3.170034885406494141e-01,7.097027730196714401e-03,-5.196799039840698242e-01,-2.060411572456359863e-01,4.310683906078338623e-01,-6.469487743743229657e-06,-5.864772796630859375e-01,5.648623704910278320e-01,-4.876903891563415527e-01,6.332943439483642578e-01,-5.477067232131958008e-01,-6.282219886779785156e-01,5.208226442337036133e-01,5.036640912294387817e-02,-2.935005128383636475e-01,-4.721159338951110840e-01,-4.469926953315734863e-01,6.566631142050027847e-03,3.122857511043548584e-01,-2.912755906581878662e-01,-4.756419062614440918e-01,7.647051662206649780e-02,6.222613453865051270e-01,-5.327826738357543945e-01,5.631328821182250977e-01,3.055112361907958984e-01,-6.596676707267761230e-01,2.499704211950302124e-01,4.505327343940734863e-01,4.174691438674926758e-01,4.507690668106079102e-01,-1.605846285820007324e-01,-3.604287505149841309e-01,-3.100030720233917236e-01,1.231710310094058514e-03,5.046041607856750488e-01
-3.483028709888458252e-01,7.069461513310670853e-03,-1.163927242159843445e-01,2.158463597297668457e-01,-2.387137413024902344e-01,3.441616594791412354e-01,-2.821131050586700439e-02,-3.594284653663635254e-01,-7.979855686426162720e-02,2.682742662727832794e-02,1.187858730554580688e-01,1.134781613945960999e-01,8.800203353166580200e-02,7.844096422195434570e-02,5.139166116714477539e-02,-2.017568796873092651e-01,-6.096347235143184662e-03,1.153014674782752991e-01,-1.065556704998016357e-01,1.500474289059638977e-02,9.310349076986312866e-02,1.831869781017303467e-01,1.540202200412750244e-01,-4.356395080685615540e-02,-1.211958099156618118e-02,-1.868018805980682373e-01,-4.061335697770118713e-02,3.159572184085845947e-01,-1.543931197375059128e-02,7.258215546607971191e-02,1.230875179171562195e-01,1.069506444036960602e-02,1.557096987962722778e-01,7.579469121992588043e-03,1.463524345308542252e-02,4.852894321084022522e-02,-5.939772725105285645e-02,-8.066227659583091736e-03,2.515195012092590332e-01,1.332294791936874390e-01,-7.981181889772415161e-02,-7.099000364542007446e-02,1.384954303503036499e-01,7.098407950252294540e-03,-3.282641991972923279e-02,-1.642324626445770264e-01,-4.108947142958641052e-02,1.581888832151889801e-02,-1.480700224637985229e-01,1.250520795583724976e-01,2.029932141304016113e-01,1.615041196346282959e-01,-1.144009530544281006e-01,8.827388286590576172e-03,1.076547661796212196e-03,5.557726696133613586e-02,-9.812346845865249634e-02,-2.064237371087074280e-03,-1.360609680414199829e-01,-1.787036508321762085e-01,9.122568368911743164e-02,-9.758199751377105713e-02,6.428496912121772766e-03,-1.809069663286209106e-01,-9.793481230735778809e-02,8.651484735310077667e-03,2.512001693248748779e-01,-7.708615809679031372e-02,1.489390339702367783e-02,-2.535383105278015137e-01,1.595077365636825562e-01,-1.634844392538070679e-01,-5.341031588613986969e-03,4.816274344921112061e-02,9.740396589040756226e-02,6.960666179656982422e-02,-3.995012666564434767e-04,4.119916260242462158e-02,-9.147781878709793091e-02,4.743456095457077026e-02,-2.123101614415645599e-02,1.680966852291021496e-05,8.351778984069824219e-02,-3.280962700955569744e-04,2.238293886184692383e-01,-1.061349734663963318e-01,-2.000987827777862549e-01,-3.012573346495628357e-03,6.681457161903381348e-02,-9.953793138265609741e-02,1.092895418405532837e-01,-2.911303937435150146e-01,-1.410208642482757568e-01,1.783095747232437134e-01,2.868664637207984924e-02,2.440229654312133789e-01,4.020216688513755798e-02,7.757103048788849264e-06,1.318931281566619873e-01,-1.157264411449432373e-01,2.394808828830718994e-01,-3.038406968116760254e-01,1.290549524128437042e-02,9.434382617473602295e-02,9.229365736246109009e-02,1.597717031836509705e-02,-1.823685765266418457e-01,-1.101538911461830139e-01,3.733666837215423584e-01,-9.059693664312362671e-03,4.637704789638519287e-02,-2.112009674310684204e-01,-5.602292716503143311e-02,1.457553543150424957e-02,7.111027836799621582e-03,2.628455124795436859e-02,-2.645915448665618896e-01,8.403948694467544556e-02,8.673249185085296631e-02,1.129445955157279968e-01,1.146742254495620728e-01,1.833017356693744659e-02,-4.987065214663743973e-03,-2.379470169544219971e-01,3.872755169868469238e-02,-1.229279935359954834e-01,-4.801549017429351807e-02,-2.705916203558444977e-02
5.868283659219741821e-02,-6.304381880909204483e-03,3.509600088000297546e-02,-2.695277892053127289e-02,2.113100886344909668e-02,-2.821131050586700439e-02,3.645720705389976501e-02,5.970063433051109314e-02,-3.000262938439846039e-02,-1.577705889940261841e-02,-5.597657337784767151e-02,-5.760266911238431931e-03,-6.321876496076583862e-02,-3.148356080055236816e-02,-2.453870140016078949e-02,-1.137523259967565536e-02,2.082130406051874161e-03,-5.673558637499809265e-02,2.069351449608802795e-02,-1.348286122083663940e-02,-1.308904960751533508e-02,-4.543322324752807617e-02,-3.362498432397842407e-02,1.818320155143737793e-02,7.146275020204484463e-04,-2.074105292558670044e-02,3.176501765847206116e-02,-1.412120088934898376e-02,-1.450923644006252289e-02,-4.909539129585027695e-03,-2.758917585015296936e-02,2.454695105552673340e-02,-2.184528298676013947e-02,1.077296305447816849e-02,-7.411509868688881397e-04,3.782849758863449097e-02,-1.529613416641950607e-02,-1.583920046687126160e-02,-2.778733847662806511e-03,-3.851649537682533264e-02,-8.747959509491920471e-03,2.974115498363971710e-02,-5.350543186068534851e-02,-6.676340475678443909e-03,-1.141491997987031937e-02,6.016002222895622253e-02,1.120122708380222321e-02,5.570382811129093170e-03,4.617097601294517517e-02,-2.945645339787006378e-02,-3.483423218131065369e-02,-3.037411719560623169e-02,2.989573590457439423e-02,-2.754301996901631355e-03,2.189373970031738281e-02,9.727288968861103058e-03,2.443296089768409729e-02,-5.304082878865301609e-04,4.376443102955818176e-02,3.310220688581466675e-02,-3.366680815815925598e-02,3.854826092720031738e-02,-8.076594094745814800e-04,2.399017103016376495e-02,2.290624193847179413e-02,6.438211072236299515e-03,-8.501935750246047974e-02,-1.944346353411674500e-02,2.597387321293354034e-02,1.752371527254581451e-02,-1.933776214718818665e-02,5.218086019158363342e-02,-1.117835752665996552e-03,-2.997561544179916382e-02,-1.884478516876697540e-02,2.605377230793237686e-03,4.924992681480944157e-04,-2.633599378168582916e-02,-6.806952878832817078e-03,1.487965974956750870e-02,2.926765708252787590e-03,-1.446281294192885980e-05,2.330791437998414040e-03,1.079306239262223244e-04,-1.925091259181499481e-02,4.564382508397102356e-02,2.434147149324417114e-02,-1.120148954214528203e-04,-5.251282826066017151e-02,8.126150816679000854e-03,-3.756874054670333862e-02,5.287093296647071838e-02,3.520138189196586609e-02,-2.981025539338588715e-02,3.764444263651967049e-03,-4.504170268774032593e-02,-1.998917199671268463e-02,-3.585939566619344987e-06,8.359391242265701294e-03,-1.052300911396741867e-02,-5.453712865710258484e-02,2.501731738448143005e-02,1.590703800320625305e-02,5.789241287857294083e-03,-2.727626077830791473e-02,6.113272532820701599e-02,3.076794743537902832e-02,6.273834407329559326e-02,-4.039291292428970337e-02,1.610339153558015823e-03,-3.173539415001869202e-02,2.391906455159187317e-02,2.834568172693252563e-02,5.458744615316390991e-02,-1.562289148569107056e-02,1.109053753316402435e-02,3.557432675734162331e-03,-1.875090412795543671e-02,-3.000737400725483894e-03,-2.206869050860404968e-02,-4.283215105533599854e-02,-6.621972657740116119e-03,-1.182217802852392197e-02,6.838782131671905518e-02,-2.295893803238868713e-02,2.964117377996444702e-02,1.145090349018573761e-02,-4.581048269756138325e-04
4.056497812271118164e-01,2.098269946873188019e-02,-2.269315570592880249e-01,1.924576610326766968e-02,5.807036757469177246e-01,-3.594284653663635254e-01,5.970063433051109314e-02,7.117202877998352051e-01,2.078239172697067261e-01,2.316042333841323853e-01,-1.285684853792190552e-01,-3.815051019191741943e-01,2.167318463325500488e-01,1.860369741916656494e-01,2.964026033878326416e-01,6.300033330917358398e-01,-1.166863716207444668e-03,9.503784030675888062e-02,-1.750651597976684570e-01,-2.801088094711303711e-01,-1.538642495870590210e-01,7.898416370153427124e-02,1.123755723237991333e-01,-1.074820607900619507e-01,6.773241609334945679e-02,5.379018187522888184e-01,-3.149421513080596924e-01,-6.169788241386413574e-01,4.870736300945281982e-01,-3.005460500717163086e-01,-7.655856758356094360e-02,-3.468242287635803223e-01,-5.102135613560676575e-02,3.536605834960937500e-01,-4.382808133959770203e-02,-4.465613365173339844e-01,3.907397091388702393e-01,3.623361885547637939e-01,-7.041797041893005371e-01,-4.198208451271057129e-01,3.393496274948120117e-01,1.022406369447708130e-01,1.734778434038162231e-01,1.652329415082931519e-01,2.068459093570709229e-01,-1.936324536800384521e-01,-3.099705874919891357e-01,-1.256955862045288086e-01,1.200738772749900818e-01,-3.799765110015869141e-01,-2.582217156887054443e-01,-4.758650362491607666e-01,2.872753143310546875e-01,1.962241549335885793e-05,-2.269529700279235840e-01,-5.031402111053466797e-01,3.224916160106658936e-01,2.221287041902542114e-02,-9.319662302732467651e-02,5.654891487210988998e-03,-5.619437992572784424e-02,2.321760728955268860e-02,-3.277719952166080475e-03,2.711367011070251465e-01,6.562941521406173706e-02,-1.389858275651931763e-01,-1.633993983268737793e-01,4.848209023475646973e-01,-3.543179929256439209e-01,5.499948859214782715e-01,-5.702185630798339844e-01,-1.623340547084808350e-01,-4.334146156907081604e-02,2.864028513431549072e-01,-5.001622065901756287e-02,-4.310575127601623535e-01,-1.329834107309579849e-03,3.869454562664031982e-01,1.226877197623252869e-01,-3.827395737171173096e-01,3.584239482879638672e-01,3.705481067299842834e-04,-4.854162335395812988e-01,-6.368698552250862122e-03,-5.887579917907714844e-01,-2.423720955848693848e-01,5.538483262062072754e-01,9.880800731480121613e-03,1.832339763641357422e-01,4.443240165710449219e-01,-1.885230839252471924e-01,3.893219828605651855e-01,-4.780203849077224731e-02,-1.758584231138229370e-01,-3.210805058479309082e-01,-3.440041840076446533e-01,2.671982645988464355e-01,-9.824682820180896670e-06,-5.104761719703674316e-01,4.240624904632568359e-01,-5.788645148277282715e-01,6.695683598518371582e-01,-3.358205258846282959e-01,-4.887299537658691406e-01,2.408533692359924316e-01,1.345991902053356171e-02,2.517473138868808746e-02,-2.204121500253677368e-01,-5.931566953659057617e-01,1.811768859624862671e-02,1.060537546873092651e-01,-2.967560663819313049e-02,-2.497879862785339355e-01,7.239460945129394531e-02,4.177932441234588623e-01,-3.405486643314361572e-01,6.014911532402038574e-01,1.798235923051834106e-01,-4.945864677429199219e-01,2.651678211987018585e-02,2.109072506427764893e-01,2.051337808370590210e-01,2.531938552856445312e-01,1.235373243689537048e-01,-3.144397139549255371e-01,-8.002532273530960083e-02,5.059605091810226440e-02,3.553398549556732178e-01
1.258478909730911255e-01,7.101109623908996582e-02,-5.698567628860473633e-01,5.057644844055175781e-01,3.799296915531158447e-01,-7.979855686426162720e-02,-3.000262938439846039e-02,2.078239172697067261e-01,6.116819977760314941e-01,5.260972380638122559e-01,-2.214985191822052002e-01,-3.697433173656463623e-01,3.797302246093750000e-01,5.922781229019165039e-01,6.020612716674804688e-01,6.008998751640319824e-01,-1.083171553909778595e-02,3.327608108520507812e-01,-6.032997369766235352e-01,-5.262458920478820801e-01,-5.939009189605712891e-01,4.891973733901977539e-01,4.523234665393829346e-01,-1.599802523851394653e-01,1.221976131200790405e-01,4.997983872890472412e-01,-5.815787315368652344e-01,-1.829924881458282471e-01,4.766704738140106201e-01,-1.484417170286178589e-01,-4.849302582442760468e-03,-7.489950060844421387e-01,5.305616855621337891e-01,5.516050457954406738e-01,-7.245642598718404770e-03,-6.013412475585937500e-01,4.858539402484893799e-01,5.929898619651794434e-01,-3.575007915496826172e-01,-5.873247981071472168e-01,6.554325819015502930e-01,2.469420433044433594e-01,4.823128581047058105e-01,2.320132851600646973e-01,-1.580488681793212891e-01,-4.811005592346191406e-01,-6.124978661537170410e-01,-1.651997268199920654e-01,2.088868021965026855e-01,-1.851812005043029785e-01,-5.997652560472488403e-02,3.743264451622962952e-02,5.845176577568054199e-01,-6.771787256002426147e-02,-2.173193730413913727e-02,-6.335962414741516113e-01,4.438605308532714844e-01,2.445389516651630402e-02,-5.231174230575561523e-01,-5.150462985038757324e-01,-1.147725731134414673e-01,1.135679259896278381e-01,2.139159664511680603e-02,2.844878137111663818e-01,1.542540192604064941e-01,-2.409343868494033813e-01,8.668082207441329956e-02,5.798566341400146484e-01,-6.397733092308044434e-01,1.367449462413787842e-01,-5.272448658943176270e-01,-3.909844160079956055e-02,-4.426926672458648682e-01,5.837530493736267090e-01,-2.957268357276916504e-01,-6.111002564430236816e-01,-1.310146879404783249e-03,6.071842312812805176e-01,-2.911060154438018799e-01,-6.075782179832458496e-01,6.779388189315795898e-01,5.759968771599233150e-04,-5.531070828437805176e-01,3.875235852319747210e-04,-6.104231476783752441e-01,-5.515158772468566895e-01,2.445753216743469238e-01,4.256611689925193787e-03,5.361609458923339844e-01,5.065778493881225586e-01,-2.126090079545974731e-01,-2.850637137889862061e-01,-5.705479979515075684e-01,3.252170085906982422e-01,-6.182261109352111816e-01,3.460105881094932556e-02,3.135741949081420898e-01,-3.671192871479433961e-06,-4.669916629791259766e-01,4.669856429100036621e-01,-2.847863137722015381e-01,3.794744908809661865e-01,-6.774554252624511719e-01,-5.701320767402648926e-01,6.874889731407165527e-01,2.114063203334808350e-01,-6.503306627273559570e-01,-4.999505877494812012e-01,-1.400681734085083008e-01,-2.065568603575229645e-02,6.332917809486389160e-01,-5.604072809219360352e-01,-6.029632687568664551e-01,3.012805283069610596e-01,5.667023062705993652e-01,-6.265585422515869141e-01,2.566131353378295898e-01,2.872878313064575195e-01,-6.199278831481933594e-01,4.946442246437072754e-01,4.469739198684692383e-01,6.375247836112976074e-01,5.935096740722656250e-01,-3.478254675865173340e-01,-4.403232038021087646e-01,-5.466265678405761719e-01,-9.456240572035312653e-03,5.287805199623107910e-01
1.404420845210552216e-02,7.681824266910552979e-02,-6.879905462265014648e-01,5.765040516853332520e-01,4.215453267097473145e-01,2.682742662727832794e-02,-1.577705889940261841e-02,2.316042333841323853e-01,5.260972380638122559e-01,5.865249037742614746e-01,-1.136973127722740173e-01,-3.808915317058563232e-01,5.481913685798645020e-01,6.209525465965270996e-01,6.730903387069702148e-01,6.815159320831298828e-01,-1.643820852041244507e-02,4.537165164947509766e-01,-6.813440918922424316e-01,-5.417943596839904785e-01,-4.597887396812438965e-01,5.759077072143554688e-01,5.653290152549743652e-01,-2.341249734163284302e-01,1.194855347275733948e-01,5.743864178657531738e-01,-6.775141954421997070e-01,-2.417611330747604370e-01,6.475989818572998047e-01,-2.465203404426574707e-01,1.010541170835494995e-01,-7.761909961700439453e-01,5.334123373031616211e-01,6.071807146072387695e-01,-1.591190695762634277e-02,-7.103711962699890137e-01,5.605211257934570312e-01,6.699190139770507812e-01,-4.936006665229797363e-01,-5.489817857742309570e-01,6.379919648170471191e-01,1.642061173915863037e-01,6.251306533813476562e-01,2.799815833568572998e-01,-5.288917943835258484e-02,-6.452835798263549805e-01,-6.852517127990722656e-01,-1.836250275373458862e-01,8.039868623018264771e-02,-1.839542388916015625e-01,2.022329904139041901e-02,-8.219499886035919189e-02,5.010526776313781738e-01,-2.624637261033058167e-02,-1.663439422845840454e-01,-7.466733455657958984e-01,3.950365483760833740e-01,2.879964001476764679e-02,-6.158536076545715332e-01,-5.491592884063720703e-01,-2.635501138865947723e-02,-1.494564302265644073e-02,2.046020515263080597e-02,2.433625757694244385e-01,6.249823421239852905e-02,-2.593471109867095947e-01,2.580277621746063232e-01,6.868972182273864746e-01,-6.974422931671142578e-01,2.092305868864059448e-01,-5.978372693061828613e-01,-2.778323590755462646e-01,-3.529446423053741455e-01,6.527272462844848633e-01,-1.961119174957275391e-01,-6.838580965995788574e-01,-2.415207447484135628e-03,7.351024746894836426e-01,-2.181522250175476074e-01,-6.556026935577392578e-01,7.116624712944030762e-01,6.447521736845374107e-04,-6.323986053466796875e-01,-4.209681414067745209e-03,-6.355261206626892090e-01,-6.655448079109191895e-01,3.353260159492492676e-01,6.328243296593427658e-03,6.150249838829040527e-01,5.417161583900451660e-01,-1.609743386507034302e-01,-2.930774390697479248e-01,-6.060541272163391113e-01,3.088848888874053955e-01,-6.484619975090026855e-01,5.362562462687492371e-02,4.550754129886627197e-01,-1.652306195865094196e-06,-5.386969447135925293e-01,5.353023409843444824e-01,-3.035454750061035156e-01,4.218973815441131592e-01,-7.025526165962219238e-01,-6.480892300605773926e-01,7.798052430152893066e-01,1.182222217321395874e-01,-6.634895205497741699e-01,-6.414529681205749512e-01,-1.032620742917060852e-01,-1.455543003976345062e-02,5.774198770523071289e-01,-6.318413019180297852e-01,-6.512641906738281250e-01,2.304603457450866699e-01,6.927897930145263672e-01,-6.653428673744201660e-01,3.236438930034637451e-01,3.983544111251831055e-01,-6.958676576614379883e-01,4.976682364940643311e-01,6.040840148925781250e-01,6.208931803703308105e-01,6.033468842506408691e-01,-4.500693678855895996e-01,-4.378245472908020020e-01,-5.772729516029357910e-01,-3.612535819411277771e-02,5.922326445579528809e-01
-2.364682555198669434e-01,-9.336607530713081360e-03,8.238292485475540161e-02,-1.726013720035552979e-01,-1.353030651807785034e-01,1.187858730554580688e-01,-5.597657337784767151e-02,-1.285684853792190552e-01,-2.214985191822052002e-01,-1.136973127722740173e-01,3.676851391792297363e-01,1.090495511889457703e-01,1.374350488185882568e-01,-1.490730345249176025e-01,-1.334883719682693481e-01,-8.098212629556655884e-02,-4.254260566085577011e-03,2.683491818606853485e-02,1.802649050951004028e-01,2.053767293691635132e-01,3.890647292137145996e-01,-4.381012171506881714e-02,-4.486529156565666199e-02,-7.304824888706207275e-02,-4.745800793170928955e-02,-1.691768644377589226e-03,4.509400203824043274e-02,-3.408059105277061462e-02,1.395072788000106812e-02,-5.807679146528244019e-02,1.494439989328384399e-01,2.044999152421951294e-01,-2.596888244152069092e-01,-1.873030960559844971e-01,-1.096562482416629791e-02,1.073614414781332016e-02,-6.617963314056396484e-02,-1.388795077800750732e-01,-5.433227866888046265e-02,3.675542473793029785e-01,-2.748108506202697754e-01,-2.589435577392578125e-01,1.330995559692382812e-02,-3.376577794551849365e-02,2.354674041271209717e-01,-9.693781286478042603e-02,2.026724368333816528e-01,6.435219198465347290e-02,-2.622727155685424805e-01,4.098022729158401489e-02,1.277493238449096680e-01,-1.139290854334831238e-01,-3.945670127868652344e-01,7.322575896978378296e-02,-1.965689659118652344e-01,1.194361522793769836e-01,-2.783010900020599365e-01,-4.074436612427234650e-03,7.932198792695999146e-02,1.906177699565887451e-01,1.904524117708206177e-01,-2.128509134054183960e-01,-9.808018803596496582e-03,-1.693462431430816650e-01,-1.896113306283950806e-01,6.198308616876602173e-02,2.770223319530487061e-01,-7.221252471208572388e-02,1.212398037314414978e-01,4.958339408040046692e-02,1.721548438072204590e-01,-3.725298941135406494e-01,2.547149658203125000e-01,-1.044650450348854065e-01,3.057173490524291992e-01,1.872030198574066162e-01,-1.898599322885274887e-03,-7.014029473066329956e-02,2.927557229995727539e-01,1.426862925291061401e-01,-2.845867872238159180e-01,-1.079584835679270327e-04,1.226860359311103821e-01,-5.563273094594478607e-03,2.566443979740142822e-01,2.677810750901699066e-02,-1.575353788211941719e-03,1.665349816903471947e-03,1.461585983633995056e-02,-1.575388014316558838e-01,2.508284151554107666e-01,8.977270126342773438e-02,1.736388951539993286e-01,-9.959673881530761719e-02,2.393878102302551270e-01,6.130334734916687012e-02,-1.319795567542314529e-02,1.093672653951216489e-05,3.909447044134140015e-02,-1.082602515816688538e-01,1.494493931531906128e-01,-5.452206730842590332e-02,2.325071543455123901e-01,1.226541399955749512e-01,-1.632336080074310303e-01,-4.239879846572875977e-01,2.826748788356781006e-01,-4.170464724302291870e-02,9.182609617710113525e-02,1.071686577051877975e-02,-2.192876935005187988e-01,1.612669825553894043e-01,1.814293116331100464e-01,-2.942029833793640137e-01,-1.224246397614479065e-01,1.924919635057449341e-01,4.890916869044303894e-02,1.590215688338503242e-04,1.926948130130767822e-01,-1.975725144147872925e-01,1.744207181036472321e-02,-2.851521074771881104e-01,-2.178771644830703735e-01,-3.785706311464309692e-02,1.926703602075576782e-01,1.472926437854766846e-01,-2.118231542408466339e-02,-1.513041257858276367e-01
-1.455954462289810181e-01,-4.492691904306411743e-02,4.405749142169952393e-01,-3.145445585250854492e-01,-4.129168093204498291e-01,1.134781613945960999e-01,-5.760266911238431931e-03,-3.815051019191741943e-01,-3.697433173656463623e-01,-3.808915317058563232e-01,1.090495511889457703e-01,3.496065437793731689e-01,-3.333845436573028564e-01,-4.201512336730957031e-01,-4.799950122833251953e-01,-6.175618767738342285e-01,7.352403830736875534e-03,-2.302942574024200439e-01,4.161915183067321777e-01,3.979034125804901123e-01,3.259360492229461670e-01,-3.412349522113800049e-01,-3.255353868007659912e-01,1.558381170034408569e-01,-8.922474086284637451e-02,-4.953192472457885742e-01,4.869447648525238037e-01,3.279691040515899658e-01,-5.257933139801025391e-01,2.075831145048141479e-01,4.810664337128400803e-03,5.788888931274414062e-01,-2.502598464488983154e-01,-4.782612621784210205e-01,2.434073574841022491e-02,5.528327822685241699e-01,-4.241218566894531250e-01,-4.887925088405609131e-01,5.258889794349670410e-01,4.668327867984771729e-01,-4.679349958896636963e-01,-1.332925409078598022e-01,-3.708731234073638916e-01,-1.995717883110046387e-01,-5.267804861068725586e-02,4.144290983676910400e-01,4.834232032299041748e-01,1.292977035045623779e-01,-1.088704019784927368e-01,2.862859666347503662e-01,1.080888733267784119e-01,2.021751254796981812e-01,-3.869343996047973633e-01,2.669918909668922424e-02,1.433476060628890991e-01,5.998824834823608398e-01,-3.477913439273834229e-01,-2.308799140155315399e-02,3.320469558238983154e-01,2.866121828556060791e-01,4.768402874469757080e-02,-3.293906897306442261e-02,-9.578223340213298798e-03,-2.049850672483444214e-01,-6.473810225725173950e-02,1.827477216720581055e-01,-3.162087872624397278e-02,-5.400585532188415527e-01,5.120831131935119629e-01,-2.816692888736724854e-01,5.260519385337829590e-01,1.978715807199478149e-01,2.279088199138641357e-01,-4.640266001224517822e-01,9.626469761133193970e-02,5.106983780860900879e-01,1.545657985843718052e-03,-5.477828979492187500e-01,7.527273148298263550e-02,5.015799403190612793e-01,-5.276785492897033691e-01,-4.910159623250365257e-04,5.179287195205688477e-01,3.667320590466260910e-03,5.566723346710205078e-01,4.458170533180236816e-01,-3.508504927158355713e-01,-6.552338134497404099e-03,-3.871189057826995850e-01,-4.543998241424560547e-01,1.444450765848159790e-01,-3.936785273253917694e-03,3.341690301895141602e-01,-1.171385943889617920e-01,4.569173157215118408e-01,8.395013958215713501e-02,-2.844885289669036865e-01,4.033589902974199504e-06,4.729476869106292725e-01,-4.057099223136901855e-01,3.837191760540008545e-01,-4.765842556953430176e-01,5.192649364471435547e-01,5.261412262916564941e-01,-5.069444179534912109e-01,-8.897511661052703857e-02,3.428373634815216064e-01,4.037561416625976562e-01,2.619185745716094971e-01,2.840750617906451225e-03,-3.821948468685150146e-01,3.533191680908203125e-01,4.441381096839904785e-01,-1.983393579721450806e-01,-5.176506042480468750e-01,4.812535643577575684e-01,-3.822414875030517578e-01,-2.582700550556182861e-01,5.558683872222900391e-01,-2.722744345664978027e-01,-3.643538355827331543e-01,-4.171086251735687256e-01,-4.154808819293975830e-01,1.644677221775054932e-01,3.837308585643768311e-01,3.407681584358215332e-01,-1.486512366682291031e-02,-4.320072531700134277e-01
