9.999979734420776367e-01,-9.999980330467224121e-01,-9.999914169311523438e-01,9.999984502792358398e-01,9.999987483024597168e-01,-9.999983310699462891e-01,-9.999901652336120605e-01,9.999988079071044922e-01,-9.999966621398925781e-01,9.999960064888000488e-01,-9.999529123306274414e-01,-9.999985694885253906e-01,9.999984502792358398e-01,9.999955892562866211e-01,-9.998006224632263184e-01,9.999973773956298828e-01,9.999977350234985352e-01,-9.999932050704956055e-01,9.999676346778869629e-01,-9.999989271163940430e-01,-9.999985694885253906e-01,9.999870061874389648e-01,9.999954104423522949e-01,9.999977350234985352e-01,-9.999917745590209961e-01,9.999988675117492676e-01,-9.999978542327880859e-01,-9.999986290931701660e-01,9.999911189079284668e-01,9.996182918548583984e-01,-9.999982118606567383e-01,-9.999985694885253906e-01,9.999974966049194336e-01,9.999976158142089844e-01,-9.999970793724060059e-01,-9.999959468841552734e-01,9.999987483024597168e-01,9.999985098838806152e-01,9.999931454658508301e-01,-9.999985694885253906e-01,9.999982118606567383e-01,-9.999968409538269043e-01,9.999716877937316895e-01,9.999985098838806152e-01,9.999962449073791504e-01,9.999976754188537598e-01,9.999954104423522949e-01,9.999927282333374023e-01,9.999985098838806152e-01,-9.999984502792358398e-01,-9.999982714653015137e-01,-9.999966621398925781e-01,-9.999981522560119629e-01,-9.999814629554748535e-01,-9.999971389770507812e-01,-9.999955296516418457e-01,-9.999975562095642090e-01,-9.999831914901733398e-01,9.999973177909851074e-01,9.999957084655761719e-01,-9.999929070472717285e-01,9.999985098838806152e-01,9.999982118606567383e-01,9.999924302101135254e-01,9.999932050704956055e-01,-9.999985694885253906e-01,-9.999987483024597168e-01,-9.999881982803344727e-01,-9.999973773956298828e-01,9.999987483024597168e-01,-9.999982118606567383e-01,9.999969005584716797e-01,9.999958872795104980e-01,-9.999920725822448730e-01,9.999595284461975098e-01,-9.999973773956298828e-01,9.999880790710449219e-01,9.999969005584716797e-01,-9.999946355819702148e-01,-9.999979138374328613e-01,-9.996541738510131836e-01,9.999977350234985352e-01,-9.999984502792358398e-01,9.999430775642395020e-01,-9.999985098838806152e-01,-9.999864101409912109e-01,9.999892711639404297e-01,9.999979138374328613e-01,-9.999859333038330078e-01,9.999985098838806152e-01,-9.999982118606567383e-01,9.999980330467224121e-01,9.999567866325378418e-01,-9.999983906745910645e-01,9.999983310699462891e-01,-9.999973773956298828e-01,-9.998890757560729980e-01,9.999986290931701660e-01,-9.999985098838806152e-01,9.999949336051940918e-01,-9.999978542327880859e-01,9.999981522560119629e-01,-9.999951720237731934e-01,9.998976588249206543e-01,9.999977946281433105e-01,9.999641180038452148e-01,9.999752640724182129e-01,-9.999964237213134766e-01,-9.999948740005493164e-01,9.999983310699462891e-01,-9.999963045120239258e-01,9.999976754188537598e-01,-9.999975562095642090e-01,-9.999955892562866211e-01,9.999988675117492676e-01,-9.999978542327880859e-01,9.999983310699462891e-01,-9.999981522560119629e-01,9.999929666519165039e-01,-9.999959468841552734e-01,-9.999985098838806152e-01,9.999954700469970703e-01,9.999978542327880859e-01,-9.999977946281433105e-01,9.999924898147583008e-01,-9.999969005584716797e-01,-9.999910593032836914e-01,-9.999980926513671875e-01
-9.999980330467224121e-01,9.999980330467224121e-01,9.999915361404418945e-01,-9.999985694885253906e-01,-9.999988079071044922e-01,9.999984502792358398e-01,9.999903440475463867e-01,-9.999988675117492676e-01,9.999968409538269043e-01,-9.999960064888000488e-01,9.999535083770751953e-01,9.999986886978149414e-01,-9.999985694885253906e-01,-9.999957680702209473e-01,9.998028278350830078e-01,-9.999974370002746582e-01,-9.999977350234985352e-01,9.999932646751403809e-01,-9.999679923057556152e-01,9.999989867210388184e-01,9.999986886978149414e-01,-9.999871253967285156e-01,-9.999955296516418457e-01,-9.999978542327880859e-01,9.999918937683105469e-01,-9.999989271163940430e-01,9.999978542327880859e-01,9.999987483024597168e-01,-9.999912977218627930e-01,-9.996225237846374512e-01,9.999983310699462891e-01,9.999985694885253906e-01,-9.999976158142089844e-01,-9.999977350234985352e-01,9.999971985816955566e-01,9.999959468841552734e-01,-9.999987483024597168e-01,-9.999986290931701660e-01,-9.999934434890747070e-01,9.999986886978149414e-01,-9.999983310699462891e-01,9.999969601631164551e-01,-9.999719858169555664e-01,-9.999985098838806152e-01,-9.999964237213134766e-01,-9.999976754188537598e-01,-9.999955296516418457e-01,-9.999927878379821777e-01,-9.999986290931701660e-01,9.999984502792358398e-01,9.999985098838806152e-01,9.999967217445373535e-01,9.999982714653015137e-01,9.999816417694091797e-01,9.999971985816955566e-01,9.999956488609313965e-01,9.999976754188537598e-01,9.999833703041076660e-01,-9.999974966049194336e-01,-9.999958276748657227e-01,9.999929666519165039e-01,-9.999986290931701660e-01,-9.999983310699462891e-01,-9.999924898147583008e-01,-9.999932646751403809e-01,9.999985694885253906e-01,9.999987483024597168e-01,9.999884366989135742e-01,9.999974370002746582e-01,-9.999988079071044922e-01,9.999983310699462891e-01,-9.999969601631164551e-01,-9.999960064888000488e-01,9.999922513961791992e-01,-9.999600052833557129e-01,9.999973773956298828e-01,-9.999882578849792480e-01,-9.999969005584716797e-01,9.999946355819702148e-01,9.999980330467224121e-01,9.996581077575683594e-01,-9.999978542327880859e-01,9.999984502792358398e-01,-9.999436736106872559e-01,9.999984502792358398e-01,9.999865293502807617e-01,-9.999893903732299805e-01,-9.999980330467224121e-01,9.999862313270568848e-01,-9.999985694885253906e-01,9.999983310699462891e-01,-9.999980926513671875e-01,-9.999573230743408203e-01,9.999984502792358398e-01,-9.999984502792358398e-01,9.999974370002746582e-01,9.998904466629028320e-01,-9.999986886978149414e-01,9.999985098838806152e-01,-9.999949932098388672e-01,9.999979138374328613e-01,-9.999982714653015137e-01,9.999952912330627441e-01,-9.998989105224609375e-01,-9.999978542327880859e-01,-9.999644756317138672e-01,-9.999755024909973145e-01,9.999964833259582520e-01,9.999949336051940918e-01,-9.999984502792358398e-01,9.999964237213134766e-01,-9.999977946281433105e-01,9.999976754188537598e-01,9.999955892562866211e-01,-9.999989271163940430e-01,9.999980330467224121e-01,-9.999983310699462891e-01,9.999982118606567383e-01,-9.999931454658508301e-01,9.999961256980895996e-01,9.999985098838806152e-01,-9.999955892562866211e-01,-9.999979138374328613e-01,9.999979138374328613e-01,-9.999927282333374023e-01,9.999970197677612305e-01,9.999912381172180176e-01,9.999980926513671875e-01
-9.999914169311523438e-01,9.999915361404418945e-01,9.999631643295288086e-01,-9.999932646751403809e-01,-9.999945759773254395e-01,9.999927878379821777e-01,9.999575018882751465e-01,-9.999949932098388672e-01,9.999859333038330078e-01,-9.999828934669494629e-01,9.997973442077636719e-01,9.999939203262329102e-01,-9.999932646751403809e-01,-9.999811053276062012e-01,9.991406798362731934e-01,-9.999888539314270020e-01,-9.999901056289672852e-01,9.999706149101257324e-01,-9.998602867126464844e-01,9.999955296516418457e-01,9.999938011169433594e-01,-9.999438524246215820e-01,-9.999804496765136719e-01,-9.999905228614807129e-01,9.999642968177795410e-01,-9.999953508377075195e-01,9.999905824661254883e-01,9.999945163726806641e-01,-9.999616742134094238e-01,-9.983566999435424805e-01,9.999924302101135254e-01,9.999938607215881348e-01,-9.999897480010986328e-01,-9.999901652336120605e-01,9.999879598617553711e-01,9.999825358390808105e-01,-9.999945163726806641e-01,-9.999939799308776855e-01,-9.999709725379943848e-01,9.999940395355224609e-01,-9.999926686286926270e-01,9.999869465827941895e-01,-9.998776316642761230e-01,-9.999936223030090332e-01,-9.999843835830688477e-01,-9.999900460243225098e-01,-9.999805688858032227e-01,-9.999685287475585938e-01,-9.999939799308776855e-01,9.999933838844299316e-01,9.999931454658508301e-01,9.999858736991882324e-01,9.999926090240478516e-01,9.999198913574218750e-01,9.999878406524658203e-01,9.999808669090270996e-01,9.999898672103881836e-01,9.999274015426635742e-01,-9.999889135360717773e-01,-9.999814033508300781e-01,9.999692440032958984e-01,-9.999937415122985840e-01,-9.999928474426269531e-01,-9.999672174453735352e-01,-9.999706149101257324e-01,9.999938011169433594e-01,9.999946951866149902e-01,9.999489784240722656e-01,9.999887943267822266e-01,-9.999948740005493164e-01,9.999924898147583008e-01,-9.999868869781494141e-01,-9.999822378158569336e-01,9.999661445617675781e-01,-9.998256564140319824e-01,9.999886751174926758e-01,-9.999485015869140625e-01,-9.999865889549255371e-01,9.999765753746032715e-01,9.999915361404418945e-01,9.985107183456420898e-01,-9.999904632568359375e-01,9.999933242797851562e-01,-9.997546076774597168e-01,9.999932050704956055e-01,9.999412894248962402e-01,-9.999538660049438477e-01,-9.999911785125732422e-01,9.999396800994873047e-01,-9.999934434890747070e-01,9.999922513961791992e-01,-9.999916553497314453e-01,-9.998137354850769043e-01,9.999932050704956055e-01,-9.999932646751403809e-01,9.999891519546508789e-01,9.995221495628356934e-01,-9.999943971633911133e-01,9.999935030937194824e-01,-9.999780654907226562e-01,9.999910593032836914e-01,-9.999921917915344238e-01,9.999794363975524902e-01,-9.995593428611755371e-01,-9.999907016754150391e-01,-9.998453259468078613e-01,-9.998930692672729492e-01,9.999848008155822754e-01,9.999778270721435547e-01,-9.999927878379821777e-01,9.999842047691345215e-01,-9.999901056289672852e-01,9.999895691871643066e-01,9.999809265136718750e-01,-9.999952912330627441e-01,9.999913573265075684e-01,-9.999931454658508301e-01,9.999922513961791992e-01,-9.999702572822570801e-01,9.999827742576599121e-01,9.999935626983642578e-01,-9.999804496765136719e-01,-9.999909400939941406e-01,9.999909400939941406e-01,-9.999680519104003906e-01,9.999873042106628418e-01,9.999614357948303223e-01,9.999917149543762207e-01
9.999984502792358398e-01,-9.999985694885253906e-01,-9.999932646751403809e-01,9.999988675117492676e-01,9.999990463256835938e-01,-9.999986886978149414e-01,-9.999923706054687500e-01,9.999991655349731445e-01,-9.999974370002746582e-01,9.999969005584716797e-01,-9.999634623527526855e-01,-9.999989867210388184e-01,9.999988079071044922e-01,9.999965429306030273e-01,-9.998449683189392090e-01,9.999979734420776367e-01,9.999982714653015137e-01,-9.999946951866149902e-01,9.999749064445495605e-01,-9.999993443489074707e-01,-9.999988675117492676e-01,9.999899864196777344e-01,9.999964237213134766e-01,9.999982714653015137e-01,-9.999936819076538086e-01,9.999991059303283691e-01,-9.999982714653015137e-01,-9.999990463256835938e-01,9.999932050704956055e-01,9.997032284736633301e-01,-9.999985694885253906e-01,-9.999988675117492676e-01,9.999981522560119629e-01,9.999982118606567383e-01,-9.999977946281433105e-01,-9.999968409538269043e-01,9.999991655349731445e-01,9.999988675117492676e-01,9.999947547912597656e-01,-9.999989867210388184e-01,9.999986886978149414e-01,-9.999976158142089844e-01,9.999779462814331055e-01,9.999988675117492676e-01,9.999972581863403320e-01,9.999982118606567383e-01,9.999964237213134766e-01,9.999943375587463379e-01,9.999989271163940430e-01,-9.999988079071044922e-01,-9.999988079071044922e-01,-9.999974370002746582e-01,-9.999987483024597168e-01,-9.999855756759643555e-01,-9.999977350234985352e-01,-9.999964833259582520e-01,-9.999981522560119629e-01,-9.999869465827941895e-01,9.999979734420776367e-01,9.999966025352478027e-01,-9.999944567680358887e-01,9.999989271163940430e-01,9.999986886978149414e-01,9.999940991401672363e-01,9.999946951866149902e-01,-9.999988675117492676e-01,-9.999992251396179199e-01,-9.999908208847045898e-01,-9.999980330467224121e-01,9.999991059303283691e-01,-9.999986886978149414e-01,9.999976158142089844e-01,9.999967813491821289e-01,-9.999939203262329102e-01,9.999687075614929199e-01,-9.999979734420776367e-01,9.999907612800598145e-01,9.999975562095642090e-01,-9.999958276748657227e-01,-9.999984502792358398e-01,-9.997311234474182129e-01,9.999982714653015137e-01,-9.999988675117492676e-01,9.999557137489318848e-01,-9.999988079071044922e-01,-9.999895095825195312e-01,9.999917149543762207e-01,9.999983906745910645e-01,-9.999891519546508789e-01,9.999988079071044922e-01,-9.999986886978149414e-01,9.999985098838806152e-01,9.999663829803466797e-01,-9.999988079071044922e-01,9.999988079071044922e-01,-9.999980330467224121e-01,-9.999138712882995605e-01,9.999990463256835938e-01,-9.999988079071044922e-01,9.999960064888000488e-01,-9.999983906745910645e-01,9.999986290931701660e-01,-9.999962449073791504e-01,9.999204874038696289e-01,9.999983310699462891e-01,9.999721646308898926e-01,9.999806880950927734e-01,-9.999971389770507812e-01,-9.999958276748657227e-01,9.999986886978149414e-01,-9.999971389770507812e-01,9.999982118606567383e-01,-9.999980926513671875e-01,-9.999964833259582520e-01,9.999992251396179199e-01,-9.999984502792358398e-01,9.999986886978149414e-01,-9.999985694885253906e-01,9.999946355819702148e-01,-9.999968409538269043e-01,-9.999989271163940430e-01,9.999964237213134766e-01,9.999982714653015137e-01,-9.999983310699462891e-01,9.999942779541015625e-01,-9.999976754188537598e-01,-9.999931454658508301e-01,-9.999985098838806152e-01
9.999987483024597168e-01,-9.999988079071044922e-01,-9.999945759773254395e-01,9.999990463256835938e-01,9.999992251396179199e-01,-9.999989867210388184e-01,-9.999938011169433594e-01,9.999992847442626953e-01,-9.999979734420776367e-01,9.999974966049194336e-01,-9.999704360961914062e-01,-9.999992847442626953e-01,9.999990463256835938e-01,9.999971389770507812e-01,-9.998741745948791504e-01,9.999983310699462891e-01,9.999986290931701660e-01,-9.999957084655761719e-01,9.999796748161315918e-01,-9.999993443489074707e-01,-9.999991655349731445e-01,9.999918341636657715e-01,9.999970197677612305e-01,9.999986886978149414e-01,-9.999948143959045410e-01,9.999993443489074707e-01,-9.999986886978149414e-01,-9.999992251396179199e-01,9.999943971633911133e-01,9.997593760490417480e-01,-9.999989271163940430e-01,-9.999992847442626953e-01,9.999984502792358398e-01,9.999985694885253906e-01,-9.999982118606567383e-01,-9.999974966049194336e-01,9.999993443489074707e-01,9.999991059303283691e-01,9.999957680702209473e-01,-9.999992847442626953e-01,9.999989271163940430e-01,-9.999980926513671875e-01,9.999821186065673828e-01,9.999991059303283691e-01,9.999976754188537598e-01,9.999985098838806152e-01,9.999971389770507812e-01,9.999954104423522949e-01,9.999991655349731445e-01,-9.999990463256835938e-01,-9.999990463256835938e-01,-9.999979138374328613e-01,-9.999989271163940430e-01,-9.999883174896240234e-01,-9.999982118606567383e-01,-9.999972581863403320e-01,-9.999985098838806152e-01,-9.999895095825195312e-01,9.999983906745910645e-01,9.999973177909851074e-01,-9.999955296516418457e-01,9.999991059303283691e-01,9.999989271163940430e-01,9.999952316284179688e-01,9.999957680702209473e-01,-9.999991655349731445e-01,-9.999993443489074707e-01,-9.999925494194030762e-01,-9.999983310699462891e-01,9.999992847442626953e-01,-9.999989271163940430e-01,9.999980926513671875e-01,9.999973773956298828e-01,-9.999950528144836426e-01,9.999746084213256836e-01,-9.999983310699462891e-01,9.999924898147583008e-01,9.999980330467224121e-01,-9.999966025352478027e-01,-9.999987483024597168e-01,-9.997820258140563965e-01,9.999985694885253906e-01,-9.999990463256835938e-01,9.999641180038452148e-01,-9.999990463256835938e-01,-9.999914169311523438e-01,9.999932646751403809e-01,9.999987483024597168e-01,-9.999912381172180176e-01,9.999992251396179199e-01,-9.999988675117492676e-01,9.999988675117492676e-01,9.999727606773376465e-01,-9.999990463256835938e-01,9.999990463256835938e-01,-9.999983906745910645e-01,-9.999301433563232422e-01,9.999991059303283691e-01,-9.999991059303283691e-01,9.999967813491821289e-01,-9.999987483024597168e-01,9.999988675117492676e-01,-9.999969601631164551e-01,9.999354481697082520e-01,9.999986290931701660e-01,9.999774694442749023e-01,9.999843835830688477e-01,-9.999977350234985352e-01,-9.999966025352478027e-01,9.999989867210388184e-01,-9.999977350234985352e-01,9.999986290931701660e-01,-9.999984502792358398e-01,-9.999972581863403320e-01,9.999993443489074707e-01,-9.999986290931701660e-01,9.999990463256835938e-01,-9.999988675117492676e-01,9.999956488609313965e-01,-9.999974966049194336e-01,-9.999991059303283691e-01,9.999971389770507812e-01,9.999986886978149414e-01,-9.999986886978149414e-01,9.999952912330627441e-01,-9.999980926513671875e-01,-9.999944567680358887e-01,-9.999988079071044922e-01
-9.999983310699462891e-01,9.999984502792358398e-01,9.999927878379821777e-01,-9.999986886978149414e-01,-9.999989867210388184e-01,9.999986886978149414e-01,9.999918341636657715e-01,-9.999991059303283691e-01,9.999972581863403320e-01,-9.999966621398925781e-01,9.999608993530273438e-01,9.999988079071044922e-01,-9.999986886978149414e-01,-9.999963045120239258e-01,9.998340606689453125e-01,-9.999978542327880859e-01,-9.999980330467224121e-01,9.999943375587463379e-01,-9.999730587005615234e-01,9.999991655349731445e-01,9.999988675117492676e-01,-9.999891519546508789e-01,-9.999961853027343750e-01,-9.999981522560119629e-01,9.999931454658508301e-01,-9.999991655349731445e-01,9.999981522560119629e-01,9.999989271163940430e-01,-9.999926090240478516e-01,-9.996823072433471680e-01,9.999985098838806152e-01,9.999988079071044922e-01,-9.999979734420776367e-01,-9.999980926513671875e-01,9.999976158142089844e-01,9.999966025352478027e-01,-9.999989271163940430e-01,-9.999988079071044922e-01,-9.999943375587463379e-01,9.999988079071044922e-01,-9.999985694885253906e-01,9.999974370002746582e-01,-9.999763369560241699e-01,-9.999986886978149414e-01,-9.999969601631164551e-01,-9.999980330467224121e-01,-9.999961853027343750e-01,-9.999939799308776855e-01,-9.999987483024597168e-01,9.999986886978149414e-01,9.999986886978149414e-01,9.999972581863403320e-01,9.999985694885253906e-01,9.999845623970031738e-01,9.999976158142089844e-01,9.999962449073791504e-01,9.999980330467224121e-01,9.999861121177673340e-01,-9.999978542327880859e-01,-9.999963641166687012e-01,9.999940991401672363e-01,-9.999987483024597168e-01,-9.999986290931701660e-01,-9.999936819076538086e-01,-9.999943971633911133e-01,9.999988079071044922e-01,9.999989271163940430e-01,9.999901652336120605e-01,9.999978542327880859e-01,-9.999990463256835938e-01,9.999986290931701660e-01,-9.999974370002746582e-01,-9.999966025352478027e-01,9.999935030937194824e-01,-9.999663233757019043e-01,9.999977946281433105e-01,-9.999901056289672852e-01,-9.999973773956298828e-01,9.999954700469970703e-01,9.999983310699462891e-01,9.997122287750244141e-01,-9.999982118606567383e-01,9.999987483024597168e-01,-9.999525547027587891e-01,9.999986886978149414e-01,9.999886751174926758e-01,-9.999910593032836914e-01,-9.999983906745910645e-01,9.999883174896240234e-01,-9.999988079071044922e-01,9.999985098838806152e-01,-9.999983906745910645e-01,-9.999639987945556641e-01,9.999986886978149414e-01,-9.999987483024597168e-01,9.999978542327880859e-01,9.999077916145324707e-01,-9.999989271163940430e-01,9.999987483024597168e-01,-9.999957084655761719e-01,9.999982714653015137e-01,-9.999984502792358398e-01,9.999958872795104980e-01,-9.999148845672607422e-01,-9.999982118606567383e-01,-9.999701976776123047e-01,-9.999793767929077148e-01,9.999970197677612305e-01,9.999957680702209473e-01,-9.999985694885253906e-01,9.999969005584716797e-01,-9.999981522560119629e-01,9.999979734420776367e-01,9.999962449073791504e-01,-9.999991655349731445e-01,9.999983310699462891e-01,-9.999986290931701660e-01,9.999984502792358398e-01,-9.999942779541015625e-01,9.999966025352478027e-01,9.999988079071044922e-01,-9.999961853027343750e-01,-9.999982714653015137e-01,9.999982118606567383e-01,-9.999937415122985840e-01,9.999974966049194336e-01,9.999926686286926270e-01,9.999985098838806152e-01
-9.999901652336120605e-01,9.999903440475463867e-01,9.999575018882751465e-01,-9.999923706054687500e-01,-9.999938011169433594e-01,9.999918341636657715e-01,9.999510645866394043e-01,-9.999943971633911133e-01,9.999837875366210938e-01,-9.999803304672241211e-01,9.997663497924804688e-01,9.999932050704956055e-01,-9.999924302101135254e-01,-9.999783635139465332e-01,9.990083575248718262e-01,-9.999872446060180664e-01,-9.999886751174926758e-01,9.999662041664123535e-01,-9.998388290405273438e-01,9.999948143959045410e-01,9.999929666519165039e-01,-9.999352693557739258e-01,-9.999775290489196777e-01,-9.999890327453613281e-01,9.999588727951049805e-01,-9.999947547912597656e-01,9.999892115592956543e-01,9.999938011169433594e-01,-9.999558329582214355e-01,-9.981037974357604980e-01,9.999911785125732422e-01,9.999930262565612793e-01,-9.999881982803344727e-01,-9.999887347221374512e-01,9.999861717224121094e-01,9.999799728393554688e-01,-9.999938607215881348e-01,-9.999932646751403809e-01,-9.999664425849914551e-01,9.999932050704956055e-01,-9.999916553497314453e-01,9.999850988388061523e-01,-9.998588562011718750e-01,-9.999927282333374023e-01,-9.999821186065673828e-01,-9.999885559082031250e-01,-9.999776482582092285e-01,-9.999637603759765625e-01,-9.999931454658508301e-01,9.999924302101135254e-01,9.999920725822448730e-01,9.999837279319763184e-01,9.999915361404418945e-01,9.999075531959533691e-01,9.999861121177673340e-01,9.999779462814331055e-01,9.999883770942687988e-01,9.999162554740905762e-01,-9.999873042106628418e-01,-9.999786615371704102e-01,9.999645352363586426e-01,-9.999928474426269531e-01,-9.999918341636657715e-01,-9.999621510505676270e-01,-9.999660253524780273e-01,9.999929666519165039e-01,9.999939203262329102e-01,9.999412298202514648e-01,9.999870061874389648e-01,-9.999940991401672363e-01,9.999913573265075684e-01,-9.999850392341613770e-01,-9.999796152114868164e-01,9.999608993530273438e-01,-9.997988939285278320e-01,9.999870657920837402e-01,-9.999406933784484863e-01,-9.999846816062927246e-01,9.999729990959167480e-01,9.999903440475463867e-01,9.982814192771911621e-01,-9.999889731407165527e-01,9.999924302101135254e-01,-9.997168183326721191e-01,9.999923110008239746e-01,9.999322295188903809e-01,-9.999468326568603516e-01,-9.999898076057434082e-01,9.999305605888366699e-01,-9.999926686286926270e-01,9.999911785125732422e-01,-9.999904632568359375e-01,-9.997850060462951660e-01,9.999923110008239746e-01,-9.999923706054687500e-01,9.999876022338867188e-01,9.994485378265380859e-01,-9.999936223030090332e-01,9.999927282333374023e-01,-9.999747872352600098e-01,9.999898076057434082e-01,-9.999908804893493652e-01,9.999763369560241699e-01,-9.994915127754211426e-01,-9.999893903732299805e-01,-9.998215436935424805e-01,-9.998766183853149414e-01,9.999825954437255859e-01,9.999744296073913574e-01,-9.999917149543762207e-01,9.999819397926330566e-01,-9.999886155128479004e-01,9.999881386756896973e-01,9.999780058860778809e-01,-9.999947547912597656e-01,9.999901056289672852e-01,-9.999920725822448730e-01,9.999911189079284668e-01,-9.999656081199645996e-01,9.999801516532897949e-01,9.999927878379821777e-01,-9.999775290489196777e-01,-9.999896287918090820e-01,9.999896287918090820e-01,-9.999631643295288086e-01,9.999853372573852539e-01,9.999554753303527832e-01,9.999905228614807129e-01
9.999988079071044922e-01,-9.999988675117492676e-01,-9.999949932098388672e-01,9.999991655349731445e-01,9.999992847442626953e-01,-9.999991059303283691e-01,-9.999943971633911133e-01,9.999992847442626953e-01,-9.999980926513671875e-01,9.999976158142089844e-01,-9.999727606773376465e-01,-9.999992251396179199e-01,9.999991655349731445e-01,9.999974370002746582e-01,-9.998840689659118652e-01,9.999985098838806152e-01,9.999986290931701660e-01,-9.999958872795104980e-01,9.999812245368957520e-01,-9.999994635581970215e-01,-9.999992251396179199e-01,9.999923110008239746e-01,9.999972581863403320e-01,9.999986886978149414e-01,-9.999951124191284180e-01,9.999994039535522461e-01,-9.999986886978149414e-01,-9.999992251396179199e-01,9.999948740005493164e-01,9.997782707214355469e-01,-9.999989271163940430e-01,-9.999992251396179199e-01,9.999985694885253906e-01,9.999985694885253906e-01,-9.999982714653015137e-01,-9.999976158142089844e-01,9.999992847442626953e-01,9.999991655349731445e-01,9.999960064888000488e-01,-9.999992251396179199e-01,9.999990463256835938e-01,-9.999980926513671875e-01,9.999834895133972168e-01,9.999991655349731445e-01,9.999978542327880859e-01,9.999986290931701660e-01,9.999972581863403320e-01,9.999957680702209473e-01,9.999991655349731445e-01,-9.999991655349731445e-01,-9.999991059303283691e-01,-9.999980926513671875e-01,-9.999990463256835938e-01,-9.999891519546508789e-01,-9.999983310699462891e-01,-9.999973773956298828e-01,-9.999985694885253906e-01,-9.999902248382568359e-01,9.999985098838806152e-01,9.999974370002746582e-01,-9.999958276748657227e-01,9.999991655349731445e-01,9.999991059303283691e-01,9.999955892562866211e-01,9.999960064888000488e-01,-9.999991059303283691e-01,-9.999992847442626953e-01,-9.999931454658508301e-01,-9.999984502792358398e-01,9.999993443489074707e-01,-9.999989867210388184e-01,9.999982118606567383e-01,9.999975562095642090e-01,-9.999954104423522949e-01,9.999765157699584961e-01,-9.999983906745910645e-01,9.999930858612060547e-01,9.999980926513671875e-01,-9.999969005584716797e-01,-9.999988079071044922e-01,-9.997990727424621582e-01,9.999986886978149414e-01,-9.999991655349731445e-01,9.999668598175048828e-01,-9.999991059303283691e-01,-9.999920725822448730e-01,9.999936819076538086e-01,9.999987483024597168e-01,-9.999918341636657715e-01,9.999991655349731445e-01,-9.999989867210388184e-01,9.999988675117492676e-01,9.999748468399047852e-01,-9.999991059303283691e-01,9.999991655349731445e-01,-9.999984502792358398e-01,-9.999355673789978027e-01,9.999992251396179199e-01,-9.999991655349731445e-01,9.999970197677612305e-01,-9.999988079071044922e-01,9.999989867210388184e-01,-9.999971985816955566e-01,9.999404549598693848e-01,9.999986886978149414e-01,9.999791979789733887e-01,9.999856352806091309e-01,-9.999979138374328613e-01,-9.999969601631164551e-01,9.999989867210388184e-01,-9.999978542327880859e-01,9.999987483024597168e-01,-9.999985098838806152e-01,-9.999973773956298828e-01,9.999993443489074707e-01,-9.999987483024597168e-01,9.999990463256835938e-01,-9.999989271163940430e-01,9.999959468841552734e-01,-9.999976754188537598e-01,-9.999991655349731445e-01,9.999973177909851074e-01,9.999987483024597168e-01,-9.999987483024597168e-01,9.999957084655761719e-01,-9.999981522560119629e-01,-9.999948143959045410e-01,-9.999988079071044922e-01
-9.999966621398925781e-01,9.999968409538269043e-01,9.999859333038330078e-01,-9.999974370002746582e-01,-9.999979734420776367e-01,9.999972581863403320e-01,9.999837875366210938e-01,-9.999980926513671875e-01,9.999946951866149902e-01,-9.999933242797851562e-01,9.999221563339233398e-01,9.999977350234985352e-01,-9.999974966049194336e-01,-9.999927878379821777e-01,9.996697306632995605e-01,-9.999958276748657227e-01,-9.999962449073791504e-01,9.999887347221374512e-01,-9.999464154243469238e-01,9.999983310699462891e-01,9.999976158142089844e-01,-9.999785423278808594e-01,-9.999925494194030762e-01,-9.999963045120239258e-01,9.999863505363464355e-01,-9.999982118606567383e-01,9.999964237213134766e-01,9.999979138374328613e-01,-9.999853968620300293e-01,-9.993680715560913086e-01,9.999970793724060059e-01,9.999977350234985352e-01,-9.999960064888000488e-01,-9.999961853027343750e-01,9.999954104423522949e-01,9.999934434890747070e-01,-9.999979734420776367e-01,-9.999977350234985352e-01,-9.999888539314270020e-01,9.999977350234985352e-01,-9.999972581863403320e-01,9.999949932098388672e-01,-9.999529719352722168e-01,-9.999975562095642090e-01,-9.999940395355224609e-01,-9.999961256980895996e-01,-9.999925494194030762e-01,-9.999879598617553711e-01,-9.999976754188537598e-01,9.999974966049194336e-01,9.999973177909851074e-01,9.999946355819702148e-01,9.999971389770507812e-01,9.999694228172302246e-01,9.999953508377075195e-01,9.999927282333374023e-01,9.999960660934448242e-01,9.999722838401794434e-01,-9.999957680702209473e-01,-9.999929666519165039e-01,9.999881982803344727e-01,-9.999976158142089844e-01,-9.999972581863403320e-01,-9.999875426292419434e-01,-9.999887943267822266e-01,9.999976158142089844e-01,9.999979734420776367e-01,9.999805688858032227e-01,9.999957680702209473e-01,-9.999980926513671875e-01,9.999970793724060059e-01,-9.999950528144836426e-01,-9.999933242797851562e-01,9.999869465827941895e-01,-9.999330639839172363e-01,9.999956488609313965e-01,-9.999802708625793457e-01,-9.999948740005493164e-01,9.999910593032836914e-01,9.999967217445373535e-01,9.994273781776428223e-01,-9.999963641166687012e-01,9.999974966049194336e-01,-9.999057054519653320e-01,9.999974370002746582e-01,9.999775886535644531e-01,-9.999822974205017090e-01,-9.999966621398925781e-01,9.999768137931823730e-01,-9.999975562095642090e-01,9.999970197677612305e-01,-9.999967813491821289e-01,-9.999284744262695312e-01,9.999973773956298828e-01,-9.999974370002746582e-01,9.999958872795104980e-01,9.998164772987365723e-01,-9.999978542327880859e-01,9.999975562095642090e-01,-9.999916553497314453e-01,9.999965429306030273e-01,-9.999969005584716797e-01,9.999921321868896484e-01,-9.998307228088378906e-01,-9.999964237213134766e-01,-9.999405741691589355e-01,-9.999589323997497559e-01,9.999942183494567871e-01,9.999914765357971191e-01,-9.999972581863403320e-01,9.999940395355224609e-01,-9.999962449073791504e-01,9.999959468841552734e-01,9.999927878379821777e-01,-9.999982118606567383e-01,9.999966621398925781e-01,-9.999973773956298828e-01,9.999970793724060059e-01,-9.999885559082031250e-01,9.999935030937194824e-01,9.999976158142089844e-01,-9.999925494194030762e-01,-9.999964833259582520e-01,9.999966025352478027e-01,-9.999877810478210449e-01,9.999951124191284180e-01,9.999853372573852539e-01,9.999967813491821289e-01
9.999960064888000488e-01,-9.999960064888000488e-01,-9.999828934669494629e-01,9.999969005584716797e-01,9.999974966049194336e-01,-9.999966621398925781e-01,-9.999803304672241211e-01,9.999976158142089844e-01,-9.999933242797851562e-01,9.999920725822448730e-01,-9.999057650566101074e-01,-9.999971985816955566e-01,9.999968409538269043e-01,9.999912381172180176e-01,-9.996003508567810059e-01,9.999947547912597656e-01,9.999954104423522949e-01,-9.999862909317016602e-01,9.999350905418395996e-01,-9.999978542327880859e-01,-9.999971389770507812e-01,9.999738335609436035e-01,9.999908804893493652e-01,9.999955296516418457e-01,-9.999834299087524414e-01,9.999977946281433105e-01,-9.999957084655761719e-01,-9.999974370002746582e-01,9.999822378158569336e-01,9.992352724075317383e-01,-9.999963641166687012e-01,-9.999971389770507812e-01,9.999951720237731934e-01,9.999954104423522949e-01,-9.999944567680358887e-01,-9.999918937683105469e-01,9.999974370002746582e-01,9.999971389770507812e-01,9.999864697456359863e-01,-9.999971985816955566e-01,9.999964833259582520e-01,-9.999938607215881348e-01,9.999431371688842773e-01,9.999969601631164551e-01,9.999926686286926270e-01,9.999954104423522949e-01,9.999909996986389160e-01,9.999854564666748047e-01,9.999971389770507812e-01,-9.999967813491821289e-01,-9.999967813491821289e-01,-9.999934434890747070e-01,-9.999964237213134766e-01,-9.999626874923706055e-01,-9.999943375587463379e-01,-9.999911189079284668e-01,-9.999952316284179688e-01,-9.999662637710571289e-01,9.999948143959045410e-01,9.999913573265075684e-01,-9.999856352806091309e-01,9.999970197677612305e-01,9.999965429306030273e-01,9.999848008155822754e-01,9.999862313270568848e-01,-9.999970197677612305e-01,-9.999974966049194336e-01,-9.999762773513793945e-01,-9.999947547912597656e-01,9.999974966049194336e-01,-9.999964237213134766e-01,9.999938607215881348e-01,9.999917745590209961e-01,-9.999842047691345215e-01,9.999188780784606934e-01,-9.999947547912597656e-01,9.999760389328002930e-01,9.999937415122985840e-01,-9.999890923500061035e-01,-9.999960660934448242e-01,-9.993070960044860840e-01,9.999955892562866211e-01,-9.999968409538269043e-01,9.998857975006103516e-01,-9.999967813491821289e-01,-9.999727606773376465e-01,9.999785423278808594e-01,9.999958872795104980e-01,-9.999720454216003418e-01,9.999969601631164551e-01,-9.999964237213134766e-01,9.999959468841552734e-01,9.999133348464965820e-01,-9.999967217445373535e-01,9.999969005584716797e-01,-9.999949336051940918e-01,-9.997778534889221191e-01,9.999973177909851074e-01,-9.999969601631164551e-01,9.999897480010986328e-01,-9.999958276748657227e-01,9.999962449073791504e-01,-9.999904036521911621e-01,9.997950792312622070e-01,9.999956488609313965e-01,9.999280571937561035e-01,9.999501705169677734e-01,-9.999929070472717285e-01,-9.999896883964538574e-01,9.999964833259582520e-01,-9.999927282333374023e-01,9.999954104423522949e-01,-9.999951720237731934e-01,-9.999911189079284668e-01,9.999977946281433105e-01,-9.999958276748657227e-01,9.999968409538269043e-01,-9.999963641166687012e-01,9.999861717224121094e-01,-9.999919533729553223e-01,-9.999970197677612305e-01,9.999908804893493652e-01,9.999957680702209473e-01,-9.999957680702209473e-01,9.999850988388061523e-01,-9.999940991401672363e-01,-9.999821186065673828e-01,-9.999961256980895996e-01
-9.999529123306274414e-01,9.999535083770751953e-01,9.997973442077636719e-01,-9.999634623527526855e-01,-9.999704360961914062e-01,9.999608993530273438e-01,9.997663497924804688e-01,-9.999727606773376465e-01,9.999221563339233398e-01,-9.999057650566101074e-01,9.988846182823181152e-01,9.999670982360839844e-01,-9.999633431434631348e-01,-9.998958706855773926e-01,9.952813386917114258e-01,-9.999389648437500000e-01,-9.999453425407409668e-01,9.998384714126586914e-01,-9.992301464080810547e-01,9.999752044677734375e-01,9.999663829803466797e-01,-9.996904730796813965e-01,-9.998924136161804199e-01,-9.999474883079528809e-01,9.998036623001098633e-01,-9.999749660491943359e-01,9.999481439590454102e-01,9.999701976776123047e-01,-9.997888803482055664e-01,-9.910076856613159180e-01,9.999574422836303711e-01,9.999666213989257812e-01,-9.999433159828186035e-01,-9.999458789825439453e-01,9.999338984489440918e-01,9.999039769172668457e-01,-9.999703764915466309e-01,-9.999675154685974121e-01,-9.998396039009094238e-01,9.999670386314392090e-01,-9.999599456787109375e-01,9.999279975891113281e-01,-9.993259310722351074e-01,-9.999651908874511719e-01,-9.999144077301025391e-01,-9.999451637268066406e-01,-9.998928308486938477e-01,-9.998270273208618164e-01,-9.999672174453735352e-01,9.999633431434631348e-01,9.999621510505676270e-01,9.999220371246337891e-01,9.999596476554870605e-01,9.995587468147277832e-01,9.999334216117858887e-01,9.998942017555236816e-01,9.999443292617797852e-01,9.996003508567810059e-01,-9.999391436576843262e-01,-9.998975396156311035e-01,9.998307824134826660e-01,-9.999653100967407227e-01,-9.999609589576721191e-01,-9.998193383216857910e-01,-9.998378157615661621e-01,9.999662041664123535e-01,9.999706149101257324e-01,9.997192621231079102e-01,9.999379515647888184e-01,-9.999716877937316895e-01,9.999583959579467773e-01,-9.999279975891113281e-01,-9.999021887779235840e-01,9.998137354850769043e-01,-9.990392923355102539e-01,9.999379515647888184e-01,-9.997167587280273438e-01,-9.999265074729919434e-01,9.998707175254821777e-01,9.999535679817199707e-01,9.918441772460937500e-01,-9.999473094940185547e-01,9.999632239341735840e-01,-9.986488223075866699e-01,9.999625086784362793e-01,9.996763467788696289e-01,-9.997461438179016113e-01,-9.999513030052185059e-01,9.996683001518249512e-01,-9.999643564224243164e-01,9.999579191207885742e-01,-9.999542236328125000e-01,-9.989736676216125488e-01,9.999625682830810547e-01,-9.999634027481079102e-01,9.999405145645141602e-01,9.973714351654052734e-01,-9.999694824218750000e-01,9.999647140502929688e-01,-9.998793005943298340e-01,9.999510645866394043e-01,-9.999563694000244141e-01,9.998866915702819824e-01,-9.975759387016296387e-01,-9.999491572380065918e-01,-9.991477131843566895e-01,-9.994109272956848145e-01,9.999166131019592285e-01,9.998779892921447754e-01,-9.999602437019348145e-01,9.999132752418518066e-01,-9.999455213546752930e-01,9.999426603317260742e-01,9.998944997787475586e-01,-9.999747276306152344e-01,9.999527931213378906e-01,-9.999626278877258301e-01,9.999570846557617188e-01,-9.998356699943542480e-01,9.999050498008728027e-01,9.999651312828063965e-01,-9.998925328254699707e-01,-9.999503493309020996e-01,9.999502897262573242e-01,-9.998242855072021484e-01,9.999297261238098145e-01,9.997875094413757324e-01,9.999545216560363770e-01
-9.999985694885253906e-01,9.999986886978149414e-01,9.999939203262329102e-01,-9.999989867210388184e-01,-9.999992847442626953e-01,9.999988079071044922e-01,9.999932050704956055e-01,-9.999992251396179199e-01,9.999977350234985352e-01,-9.999971985816955566e-01,9.999670982360839844e-01,9.999990463256835938e-01,-9.999989867210388184e-01,-9.999969005584716797e-01,9.998602867126464844e-01,-9.999981522560119629e-01,-9.999984502792358398e-01,9.999952316284179688e-01,-9.999774098396301270e-01,9.999994039535522461e-01,9.999990463256835938e-01,-9.999908804893493652e-01,-9.999967813491821289e-01,-9.999984502792358398e-01,9.999942183494567871e-01,-9.999992847442626953e-01,9.999985694885253906e-01,9.999991655349731445e-01,-9.999938011169433594e-01,-9.997325539588928223e-01,9.999988079071044922e-01,9.999990463256835938e-01,-9.999983310699462891e-01,-9.999983906745910645e-01,9.999979138374328613e-01,9.999971985816955566e-01,-9.999992847442626953e-01,-9.999991059303283691e-01,-9.999952912330627441e-01,9.999990463256835938e-01,-9.999988079071044922e-01,9.999978542327880859e-01,-9.999801516532897949e-01,-9.999989867210388184e-01,-9.999974370002746582e-01,-9.999984502792358398e-01,-9.999967813491821289e-01,-9.999949336051940918e-01,-9.999991059303283691e-01,9.999989867210388184e-01,9.999989271163940430e-01,9.999976754188537598e-01,9.999988675117492676e-01,9.999870061874389648e-01,9.999980330467224121e-01,9.999969601631164551e-01,9.999983310699462891e-01,9.999882578849792480e-01,-9.999982714653015137e-01,-9.999970197677612305e-01,9.999949932098388672e-01,-9.999990463256835938e-01,-9.999988079071044922e-01,-9.999947547912597656e-01,-9.999952912330627441e-01,9.999990463256835938e-01,9.999991655349731445e-01,9.999917149543762207e-01,9.999981522560119629e-01,-9.999992251396179199e-01,9.999988079071044922e-01,-9.999978542327880859e-01,-9.999970793724060059e-01,9.999945163726806641e-01,-9.999716877937316895e-01,9.999981522560119629e-01,-9.999916553497314453e-01,-9.999977946281433105e-01,9.999961256980895996e-01,9.999986290931701660e-01,9.997577667236328125e-01,-9.999984502792358398e-01,9.999989867210388184e-01,-9.999600052833557129e-01,9.999988675117492676e-01,9.999905228614807129e-01,-9.999924302101135254e-01,-9.999985694885253906e-01,9.999901652336120605e-01,-9.999989867210388184e-01,9.999987483024597168e-01,-9.999986886978149414e-01,-9.999697804450988770e-01,9.999989271163940430e-01,-9.999989867210388184e-01,9.999982118606567383e-01,9.999223351478576660e-01,-9.999991655349731445e-01,9.999989867210388184e-01,-9.999964237213134766e-01,9.999985098838806152e-01,-9.999987483024597168e-01,9.999965429306030273e-01,-9.999282956123352051e-01,-9.999983906745910645e-01,-9.999749660491943359e-01,-9.999827146530151367e-01,9.999974966049194336e-01,9.999963641166687012e-01,-9.999988079071044922e-01,9.999974966049194336e-01,-9.999983906745910645e-01,9.999982714653015137e-01,9.999969601631164551e-01,-9.999992847442626953e-01,9.999985694885253906e-01,-9.999988675117492676e-01,9.999987483024597168e-01,-9.999951720237731934e-01,9.999972581863403320e-01,9.999990463256835938e-01,-9.999967813491821289e-01,-9.999985098838806152e-01,9.999986290931701660e-01,-9.999948143959045410e-01,9.999979138374328613e-01,9.999938607215881348e-01,9.999986290931701660e-01
