9.999981522560119629e-01,-9.999984502792358398e-01,-9.999939203262329102e-01,9.999967217445373535e-01,9.999987483024597168e-01,-9.999987483024597168e-01,9.999940991401672363e-01,9.999989867210388184e-01,-9.999894499778747559e-01,9.999984502792358398e-01,-9.999986886978149414e-01,-9.999988675117492676e-01,9.999976754188537598e-01,9.999982714653015137e-01,9.999955892562866211e-01,9.999918341636657715e-01,9.999974370002746582e-01,-9.999974370002746582e-01,9.999913573265075684e-01,-9.999989867210388184e-01,-9.999988675117492676e-01,9.999943971633911133e-01,9.999985098838806152e-01,9.999966025352478027e-01,9.999893307685852051e-01,9.999988079071044922e-01,-9.999980330467224121e-01,-9.999987483024597168e-01,9.999915957450866699e-01,-9.999967217445373535e-01,-9.999893903732299805e-01,-9.999977946281433105e-01,9.999804496765136719e-01,9.999939799308776855e-01,-9.999977946281433105e-01,9.999532103538513184e-01,9.999988675117492676e-01,9.999983310699462891e-01,9.999784827232360840e-01,-9.999988079071044922e-01,9.999986290931701660e-01,9.999917745590209961e-01,9.999800324440002441e-01,9.999988675117492676e-01,9.999979138374328613e-01,9.999976754188537598e-01,-9.999931454658508301e-01,9.999985694885253906e-01,9.999985098838806152e-01,-9.999984502792358398e-01,-9.999988079071044922e-01,-9.999985694885253906e-01,-9.999986290931701660e-01,-9.999927282333374023e-01,-9.999985694885253906e-01,-9.999978542327880859e-01,9.999773502349853516e-01,9.999948143959045410e-01,9.999931454658508301e-01,9.999981522560119629e-01,-9.999982118606567383e-01,9.999988079071044922e-01,9.999982714653015137e-01,9.999953508377075195e-01,-9.999927878379821777e-01,-9.999987483024597168e-01,-9.999990463256835938e-01,-9.999949932098388672e-01,-9.999989271163940430e-01,9.999980330467224121e-01,-9.999987483024597168e-01,9.999939799308776855e-01,-9.999951720237731934e-01,-9.999934434890747070e-01,-9.999858140945434570e-01,-9.999983310699462891e-01,9.999898076057434082e-01,9.999986886978149414e-01,-9.999923110008239746e-01,-9.999948143959045410e-01,9.999924302101135254e-01,9.999973177909851074e-01,-9.999987483024597168e-01,9.999980330467224121e-01,-9.999982118606567383e-01,-9.999803900718688965e-01,-9.999538660049438477e-01,9.999989271163940430e-01,9.999926686286926270e-01,9.999918341636657715e-01,-9.999920129776000977e-01,9.999982714653015137e-01,-9.999859929084777832e-01,-9.999970793724060059e-01,9.999968409538269043e-01,-9.999977946281433105e-01,-9.999855160713195801e-01,9.999988675117492676e-01,-9.999987483024597168e-01,9.999971985816955566e-01,-9.999967813491821289e-01,9.999988675117492676e-01,9.999556541442871094e-01,9.999573230743408203e-01,9.999986290931701660e-01,9.999946355819702148e-01,-9.999799728393554688e-01,-9.999983906745910645e-01,-9.999939799308776855e-01,9.999984502792358398e-01,-9.999984502792358398e-01,9.999970793724060059e-01,-9.999980330467224121e-01,-9.998704195022583008e-01,9.999989271163940430e-01,-9.999962449073791504e-01,9.999989271163940430e-01,-9.999977350234985352e-01,-9.999951720237731934e-01,-9.999954700469970703e-01,-9.999981522560119629e-01,9.999966621398925781e-01,9.999972581863403320e-01,-9.999965429306030273e-01,-9.999908804893493652e-01,-9.999940395355224609e-01,9.998959302902221680e-01,-9.999882578849792480e-01
-9.999984502792358398e-01,9.999986290931701660e-01,9.999947547912597656e-01,-9.999971389770507812e-01,-9.999989271163940430e-01,9.999989271163940430e-01,-9.999949336051940918e-01,-9.999991655349731445e-01,9.999908804893493652e-01,-9.999986290931701660e-01,9.999988675117492676e-01,9.999990463256835938e-01,-9.999980330467224121e-01,-9.999985098838806152e-01,-9.999961853027343750e-01,-9.999930858612060547e-01,-9.999977350234985352e-01,9.999978542327880859e-01,-9.999924898147583008e-01,9.999992251396179199e-01,9.999990463256835938e-01,-9.999951124191284180e-01,-9.999987483024597168e-01,-9.999971985816955566e-01,-9.999908208847045898e-01,-9.999989867210388184e-01,9.999983310699462891e-01,9.999989867210388184e-01,-9.999926686286926270e-01,9.999971389770507812e-01,9.999908804893493652e-01,9.999981522560119629e-01,-9.999831914901733398e-01,-9.999948143959045410e-01,9.999980330467224121e-01,-9.999597072601318359e-01,-9.999991059303283691e-01,-9.999986290931701660e-01,-9.999814629554748535e-01,9.999988675117492676e-01,-9.999988079071044922e-01,-9.999929666519165039e-01,-9.999828338623046875e-01,-9.999992251396179199e-01,-9.999983310699462891e-01,-9.999980330467224121e-01,9.999940991401672363e-01,-9.999987483024597168e-01,-9.999987483024597168e-01,9.999986290931701660e-01,9.999989867210388184e-01,9.999986886978149414e-01,9.999988079071044922e-01,9.999938011169433594e-01,9.999987483024597168e-01,9.999982118606567383e-01,-9.999805092811584473e-01,-9.999955296516418457e-01,-9.999939799308776855e-01,-9.999985098838806152e-01,9.999984502792358398e-01,-9.999990463256835938e-01,-9.999985098838806152e-01,-9.999960064888000488e-01,9.999938011169433594e-01,9.999989271163940430e-01,9.999992847442626953e-01,9.999957084655761719e-01,9.999992251396179199e-01,-9.999981522560119629e-01,9.999989271163940430e-01,-9.999948740005493164e-01,9.999958276748657227e-01,9.999943375587463379e-01,9.999879002571105957e-01,9.999986290931701660e-01,-9.999911785125732422e-01,-9.999989271163940430e-01,9.999934434890747070e-01,9.999955296516418457e-01,-9.999935030937194824e-01,-9.999977350234985352e-01,9.999989271163940430e-01,-9.999983906745910645e-01,9.999984502792358398e-01,9.999831318855285645e-01,9.999602437019348145e-01,-9.999992251396179199e-01,-9.999936819076538086e-01,-9.999929666519165039e-01,9.999931454658508301e-01,-9.999985098838806152e-01,9.999879002571105957e-01,9.999974966049194336e-01,-9.999972581863403320e-01,9.999980926513671875e-01,9.999875426292419434e-01,-9.999990463256835938e-01,9.999989867210388184e-01,-9.999976158142089844e-01,9.999971985816955566e-01,-9.999990463256835938e-01,-9.999618530273437500e-01,-9.999632239341735840e-01,-9.999988079071044922e-01,-9.999954700469970703e-01,9.999828338623046875e-01,9.999986290931701660e-01,9.999948143959045410e-01,-9.999986886978149414e-01,9.999986886978149414e-01,-9.999975562095642090e-01,9.999982118606567383e-01,9.998883008956909180e-01,-9.999991655349731445e-01,9.999966621398925781e-01,-9.999991059303283691e-01,9.999980926513671875e-01,9.999958872795104980e-01,9.999960660934448242e-01,9.999985098838806152e-01,-9.999970197677612305e-01,-9.999975562095642090e-01,9.999971389770507812e-01,9.999920725822448730e-01,9.999948740005493164e-01,-9.999102950096130371e-01,9.999898672103881836e-01
-9.999939203262329102e-01,9.999947547912597656e-01,9.999794363975524902e-01,-9.999891519546508789e-01,-9.999959468841552734e-01,9.999956488609313965e-01,-9.999801516532897949e-01,-9.999964237213134766e-01,9.999640583992004395e-01,-9.999947547912597656e-01,9.999956488609313965e-01,9.999960660934448242e-01,-9.999924302101135254e-01,-9.999942779541015625e-01,-9.999852180480957031e-01,-9.999725818634033203e-01,-9.999912381172180176e-01,9.999915957450866699e-01,-9.999710917472839355e-01,9.999966621398925781e-01,9.999960660934448242e-01,-9.999808073043823242e-01,-9.999951124191284180e-01,-9.999888539314270020e-01,-9.999638795852661133e-01,-9.999959468841552734e-01,9.999935626983642578e-01,9.999958276748657227e-01,-9.999717473983764648e-01,9.999890923500061035e-01,9.999642968177795410e-01,9.999928474426269531e-01,-9.999341368675231934e-01,-9.999797344207763672e-01,9.999927878379821777e-01,-9.998418688774108887e-01,-9.999962449073791504e-01,-9.999947547912597656e-01,-9.999272227287292480e-01,9.999959468841552734e-01,-9.999951720237731934e-01,-9.999724626541137695e-01,-9.999325275421142578e-01,-9.999962449073791504e-01,-9.999934434890747070e-01,-9.999923706054687500e-01,9.999769330024719238e-01,-9.999954104423522949e-01,-9.999950528144836426e-01,9.999947547912597656e-01,9.999958872795104980e-01,9.999951720237731934e-01,9.999954700469970703e-01,9.999758005142211914e-01,9.999951720237731934e-01,9.999930262565612793e-01,-9.999234676361083984e-01,-9.999825358390808105e-01,-9.999764561653137207e-01,-9.999938607215881348e-01,9.999940991401672363e-01,-9.999960064888000488e-01,-9.999942779541015625e-01,-9.999843239784240723e-01,9.999757409095764160e-01,9.999960064888000488e-01,9.999966025352478027e-01,9.999831318855285645e-01,9.999963641166687012e-01,-9.999932646751403809e-01,9.999958872795104980e-01,-9.999800324440002441e-01,9.999837875366210938e-01,9.999778866767883301e-01,9.999521970748901367e-01,9.999945759773254395e-01,-9.999654293060302734e-01,-9.999956488609313965e-01,9.999739527702331543e-01,9.999824762344360352e-01,-9.999744892120361328e-01,-9.999913573265075684e-01,9.999958276748657227e-01,-9.999935626983642578e-01,9.999940991401672363e-01,9.999337196350097656e-01,9.998441934585571289e-01,-9.999961853027343750e-01,-9.999752044677734375e-01,-9.999724030494689941e-01,9.999731183052062988e-01,-9.999942183494567871e-01,9.999524950981140137e-01,9.999903440475463867e-01,-9.999894499778747559e-01,9.999927878379821777e-01,9.999510049819946289e-01,-9.999963045120239258e-01,9.999958276748657227e-01,-9.999907612800598145e-01,9.999892115592956543e-01,-9.999961256980895996e-01,-9.998503327369689941e-01,-9.998560547828674316e-01,-9.999954104423522949e-01,-9.999819993972778320e-01,9.999324679374694824e-01,9.999946951866149902e-01,9.999797344207763672e-01,-9.999948143959045410e-01,9.999949336051940918e-01,-9.999902248382568359e-01,9.999934434890747070e-01,9.995623230934143066e-01,-9.999964237213134766e-01,9.999876022338867188e-01,-9.999962449073791504e-01,9.999922513961791992e-01,9.999838471412658691e-01,9.999847412109375000e-01,9.999939203262329102e-01,-9.999887943267822266e-01,-9.999905228614807129e-01,9.999886155128479004e-01,9.999693632125854492e-01,9.999797940254211426e-01,-9.996486306190490723e-01,9.999603629112243652e-01
9.999967217445373535e-01,-9.999971389770507812e-01,-9.999891519546508789e-01,9.999942183494567871e-01,9.999977350234985352e-01,-9.999976754188537598e-01,9.999894499778747559e-01,9.999980926513671875e-01,-9.999811649322509766e-01,9.999971389770507812e-01,-9.999976158142089844e-01,-9.999978542327880859e-01,9.999958872795104980e-01,9.999969005584716797e-01,9.999921917915344238e-01,9.999855160713195801e-01,9.999954104423522949e-01,-9.999955296516418457e-01,9.999846220016479492e-01,-9.999982714653015137e-01,-9.999979138374328613e-01,9.999898672103881836e-01,9.999973773956298828e-01,9.999940991401672363e-01,9.999809861183166504e-01,9.999977946281433105e-01,-9.999965429306030273e-01,-9.999977350234985352e-01,9.999850988388061523e-01,-9.999942183494567871e-01,-9.999811649322509766e-01,-9.999961853027343750e-01,9.999653100967407227e-01,9.999892711639404297e-01,-9.999961256980895996e-01,9.999166727066040039e-01,9.999980330467224121e-01,9.999970793724060059e-01,9.999616146087646484e-01,-9.999977350234985352e-01,9.999973773956298828e-01,9.999853968620300293e-01,9.999644756317138672e-01,9.999980330467224121e-01,9.999964237213134766e-01,9.999959468841552734e-01,-9.999878406524658203e-01,9.999974370002746582e-01,9.999973773956298828e-01,-9.999971389770507812e-01,-9.999977946281433105e-01,-9.999973773956298828e-01,-9.999975562095642090e-01,-9.999871850013732910e-01,-9.999974370002746582e-01,-9.999961853027343750e-01,9.999597072601318359e-01,9.999908208847045898e-01,9.999876022338867188e-01,9.999966621398925781e-01,-9.999968409538269043e-01,9.999979138374328613e-01,9.999969005584716797e-01,9.999917149543762207e-01,-9.999871850013732910e-01,-9.999977946281433105e-01,-9.999982118606567383e-01,-9.999910593032836914e-01,-9.999980926513671875e-01,9.999964237213134766e-01,-9.999977350234985352e-01,9.999895095825195312e-01,-9.999914765357971191e-01,-9.999883770942687988e-01,-9.999747872352600098e-01,-9.999971389770507812e-01,9.999818205833435059e-01,9.999976754188537598e-01,-9.999861717224121094e-01,-9.999907612800598145e-01,9.999865293502807617e-01,9.999954104423522949e-01,-9.999976754188537598e-01,9.999964237213134766e-01,-9.999967813491821289e-01,-9.999650120735168457e-01,-9.999178051948547363e-01,9.999979734420776367e-01,9.999869465827941895e-01,9.999854564666748047e-01,-9.999858736991882324e-01,9.999969005584716797e-01,-9.999749660491943359e-01,-9.999948143959045410e-01,9.999943375587463379e-01,-9.999961256980895996e-01,-9.999742507934570312e-01,9.999980330467224121e-01,-9.999977350234985352e-01,9.999951124191284180e-01,-9.999942779541015625e-01,9.999979138374328613e-01,9.999210834503173828e-01,9.999240636825561523e-01,9.999974966049194336e-01,9.999904632568359375e-01,-9.999643564224243164e-01,-9.999971389770507812e-01,-9.999893307685852051e-01,9.999971389770507812e-01,-9.999973177909851074e-01,9.999948740005493164e-01,-9.999964237213134766e-01,-9.997695684432983398e-01,9.999980330467224121e-01,-9.999933838844299316e-01,9.999979734420776367e-01,-9.999959468841552734e-01,-9.999914765357971191e-01,-9.999919533729553223e-01,-9.999966621398925781e-01,9.999941587448120117e-01,9.999949336051940918e-01,-9.999939799308776855e-01,-9.999837875366210938e-01,-9.999893307685852051e-01,9.998149871826171875e-01,-9.999790191650390625e-01
9.999987483024597168e-01,-9.999989271163940430e-01,-9.999959468841552734e-01,9.999977350234985352e-01,9.999992251396179199e-01,-9.999992847442626953e-01,9.999960064888000488e-01,9.999992847442626953e-01,-9.999929070472717285e-01,9.999988675117492676e-01,-9.999991655349731445e-01,-9.999992847442626953e-01,9.999984502792358398e-01,9.999988079071044922e-01,9.999970197677612305e-01,9.999945163726806641e-01,9.999982714653015137e-01,-9.999982714653015137e-01,9.999941587448120117e-01,-9.999994039535522461e-01,-9.999992847442626953e-01,9.999961256980895996e-01,9.999990463256835938e-01,9.999977946281433105e-01,9.999928474426269531e-01,9.999992251396179199e-01,-9.999987483024597168e-01,-9.999992251396179199e-01,9.999943375587463379e-01,-9.999977946281433105e-01,-9.999929070472717285e-01,-9.999985694885253906e-01,9.999870061874389648e-01,9.999959468841552734e-01,-9.999985694885253906e-01,9.999687075614929199e-01,9.999994039535522461e-01,9.999989271163940430e-01,9.999856352806091309e-01,-9.999991655349731445e-01,9.999990463256835938e-01,9.999944567680358887e-01,9.999866485595703125e-01,9.999992847442626953e-01,9.999986290931701660e-01,9.999983906745910645e-01,-9.999954104423522949e-01,9.999990463256835938e-01,9.999990463256835938e-01,-9.999989271163940430e-01,-9.999992251396179199e-01,-9.999991059303283691e-01,-9.999991655349731445e-01,-9.999952316284179688e-01,-9.999991059303283691e-01,-9.999985098838806152e-01,9.999848604202270508e-01,9.999964833259582520e-01,9.999954104423522949e-01,9.999988079071044922e-01,-9.999988079071044922e-01,9.999992251396179199e-01,9.999988079071044922e-01,9.999968409538269043e-01,-9.999951720237731934e-01,-9.999991655349731445e-01,-9.999993443489074707e-01,-9.999966025352478027e-01,-9.999993443489074707e-01,9.999985694885253906e-01,-9.999992251396179199e-01,9.999958872795104980e-01,-9.999966621398925781e-01,-9.999956488609313965e-01,-9.999905824661254883e-01,-9.999988675117492676e-01,9.999931454658508301e-01,9.999991655349731445e-01,-9.999948143959045410e-01,-9.999964833259582520e-01,9.999949336051940918e-01,9.999982714653015137e-01,-9.999992251396179199e-01,9.999986886978149414e-01,-9.999988079071044922e-01,-9.999868869781494141e-01,-9.999691843986511230e-01,9.999992847442626953e-01,9.999949932098388672e-01,9.999945163726806641e-01,-9.999946951866149902e-01,9.999988079071044922e-01,-9.999905228614807129e-01,-9.999980330467224121e-01,9.999979138374328613e-01,-9.999985098838806152e-01,-9.999902844429016113e-01,9.999993443489074707e-01,-9.999991655349731445e-01,9.999980330467224121e-01,-9.999977946281433105e-01,9.999991655349731445e-01,9.999704957008361816e-01,9.999715089797973633e-01,9.999991059303283691e-01,9.999963641166687012e-01,-9.999866485595703125e-01,-9.999989271163940430e-01,-9.999959468841552734e-01,9.999989867210388184e-01,-9.999989867210388184e-01,9.999980330467224121e-01,-9.999986886978149414e-01,-9.999132752418518066e-01,9.999993443489074707e-01,-9.999974370002746582e-01,9.999992251396179199e-01,-9.999984502792358398e-01,-9.999966621398925781e-01,-9.999969601631164551e-01,-9.999987483024597168e-01,9.999976754188537598e-01,9.999982118606567383e-01,-9.999977350234985352e-01,-9.999938607215881348e-01,-9.999960064888000488e-01,9.999303817749023438e-01,-9.999921321868896484e-01
-9.999987483024597168e-01,9.999989271163940430e-01,9.999956488609313965e-01,-9.999976754188537598e-01,-9.999992847442626953e-01,9.999992251396179199e-01,-9.999957680702209473e-01,-9.999992847442626953e-01,9.999925494194030762e-01,-9.999989271163940430e-01,9.999991059303283691e-01,9.999992847442626953e-01,-9.999983310699462891e-01,-9.999988079071044922e-01,-9.999969005584716797e-01,-9.999942183494567871e-01,-9.999980926513671875e-01,9.999982714653015137e-01,-9.999939203262329102e-01,9.999993443489074707e-01,9.999992847442626953e-01,-9.999959468841552734e-01,-9.999989867210388184e-01,-9.999976158142089844e-01,-9.999924302101135254e-01,-9.999991655349731445e-01,9.999986886978149414e-01,9.999992251396179199e-01,-9.999939799308776855e-01,9.999976754188537598e-01,9.999924898147583008e-01,9.999984502792358398e-01,-9.999858736991882324e-01,-9.999957084655761719e-01,9.999984502792358398e-01,-9.999663233757019043e-01,-9.999993443489074707e-01,-9.999988675117492676e-01,-9.999846220016479492e-01,9.999991655349731445e-01,-9.999989867210388184e-01,-9.999940991401672363e-01,-9.999856352806091309e-01,-9.999993443489074707e-01,-9.999985694885253906e-01,-9.999984502792358398e-01,9.999951720237731934e-01,-9.999990463256835938e-01,-9.999989867210388184e-01,9.999988675117492676e-01,9.999992847442626953e-01,9.999989867210388184e-01,9.999990463256835938e-01,9.999948143959045410e-01,9.999989867210388184e-01,9.999985694885253906e-01,-9.999837279319763184e-01,-9.999961853027343750e-01,-9.999951124191284180e-01,-9.999987483024597168e-01,9.999988079071044922e-01,-9.999992847442626953e-01,-9.999988079071044922e-01,-9.999967217445373535e-01,9.999948740005493164e-01,9.999991655349731445e-01,9.999994039535522461e-01,9.999963045120239258e-01,9.999993443489074707e-01,-9.999985694885253906e-01,9.999991655349731445e-01,-9.999957680702209473e-01,9.999964833259582520e-01,9.999953508377075195e-01,9.999899268150329590e-01,9.999989271163940430e-01,-9.999926090240478516e-01,-9.999992251396179199e-01,9.999945163726806641e-01,9.999962449073791504e-01,-9.999946355819702148e-01,-9.999981522560119629e-01,9.999992251396179199e-01,-9.999986886978149414e-01,9.999988079071044922e-01,9.999859929084777832e-01,9.999667406082153320e-01,-9.999993443489074707e-01,-9.999947547912597656e-01,-9.999942183494567871e-01,9.999942779541015625e-01,-9.999988079071044922e-01,9.999899268150329590e-01,9.999979734420776367e-01,-9.999977946281433105e-01,9.999985098838806152e-01,9.999896287918090820e-01,-9.999992847442626953e-01,9.999992251396179199e-01,-9.999979734420776367e-01,9.999976754188537598e-01,-9.999992251396179199e-01,-9.999681115150451660e-01,-9.999693036079406738e-01,-9.999990463256835938e-01,-9.999961853027343750e-01,9.999856948852539062e-01,9.999988079071044922e-01,9.999956488609313965e-01,-9.999989271163940430e-01,9.999989867210388184e-01,-9.999980330467224121e-01,9.999986886978149414e-01,9.999064803123474121e-01,-9.999994039535522461e-01,9.999973177909851074e-01,-9.999993443489074707e-01,9.999983906745910645e-01,9.999964833259582520e-01,9.999967813491821289e-01,9.999987483024597168e-01,-9.999976158142089844e-01,-9.999980330467224121e-01,9.999975562095642090e-01,9.999934434890747070e-01,9.999957084655761719e-01,-9.999248981475830078e-01,9.999915957450866699e-01
9.999940991401672363e-01,-9.999949336051940918e-01,-9.999801516532897949e-01,9.999894499778747559e-01,9.999960064888000488e-01,-9.999957680702209473e-01,9.999808669090270996e-01,9.999966025352478027e-01,-9.999652504920959473e-01,9.999948740005493164e-01,-9.999957680702209473e-01,-9.999962449073791504e-01,9.999926090240478516e-01,9.999943971633911133e-01,9.999856948852539062e-01,9.999734163284301758e-01,9.999915361404418945e-01,-9.999918341636657715e-01,9.999719858169555664e-01,-9.999967813491821289e-01,-9.999962449073791504e-01,9.999814629554748535e-01,9.999952316284179688e-01,9.999891519546508789e-01,9.999650716781616211e-01,9.999960064888000488e-01,-9.999937415122985840e-01,-9.999958872795104980e-01,9.999726414680480957e-01,-9.999893903732299805e-01,-9.999654889106750488e-01,-9.999929666519165039e-01,9.999363422393798828e-01,9.999803900718688965e-01,-9.999929070472717285e-01,9.998472332954406738e-01,9.999963641166687012e-01,9.999948143959045410e-01,9.999297261238098145e-01,-9.999959468841552734e-01,9.999951720237731934e-01,9.999734163284301758e-01,9.999348521232604980e-01,9.999963641166687012e-01,9.999936223030090332e-01,9.999924898147583008e-01,-9.999777674674987793e-01,9.999954700469970703e-01,9.999951720237731934e-01,-9.999948740005493164e-01,-9.999960064888000488e-01,-9.999952316284179688e-01,-9.999955296516418457e-01,-9.999765753746032715e-01,-9.999952912330627441e-01,-9.999931454658508301e-01,9.999260902404785156e-01,9.999831318855285645e-01,9.999774098396301270e-01,9.999939799308776855e-01,-9.999943375587463379e-01,9.999961256980895996e-01,9.999943971633911133e-01,9.999848604202270508e-01,-9.999764561653137207e-01,-9.999959468841552734e-01,-9.999967217445373535e-01,-9.999836087226867676e-01,-9.999963641166687012e-01,9.999936223030090332e-01,-9.999958276748657227e-01,9.999806284904479980e-01,-9.999842047691345215e-01,-9.999786615371704102e-01,-9.999537467956542969e-01,-9.999947547912597656e-01,9.999666213989257812e-01,9.999957680702209473e-01,-9.999748468399047852e-01,-9.999831318855285645e-01,9.999753832817077637e-01,9.999916553497314453e-01,-9.999958872795104980e-01,9.999936223030090332e-01,-9.999942779541015625e-01,-9.999359250068664551e-01,-9.998495578765869141e-01,9.999961853027343750e-01,9.999759793281555176e-01,9.999733567237854004e-01,-9.999739527702331543e-01,9.999945163726806641e-01,-9.999541640281677246e-01,-9.999905824661254883e-01,9.999897480010986328e-01,-9.999929666519165039e-01,-9.999526739120483398e-01,9.999965429306030273e-01,-9.999958276748657227e-01,9.999909400939941406e-01,-9.999895691871643066e-01,9.999961256980895996e-01,9.998554587364196777e-01,9.998610019683837891e-01,9.999954700469970703e-01,9.999825358390808105e-01,-9.999348521232604980e-01,-9.999948143959045410e-01,-9.999804496765136719e-01,9.999949932098388672e-01,-9.999951124191284180e-01,9.999905824661254883e-01,-9.999936223030090332e-01,-9.995776414871215820e-01,9.999964833259582520e-01,-9.999879598617553711e-01,9.999964237213134766e-01,-9.999926090240478516e-01,-9.999844431877136230e-01,-9.999851584434509277e-01,-9.999940395355224609e-01,9.999892115592956543e-01,9.999908804893493652e-01,-9.999889135360717773e-01,-9.999704360961914062e-01,-9.999805092811584473e-01,9.996607899665832520e-01,-9.999616742134094238e-01
9.999989867210388184e-01,-9.999991655349731445e-01,-9.999964237213134766e-01,9.999980926513671875e-01,9.999992847442626953e-01,-9.999992847442626953e-01,9.999966025352478027e-01,9.999994039535522461e-01,-9.999941587448120117e-01,9.999990463256835938e-01,-9.999992251396179199e-01,-9.999994039535522461e-01,9.999986886978149414e-01,9.999991059303283691e-01,9.999974370002746582e-01,9.999954700469970703e-01,9.999984502792358398e-01,-9.999985098838806152e-01,9.999952316284179688e-01,-9.999994039535522461e-01,-9.999994039535522461e-01,9.999967813491821289e-01,9.999992251396179199e-01,9.999980926513671875e-01,9.999939799308776855e-01,9.999992847442626953e-01,-9.999989271163940430e-01,-9.999993443489074707e-01,9.999952316284179688e-01,-9.999981522560119629e-01,-9.999940395355224609e-01,-9.999987483024597168e-01,9.999890327453613281e-01,9.999966025352478027e-01,-9.999986886978149414e-01,9.999737739562988281e-01,9.999994039535522461e-01,9.999990463256835938e-01,9.999880194664001465e-01,-9.999992847442626953e-01,9.999992251396179199e-01,9.999953508377075195e-01,9.999888539314270020e-01,9.999993443489074707e-01,9.999988675117492676e-01,9.999986886978149414e-01,-9.999961256980895996e-01,9.999992251396179199e-01,9.999991059303283691e-01,-9.999991655349731445e-01,-9.999993443489074707e-01,-9.999991655349731445e-01,-9.999991655349731445e-01,-9.999959468841552734e-01,-9.999992251396179199e-01,-9.999987483024597168e-01,9.999873638153076172e-01,9.999970793724060059e-01,9.999960660934448242e-01,9.999989271163940430e-01,-9.999990463256835938e-01,9.999994039535522461e-01,9.999991059303283691e-01,9.999973773956298828e-01,-9.999959468841552734e-01,-9.999992847442626953e-01,-9.999994635581970215e-01,-9.999970793724060059e-01,-9.999994039535522461e-01,9.999988079071044922e-01,-9.999992847442626953e-01,9.999966621398925781e-01,-9.999971985816955566e-01,-9.999963045120239258e-01,-9.999920725822448730e-01,-9.999990463256835938e-01,9.999942779541015625e-01,9.999992847442626953e-01,-9.999957084655761719e-01,-9.999969601631164551e-01,9.999957084655761719e-01,9.999984502792358398e-01,-9.999993443489074707e-01,9.999989271163940430e-01,-9.999989271163940430e-01,-9.999889731407165527e-01,-9.999742507934570312e-01,9.999994039535522461e-01,9.999958872795104980e-01,9.999953508377075195e-01,-9.999954700469970703e-01,9.999991059303283691e-01,-9.999921917915344238e-01,-9.999983906745910645e-01,9.999980926513671875e-01,-9.999987483024597168e-01,-9.999918341636657715e-01,9.999993443489074707e-01,-9.999993443489074707e-01,9.999983310699462891e-01,-9.999982118606567383e-01,9.999993443489074707e-01,9.999753832817077637e-01,9.999761581420898438e-01,9.999992847442626953e-01,9.999970793724060059e-01,-9.999888539314270020e-01,-9.999991655349731445e-01,-9.999964833259582520e-01,9.999991655349731445e-01,-9.999991059303283691e-01,9.999983906745910645e-01,-9.999988675117492676e-01,-9.999275207519531250e-01,9.999994635581970215e-01,-9.999977946281433105e-01,9.999993443489074707e-01,-9.999986886978149414e-01,-9.999971985816955566e-01,-9.999974370002746582e-01,-9.999989271163940430e-01,9.999980330467224121e-01,9.999983906745910645e-01,-9.999980926513671875e-01,-9.999948740005493164e-01,-9.999964833259582520e-01,9.999417662620544434e-01,-9.999933242797851562e-01
-9.999894499778747559e-01,9.999908804893493652e-01,9.999640583992004395e-01,-9.999811649322509766e-01,-9.999929070472717285e-01,9.999925494194030762e-01,-9.999652504920959473e-01,-9.999941587448120117e-01,9.999371170997619629e-01,-9.999908804893493652e-01,9.999924302101135254e-01,9.999933838844299316e-01,-9.999866485595703125e-01,-9.999899268150329590e-01,-9.999741911888122559e-01,-9.999518394470214844e-01,-9.999848604202270508e-01,9.999853372573852539e-01,-9.999493956565856934e-01,9.999943971633911133e-01,9.999932646751403809e-01,-9.999665021896362305e-01,-9.999914765357971191e-01,-9.999804496765136719e-01,-9.999369382858276367e-01,-9.999930262565612793e-01,9.999886751174926758e-01,9.999926686286926270e-01,-9.999505281448364258e-01,9.999808669090270996e-01,9.999374747276306152e-01,9.999874830245971680e-01,-9.998847842216491699e-01,-9.999644160270690918e-01,9.999874830245971680e-01,-9.997233748435974121e-01,-9.999935626983642578e-01,-9.999907612800598145e-01,-9.998728632926940918e-01,9.999929070472717285e-01,-9.999914765357971191e-01,-9.999517798423767090e-01,-9.998821020126342773e-01,-9.999935626983642578e-01,-9.999885559082031250e-01,-9.999866485595703125e-01,9.999596476554870605e-01,-9.999920725822448730e-01,-9.999914169311523438e-01,9.999908804893493652e-01,9.999927878379821777e-01,9.999916553497314453e-01,9.999921917915344238e-01,9.999575614929199219e-01,9.999915957450866699e-01,9.999879002571105957e-01,-9.998662471771240234e-01,-9.999695420265197754e-01,-9.999588727951049805e-01,-9.999892115592956543e-01,9.999897480010986328e-01,-9.999932050704956055e-01,-9.999898672103881836e-01,-9.999727010726928711e-01,9.999575614929199219e-01,9.999929666519165039e-01,9.999942183494567871e-01,9.999704957008361816e-01,9.999938011169433594e-01,-9.999884963035583496e-01,9.999927878379821777e-01,-9.999650716781616211e-01,9.999716281890869141e-01,9.999613761901855469e-01,9.999163746833801270e-01,9.999907612800598145e-01,-9.999395012855529785e-01,-9.999924302101135254e-01,9.999544620513916016e-01,9.999696016311645508e-01,-9.999553561210632324e-01,-9.999849796295166016e-01,9.999926686286926270e-01,-9.999886155128479004e-01,9.999897480010986328e-01,9.998842477798461914e-01,9.997274875640869141e-01,-9.999935030937194824e-01,-9.999566674232482910e-01,-9.999517202377319336e-01,9.999529719352722168e-01,-9.999899864196777344e-01,9.999169707298278809e-01,9.999831318855285645e-01,-9.999816417694091797e-01,9.999873042106628418e-01,9.999143481254577637e-01,-9.999938607215881348e-01,9.999926686286926270e-01,-9.999838471412658691e-01,9.999812841415405273e-01,-9.999933242797851562e-01,-9.997381567955017090e-01,-9.997481703758239746e-01,-9.999919533729553223e-01,-9.999684691429138184e-01,9.998820424079895020e-01,9.999906420707702637e-01,9.999645948410034180e-01,-9.999909400939941406e-01,9.999911785125732422e-01,-9.999830722808837891e-01,9.999885559082031250e-01,9.992348551750183105e-01,-9.999938607215881348e-01,9.999783635139465332e-01,-9.999938607215881348e-01,9.999865293502807617e-01,9.999718666076660156e-01,9.999734163284301758e-01,9.999892115592956543e-01,-9.999805688858032227e-01,-9.999835491180419922e-01,9.999800324440002441e-01,9.999463558197021484e-01,9.999645948410034180e-01,-9.993856549263000488e-01,9.999306201934814453e-01
9.999984502792358398e-01,-9.999986290931701660e-01,-9.999947547912597656e-01,9.999971389770507812e-01,9.999988675117492676e-01,-9.999989271163940430e-01,9.999948740005493164e-01,9.999990463256835938e-01,-9.999908804893493652e-01,9.999985694885253906e-01,-9.999988079071044922e-01,-9.999989271163940430e-01,9.999980330467224121e-01,9.999985098838806152e-01,9.999961853027343750e-01,9.999930262565612793e-01,9.999977350234985352e-01,-9.999977350234985352e-01,9.999925494194030762e-01,-9.999991059303283691e-01,-9.999990463256835938e-01,9.999951124191284180e-01,9.999987483024597168e-01,9.999971985816955566e-01,9.999907612800598145e-01,9.999989271163940430e-01,-9.999983310699462891e-01,-9.999989867210388184e-01,9.999927282333374023e-01,-9.999971389770507812e-01,-9.999908804893493652e-01,-9.999980330467224121e-01,9.999832510948181152e-01,9.999948143959045410e-01,-9.999980330467224121e-01,9.999598264694213867e-01,9.999991059303283691e-01,9.999985694885253906e-01,9.999815821647644043e-01,-9.999988675117492676e-01,9.999987483024597168e-01,9.999929070472717285e-01,9.999828338623046875e-01,9.999989867210388184e-01,9.999982118606567383e-01,9.999980330467224121e-01,-9.999941587448120117e-01,9.999987483024597168e-01,9.999986290931701660e-01,-9.999985694885253906e-01,-9.999989867210388184e-01,-9.999987483024597168e-01,-9.999987483024597168e-01,-9.999937415122985840e-01,-9.999987483024597168e-01,-9.999980926513671875e-01,9.999805092811584473e-01,9.999955892562866211e-01,9.999940395355224609e-01,9.999983906745910645e-01,-9.999985098838806152e-01,9.999989867210388184e-01,9.999985098838806152e-01,9.999959468841552734e-01,-9.999938607215881348e-01,-9.999989271163940430e-01,-9.999991655349731445e-01,-9.999956488609313965e-01,-9.999991059303283691e-01,9.999982118606567383e-01,-9.999988675117492676e-01,9.999949336051940918e-01,-9.999958276748657227e-01,-9.999943971633911133e-01,-9.999878406524658203e-01,-9.999986290931701660e-01,9.999911785125732422e-01,9.999988675117492676e-01,-9.999933838844299316e-01,-9.999955296516418457e-01,9.999935030937194824e-01,9.999977350234985352e-01,-9.999989271163940430e-01,9.999983310699462891e-01,-9.999983906745910645e-01,-9.999831914901733398e-01,-9.999604225158691406e-01,9.999991059303283691e-01,9.999936819076538086e-01,9.999929666519165039e-01,-9.999930858612060547e-01,9.999985098838806152e-01,-9.999879598617553711e-01,-9.999974966049194336e-01,9.999972581863403320e-01,-9.999980926513671875e-01,-9.999874830245971680e-01,9.999990463256835938e-01,-9.999989271163940430e-01,9.999975562095642090e-01,-9.999971389770507812e-01,9.999989271163940430e-01,9.999619126319885254e-01,9.999633431434631348e-01,9.999987483024597168e-01,9.999954104423522949e-01,-9.999828338623046875e-01,-9.999985098838806152e-01,-9.999947547912597656e-01,9.999985694885253906e-01,-9.999986886978149414e-01,9.999975562095642090e-01,-9.999983310699462891e-01,-9.998887777328491211e-01,9.999991655349731445e-01,-9.999967813491821289e-01,9.999991059303283691e-01,-9.999979734420776367e-01,-9.999958276748657227e-01,-9.999959468841552734e-01,-9.999983906745910645e-01,9.999970793724060059e-01,9.999975562095642090e-01,-9.999970197677612305e-01,-9.999921917915344238e-01,-9.999948740005493164e-01,9.999106526374816895e-01,-9.999899268150329590e-01
-9.999986886978149414e-01,9.999988675117492676e-01,9.999956488609313965e-01,-9.999976158142089844e-01,-9.999991655349731445e-01,9.999991059303283691e-01,-9.999957680702209473e-01,-9.999992251396179199e-01,9.999924302101135254e-01,-9.999988079071044922e-01,9.999990463256835938e-01,9.999992251396179199e-01,-9.999983310699462891e-01,-9.999987483024597168e-01,-9.999967217445373535e-01,-9.999942183494567871e-01,-9.999980330467224121e-01,9.999982118606567383e-01,-9.999938011169433594e-01,9.999993443489074707e-01,9.999991059303283691e-01,-9.999958872795104980e-01,-9.999988675117492676e-01,-9.999976158142089844e-01,-9.999923110008239746e-01,-9.999992251396179199e-01,9.999986290931701660e-01,9.999991655349731445e-01,-9.999939799308776855e-01,9.999976754188537598e-01,9.999924898147583008e-01,9.999983906745910645e-01,-9.999860525131225586e-01,-9.999956488609313965e-01,9.999983906745910645e-01,-9.999666810035705566e-01,-9.999992251396179199e-01,-9.999987483024597168e-01,-9.999847412109375000e-01,9.999991059303283691e-01,-9.999988675117492676e-01,-9.999940991401672363e-01,-9.999856948852539062e-01,-9.999992251396179199e-01,-9.999984502792358398e-01,-9.999982714653015137e-01,9.999951720237731934e-01,-9.999989867210388184e-01,-9.999988675117492676e-01,9.999988079071044922e-01,9.999991655349731445e-01,9.999988675117492676e-01,9.999991059303283691e-01,9.999948143959045410e-01,9.999989271163940430e-01,9.999984502792358398e-01,-9.999839067459106445e-01,-9.999962449073791504e-01,-9.999950528144836426e-01,-9.999986886978149414e-01,9.999986886978149414e-01,-9.999992251396179199e-01,-9.999987483024597168e-01,-9.999966621398925781e-01,9.999948143959045410e-01,9.999991059303283691e-01,9.999993443489074707e-01,9.999963641166687012e-01,9.999992847442626953e-01,-9.999985098838806152e-01,9.999990463256835938e-01,-9.999957084655761719e-01,9.999964237213134766e-01,9.999953508377075195e-01,9.999899268150329590e-01,9.999988079071044922e-01,-9.999927282333374023e-01,-9.999991059303283691e-01,9.999944567680358887e-01,9.999961853027343750e-01,-9.999945759773254395e-01,-9.999980330467224121e-01,9.999990463256835938e-01,-9.999986290931701660e-01,9.999986886978149414e-01,9.999860525131225586e-01,9.999670982360839844e-01,-9.999991655349731445e-01,-9.999946951866149902e-01,-9.999940991401672363e-01,9.999942779541015625e-01,-9.999987483024597168e-01,9.999899268150329590e-01,9.999978542327880859e-01,-9.999976754188537598e-01,9.999984502792358398e-01,9.999896287918090820e-01,-9.999992251396179199e-01,9.999991655349731445e-01,-9.999980330467224121e-01,9.999976158142089844e-01,-9.999991059303283691e-01,-9.999685287475585938e-01,-9.999696016311645508e-01,-9.999990463256835938e-01,-9.999961256980895996e-01,9.999856948852539062e-01,9.999988675117492676e-01,9.999955892562866211e-01,-9.999988079071044922e-01,9.999988675117492676e-01,-9.999979138374328613e-01,9.999985098838806152e-01,9.999078512191772461e-01,-9.999992251396179199e-01,9.999972581863403320e-01,-9.999991655349731445e-01,9.999983310699462891e-01,9.999964833259582520e-01,9.999967217445373535e-01,9.999986886978149414e-01,-9.999974966049194336e-01,-9.999979734420776367e-01,9.999975562095642090e-01,9.999935626983642578e-01,9.999957084655761719e-01,-9.999259114265441895e-01,9.999915957450866699e-01
-9.999988675117492676e-01,9.999990463256835938e-01,9.999960660934448242e-01,-9.999978542327880859e-01,-9.999992847442626953e-01,9.999992847442626953e-01,-9.999962449073791504e-01,-9.999994039535522461e-01,9.999933838844299316e-01,-9.999989271163940430e-01,9.999992251396179199e-01,9.999994039535522461e-01,-9.999986290931701660e-01,-9.999988675117492676e-01,-9.999972581863403320e-01,-9.999948143959045410e-01,-9.999983310699462891e-01,9.999985098838806152e-01,-9.999945163726806641e-01,9.999994039535522461e-01,9.999992847442626953e-01,-9.999964833259582520e-01,-9.999991059303283691e-01,-9.999979138374328613e-01,-9.999933242797851562e-01,-9.999992847442626953e-01,9.999988079071044922e-01,9.999993443489074707e-01,-9.999946951866149902e-01,9.999979138374328613e-01,9.999933242797851562e-01,9.999986290931701660e-01,-9.999876618385314941e-01,-9.999961256980895996e-01,9.999986290931701660e-01,-9.999704957008361816e-01,-9.999994039535522461e-01,-9.999990463256835938e-01,-9.999864697456359863e-01,9.999992847442626953e-01,-9.999991059303283691e-01,-9.999948143959045410e-01,-9.999873638153076172e-01,-9.999993443489074707e-01,-9.999986886978149414e-01,-9.999985694885253906e-01,9.999957084655761719e-01,-9.999991059303283691e-01,-9.999991059303283691e-01,9.999990463256835938e-01,9.999993443489074707e-01,9.999990463256835938e-01,9.999991655349731445e-01,9.999954700469970703e-01,9.999991059303283691e-01,9.999986886978149414e-01,-9.999858140945434570e-01,-9.999966621398925781e-01,-9.999956488609313965e-01,-9.999988675117492676e-01,9.999989271163940430e-01,-9.999992847442626953e-01,-9.999989271163940430e-01,-9.999970197677612305e-01,9.999954700469970703e-01,9.999992847442626953e-01,9.999994635581970215e-01,9.999969005584716797e-01,9.999993443489074707e-01,-9.999987483024597168e-01,9.999992847442626953e-01,-9.999961853027343750e-01,9.999969005584716797e-01,9.999959468841552734e-01,9.999911189079284668e-01,9.999989867210388184e-01,-9.999935030937194824e-01,-9.999992251396179199e-01,9.999951124191284180e-01,9.999966621398925781e-01,-9.999952316284179688e-01,-9.999982714653015137e-01,9.999993443489074707e-01,-9.999988079071044922e-01,9.999988675117492676e-01,9.999876022338867188e-01,9.999708533287048340e-01,-9.999993443489074707e-01,-9.999953508377075195e-01,-9.999949336051940918e-01,9.999949932098388672e-01,-9.999989867210388184e-01,9.999911189079284668e-01,9.999981522560119629e-01,-9.999979734420776367e-01,9.999986886978149414e-01,9.999908208847045898e-01,-9.999993443489074707e-01,9.999992251396179199e-01,-9.999982118606567383e-01,9.999979734420776367e-01,-9.999993443489074707e-01,-9.999721050262451172e-01,-9.999730587005615234e-01,-9.999991655349731445e-01,-9.999966621398925781e-01,9.999873638153076172e-01,9.999989867210388184e-01,9.999961256980895996e-01,-9.999990463256835938e-01,9.999992251396179199e-01,-9.999982714653015137e-01,9.999987483024597168e-01,9.999180436134338379e-01,-9.999994635581970215e-01,9.999976158142089844e-01,-9.999993443489074707e-01,9.999985098838806152e-01,9.999969601631164551e-01,9.999970793724060059e-01,9.999988079071044922e-01,-9.999978542327880859e-01,-9.999982118606567383e-01,9.999978542327880859e-01,9.999942779541015625e-01,9.999961853027343750e-01,-9.999341368675231934e-01,9.999925494194030762e-01
