3.850204348564147949e-01,-6.886486080475151539e-04,3.612781688570976257e-02,-8.230929076671600342e-02,2.502820491790771484e-01,-2.345788478851318359e-01,1.074810847640037537e-01,3.756268024444580078e-01,5.017274618148803711e-02,2.815700508654117584e-02,-1.429045945405960083e-01,-7.015021145343780518e-02,-1.272985190153121948e-01,-2.053395286202430725e-02,1.215682015754282475e-03,9.984351694583892822e-02,2.043135697022080421e-03,-4.408695269376039505e-03,1.155431345105171204e-01,2.684202790260314941e-02,-1.465430669486522675e-02,-7.363741099834442139e-02,-1.573920249938964844e-01,1.018515154719352722e-01,9.707888588309288025e-03,3.850630670785903931e-02,1.192263662815093994e-01,-2.898943722248077393e-01,-6.705674529075622559e-02,-9.439607709646224976e-02,-2.354526072740554810e-01,2.710085734724998474e-02,-6.278888136148452759e-02,-5.354031547904014587e-02,-1.932561025023460388e-02,3.385188430547714233e-02,-8.385954424738883972e-03,9.551393799483776093e-03,-2.335569113492965698e-01,-2.591144740581512451e-01,2.485916167497634888e-01,7.124938070774078369e-02,-1.455166637897491455e-01,-3.377869492396712303e-03,-4.891047626733779907e-02,1.995782852172851562e-01,-4.088221862912178040e-02,-9.970293939113616943e-02,6.295178830623626709e-02,3.502622991800308228e-02,-1.298294961452484131e-01,-5.416338890790939331e-02,2.380398958921432495e-01,-6.116556003689765930e-02,-4.978672415018081665e-02,-6.018906459212303162e-02,9.630575776100158691e-02,2.303011948242783546e-03,6.527239829301834106e-02,4.865847900509834290e-02,-4.264571890234947205e-02,-9.344682097434997559e-02,1.708495256025344133e-05,1.566580981016159058e-01,9.785150736570358276e-02,1.164852175861597061e-02,-1.618068814277648926e-01,1.375955492258071899e-01,-3.966944292187690735e-02,2.420198321342468262e-01,-1.724051535129547119e-01,2.185905128717422485e-01,7.408318668603897095e-02,1.529864687472581863e-02,-1.682508736848831177e-01,-1.610759049654006958e-01,1.079359673894941807e-03,-3.935392573475837708e-02,-1.004166007041931152e-01,-5.752205103635787964e-02,1.447307039052248001e-02,-4.085126056452281773e-05,-8.046639710664749146e-02,-1.413940626662224531e-04,-3.330053687095642090e-01,1.358809620141983032e-01,1.898443847894668579e-01,5.589088541455566883e-04,-1.559364348649978638e-01,6.050362437963485718e-02,-1.683334112167358398e-01,1.105466336011886597e-01,9.815964102745056152e-02,-6.375579535961151123e-02,-7.553412765264511108e-02,-3.067659437656402588e-01,7.704821974039077759e-02,-3.866945917252451181e-05,-1.115556657314300537e-01,2.907003760337829590e-01,-1.957129091024398804e-01,2.186553776264190674e-01,1.041350793093442917e-02,-2.888706140220165253e-02,-5.816746130585670471e-02,2.102148830890655518e-01,1.365595012903213501e-01,1.049810871481895447e-01,-2.967039644718170166e-01,7.719242945313453674e-03,-1.003000810742378235e-01,1.453492790460586548e-01,2.569089829921722412e-02,-4.862181469798088074e-02,7.239551097154617310e-02,3.289872780442237854e-02,3.195852637290954590e-01,-1.523067206144332886e-01,-1.614570617675781250e-01,-5.764407292008399963e-02,-1.564719825983047485e-01,1.085423752665519714e-01,1.098873019218444824e-01,1.511099040508270264e-01,2.106884866952896118e-02,1.011925563216209412e-01,9.527894668281078339e-03,5.852581933140754700e-02
-6.886486080475151539e-04,1.031665503978729248e-02,-8.884635567665100098e-02,6.363556534051895142e-02,5.245321616530418396e-02,-2.278242958709597588e-03,2.675598720088601112e-03,2.162842079997062683e-02,3.821204230189323425e-02,4.848759248852729797e-02,5.288940155878663063e-04,-4.269904270768165588e-02,7.017549127340316772e-02,6.552922725677490234e-02,8.937666565179824829e-02,9.384046494960784912e-02,-6.580469198524951935e-05,4.799420386552810669e-02,-6.695362180471420288e-02,-6.618917733430862427e-02,-3.990997374057769775e-02,6.176719069480895996e-02,5.758475139737129211e-02,-8.993719704449176788e-03,1.126041915267705917e-02,9.082084894180297852e-02,-9.203724563121795654e-02,-3.513565659523010254e-02,8.271282166242599487e-02,-2.082765288650989532e-02,2.115617506206035614e-02,-9.825285524129867554e-02,6.067458912730216980e-02,6.961724907159805298e-02,-4.256946966052055359e-03,-9.486382454633712769e-02,4.054768383502960205e-02,7.973392307758331299e-02,-6.889525800943374634e-02,-5.379592627286911011e-02,7.045686244964599609e-02,1.405554823577404022e-02,8.304601162672042847e-02,1.741020008921623230e-02,-9.110266342759132385e-03,-8.066994696855545044e-02,-8.628898113965988159e-02,-2.566017024219036102e-02,-1.583821955136954784e-03,1.542281825095415115e-02,-1.281304005533456802e-02,-2.383228391408920288e-02,4.909914731979370117e-02,9.237826801836490631e-03,-1.103432849049568176e-02,-1.021665334701538086e-01,2.380522340536117554e-02,5.915686022490262985e-03,-7.823985815048217773e-02,-7.098992913961410522e-02,2.554487204179167747e-03,1.002374105155467987e-02,2.593523822724819183e-03,3.104823455214500427e-02,4.467688966542482376e-03,-2.640172652900218964e-02,1.714361645281314850e-02,8.641091734170913696e-02,-8.397740870714187622e-02,3.157456591725349426e-02,-7.147570699453353882e-02,-1.083840150386095047e-02,-2.641626447439193726e-02,8.864096552133560181e-02,-2.382028289139270782e-02,-7.717681676149368286e-02,-1.046993653289973736e-03,1.040908247232437134e-01,-1.290728058665990829e-02,-8.104370534420013428e-02,9.161189943552017212e-02,3.442463639657944441e-04,-8.076772093772888184e-02,-7.111990707926452160e-04,-6.406783312559127808e-02,-8.886183053255081177e-02,4.523050412535667419e-02,2.266613300889730453e-03,7.266774773597717285e-02,5.289474502205848694e-02,-1.225570216774940491e-02,-1.524921879172325134e-02,-7.064460217952728271e-02,4.105424880981445312e-02,-7.559963315725326538e-02,-1.006903033703565598e-02,6.553699821233749390e-02,-1.824992796173319221e-05,-7.053560018539428711e-02,3.903013840317726135e-02,-3.199404105544090271e-02,4.861230403184890747e-02,-9.592889249324798584e-02,-7.272567600011825562e-02,1.033275201916694641e-01,5.949907936155796051e-03,-6.839495152235031128e-02,-8.692593872547149658e-02,-2.901512756943702698e-02,-3.727998351678252220e-03,6.887226551771163940e-02,-6.217109784483909607e-02,-8.121582120656967163e-02,5.502160638570785522e-03,9.484359622001647949e-02,-8.873744308948516846e-02,3.480954095721244812e-02,3.870246186852455139e-02,-9.410792589187622070e-02,4.293682798743247986e-02,6.428244709968566895e-02,7.418894767761230469e-02,8.205898851156234741e-02,-4.749223589897155762e-02,-5.790682509541511536e-02,-6.312921643257141113e-02,1.031224383041262627e-03,5.504652857780456543e-02
3.612781688570976257e-02,-8.884635567665100098e-02,7.777969837188720703e-01,-6.464937329292297363e-01,-4.349493682384490967e-01,-7.504631578922271729e-02,-4.113575071096420288e-02,-1.515165716409683228e-01,-3.003901541233062744e-01,-4.498403966426849365e-01,1.104183495044708252e-02,4.001161158084869385e-01,-5.730537176132202148e-01,-6.397653818130493164e-01,-7.612347006797790527e-01,-7.313916087150573730e-01,1.515253970865160227e-04,-4.297095835208892822e-01,6.334277391433715820e-01,6.380762457847595215e-01,3.806977570056915283e-01,-5.959433913230895996e-01,-5.965300798416137695e-01,9.364552050828933716e-02,-1.035595908761024475e-01,-6.838839054107666016e-01,7.506194114685058594e-01,2.282856404781341553e-01,-7.116963863372802734e-01,1.614729315042495728e-01,-2.035236209630966187e-01,8.022119998931884766e-01,-5.706534385681152344e-01,-6.765416860580444336e-01,3.805766254663467407e-02,7.564702630043029785e-01,-3.710018098354339600e-01,-6.983569860458374023e-01,5.058148503303527832e-01,5.203101634979248047e-01,-5.602783560752868652e-01,-1.353612989187240601e-01,-7.087149620056152344e-01,-1.666972786188125610e-01,6.185892224311828613e-02,6.839025020599365234e-01,7.639735937118530273e-01,2.438567280769348145e-01,3.676390275359153748e-02,-8.521867543458938599e-02,9.091203659772872925e-02,2.518977820873260498e-01,-4.539549946784973145e-01,-7.335421442985534668e-02,6.001706793904304504e-02,8.122923970222473145e-01,-2.426162213087081909e-01,-5.568235740065574646e-02,6.792491674423217773e-01,6.679216027259826660e-01,-2.410141192376613617e-02,-1.188837364315986633e-01,-2.576044946908950806e-02,-2.506394982337951660e-01,-4.089548438787460327e-02,2.376830279827117920e-01,-1.498893201351165771e-01,-6.914772987365722656e-01,7.138777375221252441e-01,-2.159532755613327026e-01,6.154654026031494141e-01,1.372202038764953613e-01,2.659499049186706543e-01,-7.643185853958129883e-01,1.786195486783981323e-01,6.590512394905090332e-01,8.364833891391754150e-03,-8.387981057167053223e-01,1.760597378015518188e-01,7.062310576438903809e-01,-7.916638851165771484e-01,-3.283562371507287025e-03,6.833066940307617188e-01,7.416070438921451569e-03,5.069595575332641602e-01,7.448641657829284668e-01,-3.794890642166137695e-01,-1.916798390448093414e-02,-6.130208969116210938e-01,-4.867215454578399658e-01,1.024966686964035034e-01,1.815973669290542603e-01,6.476561427116394043e-01,-3.985213339328765869e-01,6.712631583213806152e-01,6.845209747552871704e-02,-5.942639708518981934e-01,1.652915962040424347e-04,5.901620388031005859e-01,-2.968841195106506348e-01,3.184457123279571533e-01,-3.465504348278045654e-01,7.965269088745117188e-01,6.513761281967163086e-01,-8.256667852401733398e-01,-1.652169823646545410e-01,6.311975121498107910e-01,7.203094959259033203e-01,1.747493892908096313e-01,3.323898836970329285e-02,-6.270669102668762207e-01,6.315504908561706543e-01,7.234917283058166504e-01,-1.422862410545349121e-01,-7.709746956825256348e-01,7.420883178710937500e-01,-2.455801963806152344e-01,-3.738799393177032471e-01,7.751144170761108398e-01,-4.207280576229095459e-01,-6.019707918167114258e-01,-6.652867197990417480e-01,-7.107119560241699219e-01,4.410923123359680176e-01,5.783357024192810059e-01,6.029242277145385742e-01,-1.211798936128616333e-02,-5.238316059112548828e-01
-8.230929076671600342e-02,6.363556534051895142e-02,-6.464937329292297363e-01,6.575815081596374512e-01,2.480143308639526367e-01,1.620038002729415894e-01,2.676486223936080933e-02,-2.303973538801074028e-03,2.347223013639450073e-01,3.528469204902648926e-01,-7.024200260639190674e-02,-3.075037598609924316e-01,3.495616316795349121e-01,6.099495887756347656e-01,6.404199600219726562e-01,5.066524147987365723e-01,3.337588859722018242e-03,3.641567826271057129e-01,-5.850385427474975586e-01,-5.169067382812500000e-01,-4.330256879329681396e-01,5.172245502471923828e-01,5.170689821243286133e-01,-6.552896648645401001e-02,8.234237879514694214e-02,4.446507692337036133e-01,-5.695802569389343262e-01,6.009072065353393555e-03,5.051230192184448242e-01,-2.568061277270317078e-02,1.612723320722579956e-01,-6.813172101974487305e-01,5.655463337898254395e-01,5.476514697074890137e-01,-1.423772890120744705e-02,-5.708195567131042480e-01,2.790473997592926025e-01,5.369830727577209473e-01,-2.338766306638717651e-01,-5.037536025047302246e-01,4.190422296524047852e-01,1.345331966876983643e-01,5.522943139076232910e-01,1.296965479850769043e-01,-9.177203476428985596e-02,-4.964857399463653564e-01,-6.523985266685485840e-01,-2.150116711854934692e-01,-4.271802678704261780e-02,1.034423261880874634e-01,-3.555569425225257874e-02,-1.640021353960037231e-01,3.922751247882843018e-01,3.207996860146522522e-02,7.421419769525527954e-02,-6.237916946411132812e-01,2.136003226041793823e-01,4.040113091468811035e-02,-5.671487450599670410e-01,-5.903705954551696777e-01,-3.615469112992286682e-02,1.790779829025268555e-01,2.565141580998897552e-02,1.649818420410156250e-01,6.634724140167236328e-02,-1.831396222114562988e-01,1.207009330391883850e-01,4.682618081569671631e-01,-5.397191643714904785e-01,2.542390115559101105e-02,-4.309591948986053467e-01,3.014174581039696932e-04,-2.858733832836151123e-01,6.492263078689575195e-01,-1.409390866756439209e-01,-5.168184041976928711e-01,-4.139236640185117722e-03,6.660335659980773926e-01,-2.957412600517272949e-01,-5.532407164573669434e-01,7.223842740058898926e-01,2.576356753706932068e-03,-4.767604768276214600e-01,-5.037240684032440186e-03,-3.552792370319366455e-01,-5.943894386291503906e-01,1.520577222108840942e-01,1.083608437329530716e-02,4.682097733020782471e-01,3.564789593219757080e-01,-7.079087197780609131e-02,-2.685606181621551514e-01,-5.851358175277709961e-01,3.955925703048706055e-01,-5.762600302696228027e-01,6.257566274143755436e-04,4.409756958484649658e-01,-1.216972668771632016e-04,-3.640987873077392578e-01,1.523301154375076294e-01,-1.730543673038482666e-01,9.565373510122299194e-02,-6.985980272293090820e-01,-4.826697409152984619e-01,6.974399685859680176e-01,2.768451869487762451e-01,-6.790477633476257324e-01,-5.678467154502868652e-01,-2.139756828546524048e-02,-2.745427750051021576e-02,6.173310279846191406e-01,-6.250603795051574707e-01,-6.007864475250244141e-01,2.278755456209182739e-01,5.812358260154724121e-01,-5.893650650978088379e-01,2.415640093386173248e-02,2.888394594192504883e-01,-6.319864988327026367e-01,3.988324403762817383e-01,4.777489900588989258e-01,5.761690735816955566e-01,5.677293539047241211e-01,-3.726675510406494141e-01,-4.307562708854675293e-01,-5.357407927513122559e-01,-4.168117884546518326e-03,4.097842574119567871e-01
2.502820491790771484e-01,5.245321616530418396e-02,-4.349493682384490967e-01,2.480143308639526367e-01,4.838210046291351318e-01,-1.663461327552795410e-01,8.860388398170471191e-02,4.368118643760681152e-01,1.795100867748260498e-01,2.565989494323730469e-01,-6.919857114553451538e-02,-2.676463425159454346e-01,3.086137473583221436e-01,2.856771051883697510e-01,4.685241281986236572e-01,5.839529633522033691e-01,-5.277626914903521538e-04,2.582135200500488281e-01,-2.362329363822937012e-01,-3.103736042976379395e-01,-1.082860082387924194e-01,2.644369304180145264e-01,1.856299340724945068e-01,3.038072213530540466e-02,6.014750152826309204e-02,5.139476060867309570e-01,-4.148383140563964844e-01,-4.319586455821990967e-01,4.360484778881072998e-01,-2.172983884811401367e-01,-3.676571696996688843e-02,-4.561043381690979004e-01,2.089072614908218384e-01,3.305304646492004395e-01,-4.201081395149230957e-02,-4.850114583969116211e-01,2.031564712524414062e-01,4.244667589664459229e-01,-6.026459932327270508e-01,-4.284257590770721436e-01,5.138889551162719727e-01,1.089047640562057495e-01,3.560465276241302490e-01,9.175877273082733154e-02,-2.154342271387577057e-02,-3.163027167320251465e-01,-4.769951403141021729e-01,-1.962901055812835693e-01,1.780500262975692749e-02,9.977299720048904419e-02,-1.549053788185119629e-01,-2.146889120340347290e-01,3.790528476238250732e-01,1.869709603488445282e-02,-1.481580883264541626e-01,-6.019471287727355957e-01,1.887490898370742798e-01,3.390298038721084595e-02,-3.490088284015655518e-01,-3.243964612483978271e-01,1.109828613698482513e-02,-5.243771895766258240e-02,1.137565169483423233e-02,2.325418889522552490e-01,5.581687763333320618e-02,-1.257364749908447266e-01,-3.727959236130118370e-03,5.701439976692199707e-01,-4.514147043228149414e-01,3.784432113170623779e-01,-5.178299546241760254e-01,1.209740247577428818e-02,-4.157344251871109009e-02,4.614350795745849609e-01,-2.114017456769943237e-01,-5.066550374031066895e-01,-5.368628539144992828e-03,5.278230309486389160e-01,-7.642402499914169312e-02,-4.518862664699554443e-01,4.541143476963043213e-01,1.754403929226100445e-03,-5.122116804122924805e-01,-4.775128327310085297e-03,-5.671952962875366211e-01,-3.887854814529418945e-01,4.060641229152679443e-01,1.372777856886386871e-02,2.526949346065521240e-01,3.203578889369964600e-01,-1.896032094955444336e-01,5.382385104894638062e-02,-2.570588886737823486e-01,1.259868741035461426e-01,-4.139689803123474121e-01,-2.784058153629302979e-01,4.358304738998413086e-01,-1.211753042298369110e-04,-4.733251333236694336e-01,4.133065938949584961e-01,-3.201676607131958008e-01,4.390316307544708252e-01,-4.672153592109680176e-01,-4.068805575370788574e-01,4.820805788040161133e-01,1.473930329084396362e-01,-1.952434033155441284e-01,-3.996632099151611328e-01,-3.763214945793151855e-01,-9.941126219928264618e-03,2.316957414150238037e-01,-1.748119592666625977e-01,-3.973207771778106689e-01,-4.717522114515304565e-02,5.913875102996826172e-01,-4.289521872997283936e-01,4.474593698978424072e-01,1.127255186438560486e-01,-6.042503714561462402e-01,1.574598550796508789e-01,2.395092844963073730e-01,4.206336736679077148e-01,4.900673329830169678e-01,-1.276423484086990356e-01,-2.927854955196380615e-01,-2.241634279489517212e-01,5.439213942736387253e-03,3.210924863815307617e-01
-2.345788478851318359e-01,-2.278242958709597588e-03,-7.504631578922271729e-02,1.620038002729415894e-01,-1.663461327552795410e-01,2.688027918338775635e-01,-5.439914762973785400e-02,-2.181983888149261475e-01,-9.466088563203811646e-02,-1.825253851711750031e-02,7.304514199495315552e-02,2.357812225818634033e-02,1.968556456267833710e-02,1.298443824052810669e-01,5.996917933225631714e-02,-8.544867485761642456e-02,-6.096730357967317104e-04,1.889725774526596069e-02,-9.070012718439102173e-02,-5.944505333900451660e-02,-5.687971133738756180e-03,1.093662604689598083e-01,1.765606701374053955e-01,-4.677659645676612854e-02,-7.332040928304195404e-03,-1.172185689210891724e-01,-7.777289301156997681e-02,2.386803328990936279e-01,6.506948918104171753e-02,7.014256715774536133e-02,1.540267616510391235e-01,-2.850789949297904968e-02,5.800943449139595032e-02,1.038829535245895386e-01,1.033247634768486023e-02,-2.095649763941764832e-02,2.346202963963150978e-03,-6.039413157850503922e-03,1.890206038951873779e-01,3.355184569954872131e-02,-2.051810324192047119e-01,-2.325877919793128967e-02,1.166347637772560120e-01,1.536463759839534760e-02,8.206178247928619385e-02,-1.250478476285934448e-01,-3.358443826436996460e-02,2.734669856727123260e-02,-8.754723519086837769e-02,-3.455578908324241638e-02,1.045228093862533569e-01,-4.524993151426315308e-02,-1.217353567481040955e-01,1.441020611673593521e-02,5.322214215993881226e-02,5.590572953224182129e-03,-1.897781714797019958e-02,6.300528766587376595e-04,-3.761545568704605103e-02,-8.261843770742416382e-02,2.189006656408309937e-02,7.958254963159561157e-02,4.048624541610479355e-03,-1.738302409648895264e-01,-7.051193714141845703e-02,1.085207914002239704e-03,1.086905896663665771e-01,-9.670072793960571289e-02,2.989850565791130066e-02,-1.930673122406005859e-01,1.034182310104370117e-01,-1.932380348443984985e-01,-6.253190338611602783e-02,3.103403002023696899e-02,1.418126523494720459e-01,8.166920393705368042e-02,6.874411483295261860e-04,4.241872951388359070e-02,-1.245149131864309311e-02,2.565256878733634949e-02,4.755499213933944702e-02,2.291620330652222037e-04,3.744544461369514465e-02,-1.632877392694354057e-03,2.232079654932022095e-01,-9.529220312833786011e-02,-1.446380466222763062e-01,-1.676913350820541382e-03,4.637893289327621460e-02,-3.521335497498512268e-02,9.648977220058441162e-02,-1.053584888577461243e-01,-7.721517235040664673e-02,7.910734415054321289e-02,4.396181181073188782e-02,1.645625084638595581e-01,7.846824824810028076e-03,1.995058664761018008e-05,8.229083567857742310e-02,-2.400213032960891724e-01,9.940312802791595459e-02,-2.334964722394943237e-01,-3.394099324941635132e-02,1.810929365456104279e-02,2.192291803658008575e-02,1.963878050446510315e-02,-1.497519463300704956e-01,-6.229459121823310852e-02,2.632631957530975342e-01,-8.823713287711143494e-04,1.324720382690429688e-01,-1.767953038215637207e-01,-4.126506671309471130e-02,1.048739776015281677e-01,-1.239120215177536011e-02,-8.899285458028316498e-03,-2.273568511009216309e-01,9.603781253099441528e-02,5.802780762314796448e-02,6.965801864862442017e-02,1.063322722911834717e-01,-3.582772612571716309e-02,-4.031535983085632324e-02,-9.545440226793289185e-02,-6.195961311459541321e-02,-8.748138695955276489e-02,-1.526905875653028488e-02,-1.650268398225307465e-02
1.074810847640037537e-01,2.675598720088601112e-03,-4.113575071096420288e-02,2.676486223936080933e-02,8.860388398170471191e-02,-5.439914762973785400e-02,9.745884686708450317e-02,1.142349019646644592e-01,-6.461391691118478775e-03,4.686523601412773132e-02,-8.737481385469436646e-02,-2.865666896104812622e-02,-2.952209673821926117e-02,-1.559389289468526840e-02,9.438671171665191650e-03,3.393211588263511658e-02,-3.262597019784152508e-04,-1.154173514805734158e-03,-3.809430450201034546e-02,-2.705047838389873505e-02,-3.135983273386955261e-02,-3.021775931119918823e-02,-1.176732126623392105e-02,3.106412291526794434e-02,8.381186053156852722e-03,2.358669601380825043e-02,2.462759613990783691e-02,-6.453145295381546021e-02,3.395703062415122986e-02,-5.397036671638488770e-02,-6.142809614539146423e-02,-2.031932957470417023e-02,5.988366901874542236e-02,2.751374617218971252e-02,-5.450172815471887589e-03,2.217854559421539307e-02,1.134638022631406784e-02,4.178959131240844727e-02,-7.858794927597045898e-02,-1.001267805695533752e-01,1.118633523583412170e-01,3.239812329411506653e-02,-2.907885797321796417e-02,6.022518035024404526e-03,-6.695338338613510132e-02,3.959326818585395813e-02,-6.677777320146560669e-02,-3.003071621060371399e-02,3.946088626980781555e-02,1.973552629351615906e-03,-2.914659492671489716e-02,-2.362548932433128357e-02,9.681023657321929932e-02,9.874967858195304871e-03,-1.426021452061831951e-03,-4.609560966491699219e-02,2.408241108059883118e-02,2.732099266722798347e-03,-3.555163741111755371e-02,-6.844783667474985123e-03,-1.980007253587245941e-02,-1.796030066907405853e-02,3.784811997320502996e-04,1.160442307591438293e-01,3.668059408664703369e-02,-8.135354146361351013e-03,-6.975128501653671265e-02,6.376048177480697632e-02,-3.425980359315872192e-02,7.125687599182128906e-02,-9.820577502250671387e-02,6.828644871711730957e-02,2.353214286267757416e-02,3.005833923816680908e-02,-6.832265108823776245e-02,-9.947833418846130371e-02,4.308454517740756273e-04,3.927899152040481567e-02,-5.938573926687240601e-02,-4.242186620831489563e-02,5.862399190664291382e-02,5.318753392202779651e-05,-6.090851500630378723e-02,-8.811798761598765850e-04,-1.266861408948898315e-01,2.113008126616477966e-02,1.187100559473037720e-01,1.334081316599622369e-04,-4.366996511816978455e-02,4.375225305557250977e-02,-7.459583878517150879e-02,1.900699920952320099e-02,-6.994078867137432098e-03,-2.263320423662662506e-02,-8.075358718633651733e-02,-8.713103830814361572e-02,4.947534576058387756e-02,-2.458869130350649357e-05,-3.452406451106071472e-02,1.134205460548400879e-01,-9.319601207971572876e-02,9.004027396440505981e-02,-2.517341449856758118e-02,-3.566330671310424805e-02,6.399400532245635986e-02,1.392237097024917603e-01,-1.263101026415824890e-02,3.025027178227901459e-02,-1.121011227369308472e-01,3.648496203823015094e-05,-6.303813308477401733e-02,-3.043836541473865509e-02,-2.006509713828563690e-02,3.329604119062423706e-02,6.362380087375640869e-02,-4.148814454674720764e-02,6.977861374616622925e-02,-9.596739895641803741e-03,-1.007866933941841125e-01,-3.199219470843672752e-03,-1.055001281201839447e-02,7.594598084688186646e-02,7.134064286947250366e-02,3.448054939508438110e-02,-1.314947567880153656e-02,1.073620747774839401e-03,7.431848440319299698e-03,8.471650630235671997e-02
3.756268024444580078e-01,2.162842079997062683e-02,-1.515165716409683228e-01,-2.303973538801074028e-03,4.368118643760681152e-01,-2.181983888149261475e-01,1.142349019646644592e-01,6.063073277473449707e-01,1.672322675585746765e-02,9.677828103303909302e-02,-5.832700803875923157e-02,-1.693344563245773315e-01,9.839789569377899170e-02,5.215199664235115051e-02,2.080831974744796753e-01,3.678515553474426270e-01,-1.150496886111795902e-03,1.068335622549057007e-01,6.030460074543952942e-02,-8.492734283208847046e-02,1.602564305067062378e-01,7.121939957141876221e-02,-4.293017089366912842e-02,7.404978573322296143e-02,2.441674284636974335e-02,2.709288299083709717e-01,-1.234458014369010925e-01,-4.934384822845458984e-01,2.343754917383193970e-01,-2.305386513471603394e-01,-1.572104692459106445e-01,-1.130196079611778259e-01,-1.007275581359863281e-01,1.196837350726127625e-01,-4.839295521378517151e-02,-2.243445962667465210e-01,7.795835286378860474e-02,1.920651197433471680e-01,-5.768987536430358887e-01,-3.228108286857604980e-01,3.430648446083068848e-01,6.785020232200622559e-02,8.461011946201324463e-02,4.403660818934440613e-02,9.191577881574630737e-02,-5.881763622164726257e-02,-2.198828160762786865e-01,-1.454684138298034668e-01,1.905130967497825623e-02,2.781877107918262482e-02,-1.582624018192291260e-01,-2.334991693496704102e-01,2.596138119697570801e-01,-3.374497219920158386e-02,-2.199075073003768921e-01,-3.479251563549041748e-01,1.556947827339172363e-01,2.005550824105739594e-02,-4.833113774657249451e-02,-7.788201421499252319e-02,2.313771843910217285e-02,-1.680347323417663574e-01,1.018919749185442924e-03,1.098357960581779480e-01,2.761364541947841644e-02,-3.727548941969871521e-02,-9.851464629173278809e-02,3.851515650749206543e-01,-2.188349664211273193e-01,4.201617538928985596e-01,-3.952971994876861572e-01,-1.881094649434089661e-02,1.158083751797676086e-01,1.983420401811599731e-01,-1.418007761240005493e-01,-3.068745434284210205e-01,-2.910285489633679390e-03,2.166182100772857666e-01,5.338930059224367142e-03,-2.152702808380126953e-01,1.331219077110290527e-01,7.818705053068697453e-04,-3.411496877670288086e-01,-3.677408676594495773e-03,-4.750229120254516602e-01,-9.736032038927078247e-02,3.836928009986877441e-01,9.792988188564777374e-03,-3.827141225337982178e-02,1.951108574867248535e-01,-2.050768285989761353e-01,2.296822369098663330e-01,3.923820331692695618e-02,-6.739331781864166260e-02,-1.646972149610519409e-01,-3.877104818820953369e-01,3.024827539920806885e-01,-8.360610809177160263e-05,-3.535729348659515381e-01,3.986099064350128174e-01,-3.328241705894470215e-01,4.295292198657989502e-01,-1.460405439138412476e-01,-2.145475447177886963e-01,1.205284371972084045e-01,1.450421363115310669e-01,1.624004691839218140e-01,-1.313647627830505371e-01,-4.097649753093719482e-01,9.933643043041229248e-03,-6.388443708419799805e-02,1.200593784451484680e-01,-1.358334571123123169e-01,-1.173492968082427979e-01,3.736977875232696533e-01,-1.330457627773284912e-01,5.273723602294921875e-01,-3.275798633694648743e-02,-3.692738115787506104e-01,-3.175907582044601440e-02,-6.911212694831192493e-04,1.854475289583206177e-01,2.500779330730438232e-01,1.044289469718933105e-01,-1.363610029220581055e-01,4.692178592085838318e-02,3.681341651827096939e-03,1.665737032890319824e-01
5.017274618148803711e-02,3.821204230189323425e-02,-3.003901541233062744e-01,2.347223013639450073e-01,1.795100867748260498e-01,-9.466088563203811646e-02,-6.461391691118478775e-03,1.672322675585746765e-02,2.679917216300964355e-01,2.025308758020401001e-01,-5.063828080892562866e-02,-1.709793061017990112e-01,2.104434520006179810e-01,2.684869766235351562e-01,3.159212172031402588e-01,3.370576500892639160e-01,2.971674548462033272e-03,1.665230840444564819e-01,-2.788063585758209229e-01,-2.435319572687149048e-01,-3.148243427276611328e-01,2.215586900711059570e-01,1.633345633745193481e-01,-3.738797828555107117e-02,5.206726118922233582e-02,3.587086200714111328e-01,-2.995703518390655518e-01,-9.984844177961349487e-02,2.015354782342910767e-01,-1.021679677069187164e-02,1.214948389679193497e-02,-4.188810288906097412e-01,3.043407201766967773e-01,2.156490683555603027e-01,-6.343752611428499222e-03,-3.339732289314270020e-01,1.558269709348678589e-01,2.938073277473449707e-01,-1.729205399751663208e-01,-2.349828034639358521e-01,3.549364805221557617e-01,7.630139589309692383e-02,2.408364415168762207e-01,5.360236763954162598e-02,-1.380776166915893555e-01,-2.216693013906478882e-01,-3.081466555595397949e-01,-1.121901348233222961e-01,4.353456571698188782e-02,7.562288641929626465e-02,-8.464550226926803589e-02,1.669452339410781860e-02,2.713326215744018555e-01,4.110221285372972488e-03,4.324168711900711060e-02,-3.330517411231994629e-01,1.002959385514259338e-01,1.928465813398361206e-02,-3.003945350646972656e-01,-2.703248262405395508e-01,-3.782541304826736450e-02,8.476310968399047852e-02,1.169837731868028641e-02,2.096156477928161621e-01,9.360679239034652710e-02,-1.063645780086517334e-01,1.829013414680957794e-02,2.964639663696289062e-01,-3.330237865447998047e-01,8.212679624557495117e-02,-2.418468892574310303e-01,1.567668020725250244e-01,-1.623868644237518311e-01,3.452716767787933350e-01,-1.669097542762756348e-01,-3.008876442909240723e-01,-3.063922747969627380e-03,3.537125587463378906e-01,-1.334213018417358398e-01,-3.296823203563690186e-01,3.829884231090545654e-01,1.231600879691541195e-03,-2.423346936702728271e-01,-1.109004515456035733e-04,-2.851738035678863525e-01,-2.890467047691345215e-01,1.077371239662170410e-01,6.489142309874296188e-03,3.054960370063781738e-01,2.011996656656265259e-01,-5.196329206228256226e-02,-1.225093752145767212e-01,-3.092819750308990479e-01,2.036830186843872070e-01,-3.447253108024597168e-01,-3.555952385067939758e-02,1.713151633739471436e-01,-6.733807822456583381e-05,-2.357040494680404663e-01,1.901211142539978027e-01,-9.652896225452423096e-02,1.765224486589431763e-01,-3.986685872077941895e-01,-2.661024928092956543e-01,4.029866456985473633e-01,3.364568576216697693e-02,-3.290286362171173096e-01,-2.981004416942596436e-01,-1.344008743762969971e-01,-2.039765380322933197e-02,3.337431848049163818e-01,-2.457486987113952637e-01,-3.161885142326354980e-01,4.940403625369071960e-02,2.776373624801635742e-01,-3.414049446582794189e-01,9.833564609289169312e-02,9.711436182260513306e-02,-3.519849181175231934e-01,1.915027201175689697e-01,1.950644999742507935e-01,3.388455212116241455e-01,3.245635330677032471e-01,-1.813462525606155396e-01,-1.887309849262237549e-01,-2.713412344455718994e-01,1.603727415204048157e-02,1.990532726049423218e-01
2.815700508654117584e-02,4.848759248852729797e-02,-4.498403966426849365e-01,3.528469204902648926e-01,2.565989494323730469e-01,-1.825253851711750031e-02,4.686523601412773132e-02,9.677828103303909302e-02,2.025308758020401001e-01,2.636664807796478271e-01,-4.553623497486114502e-02,-2.243688106536865234e-01,3.033954203128814697e-01,3.480335175991058350e-01,4.351775646209716797e-01,4.468748867511749268e-01,5.111434147693216801e-04,2.187796980142593384e-01,-3.696386516094207764e-01,-3.441382348537445068e-01,-2.653516232967376709e-01,2.949405610561370850e-01,2.926525473594665527e-01,-4.632446542382240295e-02,6.130515784025192261e-02,4.307509362697601318e-01,-4.245301485061645508e-01,-1.412299126386642456e-01,3.989833593368530273e-01,-8.711831271648406982e-02,6.945415586233139038e-02,-5.082325339317321777e-01,3.582440018653869629e-01,3.676953911781311035e-01,-1.942944712936878204e-02,-4.395780265331268311e-01,2.042366862297058105e-01,4.027718603610992432e-01,-3.053993880748748779e-01,-3.151054680347442627e-01,3.855880200862884521e-01,8.603886514902114868e-02,3.748069107532501221e-01,8.621393144130706787e-02,-9.069398045539855957e-02,-3.683532476425170898e-01,-4.549136757850646973e-01,-1.373973488807678223e-01,1.430802792310714722e-02,4.440093785524368286e-02,-7.214086502790451050e-02,-1.021745428442955017e-01,2.948626875877380371e-01,3.723085299134254456e-02,-1.290018577128648758e-02,-4.976118206977844238e-01,1.337823569774627686e-01,2.972715161740779877e-02,-3.940464556217193604e-01,-3.613826334476470947e-01,-4.608075134456157684e-03,6.749750673770904541e-02,1.377384830266237259e-02,2.113492637872695923e-01,5.623402446508407593e-02,-1.331961452960968018e-01,4.211991652846336365e-02,4.150812029838562012e-01,-4.277680516242980957e-01,1.318579614162445068e-01,-3.662292659282684326e-01,2.925546141341328621e-03,-1.503512859344482422e-01,4.560436308383941650e-01,-1.426663994789123535e-01,-4.040851593017578125e-01,-4.297359846532344818e-03,5.221291184425354004e-01,-1.235058829188346863e-01,-4.239351749420166016e-01,5.024797320365905762e-01,1.739603932946920395e-03,-3.879919946193695068e-01,-3.253792412579059601e-03,-3.411966264247894287e-01,-4.148438870906829834e-01,2.289060950279235840e-01,9.970734827220439911e-03,3.431549966335296631e-01,2.752448022365570068e-01,-7.768571376800537109e-02,-1.044619083404541016e-01,-3.703220486640930176e-01,2.132671624422073364e-01,-4.237799644470214844e-01,-5.727600678801536560e-02,3.075242936611175537e-01,-9.556680743116885424e-05,-3.295404911041259766e-01,2.128868252038955688e-01,-1.949745863676071167e-01,2.304630875587463379e-01,-4.957167208194732666e-01,-3.634270131587982178e-01,5.407449007034301758e-01,1.142367422580718994e-01,-3.864348828792572021e-01,-4.006997048854827881e-01,-1.442088782787322998e-01,-2.040007710456848145e-02,3.511035144329071045e-01,-3.600573837757110596e-01,-4.184656143188476562e-01,8.774413168430328369e-02,4.584478437900543213e-01,-4.485918879508972168e-01,1.500066369771957397e-01,1.848356872797012329e-01,-4.947182834148406982e-01,2.279909700155258179e-01,3.039188981056213379e-01,4.110951423645019531e-01,4.305139183998107910e-01,-2.259033173322677612e-01,-3.043964207172393799e-01,-3.300441503524780273e-01,1.499937567859888077e-02,3.035748302936553955e-01
-1.429045945405960083e-01,5.288940155878663063e-04,1.104183495044708252e-02,-7.024200260639190674e-02,-6.919857114553451538e-02,7.304514199495315552e-02,-8.737481385469436646e-02,-5.832700803875923157e-02,-5.063828080892562866e-02,-4.553623497486114502e-02,1.707989126443862915e-01,2.048994973301887512e-02,1.273113787174224854e-01,-9.724440984427928925e-03,-1.924616284668445587e-03,3.120524622499942780e-02,-2.920959377661347389e-03,-2.796008810400962830e-02,6.582885235548019409e-02,1.153924874961376190e-02,1.671442687511444092e-01,2.969794347882270813e-02,4.975697770714759827e-02,-6.951484084129333496e-02,-1.066212262958288193e-02,4.033467918634414673e-02,-9.416928142309188843e-02,-8.207836188375949860e-03,9.568843245506286621e-02,-8.407506160438060760e-03,1.136883273720741272e-01,1.834855787456035614e-02,-1.369629800319671631e-01,3.365061804652214050e-02,-8.682988584041595459e-03,-8.285106718540191650e-02,4.154865629971027374e-03,-1.255452539771795273e-02,-4.110583290457725525e-02,1.736917197704315186e-01,-1.568397134542465210e-01,-6.754371523857116699e-02,9.111110121011734009e-02,3.886217949911952019e-03,1.527103781700134277e-01,-1.583643108606338501e-01,5.975578352808952332e-02,6.221604719758033752e-02,-5.822559446096420288e-02,-9.173322468996047974e-02,3.748669102787971497e-02,-4.306742548942565918e-02,-1.703311204910278320e-01,1.758973300457000732e-02,-9.401888400316238403e-02,-2.078934758901596069e-02,-4.016229137778282166e-02,2.299684565514326096e-03,4.886501654982566833e-02,2.470196597278118134e-02,8.154895901679992676e-02,-3.617422655224800110e-02,-4.072051495313644409e-03,-1.559125781059265137e-01,-9.097635746002197266e-02,4.614170640707015991e-03,8.867413550615310669e-02,-8.350162766873836517e-03,-8.976859040558338165e-03,-2.088635042309761047e-02,6.262292712926864624e-02,-2.720804512500762939e-01,2.555979229509830475e-02,-2.153960801661014557e-02,1.368767321109771729e-01,1.141020953655242920e-01,-2.236010972410440445e-03,3.421593829989433289e-02,1.881813704967498779e-01,2.018278837203979492e-02,-8.647006005048751831e-02,1.110306111513637006e-04,-5.955400411039590836e-03,-7.544468389824032784e-04,1.559252887964248657e-01,-7.394249737262725830e-02,-2.701761946082115173e-02,3.227844601497054100e-03,6.716097146272659302e-02,-1.955643482506275177e-02,1.023403555154800415e-01,6.595823168754577637e-02,3.810850903391838074e-02,-3.039016574621200562e-02,1.113962307572364807e-01,9.167835116386413574e-02,-2.431014925241470337e-02,2.022088847297709435e-05,-3.514790534973144531e-02,-1.278625279664993286e-01,2.246014028787612915e-02,-7.826547138392925262e-03,3.918335586786270142e-02,3.754960140213370323e-03,-4.362215474247932434e-02,-2.373638451099395752e-01,1.168741509318351746e-01,-7.149370014667510986e-02,1.120355576276779175e-01,1.748385489918291569e-03,5.933393258601427078e-04,5.162391439080238342e-02,9.216167032718658447e-03,-6.435628235340118408e-02,1.490537659265100956e-03,2.308884449303150177e-02,6.810086313635110855e-03,5.920528993010520935e-02,9.249143302440643311e-02,-3.548822179436683655e-02,4.764552414417266846e-02,-1.142511889338493347e-01,-7.365529239177703857e-02,-3.130475431680679321e-02,-5.675123259425163269e-02,2.470022067427635193e-02,5.820473190397024155e-03,-7.198657840490341187e-02
-7.015021145343780518e-02,-4.269904270768165588e-02,4.001161158084869385e-01,-3.075037598609924316e-01,-2.676463425159454346e-01,2.357812225818634033e-02,-2.865666896104812622e-02,-1.693344563245773315e-01,-1.709793061017990112e-01,-2.243688106536865234e-01,2.048994973301887512e-02,2.256975769996643066e-01,-2.608142793178558350e-01,-3.425099849700927734e-01,-4.109890460968017578e-01,-4.368604719638824463e-01,-1.200578059069812298e-03,-1.919478774070739746e-01,2.847746312618255615e-01,3.021813333034515381e-01,1.890068799257278442e-01,-2.873225808143615723e-01,-2.537157237529754639e-01,4.209068417549133301e-02,-5.464051663875579834e-02,-3.892372250556945801e-01,3.792565762996673584e-01,1.820391267538070679e-01,-3.731967806816101074e-01,8.153865486383438110e-02,-3.107855655252933502e-02,4.523169696331024170e-01,-2.579936087131500244e-01,-3.398108482360839844e-01,2.612730488181114197e-02,4.214923977851867676e-01,-1.829352825880050659e-01,-3.618493378162384033e-01,3.378041386604309082e-01,3.241425156593322754e-01,-3.536372482776641846e-01,-7.832662016153335571e-02,-3.295498192310333252e-01,-8.049944788217544556e-02,2.083601243793964386e-02,3.276258111000061035e-01,4.165571331977844238e-01,1.413067579269409180e-01,3.643944626674056053e-03,-9.479476138949394226e-03,8.746481686830520630e-02,1.325265914201736450e-01,-2.777699828147888184e-01,-3.565464401617646217e-03,4.522483050823211670e-02,4.764395952224731445e-01,-1.523845493793487549e-01,-2.922906167805194855e-02,3.095833361148834229e-01,3.227130472660064697e-01,-7.836276665329933167e-03,-3.244177252054214478e-02,-1.230274979025125504e-02,-1.432716846466064453e-01,-5.147659033536911011e-02,1.141670048236846924e-01,-2.762117795646190643e-02,-3.993292748928070068e-01,3.993698358535766602e-01,-1.559892743825912476e-01,3.520370721817016602e-01,3.303223848342895508e-02,1.200467348098754883e-01,-4.280373156070709229e-01,1.129307970404624939e-01,3.631773889064788818e-01,3.939759917557239532e-03,-4.734202027320861816e-01,1.034254580736160278e-01,4.012666046619415283e-01,-4.464762806892395020e-01,-1.681276131421327591e-03,3.660794794559478760e-01,3.060206072404980659e-03,3.391357660293579102e-01,3.688622415065765381e-01,-2.116963863372802734e-01,-9.982916526496410370e-03,-2.815856039524078369e-01,-2.600743472576141357e-01,7.668223977088928223e-02,5.613058805465698242e-02,3.023929297924041748e-01,-1.828160285949707031e-01,3.680306673049926758e-01,1.031285151839256287e-01,-2.919781208038330078e-01,8.906306902645155787e-05,3.369974493980407715e-01,-2.116812914609909058e-01,2.186926305294036865e-01,-2.328834384679794312e-01,4.493342339992523193e-01,3.354911804199218750e-01,-4.492170512676239014e-01,-1.074015423655509949e-01,2.916563153266906738e-01,3.654836118221282959e-01,1.427049189805984497e-01,1.474760752171278000e-02,-3.239167332649230957e-01,2.840743660926818848e-01,3.832281529903411865e-01,-6.713531911373138428e-02,-4.356974363327026367e-01,3.807511031627655029e-01,-2.106761634349822998e-01,-1.448111534118652344e-01,4.646372795104980469e-01,-1.910200119018554688e-01,-2.456960231065750122e-01,-3.710838258266448975e-01,-3.897908926010131836e-01,1.735426783561706543e-01,3.019303381443023682e-01,2.710302174091339111e-01,-1.634195260703563690e-02,-2.585628032684326172e-01
