5.025681257247924805e-01,6.189530715346336365e-03,-1.472389847040176392e-01,2.725518494844436646e-02,2.159190624952316284e-01,-2.106740027666091919e-01,1.547894328832626343e-01,4.123058319091796875e-01,1.397644877433776855e-01,1.351712495088577271e-01,-1.591569334268569946e-01,-9.313870966434478760e-02,9.744876995682716370e-03,1.621145159006118774e-01,1.803456544876098633e-01,1.750870943069458008e-01,-3.891666419804096222e-03,2.780317701399326324e-02,-2.532050572335720062e-02,-7.108216732740402222e-02,-1.494799405336380005e-01,3.175362572073936462e-02,4.425666853785514832e-02,3.667105734348297119e-02,2.068128436803817749e-02,1.116615831851959229e-01,9.871573187410831451e-03,-2.153457701206207275e-01,1.290898621082305908e-01,-1.806447058916091919e-01,-1.267681866884231567e-01,-7.408629357814788818e-02,7.032375782728195190e-02,1.111790686845779419e-01,-2.448962442576885223e-02,-1.077077016234397888e-01,2.801260724663734436e-02,1.385730206966400146e-01,-3.057930469512939453e-01,-3.839867711067199707e-01,2.590141296386718750e-01,8.745310455560684204e-02,-4.445630684494972229e-02,3.872017562389373779e-02,-8.386404067277908325e-02,3.009005077183246613e-02,-2.219757586717605591e-01,-1.285305470228195190e-01,8.546254038810729980e-02,-5.706009268760681152e-02,-1.352870464324951172e-01,-9.350956976413726807e-02,2.956374883651733398e-01,-8.562913537025451660e-02,-1.207739114761352539e-01,-2.150273323059082031e-01,1.108125895261764526e-01,1.355448178946971893e-02,-2.486279793083667755e-02,-7.927802205085754395e-02,-6.958750635385513306e-02,-3.189128637313842773e-02,4.802370443940162659e-03,2.520843148231506348e-01,-4.004549700766801834e-03,-1.476467121392488480e-02,-2.284019738435745239e-01,2.011750340461730957e-01,-2.103375047445297241e-01,1.454855054616928101e-01,-2.730959951877593994e-01,7.893122732639312744e-02,1.046442054212093353e-02,1.999379098415374756e-01,-1.817712336778640747e-01,-2.117524147033691406e-01,-1.484574400819838047e-03,1.943260282278060913e-01,-1.787713319063186646e-01,-1.207882836461067200e-01,2.005779445171356201e-01,7.724218303337693214e-04,-2.831139266490936279e-01,-2.868346404284238815e-03,-3.169608712196350098e-01,-9.956576861441135406e-03,3.510049581527709961e-01,3.334455192089080811e-03,-5.169199034571647644e-02,1.417540311813354492e-01,-1.840816885232925415e-01,8.156771957874298096e-02,5.837360396981239319e-02,-1.625787764787673950e-01,-1.785919815301895142e-01,-3.073749840259552002e-01,2.038823962211608887e-01,-1.157099541160278022e-04,-1.246662139892578125e-01,3.287187218666076660e-01,-2.315372973680496216e-01,3.358666300773620605e-01,-1.070610508322715759e-01,-1.200307384133338928e-01,1.332830637693405151e-01,2.622622847557067871e-01,3.016858594492077827e-03,2.606474235653877258e-02,-3.170864582061767578e-01,5.653114523738622665e-03,-1.473147189244627953e-03,-1.337350625544786453e-02,-4.529489949345588684e-02,-1.573609374463558197e-02,2.193456590175628662e-01,-2.037659585475921631e-01,2.889078855514526367e-01,-1.661033835262060165e-03,-3.624659180641174316e-01,2.034183777868747711e-02,-4.574502259492874146e-02,2.108095586299896240e-01,2.095691263675689697e-01,1.486728191375732422e-01,-2.445049211382865906e-02,-8.821948617696762085e-02,-7.695257663726806641e-03,1.257648020982742310e-01
6.189530715346336365e-03,1.207682304084300995e-02,-8.822491765022277832e-02,6.501724570989608765e-02,5.857180804014205933e-02,-2.478221990168094635e-02,-8.999013341963291168e-03,4.263911023736000061e-02,4.024716094136238098e-02,4.571320861577987671e-02,5.514209624379873276e-03,-4.565537348389625549e-02,8.705408126115798950e-02,5.545580014586448669e-02,9.217510372400283813e-02,1.001808270812034607e-01,4.327685383032076061e-05,5.125739797949790955e-02,-6.267362833023071289e-02,-5.599435418844223022e-02,-2.970170229673385620e-02,8.040800690650939941e-02,5.794742330908775330e-02,-3.925747051835060120e-02,1.162364333868026733e-02,9.978208690881729126e-02,-1.054626926779747009e-01,-5.993782728910446167e-02,7.980796694755554199e-02,-2.223011292517185211e-02,-4.792287945747375488e-03,-1.033181622624397278e-01,5.829406157135963440e-02,4.728481546044349670e-02,-5.540702026337385178e-03,-1.044858992099761963e-01,3.632067143917083740e-02,7.495389133691787720e-02,-7.716694474220275879e-02,-5.139359459280967712e-02,8.756924420595169067e-02,1.148144714534282684e-02,8.764319866895675659e-02,1.663487963378429413e-02,1.606879383325576782e-02,-7.277271896600723267e-02,-9.177708625793457031e-02,-2.547186240553855896e-02,4.017929022666066885e-04,1.364954281598329544e-02,-7.924475357867777348e-04,-3.958057612180709839e-03,4.489729553461074829e-02,-8.948541246354579926e-03,-2.665016986429691315e-02,-1.115179359912872314e-01,2.925559319555759430e-02,7.256671320647001266e-03,-5.902186036109924316e-02,-5.016420409083366394e-02,-8.983043953776359558e-03,1.589373126626014709e-02,2.882622648030519485e-03,1.279647555202245712e-02,7.758829277008771896e-03,-2.528301067650318146e-02,4.229160025715827942e-02,9.427491575479507446e-02,-8.813215792179107666e-02,2.651960402727127075e-02,-7.458209991455078125e-02,-1.176661998033523560e-02,-2.177498489618301392e-02,8.895224332809448242e-02,-3.356151655316352844e-02,-8.481050282716751099e-02,-1.553352805785834789e-03,1.061031371355056763e-01,-2.303268574178218842e-02,-9.372111409902572632e-02,9.148334711790084839e-02,5.179044674150645733e-04,-6.982232630252838135e-02,1.215432886965572834e-03,-8.628692477941513062e-02,-8.265589922666549683e-02,3.390359506011009216e-02,3.294617170467972755e-03,7.490121573209762573e-02,6.618722528219223022e-02,-2.433417178690433502e-02,-1.479704771190881729e-02,-7.764288783073425293e-02,4.649421945214271545e-02,-8.035030961036682129e-02,-1.003806572407484055e-02,5.224921926856040955e-02,-3.432880475884303451e-05,-7.961197197437286377e-02,6.894226372241973877e-02,-3.023998066782951355e-02,5.893235653638839722e-02,-1.061074733734130859e-01,-7.008885592222213745e-02,1.061668917536735535e-01,-2.427480183541774750e-02,-6.828972697257995605e-02,-9.581540524959564209e-02,-1.216885913163423538e-02,-5.616299342364072800e-03,7.285555452108383179e-02,-4.700688272714614868e-02,-9.152086824178695679e-02,-2.405505860224366188e-03,1.037773266434669495e-01,-8.719552308320999146e-02,6.276521086692810059e-02,2.811764925718307495e-02,-9.100591391324996948e-02,3.795301914215087891e-02,5.729398876428604126e-02,7.629620283842086792e-02,9.202940016984939575e-02,-6.029644235968589783e-02,-6.566975265741348267e-02,-4.293395206332206726e-02,7.214602548629045486e-03,5.305216461420059204e-02
-1.472389847040176392e-01,-8.822491765022277832e-02,7.473778724670410156e-01,-6.048266291618347168e-01,-4.244029521942138672e-01,1.649433225393295288e-01,-2.621139958500862122e-02,-3.824911117553710938e-01,-3.292081654071807861e-01,-4.227935075759887695e-01,5.036810413002967834e-02,3.861768543720245361e-01,-6.153715848922729492e-01,-5.410165190696716309e-01,-7.064676284790039062e-01,-7.051647901535034180e-01,-1.032760555972345173e-04,-3.965166509151458740e-01,5.909051895141601562e-01,4.895612001419067383e-01,3.480470180511474609e-01,-6.272568702697753906e-01,-5.703451037406921387e-01,3.237982094287872314e-01,-1.025438755750656128e-01,-6.746427416801452637e-01,7.092861533164978027e-01,3.802749514579772949e-01,-6.623336076736450195e-01,2.039946615695953369e-01,6.580398976802825928e-02,7.712528705596923828e-01,-5.477247238159179688e-01,-4.834014177322387695e-01,4.609495773911476135e-02,7.368277907371520996e-01,-2.968197762966156006e-01,-6.348800659179687500e-01,5.615637302398681641e-01,5.212596654891967773e-01,-6.778899431228637695e-01,-1.180646717548370361e-01,-6.182665228843688965e-01,-1.477180123329162598e-01,-5.471666157245635986e-02,5.542743206024169922e-01,7.616569995880126953e-01,2.295030951499938965e-01,-3.642813861370086670e-02,2.518667280673980713e-02,2.365732006728649139e-02,5.258570611476898193e-02,-4.408437311649322510e-01,1.071899756789207458e-01,1.814547181129455566e-01,8.054867386817932129e-01,-2.800064980983734131e-01,-6.322009116411209106e-02,4.705516993999481201e-01,4.460827410221099854e-01,1.244715452194213867e-01,-1.817911267280578613e-01,-2.522696368396282196e-02,-2.006160765886306763e-01,-4.036339744925498962e-02,2.045453488826751709e-01,-2.161607742309570312e-01,-6.789574623107910156e-01,7.061927914619445801e-01,-1.287146955728530884e-01,6.486459970474243164e-01,9.440301358699798584e-02,2.105007767677307129e-01,-7.358399033546447754e-01,2.888631224632263184e-01,6.716537475585937500e-01,1.065897382795810699e-02,-8.171570301055908203e-01,3.203166127204895020e-01,7.344636321067810059e-01,-7.815902829170227051e-01,-4.475130699574947357e-03,5.898635387420654297e-01,-8.487930521368980408e-03,6.589429974555969238e-01,6.019974350929260254e-01,-3.638802766799926758e-01,-2.497295290231704712e-02,-5.239440202713012695e-01,-5.738977789878845215e-01,2.224472463130950928e-01,1.374291628599166870e-01,6.163161396980285645e-01,-3.150545060634613037e-01,6.915280222892761230e-01,1.323167979717254639e-01,-4.302860498428344727e-01,3.068293153773993254e-04,5.696168541908264160e-01,-6.007251143455505371e-01,3.299888968467712402e-01,-4.867035150527954102e-01,7.946475744247436523e-01,5.887352228164672852e-01,-8.206077814102172852e-01,-1.591820642352104187e-02,6.035081148147583008e-01,6.649411916732788086e-01,1.130797117948532104e-01,4.504124447703361511e-02,-5.785909891128540039e-01,5.300053358078002930e-01,7.057453393936157227e-01,-1.197030246257781982e-01,-7.650514841079711914e-01,7.245025038719177246e-01,-4.515320658683776855e-01,-2.794194221496582031e-01,7.575107812881469727e-01,-3.319284319877624512e-01,-4.350953698158264160e-01,-6.709681749343872070e-01,-7.299522161483764648e-01,4.030145108699798584e-01,5.536437034606933594e-01,4.278826713562011719e-01,-7.324720919132232666e-02,-5.115163922309875488e-01
2.725518494844436646e-02,6.501724570989608765e-02,-6.048266291618347168e-01,6.339361071586608887e-01,2.381963133811950684e-01,-2.961483784019947052e-02,-5.347827100194990635e-04,1.818351894617080688e-01,2.407750487327575684e-01,3.186755180358886719e-01,-7.995434850454330444e-02,-2.993369996547698975e-01,4.184603989124298096e-01,5.062339901924133301e-01,5.768202543258666992e-01,4.930139183998107910e-01,5.799231119453907013e-03,3.516379296779632568e-01,-5.303208827972412109e-01,-3.730826675891876221e-01,-4.025511741638183594e-01,5.247566699981689453e-01,4.825373589992523193e-01,-2.475579977035522461e-01,8.183936029672622681e-02,4.457535147666931152e-01,-5.423963665962219238e-01,-1.315154731273651123e-01,4.374079406261444092e-01,-1.867930218577384949e-02,-4.902426525950431824e-02,-6.661544442176818848e-01,5.439700484275817871e-01,3.434469699859619141e-01,-2.192539721727371216e-02,-5.603343844413757324e-01,2.235648632049560547e-01,4.696881771087646484e-01,-2.821143865585327148e-01,-4.849926829338073730e-01,5.074362158775329590e-01,1.137989684939384460e-01,4.744807779788970947e-01,1.088851764798164368e-01,3.921633120626211166e-03,-3.393256962299346924e-01,-6.215439438819885254e-01,-2.031282931566238403e-01,2.866798546165227890e-03,4.874662682414054871e-02,-6.269759964197874069e-03,-1.177314855158329010e-02,3.728261291980743408e-01,-8.594296872615814209e-02,-9.090864914469420910e-04,-6.169005632400512695e-01,2.202090770006179810e-01,4.534551501274108887e-02,-3.895630836486816406e-01,-3.938183188438415527e-01,-1.539374440908432007e-01,2.223054021596908569e-01,2.449900284409523010e-02,1.171001568436622620e-01,4.908529296517372131e-02,-1.604417115449905396e-01,1.988815367221832275e-01,4.720967710018157959e-01,-5.055983066558837891e-01,-2.547232620418071747e-02,-4.536303877830505371e-01,6.421045958995819092e-02,-2.305176854133605957e-01,6.052489876747131348e-01,-2.133267968893051147e-01,-5.302562713623046875e-01,-4.534154664725065231e-03,6.186763644218444824e-01,-4.141708016395568848e-01,-5.872298479080200195e-01,6.974501609802246094e-01,3.475858597084879875e-03,-3.635130822658538818e-01,8.013064973056316376e-03,-4.825732707977294922e-01,-4.464620947837829590e-01,9.804057329893112183e-02,1.565023697912693024e-02,3.820079565048217773e-01,4.185520708560943604e-01,-1.494946926832199097e-01,-2.250095456838607788e-01,-5.728656053543090820e-01,3.529369235038757324e-01,-5.750160813331604004e-01,-1.757148467004299164e-02,2.871533930301666260e-01,-2.174925903091207147e-04,-3.653502762317657471e-01,3.976918160915374756e-01,-1.617430597543716431e-01,2.086230516433715820e-01,-6.979010105133056641e-01,-4.298397302627563477e-01,6.687481403350830078e-01,1.348423659801483154e-01,-6.531768441200256348e-01,-5.152819156646728516e-01,3.191542997956275940e-02,-3.747722133994102478e-02,5.913925766944885254e-01,-5.241780281066894531e-01,-6.062452793121337891e-01,1.688754707574844360e-01,5.666996240615844727e-01,-5.538360476493835449e-01,2.125651985406875610e-01,2.194839715957641602e-01,-5.832239389419555664e-01,3.168135583400726318e-01,3.547640740871429443e-01,5.446228981018066406e-01,5.913745760917663574e-01,-3.611567020416259766e-01,-4.244253635406494141e-01,-3.731084167957305908e-01,5.233692750334739685e-02,4.014391303062438965e-01
2.159190624952316284e-01,5.857180804014205933e-02,-4.244029521942138672e-01,2.381963133811950684e-01,4.287166595458984375e-01,-1.979647129774093628e-01,-4.431947600096464157e-03,4.301130473613739014e-01,1.757356673479080200e-01,2.296794801950454712e-01,1.375151984393596649e-02,-2.418829947710037231e-01,4.228368997573852539e-01,2.476923465728759766e-01,4.979413449764251709e-01,5.654339790344238281e-01,-3.438172396272420883e-03,2.420691847801208496e-01,-2.169128507375717163e-01,-2.660898864269256592e-01,-2.977151796221733093e-02,3.719954490661621094e-01,2.337310016155242920e-01,-1.481369882822036743e-01,5.226649716496467590e-02,5.221274495124816895e-01,-5.086432695388793945e-01,-4.523476064205169678e-01,4.567231833934783936e-01,-2.295314520597457886e-01,-5.723420158028602600e-02,-4.391844272613525391e-01,1.801192462444305420e-01,2.564627528190612793e-01,-4.373874887824058533e-02,-5.326104164123535156e-01,1.703363507986068726e-01,3.842259943485260010e-01,-5.707634091377258301e-01,-3.370964229106903076e-01,4.788486361503601074e-01,7.081742584705352783e-02,4.142648577690124512e-01,9.222064167261123657e-02,1.436331272125244141e-01,-3.635480701923370361e-01,-4.854159653186798096e-01,-1.607650518417358398e-01,8.925815112888813019e-03,6.483088433742523193e-02,-4.810873046517372131e-02,-1.247196495532989502e-01,2.666354775428771973e-01,-6.423743814229965210e-02,-2.486569285392761230e-01,-6.187151670455932617e-01,1.721436530351638794e-01,3.913481160998344421e-02,-2.591732144355773926e-01,-2.339279651641845703e-01,-1.235779933631420135e-02,-1.336102653294801712e-02,1.210447028279304504e-02,9.341228008270263672e-02,2.736033126711845398e-02,-1.133132651448249817e-01,1.462651491165161133e-01,5.491216182708740234e-01,-4.601600170135498047e-01,2.743587195873260498e-01,-4.525453448295593262e-01,-1.242869645357131958e-01,-2.997880801558494568e-02,4.513930678367614746e-01,-1.962905377149581909e-01,-4.624074399471282959e-01,-9.139773435890674591e-03,5.550507903099060059e-01,-6.594611704349517822e-02,-4.471767544746398926e-01,4.178205430507659912e-01,2.564986934885382652e-03,-4.681419134140014648e-01,2.967329695820808411e-03,-5.292128324508666992e-01,-4.229127764701843262e-01,3.217066526412963867e-01,1.821665093302726746e-02,3.157992959022521973e-01,3.510317802429199219e-01,-2.031619399785995483e-01,3.544505685567855835e-02,-2.601282000541687012e-01,1.116837859153747559e-01,-3.766919374465942383e-01,-1.838463991880416870e-01,3.774274289608001709e-01,-1.947933196788653731e-04,-4.663894176483154297e-01,4.277148842811584473e-01,-2.454126179218292236e-01,4.312472939491271973e-01,-4.784344136714935303e-01,-3.643650114536285400e-01,4.818254113197326660e-01,-7.599268853664398193e-02,-1.856754720211029053e-01,-4.502106010913848877e-01,-2.089819014072418213e-01,-1.752084679901599884e-02,2.425757944583892822e-01,-1.103787720203399658e-01,-4.158214628696441650e-01,-9.955999255180358887e-02,6.078888773918151855e-01,-4.323739409446716309e-01,4.782324731349945068e-01,1.173905655741691589e-01,-5.431826710700988770e-01,1.422309577465057373e-01,2.609924376010894775e-01,3.721101582050323486e-01,4.764163196086883545e-01,-2.150904834270477295e-01,-3.145466744899749756e-01,-1.583555787801742554e-01,1.658301986753940582e-02,2.523351311683654785e-01
-2.106740027666091919e-01,-2.478221990168094635e-02,1.649433225393295288e-01,-2.961483784019947052e-02,-1.979647129774093628e-01,2.745827138423919678e-01,-3.546009957790374756e-02,-1.957469880580902100e-01,-2.185737043619155884e-01,-1.468809694051742554e-01,6.389497965574264526e-02,9.529232233762741089e-02,-2.035556882619857788e-01,-5.377618223428726196e-02,-1.709420084953308105e-01,-2.583538889884948730e-01,2.639280864968895912e-03,-1.102029681205749512e-01,1.298588067293167114e-01,8.458272367715835571e-02,1.402188092470169067e-01,-9.438305348157882690e-02,-4.977876320481300354e-02,5.511057749390602112e-02,-3.139130026102066040e-02,-3.155098259449005127e-01,1.691879928112030029e-01,2.253303825855255127e-01,-1.511015295982360840e-01,1.013817042112350464e-01,7.020117342472076416e-02,2.063367813825607300e-01,-1.415176987648010254e-01,-4.322304204106330872e-02,1.267232466489076614e-02,2.186102718114852905e-01,-8.183895796537399292e-02,-1.943797022104263306e-01,2.785260975360870361e-01,1.193823143839836121e-01,-3.204975724220275879e-01,-4.180210083723068237e-02,-1.068250611424446106e-01,-3.287534788250923157e-02,9.709706157445907593e-02,1.194006875157356262e-01,2.161047160625457764e-01,6.466024369001388550e-02,-9.130426496267318726e-02,-3.314886614680290222e-02,8.612017333507537842e-02,-6.456032395362854004e-02,-1.825081110000610352e-01,1.740380749106407166e-02,9.901714324951171875e-02,2.436150163412094116e-01,-6.560020893812179565e-02,-1.523118000477552414e-02,1.451996862888336182e-01,9.418414533138275146e-02,4.113281518220901489e-02,-1.011964399367570877e-02,-3.846229985356330872e-03,-2.197201251983642578e-01,-2.955295331776142120e-02,6.074390932917594910e-02,2.622047439217567444e-02,-2.412789911031723022e-01,2.594170570373535156e-01,-1.152900010347366333e-01,2.353670895099639893e-01,-1.083286851644515991e-01,3.942336887121200562e-02,-2.136934697628021240e-01,1.816340684890747070e-01,2.104215770959854126e-01,5.321356002241373062e-03,-2.510477304458618164e-01,6.010704115033149719e-02,2.086332589387893677e-01,-2.080339789390563965e-01,-8.986806496977806091e-04,2.254383713006973267e-01,-3.047547070309519768e-03,2.944546043872833252e-01,1.573262214660644531e-01,-2.230804115533828735e-01,-7.739217486232519150e-03,-1.744660139083862305e-01,-1.695958077907562256e-01,1.097381114959716797e-01,-1.392088737338781357e-02,1.148537844419479370e-01,2.195429801940917969e-02,2.362723797559738159e-01,1.260302513837814331e-01,-1.201971992850303650e-01,1.023896911647170782e-04,1.685425341129302979e-01,-3.154823184013366699e-01,1.165716797113418579e-01,-3.122125864028930664e-01,2.162660956382751465e-01,1.755692362785339355e-01,-2.786582708358764648e-01,8.040966838598251343e-02,9.854034334421157837e-02,1.701349169015884399e-01,2.216108590364456177e-01,1.184953842312097549e-02,-7.502842694520950317e-02,1.135611254721879959e-02,1.497761458158493042e-01,7.150316983461380005e-02,-2.409380376338958740e-01,2.642230093479156494e-01,-2.141202092170715332e-01,-2.937951311469078064e-02,2.734948098659515381e-01,-6.033421680331230164e-02,-7.084527611732482910e-02,-2.104069739580154419e-01,-2.317735701799392700e-01,5.843977630138397217e-02,5.294443294405937195e-02,9.869688004255294800e-02,-1.214643660932779312e-02,-1.243229508399963379e-01
1.547894328832626343e-01,-8.999013341963291168e-03,-2.621139958500862122e-02,-5.347827100194990635e-04,-4.431947600096464157e-03,-3.546009957790374756e-02,1.347648054361343384e-01,8.683516085147857666e-02,-3.057872178032994270e-03,3.609054908156394958e-02,-1.155870854854583740e-01,1.914241537451744080e-02,-7.398325204849243164e-02,-9.369580075144767761e-03,-3.792952001094818115e-02,-5.908024311065673828e-02,-2.373601775616407394e-03,-2.089336887001991272e-02,-3.458371385931968689e-02,5.516432225704193115e-03,-7.380023598670959473e-02,-8.457382768392562866e-02,1.508279703557491302e-02,6.346201151609420776e-02,-1.845271326601505280e-04,-6.574394553899765015e-02,1.140863224864006042e-01,3.781402111053466797e-02,1.495749596506357193e-02,-6.761693954467773438e-02,-1.529725361615419388e-02,6.281565874814987183e-02,4.915980249643325806e-02,1.554417051374912262e-02,7.719051791355013847e-04,8.606768399477005005e-02,-1.836853474378585815e-02,3.348681377246975899e-03,-2.449860051274299622e-02,-8.718667924404144287e-02,2.236671186983585358e-02,2.616782858967781067e-02,-9.463436901569366455e-02,3.089544828981161118e-03,-1.183978840708732605e-01,6.460899114608764648e-02,-3.293607756495475769e-02,-1.323186326771974564e-02,5.388227850198745728e-02,-4.197118431329727173e-02,-3.132485225796699524e-02,-1.914440467953681946e-02,6.244901195168495178e-02,1.051097083836793900e-02,-3.614939923863857985e-04,2.611981704831123352e-02,3.759496379643678665e-03,-1.270931214094161987e-03,-1.318454369902610779e-02,2.623837906867265701e-03,-3.390381485223770142e-02,3.802679013460874557e-03,-8.829353027977049351e-04,1.470866799354553223e-01,-2.656141296029090881e-02,1.152608171105384827e-02,-1.394933313131332397e-01,-2.691349014639854431e-02,-8.180019794963300228e-04,-8.231096900999546051e-03,-6.088170036673545837e-02,3.982724249362945557e-02,1.996302232146263123e-02,3.546608379110693932e-03,-4.756662994623184204e-02,-2.012997120618820190e-02,1.045686192810535431e-03,8.546140976250171661e-03,-8.575788140296936035e-02,4.067602008581161499e-02,3.730759769678115845e-02,-2.242326881969347596e-04,-6.230042502284049988e-02,-2.729255706071853638e-03,-2.556405402719974518e-02,6.662038713693618774e-02,1.622368842363357544e-01,-2.343822969123721123e-03,-1.094538047909736633e-01,1.373746781609952450e-04,-5.643146112561225891e-02,2.278400771319866180e-02,5.792109295725822449e-02,-1.221378073096275330e-01,-3.442585468292236328e-02,-9.487654268741607666e-02,3.656812757253646851e-02,-2.288174255227204412e-05,7.417599856853485107e-02,8.174431324005126953e-02,-6.102935597300529480e-02,7.317747920751571655e-02,4.743244498968124390e-02,1.007812190800905228e-02,2.697564288973808289e-02,1.866690069437026978e-01,-1.187206152826547623e-02,1.102467179298400879e-01,-1.221247017383575439e-01,4.990974906831979752e-03,-1.039045155048370361e-01,-4.771467670798301697e-02,7.103390991687774658e-02,5.113111808896064758e-02,1.576754730194807053e-03,-4.559687897562980652e-02,-1.210998278111219406e-02,1.044884789735078812e-02,-7.739247381687164307e-02,-1.767168007791042328e-02,-4.543859884142875671e-02,3.183200582861900330e-02,1.095276977866888046e-02,1.119939014315605164e-01,7.089405506849288940e-02,-2.338374406099319458e-02,-5.610598716884851456e-03,5.412688106298446655e-02
4.123058319091796875e-01,4.263911023736000061e-02,-3.824911117553710938e-01,1.818351894617080688e-01,4.301130473613739014e-01,-1.957469880580902100e-01,8.683516085147857666e-02,6.122233867645263672e-01,1.315384358167648315e-01,2.233929783105850220e-01,-3.486072644591331482e-02,-2.361064851284027100e-01,3.052629232406616211e-01,2.646108865737915039e-01,4.598048627376556396e-01,5.019595623016357422e-01,-5.754141137003898621e-03,1.545291692018508911e-01,-1.385215669870376587e-01,-2.361817508935928345e-01,2.371917106211185455e-02,3.089827299118041992e-01,2.102549374103546143e-01,-1.217095255851745605e-01,4.539090767502784729e-02,4.096358716487884521e-01,-3.607130646705627441e-01,-4.598534703254699707e-01,4.701368510723114014e-01,-3.068298697471618652e-01,-9.923163801431655884e-02,-3.126819431781768799e-01,8.429231494665145874e-02,3.123131990432739258e-01,-5.599163100123405457e-02,-4.451316297054290771e-01,1.363951414823532104e-01,3.565274178981781006e-01,-6.287121772766113281e-01,-4.413352608680725098e-01,4.349197745323181152e-01,8.289150893688201904e-02,2.786091566085815430e-01,9.498003125190734863e-02,1.616815924644470215e-01,-3.041098415851593018e-01,-4.637905657291412354e-01,-1.790970563888549805e-01,3.273833543062210083e-02,-7.183597236871719360e-02,-8.639967441558837891e-02,-2.114484906196594238e-01,3.135990798473358154e-01,-1.231590956449508667e-01,-3.084596991539001465e-01,-5.655829906463623047e-01,2.037138342857360840e-01,3.967838361859321594e-02,-1.437533199787139893e-01,-2.026199847459793091e-01,-2.085734345018863678e-02,-6.137916073203086853e-02,9.576509706676006317e-03,1.256830841302871704e-01,4.790750681422650814e-04,-8.310320228338241577e-02,-2.907612547278404236e-02,4.978448748588562012e-01,-4.444495439529418945e-01,2.955795526504516602e-01,-4.938546121120452881e-01,-1.941465884447097778e-01,1.875795051455497742e-02,4.328016340732574463e-01,-1.885792165994644165e-01,-4.178714454174041748e-01,-7.860361598432064056e-03,5.110336542129516602e-01,-9.530173242092132568e-02,-3.740830123424530029e-01,3.757890462875366211e-01,2.443753648549318314e-03,-5.169103741645812988e-01,-6.109694368205964565e-04,-5.183835029602050781e-01,-3.197484910488128662e-01,4.572258293628692627e-01,1.654352992773056030e-02,1.720745712518692017e-01,3.482418954372406006e-01,-2.449496984481811523e-01,1.356190592050552368e-01,-1.133061200380325317e-01,-4.388698562979698181e-02,-3.329018652439117432e-01,-3.211101591587066650e-01,4.064059257507324219e-01,-2.091170172207057476e-04,-4.361052513122558594e-01,4.665990769863128662e-01,-3.603959381580352783e-01,5.172181725502014160e-01,-3.680201470851898193e-01,-3.383849561214447021e-01,3.842691481113433838e-01,8.903476595878601074e-02,-4.775499925017356873e-02,-3.163988888263702393e-01,-3.062881231307983398e-01,-4.496572073549032211e-03,1.264065653085708618e-01,-7.691048830747604370e-02,-3.177514076232910156e-01,-5.237159132957458496e-02,5.687308311462402344e-01,-3.939262926578521729e-01,5.329936742782592773e-01,1.172758862376213074e-01,-5.796328186988830566e-01,8.761067688465118408e-02,1.641123890876770020e-01,3.552279174327850342e-01,4.152505993843078613e-01,-2.896067872643470764e-02,-2.857834398746490479e-01,-1.357149630784988403e-01,1.237350236624479294e-02,2.530474066734313965e-01
1.397644877433776855e-01,4.024716094136238098e-02,-3.292081654071807861e-01,2.407750487327575684e-01,1.757356673479080200e-01,-2.185737043619155884e-01,-3.057872178032994270e-03,1.315384358167648315e-01,3.101044297218322754e-01,2.254884690046310425e-01,-6.881201267242431641e-02,-1.750439703464508057e-01,3.022505044937133789e-01,2.434754371643066406e-01,3.196992576122283936e-01,3.578658998012542725e-01,1.454963930882513523e-03,1.793169528245925903e-01,-3.006242811679840088e-01,-1.936976164579391479e-01,-3.350311815738677979e-01,2.685924172401428223e-01,2.065337300300598145e-01,-1.597640812397003174e-01,5.672077462077140808e-02,4.060311913490295410e-01,-3.226897120475769043e-01,-1.694643050432205200e-01,2.230616658926010132e-01,-3.355639427900314331e-02,-8.552242070436477661e-02,-4.452951848506927490e-01,3.328543007373809814e-01,1.415496468544006348e-01,-1.115625631064176559e-02,-3.724046051502227783e-01,1.429027169942855835e-01,3.040854632854461670e-01,-2.364233136177062988e-01,-2.411207109689712524e-01,4.236361980438232422e-01,6.818149238824844360e-02,2.264080792665481567e-01,5.640797689557075500e-02,-1.160040050745010376e-01,-2.002571374177932739e-01,-3.625004291534423828e-01,-1.071927621960639954e-01,8.188146352767944336e-02,7.164149545133113861e-03,-7.577362656593322754e-02,1.119797602295875549e-01,2.785205245018005371e-01,-5.967019870877265930e-02,-2.795879729092121124e-02,-3.821730017662048340e-01,1.184930354356765747e-01,2.578371390700340271e-02,-2.260426580905914307e-01,-2.040098458528518677e-01,-1.058825626969337463e-01,1.269799768924713135e-01,1.228223368525505066e-02,2.176880538463592529e-01,5.005645006895065308e-02,-1.044397205114364624e-01,3.940381482243537903e-02,3.178889155387878418e-01,-3.863285481929779053e-01,1.696777716279029846e-02,-3.022520542144775391e-01,1.518532484769821167e-01,-1.547268182039260864e-01,3.804805576801300049e-01,-2.111799865961074829e-01,-3.191509544849395752e-01,-5.064096301794052124e-03,4.037427008152008057e-01,-2.037939727306365967e-01,-3.898112773895263672e-01,4.277124404907226562e-01,1.910189748741686344e-03,-2.408671379089355469e-01,6.895329803228378296e-03,-3.653776645660400391e-01,-2.451630681753158569e-01,1.477050185203552246e-01,1.032443065196275711e-02,3.037777841091156006e-01,2.685449123382568359e-01,-9.628795087337493896e-02,-1.038050800561904907e-01,-3.232645392417907715e-01,1.430408656597137451e-01,-3.925283551216125488e-01,-6.848443299531936646e-02,1.181367188692092896e-01,-1.440477790310978889e-04,-2.389929294586181641e-01,3.642330467700958252e-01,-1.213489621877670288e-01,2.901219129562377930e-01,-4.412974119186401367e-01,-2.755095660686492920e-01,4.662138521671295166e-01,-5.029961094260215759e-02,-3.517653644084930420e-01,-3.099694252014160156e-01,-1.104816123843193054e-01,-2.708189003169536591e-02,3.432827293872833252e-01,-2.237550020217895508e-01,-3.405185043811798096e-01,3.946310654282569885e-02,3.281712830066680908e-01,-4.074474871158599854e-01,1.882364600896835327e-01,9.264355152845382690e-02,-3.869714736938476562e-01,1.728817522525787354e-01,1.488769799470901489e-01,3.644380271434783936e-01,3.782103955745697021e-01,-1.799923181533813477e-01,-1.990872770547866821e-01,-2.401802986860275269e-01,4.279632121324539185e-02,2.266587316989898682e-01
1.351712495088577271e-01,4.571320861577987671e-02,-4.227935075759887695e-01,3.186755180358886719e-01,2.296794801950454712e-01,-1.468809694051742554e-01,3.609054908156394958e-02,2.233929783105850220e-01,2.254884690046310425e-01,2.471271008253097534e-01,-6.271694600582122803e-02,-2.058290690183639526e-01,3.425562083721160889e-01,2.873952388763427734e-01,3.962995111942291260e-01,4.131817221641540527e-01,-2.018036029767245054e-04,2.092936038970947266e-01,-3.369088470935821533e-01,-2.533067166805267334e-01,-2.531681954860687256e-01,3.232642114162445068e-01,2.929195165634155273e-01,-1.677478998899459839e-01,5.836474150419235229e-02,4.150280356407165527e-01,-3.951132893562316895e-01,-2.064541280269622803e-01,3.615272939205169678e-01,-1.106901392340660095e-01,-5.559836328029632568e-02,-4.663306772708892822e-01,3.325061798095703125e-01,2.421959340572357178e-01,-2.264549024403095245e-02,-4.285938739776611328e-01,1.597200930118560791e-01,3.536165654659271240e-01,-3.329958915710449219e-01,-3.065541684627532959e-01,4.265003502368927002e-01,7.293771207332611084e-02,3.104336261749267578e-01,7.772517949342727661e-02,-3.142404556274414062e-02,-2.859901487827301025e-01,-4.511518478393554688e-01,-1.263953596353530884e-01,5.137699097394943237e-02,-1.923949457705020905e-02,-4.153577610850334167e-02,5.561871454119682312e-03,2.748208343982696533e-01,-5.842993780970573425e-02,-9.008349478244781494e-02,-4.861021637916564941e-01,1.493224352598190308e-01,3.329596668481826782e-02,-2.583887577056884766e-01,-2.391142845153808594e-01,-8.678773045539855957e-02,1.074255183339118958e-01,1.342345308512449265e-02,1.774765551090240479e-01,2.436820790171623230e-02,-1.120669618248939514e-01,7.059189677238464355e-02,3.875283300876617432e-01,-4.231398105621337891e-01,6.037764996290206909e-02,-3.793152868747711182e-01,8.400969207286834717e-03,-1.236895024776458740e-01,4.357435107231140137e-01,-1.900831460952758789e-01,-3.842403292655944824e-01,-5.777954589575529099e-03,5.003045797348022461e-01,-2.009043544530868530e-01,-4.314031898975372314e-01,4.859397113323211670e-01,2.342738211154937744e-03,-3.326312005519866943e-01,4.959536250680685043e-03,-4.024808406829833984e-01,-3.132314980030059814e-01,2.305019199848175049e-01,1.297332625836133957e-02,2.859497666358947754e-01,3.144577443599700928e-01,-1.326004564762115479e-01,-7.648169249296188354e-02,-3.391942083835601807e-01,1.402654796838760376e-01,-4.195962548255920410e-01,-9.499743580818176270e-02,2.183124125003814697e-01,-1.731275697238743305e-04,-2.982285916805267334e-01,3.823370337486267090e-01,-1.863110661506652832e-01,3.137897849082946777e-01,-4.837282299995422363e-01,-3.204780220985412598e-01,5.258885025978088379e-01,2.150995656847953796e-02,-3.643274903297424316e-01,-3.627205193042755127e-01,-1.073977351188659668e-01,-2.515105530619621277e-02,3.246969878673553467e-01,-2.850843071937561035e-01,-3.914757072925567627e-01,6.718783080577850342e-02,4.504725337028503418e-01,-4.485745131969451904e-01,2.477293759584426880e-01,1.436109095811843872e-01,-4.728569984436035156e-01,1.806680113077163696e-01,2.114111632108688354e-01,3.935861289501190186e-01,4.346872866153717041e-01,-1.932535618543624878e-01,-2.724591493606567383e-01,-2.461780160665512085e-01,4.114896431565284729e-02,2.842510342597961426e-01
-1.591569334268569946e-01,5.514209624379873276e-03,5.036810413002967834e-02,-7.995434850454330444e-02,1.375151984393596649e-02,6.389497965574264526e-02,-1.155870854854583740e-01,-3.486072644591331482e-02,-6.881201267242431641e-02,-6.271694600582122803e-02,1.668746024370193481e-01,-4.067182540893554688e-03,7.624890655279159546e-02,-3.931297361850738525e-02,6.891399621963500977e-03,5.858070775866508484e-02,-5.791713483631610870e-04,-2.877365238964557648e-02,1.013012602925300598e-01,-4.033497534692287445e-03,2.176730483770370483e-01,5.810048058629035950e-02,-2.915435284376144409e-02,-6.353586167097091675e-02,-8.743370883166790009e-03,5.466079339385032654e-02,-1.134915202856063843e-01,-8.997388184070587158e-02,4.323887825012207031e-02,-5.505591630935668945e-03,4.397570714354515076e-02,7.011844776570796967e-03,-1.599010378122329712e-01,2.278022468090057373e-02,-9.936576709151268005e-03,-7.602483034133911133e-02,6.339487154036760330e-03,-2.377893403172492981e-02,-3.997630998492240906e-02,1.435420662164688110e-01,-8.627581596374511719e-02,-5.171212181448936462e-02,1.004624962806701660e-01,-2.520511159673333168e-03,1.998118460178375244e-01,-1.250476837158203125e-01,7.049924135208129883e-02,4.308166354894638062e-02,-6.974835693836212158e-02,-2.654644474387168884e-02,5.945603922009468079e-02,-4.358640313148498535e-02,-1.308614909648895264e-01,-3.301267744973301888e-03,-7.898771017789840698e-02,-2.405183576047420502e-02,-1.248951070010662079e-02,1.701865461654961109e-03,6.227959692478179932e-02,4.135817661881446838e-02,8.293224871158599854e-02,-6.131613627076148987e-02,-2.914912765845656395e-03,-2.011847347021102905e-01,2.322808373719453812e-03,2.889004303142428398e-03,1.321585476398468018e-01,2.456711605191230774e-02,1.200976874679327011e-02,5.930149927735328674e-02,6.568068265914916992e-02,-1.983999162912368774e-01,3.679620102047920227e-02,-4.794678464531898499e-02,9.855405241250991821e-02,6.016283854842185974e-02,-2.156039467081427574e-03,-1.106550265103578568e-02,2.037154287099838257e-01,-2.827208489179611206e-03,-1.160305663943290710e-01,1.238221593666821718e-04,3.718195110559463501e-02,5.909860483370721340e-04,6.594421714544296265e-02,-6.144217401742935181e-02,-8.780432492494583130e-02,3.362642368301749229e-03,7.862056791782379150e-02,-1.210907660424709320e-02,6.722763180732727051e-02,5.683265253901481628e-02,1.688106358051300049e-02,6.360539793968200684e-02,1.007469817996025085e-01,6.674152612686157227e-02,-2.498415485024452209e-02,2.844674963853321970e-05,-9.761005640029907227e-02,-1.126077249646186829e-01,1.154108997434377670e-02,-3.879993781447410583e-02,2.373229712247848511e-02,6.121569313108921051e-03,-7.391193509101867676e-02,-2.306255400180816650e-01,1.472712457180023193e-01,-9.629236906766891479e-02,1.125033646821975708e-01,2.940626582130789757e-04,2.442477736622095108e-03,1.014221608638763428e-01,-1.829075254499912262e-02,-5.986908078193664551e-02,3.750351490452885628e-03,8.924054354429244995e-02,6.212276965379714966e-02,-5.291107576340436935e-03,1.046439781785011292e-01,-3.343780338764190674e-02,3.346335515379905701e-02,-8.644601702690124512e-02,-5.985874682664871216e-02,-6.569191068410873413e-02,-8.431715518236160278e-02,7.532592862844467163e-02,7.179177366197109222e-03,-7.350212335586547852e-02
-9.313870966434478760e-02,-4.565537348389625549e-02,3.861768543720245361e-01,-2.993369996547698975e-01,-2.418829947710037231e-01,9.529232233762741089e-02,1.914241537451744080e-02,-2.361064851284027100e-01,-1.750439703464508057e-01,-2.058290690183639526e-01,-4.067182540893554688e-03,2.113194465637207031e-01,-3.356837332248687744e-01,-2.943951487541198730e-01,-4.118303954601287842e-01,-4.252979755401611328e-01,-6.893716636113822460e-04,-1.928772628307342529e-01,2.650024294853210449e-01,2.436798363924026489e-01,1.506456285715103149e-01,-3.533289730548858643e-01,-2.689101397991180420e-01,1.820837110280990601e-01,-5.180994048714637756e-02,-3.953397870063781738e-01,4.189840257167816162e-01,2.384177446365356445e-01,-3.560887873172760010e-01,9.764849394559860229e-02,4.948213696479797363e-02,4.424063861370086670e-01,-2.442044168710708618e-01,-2.466263473033905029e-01,2.838029526174068451e-02,4.470931291580200195e-01,-1.516483277082443237e-01,-3.266043365001678467e-01,3.408835530281066895e-01,2.930084168910980225e-01,-3.731589615345001221e-01,-5.934604257345199585e-02,-3.337571918964385986e-01,-7.596955448389053345e-02,-7.944526523351669312e-02,2.992855906486511230e-01,4.164536893367767334e-01,1.256054639816284180e-01,-6.514632143080234528e-03,1.822430267930030823e-02,2.517178095877170563e-02,4.226163774728775024e-02,-2.339716553688049316e-01,7.724851369857788086e-02,1.156421676278114319e-01,4.887429773807525635e-01,-1.537776589393615723e-01,-3.337115049362182617e-02,2.053354680538177490e-01,2.238972336053848267e-01,5.657660588622093201e-02,-7.392071932554244995e-02,-1.300235092639923096e-02,-6.194885447621345520e-02,-2.896128222346305847e-02,1.029749959707260132e-01,-1.161962077021598816e-01,-3.900343477725982666e-01,3.934934437274932861e-01,-9.015209972858428955e-02,3.423413932323455811e-01,6.407982856035232544e-02,1.032843589782714844e-01,-4.119840264320373535e-01,1.404670178890228271e-01,3.554853498935699463e-01,5.687508266419172287e-03,-4.694457054138183594e-01,1.433113068342208862e-01,4.169755876064300537e-01,-4.277901053428649902e-01,-2.385048894211649895e-03,3.072101175785064697e-01,-4.637288860976696014e-03,3.772364854812622070e-01,3.228145241737365723e-01,-1.610022932291030884e-01,-1.355650369077920914e-02,-2.853498160839080811e-01,-2.987966835498809814e-01,1.126029714941978455e-01,5.204777047038078308e-02,3.084843456745147705e-01,-1.694158017635345459e-01,3.565570712089538574e-01,8.032029122114181519e-02,-2.190991044044494629e-01,1.562440738780423999e-04,3.378126323223114014e-01,-3.167282640933990479e-01,1.779156178236007690e-01,-2.708258032798767090e-01,4.621555209159851074e-01,3.038650155067443848e-01,-4.490482807159423828e-01,2.724989876151084900e-02,2.886006236076354980e-01,3.805585801601409912e-01,5.278582498431205750e-02,2.162916213274002075e-02,-3.349885940551757812e-01,2.276902049779891968e-01,3.937944173812866211e-01,-3.886444494128227234e-02,-4.442204833030700684e-01,3.803911507129669189e-01,-2.825023829936981201e-01,-1.291931718587875366e-01,4.279511570930480957e-01,-1.656017154455184937e-01,-2.130560278892517090e-01,-3.478063344955444336e-01,-3.993756473064422607e-01,2.034572958946228027e-01,3.070104122161865234e-01,2.031210362911224365e-01,-3.697251901030540466e-02,-2.361140847206115723e-01
