9.999982118606567383e-01,-9.999983906745910645e-01,-9.999942183494567871e-01,9.999969601631164551e-01,9.999987483024597168e-01,-9.999986886978149414e-01,9.999943375587463379e-01,9.999990463256835938e-01,-9.999898076057434082e-01,9.999984502792358398e-01,-9.999986290931701660e-01,-9.999988675117492676e-01,9.999977946281433105e-01,9.999982714653015137e-01,9.999954104423522949e-01,9.999926090240478516e-01,9.999973773956298828e-01,-9.999975562095642090e-01,9.999915361404418945e-01,-9.999989867210388184e-01,-9.999988079071044922e-01,9.999946355819702148e-01,9.999985694885253906e-01,9.999967217445373535e-01,9.999889135360717773e-01,9.999988079071044922e-01,-9.999980926513671875e-01,-9.999987483024597168e-01,9.999914765357971191e-01,-9.999966621398925781e-01,-9.999898076057434082e-01,-9.999979138374328613e-01,9.999815821647644043e-01,9.999942183494567871e-01,-9.999979138374328613e-01,9.999551773071289062e-01,9.999989271163940430e-01,9.999983310699462891e-01,9.999814033508300781e-01,-9.999988079071044922e-01,9.999985694885253906e-01,9.999908208847045898e-01,9.999819993972778320e-01,9.999988079071044922e-01,9.999980926513671875e-01,9.999977350234985352e-01,-9.999933242797851562e-01,9.999985694885253906e-01,9.999985694885253906e-01,-9.999985098838806152e-01,-9.999986886978149414e-01,-9.999985694885253906e-01,-9.999985694885253906e-01,-9.999929666519165039e-01,-9.999986290931701660e-01,-9.999979734420776367e-01,9.999589323997497559e-01,9.999940395355224609e-01,9.999931454658508301e-01,9.999981522560119629e-01,-9.999981522560119629e-01,9.999987483024597168e-01,9.999982714653015137e-01,9.999954104423522949e-01,-9.999931454658508301e-01,-9.999987483024597168e-01,-9.999990463256835938e-01,-9.999951720237731934e-01,-9.999988675117492676e-01,9.999982118606567383e-01,-9.999987483024597168e-01,9.999949336051940918e-01,-9.999943375587463379e-01,-9.999934434890747070e-01,-9.999856352806091309e-01,-9.999983906745910645e-01,9.999900460243225098e-01,9.999986290931701660e-01,-9.999930858612060547e-01,-9.999949336051940918e-01,9.999917149543762207e-01,9.999973773956298828e-01,-9.999988079071044922e-01,9.999980926513671875e-01,-9.999983310699462891e-01,-9.999822974205017090e-01,-9.999055266380310059e-01,9.999988675117492676e-01,9.999928474426269531e-01,9.999909996986389160e-01,-9.999927878379821777e-01,9.999982714653015137e-01,-9.999863505363464355e-01,-9.999971389770507812e-01,9.999970793724060059e-01,-9.999977946281433105e-01,-9.999850988388061523e-01,9.999989271163940430e-01,-9.999987483024597168e-01,9.999972581863403320e-01,-9.999966621398925781e-01,9.999988675117492676e-01,9.999518990516662598e-01,9.999570250511169434e-01,9.999985694885253906e-01,9.999951124191284180e-01,-9.999810457229614258e-01,-9.999983906745910645e-01,-9.999941587448120117e-01,9.999984502792358398e-01,-9.999985098838806152e-01,9.999971985816955566e-01,-9.999981522560119629e-01,-9.998577237129211426e-01,9.999990463256835938e-01,-9.999965429306030273e-01,9.999989271163940430e-01,-9.999977350234985352e-01,-9.999952912330627441e-01,-9.999958276748657227e-01,-9.999982118606567383e-01,9.999966621398925781e-01,9.999973773956298828e-01,-9.999967217445373535e-01,-9.999912977218627930e-01,-9.999943375587463379e-01,9.999575018882751465e-01,-9.999895095825195312e-01
-9.999983906745910645e-01,9.999986886978149414e-01,9.999949932098388672e-01,-9.999973177909851074e-01,-9.999989271163940430e-01,9.999988675117492676e-01,-9.999951720237731934e-01,-9.999991059303283691e-01,9.999912381172180176e-01,-9.999986290931701660e-01,9.999988079071044922e-01,9.999990463256835938e-01,-9.999980926513671875e-01,-9.999985694885253906e-01,-9.999960064888000488e-01,-9.999936819076538086e-01,-9.999976754188537598e-01,9.999978542327880859e-01,-9.999927282333374023e-01,9.999992251396179199e-01,9.999989867210388184e-01,-9.999952912330627441e-01,-9.999987483024597168e-01,-9.999972581863403320e-01,-9.999905228614807129e-01,-9.999990463256835938e-01,9.999982714653015137e-01,9.999988675117492676e-01,-9.999927282333374023e-01,9.999971389770507812e-01,9.999912381172180176e-01,9.999982118606567383e-01,-9.999842047691345215e-01,-9.999949932098388672e-01,9.999980926513671875e-01,-9.999615550041198730e-01,-9.999991059303283691e-01,-9.999985694885253906e-01,-9.999840259552001953e-01,9.999989867210388184e-01,-9.999987483024597168e-01,-9.999920725822448730e-01,-9.999845027923583984e-01,-9.999989867210388184e-01,-9.999983310699462891e-01,-9.999980926513671875e-01,9.999942183494567871e-01,-9.999987483024597168e-01,-9.999987483024597168e-01,9.999986886978149414e-01,9.999988675117492676e-01,9.999987483024597168e-01,9.999988079071044922e-01,9.999939799308776855e-01,9.999988079071044922e-01,9.999982714653015137e-01,-9.999647736549377441e-01,-9.999948143959045410e-01,-9.999940991401672363e-01,-9.999983906745910645e-01,9.999985098838806152e-01,-9.999990463256835938e-01,-9.999985098838806152e-01,-9.999958872795104980e-01,9.999940395355224609e-01,9.999989271163940430e-01,9.999991059303283691e-01,9.999958872795104980e-01,9.999991059303283691e-01,-9.999983906745910645e-01,9.999989867210388184e-01,-9.999957084655761719e-01,9.999951124191284180e-01,9.999943375587463379e-01,9.999876618385314941e-01,9.999986290931701660e-01,-9.999914765357971191e-01,-9.999988079071044922e-01,9.999940991401672363e-01,9.999956488609313965e-01,-9.999929666519165039e-01,-9.999977946281433105e-01,9.999989271163940430e-01,-9.999983310699462891e-01,9.999985694885253906e-01,9.999848604202270508e-01,9.999189376831054688e-01,-9.999991059303283691e-01,-9.999938607215881348e-01,-9.999921917915344238e-01,9.999938011169433594e-01,-9.999985098838806152e-01,9.999881982803344727e-01,9.999975562095642090e-01,-9.999973773956298828e-01,9.999980926513671875e-01,9.999872446060180664e-01,-9.999991655349731445e-01,9.999989271163940430e-01,-9.999976754188537598e-01,9.999971389770507812e-01,-9.999990463256835938e-01,-9.999586343765258789e-01,-9.999631047248840332e-01,-9.999987483024597168e-01,-9.999957680702209473e-01,9.999837279319763184e-01,9.999985694885253906e-01,9.999949932098388672e-01,-9.999986886978149414e-01,9.999986290931701660e-01,-9.999976158142089844e-01,9.999983906745910645e-01,9.998778700828552246e-01,-9.999991655349731445e-01,9.999969601631164551e-01,-9.999990463256835938e-01,9.999979734420776367e-01,9.999959468841552734e-01,9.999963641166687012e-01,9.999984502792358398e-01,-9.999971389770507812e-01,-9.999976158142089844e-01,9.999971389770507812e-01,9.999924302101135254e-01,9.999950528144836426e-01,-9.999635219573974609e-01,9.999909996986389160e-01
-9.999942183494567871e-01,9.999949932098388672e-01,9.999807476997375488e-01,-9.999900460243225098e-01,-9.999960064888000488e-01,9.999958276748657227e-01,-9.999814033508300781e-01,-9.999966621398925781e-01,9.999664425849914551e-01,-9.999948740005493164e-01,9.999958276748657227e-01,9.999961853027343750e-01,-9.999928474426269531e-01,-9.999944567680358887e-01,-9.999848604202270508e-01,-9.999755620956420898e-01,-9.999914169311523438e-01,9.999920129776000977e-01,-9.999720454216003418e-01,9.999967813491821289e-01,9.999962449073791504e-01,-9.999822378158569336e-01,-9.999953508377075195e-01,-9.999896883964538574e-01,-9.999635815620422363e-01,-9.999962449073791504e-01,9.999937415122985840e-01,9.999959468841552734e-01,-9.999717473983764648e-01,9.999891519546508789e-01,9.999663829803466797e-01,9.999932050704956055e-01,-9.999390840530395508e-01,-9.999808073043823242e-01,9.999931454658508301e-01,-9.998521208763122559e-01,-9.999963641166687012e-01,-9.999948740005493164e-01,-9.999381899833679199e-01,9.999960660934448242e-01,-9.999953508377075195e-01,-9.999695420265197754e-01,-9.999402761459350586e-01,-9.999963045120239258e-01,-9.999938011169433594e-01,-9.999926686286926270e-01,9.999776482582092285e-01,-9.999955296516418457e-01,-9.999952912330627441e-01,9.999949932098388672e-01,9.999959468841552734e-01,9.999952912330627441e-01,9.999956488609313965e-01,9.999767541885375977e-01,9.999953508377075195e-01,9.999934434890747070e-01,-9.998643994331359863e-01,-9.999802708625793457e-01,-9.999774098396301270e-01,-9.999939203262329102e-01,9.999944567680358887e-01,-9.999961256980895996e-01,-9.999944567680358887e-01,-9.999849200248718262e-01,9.999774098396301270e-01,9.999960660934448242e-01,9.999966621398925781e-01,9.999842643737792969e-01,9.999964833259582520e-01,-9.999939203262329102e-01,9.999960064888000488e-01,-9.999833703041076660e-01,9.999812245368957520e-01,9.999784231185913086e-01,9.999527931213378906e-01,9.999948143959045410e-01,-9.999671578407287598e-01,-9.999957084655761719e-01,9.999772310256958008e-01,9.999833106994628906e-01,-9.999729394912719727e-01,-9.999917149543762207e-01,9.999960064888000488e-01,-9.999938607215881348e-01,9.999943375587463379e-01,9.999414682388305664e-01,9.996879696846008301e-01,-9.999963045120239258e-01,-9.999760389328002930e-01,-9.999703764915466309e-01,9.999762177467346191e-01,-9.999944567680358887e-01,9.999545812606811523e-01,9.999907612800598145e-01,-9.999904036521911621e-01,9.999928474426269531e-01,9.999508857727050781e-01,-9.999965429306030273e-01,9.999959468841552734e-01,-9.999911189079284668e-01,9.999892115592956543e-01,-9.999963045120239258e-01,-9.998410940170288086e-01,-9.998580813407897949e-01,-9.999955296516418457e-01,-9.999838471412658691e-01,9.999372363090515137e-01,9.999947547912597656e-01,9.999807476997375488e-01,-9.999949932098388672e-01,9.999951124191284180e-01,-9.999909996986389160e-01,9.999940395355224609e-01,9.995300769805908203e-01,-9.999965429306030273e-01,9.999884963035583496e-01,-9.999964833259582520e-01,9.999924898147583008e-01,9.999844431877136230e-01,9.999864101409912109e-01,9.999941587448120117e-01,-9.999891519546508789e-01,-9.999912381172180176e-01,9.999892711639404297e-01,9.999713897705078125e-01,9.999812841415405273e-01,-9.998596906661987305e-01,9.999650716781616211e-01
9.999969601631164551e-01,-9.999973177909851074e-01,-9.999900460243225098e-01,9.999948143959045410e-01,9.999978542327880859e-01,-9.999977946281433105e-01,9.999903440475463867e-01,9.999982714653015137e-01,-9.999827742576599121e-01,9.999972581863403320e-01,-9.999977350234985352e-01,-9.999980330467224121e-01,9.999961853027343750e-01,9.999970793724060059e-01,9.999921917915344238e-01,9.999873042106628418e-01,9.999955296516418457e-01,-9.999958872795104980e-01,9.999855756759643555e-01,-9.999983310699462891e-01,-9.999979734420776367e-01,9.999908208847045898e-01,9.999975562095642090e-01,9.999946951866149902e-01,9.999812245368957520e-01,9.999980330467224121e-01,-9.999967217445373535e-01,-9.999977946281433105e-01,9.999853968620300293e-01,-9.999943375587463379e-01,-9.999826550483703613e-01,-9.999963641166687012e-01,9.999686479568481445e-01,9.999901652336120605e-01,-9.999964237213134766e-01,9.999237060546875000e-01,9.999982118606567383e-01,9.999972581863403320e-01,9.999682307243347168e-01,-9.999979734420776367e-01,9.999974370002746582e-01,9.999843239784240723e-01,9.999693632125854492e-01,9.999979734420776367e-01,9.999967217445373535e-01,9.999960660934448242e-01,-9.999884963035583496e-01,9.999976158142089844e-01,9.999975562095642090e-01,-9.999973177909851074e-01,-9.999977946281433105e-01,-9.999974370002746582e-01,-9.999976754188537598e-01,-9.999880194664001465e-01,-9.999975562095642090e-01,-9.999964833259582520e-01,9.999300241470336914e-01,9.999898076057434082e-01,9.999884366989135742e-01,9.999968409538269043e-01,-9.999970793724060059e-01,9.999979138374328613e-01,9.999970793724060059e-01,9.999921917915344238e-01,-9.999883174896240234e-01,-9.999979138374328613e-01,-9.999982714653015137e-01,-9.999918937683105469e-01,-9.999980926513671875e-01,9.999967813491821289e-01,-9.999979138374328613e-01,9.999914169311523438e-01,-9.999902844429016113e-01,-9.999887943267822266e-01,-9.999756217002868652e-01,-9.999972581863403320e-01,9.999830722808837891e-01,9.999976754188537598e-01,-9.999882578849792480e-01,-9.999913573265075684e-01,9.999860525131225586e-01,9.999956488609313965e-01,-9.999978542327880859e-01,9.999967217445373535e-01,-9.999970197677612305e-01,-9.999697804450988770e-01,-9.998391270637512207e-01,9.999980926513671875e-01,9.999876618385314941e-01,9.999847412109375000e-01,-9.999877214431762695e-01,9.999970793724060059e-01,-9.999765157699584961e-01,-9.999952316284179688e-01,9.999949932098388672e-01,-9.999961853027343750e-01,-9.999746680259704590e-01,9.999982118606567383e-01,-9.999977946281433105e-01,9.999953508377075195e-01,-9.999944567680358887e-01,9.999980330467224121e-01,9.999179840087890625e-01,9.999267458915710449e-01,9.999976754188537598e-01,9.999915361404418945e-01,-9.999675750732421875e-01,-9.999972581863403320e-01,-9.999900460243225098e-01,9.999973773956298828e-01,-9.999974370002746582e-01,9.999952912330627441e-01,-9.999968409538269043e-01,-9.997577667236328125e-01,9.999982118606567383e-01,-9.999940991401672363e-01,9.999980926513671875e-01,-9.999960064888000488e-01,-9.999919533729553223e-01,-9.999929666519165039e-01,-9.999969601631164551e-01,9.999943375587463379e-01,9.999954700469970703e-01,-9.999944567680358887e-01,-9.999851584434509277e-01,-9.999902844429016113e-01,9.999276995658874512e-01,-9.999820590019226074e-01
9.999987483024597168e-01,-9.999989271163940430e-01,-9.999960064888000488e-01,9.999978542327880859e-01,9.999992251396179199e-01,-9.999991655349731445e-01,9.999961256980895996e-01,9.999993443489074707e-01,-9.999930858612060547e-01,9.999989271163940430e-01,-9.999991655349731445e-01,-9.999992847442626953e-01,9.999985098838806152e-01,9.999988675117492676e-01,9.999969005584716797e-01,9.999949336051940918e-01,9.999980926513671875e-01,-9.999983310699462891e-01,9.999942779541015625e-01,-9.999992847442626953e-01,-9.999991655349731445e-01,9.999963045120239258e-01,9.999991059303283691e-01,9.999977946281433105e-01,9.999926090240478516e-01,9.999992847442626953e-01,-9.999986886978149414e-01,-9.999992251396179199e-01,9.999943375587463379e-01,-9.999977350234985352e-01,-9.999931454658508301e-01,-9.999985694885253906e-01,9.999876022338867188e-01,9.999960660934448242e-01,-9.999985694885253906e-01,9.999698996543884277e-01,9.999992847442626953e-01,9.999988675117492676e-01,9.999874234199523926e-01,-9.999992251396179199e-01,9.999991059303283691e-01,9.999938011169433594e-01,9.999878406524658203e-01,9.999992847442626953e-01,9.999986886978149414e-01,9.999985098838806152e-01,-9.999954700469970703e-01,9.999990463256835938e-01,9.999991059303283691e-01,-9.999989271163940430e-01,-9.999991059303283691e-01,-9.999991059303283691e-01,-9.999991655349731445e-01,-9.999952912330627441e-01,-9.999992251396179199e-01,-9.999986290931701660e-01,9.999724030494689941e-01,9.999960064888000488e-01,9.999954700469970703e-01,9.999987483024597168e-01,-9.999988675117492676e-01,9.999992847442626953e-01,9.999988675117492676e-01,9.999968409538269043e-01,-9.999953508377075195e-01,-9.999991655349731445e-01,-9.999993443489074707e-01,-9.999966621398925781e-01,-9.999993443489074707e-01,9.999987483024597168e-01,-9.999992251396179199e-01,9.999965429306030273e-01,-9.999961256980895996e-01,-9.999955892562866211e-01,-9.999903440475463867e-01,-9.999989271163940430e-01,9.999933838844299316e-01,9.999991655349731445e-01,-9.999952912330627441e-01,-9.999965429306030273e-01,9.999945163726806641e-01,9.999982118606567383e-01,-9.999992251396179199e-01,9.999986886978149414e-01,-9.999988675117492676e-01,-9.999880194664001465e-01,-9.999364614486694336e-01,9.999992847442626953e-01,9.999951720237731934e-01,9.999938607215881348e-01,-9.999951720237731934e-01,9.999989271163940430e-01,-9.999908208847045898e-01,-9.999980926513671875e-01,9.999980330467224121e-01,-9.999985098838806152e-01,-9.999899864196777344e-01,9.999993443489074707e-01,-9.999992251396179199e-01,9.999982714653015137e-01,-9.999977946281433105e-01,9.999992847442626953e-01,9.999676346778869629e-01,9.999711513519287109e-01,9.999991059303283691e-01,9.999965429306030273e-01,-9.999872446060180664e-01,-9.999989271163940430e-01,-9.999958872795104980e-01,9.999989867210388184e-01,-9.999990463256835938e-01,9.999980926513671875e-01,-9.999988079071044922e-01,-9.999042749404907227e-01,9.999993443489074707e-01,-9.999976754188537598e-01,9.999992251396179199e-01,-9.999984502792358398e-01,-9.999967813491821289e-01,-9.999971985816955566e-01,-9.999988079071044922e-01,9.999977350234985352e-01,9.999982118606567383e-01,-9.999977350234985352e-01,-9.999940991401672363e-01,-9.999961256980895996e-01,9.999714493751525879e-01,-9.999929070472717285e-01
-9.999986886978149414e-01,9.999988675117492676e-01,9.999958276748657227e-01,-9.999977946281433105e-01,-9.999991655349731445e-01,9.999992251396179199e-01,-9.999960064888000488e-01,-9.999992847442626953e-01,9.999926686286926270e-01,-9.999989271163940430e-01,9.999991059303283691e-01,9.999993443489074707e-01,-9.999985098838806152e-01,-9.999988675117492676e-01,-9.999966621398925781e-01,-9.999946355819702148e-01,-9.999980926513671875e-01,9.999983310699462891e-01,-9.999938607215881348e-01,9.999993443489074707e-01,9.999992251396179199e-01,-9.999961853027343750e-01,-9.999989867210388184e-01,-9.999977350234985352e-01,-9.999920129776000977e-01,-9.999992847442626953e-01,9.999986886978149414e-01,9.999992847442626953e-01,-9.999938607215881348e-01,9.999976158142089844e-01,9.999926090240478516e-01,9.999985098838806152e-01,-9.999866485595703125e-01,-9.999958872795104980e-01,9.999984502792358398e-01,-9.999676346778869629e-01,-9.999993443489074707e-01,-9.999988675117492676e-01,-9.999865889549255371e-01,9.999992847442626953e-01,-9.999989867210388184e-01,-9.999933242797851562e-01,-9.999870061874389648e-01,-9.999992251396179199e-01,-9.999986886978149414e-01,-9.999983906745910645e-01,9.999951720237731934e-01,-9.999990463256835938e-01,-9.999990463256835938e-01,9.999989867210388184e-01,9.999992847442626953e-01,9.999989867210388184e-01,9.999991059303283691e-01,9.999949932098388672e-01,9.999989867210388184e-01,9.999986290931701660e-01,-9.999704360961914062e-01,-9.999957084655761719e-01,-9.999951720237731934e-01,-9.999987483024597168e-01,9.999988079071044922e-01,-9.999992251396179199e-01,-9.999988079071044922e-01,-9.999966025352478027e-01,9.999950528144836426e-01,9.999991655349731445e-01,9.999993443489074707e-01,9.999965429306030273e-01,9.999993443489074707e-01,-9.999986886978149414e-01,9.999992847442626953e-01,-9.999964237213134766e-01,9.999959468841552734e-01,9.999952912330627441e-01,9.999896883964538574e-01,9.999989271163940430e-01,-9.999929070472717285e-01,-9.999991059303283691e-01,9.999949932098388672e-01,9.999963045120239258e-01,-9.999941587448120117e-01,-9.999981522560119629e-01,9.999992847442626953e-01,-9.999986290931701660e-01,9.999988675117492676e-01,9.999871850013732910e-01,9.999316334724426270e-01,-9.999992251396179199e-01,-9.999948143959045410e-01,-9.999936223030090332e-01,9.999948740005493164e-01,-9.999988079071044922e-01,9.999901056289672852e-01,9.999980330467224121e-01,-9.999979138374328613e-01,9.999983906745910645e-01,9.999892115592956543e-01,-9.999994039535522461e-01,9.999991655349731445e-01,-9.999980330467224121e-01,9.999976754188537598e-01,-9.999993443489074707e-01,-9.999652504920959473e-01,-9.999690651893615723e-01,-9.999990463256835938e-01,-9.999964237213134766e-01,9.999863505363464355e-01,9.999989271163940430e-01,9.999958276748657227e-01,-9.999989271163940430e-01,9.999989271163940430e-01,-9.999980926513671875e-01,9.999987483024597168e-01,9.998970627784729004e-01,-9.999994039535522461e-01,9.999974966049194336e-01,-9.999992847442626953e-01,9.999983906745910645e-01,9.999965429306030273e-01,9.999970197677612305e-01,9.999986886978149414e-01,-9.999976158142089844e-01,-9.999980330467224121e-01,9.999976754188537598e-01,9.999937415122985840e-01,9.999958872795104980e-01,-9.999694228172302246e-01,9.999924898147583008e-01
9.999943375587463379e-01,-9.999951720237731934e-01,-9.999814033508300781e-01,9.999903440475463867e-01,9.999961256980895996e-01,-9.999960064888000488e-01,9.999819993972778320e-01,9.999967813491821289e-01,-9.999676346778869629e-01,9.999951124191284180e-01,-9.999959468841552734e-01,-9.999963641166687012e-01,9.999931454658508301e-01,9.999947547912597656e-01,9.999853968620300293e-01,9.999763965606689453e-01,9.999917149543762207e-01,-9.999922513961791992e-01,9.999731183052062988e-01,-9.999967813491821289e-01,-9.999963641166687012e-01,9.999827742576599121e-01,9.999955296516418457e-01,9.999900460243225098e-01,9.999648928642272949e-01,9.999962449073791504e-01,-9.999939203262329102e-01,-9.999960064888000488e-01,9.999727606773376465e-01,-9.999894499778747559e-01,-9.999675154685974121e-01,-9.999934434890747070e-01,9.999411106109619141e-01,9.999815821647644043e-01,-9.999933838844299316e-01,9.998572468757629395e-01,9.999964833259582520e-01,9.999950528144836426e-01,9.999403953552246094e-01,-9.999961853027343750e-01,9.999955296516418457e-01,9.999706149101257324e-01,9.999424219131469727e-01,9.999964833259582520e-01,9.999940395355224609e-01,9.999929666519165039e-01,-9.999785423278808594e-01,9.999957084655761719e-01,9.999954700469970703e-01,-9.999951720237731934e-01,-9.999960660934448242e-01,-9.999954104423522949e-01,-9.999957680702209473e-01,-9.999775886535644531e-01,-9.999954700469970703e-01,-9.999936819076538086e-01,9.998691678047180176e-01,9.999809265136718750e-01,9.999781250953674316e-01,9.999940991401672363e-01,-9.999945759773254395e-01,9.999963045120239258e-01,9.999945759773254395e-01,9.999854564666748047e-01,-9.999782443046569824e-01,-9.999961853027343750e-01,-9.999967813491821289e-01,-9.999849200248718262e-01,-9.999966025352478027e-01,9.999941587448120117e-01,-9.999961853027343750e-01,9.999839663505554199e-01,-9.999818801879882812e-01,-9.999790787696838379e-01,-9.999544620513916016e-01,-9.999949336051940918e-01,9.999682903289794922e-01,9.999958872795104980e-01,-9.999780058860778809e-01,-9.999839067459106445e-01,9.999738931655883789e-01,9.999918937683105469e-01,-9.999961256980895996e-01,9.999940395355224609e-01,-9.999945759773254395e-01,-9.999435544013977051e-01,-9.996989369392395020e-01,9.999964237213134766e-01,9.999769926071166992e-01,9.999713897705078125e-01,-9.999771118164062500e-01,9.999946355819702148e-01,-9.999560713768005371e-01,-9.999911189079284668e-01,9.999907612800598145e-01,-9.999930858612060547e-01,-9.999524950981140137e-01,9.999966621398925781e-01,-9.999959468841552734e-01,9.999914765357971191e-01,-9.999896883964538574e-01,9.999963641166687012e-01,9.998466968536376953e-01,9.998630881309509277e-01,9.999957084655761719e-01,9.999842643737792969e-01,-9.999393224716186523e-01,-9.999949932098388672e-01,-9.999814033508300781e-01,9.999951720237731934e-01,-9.999952912330627441e-01,9.999912977218627930e-01,-9.999942183494567871e-01,-9.995465874671936035e-01,9.999967813491821289e-01,-9.999889135360717773e-01,9.999966025352478027e-01,-9.999927878379821777e-01,-9.999849796295166016e-01,-9.999868869781494141e-01,-9.999944567680358887e-01,9.999895095825195312e-01,9.999915361404418945e-01,-9.999896287918090820e-01,-9.999724030494689941e-01,-9.999819397926330566e-01,9.998646378517150879e-01,-9.999663233757019043e-01
9.999990463256835938e-01,-9.999991059303283691e-01,-9.999966621398925781e-01,9.999982714653015137e-01,9.999993443489074707e-01,-9.999992847442626953e-01,9.999967813491821289e-01,9.999994039535522461e-01,-9.999942183494567871e-01,9.999991655349731445e-01,-9.999992251396179199e-01,-9.999994039535522461e-01,9.999986886978149414e-01,9.999991059303283691e-01,9.999973773956298828e-01,9.999957680702209473e-01,9.999984502792358398e-01,-9.999986886978149414e-01,9.999952316284179688e-01,-9.999994039535522461e-01,-9.999993443489074707e-01,9.999969005584716797e-01,9.999992251396179199e-01,9.999980926513671875e-01,9.999938011169433594e-01,9.999994039535522461e-01,-9.999989271163940430e-01,-9.999992251396179199e-01,9.999951720237731934e-01,-9.999979734420776367e-01,-9.999942779541015625e-01,-9.999987483024597168e-01,9.999895095825195312e-01,9.999966025352478027e-01,-9.999987483024597168e-01,9.999747872352600098e-01,9.999993443489074707e-01,9.999990463256835938e-01,9.999894499778747559e-01,-9.999993443489074707e-01,9.999992251396179199e-01,9.999948143959045410e-01,9.999898076057434082e-01,9.999993443489074707e-01,9.999989271163940430e-01,9.999986290931701660e-01,-9.999961256980895996e-01,9.999991655349731445e-01,9.999992251396179199e-01,-9.999991655349731445e-01,-9.999992847442626953e-01,-9.999992251396179199e-01,-9.999992251396179199e-01,-9.999958276748657227e-01,-9.999992251396179199e-01,-9.999988675117492676e-01,9.999768733978271484e-01,9.999966025352478027e-01,9.999960660934448242e-01,9.999989271163940430e-01,-9.999991059303283691e-01,9.999992847442626953e-01,9.999991059303283691e-01,9.999973773956298828e-01,-9.999960660934448242e-01,-9.999992847442626953e-01,-9.999994039535522461e-01,-9.999971985816955566e-01,-9.999993443489074707e-01,9.999989271163940430e-01,-9.999994039535522461e-01,9.999971985816955566e-01,-9.999966621398925781e-01,-9.999961256980895996e-01,-9.999918341636657715e-01,-9.999991655349731445e-01,9.999944567680358887e-01,9.999992251396179199e-01,-9.999959468841552734e-01,-9.999970793724060059e-01,9.999952912330627441e-01,9.999985098838806152e-01,-9.999993443489074707e-01,9.999989271163940430e-01,-9.999991655349731445e-01,-9.999900460243225098e-01,-9.999465942382812500e-01,9.999994039535522461e-01,9.999958872795104980e-01,9.999948740005493164e-01,-9.999959468841552734e-01,9.999991059303283691e-01,-9.999922513961791992e-01,-9.999983906745910645e-01,9.999983310699462891e-01,-9.999987483024597168e-01,-9.999915361404418945e-01,9.999994635581970215e-01,-9.999993443489074707e-01,9.999984502792358398e-01,-9.999981522560119629e-01,9.999994039535522461e-01,9.999728202819824219e-01,9.999757409095764160e-01,9.999992847442626953e-01,9.999971389770507812e-01,-9.999892711639404297e-01,-9.999991655349731445e-01,-9.999965429306030273e-01,9.999991655349731445e-01,-9.999991059303283691e-01,9.999984502792358398e-01,-9.999989271163940430e-01,-9.999197721481323242e-01,9.999994635581970215e-01,-9.999980330467224121e-01,9.999993443489074707e-01,-9.999987483024597168e-01,-9.999973177909851074e-01,-9.999976158142089844e-01,-9.999990463256835938e-01,9.999980330467224121e-01,9.999985098838806152e-01,-9.999981522560119629e-01,-9.999950528144836426e-01,-9.999967813491821289e-01,9.999760985374450684e-01,-9.999940395355224609e-01
-9.999898076057434082e-01,9.999912381172180176e-01,9.999664425849914551e-01,-9.999827742576599121e-01,-9.999930858612060547e-01,9.999926686286926270e-01,-9.999676346778869629e-01,-9.999942183494567871e-01,9.999418854713439941e-01,-9.999911189079284668e-01,9.999926686286926270e-01,9.999935030937194824e-01,-9.999874830245971680e-01,-9.999904036521911621e-01,-9.999737739562988281e-01,-9.999575018882751465e-01,-9.999849796295166016e-01,9.999860525131225586e-01,-9.999514222145080566e-01,9.999944567680358887e-01,9.999935030937194824e-01,-9.999691247940063477e-01,-9.999918341636657715e-01,-9.999820590019226074e-01,-9.999369382858276367e-01,-9.999933838844299316e-01,9.999890327453613281e-01,9.999929666519165039e-01,-9.999508261680603027e-01,9.999809861183166504e-01,9.999415874481201172e-01,9.999881386756896973e-01,-9.998944401741027832e-01,-9.999668002128601074e-01,9.999879598617553711e-01,-9.997435808181762695e-01,-9.999938011169433594e-01,-9.999910593032836914e-01,-9.998930096626281738e-01,9.999932646751403809e-01,-9.999917149543762207e-01,-9.999471306800842285e-01,-9.998964667320251465e-01,-9.999937415122985840e-01,-9.999891519546508789e-01,-9.999872446060180664e-01,9.999613165855407715e-01,-9.999922513961791992e-01,-9.999918341636657715e-01,9.999911785125732422e-01,9.999929666519165039e-01,9.999917149543762207e-01,9.999924898147583008e-01,9.999596476554870605e-01,9.999918341636657715e-01,9.999883770942687988e-01,-9.997649788856506348e-01,-9.999657273292541504e-01,-9.999606609344482422e-01,-9.999894499778747559e-01,9.999902844429016113e-01,-9.999934434890747070e-01,-9.999902248382568359e-01,-9.999736547470092773e-01,9.999606609344482422e-01,9.999931454658508301e-01,9.999942779541015625e-01,9.999728202819824219e-01,9.999938607215881348e-01,-9.999892115592956543e-01,9.999931454658508301e-01,-9.999712109565734863e-01,9.999673962593078613e-01,9.999623894691467285e-01,9.999181628227233887e-01,9.999908208847045898e-01,-9.999429583549499512e-01,-9.999924898147583008e-01,9.999604225158691406e-01,9.999709725379943848e-01,-9.999529123306274414e-01,-9.999856948852539062e-01,9.999929666519165039e-01,-9.999891519546508789e-01,9.999900460243225098e-01,9.998986124992370605e-01,9.994595050811767578e-01,-9.999936819076538086e-01,-9.999583959579467773e-01,-9.999485611915588379e-01,9.999586939811706543e-01,-9.999901652336120605e-01,9.999210238456726074e-01,9.999839067459106445e-01,-9.999833106994628906e-01,9.999874234199523926e-01,9.999147057533264160e-01,-9.999940991401672363e-01,9.999928474426269531e-01,-9.999846220016479492e-01,9.999813437461853027e-01,-9.999935626983642578e-01,-9.997246265411376953e-01,-9.997541904449462891e-01,-9.999922513961791992e-01,-9.999719858169555664e-01,9.998910427093505859e-01,9.999908804893493652e-01,9.999664425849914551e-01,-9.999912977218627930e-01,9.999914765357971191e-01,-9.999842643737792969e-01,9.999895095825195312e-01,9.991859793663024902e-01,-9.999941587448120117e-01,9.999800920486450195e-01,-9.999939203262329102e-01,9.999868273735046387e-01,9.999729394912719727e-01,9.999762773513793945e-01,9.999898076057434082e-01,-9.999811053276062012e-01,-9.999848008155822754e-01,9.999812841415405273e-01,9.999503493309020996e-01,9.999674558639526367e-01,-9.997568726539611816e-01,9.999395012855529785e-01
9.999984502792358398e-01,-9.999986290931701660e-01,-9.999948740005493164e-01,9.999972581863403320e-01,9.999989271163940430e-01,-9.999989271163940430e-01,9.999951124191284180e-01,9.999991655349731445e-01,-9.999911189079284668e-01,9.999986290931701660e-01,-9.999988079071044922e-01,-9.999990463256835938e-01,9.999980330467224121e-01,9.999985098838806152e-01,9.999960064888000488e-01,9.999934434890747070e-01,9.999976754188537598e-01,-9.999978542327880859e-01,9.999926090240478516e-01,-9.999992251396179199e-01,-9.999990463256835938e-01,9.999952316284179688e-01,9.999987483024597168e-01,9.999972581863403320e-01,9.999904036521911621e-01,9.999989867210388184e-01,-9.999983310699462891e-01,-9.999989271163940430e-01,9.999926090240478516e-01,-9.999970793724060059e-01,-9.999910593032836914e-01,-9.999981522560119629e-01,9.999839067459106445e-01,9.999949336051940918e-01,-9.999981522560119629e-01,9.999608397483825684e-01,9.999992251396179199e-01,9.999986290931701660e-01,9.999837279319763184e-01,-9.999989867210388184e-01,9.999987483024597168e-01,9.999920129776000977e-01,9.999843239784240723e-01,9.999991059303283691e-01,9.999983310699462891e-01,9.999980330467224121e-01,-9.999940991401672363e-01,9.999988079071044922e-01,9.999987483024597168e-01,-9.999986886978149414e-01,-9.999989271163940430e-01,-9.999987483024597168e-01,-9.999988079071044922e-01,-9.999938607215881348e-01,-9.999987483024597168e-01,-9.999982118606567383e-01,9.999640583992004395e-01,9.999947547912597656e-01,9.999940991401672363e-01,9.999983906745910645e-01,-9.999985098838806152e-01,9.999989271163940430e-01,9.999985098838806152e-01,9.999959468841552734e-01,-9.999939799308776855e-01,-9.999988675117492676e-01,-9.999990463256835938e-01,-9.999957680702209473e-01,-9.999991059303283691e-01,9.999983310699462891e-01,-9.999989867210388184e-01,9.999956488609313965e-01,-9.999951124191284180e-01,-9.999942779541015625e-01,-9.999874234199523926e-01,-9.999985694885253906e-01,9.999913573265075684e-01,9.999988675117492676e-01,-9.999939799308776855e-01,-9.999955892562866211e-01,9.999928474426269531e-01,9.999977946281433105e-01,-9.999989867210388184e-01,9.999983310699462891e-01,-9.999985694885253906e-01,-9.999846220016479492e-01,-9.999172687530517578e-01,9.999990463256835938e-01,9.999937415122985840e-01,9.999920129776000977e-01,-9.999936819076538086e-01,9.999985098838806152e-01,-9.999879598617553711e-01,-9.999974966049194336e-01,9.999973177909851074e-01,-9.999980330467224121e-01,-9.999870061874389648e-01,9.999991059303283691e-01,-9.999988675117492676e-01,9.999976158142089844e-01,-9.999970793724060059e-01,9.999990463256835938e-01,9.999578595161437988e-01,9.999623298645019531e-01,9.999988079071044922e-01,9.999957084655761719e-01,-9.999834299087524414e-01,-9.999985694885253906e-01,-9.999948740005493164e-01,9.999986290931701660e-01,-9.999986886978149414e-01,9.999976158142089844e-01,-9.999983906745910645e-01,-9.998754858970642090e-01,9.999991655349731445e-01,-9.999969005584716797e-01,9.999991059303283691e-01,-9.999980330467224121e-01,-9.999958872795104980e-01,-9.999963045120239258e-01,-9.999984502792358398e-01,9.999970793724060059e-01,9.999976158142089844e-01,-9.999970793724060059e-01,-9.999923110008239746e-01,-9.999950528144836426e-01,9.999628067016601562e-01,-9.999908208847045898e-01
-9.999986290931701660e-01,9.999988079071044922e-01,9.999958276748657227e-01,-9.999977350234985352e-01,-9.999991655349731445e-01,9.999991059303283691e-01,-9.999959468841552734e-01,-9.999992251396179199e-01,9.999926686286926270e-01,-9.999988079071044922e-01,9.999991655349731445e-01,9.999992251396179199e-01,-9.999983906745910645e-01,-9.999988079071044922e-01,-9.999966621398925781e-01,-9.999946355819702148e-01,-9.999979734420776367e-01,9.999982118606567383e-01,-9.999938607215881348e-01,9.999992847442626953e-01,9.999991655349731445e-01,-9.999960064888000488e-01,-9.999989867210388184e-01,-9.999976754188537598e-01,-9.999920129776000977e-01,-9.999992251396179199e-01,9.999985098838806152e-01,9.999991655349731445e-01,-9.999938607215881348e-01,9.999976158142089844e-01,9.999927282333374023e-01,9.999983906745910645e-01,-9.999868273735046387e-01,-9.999957680702209473e-01,9.999985098838806152e-01,-9.999679327011108398e-01,-9.999992847442626953e-01,-9.999988079071044922e-01,-9.999866485595703125e-01,9.999991655349731445e-01,-9.999989867210388184e-01,-9.999933242797851562e-01,-9.999870657920837402e-01,-9.999991655349731445e-01,-9.999986290931701660e-01,-9.999982714653015137e-01,9.999951720237731934e-01,-9.999989867210388184e-01,-9.999989867210388184e-01,9.999988675117492676e-01,9.999990463256835938e-01,9.999989271163940430e-01,9.999989867210388184e-01,9.999948740005493164e-01,9.999989867210388184e-01,9.999984502792358398e-01,-9.999706745147705078e-01,-9.999956488609313965e-01,-9.999951124191284180e-01,-9.999986886978149414e-01,9.999987483024597168e-01,-9.999991059303283691e-01,-9.999987483024597168e-01,-9.999966621398925781e-01,9.999950528144836426e-01,9.999991059303283691e-01,9.999992251396179199e-01,9.999965429306030273e-01,9.999992847442626953e-01,-9.999986290931701660e-01,9.999991655349731445e-01,-9.999963641166687012e-01,9.999958872795104980e-01,9.999952316284179688e-01,9.999896287918090820e-01,9.999988675117492676e-01,-9.999929070472717285e-01,-9.999989867210388184e-01,9.999949932098388672e-01,9.999962449073791504e-01,-9.999941587448120117e-01,-9.999980926513671875e-01,9.999991655349731445e-01,-9.999986290931701660e-01,9.999987483024597168e-01,9.999872446060180664e-01,9.999324083328247070e-01,-9.999992251396179199e-01,-9.999948143959045410e-01,-9.999935030937194824e-01,9.999948740005493164e-01,-9.999986886978149414e-01,9.999901652336120605e-01,9.999979734420776367e-01,-9.999978542327880859e-01,9.999983310699462891e-01,9.999892711639404297e-01,-9.999992847442626953e-01,9.999991655349731445e-01,-9.999980330467224121e-01,9.999976158142089844e-01,-9.999991059303283691e-01,-9.999655485153198242e-01,-9.999692440032958984e-01,-9.999989867210388184e-01,-9.999963641166687012e-01,9.999865293502807617e-01,9.999988079071044922e-01,9.999958276748657227e-01,-9.999988675117492676e-01,9.999988675117492676e-01,-9.999979138374328613e-01,9.999986886978149414e-01,9.998982548713684082e-01,-9.999992847442626953e-01,9.999973773956298828e-01,-9.999991655349731445e-01,9.999983310699462891e-01,9.999964833259582520e-01,9.999970197677612305e-01,9.999986886978149414e-01,-9.999975562095642090e-01,-9.999979734420776367e-01,9.999975562095642090e-01,9.999937415122985840e-01,9.999958872795104980e-01,-9.999695420265197754e-01,9.999925494194030762e-01
-9.999988675117492676e-01,9.999990463256835938e-01,9.999961853027343750e-01,-9.999980330467224121e-01,-9.999992847442626953e-01,9.999993443489074707e-01,-9.999963641166687012e-01,-9.999994039535522461e-01,9.999935030937194824e-01,-9.999990463256835938e-01,9.999992251396179199e-01,9.999992847442626953e-01,-9.999985694885253906e-01,-9.999989271163940430e-01,-9.999970197677612305e-01,-9.999952912330627441e-01,-9.999983310699462891e-01,9.999984502792358398e-01,-9.999946951866149902e-01,9.999994039535522461e-01,9.999992251396179199e-01,-9.999964833259582520e-01,-9.999991059303283691e-01,-9.999979734420776367e-01,-9.999929666519165039e-01,-9.999992847442626953e-01,9.999986886978149414e-01,9.999992251396179199e-01,-9.999945759773254395e-01,9.999979138374328613e-01,9.999935626983642578e-01,9.999986886978149414e-01,-9.999882578849792480e-01,-9.999962449073791504e-01,9.999986290931701660e-01,-9.999715089797973633e-01,-9.999993443489074707e-01,-9.999989271163940430e-01,-9.999881386756896973e-01,9.999993443489074707e-01,-9.999991059303283691e-01,-9.999940991401672363e-01,-9.999885559082031250e-01,-9.999993443489074707e-01,-9.999987483024597168e-01,-9.999985694885253906e-01,9.999957680702209473e-01,-9.999991655349731445e-01,-9.999991059303283691e-01,9.999990463256835938e-01,9.999992251396179199e-01,9.999991059303283691e-01,9.999991059303283691e-01,9.999955296516418457e-01,9.999991059303283691e-01,9.999986886978149414e-01,-9.999738931655883789e-01,-9.999961256980895996e-01,-9.999955892562866211e-01,-9.999988675117492676e-01,9.999988079071044922e-01,-9.999992847442626953e-01,-9.999989271163940430e-01,-9.999970197677612305e-01,9.999956488609313965e-01,9.999992847442626953e-01,9.999994039535522461e-01,9.999969601631164551e-01,9.999993443489074707e-01,-9.999988079071044922e-01,9.999993443489074707e-01,-9.999967217445373535e-01,9.999963045120239258e-01,9.999958276748657227e-01,9.999908208847045898e-01,9.999989867210388184e-01,-9.999936223030090332e-01,-9.999992251396179199e-01,9.999955296516418457e-01,9.999966025352478027e-01,-9.999947547912597656e-01,-9.999983906745910645e-01,9.999992251396179199e-01,-9.999987483024597168e-01,9.999989271163940430e-01,9.999886751174926758e-01,9.999396204948425293e-01,-9.999993443489074707e-01,-9.999954104423522949e-01,-9.999942779541015625e-01,9.999954104423522949e-01,-9.999988675117492676e-01,9.999912381172180176e-01,9.999981522560119629e-01,-9.999980926513671875e-01,9.999986290931701660e-01,9.999904632568359375e-01,-9.999994635581970215e-01,9.999992251396179199e-01,-9.999982714653015137e-01,9.999979734420776367e-01,-9.999992847442626953e-01,-9.999693036079406738e-01,-9.999725818634033203e-01,-9.999991655349731445e-01,-9.999968409538269043e-01,9.999879598617553711e-01,9.999989867210388184e-01,9.999961853027343750e-01,-9.999990463256835938e-01,9.999991059303283691e-01,-9.999982118606567383e-01,9.999988675117492676e-01,9.999091029167175293e-01,-9.999993443489074707e-01,9.999977350234985352e-01,-9.999993443489074707e-01,9.999985694885253906e-01,9.999969601631164551e-01,9.999973177909851074e-01,9.999988675117492676e-01,-9.999978542327880859e-01,-9.999982714653015137e-01,9.999979138374328613e-01,9.999943971633911133e-01,9.999963045120239258e-01,-9.999729990959167480e-01,9.999933242797851562e-01
