9.999982714653015137e-01,-9.999983906745910645e-01,-9.999938011169433594e-01,9.999967217445373535e-01,9.999987483024597168e-01,-9.999987483024597168e-01,9.999940991401672363e-01,9.999990463256835938e-01,-9.999898076057434082e-01,9.999985098838806152e-01,-9.999986886978149414e-01,-9.999989271163940430e-01,9.999976754188537598e-01,9.999982714653015137e-01,9.999957680702209473e-01,9.999915361404418945e-01,9.999974966049194336e-01,-9.999974966049194336e-01,9.999914765357971191e-01,-9.999991655349731445e-01,-9.999989271163940430e-01,9.999942183494567871e-01,9.999986290931701660e-01,9.999966621398925781e-01,9.999896287918090820e-01,9.999988675117492676e-01,-9.999980330467224121e-01,-9.999988079071044922e-01,9.999918937683105469e-01,-9.999968409538269043e-01,-9.999892711639404297e-01,-9.999977946281433105e-01,9.999802708625793457e-01,9.999939203262329102e-01,-9.999978542327880859e-01,9.999508261680603027e-01,9.999989867210388184e-01,9.999985098838806152e-01,9.999765753746032715e-01,-9.999988675117492676e-01,9.999985098838806152e-01,9.999926090240478516e-01,9.999789595603942871e-01,9.999989867210388184e-01,9.999981522560119629e-01,9.999977350234985352e-01,-9.999931454658508301e-01,9.999987483024597168e-01,9.999985694885253906e-01,-9.999985098838806152e-01,-9.999988079071044922e-01,-9.999986290931701660e-01,-9.999986886978149414e-01,-9.999928474426269531e-01,-9.999986290931701660e-01,-9.999979734420776367e-01,9.999813437461853027e-01,9.999951720237731934e-01,9.999931454658508301e-01,9.999981522560119629e-01,-9.999983310699462891e-01,9.999988675117492676e-01,9.999983310699462891e-01,9.999955296516418457e-01,-9.999921917915344238e-01,-9.999988079071044922e-01,-9.999991655349731445e-01,-9.999948740005493164e-01,-9.999989271163940430e-01,9.999980926513671875e-01,-9.999988079071044922e-01,9.999937415122985840e-01,-9.999956488609313965e-01,-9.999935030937194824e-01,-9.999859929084777832e-01,-9.999983906745910645e-01,9.999897480010986328e-01,9.999986886978149414e-01,-9.999917745590209961e-01,-9.999948740005493164e-01,9.999929070472717285e-01,9.999974966049194336e-01,-9.999988079071044922e-01,9.999980330467224121e-01,-9.999983310699462891e-01,-9.999791979789733887e-01,-9.999637603759765625e-01,9.999988675117492676e-01,9.999927282333374023e-01,9.999923110008239746e-01,-9.999918341636657715e-01,9.999982714653015137e-01,-9.999860525131225586e-01,-9.999970197677612305e-01,9.999967217445373535e-01,-9.999978542327880859e-01,-9.999856352806091309e-01,9.999989271163940430e-01,-9.999988079071044922e-01,9.999972581863403320e-01,-9.999969005584716797e-01,9.999989271163940430e-01,9.999573230743408203e-01,9.999582171440124512e-01,9.999986290931701660e-01,9.999946951866149902e-01,-9.999793767929077148e-01,-9.999984502792358398e-01,-9.999940991401672363e-01,9.999984502792358398e-01,-9.999985694885253906e-01,9.999971389770507812e-01,-9.999979734420776367e-01,-9.998902678489685059e-01,9.999989867210388184e-01,-9.999961853027343750e-01,9.999989867210388184e-01,-9.999976754188537598e-01,-9.999952912330627441e-01,-9.999954104423522949e-01,-9.999980926513671875e-01,9.999966621398925781e-01,9.999970793724060059e-01,-9.999965429306030273e-01,-9.999909400939941406e-01,-9.999939799308776855e-01,8.388690352439880371e-01,-9.999877214431762695e-01
-9.999983906745910645e-01,9.999986290931701660e-01,9.999946355819702148e-01,-9.999970793724060059e-01,-9.999989271163940430e-01,9.999988675117492676e-01,-9.999948143959045410e-01,-9.999991655349731445e-01,9.999911189079284668e-01,-9.999986290931701660e-01,9.999988675117492676e-01,9.999990463256835938e-01,-9.999978542327880859e-01,-9.999985098838806152e-01,-9.999962449073791504e-01,-9.999926686286926270e-01,-9.999976754188537598e-01,9.999976754188537598e-01,-9.999926090240478516e-01,9.999992251396179199e-01,9.999990463256835938e-01,-9.999948740005493164e-01,-9.999986886978149414e-01,-9.999969601631164551e-01,-9.999909400939941406e-01,-9.999988675117492676e-01,9.999982714653015137e-01,9.999989271163940430e-01,-9.999929070472717285e-01,9.999971985816955566e-01,9.999906420707702637e-01,9.999979734420776367e-01,-9.999828338623046875e-01,-9.999945759773254395e-01,9.999979734420776367e-01,-9.999572634696960449e-01,-9.999991059303283691e-01,-9.999986290931701660e-01,-9.999796748161315918e-01,9.999988675117492676e-01,-9.999986290931701660e-01,-9.999934434890747070e-01,-9.999815821647644043e-01,-9.999991059303283691e-01,-9.999982714653015137e-01,-9.999979734420776367e-01,9.999939799308776855e-01,-9.999988079071044922e-01,-9.999986886978149414e-01,9.999986290931701660e-01,9.999988675117492676e-01,9.999986886978149414e-01,9.999988079071044922e-01,9.999936223030090332e-01,9.999987483024597168e-01,9.999981522560119629e-01,-9.999837279319763184e-01,-9.999957680702209473e-01,-9.999939799308776855e-01,-9.999982714653015137e-01,9.999983906745910645e-01,-9.999989867210388184e-01,-9.999983906745910645e-01,-9.999960064888000488e-01,9.999932050704956055e-01,9.999988675117492676e-01,9.999991655349731445e-01,9.999954700469970703e-01,9.999989867210388184e-01,-9.999981522560119629e-01,9.999989867210388184e-01,-9.999945163726806641e-01,9.999961256980895996e-01,9.999942779541015625e-01,9.999878406524658203e-01,9.999986290931701660e-01,-9.999909996986389160e-01,-9.999988079071044922e-01,9.999928474426269531e-01,9.999954700469970703e-01,-9.999937415122985840e-01,-9.999977350234985352e-01,9.999989271163940430e-01,-9.999982714653015137e-01,9.999983906745910645e-01,9.999818205833435059e-01,9.999685883522033691e-01,-9.999989867210388184e-01,-9.999935626983642578e-01,-9.999933242797851562e-01,9.999927878379821777e-01,-9.999985098838806152e-01,9.999877810478210449e-01,9.999974370002746582e-01,-9.999970793724060059e-01,9.999980330467224121e-01,9.999875426292419434e-01,-9.999991059303283691e-01,9.999988675117492676e-01,-9.999975562095642090e-01,9.999973177909851074e-01,-9.999990463256835938e-01,-9.999629259109497070e-01,-9.999637007713317871e-01,-9.999987483024597168e-01,-9.999953508377075195e-01,9.999820590019226074e-01,9.999985098838806152e-01,9.999948143959045410e-01,-9.999986290931701660e-01,9.999986886978149414e-01,-9.999974370002746582e-01,9.999982714653015137e-01,9.999046325683593750e-01,-9.999991655349731445e-01,9.999966025352478027e-01,-9.999989867210388184e-01,9.999978542327880859e-01,9.999958872795104980e-01,9.999959468841552734e-01,9.999982714653015137e-01,-9.999970793724060059e-01,-9.999974966049194336e-01,9.999969005584716797e-01,9.999920129776000977e-01,9.999946951866149902e-01,-8.390183448791503906e-01,9.999892711639404297e-01
-9.999938011169433594e-01,9.999946355819702148e-01,9.999787211418151855e-01,-9.999885559082031250e-01,-9.999958276748657227e-01,9.999955892562866211e-01,-9.999793767929077148e-01,-9.999964833259582520e-01,9.999647736549377441e-01,-9.999946951866149902e-01,9.999955296516418457e-01,9.999960064888000488e-01,-9.999920129776000977e-01,-9.999940991401672363e-01,-9.999852180480957031e-01,-9.999709129333496094e-01,-9.999911785125732422e-01,9.999912381172180176e-01,-9.999703764915466309e-01,9.999966025352478027e-01,9.999960064888000488e-01,-9.999797940254211426e-01,-9.999950528144836426e-01,-9.999883770942687988e-01,-9.999639987945556641e-01,-9.999959468841552734e-01,9.999933242797851562e-01,9.999957084655761719e-01,-9.999719262123107910e-01,9.999889731407165527e-01,9.999630451202392578e-01,9.999926090240478516e-01,-9.999321699142456055e-01,-9.999788999557495117e-01,9.999924898147583008e-01,-9.998307824134826660e-01,-9.999961256980895996e-01,-9.999946355819702148e-01,-9.999194145202636719e-01,9.999958872795104980e-01,-9.999949932098388672e-01,-9.999741315841674805e-01,-9.999271035194396973e-01,-9.999961853027343750e-01,-9.999932646751403809e-01,-9.999921917915344238e-01,9.999764561653137207e-01,-9.999954700469970703e-01,-9.999949336051940918e-01,9.999946355819702148e-01,9.999957680702209473e-01,9.999951720237731934e-01,9.999953508377075195e-01,9.999750852584838867e-01,9.999950528144836426e-01,9.999928474426269531e-01,-9.999352693557739258e-01,-9.999833703041076660e-01,-9.999762773513793945e-01,-9.999937415122985840e-01,9.999939799308776855e-01,-9.999960064888000488e-01,-9.999940395355224609e-01,-9.999844431877136230e-01,9.999731779098510742e-01,9.999958276748657227e-01,9.999965429306030273e-01,9.999822974205017090e-01,9.999961853027343750e-01,-9.999931454658508301e-01,9.999958872795104980e-01,-9.999785423278808594e-01,9.999849796295166016e-01,9.999776482582092285e-01,9.999518990516662598e-01,9.999945759773254395e-01,-9.999646544456481934e-01,-9.999954700469970703e-01,9.999715089797973633e-01,9.999820590019226074e-01,-9.999752640724182129e-01,-9.999912381172180176e-01,9.999957084655761719e-01,-9.999933242797851562e-01,9.999939799308776855e-01,9.999281167984008789e-01,9.998754858970642090e-01,-9.999960064888000488e-01,-9.999746680259704590e-01,-9.999737143516540527e-01,9.999715089797973633e-01,-9.999942183494567871e-01,9.999516606330871582e-01,9.999899268150329590e-01,-9.999888539314270020e-01,9.999926686286926270e-01,9.999506473541259766e-01,-9.999962449073791504e-01,9.999957084655761719e-01,-9.999905228614807129e-01,9.999892115592956543e-01,-9.999960660934448242e-01,-9.998535513877868652e-01,-9.998563528060913086e-01,-9.999953508377075195e-01,-9.999815821647644043e-01,9.999288916587829590e-01,9.999945163726806641e-01,9.999796748161315918e-01,-9.999947547912597656e-01,9.999948143959045410e-01,-9.999899268150329590e-01,9.999932050704956055e-01,9.996230602264404297e-01,-9.999963641166687012e-01,9.999870061874389648e-01,-9.999963045120239258e-01,9.999921321868896484e-01,9.999836087226867676e-01,9.999839067459106445e-01,9.999935626983642578e-01,-9.999887347221374512e-01,-9.999901056289672852e-01,9.999880790710449219e-01,9.999682903289794922e-01,9.999790191650390625e-01,-8.361351490020751953e-01,9.999573826789855957e-01
9.999967217445373535e-01,-9.999970793724060059e-01,-9.999885559082031250e-01,9.999938607215881348e-01,9.999977350234985352e-01,-9.999976158142089844e-01,9.999889135360717773e-01,9.999980926513671875e-01,-9.999810457229614258e-01,9.999971985816955566e-01,-9.999976158142089844e-01,-9.999979138374328613e-01,9.999956488609313965e-01,9.999967813491821289e-01,9.999920725822448730e-01,9.999843239784240723e-01,9.999951720237731934e-01,-9.999952912330627441e-01,9.999840855598449707e-01,-9.999982118606567383e-01,-9.999979138374328613e-01,9.999890923500061035e-01,9.999973177909851074e-01,9.999937415122985840e-01,9.999806880950927734e-01,9.999977946281433105e-01,-9.999964833259582520e-01,-9.999976754188537598e-01,9.999849200248718262e-01,-9.999940991401672363e-01,-9.999802112579345703e-01,-9.999959468841552734e-01,9.999635219573974609e-01,9.999886155128479004e-01,-9.999959468841552734e-01,9.999089837074279785e-01,9.999979734420776367e-01,9.999970793724060059e-01,9.999566078186035156e-01,-9.999977350234985352e-01,9.999972581863403320e-01,9.999860525131225586e-01,9.999608397483825684e-01,9.999979734420776367e-01,9.999963641166687012e-01,9.999958872795104980e-01,-9.999873042106628418e-01,9.999975562095642090e-01,9.999971985816955566e-01,-9.999970793724060059e-01,-9.999976754188537598e-01,-9.999973773956298828e-01,-9.999974370002746582e-01,-9.999865889549255371e-01,-9.999973773956298828e-01,-9.999960660934448242e-01,9.999651312828063965e-01,9.999909996986389160e-01,9.999873042106628418e-01,9.999965429306030273e-01,-9.999967217445373535e-01,9.999978542327880859e-01,9.999967217445373535e-01,9.999916553497314453e-01,-9.999855756759643555e-01,-9.999977946281433105e-01,-9.999981522560119629e-01,-9.999905228614807129e-01,-9.999979734420776367e-01,9.999962449073791504e-01,-9.999977946281433105e-01,9.999883770942687988e-01,-9.999918341636657715e-01,-9.999880194664001465e-01,-9.999741315841674805e-01,-9.999970793724060059e-01,9.999809861183166504e-01,9.999975562095642090e-01,-9.999847412109375000e-01,-9.999902844429016113e-01,9.999867677688598633e-01,9.999953508377075195e-01,-9.999976754188537598e-01,9.999963641166687012e-01,-9.999967217445373535e-01,-9.999613761901855469e-01,-9.999330043792724609e-01,9.999978542327880859e-01,9.999862909317016602e-01,9.999858140945434570e-01,-9.999846816062927246e-01,9.999967813491821289e-01,-9.999740719795227051e-01,-9.999945759773254395e-01,9.999940395355224609e-01,-9.999960660934448242e-01,-9.999734759330749512e-01,9.999980330467224121e-01,-9.999976754188537598e-01,9.999948740005493164e-01,-9.999942779541015625e-01,9.999978542327880859e-01,9.999212026596069336e-01,9.999226331710815430e-01,9.999974370002746582e-01,9.999901652336120605e-01,-9.999617338180541992e-01,-9.999970197677612305e-01,-9.999890923500061035e-01,9.999971389770507812e-01,-9.999971985816955566e-01,9.999945759773254395e-01,-9.999963045120239258e-01,-9.997972249984741211e-01,9.999980330467224121e-01,-9.999930858612060547e-01,9.999981522560119629e-01,-9.999957084655761719e-01,-9.999911785125732422e-01,-9.999914765357971191e-01,-9.999965429306030273e-01,9.999940395355224609e-01,9.999946951866149902e-01,-9.999936223030090332e-01,-9.999830126762390137e-01,-9.999887347221374512e-01,8.379149436950683594e-01,-9.999771714210510254e-01
9.999987483024597168e-01,-9.999989271163940430e-01,-9.999958276748657227e-01,9.999977350234985352e-01,9.999992251396179199e-01,-9.999991655349731445e-01,9.999959468841552734e-01,9.999993443489074707e-01,-9.999931454658508301e-01,9.999989271163940430e-01,-9.999991655349731445e-01,-9.999992847442626953e-01,9.999984502792358398e-01,9.999987483024597168e-01,9.999970793724060059e-01,9.999942183494567871e-01,9.999981522560119629e-01,-9.999981522560119629e-01,9.999942183494567871e-01,-9.999994039535522461e-01,-9.999992847442626953e-01,9.999958872795104980e-01,9.999990463256835938e-01,9.999976158142089844e-01,9.999930262565612793e-01,9.999992251396179199e-01,-9.999986886978149414e-01,-9.999991655349731445e-01,9.999945163726806641e-01,-9.999977350234985352e-01,-9.999928474426269531e-01,-9.999984502792358398e-01,9.999867081642150879e-01,9.999958276748657227e-01,-9.999985098838806152e-01,9.999669790267944336e-01,9.999992847442626953e-01,9.999989271163940430e-01,9.999842047691345215e-01,-9.999991655349731445e-01,9.999990463256835938e-01,9.999949336051940918e-01,9.999858736991882324e-01,9.999992847442626953e-01,9.999985694885253906e-01,9.999984502792358398e-01,-9.999953508377075195e-01,9.999991655349731445e-01,9.999990463256835938e-01,-9.999989271163940430e-01,-9.999992251396179199e-01,-9.999989867210388184e-01,-9.999990463256835938e-01,-9.999950528144836426e-01,-9.999991059303283691e-01,-9.999985694885253906e-01,9.999873638153076172e-01,9.999967217445373535e-01,9.999953508377075195e-01,9.999987483024597168e-01,-9.999987483024597168e-01,9.999993443489074707e-01,9.999987483024597168e-01,9.999969005584716797e-01,-9.999946951866149902e-01,-9.999992251396179199e-01,-9.999993443489074707e-01,-9.999964833259582520e-01,-9.999993443489074707e-01,9.999985694885253906e-01,-9.999993443489074707e-01,9.999957084655761719e-01,-9.999970197677612305e-01,-9.999955892562866211e-01,-9.999905824661254883e-01,-9.999989271163940430e-01,9.999930858612060547e-01,9.999991655349731445e-01,-9.999944567680358887e-01,-9.999963641166687012e-01,9.999951720237731934e-01,9.999982714653015137e-01,-9.999992251396179199e-01,9.999986886978149414e-01,-9.999988079071044922e-01,-9.999859333038330078e-01,-9.999756813049316406e-01,9.999992847442626953e-01,9.999950528144836426e-01,9.999948143959045410e-01,-9.999944567680358887e-01,9.999988079071044922e-01,-9.999905824661254883e-01,-9.999978542327880859e-01,9.999977350234985352e-01,-9.999985098838806152e-01,-9.999904036521911621e-01,9.999992251396179199e-01,-9.999991655349731445e-01,9.999980330467224121e-01,-9.999978542327880859e-01,9.999992847442626953e-01,9.999714493751525879e-01,9.999718666076660156e-01,9.999991059303283691e-01,9.999963641166687012e-01,-9.999861717224121094e-01,-9.999989271163940430e-01,-9.999959468841552734e-01,9.999988675117492676e-01,-9.999989867210388184e-01,9.999980330467224121e-01,-9.999985694885253906e-01,-9.999263286590576172e-01,9.999993443489074707e-01,-9.999974370002746582e-01,9.999993443489074707e-01,-9.999984502792358398e-01,-9.999967813491821289e-01,-9.999968409538269043e-01,-9.999986886978149414e-01,9.999976754188537598e-01,9.999980330467224121e-01,-9.999976158142089844e-01,-9.999938011169433594e-01,-9.999958276748657227e-01,8.392406105995178223e-01,-9.999917745590209961e-01
-9.999987483024597168e-01,9.999988675117492676e-01,9.999955892562866211e-01,-9.999976158142089844e-01,-9.999991655349731445e-01,9.999991059303283691e-01,-9.999956488609313965e-01,-9.999992847442626953e-01,9.999926090240478516e-01,-9.999989271163940430e-01,9.999991059303283691e-01,9.999992251396179199e-01,-9.999983310699462891e-01,-9.999987483024597168e-01,-9.999969601631164551e-01,-9.999939799308776855e-01,-9.999980926513671875e-01,9.999981522560119629e-01,-9.999938607215881348e-01,9.999994039535522461e-01,9.999992251396179199e-01,-9.999957680702209473e-01,-9.999989271163940430e-01,-9.999974966049194336e-01,-9.999924898147583008e-01,-9.999991655349731445e-01,9.999985694885253906e-01,9.999991059303283691e-01,-9.999940991401672363e-01,9.999976754188537598e-01,9.999922513961791992e-01,9.999984502792358398e-01,-9.999857544898986816e-01,-9.999956488609313965e-01,9.999984502792358398e-01,-9.999645352363586426e-01,-9.999992251396179199e-01,-9.999989271163940430e-01,-9.999830722808837891e-01,9.999991655349731445e-01,-9.999989271163940430e-01,-9.999945759773254395e-01,-9.999848008155822754e-01,-9.999992251396179199e-01,-9.999985694885253906e-01,-9.999984502792358398e-01,9.999950528144836426e-01,-9.999992251396179199e-01,-9.999989271163940430e-01,9.999989271163940430e-01,9.999991655349731445e-01,9.999989867210388184e-01,9.999991655349731445e-01,9.999947547912597656e-01,9.999989867210388184e-01,9.999984502792358398e-01,-9.999865293502807617e-01,-9.999964833259582520e-01,-9.999949932098388672e-01,-9.999986886978149414e-01,9.999986290931701660e-01,-9.999992847442626953e-01,-9.999987483024597168e-01,-9.999966621398925781e-01,9.999942779541015625e-01,9.999991655349731445e-01,9.999992847442626953e-01,9.999962449073791504e-01,9.999991655349731445e-01,-9.999985694885253906e-01,9.999991655349731445e-01,-9.999954104423522949e-01,9.999967813491821289e-01,9.999952912330627441e-01,9.999899268150329590e-01,9.999988675117492676e-01,-9.999926090240478516e-01,-9.999991059303283691e-01,9.999940395355224609e-01,9.999961853027343750e-01,-9.999948740005493164e-01,-9.999982118606567383e-01,9.999991655349731445e-01,-9.999985694885253906e-01,9.999987483024597168e-01,9.999848604202270508e-01,9.999738931655883789e-01,-9.999992251396179199e-01,-9.999946355819702148e-01,-9.999944567680358887e-01,9.999940395355224609e-01,-9.999988079071044922e-01,9.999899268150329590e-01,9.999978542327880859e-01,-9.999975562095642090e-01,9.999984502792358398e-01,9.999896287918090820e-01,-9.999992847442626953e-01,9.999991059303283691e-01,-9.999980926513671875e-01,9.999977946281433105e-01,-9.999992251396179199e-01,-9.999693036079406738e-01,-9.999698400497436523e-01,-9.999990463256835938e-01,-9.999960660934448242e-01,9.999852180480957031e-01,9.999988079071044922e-01,9.999956488609313965e-01,-9.999988675117492676e-01,9.999989867210388184e-01,-9.999979138374328613e-01,9.999985694885253906e-01,9.999207854270935059e-01,-9.999992847442626953e-01,9.999972581863403320e-01,-9.999992847442626953e-01,9.999983310699462891e-01,9.999964833259582520e-01,9.999966025352478027e-01,9.999986290931701660e-01,-9.999976158142089844e-01,-9.999979734420776367e-01,9.999974966049194336e-01,9.999934434890747070e-01,9.999955892562866211e-01,-8.391831517219543457e-01,9.999911189079284668e-01
9.999940991401672363e-01,-9.999948143959045410e-01,-9.999793767929077148e-01,9.999889135360717773e-01,9.999959468841552734e-01,-9.999956488609313965e-01,9.999800324440002441e-01,9.999967217445373535e-01,-9.999658465385437012e-01,9.999949336051940918e-01,-9.999957680702209473e-01,-9.999961256980895996e-01,9.999921917915344238e-01,9.999942779541015625e-01,9.999856948852539062e-01,9.999718070030212402e-01,9.999914765357971191e-01,-9.999915361404418945e-01,9.999713301658630371e-01,-9.999968409538269043e-01,-9.999961256980895996e-01,9.999805092811584473e-01,9.999952316284179688e-01,9.999887347221374512e-01,9.999651908874511719e-01,9.999960064888000488e-01,-9.999935626983642578e-01,-9.999958872795104980e-01,9.999728202819824219e-01,-9.999893307685852051e-01,-9.999642372131347656e-01,-9.999927282333374023e-01,9.999342560768127441e-01,9.999795556068420410e-01,-9.999928474426269531e-01,9.998362660408020020e-01,9.999962449073791504e-01,9.999948740005493164e-01,9.999219179153442383e-01,-9.999959468841552734e-01,9.999950528144836426e-01,9.999749660491943359e-01,9.999293684959411621e-01,9.999963641166687012e-01,9.999936223030090332e-01,9.999924302101135254e-01,-9.999771118164062500e-01,9.999956488609313965e-01,9.999950528144836426e-01,-9.999948740005493164e-01,-9.999958872795104980e-01,-9.999952912330627441e-01,-9.999955296516418457e-01,-9.999758601188659668e-01,-9.999952316284179688e-01,-9.999931454658508301e-01,9.999372363090515137e-01,9.999839067459106445e-01,9.999769330024719238e-01,9.999939203262329102e-01,-9.999941587448120117e-01,9.999960660934448242e-01,9.999942183494567871e-01,9.999848604202270508e-01,-9.999740123748779297e-01,-9.999960064888000488e-01,-9.999966025352478027e-01,-9.999828338623046875e-01,-9.999963641166687012e-01,9.999932646751403809e-01,-9.999960064888000488e-01,9.999791383743286133e-01,-9.999854564666748047e-01,-9.999784231185913086e-01,-9.999533891677856445e-01,-9.999947547912597656e-01,9.999657273292541504e-01,9.999956488609313965e-01,-9.999724030494689941e-01,-9.999825954437255859e-01,9.999760985374450684e-01,9.999914765357971191e-01,-9.999958872795104980e-01,9.999935030937194824e-01,-9.999940991401672363e-01,-9.999303817749023438e-01,-9.998793005943298340e-01,9.999962449073791504e-01,9.999753236770629883e-01,9.999744892120361328e-01,-9.999724030494689941e-01,9.999943971633911133e-01,-9.999531507492065430e-01,-9.999901652336120605e-01,9.999892115592956543e-01,-9.999929070472717285e-01,-9.999522566795349121e-01,9.999963641166687012e-01,-9.999958872795104980e-01,9.999908208847045898e-01,-9.999896287918090820e-01,9.999961853027343750e-01,9.998581409454345703e-01,9.998607635498046875e-01,9.999954700469970703e-01,9.999821782112121582e-01,-9.999311566352844238e-01,-9.999946951866149902e-01,-9.999803304672241211e-01,9.999949336051940918e-01,-9.999949932098388672e-01,9.999902248382568359e-01,-9.999933838844299316e-01,-9.996348023414611816e-01,9.999964833259582520e-01,-9.999875426292419434e-01,9.999964237213134766e-01,-9.999924302101135254e-01,-9.999841451644897461e-01,-9.999845623970031738e-01,-9.999938011169433594e-01,9.999889731407165527e-01,9.999904632568359375e-01,-9.999883174896240234e-01,-9.999693036079406738e-01,-9.999796748161315918e-01,8.362556695938110352e-01,-9.999587535858154297e-01
9.999990463256835938e-01,-9.999991655349731445e-01,-9.999964833259582520e-01,9.999980926513671875e-01,9.999993443489074707e-01,-9.999992847442626953e-01,9.999967217445373535e-01,9.999994635581970215e-01,-9.999942779541015625e-01,9.999991655349731445e-01,-9.999993443489074707e-01,-9.999994039535522461e-01,9.999986886978149414e-01,9.999991059303283691e-01,9.999975562095642090e-01,9.999952912330627441e-01,9.999984502792358398e-01,-9.999985694885253906e-01,9.999951720237731934e-01,-9.999995231628417969e-01,-9.999994039535522461e-01,9.999966621398925781e-01,9.999992251396179199e-01,9.999982118606567383e-01,9.999941587448120117e-01,9.999993443489074707e-01,-9.999989271163940430e-01,-9.999993443489074707e-01,9.999954700469970703e-01,-9.999982118606567383e-01,-9.999940395355224609e-01,-9.999986886978149414e-01,9.999890327453613281e-01,9.999965429306030273e-01,-9.999988079071044922e-01,9.999725818634033203e-01,9.999994635581970215e-01,9.999991655349731445e-01,9.999869465827941895e-01,-9.999993443489074707e-01,9.999992251396179199e-01,9.999958276748657227e-01,9.999881982803344727e-01,9.999994039535522461e-01,9.999989867210388184e-01,9.999986886978149414e-01,-9.999961256980895996e-01,9.999992847442626953e-01,9.999992251396179199e-01,-9.999992847442626953e-01,-9.999993443489074707e-01,-9.999992251396179199e-01,-9.999992847442626953e-01,-9.999959468841552734e-01,-9.999993443489074707e-01,-9.999988079071044922e-01,9.999895691871643066e-01,9.999971985816955566e-01,9.999961853027343750e-01,9.999989867210388184e-01,-9.999989271163940430e-01,9.999994635581970215e-01,9.999990463256835938e-01,9.999974370002746582e-01,-9.999956488609313965e-01,-9.999993443489074707e-01,-9.999995231628417969e-01,-9.999970793724060059e-01,-9.999994039535522461e-01,9.999988675117492676e-01,-9.999993443489074707e-01,9.999963641166687012e-01,-9.999975562095642090e-01,-9.999963045120239258e-01,-9.999921917915344238e-01,-9.999991655349731445e-01,9.999942779541015625e-01,9.999992847442626953e-01,-9.999954104423522949e-01,-9.999970197677612305e-01,9.999960064888000488e-01,9.999986290931701660e-01,-9.999993443489074707e-01,9.999989271163940430e-01,-9.999990463256835938e-01,-9.999883770942687988e-01,-9.999798536300659180e-01,9.999993443489074707e-01,9.999958872795104980e-01,9.999957084655761719e-01,-9.999954104423522949e-01,9.999991059303283691e-01,-9.999921321868896484e-01,-9.999982118606567383e-01,9.999981522560119629e-01,-9.999988079071044922e-01,-9.999920129776000977e-01,9.999993443489074707e-01,-9.999993443489074707e-01,9.999984502792358398e-01,-9.999983310699462891e-01,9.999993443489074707e-01,9.999762773513793945e-01,9.999766945838928223e-01,9.999992847442626953e-01,9.999969601631164551e-01,-9.999884963035583496e-01,-9.999992251396179199e-01,-9.999966621398925781e-01,9.999991655349731445e-01,-9.999992251396179199e-01,9.999983310699462891e-01,-9.999988675117492676e-01,-9.999387860298156738e-01,9.999994635581970215e-01,-9.999978542327880859e-01,9.999994635581970215e-01,-9.999986886978149414e-01,-9.999973177909851074e-01,-9.999974370002746582e-01,-9.999989271163940430e-01,9.999981522560119629e-01,9.999983906745910645e-01,-9.999980330467224121e-01,-9.999948740005493164e-01,-9.999964237213134766e-01,8.393677473068237305e-01,-9.999930858612060547e-01
-9.999898076057434082e-01,9.999911189079284668e-01,9.999647736549377441e-01,-9.999810457229614258e-01,-9.999931454658508301e-01,9.999926090240478516e-01,-9.999658465385437012e-01,-9.999942779541015625e-01,9.999415278434753418e-01,-9.999912381172180176e-01,9.999927282333374023e-01,9.999936223030090332e-01,-9.999867081642150879e-01,-9.999901652336120605e-01,-9.999755620956420898e-01,-9.999518394470214844e-01,-9.999853968620300293e-01,9.999855756759643555e-01,-9.999510049819946289e-01,9.999945759773254395e-01,9.999934434890747070e-01,-9.999664425849914551e-01,-9.999917745590209961e-01,-9.999808073043823242e-01,-9.999405145645141602e-01,-9.999932646751403809e-01,9.999889731407165527e-01,9.999927878379821777e-01,-9.999534487724304199e-01,9.999818205833435059e-01,9.999388456344604492e-01,9.999877810478210449e-01,-9.998877644538879395e-01,-9.999650716781616211e-01,9.999877810478210449e-01,-9.997200369834899902e-01,-9.999936819076538086e-01,-9.999911785125732422e-01,-9.998666644096374512e-01,9.999932050704956055e-01,-9.999916553497314453e-01,-9.999570846557617188e-01,-9.998792409896850586e-01,-9.999938011169433594e-01,-9.999889135360717773e-01,-9.999871850013732910e-01,9.999609589576721191e-01,-9.999924302101135254e-01,-9.999915957450866699e-01,9.999911785125732422e-01,9.999929666519165039e-01,9.999919533729553223e-01,9.999922513961791992e-01,9.999586939811706543e-01,9.999918937683105469e-01,9.999881386756896973e-01,-9.998928308486938477e-01,-9.999724030494689941e-01,-9.999604821205139160e-01,-9.999895691871643066e-01,9.999900460243225098e-01,-9.999934434890747070e-01,-9.999901056289672852e-01,-9.999741911888122559e-01,9.999555349349975586e-01,9.999931454658508301e-01,9.999943375587463379e-01,9.999707341194152832e-01,9.999939203262329102e-01,-9.999886751174926758e-01,9.999932050704956055e-01,-9.999643564224243164e-01,9.999750256538391113e-01,9.999629855155944824e-01,9.999202489852905273e-01,9.999910593032836914e-01,-9.999414682388305664e-01,-9.999924898147583008e-01,9.999529123306274414e-01,9.999702572822570801e-01,-9.999589920043945312e-01,-9.999854564666748047e-01,9.999929070472717285e-01,-9.999889135360717773e-01,9.999900460243225098e-01,9.998811483383178711e-01,9.997940659523010254e-01,-9.999936223030090332e-01,-9.999578595161437988e-01,-9.999563694000244141e-01,9.999527335166931152e-01,-9.999902248382568359e-01,9.999198913574218750e-01,9.999833106994628906e-01,-9.999815225601196289e-01,9.999880194664001465e-01,9.999182820320129395e-01,-9.999940395355224609e-01,9.999927878379821777e-01,-9.999843239784240723e-01,9.999821782112121582e-01,-9.999935626983642578e-01,-9.997576475143432617e-01,-9.997622370719909668e-01,-9.999921321868896484e-01,-9.999694228172302246e-01,9.998822808265686035e-01,9.999908804893493652e-01,9.999663233757019043e-01,-9.999912977218627930e-01,9.999914765357971191e-01,-9.999833106994628906e-01,9.999887347221374512e-01,9.993762373924255371e-01,-9.999940991401672363e-01,9.999786019325256348e-01,-9.999939799308776855e-01,9.999870061874389648e-01,9.999729394912719727e-01,9.999735951423645020e-01,9.999894499778747559e-01,-9.999813437461853027e-01,-9.999836683273315430e-01,9.999801516532897949e-01,9.999474287033081055e-01,9.999653100967407227e-01,-8.336239457130432129e-01,9.999294877052307129e-01
9.999985098838806152e-01,-9.999986290931701660e-01,-9.999946951866149902e-01,9.999971985816955566e-01,9.999989271163940430e-01,-9.999989271163940430e-01,9.999949336051940918e-01,9.999991655349731445e-01,-9.999912381172180176e-01,9.999986886978149414e-01,-9.999988675117492676e-01,-9.999991655349731445e-01,9.999979734420776367e-01,9.999985098838806152e-01,9.999963641166687012e-01,9.999926686286926270e-01,9.999977946281433105e-01,-9.999977946281433105e-01,9.999927878379821777e-01,-9.999992847442626953e-01,-9.999990463256835938e-01,9.999950528144836426e-01,9.999988079071044922e-01,9.999970793724060059e-01,9.999911189079284668e-01,9.999989867210388184e-01,-9.999983310699462891e-01,-9.999990463256835938e-01,9.999930262565612793e-01,-9.999972581863403320e-01,-9.999908804893493652e-01,-9.999981522560119629e-01,9.999831914901733398e-01,9.999947547912597656e-01,-9.999981522560119629e-01,9.999580979347229004e-01,9.999991059303283691e-01,9.999986290931701660e-01,9.999800324440002441e-01,-9.999990463256835938e-01,9.999987483024597168e-01,9.999936819076538086e-01,9.999819993972778320e-01,9.999992251396179199e-01,9.999983310699462891e-01,9.999980330467224121e-01,-9.999941587448120117e-01,9.999989271163940430e-01,9.999988079071044922e-01,-9.999987483024597168e-01,-9.999989867210388184e-01,-9.999988079071044922e-01,-9.999988079071044922e-01,-9.999938011169433594e-01,-9.999987483024597168e-01,-9.999983310699462891e-01,9.999840855598449707e-01,9.999958872795104980e-01,9.999941587448120117e-01,9.999983906745910645e-01,-9.999985098838806152e-01,9.999991059303283691e-01,9.999985098838806152e-01,9.999960660934448242e-01,-9.999933242797851562e-01,-9.999989271163940430e-01,-9.999991655349731445e-01,-9.999955892562866211e-01,-9.999991059303283691e-01,9.999982714653015137e-01,-9.999989867210388184e-01,9.999946951866149902e-01,-9.999961853027343750e-01,-9.999943971633911133e-01,-9.999880790710449219e-01,-9.999986290931701660e-01,9.999912381172180176e-01,9.999988675117492676e-01,-9.999928474426269531e-01,-9.999955296516418457e-01,9.999939203262329102e-01,9.999977946281433105e-01,-9.999989271163940430e-01,9.999983310699462891e-01,-9.999985098838806152e-01,-9.999822378158569336e-01,-9.999691843986511230e-01,9.999991059303283691e-01,9.999938011169433594e-01,9.999934434890747070e-01,-9.999930262565612793e-01,9.999986290931701660e-01,-9.999880194664001465e-01,-9.999974370002746582e-01,9.999971389770507812e-01,-9.999981522560119629e-01,-9.999878406524658203e-01,9.999990463256835938e-01,-9.999989867210388184e-01,9.999976158142089844e-01,-9.999973773956298828e-01,9.999991059303283691e-01,9.999636411666870117e-01,9.999644160270690918e-01,9.999988079071044922e-01,9.999954700469970703e-01,-9.999824166297912598e-01,-9.999986290931701660e-01,-9.999949336051940918e-01,9.999986886978149414e-01,-9.999986886978149414e-01,9.999974370002746582e-01,-9.999982714653015137e-01,-9.999064207077026367e-01,9.999992847442626953e-01,-9.999966621398925781e-01,9.999992251396179199e-01,-9.999980330467224121e-01,-9.999960064888000488e-01,-9.999960064888000488e-01,-9.999982714653015137e-01,9.999971389770507812e-01,9.999974966049194336e-01,-9.999969601631164551e-01,-9.999922513961791992e-01,-9.999948143959045410e-01,8.390353322029113770e-01,-9.999895095825195312e-01
-9.999986886978149414e-01,9.999988675117492676e-01,9.999955296516418457e-01,-9.999976158142089844e-01,-9.999991655349731445e-01,9.999991059303283691e-01,-9.999957680702209473e-01,-9.999993443489074707e-01,9.999927282333374023e-01,-9.999988675117492676e-01,9.999990463256835938e-01,9.999992251396179199e-01,-9.999983310699462891e-01,-9.999987483024597168e-01,-9.999969005584716797e-01,-9.999939203262329102e-01,-9.999980330467224121e-01,9.999980926513671875e-01,-9.999939799308776855e-01,9.999993443489074707e-01,9.999992251396179199e-01,-9.999958276748657227e-01,-9.999989271163940430e-01,-9.999975562095642090e-01,-9.999926090240478516e-01,-9.999991059303283691e-01,9.999985098838806152e-01,9.999991655349731445e-01,-9.999940991401672363e-01,9.999976754188537598e-01,9.999923110008239746e-01,9.999984502792358398e-01,-9.999859333038330078e-01,-9.999955892562866211e-01,9.999983310699462891e-01,-9.999650716781616211e-01,-9.999992251396179199e-01,-9.999988079071044922e-01,-9.999833106994628906e-01,9.999991059303283691e-01,-9.999988675117492676e-01,-9.999946355819702148e-01,-9.999849796295166016e-01,-9.999992251396179199e-01,-9.999985694885253906e-01,-9.999983906745910645e-01,9.999951124191284180e-01,-9.999991059303283691e-01,-9.999988675117492676e-01,9.999989271163940430e-01,9.999991655349731445e-01,9.999989867210388184e-01,9.999991059303283691e-01,9.999947547912597656e-01,9.999989271163940430e-01,9.999985098838806152e-01,-9.999866485595703125e-01,-9.999964237213134766e-01,-9.999951124191284180e-01,-9.999986886978149414e-01,9.999986886978149414e-01,-9.999992847442626953e-01,-9.999986886978149414e-01,-9.999967217445373535e-01,9.999943971633911133e-01,9.999991059303283691e-01,9.999993443489074707e-01,9.999963045120239258e-01,9.999991655349731445e-01,-9.999985694885253906e-01,9.999991655349731445e-01,-9.999955296516418457e-01,9.999967217445373535e-01,9.999952912330627441e-01,9.999899864196777344e-01,9.999988675117492676e-01,-9.999926090240478516e-01,-9.999991059303283691e-01,9.999940395355224609e-01,9.999962449073791504e-01,-9.999948740005493164e-01,-9.999981522560119629e-01,9.999990463256835938e-01,-9.999985694885253906e-01,9.999986886978149414e-01,9.999852180480957031e-01,9.999742507934570312e-01,-9.999991655349731445e-01,-9.999946951866149902e-01,-9.999945759773254395e-01,9.999940991401672363e-01,-9.999987483024597168e-01,9.999900460243225098e-01,9.999977946281433105e-01,-9.999976158142089844e-01,9.999985098838806152e-01,9.999898076057434082e-01,-9.999992251396179199e-01,9.999991655349731445e-01,-9.999980330467224121e-01,9.999977350234985352e-01,-9.999992251396179199e-01,-9.999697208404541016e-01,-9.999703764915466309e-01,-9.999991059303283691e-01,-9.999961256980895996e-01,9.999853372573852539e-01,9.999988675117492676e-01,9.999958276748657227e-01,-9.999988079071044922e-01,9.999989271163940430e-01,-9.999979138374328613e-01,9.999985694885253906e-01,9.999220967292785645e-01,-9.999992847442626953e-01,9.999973177909851074e-01,-9.999991655349731445e-01,9.999983310699462891e-01,9.999965429306030273e-01,9.999965429306030273e-01,9.999985694885253906e-01,-9.999976158142089844e-01,-9.999978542327880859e-01,9.999974966049194336e-01,9.999934434890747070e-01,9.999955892562866211e-01,-8.391972780227661133e-01,9.999912381172180176e-01
-9.999989271163940430e-01,9.999990463256835938e-01,9.999960064888000488e-01,-9.999979138374328613e-01,-9.999992847442626953e-01,9.999992251396179199e-01,-9.999961256980895996e-01,-9.999994039535522461e-01,9.999936223030090332e-01,-9.999991655349731445e-01,9.999992251396179199e-01,9.999992847442626953e-01,-9.999985098838806152e-01,-9.999989867210388184e-01,-9.999972581863403320e-01,-9.999946355819702148e-01,-9.999983310699462891e-01,9.999983906745910645e-01,-9.999946355819702148e-01,9.999994635581970215e-01,9.999994039535522461e-01,-9.999962449073791504e-01,-9.999992251396179199e-01,-9.999979138374328613e-01,-9.999933838844299316e-01,-9.999992847442626953e-01,9.999987483024597168e-01,9.999993443489074707e-01,-9.999948143959045410e-01,9.999979734420776367e-01,9.999931454658508301e-01,9.999986290931701660e-01,-9.999875426292419434e-01,-9.999960660934448242e-01,9.999986290931701660e-01,-9.999689459800720215e-01,-9.999993443489074707e-01,-9.999990463256835938e-01,-9.999852180480957031e-01,9.999992847442626953e-01,-9.999992251396179199e-01,-9.999952912330627441e-01,-9.999867081642150879e-01,-9.999994039535522461e-01,-9.999987483024597168e-01,-9.999986290931701660e-01,9.999956488609313965e-01,-9.999992847442626953e-01,-9.999992251396179199e-01,9.999991655349731445e-01,9.999992847442626953e-01,9.999992251396179199e-01,9.999992847442626953e-01,9.999954104423522949e-01,9.999991059303283691e-01,9.999987483024597168e-01,-9.999881982803344727e-01,-9.999969005584716797e-01,-9.999957084655761719e-01,-9.999988079071044922e-01,9.999988675117492676e-01,-9.999994039535522461e-01,-9.999988675117492676e-01,-9.999970793724060059e-01,9.999950528144836426e-01,9.999991655349731445e-01,9.999994039535522461e-01,9.999967217445373535e-01,9.999993443489074707e-01,-9.999987483024597168e-01,9.999993443489074707e-01,-9.999960064888000488e-01,9.999972581863403320e-01,9.999958276748657227e-01,9.999911785125732422e-01,9.999990463256835938e-01,-9.999935030937194824e-01,-9.999992847442626953e-01,9.999947547912597656e-01,9.999966621398925781e-01,-9.999954700469970703e-01,-9.999983310699462891e-01,9.999992251396179199e-01,-9.999987483024597168e-01,9.999988675117492676e-01,9.999868273735046387e-01,9.999771118164062500e-01,-9.999993443489074707e-01,-9.999954104423522949e-01,-9.999951720237731934e-01,9.999947547912597656e-01,-9.999989271163940430e-01,9.999912381172180176e-01,9.999980926513671875e-01,-9.999979138374328613e-01,9.999986290931701660e-01,9.999909400939941406e-01,-9.999993443489074707e-01,9.999993443489074707e-01,-9.999983310699462891e-01,9.999980926513671875e-01,-9.999993443489074707e-01,-9.999731183052062988e-01,-9.999735951423645020e-01,-9.999991655349731445e-01,-9.999965429306030273e-01,9.999869465827941895e-01,9.999990463256835938e-01,9.999961853027343750e-01,-9.999990463256835938e-01,9.999992251396179199e-01,-9.999982118606567383e-01,9.999987483024597168e-01,9.999306201934814453e-01,-9.999994635581970215e-01,9.999976158142089844e-01,-9.999993443489074707e-01,9.999985098838806152e-01,9.999970197677612305e-01,9.999970197677612305e-01,9.999988079071044922e-01,-9.999979138374328613e-01,-9.999981522560119629e-01,9.999977946281433105e-01,9.999942779541015625e-01,9.999960660934448242e-01,-8.392841219902038574e-01,9.999923110008239746e-01
