4.816711246967315674e-01,-8.213852532207965851e-03,6.259609758853912354e-02,-1.432621479034423828e-01,2.814899384975433350e-01,-2.876963317394256592e-01,1.472846120595932007e-01,4.162457883358001709e-01,1.406971216201782227e-01,7.889834046363830566e-02,-2.012011408805847168e-01,-1.017290577292442322e-01,-1.457410454750061035e-01,6.481344997882843018e-02,4.801833257079124451e-02,1.928525269031524658e-01,3.954142332077026367e-03,-9.936467558145523071e-02,7.984871417284011841e-02,-9.034179151058197021e-02,-1.696985512971878052e-01,-5.442474409937858582e-02,-1.164832562208175659e-01,8.133210241794586182e-02,1.962953060865402222e-02,1.005082577466964722e-01,1.092267408967018127e-02,-3.104670345783233643e-01,7.982757873833179474e-03,-1.649160832166671753e-01,-1.729642897844314575e-01,-4.418108984827995300e-02,-9.356141090393066406e-02,4.853356629610061646e-02,-1.701221987605094910e-02,-6.704836338758468628e-02,1.675479672849178314e-02,3.455180302262306213e-02,-2.411795556545257568e-01,-3.664291203022003174e-01,1.762160956859588623e-01,1.239481717348098755e-01,-9.741929173469543457e-02,2.028616331517696381e-02,-6.112069636583328247e-02,1.640121191740036011e-01,-1.560947624966502190e-03,-8.638028055429458618e-02,1.330971568822860718e-01,-9.838829189538955688e-02,-2.176594734191894531e-01,-1.501073092222213745e-01,3.280623853206634521e-01,-4.126186668872833252e-02,-7.937423139810562134e-02,-1.515052020549774170e-01,1.326160132884979248e-01,2.237258246168494225e-03,1.631898283958435059e-01,7.152486592531204224e-02,-1.927335411310195923e-01,3.572148457169532776e-02,-5.224091582931578159e-04,2.284602522850036621e-01,7.707086950540542603e-02,5.756211467087268829e-03,-3.338748216629028320e-01,1.181584894657135010e-01,-5.620310828089714050e-02,2.505598068237304688e-01,-2.147033214569091797e-01,2.070113271474838257e-01,1.631567440927028656e-02,1.216650940477848053e-02,-1.935189962387084961e-01,-1.508616209030151367e-01,1.125547569245100021e-03,1.425398699939250946e-02,-4.473876208066940308e-02,-8.862724900245666504e-02,8.625327050685882568e-02,1.204906438942998648e-04,-1.701055467128753662e-01,-1.543966005556285381e-03,-3.177214860916137695e-01,1.351759135723114014e-01,2.868566811084747314e-01,1.410260214470326900e-03,-8.971444517374038696e-02,1.264554560184478760e-01,-2.009219825267791748e-01,2.331279814243316650e-01,1.105234399437904358e-01,-1.253005713224411011e-01,-8.805917203426361084e-02,-3.957782685756683350e-01,7.830698788166046143e-02,-3.287203071522526443e-05,-1.653220504522323608e-01,2.135483473539352417e-01,-3.261958360671997070e-01,3.772279322147369385e-01,-2.591529674828052521e-02,-8.260222524404525757e-02,-5.505319684743881226e-02,2.380677163600921631e-01,1.072549521923065186e-01,1.163188517093658447e-01,-4.110012054443359375e-01,5.388065241277217865e-03,3.679687157273292542e-02,1.216908171772956848e-01,6.607291102409362793e-02,8.562531322240829468e-02,5.810188874602317810e-02,-6.508505344390869141e-02,3.547617495059967041e-01,-1.231567114591598511e-01,-1.981014162302017212e-01,-9.277356788516044617e-03,-1.895995736122131348e-01,1.243776530027389526e-01,1.218771338462829590e-01,2.712511122226715088e-01,-1.165865063667297363e-01,2.498239278793334961e-02,3.161425143480300903e-02,5.367171764373779297e-02
-8.213852532207965851e-03,1.168219465762376785e-02,-9.419530630111694336e-02,7.969126850366592407e-02,4.857748001813888550e-02,1.390111516229808331e-03,-2.018440701067447662e-02,2.979348041117191315e-02,5.327241122722625732e-02,5.620579421520233154e-02,-4.791988059878349304e-03,-4.662464186549186707e-02,8.447213470935821533e-02,7.604173570871353149e-02,8.379424363374710083e-02,9.580010920763015747e-02,-2.074565505608916283e-03,7.074107974767684937e-02,-8.725389093160629272e-02,-6.149697303771972656e-02,-3.595147654414176941e-02,7.983319461345672607e-02,7.183870673179626465e-02,-2.565049566328525543e-02,1.183052919805049896e-02,8.767616748809814453e-02,-9.220086783170700073e-02,-2.898936532437801361e-02,8.768671005964279175e-02,-3.801282495260238647e-03,2.062611095607280731e-02,-1.016767472028732300e-01,6.947938352823257446e-02,6.224212795495986938e-02,-2.825474599376320839e-03,-9.829408675432205200e-02,6.294093281030654907e-02,8.379846066236495972e-02,-7.023774832487106323e-02,-5.042775347828865051e-02,8.638009428977966309e-02,1.010597217828035355e-02,9.463140368461608887e-02,2.427386306226253510e-02,-5.583969876170158386e-03,-7.705229520797729492e-02,-9.346553683280944824e-02,-2.769974619150161743e-02,-7.892592810094356537e-03,2.325901016592979431e-02,9.276165626943111420e-03,3.614678047597408295e-03,4.864554107189178467e-02,-1.727229729294776917e-02,-1.222896482795476913e-02,-1.017136275768280029e-01,4.168269410729408264e-02,5.514086689800024033e-03,-7.360960543155670166e-02,-8.161830902099609375e-02,-1.979696564376354218e-03,-1.485160551965236664e-03,2.501888666301965714e-03,1.734919473528862000e-02,2.020090259611606598e-02,-2.747608348727226257e-02,5.703560262918472290e-02,9.489822387695312500e-02,-9.239865839481353760e-02,1.309342309832572937e-02,-7.500930130481719971e-02,-2.148080989718437195e-02,-2.947330288589000702e-02,8.538617193698883057e-02,-2.583036199212074280e-02,-9.216764569282531738e-02,-6.803512806072831154e-04,1.014198735356330872e-01,-4.209061339497566223e-02,-8.370956033468246460e-02,9.728708863258361816e-02,1.992215111386030912e-04,-7.208268344402313232e-02,1.900987699627876282e-04,-8.177690207958221436e-02,-8.919674903154373169e-02,3.023810498416423798e-02,1.996034989133477211e-03,6.585389375686645508e-02,6.278904527425765991e-02,-2.394873648881912231e-02,-4.540846124291419983e-02,-8.843065053224563599e-02,4.709505289793014526e-02,-8.254612982273101807e-02,2.012639120221138000e-02,7.147198170423507690e-02,-4.975607225787825882e-06,-6.746870279312133789e-02,6.786143779754638672e-02,-2.356427349150180817e-02,2.009175717830657959e-02,-9.941491484642028809e-02,-8.068213611841201782e-02,1.094877645373344421e-01,-7.531595416367053986e-03,-8.944740146398544312e-02,-9.836280345916748047e-02,3.691774327307939529e-03,-2.778560854494571686e-03,6.408097594976425171e-02,-7.376050949096679688e-02,-9.605423361063003540e-02,-1.490085758268833160e-02,1.004234924912452698e-01,-8.648815751075744629e-02,4.193144291639328003e-02,3.701873496174812317e-02,-8.984888345003128052e-02,4.646914452314376831e-02,7.238152623176574707e-02,7.390147447586059570e-02,7.807257771492004395e-02,-6.973413378000259399e-02,-5.302877724170684814e-02,-5.951116234064102173e-02,-5.326688289642333984e-03,7.284528017044067383e-02
6.259609758853912354e-02,-9.419530630111694336e-02,7.676411271095275879e-01,-6.830511093139648438e-01,-4.065250456333160400e-01,-6.584572792053222656e-02,1.320188045501708984e-01,-2.768913209438323975e-01,-4.313357472419738770e-01,-5.046624541282653809e-01,7.041823863983154297e-02,4.227170348167419434e-01,-6.412248611450195312e-01,-6.633337140083312988e-01,-7.092370986938476562e-01,-7.250233888626098633e-01,1.716636121273040771e-02,-5.660132169723510742e-01,7.180119156837463379e-01,5.781795382499694824e-01,3.101948797702789307e-01,-6.883008480072021484e-01,-6.423098444938659668e-01,2.325452268123626709e-01,-1.068235486745834351e-01,-6.560411453247070312e-01,7.398552298545837402e-01,2.048817425966262817e-01,-7.203705906867980957e-01,5.269096046686172485e-02,-1.629355102777481079e-01,7.882316708564758301e-01,-5.730723738670349121e-01,-6.059551835060119629e-01,2.756731025874614716e-02,7.574844360351562500e-01,-5.416517257690429688e-01,-7.012577056884765625e-01,5.340055823326110840e-01,4.743655920028686523e-01,-6.758488416671752930e-01,-1.013622134923934937e-01,-7.453364729881286621e-01,-2.207022011280059814e-01,2.780479937791824341e-02,6.383880376815795898e-01,7.655731439590454102e-01,2.420203536748886108e-01,6.216913461685180664e-02,-1.058315858244895935e-01,-7.068654894828796387e-02,1.803365349769592285e-02,-4.416824281215667725e-01,1.608782708644866943e-01,1.052780449390411377e-01,7.932026982307434082e-01,-4.016267359256744385e-01,-4.935190081596374512e-02,5.879238247871398926e-01,6.851925253868103027e-01,5.093377828598022461e-02,-1.303084101527929306e-02,-2.222037315368652344e-02,-1.362807601690292358e-01,-1.603184938430786133e-01,2.348712384700775146e-01,-4.247393608093261719e-01,-7.338520884513854980e-01,7.416940331459045410e-01,-8.834231644868850708e-02,6.380760073661804199e-01,2.135644406080245972e-01,2.695938050746917725e-01,-7.177568674087524414e-01,1.867691576480865479e-01,7.281821370124816895e-01,5.205114372074604034e-03,-8.038804531097412109e-01,3.828439712524414062e-01,6.970252394676208496e-01,-7.812935709953308105e-01,-1.825146842747926712e-03,6.223044991493225098e-01,-7.546661654487252235e-04,6.407733559608459473e-01,7.144613265991210938e-01,-2.875976562500000000e-01,-1.689013466238975525e-02,-5.382666587829589844e-01,-5.729730129241943359e-01,2.202494889497756958e-01,3.638721704483032227e-01,7.078129053115844727e-01,-4.085106551647186279e-01,6.872452497482299805e-01,-1.491685956716537476e-01,-6.034110188484191895e-01,4.719537537312135100e-05,5.754725933074951172e-01,-5.504409670829772949e-01,2.830561101436614990e-01,-1.731402128934860229e-01,7.810841202735900879e-01,6.789695024490356445e-01,-8.351203203201293945e-01,-4.012297838926315308e-02,6.997524499893188477e-01,7.520338296890258789e-01,-4.594735056161880493e-02,2.362541481852531433e-02,-5.514668226242065430e-01,6.570970416069030762e-01,7.628183364868164062e-01,8.922893553972244263e-03,-7.847579717636108398e-01,7.100765109062194824e-01,-3.474830985069274902e-01,-3.341443836688995361e-01,7.314381599426269531e-01,-4.200820624828338623e-01,-5.909755825996398926e-01,-6.345651149749755859e-01,-6.572971940040588379e-01,5.379157066345214844e-01,5.277193188667297363e-01,5.417814254760742188e-01,3.619877621531486511e-02,-6.373632550239562988e-01
-1.432621479034423828e-01,7.969126850366592407e-02,-6.830511093139648438e-01,7.211964130401611328e-01,2.314573377370834351e-01,1.584358364343643188e-01,-1.374070346355438232e-01,9.730979800224304199e-02,3.698484599590301514e-01,4.293699860572814941e-01,-1.136548295617103577e-01,-3.482177555561065674e-01,4.997571706771850586e-01,6.133973002433776855e-01,6.223443746566772461e-01,5.308222770690917969e-01,-1.216406561434268951e-02,5.032734274864196777e-01,-6.965708732604980469e-01,-4.954130649566650391e-01,-3.579171299934387207e-01,6.382768154144287109e-01,5.979196429252624512e-01,-2.042137235403060913e-01,9.299191087484359741e-02,4.567572176456451416e-01,-5.976785421371459961e-01,2.424621582031250000e-02,5.550832152366638184e-01,8.587622642517089844e-02,1.403817981481552124e-01,-7.119552493095397949e-01,6.189559102058410645e-01,5.204023122787475586e-01,-1.064122747629880905e-02,-5.924491286277770996e-01,4.433400034904479980e-01,5.874754190444946289e-01,-2.892439961433410645e-01,-4.318394362926483154e-01,5.863538980484008789e-01,1.147419214248657227e-01,6.319562792778015137e-01,1.824063211679458618e-01,-8.830679208040237427e-02,-4.832029938697814941e-01,-7.073376774787902832e-01,-2.221864163875579834e-01,-6.356804817914962769e-02,1.363581120967864990e-01,1.071835458278656006e-01,8.451638370752334595e-02,4.074929952621459961e-01,-1.651012897491455078e-01,2.963560260832309723e-02,-6.442305445671081543e-01,3.574268221855163574e-01,4.033046215772628784e-02,-5.420959591865539551e-01,-6.734923124313354492e-01,-6.749833375215530396e-02,7.537090778350830078e-02,2.409004420042037964e-02,6.437396258115768433e-02,1.679734885692596436e-01,-2.034746259450912476e-01,3.891028761863708496e-01,5.688027143478393555e-01,-6.238584518432617188e-01,-1.013776585459709167e-01,-4.871700406074523926e-01,-6.930570304393768311e-02,-3.019960820674896240e-01,6.441454291343688965e-01,-1.556884497404098511e-01,-6.086518764495849609e-01,-2.885193098336458206e-03,6.669849157333374023e-01,-4.762132465839385986e-01,-5.902532339096069336e-01,7.291882634162902832e-01,1.571729662828147411e-03,-4.527692496776580811e-01,3.086788579821586609e-03,-5.055773854255676270e-01,-6.180990934371948242e-01,7.254842668771743774e-02,1.147976703941822052e-02,4.200485348701477051e-01,4.587297737598419189e-01,-1.893155276775360107e-01,-4.677306115627288818e-01,-6.805420517921447754e-01,4.273735284805297852e-01,-6.310535669326782227e-01,2.433222085237503052e-01,4.809509515762329102e-01,-3.396734246052801609e-05,-4.035716354846954346e-01,4.045789837837219238e-01,-1.309469640254974365e-01,-4.945128783583641052e-02,-7.275549769401550293e-01,-5.493106245994567871e-01,7.546299099922180176e-01,1.632208228111267090e-01,-7.532705664634704590e-01,-6.392366290092468262e-01,2.040585726499557495e-01,-2.480620704591274261e-02,5.557869076728820801e-01,-6.749665737152099609e-01,-7.145122289657592773e-01,8.576540648937225342e-02,6.605300307273864746e-01,-6.071639657020568848e-01,1.298153251409530640e-01,3.007367253303527832e-01,-6.078484058380126953e-01,4.324360787868499756e-01,5.321843624114990234e-01,5.843980312347412109e-01,5.804813504219055176e-01,-5.300846695899963379e-01,-4.473550319671630859e-01,-5.256155133247375488e-01,-4.561151936650276184e-02,5.344394445419311523e-01
2.814899384975433350e-01,4.857748001813888550e-02,-4.065250456333160400e-01,2.314573377370834351e-01,4.998547732830047607e-01,-2.151565551757812500e-01,1.657267473638057709e-02,5.211549997329711914e-01,2.714440226554870605e-01,3.024728000164031982e-01,-1.153971552848815918e-01,-2.905068397521972656e-01,3.562909364700317383e-01,3.460938930511474609e-01,4.103977978229522705e-01,6.429895758628845215e-01,-9.792896918952465057e-03,2.984010875225067139e-01,-3.277638554573059082e-01,-3.227509260177612305e-01,-1.294144243001937866e-01,3.091031908988952637e-01,2.483322322368621826e-01,-6.514306366443634033e-02,6.271708756685256958e-02,5.462140440940856934e-01,-4.408951103687286377e-01,-4.622414112091064453e-01,5.126757025718688965e-01,-2.091714143753051758e-01,-1.893689390271902084e-03,-4.543587565422058105e-01,1.815670430660247803e-01,3.284611701965332031e-01,-3.402031958103179932e-02,-5.416381955146789551e-01,3.240742087364196777e-01,4.377440214157104492e-01,-6.489308476448059082e-01,-4.262689948081970215e-01,5.116986036300659180e-01,9.592846035957336426e-02,4.108664393424987793e-01,1.346181631088256836e-01,8.293711580336093903e-03,-3.224933445453643799e-01,-4.422331750392913818e-01,-1.800104230642318726e-01,3.202503547072410583e-02,3.110358864068984985e-02,-1.078386604785919189e-01,-1.741738170385360718e-01,3.768911063671112061e-01,-8.699813485145568848e-02,-2.016864567995071411e-01,-6.168934702873229980e-01,2.772009670734405518e-01,3.011323884129524231e-02,-2.347044646739959717e-01,-3.019656538963317871e-01,-8.406670391559600830e-02,-6.335840374231338501e-02,6.897108163684606552e-03,2.403251379728317261e-01,1.183812096714973450e-01,-1.249514147639274597e-01,7.078720629215240479e-02,5.759339928627014160e-01,-4.700722098350524902e-01,3.460496068000793457e-01,-5.526229739189147949e-01,-8.371584862470626831e-02,-4.981802776455879211e-02,3.989918529987335205e-01,-2.336808443069458008e-01,-5.517011284828186035e-01,-3.613676875829696655e-03,5.300521254539489746e-01,-1.378612071275711060e-01,-4.477184116840362549e-01,4.853412210941314697e-01,9.905442129820585251e-04,-5.094982981681823730e-01,-2.140718279406428337e-03,-6.223340034484863281e-01,-3.584203422069549561e-01,4.353735744953155518e-01,1.275542005896568298e-02,2.474997490644454956e-01,3.964898288249969482e-01,-2.493202984333038330e-01,4.282471910119056702e-02,-3.018522262573242188e-01,6.748136878013610840e-02,-4.249358773231506348e-01,-2.089468985795974731e-01,4.497112929821014404e-01,-4.768283906741999090e-05,-4.675452411174774170e-01,5.157328844070434570e-01,-3.885546028614044189e-01,4.445093870162963867e-01,-4.453110992908477783e-01,-4.636756777763366699e-01,4.770217835903167725e-01,4.569355398416519165e-02,-2.487907111644744873e-01,-4.282780587673187256e-01,-3.366338014602661133e-01,-2.680059056729078293e-03,2.062183022499084473e-01,-1.954835355281829834e-01,-3.947331905364990234e-01,-1.057711988687515259e-01,5.693093538284301758e-01,-4.450863599777221680e-01,5.149941444396972656e-01,1.204757466912269592e-01,-5.807626247406005859e-01,1.526685953140258789e-01,2.457244992256164551e-01,3.836839497089385986e-01,4.152469038963317871e-01,-1.274738162755966187e-01,-3.081191480159759521e-01,-2.001654952764511108e-01,-4.678239114582538605e-03,4.000023305416107178e-01
-2.876963317394256592e-01,1.390111516229808331e-03,-6.584572792053222656e-02,1.584358364343643188e-01,-2.151565551757812500e-01,2.642637193202972412e-01,-5.700268223881721497e-02,-2.628275156021118164e-01,-9.468429535627365112e-02,-2.479521743953227997e-02,7.825683057308197021e-02,4.376972466707229614e-02,2.586366049945354462e-02,3.613235428929328918e-02,2.534375898540019989e-02,-1.497839689254760742e-01,-7.544875843450427055e-04,8.159873075783252716e-03,-7.799745351076126099e-02,-8.774452842772006989e-03,2.938168495893478394e-02,8.502358943223953247e-02,1.178763955831527710e-01,-5.499230697751045227e-02,-6.078255828469991684e-03,-1.438539922237396240e-01,-2.356155775487422943e-02,2.844447195529937744e-01,1.749816816300153732e-03,1.150957420468330383e-01,9.196414798498153687e-02,-2.113096415996551514e-02,9.510077536106109619e-02,6.347351521253585815e-02,1.084931008517742157e-02,5.580788478255271912e-02,-1.985162124037742615e-02,-1.750376634299755096e-02,2.214285731315612793e-01,1.161935850977897644e-01,-1.207972019910812378e-01,-4.132940620183944702e-02,4.758733510971069336e-02,-1.175915123894810677e-03,3.115619719028472900e-02,-9.060931205749511719e-02,-3.640221804380416870e-02,4.151909798383712769e-02,-8.149145543575286865e-02,-1.579299569129943848e-02,1.316416859626770020e-01,7.058295607566833496e-02,-1.293596774339675903e-01,6.437371484935283661e-03,8.315084129571914673e-02,6.273435801267623901e-02,-4.379646480083465576e-02,-4.915452445857226849e-04,-6.912550330162048340e-02,-7.773969322443008423e-02,7.073424756526947021e-02,3.540708124637603760e-02,3.492868505418300629e-03,-1.708624362945556641e-01,-5.451371893286705017e-02,-8.074357174336910248e-04,1.454649716615676880e-01,-9.420052170753479004e-02,2.673271670937538147e-02,-2.311370521783828735e-01,1.238024905323982239e-01,-1.345733553171157837e-01,-5.057426914572715759e-02,2.632766775786876678e-02,1.561283022165298462e-01,9.013783186674118042e-02,4.689078486990183592e-04,1.397699862718582153e-02,-3.330038115382194519e-02,3.611417487263679504e-02,2.847407013177871704e-03,6.006435796734876931e-05,8.901117742061614990e-02,6.371331401169300079e-04,2.044120132923126221e-01,-7.659178972244262695e-02,-1.886499822139739990e-01,-2.190140541642904282e-03,1.397237740457057953e-02,-5.782487988471984863e-02,1.042546033859252930e-01,-1.639736592769622803e-01,-7.613616436719894409e-02,1.078584864735603333e-01,3.301643580198287964e-02,2.394216954708099365e-01,-5.227422341704368591e-02,1.660177076701074839e-05,9.990771114826202393e-02,-1.833036243915557861e-01,1.563538610935211182e-01,-2.791292071342468262e-01,-2.030790597200393677e-02,4.976210743188858032e-02,4.541337117552757263e-02,1.194323506206274033e-02,-1.253754794597625732e-01,-3.075920417904853821e-02,3.094254136085510254e-01,-5.234646145254373550e-03,5.676610022783279419e-02,-1.742447465658187866e-01,-5.914735794067382812e-02,9.229075163602828979e-02,-2.659482322633266449e-02,2.379527315497398376e-02,-2.512253224849700928e-01,8.183810114860534668e-02,9.106709063053131104e-02,5.242432281374931335e-02,8.877367526292800903e-02,-3.195854648947715759e-02,-3.599403798580169678e-02,-1.347863078117370605e-01,-1.970605738461017609e-02,-7.352251559495925903e-02,-1.379094086587429047e-02,-1.971562951803207397e-02
1.472846120595932007e-01,-2.018440701067447662e-02,1.320188045501708984e-01,-1.374070346355438232e-01,1.657267473638057709e-02,-5.700268223881721497e-02,1.243555247783660889e-01,8.581202477216720581e-02,-6.138059869408607483e-02,-3.197398781776428223e-02,-8.199665695428848267e-02,3.578727692365646362e-02,-1.873961985111236572e-01,-8.422647416591644287e-02,-1.017733663320541382e-01,-9.263215214014053345e-02,3.390728728845715523e-03,-1.465806663036346436e-01,1.160187423229217529e-01,2.527063339948654175e-02,-1.333686057478189468e-02,-1.234567165374755859e-01,-1.178047657012939453e-01,6.299093365669250488e-02,-8.529343642294406891e-03,-1.117298305034637451e-01,1.258251368999481201e-01,-3.522926941514015198e-02,-1.050503253936767578e-01,-8.146146684885025024e-02,-8.122997730970382690e-02,1.267626732587814331e-01,-1.015509963035583496e-01,-3.959418088197708130e-02,-9.408096229890361428e-05,1.308407187461853027e-01,-8.375142514705657959e-02,-9.810386598110198975e-02,4.174482077360153198e-02,-6.837113946676254272e-02,-6.964456290006637573e-02,3.057521581649780273e-02,-1.629696488380432129e-01,-2.359293773770332336e-02,-3.255050629377365112e-02,1.500651538372039795e-01,1.182556226849555969e-01,2.234867028892040253e-02,6.538596749305725098e-02,-7.970257103443145752e-02,-6.483484059572219849e-02,-6.948204338550567627e-02,4.755853861570358276e-02,2.412219345569610596e-02,-2.935637952759861946e-03,9.098841995000839233e-02,-1.508564502000808716e-02,-7.263789419084787369e-03,1.359036117792129517e-01,1.432321816682815552e-01,-8.141472190618515015e-02,2.976153977215290070e-02,-3.325287019833922386e-03,6.920521706342697144e-02,-9.892209433019161224e-03,4.086500033736228943e-02,-2.033496350049972534e-01,-1.028902009129524231e-01,1.161724552512168884e-01,6.191162765026092529e-02,2.194016054272651672e-02,8.188437670469284058e-02,4.495901986956596375e-02,-1.192040443420410156e-01,-2.853395231068134308e-02,6.275425851345062256e-02,1.614642795175313950e-03,-1.256285458803176880e-01,3.807101398706436157e-02,8.650819212198257446e-02,-9.254219383001327515e-02,-2.440365933580324054e-04,3.781132400035858154e-02,-1.588846906088292599e-03,1.538140326738357544e-02,1.809303313493728638e-01,8.535725623369216919e-02,-2.967553446069359779e-03,-1.193033233284950256e-01,-4.078734666109085083e-02,-3.612197935581207275e-02,1.292800754308700562e-01,1.473826617002487183e-01,-9.022296220064163208e-02,7.431221008300781250e-02,-1.622443795204162598e-01,-7.499869912862777710e-02,-6.993241186137311161e-06,5.443686619400978088e-02,-3.035840205848217010e-02,-9.819548577070236206e-02,9.579015523195266724e-02,1.362202018499374390e-01,8.514600247144699097e-02,-1.402179747819900513e-01,1.280331760644912720e-01,1.404541134834289551e-01,1.883801817893981934e-01,-1.304416507482528687e-01,4.531005397439002991e-03,-9.208117425441741943e-02,9.432397037744522095e-02,1.697631925344467163e-01,1.098356321454048157e-01,-1.252370774745941162e-01,9.105619043111801147e-02,3.276741504669189453e-02,-8.176784962415695190e-02,5.212432518601417542e-02,-6.178352609276771545e-02,-1.671779304742813110e-01,-4.503630474209785461e-02,-7.089897245168685913e-02,2.005724459886550903e-01,2.076286636292934418e-02,7.519795000553131104e-02,1.975753717124462128e-02,-4.948141053318977356e-02
4.162457883358001709e-01,2.979348041117191315e-02,-2.768913209438323975e-01,9.730979800224304199e-02,5.211549997329711914e-01,-2.628275156021118164e-01,8.581202477216720581e-02,6.614869236946105957e-01,2.105359137058258057e-01,2.491585761308670044e-01,-1.211702674627304077e-01,-2.867202162742614746e-01,2.217540889978408813e-01,2.879993021488189697e-01,3.472835719585418701e-01,5.814574360847473145e-01,-6.014210637658834457e-03,1.591264903545379639e-01,-1.685602217912673950e-01,-2.853100001811981201e-01,-5.491237714886665344e-02,2.266017943620681763e-01,1.422542035579681396e-01,-4.409413412213325500e-02,5.454374104738235474e-02,4.602240622043609619e-01,-3.436925709247589111e-01,-5.300170183181762695e-01,4.620641171932220459e-01,-2.662150263786315918e-01,-6.818678230047225952e-02,-3.284400701522827148e-01,-5.909171304665505886e-04,3.269078433513641357e-01,-4.540934786200523376e-02,-4.570314288139343262e-01,2.627302408218383789e-01,3.553088009357452393e-01,-6.689969301223754883e-01,-4.635186493396759033e-01,4.123906791210174561e-01,1.008450090885162354e-01,2.694567143917083740e-01,1.226838231086730957e-01,8.518218994140625000e-02,-2.399029284715652466e-01,-3.261563479900360107e-01,-1.700097173452377319e-01,5.861033126711845398e-02,-1.220418363809585571e-01,-1.925017088651657104e-01,-2.924990653991699219e-01,3.801232278347015381e-01,-9.133844077587127686e-02,-2.662832736968994141e-01,-5.461712479591369629e-01,2.867514789104461670e-01,2.767398953437805176e-02,-4.145496338605880737e-02,-1.769629269838333130e-01,-1.193758472800254822e-01,-7.696691900491714478e-02,2.181902294978499413e-03,2.223500162363052368e-01,8.327594399452209473e-02,-8.957132697105407715e-02,-1.109727099537849426e-01,4.916619956493377686e-01,-3.834983706474304199e-01,4.166302382946014404e-01,-5.406149625778198242e-01,-1.231623888015747070e-01,1.052091922610998154e-02,3.242867588996887207e-01,-1.790175139904022217e-01,-4.482600390911102295e-01,-2.894080011174082756e-03,4.356825351715087891e-01,-5.854376778006553650e-02,-3.726299405097961426e-01,3.698818087577819824e-01,9.131482802331447601e-04,-5.056345462799072266e-01,-3.951097838580608368e-03,-5.744850039482116699e-01,-2.383855879306793213e-01,5.182826519012451172e-01,1.245895214378833771e-02,1.261417418718338013e-01,3.900075256824493408e-01,-2.615060508251190186e-01,2.467125952243804932e-01,-1.326808780431747437e-01,-5.038807168602943420e-02,-3.248115777969360352e-01,-3.656043112277984619e-01,3.918816149234771729e-01,-5.383330062613822520e-05,-4.767788648605346680e-01,4.748787283897399902e-01,-5.230004191398620605e-01,5.663344264030456543e-01,-3.218958079814910889e-01,-4.071198105812072754e-01,3.007072806358337402e-01,1.186653599143028259e-01,-4.495700076222419739e-02,-2.804577350616455078e-01,-4.667218923568725586e-01,5.946596153080463409e-03,1.284250020980834961e-01,-7.111290097236633301e-02,-2.590509653091430664e-01,-3.212446719408035278e-02,4.730660915374755859e-01,-3.489061892032623291e-01,6.041041612625122070e-01,6.909300386905670166e-02,-5.260599255561828613e-01,7.430420815944671631e-02,1.036716550588607788e-01,3.050778806209564209e-01,3.368393480777740479e-01,7.279513776302337646e-02,-3.353582024574279785e-01,-1.130454316735267639e-01,2.183951064944267273e-02,3.253030478954315186e-01
1.406971216201782227e-01,5.327241122722625732e-02,-4.313357472419738770e-01,3.698484599590301514e-01,2.714440226554870605e-01,-9.468429535627365112e-02,-6.138059869408607483e-02,2.105359137058258057e-01,4.528519213199615479e-01,3.482508361339569092e-01,-1.411177515983581543e-01,-2.916481494903564453e-01,2.925492823123931885e-01,4.715811312198638916e-01,4.641177952289581299e-01,5.272449254989624023e-01,-5.497252568602561951e-03,2.458891570568084717e-01,-4.507697522640228271e-01,-3.952828049659729004e-01,-4.346750676631927490e-01,4.373210072517395020e-01,3.037576079368591309e-01,-1.227352321147918701e-01,8.137390762567520142e-02,4.629207849502563477e-01,-4.698853492736816406e-01,-1.437466591596603394e-01,3.497836291790008545e-01,-1.623228937387466431e-02,-9.850732050836086273e-03,-6.240913271903991699e-01,3.800389170646667480e-01,3.545629680156707764e-01,-1.191220805048942566e-02,-5.202956795692443848e-01,3.176797628402709961e-01,4.324584603309631348e-01,-3.004601001739501953e-01,-4.599918425083160400e-01,5.448669791221618652e-01,1.313743889331817627e-01,3.860842883586883545e-01,1.227149367332458496e-01,-1.339311450719833374e-01,-2.768307328224182129e-01,-4.575428962707519531e-01,-1.690204292535781860e-01,6.787267327308654785e-02,2.153135277330875397e-02,-5.873043090105056763e-02,6.406988948583602905e-02,4.766758978366851807e-01,-1.439335942268371582e-01,7.993145845830440521e-03,-5.455076694488525391e-01,2.933089733123779297e-01,2.655594237148761749e-02,-2.894770503044128418e-01,-4.055903553962707520e-01,-1.731107532978057861e-01,1.139237284660339355e-01,1.643217727541923523e-02,2.005300521850585938e-01,1.724337339401245117e-01,-1.414111405611038208e-01,9.064982086420059204e-02,4.706176817417144775e-01,-5.131064653396606445e-01,5.147281289100646973e-02,-4.226895272731781006e-01,1.186628118157386780e-01,-2.527848780155181885e-01,4.709365665912628174e-01,-2.237150967121124268e-01,-5.052471756935119629e-01,-1.853525172919034958e-03,4.902925491333007812e-01,-2.988746464252471924e-01,-5.055912137031555176e-01,5.770175457000732422e-01,1.129916403442621231e-03,-3.768330514430999756e-01,3.185934619978070259e-03,-5.259090065956115723e-01,-3.618428707122802734e-01,1.739860028028488159e-01,8.396121673285961151e-03,3.593972623348236084e-01,3.791918754577636719e-01,-1.856124997138977051e-01,-2.170329988002777100e-01,-4.467914998531341553e-01,2.809442877769470215e-01,-4.991525113582611084e-01,-2.504100464284420013e-02,2.850684821605682373e-01,-3.727853618329390883e-05,-3.871064782142639160e-01,3.907668888568878174e-01,-2.306474149227142334e-01,2.086625397205352783e-01,-5.766944885253906250e-01,-4.321293532848358154e-01,5.605436563491821289e-01,9.446339309215545654e-02,-5.091508626937866211e-01,-4.188590645790100098e-01,-8.888873457908630371e-02,-2.233698591589927673e-02,5.117276906967163086e-01,-4.007837772369384766e-01,-4.734286963939666748e-01,1.139994859695434570e-01,4.447970390319824219e-01,-4.841021895408630371e-01,2.780656516551971436e-01,1.035696119070053101e-01,-5.148919224739074707e-01,3.025814592838287354e-01,2.155147343873977661e-01,4.916124939918518066e-01,4.618498384952545166e-01,-2.238609045743942261e-01,-3.738761842250823975e-01,-3.787525892257690430e-01,3.214860334992408752e-03,3.738416433334350586e-01
7.889834046363830566e-02,5.620579421520233154e-02,-5.046624541282653809e-01,4.293699860572814941e-01,3.024728000164031982e-01,-2.479521743953227997e-02,-3.197398781776428223e-02,2.491585761308670044e-01,3.482508361339569092e-01,3.631999194622039795e-01,-1.204914525151252747e-01,-2.964861690998077393e-01,3.580098450183868408e-01,4.779052734375000000e-01,4.944077134132385254e-01,5.521894693374633789e-01,-9.134610183537006378e-03,3.014624118804931641e-01,-4.944005310535430908e-01,-4.195757210254669189e-01,-3.226784169673919678e-01,4.583606421947479248e-01,3.786581754684448242e-01,-1.326336860656738281e-01,7.841523736715316772e-02,4.714494645595550537e-01,-5.158137679100036621e-01,-1.654204726219177246e-01,4.719800353050231934e-01,-7.265920192003250122e-02,4.244733601808547974e-02,-6.122143268585205078e-01,3.871521353721618652e-01,4.227408170700073242e-01,-1.754378154873847961e-02,-5.490530729293823242e-01,3.442987203598022461e-01,4.754155874252319336e-01,-3.813768029212951660e-01,-4.433285593986511230e-01,5.229048728942871094e-01,1.095838472247123718e-01,4.635167419910430908e-01,1.425010114908218384e-01,-7.667547464370727539e-02,-3.750483095645904541e-01,-5.220160484313964844e-01,-1.660061627626419067e-01,2.436768077313899994e-02,1.979289390146732330e-02,-1.332238316535949707e-02,-1.678312569856643677e-02,4.207132756710052490e-01,-1.180717721581459045e-01,-5.011065676808357239e-02,-6.054825186729431152e-01,2.949708104133605957e-01,3.053134679794311523e-02,-3.407410383224487305e-01,-4.339007139205932617e-01,-1.251157671213150024e-01,6.238560378551483154e-02,1.531454082578420639e-02,1.734924018383026123e-01,1.341941207647323608e-01,-1.486932784318923950e-01,1.543199568986892700e-01,5.187737345695495605e-01,-5.297915339469909668e-01,8.750222623348236084e-02,-4.764635264873504639e-01,-3.397397696971893311e-02,-2.056368738412857056e-01,4.929069280624389648e-01,-1.841751188039779663e-01,-5.471170544624328613e-01,-2.520767040550708771e-03,5.702833533287048340e-01,-2.744805812835693359e-01,-5.109092593193054199e-01,6.030855774879455566e-01,1.198099344037473202e-03,-4.377561509609222412e-01,8.120702696032822132e-04,-5.271766781806945801e-01,-4.254392385482788086e-01,2.431866824626922607e-01,9.992735460400581360e-03,3.486894369125366211e-01,3.998458981513977051e-01,-1.880348920822143555e-01,-2.026754617691040039e-01,-4.686700701713562012e-01,2.660003602504730225e-01,-5.078315138816833496e-01,-3.310883650556206703e-03,3.691381514072418213e-01,-3.959673631470650434e-05,-4.042820334434509277e-01,4.036098122596740723e-01,-2.675185203552246094e-01,2.047358304262161255e-01,-5.780938267707824707e-01,-4.673815667629241943e-01,6.176892518997192383e-01,1.053260043263435364e-01,-5.101205706596374512e-01,-4.761598408222198486e-01,-6.290859729051589966e-02,-1.815423928201198578e-02,4.334566295146942139e-01,-4.508416652679443359e-01,-5.037084221839904785e-01,9.216446429491043091e-02,5.370728373527526855e-01,-5.067026615142822266e-01,2.868941128253936768e-01,1.667362749576568604e-01,-5.595144033432006836e-01,2.901542782783508301e-01,2.969987988471984863e-01,4.829986691474914551e-01,4.718363881111145020e-01,-2.615270912647247314e-01,-3.923129737377166748e-01,-3.727554380893707275e-01,-7.501797284930944443e-03,4.343801736831665039e-01
-2.012011408805847168e-01,-4.791988059878349304e-03,7.041823863983154297e-02,-1.136548295617103577e-01,-1.153971552848815918e-01,7.825683057308197021e-02,-8.199665695428848267e-02,-1.211702674627304077e-01,-1.411177515983581543e-01,-1.204914525151252747e-01,2.214851677417755127e-01,8.595554530620574951e-02,9.270887821912765503e-02,-1.333393603563308716e-01,-9.801538288593292236e-02,-7.692924141883850098e-02,-2.238056156784296036e-03,-1.261154469102621078e-02,1.398935019969940186e-01,1.338131725788116455e-01,2.699177265167236328e-01,-7.548893988132476807e-02,-3.846334293484687805e-02,-3.301629796624183655e-02,-2.746734768152236938e-02,-2.197020687162876129e-02,2.424161508679389954e-02,1.341970730572938919e-02,9.574942290782928467e-03,1.111438591033220291e-02,9.899576008319854736e-02,1.446682065725326538e-01,-1.702523678541183472e-01,-8.163202553987503052e-02,-4.013745114207267761e-03,3.638388216495513916e-02,-4.848271608352661133e-02,-8.367150276899337769e-02,-8.065534755587577820e-03,3.028419911861419678e-01,-2.084993422031402588e-01,-1.233546361327171326e-01,-2.210286183981224895e-04,-2.665768750011920929e-02,1.627251207828521729e-01,-1.216998174786567688e-01,1.286045908927917480e-01,8.543609827756881714e-02,-9.314815700054168701e-02,-2.522407285869121552e-02,7.362373173236846924e-02,-2.528343908488750458e-02,-2.973995208740234375e-01,6.031855568289756775e-02,-7.889127731323242188e-02,1.137732341885566711e-01,-1.300099790096282959e-01,-3.235547803342342377e-03,3.535345941781997681e-02,1.000565588474273682e-01,1.755165457725524902e-01,-1.063637733459472656e-01,-7.362107280641794205e-03,-1.641717702150344849e-01,-1.087613478302955627e-01,2.512635290622711182e-02,1.452937573194503784e-01,-7.834438234567642212e-02,8.676110208034515381e-02,-9.255125187337398529e-03,1.428087055683135986e-01,-2.732384204864501953e-01,9.521497040987014771e-02,-9.082136303186416626e-02,1.835002452135086060e-01,1.756849735975265503e-01,-1.903490978293120861e-03,-5.134851112961769104e-02,2.238828688859939575e-01,1.225126758217811584e-01,-2.048905640840530396e-01,-2.129159402102231979e-04,7.804831862449645996e-02,-1.603764481842517853e-03,2.289106994867324829e-01,-3.329258784651756287e-02,-6.360773742198944092e-02,1.034460030496120453e-03,1.480388827621936798e-02,-1.049484536051750183e-01,1.613301038742065430e-01,7.574103027582168579e-02,9.843076765537261963e-02,-6.169575825333595276e-02,1.861699819564819336e-01,1.240007057785987854e-01,-7.183147221803665161e-02,2.128666710632387549e-05,5.434529855847358704e-02,-1.449155211448669434e-01,1.204699054360389709e-01,-6.786870956420898438e-02,1.473801285028457642e-01,8.613067865371704102e-02,-1.180296316742897034e-01,-2.850591242313385010e-01,1.985869109630584717e-01,-1.388423237949609756e-02,1.058067604899406433e-01,6.475765258073806763e-03,-1.528621017932891846e-01,1.265547275543212891e-01,8.380456268787384033e-02,-1.629046946763992310e-01,-7.913950830698013306e-02,1.255602836608886719e-01,-6.441075354814529419e-02,3.331309556961059570e-02,1.749954521656036377e-01,-1.172547638416290283e-01,4.151256009936332703e-02,-2.059793025255203247e-01,-1.577381044626235962e-01,-4.410333931446075439e-02,1.058445796370506287e-01,1.146543025970458984e-01,-1.424080342985689640e-03,-1.188286915421485901e-01
-1.017290577292442322e-01,-4.662464186549186707e-02,4.227170348167419434e-01,-3.482177555561065674e-01,-2.905068397521972656e-01,4.376972466707229614e-02,3.578727692365646362e-02,-2.867202162742614746e-01,-2.916481494903564453e-01,-2.964861690998077393e-01,8.595554530620574951e-02,2.726114392280578613e-01,-3.116883933544158936e-01,-4.141522049903869629e-01,-4.367704689502716064e-01,-5.136917829513549805e-01,6.959776859730482101e-03,-2.507126927375793457e-01,3.882194459438323975e-01,3.467853963375091553e-01,2.293848544359207153e-01,-3.960580229759216309e-01,-3.103606998920440674e-01,1.180603876709938049e-01,-6.627995520830154419e-02,-4.217082262039184570e-01,4.433326125144958496e-01,1.891960948705673218e-01,-4.369489252567291260e-01,6.510309875011444092e-02,-2.350362017750740051e-02,5.176218748092651367e-01,-2.732578814029693604e-01,-3.719308674335479736e-01,2.192926220595836639e-02,4.953238666057586670e-01,-2.977471053600311279e-01,-4.121674895286560059e-01,3.999709188938140869e-01,3.937075734138488770e-01,-4.480568170547485352e-01,-9.047240763902664185e-02,-3.923594057559967041e-01,-1.260204762220382690e-01,1.585998944938182831e-02,3.297458291053771973e-01,4.478704333305358887e-01,1.533152312040328979e-01,-1.120538823306560516e-02,2.302306704223155975e-02,4.319040477275848389e-02,5.702152475714683533e-02,-3.591150939464569092e-01,1.146261096000671387e-01,8.244977891445159912e-02,5.481737852096557617e-01,-2.708098292350769043e-01,-2.816983498632907867e-02,2.423182576894760132e-01,3.647187054157257080e-01,9.673544019460678101e-02,-2.807643264532089233e-02,-1.179704815149307251e-02,-1.237497255206108093e-01,-1.090596765279769897e-01,1.254722625017166138e-01,-1.093685850501060486e-01,-4.664866030216217041e-01,4.626649916172027588e-01,-1.086167469620704651e-01,4.341028630733489990e-01,6.846945732831954956e-02,1.552551835775375366e-01,-4.368639588356018066e-01,1.332492828369140625e-01,4.631517827510833740e-01,2.416740404441952705e-03,-5.059550404548645020e-01,2.140948623418807983e-01,4.459523558616638184e-01,-5.110310912132263184e-01,-1.083395793102681637e-03,4.025870561599731445e-01,-3.349659673403948545e-04,4.735070168972015381e-01,3.761856555938720703e-01,-2.284882366657257080e-01,-9.779514744877815247e-03,-2.733983993530273438e-01,-3.601225018501281738e-01,1.675058007240295410e-01,1.101996377110481262e-01,3.693880438804626465e-01,-1.912182420492172241e-01,4.230015873908996582e-01,3.901694715023040771e-02,-3.294686377048492432e-01,3.592223220039159060e-05,3.847117125988006592e-01,-3.617611527442932129e-01,2.701795399188995361e-01,-2.235929965972900391e-01,4.980562329292297363e-01,4.150047004222869873e-01,-5.021342635154724121e-01,-8.814387023448944092e-02,3.826677203178405762e-01,4.130710959434509277e-01,9.506671130657196045e-02,1.201687380671501160e-02,-3.587711453437805176e-01,3.451685011386871338e-01,4.362021088600158691e-01,-6.045916676521301270e-02,-4.866013228893280029e-01,4.298447072505950928e-01,-3.058929741382598877e-01,-1.441809684038162231e-01,4.984610676765441895e-01,-2.294434607028961182e-01,-2.457445859909057617e-01,-4.001719951629638672e-01,-4.003189206123352051e-01,1.930012702941894531e-01,3.566756844520568848e-01,2.970324754714965820e-01,9.309682645834982395e-04,-3.572499752044677734e-01
