9.999982118606567383e-01,-9.999985694885253906e-01,-9.999900460243225098e-01,9.999982118606567383e-01,9.999989271163940430e-01,-9.999987483024597168e-01,9.999958276748657227e-01,9.999990463256835938e-01,-9.999973177909851074e-01,9.999976754188537598e-01,-9.999984502792358398e-01,-9.999989271163940430e-01,9.999980330467224121e-01,9.999983906745910645e-01,9.999834299087524414e-01,9.999971389770507812e-01,9.999975562095642090e-01,-9.999986290931701660e-01,9.999932050704956055e-01,-9.999989867210388184e-01,-9.999989271163940430e-01,9.999894499778747559e-01,9.999984502792358398e-01,9.999984502792358398e-01,9.999890923500061035e-01,9.999990463256835938e-01,-9.999983310699462891e-01,-9.999989271163940430e-01,9.999835491180419922e-01,-9.999955892562866211e-01,-9.999935030937194824e-01,-9.999983906745910645e-01,9.999917745590209961e-01,9.999970197677612305e-01,-9.999971389770507812e-01,-9.999691843986511230e-01,9.999990463256835938e-01,9.999985098838806152e-01,9.999928474426269531e-01,-9.999988675117492676e-01,9.999985098838806152e-01,-9.999961853027343750e-01,9.999748468399047852e-01,9.999988079071044922e-01,9.999980926513671875e-01,9.999982118606567383e-01,-9.999861717224121094e-01,9.999982118606567383e-01,9.999988079071044922e-01,-9.999984502792358398e-01,-9.999987483024597168e-01,-9.999979734420776367e-01,-9.999987483024597168e-01,-9.999918937683105469e-01,-9.999974966049194336e-01,-9.999981522560119629e-01,-9.999966025352478027e-01,9.998651742935180664e-01,9.999976754188537598e-01,9.999983906745910645e-01,-9.999981522560119629e-01,9.999989271163940430e-01,9.999983310699462891e-01,9.999951720237731934e-01,-9.999956488609313965e-01,-9.999988079071044922e-01,-9.999989271163940430e-01,-9.999954104423522949e-01,-9.999988675117492676e-01,9.999987483024597168e-01,-9.999987483024597168e-01,9.999980330467224121e-01,9.999955296516418457e-01,-9.999927282333374023e-01,-9.999537467956542969e-01,-9.999982714653015137e-01,9.999929666519165039e-01,9.999987483024597168e-01,-9.999935626983642578e-01,-9.999965429306030273e-01,-9.998839497566223145e-01,9.999975562095642090e-01,-9.999988079071044922e-01,9.999970197677612305e-01,-9.999981522560119629e-01,-9.999876618385314941e-01,9.999889731407165527e-01,9.999988675117492676e-01,9.999632239341735840e-01,9.999936819076538086e-01,-9.999976158142089844e-01,9.999982714653015137e-01,-9.999780654907226562e-01,-9.999978542327880859e-01,9.999983906745910645e-01,-9.999978542327880859e-01,-9.999919533729553223e-01,9.999989867210388184e-01,-9.999988079071044922e-01,9.999922513961791992e-01,-9.999969601631164551e-01,9.999987483024597168e-01,-9.999694228172302246e-01,-9.999520778656005859e-01,9.999985694885253906e-01,9.999973177909851074e-01,-9.999574422836303711e-01,-9.999980926513671875e-01,-9.999940395355224609e-01,9.999985098838806152e-01,-9.999982118606567383e-01,9.999983906745910645e-01,-9.999981522560119629e-01,-9.999813437461853027e-01,9.999990463256835938e-01,-9.999981522560119629e-01,9.999988675117492676e-01,-9.999985694885253906e-01,-9.999945759773254395e-01,-9.999980926513671875e-01,-9.999987483024597168e-01,9.999958276748657227e-01,9.999985098838806152e-01,-9.999976158142089844e-01,-9.999822974205017090e-01,-9.999957084655761719e-01,9.999898076057434082e-01,-9.999969005584716797e-01
-9.999985694885253906e-01,9.999988079071044922e-01,9.999918341636657715e-01,-9.999985694885253906e-01,-9.999991655349731445e-01,9.999989867210388184e-01,-9.999966025352478027e-01,-9.999992251396179199e-01,9.999979138374328613e-01,-9.999980926513671875e-01,9.999987483024597168e-01,9.999991655349731445e-01,-9.999983906745910645e-01,-9.999986886978149414e-01,-9.999863505363464355e-01,-9.999976754188537598e-01,-9.999979734420776367e-01,9.999988675117492676e-01,-9.999945163726806641e-01,9.999992847442626953e-01,9.999991059303283691e-01,-9.999913573265075684e-01,-9.999986290931701660e-01,-9.999986290931701660e-01,-9.999910593032836914e-01,-9.999991059303283691e-01,9.999987483024597168e-01,9.999990463256835938e-01,-9.999865889549255371e-01,9.999962449073791504e-01,9.999946951866149902e-01,9.999987483024597168e-01,-9.999931454658508301e-01,-9.999975562095642090e-01,9.999976158142089844e-01,9.999747872352600098e-01,-9.999992251396179199e-01,-9.999988675117492676e-01,-9.999940991401672363e-01,9.999991655349731445e-01,-9.999988079071044922e-01,9.999969601631164551e-01,-9.999793767929077148e-01,-9.999989867210388184e-01,-9.999984502792358398e-01,-9.999985694885253906e-01,9.999886751174926758e-01,-9.999985098838806152e-01,-9.999990463256835938e-01,9.999987483024597168e-01,9.999989867210388184e-01,9.999983310699462891e-01,9.999989867210388184e-01,9.999933838844299316e-01,9.999979734420776367e-01,9.999984502792358398e-01,9.999971985816955566e-01,-9.998894929885864258e-01,-9.999979734420776367e-01,-9.999986886978149414e-01,9.999983906745910645e-01,-9.999991655349731445e-01,-9.999985098838806152e-01,-9.999960064888000488e-01,9.999963641166687012e-01,9.999991059303283691e-01,9.999991655349731445e-01,9.999961256980895996e-01,9.999991059303283691e-01,-9.999989271163940430e-01,9.999988675117492676e-01,-9.999983906745910645e-01,-9.999962449073791504e-01,9.999940395355224609e-01,9.999620318412780762e-01,9.999985694885253906e-01,-9.999942779541015625e-01,-9.999990463256835938e-01,9.999948143959045410e-01,9.999971389770507812e-01,9.999048709869384766e-01,-9.999980330467224121e-01,9.999991059303283691e-01,-9.999974966049194336e-01,9.999985098838806152e-01,9.999898672103881836e-01,-9.999909996986389160e-01,-9.999991655349731445e-01,-9.999699592590332031e-01,-9.999947547912597656e-01,9.999980330467224121e-01,-9.999985694885253906e-01,9.999820590019226074e-01,9.999983310699462891e-01,-9.999986886978149414e-01,9.999982118606567383e-01,9.999933838844299316e-01,-9.999992251396179199e-01,9.999990463256835938e-01,-9.999935626983642578e-01,9.999974370002746582e-01,-9.999989271163940430e-01,9.999749660491943359e-01,9.999606609344482422e-01,-9.999988675117492676e-01,-9.999977350234985352e-01,9.999651312828063965e-01,9.999984502792358398e-01,9.999951124191284180e-01,-9.999986886978149414e-01,9.999985098838806152e-01,-9.999986290931701660e-01,9.999984502792358398e-01,9.999847412109375000e-01,-9.999991655349731445e-01,9.999983906745910645e-01,-9.999991655349731445e-01,9.999987483024597168e-01,9.999955892562866211e-01,9.999983906745910645e-01,9.999989867210388184e-01,-9.999967217445373535e-01,-9.999988079071044922e-01,9.999980330467224121e-01,9.999855160713195801e-01,9.999963641166687012e-01,-9.999916553497314453e-01,9.999974370002746582e-01
-9.999900460243225098e-01,9.999918341636657715e-01,9.999422430992126465e-01,-9.999897480010986328e-01,-9.999936819076538086e-01,9.999927878379821777e-01,-9.999759197235107422e-01,-9.999943375587463379e-01,9.999851584434509277e-01,-9.999865889549255371e-01,9.999915957450866699e-01,9.999935626983642578e-01,-9.999890923500061035e-01,-9.999907612800598145e-01,-9.999032020568847656e-01,-9.999839067459106445e-01,-9.999857544898986816e-01,9.999921321868896484e-01,-9.999607205390930176e-01,9.999944567680358887e-01,9.999939203262329102e-01,-9.999380707740783691e-01,-9.999909400939941406e-01,-9.999909400939941406e-01,-9.999366402626037598e-01,-9.999941587448120117e-01,9.999909996986389160e-01,9.999936819076538086e-01,-9.999033808708190918e-01,9.999743700027465820e-01,9.999619722366333008e-01,9.999912381172180176e-01,-9.999516606330871582e-01,-9.999829530715942383e-01,9.999837875366210938e-01,9.998196959495544434e-01,-9.999941587448120117e-01,-9.999919533729553223e-01,-9.999579787254333496e-01,9.999935626983642578e-01,-9.999918937683105469e-01,9.999787807464599609e-01,-9.998526573181152344e-01,-9.999931454658508301e-01,-9.999895691871643066e-01,-9.999897480010986328e-01,9.999189376831054688e-01,-9.999902844429016113e-01,-9.999930262565612793e-01,9.999916553497314453e-01,9.999927282333374023e-01,9.999881982803344727e-01,9.999930858612060547e-01,9.999528527259826660e-01,9.999856948852539062e-01,9.999892711639404297e-01,9.999804496765136719e-01,-9.992117881774902344e-01,-9.999864697456359863e-01,-9.999907016754150391e-01,9.999892711639404297e-01,-9.999939203262329102e-01,-9.999902248382568359e-01,-9.999717473983764648e-01,9.999745488166809082e-01,9.999931454658508301e-01,9.999942779541015625e-01,9.999736547470092773e-01,9.999934434890747070e-01,-9.999927878379821777e-01,9.999926686286926270e-01,-9.999887943267822266e-01,-9.999742507934570312e-01,9.999574422836303711e-01,9.997295141220092773e-01,9.999899864196777344e-01,-9.999589323997497559e-01,-9.999926686286926270e-01,9.999627470970153809e-01,9.999805688858032227e-01,9.993224740028381348e-01,-9.999861717224121094e-01,9.999932050704956055e-01,-9.999828338623046875e-01,9.999898672103881836e-01,9.999276399612426758e-01,-9.999354481697082520e-01,-9.999935626983642578e-01,-9.997854232788085938e-01,-9.999628067016601562e-01,9.999862909317016602e-01,-9.999905228614807129e-01,9.998720288276672363e-01,9.999880790710449219e-01,-9.999908804893493652e-01,9.999881982803344727e-01,9.999527931213378906e-01,-9.999940991401672363e-01,9.999930262565612793e-01,-9.999545216560363770e-01,9.999824762344360352e-01,-9.999927878379821777e-01,9.998216629028320312e-01,9.997196793556213379e-01,-9.999918341636657715e-01,-9.999846816062927246e-01,9.997512102127075195e-01,9.999887943267822266e-01,9.999655485153198242e-01,-9.999914169311523438e-01,9.999895095825195312e-01,-9.999911785125732422e-01,9.999897480010986328e-01,9.998908638954162598e-01,-9.999941587448120117e-01,9.999893307685852051e-01,-9.999935626983642578e-01,9.999917745590209961e-01,9.999683499336242676e-01,9.999891519546508789e-01,9.999932050704956055e-01,-9.999767541885375977e-01,-9.999915361404418945e-01,9.999862909317016602e-01,9.998962879180908203e-01,9.999746084213256836e-01,-9.999403953552246094e-01,9.999819993972778320e-01
9.999982118606567383e-01,-9.999985694885253906e-01,-9.999897480010986328e-01,9.999982714653015137e-01,9.999988675117492676e-01,-9.999987483024597168e-01,9.999956488609313965e-01,9.999990463256835938e-01,-9.999973177909851074e-01,9.999976754188537598e-01,-9.999985694885253906e-01,-9.999989271163940430e-01,9.999979138374328613e-01,9.999983310699462891e-01,9.999828338623046875e-01,9.999970793724060059e-01,9.999974966049194336e-01,-9.999986886978149414e-01,9.999930262565612793e-01,-9.999990463256835938e-01,-9.999989867210388184e-01,9.999890923500061035e-01,9.999984502792358398e-01,9.999983906745910645e-01,9.999887943267822266e-01,9.999989271163940430e-01,-9.999983906745910645e-01,-9.999988675117492676e-01,9.999829530715942383e-01,-9.999954104423522949e-01,-9.999932646751403809e-01,-9.999984502792358398e-01,9.999914765357971191e-01,9.999970197677612305e-01,-9.999970793724060059e-01,-9.999681711196899414e-01,9.999989867210388184e-01,9.999985694885253906e-01,9.999925494194030762e-01,-9.999989271163940430e-01,9.999985694885253906e-01,-9.999961853027343750e-01,9.999738931655883789e-01,9.999987483024597168e-01,9.999980330467224121e-01,9.999982714653015137e-01,-9.999855160713195801e-01,9.999982714653015137e-01,9.999988079071044922e-01,-9.999985098838806152e-01,-9.999986886978149414e-01,-9.999978542327880859e-01,-9.999987483024597168e-01,-9.999917149543762207e-01,-9.999974966049194336e-01,-9.999980330467224121e-01,-9.999966025352478027e-01,9.998601078987121582e-01,9.999975562095642090e-01,9.999983310699462891e-01,-9.999980926513671875e-01,9.999989271163940430e-01,9.999983310699462891e-01,9.999950528144836426e-01,-9.999954700469970703e-01,-9.999988675117492676e-01,-9.999989867210388184e-01,-9.999953508377075195e-01,-9.999988675117492676e-01,9.999987483024597168e-01,-9.999987483024597168e-01,9.999979734420776367e-01,9.999954700469970703e-01,-9.999924898147583008e-01,-9.999520182609558105e-01,-9.999982118606567383e-01,9.999927282333374023e-01,9.999987483024597168e-01,-9.999934434890747070e-01,-9.999964833259582520e-01,-9.998795986175537109e-01,9.999974370002746582e-01,-9.999988675117492676e-01,9.999970197677612305e-01,-9.999982118606567383e-01,-9.999873042106628418e-01,9.999886751174926758e-01,9.999988675117492676e-01,9.999619126319885254e-01,9.999934434890747070e-01,-9.999975562095642090e-01,9.999982714653015137e-01,-9.999774098396301270e-01,-9.999978542327880859e-01,9.999983310699462891e-01,-9.999978542327880859e-01,-9.999917149543762207e-01,9.999989867210388184e-01,-9.999988079071044922e-01,9.999919533729553223e-01,-9.999968409538269043e-01,9.999986886978149414e-01,-9.999684095382690430e-01,-9.999502897262573242e-01,9.999986290931701660e-01,9.999972581863403320e-01,-9.999558329582214355e-01,-9.999979734420776367e-01,-9.999939799308776855e-01,9.999984502792358398e-01,-9.999980926513671875e-01,9.999984502792358398e-01,-9.999981522560119629e-01,-9.999807476997375488e-01,9.999989867210388184e-01,-9.999980926513671875e-01,9.999988675117492676e-01,-9.999985098838806152e-01,-9.999943971633911133e-01,-9.999980330467224121e-01,-9.999987483024597168e-01,9.999959468841552734e-01,9.999985694885253906e-01,-9.999975562095642090e-01,-9.999816417694091797e-01,-9.999955892562866211e-01,9.999895095825195312e-01,-9.999968409538269043e-01
9.999989271163940430e-01,-9.999991655349731445e-01,-9.999936819076538086e-01,9.999988675117492676e-01,9.999993443489074707e-01,-9.999992251396179199e-01,9.999972581863403320e-01,9.999994635581970215e-01,-9.999983310699462891e-01,9.999985098838806152e-01,-9.999992251396179199e-01,-9.999994039535522461e-01,9.999988079071044922e-01,9.999989867210388184e-01,9.999893307685852051e-01,9.999982118606567383e-01,9.999985098838806152e-01,-9.999991655349731445e-01,9.999957680702209473e-01,-9.999993443489074707e-01,-9.999993443489074707e-01,9.999933242797851562e-01,9.999990463256835938e-01,9.999991655349731445e-01,9.999930858612060547e-01,9.999994039535522461e-01,-9.999990463256835938e-01,-9.999993443489074707e-01,9.999895095825195312e-01,-9.999970793724060059e-01,-9.999958872795104980e-01,-9.999991059303283691e-01,9.999946951866149902e-01,9.999982118606567383e-01,-9.999982118606567383e-01,-9.999802708625793457e-01,9.999994039535522461e-01,9.999992847442626953e-01,9.999954700469970703e-01,-9.999993443489074707e-01,9.999991655349731445e-01,-9.999976158142089844e-01,9.999839067459106445e-01,9.999992847442626953e-01,9.999988675117492676e-01,9.999988675117492676e-01,-9.999911189079284668e-01,9.999989271163940430e-01,9.999992847442626953e-01,-9.999991059303283691e-01,-9.999992251396179199e-01,-9.999986886978149414e-01,-9.999992847442626953e-01,-9.999948740005493164e-01,-9.999985098838806152e-01,-9.999988675117492676e-01,-9.999979138374328613e-01,9.999136328697204590e-01,9.999985098838806152e-01,9.999990463256835938e-01,-9.999987483024597168e-01,9.999993443489074707e-01,9.999989867210388184e-01,9.999969601631164551e-01,-9.999971389770507812e-01,-9.999994039535522461e-01,-9.999994039535522461e-01,-9.999970793724060059e-01,-9.999994039535522461e-01,9.999993443489074707e-01,-9.999993443489074707e-01,9.999987483024597168e-01,9.999970793724060059e-01,-9.999954104423522949e-01,-9.999704360961914062e-01,-9.999989271163940430e-01,9.999955296516418457e-01,9.999992251396179199e-01,-9.999960064888000488e-01,-9.999978542327880859e-01,-9.999256134033203125e-01,9.999984502792358398e-01,-9.999992847442626953e-01,9.999980926513671875e-01,-9.999988079071044922e-01,-9.999920725822448730e-01,9.999929666519165039e-01,9.999994039535522461e-01,9.999765157699584961e-01,9.999959468841552734e-01,-9.999984502792358398e-01,9.999989271163940430e-01,-9.999859929084777832e-01,-9.999986886978149414e-01,9.999990463256835938e-01,-9.999986886978149414e-01,-9.999949336051940918e-01,9.999994635581970215e-01,-9.999993443489074707e-01,9.999949336051940918e-01,-9.999980330467224121e-01,9.999992251396179199e-01,-9.999805092811584473e-01,-9.999693632125854492e-01,9.999992251396179199e-01,9.999983906745910645e-01,-9.999728798866271973e-01,-9.999987483024597168e-01,-9.999961853027343750e-01,9.999991059303283691e-01,-9.999988079071044922e-01,9.999991059303283691e-01,-9.999988675117492676e-01,-9.999881386756896973e-01,9.999994039535522461e-01,-9.999988079071044922e-01,9.999993443489074707e-01,-9.999991655349731445e-01,-9.999964833259582520e-01,-9.999988079071044922e-01,-9.999992847442626953e-01,9.999974966049194336e-01,9.999991059303283691e-01,-9.999985694885253906e-01,-9.999886751174926758e-01,-9.999972581863403320e-01,9.999935030937194824e-01,-9.999979734420776367e-01
-9.999987483024597168e-01,9.999989867210388184e-01,9.999927878379821777e-01,-9.999987483024597168e-01,-9.999992251396179199e-01,9.999992251396179199e-01,-9.999969601631164551e-01,-9.999994039535522461e-01,9.999980926513671875e-01,-9.999983906745910645e-01,9.999989867210388184e-01,9.999993443489074707e-01,-9.999986290931701660e-01,-9.999988675117492676e-01,-9.999879002571105957e-01,-9.999979734420776367e-01,-9.999982714653015137e-01,9.999991655349731445e-01,-9.999950528144836426e-01,9.999993443489074707e-01,9.999992847442626953e-01,-9.999922513961791992e-01,-9.999988675117492676e-01,-9.999989271163940430e-01,-9.999920725822448730e-01,-9.999992847442626953e-01,9.999988675117492676e-01,9.999993443489074707e-01,-9.999879002571105957e-01,9.999967217445373535e-01,9.999952316284179688e-01,9.999988675117492676e-01,-9.999939799308776855e-01,-9.999979138374328613e-01,9.999979138374328613e-01,9.999774694442749023e-01,-9.999992847442626953e-01,-9.999990463256835938e-01,-9.999947547912597656e-01,9.999992251396179199e-01,-9.999989867210388184e-01,9.999973177909851074e-01,-9.999815821647644043e-01,-9.999991655349731445e-01,-9.999986290931701660e-01,-9.999986886978149414e-01,9.999898672103881836e-01,-9.999987483024597168e-01,-9.999991655349731445e-01,9.999989271163940430e-01,9.999991059303283691e-01,9.999985694885253906e-01,9.999991655349731445e-01,9.999940991401672363e-01,9.999982714653015137e-01,9.999986886978149414e-01,9.999974966049194336e-01,-9.999010562896728516e-01,-9.999982714653015137e-01,-9.999988675117492676e-01,9.999985694885253906e-01,-9.999992847442626953e-01,-9.999988079071044922e-01,-9.999964237213134766e-01,9.999968409538269043e-01,9.999992847442626953e-01,9.999993443489074707e-01,9.999965429306030273e-01,9.999992847442626953e-01,-9.999992251396179199e-01,9.999992251396179199e-01,-9.999985694885253906e-01,-9.999967217445373535e-01,9.999947547912597656e-01,9.999660849571228027e-01,9.999987483024597168e-01,-9.999948740005493164e-01,-9.999992251396179199e-01,9.999953508377075195e-01,9.999974370002746582e-01,9.999149441719055176e-01,-9.999982714653015137e-01,9.999991655349731445e-01,-9.999977946281433105e-01,9.999986290931701660e-01,9.999909400939941406e-01,-9.999918937683105469e-01,-9.999992251396179199e-01,-9.999729990959167480e-01,-9.999953508377075195e-01,9.999982714653015137e-01,-9.999987483024597168e-01,9.999839663505554199e-01,9.999985098838806152e-01,-9.999988675117492676e-01,9.999985098838806152e-01,9.999941587448120117e-01,-9.999993443489074707e-01,9.999992847442626953e-01,-9.999942183494567871e-01,9.999977946281433105e-01,-9.999991059303283691e-01,9.999776482582092285e-01,9.999648332595825195e-01,-9.999990463256835938e-01,-9.999980330467224121e-01,9.999688267707824707e-01,9.999985694885253906e-01,9.999957680702209473e-01,-9.999989271163940430e-01,9.999986886978149414e-01,-9.999988675117492676e-01,9.999986886978149414e-01,9.999863505363464355e-01,-9.999992847442626953e-01,9.999986290931701660e-01,-9.999992251396179199e-01,9.999989271163940430e-01,9.999959468841552734e-01,9.999985098838806152e-01,9.999991655349731445e-01,-9.999970197677612305e-01,-9.999989867210388184e-01,9.999982714653015137e-01,9.999870061874389648e-01,9.999968409538269043e-01,-9.999925494194030762e-01,9.999977946281433105e-01
9.999958276748657227e-01,-9.999966025352478027e-01,-9.999759197235107422e-01,9.999956488609313965e-01,9.999972581863403320e-01,-9.999969601631164551e-01,9.999898672103881836e-01,9.999975562095642090e-01,-9.999936819076538086e-01,9.999943971633911133e-01,-9.999964237213134766e-01,-9.999973773956298828e-01,9.999954104423522949e-01,9.999960660934448242e-01,9.999595284461975098e-01,9.999932646751403809e-01,9.999940395355224609e-01,-9.999966621398925781e-01,9.999836087226867676e-01,-9.999976158142089844e-01,-9.999974370002746582e-01,9.999741911888122559e-01,9.999960660934448242e-01,9.999961853027343750e-01,9.999735951423645020e-01,9.999974370002746582e-01,-9.999960660934448242e-01,-9.999973177909851074e-01,9.999596476554870605e-01,-9.999892115592956543e-01,-9.999840259552001953e-01,-9.999963045120239258e-01,9.999797940254211426e-01,9.999927878379821777e-01,-9.999931454658508301e-01,-9.999246597290039062e-01,9.999975562095642090e-01,9.999966025352478027e-01,9.999824762344360352e-01,-9.999972581863403320e-01,9.999965429306030273e-01,-9.999910593032836914e-01,9.999384284019470215e-01,9.999970197677612305e-01,9.999955296516418457e-01,9.999956488609313965e-01,-9.999660849571228027e-01,9.999958276748657227e-01,9.999970793724060059e-01,-9.999963641166687012e-01,-9.999968409538269043e-01,-9.999949932098388672e-01,-9.999970197677612305e-01,-9.999802708625793457e-01,-9.999940395355224609e-01,-9.999954104423522949e-01,-9.999917745590209961e-01,9.996705651283264160e-01,9.999943375587463379e-01,9.999960660934448242e-01,-9.999954700469970703e-01,9.999974370002746582e-01,9.999958276748657227e-01,9.999881982803344727e-01,-9.999893307685852051e-01,-9.999970793724060059e-01,-9.999974966049194336e-01,-9.999889135360717773e-01,-9.999971985816955566e-01,9.999969005584716797e-01,-9.999969005584716797e-01,9.999951720237731934e-01,9.999892115592956543e-01,-9.999821782112121582e-01,-9.998868703842163086e-01,-9.999957680702209473e-01,9.999828338623046875e-01,9.999969601631164551e-01,-9.999845027923583984e-01,-9.999918341636657715e-01,-9.997168183326721191e-01,9.999941587448120117e-01,-9.999971389770507812e-01,9.999928474426269531e-01,-9.999957680702209473e-01,-9.999698400497436523e-01,9.999730587005615234e-01,9.999971985816955566e-01,9.999102354049682617e-01,9.999845027923583984e-01,-9.999942779541015625e-01,9.999958276748657227e-01,-9.999465346336364746e-01,-9.999949336051940918e-01,9.999961256980895996e-01,-9.999950528144836426e-01,-9.999802112579345703e-01,9.999974370002746582e-01,-9.999970793724060059e-01,9.999809265136718750e-01,-9.999926686286926270e-01,9.999968409538269043e-01,-9.999254345893859863e-01,-9.998828768730163574e-01,9.999965429306030273e-01,9.999935030937194824e-01,-9.998959302902221680e-01,-9.999952912330627441e-01,-9.999855160713195801e-01,9.999962449073791504e-01,-9.999955892562866211e-01,9.999961853027343750e-01,-9.999956488609313965e-01,-9.999543428421020508e-01,9.999974966049194336e-01,-9.999954700469970703e-01,9.999972581863403320e-01,-9.999964237213134766e-01,-9.999867081642150879e-01,-9.999954104423522949e-01,-9.999970197677612305e-01,9.999902248382568359e-01,9.999964237213134766e-01,-9.999942183494567871e-01,-9.999566078186035156e-01,-9.999893307685852051e-01,9.999750256538391113e-01,-9.999923706054687500e-01
9.999990463256835938e-01,-9.999992251396179199e-01,-9.999943375587463379e-01,9.999990463256835938e-01,9.999994635581970215e-01,-9.999994039535522461e-01,9.999975562095642090e-01,9.999995231628417969e-01,-9.999985098838806152e-01,9.999986290931701660e-01,-9.999992251396179199e-01,-9.999994635581970215e-01,9.999989271163940430e-01,9.999991059303283691e-01,9.999903440475463867e-01,9.999983906745910645e-01,9.999986290931701660e-01,-9.999992251396179199e-01,9.999960064888000488e-01,-9.999994635581970215e-01,-9.999994635581970215e-01,9.999938011169433594e-01,9.999991655349731445e-01,9.999991655349731445e-01,9.999936819076538086e-01,9.999994635581970215e-01,-9.999991655349731445e-01,-9.999994039535522461e-01,9.999904632568359375e-01,-9.999974370002746582e-01,-9.999962449073791504e-01,-9.999991655349731445e-01,9.999951124191284180e-01,9.999982714653015137e-01,-9.999983906745910645e-01,-9.999821186065673828e-01,9.999995231628417969e-01,9.999993443489074707e-01,9.999958872795104980e-01,-9.999994635581970215e-01,9.999992251396179199e-01,-9.999978542327880859e-01,9.999853968620300293e-01,9.999993443489074707e-01,9.999989271163940430e-01,9.999990463256835938e-01,-9.999918937683105469e-01,9.999990463256835938e-01,9.999994039535522461e-01,-9.999992251396179199e-01,-9.999994039535522461e-01,-9.999988079071044922e-01,-9.999993443489074707e-01,-9.999953508377075195e-01,-9.999986290931701660e-01,-9.999989271163940430e-01,-9.999980330467224121e-01,9.999212622642517090e-01,9.999986290931701660e-01,9.999991059303283691e-01,-9.999989271163940430e-01,9.999994039535522461e-01,9.999990463256835938e-01,9.999971985816955566e-01,-9.999974966049194336e-01,-9.999994039535522461e-01,-9.999994635581970215e-01,-9.999973177909851074e-01,-9.999994635581970215e-01,9.999994039535522461e-01,-9.999992847442626953e-01,9.999988675117492676e-01,9.999973773956298828e-01,-9.999958276748657227e-01,-9.999731183052062988e-01,-9.999989867210388184e-01,9.999958872795104980e-01,9.999994039535522461e-01,-9.999962449073791504e-01,-9.999980330467224121e-01,-9.999322295188903809e-01,9.999985098838806152e-01,-9.999993443489074707e-01,9.999983906745910645e-01,-9.999989867210388184e-01,-9.999929070472717285e-01,9.999935626983642578e-01,9.999994635581970215e-01,9.999786019325256348e-01,9.999962449073791504e-01,-9.999986886978149414e-01,9.999991059303283691e-01,-9.999873638153076172e-01,-9.999988675117492676e-01,9.999991059303283691e-01,-9.999988079071044922e-01,-9.999952912330627441e-01,9.999995231628417969e-01,-9.999994039535522461e-01,9.999954700469970703e-01,-9.999983310699462891e-01,9.999994039535522461e-01,-9.999822378158569336e-01,-9.999720454216003418e-01,9.999993443489074707e-01,9.999985098838806152e-01,-9.999752640724182129e-01,-9.999989271163940430e-01,-9.999966025352478027e-01,9.999991655349731445e-01,-9.999989867210388184e-01,9.999991655349731445e-01,-9.999989867210388184e-01,-9.999892115592956543e-01,9.999995231628417969e-01,-9.999989271163940430e-01,9.999994039535522461e-01,-9.999992251396179199e-01,-9.999969005584716797e-01,-9.999989271163940430e-01,-9.999993443489074707e-01,9.999976158142089844e-01,9.999992847442626953e-01,-9.999986886978149414e-01,-9.999896883964538574e-01,-9.999974966049194336e-01,9.999940395355224609e-01,-9.999981522560119629e-01
-9.999973177909851074e-01,9.999979138374328613e-01,9.999851584434509277e-01,-9.999973177909851074e-01,-9.999983310699462891e-01,9.999980926513671875e-01,-9.999936819076538086e-01,-9.999985098838806152e-01,9.999961256980895996e-01,-9.999964833259582520e-01,9.999977946281433105e-01,9.999984502792358398e-01,-9.999971389770507812e-01,-9.999976158142089844e-01,-9.999751448631286621e-01,-9.999958872795104980e-01,-9.999963045120239258e-01,9.999979734420776367e-01,-9.999899268150329590e-01,9.999985694885253906e-01,9.999983906745910645e-01,-9.999840855598449707e-01,-9.999976158142089844e-01,-9.999976158142089844e-01,-9.999837279319763184e-01,-9.999985098838806152e-01,9.999975562095642090e-01,9.999983310699462891e-01,-9.999752640724182129e-01,9.999934434890747070e-01,9.999902248382568359e-01,9.999977350234985352e-01,-9.999874830245971680e-01,-9.999955892562866211e-01,9.999957680702209473e-01,9.999536275863647461e-01,-9.999985694885253906e-01,-9.999979138374328613e-01,-9.999892711639404297e-01,9.999983310699462891e-01,-9.999977946281433105e-01,9.999945163726806641e-01,-9.999620914459228516e-01,-9.999982118606567383e-01,-9.999971985816955566e-01,-9.999973177909851074e-01,9.999791383743286133e-01,-9.999974370002746582e-01,-9.999982118606567383e-01,9.999977946281433105e-01,9.999980926513671875e-01,9.999969005584716797e-01,9.999982118606567383e-01,9.999879002571105957e-01,9.999963641166687012e-01,9.999971985816955566e-01,9.999949932098388672e-01,-9.997969269752502441e-01,-9.999964833259582520e-01,-9.999976158142089844e-01,9.999970793724060059e-01,-9.999983310699462891e-01,-9.999974370002746582e-01,-9.999927282333374023e-01,9.999934434890747070e-01,9.999982118606567383e-01,9.999985098838806152e-01,9.999932050704956055e-01,9.999982714653015137e-01,-9.999982118606567383e-01,9.999980926513671875e-01,-9.999970793724060059e-01,-9.999932646751403809e-01,9.999890327453613281e-01,9.999303221702575684e-01,9.999973773956298828e-01,-9.999894499778747559e-01,-9.999982118606567383e-01,9.999904632568359375e-01,9.999949336051940918e-01,9.998254179954528809e-01,-9.999964237213134766e-01,9.999982118606567383e-01,-9.999955892562866211e-01,9.999973177909851074e-01,9.999814033508300781e-01,-9.999834299087524414e-01,-9.999983310699462891e-01,-9.999446272850036621e-01,-9.999904632568359375e-01,9.999964237213134766e-01,-9.999974370002746582e-01,9.999670386314392090e-01,9.999969005584716797e-01,-9.999976158142089844e-01,9.999968409538269043e-01,9.999878406524658203e-01,-9.999984502792358398e-01,9.999982118606567383e-01,-9.999883174896240234e-01,9.999954700469970703e-01,-9.999979734420776367e-01,9.999540448188781738e-01,9.999277591705322266e-01,-9.999978542327880859e-01,-9.999961256980895996e-01,9.999358654022216797e-01,9.999970793724060059e-01,9.999911189079284668e-01,-9.999976754188537598e-01,9.999973177909851074e-01,-9.999976754188537598e-01,9.999973177909851074e-01,9.999720454216003418e-01,-9.999985098838806152e-01,9.999971985816955566e-01,-9.999983906745910645e-01,9.999978542327880859e-01,9.999918341636657715e-01,9.999970793724060059e-01,9.999982118606567383e-01,-9.999939203262329102e-01,-9.999977946281433105e-01,9.999964237213134766e-01,9.999733567237854004e-01,9.999935626983642578e-01,-9.999846816062927246e-01,9.999953508377075195e-01
9.999976754188537598e-01,-9.999980926513671875e-01,-9.999865889549255371e-01,9.999976754188537598e-01,9.999985098838806152e-01,-9.999983906745910645e-01,9.999943971633911133e-01,9.999986290931701660e-01,-9.999964833259582520e-01,9.999968409538269043e-01,-9.999980330467224121e-01,-9.999985694885253906e-01,9.999974370002746582e-01,9.999979138374328613e-01,9.999775886535644531e-01,9.999961853027343750e-01,9.999967217445373535e-01,-9.999982714653015137e-01,9.999908804893493652e-01,-9.999986290931701660e-01,-9.999986290931701660e-01,9.999856352806091309e-01,9.999978542327880859e-01,9.999979138374328613e-01,9.999852776527404785e-01,9.999986290931701660e-01,-9.999978542327880859e-01,-9.999985694885253906e-01,9.999776482582092285e-01,-9.999939799308776855e-01,-9.999912381172180176e-01,-9.999979734420776367e-01,9.999889135360717773e-01,9.999959468841552734e-01,-9.999961853027343750e-01,-9.999581575393676758e-01,9.999986290931701660e-01,9.999980926513671875e-01,9.999902248382568359e-01,-9.999984502792358398e-01,9.999980926513671875e-01,-9.999950528144836426e-01,9.999657869338989258e-01,9.999983906745910645e-01,9.999975562095642090e-01,9.999976158142089844e-01,-9.999811649322509766e-01,9.999976754188537598e-01,9.999984502792358398e-01,-9.999980330467224121e-01,-9.999982714653015137e-01,-9.999971985816955566e-01,-9.999982714653015137e-01,-9.999890923500061035e-01,-9.999967217445373535e-01,-9.999975562095642090e-01,-9.999955296516418457e-01,9.998168349266052246e-01,9.999969005584716797e-01,9.999978542327880859e-01,-9.999973773956298828e-01,9.999985694885253906e-01,9.999977350234985352e-01,9.999934434890747070e-01,-9.999940991401672363e-01,-9.999985098838806152e-01,-9.999986290931701660e-01,-9.999938607215881348e-01,-9.999984502792358398e-01,9.999983906745910645e-01,-9.999983906745910645e-01,9.999973773956298828e-01,9.999940395355224609e-01,-9.999902248382568359e-01,-9.999371170997619629e-01,-9.999976158142089844e-01,9.999904632568359375e-01,9.999983906745910645e-01,-9.999913573265075684e-01,-9.999954700469970703e-01,-9.998425245285034180e-01,9.999966621398925781e-01,-9.999983906745910645e-01,9.999959468841552734e-01,-9.999976158142089844e-01,-9.999831914901733398e-01,9.999851584434509277e-01,9.999985098838806152e-01,9.999501109123229980e-01,9.999914169311523438e-01,-9.999967813491821289e-01,9.999977350234985352e-01,-9.999704360961914062e-01,-9.999971985816955566e-01,9.999979138374328613e-01,-9.999971389770507812e-01,-9.999890327453613281e-01,9.999986886978149414e-01,-9.999984502792358398e-01,9.999894499778747559e-01,-9.999960064888000488e-01,9.999982714653015137e-01,-9.999585151672363281e-01,-9.999348521232604980e-01,9.999982118606567383e-01,9.999964833259582520e-01,-9.999421238899230957e-01,-9.999973773956298828e-01,-9.999920129776000977e-01,9.999979734420776367e-01,-9.999976158142089844e-01,9.999979138374328613e-01,-9.999976158142089844e-01,-9.999747276306152344e-01,9.999986290931701660e-01,-9.999974966049194336e-01,9.999985694885253906e-01,-9.999980330467224121e-01,-9.999926686286926270e-01,-9.999974370002746582e-01,-9.999983906745910645e-01,9.999945759773254395e-01,9.999980926513671875e-01,-9.999968409538269043e-01,-9.999759197235107422e-01,-9.999941587448120117e-01,9.999861717224121094e-01,-9.999958872795104980e-01
-9.999984502792358398e-01,9.999987483024597168e-01,9.999915957450866699e-01,-9.999985694885253906e-01,-9.999992251396179199e-01,9.999989867210388184e-01,-9.999964237213134766e-01,-9.999992251396179199e-01,9.999977946281433105e-01,-9.999980330467224121e-01,9.999987483024597168e-01,9.999991059303283691e-01,-9.999983906745910645e-01,-9.999986290931701660e-01,-9.999858140945434570e-01,-9.999976158142089844e-01,-9.999979734420776367e-01,9.999988079071044922e-01,-9.999942779541015625e-01,9.999992251396179199e-01,9.999991655349731445e-01,-9.999909996986389160e-01,-9.999986886978149414e-01,-9.999986886978149414e-01,-9.999907016754150391e-01,-9.999991059303283691e-01,9.999985694885253906e-01,9.999991059303283691e-01,-9.999859333038330078e-01,9.999962449073791504e-01,9.999944567680358887e-01,9.999986886978149414e-01,-9.999929666519165039e-01,-9.999974966049194336e-01,9.999975562095642090e-01,9.999738931655883789e-01,-9.999991655349731445e-01,-9.999988079071044922e-01,-9.999938607215881348e-01,9.999991059303283691e-01,-9.999987483024597168e-01,9.999968409538269043e-01,-9.999786615371704102e-01,-9.999989271163940430e-01,-9.999984502792358398e-01,-9.999985098838806152e-01,9.999881386756896973e-01,-9.999985694885253906e-01,-9.999990463256835938e-01,9.999986886978149414e-01,9.999989271163940430e-01,9.999982714653015137e-01,9.999989271163940430e-01,9.999931454658508301e-01,9.999979138374328613e-01,9.999983906745910645e-01,9.999971389770507812e-01,-9.998850822448730469e-01,-9.999979734420776367e-01,-9.999986886978149414e-01,9.999983310699462891e-01,-9.999991655349731445e-01,-9.999985694885253906e-01,-9.999959468841552734e-01,9.999962449073791504e-01,9.999990463256835938e-01,9.999991059303283691e-01,9.999960064888000488e-01,9.999990463256835938e-01,-9.999989867210388184e-01,9.999989271163940430e-01,-9.999983310699462891e-01,-9.999960660934448242e-01,9.999938011169433594e-01,9.999606013298034668e-01,9.999985098838806152e-01,-9.999940395355224609e-01,-9.999989271163940430e-01,9.999945759773254395e-01,9.999971389770507812e-01,9.999011754989624023e-01,-9.999979138374328613e-01,9.999990463256835938e-01,-9.999974370002746582e-01,9.999984502792358398e-01,9.999894499778747559e-01,-9.999905824661254883e-01,-9.999991059303283691e-01,-9.999687671661376953e-01,-9.999945163726806641e-01,9.999979138374328613e-01,-9.999985098838806152e-01,9.999814033508300781e-01,9.999982118606567383e-01,-9.999986290931701660e-01,9.999982714653015137e-01,9.999931454658508301e-01,-9.999991655349731445e-01,9.999990463256835938e-01,-9.999932646751403809e-01,9.999973773956298828e-01,-9.999988675117492676e-01,9.999740719795227051e-01,9.999591708183288574e-01,-9.999988675117492676e-01,-9.999977350234985352e-01,9.999637603759765625e-01,9.999983310699462891e-01,9.999949932098388672e-01,-9.999987483024597168e-01,9.999984502792358398e-01,-9.999986290931701660e-01,9.999983906745910645e-01,9.999841451644897461e-01,-9.999992251396179199e-01,9.999984502792358398e-01,-9.999991059303283691e-01,9.999988079071044922e-01,9.999954104423522949e-01,9.999983906745910645e-01,9.999989271163940430e-01,-9.999965429306030273e-01,-9.999987483024597168e-01,9.999980926513671875e-01,9.999849200248718262e-01,9.999962449073791504e-01,-9.999912381172180176e-01,9.999973177909851074e-01
-9.999989271163940430e-01,9.999991655349731445e-01,9.999935626983642578e-01,-9.999989271163940430e-01,-9.999994039535522461e-01,9.999993443489074707e-01,-9.999973773956298828e-01,-9.999994635581970215e-01,9.999984502792358398e-01,-9.999985694885253906e-01,9.999991059303283691e-01,9.999994039535522461e-01,-9.999987483024597168e-01,-9.999990463256835938e-01,-9.999892711639404297e-01,-9.999982714653015137e-01,-9.999985098838806152e-01,9.999991655349731445e-01,-9.999957680702209473e-01,9.999994039535522461e-01,9.999993443489074707e-01,-9.999932050704956055e-01,-9.999990463256835938e-01,-9.999990463256835938e-01,-9.999930858612060547e-01,-9.999994039535522461e-01,9.999989867210388184e-01,9.999994039535522461e-01,-9.999893307685852051e-01,9.999971389770507812e-01,9.999958276748657227e-01,9.999990463256835938e-01,-9.999947547912597656e-01,-9.999982118606567383e-01,9.999981522560119629e-01,9.999800324440002441e-01,-9.999995231628417969e-01,-9.999992251396179199e-01,-9.999954104423522949e-01,9.999994039535522461e-01,-9.999992251396179199e-01,9.999976754188537598e-01,-9.999837279319763184e-01,-9.999993443489074707e-01,-9.999988079071044922e-01,-9.999989271163940430e-01,9.999910593032836914e-01,-9.999989271163940430e-01,-9.999993443489074707e-01,9.999991059303283691e-01,9.999992251396179199e-01,9.999986886978149414e-01,9.999992847442626953e-01,9.999948740005493164e-01,9.999985098838806152e-01,9.999988675117492676e-01,9.999978542327880859e-01,-9.999123811721801758e-01,-9.999985694885253906e-01,-9.999990463256835938e-01,9.999988675117492676e-01,-9.999994039535522461e-01,-9.999989867210388184e-01,-9.999969005584716797e-01,9.999971985816955566e-01,9.999993443489074707e-01,9.999994039535522461e-01,9.999970197677612305e-01,9.999994039535522461e-01,-9.999994039535522461e-01,9.999993443489074707e-01,-9.999987483024597168e-01,-9.999970793724060059e-01,9.999953508377075195e-01,9.999699592590332031e-01,9.999989271163940430e-01,-9.999954700469970703e-01,-9.999993443489074707e-01,9.999959468841552734e-01,9.999978542327880859e-01,9.999246001243591309e-01,-9.999984502792358398e-01,9.999993443489074707e-01,-9.999981522560119629e-01,9.999989271163940430e-01,9.999920129776000977e-01,-9.999929666519165039e-01,-9.999993443489074707e-01,-9.999761581420898438e-01,-9.999959468841552734e-01,9.999984502792358398e-01,-9.999989867210388184e-01,9.999858140945434570e-01,9.999987483024597168e-01,-9.999991059303283691e-01,9.999986886978149414e-01,9.999948143959045410e-01,-9.999994635581970215e-01,9.999993443489074707e-01,-9.999949336051940918e-01,9.999981522560119629e-01,-9.999993443489074707e-01,9.999802708625793457e-01,9.999688863754272461e-01,-9.999991059303283691e-01,-9.999982714653015137e-01,9.999724626541137695e-01,9.999988079071044922e-01,9.999961256980895996e-01,-9.999991059303283691e-01,9.999989867210388184e-01,-9.999990463256835938e-01,9.999989271163940430e-01,9.999879598617553711e-01,-9.999994039535522461e-01,9.999988079071044922e-01,-9.999994039535522461e-01,9.999992251396179199e-01,9.999965429306030273e-01,9.999988675117492676e-01,9.999992847442626953e-01,-9.999974370002746582e-01,-9.999992251396179199e-01,9.999985694885253906e-01,9.999884963035583496e-01,9.999971985816955566e-01,-9.999935030937194824e-01,9.999980330467224121e-01
