7.685543298721313477e-01,1.380665898323059082e-01,-4.538320600986480713e-01,6.730823963880538940e-02,4.793837964534759521e-01,-5.045246332883834839e-02,1.979601234197616577e-01,5.196985602378845215e-01,7.179224491119384766e-02,1.958458684384822845e-02,-3.343920037150382996e-02,-1.431736946105957031e-01,6.611708998680114746e-01,3.494374752044677734e-01,5.982611179351806641e-01,1.934875398874282837e-01,-2.789030550047755241e-03,2.626776993274688721e-01,2.783915400505065918e-01,9.242200106382369995e-02,-2.089203447103500366e-01,5.975179374217987061e-02,3.478523194789886475e-01,-3.919674158096313477e-01,2.612954750657081604e-02,-3.220829665660858154e-01,-1.487684696912765503e-01,-4.579773843288421631e-01,-1.097592115402221680e-01,-6.464136242866516113e-01,-3.753230571746826172e-01,-3.266199529170989990e-01,3.714249730110168457e-01,-8.522543311119079590e-02,-4.498401284217834473e-02,-4.893515706062316895e-01,-1.140118613839149475e-01,1.048531755805015564e-01,-3.070607483386993408e-01,-6.769281029701232910e-01,2.882637679576873779e-01,1.941859275102615356e-01,-1.000734698027372360e-02,7.771011441946029663e-02,6.298089623451232910e-01,-5.624554753303527832e-01,-4.786340892314910889e-01,-4.825888946652412415e-02,-7.361190021038055420e-02,-8.059058338403701782e-03,3.459561467170715332e-01,2.898516654968261719e-01,2.883572578430175781e-01,-4.762830212712287903e-02,5.925077712163329124e-04,-2.123610526323318481e-01,1.211199089884757996e-01,7.881014049053192139e-02,1.877551972866058350e-01,-6.278142333030700684e-02,-4.323980212211608887e-02,1.467461585998535156e-01,7.675393670797348022e-02,-1.537061631679534912e-01,-1.433818191289901733e-01,1.888752356171607971e-02,4.747963547706604004e-01,4.523413181304931641e-01,-3.018908202648162842e-01,3.056104779243469238e-01,-6.022353172302246094e-01,-6.113945841789245605e-01,-1.168115735054016113e-01,2.219260111451148987e-02,-1.242927610874176025e-01,-4.537612795829772949e-01,-3.945230320096015930e-02,2.057547271251678467e-01,-4.596296548843383789e-01,-6.136810779571533203e-01,-3.200320601463317871e-01,2.139483019709587097e-02,-3.200880885124206543e-01,6.101839989423751831e-02,-2.767701447010040283e-01,-5.726999789476394653e-02,-1.271718088537454605e-02,2.916090190410614014e-02,3.369793891906738281e-01,-9.317103773355484009e-02,-5.649545229971408844e-03,-4.175525903701782227e-01,3.985026851296424866e-02,-2.066725678741931915e-02,-9.060408920049667358e-02,-2.136155813932418823e-01,3.695829808712005615e-01,-6.541339214891195297e-03,-5.340507030487060547e-01,6.274107694625854492e-01,1.320743709802627563e-01,1.917827874422073364e-01,-7.870241999626159668e-02,1.074966858141124249e-03,3.557235002517700195e-01,2.110384404659271240e-01,8.337608538568019867e-03,1.687436737120151520e-02,-2.960947453975677490e-01,-4.940369725227355957e-02,4.879727661609649658e-01,1.094849854707717896e-01,2.812379039824008942e-02,-5.584943294525146484e-01,3.127188086509704590e-01,-4.421859085559844971e-01,3.303272426128387451e-01,-2.478942573070526123e-01,-6.456627249717712402e-01,2.738155052065849304e-02,-5.221394300460815430e-01,5.422916412353515625e-01,2.838557660579681396e-01,-1.651625037193298340e-01,4.581575095653533936e-01,-2.477167099714279175e-01,9.265162050724029541e-03,4.828982651233673096e-01
1.380665898323059082e-01,5.401367321610450745e-02,-1.634457707405090332e-01,-2.995811961591243744e-02,1.528658121824264526e-01,-8.607719838619232178e-02,3.773218020796775818e-02,1.625233143568038940e-02,3.330611810088157654e-02,1.243395451456308365e-02,2.410725131630897522e-02,-3.470489755272865295e-02,1.267729550600051880e-01,-8.224131539463996887e-03,1.411666423082351685e-01,5.969572439789772034e-02,3.013358218595385551e-03,1.210408434271812439e-01,3.173531964421272278e-02,-3.005363047122955322e-02,3.782534226775169373e-02,7.387594133615493774e-02,3.199889883399009705e-02,7.076617330312728882e-03,2.557802572846412659e-02,5.501095950603485107e-02,-1.224372088909149170e-01,-1.740418672561645508e-01,4.036447033286094666e-02,-1.486325412988662720e-01,-9.124806523323059082e-02,-1.119043603539466858e-01,8.331859111785888672e-02,2.220479957759380341e-02,1.027351827360689640e-03,-1.090785861015319824e-01,-4.535645619034767151e-02,3.234082460403442383e-02,8.946849033236503601e-03,-1.570185124874114990e-01,1.497560590505599976e-01,9.959585731849074364e-04,9.198733419179916382e-02,1.826045662164688110e-02,7.248141616582870483e-02,-8.335800468921661377e-02,-1.406807005405426025e-01,-2.149116015061736107e-03,-4.417635500431060791e-02,-7.936698384582996368e-03,6.330242753028869629e-02,2.728991955518722534e-02,7.200024276971817017e-02,7.579096406698226929e-02,-4.276820644736289978e-02,-6.223475560545921326e-02,2.843988314270973206e-02,1.454662345349788666e-02,1.640676707029342651e-02,-8.700097911059856415e-03,2.852908708155155182e-02,-8.509473875164985657e-03,1.552826818078756332e-02,-2.607427770271897316e-03,-7.044837623834609985e-02,-1.568883471190929413e-02,1.381434202194213867e-01,1.796617954969406128e-01,-1.346874386072158813e-01,1.270162761211395264e-01,-9.771025925874710083e-02,-7.750479876995086670e-02,-4.392876848578453064e-02,2.946610003709793091e-02,-3.201722726225852966e-02,-1.314741224050521851e-01,-1.579307764768600464e-02,8.687131851911544800e-02,8.277065120637416840e-03,-1.563562452793121338e-01,-8.577349036931991577e-02,5.163316614925861359e-03,-1.370771378278732300e-01,1.283944398164749146e-02,-1.038942188024520874e-01,-1.306208074092864990e-01,4.531028121709823608e-02,1.833867281675338745e-02,1.201197281479835510e-01,-4.075945168733596802e-02,-1.798039115965366364e-02,-9.290912002325057983e-02,4.190061986446380615e-02,6.296887062489986420e-03,-6.849002838134765625e-02,1.186255924403667450e-02,7.256445288658142090e-02,-1.470125047490000725e-03,-1.310957372188568115e-01,1.005502492189407349e-01,2.937968634068965912e-02,9.304013103246688843e-03,-1.022036559879779816e-02,7.476064376533031464e-03,1.283503770828247070e-01,-4.524102061986923218e-02,4.100072756409645081e-02,-1.561609841883182526e-02,-1.157830506563186646e-01,-3.256663680076599121e-02,4.409174248576164246e-02,5.288029834628105164e-02,-2.808485412970185280e-03,-1.554619371891021729e-01,1.438884884119033813e-01,-1.495953351259231567e-01,1.395430713891983032e-01,-7.061177492141723633e-02,-9.697025269269943237e-02,9.619981981813907623e-03,-5.616508051753044128e-02,1.260168850421905518e-01,1.154138073325157166e-01,-7.390434294939041138e-02,1.408988982439041138e-02,-5.424991995096206665e-02,-8.496969239786267281e-04,7.703048735857009888e-02
-4.538320600986480713e-01,-1.634457707405090332e-01,8.417872786521911621e-01,-5.188339203596115112e-02,-4.810501337051391602e-01,-3.016251884400844574e-02,-3.732533156871795654e-01,9.530454874038696289e-02,4.445028305053710938e-02,-1.007425561547279358e-01,-2.212165892124176025e-01,2.140781879425048828e-01,-3.079892694950103760e-01,3.890354931354522705e-01,-5.883373618125915527e-01,-2.134300172328948975e-01,-9.346767514944076538e-02,-5.759756565093994141e-01,2.142219990491867065e-02,3.336263298988342285e-01,-5.017106533050537109e-01,-5.800414085388183594e-01,-5.666982755064964294e-02,2.186547778546810150e-02,-1.866582036018371582e-01,-4.122950136661529541e-01,6.305212378501892090e-01,7.354647517204284668e-01,-5.553541779518127441e-01,7.353883385658264160e-01,2.470499873161315918e-01,6.875118017196655273e-01,-4.880417585372924805e-01,-3.712398409843444824e-01,6.792170926928520203e-03,5.890755057334899902e-01,2.377877086400985718e-01,-1.738190650939941406e-01,3.792425384745001793e-03,7.358650565147399902e-01,-6.849707365036010742e-01,5.262820422649383545e-02,-4.384307861328125000e-01,-9.828455001115798950e-02,-2.712829113006591797e-01,4.542107582092285156e-01,6.594989299774169922e-01,4.860022664070129395e-02,2.461697906255722046e-01,2.639122903347015381e-01,-3.705505430698394775e-01,1.818350851535797119e-01,-4.048539996147155762e-01,-2.360376715660095215e-01,1.893684566020965576e-01,2.990016341209411621e-01,-1.470667272806167603e-01,-7.520592957735061646e-02,-4.032008647918701172e-01,1.852855235338211060e-01,-1.841708421707153320e-01,6.448644399642944336e-02,-8.887726813554763794e-02,-2.880983054637908936e-01,2.073686271905899048e-01,1.053480729460716248e-01,-6.755483746528625488e-01,-7.518572211265563965e-01,6.314504146575927734e-01,-4.910809397697448730e-01,5.350465774536132812e-01,3.343999683856964111e-01,2.280486673116683960e-01,-3.262414038181304932e-01,1.325574964284896851e-01,5.222547650337219238e-01,8.510226011276245117e-02,-6.575276255607604980e-01,-9.876886010169982910e-02,6.565967202186584473e-01,-6.930165737867355347e-02,-3.593105450272560120e-02,6.570087075233459473e-01,-4.911690577864646912e-02,5.848467350006103516e-01,5.980128645896911621e-01,-3.299566507339477539e-01,-1.086944341659545898e-01,-6.377162933349609375e-01,1.443700194358825684e-01,9.758297353982925415e-02,5.145207643508911133e-01,-1.004288643598556519e-01,-9.054051339626312256e-02,4.925538003444671631e-01,-1.247457563877105713e-01,-3.020729124546051025e-01,1.001927349716424942e-02,6.100869774818420410e-01,-4.096051752567291260e-01,-1.042727082967758179e-01,-2.492438107728958130e-01,-1.903650164604187012e-02,-5.291896313428878784e-02,-7.938858866691589355e-01,6.536001712083816528e-02,9.158499538898468018e-02,2.417208552360534668e-01,6.516675949096679688e-01,1.996365189552307129e-01,-2.097060978412628174e-01,6.491986662149429321e-02,4.892862588167190552e-02,5.373392701148986816e-01,-7.266700267791748047e-01,6.063200235366821289e-01,-5.163493156433105469e-01,1.996613591909408569e-01,3.985967338085174561e-01,-8.142443746328353882e-02,-6.459982693195343018e-02,-5.698429942131042480e-01,-6.381587386131286621e-01,2.124643921852111816e-01,1.238204762339591980e-01,3.104827105998992920e-01,-1.003191992640495300e-01,-3.748175501823425293e-01
6.730823963880538940e-02,-2.995811961591243744e-02,-5.188339203596115112e-02,2.362043410539627075e-01,-3.484226763248443604e-02,1.802764832973480225e-01,9.216229617595672607e-02,1.899803872220218182e-03,-4.687042906880378723e-02,1.482046302407979965e-02,-1.054439097642898560e-01,-1.827356033027172089e-02,3.826601430773735046e-02,-5.639022216200828552e-02,2.122619654983282089e-03,-3.153547272086143494e-02,1.945898309350013733e-02,1.284528821706771851e-01,-4.983765631914138794e-02,1.839500665664672852e-02,-1.019646897912025452e-01,2.378929965198040009e-02,4.070243611931800842e-02,-1.442523747682571411e-01,5.635769292712211609e-02,-5.647084489464759827e-02,3.549397736787796021e-02,1.391534321010112762e-02,2.768602035939693451e-02,-9.640099108219146729e-02,-5.605805199593305588e-03,-1.442814469337463379e-01,1.916094869375228882e-01,-8.994194120168685913e-02,6.197227165102958679e-03,-6.345716863870620728e-02,1.516316831111907959e-02,1.179028488695621490e-02,-1.704771071672439575e-03,-2.187751382589340210e-01,1.881084404885768890e-03,4.271161183714866638e-02,2.225276548415422440e-03,7.648839615285396576e-03,2.293460443615913391e-02,-3.532699868083000183e-02,2.541632764041423798e-02,-6.456844508647918701e-02,4.614446312189102173e-03,2.870665676891803741e-02,4.903911799192428589e-02,3.656122833490371704e-02,1.464585661888122559e-01,-1.369547247886657715e-01,9.772749245166778564e-02,-2.957167476415634155e-02,-3.752024099230766296e-02,-1.152081135660409927e-02,8.216232061386108398e-02,-6.015184149146080017e-02,-1.745478808879852295e-01,1.004541963338851929e-01,1.913287304341793060e-02,9.520205110311508179e-02,-6.679236143827438354e-02,-1.180144026875495911e-02,4.742792621254920959e-02,1.486731786280870438e-02,1.005807518959045410e-01,-1.073716282844543457e-01,-1.386030316352844238e-01,4.692009463906288147e-02,-8.202941156923770905e-03,-5.569261685013771057e-02,-2.025577425956726074e-02,-8.640373498201370239e-02,1.175969187170267105e-02,4.649287089705467224e-03,-2.085250765085220337e-01,-1.411103308200836182e-01,2.170430123805999756e-01,2.777917310595512390e-03,4.730013385415077209e-02,6.882467307150363922e-03,-1.680548191070556641e-01,1.561596989631652832e-01,-1.199867352843284607e-01,-6.918183062225580215e-03,-1.428590994328260422e-02,7.581581827253103256e-03,1.917174458503723145e-02,-1.223877891898155212e-01,-8.170796185731887817e-02,7.222647964954376221e-02,-9.857315570116043091e-02,-5.656792223453521729e-02,-5.100634694099426270e-02,-1.327111735008656979e-03,-4.187268204987049103e-03,1.946996152400970459e-01,3.357551246881484985e-02,3.633653372526168823e-02,-2.665083669126033783e-02,2.484479220584034920e-03,1.833645105361938477e-01,2.635748088359832764e-01,-3.040129840373992920e-01,-5.256270989775657654e-02,-1.213473826646804810e-02,-5.627674050629138947e-03,1.922839432954788208e-01,-1.516409516334533691e-01,8.039887063205242157e-03,5.396554246544837952e-02,-1.853418350219726562e-02,3.621404990553855896e-02,4.735885187983512878e-02,1.021250151097774506e-02,-4.534178972244262695e-02,4.600669816136360168e-02,-7.996048778295516968e-03,7.583159022033214569e-03,7.135495543479919434e-02,4.936962947249412537e-02,6.176507472991943359e-02,-6.958405673503875732e-02,1.853497698903083801e-02,1.210223659873008728e-01
4.793837964534759521e-01,1.528658121824264526e-01,-4.810501337051391602e-01,-3.484226763248443604e-02,6.706609129905700684e-01,-1.764292269945144653e-01,1.804973334074020386e-01,7.832033187150955200e-02,7.639291882514953613e-02,4.057221487164497375e-02,-1.877161674201488495e-02,-7.126576453447341919e-02,3.680779635906219482e-01,7.994633167982101440e-03,4.728415012359619141e-01,2.083456367254257202e-01,-1.862554624676704407e-02,3.802643120288848877e-01,1.153151243925094604e-01,-1.161902621388435364e-01,5.118554085493087769e-02,2.414242178201675415e-01,4.343865066766738892e-02,1.556101888418197632e-01,4.095075279474258423e-02,8.675942569971084595e-02,-4.275975525379180908e-01,-5.999248027801513672e-01,1.775339394807815552e-01,-5.363092422485351562e-01,-3.264276385307312012e-01,-2.089136093854904175e-01,2.367393821477890015e-01,-4.235447198152542114e-02,2.375754341483116150e-02,-2.442713081836700439e-01,-1.555403918027877808e-01,8.929479867219924927e-02,-1.143406406044960022e-01,-5.232826471328735352e-01,4.199316501617431641e-01,7.143303006887435913e-02,3.460565507411956787e-01,6.527570635080337524e-02,1.813081949949264526e-01,-1.838213056325912476e-01,-5.601978302001953125e-01,-4.270715638995170593e-02,-1.067202463746070862e-01,1.115969941020011902e-01,2.440895438194274902e-01,3.283429890871047974e-02,2.172734588384628296e-01,2.709809839725494385e-01,-1.554240286350250244e-01,-2.567199468612670898e-01,6.223587319254875183e-02,3.625592961907386780e-02,-1.108436211943626404e-01,3.048045001924037933e-02,4.749080911278724670e-02,-1.748348586261272430e-02,4.491837322711944580e-02,-5.292959883809089661e-02,-3.262982964515686035e-01,-6.118907593190670013e-03,4.905066788196563721e-01,5.753267407417297363e-01,-2.650148868560791016e-01,4.360481202602386475e-01,-3.069742023944854736e-01,-2.757391631603240967e-01,3.598945215344429016e-02,-1.162661332637071609e-02,-1.283276975154876709e-01,-5.988250374794006348e-01,-5.697162449359893799e-02,2.060473859310150146e-01,1.335446350276470184e-02,-4.409927725791931152e-01,-2.691584825515747070e-01,9.933622553944587708e-03,-5.731022357940673828e-01,3.595136851072311401e-02,-4.313424229621887207e-01,-4.179823696613311768e-01,2.787097990512847900e-01,4.482201859354972839e-02,2.960842251777648926e-01,-1.586813479661941528e-01,-1.630588769912719727e-01,-2.490383237600326538e-01,3.260037899017333984e-01,-6.580440700054168701e-02,-1.562650650739669800e-01,-4.754939675331115723e-02,4.456353485584259033e-01,-3.977147862315177917e-03,-3.950023055076599121e-01,3.310452103614807129e-01,8.136886358261108398e-02,1.849034987390041351e-02,7.696499675512313843e-02,4.016302525997161865e-03,2.880314290523529053e-01,1.065952330827713013e-02,1.361382901668548584e-01,-2.369321323931217194e-02,-3.284009397029876709e-01,-7.385121285915374756e-02,-4.826887324452400208e-02,2.682644128799438477e-01,1.103802174329757690e-01,-5.504112243652343750e-01,5.453831553459167480e-01,-4.705923497676849365e-01,5.665404796600341797e-01,-3.157699704170227051e-01,-2.684290111064910889e-01,1.193838194012641907e-02,-1.252021640539169312e-01,3.024818003177642822e-01,3.182668685913085938e-01,-2.273930609226226807e-01,1.025036722421646118e-01,-1.962960660457611084e-01,-6.891493499279022217e-02,3.291361927986145020e-01
-5.045246332883834839e-02,-8.607719838619232178e-02,-3.016251884400844574e-02,1.802764832973480225e-01,-1.764292269945144653e-01,5.004011988639831543e-01,1.395498067140579224e-01,3.704612329602241516e-02,-1.767672449350357056e-01,9.736454114317893982e-03,7.910540327429771423e-03,-1.248324569314718246e-02,-1.798232495784759521e-01,-7.539817690849304199e-02,-4.821557551622390747e-02,-8.155582845211029053e-02,4.105495288968086243e-02,-1.286768764257431030e-01,-4.799018055200576782e-02,-7.151840627193450928e-02,1.034271344542503357e-01,2.266369014978408813e-02,2.059337124228477478e-02,-1.128397211432456970e-01,-2.055784128606319427e-02,-1.273443102836608887e-01,8.641390502452850342e-02,1.086442843079566956e-01,1.771685034036636353e-01,-1.111778393387794495e-01,1.662588566541671753e-01,-3.680352866649627686e-02,3.235574066638946533e-02,1.225573271512985229e-01,-2.657654322683811188e-02,1.463706884533166885e-02,1.827298104763031006e-02,-1.765338331460952759e-02,-1.542587727308273315e-01,-5.854904651641845703e-02,-1.703048497438430786e-01,5.315379798412322998e-02,-9.070126712322235107e-02,4.979032091796398163e-03,7.174356281757354736e-02,-1.477267146110534668e-01,3.543537855148315430e-02,-4.310302063822746277e-02,1.294243894517421722e-02,-8.842077106237411499e-02,6.677796691656112671e-02,-2.060074359178543091e-01,-2.947176992893218994e-02,-1.624601036310195923e-01,7.507971674203872681e-02,2.712371386587619781e-02,-1.855932734906673431e-02,6.037971004843711853e-03,1.647233068943023682e-01,-7.441264390945434570e-02,-4.720524419099092484e-03,3.529322519898414612e-02,9.097043424844741821e-03,1.436906605958938599e-01,1.600830703973770142e-01,3.363719210028648376e-02,-2.002727612853050232e-02,-1.079084575176239014e-01,1.384872198104858398e-01,-6.963170319795608521e-02,-1.002006381750106812e-01,-1.633818000555038452e-01,7.755710929632186890e-02,2.267209067940711975e-02,2.548932842910289764e-02,2.585158124566078186e-02,4.181107506155967712e-03,1.563062965869903564e-01,-1.046528071165084839e-01,9.347896277904510498e-02,2.857726216316223145e-01,4.856032319366931915e-03,2.682834491133689880e-02,-1.767780818045139313e-02,1.393238082528114319e-02,1.291844993829727173e-01,6.995743513107299805e-02,-9.985211305320262909e-03,-3.421311452984809875e-02,5.351031199097633362e-02,-7.923652417957782745e-03,-1.500245183706283569e-02,-1.128826960921287537e-01,6.889283657073974609e-02,3.432261571288108826e-02,-5.690824240446090698e-02,6.956625729799270630e-02,-1.541194622404873371e-03,1.769132912158966064e-02,-4.069169238209724426e-02,-3.169963136315345764e-02,1.893257051706314087e-01,7.532608509063720703e-02,-1.754152355715632439e-03,7.906875759363174438e-02,3.083163201808929443e-01,-2.344624251127243042e-01,-3.443900495767593384e-02,-6.238061934709548950e-02,1.453164219856262207e-02,6.340843439102172852e-02,-2.851352691650390625e-01,1.029851194471120834e-02,1.694549024105072021e-01,-7.013813592493534088e-03,1.704966872930526733e-01,-1.551462411880493164e-01,1.148251518607139587e-01,-9.817289561033248901e-02,2.521583344787359238e-03,1.461177766323089600e-01,1.352357864379882812e-02,-5.945609882473945618e-02,1.050503924489021301e-01,2.645933255553245544e-02,-2.369967289268970490e-02,5.275774747133255005e-02,5.230306088924407959e-02
1.979601234197616577e-01,3.773218020796775818e-02,-3.732533156871795654e-01,9.216229617595672607e-02,1.804973334074020386e-01,1.395498067140579224e-01,2.957781851291656494e-01,-1.786989718675613403e-02,-5.170771852135658264e-02,5.939761921763420105e-02,9.685041010379791260e-02,-1.041663810610771179e-01,3.028224408626556396e-02,-1.913897693157196045e-01,2.639821767807006836e-01,4.678173735737800598e-02,7.302092015743255615e-02,1.521011590957641602e-01,1.061510876752436161e-03,-1.234397888183593750e-01,2.486765831708908081e-01,1.869020462036132812e-01,-6.927450001239776611e-02,-6.432301551103591919e-02,6.008139252662658691e-02,1.373081654310226440e-01,-1.975404024124145508e-01,-2.469092458486557007e-01,2.598820626735687256e-01,-3.712993860244750977e-01,-6.201301515102386475e-02,-3.430284857749938965e-01,2.853448092937469482e-01,1.287011951208114624e-01,-1.166676450520753860e-02,-2.169250547885894775e-01,-1.166355982422828674e-01,6.854155659675598145e-02,-1.120534837245941162e-01,-3.695055544376373291e-01,2.625615596771240234e-01,5.707348138093948364e-02,1.146501745097339153e-03,3.736270591616630554e-02,1.825537681579589844e-01,-3.469665348529815674e-01,-2.876749634742736816e-01,-2.888300269842147827e-02,-3.093770518898963928e-02,-1.037856712937355042e-01,2.324903849512338638e-03,-1.780184358358383179e-01,1.398091018199920654e-01,1.948752850294113159e-01,8.408343419432640076e-03,-4.374659061431884766e-02,3.098978102207183838e-02,3.537644073367118835e-02,1.928539723157882690e-01,-1.347653716802597046e-01,9.057410806417465210e-02,1.125943474471569061e-02,4.643128439784049988e-02,2.948221564292907715e-01,6.090835481882095337e-02,-3.340079635381698608e-02,2.915707528591156006e-01,3.054402768611907959e-01,-1.865800023078918457e-01,2.550205588340759277e-01,-3.183767199516296387e-01,-1.750102937221527100e-01,-7.879109680652618408e-02,2.337064594030380249e-01,-6.646512448787689209e-02,-2.798964679241180420e-01,-4.181180894374847412e-02,4.128045439720153809e-01,-6.213829666376113892e-02,-2.149980366230010986e-01,9.759268909692764282e-02,1.851032115519046783e-02,-2.954850792884826660e-01,1.844664290547370911e-02,-2.461613714694976807e-01,-3.276346027851104736e-01,1.713663935661315918e-01,3.088535368442535400e-02,3.725794553756713867e-01,-4.175730049610137939e-02,-5.613816156983375549e-02,-2.327882051467895508e-01,-5.593909695744514465e-02,7.881195843219757080e-02,-2.398221939802169800e-01,4.368441179394721985e-02,2.130721360445022583e-01,-5.538049153983592987e-03,-1.992477774620056152e-01,1.568549871444702148e-01,5.107553303241729736e-02,3.153207004070281982e-01,-7.016922347247600555e-03,1.898332126438617706e-02,4.370019137859344482e-01,6.239318475127220154e-02,-1.501515358686447144e-01,-7.032304257154464722e-02,-4.839768409729003906e-01,-7.877492904663085938e-02,1.016050279140472412e-01,-1.682769656181335449e-01,2.729380968958139420e-03,-1.816736012697219849e-01,2.699206471443176270e-01,-1.972762346267700195e-01,6.858199089765548706e-02,-1.015867069363594055e-01,-3.306170701980590820e-01,4.408558458089828491e-02,3.521922975778579712e-02,3.704985976219177246e-01,2.237191498279571533e-01,-1.069121211767196655e-01,7.754465937614440918e-02,-1.510671675205230713e-01,5.911523103713989258e-02,9.538820385932922363e-02
5.196985602378845215e-01,1.625233143568038940e-02,9.530454874038696289e-02,1.899803872220218182e-03,7.832033187150955200e-02,3.704612329602241516e-02,-1.786989718675613403e-02,7.670770883560180664e-01,6.140113249421119690e-02,-5.458669736981391907e-02,-9.988282620906829834e-02,-3.826153278350830078e-02,4.843570291996002197e-01,7.012134790420532227e-01,2.588992416858673096e-01,4.990390688180923462e-02,-4.613679274916648865e-02,-2.581321597099304199e-01,3.561067581176757812e-01,3.481321930885314941e-01,-5.069661140441894531e-01,-3.373537063598632812e-01,3.841637969017028809e-01,-5.518725514411926270e-01,-1.301813721656799316e-01,-7.207072973251342773e-01,3.494376242160797119e-01,9.115988016128540039e-02,-5.006666183471679688e-01,-1.976987123489379883e-01,-2.063165605068206787e-01,1.206019893288612366e-01,9.794904850423336029e-03,-2.422369569540023804e-01,-7.872841507196426392e-02,-1.755571514368057251e-01,3.557370603084564209e-02,-1.255597453564405441e-03,-4.460144042968750000e-01,-1.787463724613189697e-01,-2.091591358184814453e-01,2.615191638469696045e-01,-4.623093903064727783e-01,1.951266266405582428e-02,6.435077786445617676e-01,-4.484852254390716553e-01,-7.775650173425674438e-02,7.691862992942333221e-03,1.071170791983604431e-01,4.119993001222610474e-02,1.386291533708572388e-01,4.142014384269714355e-01,-2.971985191106796265e-02,-3.012316823005676270e-01,1.375266164541244507e-01,1.713848114013671875e-02,7.924882322549819946e-02,6.184944137930870056e-02,8.345453441143035889e-02,2.027332969009876251e-02,-9.555732458829879761e-02,2.063416838645935059e-01,2.621821314096450806e-02,-3.851500451564788818e-01,1.570394635200500488e-01,1.056588739156723022e-01,1.112538762390613556e-02,-1.095538288354873657e-01,5.081323906779289246e-02,-3.168087825179100037e-02,-3.474758863449096680e-01,-5.949881076812744141e-01,-9.553556330502033234e-03,-8.621161431074142456e-02,-2.142026834189891815e-02,-7.196501363068819046e-03,1.154247298836708069e-02,-1.426038891077041626e-01,-6.215503215789794922e-01,-1.756424903869628906e-01,-3.934635818004608154e-01,4.461972508579492569e-03,1.532624810934066772e-01,3.397364541888237000e-02,2.332268506288528442e-01,3.874218463897705078e-01,-2.326074093580245972e-01,-4.118368402123451233e-02,-2.536927349865436554e-02,3.985599800944328308e-02,9.185285121202468872e-02,-9.360149502754211426e-02,-1.039566099643707275e-01,-1.127610057592391968e-01,2.869707643985748291e-01,-3.165167868137359619e-01,1.949741244316101074e-01,-1.305140322074294090e-03,-1.948496401309967041e-01,3.877104222774505615e-01,5.636486783623695374e-02,1.715060323476791382e-01,-1.168821379542350769e-01,-3.705345839262008667e-02,-1.732424497604370117e-01,2.482246160507202148e-01,1.373684853315353394e-01,1.870843321084976196e-01,9.831144660711288452e-02,8.909462392330169678e-02,4.452835917472839355e-01,1.066968366503715515e-01,2.088551037013530731e-02,-2.132232934236526489e-01,-2.110044956207275391e-01,-4.275298863649368286e-02,-1.643674373626708984e-01,-5.828811600804328918e-02,-5.435146689414978027e-01,-4.187422990798950195e-02,-6.638275384902954102e-01,2.798144221305847168e-01,-1.955994367599487305e-01,1.917449943721294403e-02,6.385610103607177734e-01,-4.803461581468582153e-02,-9.105019271373748779e-03,2.465259581804275513e-01
7.179224491119384766e-02,3.330611810088157654e-02,4.445028305053710938e-02,-4.687042906880378723e-02,7.639291882514953613e-02,-1.767672449350357056e-01,-5.170771852135658264e-02,6.140113249421119690e-02,8.349573612213134766e-02,-8.793357759714126587e-03,-3.845776617527008057e-02,6.919463165104389191e-03,1.209542825818061829e-01,1.160661578178405762e-01,3.511499613523483276e-02,2.825293317437171936e-02,-2.196163311600685120e-02,2.681460045278072357e-02,5.138457939028739929e-02,7.815238088369369507e-02,-1.435918956995010376e-01,-6.016453355550765991e-02,2.510685101151466370e-02,-1.584361307322978973e-02,-2.732479479163885117e-03,-4.955749958753585815e-02,2.100140042603015900e-02,-1.190013624727725983e-02,-1.455951631069183350e-01,3.211926668882369995e-02,-8.885470032691955566e-02,2.675746381282806396e-02,1.528635248541831970e-02,-1.126348674297332764e-01,8.455066010355949402e-03,-6.563000380992889404e-03,1.984358532354235649e-03,2.816526452079415321e-03,2.522354014217853546e-02,-2.445156453177332878e-03,3.367623686790466309e-02,1.785870082676410675e-02,-3.300679475069046021e-02,-2.423409605398774147e-03,2.067625336349010468e-02,2.659496665000915527e-02,4.586523864418268204e-03,8.239191956818103790e-03,1.687333732843399048e-02,6.899164617061614990e-02,-3.902491182088851929e-02,1.323685497045516968e-01,2.062660083174705505e-02,3.231761604547500610e-02,8.117791265249252319e-03,-4.594286729115992785e-04,-4.618661943823099136e-03,-2.125107450410723686e-03,-7.947763055562973022e-02,3.036187589168548584e-02,-3.993557021021842957e-02,2.663296833634376526e-02,-1.779066515155136585e-04,-7.846397906541824341e-02,-5.888102576136589050e-02,-8.043874404393136501e-04,5.270905792713165283e-03,2.629713527858257294e-02,-8.589135482907295227e-03,1.588664576411247253e-02,1.723351189866662025e-03,3.002592362463474274e-02,-2.319864928722381592e-02,-3.720662742853164673e-02,-1.674545556306838989e-02,-3.406848758459091187e-02,2.827502321451902390e-03,-9.888585656881332397e-02,-5.903399363160133362e-02,-4.932433366775512695e-02,-1.369979232549667358e-01,-2.423184458166360855e-03,2.658323198556900024e-02,1.002705655992031097e-02,3.708027070388197899e-03,2.047649025917053223e-02,-7.157581299543380737e-02,-5.160348024219274521e-03,-2.459635725244879723e-03,-1.970991678535938263e-02,1.218931656330823898e-02,-8.064893074333667755e-03,2.185551077127456665e-02,-2.508371137082576752e-02,1.204108260571956635e-02,-1.991297490894794464e-02,-7.555813994258642197e-03,5.818729405291378498e-04,-9.715546853840351105e-03,6.621487438678741455e-02,2.625571191310882568e-02,-5.325828120112419128e-02,-4.732568562030792236e-02,-4.432181362062692642e-03,-6.003069132566452026e-02,-6.041953712701797485e-02,6.346893310546875000e-02,4.108613356947898865e-02,4.122386500239372253e-02,7.106594741344451904e-03,3.299001231789588928e-02,1.032914444804191589e-01,3.963915631175041199e-03,-7.830480486154556274e-02,-5.027287453413009644e-02,-6.459130346775054932e-02,3.457459434866905212e-02,-5.436849221587181091e-02,-1.867287978529930115e-02,3.584187652450054884e-04,-1.397095769643783569e-01,1.338739413768053055e-02,-2.670466434210538864e-03,-4.272317886352539062e-02,8.143958449363708496e-02,-5.438255146145820618e-03,-2.629576623439788818e-02,7.817152887582778931e-03
1.958458684384822845e-02,1.243395451456308365e-02,-1.007425561547279358e-01,1.482046302407979965e-02,4.057221487164497375e-02,9.736454114317893982e-03,5.939761921763420105e-02,-5.458669736981391907e-02,-8.793357759714126587e-03,1.682901009917259216e-02,2.982036955654621124e-02,-2.356365695595741272e-02,-4.923992324620485306e-03,-9.236856549978256226e-02,5.021008104085922241e-02,1.277210563421249390e-02,1.788210310041904449e-02,6.701514869928359985e-02,-2.104228176176548004e-02,-4.827914386987686157e-02,8.966974914073944092e-02,6.994559615850448608e-02,-3.091100417077541351e-02,1.710433885455131531e-02,2.678582817316055298e-02,9.064098447561264038e-02,-7.568121701478958130e-02,-7.466498017311096191e-02,8.889561146497726440e-02,-7.463761419057846069e-02,-1.038522180169820786e-02,-9.728474169969558716e-02,6.901540607213973999e-02,4.555612802505493164e-02,2.924012951552867889e-03,-5.170115828514099121e-02,-2.925290167331695557e-02,1.834959164261817932e-02,1.375627703964710236e-02,-8.145783841609954834e-02,8.710049092769622803e-02,-9.339804761111736298e-03,4.445659741759300232e-02,8.333860896527767181e-03,7.167204748839139938e-04,-4.710434749722480774e-02,-6.278479099273681641e-02,-6.170821376144886017e-03,-2.039876580238342285e-02,-3.016062080860137939e-02,1.495168544352054596e-03,-5.150937288999557495e-02,4.424198344349861145e-02,5.751531571149826050e-02,-1.203075330704450607e-02,-1.770920120179653168e-02,5.926484242081642151e-03,4.772103391587734222e-03,4.589123651385307312e-02,-3.128395229578018188e-02,2.453959546983242035e-02,-1.110417954623699188e-02,9.644513018429279327e-03,8.339463174343109131e-02,-8.318359963595867157e-03,-1.738573983311653137e-02,7.127211242914199829e-02,8.739456534385681152e-02,-6.203666701912879944e-02,5.894586071372032166e-02,-5.261449143290519714e-02,1.482718740589916706e-03,-2.767435461282730103e-02,5.728881806135177612e-02,-1.524962950497865677e-02,-6.236514076590538025e-02,-1.023321039974689484e-02,9.955567866563796997e-02,2.876304276287555695e-02,-5.635672435164451599e-02,4.067119956016540527e-02,4.193168133497238159e-03,-7.769467681646347046e-02,3.763054264709353447e-03,-7.580862194299697876e-02,-1.016525849699974060e-01,4.513349756598472595e-02,1.169051509350538254e-02,9.125595539808273315e-02,-1.458542421460151672e-02,-1.407483685761690140e-02,-5.493817850947380066e-02,-4.752656444907188416e-03,2.316899038851261139e-02,-7.806741446256637573e-02,3.168380260467529297e-02,2.678425423800945282e-02,-1.208905829116702080e-03,-4.274123907089233398e-02,2.292052097618579865e-02,1.078573428094387054e-02,4.879592359066009521e-02,4.130575980525463820e-04,7.783509790897369385e-03,1.217934265732765198e-01,-1.408650446683168411e-02,-3.760701417922973633e-02,-3.161527588963508606e-02,-1.127784624695777893e-01,-2.640037052333354950e-02,6.273303646594285965e-03,-3.527580574154853821e-02,-5.613259039819240570e-03,-3.804937750101089478e-02,8.203189074993133545e-02,-5.688799917697906494e-02,4.055523872375488281e-02,-2.164850942790508270e-02,-3.595365956425666809e-02,1.432141195982694626e-02,4.105802625417709351e-02,6.811284273862838745e-02,7.494647055864334106e-02,-2.782923728227615356e-02,-3.032033331692218781e-02,-3.449792042374610901e-02,1.493188831955194473e-02,1.401922013610601425e-02
-3.343920037150382996e-02,2.410725131630897522e-02,-2.212165892124176025e-01,-1.054439097642898560e-01,-1.877161674201488495e-02,7.910540327429771423e-03,9.685041010379791260e-02,-9.988282620906829834e-02,-3.845776617527008057e-02,2.982036955654621124e-02,2.141415923833847046e-01,-6.973578780889511108e-02,-8.967018872499465942e-02,-2.148219794034957886e-01,1.035179346799850464e-01,2.781144902110099792e-02,5.528214946389198303e-02,5.400517955422401428e-03,-2.535461820662021637e-02,-1.407300829887390137e-01,3.835200667381286621e-01,1.659992188215255737e-01,-8.036297559738159180e-02,2.756762690842151642e-02,2.696746401488780975e-02,2.470964938402175903e-01,-1.611936390399932861e-01,-1.247242987155914307e-01,2.374497354030609131e-01,-1.138415634632110596e-01,3.905866667628288269e-02,-1.910554766654968262e-01,2.157031744718551636e-02,2.774537503719329834e-01,-2.062916383147239685e-02,-1.277928650379180908e-01,-7.650247216224670410e-02,3.912502527236938477e-02,2.945522079244256020e-03,-2.625361643731594086e-02,1.745585203170776367e-01,-6.411895900964736938e-02,2.565309591591358185e-02,1.401220168918371201e-02,6.772926449775695801e-02,-1.942562758922576904e-01,-1.380437910556793213e-01,3.987537696957588196e-02,-5.457254871726036072e-02,-2.060843259096145630e-01,-1.779950410127639771e-02,-2.001474797725677490e-01,-1.661800593137741089e-02,1.613833755254745483e-01,-7.678104192018508911e-02,8.953709155321121216e-03,6.627702713012695312e-02,3.234751150012016296e-02,1.967821270227432251e-01,-8.402369916439056396e-02,2.302488833665847778e-01,-9.671624749898910522e-02,1.339540816843509674e-02,1.753517091274261475e-01,1.433218419551849365e-01,-3.852651268243789673e-02,1.079817637801170349e-01,1.373229026794433594e-01,-2.635330259799957275e-01,1.711014807224273682e-01,-6.754399091005325317e-02,-9.938817471265792847e-02,-1.108801588416099548e-01,2.641474008560180664e-01,8.254636777564883232e-04,3.091460838913917542e-02,-3.192261606454849243e-02,3.293341696262359619e-01,1.902224272489547729e-01,-2.056406065821647644e-02,1.951625011861324310e-02,1.304128393530845642e-02,-1.609750837087631226e-01,2.372533315792679787e-03,7.507855538278818130e-03,-3.228175342082977295e-01,1.685491949319839478e-01,3.627438843250274658e-02,2.710485458374023438e-01,-3.892818931490182877e-03,-7.771800272166728973e-03,-5.749318003654479980e-02,-4.933924227952957153e-02,2.833268791437149048e-02,-1.273372322320938110e-01,1.375887989997863770e-01,4.488107189536094666e-02,-2.827489050105214119e-03,-1.068271473050117493e-01,-9.857326745986938477e-02,-9.090840816497802734e-03,1.747732758522033691e-01,5.580196375376544893e-05,2.201803028583526611e-02,2.300018817186355591e-01,-2.153036743402481079e-01,9.446418285369873047e-02,-6.945510953664779663e-02,-2.991547584533691406e-01,-6.459002941846847534e-02,-2.901725657284259796e-02,-8.001432567834854126e-02,-6.937488913536071777e-02,-6.510659307241439819e-02,1.730377227067947388e-01,-1.130255460739135742e-01,-6.300289928913116455e-02,2.126908302307128906e-02,-1.188971549272537231e-01,3.405301366001367569e-03,1.284273117780685425e-01,2.125902324914932251e-01,1.169338449835777283e-01,-4.994047805666923523e-02,-1.256064772605895996e-01,-2.247887663543224335e-02,7.132183015346527100e-02,-7.372220605611801147e-02
-1.431736946105957031e-01,-3.470489755272865295e-02,2.140781879425048828e-01,-1.827356033027172089e-02,-7.126576453447341919e-02,-1.248324569314718246e-02,-1.041663810610771179e-01,-3.826153278350830078e-02,6.919463165104389191e-03,-2.356365695595741272e-02,-6.973578780889511108e-02,6.966096162796020508e-02,-9.940388053655624390e-02,6.126852706074714661e-02,-1.627242714166641235e-01,-4.095596075057983398e-02,-3.463055193424224854e-02,-1.006694063544273376e-01,-1.983590051531791687e-02,3.975783661007881165e-02,-1.170325651764869690e-01,-9.961454570293426514e-02,-3.036473132669925690e-02,1.055516228079795837e-01,-4.155038297176361084e-02,-5.940784141421318054e-02,9.872616082429885864e-02,1.413597464561462402e-01,-9.298746287822723389e-02,1.946121156215667725e-01,6.092912703752517700e-02,2.125639617443084717e-01,-1.437925398349761963e-01,-8.959427475929260254e-02,1.501888781785964966e-02,1.763553917407989502e-01,5.642627924680709839e-02,-4.538035020232200623e-02,3.017291054129600525e-02,2.088004350662231445e-01,-1.588895767927169800e-01,-9.141880087554454803e-03,-5.750361829996109009e-03,-2.217236347496509552e-02,-1.558903455734252930e-01,2.117649614810943604e-01,1.443947851657867432e-01,2.940432867035269737e-03,3.961397707462310791e-02,9.715432673692703247e-02,-4.581616818904876709e-02,2.023949101567268372e-02,-9.313718229532241821e-02,-4.429930076003074646e-02,7.357791066169738770e-03,3.628923743963241577e-02,-4.332683235406875610e-02,-2.691038511693477631e-02,-1.573683619499206543e-01,7.277514785528182983e-02,-4.710270091891288757e-02,-9.295227937400341034e-03,-2.630247175693511963e-02,-9.071667492389678955e-02,-2.446917444467544556e-02,2.704119868576526642e-02,-1.512483656406402588e-01,-1.640783846378326416e-01,1.665540039539337158e-01,-1.099428981542587280e-01,1.841473877429962158e-01,1.289702653884887695e-01,9.793077409267425537e-02,-1.266321837902069092e-01,2.915622293949127197e-02,8.669928461313247681e-02,1.898398436605930328e-02,-2.018331587314605713e-01,5.046503990888595581e-02,1.829792559146881104e-01,-8.666993118822574615e-03,-1.147742569446563721e-02,1.130154877901077271e-01,-1.612046919763088226e-02,9.730065613985061646e-02,1.344929039478302002e-01,-2.491363324224948883e-02,-2.230859920382499695e-02,-2.065225839614868164e-01,1.863241381943225861e-02,-6.881927140057086945e-03,1.460890024900436401e-01,4.913076385855674744e-02,-3.589147701859474182e-02,1.228424534201622009e-01,-2.922906167805194855e-02,-4.869730770587921143e-02,2.992854686453938484e-03,1.510486155748367310e-01,-1.331948190927505493e-01,-3.432248905301094055e-02,-1.279728263616561890e-01,3.824688121676445007e-02,-1.361467130482196808e-02,-2.503259181976318359e-01,1.583540439605712891e-02,4.224418103694915771e-02,4.710170254111289978e-02,2.148515135049819946e-01,4.681038856506347656e-02,-1.456318199634552002e-01,5.814108625054359436e-02,3.559299558401107788e-02,1.215420663356781006e-01,-1.288444101810455322e-01,1.376523226499557495e-01,-4.153531417250633240e-02,3.117106296122074127e-02,1.926383972167968750e-01,-2.491302601993083954e-02,4.908609017729759216e-02,-2.182835042476654053e-01,-1.366555690765380859e-01,4.905245453119277954e-02,-3.550689294934272766e-02,7.668682932853698730e-02,-4.419023171067237854e-02,-6.944660842418670654e-02
