7.799437642097473145e-01,1.447968482971191406e-01,-4.394601881504058838e-01,8.930266648530960083e-02,4.710198044776916504e-01,4.917080700397491455e-02,2.476925849914550781e-01,4.978920519351959229e-01,5.829103663563728333e-02,1.408127602189779282e-02,-7.992731034755706787e-02,-1.406516283750534058e-01,6.622707843780517578e-01,3.260062634944915771e-01,6.050841212272644043e-01,1.943184137344360352e-01,-1.100342068821191788e-02,1.769757121801376343e-01,2.759041190147399902e-01,1.024496182799339294e-01,-2.792558670043945312e-01,4.788041114807128906e-02,4.196615815162658691e-01,-4.368472993373870850e-01,2.417608536779880524e-02,-3.970519900321960449e-01,-1.024049073457717896e-01,-4.375313222408294678e-01,-6.161336600780487061e-02,-6.364325284957885742e-01,-3.878041207790374756e-01,-2.952151894569396973e-01,3.776614964008331299e-01,-1.513982564210891724e-01,-4.139481857419013977e-02,-4.785546660423278809e-01,-1.337089687585830688e-01,1.101899221539497375e-01,-2.796636521816253662e-01,-6.300212144851684570e-01,2.354142814874649048e-01,2.175253182649612427e-01,1.142533123493194580e-02,8.335453271865844727e-02,5.722391009330749512e-01,-5.366291403770446777e-01,-4.649615883827209473e-01,-5.095877125859260559e-02,-6.607235968112945557e-02,-1.270854845643043518e-02,3.674076199531555176e-01,3.383144140243530273e-01,2.536038160324096680e-01,-9.605643153190612793e-02,3.260899335145950317e-03,-1.717625558376312256e-01,1.315095871686935425e-01,8.436780422925949097e-02,2.103724777698516846e-01,-3.746683895587921143e-02,-1.405212283134460449e-01,1.739810109138488770e-01,7.967235893011093140e-02,-1.746544241905212402e-01,-1.841965764760971069e-01,3.811625018715858459e-02,4.683389067649841309e-01,4.237810671329498291e-01,-2.080058306455612183e-01,2.993349432945251465e-01,-6.073519587516784668e-01,-6.612403392791748047e-01,-8.630894869565963745e-02,-1.218421012163162231e-01,-9.933425486087799072e-02,-4.572458565235137939e-01,-3.851089999079704285e-02,1.598236560821533203e-01,-5.294396281242370605e-01,-5.833576917648315430e-01,-3.280576169490814209e-01,2.152565680444240570e-02,-3.014970719814300537e-01,6.898628920316696167e-02,-2.324452549219131470e-01,-5.942841880823834799e-07,-3.738402156159281731e-03,3.129477426409721375e-02,3.470350503921508789e-01,-1.177904158830642700e-01,1.765389554202556610e-02,-4.251342415809631348e-01,7.921257615089416504e-02,-8.510839194059371948e-02,-4.861297085881233215e-02,-1.548869311809539795e-01,3.731074333190917969e-01,-7.153685670346021652e-03,-5.460200905799865723e-01,6.151465177536010742e-01,1.490368843078613281e-01,2.211354672908782959e-01,-3.758251667022705078e-02,-4.495717119425535202e-03,3.251522183418273926e-01,2.442756593227386475e-01,-8.978235535323619843e-03,2.347741089761257172e-02,-2.908648848533630371e-01,-4.767674580216407776e-02,4.785917401313781738e-01,1.041534394025802612e-01,7.033786922693252563e-02,-5.347436666488647461e-01,2.648678421974182129e-01,-4.330016374588012695e-01,2.822484970092773438e-01,-1.894901990890502930e-01,-5.863039493560791016e-01,2.376424707472324371e-02,-6.130685806274414062e-01,5.039837956428527832e-01,2.077868729829788208e-01,-1.004901155829429626e-01,4.996257424354553223e-01,-3.852015137672424316e-01,1.000914443284273148e-02,5.234267115592956543e-01
1.447968482971191406e-01,5.476690828800201416e-02,-1.473160088062286377e-01,-1.899786479771137238e-02,1.491180807352066040e-01,-5.931349843740463257e-02,4.444218054413795471e-02,3.008072637021541595e-02,3.462293744087219238e-02,9.530087932944297791e-03,2.200069138780236244e-03,-3.181246668100357056e-02,1.374313980340957642e-01,1.417976804077625275e-02,1.414936929941177368e-01,5.921126902103424072e-02,-2.487132558599114418e-03,9.344128519296646118e-02,3.584138303995132446e-02,-1.755103655159473419e-02,-6.562745664268732071e-03,6.026851385831832886e-02,6.217671185731887817e-02,-2.554549276828765869e-02,2.449979446828365326e-02,1.059214305132627487e-02,-9.765978902578353882e-02,-1.584989726543426514e-01,3.551587462425231934e-02,-1.502390354871749878e-01,-1.010812595486640930e-01,-9.177576005458831787e-02,8.467246592044830322e-02,-2.714350819587707520e-03,1.589356572367250919e-03,-1.079853847622871399e-01,-4.740886390209197998e-02,3.282290324568748474e-02,1.101436000317335129e-02,-1.510389745235443115e-01,1.230356469750404358e-01,1.081807631999254227e-02,7.989655435085296631e-02,1.988655142486095428e-02,6.678102165460586548e-02,-8.173985034227371216e-02,-1.322630345821380615e-01,-3.138609463348984718e-03,-3.983988240361213684e-02,-3.561840858310461044e-03,7.591516524553298950e-02,5.685259774327278137e-02,5.941132456064224243e-02,3.818593919277191162e-02,-4.516872763633728027e-02,-4.581287503242492676e-02,3.056133911013603210e-02,1.544563379138708115e-02,2.917720004916191101e-02,4.235456697642803192e-03,-1.260339282453060150e-02,7.185370195657014847e-03,1.613767817616462708e-02,-2.590004727244377136e-02,-8.941993117332458496e-02,-9.181614033877849579e-03,1.347168684005737305e-01,1.628345251083374023e-01,-1.123012453317642212e-01,1.088555678725242615e-01,-1.073918193578720093e-01,-1.046658679842948914e-01,-3.263759240508079529e-02,-2.202742174267768860e-02,-2.523031830787658691e-02,-1.311967968940734863e-01,-1.428160164505243301e-02,6.412851065397262573e-02,-2.874681353569030762e-02,-1.561189442873001099e-01,-9.387551993131637573e-02,4.835676867514848709e-03,-1.260768771171569824e-01,1.482777576893568039e-02,-8.839501440525054932e-02,-9.524832665920257568e-02,3.982221335172653198e-02,1.751584000885486603e-02,1.071820408105850220e-01,-4.776500165462493896e-02,-5.767558701336383820e-03,-9.603060036897659302e-02,5.061755329370498657e-02,-9.089818224310874939e-03,-4.568725824356079102e-02,3.496050462126731873e-02,6.874798983335494995e-02,-1.482411636970937252e-03,-1.270668208599090576e-01,1.160264164209365845e-01,3.483124449849128723e-02,1.971053145825862885e-02,1.995704835280776024e-03,4.939172416925430298e-03,1.111819818615913391e-01,-3.400384262204170227e-02,4.113578796386718750e-02,-1.173439528793096542e-02,-9.910618513822555542e-02,-2.838518097996711731e-02,5.540485680103302002e-02,5.559105053544044495e-02,1.323418505489826202e-02,-1.481444388628005981e-01,1.165724992752075195e-01,-1.369559764862060547e-01,1.265321820974349976e-01,-5.860058590769767761e-02,-8.205597847700119019e-02,6.382063496857881546e-03,-1.101632639765739441e-01,1.096983924508094788e-01,8.162596821784973145e-02,-4.568352550268173218e-02,4.145006462931632996e-02,-9.572656452655792236e-02,-5.168160889297723770e-03,9.341412782669067383e-02
-4.394601881504058838e-01,-1.473160088062286377e-01,8.635110259056091309e-01,-1.818920373916625977e-01,-5.033637285232543945e-01,-2.510344684123992920e-01,-5.196688175201416016e-01,1.532263904809951782e-01,9.018252044916152954e-02,-1.107988655567169189e-01,-1.118513345718383789e-01,2.136131674051284790e-01,-2.942524850368499756e-01,4.601069092750549316e-01,-5.996901392936706543e-01,-2.236791551113128662e-01,-8.574436604976654053e-02,-5.101552009582519531e-01,1.009346917271614075e-01,3.741280734539031982e-01,-4.423160552978515625e-01,-6.348363161087036133e-01,-1.226857453584671021e-01,1.392668783664703369e-01,-2.499816566705703735e-01,-3.685204684734344482e-01,6.088051795959472656e-01,7.589897513389587402e-01,-6.505809426307678223e-01,7.908771634101867676e-01,2.880671620368957520e-01,6.905738115310668945e-01,-5.393782854080200195e-01,-3.121583461761474609e-01,-1.455547846853733063e-02,6.196107864379882812e-01,2.897675931453704834e-01,-2.063534110784530640e-01,-6.298071891069412231e-02,7.836136817932128906e-01,-6.749333143234252930e-01,4.601763561367988586e-02,-4.843154251575469971e-01,-1.211366951465606689e-01,-1.558223813772201538e-01,4.186428189277648926e-01,6.964352726936340332e-01,7.703009247779846191e-02,2.563556432723999023e-01,3.157552182674407959e-01,-4.827257990837097168e-01,1.025723963975906372e-01,-4.095013439655303955e-01,-1.874731108546257019e-02,2.659981548786163330e-01,2.348165363073348999e-01,-1.714059114456176758e-01,-7.801119238138198853e-02,-5.093935728073120117e-01,1.455762237310409546e-01,5.837064981460571289e-02,7.188182324171066284e-03,-1.024486124515533447e-01,-2.715204358100891113e-01,4.092788696289062500e-01,9.545318782329559326e-02,-7.171974182128906250e-01,-7.457253336906433105e-01,5.621001720428466797e-01,-3.860301375389099121e-01,6.008756160736083984e-01,4.060416221618652344e-01,1.717167794704437256e-01,-6.451285630464553833e-02,8.124423772096633911e-02,5.827238559722900391e-01,9.191814810037612915e-02,-6.430410146713256836e-01,1.193727366626262665e-02,7.156081199645996094e-01,-1.456740498542785645e-01,-3.823011368513107300e-02,7.111204266548156738e-01,-6.476988643407821655e-02,6.159890890121459961e-01,5.471131205558776855e-01,-4.012649953365325928e-01,-1.286537200212478638e-01,-6.432340741157531738e-01,2.077933549880981445e-01,5.006805807352066040e-02,5.922169089317321777e-01,-2.408030778169631958e-01,7.803574949502944946e-02,5.117818117141723633e-01,-3.703575730323791504e-01,-2.810742855072021484e-01,1.154248975217342377e-02,5.966998934745788574e-01,-5.352874398231506348e-01,-1.328378766775131226e-01,-3.416622579097747803e-01,-1.566768437623977661e-01,-4.893711209297180176e-02,-8.296121954917907715e-01,4.814960807561874390e-02,1.316668391227722168e-01,3.388976454734802246e-01,6.637824177742004395e-01,2.128561586141586304e-01,-1.929545700550079346e-01,6.860915571451187134e-02,-6.426241993904113770e-02,5.322853326797485352e-01,-7.169432044029235840e-01,5.806436538696289062e-01,-5.579158067703247070e-01,1.626830101013183594e-01,2.509939074516296387e-01,-8.461100608110427856e-02,1.474434882402420044e-01,-4.560196399688720703e-01,-5.240939259529113770e-01,-2.985779196023941040e-02,7.687187939882278442e-02,6.493446230888366699e-01,-9.204719960689544678e-02,-4.766326844692230225e-01
8.930266648530960083e-02,-1.899786479771137238e-02,-1.818920373916625977e-01,3.189259171485900879e-01,3.678218647837638855e-02,2.479883283376693726e-01,1.751943826675415039e-01,-1.098581477999687195e-01,-6.211235001683235168e-02,3.315808624029159546e-02,-1.172631531953811646e-01,-3.169735893607139587e-02,5.498196184635162354e-02,-1.819975972175598145e-01,6.902720034122467041e-02,-5.888698156923055649e-03,2.823977731168270111e-02,2.492685467004776001e-01,-1.055925190448760986e-01,-6.641884148120880127e-02,-4.892430827021598816e-02,1.448802798986434937e-01,4.358229413628578186e-02,-1.106684654951095581e-01,1.149358674883842468e-01,5.251355096697807312e-02,-8.019576966762542725e-02,-1.325056254863739014e-01,1.737851053476333618e-01,-2.180467247962951660e-01,-3.694340959191322327e-02,-2.606022655963897705e-01,2.727548480033874512e-01,-6.613513827323913574e-02,2.178092673420906067e-02,-1.322916597127914429e-01,-1.639772392809391022e-02,3.714985772967338562e-02,6.293842941522598267e-02,-3.494974076747894287e-01,8.488305658102035522e-02,2.351224608719348907e-02,1.629469990730285645e-01,2.349122427403926849e-02,-4.657204821705818176e-02,-3.677360713481903076e-02,-6.160059571266174316e-02,-9.444609284400939941e-02,-4.523726552724838257e-02,2.008970826864242554e-02,1.272739470005035400e-01,3.926764242351055145e-03,2.111805826425552368e-01,-1.454873085021972656e-01,4.837799072265625000e-02,-6.722417473793029785e-02,-4.201099276542663574e-02,-1.409026235342025757e-02,1.229072436690330505e-01,-6.663960218429565430e-02,-2.333315163850784302e-01,9.362491965293884277e-02,3.197259828448295593e-02,1.560155600309371948e-01,-1.910958886146545410e-01,-2.877661585807800293e-02,1.651246249675750732e-01,1.260960102081298828e-01,8.941870927810668945e-02,-8.424919098615646362e-02,-1.995777040719985962e-01,4.602448642253875732e-02,-7.646231097169220448e-04,-1.186982095241546631e-01,-2.822016552090644836e-02,-1.921611130237579346e-01,-5.950359627604484558e-04,7.766409963369369507e-02,-1.902388930320739746e-01,-2.445252239704132080e-01,2.651714384555816650e-01,5.897510796785354614e-03,-9.663300961256027222e-02,1.229478139430284500e-02,-2.898119986057281494e-01,7.623463124036788940e-02,-4.049575701355934143e-02,1.207478810101747513e-02,6.280392408370971680e-02,-2.958807162940502167e-02,1.026391610503196716e-02,-1.991807520389556885e-01,-1.503546535968780518e-02,9.358976781368255615e-02,-1.848299503326416016e-01,4.492872580885887146e-02,-2.875236980617046356e-02,-2.554892795160412788e-03,-5.649469420313835144e-02,2.653571367263793945e-01,5.603432282805442810e-02,5.819763988256454468e-02,2.302361465990543365e-02,8.780328556895256042e-03,3.324140906333923340e-01,2.708708941936492920e-01,-3.746381700038909912e-01,-1.321777254343032837e-01,-1.072139814496040344e-01,-3.723343461751937866e-02,2.029213607311248779e-01,-1.769715696573257446e-01,3.459980711340904236e-02,-1.957530854269862175e-03,9.458411484956741333e-02,-1.682217977941036224e-02,1.913045197725296021e-01,-1.444826554507017136e-02,6.963807158172130585e-03,6.135413050651550293e-02,-8.619085419923067093e-04,3.334085689857602119e-03,1.500311046838760376e-01,8.140053600072860718e-02,-8.592882659286260605e-04,-1.877632141113281250e-01,1.928868889808654785e-02,1.898519396781921387e-01
4.710198044776916504e-01,1.491180807352066040e-01,-5.033637285232543945e-01,3.678218647837638855e-02,7.044188380241394043e-01,-4.378042370080947876e-02,2.616123557090759277e-01,-2.839783206582069397e-03,6.407235562801361084e-02,4.893872886896133423e-02,-7.616730034351348877e-02,-6.551162898540496826e-02,3.339168727397918701e-01,-6.853254884481430054e-02,4.941520690917968750e-01,2.230775952339172363e-01,-2.126374281942844391e-02,3.865313529968261719e-01,7.675552368164062500e-02,-1.714621335268020630e-01,3.686074540019035339e-02,2.905499637126922607e-01,6.777936965227127075e-02,1.299721300601959229e-01,7.071555405855178833e-02,1.018809452652931213e-01,-4.719706475734710693e-01,-6.171566247940063477e-01,2.797663211822509766e-01,-5.778461098670959473e-01,-3.718115687370300293e-01,-2.053407728672027588e-01,2.700370848178863525e-01,-6.328538805246353149e-02,3.984394297003746033e-02,-2.439303994178771973e-01,-1.995279043912887573e-01,1.061187162995338440e-01,-7.299575954675674438e-02,-5.579315423965454102e-01,4.127909541130065918e-01,7.591223716735839844e-02,3.964588642120361328e-01,7.838280498981475830e-02,6.613672524690628052e-02,-1.442480385303497314e-01,-5.988230109214782715e-01,-6.668439507484436035e-02,-1.137923449277877808e-01,1.326339989900588989e-01,2.860420644283294678e-01,4.717413336038589478e-02,2.077412903308868408e-01,1.786078214645385742e-01,-2.275928407907485962e-01,-2.397894859313964844e-01,5.418970063328742981e-02,3.129410743713378906e-02,-5.755674466490745544e-02,7.094451785087585449e-02,-8.619156479835510254e-02,5.902943667024374008e-03,5.153388530015945435e-02,-5.482742190361022949e-02,-4.180095791816711426e-01,2.481296833138912916e-04,5.451906323432922363e-01,6.095169782638549805e-01,-2.307152301073074341e-01,3.926360011100769043e-01,-3.382464051246643066e-01,-3.067854344844818115e-01,1.166837811470031738e-01,-1.666810065507888794e-01,-1.295362412929534912e-01,-6.430857777595520020e-01,-6.275890767574310303e-02,2.365493923425674438e-01,-3.516100696288049221e-04,-4.595924615859985352e-01,-2.354685068130493164e-01,9.937475435435771942e-03,-6.279940009117126465e-01,3.811723738908767700e-02,-4.758964180946350098e-01,-4.232513606548309326e-01,3.394058942794799805e-01,5.480123683810234070e-02,2.960475981235504150e-01,-2.079121023416519165e-01,-1.642580181360244751e-01,-2.845908701419830322e-01,4.255734980106353760e-01,-7.204379141330718994e-02,-1.417905241250991821e-01,1.107804924249649048e-01,4.647403657436370850e-01,-4.637465812265872955e-03,-3.881197273731231689e-01,3.751578032970428467e-01,9.869318455457687378e-02,7.302016019821166992e-02,1.846488714218139648e-01,-2.601752930786460638e-04,3.378517329692840576e-01,3.678273782134056091e-02,9.980668127536773682e-02,-6.329007446765899658e-02,-3.413489758968353271e-01,-8.476748317480087280e-02,-7.895912230014801025e-02,2.745430171489715576e-01,1.876659691333770752e-01,-5.680389404296875000e-01,5.682263970375061035e-01,-4.559815824031829834e-01,5.845609307289123535e-01,-2.980343997478485107e-01,-1.664046943187713623e-01,4.463453777134418488e-03,-1.724449694156646729e-01,2.343838214874267578e-01,2.755571007728576660e-01,-1.282338500022888184e-01,8.352804183959960938e-02,-3.456460833549499512e-01,-9.072879701852798462e-02,3.797154426574707031e-01
4.917080700397491455e-02,-5.931349843740463257e-02,-2.510344684123992920e-01,2.479883283376693726e-01,-4.378042370080947876e-02,5.447089672088623047e-01,2.670867741107940674e-01,-4.802413284778594971e-02,-2.066594213247299194e-01,3.731061518192291260e-02,1.662053540349006653e-02,-6.024490669369697571e-02,-1.145786792039871216e-01,-2.381326258182525635e-01,7.925464957952499390e-02,-3.649605065584182739e-02,6.698202341794967651e-02,2.219884097576141357e-02,-9.365433454513549805e-02,-1.623698323965072632e-01,2.212082445621490479e-01,1.791508346796035767e-01,1.162873394787311554e-02,-1.217350512742996216e-01,4.927594214677810669e-02,5.471874494105577469e-03,-6.831128150224685669e-02,-9.624963998794555664e-02,3.178513348102569580e-01,-2.921835482120513916e-01,1.157354936003684998e-01,-2.270656228065490723e-01,1.712676286697387695e-01,1.795821934938430786e-01,-1.759094372391700745e-02,-1.198698282241821289e-01,-4.548221454024314880e-02,2.978845871984958649e-02,-9.893134236335754395e-02,-2.712571918964385986e-01,4.651145543903112411e-03,3.710375726222991943e-02,6.303237378597259521e-02,2.946756407618522644e-02,8.806730806827545166e-02,-2.144115120172500610e-01,-1.216068342328071594e-01,-7.013063877820968628e-02,-4.624627903103828430e-02,-1.541457474231719971e-01,1.645133048295974731e-01,-2.364229261875152588e-01,9.278464317321777344e-02,-1.286920011043548584e-01,3.759496659040451050e-02,-3.546105697751045227e-02,7.348372600972652435e-03,1.777165755629539490e-02,2.566472291946411133e-01,-1.201234459877014160e-01,-2.771454676985740662e-02,2.962498180568218231e-02,3.226973116397857666e-02,2.422631680965423584e-01,2.968682534992694855e-02,7.089050486683845520e-03,1.552383005619049072e-01,8.396729081869125366e-02,6.049423664808273315e-02,3.275397047400474548e-02,-2.293151617050170898e-01,-1.964786648750305176e-01,3.033256530761718750e-02,3.012756071984767914e-02,1.891832053661346436e-02,-1.265710741281509399e-01,-1.437890157103538513e-02,2.929593324661254883e-01,-9.936587512493133545e-02,-1.036774665117263794e-01,3.357599079608917236e-01,1.313244923949241638e-02,-1.394050419330596924e-01,-2.752356231212615967e-03,-1.617826819419860840e-01,-2.189827524125576019e-02,1.310405135154724121e-01,1.890951581299304962e-02,1.266000866889953613e-01,5.232197232544422150e-03,-1.982359774410724640e-02,-1.568333357572555542e-01,-5.827194452285766602e-02,3.872478008270263672e-02,-1.221012920141220093e-01,1.457162294536828995e-02,1.042048111557960510e-01,-4.202594514936208725e-03,-1.057132631540298462e-01,1.043360456824302673e-01,-5.764634697698056698e-04,2.367459237575531006e-01,1.033671945333480835e-01,1.262277550995349884e-02,3.129942715167999268e-01,3.111898005008697510e-01,-3.104230761528015137e-01,-1.272503137588500977e-01,-2.388913184404373169e-01,-3.773557767271995544e-02,1.080624610185623169e-01,-3.059484362602233887e-01,1.918306387960910797e-02,5.833896249532699585e-02,1.855994164943695068e-01,4.166403040289878845e-02,2.204951457679271698e-02,6.766895204782485962e-02,-1.296409815549850464e-01,3.537444397807121277e-02,1.302927583456039429e-01,1.009607911109924316e-01,8.481879532337188721e-02,1.107754632830619812e-01,-5.806641187518835068e-03,-1.667837053537368774e-01,7.383760809898376465e-02,1.468512713909149170e-01
2.476925849914550781e-01,4.444218054413795471e-02,-5.196688175201416016e-01,1.751943826675415039e-01,2.616123557090759277e-01,2.670867741107940674e-01,4.453650116920471191e-01,-7.290448248386383057e-02,-9.594942629337310791e-02,7.862396538257598877e-02,8.029809594154357910e-02,-1.443379372358322144e-01,3.418122604489326477e-02,-3.235844373703002930e-01,3.515300154685974121e-01,7.037628442049026489e-02,9.687812626361846924e-02,1.657115966081619263e-01,-3.902402892708778381e-02,-1.767803579568862915e-01,3.275735676288604736e-01,2.892037928104400635e-01,-7.208685576915740967e-02,-1.521319448947906494e-01,1.142273321747779846e-01,1.721896380186080933e-01,-2.596341371536254883e-01,-3.505538403987884521e-01,3.988001942634582520e-01,-5.095565319061279297e-01,-9.647280722856521606e-02,-4.474767446517944336e-01,3.871513009071350098e-01,1.457862108945846558e-01,-8.219722658395767212e-03,-3.092571198940277100e-01,-1.889674812555313110e-01,1.104031205177307129e-01,-7.787714153528213501e-02,-5.071608424186706543e-01,3.488584756851196289e-01,6.015300750732421875e-02,7.814259827136993408e-02,5.921074002981185913e-02,1.922715753316879272e-01,-4.137119352817535400e-01,-4.042404890060424805e-01,-4.205912724137306213e-02,-5.525742843747138977e-02,-1.846106797456741333e-01,8.208896219730377197e-02,-1.849496811628341675e-01,1.873547285795211792e-01,1.633011251688003540e-01,-2.117474563419818878e-02,-2.782979048788547516e-02,6.150455772876739502e-02,4.973974078893661499e-02,3.226413130760192871e-01,-1.640862375497817993e-01,1.204377878457307816e-02,2.947323769330978394e-02,6.583146005868911743e-02,3.621626794338226318e-01,-6.186058372259140015e-02,-4.626474156975746155e-02,4.160919189453125000e-01,4.013981223106384277e-01,-1.977593451738357544e-01,3.077287077903747559e-01,-4.420796930789947510e-01,-2.505329549312591553e-01,-1.041045188903808594e-01,1.868654340505599976e-01,-3.913778439164161682e-02,-3.805671036243438721e-01,-5.534370616078376770e-02,5.174749493598937988e-01,-1.101987138390541077e-01,-3.486896157264709473e-01,1.496900022029876709e-01,2.600842528045177460e-02,-4.084169268608093262e-01,3.430147469043731689e-02,-3.345077037811279297e-01,-4.254690706729888916e-01,2.302698194980621338e-01,5.161354318261146545e-02,4.897111952304840088e-01,-8.810877054929733276e-02,-4.118957743048667908e-02,-3.432156145572662354e-01,9.641278535127639771e-03,-2.246913313865661621e-02,-3.536970019340515137e-01,1.836753934621810913e-01,2.281812131404876709e-01,-8.074616082012653351e-03,-2.647913694381713867e-01,2.788823843002319336e-01,7.571649551391601562e-02,4.173616766929626465e-01,4.392366483807563782e-02,2.778015471994876862e-02,5.988382101058959961e-01,7.145068794488906860e-02,-2.008687406778335571e-01,-1.405617594718933105e-01,-6.227624416351318359e-01,-1.143579930067062378e-01,1.246218904852867126e-01,-1.950946599245071411e-01,4.326353222131729126e-02,-2.260394245386123657e-01,3.682528734207153320e-01,-2.358505874872207642e-01,1.577928960323333740e-01,-1.068475022912025452e-01,-3.290579617023468018e-01,6.598097085952758789e-02,-7.219669967889785767e-02,4.234378337860107422e-01,2.471732646226882935e-01,-2.251769788563251495e-02,1.026796177029609680e-01,-3.553560376167297363e-01,7.559015601873397827e-02,1.599551439285278320e-01
4.978920519351959229e-01,3.008072637021541595e-02,1.532263904809951782e-01,-1.098581477999687195e-01,-2.839783206582069397e-03,-4.802413284778594971e-02,-7.290448248386383057e-02,7.888070940971374512e-01,7.217317819595336914e-02,-6.864303350448608398e-02,-4.410025477409362793e-02,-4.549337923526763916e-02,4.650487601757049561e-01,7.041487097740173340e-01,2.129899859428405762e-01,2.460908330976963043e-02,-3.946638107299804688e-02,-3.705828487873077393e-01,4.024979174137115479e-01,4.185059368610382080e-01,-5.056471228599548340e-01,-4.132400751113891602e-01,3.820245563983917236e-01,-5.397104024887084961e-01,-1.821772903203964233e-01,-7.593081593513488770e-01,4.378857612609863281e-01,1.849252581596374512e-01,-5.503827333450317383e-01,-8.053032308816909790e-02,-1.575428992509841919e-01,1.552561372518539429e-01,-3.108382970094680786e-02,-2.671420276165008545e-01,-9.498565644025802612e-02,-1.314922571182250977e-01,5.336045473814010620e-02,-1.895736902952194214e-02,-4.528690874576568604e-01,-2.797738648951053619e-02,-2.424450218677520752e-01,2.713047564029693604e-01,-5.268473625183105469e-01,2.801470458507537842e-03,6.783909201622009277e-01,-4.453510642051696777e-01,7.334930822253227234e-03,4.628231376409530640e-02,1.442086696624755859e-01,1.132696680724620819e-02,3.298334032297134399e-02,4.141574800014495850e-01,-7.845360040664672852e-02,-1.764116436243057251e-01,2.343550026416778564e-01,5.505830049514770508e-02,9.203019738197326660e-02,7.250615209341049194e-02,5.143868550658226013e-02,-9.790452197194099426e-03,9.171017445623874664e-03,1.922207623720169067e-01,1.763292029500007629e-02,-3.602942526340484619e-01,2.988340556621551514e-01,1.125183776021003723e-01,-8.323450386524200439e-02,-1.800883114337921143e-01,8.759853988885879517e-02,4.217179864645004272e-02,-2.806362807750701904e-01,-5.544841289520263672e-01,-7.691451907157897949e-02,1.516640000045299530e-02,-7.478460203856229782e-03,8.688683062791824341e-02,2.029131352901458740e-02,-1.894440352916717529e-01,-6.185063123703002930e-01,-6.660078465938568115e-02,-4.306672811508178711e-01,4.633360542356967926e-03,2.811309397220611572e-01,3.579718247056007385e-02,3.507746458053588867e-01,4.128024280071258545e-01,-3.105745911598205566e-01,-5.335508286952972412e-02,4.285519476979970932e-03,7.604853808879852295e-02,1.051748022437095642e-01,-3.500839322805404663e-02,-2.143079936504364014e-01,-1.350492686033248901e-01,3.129496872425079346e-01,-4.437249898910522461e-01,1.610221415758132935e-01,-1.151884673163294792e-03,-1.938780695199966431e-01,2.504284381866455078e-01,4.724921286106109619e-02,1.510060727596282959e-01,-2.139263153076171875e-01,-3.595918044447898865e-02,-2.551449537277221680e-01,2.188147455453872681e-01,1.657323688268661499e-01,2.717942297458648682e-01,1.037560850381851196e-01,9.858931601047515869e-02,4.336668848991394043e-01,8.491624891757965088e-02,-4.641732200980186462e-02,-1.470823138952255249e-01,-3.025885522365570068e-01,-5.465273186564445496e-02,-3.166429698467254639e-01,8.663215674459934235e-03,-5.949617624282836914e-01,-3.853489458560943604e-02,-6.170397400856018066e-01,3.379005193710327148e-01,-2.176665365695953369e-01,-7.882501929998397827e-02,6.632037162780761719e-01,4.632661119103431702e-02,2.465100213885307312e-02,1.692897975444793701e-01
5.829103663563728333e-02,3.462293744087219238e-02,9.018252044916152954e-02,-6.211235001683235168e-02,6.407235562801361084e-02,-2.066594213247299194e-01,-9.594942629337310791e-02,7.217317819595336914e-02,1.048906072974205017e-01,-1.626779884099960327e-02,-5.070421099662780762e-02,2.360720187425613403e-02,1.282376796007156372e-01,1.535236686468124390e-01,8.863070048391819000e-03,2.504290826618671417e-02,-3.577408567070960999e-02,2.382411248981952667e-02,6.053765118122100830e-02,9.990958869457244873e-02,-1.945036351680755615e-01,-8.573078364133834839e-02,4.114001989364624023e-02,6.199786439538002014e-03,-1.523213181644678116e-02,-6.980098783969879150e-02,4.053726792335510254e-02,1.624201983213424683e-02,-1.686408668756484985e-01,7.104514539241790771e-02,-9.590332955121994019e-02,7.080498337745666504e-02,-1.303669996559619904e-02,-1.500101387500762939e-01,1.253379788249731064e-02,2.464504912495613098e-02,1.988644897937774658e-02,-8.014054968953132629e-03,2.413246035575866699e-02,3.652296215295791626e-02,4.069774877279996872e-03,1.687462069094181061e-02,-3.002520091831684113e-02,-7.411480415612459183e-03,-7.642680779099464417e-03,7.075381278991699219e-02,3.703897818922996521e-02,1.006036251783370972e-02,2.483170665800571442e-02,1.076227352023124695e-01,-4.804350435733795166e-02,1.591745615005493164e-01,4.452639725059270859e-03,1.798601448535919189e-02,7.942002266645431519e-03,-1.809947309084236622e-03,-1.694674417376518250e-02,-8.348392322659492493e-03,-1.169601902365684509e-01,5.324088037014007568e-02,-5.476412922143936157e-02,3.059813380241394043e-02,-6.091237068176269531e-03,-1.216720044612884521e-01,-5.690378323197364807e-02,4.742841236293315887e-03,-2.875663898885250092e-02,-2.210894133895635605e-03,9.027480147778987885e-03,-1.751493848860263824e-02,3.882602229714393616e-02,5.225813016295433044e-02,-3.639570204541087151e-03,-6.145255267620086670e-02,-2.589179016649723053e-02,-1.497408188879489899e-02,7.809331640601158142e-03,-1.531414240598678589e-01,-5.677857622504234314e-02,-1.915712282061576843e-02,-1.535444259643554688e-01,-5.454170983284711838e-03,5.353243649005889893e-02,7.362116593867540359e-03,2.375002205371856689e-02,6.383443623781204224e-02,-8.679033815860748291e-02,-1.150245964527130127e-02,-5.039603635668754578e-02,-1.579599827527999878e-02,9.623799473047256470e-03,2.463663928210735321e-02,2.910029701888561249e-02,-1.070232503116130829e-02,5.218051746487617493e-02,-4.430238530039787292e-02,-1.391422841697931290e-02,1.416711136698722839e-03,1.296269334852695465e-02,4.204472154378890991e-02,2.392179332673549652e-02,-9.163500368595123291e-02,-5.246116220951080322e-02,-9.216656908392906189e-03,-1.142743006348609924e-01,-5.914864689111709595e-02,7.982635498046875000e-02,6.274360418319702148e-02,1.040299609303474426e-01,1.926467381417751312e-02,1.834714598953723907e-02,1.279502063989639282e-01,6.892485078424215317e-03,-6.591274589300155640e-02,-8.801362663507461548e-02,-5.760263651609420776e-02,2.771788462996482849e-02,-4.702815786004066467e-02,1.012490130960941315e-02,-7.501877378672361374e-03,-1.322772800922393799e-01,-2.223977260291576385e-02,-2.564506977796554565e-02,-4.891761392354965210e-02,7.541260123252868652e-02,2.547279186546802521e-02,-3.865771740674972534e-02,6.293803919106721878e-03
1.408127602189779282e-02,9.530087932944297791e-03,-1.107988655567169189e-01,3.315808624029159546e-02,4.893872886896133423e-02,3.731061518192291260e-02,7.862396538257598877e-02,-6.864303350448608398e-02,-1.626779884099960327e-02,1.876477338373661041e-02,1.874584518373012543e-02,-2.409320510923862457e-02,-1.211285684257745743e-02,-1.106043010950088501e-01,5.313514918088912964e-02,1.454846747219562531e-02,1.817358285188674927e-02,6.423292309045791626e-02,-3.332238271832466125e-02,-5.788454413414001465e-02,9.369291365146636963e-02,8.575518429279327393e-02,-3.092187456786632538e-02,6.543742027133703232e-03,3.634080290794372559e-02,9.441838413476943970e-02,-8.136972039937973022e-02,-8.521641045808792114e-02,1.114844605326652527e-01,-8.852039277553558350e-02,-1.362332701683044434e-02,-9.894980490207672119e-02,7.535526901483535767e-02,4.398939013481140137e-02,5.655691027641296387e-03,-5.665738880634307861e-02,-3.760283067822456360e-02,2.293871156871318817e-02,2.342378161847591400e-02,-9.507447481155395508e-02,8.895432204008102417e-02,-1.153266150504350662e-02,6.172215938568115234e-02,1.135167106986045837e-02,-1.566469483077526093e-02,-4.125105217099189758e-02,-7.424092292785644531e-02,-9.587612003087997437e-03,-2.379339747130870819e-02,-3.768336772918701172e-02,1.904750615358352661e-02,-4.875016957521438599e-02,4.528068378567695618e-02,3.450953960418701172e-02,-2.462562173604965210e-02,-1.128203701227903366e-02,8.124421350657939911e-03,4.688175860792398453e-03,6.167054548859596252e-02,-2.749929577112197876e-02,-1.197285717353224754e-03,-7.540032733231782913e-03,1.122256182134151459e-02,8.355953544378280640e-02,-4.162432625889778137e-02,-1.777509041130542755e-02,8.343850076198577881e-02,9.108564257621765137e-02,-5.479979887604713440e-02,4.915207251906394958e-02,-6.206917390227317810e-02,-5.483379587531089783e-03,-2.059098705649375916e-02,3.053405694663524628e-02,-7.929945364594459534e-03,-7.465791702270507812e-02,-1.151236798614263535e-02,1.028825119137763977e-01,2.428867667913436890e-02,-7.035815715789794922e-02,5.220076069235801697e-02,4.558053333312273026e-03,-9.544399380683898926e-02,5.232071038335561752e-03,-8.706769347190856934e-02,-1.067507192492485046e-01,5.857555195689201355e-02,1.453575305640697479e-02,9.220679849386215210e-02,-2.290923148393630981e-02,-1.033605169504880905e-02,-6.456902623176574707e-02,1.719547808170318604e-02,1.330632250756025314e-03,-8.686442673206329346e-02,6.653116643428802490e-02,2.463178709149360657e-02,-1.401465968228876591e-03,-4.014507308602333069e-02,4.086340963840484619e-02,1.272128149867057800e-02,5.926448106765747070e-02,1.925013586878776550e-02,8.021796122193336487e-03,1.341683417558670044e-01,-1.425073947757482529e-02,-4.138945043087005615e-02,-4.614563286304473877e-02,-1.180115491151809692e-01,-2.908235415816307068e-02,-7.544126128777861595e-04,-3.407613188028335571e-02,8.381262421607971191e-03,-3.768659383058547974e-02,9.059037268161773682e-02,-5.083012208342552185e-02,6.028071790933609009e-02,-2.080236934125423431e-02,-1.284362096339464188e-02,1.517222635447978973e-02,1.928086765110492706e-02,5.303200706839561462e-02,6.465009599924087524e-02,1.724505680613219738e-03,-3.187850862741470337e-02,-7.357081770896911621e-02,1.289058756083250046e-02,2.401717193424701691e-02
-7.992731034755706787e-02,2.200069138780236244e-03,-1.118513345718383789e-01,-1.172631531953811646e-01,-7.616730034351348877e-02,1.662053540349006653e-02,8.029809594154357910e-02,-4.410025477409362793e-02,-5.070421099662780762e-02,1.874584518373012543e-02,1.886850893497467041e-01,-5.991935729980468750e-02,-1.339085698127746582e-01,-1.504806578159332275e-01,3.625594824552536011e-02,-1.880908734165132046e-03,5.230339244008064270e-02,-1.270022839307785034e-01,-1.184969302266836166e-02,-7.694166153669357300e-02,3.306038081645965576e-01,7.737864553928375244e-02,-1.014695391058921814e-01,-3.148119151592254639e-02,7.873154827393591404e-04,1.454754173755645752e-01,-4.431611299514770508e-02,-5.307117942720651627e-03,1.379995048046112061e-01,-2.114502899348735809e-02,8.025345206260681152e-02,-9.501496702432632446e-02,-2.225949056446552277e-02,2.354401499032974243e-01,-2.821435034275054932e-02,-7.042960077524185181e-02,-6.346847116947174072e-02,2.465131878852844238e-02,-1.838798820972442627e-02,7.199349999427795410e-02,9.509719163179397583e-02,-4.598966985940933228e-02,-8.971339464187622070e-02,4.317792598158121109e-03,9.358645975589752197e-02,-1.747498363256454468e-01,-6.408289074897766113e-02,5.716043338179588318e-02,-1.201718021184206009e-02,-2.199101746082305908e-01,-6.573110073804855347e-02,-1.700244843959808350e-01,-6.715183705091476440e-02,1.373518258333206177e-01,-3.098732233047485352e-02,7.255967706441879272e-02,7.125712931156158447e-02,3.309917449951171875e-02,1.838706582784652710e-01,-8.323788642883300781e-02,2.212087661027908325e-01,-7.877054065465927124e-02,5.977305117994546890e-03,1.519058197736740112e-01,1.715295016765594482e-01,-2.535039372742176056e-02,2.176667004823684692e-02,2.696958929300308228e-02,-1.956509351730346680e-01,1.387497782707214355e-01,-3.115496039390563965e-02,-8.625158667564392090e-02,-1.158820092678070068e-01,2.573594748973846436e-01,3.956609219312667847e-02,9.203236550092697144e-02,-2.191722206771373749e-02,2.517230212688446045e-01,1.407758742570877075e-01,5.112584307789802551e-02,1.503334753215312958e-02,1.128697115927934647e-02,-5.320389941334724426e-02,2.181969350203871727e-03,9.689334034919738770e-02,-2.528783380985260010e-01,1.153104528784751892e-01,2.336001582443714142e-02,2.077974081039428711e-01,1.547032408416271210e-02,1.712734624743461609e-02,-1.364690717309713364e-02,-7.791975885629653931e-02,-5.962105095386505127e-02,-9.439397603273391724e-02,1.214526146650314331e-01,7.396801374852657318e-03,-2.255050232633948326e-03,-3.861878067255020142e-02,-1.268995106220245361e-01,-2.384546771645545959e-02,1.804490983486175537e-01,-1.598806679248809814e-02,1.887357048690319061e-02,1.127442419528961182e-01,-2.090174257755279541e-01,1.218541115522384644e-01,-3.191651776432991028e-02,-2.367645353078842163e-01,-4.203436896204948425e-02,-4.885168373584747314e-02,-7.707934826612472534e-02,-6.478906422853469849e-02,1.022384315729141235e-02,6.860078871250152588e-02,-2.928005531430244446e-02,-1.555753499269485474e-01,4.259945079684257507e-02,-1.099388673901557922e-01,2.965925377793610096e-04,5.824377387762069702e-02,1.771752536296844482e-01,1.991976983845233917e-02,-1.078558154404163361e-02,-5.380991101264953613e-02,-1.816629245877265930e-02,7.084353268146514893e-02,-1.242139637470245361e-01
-1.406516283750534058e-01,-3.181246668100357056e-02,2.136131674051284790e-01,-3.169735893607139587e-02,-6.551162898540496826e-02,-6.024490669369697571e-02,-1.443379372358322144e-01,-4.549337923526763916e-02,2.360720187425613403e-02,-2.409320510923862457e-02,-5.991935729980468750e-02,7.748084515333175659e-02,-8.582917600870132446e-02,6.679601967334747314e-02,-1.670941114425659180e-01,-3.609959036111831665e-02,-3.931131586432456970e-02,-3.830372914671897888e-02,-1.745854131877422333e-02,3.114865534007549286e-02,-1.099020987749099731e-01,-9.166005253791809082e-02,-3.503550961613655090e-02,1.526454985141754150e-01,-4.375322908163070679e-02,-1.744728907942771912e-02,6.406678259372711182e-02,1.272348016500473022e-01,-1.029555723071098328e-01,2.028185427188873291e-01,5.283500626683235168e-02,2.049187272787094116e-01,-1.531974822282791138e-01,-7.800212502479553223e-02,1.817690953612327576e-02,1.828835904598236084e-01,7.130040973424911499e-02,-5.087943747639656067e-02,2.999636530876159668e-02,1.969372928142547607e-01,-1.429110318422317505e-01,-2.122280187904834747e-02,1.744970493018627167e-02,-2.495684474706649780e-02,-1.703015118837356567e-01,2.342454493045806885e-01,1.478089988231658936e-01,-2.162348479032516479e-03,3.138677775859832764e-02,1.286098808050155640e-01,-5.104320496320724487e-02,1.339890249073505402e-02,-7.566992938518524170e-02,-3.217359632253646851e-02,-3.707581432536244392e-03,7.075239554978907108e-04,-5.682861804962158203e-02,-3.341100737452507019e-02,-1.906022578477859497e-01,7.914604991674423218e-02,-2.475800924003124237e-02,-1.991850882768630981e-02,-2.925961464643478394e-02,-1.024981588125228882e-01,-1.093954127281904221e-02,2.286796458065509796e-02,-1.534965783357620239e-01,-1.429400444030761719e-01,1.364687979221343994e-01,-1.212431192398071289e-01,2.070503532886505127e-01,1.629281938076019287e-01,1.078551709651947021e-01,-1.014770865440368652e-01,5.219545215368270874e-03,9.035667032003402710e-02,2.023566514253616333e-02,-2.022068500518798828e-01,9.211301803588867188e-02,1.792968511581420898e-01,-1.112240832298994064e-02,-1.315983198583126068e-02,1.093619614839553833e-01,-2.108454518020153046e-02,7.178065925836563110e-02,1.310764253139495850e-01,-3.420833125710487366e-02,-2.372968196868896484e-02,-2.276897579431533813e-01,2.422256767749786377e-02,-2.413220331072807312e-02,1.578383445739746094e-01,4.739007353782653809e-02,2.222367189824581146e-02,1.326894462108612061e-01,-6.734409928321838379e-02,-4.712501913309097290e-02,3.561020363122224808e-03,1.487900167703628540e-01,-1.420870423316955566e-01,-3.759381920099258423e-02,-1.705773770809173584e-01,3.031294420361518860e-02,-1.420215331017971039e-02,-2.440539896488189697e-01,1.560300961136817932e-02,4.146685823798179626e-02,4.998904839158058167e-02,2.417029440402984619e-01,4.820778593420982361e-02,-1.466280966997146606e-01,7.306157797574996948e-02,2.241634950041770935e-02,1.038090586662292480e-01,-1.069172471761703491e-01,1.183286979794502258e-01,-1.527644693851470947e-02,1.737388595938682556e-02,1.931305825710296631e-01,-2.781218476593494415e-02,1.170099526643753052e-01,-2.256755083799362183e-01,-9.777174144983291626e-02,1.217662449926137924e-02,-7.819025218486785889e-02,1.452379673719406128e-01,-5.135837197303771973e-02,-7.060642540454864502e-02
