9.999982714653015137e-01,-9.999986886978149414e-01,-9.999904632568359375e-01,9.999982118606567383e-01,9.999989867210388184e-01,-9.999988079071044922e-01,9.999959468841552734e-01,9.999991655349731445e-01,-9.999974370002746582e-01,9.999977350234985352e-01,-9.999985694885253906e-01,-9.999989271163940430e-01,9.999982118606567383e-01,9.999983906745910645e-01,9.999845623970031738e-01,9.999971985816955566e-01,9.999974370002746582e-01,-9.999986290931701660e-01,9.999933838844299316e-01,-9.999991059303283691e-01,-9.999989271163940430e-01,9.999899268150329590e-01,9.999984502792358398e-01,9.999984502792358398e-01,9.999891519546508789e-01,9.999991655349731445e-01,-9.999984502792358398e-01,-9.999989271163940430e-01,9.999840855598449707e-01,-9.999956488609313965e-01,-9.999935030937194824e-01,-9.999984502792358398e-01,9.999916553497314453e-01,9.999970197677612305e-01,-9.999973177909851074e-01,-9.999648928642272949e-01,9.999989271163940430e-01,9.999986290931701660e-01,9.999927878379821777e-01,-9.999989271163940430e-01,9.999986290931701660e-01,-9.999961853027343750e-01,9.999754428863525391e-01,9.999988079071044922e-01,9.999982118606567383e-01,9.999982118606567383e-01,-9.999878406524658203e-01,9.999983310699462891e-01,9.999988079071044922e-01,-9.999985694885253906e-01,-9.999987483024597168e-01,-9.999979734420776367e-01,-9.999988079071044922e-01,-9.999920725822448730e-01,-9.999976754188537598e-01,-9.999982714653015137e-01,-9.999965429306030273e-01,9.998819231986999512e-01,9.999976158142089844e-01,9.999983906745910645e-01,-9.999981522560119629e-01,9.999989867210388184e-01,9.999983310699462891e-01,9.999952912330627441e-01,-9.999956488609313965e-01,-9.999988079071044922e-01,-9.999991655349731445e-01,-9.999955892562866211e-01,-9.999989867210388184e-01,9.999988079071044922e-01,-9.999987483024597168e-01,9.999980330467224121e-01,9.999953508377075195e-01,-9.999929666519165039e-01,-9.999570250511169434e-01,-9.999982714653015137e-01,9.999930858612060547e-01,9.999987483024597168e-01,-9.999937415122985840e-01,-9.999966025352478027e-01,-9.998161196708679199e-01,9.999976754188537598e-01,-9.999989271163940430e-01,9.999971389770507812e-01,-9.999982714653015137e-01,-9.999878406524658203e-01,9.999884963035583496e-01,9.999989271163940430e-01,9.999665021896362305e-01,9.999929070472717285e-01,-9.999976158142089844e-01,9.999983310699462891e-01,-9.999784827232360840e-01,-9.999979734420776367e-01,9.999983906745910645e-01,-9.999980330467224121e-01,-9.999920725822448730e-01,9.999990463256835938e-01,-9.999988675117492676e-01,9.999926686286926270e-01,-9.999969601631164551e-01,9.999987483024597168e-01,-9.999682903289794922e-01,-9.999467134475708008e-01,9.999986886978149414e-01,9.999974370002746582e-01,-9.999625086784362793e-01,-9.999982118606567383e-01,-9.999940991401672363e-01,9.999985694885253906e-01,-9.999983310699462891e-01,9.999985694885253906e-01,-9.999982714653015137e-01,-9.999803304672241211e-01,9.999991655349731445e-01,-9.999981522560119629e-01,9.999988675117492676e-01,-9.999985694885253906e-01,-9.999946951866149902e-01,-9.999980926513671875e-01,-9.999988079071044922e-01,9.999960064888000488e-01,9.999986290931701660e-01,-9.999976754188537598e-01,-9.999838471412658691e-01,-9.999956488609313965e-01,9.999902248382568359e-01,-9.999967813491821289e-01
-9.999986886978149414e-01,9.999989271163940430e-01,9.999923110008239746e-01,-9.999985694885253906e-01,-9.999992847442626953e-01,9.999989867210388184e-01,-9.999966025352478027e-01,-9.999993443489074707e-01,9.999979138374328613e-01,-9.999981522560119629e-01,9.999989271163940430e-01,9.999992251396179199e-01,-9.999985694885253906e-01,-9.999986886978149414e-01,-9.999873638153076172e-01,-9.999976754188537598e-01,-9.999979734420776367e-01,9.999989271163940430e-01,-9.999946355819702148e-01,9.999992847442626953e-01,9.999991655349731445e-01,-9.999917745590209961e-01,-9.999987483024597168e-01,-9.999988079071044922e-01,-9.999911189079284668e-01,-9.999992251396179199e-01,9.999986886978149414e-01,9.999991655349731445e-01,-9.999870061874389648e-01,9.999963641166687012e-01,9.999946951866149902e-01,9.999987483024597168e-01,-9.999931454658508301e-01,-9.999976158142089844e-01,9.999978542327880859e-01,9.999713897705078125e-01,-9.999991059303283691e-01,-9.999988675117492676e-01,-9.999940991401672363e-01,9.999992251396179199e-01,-9.999989271163940430e-01,9.999969601631164551e-01,-9.999799728393554688e-01,-9.999991059303283691e-01,-9.999985694885253906e-01,-9.999986290931701660e-01,9.999900460243225098e-01,-9.999986290931701660e-01,-9.999990463256835938e-01,9.999988675117492676e-01,9.999990463256835938e-01,9.999983310699462891e-01,9.999991059303283691e-01,9.999936223030090332e-01,9.999980330467224121e-01,9.999984502792358398e-01,9.999971389770507812e-01,-9.999034404754638672e-01,-9.999980926513671875e-01,-9.999986886978149414e-01,9.999985098838806152e-01,-9.999991655349731445e-01,-9.999986290931701660e-01,-9.999961256980895996e-01,9.999963641166687012e-01,9.999992251396179199e-01,9.999993443489074707e-01,9.999964237213134766e-01,9.999991059303283691e-01,-9.999989867210388184e-01,9.999989867210388184e-01,-9.999985098838806152e-01,-9.999961853027343750e-01,9.999941587448120117e-01,9.999648332595825195e-01,9.999986886978149414e-01,-9.999943971633911133e-01,-9.999989867210388184e-01,9.999948143959045410e-01,9.999973177909851074e-01,9.998495578765869141e-01,-9.999980330467224121e-01,9.999991059303283691e-01,-9.999977350234985352e-01,9.999985694885253906e-01,9.999901652336120605e-01,-9.999905824661254883e-01,-9.999990463256835938e-01,-9.999727010726928711e-01,-9.999942779541015625e-01,9.999981522560119629e-01,-9.999986290931701660e-01,9.999824166297912598e-01,9.999983906745910645e-01,-9.999986886978149414e-01,9.999983310699462891e-01,9.999935626983642578e-01,-9.999992847442626953e-01,9.999991655349731445e-01,-9.999939203262329102e-01,9.999975562095642090e-01,-9.999989867210388184e-01,9.999740719795227051e-01,9.999564886093139648e-01,-9.999989271163940430e-01,-9.999977946281433105e-01,9.999693632125854492e-01,9.999984502792358398e-01,9.999951720237731934e-01,-9.999987483024597168e-01,9.999985098838806152e-01,-9.999987483024597168e-01,9.999985694885253906e-01,9.999839067459106445e-01,-9.999993443489074707e-01,9.999984502792358398e-01,-9.999991655349731445e-01,9.999988079071044922e-01,9.999957084655761719e-01,9.999985694885253906e-01,9.999991059303283691e-01,-9.999967217445373535e-01,-9.999988675117492676e-01,9.999981522560119629e-01,9.999867677688598633e-01,9.999963641166687012e-01,-9.999920725822448730e-01,9.999973773956298828e-01
-9.999904632568359375e-01,9.999923110008239746e-01,9.999459385871887207e-01,-9.999899864196777344e-01,-9.999938607215881348e-01,9.999930262565612793e-01,-9.999768137931823730e-01,-9.999944567680358887e-01,9.999855756759643555e-01,-9.999871253967285156e-01,9.999919533729553223e-01,9.999938011169433594e-01,-9.999895095825195312e-01,-9.999910593032836914e-01,-9.999123215675354004e-01,-9.999842047691345215e-01,-9.999861121177673340e-01,9.999923110008239746e-01,-9.999623894691467285e-01,9.999946951866149902e-01,9.999940395355224609e-01,-9.999422430992126465e-01,-9.999913573265075684e-01,-9.999911785125732422e-01,-9.999384880065917969e-01,-9.999944567680358887e-01,9.999912977218627930e-01,9.999938607215881348e-01,-9.999097585678100586e-01,9.999750256538391113e-01,9.999625682830810547e-01,9.999914765357971191e-01,-9.999521970748901367e-01,-9.999831318855285645e-01,9.999846816062927246e-01,9.998004436492919922e-01,-9.999943375587463379e-01,-9.999921917915344238e-01,-9.999590516090393066e-01,9.999937415122985840e-01,-9.999921917915344238e-01,9.999787211418151855e-01,-9.998605251312255859e-01,-9.999933838844299316e-01,-9.999900460243225098e-01,-9.999901652336120605e-01,9.999307990074157715e-01,-9.999906420707702637e-01,-9.999932646751403809e-01,9.999918937683105469e-01,9.999928474426269531e-01,9.999886751174926758e-01,9.999933242797851562e-01,9.999548792839050293e-01,9.999865889549255371e-01,9.999895691871643066e-01,9.999804496765136719e-01,-9.993301630020141602e-01,-9.999868273735046387e-01,-9.999909996986389160e-01,9.999898076057434082e-01,-9.999940991401672363e-01,-9.999905824661254883e-01,-9.999727606773376465e-01,9.999752640724182129e-01,9.999933838844299316e-01,9.999945759773254395e-01,9.999748468399047852e-01,9.999936223030090332e-01,-9.999928474426269531e-01,9.999927878379821777e-01,-9.999891519546508789e-01,-9.999740123748779297e-01,9.999594092369079590e-01,9.997559785842895508e-01,9.999903440475463867e-01,-9.999603033065795898e-01,-9.999929070472717285e-01,9.999644160270690918e-01,9.999810457229614258e-01,9.989574551582336426e-01,-9.999867677688598633e-01,9.999934434890747070e-01,-9.999839663505554199e-01,9.999901652336120605e-01,9.999309778213500977e-01,-9.999347329139709473e-01,-9.999938607215881348e-01,-9.998098611831665039e-01,-9.999594688415527344e-01,9.999864101409912109e-01,-9.999907612800598145e-01,9.998778700828552246e-01,9.999883770942687988e-01,-9.999911189079284668e-01,9.999887347221374512e-01,9.999545216560363770e-01,-9.999942183494567871e-01,9.999932646751403809e-01,-9.999576807022094727e-01,9.999828934669494629e-01,-9.999929666519165039e-01,9.998198151588439941e-01,9.996976852416992188e-01,-9.999922513961791992e-01,-9.999850392341613770e-01,9.997873902320861816e-01,9.999893903732299805e-01,9.999662637710571289e-01,-9.999916553497314453e-01,9.999899864196777344e-01,-9.999914765357971191e-01,9.999901056289672852e-01,9.998882412910461426e-01,-9.999944567680358887e-01,9.999894499778747559e-01,-9.999937415122985840e-01,9.999918937683105469e-01,9.999696016311645508e-01,9.999893307685852051e-01,9.999933242797851562e-01,-9.999776482582092285e-01,-9.999917149543762207e-01,9.999867677688598633e-01,9.999073743820190430e-01,9.999752044677734375e-01,-9.999439120292663574e-01,9.999819993972778320e-01
9.999982118606567383e-01,-9.999985694885253906e-01,-9.999899864196777344e-01,9.999980330467224121e-01,9.999988079071044922e-01,-9.999986886978149414e-01,9.999956488609313965e-01,9.999989867210388184e-01,-9.999971985816955566e-01,9.999975562095642090e-01,-9.999983906745910645e-01,-9.999988675117492676e-01,9.999980330467224121e-01,9.999982714653015137e-01,9.999837875366210938e-01,9.999969601631164551e-01,9.999973177909851074e-01,-9.999985694885253906e-01,9.999930858612060547e-01,-9.999990463256835938e-01,-9.999987483024597168e-01,9.999893903732299805e-01,9.999982714653015137e-01,9.999982714653015137e-01,9.999886155128479004e-01,9.999989271163940430e-01,-9.999983310699462891e-01,-9.999988079071044922e-01,9.999833703041076660e-01,-9.999953508377075195e-01,-9.999930858612060547e-01,-9.999983310699462891e-01,9.999911189079284668e-01,9.999967813491821289e-01,-9.999971389770507812e-01,-9.999631643295288086e-01,9.999988675117492676e-01,9.999985694885253906e-01,9.999923706054687500e-01,-9.999987483024597168e-01,9.999985694885253906e-01,-9.999960064888000488e-01,9.999742507934570312e-01,9.999986886978149414e-01,9.999981522560119629e-01,9.999981522560119629e-01,-9.999871850013732910e-01,9.999981522560119629e-01,9.999986886978149414e-01,-9.999983906745910645e-01,-9.999986290931701660e-01,-9.999978542327880859e-01,-9.999986886978149414e-01,-9.999916553497314453e-01,-9.999974966049194336e-01,-9.999980330467224121e-01,-9.999963641166687012e-01,9.998764395713806152e-01,9.999974370002746582e-01,9.999983310699462891e-01,-9.999980926513671875e-01,9.999989271163940430e-01,9.999981522560119629e-01,9.999949932098388672e-01,-9.999953508377075195e-01,-9.999987483024597168e-01,-9.999989867210388184e-01,-9.999953508377075195e-01,-9.999988079071044922e-01,9.999986290931701660e-01,-9.999986886978149414e-01,9.999979138374328613e-01,9.999951720237731934e-01,-9.999924302101135254e-01,-9.999549984931945801e-01,-9.999982118606567383e-01,9.999926090240478516e-01,9.999985694885253906e-01,-9.999933838844299316e-01,-9.999964237213134766e-01,-9.998077154159545898e-01,9.999974966049194336e-01,-9.999986886978149414e-01,9.999970197677612305e-01,-9.999980926513671875e-01,-9.999873042106628418e-01,9.999879002571105957e-01,9.999988079071044922e-01,9.999649524688720703e-01,9.999925494194030762e-01,-9.999974370002746582e-01,9.999981522560119629e-01,-9.999774098396301270e-01,-9.999978542327880859e-01,9.999983310699462891e-01,-9.999978542327880859e-01,-9.999916553497314453e-01,9.999989867210388184e-01,-9.999987483024597168e-01,9.999921917915344238e-01,-9.999967217445373535e-01,9.999986290931701660e-01,-9.999667406082153320e-01,-9.999442696571350098e-01,9.999985098838806152e-01,9.999971389770507812e-01,-9.999607205390930176e-01,-9.999980330467224121e-01,-9.999937415122985840e-01,9.999983310699462891e-01,-9.999981522560119629e-01,9.999983906745910645e-01,-9.999980330467224121e-01,-9.999793171882629395e-01,9.999989271163940430e-01,-9.999980330467224121e-01,9.999987483024597168e-01,-9.999983906745910645e-01,-9.999943971633911133e-01,-9.999980330467224121e-01,-9.999986290931701660e-01,9.999958872795104980e-01,9.999984502792358398e-01,-9.999974966049194336e-01,-9.999829530715942383e-01,-9.999954700469970703e-01,9.999896883964538574e-01,-9.999966621398925781e-01
9.999989867210388184e-01,-9.999992847442626953e-01,-9.999938607215881348e-01,9.999988079071044922e-01,9.999994039535522461e-01,-9.999992251396179199e-01,9.999974370002746582e-01,9.999994039535522461e-01,-9.999983310699462891e-01,9.999984502792358398e-01,-9.999991059303283691e-01,-9.999994039535522461e-01,9.999988675117492676e-01,9.999989867210388184e-01,9.999901056289672852e-01,9.999982714653015137e-01,9.999983310699462891e-01,-9.999992847442626953e-01,9.999958276748657227e-01,-9.999994039535522461e-01,-9.999993443489074707e-01,9.999935626983642578e-01,9.999990463256835938e-01,9.999991655349731445e-01,9.999930262565612793e-01,9.999994635581970215e-01,-9.999991655349731445e-01,-9.999993443489074707e-01,9.999898672103881836e-01,-9.999971389770507812e-01,-9.999958276748657227e-01,-9.999991059303283691e-01,9.999946951866149902e-01,9.999980926513671875e-01,-9.999983310699462891e-01,-9.999775290489196777e-01,9.999992847442626953e-01,9.999991655349731445e-01,9.999953508377075195e-01,-9.999993443489074707e-01,9.999991655349731445e-01,-9.999976158142089844e-01,9.999842047691345215e-01,9.999992847442626953e-01,9.999989271163940430e-01,9.999988675117492676e-01,-9.999921917915344238e-01,9.999989271163940430e-01,9.999993443489074707e-01,-9.999991059303283691e-01,-9.999992251396179199e-01,-9.999986886978149414e-01,-9.999992847442626953e-01,-9.999948740005493164e-01,-9.999985694885253906e-01,-9.999988079071044922e-01,-9.999977350234985352e-01,9.999241232872009277e-01,9.999983906745910645e-01,9.999990463256835938e-01,-9.999988675117492676e-01,9.999993443489074707e-01,9.999989271163940430e-01,9.999969601631164551e-01,-9.999970793724060059e-01,-9.999992847442626953e-01,-9.999994635581970215e-01,-9.999970793724060059e-01,-9.999994039535522461e-01,9.999992251396179199e-01,-9.999993443489074707e-01,9.999987483024597168e-01,9.999970197677612305e-01,-9.999954700469970703e-01,-9.999724030494689941e-01,-9.999989271163940430e-01,9.999955892562866211e-01,9.999992251396179199e-01,-9.999960660934448242e-01,-9.999977946281433105e-01,-9.998817443847656250e-01,9.999985694885253906e-01,-9.999994039535522461e-01,9.999982714653015137e-01,-9.999988675117492676e-01,-9.999921917915344238e-01,9.999926090240478516e-01,9.999993443489074707e-01,9.999785423278808594e-01,9.999954104423522949e-01,-9.999984502792358398e-01,9.999989271163940430e-01,-9.999861717224121094e-01,-9.999986886978149414e-01,9.999989867210388184e-01,-9.999987483024597168e-01,-9.999948740005493164e-01,9.999994039535522461e-01,-9.999993443489074707e-01,9.999952912330627441e-01,-9.999980330467224121e-01,9.999992251396179199e-01,-9.999796748161315918e-01,-9.999657869338989258e-01,9.999991655349731445e-01,9.999982714653015137e-01,-9.999759197235107422e-01,-9.999988675117492676e-01,-9.999961256980895996e-01,9.999991059303283691e-01,-9.999989271163940430e-01,9.999990463256835938e-01,-9.999988079071044922e-01,-9.999873042106628418e-01,9.999994039535522461e-01,-9.999988079071044922e-01,9.999993443489074707e-01,-9.999991059303283691e-01,-9.999964833259582520e-01,-9.999988079071044922e-01,-9.999992847442626953e-01,9.999974370002746582e-01,9.999992251396179199e-01,-9.999985694885253906e-01,-9.999895095825195312e-01,-9.999971389770507812e-01,9.999937415122985840e-01,-9.999979138374328613e-01
-9.999988079071044922e-01,9.999989867210388184e-01,9.999930262565612793e-01,-9.999986886978149414e-01,-9.999992251396179199e-01,9.999990463256835938e-01,-9.999969601631164551e-01,-9.999992847442626953e-01,9.999980926513671875e-01,-9.999982118606567383e-01,9.999989271163940430e-01,9.999992251396179199e-01,-9.999986290931701660e-01,-9.999987483024597168e-01,-9.999886751174926758e-01,-9.999979138374328613e-01,-9.999981522560119629e-01,9.999991655349731445e-01,-9.999951124191284180e-01,9.999993443489074707e-01,9.999992847442626953e-01,-9.999925494194030762e-01,-9.999988675117492676e-01,-9.999987483024597168e-01,-9.999920725822448730e-01,-9.999992847442626953e-01,9.999988675117492676e-01,9.999992251396179199e-01,-9.999883174896240234e-01,9.999967217445373535e-01,9.999951720237731934e-01,9.999988079071044922e-01,-9.999938011169433594e-01,-9.999977350234985352e-01,9.999979734420776367e-01,9.999743103981018066e-01,-9.999992251396179199e-01,-9.999989867210388184e-01,-9.999946355819702148e-01,9.999992251396179199e-01,-9.999989867210388184e-01,9.999971985816955566e-01,-9.999819993972778320e-01,-9.999991655349731445e-01,-9.999986290931701660e-01,-9.999986290931701660e-01,9.999909996986389160e-01,-9.999987483024597168e-01,-9.999991655349731445e-01,9.999989271163940430e-01,9.999991059303283691e-01,9.999984502792358398e-01,9.999991655349731445e-01,9.999940991401672363e-01,9.999982118606567383e-01,9.999985694885253906e-01,9.999973773956298828e-01,-9.999133348464965820e-01,-9.999981522560119629e-01,-9.999987483024597168e-01,9.999986886978149414e-01,-9.999992847442626953e-01,-9.999987483024597168e-01,-9.999964237213134766e-01,9.999966621398925781e-01,9.999991655349731445e-01,9.999994039535522461e-01,9.999967217445373535e-01,9.999992251396179199e-01,-9.999991059303283691e-01,9.999991059303283691e-01,-9.999985694885253906e-01,-9.999964833259582520e-01,9.999947547912597656e-01,9.999684691429138184e-01,9.999987483024597168e-01,-9.999948740005493164e-01,-9.999989867210388184e-01,9.999953508377075195e-01,9.999974370002746582e-01,9.998651146888732910e-01,-9.999982714653015137e-01,9.999991655349731445e-01,-9.999978542327880859e-01,9.999986290931701660e-01,9.999911189079284668e-01,-9.999915957450866699e-01,-9.999991655349731445e-01,-9.999754428863525391e-01,-9.999947547912597656e-01,9.999982118606567383e-01,-9.999987483024597168e-01,9.999840855598449707e-01,9.999984502792358398e-01,-9.999987483024597168e-01,9.999985098838806152e-01,9.999940991401672363e-01,-9.999992847442626953e-01,9.999991655349731445e-01,-9.999945163726806641e-01,9.999977350234985352e-01,-9.999991655349731445e-01,9.999767541885375977e-01,9.999609589576721191e-01,-9.999989867210388184e-01,-9.999980330467224121e-01,9.999724626541137695e-01,9.999985098838806152e-01,9.999955892562866211e-01,-9.999989271163940430e-01,9.999986886978149414e-01,-9.999988675117492676e-01,9.999986290931701660e-01,9.999855756759643555e-01,-9.999992251396179199e-01,9.999985694885253906e-01,-9.999991655349731445e-01,9.999988675117492676e-01,9.999960064888000488e-01,9.999986290931701660e-01,9.999991059303283691e-01,-9.999970793724060059e-01,-9.999989271163940430e-01,9.999983906745910645e-01,9.999881386756896973e-01,9.999967813491821289e-01,-9.999927878379821777e-01,9.999975562095642090e-01
9.999959468841552734e-01,-9.999966025352478027e-01,-9.999768137931823730e-01,9.999956488609313965e-01,9.999974370002746582e-01,-9.999969601631164551e-01,9.999901056289672852e-01,9.999976158142089844e-01,-9.999938011169433594e-01,9.999945163726806641e-01,-9.999964833259582520e-01,-9.999973177909851074e-01,9.999955296516418457e-01,9.999961256980895996e-01,9.999623298645019531e-01,9.999932050704956055e-01,9.999940395355224609e-01,-9.999966621398925781e-01,9.999839067459106445e-01,-9.999976754188537598e-01,-9.999973773956298828e-01,9.999752044677734375e-01,9.999962449073791504e-01,9.999961853027343750e-01,9.999735951423645020e-01,9.999976158142089844e-01,-9.999963045120239258e-01,-9.999973177909851074e-01,9.999612569808959961e-01,-9.999892711639404297e-01,-9.999839663505554199e-01,-9.999963045120239258e-01,9.999794960021972656e-01,9.999927878379821777e-01,-9.999935030937194824e-01,-9.999142289161682129e-01,9.999974966049194336e-01,9.999966025352478027e-01,9.999824166297912598e-01,-9.999973773956298828e-01,9.999966025352478027e-01,-9.999909400939941406e-01,9.999399781227111816e-01,9.999971389770507812e-01,9.999957680702209473e-01,9.999957680702209473e-01,-9.999703168869018555e-01,9.999960064888000488e-01,9.999970793724060059e-01,-9.999964833259582520e-01,-9.999969005584716797e-01,-9.999951124191284180e-01,-9.999971389770507812e-01,-9.999806284904479980e-01,-9.999942183494567871e-01,-9.999955296516418457e-01,-9.999916553497314453e-01,9.997119903564453125e-01,9.999943375587463379e-01,9.999960660934448242e-01,-9.999956488609313965e-01,9.999974966049194336e-01,9.999959468841552734e-01,9.999883770942687988e-01,-9.999892711639404297e-01,-9.999971389770507812e-01,-9.999976754188537598e-01,-9.999892711639404297e-01,-9.999973177909851074e-01,9.999969601631164551e-01,-9.999969601631164551e-01,9.999953508377075195e-01,9.999887943267822266e-01,-9.999825954437255859e-01,-9.998950362205505371e-01,-9.999958872795104980e-01,9.999829530715942383e-01,9.999969005584716797e-01,-9.999847412109375000e-01,-9.999918341636657715e-01,-9.995515942573547363e-01,9.999943971633911133e-01,-9.999971985816955566e-01,9.999931454658508301e-01,-9.999958276748657227e-01,-9.999703764915466309e-01,9.999719858169555664e-01,9.999972581863403320e-01,9.999182820320129395e-01,9.999826550483703613e-01,-9.999942183494567871e-01,9.999960064888000488e-01,-9.999474883079528809e-01,-9.999949932098388672e-01,9.999961256980895996e-01,-9.999951720237731934e-01,-9.999805092811584473e-01,9.999975562095642090e-01,-9.999971389770507812e-01,9.999818801879882812e-01,-9.999926090240478516e-01,9.999969601631164551e-01,-9.999225139617919922e-01,-9.998700618743896484e-01,9.999965429306030273e-01,9.999936223030090332e-01,-9.999085664749145508e-01,-9.999955296516418457e-01,-9.999855756759643555e-01,9.999963641166687012e-01,-9.999957680702209473e-01,9.999962449073791504e-01,-9.999957084655761719e-01,-9.999518990516662598e-01,9.999975562095642090e-01,-9.999955296516418457e-01,9.999973177909851074e-01,-9.999964833259582520e-01,-9.999870061874389648e-01,-9.999954700469970703e-01,-9.999971389770507812e-01,9.999904036521911621e-01,9.999964833259582520e-01,-9.999943375587463379e-01,-9.999602437019348145e-01,-9.999894499778747559e-01,9.999760389328002930e-01,-9.999921917915344238e-01
9.999991655349731445e-01,-9.999993443489074707e-01,-9.999944567680358887e-01,9.999989867210388184e-01,9.999994039535522461e-01,-9.999992847442626953e-01,9.999976158142089844e-01,9.999995231628417969e-01,-9.999985098838806152e-01,9.999986886978149414e-01,-9.999992251396179199e-01,-9.999994635581970215e-01,9.999990463256835938e-01,9.999992251396179199e-01,9.999909400939941406e-01,9.999984502792358398e-01,9.999985694885253906e-01,-9.999993443489074707e-01,9.999961853027343750e-01,-9.999995231628417969e-01,-9.999994039535522461e-01,9.999940395355224609e-01,9.999991655349731445e-01,9.999992251396179199e-01,9.999936819076538086e-01,9.999995231628417969e-01,-9.999992251396179199e-01,-9.999994635581970215e-01,9.999908208847045898e-01,-9.999973773956298828e-01,-9.999961853027343750e-01,-9.999992847442626953e-01,9.999951720237731934e-01,9.999982118606567383e-01,-9.999985098838806152e-01,-9.999794960021972656e-01,9.999994635581970215e-01,9.999993443489074707e-01,9.999958276748657227e-01,-9.999994635581970215e-01,9.999993443489074707e-01,-9.999978542327880859e-01,9.999856352806091309e-01,9.999993443489074707e-01,9.999990463256835938e-01,9.999990463256835938e-01,-9.999928474426269531e-01,9.999991059303283691e-01,9.999994039535522461e-01,-9.999992847442626953e-01,-9.999994039535522461e-01,-9.999988675117492676e-01,-9.999993443489074707e-01,-9.999954104423522949e-01,-9.999986886978149414e-01,-9.999989271163940430e-01,-9.999980330467224121e-01,9.999308586120605469e-01,9.999986290931701660e-01,9.999992251396179199e-01,-9.999989867210388184e-01,9.999994635581970215e-01,9.999991655349731445e-01,9.999971389770507812e-01,-9.999973773956298828e-01,-9.999993443489074707e-01,-9.999995231628417969e-01,-9.999973773956298828e-01,-9.999994635581970215e-01,9.999994039535522461e-01,-9.999994039535522461e-01,9.999989271163940430e-01,9.999973177909851074e-01,-9.999958872795104980e-01,-9.999749064445495605e-01,-9.999990463256835938e-01,9.999959468841552734e-01,9.999992847442626953e-01,-9.999964237213134766e-01,-9.999980330467224121e-01,-9.998922944068908691e-01,9.999986886978149414e-01,-9.999994635581970215e-01,9.999983310699462891e-01,-9.999989867210388184e-01,-9.999929070472717285e-01,9.999932646751403809e-01,9.999994039535522461e-01,9.999805688858032227e-01,9.999958872795104980e-01,-9.999986290931701660e-01,9.999991059303283691e-01,-9.999874234199523926e-01,-9.999988675117492676e-01,9.999992251396179199e-01,-9.999988675117492676e-01,-9.999954104423522949e-01,9.999995827674865723e-01,-9.999994039535522461e-01,9.999957084655761719e-01,-9.999983310699462891e-01,9.999992847442626953e-01,-9.999815225601196289e-01,-9.999688267707824707e-01,9.999993443489074707e-01,9.999985098838806152e-01,-9.999780654907226562e-01,-9.999989271163940430e-01,-9.999964833259582520e-01,9.999991655349731445e-01,-9.999989867210388184e-01,9.999992847442626953e-01,-9.999989271163940430e-01,-9.999884963035583496e-01,9.999995231628417969e-01,-9.999989867210388184e-01,9.999994039535522461e-01,-9.999992251396179199e-01,-9.999969005584716797e-01,-9.999989271163940430e-01,-9.999993443489074707e-01,9.999977350234985352e-01,9.999991655349731445e-01,-9.999986886978149414e-01,-9.999905228614807129e-01,-9.999974370002746582e-01,9.999942779541015625e-01,-9.999981522560119629e-01
-9.999974370002746582e-01,9.999979138374328613e-01,9.999855756759643555e-01,-9.999971985816955566e-01,-9.999983310699462891e-01,9.999980926513671875e-01,-9.999938011169433594e-01,-9.999985098838806152e-01,9.999959468841552734e-01,-9.999964237213134766e-01,9.999977350234985352e-01,9.999983310699462891e-01,-9.999971389770507812e-01,-9.999974966049194336e-01,-9.999764561653137207e-01,-9.999957084655761719e-01,-9.999961256980895996e-01,9.999978542327880859e-01,-9.999898672103881836e-01,9.999985098838806152e-01,9.999983310699462891e-01,-9.999845623970031738e-01,-9.999975562095642090e-01,-9.999975562095642090e-01,-9.999834895133972168e-01,-9.999984502792358398e-01,9.999975562095642090e-01,9.999982118606567383e-01,-9.999758601188659668e-01,9.999932050704956055e-01,9.999899864196777344e-01,9.999976158142089844e-01,-9.999872446060180664e-01,-9.999954104423522949e-01,9.999958872795104980e-01,9.999465346336364746e-01,-9.999983906745910645e-01,-9.999979138374328613e-01,-9.999890327453613281e-01,9.999982118606567383e-01,-9.999978542327880859e-01,9.999942779541015625e-01,-9.999625682830810547e-01,-9.999982118606567383e-01,-9.999973177909851074e-01,-9.999972581863403320e-01,9.999814629554748535e-01,-9.999973773956298828e-01,-9.999980926513671875e-01,9.999977350234985352e-01,9.999980926513671875e-01,9.999969601631164551e-01,9.999982118606567383e-01,9.999879598617553711e-01,9.999963641166687012e-01,9.999971389770507812e-01,9.999948143959045410e-01,-9.998205900192260742e-01,-9.999963045120239258e-01,-9.999974966049194336e-01,9.999972581863403320e-01,-9.999983906745910645e-01,-9.999973773956298828e-01,-9.999928474426269531e-01,9.999932646751403809e-01,9.999982118606567383e-01,9.999985098838806152e-01,9.999931454658508301e-01,9.999982714653015137e-01,-9.999980330467224121e-01,9.999980926513671875e-01,-9.999970197677612305e-01,-9.999929666519165039e-01,9.999890923500061035e-01,9.999346137046813965e-01,9.999973773956298828e-01,-9.999893903732299805e-01,-9.999980926513671875e-01,9.999904632568359375e-01,9.999948143959045410e-01,9.997206330299377441e-01,-9.999964237213134766e-01,9.999982118606567383e-01,-9.999956488609313965e-01,9.999972581863403320e-01,9.999815821647644043e-01,-9.999824762344360352e-01,-9.999982118606567383e-01,-9.999490380287170410e-01,-9.999892115592956543e-01,9.999963045120239258e-01,-9.999973773956298828e-01,9.999672174453735352e-01,9.999967217445373535e-01,-9.999974966049194336e-01,9.999969005584716797e-01,9.999878406524658203e-01,-9.999984502792358398e-01,9.999980926513671875e-01,-9.999886751174926758e-01,9.999953508377075195e-01,-9.999979734420776367e-01,9.999517202377319336e-01,9.999189972877502441e-01,-9.999977946281433105e-01,-9.999959468841552734e-01,9.999429583549499512e-01,9.999971389770507812e-01,9.999909400939941406e-01,-9.999977350234985352e-01,9.999972581863403320e-01,-9.999976158142089844e-01,9.999972581863403320e-01,9.999700784683227539e-01,-9.999983906745910645e-01,9.999970793724060059e-01,-9.999982118606567383e-01,9.999977350234985352e-01,9.999918341636657715e-01,9.999970197677612305e-01,9.999980926513671875e-01,-9.999939203262329102e-01,-9.999977350234985352e-01,9.999964237213134766e-01,9.999752640724182129e-01,9.999933838844299316e-01,-9.999849796295166016e-01,9.999951124191284180e-01
9.999977350234985352e-01,-9.999981522560119629e-01,-9.999871253967285156e-01,9.999975562095642090e-01,9.999984502792358398e-01,-9.999982118606567383e-01,9.999945163726806641e-01,9.999986886978149414e-01,-9.999964237213134766e-01,9.999968409538269043e-01,-9.999979734420776367e-01,-9.999985098838806152e-01,9.999974966049194336e-01,9.999977946281433105e-01,9.999791979789733887e-01,9.999960660934448242e-01,9.999966621398925781e-01,-9.999981522560119629e-01,9.999911189079284668e-01,-9.999986290931701660e-01,-9.999985098838806152e-01,9.999863505363464355e-01,9.999979138374328613e-01,9.999979138374328613e-01,9.999853372573852539e-01,9.999986290931701660e-01,-9.999979138374328613e-01,-9.999984502792358398e-01,9.999786615371704102e-01,-9.999940991401672363e-01,-9.999911785125732422e-01,-9.999979138374328613e-01,9.999887347221374512e-01,9.999958276748657227e-01,-9.999964237213134766e-01,-9.999527931213378906e-01,9.999985694885253906e-01,9.999981522560119629e-01,9.999903440475463867e-01,-9.999985098838806152e-01,9.999981522560119629e-01,-9.999949336051940918e-01,9.999669790267944336e-01,9.999983906745910645e-01,9.999976158142089844e-01,9.999976158142089844e-01,-9.999836087226867676e-01,9.999976754188537598e-01,9.999983906745910645e-01,-9.999979734420776367e-01,-9.999982118606567383e-01,-9.999973177909851074e-01,-9.999983310699462891e-01,-9.999893307685852051e-01,-9.999967813491821289e-01,-9.999974370002746582e-01,-9.999953508377075195e-01,9.998415112495422363e-01,9.999968409538269043e-01,9.999978542327880859e-01,-9.999975562095642090e-01,9.999985694885253906e-01,9.999976754188537598e-01,9.999935626983642578e-01,-9.999941587448120117e-01,-9.999983310699462891e-01,-9.999986886978149414e-01,-9.999940395355224609e-01,-9.999984502792358398e-01,9.999982714653015137e-01,-9.999982714653015137e-01,9.999973773956298828e-01,9.999938011169433594e-01,-9.999904036521911621e-01,-9.999422430992126465e-01,-9.999976754188537598e-01,9.999906420707702637e-01,9.999982714653015137e-01,-9.999915361404418945e-01,-9.999954700469970703e-01,-9.997531175613403320e-01,9.999967217445373535e-01,-9.999984502792358398e-01,9.999960660934448242e-01,-9.999976158142089844e-01,-9.999837279319763184e-01,9.999844431877136230e-01,9.999984502792358398e-01,9.999549984931945801e-01,9.999904632568359375e-01,-9.999967217445373535e-01,9.999976754188537598e-01,-9.999711513519287109e-01,-9.999971985816955566e-01,9.999978542327880859e-01,-9.999972581863403320e-01,-9.999892711639404297e-01,9.999986290931701660e-01,-9.999983906745910645e-01,9.999899864196777344e-01,-9.999959468841552734e-01,9.999982118606567383e-01,-9.999573230743408203e-01,-9.999284744262695312e-01,9.999980926513671875e-01,9.999964237213134766e-01,-9.999495744705200195e-01,-9.999974370002746582e-01,-9.999920725822448730e-01,9.999979734420776367e-01,-9.999976158142089844e-01,9.999979734420776367e-01,-9.999975562095642090e-01,-9.999736547470092773e-01,9.999986886978149414e-01,-9.999974370002746582e-01,9.999985098838806152e-01,-9.999980926513671875e-01,-9.999927878379821777e-01,-9.999973773956298828e-01,-9.999983310699462891e-01,9.999946355819702148e-01,9.999980330467224121e-01,-9.999968409538269043e-01,-9.999781250953674316e-01,-9.999941587448120117e-01,9.999867677688598633e-01,-9.999957084655761719e-01
-9.999985694885253906e-01,9.999989271163940430e-01,9.999919533729553223e-01,-9.999983906745910645e-01,-9.999991059303283691e-01,9.999989271163940430e-01,-9.999964833259582520e-01,-9.999992251396179199e-01,9.999977350234985352e-01,-9.999979734420776367e-01,9.999988079071044922e-01,9.999991059303283691e-01,-9.999983906745910645e-01,-9.999985694885253906e-01,-9.999869465827941895e-01,-9.999976158142089844e-01,-9.999978542327880859e-01,9.999988675117492676e-01,-9.999945163726806641e-01,9.999991655349731445e-01,9.999990463256835938e-01,-9.999915361404418945e-01,-9.999986886978149414e-01,-9.999986886978149414e-01,-9.999908804893493652e-01,-9.999992251396179199e-01,9.999986886978149414e-01,9.999991059303283691e-01,-9.999866485595703125e-01,9.999961256980895996e-01,9.999945163726806641e-01,9.999987483024597168e-01,-9.999929070472717285e-01,-9.999974966049194336e-01,9.999976754188537598e-01,9.999704957008361816e-01,-9.999991059303283691e-01,-9.999988079071044922e-01,-9.999939203262329102e-01,9.999992251396179199e-01,-9.999988079071044922e-01,9.999967813491821289e-01,-9.999793767929077148e-01,-9.999989271163940430e-01,-9.999985098838806152e-01,-9.999985098838806152e-01,9.999897480010986328e-01,-9.999985694885253906e-01,-9.999990463256835938e-01,9.999988079071044922e-01,9.999989271163940430e-01,9.999983310699462891e-01,9.999989271163940430e-01,9.999933242797851562e-01,9.999979734420776367e-01,9.999984502792358398e-01,9.999970793724060059e-01,-9.999006986618041992e-01,-9.999979138374328613e-01,-9.999986290931701660e-01,9.999984502792358398e-01,-9.999991655349731445e-01,-9.999985694885253906e-01,-9.999959468841552734e-01,9.999961853027343750e-01,9.999990463256835938e-01,9.999992251396179199e-01,9.999961853027343750e-01,9.999992251396179199e-01,-9.999989271163940430e-01,9.999989271163940430e-01,-9.999983906745910645e-01,-9.999960064888000488e-01,9.999939203262329102e-01,9.999638199806213379e-01,9.999985694885253906e-01,-9.999940991401672363e-01,-9.999988675117492676e-01,9.999946951866149902e-01,9.999971389770507812e-01,9.998454451560974121e-01,-9.999980330467224121e-01,9.999990463256835938e-01,-9.999976158142089844e-01,9.999985098838806152e-01,9.999898076057434082e-01,-9.999902844429016113e-01,-9.999990463256835938e-01,-9.999718666076660156e-01,-9.999940395355224609e-01,9.999979734420776367e-01,-9.999985098838806152e-01,9.999818801879882812e-01,9.999982714653015137e-01,-9.999986886978149414e-01,9.999982714653015137e-01,9.999933838844299316e-01,-9.999992847442626953e-01,9.999990463256835938e-01,-9.999937415122985840e-01,9.999974966049194336e-01,-9.999989271163940430e-01,9.999734163284301758e-01,9.999551773071289062e-01,-9.999988079071044922e-01,-9.999977350234985352e-01,9.999685287475585938e-01,9.999983906745910645e-01,9.999949336051940918e-01,-9.999987483024597168e-01,9.999985098838806152e-01,-9.999986886978149414e-01,9.999984502792358398e-01,9.999833703041076660e-01,-9.999992251396179199e-01,9.999983310699462891e-01,-9.999991059303283691e-01,9.999988079071044922e-01,9.999955892562866211e-01,9.999983906745910645e-01,9.999990463256835938e-01,-9.999965429306030273e-01,-9.999987483024597168e-01,9.999980330467224121e-01,9.999862909317016602e-01,9.999963045120239258e-01,-9.999917149543762207e-01,9.999973177909851074e-01
-9.999989271163940430e-01,9.999992251396179199e-01,9.999938011169433594e-01,-9.999988675117492676e-01,-9.999994039535522461e-01,9.999992251396179199e-01,-9.999973177909851074e-01,-9.999994635581970215e-01,9.999983310699462891e-01,-9.999985098838806152e-01,9.999991059303283691e-01,9.999994039535522461e-01,-9.999988675117492676e-01,-9.999989867210388184e-01,-9.999899268150329590e-01,-9.999982714653015137e-01,-9.999983906745910645e-01,9.999991655349731445e-01,-9.999957680702209473e-01,9.999994635581970215e-01,9.999993443489074707e-01,-9.999933838844299316e-01,-9.999990463256835938e-01,-9.999989867210388184e-01,-9.999929070472717285e-01,-9.999994635581970215e-01,9.999990463256835938e-01,9.999993443489074707e-01,-9.999896883964538574e-01,9.999970793724060059e-01,9.999957680702209473e-01,9.999990463256835938e-01,-9.999945163726806641e-01,-9.999980330467224121e-01,9.999983310699462891e-01,9.999771714210510254e-01,-9.999992847442626953e-01,-9.999991655349731445e-01,-9.999952912330627441e-01,9.999994039535522461e-01,-9.999991655349731445e-01,9.999976158142089844e-01,-9.999839663505554199e-01,-9.999992847442626953e-01,-9.999989271163940430e-01,-9.999989271163940430e-01,9.999920725822448730e-01,-9.999989271163940430e-01,-9.999992847442626953e-01,9.999991059303283691e-01,9.999992251396179199e-01,9.999986886978149414e-01,9.999992847442626953e-01,9.999948143959045410e-01,9.999985098838806152e-01,9.999988079071044922e-01,9.999977350234985352e-01,-9.999229907989501953e-01,-9.999983906745910645e-01,-9.999989867210388184e-01,9.999988079071044922e-01,-9.999994039535522461e-01,-9.999989271163940430e-01,-9.999968409538269043e-01,9.999970197677612305e-01,9.999992847442626953e-01,9.999994635581970215e-01,9.999970793724060059e-01,9.999992847442626953e-01,-9.999992847442626953e-01,9.999993443489074707e-01,-9.999987483024597168e-01,-9.999969005584716797e-01,9.999954104423522949e-01,9.999720454216003418e-01,9.999989271163940430e-01,-9.999955296516418457e-01,-9.999992251396179199e-01,9.999959468841552734e-01,9.999977946281433105e-01,9.998799562454223633e-01,-9.999985694885253906e-01,9.999993443489074707e-01,-9.999982714653015137e-01,9.999988675117492676e-01,9.999920725822448730e-01,-9.999924898147583008e-01,-9.999993443489074707e-01,-9.999782443046569824e-01,-9.999954104423522949e-01,9.999985098838806152e-01,-9.999988675117492676e-01,9.999859929084777832e-01,9.999986290931701660e-01,-9.999989867210388184e-01,9.999987483024597168e-01,9.999947547912597656e-01,-9.999994635581970215e-01,9.999992847442626953e-01,-9.999952316284179688e-01,9.999979734420776367e-01,-9.999992251396179199e-01,9.999793767929077148e-01,9.999652504920959473e-01,-9.999991059303283691e-01,-9.999982714653015137e-01,9.999755620956420898e-01,9.999987483024597168e-01,9.999960660934448242e-01,-9.999992251396179199e-01,9.999989271163940430e-01,-9.999990463256835938e-01,9.999988675117492676e-01,9.999871850013732910e-01,-9.999994039535522461e-01,9.999988079071044922e-01,-9.999993443489074707e-01,9.999991059303283691e-01,9.999964237213134766e-01,9.999987483024597168e-01,9.999992847442626953e-01,-9.999973773956298828e-01,-9.999991059303283691e-01,9.999985694885253906e-01,9.999894499778747559e-01,9.999971389770507812e-01,-9.999936819076538086e-01,9.999979138374328613e-01
