4.020812809467315674e-01,-8.731063455343246460e-03,7.802261412143707275e-02,-1.551535129547119141e-01,2.434727102518081665e-01,-2.647095918655395508e-01,1.099608615040779114e-01,3.809833824634552002e-01,7.838278263807296753e-02,2.746026962995529175e-02,-1.780435591936111450e-01,-7.097727805376052856e-02,-1.476107537746429443e-01,-1.589362882077693939e-02,-9.641337208449840546e-03,1.523041278123855591e-01,4.702791105955839157e-03,-7.678689807653427124e-02,8.965402841567993164e-02,-3.036727197468280792e-02,-9.943994879722595215e-02,-9.853912889957427979e-02,-1.473902463912963867e-01,8.636833727359771729e-02,1.172798871994018555e-02,8.609191328287124634e-02,6.296047568321228027e-02,-2.916837930679321289e-01,-2.653560414910316467e-02,-1.016061380505561829e-01,-1.524606049060821533e-01,1.139540318399667740e-02,-9.591180831193923950e-02,-1.251012925058603287e-02,-1.299439743161201477e-02,-1.333308964967727661e-02,7.164247799664735794e-03,1.748116570524871349e-03,-2.120428830385208130e-01,-2.922642230987548828e-01,1.504045575857162476e-01,1.062750741839408875e-01,-1.035149097442626953e-01,6.016212049871683121e-03,-7.346450537443161011e-02,2.144288271665573120e-01,2.566620521247386932e-02,-7.811463624238967896e-02,1.094701960682868958e-01,-2.717887982726097107e-02,-1.959500461816787720e-01,-1.089785620570182800e-01,2.582310140132904053e-01,-3.588158264756202698e-02,-4.519407451152801514e-02,-9.786105155944824219e-02,1.027791723608970642e-01,6.009208736941218376e-04,1.503685116767883301e-01,8.363186568021774292e-02,-1.426654309034347534e-01,4.308090079575777054e-03,-1.974191749468445778e-03,2.126374542713165283e-01,7.575342059135437012e-02,8.003067225217819214e-03,-3.052745759487152100e-01,1.010866239666938782e-01,-1.608677580952644348e-02,2.552150487899780273e-01,-1.779587417840957642e-01,2.254838347434997559e-01,4.043721035122871399e-02,-3.375500068068504333e-02,-1.891594976186752319e-01,-1.271253079175949097e-01,1.156370271928608418e-03,-2.673664502799510956e-02,-2.716499380767345428e-02,-4.069251939654350281e-02,4.604458436369895935e-02,-1.789862471923697740e-05,-1.078764721751213074e-01,-8.544632000848650932e-04,-2.801696658134460449e-01,1.458023935556411743e-01,2.120504230260848999e-01,1.425324357114732265e-03,-1.229894310235977173e-01,9.307967126369476318e-02,-1.735389083623886108e-01,2.237537503242492676e-01,1.184791252017021179e-01,-1.212150529026985168e-01,-5.109778791666030884e-02,-3.478419780731201172e-01,6.366763263940811157e-02,-2.090626003337092698e-05,-1.177444532513618469e-01,1.932453215122222900e-01,-2.487800568342208862e-01,2.949440181255340576e-01,6.040824111551046371e-03,-5.349135026335716248e-02,-8.657280355691909790e-02,1.961696743965148926e-01,1.256755888462066650e-01,1.252590715885162354e-01,-3.654959201812744141e-01,7.099648471921682358e-03,-2.358383126556873322e-02,1.529154330492019653e-01,6.374066323041915894e-02,1.483764406293630600e-02,4.061592370271682739e-02,-1.846585422754287720e-02,2.877424061298370361e-01,-1.016447022557258606e-01,-1.481266021728515625e-01,-3.551066666841506958e-02,-1.761288046836853027e-01,7.007528841495513916e-02,7.775391638278961182e-02,2.315145730972290039e-01,-5.913525074720382690e-02,9.042338281869888306e-02,2.809940837323665619e-02,4.176704213023185730e-02
-8.731063455343246460e-03,1.056621875613927841e-02,-8.982388675212860107e-02,7.218647748231887817e-02,4.751969128847122192e-02,-1.745676388964056969e-03,-2.886975416913628578e-03,2.146618813276290894e-02,5.208377167582511902e-02,5.451020598411560059e-02,-1.044988259673118591e-02,-4.132196307182312012e-02,6.985754519701004028e-02,6.878049671649932861e-02,8.160451054573059082e-02,9.028859436511993408e-02,-1.665485324338078499e-03,4.787353426218032837e-02,-8.347485214471817017e-02,-5.754083767533302307e-02,-4.743891954421997070e-02,7.133503258228302002e-02,6.102502718567848206e-02,-1.119798701256513596e-02,1.110536046326160431e-02,8.126507699489593506e-02,-8.398345112800598145e-02,-2.142956666648387909e-02,8.255616575479507446e-02,-4.733455833047628403e-03,2.332212403416633606e-02,-9.821344912052154541e-02,6.532849371433258057e-02,6.167670711874961853e-02,-2.395919524133205414e-03,-9.060276299715042114e-02,5.862363055348396301e-02,7.708533108234405518e-02,-6.252680718898773193e-02,-4.956352710723876953e-02,7.934792339801788330e-02,1.452238019555807114e-02,8.731410652399063110e-02,2.319223247468471527e-02,-2.764331921935081482e-02,-6.562854349613189697e-02,-8.653350174427032471e-02,-2.404537796974182129e-02,-3.777914913371205330e-03,8.777096867561340332e-03,2.170708728954195976e-03,8.976846002042293549e-03,4.772927612066268921e-02,-9.222658118233084679e-04,4.339429433457553387e-04,-9.474666416645050049e-02,3.551484271883964539e-02,4.624692723155021667e-03,-7.097697257995605469e-02,-7.622093707323074341e-02,-5.832568742334842682e-03,-3.341288247611373663e-04,2.092144219204783440e-03,3.952010720968246460e-02,9.720626287162303925e-03,-2.514297142624855042e-02,3.308421000838279724e-02,8.727219700813293457e-02,-8.684931695461273193e-02,1.827534846961498260e-02,-6.954047828912734985e-02,-9.095036424696445465e-03,-3.087984584271907806e-02,8.179713040590286255e-02,-2.868430502712726593e-02,-8.334094285964965820e-02,-5.750234704464673996e-04,9.636195749044418335e-02,-1.153981871902942657e-02,-7.991269975900650024e-02,9.146235883235931396e-02,1.678984554018825293e-04,-7.579537481069564819e-02,-3.505556087475270033e-04,-7.554861903190612793e-02,-8.704291284084320068e-02,3.086712025105953217e-02,1.531566376797854900e-03,6.562169641256332397e-02,6.170451268553733826e-02,-1.676286570727825165e-02,-4.234018549323081970e-02,-7.645954191684722900e-02,2.265053987503051758e-02,-8.053623884916305542e-02,1.070410944521427155e-02,6.375946849584579468e-02,-4.599032763508148491e-06,-6.609927862882614136e-02,6.033182516694068909e-02,-2.487843483686447144e-02,3.609628602862358093e-02,-9.325144439935684204e-02,-7.563329488039016724e-02,1.030208691954612732e-01,1.209089625626802444e-02,-8.363989740610122681e-02,-8.825156837701797485e-02,-9.101241827011108398e-03,-3.104415955021977425e-03,6.273462623357772827e-02,-7.057851552963256836e-02,-8.757796883583068848e-02,-1.136723253875970840e-02,9.096490591764450073e-02,-8.263693749904632568e-02,3.734538331627845764e-02,3.785324469208717346e-02,-8.494409173727035522e-02,4.445579648017883301e-02,6.284905225038528442e-02,7.215695083141326904e-02,7.497601956129074097e-02,-6.012876331806182861e-02,-5.413948744535446167e-02,-5.937901884317398071e-02,-1.334571396000683308e-03,6.033196300268173218e-02
7.802261412143707275e-02,-8.982388675212860107e-02,7.744690775871276855e-01,-6.634410619735717773e-01,-4.272433817386627197e-01,-3.287539631128311157e-02,-1.425537001341581345e-02,-2.287108898162841797e-01,-4.406718611717224121e-01,-5.150263309478759766e-01,1.229728832840919495e-01,4.015413224697113037e-01,-5.655800104141235352e-01,-6.476072072982788086e-01,-7.267374396324157715e-01,-7.271255850791931152e-01,1.442949380725622177e-02,-3.971573412418365479e-01,7.256982326507568359e-01,5.724616646766662598e-01,4.135582745075225830e-01,-6.662099957466125488e-01,-5.848059058189392090e-01,1.118823140859603882e-01,-1.062777787446975708e-01,-6.518462300300598145e-01,7.209854722023010254e-01,1.583339571952819824e-01,-7.247573137283325195e-01,5.829948186874389648e-02,-1.986376941204071045e-01,8.022571206092834473e-01,-5.657939314842224121e-01,-6.324111819267272949e-01,2.580786123871803284e-02,7.469037771224975586e-01,-5.384938716888427734e-01,-6.940072178840637207e-01,5.162017345428466797e-01,4.921439886093139648e-01,-6.651984453201293945e-01,-1.447581648826599121e-01,-7.348293066024780273e-01,-2.242274880409240723e-01,2.334979772567749023e-01,5.804316997528076172e-01,7.596052885055541992e-01,2.249136865139007568e-01,2.948654070496559143e-02,1.824583299458026886e-02,-4.461557138711214066e-03,-3.322694823145866394e-02,-4.561223387718200684e-01,2.242707274854183197e-02,-2.205263590440154076e-03,7.899712324142456055e-01,-3.729877173900604248e-01,-4.450730606913566589e-02,5.998005270957946777e-01,6.813181042671203613e-01,8.176006376743316650e-02,-1.311232801526784897e-02,-1.933208666741847992e-02,-3.537181019783020020e-01,-7.672282308340072632e-02,2.295165508985519409e-01,-2.303208410739898682e-01,-7.228218913078308105e-01,7.435620427131652832e-01,-1.544798165559768677e-01,6.353811621665954590e-01,1.115220636129379272e-01,2.948946058750152588e-01,-7.281528115272521973e-01,2.267349809408187866e-01,7.061310410499572754e-01,4.695175681263208389e-03,-8.107930421829223633e-01,1.155311167240142822e-01,7.064360380172729492e-01,-7.814040780067443848e-01,-1.640147296711802483e-03,6.793357133865356445e-01,4.174507688730955124e-03,6.316242218017578125e-01,7.350051999092102051e-01,-3.111385405063629150e-01,-1.399771869182586670e-02,-5.628325939178466797e-01,-5.980625748634338379e-01,1.657281965017318726e-01,3.507376015186309814e-01,6.621677279472351074e-01,-2.012678086757659912e-01,7.064225673675537109e-01,-7.265576720237731934e-02,-5.792813301086425781e-01,4.625134533853270113e-05,5.970599055290222168e-01,-5.291407108306884766e-01,3.120292425155639648e-01,-3.308018147945404053e-01,7.788025140762329102e-01,6.801263689994812012e-01,-8.349814414978027344e-01,-2.076795399188995361e-01,6.877381801605224609e-01,7.278381586074829102e-01,7.690618187189102173e-02,2.763067558407783508e-02,-5.663469433784484863e-01,6.609755158424377441e-01,7.494879364967346191e-01,-5.701128393411636353e-03,-7.677134871482849121e-01,7.196651101112365723e-01,-3.324986100196838379e-01,-3.670997917652130127e-01,7.354051470756530762e-01,-4.218566417694091797e-01,-5.508534908294677734e-01,-6.521766781806945801e-01,-6.669162511825561523e-01,4.942393004894256592e-01,5.655372738838195801e-01,5.640240907669067383e-01,8.977340767160058022e-04,-5.751296281814575195e-01
-1.551535129547119141e-01,7.218647748231887817e-02,-6.634410619735717773e-01,6.973698735237121582e-01,2.168899178504943848e-01,1.389781981706619263e-01,-3.901343094184994698e-03,3.150552511215209961e-02,3.639556169509887695e-01,4.203044474124908447e-01,-1.603349745273590088e-01,-3.107827901840209961e-01,3.878387510776519775e-01,5.853431224822998047e-01,6.140981912612915039e-01,4.933277070522308350e-01,-9.156953543424606323e-03,3.306273519992828369e-01,-6.879311203956604004e-01,-4.721906781196594238e-01,-4.419423341751098633e-01,6.060053706169128418e-01,5.345034003257751465e-01,-9.626936912536621094e-02,8.804866671562194824e-02,4.115561246871948242e-01,-5.423371195793151855e-01,1.010516956448554993e-01,5.291515588760375977e-01,9.211257845163345337e-02,1.658583879470825195e-01,-7.005347013473510742e-01,6.031073331832885742e-01,5.230023860931396484e-01,-7.475915830582380295e-03,-5.435870885848999023e-01,4.088586270809173584e-01,5.531625747680664062e-01,-2.306203842163085938e-01,-4.328975379467010498e-01,5.526676177978515625e-01,1.539072394371032715e-01,5.867788195610046387e-01,1.757164299488067627e-01,-2.666877806186676025e-01,-4.000206887722015381e-01,-6.814695596694946289e-01,-1.960626244544982910e-01,-2.569591067731380463e-02,2.239863574504852295e-02,4.813797399401664734e-02,1.382316350936889648e-01,4.114730656147003174e-01,-5.056997016072273254e-02,1.224890053272247314e-01,-6.068116426467895508e-01,3.215376436710357666e-01,3.420985490083694458e-02,-5.216601490974426270e-01,-6.564011573791503906e-01,-1.029775366187095642e-01,8.192949742078781128e-02,2.133931592106819153e-02,2.276250571012496948e-01,9.685538709163665771e-02,-1.881588995456695557e-01,2.025769054889678955e-01,5.190122127532958984e-01,-5.992597341537475586e-01,-7.679755985736846924e-02,-4.534905552864074707e-01,3.035581484436988831e-02,-3.231854438781738281e-01,6.329427361488342285e-01,-1.795936077833175659e-01,-5.547001957893371582e-01,-2.195645589381456375e-03,6.481188535690307617e-01,-2.662777006626129150e-01,-5.668650269508361816e-01,7.096843123435974121e-01,1.355246058665215969e-03,-4.854358434677124023e-01,-7.653262582607567310e-04,-4.636608660221099854e-01,-6.130009889602661133e-01,7.333543151617050171e-02,8.155503310263156891e-03,4.136247932910919189e-01,4.517583549022674561e-01,-1.397325843572616577e-01,-4.580198228359222412e-01,-6.282256245613098145e-01,2.432292550802230835e-01,-6.247269511222839355e-01,1.846556663513183594e-01,4.268700182437896729e-01,-3.282332181697711349e-05,-3.913959860801696777e-01,3.540757894515991211e-01,-1.408505439758300781e-01,7.433357834815979004e-02,-7.068999409675598145e-01,-5.172062516212463379e-01,7.334041595458984375e-01,3.124089539051055908e-01,-7.385777831077575684e-01,-5.780120491981506348e-01,1.115466654300689697e-01,-2.824324369430541992e-02,5.553228259086608887e-01,-6.669642329216003418e-01,-6.792452335357666016e-01,1.255148947238922119e-01,6.126744151115417480e-01,-5.974971055984497070e-01,7.880998402833938599e-02,3.161756694316864014e-01,-5.815823674201965332e-01,4.226111769676208496e-01,4.712160825729370117e-01,5.854419469833374023e-01,5.602631568908691406e-01,-4.695714116096496582e-01,-4.610529839992523193e-01,-5.399566292762756348e-01,-1.692040823400020599e-02,4.452041685581207275e-01
2.434727102518081665e-01,4.751969128847122192e-02,-4.272433817386627197e-01,2.168899178504943848e-01,5.160683393478393555e-01,-2.243680059909820557e-01,8.206748217344284058e-02,5.056782960891723633e-01,2.615065574645996094e-01,3.017328381538391113e-01,-1.371349245309829712e-01,-2.843993008136749268e-01,3.241151571273803711e-01,3.078076541423797607e-01,4.220985472202301025e-01,6.664035916328430176e-01,-7.909920997917652130e-03,2.182093262672424316e-01,-3.443315625190734863e-01,-3.151769936084747314e-01,-1.762663871049880981e-01,2.856690287590026855e-01,2.049030959606170654e-01,-4.242310766130685806e-03,6.400842964649200439e-02,5.694155097007751465e-01,-4.359086751937866211e-01,-4.531110227108001709e-01,5.261532068252563477e-01,-1.949911415576934814e-01,2.180374786257743835e-02,-4.737806022167205811e-01,1.794068962335586548e-01,3.468237519264221191e-01,-3.300827741622924805e-02,-5.429099202156066895e-01,3.407951593399047852e-01,4.364086389541625977e-01,-6.562587618827819824e-01,-4.338810741901397705e-01,5.139454603195190430e-01,1.147388890385627747e-01,4.215809404850006104e-01,1.379298716783523560e-01,-1.074320375919342041e-01,-2.858542799949645996e-01,-4.400782585144042969e-01,-1.740079522132873535e-01,3.799413517117500305e-02,-1.950031332671642303e-02,-1.387246549129486084e-01,-1.416359394788742065e-01,3.754128217697143555e-01,-8.363374508917331696e-03,-1.259797513484954834e-01,-6.274874806404113770e-01,2.634686529636383057e-01,2.819358371198177338e-02,-2.569486498832702637e-01,-3.002084493637084961e-01,-8.529992401599884033e-02,-7.108855247497558594e-02,4.962271545082330704e-03,3.699308037757873535e-01,6.927927583456039429e-02,-1.280256211757659912e-01,-3.105587884783744812e-02,5.925997495651245117e-01,-4.771869778633117676e-01,4.089398384094238281e-01,-5.661565661430358887e-01,-2.706600539386272430e-02,-5.781261250376701355e-02,4.065116643905639648e-01,-2.568556368350982666e-01,-5.546101331710815430e-01,-3.345649456605315208e-03,5.447353124618530273e-01,3.171608969569206238e-02,-4.650799930095672607e-01,4.934327006340026855e-01,8.902396657504141331e-04,-5.417359471321105957e-01,-4.799547605216503143e-03,-6.335482597351074219e-01,-3.834930658340454102e-01,4.344151616096496582e-01,1.172392815351486206e-02,2.713845372200012207e-01,4.268963634967803955e-01,-2.102259248495101929e-01,5.922911316156387329e-02,-2.684711515903472900e-01,-3.253160417079925537e-02,-4.458586573600769043e-01,-2.486189752817153931e-01,4.418784677982330322e-01,-4.263440860086120665e-05,-4.922197759151458740e-01,5.127968192100524902e-01,-3.984788954257965088e-01,5.171366930007934570e-01,-4.532538950443267822e-01,-4.799108803272247314e-01,4.849324822425842285e-01,1.294477880001068115e-01,-2.391445934772491455e-01,-4.283620417118072510e-01,-3.975289165973663330e-01,-4.471512511372566223e-03,2.105703800916671753e-01,-2.025898098945617676e-01,-4.026726484298706055e-01,-1.208708286285400391e-01,5.724709630012512207e-01,-4.451296329498291016e-01,5.092551112174987793e-01,1.539171040058135986e-01,-5.926146507263183594e-01,1.537233144044876099e-01,2.278285771608352661e-01,3.890886902809143066e-01,4.247074723243713379e-01,-1.143192276358604431e-01,-3.377644121646881104e-01,-1.896329373121261597e-01,1.918697729706764221e-02,3.824757635593414307e-01
-2.647095918655395508e-01,-1.745676388964056969e-03,-3.287539631128311157e-02,1.389781981706619263e-01,-2.243680059909820557e-01,2.512322664260864258e-01,-4.266370460391044617e-02,-2.791847288608551025e-01,-9.413375705480575562e-02,-3.002592734992504120e-02,7.789170742034912109e-02,5.788860842585563660e-02,2.251918893307447433e-03,3.383203595876693726e-02,3.464289708063006401e-03,-1.856744140386581421e-01,-1.051053637638688087e-03,-9.586332365870475769e-03,-5.199287831783294678e-02,2.479946240782737732e-03,3.230506926774978638e-02,7.090795040130615234e-02,1.093179658055305481e-01,-4.869839921593666077e-02,-9.795719757676124573e-03,-1.756727993488311768e-01,1.908527454361319542e-03,2.936741709709167480e-01,-2.322177775204181671e-02,9.451062977313995361e-02,8.373511582612991333e-02,1.185384206473827362e-02,7.757399231195449829e-02,4.438276216387748718e-02,1.158349402248859406e-02,8.225379139184951782e-02,-4.520951211452484131e-02,-3.787196800112724304e-02,2.450239956378936768e-01,1.357451826333999634e-01,-1.465271115303039551e-01,-4.484620317816734314e-02,1.484044734388589859e-02,-7.466698531061410904e-03,3.994114324450492859e-02,-8.338157832622528076e-02,-1.179727446287870407e-02,5.186770856380462646e-02,-7.111563533544540405e-02,-2.950728312134742737e-02,1.296283304691314697e-01,6.429926306009292603e-02,-1.403699517250061035e-01,8.432508446276187897e-03,6.610211730003356934e-02,9.786722064018249512e-02,-5.651633068919181824e-02,-2.241904847323894501e-03,-4.786370694637298584e-02,-5.519500374794006348e-02,6.215867772698402405e-02,3.884946182370185852e-02,2.997469622641801834e-03,-1.814759820699691772e-01,-5.566198751330375671e-02,8.859125897288322449e-03,1.380085200071334839e-01,-1.325285285711288452e-01,5.278109759092330933e-02,-2.474597841501235962e-01,1.506672650575637817e-01,-1.324782669544219971e-01,-4.466104507446289062e-02,5.937127396464347839e-03,1.593812555074691772e-01,1.238477602601051331e-01,4.949443391524255276e-04,-1.636762730777263641e-02,-4.050785303115844727e-02,6.303435564041137695e-02,-2.867627516388893127e-02,8.658199476485606283e-06,1.025539785623550415e-01,5.883940611965954304e-04,2.356541901826858521e-01,-5.022376775741577148e-02,-1.777022182941436768e-01,-2.921969396993517876e-03,3.593824105337262154e-03,-8.282599598169326782e-02,1.041023284196853638e-01,-1.596190631389617920e-01,-5.645634233951568604e-02,9.073088318109512329e-02,5.559908971190452576e-02,2.346270680427551270e-01,-7.281000167131423950e-02,1.333720410912064835e-05,1.235569044947624207e-01,-2.018531709909439087e-01,1.585334092378616333e-01,-2.650633156299591064e-01,1.338930893689393997e-02,7.791332900524139404e-02,1.785064488649368286e-02,2.275004982948303223e-03,-1.036528646945953369e-01,-6.856969557702541351e-04,2.997359335422515869e-01,-4.766791593283414841e-03,3.641175106167793274e-02,-1.501274704933166504e-01,-1.992617547512054443e-02,1.041652560234069824e-01,-6.241850927472114563e-02,3.794099390506744385e-02,-2.591650784015655518e-01,6.111038476228713989e-02,1.207332015037536621e-01,3.948232904076576233e-02,7.123215496540069580e-02,-4.477234184741973877e-02,-6.038754805922508240e-02,-1.085256263613700867e-01,5.598135758191347122e-03,-7.674010097980499268e-02,-1.696685515344142914e-02,-4.708302393555641174e-02
1.099608615040779114e-01,-2.886975416913628578e-03,-1.425537001341581345e-02,-3.901343094184994698e-03,8.206748217344284058e-02,-4.266370460391044617e-02,8.188790827989578247e-02,1.297954469919204712e-01,-2.314035315066576004e-03,3.969994187355041504e-02,-8.637859672307968140e-02,-3.348788991570472717e-02,-6.503946334123611450e-02,1.740240491926670074e-02,1.820117235183715820e-02,4.800543189048767090e-02,5.950179765932261944e-04,-3.155612200498580933e-02,-2.237996831536293030e-02,-5.584512650966644287e-02,-4.588408768177032471e-02,-2.537645632401108742e-03,-1.121364254504442215e-02,2.432172931730747223e-02,8.164962753653526306e-03,1.793760247528553009e-02,-1.917989342473447323e-03,-7.060028612613677979e-02,2.846346423029899597e-02,-6.019323691725730896e-02,-4.578836262226104736e-02,-1.929621025919914246e-02,5.317181348800659180e-03,5.060295760631561279e-02,-3.978994209319353104e-03,-8.141612634062767029e-03,1.412115711718797684e-02,2.603083662688732147e-02,-6.270433962345123291e-02,-1.384952068328857422e-01,6.152638420462608337e-02,4.395854473114013672e-02,-1.569212041795253754e-02,1.203106343746185303e-02,-4.365966096520423889e-02,4.968626797199249268e-02,-2.894101105630397797e-02,-2.357961423695087433e-02,4.371321201324462891e-02,-3.267300873994827271e-02,-4.847149550914764404e-02,-5.348080769181251526e-02,1.107938736677169800e-01,-7.233723998069763184e-03,-8.173499256372451782e-03,-5.963894724845886230e-02,5.170983821153640747e-02,1.330688945017755032e-03,2.427732385694980621e-02,1.058221515268087387e-02,-7.102791965007781982e-02,1.622940786182880402e-02,2.273934078402817249e-04,8.966535329818725586e-02,2.159086801111698151e-02,-2.054173033684492111e-03,-1.176624223589897156e-01,4.261034354567527771e-02,-2.014168538153171539e-02,8.126968890428543091e-02,-9.109316021203994751e-02,5.689860507845878601e-02,2.863762900233268738e-03,8.048013783991336823e-03,-6.500005722045898438e-02,-7.762227207422256470e-02,6.700112135149538517e-04,2.544655650854110718e-02,-2.457270398736000061e-02,-3.544146940112113953e-02,5.822310969233512878e-02,4.075210745213553309e-05,-5.801306292414665222e-02,-1.102914684452116489e-03,-1.063836887478828430e-01,4.142643883824348450e-02,1.044622212648391724e-01,2.271239791298285127e-04,-3.551632538437843323e-02,5.399376526474952698e-02,-6.760425865650177002e-02,5.671963468194007874e-02,8.394836448132991791e-03,-1.939140073955059052e-02,-4.849566146731376648e-02,-1.178545653820037842e-01,3.411216288805007935e-02,-1.206624074256978929e-05,-3.899602219462394714e-02,6.991553306579589844e-02,-1.195471286773681641e-01,1.008122414350509644e-01,-1.688311807811260223e-02,-3.643075004220008850e-02,2.407242171466350555e-02,1.208029016852378845e-01,1.239646109752357006e-03,3.562349826097488403e-02,-1.067831814289093018e-01,1.097571454010903835e-03,-4.347206093370914459e-03,-1.651010848581790924e-02,1.011890172958374023e-02,7.210463285446166992e-02,3.477509692311286926e-02,-3.082520514726638794e-02,7.711644470691680908e-02,-1.317082345485687256e-02,-7.895976305007934570e-02,6.320171523839235306e-03,-5.128598585724830627e-02,5.775518715381622314e-02,4.097710177302360535e-02,8.409886807203292847e-02,-5.706642568111419678e-02,2.590893534943461418e-03,1.189592760056257248e-02,6.439661979675292969e-02
3.809833824634552002e-01,2.146618813276290894e-02,-2.287108898162841797e-01,3.150552511215209961e-02,5.056782960891723633e-01,-2.791847288608551025e-01,1.297954469919204712e-01,6.470283865928649902e-01,1.435045599937438965e-01,1.918470412492752075e-01,-1.390274167060852051e-01,-2.463772743940353394e-01,1.479983180761337280e-01,1.826905310153961182e-01,2.807012498378753662e-01,5.421109199523925781e-01,-2.672514645382761955e-03,7.779054343700408936e-02,-1.223546341061592102e-01,-2.145459353923797607e-01,-4.184943065047264099e-02,1.379275470972061157e-01,4.555561393499374390e-02,2.378136664628982544e-02,4.544946178793907166e-02,4.285045564174652100e-01,-2.651488482952117920e-01,-5.202368497848510742e-01,4.073779582977294922e-01,-2.266889065504074097e-01,-6.878367066383361816e-02,-2.639769613742828369e-01,-4.435126110911369324e-02,2.706489264965057373e-01,-4.115863144397735596e-02,-3.861128985881805420e-01,2.349183857440948486e-01,2.944075763225555420e-01,-6.451934576034545898e-01,-4.299215376377105713e-01,3.704301416873931885e-01,1.050456836819648743e-01,2.183096706867218018e-01,1.041018515825271606e-01,-1.594334607943892479e-03,-1.346473842859268188e-01,-2.651886045932769775e-01,-1.540707498788833618e-01,5.934772267937660217e-02,-1.280232667922973633e-01,-2.198238074779510498e-01,-2.615559995174407959e-01,3.357195258140563965e-01,-2.559774369001388550e-02,-1.908987462520599365e-01,-4.909999072551727295e-01,2.456026226282119751e-01,2.228043042123317719e-02,-1.651361957192420959e-02,-1.190342754125595093e-01,-1.016404107213020325e-01,-9.553144127130508423e-02,-1.393922371789813042e-03,3.080056309700012207e-01,4.501688107848167419e-02,-7.486313581466674805e-02,-2.157931029796600342e-01,4.572657346725463867e-01,-3.193291723728179932e-01,4.753154516220092773e-01,-5.071325898170471191e-01,-4.019979387521743774e-02,4.078542813658714294e-02,2.580246329307556152e-01,-1.923650354146957397e-01,-4.049579799175262451e-01,-2.163437427952885628e-03,3.723553717136383057e-01,8.424869924783706665e-02,-3.202940225601196289e-01,3.129788637161254883e-01,6.530732498504221439e-04,-4.550326764583587646e-01,-5.612781271338462830e-03,-5.479441881179809570e-01,-1.901004761457443237e-01,4.750543534755706787e-01,1.060808449983596802e-02,7.735302299261093140e-02,3.640779852867126465e-01,-2.214507460594177246e-01,2.943702340126037598e-01,-4.710813239216804504e-02,-1.483023315668106079e-01,-2.826406955718994141e-01,-4.041855633258819580e-01,3.489260971546173096e-01,-4.204859214951284230e-05,-4.376032054424285889e-01,4.427339732646942139e-01,-4.892272949218750000e-01,5.733110308647155762e-01,-2.628686130046844482e-01,-3.647844493389129639e-01,2.314275652170181274e-01,1.758578121662139893e-01,2.486144378781318665e-02,-2.212262451648712158e-01,-5.137035846710205078e-01,8.048344403505325317e-03,6.073206663131713867e-02,-1.048703212291002274e-02,-2.135082036256790161e-01,-7.390921562910079956e-02,4.277824759483337402e-01,-2.792788743972778320e-01,5.698422193527221680e-01,7.222022861242294312e-02,-4.784621298313140869e-01,3.444707021117210388e-02,4.803100600838661194e-02,2.468614131212234497e-01,2.875337898731231689e-01,1.166248098015785217e-01,-2.964021861553192139e-01,-3.071623109281063080e-02,4.021352902054786682e-02,2.742871642112731934e-01
7.838278263807296753e-02,5.208377167582511902e-02,-4.406718611717224121e-01,3.639556169509887695e-01,2.615065574645996094e-01,-9.413375705480575562e-02,-2.314035315066576004e-03,1.435045599937438965e-01,4.297822117805480957e-01,3.296106159687042236e-01,-1.534460037946701050e-01,-2.620258629322052002e-01,2.437196969985961914e-01,4.203438162803649902e-01,4.524271488189697266e-01,5.078891515731811523e-01,-3.991486970335245132e-03,1.671793758869171143e-01,-4.635486006736755371e-01,-3.596047759056091309e-01,-4.533586204051971436e-01,4.058766067028045654e-01,2.637118697166442871e-01,-4.899900406599044800e-02,7.620837539434432983e-02,4.542963802814483643e-01,-4.274072051048278809e-01,-9.322577714920043945e-02,3.449395895004272461e-01,1.944750547409057617e-02,3.510493412613868713e-02,-6.101368069648742676e-01,3.830833733081817627e-01,3.407348692417144775e-01,-9.117128327488899231e-03,-4.862813949584960938e-01,3.123645186424255371e-01,4.139201939105987549e-01,-2.698821425437927246e-01,-4.143138229846954346e-01,5.254915952682495117e-01,1.455702036619186401e-01,3.835650384426116943e-01,1.185701340436935425e-01,-2.622696459293365479e-01,-2.215774506330490112e-01,-4.485986530780792236e-01,-1.556647270917892456e-01,7.118904590606689453e-02,-6.604602094739675522e-03,-8.080672472715377808e-02,1.242903247475624084e-01,4.403429627418518066e-01,-6.167187541723251343e-02,8.615686744451522827e-02,-5.104161500930786133e-01,2.603481411933898926e-01,2.345218509435653687e-02,-3.156380653381347656e-01,-4.154943823814392090e-01,-1.560996919870376587e-01,9.016655385494232178e-02,1.438348833471536636e-02,3.120676279067993164e-01,1.256052851676940918e-01,-1.389748901128768921e-01,9.226401336491107941e-03,4.532213509082794189e-01,-5.003644824028015137e-01,7.811584323644638062e-02,-3.945400118827819824e-01,1.801795214414596558e-01,-2.613739371299743652e-01,4.668115377426147461e-01,-2.409657090902328491e-01,-4.699500203132629395e-01,-1.702096662484109402e-03,4.857166409492492676e-01,-1.402099281549453735e-01,-4.896374046802520752e-01,5.606802105903625488e-01,9.672362939454615116e-04,-3.986331224441528320e-01,6.753755733370780945e-04,-4.914699196815490723e-01,-3.956594467163085938e-01,1.389540135860443115e-01,6.834642961621284485e-03,3.615003526210784912e-01,3.757369816303253174e-01,-1.378238499164581299e-01,-2.362950593233108521e-01,-4.227444231510162354e-01,1.605176478624343872e-01,-4.978931248188018799e-01,-2.605469338595867157e-02,2.618794441223144531e-01,-2.995090653712395579e-05,-3.751333057880401611e-01,3.625454902648925781e-01,-1.964247971773147583e-01,2.546671032905578613e-01,-5.676863789558410645e-01,-4.181414544582366943e-01,5.553334951400756836e-01,1.690739095211029053e-01,-5.103675127029418945e-01,-4.039699733257293701e-01,-1.223267689347267151e-01,-2.439363487064838409e-02,4.947283267974853516e-01,-3.938226699829101562e-01,-4.748552441596984863e-01,7.651310414075851440e-02,4.235994815826416016e-01,-4.763966500759124756e-01,2.185183167457580566e-01,1.409744918346405029e-01,-4.904741346836090088e-01,2.934962213039398193e-01,2.089750617742538452e-01,4.804154932498931885e-01,4.491623938083648682e-01,-2.344514280557632446e-01,-3.635500967502593994e-01,-3.681167960166931152e-01,1.794095896184444427e-02,3.160576224327087402e-01
2.746026962995529175e-02,5.451020598411560059e-02,-5.150263309478759766e-01,4.203044474124908447e-01,3.017328381538391113e-01,-3.002592734992504120e-02,3.969994187355041504e-02,1.918470412492752075e-01,3.296106159687042236e-01,3.520019650459289551e-01,-1.363168060779571533e-01,-2.714214622974395752e-01,3.099347054958343506e-01,4.342600405216217041e-01,4.911032915115356445e-01,5.423892736434936523e-01,-7.735420484095811844e-03,2.127428203821182251e-01,-5.065616369247436523e-01,-3.929493725299835205e-01,-3.552500605583190918e-01,4.297780692577362061e-01,3.383203148841857910e-01,-5.687900632619857788e-02,7.458714395761489868e-02,4.677524268627166748e-01,-4.842900335788726807e-01,-1.253482550382614136e-01,4.738469719886779785e-01,-5.190951749682426453e-02,8.181089162826538086e-02,-6.064694523811340332e-01,3.858340978622436523e-01,4.205140769481658936e-01,-1.517950929701328278e-02,-5.249575376510620117e-01,3.421875536441802979e-01,4.602531492710113525e-01,-3.603309392929077148e-01,-4.129263460636138916e-01,5.048985481262207031e-01,1.256050318479537964e-01,4.631138741970062256e-01,1.408764719963073730e-01,-2.064553350210189819e-01,-3.279704451560974121e-01,-5.141095519065856934e-01,-1.523120850324630737e-01,3.004460781812667847e-02,-2.612636424601078033e-02,-3.931822255253791809e-02,3.398006781935691833e-02,3.934909701347351074e-01,-2.960693463683128357e-02,2.610108256340026855e-02,-5.827373862266540527e-01,2.643003761768341064e-01,2.730808407068252563e-02,-3.643709719181060791e-01,-4.374343156814575195e-01,-1.163817718625068665e-01,4.373941943049430847e-02,1.310829818248748779e-02,2.974819540977478027e-01,8.024784922599792480e-02,-1.460815519094467163e-01,5.926940962672233582e-02,5.064003467559814453e-01,-5.208424925804138184e-01,1.244845986366271973e-01,-4.578200280666351318e-01,2.588531933724880219e-02,-2.138848900794982910e-01,4.918082952499389648e-01,-2.039667963981628418e-01,-5.189980864524841309e-01,-2.341938670724630356e-03,5.699467062950134277e-01,-9.937901794910430908e-02,-5.032370686531066895e-01,5.912134647369384766e-01,1.040151691995561123e-03,-4.656559526920318604e-01,-2.066399669274687767e-03,-5.013886690139770508e-01,-4.561956524848937988e-01,2.252789437770843506e-01,8.327954448759555817e-03,3.608819842338562012e-01,4.039911031723022461e-01,-1.395990401506423950e-01,-2.119752913713455200e-01,-4.379286170005798340e-01,1.379361152648925781e-01,-5.118520259857177734e-01,-1.932932436466217041e-02,3.485292792320251465e-01,-3.499897866277024150e-05,-4.020888507366180420e-01,3.782211244106292725e-01,-2.482562214136123657e-01,2.724378108978271484e-01,-5.688029527664184570e-01,-4.592591524124145508e-01,6.159152388572692871e-01,1.866205632686614990e-01,-5.056206583976745605e-01,-4.634239375591278076e-01,-1.103393733501434326e-01,-2.014612592756748199e-02,4.200491011142730713e-01,-4.460601806640625000e-01,-4.996763765811920166e-01,6.275124847888946533e-02,5.197083353996276855e-01,-5.018614530563354492e-01,2.439716607332229614e-01,2.010200768709182739e-01,-5.424451828002929688e-01,2.827652990818023682e-01,2.851639091968536377e-01,4.768358170986175537e-01,4.632706940174102783e-01,-2.583380639553070068e-01,-3.927876353263854980e-01,-3.670351803302764893e-01,1.060090586543083191e-02,3.838111162185668945e-01
-1.780435591936111450e-01,-1.044988259673118591e-02,1.229728832840919495e-01,-1.603349745273590088e-01,-1.371349245309829712e-01,7.789170742034912109e-02,-8.637859672307968140e-02,-1.390274167060852051e-01,-1.534460037946701050e-01,-1.363168060779571533e-01,2.372155338525772095e-01,1.058983877301216125e-01,8.892185986042022705e-02,-1.475847363471984863e-01,-1.325564533472061157e-01,-1.237378194928169250e-01,-2.373759634792804718e-03,-2.115943469107151031e-02,1.965556591749191284e-01,1.528575718402862549e-01,2.867556810379028320e-01,-1.117451861500740051e-01,-5.657235905528068542e-02,-4.225633293390274048e-02,-3.274599462747573853e-02,-6.646520644426345825e-02,4.182501137256622314e-02,1.228713523596525192e-02,-3.014964610338211060e-02,-2.380568161606788635e-02,7.995767146348953247e-02,1.909610033035278320e-01,-2.089525312185287476e-01,-1.075128763914108276e-01,-2.840303815901279449e-03,6.430064141750335693e-02,-8.064090460538864136e-02,-1.218670457601547241e-01,1.918316632509231567e-02,3.345605134963989258e-01,-2.638493180274963379e-01,-1.439297944307327271e-01,-4.176755994558334351e-02,-3.712535277009010315e-02,2.199498564004898071e-01,-1.352006196975708008e-01,1.796425729990005493e-01,1.023902446031570435e-01,-9.616146981716156006e-02,-3.629780188202857971e-02,8.944287896156311035e-02,-5.766147375106811523e-02,-3.295767605304718018e-01,5.902757495641708374e-02,-1.049618273973464966e-01,1.572316139936447144e-01,-1.564340144395828247e-01,-5.676703527569770813e-03,6.608140468597412109e-02,1.529798060655593872e-01,1.783020496368408203e-01,-9.309700876474380493e-02,-8.035252802073955536e-03,-2.110122889280319214e-01,-1.158614754676818848e-01,4.028645902872085571e-02,1.677095293998718262e-01,-1.288584321737289429e-01,1.335216164588928223e-01,-3.200152888894081116e-02,1.852594465017318726e-01,-3.054306209087371826e-01,1.168435811996459961e-01,-1.327563524246215820e-01,2.140716165304183960e-01,2.243818491697311401e-01,-1.726584043353796005e-03,-1.016738265752792358e-01,2.135544568300247192e-01,1.596399843692779541e-01,-2.619377076625823975e-01,-2.684712817426770926e-04,1.210427060723304749e-01,-1.403416739776730537e-03,2.763557732105255127e-01,1.733401417732238770e-02,-5.672106891870498657e-02,8.080862608039751649e-05,6.272793980315327644e-04,-1.439335197210311890e-01,1.684943139553070068e-01,1.003952175378799438e-01,1.477642208337783813e-01,-5.343612655997276306e-02,2.308650016784667969e-01,1.204583421349525452e-01,-1.007491424679756165e-01,2.127571133314631879e-05,8.726712316274642944e-02,-1.822967380285263062e-01,1.283502876758575439e-01,-9.141232818365097046e-02,2.064673602581024170e-01,1.269903630018234253e-01,-1.716716140508651733e-01,-3.172159790992736816e-01,2.502227425575256348e-01,2.059135772287845612e-02,1.172074675559997559e-01,8.530434221029281616e-03,-1.796540915966033936e-01,1.599910110235214233e-01,1.485538929700851440e-01,-1.487950384616851807e-01,-1.315564066171646118e-01,1.686451435089111328e-01,-5.928934738039970398e-02,-4.604395478963851929e-03,2.185041904449462891e-01,-1.378489434719085693e-01,1.682452484965324402e-02,-2.446348071098327637e-01,-1.924171149730682373e-01,-9.870822541415691376e-03,1.397623866796493530e-01,1.290458887815475464e-01,-6.096442695707082748e-03,-1.469254046678543091e-01
-7.097727805376052856e-02,-4.132196307182312012e-02,4.015413224697113037e-01,-3.107827901840209961e-01,-2.843993008136749268e-01,5.788860842585563660e-02,-3.348788991570472717e-02,-2.463772743940353394e-01,-2.620258629322052002e-01,-2.714214622974395752e-01,1.058983877301216125e-01,2.422283440828323364e-01,-2.398826032876968384e-01,-3.521407246589660645e-01,-4.077453613281250000e-01,-4.852878749370574951e-01,4.775903653353452682e-03,-1.527864485979080200e-01,3.710740506649017334e-01,3.077902197837829590e-01,2.500373423099517822e-01,-3.450200259685516357e-01,-2.469759583473205566e-01,4.535399004817008972e-02,-6.060041487216949463e-02,-3.991754055023193359e-01,3.876938819885253906e-01,1.575174629688262939e-01,-4.121393263339996338e-01,4.793883860111236572e-02,-4.212136566638946533e-02,4.845720827579498291e-01,-2.487550228834152222e-01,-3.521112799644470215e-01,1.936525478959083557e-02,4.472864866256713867e-01,-2.791147828102111816e-01,-3.763302266597747803e-01,3.720616996288299561e-01,3.636645972728729248e-01,-4.159409701824188232e-01,-1.037655621767044067e-01,-3.586897552013397217e-01,-1.174531951546669006e-01,1.260485500097274780e-01,2.593202888965606689e-01,4.126899838447570801e-01,1.362844407558441162e-01,-2.326902002096176147e-02,6.970214098691940308e-02,7.603728771209716797e-02,1.988254301249980927e-02,-3.312790095806121826e-01,3.758369013667106628e-02,1.510133687406778336e-02,5.045676231384277344e-01,-2.384666949510574341e-01,-2.395581267774105072e-02,2.357231527566909790e-01,3.390734493732452393e-01,9.461097419261932373e-02,-1.465039420872926712e-02,-9.075517766177654266e-03,-2.314096838235855103e-01,-6.306157261133193970e-02,1.158909872174263000e-01,1.259293458133470267e-05,-4.339614808559417725e-01,4.286942183971405029e-01,-1.487850844860076904e-01,4.061684906482696533e-01,1.541034907859284431e-05,1.516196131706237793e-01,-4.103093743324279785e-01,1.479545086622238159e-01,4.179472029209136963e-01,2.011378761380910873e-03,-4.768198430538177490e-01,5.733090266585350037e-02,4.184451103210449219e-01,-4.761060774326324463e-01,-8.936889353208243847e-04,4.069528877735137939e-01,2.112549263983964920e-03,4.408299326896667480e-01,3.695510029792785645e-01,-2.116949558258056641e-01,-7.904071360826492310e-03,-2.612378299236297607e-01,-3.519231975078582764e-01,1.259758621454238892e-01,9.202084690332412720e-02,3.113675117492675781e-01,-7.133319228887557983e-02,4.065620601177215576e-01,7.169432193040847778e-02,-2.911907732486724854e-01,3.033947359654121101e-05,3.682574331760406494e-01,-3.296709358692169189e-01,2.574830055236816406e-01,-2.839711904525756836e-01,4.639120399951934814e-01,3.887809813022613525e-01,-4.670632183551788330e-01,-1.647567003965377808e-01,3.464131057262420654e-01,3.692879080772399902e-01,1.519179642200469971e-01,1.273335237056016922e-02,-3.269633948802947998e-01,3.161237239837646484e-01,4.042906165122985840e-01,-4.498294740915298462e-02,-4.452323317527770996e-01,4.012756645679473877e-01,-2.682902514934539795e-01,-1.593802422285079956e-01,4.656820297241210938e-01,-2.087265998125076294e-01,-2.058063298463821411e-01,-3.773137927055358887e-01,-3.722439408302307129e-01,1.596779674291610718e-01,3.452469408512115479e-01,2.703762054443359375e-01,-1.799294352531433105e-02,-2.967816591262817383e-01
