9.999980926513671875e-01,-9.999979138374328613e-01,-9.999859929084777832e-01,9.999982118606567383e-01,9.999988079071044922e-01,-9.999985098838806152e-01,9.999637007713317871e-01,9.999989867210388184e-01,-9.999966025352478027e-01,9.999959468841552734e-01,-9.999941587448120117e-01,-9.999988079071044922e-01,9.999980926513671875e-01,9.999973177909851074e-01,9.999408125877380371e-01,9.999977350234985352e-01,9.999976754188537598e-01,-9.999978542327880859e-01,9.999105334281921387e-01,-9.999990463256835938e-01,-9.999988675117492676e-01,9.999853372573852539e-01,9.999970793724060059e-01,9.999983906745910645e-01,9.999808669090270996e-01,9.999990463256835938e-01,-9.999982714653015137e-01,-9.999989271163940430e-01,9.999792575836181641e-01,-9.999949932098388672e-01,-9.999973773956298828e-01,-9.999985694885253906e-01,9.999963641166687012e-01,9.999978542327880859e-01,-9.999970197677612305e-01,-9.999946951866149902e-01,9.999988675117492676e-01,9.999986886978149414e-01,9.999929666519165039e-01,-9.999987483024597168e-01,9.999983310699462891e-01,-9.999973177909851074e-01,9.999424815177917480e-01,9.999985694885253906e-01,9.999962449073791504e-01,9.999973773956298828e-01,9.999952316284179688e-01,9.999967813491821289e-01,9.999986886978149414e-01,-9.999984502792358398e-01,-9.999986290931701660e-01,-9.999968409538269043e-01,-9.999983906745910645e-01,-9.999889135360717773e-01,-9.999957084655761719e-01,-9.999973773956298828e-01,-9.999978542327880859e-01,9.999775290489196777e-01,9.999972581863403320e-01,9.999974370002746582e-01,-9.999942183494567871e-01,9.999988079071044922e-01,9.999982118606567383e-01,9.999951720237731934e-01,-9.999939799308776855e-01,-9.999987483024597168e-01,-9.999989271163940430e-01,-9.999924302101135254e-01,-9.999979734420776367e-01,9.999988079071044922e-01,-9.999985694885253906e-01,9.999973177909851074e-01,9.999962449073791504e-01,-9.999868273735046387e-01,9.999046921730041504e-01,-9.999978542327880859e-01,9.999822378158569336e-01,9.999980330467224121e-01,-9.999894499778747559e-01,-9.999974370002746582e-01,9.999408721923828125e-01,9.999976158142089844e-01,-9.999987483024597168e-01,-9.999092817306518555e-01,-9.999983310699462891e-01,-9.999840259552001953e-01,9.999933242797851562e-01,9.999985694885253906e-01,-9.999839663505554199e-01,9.999980330467224121e-01,-9.999982714653015137e-01,9.999982714653015137e-01,-9.999681115150451660e-01,-9.999983310699462891e-01,9.999985694885253906e-01,-9.999973773956298828e-01,9.998317360877990723e-01,9.999988675117492676e-01,-9.999986886978149414e-01,9.999926686286926270e-01,-9.999975562095642090e-01,9.999986290931701660e-01,-9.999886751174926758e-01,-9.999765753746032715e-01,9.999983310699462891e-01,9.999935626983642578e-01,9.999870061874389648e-01,-9.999971389770507812e-01,-9.999942183494567871e-01,9.999983310699462891e-01,-9.999972581863403320e-01,9.999984502792358398e-01,-9.999978542327880859e-01,-9.999923706054687500e-01,9.999989271163940430e-01,-9.999983310699462891e-01,9.999982714653015137e-01,-9.999986290931701660e-01,-9.999832510948181152e-01,-9.999976754188537598e-01,-9.999987483024597168e-01,9.999956488609313965e-01,9.999985098838806152e-01,-9.999974370002746582e-01,9.999814629554748535e-01,-9.999952316284179688e-01,-9.999690055847167969e-01,-9.999977350234985352e-01
-9.999979138374328613e-01,9.999977946281433105e-01,9.999849200248718262e-01,-9.999980330467224121e-01,-9.999986886978149414e-01,9.999982714653015137e-01,-9.999609589576721191e-01,-9.999988079071044922e-01,9.999963641166687012e-01,-9.999956488609313965e-01,9.999936223030090332e-01,9.999986886978149414e-01,-9.999979138374328613e-01,-9.999970793724060059e-01,-9.999362826347351074e-01,-9.999975562095642090e-01,-9.999974966049194336e-01,9.999976158142089844e-01,-9.999036788940429688e-01,9.999988675117492676e-01,9.999986886978149414e-01,-9.999842047691345215e-01,-9.999967813491821289e-01,-9.999982118606567383e-01,-9.999793171882629395e-01,-9.999989271163940430e-01,9.999981522560119629e-01,9.999987483024597168e-01,-9.999776482582092285e-01,9.999945759773254395e-01,9.999970793724060059e-01,9.999985098838806152e-01,-9.999961256980895996e-01,-9.999976158142089844e-01,9.999967813491821289e-01,9.999942779541015625e-01,-9.999988079071044922e-01,-9.999985098838806152e-01,-9.999924302101135254e-01,9.999985694885253906e-01,-9.999982118606567383e-01,9.999970197677612305e-01,-9.999380707740783691e-01,-9.999983906745910645e-01,-9.999960064888000488e-01,-9.999971389770507812e-01,-9.999948740005493164e-01,-9.999964237213134766e-01,-9.999983906745910645e-01,9.999983310699462891e-01,9.999985098838806152e-01,9.999965429306030273e-01,9.999982714653015137e-01,9.999880194664001465e-01,9.999952912330627441e-01,9.999971985816955566e-01,9.999976754188537598e-01,-9.999757409095764160e-01,-9.999970197677612305e-01,-9.999971389770507812e-01,9.999938011169433594e-01,-9.999986886978149414e-01,-9.999980926513671875e-01,-9.999948740005493164e-01,9.999935626983642578e-01,9.999985694885253906e-01,9.999987483024597168e-01,9.999918937683105469e-01,9.999977946281433105e-01,-9.999986886978149414e-01,9.999983906745910645e-01,-9.999970197677612305e-01,-9.999959468841552734e-01,9.999858140945434570e-01,-9.998973608016967773e-01,9.999976158142089844e-01,-9.999809265136718750e-01,-9.999979138374328613e-01,9.999885559082031250e-01,9.999971985816955566e-01,-9.999363422393798828e-01,-9.999973773956298828e-01,9.999985694885253906e-01,9.999023675918579102e-01,9.999980926513671875e-01,9.999827146530151367e-01,-9.999927878379821777e-01,-9.999984502792358398e-01,9.999826550483703613e-01,-9.999977946281433105e-01,9.999981522560119629e-01,-9.999980330467224121e-01,9.999655485153198242e-01,9.999980926513671875e-01,-9.999984502792358398e-01,9.999970793724060059e-01,-9.998188018798828125e-01,-9.999987483024597168e-01,9.999986886978149414e-01,-9.999920725822448730e-01,9.999972581863403320e-01,-9.999984502792358398e-01,9.999878406524658203e-01,9.999747872352600098e-01,-9.999982118606567383e-01,-9.999930858612060547e-01,-9.999859333038330078e-01,9.999969601631164551e-01,9.999938011169433594e-01,-9.999980926513671875e-01,9.999969601631164551e-01,-9.999983310699462891e-01,9.999976158142089844e-01,9.999917149543762207e-01,-9.999988079071044922e-01,9.999982118606567383e-01,-9.999981522560119629e-01,9.999985098838806152e-01,9.999819993972778320e-01,9.999974370002746582e-01,9.999986290931701660e-01,-9.999952316284179688e-01,-9.999983310699462891e-01,9.999972581863403320e-01,-9.999800324440002441e-01,9.999947547912597656e-01,9.999665617942810059e-01,9.999976158142089844e-01
-9.999859929084777832e-01,9.999849200248718262e-01,9.998960494995117188e-01,-9.999867677688598633e-01,-9.999910593032836914e-01,9.999884963035583496e-01,-9.997316002845764160e-01,-9.999920725822448730e-01,9.999752044677734375e-01,-9.999704360961914062e-01,9.999566674232482910e-01,9.999911189079284668e-01,-9.999861121177673340e-01,-9.999802708625793457e-01,-9.995619654655456543e-01,-9.999838471412658691e-01,-9.999829530715942383e-01,9.999841451644897461e-01,-9.993383288383483887e-01,9.999925494194030762e-01,9.999912977218627930e-01,-9.998912215232849121e-01,-9.999786615371704102e-01,-9.999880790710449219e-01,-9.998576045036315918e-01,-9.999923706054687500e-01,9.999876022338867188e-01,9.999915361404418945e-01,-9.998462200164794922e-01,9.999626278877258301e-01,9.999808073043823242e-01,9.999896883964538574e-01,-9.999735951423645020e-01,-9.999840259552001953e-01,9.999777078628540039e-01,9.999604821205139160e-01,-9.999917745590209961e-01,-9.999899268150329590e-01,-9.999479055404663086e-01,9.999907016754150391e-01,-9.999879002571105957e-01,9.999805092811584473e-01,-9.995745420455932617e-01,-9.999890923500061035e-01,-9.999727010726928711e-01,-9.999808073043823242e-01,-9.999647140502929688e-01,-9.999765753746032715e-01,-9.999902248382568359e-01,9.999887943267822266e-01,9.999900460243225098e-01,9.999770522117614746e-01,9.999883770942687988e-01,9.999179244041442871e-01,9.999681115150451660e-01,9.999811053276062012e-01,9.999842047691345215e-01,-9.998328089714050293e-01,-9.999803304672241211e-01,-9.999806880950927734e-01,9.999572038650512695e-01,-9.999912381172180176e-01,-9.999870657920837402e-01,-9.999642968177795410e-01,9.999555349349975586e-01,9.999904632568359375e-01,9.999915361404418945e-01,9.999439716339111328e-01,9.999850392341613770e-01,-9.999911785125732422e-01,9.999890327453613281e-01,-9.999803900718688965e-01,-9.999726414680480957e-01,9.999021887779235840e-01,-9.992946982383728027e-01,9.999837875366210938e-01,-9.998684525489807129e-01,-9.999857544898986816e-01,9.999210238456726074e-01,9.999814033508300781e-01,-9.995625615119934082e-01,-9.999825954437255859e-01,9.999904632568359375e-01,9.993289709091186523e-01,9.999878406524658203e-01,9.998813867568969727e-01,-9.999504685401916504e-01,-9.999893903732299805e-01,9.998806118965148926e-01,-9.999854564666748047e-01,9.999875426292419434e-01,-9.999872446060180664e-01,9.997637867927551270e-01,9.999872446060180664e-01,-9.999889135360717773e-01,9.999807476997375488e-01,-9.987550377845764160e-01,-9.999913573265075684e-01,9.999904036521911621e-01,-9.999455213546752930e-01,9.999815821647644043e-01,-9.999893903732299805e-01,9.999160766601562500e-01,9.998265504837036133e-01,-9.999879598617553711e-01,-9.999523162841796875e-01,-9.999030828475952148e-01,9.999793171882629395e-01,9.999573230743408203e-01,-9.999879002571105957e-01,9.999793767929077148e-01,-9.999887347221374512e-01,9.999842047691345215e-01,9.999434351921081543e-01,-9.999924898147583008e-01,9.999879002571105957e-01,-9.999874830245971680e-01,9.999901056289672852e-01,9.998755455017089844e-01,9.999831914901733398e-01,9.999906420707702637e-01,-9.999676942825317383e-01,-9.999893307685852051e-01,9.999812841415405273e-01,-9.998624920845031738e-01,9.999639391899108887e-01,9.997703433036804199e-01,9.999836087226867676e-01
9.999982118606567383e-01,-9.999980330467224121e-01,-9.999867677688598633e-01,9.999982714653015137e-01,9.999988675117492676e-01,-9.999985694885253906e-01,9.999657273292541504e-01,9.999990463256835938e-01,-9.999967813491821289e-01,9.999960660934448242e-01,-9.999945163726806641e-01,-9.999988675117492676e-01,9.999982118606567383e-01,9.999974370002746582e-01,9.999439716339111328e-01,9.999979138374328613e-01,9.999977946281433105e-01,-9.999979138374328613e-01,9.999153614044189453e-01,-9.999991059303283691e-01,-9.999989271163940430e-01,9.999861121177673340e-01,9.999972581863403320e-01,9.999984502792358398e-01,9.999818205833435059e-01,9.999990463256835938e-01,-9.999983906745910645e-01,-9.999989867210388184e-01,9.999803900718688965e-01,-9.999952316284179688e-01,-9.999974966049194336e-01,-9.999985694885253906e-01,9.999966025352478027e-01,9.999979734420776367e-01,-9.999971985816955566e-01,-9.999949336051940918e-01,9.999989271163940430e-01,9.999986886978149414e-01,9.999933838844299316e-01,-9.999988079071044922e-01,9.999984502792358398e-01,-9.999973773956298828e-01,9.999455809593200684e-01,9.999985694885253906e-01,9.999964833259582520e-01,9.999975562095642090e-01,9.999955296516418457e-01,9.999969601631164551e-01,9.999986886978149414e-01,-9.999986290931701660e-01,-9.999986886978149414e-01,-9.999970197677612305e-01,-9.999985098838806152e-01,-9.999894499778747559e-01,-9.999958872795104980e-01,-9.999975562095642090e-01,-9.999979734420776367e-01,9.999786615371704102e-01,9.999974370002746582e-01,9.999975562095642090e-01,-9.999944567680358887e-01,9.999988675117492676e-01,9.999983310699462891e-01,9.999954700469970703e-01,-9.999943375587463379e-01,-9.999987483024597168e-01,-9.999989271163940430e-01,-9.999928474426269531e-01,-9.999980330467224121e-01,9.999988079071044922e-01,-9.999985694885253906e-01,9.999973773956298828e-01,9.999964237213134766e-01,-9.999875426292419434e-01,9.999097585678100586e-01,-9.999979734420776367e-01,9.999831914901733398e-01,9.999981522560119629e-01,-9.999899864196777344e-01,-9.999976158142089844e-01,9.999440908432006836e-01,9.999977350234985352e-01,-9.999987483024597168e-01,-9.999142885208129883e-01,-9.999984502792358398e-01,-9.999848604202270508e-01,9.999936819076538086e-01,9.999986290931701660e-01,-9.999848008155822754e-01,9.999981522560119629e-01,-9.999985098838806152e-01,9.999983310699462891e-01,-9.999698400497436523e-01,-9.999983310699462891e-01,9.999986290931701660e-01,-9.999974966049194336e-01,9.998407959938049316e-01,9.999988675117492676e-01,-9.999987483024597168e-01,9.999930262565612793e-01,-9.999976754188537598e-01,9.999986290931701660e-01,-9.999893903732299805e-01,-9.999778866767883301e-01,9.999984502792358398e-01,9.999939203262329102e-01,9.999876618385314941e-01,-9.999973177909851074e-01,-9.999945759773254395e-01,9.999984502792358398e-01,-9.999973177909851074e-01,9.999985098838806152e-01,-9.999979734420776367e-01,-9.999927878379821777e-01,9.999990463256835938e-01,-9.999983906745910645e-01,9.999983906745910645e-01,-9.999986886978149414e-01,-9.999840855598449707e-01,-9.999977946281433105e-01,-9.999988079071044922e-01,9.999958276748657227e-01,9.999986290931701660e-01,-9.999975562095642090e-01,9.999824762344360352e-01,-9.999954104423522949e-01,-9.999707341194152832e-01,-9.999977946281433105e-01
9.999988079071044922e-01,-9.999986886978149414e-01,-9.999910593032836914e-01,9.999988675117492676e-01,9.999992847442626953e-01,-9.999990463256835938e-01,9.999769330024719238e-01,9.999993443489074707e-01,-9.999978542327880859e-01,9.999974370002746582e-01,-9.999961256980895996e-01,-9.999992847442626953e-01,9.999988079071044922e-01,9.999982714653015137e-01,9.999624490737915039e-01,9.999985098838806152e-01,9.999985098838806152e-01,-9.999986290931701660e-01,9.999431371688842773e-01,-9.999992847442626953e-01,-9.999992847442626953e-01,9.999906420707702637e-01,9.999980330467224121e-01,9.999989867210388184e-01,9.999878406524658203e-01,9.999994039535522461e-01,-9.999988675117492676e-01,-9.999992847442626953e-01,9.999868273735046387e-01,-9.999967813491821289e-01,-9.999983310699462891e-01,-9.999990463256835938e-01,9.999976754188537598e-01,9.999986290931701660e-01,-9.999980330467224121e-01,-9.999965429306030273e-01,9.999992251396179199e-01,9.999991655349731445e-01,9.999954700469970703e-01,-9.999991655349731445e-01,9.999989271163940430e-01,-9.999983310699462891e-01,9.999634623527526855e-01,9.999991059303283691e-01,9.999976158142089844e-01,9.999983310699462891e-01,9.999969601631164551e-01,9.999979734420776367e-01,9.999991059303283691e-01,-9.999991059303283691e-01,-9.999990463256835938e-01,-9.999980330467224121e-01,-9.999990463256835938e-01,-9.999929666519165039e-01,-9.999971389770507812e-01,-9.999983310699462891e-01,-9.999985694885253906e-01,9.999856948852539062e-01,9.999982118606567383e-01,9.999983310699462891e-01,-9.999963045120239258e-01,9.999992847442626953e-01,9.999988675117492676e-01,9.999969005584716797e-01,-9.999960064888000488e-01,-9.999991059303283691e-01,-9.999992847442626953e-01,-9.999952316284179688e-01,-9.999986886978149414e-01,9.999992847442626953e-01,-9.999989867210388184e-01,9.999982118606567383e-01,9.999975562095642090e-01,-9.999916553497314453e-01,9.999395012855529785e-01,-9.999985694885253906e-01,9.999886751174926758e-01,9.999987483024597168e-01,-9.999932646751403809e-01,-9.999983906745910645e-01,9.999625086784362793e-01,9.999983906745910645e-01,-9.999992251396179199e-01,-9.999424815177917480e-01,-9.999988675117492676e-01,-9.999897480010986328e-01,9.999957680702209473e-01,9.999991059303283691e-01,-9.999898076057434082e-01,9.999987483024597168e-01,-9.999989867210388184e-01,9.999988079071044922e-01,-9.999797940254211426e-01,-9.999988079071044922e-01,9.999991059303283691e-01,-9.999982118606567383e-01,9.998931884765625000e-01,9.999992847442626953e-01,-9.999992251396179199e-01,9.999953508377075195e-01,-9.999983906745910645e-01,9.999991059303283691e-01,-9.999928474426269531e-01,-9.999851584434509277e-01,9.999989271163940430e-01,9.999959468841552734e-01,9.999917149543762207e-01,-9.999980926513671875e-01,-9.999963045120239258e-01,9.999988675117492676e-01,-9.999982118606567383e-01,9.999990463256835938e-01,-9.999986290931701660e-01,-9.999951124191284180e-01,9.999992847442626953e-01,-9.999989271163940430e-01,9.999989271163940430e-01,-9.999991655349731445e-01,-9.999893307685852051e-01,-9.999985098838806152e-01,-9.999992251396179199e-01,9.999971389770507812e-01,9.999989867210388184e-01,-9.999983906745910645e-01,9.999882578849792480e-01,-9.999969005584716797e-01,-9.999802708625793457e-01,-9.999985098838806152e-01
-9.999985098838806152e-01,9.999982714653015137e-01,9.999884963035583496e-01,-9.999985694885253906e-01,-9.999990463256835938e-01,9.999987483024597168e-01,-9.999701976776123047e-01,-9.999992847442626953e-01,9.999972581863403320e-01,-9.999966621398925781e-01,9.999951720237731934e-01,9.999990463256835938e-01,-9.999984502792358398e-01,-9.999977946281433105e-01,-9.999511837959289551e-01,-9.999981522560119629e-01,-9.999981522560119629e-01,9.999982118606567383e-01,-9.999260902404785156e-01,9.999992251396179199e-01,9.999991655349731445e-01,-9.999879002571105957e-01,-9.999975562095642090e-01,-9.999986290931701660e-01,-9.999841451644897461e-01,-9.999992847442626953e-01,9.999985694885253906e-01,9.999991059303283691e-01,-9.999829530715942383e-01,9.999958276748657227e-01,9.999978542327880859e-01,9.999988675117492676e-01,-9.999970197677612305e-01,-9.999982118606567383e-01,9.999975562095642090e-01,9.999956488609313965e-01,-9.999991059303283691e-01,-9.999989271163940430e-01,-9.999942183494567871e-01,9.999989271163940430e-01,-9.999986886978149414e-01,9.999977946281433105e-01,-9.999524950981140137e-01,-9.999988079071044922e-01,-9.999970197677612305e-01,-9.999977946281433105e-01,-9.999960064888000488e-01,-9.999973177909851074e-01,-9.999988079071044922e-01,9.999988079071044922e-01,9.999989271163940430e-01,9.999974370002746582e-01,9.999986886978149414e-01,9.999908804893493652e-01,9.999964237213134766e-01,9.999979138374328613e-01,9.999982118606567383e-01,-9.999814629554748535e-01,-9.999977946281433105e-01,-9.999978542327880859e-01,9.999952316284179688e-01,-9.999990463256835938e-01,-9.999986290931701660e-01,-9.999960660934448242e-01,9.999950528144836426e-01,9.999989271163940430e-01,9.999991059303283691e-01,9.999937415122985840e-01,9.999983310699462891e-01,-9.999990463256835938e-01,9.999987483024597168e-01,-9.999977946281433105e-01,-9.999969005584716797e-01,9.999892115592956543e-01,-9.999213218688964844e-01,9.999981522560119629e-01,-9.999853372573852539e-01,-9.999984502792358398e-01,9.999912381172180176e-01,9.999979138374328613e-01,-9.999511837959289551e-01,-9.999981522560119629e-01,9.999989867210388184e-01,9.999251365661621094e-01,9.999986290931701660e-01,9.999868869781494141e-01,-9.999944567680358887e-01,-9.999988675117492676e-01,9.999868273735046387e-01,-9.999983906745910645e-01,9.999985694885253906e-01,-9.999985694885253906e-01,9.999736547470092773e-01,9.999985694885253906e-01,-9.999987483024597168e-01,9.999977946281433105e-01,-9.998610615730285645e-01,-9.999991655349731445e-01,9.999989867210388184e-01,-9.999940395355224609e-01,9.999979734420776367e-01,-9.999988079071044922e-01,9.999906420707702637e-01,9.999806880950927734e-01,-9.999986290931701660e-01,-9.999946951866149902e-01,-9.999892711639404297e-01,9.999976754188537598e-01,9.999952912330627441e-01,-9.999986290931701660e-01,9.999977350234985352e-01,-9.999988079071044922e-01,9.999982118606567383e-01,9.999936819076538086e-01,-9.999991655349731445e-01,9.999986886978149414e-01,-9.999986886978149414e-01,9.999988675117492676e-01,9.999862313270568848e-01,9.999980926513671875e-01,9.999989867210388184e-01,-9.999963641166687012e-01,-9.999988079071044922e-01,9.999979138374328613e-01,-9.999846816062927246e-01,9.999960660934448242e-01,9.999744296073913574e-01,9.999981522560119629e-01
9.999637007713317871e-01,-9.999609589576721191e-01,-9.997316002845764160e-01,9.999657273292541504e-01,9.999769330024719238e-01,-9.999701976776123047e-01,9.993064403533935547e-01,9.999796152114868164e-01,-9.999358654022216797e-01,9.999237060546875000e-01,-9.998883008956909180e-01,-9.999771118164062500e-01,9.999640583992004395e-01,9.999490380287170410e-01,9.988688230514526367e-01,9.999583959579467773e-01,9.999557733535766602e-01,-9.999589920043945312e-01,9.982917308807373047e-01,-9.999806880950927734e-01,-9.999775290489196777e-01,9.997189640998840332e-01,9.999446868896484375e-01,9.999691843986511230e-01,9.996319413185119629e-01,9.999803900718688965e-01,-9.999678134918212891e-01,-9.999781250953674316e-01,9.996025562286376953e-01,-9.999035596847534180e-01,-9.999503493309020996e-01,-9.999735355377197266e-01,9.999316334724426270e-01,9.999587535858154297e-01,-9.999423027038574219e-01,-9.998979568481445312e-01,9.999789595603942871e-01,9.999737739562988281e-01,9.998655319213867188e-01,-9.999759197235107422e-01,9.999687671661376953e-01,-9.999496340751647949e-01,9.989011287689208984e-01,9.999718070030212402e-01,9.999295473098754883e-01,9.999501109123229980e-01,9.999088644981384277e-01,9.999393224716186523e-01,9.999749064445495605e-01,-9.999710321426391602e-01,-9.999740719795227051e-01,-9.999408125877380371e-01,-9.999700188636779785e-01,-9.997881054878234863e-01,-9.999177455902099609e-01,-9.999508261680603027e-01,-9.999591708183288574e-01,9.995679855346679688e-01,9.999490976333618164e-01,9.999500513076782227e-01,-9.998894333839416504e-01,9.999773502349853516e-01,9.999665617942810059e-01,9.999079108238220215e-01,-9.998850226402282715e-01,-9.999753832817077637e-01,-9.999781250953674316e-01,-9.998553395271301270e-01,-9.999612569808959961e-01,9.999773502349853516e-01,-9.999716877937316895e-01,9.999493360519409180e-01,9.999291300773620605e-01,-9.997473359107971191e-01,9.981789588928222656e-01,-9.999579191207885742e-01,9.996601343154907227e-01,9.999630451202392578e-01,-9.997959733009338379e-01,-9.999518394470214844e-01,9.988702535629272461e-01,9.999549388885498047e-01,-9.999753236770629883e-01,-9.982676506042480469e-01,-9.999685883522033691e-01,-9.996935129165649414e-01,9.998720288276672363e-01,9.999727010726928711e-01,-9.996916651725769043e-01,9.999625682830810547e-01,-9.999678730964660645e-01,9.999672770500183105e-01,-9.993895888328552246e-01,-9.999670386314392090e-01,9.999712109565734863e-01,-9.999501109123229980e-01,9.967889189720153809e-01,9.999777674674987793e-01,-9.999751448631286621e-01,9.998593330383300781e-01,-9.999522566795349121e-01,9.999726414680480957e-01,-9.997832775115966797e-01,-9.995517730712890625e-01,9.999687075614929199e-01,9.998768568038940430e-01,9.997496604919433594e-01,-9.999464154243469238e-01,-9.998897314071655273e-01,9.999687671661376953e-01,-9.999467134475708008e-01,9.999707341194152832e-01,-9.999591112136840820e-01,-9.998541474342346191e-01,9.999802708625793457e-01,-9.999684691429138184e-01,9.999675750732421875e-01,-9.999743700027465820e-01,-9.996783137321472168e-01,-9.999566078186035156e-01,-9.999759793281555176e-01,9.999166727066040039e-01,9.999724030494689941e-01,-9.999514222145080566e-01,9.996447563171386719e-01,-9.999068975448608398e-01,-9.994068145751953125e-01,-9.999577403068542480e-01
9.999989867210388184e-01,-9.999988079071044922e-01,-9.999920725822448730e-01,9.999990463256835938e-01,9.999993443489074707e-01,-9.999992847442626953e-01,9.999796152114868164e-01,9.999995231628417969e-01,-9.999982118606567383e-01,9.999977350234985352e-01,-9.999966621398925781e-01,-9.999993443489074707e-01,9.999989271163940430e-01,9.999984502792358398e-01,9.999665617942810059e-01,9.999987483024597168e-01,9.999987483024597168e-01,-9.999988675117492676e-01,9.999494552612304688e-01,-9.999995231628417969e-01,-9.999994635581970215e-01,9.999917149543762207e-01,9.999983310699462891e-01,9.999991059303283691e-01,9.999892115592956543e-01,9.999995231628417969e-01,-9.999991059303283691e-01,-9.999994635581970215e-01,9.999882578849792480e-01,-9.999971389770507812e-01,-9.999985098838806152e-01,-9.999992251396179199e-01,9.999979734420776367e-01,9.999988079071044922e-01,-9.999982714653015137e-01,-9.999970197677612305e-01,9.999994039535522461e-01,9.999993443489074707e-01,9.999960660934448242e-01,-9.999993443489074707e-01,9.999992251396179199e-01,-9.999985098838806152e-01,9.999675750732421875e-01,9.999992251396179199e-01,9.999979138374328613e-01,9.999985098838806152e-01,9.999973773956298828e-01,9.999982118606567383e-01,9.999992251396179199e-01,-9.999992847442626953e-01,-9.999993443489074707e-01,-9.999982118606567383e-01,-9.999991655349731445e-01,-9.999937415122985840e-01,-9.999975562095642090e-01,-9.999985098838806152e-01,-9.999988675117492676e-01,9.999872446060180664e-01,9.999985098838806152e-01,9.999985098838806152e-01,-9.999967217445373535e-01,9.999994635581970215e-01,9.999991655349731445e-01,9.999973177909851074e-01,-9.999965429306030273e-01,-9.999992847442626953e-01,-9.999994635581970215e-01,-9.999957680702209473e-01,-9.999988675117492676e-01,9.999992847442626953e-01,-9.999992251396179199e-01,9.999985098838806152e-01,9.999978542327880859e-01,-9.999926686286926270e-01,9.999461174011230469e-01,-9.999988079071044922e-01,9.999899864196777344e-01,9.999988675117492676e-01,-9.999940991401672363e-01,-9.999985694885253906e-01,9.999666213989257812e-01,9.999986290931701660e-01,-9.999994039535522461e-01,-9.999488592147827148e-01,-9.999991059303283691e-01,-9.999909400939941406e-01,9.999961853027343750e-01,9.999993443489074707e-01,-9.999909996986389160e-01,9.999988675117492676e-01,-9.999991059303283691e-01,9.999991655349731445e-01,-9.999819993972778320e-01,-9.999990463256835938e-01,9.999991655349731445e-01,-9.999985694885253906e-01,9.999048709869384766e-01,9.999994635581970215e-01,-9.999994039535522461e-01,9.999958276748657227e-01,-9.999986290931701660e-01,9.999992251396179199e-01,-9.999936223030090332e-01,-9.999868869781494141e-01,9.999992251396179199e-01,9.999963045120239258e-01,9.999926090240478516e-01,-9.999985098838806152e-01,-9.999967813491821289e-01,9.999991059303283691e-01,-9.999983906745910645e-01,9.999992847442626953e-01,-9.999987483024597168e-01,-9.999957680702209473e-01,9.999994635581970215e-01,-9.999991059303283691e-01,9.999992251396179199e-01,-9.999993443489074707e-01,-9.999905824661254883e-01,-9.999986886978149414e-01,-9.999994039535522461e-01,9.999974966049194336e-01,9.999992251396179199e-01,-9.999986290931701660e-01,9.999896287918090820e-01,-9.999971985816955566e-01,-9.999825358390808105e-01,-9.999987483024597168e-01
-9.999966025352478027e-01,9.999963641166687012e-01,9.999752044677734375e-01,-9.999967813491821289e-01,-9.999978542327880859e-01,9.999972581863403320e-01,-9.999358654022216797e-01,-9.999982118606567383e-01,9.999940991401672363e-01,-9.999929666519165039e-01,9.999896883964538574e-01,9.999978542327880859e-01,-9.999966621398925781e-01,-9.999953508377075195e-01,-9.998953342437744141e-01,-9.999961256980895996e-01,-9.999960064888000488e-01,9.999961256980895996e-01,-9.998419284820556641e-01,9.999982118606567383e-01,9.999979734420776367e-01,-9.999739527702331543e-01,-9.999948740005493164e-01,-9.999970793724060059e-01,-9.999660253524780273e-01,-9.999982714653015137e-01,9.999970197677612305e-01,9.999980330467224121e-01,-9.999632835388183594e-01,9.999911189079284668e-01,9.999954104423522949e-01,9.999974966049194336e-01,-9.999936819076538086e-01,-9.999961256980895996e-01,9.999947547912597656e-01,9.999905824661254883e-01,-9.999980330467224121e-01,-9.999976158142089844e-01,-9.999876022338867188e-01,9.999977350234985352e-01,-9.999971389770507812e-01,9.999953508377075195e-01,-9.998983740806579590e-01,-9.999974370002746582e-01,-9.999935030937194824e-01,-9.999954700469970703e-01,-9.999915957450866699e-01,-9.999943971633911133e-01,-9.999975562095642090e-01,9.999972581863403320e-01,9.999975562095642090e-01,9.999945163726806641e-01,9.999971985816955566e-01,9.999804496765136719e-01,9.999924302101135254e-01,9.999955296516418457e-01,9.999961853027343750e-01,-9.999600648880004883e-01,-9.999952316284179688e-01,-9.999954700469970703e-01,9.999898076057434082e-01,-9.999978542327880859e-01,-9.999969005584716797e-01,-9.999914765357971191e-01,9.999893903732299805e-01,9.999976754188537598e-01,9.999979734420776367e-01,9.999866485595703125e-01,9.999963641166687012e-01,-9.999978542327880859e-01,9.999973177909851074e-01,-9.999952912330627441e-01,-9.999934434890747070e-01,9.999766945838928223e-01,-9.998315572738647461e-01,9.999960660934448242e-01,-9.999686479568481445e-01,-9.999965429306030273e-01,9.999812245368957520e-01,9.999955892562866211e-01,-9.998954534530639648e-01,-9.999958276748657227e-01,9.999976754188537598e-01,9.998397827148437500e-01,9.999970793724060059e-01,9.999718070030212402e-01,-9.999881982803344727e-01,-9.999974370002746582e-01,9.999715685844421387e-01,-9.999964833259582520e-01,9.999969601631164551e-01,-9.999969601631164551e-01,9.999435544013977051e-01,9.999969005584716797e-01,-9.999973773956298828e-01,9.999954104423522949e-01,-9.997023940086364746e-01,-9.999979138374328613e-01,9.999977946281433105e-01,-9.999870061874389648e-01,9.999957084655761719e-01,-9.999973773956298828e-01,9.999800920486450195e-01,9.999585747718811035e-01,-9.999970793724060059e-01,-9.999886155128479004e-01,-9.999768733978271484e-01,9.999951124191284180e-01,9.999898076057434082e-01,-9.999971389770507812e-01,9.999950528144836426e-01,-9.999973177909851074e-01,9.999963045120239258e-01,9.999865293502807617e-01,-9.999981522560119629e-01,9.999971389770507812e-01,-9.999970793724060059e-01,9.999976158142089844e-01,9.999704360961914062e-01,9.999960064888000488e-01,9.999977350234985352e-01,-9.999921917915344238e-01,-9.999974370002746582e-01,9.999955892562866211e-01,-9.999671578407287598e-01,9.999914765357971191e-01,9.999450445175170898e-01,9.999960660934448242e-01
9.999959468841552734e-01,-9.999956488609313965e-01,-9.999704360961914062e-01,9.999960660934448242e-01,9.999974370002746582e-01,-9.999966621398925781e-01,9.999237060546875000e-01,9.999977350234985352e-01,-9.999929666519165039e-01,9.999915957450866699e-01,-9.999876618385314941e-01,-9.999973773956298828e-01,9.999960064888000488e-01,9.999943971633911133e-01,9.998756051063537598e-01,9.999953508377075195e-01,9.999951720237731934e-01,-9.999954104423522949e-01,9.998121261596679688e-01,-9.999978542327880859e-01,-9.999975562095642090e-01,9.999691843986511230e-01,9.999939203262329102e-01,9.999965429306030273e-01,9.999595284461975098e-01,9.999977946281433105e-01,-9.999964237213134766e-01,-9.999976158142089844e-01,9.999563097953796387e-01,-9.999893307685852051e-01,-9.999944567680358887e-01,-9.999970197677612305e-01,9.999923706054687500e-01,9.999954700469970703e-01,-9.999936819076538086e-01,-9.999887347221374512e-01,9.999976754188537598e-01,9.999970793724060059e-01,9.999852180480957031e-01,-9.999972581863403320e-01,9.999964833259582520e-01,-9.999944567680358887e-01,9.998790621757507324e-01,9.999968409538269043e-01,9.999922513961791992e-01,9.999945163726806641e-01,9.999899268150329590e-01,9.999932646751403809e-01,9.999970197677612305e-01,-9.999967813491821289e-01,-9.999970793724060059e-01,-9.999935030937194824e-01,-9.999966621398925781e-01,-9.999766945838928223e-01,-9.999909400939941406e-01,-9.999946355819702148e-01,-9.999954700469970703e-01,9.999525547027587891e-01,9.999943375587463379e-01,9.999944567680358887e-01,-9.999879002571105957e-01,9.999974966049194336e-01,9.999963045120239258e-01,9.999898672103881836e-01,-9.999874234199523926e-01,-9.999972581863403320e-01,-9.999974966049194336e-01,-9.999841451644897461e-01,-9.999957084655761719e-01,9.999973773956298828e-01,-9.999968409538269043e-01,9.999942779541015625e-01,9.999921321868896484e-01,-9.999721646308898926e-01,9.997997283935546875e-01,-9.999953508377075195e-01,9.999626278877258301e-01,9.999959468841552734e-01,-9.999775886535644531e-01,-9.999946355819702148e-01,9.998757839202880859e-01,9.999950528144836426e-01,-9.999971389770507812e-01,-9.998095035552978516e-01,-9.999964237213134766e-01,-9.999662637710571289e-01,9.999859929084777832e-01,9.999969601631164551e-01,-9.999660849571228027e-01,9.999958276748657227e-01,-9.999965429306030273e-01,9.999962449073791504e-01,-9.999328255653381348e-01,-9.999963045120239258e-01,9.999967813491821289e-01,-9.999944567680358887e-01,9.996462464332580566e-01,9.999974370002746582e-01,-9.999973177909851074e-01,9.999845623970031738e-01,-9.999948740005493164e-01,9.999968409538269043e-01,-9.999762177467346191e-01,-9.999507665634155273e-01,9.999965429306030273e-01,9.999864697456359863e-01,9.999725222587585449e-01,-9.999940395355224609e-01,-9.999879002571105957e-01,9.999965429306030273e-01,-9.999941587448120117e-01,9.999967217445373535e-01,-9.999955296516418457e-01,-9.999840259552001953e-01,9.999977350234985352e-01,-9.999964833259582520e-01,9.999963641166687012e-01,-9.999971389770507812e-01,-9.999646544456481934e-01,-9.999952316284179688e-01,-9.999972581863403320e-01,9.999908208847045898e-01,9.999969005584716797e-01,-9.999946951866149902e-01,9.999608993530273438e-01,-9.999896883964538574e-01,-9.999347329139709473e-01,-9.999952912330627441e-01
-9.999941587448120117e-01,9.999936223030090332e-01,9.999566674232482910e-01,-9.999945163726806641e-01,-9.999961256980895996e-01,9.999951720237731934e-01,-9.998883008956909180e-01,-9.999966621398925781e-01,9.999896883964538574e-01,-9.999876618385314941e-01,9.999819993972778320e-01,9.999962449073791504e-01,-9.999941587448120117e-01,-9.999917149543762207e-01,-9.998178482055664062e-01,-9.999932050704956055e-01,-9.999927878379821777e-01,9.999933242797851562e-01,-9.997247457504272461e-01,9.999968409538269043e-01,9.999963045120239258e-01,-9.999547004699707031e-01,-9.999910593032836914e-01,-9.999949932098388672e-01,-9.999407529830932617e-01,-9.999967813491821289e-01,9.999948143959045410e-01,9.999964237213134766e-01,-9.999359846115112305e-01,9.999843835830688477e-01,9.999920129776000977e-01,9.999956488609313965e-01,-9.999890327453613281e-01,-9.999933838844299316e-01,9.999907016754150391e-01,9.999836087226867676e-01,-9.999964833259582520e-01,-9.999957680702209473e-01,-9.999783635139465332e-01,9.999959468841552734e-01,-9.999949336051940918e-01,9.999918341636657715e-01,-9.998229742050170898e-01,-9.999954700469970703e-01,-9.999886751174926758e-01,-9.999919533729553223e-01,-9.999852776527404785e-01,-9.999902248382568359e-01,-9.999958276748657227e-01,9.999953508377075195e-01,9.999957680702209473e-01,9.999904036521911621e-01,9.999951720237731934e-01,9.999658465385437012e-01,9.999867677688598633e-01,9.999921321868896484e-01,9.999933242797851562e-01,-9.999303817749023438e-01,-9.999917745590209961e-01,-9.999919533729553223e-01,9.999821782112121582e-01,-9.999961853027343750e-01,-9.999946355819702148e-01,-9.999852180480957031e-01,9.999814629554748535e-01,9.999960064888000488e-01,9.999964237213134766e-01,9.999767541885375977e-01,9.999936819076538086e-01,-9.999961853027343750e-01,9.999954700469970703e-01,-9.999918341636657715e-01,-9.999886155128479004e-01,9.999592900276184082e-01,-9.997064471244812012e-01,9.999932050704956055e-01,-9.999452829360961914e-01,-9.999939799308776855e-01,9.999671578407287598e-01,9.999921917915344238e-01,-9.998180866241455078e-01,-9.999926686286926270e-01,9.999959468841552734e-01,9.997207522392272949e-01,9.999949336051940918e-01,9.999505877494812012e-01,-9.999793767929077148e-01,-9.999955892562866211e-01,9.999502301216125488e-01,-9.999939203262329102e-01,9.999948143959045410e-01,-9.999947547912597656e-01,9.999015927314758301e-01,9.999946951866149902e-01,-9.999953508377075195e-01,9.999918937683105469e-01,-9.994819164276123047e-01,-9.999962449073791504e-01,9.999960064888000488e-01,-9.999774098396301270e-01,9.999924302101135254e-01,-9.999955296516418457e-01,9.999650120735168457e-01,9.999278187751770020e-01,-9.999949932098388672e-01,-9.999802112579345703e-01,-9.999595880508422852e-01,9.999913573265075684e-01,9.999822974205017090e-01,-9.999948740005493164e-01,9.999913573265075684e-01,-9.999952912330627441e-01,9.999934434890747070e-01,9.999765753746032715e-01,-9.999967813491821289e-01,9.999949336051940918e-01,-9.999948143959045410e-01,9.999958872795104980e-01,9.999482035636901855e-01,9.999930262565612793e-01,9.999960660934448242e-01,-9.999865293502807617e-01,-9.999954700469970703e-01,9.999921917915344238e-01,-9.999427795410156250e-01,9.999850392341613770e-01,9.999043941497802734e-01,9.999930858612060547e-01
-9.999988079071044922e-01,9.999986886978149414e-01,9.999911189079284668e-01,-9.999988675117492676e-01,-9.999992847442626953e-01,9.999990463256835938e-01,-9.999771118164062500e-01,-9.999993443489074707e-01,9.999978542327880859e-01,-9.999973773956298828e-01,9.999962449073791504e-01,9.999992847442626953e-01,-9.999988079071044922e-01,-9.999982714653015137e-01,-9.999625682830810547e-01,-9.999985098838806152e-01,-9.999985098838806152e-01,9.999986290931701660e-01,-9.999433159828186035e-01,9.999994039535522461e-01,9.999992847442626953e-01,-9.999907016754150391e-01,-9.999981522560119629e-01,-9.999989867210388184e-01,-9.999878406524658203e-01,-9.999994039535522461e-01,9.999989271163940430e-01,9.999994039535522461e-01,-9.999870061874389648e-01,9.999966621398925781e-01,9.999983310699462891e-01,9.999991655349731445e-01,-9.999977350234985352e-01,-9.999986290931701660e-01,9.999980926513671875e-01,9.999966025352478027e-01,-9.999993443489074707e-01,-9.999991655349731445e-01,-9.999955892562866211e-01,9.999991655349731445e-01,-9.999989867210388184e-01,9.999983310699462891e-01,-9.999636411666870117e-01,-9.999991059303283691e-01,-9.999976158142089844e-01,-9.999983310699462891e-01,-9.999969601631164551e-01,-9.999979734420776367e-01,-9.999992251396179199e-01,9.999991059303283691e-01,9.999991655349731445e-01,9.999980330467224121e-01,9.999990463256835938e-01,9.999929070472717285e-01,9.999971389770507812e-01,9.999983310699462891e-01,9.999986290931701660e-01,-9.999857544898986816e-01,-9.999982118606567383e-01,-9.999983310699462891e-01,9.999964237213134766e-01,-9.999992847442626953e-01,-9.999988675117492676e-01,-9.999969005584716797e-01,9.999962449073791504e-01,9.999993443489074707e-01,9.999992847442626953e-01,9.999952912330627441e-01,9.999986886978149414e-01,-9.999992251396179199e-01,9.999991059303283691e-01,-9.999982118606567383e-01,-9.999976158142089844e-01,9.999916553497314453e-01,-9.999396800994873047e-01,9.999986886978149414e-01,-9.999887943267822266e-01,-9.999987483024597168e-01,9.999933838844299316e-01,9.999983906745910645e-01,-9.999626278877258301e-01,-9.999985098838806152e-01,9.999993443489074707e-01,9.999426603317260742e-01,9.999989271163940430e-01,9.999898672103881836e-01,-9.999958276748657227e-01,-9.999991059303283691e-01,9.999899268150329590e-01,-9.999987483024597168e-01,9.999989867210388184e-01,-9.999988675117492676e-01,9.999798536300659180e-01,9.999988675117492676e-01,-9.999991059303283691e-01,9.999983310699462891e-01,-9.998936057090759277e-01,-9.999992847442626953e-01,9.999992251396179199e-01,-9.999952912330627441e-01,9.999983906745910645e-01,-9.999991655349731445e-01,9.999928474426269531e-01,9.999852180480957031e-01,-9.999989271163940430e-01,-9.999960064888000488e-01,-9.999917149543762207e-01,9.999982118606567383e-01,9.999963045120239258e-01,-9.999988675117492676e-01,9.999982118606567383e-01,-9.999990463256835938e-01,9.999986290931701660e-01,9.999951720237731934e-01,-9.999994039535522461e-01,9.999989867210388184e-01,-9.999989867210388184e-01,9.999991655349731445e-01,9.999894499778747559e-01,9.999985694885253906e-01,9.999992251396179199e-01,-9.999971985816955566e-01,-9.999991059303283691e-01,9.999984502792358398e-01,-9.999882578849792480e-01,9.999969005584716797e-01,9.999803900718688965e-01,9.999985694885253906e-01
