4.230057895183563232e-01,2.109358459711074829e-02,-4.762062802910804749e-02,-7.203912734985351562e-02,4.199747145175933838e-01,-4.217156171798706055e-01,1.124415197409689426e-03,4.888001680374145508e-01,1.427364349365234375e-01,7.535935193300247192e-02,-2.836892902851104736e-01,-2.868233323097229004e-01,-3.316324576735496521e-02,9.315121918916702271e-02,9.599245339632034302e-02,3.616621196269989014e-01,2.971054753288626671e-03,7.931318879127502441e-02,-6.872809678316116333e-02,-1.945246011018753052e-01,-2.401553839445114136e-01,-1.510761529207229614e-01,-8.034035563468933105e-02,1.121468171477317810e-01,5.139230936765670776e-02,3.669707179069519043e-01,-1.092696189880371094e-01,-4.627399146556854248e-01,2.154854089021682739e-01,-1.474557518959045410e-01,-1.764975488185882568e-01,-2.244904488325119019e-01,-4.518390074372291565e-02,1.958739608526229858e-01,-2.094739861786365509e-02,-2.087544947862625122e-01,2.171360254287719727e-01,1.868935823440551758e-01,-3.904317617416381836e-01,-3.541658222675323486e-01,2.982185482978820801e-01,9.964280575513839722e-02,2.739046001806855202e-03,6.059966236352920532e-02,-3.200044855475425720e-02,1.495227068662643433e-01,-1.516932994127273560e-01,-5.109598115086555481e-02,1.122191026806831360e-01,-9.640669077634811401e-02,-2.522048056125640869e-01,-2.934833168983459473e-01,2.773956358432769775e-01,-2.160525880753993988e-02,-2.284969948232173920e-02,-2.467010468244552612e-01,2.268309295177459717e-01,9.706405922770500183e-03,-1.014291215687990189e-02,1.279920190572738647e-01,-1.112996712327003479e-01,1.629125177860260010e-01,-2.766291610896587372e-03,3.337068855762481689e-01,1.375920474529266357e-01,-7.882472127676010132e-02,-3.169279694557189941e-01,2.844153344631195068e-01,-1.908652633428573608e-01,4.266005754470825195e-01,-3.602956533432006836e-01,2.030812948942184448e-01,-9.959404170513153076e-02,8.157949149608612061e-02,-2.835859656333923340e-01,-2.776063680648803711e-01,4.249146732036024332e-04,1.405986845493316650e-01,6.713903695344924927e-02,-1.735076606273651123e-01,2.264923602342605591e-01,9.355886140838265419e-05,-2.887804806232452393e-01,-3.548713168129324913e-03,-4.128820598125457764e-01,-5.901037249714136124e-03,3.763875663280487061e-01,4.290941171348094940e-03,2.774211205542087555e-02,2.374288737773895264e-01,-1.381192952394485474e-01,2.696364223957061768e-01,-1.259267609566450119e-02,-6.969125568866729736e-02,-2.026632577180862427e-01,-3.820368647575378418e-01,6.316605210304260254e-02,-4.207259280519792810e-06,-2.543328404426574707e-01,2.626790702342987061e-01,-3.931733667850494385e-01,4.594841897487640381e-01,-1.682052910327911377e-01,-2.807574570178985596e-01,7.028410583734512329e-02,7.627587020397186279e-02,7.118486613035202026e-02,-1.779212732799351215e-03,-4.697286188602447510e-01,1.344559621065855026e-02,1.342512108385562897e-02,8.041038364171981812e-02,-9.975736588239669800e-02,-5.324465408921241760e-02,1.968475133180618286e-01,-2.101353555917739868e-01,3.935948908329010010e-01,-7.897361367940902710e-02,-2.748546898365020752e-01,-3.438065573573112488e-02,-4.240076243877410889e-02,1.420720666646957397e-01,1.312241405248641968e-01,2.471894621849060059e-01,-1.563775241374969482e-01,4.965251684188842773e-02,4.142264835536479950e-03,2.414136081933975220e-01
2.109358459711074829e-02,1.052199210971593857e-02,-8.722527325153350830e-02,6.472542881965637207e-02,6.312734633684158325e-02,-2.081397734582424164e-02,-1.471883989870548248e-02,3.538290411233901978e-02,6.822915375232696533e-02,6.696198135614395142e-02,-2.060492336750030518e-02,-4.470922052860260010e-02,7.377382367849349976e-02,7.326490432024002075e-02,8.152779936790466309e-02,9.057038277387619019e-02,-2.084915293380618095e-03,7.985619455575942993e-02,-8.342103660106658936e-02,-6.190682947635650635e-02,-5.697773396968841553e-02,5.274456366896629333e-02,6.062174215912818909e-02,-2.402607537806034088e-02,1.504139043390750885e-02,7.950523495674133301e-02,-7.746459543704986572e-02,-5.895876884460449219e-02,8.243593573570251465e-02,-4.000717028975486755e-02,1.637996919453144073e-02,-9.406015276908874512e-02,6.192653626203536987e-02,6.911613047122955322e-02,-2.732834545895457268e-03,-9.302469342947006226e-02,6.794679909944534302e-02,8.375100791454315186e-02,-7.748631387948989868e-02,-7.202322781085968018e-02,8.026983588933944702e-02,1.342030148953199387e-02,8.450131863355636597e-02,3.984190896153450012e-02,-1.005046628415584564e-02,-7.253561168909072876e-02,-8.161626756191253662e-02,-2.739923447370529175e-02,-1.309505756944417953e-02,5.290972534567117691e-03,-8.745900122448801994e-04,-1.234557479619979858e-02,6.113763153553009033e-02,9.324771352112293243e-03,-1.551972795277833939e-02,-9.489814192056655884e-02,4.328647628426551819e-02,3.518017707392573357e-03,-7.860928028821945190e-02,-5.986375361680984497e-02,-6.333687342703342438e-03,-2.004733309149742126e-02,2.138371579349040985e-03,5.567799508571624756e-02,1.128636486828327179e-02,-3.133421018719673157e-02,3.057452291250228882e-02,9.285115450620651245e-02,-8.453666418790817261e-02,5.077372118830680847e-02,-7.837695628404617310e-02,-3.058959357440471649e-02,-2.867728099226951599e-02,7.865415513515472412e-02,-4.838403314352035522e-02,-9.201893210411071777e-02,-2.539912820793688297e-04,8.990659564733505249e-02,-2.240556851029396057e-02,-7.830949872732162476e-02,8.724722266197204590e-02,5.956747554591856897e-05,-7.698240131139755249e-02,-4.455711750779300928e-04,-8.912787586450576782e-02,-8.034685999155044556e-02,4.805362224578857422e-02,8.446543361060321331e-04,7.440949231386184692e-02,6.235891580581665039e-02,-2.011573873460292816e-02,-3.290206938982009888e-02,-7.505674660205841064e-02,4.489872232079505920e-02,-7.936958968639373779e-02,-8.049804717302322388e-03,6.860079616308212280e-02,-2.142222115253389347e-07,-7.216478884220123291e-02,7.384581118822097778e-02,-3.711928054690361023e-02,4.312932863831520081e-02,-8.548346906900405884e-02,-8.166195452213287354e-02,9.451568126678466797e-02,1.217613928020000458e-02,-7.753695547580718994e-02,-8.745816349983215332e-02,-2.760821022093296051e-02,-8.548097684979438782e-04,6.364524364471435547e-02,-6.891916692256927490e-02,-8.068656921386718750e-02,-1.165746804326772690e-02,8.803709596395492554e-02,-7.935985177755355835e-02,5.469627305865287781e-02,4.042376577854156494e-02,-8.921388536691665649e-02,5.670544505119323730e-02,7.849177718162536621e-02,7.458587735891342163e-02,7.338085770606994629e-02,-5.255634337663650513e-02,-4.644275084137916565e-02,-5.838126316666603088e-02,-1.102703716605901718e-02,7.095959037542343140e-02
-4.762062802910804749e-02,-8.722527325153350830e-02,8.135645985603332520e-01,-7.087798118591308594e-01,-4.787864685058593750e-01,3.517939522862434387e-02,1.227517947554588318e-01,-1.948971599340438843e-01,-6.031535267829895020e-01,-6.617742776870727539e-01,1.792077571153640747e-01,4.075670540332794189e-01,-6.406611204147338867e-01,-7.289627194404602051e-01,-7.799536585807800293e-01,-7.033808827400207520e-01,2.022529020905494690e-02,-7.042835950851440430e-01,7.773653864860534668e-01,6.286700963973999023e-01,5.004625320434570312e-01,-6.264014840126037598e-01,-6.679522395133972168e-01,2.690650224685668945e-01,-1.524407118558883667e-01,-5.901799201965332031e-01,7.351334095001220703e-01,3.746432960033416748e-01,-7.254086732864379883e-01,3.480313420295715332e-01,-1.903896182775497437e-01,8.020383119583129883e-01,-6.158336997032165527e-01,-7.021331191062927246e-01,2.365190535783767700e-02,7.668800354003906250e-01,-6.202636361122131348e-01,-7.615499496459960938e-01,5.583425164222717285e-01,6.312330365180969238e-01,-6.690122485160827637e-01,-1.372212916612625122e-01,-7.819408774375915527e-01,-4.052038490772247314e-01,7.483216375112533569e-02,7.383948564529418945e-01,7.722533345222473145e-01,2.483300119638442993e-01,1.280640810728073120e-01,3.850004076957702637e-02,-2.521253563463687897e-02,7.825026661157608032e-02,-5.556406378746032715e-01,-9.563564509153366089e-02,1.229124441742897034e-01,8.033605813980102539e-01,-4.701690971851348877e-01,-3.590434789657592773e-02,7.312139868736267090e-01,6.563467979431152344e-01,3.999539092183113098e-02,1.934092044830322266e-01,-2.389881573617458344e-02,-4.416925907135009766e-01,-6.133373826742172241e-02,3.093565404415130615e-01,-3.045077025890350342e-01,-7.543668746948242188e-01,7.536482810974121094e-01,-3.459955453872680664e-01,6.548004746437072754e-01,3.507245481014251709e-01,3.256801366806030273e-01,-7.651213407516479492e-01,3.659136593341827393e-01,7.560179829597473145e-01,2.288231160491704941e-03,-8.185352683067321777e-01,2.816108763217926025e-01,7.318953871726989746e-01,-7.800387740135192871e-01,-6.635438185185194016e-04,6.882209777832031250e-01,4.031626041978597641e-03,6.824254393577575684e-01,7.881913185119628906e-01,-3.555976748466491699e-01,-7.036093156784772873e-03,-6.926512122154235840e-01,-6.096231341361999512e-01,1.779040247201919556e-01,3.732317984104156494e-01,7.257849574089050293e-01,-5.363668203353881836e-01,7.163405418395996094e-01,-4.563187807798385620e-02,-6.232769489288330078e-01,-1.386348117193847429e-06,6.265138983726501465e-01,-5.950336456298828125e-01,3.392041921615600586e-01,-2.518819570541381836e-01,7.757380604743957520e-01,7.053666710853576660e-01,-8.397434353828430176e-01,-2.224331796169281006e-01,7.270698547363281250e-01,7.789006233215332031e-01,9.610188007354736328e-02,1.408006809651851654e-02,-6.471489667892456055e-01,7.338923811912536621e-01,7.654181122779846191e-01,-7.411509007215499878e-02,-7.881708145141601562e-01,7.116139531135559082e-01,-3.793628513813018799e-01,-4.525892734527587891e-01,7.653946876525878906e-01,-6.225537061691284180e-01,-7.344315052032470703e-01,-6.987952589988708496e-01,-7.017477154731750488e-01,5.572899580001831055e-01,5.477839112281799316e-01,6.435595154762268066e-01,9.066580981016159058e-02,-6.495048999786376953e-01
-7.203912734985351562e-02,6.472542881965637207e-02,-7.087798118591308594e-01,7.510885000228881836e-01,2.653204500675201416e-01,1.023869886994361877e-01,-7.254914194345474243e-02,-3.325077891349792480e-02,5.521776676177978516e-01,5.243339538574218750e-01,-2.454792857170104980e-01,-2.408626228570938110e-01,4.380452632904052734e-01,6.473833918571472168e-01,6.805525422096252441e-01,4.654332101345062256e-01,-1.482081599533557892e-02,5.540953278541564941e-01,-7.049608826637268066e-01,-5.475158691406250000e-01,-5.161305069923400879e-01,6.073195934295654297e-01,5.878849625587463379e-01,-1.900313645601272583e-01,1.317344307899475098e-01,3.264085352420806885e-01,-5.793128013610839844e-01,-8.951029926538467407e-02,4.987969100475311279e-01,-1.533317118883132935e-01,1.291596889495849609e-01,-7.000605463981628418e-01,6.861791610717773438e-01,6.049826145172119141e-01,-3.208342823199927807e-04,-5.454682111740112305e-01,4.272741079330444336e-01,6.337497830390930176e-01,-2.574605941772460938e-01,-5.455844402313232422e-01,5.903832912445068359e-01,2.016941905021667480e-01,6.479278802871704102e-01,3.039623200893402100e-01,-2.164243012666702271e-01,-6.271244883537292480e-01,-7.030212283134460449e-01,-1.965069770812988281e-01,-1.184451859444379807e-02,3.092423081398010254e-02,6.255917996168136597e-02,1.550167649984359741e-01,5.446035861968994141e-01,4.837557300925254822e-02,4.665321111679077148e-02,-6.156570911407470703e-01,4.465888142585754395e-01,2.705170772969722748e-02,-6.467683315277099609e-01,-7.337491512298583984e-01,-7.352764904499053955e-02,-9.895440936088562012e-02,2.699382603168487549e-02,2.881544530391693115e-01,1.001673638820648193e-01,-2.525332868099212646e-01,2.425518929958343506e-01,5.406088829040527344e-01,-5.978436470031738281e-01,8.037582039833068848e-02,-4.641221165657043457e-01,-1.471433043479919434e-01,-3.774345219135284424e-01,6.725859045982360840e-01,-3.548261523246765137e-01,-5.932376384735107422e-01,-9.227864793501794338e-04,6.636933088302612305e-01,-4.411909878253936768e-01,-6.209652423858642578e-01,6.998940110206604004e-01,5.509397597052156925e-04,-5.140210390090942383e-01,2.119450829923152924e-03,-5.062320232391357422e-01,-6.916220188140869141e-01,9.373518824577331543e-02,2.199206035584211349e-03,5.449550747871398926e-01,4.749243259429931641e-01,-2.235356867313385010e-01,-5.172338485717773438e-01,-7.157413959503173828e-01,5.917295217514038086e-01,-6.353183984756469727e-01,1.922947913408279419e-01,4.672283530235290527e-01,4.257533419149694964e-07,-4.022992849349975586e-01,4.199861288070678711e-01,-1.700966954231262207e-01,-2.226147800683975220e-02,-7.136534452438354492e-01,-5.184414386749267578e-01,7.727268338203430176e-01,4.083528518676757812e-01,-7.908841371536254883e-01,-6.330557465553283691e-01,1.108588129281997681e-01,-2.650639228522777557e-02,6.547666788101196289e-01,-7.421886920928955078e-01,-7.122603058815002441e-01,2.626696228981018066e-01,6.393077969551086426e-01,-5.941529273986816406e-01,9.594720602035522461e-02,3.680326938629150391e-01,-6.080757975578308105e-01,6.416196823120117188e-01,6.017845869064331055e-01,6.921596527099609375e-01,6.519537568092346191e-01,-5.624523758888244629e-01,-4.985075891017913818e-01,-6.436400413513183594e-01,-5.889698490500450134e-02,4.924189746379852295e-01
4.199747145175933838e-01,6.312734633684158325e-02,-4.787864685058593750e-01,2.653204500675201416e-01,6.937084197998046875e-01,-4.341275990009307861e-01,-7.705514132976531982e-02,6.424863934516906738e-01,3.812643289566040039e-01,4.084326624870300293e-01,-2.923091053962707520e-01,-5.314049124717712402e-01,3.675149679183959961e-01,4.506924152374267578e-01,4.973982274532318115e-01,7.594474554061889648e-01,-8.162040263414382935e-03,4.712181091308593750e-01,-4.582542479038238525e-01,-4.773880541324615479e-01,-3.825293779373168945e-01,1.690321564674377441e-01,2.670936882495880127e-01,-6.251094490289688110e-02,1.200907677412033081e-01,7.082858681678771973e-01,-5.054757595062255859e-01,-7.012408375740051270e-01,6.676587462425231934e-01,-3.631078302860260010e-01,-5.419817566871643066e-02,-6.095556020736694336e-01,1.901768743991851807e-01,5.525020956993103027e-01,-4.338037967681884766e-02,-6.456128954887390137e-01,5.620149374008178711e-01,5.817641615867614746e-01,-7.641261219978332520e-01,-6.308569312095642090e-01,5.925660133361816406e-01,1.037896648049354553e-01,4.354399442672729492e-01,2.841100692749023438e-01,4.976980760693550110e-02,-2.880978286266326904e-01,-5.368559360504150391e-01,-1.868253797292709351e-01,-3.515329957008361816e-02,-1.680674105882644653e-01,-2.402052730321884155e-01,-4.432914257049560547e-01,4.784526228904724121e-01,4.510198906064033508e-02,-1.759647578001022339e-01,-6.949954628944396973e-01,4.312280416488647461e-01,3.011803701519966125e-02,-3.728363215923309326e-01,-1.620972007513046265e-01,-8.544310182332992554e-02,-1.122300233691930771e-02,5.029001738876104355e-03,5.282381772994995117e-01,1.152261272072792053e-01,-2.320026904344558716e-01,-1.177352890372276306e-01,7.050510644912719727e-01,-5.813664197921752930e-01,6.589484810829162598e-01,-7.174407243728637695e-01,-1.227149739861488342e-01,-1.836690902709960938e-01,4.829062223434448242e-01,-3.817429840564727783e-01,-6.657775044441223145e-01,-1.303622033447027206e-03,6.030900478363037109e-01,1.633500307798385620e-02,-5.428535938262939453e-01,6.051185727119445801e-01,4.469830892048776150e-04,-6.564812660217285156e-01,-8.281038142740726471e-03,-7.549963593482971191e-01,-4.331589341163635254e-01,6.175541281700134277e-01,9.682321920990943909e-03,3.906116783618927002e-01,5.566572546958923340e-01,-1.744329333305358887e-01,1.642478108406066895e-01,-3.427229225635528564e-01,1.347150504589080811e-01,-5.420237183570861816e-01,-3.922332525253295898e-01,4.180994331836700439e-01,-2.205233158747432753e-06,-6.185431480407714844e-01,5.841643214225769043e-01,-5.967554450035095215e-01,6.416769027709960938e-01,-5.465567708015441895e-01,-6.695774197578430176e-01,4.899025559425354004e-01,8.962228894233703613e-02,-2.403547018766403198e-01,-4.538452327251434326e-01,-5.545254349708557129e-01,1.508449204266071320e-02,2.807652652263641357e-01,-2.670320272445678711e-01,-4.824291765689849854e-01,-1.008128598332405090e-01,6.336033344268798828e-01,-5.539286732673645020e-01,6.495528221130371094e-01,1.946930587291717529e-01,-6.789219975471496582e-01,2.287474721670150757e-01,3.779003620147705078e-01,4.335291087627410889e-01,4.391848146915435791e-01,-2.376440912485122681e-02,-4.205826520919799805e-01,-2.329310476779937744e-01,-4.770794138312339783e-02,5.772415995597839355e-01
-4.217156171798706055e-01,-2.081397734582424164e-02,3.517939522862434387e-02,1.023869886994361877e-01,-4.341275990009307861e-01,4.643610417842864990e-01,2.055193111300468445e-02,-5.106229186058044434e-01,-1.629890054464340210e-01,-7.555379718542098999e-02,2.505304813385009766e-01,3.211127221584320068e-01,2.619802206754684448e-02,-9.996736049652099609e-02,-9.200695902109146118e-02,-4.010315537452697754e-01,-3.608001163229346275e-03,-7.684402912855148315e-02,5.285200476646423340e-02,1.875485628843307495e-01,2.350606322288513184e-01,1.520436555147171021e-01,9.511463344097137451e-02,-1.043454408645629883e-01,-5.361220985651016235e-02,-4.163638055324554443e-01,1.250619292259216309e-01,4.966002404689788818e-01,-2.334002405405044556e-01,1.428199410438537598e-01,1.884491741657257080e-01,2.404450178146362305e-01,9.230709820985794067e-02,-1.931343227624893188e-01,2.509888075292110443e-02,2.405726313591003418e-01,-2.347714900970458984e-01,-1.922314316034317017e-01,4.350187778472900391e-01,3.397812843322753906e-01,-3.032328486442565918e-01,-7.548516243696212769e-02,4.569743759930133820e-03,-6.017653271555900574e-02,-1.690165954641997814e-03,-1.453198194503784180e-01,1.390586793422698975e-01,4.396999999880790710e-02,-1.092509105801582336e-01,1.370747536420822144e-01,2.788566350936889648e-01,3.227727711200714111e-01,-2.630818188190460205e-01,2.309052832424640656e-02,4.080972075462341309e-02,2.571681141853332520e-01,-2.327239066362380981e-01,-1.058904267847537994e-02,-8.811632171273231506e-03,-1.540003120899200439e-01,1.056242138147354126e-01,-1.676994562149047852e-01,4.317797720432281494e-03,-3.354721963405609131e-01,-1.289101839065551758e-01,8.245774358510971069e-02,3.246359527111053467e-01,-3.029482960700988770e-01,2.110089957714080811e-01,-4.581183195114135742e-01,3.703884184360504150e-01,-1.835035532712936401e-01,1.018933206796646118e-01,-9.566727280616760254e-02,2.567096948623657227e-01,2.699221372604370117e-01,-2.020229439949616790e-04,-1.498885303735733032e-01,-1.087634339928627014e-01,1.949608623981475830e-01,-2.212565392255783081e-01,-1.129502197727560997e-04,2.998883426189422607e-01,3.876774571835994720e-03,4.227468669414520264e-01,1.409326214343309402e-02,-3.950931131839752197e-01,-5.038594361394643784e-03,-4.658173024654388428e-02,-2.514403462409973145e-01,1.043454110622406006e-01,-3.124221861362457275e-01,-1.371096353977918625e-03,7.609742134809494019e-02,1.957355588674545288e-01,3.981493115425109863e-01,-2.777373231947422028e-02,3.082040393564966507e-06,2.787173390388488770e-01,-2.702754139900207520e-01,4.153656661510467529e-01,-5.042438507080078125e-01,1.774423271417617798e-01,2.995661795139312744e-01,-6.048254668712615967e-02,-7.186829578131437302e-03,-1.091081574559211731e-01,1.095980685204267502e-02,5.039215683937072754e-01,-1.435347739607095718e-02,-2.377570793032646179e-02,-1.101759150624275208e-01,9.520450979471206665e-02,6.964784860610961914e-02,-1.917806565761566162e-01,2.100251168012619019e-01,-4.388920068740844727e-01,9.164786338806152344e-02,2.727573513984680176e-01,5.253679677844047546e-02,5.693674460053443909e-02,-1.243523806333541870e-01,-1.213965043425559998e-01,-2.700523138046264648e-01,1.684275567531585693e-01,-6.291031092405319214e-02,-1.249815709888935089e-02,-2.378499954938888550e-01
1.124415197409689426e-03,-1.471883989870548248e-02,1.227517947554588318e-01,-7.254914194345474243e-02,-7.705514132976531982e-02,2.055193111300468445e-02,4.851501435041427612e-02,-3.923121839761734009e-02,-9.773606806993484497e-02,-9.705898165702819824e-02,-3.678272292017936707e-02,6.798746436834335327e-02,-1.453127562999725342e-01,-1.043607741594314575e-01,-1.139944419264793396e-01,-1.451793611049652100e-01,3.835926763713359833e-03,-1.252708882093429565e-01,1.067593321204185486e-01,6.396433711051940918e-02,3.922628611326217651e-02,-8.947438746690750122e-02,-9.391446411609649658e-02,6.258009374141693115e-02,-1.741500012576580048e-02,-1.363311409950256348e-01,1.231424137949943542e-01,9.324312210083007812e-02,-1.342185884714126587e-01,6.523277610540390015e-02,-4.496608674526214600e-02,1.271733343601226807e-01,-5.224213376641273499e-02,-8.239895105361938477e-02,6.789448671042919159e-03,1.594716757535934448e-01,-1.038503497838973999e-01,-1.138770356774330139e-01,1.387467235326766968e-01,5.934205278754234314e-02,-8.921030163764953613e-02,1.841234974563121796e-02,-1.345079690217971802e-01,-6.027935445308685303e-02,-3.306731209158897400e-02,1.387677043676376343e-01,9.735852479934692383e-02,3.807393833994865417e-02,5.506089702248573303e-02,1.076922286301851273e-02,-9.320002980530261993e-03,3.110771626234054565e-02,-4.112024605274200439e-02,-1.750241592526435852e-02,5.311258882284164429e-02,1.384843885898590088e-01,-3.684271499514579773e-02,-5.328437313437461853e-03,1.095984205603599548e-01,7.059193402528762817e-02,-1.840741746127605438e-02,6.466834247112274170e-02,-1.682177069596946239e-03,-5.863832309842109680e-02,1.234630029648542404e-02,4.207094013690948486e-02,-8.908965438604354858e-02,-1.390328556299209595e-01,1.276214569807052612e-01,-7.692159712314605713e-02,9.974572062492370605e-02,1.094749793410301208e-01,1.549978274852037430e-02,-1.195126622915267944e-01,2.186917327344417572e-02,1.166627928614616394e-01,7.449109689332544804e-04,-1.371127068996429443e-01,-6.351529154926538467e-03,1.115342974662780762e-01,-1.030511483550071716e-01,-8.973865624284371734e-05,1.025353148579597473e-01,1.007213490083813667e-03,1.074968352913856506e-01,1.268151998519897461e-01,-6.927341967821121216e-02,-1.779810525476932526e-03,-1.320170164108276367e-01,-8.103881776332855225e-02,-1.463281083852052689e-02,2.865380980074405670e-02,9.371798485517501831e-02,-5.156451091170310974e-02,9.188457578420639038e-02,-5.799793638288974762e-03,-9.831959009170532227e-02,-1.209053607453824952e-06,1.148294135928153992e-01,-1.026673391461372375e-01,3.813920542597770691e-02,-7.154332846403121948e-02,1.096341386437416077e-01,1.185773089528083801e-01,-1.252699643373489380e-01,6.090961396694183350e-02,8.493497222661972046e-02,1.550604254007339478e-01,3.311756253242492676e-02,-2.402364043518900871e-05,-8.973444253206253052e-02,8.237236738204956055e-02,1.087739020586013794e-01,6.114086136221885681e-02,-1.205332577228546143e-01,1.015675589442253113e-01,-9.561116993427276611e-02,-7.340166717767715454e-02,1.159207150340080261e-01,-6.614196300506591797e-02,-1.276245713233947754e-01,-7.482013851404190063e-02,-8.325825631618499756e-02,8.958518505096435547e-02,5.095813050866127014e-02,7.341419905424118042e-02,1.675007864832878113e-02,-8.979791402816772461e-02
4.888001680374145508e-01,3.538290411233901978e-02,-1.948971599340438843e-01,-3.325077891349792480e-02,6.424863934516906738e-01,-5.106229186058044434e-01,-3.923121839761734009e-02,7.552052736282348633e-01,1.226087734103202820e-01,1.881807148456573486e-01,-2.264503985643386841e-01,-4.940908253192901611e-01,1.792260855436325073e-01,1.957437992095947266e-01,2.331393510103225708e-01,6.030882000923156738e-01,-1.102136913686990738e-03,2.565331757068634033e-01,-1.665457785129547119e-01,-2.707939445972442627e-01,-1.535988003015518188e-01,-8.704631030559539795e-02,2.279430069029331207e-02,2.026303485035896301e-02,7.159756869077682495e-02,5.990678071975708008e-01,-2.742278277873992920e-01,-7.211290001869201660e-01,5.131855010986328125e-01,-3.148122429847717285e-01,-1.358447521924972534e-01,-3.217320442199707031e-01,-1.242810189723968506e-01,3.441451191902160645e-01,-5.087987706065177917e-02,-4.341947436332702637e-01,4.219100177288055420e-01,3.432019054889678955e-01,-7.183220982551574707e-01,-4.540001749992370605e-01,3.657987117767333984e-01,2.197117172181606293e-02,1.690090447664260864e-01,1.781544834375381470e-01,1.896538734436035156e-01,-1.903657801449298859e-02,-2.753889262676239014e-01,-1.237053722143173218e-01,-4.146502912044525146e-02,-2.372113764286041260e-01,-3.074010312557220459e-01,-5.976522564888000488e-01,2.688842713832855225e-01,2.288067527115345001e-02,-2.242055386304855347e-01,-4.747850298881530762e-01,2.959634959697723389e-01,2.221833169460296631e-02,-8.725572377443313599e-02,1.599401384592056274e-01,-5.718883499503135681e-02,2.752905525267124176e-02,-7.950618863105773926e-03,4.184215664863586426e-01,7.201242446899414062e-02,-1.393353641033172607e-01,-2.789903581142425537e-01,5.111979842185974121e-01,-3.529580533504486084e-01,6.881781220436096191e-01,-5.830318927764892578e-01,-7.933106273412704468e-02,-1.767343096435070038e-02,2.224015742540359497e-01,-2.348068803548812866e-01,-4.462670087814331055e-01,-9.024959872476756573e-04,3.584391176700592041e-01,2.091394215822219849e-01,-2.970800399780273438e-01,3.389183580875396729e-01,2.553429803811013699e-04,-4.909035265445709229e-01,-1.058772951364517212e-02,-5.836080908775329590e-01,-1.519533842802047729e-01,6.445747613906860352e-01,9.970977902412414551e-03,1.389949619770050049e-01,4.108542203903198242e-01,-9.585143625736236572e-02,4.596426784992218018e-01,-3.497960790991783142e-02,-1.356454491615295410e-01,-2.977955937385559082e-01,-5.390887856483459473e-01,2.462521195411682129e-01,-3.319103598187211901e-06,-4.940038323402404785e-01,4.398417472839355469e-01,-6.127045154571533203e-01,7.125634551048278809e-01,-2.675390541553497314e-01,-4.971929490566253662e-01,1.584955602884292603e-01,-4.256433248519897461e-02,1.293609291315078735e-01,-1.918087601661682129e-01,-6.698628067970275879e-01,3.257851302623748779e-02,-1.959994249045848846e-02,5.139674246311187744e-02,-2.059703469276428223e-01,-2.056548297405242920e-01,4.128894507884979248e-01,-3.203974664211273193e-01,6.669319272041320801e-01,6.478016078472137451e-02,-4.681702554225921631e-01,-5.396949872374534607e-02,1.295139193534851074e-01,1.474701017141342163e-01,1.679785400629043579e-01,2.609323859214782715e-01,-2.541989386081695557e-01,5.438546091318130493e-02,-1.963312737643718719e-02,4.144318103790283203e-01
1.427364349365234375e-01,6.822915375232696533e-02,-6.031535267829895020e-01,5.521776676177978516e-01,3.812643289566040039e-01,-1.629890054464340210e-01,-9.773606806993484497e-02,1.226087734103202820e-01,6.277905702590942383e-01,4.874431788921356201e-01,-2.835752665996551514e-01,-3.323657214641571045e-01,3.599598109722137451e-01,6.051860451698303223e-01,6.129943132400512695e-01,5.762038826942443848e-01,-1.082661747932434082e-02,4.697486460208892822e-01,-6.194649338722229004e-01,-5.533228516578674316e-01,-6.053067445755004883e-01,4.288105964660644531e-01,4.263672530651092529e-01,-1.115592867136001587e-01,1.377887874841690063e-01,4.914784729480743408e-01,-5.686369538307189941e-01,-2.783858478069305420e-01,4.802411496639251709e-01,-1.918120980262756348e-01,2.580051496624946594e-02,-7.533860802650451660e-01,5.474873781204223633e-01,5.722917914390563965e-01,-7.430236786603927612e-03,-5.964068770408630371e-01,4.566567540168762207e-01,6.150107979774475098e-01,-3.684188723564147949e-01,-5.844664573669433594e-01,6.507715582847595215e-01,2.044010013341903687e-01,5.362199544906616211e-01,2.618731558322906494e-01,-2.315963208675384521e-01,-4.748193621635437012e-01,-6.261155605316162109e-01,-1.554232537746429443e-01,8.309652656316757202e-02,-1.964456960558891296e-02,-7.904101908206939697e-02,5.392073839902877808e-02,5.883804559707641602e-01,1.761673763394355774e-02,5.199331417679786682e-02,-6.204783320426940918e-01,4.532328546047210693e-01,2.480640634894371033e-02,-5.503692030906677246e-01,-5.523348450660705566e-01,-1.227108687162399292e-01,4.493166133761405945e-02,2.212731912732124329e-02,4.302458167076110840e-01,1.595550179481506348e-01,-2.472393959760665894e-01,8.229932934045791626e-02,5.893617272377014160e-01,-6.203175783157348633e-01,2.500116229057312012e-01,-5.187564492225646973e-01,-8.261800743639469147e-03,-4.043286144733428955e-01,6.146245598793029785e-01,-4.320349693298339844e-01,-6.102164387702941895e-01,-7.699288544245064259e-04,6.147003173828125000e-01,-2.985894680023193359e-01,-6.336208581924438477e-01,6.870790719985961914e-01,4.929368733428418636e-04,-5.446897149085998535e-01,1.456530415453016758e-03,-6.034632921218872070e-01,-5.956481695175170898e-01,2.222884595394134521e-01,3.609554609283804893e-03,5.443012714385986328e-01,4.893331527709960938e-01,-2.041961252689361572e-01,-3.457057178020477295e-01,-6.206975579261779785e-01,4.956497550010681152e-01,-6.159694194793701172e-01,4.926883615553379059e-03,3.466388285160064697e-01,-1.545919161571873701e-07,-4.577073156833648682e-01,4.569606184959411621e-01,-2.796243429183959961e-01,2.016427218914031982e-01,-6.929118633270263672e-01,-5.574902892112731934e-01,7.142667174339294434e-01,2.618001401424407959e-01,-6.729998588562011719e-01,-5.478085279464721680e-01,-1.174531355500221252e-01,-2.235764451324939728e-02,6.404343843460083008e-01,-5.831583142280578613e-01,-6.343779563903808594e-01,1.829459518194198608e-01,5.768784880638122559e-01,-6.131609082221984863e-01,2.648035585880279541e-01,2.120344340801239014e-01,-6.087467670440673828e-01,5.197738409042358398e-01,4.607513844966888428e-01,6.579452157020568848e-01,6.209964156150817871e-01,-3.687263727188110352e-01,-4.803822934627532959e-01,-5.359200835227966309e-01,-3.756065666675567627e-02,5.021018385887145996e-01
7.535935193300247192e-02,6.696198135614395142e-02,-6.617742776870727539e-01,5.243339538574218750e-01,4.084326624870300293e-01,-7.555379718542098999e-02,-9.705898165702819824e-02,1.881807148456573486e-01,4.874431788921356201e-01,5.246964097023010254e-01,-1.157641261816024780e-01,-3.287551105022430420e-01,5.322386026382446289e-01,5.857086181640625000e-01,6.341812610626220703e-01,6.466432213783264160e-01,-1.563593558967113495e-02,5.458275079727172852e-01,-6.405441761016845703e-01,-5.105052590370178223e-01,-4.106514155864715576e-01,4.439618587493896484e-01,4.943217635154724121e-01,-2.101400941610336304e-01,1.178504005074501038e-01,5.625600218772888184e-01,-6.252827644348144531e-01,-3.643864095211029053e-01,6.407582759857177734e-01,-3.050862252712249756e-01,1.512252837419509888e-01,-7.213584184646606445e-01,4.596380889415740967e-01,5.814781188964843750e-01,-2.056987024843692780e-02,-6.950025558471679688e-01,4.991475045680999756e-01,6.315519213676452637e-01,-5.345227122306823730e-01,-5.201731324195861816e-01,5.517893433570861816e-01,9.060090035200119019e-02,6.327849626541137695e-01,3.060281574726104736e-01,-5.163151025772094727e-02,-6.074004173278808594e-01,-6.165992021560668945e-01,-1.707842051982879639e-01,-8.126199990510940552e-02,-4.676450788974761963e-02,4.704995080828666687e-04,-1.026524230837821960e-01,4.465526938438415527e-01,7.519455254077911377e-02,-1.134413406252861023e-01,-7.168648838996887207e-01,3.389171361923217773e-01,2.659553475677967072e-02,-5.810478329658508301e-01,-4.846187829971313477e-01,-3.543594107031822205e-02,-1.238514780998229980e-01,1.712839119136333466e-02,3.851152360439300537e-01,4.592285305261611938e-02,-2.360650002956390381e-01,2.297787666320800781e-01,6.695004105567932129e-01,-6.400941014289855957e-01,3.305613696575164795e-01,-5.640747547149658203e-01,-2.992935776710510254e-01,-2.459638714790344238e-01,6.204950809478759766e-01,-2.842099964618682861e-01,-6.493508219718933105e-01,-1.849527820013463497e-03,7.064524888992309570e-01,-1.560047268867492676e-01,-6.098331809043884277e-01,6.668929457664489746e-01,4.968889406882226467e-04,-5.774963498115539551e-01,-4.052700474858283997e-03,-6.065192222595214844e-01,-6.401816606521606445e-01,3.256285190582275391e-01,5.954025778919458389e-03,5.905610918998718262e-01,4.758052527904510498e-01,-1.106987372040748596e-01,-2.624922692775726318e-01,-5.685776472091674805e-01,3.926316797733306885e-01,-5.820048451423645020e-01,-3.819589735940098763e-03,4.700374305248260498e-01,1.445495399821083993e-06,-5.234938859939575195e-01,4.786626100540161133e-01,-2.955324649810791016e-01,2.767168879508972168e-01,-6.429998278617858887e-01,-6.038977503776550293e-01,7.346010804176330566e-01,9.521998465061187744e-02,-6.017246246337890625e-01,-6.526840329170227051e-01,-1.170201152563095093e-01,-9.859919548034667969e-03,5.237302184104919434e-01,-5.811774730682373047e-01,-6.034017205238342285e-01,3.937171772122383118e-02,6.515955328941345215e-01,-5.906496644020080566e-01,3.559780120849609375e-01,3.188905715942382812e-01,-6.527231335639953613e-01,4.509675800800323486e-01,5.893329977989196777e-01,5.557801127433776855e-01,5.562804937362670898e-01,-4.046375751495361328e-01,-4.258539974689483643e-01,-4.865451455116271973e-01,-6.888859719038009644e-02,5.229390263557434082e-01
-2.836892902851104736e-01,-2.060492336750030518e-02,1.792077571153640747e-01,-2.454792857170104980e-01,-2.923091053962707520e-01,2.505304813385009766e-01,-3.678272292017936707e-02,-2.264503985643386841e-01,-2.835752665996551514e-01,-1.157641261816024780e-01,4.760661721229553223e-01,2.056645154953002930e-01,1.284122318029403687e-01,-2.303606122732162476e-01,-2.259775698184967041e-01,-2.374641448259353638e-01,-4.023044370114803314e-03,-9.621188044548034668e-02,2.412093430757522583e-01,3.168373703956604004e-01,4.660076498985290527e-01,-3.812685236334800720e-02,-3.969678655266761780e-02,-1.440645903348922729e-01,-7.971955090761184692e-02,-1.676746457815170288e-01,1.375787854194641113e-01,1.662788689136505127e-01,-1.215384677052497864e-01,-2.567740622907876968e-03,2.132161259651184082e-01,3.584840297698974609e-01,-2.875147759914398193e-01,-3.130773901939392090e-01,-3.935038577765226364e-03,1.253915280103683472e-01,-1.642026454210281372e-01,-2.713474035263061523e-01,1.044638305902481079e-01,4.685778617858886719e-01,-4.342967271804809570e-01,-2.562657296657562256e-01,-6.812141090631484985e-02,-6.150374189019203186e-02,2.802173197269439697e-01,-7.662505656480789185e-02,3.318639993667602539e-01,6.494921445846557617e-02,-2.491626143455505371e-01,1.340056490153074265e-02,2.084499150514602661e-01,-8.307013660669326782e-03,-4.825130105018615723e-01,5.793036520481109619e-02,-1.829757690429687500e-01,2.393941283226013184e-01,-3.764107227325439453e-01,-1.029343530535697937e-02,1.408706456422805786e-01,2.214013636112213135e-01,1.869310587644577026e-01,-2.534349560737609863e-01,-1.049163751304149628e-02,-2.904717624187469482e-01,-2.243388593196868896e-01,1.116174682974815369e-01,3.266610205173492432e-01,-2.256398797035217285e-01,2.188671082258224487e-01,-1.675437390804290771e-01,3.165131807327270508e-01,-4.160088598728179932e-01,3.010194301605224609e-01,-2.109423875808715820e-01,4.159902036190032959e-01,3.051367700099945068e-01,-1.723566208966076374e-03,-1.904735267162322998e-01,2.630573213100433350e-01,2.768211066722869873e-01,-3.953321874141693115e-01,-1.786811335477977991e-04,2.803274095058441162e-01,-3.587936749681830406e-03,3.966795802116394043e-01,1.356602907180786133e-01,-1.305030882358551025e-01,7.977885252330452204e-05,-4.438114538788795471e-02,-2.712727189064025879e-01,2.851755917072296143e-01,7.475380599498748779e-02,2.578773796558380127e-01,-2.058221995830535889e-01,3.432248234748840332e-01,1.746175140142440796e-01,-5.584419891238212585e-02,4.996996267436770722e-06,1.520129740238189697e-01,-2.229376584291458130e-01,2.846421897411346436e-01,-1.452523618936538696e-01,3.594767749309539795e-01,2.549121081829071045e-01,-2.670611143112182617e-01,-4.602948427200317383e-01,2.970775961875915527e-01,3.625740110874176025e-02,2.149999290704727173e-01,9.646732360124588013e-03,-2.554411292076110840e-01,1.991580128669738770e-01,2.980645596981048584e-01,-2.634542286396026611e-01,-2.540239393711090088e-01,3.003143072128295898e-01,-1.067917048931121826e-01,4.579248651862144470e-02,3.119033277034759521e-01,-2.188000828027725220e-01,-7.056374102830886841e-03,-3.934179842472076416e-01,-3.165299594402313232e-01,-5.402785912156105042e-02,3.002828657627105713e-01,1.866912096738815308e-01,-1.972462236881256104e-02,-2.521320283412933350e-01
-2.868233323097229004e-01,-4.470922052860260010e-02,4.075670540332794189e-01,-2.408626228570938110e-01,-5.314049124717712402e-01,3.211127221584320068e-01,6.798746436834335327e-02,-4.940908253192901611e-01,-3.323657214641571045e-01,-3.287551105022430420e-01,2.056645154953002930e-01,4.411747157573699951e-01,-2.751556634902954102e-01,-4.217340648174285889e-01,-4.439691305160522461e-01,-6.652597784996032715e-01,5.107039120048284531e-03,-3.420756757259368896e-01,3.807485699653625488e-01,4.239326715469360352e-01,3.418299555778503418e-01,-1.706533282995223999e-01,-2.237813025712966919e-01,5.764776095747947693e-02,-1.021487936377525330e-01,-5.979002714157104492e-01,4.646978080272674561e-01,5.522004961967468262e-01,-5.828267335891723633e-01,2.645445168018341064e-01,5.257615074515342712e-02,5.795736312866210938e-01,-1.412387341260910034e-01,-5.093106031417846680e-01,3.561529889702796936e-02,5.731185078620910645e-01,-4.466023445129394531e-01,-4.963956475257873535e-01,6.479553580284118652e-01,5.345403552055358887e-01,-4.877706170082092285e-01,-8.129183202981948853e-02,-3.571953475475311279e-01,-2.242747396230697632e-01,-5.614503473043441772e-02,2.809153497219085693e-01,4.584794938564300537e-01,1.205456331372261047e-01,3.674741368740797043e-03,2.136986702680587769e-01,2.139004617929458618e-01,3.561709225177764893e-01,-3.994503617286682129e-01,-2.670876309275627136e-02,1.249082013964653015e-01,6.171538233757019043e-01,-3.709128797054290771e-01,-2.450960874557495117e-02,2.838185727596282959e-01,1.551886647939682007e-01,6.772260367870330811e-02,-3.750500828027725220e-02,-4.767361562699079514e-03,-3.891867399215698242e-01,-7.324916869401931763e-02,1.874267011880874634e-01,1.216213256120681763e-01,-6.005411148071289062e-01,5.132356882095336914e-01,-5.183197259902954102e-01,5.934701561927795410e-01,1.330442130565643311e-01,1.894147843122482300e-01,-4.376456141471862793e-01,2.495559602975845337e-01,5.383763313293457031e-01,1.021617557853460312e-03,-5.501867532730102539e-01,-2.020646445453166962e-02,4.869396388530731201e-01,-5.347663164138793945e-01,-4.030175623483955860e-04,5.618518590927124023e-01,6.308331619948148727e-03,6.214496493339538574e-01,3.968569636344909668e-01,-4.765444397926330566e-01,-7.520610932260751724e-03,-3.454733490943908691e-01,-4.629262983798980713e-01,1.008981615304946899e-01,-1.405860483646392822e-01,2.937313914299011230e-01,-1.607839018106460571e-01,4.371815025806427002e-01,2.808606028556823730e-01,-2.684349715709686279e-01,4.987269903722335584e-07,5.112515091896057129e-01,-4.207118153572082520e-01,5.048887729644775391e-01,-5.240343809127807617e-01,4.918178319931030273e-01,5.662276744842529297e-01,-4.388256371021270752e-01,-6.961046904325485229e-02,2.140456587076187134e-01,3.785035312175750732e-01,4.135342836380004883e-01,-8.507598191499710083e-03,-3.007862865924835205e-01,2.565791904926300049e-01,4.142695367336273193e-01,-8.906007744371891022e-03,-5.330376625061035156e-01,4.642934799194335938e-01,-5.256827473640441895e-01,-1.424536705017089844e-01,5.706888437271118164e-01,-1.981770545244216919e-01,-2.892910242080688477e-01,-3.740116953849792480e-01,-3.801897764205932617e-01,1.060210727155208588e-02,4.102133214473724365e-01,2.228009402751922607e-01,1.690803468227386475e-02,-4.605443775653839111e-01
