4.900271594524383545e-01,2.613313123583793640e-02,-1.989357620477676392e-01,1.307563185691833496e-01,2.351037114858627319e-01,-4.177789017558097839e-02,5.737826973199844360e-02,3.242246508598327637e-01,7.156988978385925293e-02,4.349360242486000061e-02,-3.951804712414741516e-02,-7.513884454965591431e-02,1.375154405832290649e-01,5.197584033012390137e-01,3.394218683242797852e-01,1.855593770742416382e-01,-4.752077162265777588e-03,9.416359663009643555e-02,9.158815443515777588e-02,-7.492969185113906860e-02,-2.229318171739578247e-01,1.549898684024810791e-01,1.288183927536010742e-01,1.948314905166625977e-02,-3.035057568922638893e-03,6.296035647392272949e-02,-1.332702040672302246e-01,-2.974099814891815186e-01,1.086985617876052856e-01,-2.420663386583328247e-01,-9.355102479457855225e-02,-1.362329423427581787e-01,1.085015311837196350e-01,1.439369022846221924e-01,-2.544800564646720886e-02,-2.011272013187408447e-01,-6.507398560643196106e-03,2.913180552423000336e-02,-2.767347991466522217e-01,-4.344633519649505615e-01,1.821598410606384277e-01,8.925768733024597168e-02,1.256971955299377441e-01,3.374550491571426392e-02,1.678369939327239990e-01,-2.811221182346343994e-01,-2.662242352962493896e-01,-1.290298700332641602e-01,-3.654792904853820801e-02,8.694986999034881592e-02,-3.442734852433204651e-02,-1.570092737674713135e-01,7.794623821973800659e-02,-6.785652041435241699e-02,-4.817324504256248474e-02,-2.228150367736816406e-01,1.006608307361602783e-01,2.283055521547794342e-02,-9.472392499446868896e-02,-8.615121990442276001e-02,8.886013925075531006e-02,-9.388823062181472778e-03,2.126777172088623047e-02,9.890411794185638428e-02,-7.889535278081893921e-02,1.239444594830274582e-02,6.036999821662902832e-02,2.967017292976379395e-01,-1.653639674186706543e-01,1.303136497735977173e-01,-1.769254207611083984e-01,-1.848507523536682129e-01,1.280754059553146362e-02,2.053066343069076538e-01,-6.242081150412559509e-02,-2.543572485446929932e-01,-1.075760927051305771e-02,2.348045259714126587e-01,-2.281505018472671509e-01,-1.303640455007553101e-01,1.843382716178894043e-01,5.038185976445674896e-03,-2.722563743591308594e-01,1.541585079394280910e-03,-2.379657775163650513e-01,-2.042742967605590820e-01,2.566345036029815674e-01,7.390745449811220169e-03,2.023687213659286499e-02,1.766585931181907654e-02,-5.895957350730895996e-02,-6.810624152421951294e-02,-3.192817419767379761e-02,-3.212065994739532471e-02,-8.107429742813110352e-02,-9.775355458259582520e-02,3.792212605476379395e-01,-7.127378485165536404e-04,-1.668892651796340942e-01,1.356921195983886719e-01,-4.803474247455596924e-02,7.079295068979263306e-02,-1.532598733901977539e-01,-2.204976230859756470e-02,2.587701752781867981e-02,2.141276746988296509e-01,1.664842246100306511e-03,-1.159375086426734924e-01,-2.266329675912857056e-01,1.716221449896693230e-03,2.545580267906188965e-01,-4.599387291818857193e-03,-1.236372217535972595e-01,-2.906280159950256348e-01,2.598769664764404297e-01,-1.651516258716583252e-01,3.443751633167266846e-01,-1.161981746554374695e-01,-4.195921123027801514e-01,2.480639331042766571e-02,-4.889106005430221558e-02,2.399599701166152954e-01,2.127721607685089111e-01,-5.177338048815727234e-02,-9.482137113809585571e-02,-1.601179540157318115e-01,-2.634640224277973175e-02,9.009503573179244995e-02
2.613313123583793640e-02,2.482862398028373718e-02,-1.305703371763229370e-01,5.841676890850067139e-02,7.788433134555816650e-02,-2.615963295102119446e-02,1.994100026786327362e-02,5.056166648864746094e-02,1.901790872216224670e-02,2.638356760144233704e-02,1.040540542453527451e-02,-4.066245257854461670e-02,1.195400133728981018e-01,5.361939966678619385e-02,1.183087155222892761e-01,1.140115037560462952e-01,-3.180144121870398521e-03,8.707631379365921021e-02,-3.218341991305351257e-02,-6.227947771549224854e-02,-4.543784260749816895e-02,1.342149376869201660e-01,8.271807432174682617e-02,1.014417316764593124e-02,1.373028848320245743e-02,1.468516588211059570e-01,-1.383163481950759888e-01,-8.703161031007766724e-02,1.003850996494293213e-01,-3.808637708425521851e-02,6.619724910706281662e-03,-1.233205720782279968e-01,8.339994400739669800e-02,5.369643121957778931e-02,1.707126386463642120e-03,-1.290630549192428589e-01,9.800964966416358948e-03,3.099915385246276855e-02,-8.358160406351089478e-02,-9.863153100013732910e-02,1.214335933327674866e-01,-3.007364284712821245e-04,1.308684498071670532e-01,1.424238178879022598e-02,-1.705868169665336609e-02,-8.786547183990478516e-02,-1.293382644653320312e-01,-2.263385057449340820e-02,-1.556953508406877518e-02,2.480967529118061066e-02,5.630375351756811142e-03,-1.698258519172668457e-02,4.264593496918678284e-02,5.151755642145872116e-03,-3.233075514435768127e-02,-1.288387477397918701e-01,3.027554042637348175e-02,1.015701424330472946e-02,-6.664860248565673828e-02,-4.233378171920776367e-02,7.576569449156522751e-03,5.174724850803613663e-03,5.417061038315296173e-03,2.734789066016674042e-02,-3.061121888458728790e-02,-2.238334156572818756e-02,5.583161488175392151e-02,1.336995214223861694e-01,-1.223521456122398376e-01,1.190952863544225693e-02,-7.774147391319274902e-02,3.261924022808670998e-03,-2.101483382284641266e-02,1.166125237941741943e-01,-2.526568993926048279e-02,-9.204342961311340332e-02,-5.524709820747375488e-03,1.283286809921264648e-01,-2.839853242039680481e-02,-1.143898889422416687e-01,1.151686683297157288e-01,2.337282989174127579e-03,-1.015708595514297485e-01,6.924130022525787354e-03,-9.399818629026412964e-02,-1.245840638875961304e-01,6.894975155591964722e-02,9.302994236350059509e-03,6.957549601793289185e-02,1.408505812287330627e-02,-2.844026684761047363e-02,-2.818985283374786377e-02,-9.452067315578460693e-02,2.795991860330104828e-02,-9.792041778564453125e-02,-2.034265361726284027e-02,8.671861141920089722e-02,-3.601683129090815783e-04,-8.783259987831115723e-02,4.162053018808364868e-02,-9.176147170364856720e-03,2.971621975302696228e-02,-1.219806298613548279e-01,-1.664270274341106415e-02,1.394036114215850830e-01,-4.340603481978178024e-03,-7.396581023931503296e-02,-1.135050579905509949e-01,-3.861063346266746521e-02,-1.688940450549125671e-02,9.088412672281265259e-02,-1.693494245409965515e-02,-9.673696011304855347e-02,-1.960824616253376007e-02,1.465186029672622681e-01,-1.327243596315383911e-01,9.221920371055603027e-02,1.733061298727989197e-02,-1.218893080949783325e-01,2.884612977504730225e-02,4.123414307832717896e-02,9.933783113956451416e-02,1.224519982933998108e-01,-4.475300014019012451e-02,-1.070855334401130676e-01,-4.759483039379119873e-02,-1.601744443178176880e-03,5.039160326123237610e-02
-1.989357620477676392e-01,-1.305703371763229370e-01,7.787918448448181152e-01,-4.086610972881317139e-01,-4.207271337509155273e-01,6.967283785343170166e-02,-1.917565315961837769e-01,-3.076547384262084961e-01,-8.790720999240875244e-02,-1.724581718444824219e-01,-6.601599603891372681e-02,2.665657699108123779e-01,-6.573656201362609863e-01,-3.933956027030944824e-01,-6.915895342826843262e-01,-6.539169549942016602e-01,3.148484276607632637e-03,-4.677966833114624023e-01,2.035077065229415894e-01,4.172244369983673096e-01,2.487549334764480591e-01,-7.569509148597717285e-01,-5.883137583732604980e-01,5.074374750256538391e-02,-7.919753342866897583e-02,-7.630080580711364746e-01,7.440849542617797852e-01,4.712682068347930908e-01,-6.461876630783081055e-01,3.107169270515441895e-01,-1.311013381928205490e-02,7.171995043754577637e-01,-5.298703312873840332e-01,-4.114015698432922363e-01,4.906443413347005844e-03,7.391648888587951660e-01,-5.830052867531776428e-02,-1.913646012544631958e-01,5.670638084411621094e-01,6.047614812850952148e-01,-6.843828558921813965e-01,-9.022559970617294312e-03,-7.013602852821350098e-01,-9.308880567550659180e-02,5.392231419682502747e-02,6.221730113029479980e-01,7.625260353088378906e-01,1.551372110843658447e-01,7.721296697854995728e-02,-5.769653618335723877e-02,-4.587062820792198181e-02,1.259875297546386719e-01,-2.267204076051712036e-01,3.275923803448677063e-02,1.749409139156341553e-01,7.393014430999755859e-01,-2.203779965639114380e-01,-6.911385059356689453e-02,3.473902344703674316e-01,2.790654897689819336e-01,-2.643341757357120514e-02,-7.228323817253112793e-02,-3.782115131616592407e-02,-2.504265010356903076e-01,1.548926383256912231e-01,1.337126791477203369e-01,-3.042901754379272461e-01,-7.322952747344970703e-01,7.025358080863952637e-01,-6.562102586030960083e-02,5.261604785919189453e-01,7.139912247657775879e-02,1.115932613611221313e-01,-7.171689867973327637e-01,1.403108686208724976e-01,5.476496815681457520e-01,3.175126761198043823e-02,-7.910274863243103027e-01,2.306526601314544678e-01,6.918475627899169922e-01,-7.285756468772888184e-01,-1.629219576716423035e-02,5.704026222229003906e-01,-3.494325280189514160e-02,5.828307867050170898e-01,6.547300815582275391e-01,-4.433728158473968506e-01,-5.320879071950912476e-02,-3.785815834999084473e-01,-1.151164323091506958e-01,1.729343086481094360e-01,1.828164905309677124e-01,5.730742216110229492e-01,-1.647441685199737549e-01,6.140766739845275879e-01,1.548709422349929810e-01,-5.284723639488220215e-01,2.398665761575102806e-03,5.536184906959533691e-01,-3.125672638416290283e-01,1.062564700841903687e-01,-2.190050035715103149e-01,7.228173017501831055e-01,1.047707945108413696e-01,-7.797964811325073242e-01,-1.276981979608535767e-01,5.107861161231994629e-01,6.672930121421813965e-01,2.474566549062728882e-01,1.025454252958297729e-01,-5.718602538108825684e-01,2.259847074747085571e-01,6.032855510711669922e-01,-7.677013985812664032e-03,-7.845405936241149902e-01,7.260728478431701660e-01,-5.674102902412414551e-01,-1.644932031631469727e-01,7.500618100166320801e-01,-1.833562999963760376e-01,-2.994946241378784180e-01,-6.478179097175598145e-01,-7.168233394622802734e-01,2.669820785522460938e-01,6.796885132789611816e-01,3.783268034458160400e-01,-1.559664495289325714e-02,-3.412930369377136230e-01
1.307563185691833496e-01,5.841676890850067139e-02,-4.086610972881317139e-01,3.753032088279724121e-01,1.792820543050765991e-01,3.046844527125358582e-02,6.086613610386848450e-02,2.009542584419250488e-01,3.258561715483665466e-02,8.593649417161941528e-02,-5.030268430709838867e-02,-1.466254293918609619e-01,2.840816378593444824e-01,2.850353717803955078e-01,3.614047765731811523e-01,2.933461070060729980e-01,3.057748777791857719e-03,2.964080274105072021e-01,-1.211463883519172668e-01,-1.534213721752166748e-01,-2.963114380836486816e-01,4.441456794738769531e-01,2.965151965618133545e-01,-1.112245991826057434e-01,5.833733081817626953e-02,3.789502382278442383e-01,-3.567486107349395752e-01,-1.585115492343902588e-01,2.562186717987060547e-01,-8.848621696233749390e-02,-2.391383610665798187e-02,-4.493336379528045654e-01,3.567675948143005371e-01,1.448324322700500488e-01,6.068155169486999512e-03,-3.950489759445190430e-01,5.253167450428009033e-02,8.671836555004119873e-02,-1.979652643203735352e-01,-4.718298017978668213e-01,3.998456001281738281e-01,3.308587148785591125e-02,3.435087800025939941e-01,4.333972185850143433e-02,-4.525258019566535950e-02,-2.168683409690856934e-01,-3.714138865470886230e-01,-1.429300904273986816e-01,-4.896888881921768188e-02,9.086415171623229980e-02,2.467311918735504150e-02,-4.882701113820075989e-02,2.044305950403213501e-01,-1.427662670612335205e-01,1.945717260241508484e-02,-3.897711038589477539e-01,1.186759769916534424e-01,2.785303629934787750e-02,-1.050939559936523438e-01,-1.766455620527267456e-01,-5.850412324070930481e-02,7.812277227640151978e-02,2.650600112974643707e-02,1.559752225875854492e-01,-9.331252425909042358e-02,-6.761778146028518677e-02,1.353085488080978394e-01,4.214697182178497314e-01,-3.484667539596557617e-01,-2.257439307868480682e-02,-2.865636944770812988e-01,1.162929236888885498e-01,-9.656084328889846802e-02,3.781231939792633057e-01,-8.785235136747360229e-02,-3.233911693096160889e-01,-6.922862492501735687e-03,4.047252237796783447e-01,-3.100999891757965088e-01,-4.016712307929992676e-01,5.167275071144104004e-01,8.574749343097209930e-03,-2.262618690729141235e-01,2.214441448450088501e-02,-3.921453356742858887e-01,-2.248625308275222778e-01,9.726216644048690796e-02,2.360055036842823029e-02,1.032591983675956726e-01,5.708357691764831543e-02,-5.630043894052505493e-02,-1.718622446060180664e-01,-4.060354530811309814e-01,1.570793539285659790e-01,-3.541363179683685303e-01,-1.194487288594245911e-01,2.494417130947113037e-01,-1.269994536414742470e-03,-2.165486067533493042e-01,2.206476330757141113e-01,-3.013856895267963409e-02,4.338642954826354980e-02,-4.310964345932006836e-01,-4.794581979513168335e-02,4.568096399307250977e-01,2.001368403434753418e-01,-4.006953537464141846e-01,-3.644540309906005859e-01,-4.961830750107765198e-02,-4.960618540644645691e-02,4.710254073143005371e-01,-1.851151138544082642e-01,-3.598890602588653564e-01,7.469494361430406570e-03,4.178988039493560791e-01,-3.579246103763580322e-01,2.481325119733810425e-01,6.594397872686386108e-02,-4.616553187370300293e-01,1.283107250928878784e-01,8.471479266881942749e-02,3.300187885761260986e-01,3.944292664527893066e-01,-1.124327629804611206e-01,-3.381841778755187988e-01,-2.071394920349121094e-01,2.928354311734437943e-03,2.260864973068237305e-01
2.351037114858627319e-01,7.788433134555816650e-02,-4.207271337509155273e-01,1.792820543050765991e-01,3.275407254695892334e-01,-9.009952843189239502e-02,8.885864168405532837e-02,2.596908211708068848e-01,6.442462652921676636e-02,8.570425957441329956e-02,1.674945093691349030e-02,-1.302035301923751831e-01,3.681054413318634033e-01,2.910166978836059570e-01,4.416927993297576904e-01,3.814334571361541748e-01,-1.465160399675369263e-02,2.587018311023712158e-01,-5.531899631023406982e-02,-2.037073373794555664e-01,-1.635140627622604370e-01,4.112223088741302490e-01,2.414414286613464355e-01,7.337047159671783447e-02,3.014580160379409790e-02,4.153468012809753418e-01,-4.330421388149261475e-01,-3.628288805484771729e-01,3.312388062477111816e-01,-2.275384515523910522e-01,-6.578138098120689392e-03,-3.500675857067108154e-01,2.443464994430541992e-01,1.833964586257934570e-01,-3.333299187943339348e-03,-4.034887850284576416e-01,1.834921725094318390e-02,9.540745615959167480e-02,-3.550829291343688965e-01,-3.989264667034149170e-01,3.942113518714904785e-01,3.316025063395500183e-02,4.027626514434814453e-01,5.180614069104194641e-02,2.156971581280231476e-02,-3.404856324195861816e-01,-4.559336900711059570e-01,-1.019842624664306641e-01,-4.907162487506866455e-02,1.141881272196769714e-01,5.979191046208143234e-03,-1.071260794997215271e-01,1.295945942401885986e-01,1.923987083137035370e-02,-1.264511197805404663e-01,-4.290448129177093506e-01,1.074978336691856384e-01,3.529078140854835510e-02,-2.480381578207015991e-01,-1.344354152679443359e-01,6.642307341098785400e-02,-1.909193000756204128e-03,2.055659331381320953e-02,1.105511859059333801e-01,-1.023715361952781677e-01,-5.209650471806526184e-02,1.855338215827941895e-01,4.661663770675659180e-01,-3.668139576911926270e-01,1.064056977629661560e-01,-2.742475867271423340e-01,-8.613028377294540405e-02,-2.621089480817317963e-02,3.749503791332244873e-01,-9.024444967508316040e-02,-3.654474616050720215e-01,-2.076151221990585327e-02,4.232635498046875000e-01,-1.306378394365310669e-01,-3.424544036388397217e-01,3.474921286106109619e-01,7.466896437108516693e-03,-4.030409157276153564e-01,1.869188062846660614e-02,-3.400037586688995361e-01,-4.398034811019897461e-01,3.226282596588134766e-01,2.764721401035785675e-02,2.133288234472274780e-01,4.047814011573791504e-02,-1.195392236113548279e-01,-8.359660953283309937e-02,-2.311867177486419678e-01,3.139684721827507019e-02,-2.807275950908660889e-01,-7.465110719203948975e-02,4.044525623321533203e-01,-1.192352385260164738e-03,-2.981160581111907959e-01,1.544320881366729736e-01,-4.093467071652412415e-02,1.249089911580085754e-01,-3.604163825511932373e-01,-5.411810427904129028e-02,3.814198672771453857e-01,5.352639034390449524e-02,-1.712524890899658203e-01,-3.423563838005065918e-01,-2.189752906560897827e-01,-4.307388886809349060e-02,2.653672993183135986e-01,-2.219776995480060577e-02,-2.783421576023101807e-01,-1.814347505569458008e-01,5.076965093612670898e-01,-4.313901662826538086e-01,3.808187544345855713e-01,-2.492220606654882431e-03,-4.680206179618835449e-01,7.697085291147232056e-02,1.176414638757705688e-01,3.474125862121582031e-01,3.973391056060791016e-01,-1.415184736251831055e-01,-3.026671707630157471e-01,-1.681186109781265259e-01,-1.851447671651840210e-02,1.703555434942245483e-01
-4.177789017558097839e-02,-2.615963295102119446e-02,6.967283785343170166e-02,3.046844527125358582e-02,-9.009952843189239502e-02,1.956778615713119507e-01,-1.573878526687622070e-02,1.804446056485176086e-02,-1.087615042924880981e-01,-3.889310359954833984e-02,-5.212147254496812820e-03,2.950056642293930054e-02,-1.532867103815078735e-01,-1.579817757010459900e-02,-1.132028102874755859e-01,-1.275425255298614502e-01,-1.661380287259817123e-03,-8.829770237207412720e-02,1.526680868119001389e-02,3.061038069427013397e-02,1.162915080785751343e-01,-9.080098569393157959e-02,-6.529701407998800278e-03,-2.309873327612876892e-02,-1.567626558244228363e-02,-2.043099850416183472e-01,1.257366538047790527e-01,1.044500544667243958e-01,-8.753241039812564850e-03,-2.074520848691463470e-02,2.985833398997783661e-02,1.289741545915603638e-01,-9.390500932931900024e-02,2.993355505168437958e-03,-9.799727238714694977e-03,1.200339496135711670e-01,-1.592518645338714123e-03,-3.355623036623001099e-02,8.898507058620452881e-02,2.524421364068984985e-02,-1.614872366189956665e-01,-7.221154402941465378e-03,-6.497420370578765869e-02,-6.773316767066717148e-03,8.574885874986648560e-02,1.041242182254791260e-01,1.229488477110862732e-01,5.308783147484064102e-04,-2.482679300010204315e-02,-5.046468973159790039e-02,8.384309709072113037e-02,-6.149320304393768311e-02,-3.262733295559883118e-02,-9.106320142745971680e-02,2.201801538467407227e-02,8.813584595918655396e-02,-1.107133273035287857e-02,-7.266032975167036057e-03,9.715720266103744507e-02,3.224830701947212219e-02,4.763043485581874847e-03,-1.063284091651439667e-02,-3.409206867218017578e-03,-9.843017160892486572e-02,1.946391165256500244e-02,3.543194383382797241e-02,-4.720675200223922729e-02,-1.108477190136909485e-01,1.306872814893722534e-01,-7.149758283048868179e-03,5.462671443819999695e-02,-1.046355515718460083e-01,3.894085064530372620e-02,-1.199513226747512817e-01,4.965588822960853577e-02,6.924580782651901245e-02,1.045099459588527679e-02,-1.069810092449188232e-01,4.110951907932758331e-03,9.021643549203872681e-02,-6.644196063280105591e-02,-1.555722905322909355e-03,7.358486205339431763e-02,-1.173861511051654816e-02,8.787742257118225098e-02,1.888353973627090454e-01,-4.819716885685920715e-02,-8.608668111264705658e-03,-1.614708751440048218e-01,-9.088083170354366302e-03,3.371731936931610107e-02,1.957403495907783508e-02,6.765741854906082153e-02,-7.121846545487642288e-03,1.031488254666328430e-01,-3.650857880711555481e-02,-4.884765297174453735e-02,3.203180385753512383e-04,6.697858870029449463e-02,-5.786151438951492310e-02,-2.100458368659019470e-02,-8.126672357320785522e-02,1.248979642987251282e-01,1.746153458952903748e-02,-1.334730535745620728e-01,1.302594244480133057e-01,5.194703862071037292e-02,8.949948102235794067e-02,1.270244568586349487e-01,2.108752727508544922e-02,-8.241532742977142334e-02,-5.631843581795692444e-02,6.443267315626144409e-02,7.396630197763442993e-02,-9.468940645456314087e-02,1.587409675121307373e-01,-6.803606450557708740e-02,1.682686246931552887e-02,9.962601214647293091e-02,-2.685738168656826019e-02,-2.043001540005207062e-02,-1.044532507658004761e-01,-1.195790395140647888e-01,7.646799087524414062e-02,4.746894165873527527e-02,6.331823766231536865e-02,4.828665405511856079e-03,1.760256476700305939e-02
5.737826973199844360e-02,1.994100026786327362e-02,-1.917565315961837769e-01,6.086613610386848450e-02,8.885864168405532837e-02,-1.573878526687622070e-02,1.086079776287078857e-01,3.993623703718185425e-02,1.975756324827671051e-02,4.801002889871597290e-02,1.268116291612386703e-02,-5.355828627943992615e-02,1.200589835643768311e-01,7.802091538906097412e-02,1.560289859771728516e-01,1.299915313720703125e-01,6.012045312672853470e-03,4.627649486064910889e-02,-4.724313318729400635e-02,-1.110048145055770874e-01,-3.845904767513275146e-02,1.576931476593017578e-01,1.135315969586372375e-01,-2.494842186570167542e-02,9.390726685523986816e-03,1.801853775978088379e-01,-1.554603427648544312e-01,-8.617986738681793213e-02,1.617452353239059448e-01,-1.298120021820068359e-01,-3.836872987449169159e-03,-1.562412381172180176e-01,1.190569624304771423e-01,8.993020653724670410e-02,-4.198657348752021790e-03,-1.494746506214141846e-01,2.832207130268216133e-03,4.242837801575660706e-02,-1.817117780447006226e-01,-1.249826923012733459e-01,1.692820936441421509e-01,1.509211957454681396e-02,1.124014332890510559e-01,2.141128666698932648e-02,-1.905838027596473694e-02,-2.053605616092681885e-01,-2.051615715026855469e-01,-3.111439943313598633e-02,1.752834394574165344e-02,-2.086443360894918442e-03,-6.040312349796295166e-03,-1.054369844496250153e-02,1.408968586474657059e-02,2.043825760483741760e-02,-3.860013931989669800e-02,-1.535808145999908447e-01,4.031452909111976624e-02,1.528659369796514511e-02,-9.496869146823883057e-02,-5.483024567365646362e-02,-4.881598521023988724e-03,3.041461855173110962e-02,8.891263045370578766e-03,1.396958678960800171e-01,3.712982870638370514e-03,-2.653814479708671570e-02,5.150862410664558411e-02,1.525857746601104736e-01,-1.376451700925827026e-01,4.205167293548583984e-02,-1.304507404565811157e-01,-5.094377696514129639e-02,7.717831525951623917e-03,1.748578101396560669e-01,-3.354764357209205627e-02,-1.525877565145492554e-01,-9.241881780326366425e-03,2.285785675048828125e-01,-5.278430506587028503e-02,-1.399705559015274048e-01,1.823428273200988770e-01,3.525329753756523132e-03,-1.230370104312896729e-01,3.744630375877022743e-03,-1.408701092004776001e-01,-1.568006873130798340e-01,1.575511842966079712e-01,8.147076703608036041e-03,1.040942072868347168e-01,3.377540782094001770e-02,-6.044250354170799255e-02,-2.883937209844589233e-02,-9.960729628801345825e-02,3.273904090747237206e-03,-1.348463594913482666e-01,-2.631582692265510559e-02,1.395956575870513916e-01,-5.888947052881121635e-04,-1.185220554471015930e-01,9.565859287977218628e-02,-3.750191256403923035e-02,1.112156957387924194e-01,-1.604664623737335205e-01,-2.426678873598575592e-02,2.119200378656387329e-01,6.955836713314056396e-02,-1.367803663015365601e-01,-1.222946941852569580e-01,-1.374204754829406738e-01,-2.163107693195343018e-02,8.539595454931259155e-02,-8.223455399274826050e-02,-8.534911274909973145e-02,4.028317332267761230e-02,1.710704267024993896e-01,-1.761556714773178101e-01,1.227924600243568420e-01,4.292665421962738037e-02,-2.156168371438980103e-01,3.281407430768013000e-02,1.119866967201232910e-01,1.745617538690567017e-01,1.580112874507904053e-01,-6.975171715021133423e-02,-1.316008865833282471e-01,-1.187580898404121399e-01,1.231699343770742416e-02,7.552504539489746094e-02
3.242246508598327637e-01,5.056166648864746094e-02,-3.076547384262084961e-01,2.009542584419250488e-01,2.596908211708068848e-01,1.804446056485176086e-02,3.993623703718185425e-02,4.015644192695617676e-01,4.635104443877935410e-03,4.410159587860107422e-02,1.431265659630298615e-02,-1.109385192394256592e-01,2.515979707241058350e-01,3.951933979988098145e-01,3.774297237396240234e-01,2.825106680393218994e-01,-1.691313832998275757e-02,1.707278937101364136e-01,9.726212359964847565e-03,-1.266559511423110962e-01,-8.218573778867721558e-02,3.211547434329986572e-01,2.220304012298583984e-01,8.075641468167304993e-03,1.308648847043514252e-02,1.994351446628570557e-01,-2.906135916709899902e-01,-2.939548194408416748e-01,2.968885600566864014e-01,-2.174628973007202148e-01,-3.093669004738330841e-02,-2.110225707292556763e-01,1.141417175531387329e-01,1.974731981754302979e-01,-2.202860079705715179e-02,-3.198684751987457275e-01,1.020567491650581360e-02,6.466653943061828613e-02,-3.161849379539489746e-01,-4.314130544662475586e-01,2.387834936380386353e-01,3.868530318140983582e-02,2.994270324707031250e-01,4.542183503508567810e-02,1.853092610836029053e-01,-2.746660709381103516e-01,-3.551190495491027832e-01,-1.060464233160018921e-01,-7.325305044651031494e-02,4.244408756494522095e-02,5.922451987862586975e-02,-1.707126200199127197e-01,1.113287433981895447e-01,-1.017251163721084595e-01,-1.251552551984786987e-01,-3.567070960998535156e-01,1.271354407072067261e-01,3.369409963488578796e-02,-9.643661975860595703e-02,-1.063534468412399292e-01,8.104941993951797485e-02,-1.851037144660949707e-02,1.823166944086551666e-02,-5.396664142608642578e-02,-1.072029322385787964e-01,-1.155952550470829010e-02,1.117502376437187195e-01,3.516434729099273682e-01,-2.715730071067810059e-01,5.675383657217025757e-02,-2.335453033447265625e-01,-2.230467796325683594e-01,-1.028644107282161713e-02,2.898959219455718994e-01,-4.011317715048789978e-02,-2.378632128238677979e-01,-1.184434816241264343e-02,3.057734966278076172e-01,-1.659059971570968628e-01,-2.645950019359588623e-01,2.548471093177795410e-01,6.483238656073808670e-03,-3.462499380111694336e-01,1.122304145246744156e-02,-2.582872509956359863e-01,-2.875746190547943115e-01,2.407561838626861572e-01,2.048997208476066589e-02,5.853581428527832031e-02,3.391047194600105286e-02,-7.507076859474182129e-02,-5.506996810436248779e-02,-1.190342679619789124e-01,-2.888823300600051880e-02,-1.643218249082565308e-01,-1.074870228767395020e-01,3.687706291675567627e-01,-8.877226500771939754e-04,-2.446004152297973633e-01,1.204054057598114014e-01,-5.824537947773933411e-02,5.292341113090515137e-02,-2.495661377906799316e-01,-3.979986906051635742e-02,1.976871788501739502e-01,1.361848115921020508e-01,-2.607185021042823792e-02,-2.622306644916534424e-01,-9.925431013107299805e-02,-1.304129138588905334e-02,2.420975565910339355e-01,2.979683224111795425e-03,-2.312327325344085693e-01,-2.020979374647140503e-01,4.183163344860076904e-01,-2.819271981716156006e-01,3.602232933044433594e-01,-2.595474943518638611e-02,-4.117858707904815674e-01,4.290688782930374146e-02,1.645368896424770355e-02,2.505330741405487061e-01,2.685777246952056885e-01,-1.037929672747850418e-02,-2.380259186029434204e-01,-1.156083643436431885e-01,-2.472789213061332703e-02,1.531060785055160522e-01
7.156988978385925293e-02,1.901790872216224670e-02,-8.790720999240875244e-02,3.258561715483665466e-02,6.442462652921676636e-02,-1.087615042924880981e-01,1.975756324827671051e-02,4.635104443877935410e-03,8.506827801465988159e-02,3.664353862404823303e-02,-1.399396825581789017e-02,-3.607346490025520325e-02,1.164855584502220154e-01,8.411595970392227173e-02,1.165871769189834595e-01,1.004649847745895386e-01,5.254325922578573227e-03,7.914658635854721069e-02,-1.351041812449693680e-02,-3.001341037452220917e-02,-1.503272503614425659e-01,9.789572656154632568e-02,4.374166205525398254e-02,-1.821663044393062592e-02,1.683577150106430054e-02,1.553303003311157227e-01,-9.851150959730148315e-02,-7.226249575614929199e-02,9.315893985331058502e-03,2.614353317767381668e-03,-3.769904747605323792e-02,-1.451132595539093018e-01,1.172325909137725830e-01,1.723574288189411163e-02,6.015630438923835754e-03,-1.145471334457397461e-01,7.498170249164104462e-03,2.623213082551956177e-02,-6.930797547101974487e-02,-9.481477737426757812e-02,1.467021107673645020e-01,1.827628538012504578e-02,5.456369370222091675e-02,8.369402959942817688e-03,-6.578728556632995605e-02,-9.981618821620941162e-02,-1.112437918782234192e-01,-2.782404981553554535e-02,1.367941126227378845e-02,4.270273074507713318e-02,-6.404426693916320801e-02,3.325488045811653137e-02,4.788855463266372681e-02,2.448979578912258148e-02,1.150469016283750534e-02,-8.893767744302749634e-02,2.074697427451610565e-02,6.788392085582017899e-03,-5.859941616654396057e-02,-4.588170722126960754e-02,-1.828596182167530060e-02,2.799012884497642517e-02,7.200320251286029816e-03,1.121990978717803955e-01,-2.291779220104217529e-02,-2.762087248265743256e-02,3.515802696347236633e-02,1.201990470290184021e-01,-1.147041395306587219e-01,3.182369517162442207e-03,-6.857736408710479736e-02,8.811391890048980713e-02,-3.933631628751754761e-02,1.204600334167480469e-01,-4.621782153844833374e-02,-8.512488007545471191e-02,-6.220033392310142517e-03,1.192024871706962585e-01,-6.982278078794479370e-02,-9.609913825988769531e-02,1.190744861960411072e-01,2.227144083008170128e-03,-5.271920189261436462e-02,8.513494394719600677e-03,-1.079057306051254272e-01,-1.189171969890594482e-01,3.336993977427482605e-02,6.158289033919572830e-03,1.000066548585891724e-01,1.347869820892810822e-02,-2.172303758561611176e-02,-4.424916207790374756e-02,-9.480680525302886963e-02,3.624758869409561157e-02,-1.036726906895637512e-01,-3.604378143791109324e-04,6.101401522755622864e-02,-3.704576520249247551e-04,-6.406246870756149292e-02,7.450313121080398560e-02,8.794392459094524384e-03,5.759286880493164062e-02,-1.315196007490158081e-01,-1.471910066902637482e-02,1.216627731919288635e-01,-2.277348749339580536e-02,-1.011149063706398010e-01,-8.320873230695724487e-02,-9.408690035343170166e-02,-1.803262159228324890e-02,1.453246027231216431e-01,-9.683063253760337830e-03,-8.409108221530914307e-02,-4.557385668158531189e-02,8.442815393209457397e-02,-1.267654001712799072e-01,6.895637512207031250e-02,-8.225621655583381653e-03,-1.380719244480133057e-01,3.593058139085769653e-02,6.787662860006093979e-03,1.117699220776557922e-01,1.225601732730865479e-01,-6.734048575162887573e-02,-6.418062746524810791e-02,-8.939593285322189331e-02,1.946715201484039426e-04,1.542269252240657806e-02
4.349360242486000061e-02,2.638356760144233704e-02,-1.724581718444824219e-01,8.593649417161941528e-02,8.570425957441329956e-02,-3.889310359954833984e-02,4.801002889871597290e-02,4.410159587860107422e-02,3.664353862404823303e-02,4.268197342753410339e-02,2.775208093225955963e-03,-5.654860660433769226e-02,1.457243710756301880e-01,8.411438763141632080e-02,1.546399146318435669e-01,1.387079507112503052e-01,2.368924673646688461e-03,1.001698970794677734e-01,-4.662845283746719360e-02,-8.187650144100189209e-02,-9.059348702430725098e-02,1.716893166303634644e-01,1.127700880169868469e-01,-2.247433550655841827e-02,1.927082985639572144e-02,1.952492892742156982e-01,-1.650229990482330322e-01,-8.835848420858383179e-02,1.201800331473350525e-01,-5.434748902916908264e-02,-7.947808131575584412e-03,-1.804239451885223389e-01,1.337811648845672607e-01,6.995627284049987793e-02,1.906091696582734585e-03,-1.673226505517959595e-01,1.304823160171508789e-02,4.100620746612548828e-02,-1.191696673631668091e-01,-1.380920261144638062e-01,1.730762273073196411e-01,8.444781415164470673e-03,1.372328847646713257e-01,1.832048036158084869e-02,-3.741108253598213196e-02,-1.413871943950653076e-01,-1.762798279523849487e-01,-3.582333400845527649e-02,-3.746120724827051163e-03,2.251992933452129364e-02,-1.227548532187938690e-02,-4.356561228632926941e-03,5.336363986134529114e-02,-1.900311035569757223e-04,-2.041977643966674805e-02,-1.592022925615310669e-01,4.143753275275230408e-02,1.329137384891510010e-02,-7.553436607122421265e-02,-6.227659806609153748e-02,-1.112579554319381714e-02,2.653981000185012817e-02,8.857880719006061554e-03,9.241277724504470825e-02,-2.708965167403221130e-02,-3.237177804112434387e-02,6.073850765824317932e-02,1.673154085874557495e-01,-1.555787324905395508e-01,1.015432551503181458e-02,-1.142795234918594360e-01,2.293862961232662201e-02,-2.882589586079120636e-02,1.671942323446273804e-01,-3.870473429560661316e-02,-1.272169500589370728e-01,-6.988641805946826935e-03,1.905709505081176758e-01,-6.823851168155670166e-02,-1.556307822465896606e-01,1.849380284547805786e-01,3.450159449130296707e-03,-1.059696823358535767e-01,8.472908288240432739e-03,-1.399500519037246704e-01,-1.464619338512420654e-01,8.301737159490585327e-02,1.047283876687288284e-02,9.529943764209747314e-02,2.534690313041210175e-02,-3.802731633186340332e-02,-4.788708314299583435e-02,-1.360791325569152832e-01,4.091208800673484802e-02,-1.429303288459777832e-01,-2.564612776041030884e-02,1.055945008993148804e-01,-5.359447095543146133e-04,-1.081700995564460754e-01,8.283644914627075195e-02,-1.586371101438999176e-02,6.032167375087738037e-02,-1.757421195507049561e-01,-2.242746576666831970e-02,2.012186497449874878e-01,2.529706060886383057e-02,-1.406016200780868530e-01,-1.422704309225082397e-01,-7.319049537181854248e-02,-2.380639687180519104e-02,1.472263932228088379e-01,-5.455570295453071594e-02,-1.249925494194030762e-01,5.203559994697570801e-03,1.713166236877441406e-01,-1.734349578619003296e-01,1.088596582412719727e-01,3.149364143610000610e-02,-1.860356926918029785e-01,4.442660510540008545e-02,6.188839301466941833e-02,1.485041826963424683e-01,1.666509509086608887e-01,-6.777774542570114136e-02,-1.393636167049407959e-01,-9.649811685085296631e-02,4.723461810499429703e-03,6.773425638675689697e-02
-3.951804712414741516e-02,1.040540542453527451e-02,-6.601599603891372681e-02,-5.030268430709838867e-02,1.674945093691349030e-02,-5.212147254496812820e-03,1.268116291612386703e-02,1.431265659630298615e-02,-1.399396825581789017e-02,2.775208093225955963e-03,7.297427207231521606e-02,-1.522667892277240753e-02,8.273013681173324585e-02,-2.321590669453144073e-02,3.807535022497177124e-02,6.393171101808547974e-02,-3.731955308467149734e-03,-4.038944840431213379e-03,-9.432475082576274872e-03,-5.729218572378158569e-02,1.363663375377655029e-01,5.176062136888504028e-02,6.877160817384719849e-02,1.871359162032604218e-02,-4.356734454631805420e-03,8.100774884223937988e-02,-8.345658332109451294e-02,-4.879127070307731628e-02,1.276258975267410278e-01,-3.547486662864685059e-02,2.854180149734020233e-02,-1.565580815076828003e-02,-4.262980073690414429e-02,9.005797654390335083e-02,-9.297787211835384369e-03,-7.023593038320541382e-02,-6.010317709296941757e-03,1.905547268688678741e-02,-7.733225077390670776e-02,4.929456859827041626e-02,-1.887652557343244553e-03,-3.226300328969955444e-02,8.752226829528808594e-02,8.280935697257518768e-03,4.303967952728271484e-02,-9.868218004703521729e-02,-7.643411308526992798e-02,3.791138529777526855e-02,-1.590539887547492981e-02,-7.600950449705123901e-02,3.300689533352851868e-02,-3.408140689134597778e-02,-3.864520788192749023e-02,3.863179683685302734e-02,-8.530446141958236694e-02,-6.757427006959915161e-02,2.396037057042121887e-02,1.092293485999107361e-02,-2.107498794794082642e-02,2.642590319737792015e-03,4.524810612201690674e-02,-2.247246727347373962e-02,-3.411340527236461639e-03,-7.115674763917922974e-02,-7.771501783281564713e-03,-8.247556164860725403e-03,2.359474636614322662e-02,1.716000959277153015e-02,-7.430402189493179321e-02,2.570754149928689003e-04,-1.855881512165069580e-02,-1.235476434230804443e-01,5.018288269639015198e-03,5.775406956672668457e-02,2.027183957397937775e-02,4.202738031744956970e-02,-5.027585662901401520e-03,7.784596830606460571e-02,1.140455678105354309e-01,-4.416721686720848083e-02,-7.954202592372894287e-03,1.174350385554134846e-03,-6.020489707589149475e-02,-2.332839794689789414e-04,4.492312669754028320e-02,-9.647274762392044067e-02,5.977095663547515869e-02,6.748116109520196915e-03,4.769386723637580872e-02,1.217598840594291687e-02,-1.224257331341505051e-02,4.218105971813201904e-02,1.776555925607681274e-02,-2.978768758475780487e-02,-1.397058833390474319e-02,5.219417624175548553e-03,1.208102982491254807e-02,-8.474739297525957227e-05,-7.488223165273666382e-02,-3.435999900102615356e-02,-2.955327183008193970e-02,2.301990054547786713e-02,-3.376761823892593384e-02,-9.517785161733627319e-03,5.911785736680030823e-02,-7.714033126831054688e-02,5.518085137009620667e-02,-5.341785401105880737e-02,1.350762043148279190e-02,-6.463211029767990112e-03,-4.167141765356063843e-02,2.196345292031764984e-02,-3.006673604249954224e-02,3.963119164109230042e-02,7.648338377475738525e-02,-5.690987780690193176e-02,4.635909944772720337e-02,4.779339581727981567e-02,-1.138395536690950394e-02,-9.657708927989006042e-03,5.154632031917572021e-02,2.416991628706455231e-02,2.998772077262401581e-02,2.513534389436244965e-03,-8.958052843809127808e-02,2.777320798486471176e-03,7.110684644430875778e-03,-5.201307125389575958e-03
-7.513884454965591431e-02,-4.066245257854461670e-02,2.665657699108123779e-01,-1.466254293918609619e-01,-1.302035301923751831e-01,2.950056642293930054e-02,-5.355828627943992615e-02,-1.109385192394256592e-01,-3.607346490025520325e-02,-5.654860660433769226e-02,-1.522667892277240753e-02,9.111524373292922974e-02,-2.259590625762939453e-01,-1.517969816923141479e-01,-2.432892620563507080e-01,-2.158168703317642212e-01,-9.279925725422799587e-04,-1.557658761739730835e-01,6.401759386062622070e-02,1.225929930806159973e-01,1.019260808825492859e-01,-2.722290456295013428e-01,-1.929736733436584473e-01,4.051090031862258911e-02,-2.823545970022678375e-02,-2.789766490459442139e-01,2.552978694438934326e-01,1.407412439584732056e-01,-2.100116610527038574e-01,8.217225223779678345e-02,8.960003964602947235e-03,2.635404169559478760e-01,-1.790496408939361572e-01,-1.308777481317520142e-01,2.070985967293381691e-03,2.670877873897552490e-01,-2.028179913759231567e-02,-6.269798427820205688e-02,1.835502237081527710e-01,2.261031866073608398e-01,-2.402522116899490356e-01,-6.070978008210659027e-03,-2.304937988519668579e-01,-2.960510551929473877e-02,1.168861798942089081e-02,2.122217267751693726e-01,2.707465589046478271e-01,5.401015654206275940e-02,2.463981509208679199e-02,-1.325850933790206909e-02,-4.654452204704284668e-03,3.538634628057479858e-02,-8.337066322565078735e-02,2.705541811883449554e-02,4.696974903345108032e-02,2.581327855587005615e-01,-7.691260427236557007e-02,-2.305441722273826599e-02,9.154371917247772217e-02,9.515023231506347656e-02,1.707789488136768341e-03,-3.041217103600502014e-02,-1.301238685846328735e-02,-7.795567065477371216e-02,5.341097712516784668e-02,4.498334601521492004e-02,-9.126948565244674683e-02,-2.538400888442993164e-01,2.431846112012863159e-01,-2.949816174805164337e-03,1.752555668354034424e-01,8.295886218547821045e-03,4.686369746923446655e-02,-2.560436129570007324e-01,4.612562805414199829e-02,1.672495156526565552e-01,9.439066983759403229e-03,-2.859478294849395752e-01,9.688566625118255615e-02,2.470786273479461670e-01,-2.754677236080169678e-01,-5.531844217330217361e-03,1.714964956045150757e-01,-1.268405932933092117e-02,1.986802071332931519e-01,2.181780338287353516e-01,-1.132108047604560852e-01,-1.726306974887847900e-02,-1.186022683978080750e-01,-3.914206475019454956e-02,4.946471378207206726e-02,6.654550135135650635e-02,1.980793774127960205e-01,-5.589576065540313721e-02,2.065247446298599243e-01,5.043220520019531250e-02,-1.627815514802932739e-01,7.934576133266091347e-04,1.763844937086105347e-01,-1.121134385466575623e-01,3.141943365335464478e-02,-6.786680966615676880e-02,2.648761570453643799e-01,3.418512642383575439e-02,-2.907113730907440186e-01,-4.493202269077301025e-02,1.826898455619812012e-01,2.284607291221618652e-01,6.810931861400604248e-02,3.284998238086700439e-02,-2.305277734994888306e-01,7.262615859508514404e-02,2.075979709625244141e-01,-2.801688853651285172e-03,-2.789927124977111816e-01,2.541140913963317871e-01,-1.795368045568466187e-01,-5.387277528643608093e-02,2.804567813873291016e-01,-6.420192867517471313e-02,-8.127722889184951782e-02,-2.139738053083419800e-01,-2.466367185115814209e-01,7.806979864835739136e-02,2.325366437435150146e-01,1.310129165649414062e-01,-5.107912700623273849e-03,-1.078337356448173523e-01
