9.999980926513671875e-01,-9.999979734420776367e-01,-9.999855756759643555e-01,9.999981522560119629e-01,9.999986886978149414e-01,-9.999983310699462891e-01,9.999794363975524902e-01,9.999989271163940430e-01,-9.999964833259582520e-01,9.999959468841552734e-01,-9.999949932098388672e-01,-9.999987483024597168e-01,9.999980926513671875e-01,9.999973177909851074e-01,9.999415874481201172e-01,9.999977350234985352e-01,9.999976754188537598e-01,-9.999979734420776367e-01,9.999456405639648438e-01,-9.999989271163940430e-01,-9.999988079071044922e-01,9.999850392341613770e-01,9.999971985816955566e-01,9.999983906745910645e-01,9.999837279319763184e-01,9.999989271163940430e-01,-9.999983310699462891e-01,-9.999988079071044922e-01,9.999762177467346191e-01,-9.999952912330627441e-01,-9.999971985816955566e-01,-9.999985694885253906e-01,9.999961853027343750e-01,9.999977946281433105e-01,-9.999967813491821289e-01,-9.999942779541015625e-01,9.999988675117492676e-01,9.999985098838806152e-01,9.999930262565612793e-01,-9.999986290931701660e-01,9.999982118606567383e-01,-9.999973177909851074e-01,9.999387264251708984e-01,9.999985098838806152e-01,9.999963045120239258e-01,9.999973773956298828e-01,9.999951720237731934e-01,9.999969005584716797e-01,9.999986886978149414e-01,-9.999984502792358398e-01,-9.999985694885253906e-01,-9.999969005584716797e-01,-9.999983906745910645e-01,-9.999892711639404297e-01,-9.999955892562866211e-01,-9.999973773956298828e-01,-9.999978542327880859e-01,9.999788999557495117e-01,9.999973773956298828e-01,9.999974966049194336e-01,-9.999944567680358887e-01,9.999988079071044922e-01,9.999982118606567383e-01,9.999951124191284180e-01,-9.999945759773254395e-01,-9.999986886978149414e-01,-9.999988675117492676e-01,-9.999926686286926270e-01,-9.999979734420776367e-01,9.999988079071044922e-01,-9.999985098838806152e-01,9.999973773956298828e-01,9.999963045120239258e-01,-9.999868273735046387e-01,9.998911619186401367e-01,-9.999977946281433105e-01,9.999835491180419922e-01,9.999980330467224121e-01,-9.999890923500061035e-01,-9.999973177909851074e-01,9.998909831047058105e-01,9.999975562095642090e-01,-9.999986290931701660e-01,7.586522102355957031e-01,-9.999982118606567383e-01,-9.999830722808837891e-01,9.999933242797851562e-01,9.999985694885253906e-01,-9.999830722808837891e-01,9.999979138374328613e-01,-9.999982118606567383e-01,9.999982714653015137e-01,-9.999691247940063477e-01,-9.999982118606567383e-01,9.999985694885253906e-01,-9.999973177909851074e-01,-9.998555183410644531e-01,9.999988079071044922e-01,-9.999986290931701660e-01,9.999918937683105469e-01,-9.999974370002746582e-01,9.999985694885253906e-01,-9.999876022338867188e-01,-9.999775290489196777e-01,9.999983906745910645e-01,9.999943375587463379e-01,9.999859929084777832e-01,-9.999971985816955566e-01,-9.999942779541015625e-01,9.999983310699462891e-01,-9.999970793724060059e-01,9.999984502792358398e-01,-9.999977946281433105e-01,-9.999917745590209961e-01,9.999989271163940430e-01,-9.999983310699462891e-01,9.999983310699462891e-01,-9.999987483024597168e-01,-9.999864697456359863e-01,-9.999976754188537598e-01,-9.999986886978149414e-01,9.999956488609313965e-01,9.999984502792358398e-01,-9.999973773956298828e-01,9.999787807464599609e-01,-9.999949336051940918e-01,-9.999566078186035156e-01,-9.999976754188537598e-01
-9.999979734420776367e-01,9.999979138374328613e-01,9.999847412109375000e-01,-9.999981522560119629e-01,-9.999986290931701660e-01,9.999983310699462891e-01,-9.999783635139465332e-01,-9.999989271163940430e-01,9.999963641166687012e-01,-9.999959468841552734e-01,9.999946951866149902e-01,9.999987483024597168e-01,-9.999980330467224121e-01,-9.999972581863403320e-01,-9.999381899833679199e-01,-9.999976754188537598e-01,-9.999976158142089844e-01,9.999978542327880859e-01,-9.999426007270812988e-01,9.999989271163940430e-01,9.999989271163940430e-01,-9.999842643737792969e-01,-9.999970793724060059e-01,-9.999983906745910645e-01,-9.999827742576599121e-01,-9.999989867210388184e-01,9.999983310699462891e-01,9.999987483024597168e-01,-9.999749660491943359e-01,9.999949932098388672e-01,9.999971389770507812e-01,9.999985098838806152e-01,-9.999960660934448242e-01,-9.999977350234985352e-01,9.999966621398925781e-01,9.999939799308776855e-01,-9.999988675117492676e-01,-9.999986290931701660e-01,-9.999926090240478516e-01,9.999986886978149414e-01,-9.999982714653015137e-01,9.999971389770507812e-01,-9.999352693557739258e-01,-9.999985098838806152e-01,-9.999962449073791504e-01,-9.999972581863403320e-01,-9.999950528144836426e-01,-9.999968409538269043e-01,-9.999986290931701660e-01,9.999984502792358398e-01,9.999986290931701660e-01,9.999967217445373535e-01,9.999983310699462891e-01,9.999887347221374512e-01,9.999954104423522949e-01,9.999973177909851074e-01,9.999977946281433105e-01,-9.999778270721435547e-01,-9.999973177909851074e-01,-9.999973177909851074e-01,9.999940991401672363e-01,-9.999988079071044922e-01,-9.999980926513671875e-01,-9.999948740005493164e-01,9.999943375587463379e-01,9.999986886978149414e-01,9.999988079071044922e-01,9.999922513961791992e-01,9.999979734420776367e-01,-9.999988079071044922e-01,9.999985098838806152e-01,-9.999973177909851074e-01,-9.999961853027343750e-01,9.999861121177673340e-01,-9.998849034309387207e-01,9.999976754188537598e-01,-9.999826550483703613e-01,-9.999980330467224121e-01,9.999886155128479004e-01,9.999972581863403320e-01,-9.998848438262939453e-01,-9.999974370002746582e-01,9.999986290931701660e-01,-7.585923671722412109e-01,9.999982118606567383e-01,9.999821186065673828e-01,-9.999929666519165039e-01,-9.999985694885253906e-01,9.999821186065673828e-01,-9.999978542327880859e-01,9.999982118606567383e-01,-9.999982714653015137e-01,9.999673366546630859e-01,9.999982118606567383e-01,-9.999984502792358398e-01,9.999972581863403320e-01,9.998472929000854492e-01,-9.999987483024597168e-01,9.999986886978149414e-01,-9.999914765357971191e-01,9.999973773956298828e-01,-9.999984502792358398e-01,9.999868869781494141e-01,9.999763369560241699e-01,-9.999982714653015137e-01,-9.999940991401672363e-01,-9.999852776527404785e-01,9.999971389770507812e-01,9.999939799308776855e-01,-9.999983906745910645e-01,9.999970793724060059e-01,-9.999983906745910645e-01,9.999977350234985352e-01,9.999914169311523438e-01,-9.999989867210388184e-01,9.999983310699462891e-01,-9.999983310699462891e-01,9.999986886978149414e-01,9.999856948852539062e-01,9.999976158142089844e-01,9.999986886978149414e-01,-9.999954104423522949e-01,-9.999984502792358398e-01,9.999973177909851074e-01,-9.999775886535644531e-01,9.999947547912597656e-01,9.999541640281677246e-01,9.999976158142089844e-01
-9.999855756759643555e-01,9.999847412109375000e-01,9.998896121978759766e-01,-9.999860525131225586e-01,-9.999908208847045898e-01,9.999881386756896973e-01,-9.998430609703063965e-01,-9.999918937683105469e-01,9.999742507934570312e-01,-9.999701976776123047e-01,9.999616146087646484e-01,9.999908804893493652e-01,-9.999853372573852539e-01,-9.999803304672241211e-01,-9.995543360710144043e-01,-9.999833106994628906e-01,-9.999823570251464844e-01,9.999846816062927246e-01,-9.995853900909423828e-01,9.999921917915344238e-01,9.999911189079284668e-01,-9.998863935470581055e-01,-9.999791383743286133e-01,-9.999877810478210449e-01,-9.998749494552612305e-01,-9.999921321868896484e-01,9.999874234199523926e-01,9.999911785125732422e-01,-9.998184442520141602e-01,9.999638795852661133e-01,9.999788999557495117e-01,9.999893307685852051e-01,-9.999712705612182617e-01,-9.999834299087524414e-01,9.999763369560241699e-01,9.999563694000244141e-01,-9.999916553497314453e-01,-9.999895691871643066e-01,-9.999464154243469238e-01,9.999904036521911621e-01,-9.999874234199523926e-01,9.999795556068420410e-01,-9.995326995849609375e-01,-9.999887943267822266e-01,-9.999724030494689941e-01,-9.999803900718688965e-01,-9.999636411666870117e-01,-9.999774098396301270e-01,-9.999900460243225098e-01,9.999884963035583496e-01,9.999896883964538574e-01,9.999766349792480469e-01,9.999880790710449219e-01,9.999181628227233887e-01,9.999663829803466797e-01,9.999809265136718750e-01,9.999836683273315430e-01,-9.998391866683959961e-01,-9.999802112579345703e-01,-9.999809265136718750e-01,9.999574422836303711e-01,-9.999910593032836914e-01,-9.999866485595703125e-01,-9.999629259109497070e-01,9.999591708183288574e-01,9.999902248382568359e-01,9.999913573265075684e-01,9.999440312385559082e-01,9.999849796295166016e-01,-9.999908804893493652e-01,9.999888539314270020e-01,-9.999805092811584473e-01,-9.999722242355346680e-01,9.998994469642639160e-01,-9.991704225540161133e-01,9.999834895133972168e-01,-9.998743534088134766e-01,-9.999858736991882324e-01,9.999178051948547363e-01,9.999803304672241211e-01,-9.991698265075683594e-01,-9.999817609786987305e-01,9.999901056289672852e-01,-7.517979741096496582e-01,9.999873042106628418e-01,9.998707175254821777e-01,-9.999489784240722656e-01,-9.999892115592956543e-01,9.998704791069030762e-01,-9.999845623970031738e-01,9.999870061874389648e-01,-9.999870061874389648e-01,9.997640848159790039e-01,9.999865889549255371e-01,-9.999884366989135742e-01,9.999802708625793457e-01,9.988982677459716797e-01,-9.999910593032836914e-01,9.999900460243225098e-01,-9.999383091926574707e-01,9.999806284904479980e-01,-9.999891519546508789e-01,9.999052882194519043e-01,9.998285174369812012e-01,-9.999876022338867188e-01,-9.999573826789855957e-01,-9.998936653137207031e-01,9.999789595603942871e-01,9.999560117721557617e-01,-9.999876618385314941e-01,9.999792575836181641e-01,-9.999884963035583496e-01,9.999837875366210938e-01,9.999375939369201660e-01,-9.999920129776000977e-01,9.999874234199523926e-01,-9.999873042106628418e-01,9.999899864196777344e-01,9.998967051506042480e-01,9.999831914901733398e-01,9.999905228614807129e-01,-9.999668598175048828e-01,-9.999890923500061035e-01,9.999802708625793457e-01,-9.998378157615661621e-01,9.999613165855407715e-01,9.996694326400756836e-01,9.999830722808837891e-01
9.999981522560119629e-01,-9.999981522560119629e-01,-9.999860525131225586e-01,9.999982118606567383e-01,9.999988079071044922e-01,-9.999983906745910645e-01,9.999802112579345703e-01,9.999989867210388184e-01,-9.999967217445373535e-01,9.999961853027343750e-01,-9.999951124191284180e-01,-9.999987483024597168e-01,9.999981522560119629e-01,9.999974370002746582e-01,9.999436140060424805e-01,9.999977946281433105e-01,9.999977350234985352e-01,-9.999979138374328613e-01,9.999474883079528809e-01,-9.999990463256835938e-01,-9.999989271163940430e-01,9.999856352806091309e-01,9.999973177909851074e-01,9.999984502792358398e-01,9.999842047691345215e-01,9.999990463256835938e-01,-9.999983906745910645e-01,-9.999988675117492676e-01,9.999770522117614746e-01,-9.999954700469970703e-01,-9.999972581863403320e-01,-9.999986290931701660e-01,9.999963045120239258e-01,9.999978542327880859e-01,-9.999969005584716797e-01,-9.999945163726806641e-01,9.999989271163940430e-01,9.999986290931701660e-01,9.999931454658508301e-01,-9.999987483024597168e-01,9.999983906745910645e-01,-9.999973773956298828e-01,9.999408721923828125e-01,9.999985694885253906e-01,9.999964833259582520e-01,9.999974966049194336e-01,9.999954104423522949e-01,9.999971389770507812e-01,9.999987483024597168e-01,-9.999986290931701660e-01,-9.999986886978149414e-01,-9.999970197677612305e-01,-9.999984502792358398e-01,-9.999897480010986328e-01,-9.999957680702209473e-01,-9.999974966049194336e-01,-9.999979734420776367e-01,9.999797344207763672e-01,9.999974370002746582e-01,9.999974966049194336e-01,-9.999946355819702148e-01,9.999989271163940430e-01,9.999982714653015137e-01,9.999952316284179688e-01,-9.999948740005493164e-01,-9.999988079071044922e-01,-9.999988675117492676e-01,-9.999929070472717285e-01,-9.999980926513671875e-01,9.999989271163940430e-01,-9.999985694885253906e-01,9.999974966049194336e-01,9.999964237213134766e-01,-9.999873042106628418e-01,9.998950362205505371e-01,-9.999979138374328613e-01,9.999841451644897461e-01,9.999982118606567383e-01,-9.999895691871643066e-01,-9.999974370002746582e-01,9.998948574066162109e-01,9.999976754188537598e-01,-9.999987483024597168e-01,7.586882114410400391e-01,-9.999982714653015137e-01,-9.999836683273315430e-01,9.999935626983642578e-01,9.999986290931701660e-01,-9.999836683273315430e-01,9.999980330467224121e-01,-9.999983310699462891e-01,9.999983310699462891e-01,-9.999701976776123047e-01,-9.999983906745910645e-01,9.999986290931701660e-01,-9.999974966049194336e-01,-9.998605251312255859e-01,9.999988675117492676e-01,-9.999987483024597168e-01,9.999921321868896484e-01,-9.999974966049194336e-01,9.999986290931701660e-01,-9.999880194664001465e-01,-9.999783039093017578e-01,9.999983906745910645e-01,9.999945163726806641e-01,9.999865889549255371e-01,-9.999973177909851074e-01,-9.999944567680358887e-01,9.999983906745910645e-01,-9.999972581863403320e-01,9.999986290931701660e-01,-9.999979138374328613e-01,-9.999922513961791992e-01,9.999990463256835938e-01,-9.999983906745910645e-01,9.999983906745910645e-01,-9.999988079071044922e-01,-9.999869465827941895e-01,-9.999978542327880859e-01,-9.999988079071044922e-01,9.999958276748657227e-01,9.999986290931701660e-01,-9.999975562095642090e-01,9.999794960021972656e-01,-9.999951124191284180e-01,-9.999581575393676758e-01,-9.999977946281433105e-01
9.999986886978149414e-01,-9.999986290931701660e-01,-9.999908208847045898e-01,9.999988079071044922e-01,9.999991655349731445e-01,-9.999989271163940430e-01,9.999870061874389648e-01,9.999993443489074707e-01,-9.999977946281433105e-01,9.999974370002746582e-01,-9.999966621398925781e-01,-9.999991655349731445e-01,9.999986886978149414e-01,9.999982714653015137e-01,9.999629855155944824e-01,9.999985098838806152e-01,9.999985098838806152e-01,-9.999986290931701660e-01,9.999655485153198242e-01,-9.999993443489074707e-01,-9.999992847442626953e-01,9.999905824661254883e-01,9.999982714653015137e-01,9.999989271163940430e-01,9.999896287918090820e-01,9.999992847442626953e-01,-9.999989271163940430e-01,-9.999992251396179199e-01,9.999849796295166016e-01,-9.999969005584716797e-01,-9.999982118606567383e-01,-9.999991655349731445e-01,9.999975562095642090e-01,9.999986290931701660e-01,-9.999979138374328613e-01,-9.999963641166687012e-01,9.999993443489074707e-01,9.999990463256835938e-01,9.999955296516418457e-01,-9.999991655349731445e-01,9.999988675117492676e-01,-9.999982714653015137e-01,9.999611973762512207e-01,9.999989867210388184e-01,9.999976158142089844e-01,9.999983310699462891e-01,9.999969601631164551e-01,9.999979734420776367e-01,9.999992251396179199e-01,-9.999989867210388184e-01,-9.999991655349731445e-01,-9.999980330467224121e-01,-9.999989271163940430e-01,-9.999932050704956055e-01,-9.999971985816955566e-01,-9.999983310699462891e-01,-9.999985694885253906e-01,9.999867081642150879e-01,9.999983310699462891e-01,9.999983310699462891e-01,-9.999964237213134766e-01,9.999992251396179199e-01,9.999988079071044922e-01,9.999967813491821289e-01,-9.999964833259582520e-01,-9.999992251396179199e-01,-9.999993443489074707e-01,-9.999952316284179688e-01,-9.999987483024597168e-01,9.999992847442626953e-01,-9.999989867210388184e-01,9.999982714653015137e-01,9.999976754188537598e-01,-9.999917149543762207e-01,9.999312758445739746e-01,-9.999985098838806152e-01,9.999895095825195312e-01,9.999987483024597168e-01,-9.999930858612060547e-01,-9.999982714653015137e-01,9.999311566352844238e-01,9.999983906745910645e-01,-9.999991059303283691e-01,7.590361237525939941e-01,-9.999988675117492676e-01,-9.999892115592956543e-01,9.999957084655761719e-01,9.999991655349731445e-01,-9.999892711639404297e-01,9.999986290931701660e-01,-9.999988079071044922e-01,9.999988675117492676e-01,-9.999803900718688965e-01,-9.999988079071044922e-01,9.999991059303283691e-01,-9.999982714653015137e-01,-9.999085068702697754e-01,9.999992847442626953e-01,-9.999991059303283691e-01,9.999948143959045410e-01,-9.999982714653015137e-01,9.999991655349731445e-01,-9.999920725822448730e-01,-9.999858140945434570e-01,9.999988675117492676e-01,9.999963045120239258e-01,9.999911189079284668e-01,-9.999981522560119629e-01,-9.999963045120239258e-01,9.999989271163940430e-01,-9.999980330467224121e-01,9.999991059303283691e-01,-9.999985694885253906e-01,-9.999947547912597656e-01,9.999994039535522461e-01,-9.999988675117492676e-01,9.999988675117492676e-01,-9.999992251396179199e-01,-9.999914765357971191e-01,-9.999985098838806152e-01,-9.999991655349731445e-01,9.999971985816955566e-01,9.999991655349731445e-01,-9.999983310699462891e-01,9.999864697456359863e-01,-9.999967813491821289e-01,-9.999725818634033203e-01,-9.999985098838806152e-01
-9.999983310699462891e-01,9.999983310699462891e-01,9.999881386756896973e-01,-9.999983906745910645e-01,-9.999989271163940430e-01,9.999986886978149414e-01,-9.999831914901733398e-01,-9.999991655349731445e-01,9.999971985816955566e-01,-9.999967813491821289e-01,9.999958276748657227e-01,9.999990463256835938e-01,-9.999983906745910645e-01,-9.999977946281433105e-01,-9.999520182609558105e-01,-9.999982118606567383e-01,-9.999980926513671875e-01,9.999983310699462891e-01,-9.999554753303527832e-01,9.999991059303283691e-01,9.999992251396179199e-01,-9.999878406524658203e-01,-9.999977350234985352e-01,-9.999986886978149414e-01,-9.999865889549255371e-01,-9.999991655349731445e-01,9.999986290931701660e-01,9.999991059303283691e-01,-9.999805092811584473e-01,9.999960660934448242e-01,9.999976754188537598e-01,9.999988675117492676e-01,-9.999968409538269043e-01,-9.999982118606567383e-01,9.999973773956298828e-01,9.999953508377075195e-01,-9.999992251396179199e-01,-9.999988675117492676e-01,-9.999942779541015625e-01,9.999989271163940430e-01,-9.999985694885253906e-01,9.999977946281433105e-01,-9.999498128890991211e-01,-9.999987483024597168e-01,-9.999970793724060059e-01,-9.999977946281433105e-01,-9.999960660934448242e-01,-9.999974966049194336e-01,-9.999989271163940430e-01,9.999987483024597168e-01,9.999988079071044922e-01,9.999973773956298828e-01,9.999986290931701660e-01,9.999912381172180176e-01,9.999963641166687012e-01,9.999978542327880859e-01,9.999982118606567383e-01,-9.999827742576599121e-01,-9.999978542327880859e-01,-9.999978542327880859e-01,9.999954700469970703e-01,-9.999991059303283691e-01,-9.999984502792358398e-01,-9.999959468841552734e-01,9.999955892562866211e-01,9.999989271163940430e-01,9.999991059303283691e-01,9.999939203262329102e-01,9.999983906745910645e-01,-9.999990463256835938e-01,9.999986886978149414e-01,-9.999978542327880859e-01,-9.999970793724060059e-01,9.999892115592956543e-01,-9.999108314514160156e-01,9.999982118606567383e-01,-9.999865293502807617e-01,-9.999984502792358398e-01,9.999911189079284668e-01,9.999977946281433105e-01,-9.999107718467712402e-01,-9.999980330467224121e-01,9.999989271163940430e-01,-7.588407993316650391e-01,9.999985694885253906e-01,9.999861121177673340e-01,-9.999944567680358887e-01,-9.999987483024597168e-01,9.999861121177673340e-01,-9.999983310699462891e-01,9.999985694885253906e-01,-9.999985694885253906e-01,9.999746680259704590e-01,9.999985694885253906e-01,-9.999987483024597168e-01,9.999977946281433105e-01,9.998816847801208496e-01,-9.999989867210388184e-01,9.999988675117492676e-01,-9.999933242797851562e-01,9.999978542327880859e-01,-9.999988079071044922e-01,9.999898672103881836e-01,9.999815821647644043e-01,-9.999986290931701660e-01,-9.999953508377075195e-01,-9.999884963035583496e-01,9.999976754188537598e-01,9.999952912330627441e-01,-9.999985694885253906e-01,9.999976754188537598e-01,-9.999987483024597168e-01,9.999981522560119629e-01,9.999933242797851562e-01,-9.999991655349731445e-01,9.999986290931701660e-01,-9.999985098838806152e-01,9.999989271163940430e-01,9.999889135360717773e-01,9.999980330467224121e-01,9.999989271163940430e-01,-9.999964237213134766e-01,-9.999987483024597168e-01,9.999978542327880859e-01,-9.999825358390808105e-01,9.999958872795104980e-01,9.999644756317138672e-01,9.999981522560119629e-01
9.999794363975524902e-01,-9.999783635139465332e-01,-9.998430609703063965e-01,9.999802112579345703e-01,9.999870061874389648e-01,-9.999831914901733398e-01,9.997767210006713867e-01,9.999886155128479004e-01,-9.999634623527526855e-01,9.999576210975646973e-01,-9.999456405639648438e-01,-9.999870657920837402e-01,9.999793767929077148e-01,9.999722838401794434e-01,9.993661642074584961e-01,9.999763369560241699e-01,9.999750256538391113e-01,-9.999783635139465332e-01,9.994103312492370605e-01,-9.999890327453613281e-01,-9.999874830245971680e-01,9.998384714126586914e-01,9.999704360961914062e-01,9.999827742576599121e-01,9.998222589492797852e-01,9.999889135360717773e-01,-9.999821782112121582e-01,-9.999874830245971680e-01,9.997417330741882324e-01,-9.999487996101379395e-01,-9.999700784683227539e-01,-9.999848604202270508e-01,9.999591112136840820e-01,9.999765753746032715e-01,-9.999663829803466797e-01,-9.999381303787231445e-01,9.999881982803344727e-01,9.999850988388061523e-01,9.999238848686218262e-01,-9.999865293502807617e-01,9.999822974205017090e-01,-9.999710321426391602e-01,9.993354678153991699e-01,9.999840855598449707e-01,9.999606609344482422e-01,9.999721646308898926e-01,9.999483227729797363e-01,9.999679327011108398e-01,9.999858140945434570e-01,-9.999836683273315430e-01,-9.999853372573852539e-01,-9.999668598175048828e-01,-9.999831318855285645e-01,-9.998836517333984375e-01,-9.999521970748901367e-01,-9.999729394912719727e-01,-9.999768137931823730e-01,9.997712373733520508e-01,9.999719858169555664e-01,9.999729990959167480e-01,-9.999395608901977539e-01,9.999872446060180664e-01,9.999809861183166504e-01,9.999473094940185547e-01,-9.999420642852783203e-01,-9.999861121177673340e-01,-9.999876618385314941e-01,-9.999203681945800781e-01,-9.999787211418151855e-01,9.999872446060180664e-01,-9.999840855598449707e-01,9.999722242355346680e-01,9.999604821205139160e-01,-9.998570680618286133e-01,9.988201260566711426e-01,-9.999766349792480469e-01,9.998213052749633789e-01,9.999798536300659180e-01,-9.998831748962402344e-01,-9.999721646308898926e-01,9.988194108009338379e-01,9.999741315841674805e-01,-9.999859929084777832e-01,7.485072016716003418e-01,-9.999821186065673828e-01,-9.998161196708679199e-01,9.999273419380187988e-01,9.999848008155822754e-01,-9.998158216476440430e-01,9.999780654907226562e-01,-9.999817013740539551e-01,9.999815821647644043e-01,-9.996643662452697754e-01,-9.999811053276062012e-01,9.999836087226867676e-01,-9.999720454216003418e-01,-9.984333515167236328e-01,9.999874830245971680e-01,-9.999860525131225586e-01,9.999123811721801758e-01,-9.999725222587585449e-01,9.999847412109375000e-01,-9.998653531074523926e-01,-9.997559785842895508e-01,9.999825358390808105e-01,9.999393820762634277e-01,9.998487830162048340e-01,-9.999701380729675293e-01,-9.999374747276306152e-01,9.999824762344360352e-01,-9.999704360961914062e-01,9.999837279319763184e-01,-9.999769330024719238e-01,-9.999113082885742188e-01,9.999889135360717773e-01,-9.999822974205017090e-01,9.999819993972778320e-01,-9.999857544898986816e-01,-9.998531341552734375e-01,-9.999760985374450684e-01,-9.999865889549255371e-01,9.999529719352722168e-01,9.999845623970031738e-01,-9.999720454216003418e-01,9.997694492340087891e-01,-9.999450445175170898e-01,-9.995298981666564941e-01,-9.999759793281555176e-01
9.999989271163940430e-01,-9.999989271163940430e-01,-9.999918937683105469e-01,9.999989867210388184e-01,9.999993443489074707e-01,-9.999991655349731445e-01,9.999886155128479004e-01,9.999995231628417969e-01,-9.999980926513671875e-01,9.999978542327880859e-01,-9.999971985816955566e-01,-9.999994635581970215e-01,9.999989867210388184e-01,9.999986290931701660e-01,9.999670982360839844e-01,9.999987483024597168e-01,9.999987483024597168e-01,-9.999988675117492676e-01,9.999694228172302246e-01,-9.999994635581970215e-01,-9.999994635581970215e-01,9.999917149543762207e-01,9.999985098838806152e-01,9.999991655349731445e-01,9.999908804893493652e-01,9.999995231628417969e-01,-9.999992251396179199e-01,-9.999994635581970215e-01,9.999867081642150879e-01,-9.999973773956298828e-01,-9.999985098838806152e-01,-9.999992251396179199e-01,9.999979734420776367e-01,9.999988079071044922e-01,-9.999982118606567383e-01,-9.999967217445373535e-01,9.999994635581970215e-01,9.999993443489074707e-01,9.999961256980895996e-01,-9.999993443489074707e-01,9.999992251396179199e-01,-9.999985694885253906e-01,9.999655485153198242e-01,9.999992251396179199e-01,9.999979138374328613e-01,9.999985098838806152e-01,9.999973773956298828e-01,9.999983310699462891e-01,9.999994039535522461e-01,-9.999992847442626953e-01,-9.999992847442626953e-01,-9.999982714653015137e-01,-9.999991655349731445e-01,-9.999940395355224609e-01,-9.999975562095642090e-01,-9.999985694885253906e-01,-9.999988675117492676e-01,9.999882578849792480e-01,9.999986290931701660e-01,9.999985694885253906e-01,-9.999969005584716797e-01,9.999994635581970215e-01,9.999990463256835938e-01,9.999972581863403320e-01,-9.999969601631164551e-01,-9.999994039535522461e-01,-9.999994635581970215e-01,-9.999958872795104980e-01,-9.999989867210388184e-01,9.999994635581970215e-01,-9.999992251396179199e-01,9.999986290931701660e-01,9.999979734420776367e-01,-9.999927282333374023e-01,9.999387860298156738e-01,-9.999987483024597168e-01,9.999908208847045898e-01,9.999989867210388184e-01,-9.999939203262329102e-01,-9.999985098838806152e-01,9.999387860298156738e-01,9.999986290931701660e-01,-9.999992847442626953e-01,7.591081261634826660e-01,-9.999992251396179199e-01,-9.999905228614807129e-01,9.999963045120239258e-01,9.999992251396179199e-01,-9.999905824661254883e-01,9.999988675117492676e-01,-9.999991059303283691e-01,9.999992251396179199e-01,-9.999826550483703613e-01,-9.999990463256835938e-01,9.999992847442626953e-01,-9.999985098838806152e-01,-9.999186396598815918e-01,9.999994635581970215e-01,-9.999992847442626953e-01,9.999954700469970703e-01,-9.999985694885253906e-01,9.999992251396179199e-01,-9.999930262565612793e-01,-9.999874234199523926e-01,9.999991059303283691e-01,9.999968409538269043e-01,9.999921917915344238e-01,-9.999984502792358398e-01,-9.999967813491821289e-01,9.999992251396179199e-01,-9.999984502792358398e-01,9.999992847442626953e-01,-9.999988675117492676e-01,-9.999954700469970703e-01,9.999995231628417969e-01,-9.999991059303283691e-01,9.999991059303283691e-01,-9.999994635581970215e-01,-9.999924898147583008e-01,-9.999988079071044922e-01,-9.999993443489074707e-01,9.999975562095642090e-01,9.999992251396179199e-01,-9.999985098838806152e-01,9.999881386756896973e-01,-9.999971985816955566e-01,-9.999756217002868652e-01,-9.999987483024597168e-01
-9.999964833259582520e-01,9.999963641166687012e-01,9.999742507934570312e-01,-9.999967217445373535e-01,-9.999977946281433105e-01,9.999971985816955566e-01,-9.999634623527526855e-01,-9.999980926513671875e-01,9.999940395355224609e-01,-9.999930858612060547e-01,9.999910593032836914e-01,9.999977946281433105e-01,-9.999964833259582520e-01,-9.999953508377075195e-01,-9.998962283134460449e-01,-9.999960660934448242e-01,-9.999958872795104980e-01,9.999963045120239258e-01,-9.999034404754638672e-01,9.999980926513671875e-01,9.999979734420776367e-01,-9.999735951423645020e-01,-9.999951720237731934e-01,-9.999971389770507812e-01,-9.999709725379943848e-01,-9.999981522560119629e-01,9.999970197677612305e-01,9.999979138374328613e-01,-9.999577403068542480e-01,9.999915957450866699e-01,9.999949932098388672e-01,9.999974966049194336e-01,-9.999933242797851562e-01,-9.999960660934448242e-01,9.999945163726806641e-01,9.999898672103881836e-01,-9.999980330467224121e-01,-9.999975562095642090e-01,-9.999876022338867188e-01,9.999977350234985352e-01,-9.999970197677612305e-01,9.999952316284179688e-01,-9.998912215232849121e-01,-9.999973177909851074e-01,-9.999935626983642578e-01,-9.999954700469970703e-01,-9.999915361404418945e-01,-9.999947547912597656e-01,-9.999976754188537598e-01,9.999972581863403320e-01,9.999975562095642090e-01,9.999945759773254395e-01,9.999970793724060059e-01,9.999810457229614258e-01,9.999921917915344238e-01,9.999955296516418457e-01,9.999961256980895996e-01,-9.999625086784362793e-01,-9.999954104423522949e-01,-9.999955296516418457e-01,9.999901056289672852e-01,-9.999979138374328613e-01,-9.999968409538269043e-01,-9.999913573265075684e-01,9.999905228614807129e-01,9.999976754188537598e-01,9.999979138374328613e-01,9.999868869781494141e-01,9.999964237213134766e-01,-9.999978542327880859e-01,9.999972581863403320e-01,-9.999954700469970703e-01,-9.999936223030090332e-01,9.999766349792480469e-01,-9.998069405555725098e-01,9.999960064888000488e-01,-9.999707937240600586e-01,-9.999966621398925781e-01,9.999808669090270996e-01,9.999954700469970703e-01,-9.998067021369934082e-01,-9.999957084655761719e-01,9.999976158142089844e-01,-7.578436136245727539e-01,9.999969601631164551e-01,9.999699592590332031e-01,-9.999881386756896973e-01,-9.999974966049194336e-01,9.999698996543884277e-01,-9.999962449073791504e-01,9.999969601631164551e-01,-9.999969601631164551e-01,9.999450445175170898e-01,9.999968409538269043e-01,-9.999972581863403320e-01,9.999954104423522949e-01,9.997434020042419434e-01,-9.999978542327880859e-01,9.999976754188537598e-01,-9.999856948852539062e-01,9.999954104423522949e-01,-9.999973773956298828e-01,9.999778866767883301e-01,9.999600648880004883e-01,-9.999970793724060059e-01,-9.999901056289672852e-01,-9.999753236770629883e-01,9.999951124191284180e-01,9.999898076057434082e-01,-9.999970197677612305e-01,9.999951124191284180e-01,-9.999972581863403320e-01,9.999961853027343750e-01,9.999855160713195801e-01,-9.999981522560119629e-01,9.999970197677612305e-01,-9.999969005584716797e-01,9.999976754188537598e-01,9.999759793281555176e-01,9.999959468841552734e-01,9.999977946281433105e-01,-9.999923110008239746e-01,-9.999973773956298828e-01,9.999954104423522949e-01,-9.999622702598571777e-01,9.999909996986389160e-01,9.999229907989501953e-01,9.999958872795104980e-01
9.999959468841552734e-01,-9.999959468841552734e-01,-9.999701976776123047e-01,9.999961853027343750e-01,9.999974370002746582e-01,-9.999967813491821289e-01,9.999576210975646973e-01,9.999978542327880859e-01,-9.999930858612060547e-01,9.999919533729553223e-01,-9.999896883964538574e-01,-9.999974966049194336e-01,9.999960064888000488e-01,9.999946951866149902e-01,9.998793601989746094e-01,9.999954104423522949e-01,9.999952912330627441e-01,-9.999958276748657227e-01,9.998878240585327148e-01,-9.999978542327880859e-01,-9.999976158142089844e-01,9.999693632125854492e-01,9.999943375587463379e-01,9.999967813491821289e-01,9.999662041664123535e-01,9.999978542327880859e-01,-9.999966621398925781e-01,-9.999976158142089844e-01,9.999509453773498535e-01,-9.999903440475463867e-01,-9.999942779541015625e-01,-9.999971389770507812e-01,9.999922513961791992e-01,9.999955296516418457e-01,-9.999935030937194824e-01,-9.999881386756896973e-01,9.999977946281433105e-01,9.999971389770507812e-01,9.999855756759643555e-01,-9.999973773956298828e-01,9.999965429306030273e-01,-9.999945163726806641e-01,9.998735785484313965e-01,9.999969005584716797e-01,9.999925494194030762e-01,9.999946951866149902e-01,9.999901652336120605e-01,9.999939203262329102e-01,9.999972581863403320e-01,-9.999968409538269043e-01,-9.999971389770507812e-01,-9.999936819076538086e-01,-9.999967217445373535e-01,-9.999778866767883301e-01,-9.999909996986389160e-01,-9.999947547912597656e-01,-9.999956488609313965e-01,9.999564886093139648e-01,9.999946355819702148e-01,9.999948740005493164e-01,-9.999885559082031250e-01,9.999976158142089844e-01,9.999963045120239258e-01,9.999899864196777344e-01,-9.999890327453613281e-01,-9.999973177909851074e-01,-9.999976158142089844e-01,-9.999848008155822754e-01,-9.999960064888000488e-01,9.999976158142089844e-01,-9.999969601631164551e-01,9.999948143959045410e-01,9.999924898147583008e-01,-9.999729394912719727e-01,9.997755885124206543e-01,-9.999955296516418457e-01,9.999660849571228027e-01,9.999962449073791504e-01,-9.999777674674987793e-01,-9.999946951866149902e-01,9.997754693031311035e-01,9.999950528144836426e-01,-9.999973177909851074e-01,7.575446367263793945e-01,-9.999965429306030273e-01,-9.999650120735168457e-01,9.999862313270568848e-01,9.999970793724060059e-01,-9.999649524688720703e-01,9.999957680702209473e-01,-9.999964833259582520e-01,9.999964237213134766e-01,-9.999362826347351074e-01,-9.999963641166687012e-01,9.999968409538269043e-01,-9.999946951866149902e-01,-9.997018575668334961e-01,9.999975562095642090e-01,-9.999973177909851074e-01,9.999833106994628906e-01,-9.999947547912597656e-01,9.999970197677612305e-01,-9.999744296073913574e-01,-9.999535679817199707e-01,9.999966025352478027e-01,9.999884963035583496e-01,9.999713301658630371e-01,-9.999943375587463379e-01,-9.999881386756896973e-01,9.999966025352478027e-01,-9.999943375587463379e-01,9.999968409538269043e-01,-9.999955892562866211e-01,-9.999831318855285645e-01,9.999978542327880859e-01,-9.999965429306030273e-01,9.999964833259582520e-01,-9.999973177909851074e-01,-9.999721050262451172e-01,-9.999954700469970703e-01,-9.999973177909851074e-01,9.999910593032836914e-01,9.999969601631164551e-01,-9.999946951866149902e-01,9.999561309814453125e-01,-9.999895691871643066e-01,-9.999105930328369141e-01,-9.999953508377075195e-01
-9.999949932098388672e-01,9.999946951866149902e-01,9.999616146087646484e-01,-9.999951124191284180e-01,-9.999966621398925781e-01,9.999958276748657227e-01,-9.999456405639648438e-01,-9.999971985816955566e-01,9.999910593032836914e-01,-9.999896883964538574e-01,9.999867677688598633e-01,9.999967217445373535e-01,-9.999948740005493164e-01,-9.999930858612060547e-01,-9.998453855514526367e-01,-9.999941587448120117e-01,-9.999939799308776855e-01,9.999946355819702148e-01,-9.998561739921569824e-01,9.999971985816955566e-01,9.999969005584716797e-01,-9.999605417251586914e-01,-9.999927878379821777e-01,-9.999957680702209473e-01,-9.999567270278930664e-01,-9.999972581863403320e-01,9.999956488609313965e-01,9.999969005584716797e-01,-9.999369978904724121e-01,9.999875426292419434e-01,9.999926686286926270e-01,9.999962449073791504e-01,-9.999900460243225098e-01,-9.999942779541015625e-01,9.999917745590209961e-01,9.999848008155822754e-01,-9.999970793724060059e-01,-9.999963045120239258e-01,-9.999814033508300781e-01,9.999966621398925781e-01,-9.999956488609313965e-01,9.999929666519165039e-01,-9.998379945755004883e-01,-9.999960660934448242e-01,-9.999904036521911621e-01,-9.999932050704956055e-01,-9.999874234199523926e-01,-9.999921917915344238e-01,-9.999964833259582520e-01,9.999959468841552734e-01,9.999963641166687012e-01,9.999919533729553223e-01,9.999958276748657227e-01,9.999716877937316895e-01,9.999883770942687988e-01,9.999933242797851562e-01,9.999943375587463379e-01,-9.999442100524902344e-01,-9.999931454658508301e-01,-9.999934434890747070e-01,9.999852776527404785e-01,-9.999968409538269043e-01,-9.999953508377075195e-01,-9.999871850013732910e-01,9.999858736991882324e-01,9.999966621398925781e-01,9.999969601631164551e-01,9.999805688858032227e-01,9.999948143959045410e-01,-9.999969005584716797e-01,9.999960660934448242e-01,-9.999932050704956055e-01,-9.999903440475463867e-01,9.999651312828063965e-01,-9.997122287750244141e-01,9.999942779541015625e-01,-9.999564290046691895e-01,-9.999951124191284180e-01,9.999715685844421387e-01,9.999930858612060547e-01,-9.997119903564453125e-01,-9.999936819076538086e-01,9.999965429306030273e-01,-7.569389939308166504e-01,9.999955892562866211e-01,9.999552369117736816e-01,-9.999822378158569336e-01,-9.999962449073791504e-01,9.999550580978393555e-01,-9.999945759773254395e-01,9.999954700469970703e-01,-9.999954700469970703e-01,9.999181628227233887e-01,9.999953508377075195e-01,-9.999960064888000488e-01,9.999932050704956055e-01,9.996176958084106445e-01,-9.999969005584716797e-01,9.999965429306030273e-01,-9.999786615371704102e-01,9.999932050704956055e-01,-9.999961853027343750e-01,9.999671578407287598e-01,9.999405145645141602e-01,-9.999957084655761719e-01,-9.999852180480957031e-01,-9.999630451202392578e-01,9.999927282333374023e-01,9.999848008155822754e-01,-9.999957084655761719e-01,9.999928474426269531e-01,-9.999959468841552734e-01,9.999943971633911133e-01,9.999784231185913086e-01,-9.999972581863403320e-01,9.999956488609313965e-01,-9.999955296516418457e-01,9.999964237213134766e-01,9.999641776084899902e-01,9.999941587448120117e-01,9.999966025352478027e-01,-9.999885559082031250e-01,-9.999960660934448242e-01,9.999931454658508301e-01,-9.999436736106872559e-01,9.999867081642150879e-01,9.998852610588073730e-01,9.999941587448120117e-01
-9.999987483024597168e-01,9.999987483024597168e-01,9.999908804893493652e-01,-9.999987483024597168e-01,-9.999991655349731445e-01,9.999990463256835938e-01,-9.999870657920837402e-01,-9.999994635581970215e-01,9.999977946281433105e-01,-9.999974966049194336e-01,9.999967217445373535e-01,9.999992251396179199e-01,-9.999986886978149414e-01,-9.999982714653015137e-01,-9.999632239341735840e-01,-9.999985098838806152e-01,-9.999985098838806152e-01,9.999986290931701660e-01,-9.999657869338989258e-01,9.999993443489074707e-01,9.999992847442626953e-01,-9.999905824661254883e-01,-9.999982714653015137e-01,-9.999989867210388184e-01,-9.999897480010986328e-01,-9.999994039535522461e-01,9.999989271163940430e-01,9.999992847442626953e-01,-9.999850988388061523e-01,9.999970197677612305e-01,9.999982118606567383e-01,9.999991655349731445e-01,-9.999976158142089844e-01,-9.999985098838806152e-01,9.999979138374328613e-01,9.999963641166687012e-01,-9.999993443489074707e-01,-9.999991655349731445e-01,-9.999954700469970703e-01,9.999992251396179199e-01,-9.999988675117492676e-01,9.999982118606567383e-01,-9.999614357948303223e-01,-9.999991059303283691e-01,-9.999976158142089844e-01,-9.999982714653015137e-01,-9.999969005584716797e-01,-9.999980330467224121e-01,-9.999992251396179199e-01,9.999991059303283691e-01,9.999991655349731445e-01,9.999980330467224121e-01,9.999989271163940430e-01,9.999931454658508301e-01,9.999971985816955566e-01,9.999982118606567383e-01,9.999985694885253906e-01,-9.999867677688598633e-01,-9.999982714653015137e-01,-9.999983310699462891e-01,9.999964833259582520e-01,-9.999992251396179199e-01,-9.999988079071044922e-01,-9.999968409538269043e-01,9.999964833259582520e-01,9.999992251396179199e-01,9.999993443489074707e-01,9.999953508377075195e-01,9.999986886978149414e-01,-9.999992847442626953e-01,9.999989867210388184e-01,-9.999983906745910645e-01,-9.999976754188537598e-01,9.999916553497314453e-01,-9.999316334724426270e-01,9.999986290931701660e-01,-9.999895691871643066e-01,-9.999987483024597168e-01,9.999931454658508301e-01,9.999983906745910645e-01,-9.999315142631530762e-01,-9.999983906745910645e-01,9.999991059303283691e-01,-7.590402960777282715e-01,9.999988675117492676e-01,9.999892711639404297e-01,-9.999957680702209473e-01,-9.999991655349731445e-01,9.999893307685852051e-01,-9.999986290931701660e-01,9.999988675117492676e-01,-9.999989271163940430e-01,9.999805688858032227e-01,9.999988675117492676e-01,-9.999991059303283691e-01,9.999982714653015137e-01,9.999091625213623047e-01,-9.999992847442626953e-01,9.999991059303283691e-01,-9.999948740005493164e-01,9.999982714653015137e-01,-9.999991655349731445e-01,9.999920725822448730e-01,9.999858736991882324e-01,-9.999989271163940430e-01,-9.999963641166687012e-01,-9.999911785125732422e-01,9.999981522560119629e-01,9.999963045120239258e-01,-9.999989867210388184e-01,9.999981522560119629e-01,-9.999991059303283691e-01,9.999985694885253906e-01,9.999948143959045410e-01,-9.999994039535522461e-01,9.999989271163940430e-01,-9.999988675117492676e-01,9.999992251396179199e-01,9.999914169311523438e-01,9.999985098838806152e-01,9.999991655349731445e-01,-9.999972581863403320e-01,-9.999990463256835938e-01,9.999982714653015137e-01,-9.999866485595703125e-01,9.999967813491821289e-01,9.999728202819824219e-01,9.999985098838806152e-01
