9.999979734420776367e-01,-9.999979138374328613e-01,-9.999849796295166016e-01,9.999980926513671875e-01,9.999988079071044922e-01,-9.999984502792358398e-01,9.999884366989135742e-01,9.999989867210388184e-01,-9.999965429306030273e-01,9.999961256980895996e-01,-9.999960064888000488e-01,-9.999988079071044922e-01,9.999980330467224121e-01,9.999974370002746582e-01,9.999451041221618652e-01,9.999976754188537598e-01,9.999975562095642090e-01,-9.999982118606567383e-01,9.999689459800720215e-01,-9.999989867210388184e-01,-9.999988079071044922e-01,9.999847412109375000e-01,9.999974370002746582e-01,9.999983310699462891e-01,9.999865889549255371e-01,9.999989271163940430e-01,-9.999983906745910645e-01,-9.999988079071044922e-01,9.999716877937316895e-01,-9.999957680702209473e-01,-9.999967813491821289e-01,-9.999985694885253906e-01,9.999957680702209473e-01,9.999976754188537598e-01,-9.999967217445373535e-01,-9.999933838844299316e-01,9.999989271163940430e-01,9.999985098838806152e-01,9.999929070472717285e-01,-9.999987483024597168e-01,9.999983310699462891e-01,-9.999971389770507812e-01,9.999331831932067871e-01,9.999985098838806152e-01,9.999964833259582520e-01,9.999974966049194336e-01,9.999950528144836426e-01,9.999972581863403320e-01,9.999986290931701660e-01,-9.999983906745910645e-01,-9.999986290931701660e-01,-9.999969005584716797e-01,-9.999984502792358398e-01,-9.999896883964538574e-01,-9.999954700469970703e-01,-9.999974370002746582e-01,-9.999978542327880859e-01,9.999790191650390625e-01,9.999974966049194336e-01,9.999976754188537598e-01,-9.999949336051940918e-01,9.999988079071044922e-01,9.999982118606567383e-01,9.999949932098388672e-01,-9.999952912330627441e-01,-9.999986886978149414e-01,-9.999988675117492676e-01,-9.999929070472717285e-01,-9.999980926513671875e-01,9.999988079071044922e-01,-9.999984502792358398e-01,9.999975562095642090e-01,9.999963045120239258e-01,-9.999871253967285156e-01,9.998519420623779297e-01,-9.999977946281433105e-01,9.999861717224121094e-01,9.999982118606567383e-01,-9.999890923500061035e-01,-9.999973773956298828e-01,-9.997549653053283691e-01,9.999974966049194336e-01,-9.999986886978149414e-01,9.999643564224243164e-01,-9.999983310699462891e-01,-9.999819993972778320e-01,9.999931454658508301e-01,9.999985694885253906e-01,-9.999797344207763672e-01,9.999977946281433105e-01,-9.999982714653015137e-01,9.999982714653015137e-01,-9.999705553054809570e-01,-9.999981522560119629e-01,9.999984502792358398e-01,-9.999974370002746582e-01,-9.999684095382690430e-01,9.999988079071044922e-01,-9.999986886978149414e-01,9.999905824661254883e-01,-9.999972581863403320e-01,9.999985098838806152e-01,-9.999855756759643555e-01,-9.999784827232360840e-01,9.999983906745910645e-01,9.999952912330627441e-01,9.999839663505554199e-01,-9.999971985816955566e-01,-9.999942183494567871e-01,9.999982714653015137e-01,-9.999973773956298828e-01,9.999985098838806152e-01,-9.999978542327880859e-01,-9.999907016754150391e-01,9.999989271163940430e-01,-9.999983310699462891e-01,9.999983906745910645e-01,-9.999986290931701660e-01,-9.999895691871643066e-01,-9.999977946281433105e-01,-9.999987483024597168e-01,9.999955892562866211e-01,9.999985098838806152e-01,-9.999971985816955566e-01,9.999745488166809082e-01,-9.999947547912597656e-01,-9.998341798782348633e-01,-9.999977350234985352e-01
-9.999979138374328613e-01,9.999979138374328613e-01,9.999847412109375000e-01,-9.999980926513671875e-01,-9.999986886978149414e-01,9.999983310699462891e-01,-9.999881982803344727e-01,-9.999989271163940430e-01,9.999964833259582520e-01,-9.999960660934448242e-01,9.999959468841552734e-01,9.999986886978149414e-01,-9.999979734420776367e-01,-9.999974370002746582e-01,-9.999442100524902344e-01,-9.999976754188537598e-01,-9.999974966049194336e-01,9.999981522560119629e-01,-9.999684095382690430e-01,9.999989271163940430e-01,9.999988079071044922e-01,-9.999845027923583984e-01,-9.999974370002746582e-01,-9.999982714653015137e-01,-9.999864101409912109e-01,-9.999988675117492676e-01,9.999983310699462891e-01,9.999988079071044922e-01,-9.999713897705078125e-01,9.999957084655761719e-01,9.999966025352478027e-01,9.999984502792358398e-01,-9.999957084655761719e-01,-9.999976158142089844e-01,9.999966621398925781e-01,9.999932646751403809e-01,-9.999988079071044922e-01,-9.999985098838806152e-01,-9.999927878379821777e-01,9.999986886978149414e-01,-9.999983310699462891e-01,9.999970793724060059e-01,-9.999321699142456055e-01,-9.999985098838806152e-01,-9.999963045120239258e-01,-9.999974370002746582e-01,-9.999949932098388672e-01,-9.999971985816955566e-01,-9.999985694885253906e-01,9.999983906745910645e-01,9.999986290931701660e-01,9.999968409538269043e-01,9.999983906745910645e-01,9.999895691871643066e-01,9.999953508377075195e-01,9.999974370002746582e-01,9.999977350234985352e-01,-9.999786615371704102e-01,-9.999973773956298828e-01,-9.999975562095642090e-01,9.999948143959045410e-01,-9.999988079071044922e-01,-9.999980926513671875e-01,-9.999949336051940918e-01,9.999951124191284180e-01,9.999986290931701660e-01,9.999988079071044922e-01,9.999928474426269531e-01,9.999980926513671875e-01,-9.999986886978149414e-01,9.999984502792358398e-01,-9.999974370002746582e-01,-9.999962449073791504e-01,9.999868869781494141e-01,-9.998498558998107910e-01,9.999977946281433105e-01,-9.999858736991882324e-01,-9.999982118606567383e-01,9.999888539314270020e-01,9.999973177909851074e-01,9.997516274452209473e-01,-9.999973773956298828e-01,9.999986886978149414e-01,-9.999638199806213379e-01,9.999982118606567383e-01,9.999816417694091797e-01,-9.999929070472717285e-01,-9.999985098838806152e-01,9.999794363975524902e-01,-9.999977946281433105e-01,9.999981522560119629e-01,-9.999981522560119629e-01,9.999700188636779785e-01,9.999980330467224121e-01,-9.999983310699462891e-01,9.999973177909851074e-01,9.999679327011108398e-01,-9.999988079071044922e-01,9.999986886978149414e-01,-9.999904036521911621e-01,9.999971389770507812e-01,-9.999984502792358398e-01,9.999852776527404785e-01,9.999781847000122070e-01,-9.999983906745910645e-01,-9.999952316284179688e-01,-9.999836683273315430e-01,9.999972581863403320e-01,9.999942183494567871e-01,-9.999982714653015137e-01,9.999973177909851074e-01,-9.999984502792358398e-01,9.999977350234985352e-01,9.999904632568359375e-01,-9.999988675117492676e-01,9.999982118606567383e-01,-9.999982714653015137e-01,9.999985694885253906e-01,9.999893903732299805e-01,9.999977350234985352e-01,9.999986886978149414e-01,-9.999955296516418457e-01,-9.999984502792358398e-01,9.999971985816955566e-01,-9.999740719795227051e-01,9.999945759773254395e-01,9.998319149017333984e-01,9.999976158142089844e-01
-9.999849796295166016e-01,9.999847412109375000e-01,9.998806715011596680e-01,-9.999853372573852539e-01,-9.999905824661254883e-01,9.999879002571105957e-01,-9.999086260795593262e-01,-9.999916553497314453e-01,9.999737143516540527e-01,-9.999704957008361816e-01,9.999688863754272461e-01,9.999905824661254883e-01,-9.999846220016479492e-01,-9.999806880950927734e-01,-9.995647668838500977e-01,-9.999824166297912598e-01,-9.999815225601196289e-01,9.999859333038330078e-01,-9.997539520263671875e-01,9.999920129776000977e-01,9.999909400939941406e-01,-9.998790025711059570e-01,-9.999802112579345703e-01,-9.999874234199523926e-01,-9.998943209648132324e-01,-9.999918341636657715e-01,9.999872446060180664e-01,9.999908804893493652e-01,-9.997763633728027344e-01,9.999666213989257812e-01,9.999747872352600098e-01,9.999887347221374512e-01,-9.999669194221496582e-01,-9.999825358390808105e-01,9.999742507934570312e-01,9.999480843544006348e-01,-9.999914169311523438e-01,-9.999890327453613281e-01,-9.999437332153320312e-01,9.999902844429016113e-01,-9.999869465827941895e-01,9.999781847000122070e-01,-9.994713664054870605e-01,-9.999883770942687988e-01,-9.999724030494689941e-01,-9.999804496765136719e-01,-9.999608397483825684e-01,-9.999791979789733887e-01,-9.999897480010986328e-01,9.999880790710449219e-01,9.999892115592956543e-01,9.999763369560241699e-01,9.999877810478210449e-01,9.999182224273681641e-01,9.999642372131347656e-01,9.999811649322509766e-01,9.999827146530151367e-01,-9.998337030410766602e-01,-9.999805092811584473e-01,-9.999817013740539551e-01,9.999599456787109375e-01,-9.999908208847045898e-01,-9.999859929084777832e-01,-9.999607205390930176e-01,9.999624490737915039e-01,9.999899268150329590e-01,9.999911189079284668e-01,9.999439716339111328e-01,9.999852776527404785e-01,-9.999905824661254883e-01,9.999886155128479004e-01,-9.999808669090270996e-01,-9.999720454216003418e-01,9.998980164527893066e-01,-9.988285303115844727e-01,9.999834299087524414e-01,-9.998903870582580566e-01,-9.999862909317016602e-01,9.999134540557861328e-01,9.999788999557495117e-01,9.980630874633789062e-01,-9.999805688858032227e-01,9.999899268150329590e-01,-9.997183084487915039e-01,9.999867081642150879e-01,9.998571276664733887e-01,-9.999452829360961914e-01,-9.999892115592956543e-01,9.998397827148437500e-01,-9.999828934669494629e-01,9.999864101409912109e-01,-9.999865293502807617e-01,9.997664690017700195e-01,9.999857544898986816e-01,-9.999879002571105957e-01,9.999799728393554688e-01,9.997499585151672363e-01,-9.999908804893493652e-01,9.999898076057434082e-01,-9.999256134033203125e-01,9.999793171882629395e-01,-9.999888539314270020e-01,9.998858571052551270e-01,9.998298883438110352e-01,-9.999874234199523926e-01,-9.999631047248840332e-01,-9.998726844787597656e-01,9.999787211418151855e-01,9.999547600746154785e-01,-9.999873638153076172e-01,9.999794363975524902e-01,-9.999882578849792480e-01,9.999832510948181152e-01,9.999260902404785156e-01,-9.999918341636657715e-01,9.999870657920837402e-01,-9.999873042106628418e-01,9.999896287918090820e-01,9.999173879623413086e-01,9.999832510948181152e-01,9.999902844429016113e-01,-9.999655485153198242e-01,-9.999888539314270020e-01,9.999789595603942871e-01,-9.997981786727905273e-01,9.999588727951049805e-01,9.986886382102966309e-01,9.999824166297912598e-01
9.999980926513671875e-01,-9.999980926513671875e-01,-9.999853372573852539e-01,9.999982714653015137e-01,9.999988079071044922e-01,-9.999984502792358398e-01,9.999887347221374512e-01,9.999989867210388184e-01,-9.999966621398925781e-01,9.999963045120239258e-01,-9.999960660934448242e-01,-9.999988079071044922e-01,9.999981522560119629e-01,9.999976158142089844e-01,9.999459981918334961e-01,9.999977946281433105e-01,9.999976754188537598e-01,-9.999983310699462891e-01,9.999694824218750000e-01,-9.999990463256835938e-01,-9.999988675117492676e-01,9.999850988388061523e-01,9.999975562095642090e-01,9.999984502792358398e-01,9.999868869781494141e-01,9.999990463256835938e-01,-9.999983906745910645e-01,-9.999989271163940430e-01,9.999722838401794434e-01,-9.999958872795104980e-01,-9.999968409538269043e-01,-9.999985694885253906e-01,9.999958872795104980e-01,9.999977350234985352e-01,-9.999968409538269043e-01,-9.999935626983642578e-01,9.999989867210388184e-01,9.999986886978149414e-01,9.999930262565612793e-01,-9.999987483024597168e-01,9.999983906745910645e-01,-9.999972581863403320e-01,9.999343752861022949e-01,9.999985098838806152e-01,9.999965429306030273e-01,9.999976158142089844e-01,9.999951720237731934e-01,9.999974370002746582e-01,9.999986886978149414e-01,-9.999985098838806152e-01,-9.999986290931701660e-01,-9.999970197677612305e-01,-9.999984502792358398e-01,-9.999899268150329590e-01,-9.999955892562866211e-01,-9.999976158142089844e-01,-9.999978542327880859e-01,9.999794363975524902e-01,9.999975562095642090e-01,9.999976754188537598e-01,-9.999950528144836426e-01,9.999989271163940430e-01,9.999983310699462891e-01,9.999951124191284180e-01,-9.999954104423522949e-01,-9.999988079071044922e-01,-9.999989271163940430e-01,-9.999930262565612793e-01,-9.999982714653015137e-01,9.999988675117492676e-01,-9.999985694885253906e-01,9.999975562095642090e-01,9.999964833259582520e-01,-9.999873638153076172e-01,9.998543858528137207e-01,-9.999979138374328613e-01,9.999864101409912109e-01,9.999983906745910645e-01,-9.999893307685852051e-01,-9.999974370002746582e-01,-9.997591376304626465e-01,9.999975562095642090e-01,-9.999988079071044922e-01,9.999649524688720703e-01,-9.999983310699462891e-01,-9.999822974205017090e-01,9.999932050704956055e-01,9.999986290931701660e-01,-9.999800324440002441e-01,9.999979138374328613e-01,-9.999982714653015137e-01,9.999983310699462891e-01,-9.999711513519287109e-01,-9.999982118606567383e-01,9.999985098838806152e-01,-9.999975562095642090e-01,-9.999690651893615723e-01,9.999989271163940430e-01,-9.999988079071044922e-01,9.999907612800598145e-01,-9.999973773956298828e-01,9.999985694885253906e-01,-9.999858140945434570e-01,-9.999788999557495117e-01,9.999983906745910645e-01,9.999954104423522949e-01,9.999842047691345215e-01,-9.999974370002746582e-01,-9.999943971633911133e-01,9.999983906745910645e-01,-9.999974370002746582e-01,9.999986290931701660e-01,-9.999979734420776367e-01,-9.999908208847045898e-01,9.999989867210388184e-01,-9.999984502792358398e-01,9.999985098838806152e-01,-9.999986886978149414e-01,-9.999897480010986328e-01,-9.999978542327880859e-01,-9.999988079071044922e-01,9.999957680702209473e-01,9.999986290931701660e-01,-9.999974370002746582e-01,9.999749660491943359e-01,-9.999948740005493164e-01,-9.998369812965393066e-01,-9.999977946281433105e-01
9.999988079071044922e-01,-9.999986886978149414e-01,-9.999905824661254883e-01,9.999988079071044922e-01,9.999992847442626953e-01,-9.999991059303283691e-01,9.999927878379821777e-01,9.999993443489074707e-01,-9.999978542327880859e-01,9.999975562095642090e-01,-9.999974966049194336e-01,-9.999992847442626953e-01,9.999987483024597168e-01,9.999984502792358398e-01,9.999656081199645996e-01,9.999985098838806152e-01,9.999985098838806152e-01,-9.999989271163940430e-01,9.999804496765136719e-01,-9.999994039535522461e-01,-9.999992847442626953e-01,9.999904036521911621e-01,9.999983906745910645e-01,9.999990463256835938e-01,9.999915957450866699e-01,9.999994039535522461e-01,-9.999989271163940430e-01,-9.999992847442626953e-01,9.999822974205017090e-01,-9.999972581863403320e-01,-9.999979734420776367e-01,-9.999991655349731445e-01,9.999973177909851074e-01,9.999985098838806152e-01,-9.999979138374328613e-01,-9.999958276748657227e-01,9.999993443489074707e-01,9.999991655349731445e-01,9.999955296516418457e-01,-9.999992847442626953e-01,9.999989867210388184e-01,-9.999981522560119629e-01,9.999580979347229004e-01,9.999991059303283691e-01,9.999977350234985352e-01,9.999984502792358398e-01,9.999968409538269043e-01,9.999983310699462891e-01,9.999991059303283691e-01,-9.999989867210388184e-01,-9.999991655349731445e-01,-9.999980926513671875e-01,-9.999990463256835938e-01,-9.999936223030090332e-01,-9.999970197677612305e-01,-9.999983906745910645e-01,-9.999986290931701660e-01,9.999868273735046387e-01,9.999984502792358398e-01,9.999984502792358398e-01,-9.999967813491821289e-01,9.999992847442626953e-01,9.999988079071044922e-01,9.999967813491821289e-01,-9.999969601631164551e-01,-9.999992251396179199e-01,-9.999993443489074707e-01,-9.999955892562866211e-01,-9.999988079071044922e-01,9.999992847442626953e-01,-9.999990463256835938e-01,9.999984502792358398e-01,9.999976754188537598e-01,-9.999918937683105469e-01,9.999071359634399414e-01,-9.999985694885253906e-01,9.999912977218627930e-01,9.999989867210388184e-01,-9.999931454658508301e-01,-9.999983906745910645e-01,-9.998463988304138184e-01,9.999983310699462891e-01,-9.999992251396179199e-01,9.999776482582092285e-01,-9.999989271163940430e-01,-9.999886155128479004e-01,9.999955296516418457e-01,9.999991059303283691e-01,-9.999872446060180664e-01,9.999986290931701660e-01,-9.999988675117492676e-01,9.999989271163940430e-01,-9.999815225601196289e-01,-9.999988079071044922e-01,9.999989867210388184e-01,-9.999983906745910645e-01,-9.999802112579345703e-01,9.999992847442626953e-01,-9.999992251396179199e-01,9.999940991401672363e-01,-9.999982714653015137e-01,9.999990463256835938e-01,-9.999909996986389160e-01,-9.999865293502807617e-01,9.999990463256835938e-01,9.999969601631164551e-01,9.999899268150329590e-01,-9.999982118606567383e-01,-9.999962449073791504e-01,9.999989271163940430e-01,-9.999982714653015137e-01,9.999991059303283691e-01,-9.999986290931701660e-01,-9.999941587448120117e-01,9.999994039535522461e-01,-9.999989867210388184e-01,9.999989271163940430e-01,-9.999992251396179199e-01,-9.999935030937194824e-01,-9.999985694885253906e-01,-9.999992847442626953e-01,9.999972581863403320e-01,9.999990463256835938e-01,-9.999983310699462891e-01,9.999840259552001953e-01,-9.999966025352478027e-01,-9.998959302902221680e-01,-9.999985694885253906e-01
-9.999984502792358398e-01,9.999983310699462891e-01,9.999879002571105957e-01,-9.999984502792358398e-01,-9.999991059303283691e-01,9.999987483024597168e-01,-9.999907612800598145e-01,-9.999992847442626953e-01,9.999971985816955566e-01,-9.999969601631164551e-01,9.999967813491821289e-01,9.999991059303283691e-01,-9.999985098838806152e-01,-9.999980330467224121e-01,-9.999558925628662109e-01,-9.999982118606567383e-01,-9.999980926513671875e-01,9.999986290931701660e-01,-9.999750852584838867e-01,9.999993443489074707e-01,9.999992251396179199e-01,-9.999877214431762695e-01,-9.999979734420776367e-01,-9.999986886978149414e-01,-9.999893903732299805e-01,-9.999992251396179199e-01,9.999986886978149414e-01,9.999991059303283691e-01,-9.999772310256958008e-01,9.999965429306030273e-01,9.999973773956298828e-01,9.999988675117492676e-01,-9.999966025352478027e-01,-9.999982118606567383e-01,9.999973177909851074e-01,9.999947547912597656e-01,-9.999991655349731445e-01,-9.999988675117492676e-01,-9.999942779541015625e-01,9.999990463256835938e-01,-9.999986886978149414e-01,9.999976754188537598e-01,-9.999463558197021484e-01,-9.999988079071044922e-01,-9.999971985816955566e-01,-9.999980926513671875e-01,-9.999960660934448242e-01,-9.999977946281433105e-01,-9.999988675117492676e-01,9.999986886978149414e-01,9.999989271163940430e-01,9.999974966049194336e-01,9.999987483024597168e-01,9.999917745590209961e-01,9.999963045120239258e-01,9.999979734420776367e-01,9.999983310699462891e-01,-9.999831318855285645e-01,-9.999979734420776367e-01,-9.999980926513671875e-01,9.999959468841552734e-01,-9.999991059303283691e-01,-9.999985694885253906e-01,-9.999959468841552734e-01,9.999962449073791504e-01,9.999989271163940430e-01,9.999991655349731445e-01,9.999943375587463379e-01,9.999985098838806152e-01,-9.999991059303283691e-01,9.999987483024597168e-01,-9.999980330467224121e-01,-9.999971389770507812e-01,9.999896883964538574e-01,-9.998810291290283203e-01,9.999983310699462891e-01,-9.999889135360717773e-01,-9.999985694885253906e-01,9.999912977218627930e-01,9.999978542327880859e-01,9.998032450675964355e-01,-9.999979734420776367e-01,9.999990463256835938e-01,-9.999713897705078125e-01,9.999986290931701660e-01,9.999855160713195801e-01,-9.999944567680358887e-01,-9.999988079071044922e-01,9.999837279319763184e-01,-9.999982118606567383e-01,9.999986290931701660e-01,-9.999986290931701660e-01,9.999763369560241699e-01,9.999985098838806152e-01,-9.999987483024597168e-01,9.999979734420776367e-01,9.999747276306152344e-01,-9.999991059303283691e-01,9.999989271163940430e-01,-9.999924898147583008e-01,9.999977946281433105e-01,-9.999988675117492676e-01,9.999884366989135742e-01,9.999827742576599121e-01,-9.999988079071044922e-01,-9.999962449073791504e-01,-9.999871253967285156e-01,9.999977946281433105e-01,9.999954104423522949e-01,-9.999986886978149414e-01,9.999978542327880859e-01,-9.999988079071044922e-01,9.999982714653015137e-01,9.999925494194030762e-01,-9.999992251396179199e-01,9.999986886978149414e-01,-9.999986886978149414e-01,9.999988675117492676e-01,9.999916553497314453e-01,9.999982714653015137e-01,9.999990463256835938e-01,-9.999964833259582520e-01,-9.999988079071044922e-01,9.999978542327880859e-01,-9.999795556068420410e-01,9.999957680702209473e-01,9.998668432235717773e-01,9.999982118606567383e-01
9.999884366989135742e-01,-9.999881982803344727e-01,-9.999086260795593262e-01,9.999887347221374512e-01,9.999927878379821777e-01,-9.999907612800598145e-01,9.999299049377441406e-01,9.999935626983642578e-01,-9.999798536300659180e-01,9.999773502349853516e-01,-9.999761581420898438e-01,-9.999928474426269531e-01,9.999882578849792480e-01,9.999852180480957031e-01,9.996663331985473633e-01,9.999865889549255371e-01,9.999859333038330078e-01,-9.999891519546508789e-01,9.998114109039306641e-01,-9.999938607215881348e-01,-9.999931454658508301e-01,9.999071955680847168e-01,9.999848008155822754e-01,9.999904036521911621e-01,9.999190568923950195e-01,9.999938011169433594e-01,-9.999902248382568359e-01,-9.999931454658508301e-01,9.998285770416259766e-01,-9.999745488166809082e-01,-9.999807476997375488e-01,-9.999914765357971191e-01,9.999746680259704590e-01,9.999866485595703125e-01,-9.999803304672241211e-01,-9.999602437019348145e-01,9.999934434890747070e-01,9.999916553497314453e-01,9.999568462371826172e-01,-9.999925494194030762e-01,9.999901056289672852e-01,-9.999833106994628906e-01,9.995946884155273438e-01,9.999911785125732422e-01,9.999788999557495117e-01,9.999849200248718262e-01,9.999700188636779785e-01,9.999840855598449707e-01,9.999921321868896484e-01,-9.999908804893493652e-01,-9.999917745590209961e-01,-9.999819397926330566e-01,-9.999906420707702637e-01,-9.999374151229858398e-01,-9.999726414680480957e-01,-9.999855160713195801e-01,-9.999867081642150879e-01,9.998724460601806641e-01,9.999850392341613770e-01,9.999861121177673340e-01,-9.999694228172302246e-01,9.999930858612060547e-01,9.999892115592956543e-01,9.999699592590332031e-01,-9.999712705612182617e-01,-9.999923110008239746e-01,-9.999933242797851562e-01,-9.999570846557617188e-01,-9.999886751174926758e-01,9.999927878379821777e-01,-9.999912381172180176e-01,9.999853372573852539e-01,9.999784827232360840e-01,-9.999218583106994629e-01,9.991015195846557617e-01,-9.999873638153076172e-01,9.999158382415771484e-01,9.999895691871643066e-01,-9.999337196350097656e-01,-9.999837875366210938e-01,-9.985143542289733887e-01,9.999850988388061523e-01,-9.999921917915344238e-01,9.997841119766235352e-01,-9.999898672103881836e-01,-9.998904466629028320e-01,9.999580383300781250e-01,9.999917745590209961e-01,-9.998769760131835938e-01,9.999868869781494141e-01,-9.999895095825195312e-01,9.999896883964538574e-01,-9.998209476470947266e-01,-9.999890923500061035e-01,9.999907612800598145e-01,-9.999846816062927246e-01,-9.998081922531127930e-01,9.999929666519165039e-01,-9.999923110008239746e-01,9.999430179595947266e-01,-9.999842047691345215e-01,9.999915361404418945e-01,-9.999123811721801758e-01,-9.998696446418762207e-01,9.999903440475463867e-01,9.999717473983764648e-01,9.999023675918579102e-01,-9.999837875366210938e-01,-9.999653100967407227e-01,9.999904036521911621e-01,-9.999843835830688477e-01,9.999910593032836914e-01,-9.999871253967285156e-01,-9.999433755874633789e-01,9.999937415122985840e-01,-9.999901056289672852e-01,9.999902844429016113e-01,-9.999920725822448730e-01,-9.999367594718933105e-01,-9.999872446060180664e-01,-9.999926090240478516e-01,9.999736547470092773e-01,9.999914765357971191e-01,-9.999839067459106445e-01,9.998452663421630859e-01,-9.999685287475585938e-01,-9.989942908287048340e-01,-9.999865889549255371e-01
9.999989867210388184e-01,-9.999989271163940430e-01,-9.999916553497314453e-01,9.999989867210388184e-01,9.999993443489074707e-01,-9.999992847442626953e-01,9.999935626983642578e-01,9.999995231628417969e-01,-9.999980926513671875e-01,9.999978542327880859e-01,-9.999978542327880859e-01,-9.999994635581970215e-01,9.999989867210388184e-01,9.999986290931701660e-01,9.999693632125854492e-01,9.999987483024597168e-01,9.999986886978149414e-01,-9.999990463256835938e-01,9.999827146530151367e-01,-9.999995231628417969e-01,-9.999994635581970215e-01,9.999915361404418945e-01,9.999985694885253906e-01,9.999991655349731445e-01,9.999926686286926270e-01,9.999995231628417969e-01,-9.999992251396179199e-01,-9.999994635581970215e-01,9.999843239784240723e-01,-9.999976158142089844e-01,-9.999982118606567383e-01,-9.999993443489074707e-01,9.999976158142089844e-01,9.999987483024597168e-01,-9.999981522560119629e-01,-9.999963045120239258e-01,9.999994635581970215e-01,9.999993443489074707e-01,9.999960660934448242e-01,-9.999993443489074707e-01,9.999991059303283691e-01,-9.999984502792358398e-01,9.999626278877258301e-01,9.999992251396179199e-01,9.999980330467224121e-01,9.999985694885253906e-01,9.999971985816955566e-01,9.999985098838806152e-01,9.999992847442626953e-01,-9.999992251396179199e-01,-9.999993443489074707e-01,-9.999983906745910645e-01,-9.999991655349731445e-01,-9.999943375587463379e-01,-9.999974370002746582e-01,-9.999986290931701660e-01,-9.999988079071044922e-01,9.999883174896240234e-01,9.999986886978149414e-01,9.999986886978149414e-01,-9.999971985816955566e-01,9.999994635581970215e-01,9.999991655349731445e-01,9.999971985816955566e-01,-9.999973773956298828e-01,-9.999993443489074707e-01,-9.999994635581970215e-01,-9.999960064888000488e-01,-9.999989867210388184e-01,9.999994635581970215e-01,-9.999992251396179199e-01,9.999986290931701660e-01,9.999979734420776367e-01,-9.999929070472717285e-01,9.999170899391174316e-01,-9.999988079071044922e-01,9.999922513961791992e-01,9.999990463256835938e-01,-9.999939799308776855e-01,-9.999985694885253906e-01,-9.998628497123718262e-01,9.999986886978149414e-01,-9.999994039535522461e-01,9.999800920486450195e-01,-9.999991059303283691e-01,-9.999899268150329590e-01,9.999960660934448242e-01,9.999992847442626953e-01,-9.999886751174926758e-01,9.999988675117492676e-01,-9.999991059303283691e-01,9.999991059303283691e-01,-9.999835491180419922e-01,-9.999989867210388184e-01,9.999991655349731445e-01,-9.999985694885253906e-01,-9.999824166297912598e-01,9.999994635581970215e-01,-9.999994039535522461e-01,9.999948143959045410e-01,-9.999985098838806152e-01,9.999993443489074707e-01,-9.999919533729553223e-01,-9.999879598617553711e-01,9.999992847442626953e-01,9.999973773956298828e-01,9.999910593032836914e-01,-9.999985694885253906e-01,-9.999967813491821289e-01,9.999991655349731445e-01,-9.999985098838806152e-01,9.999992847442626953e-01,-9.999988675117492676e-01,-9.999948143959045410e-01,9.999995231628417969e-01,-9.999992251396179199e-01,9.999992251396179199e-01,-9.999992847442626953e-01,-9.999941587448120117e-01,-9.999988079071044922e-01,-9.999993443489074707e-01,9.999975562095642090e-01,9.999992251396179199e-01,-9.999985098838806152e-01,9.999857544898986816e-01,-9.999970793724060059e-01,-9.999070763587951660e-01,-9.999988079071044922e-01
-9.999965429306030273e-01,9.999964833259582520e-01,9.999737143516540527e-01,-9.999966621398925781e-01,-9.999978542327880859e-01,9.999971985816955566e-01,-9.999798536300659180e-01,-9.999980926513671875e-01,9.999940991401672363e-01,-9.999935030937194824e-01,9.999931454658508301e-01,9.999978542327880859e-01,-9.999965429306030273e-01,-9.999957680702209473e-01,-9.999039173126220703e-01,-9.999960660934448242e-01,-9.999958276748657227e-01,9.999968409538269043e-01,-9.999457001686096191e-01,9.999982118606567383e-01,9.999979734420776367e-01,-9.999733567237854004e-01,-9.999956488609313965e-01,-9.999971389770507812e-01,-9.999766349792480469e-01,-9.999981522560119629e-01,9.999970793724060059e-01,9.999979734420776367e-01,-9.999505281448364258e-01,9.999926686286926270e-01,9.999943375587463379e-01,9.999974966049194336e-01,-9.999927282333374023e-01,-9.999960064888000488e-01,9.999943375587463379e-01,9.999884963035583496e-01,-9.999979734420776367e-01,-9.999975562095642090e-01,-9.999876022338867188e-01,9.999977946281433105e-01,-9.999970197677612305e-01,9.999951124191284180e-01,-9.998832345008850098e-01,-9.999973773956298828e-01,-9.999939203262329102e-01,-9.999956488609313965e-01,-9.999912977218627930e-01,-9.999953508377075195e-01,-9.999976158142089844e-01,9.999972581863403320e-01,9.999976158142089844e-01,9.999946951866149902e-01,9.999971985816955566e-01,9.999819993972778320e-01,9.999920129776000977e-01,9.999957680702209473e-01,9.999961256980895996e-01,-9.999632835388183594e-01,-9.999956488609313965e-01,-9.999958872795104980e-01,9.999911189079284668e-01,-9.999979734420776367e-01,-9.999968409538269043e-01,-9.999912977218627930e-01,9.999916553497314453e-01,9.999976754188537598e-01,9.999980330467224121e-01,9.999876618385314941e-01,9.999966025352478027e-01,-9.999979138374328613e-01,9.999973773956298828e-01,-9.999957084655761719e-01,-9.999937415122985840e-01,9.999775886535644531e-01,-9.997413158416748047e-01,9.999961853027343750e-01,-9.999758005142211914e-01,-9.999968409538269043e-01,9.999809265136718750e-01,9.999954104423522949e-01,9.995720386505126953e-01,-9.999956488609313965e-01,9.999977946281433105e-01,-9.999377131462097168e-01,9.999970197677612305e-01,9.999684095382690430e-01,-9.999879002571105957e-01,-9.999975562095642090e-01,9.999645948410034180e-01,-9.999961853027343750e-01,9.999969005584716797e-01,-9.999969601631164551e-01,9.999484419822692871e-01,9.999968409538269043e-01,-9.999973177909851074e-01,9.999955296516418457e-01,9.999446868896484375e-01,-9.999979734420776367e-01,9.999977946281433105e-01,-9.999836087226867676e-01,9.999954104423522949e-01,-9.999974966049194336e-01,9.999748468399047852e-01,9.999624490737915039e-01,-9.999971985816955566e-01,-9.999918341636657715e-01,-9.999718666076660156e-01,9.999952316284179688e-01,9.999899864196777344e-01,-9.999970793724060059e-01,9.999954700469970703e-01,-9.999973773956298828e-01,9.999962449073791504e-01,9.999837279319763184e-01,-9.999980926513671875e-01,9.999971389770507812e-01,-9.999971389770507812e-01,9.999976158142089844e-01,9.999817609786987305e-01,9.999961853027343750e-01,9.999977946281433105e-01,-9.999923110008239746e-01,-9.999974370002746582e-01,9.999953508377075195e-01,-9.999553561210632324e-01,9.999908804893493652e-01,9.997104406356811523e-01,9.999960660934448242e-01
9.999961256980895996e-01,-9.999960660934448242e-01,-9.999704957008361816e-01,9.999963045120239258e-01,9.999975562095642090e-01,-9.999969601631164551e-01,9.999773502349853516e-01,9.999978542327880859e-01,-9.999935030937194824e-01,9.999926686286926270e-01,-9.999923110008239746e-01,-9.999975562095642090e-01,9.999961256980895996e-01,9.999952316284179688e-01,9.998921155929565430e-01,9.999956488609313965e-01,9.999954104423522949e-01,-9.999964237213134766e-01,9.999390244483947754e-01,-9.999979734420776367e-01,-9.999977350234985352e-01,9.999698996543884277e-01,9.999951124191284180e-01,9.999967813491821289e-01,9.999738335609436035e-01,9.999979138374328613e-01,-9.999967813491821289e-01,-9.999977946281433105e-01,9.999445676803588867e-01,-9.999917149543762207e-01,-9.999937415122985840e-01,-9.999970793724060059e-01,9.999917745590209961e-01,9.999955296516418457e-01,-9.999936223030090332e-01,-9.999870657920837402e-01,9.999978542327880859e-01,9.999972581863403320e-01,9.999861121177673340e-01,-9.999975562095642090e-01,9.999967217445373535e-01,-9.999945163726806641e-01,9.998689889907836914e-01,9.999970793724060059e-01,9.999932050704956055e-01,9.999951124191284180e-01,9.999902844429016113e-01,9.999947547912597656e-01,9.999974370002746582e-01,-9.999970197677612305e-01,-9.999973177909851074e-01,-9.999940395355224609e-01,-9.999969005584716797e-01,-9.999797940254211426e-01,-9.999911785125732422e-01,-9.999952912330627441e-01,-9.999957680702209473e-01,9.999587535858154297e-01,9.999951124191284180e-01,9.999954104423522949e-01,-9.999900460243225098e-01,9.999977946281433105e-01,9.999964833259582520e-01,9.999902248382568359e-01,-9.999907016754150391e-01,-9.999973773956298828e-01,-9.999977946281433105e-01,-9.999861121177673340e-01,-9.999963045120239258e-01,9.999976158142089844e-01,-9.999971389770507812e-01,9.999952316284179688e-01,9.999929666519165039e-01,-9.999747872352600098e-01,9.997094273567199707e-01,-9.999958872795104980e-01,9.999727606773376465e-01,9.999966621398925781e-01,-9.999786019325256348e-01,-9.999948143959045410e-01,-9.995193481445312500e-01,9.999951720237731934e-01,-9.999974966049194336e-01,9.999300837516784668e-01,-9.999966621398925781e-01,-9.999645352363586426e-01,9.999864697456359863e-01,9.999973177909851074e-01,-9.999601840972900391e-01,9.999957680702209473e-01,-9.999966025352478027e-01,9.999965429306030273e-01,-9.999420046806335449e-01,-9.999964237213134766e-01,9.999969601631164551e-01,-9.999950528144836426e-01,-9.999379515647888184e-01,9.999976754188537598e-01,-9.999974966049194336e-01,9.999816417694091797e-01,-9.999948143959045410e-01,9.999971389770507812e-01,-9.999717473983764648e-01,-9.999577403068542480e-01,9.999967217445373535e-01,9.999908208847045898e-01,9.999685287475585938e-01,-9.999946951866149902e-01,-9.999887943267822266e-01,9.999967217445373535e-01,-9.999949336051940918e-01,9.999970197677612305e-01,-9.999958276748657227e-01,-9.999816417694091797e-01,9.999979734420776367e-01,-9.999967813491821289e-01,9.999967813491821289e-01,-9.999973177909851074e-01,-9.999796152114868164e-01,-9.999958276748657227e-01,-9.999975562095642090e-01,9.999914765357971191e-01,9.999971389770507812e-01,-9.999947547912597656e-01,9.999499320983886719e-01,-9.999897480010986328e-01,-9.996747374534606934e-01,-9.999956488609313965e-01
-9.999960064888000488e-01,9.999959468841552734e-01,9.999688863754272461e-01,-9.999960660934448242e-01,-9.999974966049194336e-01,9.999967813491821289e-01,-9.999761581420898438e-01,-9.999978542327880859e-01,9.999931454658508301e-01,-9.999923110008239746e-01,9.999918937683105469e-01,9.999974966049194336e-01,-9.999960064888000488e-01,-9.999949336051940918e-01,-9.998862147331237793e-01,-9.999953508377075195e-01,-9.999951124191284180e-01,9.999963641166687012e-01,-9.999356269836425781e-01,9.999979734420776367e-01,9.999976158142089844e-01,-9.999685287475585938e-01,-9.999948143959045410e-01,-9.999966025352478027e-01,-9.999724626541137695e-01,-9.999978542327880859e-01,9.999966025352478027e-01,9.999976754188537598e-01,-9.999415278434753418e-01,9.999913573265075684e-01,9.999934434890747070e-01,9.999970197677612305e-01,-9.999912977218627930e-01,-9.999953508377075195e-01,9.999932646751403809e-01,9.999864697456359863e-01,-9.999977350234985352e-01,-9.999970793724060059e-01,-9.999853372573852539e-01,9.999974370002746582e-01,-9.999964833259582520e-01,9.999942183494567871e-01,-9.998618960380554199e-01,-9.999969005584716797e-01,-9.999927878379821777e-01,-9.999948740005493164e-01,-9.999898076057434082e-01,-9.999945759773254395e-01,-9.999971985816955566e-01,9.999968409538269043e-01,9.999971389770507812e-01,9.999938011169433594e-01,9.999967813491821289e-01,9.999786615371704102e-01,9.999907016754150391e-01,9.999949932098388672e-01,9.999954700469970703e-01,-9.999565482139587402e-01,-9.999948143959045410e-01,-9.999952316284179688e-01,9.999895691871643066e-01,-9.999976158142089844e-01,-9.999963045120239258e-01,-9.999897480010986328e-01,9.999902248382568359e-01,9.999972581863403320e-01,9.999976754188537598e-01,9.999853968620300293e-01,9.999961853027343750e-01,-9.999975562095642090e-01,9.999969005584716797e-01,-9.999949932098388672e-01,-9.999927282333374023e-01,9.999732971191406250e-01,-9.996936917304992676e-01,9.999957084655761719e-01,-9.999713301658630371e-01,-9.999963641166687012e-01,9.999775290489196777e-01,9.999944567680358887e-01,9.994932413101196289e-01,-9.999949336051940918e-01,9.999973177909851074e-01,-9.999263286590576172e-01,9.999964237213134766e-01,9.999625682830810547e-01,-9.999856352806091309e-01,-9.999971389770507812e-01,9.999580383300781250e-01,-9.999955296516418457e-01,9.999963045120239258e-01,-9.999964237213134766e-01,9.999389648437500000e-01,9.999962449073791504e-01,-9.999967813491821289e-01,9.999948740005493164e-01,9.999346733093261719e-01,-9.999975562095642090e-01,9.999973177909851074e-01,-9.999806284904479980e-01,9.999945163726806641e-01,-9.999969601631164551e-01,9.999701976776123047e-01,9.999555349349975586e-01,-9.999966621398925781e-01,-9.999904036521911621e-01,-9.999667406082153320e-01,9.999944567680358887e-01,9.999881982803344727e-01,-9.999966621398925781e-01,9.999946355819702148e-01,-9.999969005584716797e-01,9.999957084655761719e-01,9.999807476997375488e-01,-9.999978542327880859e-01,9.999966025352478027e-01,-9.999965429306030273e-01,9.999971985816955566e-01,9.999784827232360840e-01,9.999956488609313965e-01,9.999974370002746582e-01,-9.999909996986389160e-01,-9.999969601631164551e-01,9.999945163726806641e-01,-9.999472498893737793e-01,9.999892115592956543e-01,9.996570348739624023e-01,9.999954104423522949e-01
-9.999988079071044922e-01,9.999986886978149414e-01,9.999905824661254883e-01,-9.999988079071044922e-01,-9.999992847442626953e-01,9.999991059303283691e-01,-9.999928474426269531e-01,-9.999994635581970215e-01,9.999978542327880859e-01,-9.999975562095642090e-01,9.999974966049194336e-01,9.999992847442626953e-01,-9.999987483024597168e-01,-9.999984502792358398e-01,-9.999659061431884766e-01,-9.999985098838806152e-01,-9.999984502792358398e-01,9.999989271163940430e-01,-9.999807476997375488e-01,9.999994039535522461e-01,9.999993443489074707e-01,-9.999905228614807129e-01,-9.999984502792358398e-01,-9.999990463256835938e-01,-9.999917149543762207e-01,-9.999994039535522461e-01,9.999989867210388184e-01,9.999993443489074707e-01,-9.999824762344360352e-01,9.999973177909851074e-01,9.999979734420776367e-01,9.999991655349731445e-01,-9.999973773956298828e-01,-9.999986290931701660e-01,9.999979734420776367e-01,9.999958872795104980e-01,-9.999993443489074707e-01,-9.999991655349731445e-01,-9.999956488609313965e-01,9.999992847442626953e-01,-9.999989867210388184e-01,9.999981522560119629e-01,-9.999585151672363281e-01,-9.999991059303283691e-01,-9.999977946281433105e-01,-9.999984502792358398e-01,-9.999969005584716797e-01,-9.999983310699462891e-01,-9.999992251396179199e-01,9.999991059303283691e-01,9.999992251396179199e-01,9.999980926513671875e-01,9.999991059303283691e-01,9.999936819076538086e-01,9.999971389770507812e-01,9.999985098838806152e-01,9.999986886978149414e-01,-9.999870657920837402e-01,-9.999983310699462891e-01,-9.999984502792358398e-01,9.999968409538269043e-01,-9.999992847442626953e-01,-9.999988675117492676e-01,-9.999967813491821289e-01,9.999970197677612305e-01,9.999992251396179199e-01,9.999993443489074707e-01,9.999955892562866211e-01,9.999988079071044922e-01,-9.999994039535522461e-01,9.999991655349731445e-01,-9.999984502792358398e-01,-9.999977350234985352e-01,9.999920129776000977e-01,-9.999079704284667969e-01,9.999986886978149414e-01,-9.999913573265075684e-01,-9.999989867210388184e-01,9.999933242797851562e-01,9.999983906745910645e-01,9.998477697372436523e-01,-9.999984502792358398e-01,9.999992251396179199e-01,-9.999778270721435547e-01,9.999989271163940430e-01,9.999887943267822266e-01,-9.999956488609313965e-01,-9.999991059303283691e-01,9.999873638153076172e-01,-9.999986290931701660e-01,9.999988675117492676e-01,-9.999989271163940430e-01,9.999817013740539551e-01,9.999988079071044922e-01,-9.999991059303283691e-01,9.999983906745910645e-01,9.999804496765136719e-01,-9.999993443489074707e-01,9.999993443489074707e-01,-9.999942779541015625e-01,9.999982714653015137e-01,-9.999991655349731445e-01,9.999910593032836914e-01,9.999866485595703125e-01,-9.999990463256835938e-01,-9.999969601631164551e-01,-9.999900460243225098e-01,9.999983310699462891e-01,9.999964237213134766e-01,-9.999989271163940430e-01,9.999983906745910645e-01,-9.999991059303283691e-01,9.999987483024597168e-01,9.999942183494567871e-01,-9.999994039535522461e-01,9.999990463256835938e-01,-9.999990463256835938e-01,9.999991059303283691e-01,9.999934434890747070e-01,9.999986886978149414e-01,9.999991655349731445e-01,-9.999972581863403320e-01,-9.999991655349731445e-01,9.999983310699462891e-01,-9.999840855598449707e-01,9.999967217445373535e-01,9.998969435691833496e-01,9.999986886978149414e-01
