3.372975885868072510e-01,-3.746588190551847219e-04,4.471785947680473328e-02,-7.762169837951660156e-02,2.387389242649078369e-01,-1.862891763448715210e-01,6.684092432260513306e-02,3.428698182106018066e-01,2.876114100217819214e-02,2.550094795878976583e-04,-1.317432075738906860e-01,-6.080734357237815857e-02,-1.370200961828231812e-01,-3.505340591073036194e-02,9.007596410810947418e-03,9.158121794462203979e-02,2.679397352039813995e-03,3.323197737336158752e-02,1.130616143345832825e-01,2.531440556049346924e-02,1.704628579318523407e-02,-4.937274754047393799e-02,-1.740846186876296997e-01,1.134418398141860962e-01,6.252570543438196182e-03,3.607255220413208008e-02,1.165439486503601074e-01,-2.889240086078643799e-01,-8.859049528837203979e-02,-9.226866066455841064e-02,-2.016020268201828003e-01,4.486667364835739136e-02,-8.114621043205261230e-02,-6.806023418903350830e-02,-1.448256988078355789e-02,2.799271419644355774e-02,-8.509735576808452606e-03,-3.658714471384882927e-03,-2.138606905937194824e-01,-2.724748849868774414e-01,2.032049745321273804e-01,6.891922652721405029e-02,-1.336426138877868652e-01,-4.056388046592473984e-03,-3.300109505653381348e-02,2.324762344360351562e-01,-1.707848906517028809e-02,-1.090178266167640686e-01,3.642664104700088501e-02,8.911946415901184082e-02,-1.252999454736709595e-01,-6.531011313199996948e-02,2.118614912033081055e-01,-7.811503112316131592e-02,-3.067784942686557770e-02,-4.606803879141807556e-02,9.734053909778594971e-02,6.926998612470924854e-04,5.720278248190879822e-02,3.884341940283775330e-02,-4.000946879386901855e-02,-9.892091155052185059e-02,7.398360176011919975e-04,1.369621604681015015e-01,1.076705828309059143e-01,1.271675247699022293e-02,-1.366744041442871094e-01,1.341082602739334106e-01,-1.271329727023839951e-02,2.556494772434234619e-01,-1.495469957590103149e-01,2.351499944925308228e-01,6.608270108699798584e-02,-2.715541981160640717e-03,-1.647091805934906006e-01,-1.784939914941787720e-01,1.239282195456326008e-03,-6.038427725434303284e-02,-9.979409724473953247e-02,-2.175686135888099670e-02,1.072689890861511230e-02,-1.005820813588798046e-04,-4.950797557830810547e-02,6.885129550937563181e-05,-3.122090101242065430e-01,1.339820176362991333e-01,1.454264968633651733e-01,6.820710841566324234e-04,-1.560481190681457520e-01,4.303502291440963745e-02,-1.587652266025543213e-01,1.038141548633575439e-01,8.065409213304519653e-02,-3.037359938025474548e-02,-5.051111429929733276e-02,-2.801219522953033447e-01,1.006451770663261414e-01,-2.882111766666639596e-05,-7.737931609153747559e-02,2.323179394006729126e-01,-1.466668546199798584e-01,1.852655857801437378e-01,1.718087308108806610e-02,-1.854640431702136993e-02,-7.448246330022811890e-02,2.011539041996002197e-01,1.216698661446571350e-01,8.019653707742691040e-02,-2.857807576656341553e-01,8.464718237519264221e-03,-8.403185009956359863e-02,1.576295644044876099e-01,2.245107851922512054e-02,-7.112275063991546631e-02,5.882760509848594666e-02,4.146017506718635559e-02,2.435491085052490234e-01,-1.321831792593002319e-01,-1.495888233184814453e-01,-5.444661900401115417e-02,-1.393482387065887451e-01,9.998238086700439453e-02,8.112110942602157593e-02,1.310807764530181885e-01,4.651565477252006531e-02,1.215225011110305786e-01,4.773863591253757477e-03,5.064695701003074646e-02
-3.746588190551847219e-04,1.123653445392847061e-02,-8.719225227832794189e-02,6.203518062829971313e-02,5.265028402209281921e-02,-1.323472429066896439e-02,5.792156793177127838e-03,3.297858685255050659e-02,3.654309362173080444e-02,4.818073287606239319e-02,6.556601729243993759e-03,-4.552986100316047668e-02,7.339730858802795410e-02,5.803901702165603638e-02,9.110745787620544434e-02,9.862402081489562988e-02,-7.360556628555059433e-04,2.831194549798965454e-02,-6.539157778024673462e-02,-5.290972813963890076e-02,-4.297452047467231750e-02,6.302584707736968994e-02,4.241070896387100220e-02,-1.421672105789184570e-02,1.224419940263032913e-02,9.225902706384658813e-02,-9.323631227016448975e-02,-3.167353570461273193e-02,8.008916676044464111e-02,-9.993651881814002991e-03,1.004844065755605698e-02,-1.038535237312316895e-01,5.117006972432136536e-02,6.102566048502922058e-02,-4.946505650877952576e-03,-9.948403388261795044e-02,4.193894192576408386e-02,8.093158900737762451e-02,-7.284379750490188599e-02,-4.580306261777877808e-02,8.010114729404449463e-02,1.292064879089593887e-02,7.967665791511535645e-02,1.731960289180278778e-02,-3.362363670021295547e-03,-6.985482573509216309e-02,-8.855086565017700195e-02,-2.261157892644405365e-02,5.216882098466157913e-03,3.470818744972348213e-03,6.112820468842983246e-03,4.979690071195363998e-03,4.235044121742248535e-02,-2.181120944442227483e-04,-1.783600263297557831e-02,-1.046334207057952881e-01,2.229209057986736298e-02,6.180008407682180405e-03,-7.095404714345932007e-02,-6.854127347469329834e-02,-1.113710645586252213e-02,7.693022023886442184e-03,2.216545399278402328e-03,2.061591297388076782e-02,1.108355540782213211e-02,-2.699350938200950623e-02,3.850314766168594360e-02,8.701139688491821289e-02,-8.767039328813552856e-02,2.409759908914566040e-02,-7.409118115901947021e-02,-1.065872423350811005e-02,-1.926173642277717590e-02,9.174064546823501587e-02,-1.226646732538938522e-02,-7.512347400188446045e-02,-1.020740368403494358e-03,1.041820421814918518e-01,-6.786980666220188141e-03,-8.793929964303970337e-02,9.140414744615554810e-02,3.155367448925971985e-04,-8.483041077852249146e-02,-3.371853381395339966e-04,-6.593497842550277710e-02,-8.834500610828399658e-02,2.565925382077693939e-02,2.265211194753646851e-03,7.103940099477767944e-02,5.620689690113067627e-02,-2.236897498369216919e-02,-1.421676389873027802e-02,-6.688731163740158081e-02,2.401493676006793976e-02,-7.918370515108108521e-02,3.988560289144515991e-03,5.889321118593215942e-02,-1.466087815060745925e-05,-8.172900229692459106e-02,6.109298765659332275e-02,-3.091151081025600433e-02,4.080086201429367065e-02,-1.001712828874588013e-01,-7.560043781995773315e-02,1.054740771651268005e-01,-8.671076036989688873e-03,-6.632319837808609009e-02,-8.768893778324127197e-02,-2.478119358420372009e-02,-4.392410628497600555e-03,6.673758476972579956e-02,-5.839209631085395813e-02,-8.273918181657791138e-02,-1.045689638704061508e-02,9.788615256547927856e-02,-8.686569333076477051e-02,5.766556411981582642e-02,2.283141203224658966e-02,-9.325820207595825195e-02,3.807362169027328491e-02,5.401665344834327698e-02,7.456136494874954224e-02,8.438732475042343140e-02,-4.612796381115913391e-02,-5.898174643516540527e-02,-4.477950185537338257e-02,3.291545668616890907e-03,4.340820014476776123e-02
4.471785947680473328e-02,-8.719225227832794189e-02,7.243464589118957520e-01,-5.855085253715515137e-01,-3.859865963459014893e-01,1.902757585048675537e-02,-7.190076261758804321e-02,-2.401583492755889893e-01,-2.501960098743438721e-01,-4.101044237613677979e-01,-4.319765791296958923e-02,3.885891735553741455e-01,-5.554192662239074707e-01,-5.296670794486999512e-01,-7.260196805000305176e-01,-7.177034616470336914e-01,5.838258657604455948e-03,-2.146694511175155640e-01,5.810569524765014648e-01,4.763449728488922119e-01,3.490938246250152588e-01,-5.578655004501342773e-01,-4.159711301326751709e-01,1.384823173284530640e-01,-1.031879708170890808e-01,-6.547490358352661133e-01,7.142390608787536621e-01,1.808074414730072021e-01,-6.636548638343811035e-01,7.054851204156875610e-02,-8.962169289588928223e-02,7.875326871871948242e-01,-4.456543922424316406e-01,-5.867602825164794922e-01,4.216669127345085144e-02,7.430176734924316406e-01,-3.492882847785949707e-01,-6.622204184532165527e-01,5.168855190277099609e-01,4.048393964767456055e-01,-5.921005606651306152e-01,-1.081533357501029968e-01,-6.377414464950561523e-01,-1.522896885871887207e-01,1.140190381556749344e-02,5.729905366897583008e-01,7.324679493904113770e-01,1.894659996032714844e-01,-2.917207032442092896e-02,4.673864319920539856e-02,-6.880698353052139282e-02,-1.417700015008449554e-02,-3.483057022094726562e-01,1.899536326527595520e-02,1.271968334913253784e-01,7.883518338203430176e-01,-2.121511697769165039e-01,-5.370851606130599976e-02,5.767287015914916992e-01,5.995590090751647949e-01,9.515733271837234497e-02,-8.286254853010177612e-02,-1.959051750600337982e-02,-1.446307897567749023e-01,-8.593315631151199341e-02,2.230732142925262451e-01,-3.052919507026672363e-01,-6.493264436721801758e-01,6.936709880828857422e-01,-1.430693715810775757e-01,5.990526080131530762e-01,1.377318054437637329e-01,1.766396760940551758e-01,-7.368021011352539062e-01,5.578697100281715393e-02,5.888724923133850098e-01,7.621881552040576935e-03,-8.071934580802917480e-01,9.590016305446624756e-02,7.021819949150085449e-01,-7.480714321136474609e-01,-2.752602566033601761e-03,6.676373481750488281e-01,3.742687404155731201e-03,4.762171208858489990e-01,6.954936385154724121e-01,-1.984910666942596436e-01,-1.808146573603153229e-02,-5.487590432167053223e-01,-4.781871736049652100e-01,1.750555336475372314e-01,1.363515555858612061e-01,5.717771053314208984e-01,-2.117156088352203369e-01,6.458905339241027832e-01,-6.053618341684341431e-02,-4.851879775524139404e-01,1.223841245518997312e-04,6.273921728134155273e-01,-4.637506306171417236e-01,2.955816686153411865e-01,-2.725228071212768555e-01,7.737638950347900391e-01,6.227434873580932617e-01,-8.059353828430175781e-01,-2.005413547158241272e-02,5.658802986145019531e-01,6.793845891952514648e-01,1.324881315231323242e-01,3.653297945857048035e-02,-5.568141937255859375e-01,5.689749717712402344e-01,6.830265522003173828e-01,-1.198774762451648712e-02,-7.515038847923278809e-01,6.932334303855895996e-01,-4.088755846023559570e-01,-2.261807024478912354e-01,7.265942692756652832e-01,-3.345671892166137695e-01,-4.629774093627929688e-01,-6.180018186569213867e-01,-6.722739338874816895e-01,3.787364661693572998e-01,5.468330383300781250e-01,3.946735858917236328e-01,-3.626280277967453003e-02,-3.879301846027374268e-01
-7.762169837951660156e-02,6.203518062829971313e-02,-5.855085253715515137e-01,6.135128140449523926e-01,2.048258334398269653e-01,6.897948682308197021e-02,4.875480011105537415e-02,6.658183783292770386e-02,2.045982033014297485e-01,3.226536214351654053e-01,-2.915369533002376556e-02,-3.017910718917846680e-01,3.325332999229431152e-01,5.319929122924804688e-01,6.001969575881958008e-01,4.859049618244171143e-01,-1.569548039697110653e-03,1.868768781423568726e-01,-5.378125309944152832e-01,-3.864007592201232910e-01,-4.179098606109619141e-01,4.841729998588562012e-01,3.682104647159576416e-01,-1.035728082060813904e-01,8.259403705596923828e-02,4.033981263637542725e-01,-5.225142836570739746e-01,4.938425868749618530e-02,4.418269693851470947e-01,6.082769110798835754e-02,5.488716438412666321e-02,-6.676196455955505371e-01,4.736440181732177734e-01,4.625636637210845947e-01,-1.846997253596782684e-02,-5.506948828697204590e-01,2.584207952022552490e-01,4.992030858993530273e-01,-2.307586967945098877e-01,-4.127846360206604004e-01,4.576730728149414062e-01,1.143999397754669189e-01,4.640147686004638672e-01,1.168208122253417969e-01,-5.302790552377700806e-02,-3.740647435188293457e-01,-6.281319856643676758e-01,-1.700051128864288330e-01,1.507737953215837479e-02,-1.270928978919982910e-02,8.215547353029251099e-02,6.911922246217727661e-02,3.236453831195831299e-01,-4.304662719368934631e-02,2.295665815472602844e-02,-5.887246131896972656e-01,1.940458267927169800e-01,3.915198519825935364e-02,-4.629319310188293457e-01,-5.313346385955810547e-01,-1.294093430042266846e-01,1.473964899778366089e-01,2.065012045204639435e-02,7.622559368610382080e-02,1.161545291543006897e-01,-1.702544242143630981e-01,2.443888932466506958e-01,4.157834649085998535e-01,-5.260903239250183105e-01,-4.357754066586494446e-02,-4.133183658123016357e-01,7.287840824574232101e-03,-2.165174484252929688e-01,6.245215535163879395e-01,-4.595324397087097168e-02,-4.469148516654968262e-01,-3.598556853830814362e-03,6.174229383468627930e-01,-2.396848797798156738e-01,-5.554815530776977539e-01,6.819182038307189941e-01,2.155251801013946533e-03,-4.547137320041656494e-01,-1.375236315652728081e-03,-3.244631588459014893e-01,-5.358890891075134277e-01,2.418652176856994629e-03,9.886289015412330627e-03,4.006342291831970215e-01,3.481968343257904053e-01,-1.312931180000305176e-01,-2.414047271013259888e-01,-5.225358605384826660e-01,2.435757219791412354e-01,-5.618900656700134277e-01,1.097601279616355896e-01,3.391059935092926025e-01,-8.669478847878053784e-05,-4.075843989849090576e-01,2.962458431720733643e-01,-1.617442071437835693e-01,1.913466490805149078e-02,-6.773422360420227051e-01,-4.530901610851287842e-01,6.704558134078979492e-01,1.615874022245407104e-01,-6.311752796173095703e-01,-5.114061832427978516e-01,2.021948993206024170e-02,-3.098783269524574280e-02,5.615416169166564941e-01,-5.771965384483337402e-01,-5.665357708930969238e-01,1.340299546718597412e-01,5.532405376434326172e-01,-5.358283519744873047e-01,1.779792308807373047e-01,1.560125350952148438e-01,-5.726200938224792480e-01,3.300794959068298340e-01,3.560995161533355713e-01,5.432010293006896973e-01,5.388500690460205078e-01,-3.266481757164001465e-01,-4.129354953765869141e-01,-3.657431602478027344e-01,1.569648832082748413e-02,2.920187115669250488e-01
2.387389242649078369e-01,5.265028402209281921e-02,-3.859865963459014893e-01,2.048258334398269653e-01,4.736290872097015381e-01,-1.944068074226379395e-01,8.885312825441360474e-02,4.790076017379760742e-01,1.389358639717102051e-01,2.194987535476684570e-01,-4.081093147397041321e-02,-2.604808807373046875e-01,2.827393412590026855e-01,2.026513665914535522e-01,4.377259910106658936e-01,5.696433782577514648e-01,-3.013027133420109749e-03,1.615805476903915405e-01,-1.952377855777740479e-01,-2.210370153188705444e-01,-7.867515087127685547e-02,2.490873187780380249e-01,7.340320199728012085e-02,2.129727788269519806e-02,5.848333612084388733e-02,4.897540509700775146e-01,-3.781081736087799072e-01,-4.224412143230438232e-01,3.871515691280364990e-01,-1.667091399431228638e-01,-8.637405931949615479e-02,-4.301024377346038818e-01,1.157524734735488892e-01,2.570281624794006348e-01,-4.191660881042480469e-02,-4.648857712745666504e-01,1.941651701927185059e-01,3.901769816875457764e-01,-5.971548557281494141e-01,-3.866424858570098877e-01,5.114309787750244141e-01,9.787033498287200928e-02,3.095793426036834717e-01,8.339112997055053711e-02,1.509491540491580963e-02,-2.107067108154296875e-01,-4.350750446319580078e-01,-1.790125966072082520e-01,3.713809326291084290e-02,6.201420351862907410e-02,-6.382582336664199829e-02,-9.113204479217529297e-02,3.151634633541107178e-01,-3.964626044034957886e-02,-1.683099120855331421e-01,-5.671691894531250000e-01,1.737492531538009644e-01,3.182980790734291077e-02,-2.829031348228454590e-01,-2.804294228553771973e-01,-4.848696291446685791e-02,-7.858636230230331421e-02,8.557992056012153625e-03,1.752210855484008789e-01,9.159376472234725952e-02,-1.161263808608055115e-01,9.009489417076110840e-02,5.489828586578369141e-01,-4.193418622016906738e-01,3.583022952079772949e-01,-4.958465397357940674e-01,2.889189310371875763e-02,6.109807174652814865e-03,4.246981441974639893e-01,-1.498755514621734619e-01,-4.863142371177673340e-01,-4.691767040640115738e-03,4.781929254531860352e-01,-3.634627908468246460e-02,-4.312489330768585205e-01,4.115640521049499512e-01,1.438272185623645782e-03,-4.856122434139251709e-01,-2.857515355572104454e-03,-5.554237961769104004e-01,-3.443204462528228760e-01,2.902970314025878906e-01,1.296502631157636642e-02,2.071084231138229370e-01,3.083175122737884521e-01,-2.319202572107315063e-01,7.523282617330551147e-02,-2.088169008493423462e-01,4.246128723025321960e-02,-3.869625031948089600e-01,-2.112100124359130859e-01,3.979360461235046387e-01,-9.234203753294423223e-05,-4.783672392368316650e-01,4.742695391178131104e-01,-2.917274236679077148e-01,3.861913383007049561e-01,-4.378659427165985107e-01,-3.874129056930541992e-01,4.362258613109588623e-01,8.069532364606857300e-02,-1.447547972202301025e-01,-3.777622580528259277e-01,-3.571230173110961914e-01,-1.039032824337482452e-02,1.829592436552047729e-01,-1.131848767399787903e-01,-3.714858889579772949e-01,-1.439648866653442383e-01,5.618004798889160156e-01,-3.752203583717346191e-01,5.052505731582641602e-01,3.156830370426177979e-02,-5.674933195114135742e-01,1.116066500544548035e-01,1.678277701139450073e-01,3.881038725376129150e-01,4.505329430103302002e-01,-1.017948091030120850e-01,-2.619888484477996826e-01,-9.177698940038681030e-02,1.622731052339076996e-02,2.477352470159530640e-01
-1.862891763448715210e-01,-1.323472429066896439e-02,1.902757585048675537e-02,6.897948682308197021e-02,-1.944068074226379395e-01,2.105645239353179932e-01,-2.818533219397068024e-02,-2.025619447231292725e-01,-1.103895828127861023e-01,-4.799047857522964478e-02,5.964963138103485107e-02,6.126468628644943237e-02,-3.645867854356765747e-02,5.326576903462409973e-02,-4.877279326319694519e-02,-1.642436236143112183e-01,-8.868625736795365810e-04,-4.468116164207458496e-02,-9.929405525326728821e-03,5.699144676327705383e-03,4.044426977634429932e-02,1.224321871995925903e-02,1.121576651930809021e-01,-4.052987694740295410e-02,-1.654676347970962524e-02,-1.851991862058639526e-01,2.440406009554862976e-02,2.323814481496810913e-01,1.684158341959118843e-03,6.661983579397201538e-02,1.034065410494804382e-01,7.012434303760528564e-02,-2.086358610540628433e-03,4.476320371031761169e-02,9.761671535670757294e-03,8.235365152359008789e-02,-3.936942666769027710e-02,-7.649597525596618652e-02,2.110011130571365356e-01,1.030718311667442322e-01,-2.266277819871902466e-01,-3.768085315823554993e-02,1.088185142725706100e-02,-3.711565630510449409e-03,6.774258613586425781e-02,-6.374662369489669800e-02,4.609573259949684143e-02,6.059519201517105103e-02,-6.206785514950752258e-02,-8.212976157665252686e-02,7.820181548595428467e-02,-2.668326720595359802e-02,-1.448155641555786133e-01,2.409027703106403351e-02,4.064927622675895691e-02,9.944967180490493774e-02,-4.410937428474426270e-02,-4.221484530717134476e-03,5.206513404846191406e-02,9.065477177500724792e-03,3.444109484553337097e-02,5.394129827618598938e-02,-1.019722622004337609e-04,-1.584064513444900513e-01,-7.849955558776855469e-02,2.633272483944892883e-02,4.706054925918579102e-02,-1.673974990844726562e-01,9.333539754152297974e-02,-1.950239688158035278e-01,1.459788680076599121e-01,-1.818421036005020142e-01,-2.102859504520893097e-02,-5.670876801013946533e-02,1.438773274421691895e-01,1.623775213956832886e-01,1.195438439026474953e-03,-4.883817210793495178e-02,1.345043350011110306e-02,9.034816920757293701e-02,-5.242861434817314148e-02,-1.058417619788087904e-04,9.678691625595092773e-02,-8.719529723748564720e-04,2.570229470729827881e-01,3.554035909473896027e-03,-1.166226267814636230e-01,-3.275540890172123909e-03,-3.489290922880172729e-02,-7.488872110843658447e-02,1.023614779114723206e-01,-5.942443758249282837e-02,1.519150007516145706e-02,9.823743253946304321e-03,1.041514873504638672e-01,1.392057538032531738e-01,-6.803128868341445923e-02,2.810181103996001184e-05,1.271493136882781982e-01,-2.259622663259506226e-01,8.206053078174591064e-02,-2.131743282079696655e-01,7.121212035417556763e-02,8.396830409765243530e-02,-7.110585272312164307e-02,8.634373545646667480e-03,-4.005137085914611816e-02,4.981146007776260376e-02,2.422983497381210327e-01,2.526293275877833366e-03,1.991506479680538177e-02,-1.019120961427688599e-01,4.786293208599090576e-02,1.078812479972839355e-01,-9.623940289020538330e-02,6.960424780845642090e-02,-2.033635973930358887e-01,5.414843931794166565e-02,1.426054239273071289e-01,1.060978975147008896e-02,2.863727137446403503e-02,-1.050523370504379272e-01,-1.073709875345230103e-01,-2.525814250111579895e-02,-1.455918233841657639e-02,-3.082770667970180511e-02,-9.816776961088180542e-03,-5.546475574374198914e-02
6.684092432260513306e-02,5.792156793177127838e-03,-7.190076261758804321e-02,4.875480011105537415e-02,8.885312825441360474e-02,-2.818533219397068024e-02,8.498536050319671631e-02,1.114109754562377930e-01,-1.221047621220350266e-02,5.017134174704551697e-02,-7.448062300682067871e-02,-3.415273129940032959e-02,-2.905492903664708138e-03,-1.562423724681138992e-02,4.582896083593368530e-02,6.076803430914878845e-02,-3.955893917009234428e-04,1.933621056377887726e-02,-6.751349568367004395e-02,-4.339801520109176636e-02,-1.764423213899135590e-02,9.638013318181037903e-03,1.510412694187834859e-04,2.630013413727283478e-02,1.027396228164434433e-02,5.171034112572669983e-02,-1.550702471286058426e-02,-6.290297210216522217e-02,5.959212407469749451e-02,-6.047740578651428223e-02,-3.563876077532768250e-02,-4.316527768969535828e-02,6.458412855863571167e-02,4.665556922554969788e-02,-4.781827330589294434e-03,-1.958159171044826508e-02,2.378848940134048462e-02,6.620730459690093994e-02,-9.464760124683380127e-02,-1.036775559186935425e-01,1.099005341529846191e-01,3.073226660490036011e-02,1.492806896567344666e-02,1.213428191840648651e-02,-5.823021009564399719e-02,1.517158187925815582e-02,-8.371729403734207153e-02,-3.391062095761299133e-02,3.080537728965282440e-02,2.333129011094570160e-02,-1.099621783941984177e-02,-2.385220676660537720e-02,8.386602252721786499e-02,1.389748067595064640e-03,-1.127059105783700943e-02,-7.743635028600692749e-02,2.983634360134601593e-02,3.923696931451559067e-03,-6.768205016851425171e-02,-3.462057933211326599e-02,-3.247582912445068359e-02,-1.196945458650588989e-02,1.245000050403177738e-03,9.679192304611206055e-02,2.717513777315616608e-02,-1.690760999917984009e-02,-3.923492133617401123e-02,8.540908992290496826e-02,-4.720418900251388550e-02,7.841197401285171509e-02,-1.130905002355575562e-01,5.872999131679534912e-02,1.521582901477813721e-02,5.250753089785575867e-02,-5.995822697877883911e-02,-1.183431223034858704e-01,5.325822348822839558e-05,7.119779288768768311e-02,-4.752682894468307495e-02,-5.372184514999389648e-02,8.299409598112106323e-02,1.234940136782824993e-04,-8.241614699363708496e-02,-1.256836461834609509e-03,-1.291839778423309326e-01,-1.435652468353509903e-02,1.010529845952987671e-01,1.088642515242099762e-03,-1.482222881168127060e-02,5.539817735552787781e-02,-7.350603491067886353e-02,1.723901927471160889e-02,-3.472966328263282776e-02,-4.354528617113828659e-03,-8.653164654970169067e-02,-6.978348642587661743e-02,7.134088873863220215e-02,-2.438061892462428659e-05,-5.202359706163406372e-02,1.135134249925613403e-01,-7.542082667350769043e-02,8.510406315326690674e-02,-5.413524806499481201e-02,-5.781807005405426025e-02,9.701641649007797241e-02,1.152463108301162720e-01,-4.099921509623527527e-02,-1.594206131994724274e-02,-1.061998456716537476e-01,-1.082159578800201416e-03,-3.760578483343124390e-02,-4.967408999800682068e-02,-4.206360876560211182e-02,2.291617915034294128e-02,9.302852302789688110e-02,-7.070160657167434692e-02,5.679588019847869873e-02,1.448410842567682266e-02,-1.214047372341156006e-01,1.104716490954160690e-02,1.781821809709072113e-02,8.567166328430175781e-02,7.789170742034912109e-02,1.705849356949329376e-02,-2.133168652653694153e-02,-9.987781755626201630e-03,4.377448465675115585e-03,9.175261855125427246e-02
3.428698182106018066e-01,3.297858685255050659e-02,-2.401583492755889893e-01,6.658183783292770386e-02,4.790076017379760742e-01,-2.025619447231292725e-01,1.114109754562377930e-01,6.270563602447509766e-01,3.573470190167427063e-02,1.340608447790145874e-01,-4.610227420926094055e-02,-2.279530763626098633e-01,1.418931037187576294e-01,8.850822597742080688e-02,3.015369474887847900e-01,4.649789333343505859e-01,-1.294909976422786713e-03,9.456257522106170654e-02,-2.138875238597393036e-02,-1.313363164663314819e-01,1.203130111098289490e-01,1.566797494888305664e-01,-4.235448315739631653e-02,4.684985056519508362e-02,4.063956812024116516e-02,3.677248358726501465e-01,-2.060852050781250000e-01,-5.155007243156433105e-01,3.130039572715759277e-01,-2.160242348909378052e-01,-1.642989814281463623e-01,-2.294034212827682495e-01,-8.810680359601974487e-02,1.956801116466522217e-01,-5.193607509136199951e-02,-3.215296268463134766e-01,1.308461427688598633e-01,2.756151556968688965e-01,-6.314727067947387695e-01,-3.864357173442840576e-01,4.187811911106109619e-01,8.024261891841888428e-02,1.489029377698898315e-01,6.196873635053634644e-02,9.195624291896820068e-02,-8.454745262861251831e-02,-2.996747493743896484e-01,-1.736628860235214233e-01,2.688621357083320618e-02,-5.048182327300310135e-03,-1.238639727234840393e-01,-1.884645819664001465e-01,2.814548313617706299e-01,-8.579336851835250854e-02,-2.185394018888473511e-01,-4.432894587516784668e-01,1.898820549249649048e-01,2.665849030017852783e-02,-9.878214448690414429e-02,-1.480836719274520874e-01,-1.478507556021213531e-02,-1.662601977586746216e-01,3.044694662094116211e-03,1.370605379343032837e-01,7.746292650699615479e-02,-6.753125041723251343e-02,-3.620671480894088745e-02,4.768716990947723389e-01,-3.057892322540283203e-01,4.455944001674652100e-01,-4.659530818462371826e-01,-3.613772802054882050e-03,9.412976354360580444e-02,2.907491326332092285e-01,-1.248443052172660828e-01,-4.049057662487030029e-01,-3.364534117281436920e-03,3.262981772422790527e-01,-1.483784872107207775e-03,-3.038991391658782959e-01,2.505815923213958740e-01,1.055945991538465023e-03,-4.005576372146606445e-01,-3.259831573814153671e-03,-5.382072329521179199e-01,-1.751575320959091187e-01,3.515642583370208740e-01,1.205531507730484009e-02,2.281817421317100525e-02,2.617895007133483887e-01,-2.382244765758514404e-01,2.204034328460693359e-01,-3.765864670276641846e-02,-4.367855563759803772e-02,-2.519513368606567383e-01,-3.395591378211975098e-01,3.530773818492889404e-01,-8.553195220883935690e-05,-4.136163890361785889e-01,4.589121341705322266e-01,-3.674557805061340332e-01,4.547214210033416748e-01,-2.558473348617553711e-01,-2.983309030532836914e-01,2.290124595165252686e-01,1.377066075801849365e-01,9.438017755746841431e-02,-2.298215925693511963e-01,-4.259431660175323486e-01,3.394691739231348038e-03,7.802143227308988571e-03,5.070805549621582031e-02,-2.402686178684234619e-01,-1.418767571449279785e-01,4.529502093791961670e-01,-2.186290174722671509e-01,5.427404046058654785e-01,-1.294376794248819351e-02,-4.751476347446441650e-01,-3.495112759992480278e-04,3.455528244376182556e-02,2.782182693481445312e-01,3.158818483352661133e-01,6.155901774764060974e-02,-2.096747010946273804e-01,5.051128938794136047e-02,2.648711018264293671e-02,2.067359536886215210e-01
2.876114100217819214e-02,3.654309362173080444e-02,-2.501960098743438721e-01,2.045982033014297485e-01,1.389358639717102051e-01,-1.103895828127861023e-01,-1.221047621220350266e-02,3.573470190167427063e-02,2.337082922458648682e-01,1.704236119985580444e-01,-2.043813467025756836e-02,-1.567636728286743164e-01,1.927405595779418945e-01,2.095596492290496826e-01,2.838816344738006592e-01,3.026618063449859619e-01,4.898192710243165493e-04,8.572850376367568970e-02,-2.472332268953323364e-01,-1.691062897443771362e-01,-2.925879359245300293e-01,2.100788354873657227e-01,8.845590054988861084e-02,-5.478965491056442261e-02,4.864347353577613831e-02,3.140905201435089111e-01,-2.642043530941009521e-01,-5.926935747265815735e-02,1.458624899387359619e-01,3.562954813241958618e-02,-2.157823741436004639e-02,-3.830431103706359863e-01,2.447601407766342163e-01,1.479744762182235718e-01,-5.988125223666429520e-03,-3.107623755931854248e-01,1.395324766635894775e-01,2.578232884407043457e-01,-1.468228101730346680e-01,-1.696370691061019897e-01,3.336409926414489746e-01,6.173469498753547668e-02,1.907591074705123901e-01,4.555550590157508850e-02,-1.035404503345489502e-01,-1.408020555973052979e-01,-2.721045613288879395e-01,-8.853562921285629272e-02,5.958628281950950623e-02,3.781361877918243408e-02,-8.619491010904312134e-03,1.315588653087615967e-01,2.123234122991561890e-01,-3.897549211978912354e-02,2.565723471343517303e-02,-2.879395484924316406e-01,8.404643833637237549e-02,1.746515184640884399e-02,-2.401389926671981812e-01,-2.332398146390914917e-01,-8.511572331190109253e-02,7.150303572416305542e-02,9.381372481584548950e-03,1.411127299070358276e-01,1.147442981600761414e-01,-9.579728543758392334e-02,9.568960219621658325e-02,2.481866627931594849e-01,-2.991901338100433350e-01,3.585766255855560303e-02,-2.104144543409347534e-01,1.500720977783203125e-01,-1.280366480350494385e-01,3.111582398414611816e-01,-1.089757382869720459e-01,-2.523092627525329590e-01,-2.514514140784740448e-03,2.969179749488830566e-01,-1.047686710953712463e-01,-3.051711320877075195e-01,3.366941213607788086e-01,9.727732976898550987e-04,-2.087142616510391235e-01,1.629237085580825806e-03,-2.406677454710006714e-01,-2.469134330749511719e-01,3.081909380853176117e-03,5.599515046924352646e-03,2.683494091033935547e-01,1.814363300800323486e-01,-7.425646483898162842e-02,-1.172040477395057678e-01,-2.746577858924865723e-01,1.349722743034362793e-01,-3.088767230510711670e-01,3.470955044031143188e-02,1.156606301665306091e-01,-4.502066440181806684e-05,-2.368771433830261230e-01,2.287113964557647705e-01,-5.882962793111801147e-02,1.084485724568367004e-01,-3.662761151790618896e-01,-2.369754016399383545e-01,3.615012764930725098e-01,-2.667242288589477539e-02,-3.030718564987182617e-01,-2.661877870559692383e-01,-9.116735309362411499e-02,-2.109790779650211334e-02,3.051902949810028076e-01,-2.076280713081359863e-01,-2.841923832893371582e-01,-3.885806305333971977e-03,2.405728399753570557e-01,-2.954972684383392334e-01,1.404685080051422119e-01,3.714735805988311768e-02,-2.903596460819244385e-01,1.556212902069091797e-01,1.381788700819015503e-01,3.004928231239318848e-01,2.839598357677459717e-01,-1.643251776695251465e-01,-1.606617718935012817e-01,-1.773428618907928467e-01,2.160437777638435364e-02,1.297452300786972046e-01
2.550094795878976583e-04,4.818073287606239319e-02,-4.101044237613677979e-01,3.226536214351654053e-01,2.194987535476684570e-01,-4.799047857522964478e-02,5.017134174704551697e-02,1.340608447790145874e-01,1.704236119985580444e-01,2.374988198280334473e-01,-8.623488247394561768e-03,-2.157195806503295898e-01,2.974647283554077148e-01,2.779209613800048828e-01,4.159076213836669922e-01,4.302455186843872070e-01,-2.482960699126124382e-03,1.166701167821884155e-01,-3.446755111217498779e-01,-2.611613273620605469e-01,-2.415292263031005859e-01,2.934637069702148438e-01,2.017510235309600830e-01,-7.115253806114196777e-02,6.041605770587921143e-02,4.026216566562652588e-01,-4.034709334373474121e-01,-1.021778136491775513e-01,3.573082685470581055e-01,-3.568755090236663818e-02,2.479918487370014191e-02,-4.891203939914703369e-01,2.831924259662628174e-01,3.067227005958557129e-01,-2.010228112339973450e-02,-4.346795678138732910e-01,1.938057541847229004e-01,3.799032866954803467e-01,-2.979071438312530518e-01,-2.415287345647811890e-01,3.876632750034332275e-01,7.002685964107513428e-02,3.357386589050292969e-01,8.002173155546188354e-02,-5.541974678635597229e-02,-2.946021258831024170e-01,-4.274727702140808105e-01,-1.098202988505363464e-01,4.108698293566703796e-02,-8.611998520791530609e-03,2.447137981653213501e-02,4.185929149389266968e-02,2.280202955007553101e-01,-1.699581183493137360e-02,-4.717208445072174072e-02,-4.700628221035003662e-01,1.182550564408302307e-01,2.853152342140674591e-02,-3.332364559173583984e-01,-3.275463283061981201e-01,-7.447857409715652466e-02,5.444512516260147095e-02,1.107199024409055710e-02,1.345699578523635864e-01,7.569025456905364990e-02,-1.267514973878860474e-01,1.425974518060684204e-01,3.788997530937194824e-01,-4.058635830879211426e-01,8.544450998306274414e-02,-3.495543897151947021e-01,-8.610013173893094063e-04,-1.092349812388420105e-01,4.351763129234313965e-01,-7.066991180181503296e-02,-3.571473360061645508e-01,-3.913428168743848801e-03,4.848434031009674072e-01,-8.059536665678024292e-02,-4.143394827842712402e-01,4.649935960769653320e-01,1.466107554733753204e-03,-3.727072179317474365e-01,-1.384861650876700878e-03,-3.080460727214813232e-01,-3.846696913242340088e-01,1.101622730493545532e-01,9.479880332946777344e-03,3.119770884513854980e-01,2.676396965980529785e-01,-1.117311865091323853e-01,-8.863256871700286865e-02,-3.330304324626922607e-01,1.261436939239501953e-01,-3.970983028411865234e-01,2.475737780332565308e-02,2.484787553548812866e-01,-7.082882802933454514e-05,-3.522427082061767578e-01,2.918762564659118652e-01,-1.609628647565841675e-01,1.680820435285568237e-01,-4.780307114124298096e-01,-3.483806848526000977e-01,5.163132548332214355e-01,2.759340964257717133e-02,-3.564805090427398682e-01,-3.818862736225128174e-01,-1.067718863487243652e-01,-2.229318208992481232e-02,3.197071254253387451e-01,-3.243432044982910156e-01,-3.919563889503479004e-01,1.633485034108161926e-02,4.366632103919982910e-01,-4.137689471244812012e-01,2.223372459411621094e-01,1.148475557565689087e-01,-4.454717040061950684e-01,1.894852519035339355e-01,2.405245155096054077e-01,3.765510618686676025e-01,3.961410522460937500e-01,-2.026686966419219971e-01,-2.827827036380767822e-01,-2.230848073959350586e-01,2.391803637146949768e-02,2.264077961444854736e-01
-1.317432075738906860e-01,6.556601729243993759e-03,-4.319765791296958923e-02,-2.915369533002376556e-02,-4.081093147397041321e-02,5.964963138103485107e-02,-7.448062300682067871e-02,-4.610227420926094055e-02,-2.043813467025756836e-02,-8.623488247394561768e-03,1.773372143507003784e-01,-6.352686788886785507e-03,1.753055155277252197e-01,4.790356382727622986e-02,5.364381149411201477e-02,8.610325306653976440e-02,-3.398809349164366722e-03,-1.595791056752204895e-02,3.439709544181823730e-02,-1.800365187227725983e-02,1.235134452581405640e-01,5.602167174220085144e-02,9.294860064983367920e-02,-8.043673634529113770e-02,-3.396831685677170753e-03,8.822553604841232300e-02,-1.539556682109832764e-01,-1.295403670519590378e-02,1.564743667840957642e-01,-7.567077875137329102e-03,1.217877045273780823e-01,-4.963540285825729370e-02,-1.094535514712333679e-01,7.939642667770385742e-02,-1.188067346811294556e-02,-1.382376998662948608e-01,2.855724655091762543e-02,3.635045886039733887e-02,-7.836043089628219604e-02,1.551155596971511841e-01,-1.077712997794151306e-01,-5.962353944778442383e-02,1.470519453287124634e-01,1.504167076200246811e-02,1.541777253150939941e-01,-2.349398583173751831e-01,3.757143567781895399e-04,5.123876407742500305e-02,-5.539074540138244629e-02,-1.045872941613197327e-01,4.224213585257530212e-02,-5.045759305357933044e-02,-1.456127464771270752e-01,3.380127623677253723e-02,-1.044362187385559082e-01,-8.680585771799087524e-02,-3.336367756128311157e-02,6.017506122589111328e-03,1.334350463002920151e-02,-1.668451726436614990e-02,8.120690286159515381e-02,-2.256286889314651489e-02,-2.677446696907281876e-03,-1.446920931339263916e-01,-9.789784997701644897e-02,-1.080887019634246826e-02,1.103755161166191101e-01,3.885061293840408325e-02,-6.556861847639083862e-02,-2.727370895445346832e-02,2.272799238562583923e-02,-2.939080893993377686e-01,1.236211974173784256e-02,4.158589988946914673e-02,1.384252011775970459e-01,8.504220843315124512e-02,-2.798745408654212952e-03,1.061287522315979004e-01,1.787369400262832642e-01,-3.857919201254844666e-02,-3.488165512681007385e-02,3.168882103636860847e-04,-6.427390128374099731e-02,-1.249774475581943989e-03,1.239178702235221863e-01,-1.407217979431152344e-01,-3.600842785090208054e-03,4.147846717387437820e-03,1.153831407427787781e-01,1.403351780027151108e-02,9.403642266988754272e-02,5.376971513032913208e-02,1.006782334297895432e-02,-2.689730376005172729e-02,6.039128452539443970e-02,9.167161583900451660e-02,8.927816525101661682e-03,9.499840416538063437e-06,-7.828174531459808350e-02,-9.101434797048568726e-02,-9.099461021833121777e-04,1.565829291939735413e-02,-2.255072072148323059e-02,-4.225441068410873413e-02,1.753462105989456177e-02,-2.374281585216522217e-01,8.386599272489547729e-02,-1.219845414161682129e-01,1.062155589461326599e-01,-2.760555071290582418e-04,4.631868004798889160e-02,1.315106637775897980e-02,-3.709545359015464783e-02,-6.622310727834701538e-02,6.224714219570159912e-02,-2.668332681059837341e-02,4.751051217317581177e-02,6.744290888309478760e-02,3.646281734108924866e-02,-8.931220509111881256e-03,8.338541537523269653e-02,-7.617178559303283691e-02,-1.453511230647563934e-02,-5.830889195203781128e-02,-9.571274369955062866e-02,-1.722487248480319977e-02,5.964918062090873718e-03,-4.957766085863113403e-02
-6.080734357237815857e-02,-4.552986100316047668e-02,3.885891735553741455e-01,-3.017910718917846680e-01,-2.604808807373046875e-01,6.126468628644943237e-02,-3.415273129940032959e-02,-2.279530763626098633e-01,-1.567636728286743164e-01,-2.157195806503295898e-01,-6.352686788886785507e-03,2.389554083347320557e-01,-2.656239867210388184e-01,-3.016094863414764404e-01,-4.263872504234313965e-01,-4.583919644355773926e-01,1.294068875722587109e-03,-1.109458506107330322e-01,2.795758545398712158e-01,2.456639558076858521e-01,1.814742684364318848e-01,-3.066610991954803467e-01,-1.709738373756408691e-01,6.369515508413314819e-02,-5.883801728487014771e-02,-3.955094218254089355e-01,3.811147809028625488e-01,1.695966422557830811e-01,-3.558828234672546387e-01,3.926886990666389465e-02,1.990522816777229309e-02,4.694322645664215088e-01,-1.968959122896194458e-01,-3.065341413021087646e-01,2.879514358937740326e-02,4.474887847900390625e-01,-1.876658648252487183e-01,-3.679598271846771240e-01,3.649941086769104004e-01,2.930375635623931885e-01,-3.954861760139465332e-01,-7.301152497529983521e-02,-3.057880699634552002e-01,-8.052334934473037720e-02,-7.008958142250776291e-03,2.656653225421905518e-01,4.234751462936401367e-01,1.328925639390945435e-01,-2.352858707308769226e-02,3.706956282258033752e-02,1.102478336542844772e-02,2.292257500812411308e-03,-2.454615980386734009e-01,5.578410625457763672e-02,7.738645374774932861e-02,4.877963662147521973e-01,-1.549274921417236328e-01,-3.029090538620948792e-02,2.672522664070129395e-01,3.153394460678100586e-01,6.145049259066581726e-02,-1.676454395055770874e-02,-1.072307862341403961e-02,-9.359414875507354736e-02,-8.650914579629898071e-02,1.171521618962287903e-01,-1.217160299420356750e-01,-4.014990031719207764e-01,4.100987613201141357e-01,-1.355454176664352417e-01,3.702173829078674316e-01,1.834884285926818848e-02,8.878280222415924072e-02,-4.428834319114685059e-01,5.854289978742599487e-02,3.578723371028900146e-01,3.762656357139348984e-03,-4.723588526248931885e-01,7.975009828805923462e-02,4.217177033424377441e-01,-4.509607851505279541e-01,-1.529535744339227676e-03,3.766396939754486084e-01,1.279631047509610653e-03,3.465130031108856201e-01,3.637738823890686035e-01,-1.160181984305381775e-01,-1.031055860221385956e-02,-2.638336420059204102e-01,-2.751650810241699219e-01,1.238337978720664978e-01,4.045659303665161133e-02,2.889890074729919434e-01,-1.132838428020477295e-01,3.766668736934661865e-01,3.635892271995544434e-02,-2.631562352180480957e-01,7.223598368000239134e-05,3.810114562511444092e-01,-3.138979971408843994e-01,2.070977091789245605e-01,-1.976478248834609985e-01,4.694443047046661377e-01,3.482932746410369873e-01,-4.599780440330505371e-01,-4.464475437998771667e-02,2.823652327060699463e-01,3.733657598495483398e-01,1.344877630472183228e-01,1.776454970240592957e-02,-3.183756768703460693e-01,2.665883600711822510e-01,3.906725645065307617e-01,-3.355826775077730417e-04,-4.495472609996795654e-01,3.771720528602600098e-01,-2.955529987812042236e-01,-8.469131588935852051e-02,4.617069661617279053e-01,-1.662191301584243774e-01,-1.977393329143524170e-01,-3.757710754871368408e-01,-3.900660574436187744e-01,1.610619276762008667e-01,3.009863197803497314e-01,1.790709495544433594e-01,-2.876565046608448029e-02,-2.067897766828536987e-01
