9.999983906745910645e-01,-9.999985694885253906e-01,-9.999933242797851562e-01,9.999980330467224121e-01,9.999989271163940430e-01,-9.999986290931701660e-01,9.999958276748657227e-01,9.999991059303283691e-01,-9.999971985816955566e-01,9.999980926513671875e-01,-9.999986886978149414e-01,-9.999989271163940430e-01,9.999979734420776367e-01,9.999985098838806152e-01,9.999914765357971191e-01,9.999964833259582520e-01,9.999973177909851074e-01,-9.999984502792358398e-01,9.999933838844299316e-01,-9.999991059303283691e-01,-9.999989271163940430e-01,9.999927282333374023e-01,9.999985098838806152e-01,9.999982714653015137e-01,9.999887943267822266e-01,9.999989271163940430e-01,-9.999982118606567383e-01,-9.999989271163940430e-01,9.999889135360717773e-01,-9.999959468841552734e-01,-9.999924302101135254e-01,-9.999982714653015137e-01,9.999892115592956543e-01,9.999963641166687012e-01,-9.999976754188537598e-01,9.998674988746643066e-01,9.999989271163940430e-01,9.999985098838806152e-01,9.999917745590209961e-01,-9.999988675117492676e-01,9.999985694885253906e-01,-9.999922513961791992e-01,9.999797344207763672e-01,9.999988079071044922e-01,9.999982714653015137e-01,9.999982714653015137e-01,-9.999933242797851562e-01,9.999983906745910645e-01,9.999986290931701660e-01,-9.999984502792358398e-01,-9.999987483024597168e-01,-9.999982714653015137e-01,-9.999988079071044922e-01,-9.999929070472717285e-01,-9.999982118606567383e-01,-9.999982118606567383e-01,-9.999951124191284180e-01,9.999700784683227539e-01,9.999971389770507812e-01,9.999984502792358398e-01,-9.999983906745910645e-01,9.999989271163940430e-01,9.999983906745910645e-01,9.999954104423522949e-01,-9.999954104423522949e-01,-9.999987483024597168e-01,-9.999989867210388184e-01,-9.999958276748657227e-01,-9.999988675117492676e-01,9.999985098838806152e-01,-9.999986290931701660e-01,9.999978542327880859e-01,9.999908208847045898e-01,-9.999935030937194824e-01,-9.999761581420898438e-01,-9.999983310699462891e-01,9.999927282333374023e-01,9.999986886978149414e-01,-9.999943971633911133e-01,-9.999961256980895996e-01,9.999694824218750000e-01,9.999976754188537598e-01,-9.999988079071044922e-01,9.999978542327880859e-01,-9.999982714653015137e-01,-9.999892711639404297e-01,9.999811053276062012e-01,9.999988675117492676e-01,9.999845623970031738e-01,9.999191164970397949e-01,-9.999966621398925781e-01,9.999982714653015137e-01,-9.999822378158569336e-01,-9.999977350234985352e-01,9.999982118606567383e-01,-9.999977946281433105e-01,-9.999913573265075684e-01,9.999989271163940430e-01,-9.999987483024597168e-01,9.999958276748657227e-01,-9.999967217445373535e-01,9.999987483024597168e-01,-9.999309778213500977e-01,9.991135597229003906e-01,9.999986290931701660e-01,9.999972581863403320e-01,-9.999783039093017578e-01,-9.999983310699462891e-01,-9.999939799308776855e-01,9.999985098838806152e-01,-9.999983906745910645e-01,9.999982714653015137e-01,-9.999983310699462891e-01,-9.999680519104003906e-01,9.999989867210388184e-01,-9.999979138374328613e-01,9.999989867210388184e-01,-9.999982714653015137e-01,-9.999949336051940918e-01,-9.999979138374328613e-01,-9.999986886978149414e-01,9.999963045120239258e-01,9.999982118606567383e-01,-9.999974966049194336e-01,-9.999887943267822266e-01,-9.999954700469970703e-01,9.999903440475463867e-01,-9.999955892562866211e-01
-9.999985694885253906e-01,9.999989867210388184e-01,9.999946355819702148e-01,-9.999985098838806152e-01,-9.999991655349731445e-01,9.999989271163940430e-01,-9.999966025352478027e-01,-9.999992251396179199e-01,9.999977350234985352e-01,-9.999984502792358398e-01,9.999989271163940430e-01,9.999991655349731445e-01,-9.999984502792358398e-01,-9.999987483024597168e-01,-9.999930262565612793e-01,-9.999972581863403320e-01,-9.999978542327880859e-01,9.999987483024597168e-01,-9.999945759773254395e-01,9.999994039535522461e-01,9.999992251396179199e-01,-9.999939799308776855e-01,-9.999988675117492676e-01,-9.999986290931701660e-01,-9.999908804893493652e-01,-9.999992251396179199e-01,9.999986290931701660e-01,9.999992847442626953e-01,-9.999909400939941406e-01,9.999967813491821289e-01,9.999938607215881348e-01,9.999986886978149414e-01,-9.999911785125732422e-01,-9.999971389770507812e-01,9.999982714653015137e-01,-9.998910427093505859e-01,-9.999992251396179199e-01,-9.999988675117492676e-01,-9.999933242797851562e-01,9.999991059303283691e-01,-9.999988675117492676e-01,9.999936223030090332e-01,-9.999834299087524414e-01,-9.999991655349731445e-01,-9.999986290931701660e-01,-9.999985694885253906e-01,9.999945163726806641e-01,-9.999987483024597168e-01,-9.999990463256835938e-01,9.999988675117492676e-01,9.999990463256835938e-01,9.999985694885253906e-01,9.999991655349731445e-01,9.999942779541015625e-01,9.999986290931701660e-01,9.999986290931701660e-01,9.999959468841552734e-01,-9.999755024909973145e-01,-9.999976754188537598e-01,-9.999986886978149414e-01,9.999986886978149414e-01,-9.999992251396179199e-01,-9.999986886978149414e-01,-9.999962449073791504e-01,9.999962449073791504e-01,9.999991059303283691e-01,9.999993443489074707e-01,9.999966621398925781e-01,9.999991655349731445e-01,-9.999988675117492676e-01,9.999989271163940430e-01,-9.999983310699462891e-01,-9.999926090240478516e-01,9.999947547912597656e-01,9.999805092811584473e-01,9.999986290931701660e-01,-9.999940991401672363e-01,-9.999989867210388184e-01,9.999954700469970703e-01,9.999969005584716797e-01,-9.999749064445495605e-01,-9.999981522560119629e-01,9.999991059303283691e-01,-9.999982714653015137e-01,9.999986886978149414e-01,9.999912381172180176e-01,-9.999844431877136230e-01,-9.999991655349731445e-01,-9.999873638153076172e-01,-9.999335408210754395e-01,9.999972581863403320e-01,-9.999987483024597168e-01,9.999855160713195801e-01,9.999981522560119629e-01,-9.999985098838806152e-01,9.999982714653015137e-01,9.999929666519165039e-01,-9.999992251396179199e-01,9.999991059303283691e-01,-9.999966025352478027e-01,9.999973773956298828e-01,-9.999991059303283691e-01,9.999432563781738281e-01,-9.992713928222656250e-01,-9.999988675117492676e-01,-9.999977946281433105e-01,9.999822378158569336e-01,9.999987483024597168e-01,9.999951124191284180e-01,-9.999988675117492676e-01,9.999988079071044922e-01,-9.999985694885253906e-01,9.999986290931701660e-01,9.999738335609436035e-01,-9.999992251396179199e-01,9.999983310699462891e-01,-9.999992251396179199e-01,9.999987483024597168e-01,9.999958872795104980e-01,9.999982714653015137e-01,9.999990463256835938e-01,-9.999969601631164551e-01,-9.999986290931701660e-01,9.999980330467224121e-01,9.999908804893493652e-01,9.999962449073791504e-01,-9.999920129776000977e-01,9.999964833259582520e-01
-9.999933242797851562e-01,9.999946355819702148e-01,9.999729394912719727e-01,-9.999920725822448730e-01,-9.999955892562866211e-01,9.999950528144836426e-01,-9.999833106994628906e-01,-9.999960064888000488e-01,9.999886155128479004e-01,-9.999923706054687500e-01,9.999948143959045410e-01,9.999955892562866211e-01,-9.999921917915344238e-01,-9.999938607215881348e-01,-9.999650120735168457e-01,-9.999861121177673340e-01,-9.999895095825195312e-01,9.999937415122985840e-01,-9.999729394912719727e-01,9.999962449073791504e-01,9.999957680702209473e-01,-9.999698996543884277e-01,-9.999940991401672363e-01,-9.999930262565612793e-01,-9.999542236328125000e-01,-9.999958276748657227e-01,9.999931454658508301e-01,9.999955892562866211e-01,-9.999546408653259277e-01,9.999836683273315430e-01,9.999689459800720215e-01,9.999935030937194824e-01,-9.999558329582214355e-01,-9.999853372573852539e-01,9.999909400939941406e-01,-9.994558691978454590e-01,-9.999959468841552734e-01,-9.999943375587463379e-01,-9.999663829803466797e-01,9.999954104423522949e-01,-9.999945163726806641e-01,9.999681115150451660e-01,-9.999168515205383301e-01,-9.999954104423522949e-01,-9.999932646751403809e-01,-9.999930858612060547e-01,9.999725818634033203e-01,-9.999936819076538086e-01,-9.999949932098388672e-01,9.999939799308776855e-01,9.999950528144836426e-01,9.999930858612060547e-01,9.999954104423522949e-01,9.999709725379943848e-01,9.999927282333374023e-01,9.999926686286926270e-01,9.999801516532897949e-01,-9.998772144317626953e-01,-9.999885559082031250e-01,-9.999935626983642578e-01,9.999935030937194824e-01,-9.999958276748657227e-01,-9.999935626983642578e-01,-9.999813437461853027e-01,9.999814033508300781e-01,9.999953508377075195e-01,9.999960660934448242e-01,9.999834895133972168e-01,9.999957084655761719e-01,-9.999943971633911133e-01,9.999949932098388672e-01,-9.999912977218627930e-01,-9.999622702598571777e-01,9.999737143516540527e-01,9.999019503593444824e-01,9.999933242797851562e-01,-9.999703764915466309e-01,-9.999949336051940918e-01,9.999772906303405762e-01,9.999846816062927246e-01,-9.998744130134582520e-01,-9.999907016754150391e-01,9.999953508377075195e-01,-9.999914169311523438e-01,9.999930858612060547e-01,9.999557137489318848e-01,-9.999220371246337891e-01,-9.999956488609313965e-01,-9.999367594718933105e-01,-9.996680021286010742e-01,9.999863505363464355e-01,-9.999933242797851562e-01,9.999269843101501465e-01,9.999908804893493652e-01,-9.999926090240478516e-01,9.999913573265075684e-01,9.999645948410034180e-01,-9.999958276748657227e-01,9.999951720237731934e-01,-9.999831914901733398e-01,9.999869465827941895e-01,-9.999952912330627441e-01,9.997166395187377930e-01,-9.963699579238891602e-01,-9.999945163726806641e-01,-9.999892115592956543e-01,9.999108910560607910e-01,9.999933242797851562e-01,9.999754428863525391e-01,-9.999939203262329102e-01,9.999936819076538086e-01,-9.999930262565612793e-01,9.999932050704956055e-01,9.998685121536254883e-01,-9.999960064888000488e-01,9.999911189079284668e-01,-9.999957084655761719e-01,9.999932050704956055e-01,9.999794960021972656e-01,9.999914169311523438e-01,9.999949932098388672e-01,-9.999853968620300293e-01,-9.999930858612060547e-01,9.999902844429016113e-01,9.999542832374572754e-01,9.999815225601196289e-01,-9.999604225158691406e-01,9.999820590019226074e-01
9.999980330467224121e-01,-9.999985098838806152e-01,-9.999920725822448730e-01,9.999977350234985352e-01,9.999987483024597168e-01,-9.999985694885253906e-01,9.999951124191284180e-01,9.999988079071044922e-01,-9.999966621398925781e-01,9.999977350234985352e-01,-9.999985098838806152e-01,-9.999987483024597168e-01,9.999977350234985352e-01,9.999982118606567383e-01,9.999897480010986328e-01,9.999959468841552734e-01,9.999969005584716797e-01,-9.999981522560119629e-01,9.999920725822448730e-01,-9.999988675117492676e-01,-9.999987483024597168e-01,9.999911189079284668e-01,9.999982714653015137e-01,9.999980330467224121e-01,9.999867081642150879e-01,9.999987483024597168e-01,-9.999979734420776367e-01,-9.999987483024597168e-01,9.999867081642150879e-01,-9.999952912330627441e-01,-9.999909400939941406e-01,-9.999980330467224121e-01,9.999870657920837402e-01,9.999957084655761719e-01,-9.999973773956298828e-01,9.998401403427124023e-01,9.999988675117492676e-01,9.999983310699462891e-01,9.999901652336120605e-01,-9.999986290931701660e-01,9.999983906745910645e-01,-9.999906420707702637e-01,9.999756217002868652e-01,9.999986290931701660e-01,9.999980330467224121e-01,9.999979734420776367e-01,-9.999919533729553223e-01,9.999981522560119629e-01,9.999984502792358398e-01,-9.999982118606567383e-01,-9.999985098838806152e-01,-9.999979734420776367e-01,-9.999986886978149414e-01,-9.999915361404418945e-01,-9.999979138374328613e-01,-9.999978542327880859e-01,-9.999941587448120117e-01,9.999639391899108887e-01,9.999966025352478027e-01,9.999980926513671875e-01,-9.999980926513671875e-01,9.999988079071044922e-01,9.999982118606567383e-01,9.999945163726806641e-01,-9.999945759773254395e-01,-9.999986290931701660e-01,-9.999988675117492676e-01,-9.999951720237731934e-01,-9.999987483024597168e-01,9.999984502792358398e-01,-9.999985098838806152e-01,9.999974966049194336e-01,9.999890327453613281e-01,-9.999923110008239746e-01,-9.999713897705078125e-01,-9.999980926513671875e-01,9.999913573265075684e-01,9.999985098838806152e-01,-9.999934434890747070e-01,-9.999955296516418457e-01,9.999631643295288086e-01,9.999972581863403320e-01,-9.999986290931701660e-01,9.999974966049194336e-01,-9.999980330467224121e-01,-9.999870061874389648e-01,9.999772310256958008e-01,9.999987483024597168e-01,9.999814629554748535e-01,9.999024271965026855e-01,-9.999960660934448242e-01,9.999980330467224121e-01,-9.999786615371704102e-01,-9.999973773956298828e-01,9.999978542327880859e-01,-9.999974370002746582e-01,-9.999896287918090820e-01,9.999988079071044922e-01,-9.999985694885253906e-01,9.999950528144836426e-01,-9.999961256980895996e-01,9.999986886978149414e-01,-9.999167919158935547e-01,9.989309310913085938e-01,9.999983906745910645e-01,9.999967813491821289e-01,-9.999738931655883789e-01,-9.999980926513671875e-01,-9.999927878379821777e-01,9.999982118606567383e-01,-9.999981522560119629e-01,9.999979138374328613e-01,-9.999980330467224121e-01,-9.999614357948303223e-01,9.999988079071044922e-01,-9.999974370002746582e-01,9.999987483024597168e-01,-9.999980330467224121e-01,-9.999939799308776855e-01,-9.999975562095642090e-01,-9.999985098838806152e-01,9.999956488609313965e-01,9.999979734420776367e-01,-9.999971389770507812e-01,-9.999865889549255371e-01,-9.999946355819702148e-01,9.999884366989135742e-01,-9.999948143959045410e-01
9.999989271163940430e-01,-9.999991655349731445e-01,-9.999955892562866211e-01,9.999987483024597168e-01,9.999993443489074707e-01,-9.999992251396179199e-01,9.999972581863403320e-01,9.999994039535522461e-01,-9.999981522560119629e-01,9.999988079071044922e-01,-9.999991059303283691e-01,-9.999994039535522461e-01,9.999986886978149414e-01,9.999989271163940430e-01,9.999943375587463379e-01,9.999977946281433105e-01,9.999981522560119629e-01,-9.999989867210388184e-01,9.999957084655761719e-01,-9.999995231628417969e-01,-9.999993443489074707e-01,9.999951720237731934e-01,9.999991059303283691e-01,9.999988675117492676e-01,9.999926090240478516e-01,9.999993443489074707e-01,-9.999988675117492676e-01,-9.999992847442626953e-01,9.999926686286926270e-01,-9.999973177909851074e-01,-9.999949932098388672e-01,-9.999989271163940430e-01,9.999928474426269531e-01,9.999976754188537598e-01,-9.999985098838806152e-01,9.999119639396667480e-01,9.999994039535522461e-01,9.999992251396179199e-01,9.999945163726806641e-01,-9.999994039535522461e-01,9.999991655349731445e-01,-9.999948740005493164e-01,9.999865889549255371e-01,9.999992847442626953e-01,9.999989271163940430e-01,9.999988675117492676e-01,-9.999955892562866211e-01,9.999989271163940430e-01,9.999991655349731445e-01,-9.999991059303283691e-01,-9.999992251396179199e-01,-9.999988675117492676e-01,-9.999992847442626953e-01,-9.999953508377075195e-01,-9.999988079071044922e-01,-9.999988675117492676e-01,-9.999967217445373535e-01,9.999802112579345703e-01,9.999981522560119629e-01,9.999989271163940430e-01,-9.999989271163940430e-01,9.999993443489074707e-01,9.999989271163940430e-01,9.999969601631164551e-01,-9.999969005584716797e-01,-9.999992847442626953e-01,-9.999994039535522461e-01,-9.999973177909851074e-01,-9.999993443489074707e-01,9.999992251396179199e-01,-9.999991655349731445e-01,9.999985694885253906e-01,9.999939203262329102e-01,-9.999957680702209473e-01,-9.999841451644897461e-01,-9.999989867210388184e-01,9.999952316284179688e-01,9.999992251396179199e-01,-9.999963045120239258e-01,-9.999974966049194336e-01,9.999797344207763672e-01,9.999985098838806152e-01,-9.999992847442626953e-01,9.999986290931701660e-01,-9.999989271163940430e-01,-9.999929666519165039e-01,9.999874830245971680e-01,9.999993443489074707e-01,9.999898076057434082e-01,9.999462366104125977e-01,-9.999977946281433105e-01,9.999989271163940430e-01,-9.999883174896240234e-01,-9.999985694885253906e-01,9.999988079071044922e-01,-9.999985098838806152e-01,-9.999942779541015625e-01,9.999992847442626953e-01,-9.999992847442626953e-01,9.999971389770507812e-01,-9.999978542327880859e-01,9.999992847442626953e-01,-9.999541044235229492e-01,9.994106888771057129e-01,9.999991655349731445e-01,9.999982118606567383e-01,-9.999856352806091309e-01,-9.999989867210388184e-01,-9.999960064888000488e-01,9.999990463256835938e-01,-9.999989867210388184e-01,9.999988675117492676e-01,-9.999988675117492676e-01,-9.999788403511047363e-01,9.999992847442626953e-01,-9.999985694885253906e-01,9.999993443489074707e-01,-9.999989271163940430e-01,-9.999966621398925781e-01,-9.999986290931701660e-01,-9.999991655349731445e-01,9.999976158142089844e-01,9.999988079071044922e-01,-9.999984502792358398e-01,-9.999926090240478516e-01,-9.999969601631164551e-01,9.999935030937194824e-01,-9.999970793724060059e-01
-9.999986290931701660e-01,9.999989271163940430e-01,9.999950528144836426e-01,-9.999985694885253906e-01,-9.999992251396179199e-01,9.999990463256835938e-01,-9.999968409538269043e-01,-9.999992251396179199e-01,9.999978542327880859e-01,-9.999985098838806152e-01,9.999989867210388184e-01,9.999992251396179199e-01,-9.999985098838806152e-01,-9.999988079071044922e-01,-9.999935626983642578e-01,-9.999974370002746582e-01,-9.999979734420776367e-01,9.999988675117492676e-01,-9.999951124191284180e-01,9.999993443489074707e-01,9.999991655349731445e-01,-9.999945163726806641e-01,-9.999988675117492676e-01,-9.999986290931701660e-01,-9.999916553497314453e-01,-9.999992251396179199e-01,9.999986886978149414e-01,9.999991655349731445e-01,-9.999916553497314453e-01,9.999970197677612305e-01,9.999942779541015625e-01,9.999987483024597168e-01,-9.999918937683105469e-01,-9.999971985816955566e-01,9.999983310699462891e-01,-9.999012947082519531e-01,-9.999992847442626953e-01,-9.999989271163940430e-01,-9.999938607215881348e-01,9.999992251396179199e-01,-9.999989271163940430e-01,9.999941587448120117e-01,-9.999848604202270508e-01,-9.999991059303283691e-01,-9.999986886978149414e-01,-9.999986290931701660e-01,9.999949336051940918e-01,-9.999987483024597168e-01,-9.999990463256835938e-01,9.999988675117492676e-01,9.999991655349731445e-01,9.999986290931701660e-01,9.999991059303283691e-01,9.999946355819702148e-01,9.999985694885253906e-01,9.999985694885253906e-01,9.999963641166687012e-01,-9.999777078628540039e-01,-9.999978542327880859e-01,-9.999986886978149414e-01,9.999986886978149414e-01,-9.999991655349731445e-01,-9.999987483024597168e-01,-9.999964833259582520e-01,9.999964833259582520e-01,9.999991655349731445e-01,9.999993443489074707e-01,9.999969005584716797e-01,9.999991655349731445e-01,-9.999989271163940430e-01,9.999989271163940430e-01,-9.999983906745910645e-01,-9.999932050704956055e-01,9.999951720237731934e-01,9.999821782112121582e-01,9.999986886978149414e-01,-9.999945759773254395e-01,-9.999989867210388184e-01,9.999958276748657227e-01,9.999970793724060059e-01,-9.999771714210510254e-01,-9.999982118606567383e-01,9.999991655349731445e-01,-9.999983310699462891e-01,9.999987483024597168e-01,9.999919533729553223e-01,-9.999858736991882324e-01,-9.999991655349731445e-01,-9.999884963035583496e-01,-9.999396800994873047e-01,9.999974370002746582e-01,-9.999987483024597168e-01,9.999867677688598633e-01,9.999983310699462891e-01,-9.999985694885253906e-01,9.999983310699462891e-01,9.999935030937194824e-01,-9.999992251396179199e-01,9.999990463256835938e-01,-9.999968409538269043e-01,9.999975562095642090e-01,-9.999991655349731445e-01,9.999485015869140625e-01,-9.993399381637573242e-01,-9.999990463256835938e-01,-9.999979138374328613e-01,9.999837875366210938e-01,9.999987483024597168e-01,9.999954700469970703e-01,-9.999988079071044922e-01,9.999988079071044922e-01,-9.999985694885253906e-01,9.999986886978149414e-01,9.999760985374450684e-01,-9.999992251396179199e-01,9.999983906745910645e-01,-9.999991655349731445e-01,9.999986886978149414e-01,9.999961256980895996e-01,9.999984502792358398e-01,9.999991655349731445e-01,-9.999971985816955566e-01,-9.999986886978149414e-01,9.999981522560119629e-01,9.999915957450866699e-01,9.999964833259582520e-01,-9.999927282333374023e-01,9.999966025352478027e-01
9.999958276748657227e-01,-9.999966025352478027e-01,-9.999833106994628906e-01,9.999951124191284180e-01,9.999972581863403320e-01,-9.999968409538269043e-01,9.999896883964538574e-01,9.999974966049194336e-01,-9.999930262565612793e-01,9.999952316284179688e-01,-9.999967217445373535e-01,-9.999972581863403320e-01,9.999951720237731934e-01,9.999961853027343750e-01,9.999784231185913086e-01,9.999914169311523438e-01,9.999935626983642578e-01,-9.999961256980895996e-01,9.999833106994628906e-01,-9.999976754188537598e-01,-9.999973177909851074e-01,9.999814629554748535e-01,9.999963641166687012e-01,9.999957680702209473e-01,9.999718070030212402e-01,9.999973773956298828e-01,-9.999957680702209473e-01,-9.999971985816955566e-01,9.999721050262451172e-01,-9.999899268150329590e-01,-9.999808073043823242e-01,-9.999959468841552734e-01,9.999728202819824219e-01,9.999908804893493652e-01,-9.999943375587463379e-01,9.996643066406250000e-01,9.999974966049194336e-01,9.999965429306030273e-01,9.999793171882629395e-01,-9.999971389770507812e-01,9.999966025352478027e-01,-9.999803304672241211e-01,9.999487400054931641e-01,9.999971985816955566e-01,9.999958872795104980e-01,9.999957084655761719e-01,-9.999830126762390137e-01,9.999961853027343750e-01,9.999968409538269043e-01,-9.999963045120239258e-01,-9.999969005584716797e-01,-9.999957680702209473e-01,-9.999970793724060059e-01,-9.999821186065673828e-01,-9.999955296516418457e-01,-9.999954700469970703e-01,-9.999877214431762695e-01,9.999242424964904785e-01,9.999930262565612793e-01,9.999960064888000488e-01,-9.999960064888000488e-01,9.999973773956298828e-01,9.999959468841552734e-01,9.999884963035583496e-01,-9.999886155128479004e-01,-9.999969601631164551e-01,-9.999974966049194336e-01,-9.999898076057434082e-01,-9.999972581863403320e-01,9.999964833259582520e-01,-9.999967813491821289e-01,9.999946355819702148e-01,9.999768137931823730e-01,-9.999837875366210938e-01,-9.999395608901977539e-01,-9.999958872795104980e-01,9.999817609786987305e-01,9.999968409538269043e-01,-9.999860525131225586e-01,-9.999904632568359375e-01,9.999225139617919922e-01,9.999942183494567871e-01,-9.999970793724060059e-01,9.999946951866149902e-01,-9.999958276748657227e-01,-9.999727606773376465e-01,9.999518990516662598e-01,9.999972581863403320e-01,9.999609589576721191e-01,9.997952580451965332e-01,-9.999916553497314453e-01,9.999958872795104980e-01,-9.999549984931945801e-01,-9.999943971633911133e-01,9.999954700469970703e-01,-9.999946355819702148e-01,-9.999782443046569824e-01,9.999973773956298828e-01,-9.999969005584716797e-01,9.999896287918090820e-01,-9.999919533729553223e-01,9.999969601631164551e-01,-9.998252391815185547e-01,9.977579116821289062e-01,9.999966025352478027e-01,9.999932646751403809e-01,-9.999451041221618652e-01,-9.999959468841552734e-01,-9.999848008155822754e-01,9.999962449073791504e-01,-9.999961256980895996e-01,9.999956488609313965e-01,-9.999958276748657227e-01,-9.999188780784606934e-01,9.999974370002746582e-01,-9.999945759773254395e-01,9.999973177909851074e-01,-9.999958872795104980e-01,-9.999873638153076172e-01,-9.999946951866149902e-01,-9.999969005584716797e-01,9.999909996986389160e-01,9.999957680702209473e-01,-9.999939799308776855e-01,-9.999717473983764648e-01,-9.999886155128479004e-01,9.999756217002868652e-01,-9.999889135360717773e-01
9.999991059303283691e-01,-9.999992251396179199e-01,-9.999960064888000488e-01,9.999988079071044922e-01,9.999994039535522461e-01,-9.999992251396179199e-01,9.999974966049194336e-01,9.999994635581970215e-01,-9.999983310699462891e-01,9.999988079071044922e-01,-9.999992251396179199e-01,-9.999994635581970215e-01,9.999988675117492676e-01,9.999991655349731445e-01,9.999948740005493164e-01,9.999979734420776367e-01,9.999984502792358398e-01,-9.999991655349731445e-01,9.999961256980895996e-01,-9.999994635581970215e-01,-9.999994039535522461e-01,9.999955892562866211e-01,9.999991655349731445e-01,9.999989867210388184e-01,9.999932646751403809e-01,9.999994039535522461e-01,-9.999989271163940430e-01,-9.999994039535522461e-01,9.999934434890747070e-01,-9.999976158142089844e-01,-9.999954104423522949e-01,-9.999991059303283691e-01,9.999935626983642578e-01,9.999978542327880859e-01,-9.999986886978149414e-01,9.999208450317382812e-01,9.999994635581970215e-01,9.999992251396179199e-01,9.999951124191284180e-01,-9.999993443489074707e-01,9.999992251396179199e-01,-9.999953508377075195e-01,9.999879598617553711e-01,9.999994039535522461e-01,9.999991059303283691e-01,9.999989867210388184e-01,-9.999959468841552734e-01,9.999990463256835938e-01,9.999992251396179199e-01,-9.999991655349731445e-01,-9.999992847442626953e-01,-9.999990463256835938e-01,-9.999994039535522461e-01,-9.999958276748657227e-01,-9.999989271163940430e-01,-9.999989271163940430e-01,-9.999970793724060059e-01,9.999821186065673828e-01,9.999982118606567383e-01,9.999989867210388184e-01,-9.999991059303283691e-01,9.999994039535522461e-01,9.999991059303283691e-01,9.999972581863403320e-01,-9.999971985816955566e-01,-9.999993443489074707e-01,-9.999994635581970215e-01,-9.999974966049194336e-01,-9.999994039535522461e-01,9.999993443489074707e-01,-9.999992251396179199e-01,9.999987483024597168e-01,9.999946355819702148e-01,-9.999961256980895996e-01,-9.999857544898986816e-01,-9.999991655349731445e-01,9.999957084655761719e-01,9.999992847442626953e-01,-9.999966621398925781e-01,-9.999977350234985352e-01,9.999818205833435059e-01,9.999986290931701660e-01,-9.999993443489074707e-01,9.999986886978149414e-01,-9.999990463256835938e-01,-9.999935626983642578e-01,9.999887943267822266e-01,9.999994039535522461e-01,9.999907612800598145e-01,9.999517202377319336e-01,-9.999979734420776367e-01,9.999991059303283691e-01,-9.999893903732299805e-01,-9.999986290931701660e-01,9.999988675117492676e-01,-9.999986290931701660e-01,-9.999948740005493164e-01,9.999993443489074707e-01,-9.999992251396179199e-01,9.999974966049194336e-01,-9.999980926513671875e-01,9.999993443489074707e-01,-9.999587535858154297e-01,9.994704723358154297e-01,9.999992251396179199e-01,9.999983906745910645e-01,-9.999870657920837402e-01,-9.999990463256835938e-01,-9.999963641166687012e-01,9.999991655349731445e-01,-9.999991059303283691e-01,9.999989867210388184e-01,-9.999990463256835938e-01,-9.999809265136718750e-01,9.999994635581970215e-01,-9.999986886978149414e-01,9.999994039535522461e-01,-9.999990463256835938e-01,-9.999969005584716797e-01,-9.999987483024597168e-01,-9.999993443489074707e-01,9.999978542327880859e-01,9.999990463256835938e-01,-9.999985098838806152e-01,-9.999932646751403809e-01,-9.999972581863403320e-01,9.999941587448120117e-01,-9.999972581863403320e-01
-9.999971985816955566e-01,9.999977350234985352e-01,9.999886155128479004e-01,-9.999966621398925781e-01,-9.999981522560119629e-01,9.999978542327880859e-01,-9.999930262565612793e-01,-9.999983310699462891e-01,9.999952316284179688e-01,-9.999967813491821289e-01,9.999977946281433105e-01,9.999982118606567383e-01,-9.999966621398925781e-01,-9.999973773956298828e-01,-9.999853968620300293e-01,-9.999942183494567871e-01,-9.999955296516418457e-01,9.999973773956298828e-01,-9.999886751174926758e-01,9.999983906745910645e-01,9.999981522560119629e-01,-9.999873638153076172e-01,-9.999975562095642090e-01,-9.999971389770507812e-01,-9.999808669090270996e-01,-9.999982714653015137e-01,9.999970197677612305e-01,9.999982118606567383e-01,-9.999811053276062012e-01,9.999931454658508301e-01,9.999870061874389648e-01,9.999972581863403320e-01,-9.999815225601196289e-01,-9.999938607215881348e-01,9.999961853027343750e-01,-9.997721910476684570e-01,-9.999982714653015137e-01,-9.999976754188537598e-01,-9.999859929084777832e-01,9.999980926513671875e-01,-9.999977350234985352e-01,9.999867081642150879e-01,-9.999651908874511719e-01,-9.999980926513671875e-01,-9.999971985816955566e-01,-9.999970793724060059e-01,9.999884963035583496e-01,-9.999973773956298828e-01,-9.999979138374328613e-01,9.999974966049194336e-01,9.999979138374328613e-01,9.999970793724060059e-01,9.999980926513671875e-01,9.999878406524658203e-01,9.999969005584716797e-01,9.999969601631164551e-01,9.999916553497314453e-01,-9.999486207962036133e-01,-9.999952316284179688e-01,-9.999973177909851074e-01,9.999972581863403320e-01,-9.999982118606567383e-01,-9.999972581863403320e-01,-9.999921917915344238e-01,9.999921321868896484e-01,9.999980330467224121e-01,9.999983310699462891e-01,9.999931454658508301e-01,9.999980926513671875e-01,-9.999976158142089844e-01,9.999978542327880859e-01,-9.999963045120239258e-01,-9.999842643737792969e-01,9.999889731407165527e-01,9.999590516090393066e-01,9.999971389770507812e-01,-9.999876618385314941e-01,-9.999978542327880859e-01,9.999905228614807129e-01,9.999935626983642578e-01,-9.999474287033081055e-01,-9.999959468841552734e-01,9.999980330467224121e-01,-9.999964237213134766e-01,9.999970793724060059e-01,9.999815225601196289e-01,-9.999673962593078613e-01,-9.999981522560119629e-01,-9.999735951423645020e-01,-9.998610019683837891e-01,9.999943375587463379e-01,-9.999971985816955566e-01,9.999696016311645508e-01,9.999962449073791504e-01,-9.999968409538269043e-01,9.999962449073791504e-01,9.999850988388061523e-01,-9.999982118606567383e-01,9.999979138374328613e-01,-9.999928474426269531e-01,9.999945759773254395e-01,-9.999979734420776367e-01,9.998813271522521973e-01,-9.984769821166992188e-01,-9.999976754188537598e-01,-9.999954700469970703e-01,9.999627470970153809e-01,9.999971389770507812e-01,9.999897480010986328e-01,-9.999974370002746582e-01,9.999973773956298828e-01,-9.999970197677612305e-01,9.999970793724060059e-01,9.999449253082275391e-01,-9.999982118606567383e-01,9.999962449073791504e-01,-9.999980926513671875e-01,9.999971389770507812e-01,9.999913573265075684e-01,9.999963641166687012e-01,9.999978542327880859e-01,-9.999938011169433594e-01,-9.999971389770507812e-01,9.999959468841552734e-01,9.999808669090270996e-01,9.999922513961791992e-01,-9.999834299087524414e-01,9.999924898147583008e-01
9.999980926513671875e-01,-9.999984502792358398e-01,-9.999923706054687500e-01,9.999977350234985352e-01,9.999988079071044922e-01,-9.999985098838806152e-01,9.999952316284179688e-01,9.999988079071044922e-01,-9.999967813491821289e-01,9.999977946281433105e-01,-9.999984502792358398e-01,-9.999988079071044922e-01,9.999977946281433105e-01,9.999982714653015137e-01,9.999901056289672852e-01,9.999960064888000488e-01,9.999970197677612305e-01,-9.999982118606567383e-01,9.999923110008239746e-01,-9.999989867210388184e-01,-9.999988079071044922e-01,9.999915361404418945e-01,9.999983310699462891e-01,9.999981522560119629e-01,9.999870657920837402e-01,9.999988079071044922e-01,-9.999980330467224121e-01,-9.999987483024597168e-01,9.999871253967285156e-01,-9.999954104423522949e-01,-9.999912381172180176e-01,-9.999981522560119629e-01,9.999875426292419434e-01,9.999958276748657227e-01,-9.999974370002746582e-01,9.998459815979003906e-01,9.999988675117492676e-01,9.999983906745910645e-01,9.999904632568359375e-01,-9.999986886978149414e-01,9.999984502792358398e-01,-9.999909996986389160e-01,9.999765157699584961e-01,9.999986886978149414e-01,9.999980926513671875e-01,9.999980330467224121e-01,-9.999922513961791992e-01,9.999982118606567383e-01,9.999985098838806152e-01,-9.999982714653015137e-01,-9.999985694885253906e-01,-9.999980330467224121e-01,-9.999986886978149414e-01,-9.999918341636657715e-01,-9.999979138374328613e-01,-9.999979734420776367e-01,-9.999943971633911133e-01,9.999652504920959473e-01,9.999967217445373535e-01,9.999980926513671875e-01,-9.999981522560119629e-01,9.999988079071044922e-01,9.999981522560119629e-01,9.999947547912597656e-01,-9.999946951866149902e-01,-9.999987483024597168e-01,-9.999988675117492676e-01,-9.999952912330627441e-01,-9.999988079071044922e-01,9.999983906745910645e-01,-9.999985098838806152e-01,9.999975562095642090e-01,9.999893307685852051e-01,-9.999926090240478516e-01,-9.999722838401794434e-01,-9.999980926513671875e-01,9.999916553497314453e-01,9.999986290931701660e-01,-9.999936223030090332e-01,-9.999956488609313965e-01,9.999644160270690918e-01,9.999973177909851074e-01,-9.999986886978149414e-01,9.999975562095642090e-01,-9.999980330467224121e-01,-9.999874830245971680e-01,9.999779462814331055e-01,9.999987483024597168e-01,9.999821186065673828e-01,9.999059438705444336e-01,-9.999961256980895996e-01,9.999980926513671875e-01,-9.999794363975524902e-01,-9.999974370002746582e-01,9.999978542327880859e-01,-9.999974370002746582e-01,-9.999899864196777344e-01,9.999988675117492676e-01,-9.999986290931701660e-01,9.999951720237731934e-01,-9.999963045120239258e-01,9.999987483024597168e-01,-9.999197721481323242e-01,9.989696145057678223e-01,9.999984502792358398e-01,9.999969005584716797e-01,-9.999748468399047852e-01,-9.999982118606567383e-01,-9.999930858612060547e-01,9.999982714653015137e-01,-9.999982118606567383e-01,9.999979734420776367e-01,-9.999981522560119629e-01,-9.999627470970153809e-01,9.999988675117492676e-01,-9.999975562095642090e-01,9.999988079071044922e-01,-9.999980926513671875e-01,-9.999942183494567871e-01,-9.999975562095642090e-01,-9.999985694885253906e-01,9.999958276748657227e-01,9.999980926513671875e-01,-9.999972581863403320e-01,-9.999870657920837402e-01,-9.999948740005493164e-01,9.999887347221374512e-01,-9.999949336051940918e-01
-9.999986886978149414e-01,9.999989271163940430e-01,9.999948143959045410e-01,-9.999985098838806152e-01,-9.999991059303283691e-01,9.999989867210388184e-01,-9.999967217445373535e-01,-9.999992251396179199e-01,9.999977946281433105e-01,-9.999984502792358398e-01,9.999991059303283691e-01,9.999992251396179199e-01,-9.999984502792358398e-01,-9.999987483024597168e-01,-9.999933242797851562e-01,-9.999973773956298828e-01,-9.999979138374328613e-01,9.999988079071044922e-01,-9.999949336051940918e-01,9.999992251396179199e-01,9.999991655349731445e-01,-9.999942779541015625e-01,-9.999988079071044922e-01,-9.999986290931701660e-01,-9.999913573265075684e-01,-9.999991655349731445e-01,9.999986290931701660e-01,9.999992251396179199e-01,-9.999914169311523438e-01,9.999969005584716797e-01,9.999941587448120117e-01,9.999987483024597168e-01,-9.999916553497314453e-01,-9.999971985816955566e-01,9.999982714653015137e-01,-9.998977780342102051e-01,-9.999992847442626953e-01,-9.999989271163940430e-01,-9.999937415122985840e-01,9.999991655349731445e-01,-9.999989271163940430e-01,9.999940395355224609e-01,-9.999844431877136230e-01,-9.999991655349731445e-01,-9.999986886978149414e-01,-9.999986886978149414e-01,9.999947547912597656e-01,-9.999987483024597168e-01,-9.999990463256835938e-01,9.999988675117492676e-01,9.999991059303283691e-01,9.999986886978149414e-01,9.999991655349731445e-01,9.999945759773254395e-01,9.999985098838806152e-01,9.999986290931701660e-01,9.999961853027343750e-01,-9.999769330024719238e-01,-9.999977946281433105e-01,-9.999987483024597168e-01,9.999986886978149414e-01,-9.999992251396179199e-01,-9.999986886978149414e-01,-9.999963641166687012e-01,9.999963641166687012e-01,9.999991655349731445e-01,9.999992847442626953e-01,9.999967813491821289e-01,9.999992251396179199e-01,-9.999989271163940430e-01,9.999989867210388184e-01,-9.999983310699462891e-01,-9.999929666519165039e-01,9.999949932098388672e-01,9.999815821647644043e-01,9.999987483024597168e-01,-9.999943971633911133e-01,-9.999989867210388184e-01,9.999957680702209473e-01,9.999970197677612305e-01,-9.999764561653137207e-01,-9.999981522560119629e-01,9.999990463256835938e-01,-9.999982714653015137e-01,9.999986886978149414e-01,9.999916553497314453e-01,-9.999853968620300293e-01,-9.999991059303283691e-01,-9.999880790710449219e-01,-9.999376535415649414e-01,9.999973177909851074e-01,-9.999986886978149414e-01,9.999864101409912109e-01,9.999982714653015137e-01,-9.999985098838806152e-01,9.999983906745910645e-01,9.999932646751403809e-01,-9.999991655349731445e-01,9.999990463256835938e-01,-9.999967217445373535e-01,9.999975562095642090e-01,-9.999990463256835938e-01,9.999466538429260254e-01,-9.993164539337158203e-01,-9.999989867210388184e-01,-9.999979138374328613e-01,9.999832510948181152e-01,9.999987483024597168e-01,9.999953508377075195e-01,-9.999988079071044922e-01,9.999987483024597168e-01,-9.999986886978149414e-01,9.999986886978149414e-01,9.999753236770629883e-01,-9.999992251396179199e-01,9.999983310699462891e-01,-9.999991655349731445e-01,9.999986290931701660e-01,9.999960064888000488e-01,9.999982714653015137e-01,9.999989867210388184e-01,-9.999971389770507812e-01,-9.999985694885253906e-01,9.999981522560119629e-01,9.999913573265075684e-01,9.999964833259582520e-01,-9.999924898147583008e-01,9.999964833259582520e-01
-9.999989271163940430e-01,9.999991655349731445e-01,9.999955892562866211e-01,-9.999987483024597168e-01,-9.999994039535522461e-01,9.999992251396179199e-01,-9.999972581863403320e-01,-9.999994635581970215e-01,9.999982118606567383e-01,-9.999988079071044922e-01,9.999992251396179199e-01,9.999994039535522461e-01,-9.999988079071044922e-01,-9.999990463256835938e-01,-9.999942779541015625e-01,-9.999977350234985352e-01,-9.999982714653015137e-01,9.999990463256835938e-01,-9.999956488609313965e-01,9.999994635581970215e-01,9.999993443489074707e-01,-9.999951720237731934e-01,-9.999992251396179199e-01,-9.999989867210388184e-01,-9.999925494194030762e-01,-9.999994635581970215e-01,9.999989271163940430e-01,9.999994039535522461e-01,-9.999926090240478516e-01,9.999973773956298828e-01,9.999949932098388672e-01,9.999989867210388184e-01,-9.999927878379821777e-01,-9.999977350234985352e-01,9.999985694885253906e-01,-9.999109506607055664e-01,-9.999993443489074707e-01,-9.999991059303283691e-01,-9.999945163726806641e-01,9.999992847442626953e-01,-9.999991655349731445e-01,9.999948740005493164e-01,-9.999865293502807617e-01,-9.999992847442626953e-01,-9.999989271163940430e-01,-9.999988675117492676e-01,9.999955892562866211e-01,-9.999989867210388184e-01,-9.999992251396179199e-01,9.999990463256835938e-01,9.999993443489074707e-01,9.999989867210388184e-01,9.999994039535522461e-01,9.999954104423522949e-01,9.999988675117492676e-01,9.999989271163940430e-01,9.999967813491821289e-01,-9.999799728393554688e-01,-9.999980926513671875e-01,-9.999989271163940430e-01,9.999989867210388184e-01,-9.999994039535522461e-01,-9.999989867210388184e-01,-9.999969005584716797e-01,9.999969005584716797e-01,9.999993443489074707e-01,9.999994635581970215e-01,9.999972581863403320e-01,9.999994039535522461e-01,-9.999992251396179199e-01,9.999991059303283691e-01,-9.999986290931701660e-01,-9.999939203262329102e-01,9.999957084655761719e-01,9.999840259552001953e-01,9.999990463256835938e-01,-9.999952316284179688e-01,-9.999992847442626953e-01,9.999962449073791504e-01,9.999974370002746582e-01,-9.999795556068420410e-01,-9.999984502792358398e-01,9.999993443489074707e-01,-9.999985694885253906e-01,9.999989271163940430e-01,9.999927878379821777e-01,-9.999873638153076172e-01,-9.999993443489074707e-01,-9.999896883964538574e-01,-9.999457001686096191e-01,9.999977946281433105e-01,-9.999989271163940430e-01,9.999881386756896973e-01,9.999985694885253906e-01,-9.999988675117492676e-01,9.999985694885253906e-01,9.999942183494567871e-01,-9.999993443489074707e-01,9.999992251396179199e-01,-9.999972581863403320e-01,9.999979138374328613e-01,-9.999992847442626953e-01,9.999536871910095215e-01,-9.994037747383117676e-01,-9.999991655349731445e-01,-9.999982118606567383e-01,9.999854564666748047e-01,9.999989271163940430e-01,9.999961256980895996e-01,-9.999990463256835938e-01,9.999989867210388184e-01,-9.999988079071044922e-01,9.999989271163940430e-01,9.999786019325256348e-01,-9.999994039535522461e-01,9.999985098838806152e-01,-9.999994039535522461e-01,9.999989271163940430e-01,9.999967217445373535e-01,9.999986886978149414e-01,9.999992251396179199e-01,-9.999976158142089844e-01,-9.999988675117492676e-01,9.999983906745910645e-01,9.999925494194030762e-01,9.999970197677612305e-01,-9.999935626983642578e-01,9.999970197677612305e-01
