9.999979734420776367e-01,-9.999983310699462891e-01,-9.999949932098388672e-01,9.999985694885253906e-01,9.999986290931701660e-01,-9.999982118606567383e-01,-9.999889135360717773e-01,9.999987483024597168e-01,-9.999967813491821289e-01,9.999958872795104980e-01,9.998890757560729980e-01,-9.999982118606567383e-01,9.999984502792358398e-01,9.999643564224243164e-01,-9.999861717224121094e-01,9.999954700469970703e-01,9.999973773956298828e-01,-9.999568462371826172e-01,9.999921917915344238e-01,-9.999988675117492676e-01,-9.999986290931701660e-01,9.999895095825195312e-01,9.999940395355224609e-01,9.999961256980895996e-01,-9.999969601631164551e-01,9.999988675117492676e-01,-9.999966025352478027e-01,-9.999984502792358398e-01,9.999838471412658691e-01,9.999943375587463379e-01,-9.999983906745910645e-01,-9.999983906745910645e-01,9.999982118606567383e-01,9.999972581863403320e-01,-9.999967813491821289e-01,-9.999939799308776855e-01,9.999983906745910645e-01,9.999986886978149414e-01,9.999952912330627441e-01,-9.999984502792358398e-01,9.999983310699462891e-01,-9.999948740005493164e-01,9.999804496765136719e-01,9.999985694885253906e-01,9.999965429306030273e-01,9.999983906745910645e-01,9.999957084655761719e-01,9.999855756759643555e-01,9.999985694885253906e-01,-9.999985694885253906e-01,-9.999982118606567383e-01,-9.999952316284179688e-01,-9.999981522560119629e-01,-9.997724294662475586e-01,-9.999974370002746582e-01,9.999805688858032227e-01,-9.999966621398925781e-01,-9.999948143959045410e-01,9.999980330467224121e-01,9.999488592147827148e-01,-9.999869465827941895e-01,9.999979138374328613e-01,9.999985098838806152e-01,-9.999611377716064453e-01,9.999971389770507812e-01,-9.999984502792358398e-01,-9.999988079071044922e-01,-9.999886751174926758e-01,-9.999973177909851074e-01,9.999986886978149414e-01,-9.999975562095642090e-01,9.999972581863403320e-01,9.999889135360717773e-01,-9.999963045120239258e-01,9.999834299087524414e-01,-9.999962449073791504e-01,9.999931454658508301e-01,9.999962449073791504e-01,-9.999964237213134766e-01,-9.999983310699462891e-01,-9.999951124191284180e-01,9.999975562095642090e-01,-9.999978542327880859e-01,9.999923706054687500e-01,-9.999986886978149414e-01,-9.999812245368957520e-01,9.999868869781494141e-01,9.999965429306030273e-01,-9.999868869781494141e-01,9.999986886978149414e-01,-9.999982118606567383e-01,9.999972581863403320e-01,9.999936819076538086e-01,-9.999984502792358398e-01,9.999985694885253906e-01,-9.999974966049194336e-01,-9.999943971633911133e-01,9.999984502792358398e-01,-9.999980330467224121e-01,9.999917745590209961e-01,-9.999981522560119629e-01,9.999970793724060059e-01,-9.999970197677612305e-01,9.999890327453613281e-01,9.999957680702209473e-01,9.999830722808837891e-01,-9.999774098396301270e-01,-9.999945163726806641e-01,-9.999963641166687012e-01,9.999982714653015137e-01,-9.999955892562866211e-01,9.999966621398925781e-01,-9.999969005584716797e-01,-9.999963641166687012e-01,9.999989271163940430e-01,-9.999970793724060059e-01,9.999985098838806152e-01,-9.999974966049194336e-01,9.999973773956298828e-01,-9.999952912330627441e-01,-9.999981522560119629e-01,9.999960660934448242e-01,9.999958872795104980e-01,-9.999979734420776367e-01,9.999951124191284180e-01,-9.999970197677612305e-01,-9.999943971633911133e-01,-9.999985098838806152e-01
-9.999983310699462891e-01,9.999986290931701660e-01,9.999958872795104980e-01,-9.999988675117492676e-01,-9.999988675117492676e-01,9.999985098838806152e-01,9.999910593032836914e-01,-9.999989271163940430e-01,9.999973177909851074e-01,-9.999966621398925781e-01,-9.999116063117980957e-01,9.999984502792358398e-01,-9.999986886978149414e-01,-9.999715089797973633e-01,9.999887943267822266e-01,-9.999964237213134766e-01,-9.999978542327880859e-01,9.999656081199645996e-01,-9.999936819076538086e-01,9.999990463256835938e-01,9.999987483024597168e-01,-9.999915957450866699e-01,-9.999952912330627441e-01,-9.999969005584716797e-01,9.999974370002746582e-01,-9.999991655349731445e-01,9.999971985816955566e-01,9.999986886978149414e-01,-9.999870061874389648e-01,-9.999954700469970703e-01,9.999985694885253906e-01,9.999986290931701660e-01,-9.999985098838806152e-01,-9.999977350234985352e-01,9.999972581863403320e-01,9.999951124191284180e-01,-9.999987483024597168e-01,-9.999988675117492676e-01,-9.999961853027343750e-01,9.999986886978149414e-01,-9.999985694885253906e-01,9.999957680702209473e-01,-9.999843835830688477e-01,-9.999988079071044922e-01,-9.999970793724060059e-01,-9.999986290931701660e-01,-9.999963641166687012e-01,-9.999884366989135742e-01,-9.999987483024597168e-01,9.999988079071044922e-01,9.999983906745910645e-01,9.999961853027343750e-01,9.999983906745910645e-01,9.998187422752380371e-01,9.999978542327880859e-01,-9.999843835830688477e-01,9.999973177909851074e-01,9.999957680702209473e-01,-9.999982714653015137e-01,-9.999591708183288574e-01,9.999895095825195312e-01,-9.999982714653015137e-01,-9.999988079071044922e-01,9.999691247940063477e-01,-9.999976754188537598e-01,9.999987483024597168e-01,9.999989271163940430e-01,9.999909400939941406e-01,9.999977946281433105e-01,-9.999988675117492676e-01,9.999979734420776367e-01,-9.999976754188537598e-01,-9.999911785125732422e-01,9.999969601631164551e-01,-9.999868273735046387e-01,9.999970197677612305e-01,-9.999943971633911133e-01,-9.999968409538269043e-01,9.999970793724060059e-01,9.999985694885253906e-01,9.999961256980895996e-01,-9.999979734420776367e-01,9.999983310699462891e-01,-9.999937415122985840e-01,9.999988675117492676e-01,9.999849796295166016e-01,-9.999894499778747559e-01,-9.999971389770507812e-01,9.999895691871643066e-01,-9.999988079071044922e-01,9.999985694885253906e-01,-9.999977946281433105e-01,-9.999948740005493164e-01,9.999986290931701660e-01,-9.999987483024597168e-01,9.999979138374328613e-01,9.999954700469970703e-01,-9.999986886978149414e-01,9.999983310699462891e-01,-9.999933838844299316e-01,9.999984502792358398e-01,-9.999976158142089844e-01,9.999976158142089844e-01,-9.999911785125732422e-01,-9.999964237213134766e-01,-9.999864101409912109e-01,9.999819397926330566e-01,9.999954700469970703e-01,9.999970197677612305e-01,-9.999984502792358398e-01,9.999963045120239258e-01,-9.999973773956298828e-01,9.999974370002746582e-01,9.999970197677612305e-01,-9.999991655349731445e-01,9.999976158142089844e-01,-9.999987483024597168e-01,9.999980330467224121e-01,-9.999978542327880859e-01,9.999961256980895996e-01,9.999983310699462891e-01,-9.999968409538269043e-01,-9.999966621398925781e-01,9.999982714653015137e-01,-9.999960660934448242e-01,9.999974966049194336e-01,9.999954700469970703e-01,9.999987483024597168e-01
-9.999949932098388672e-01,9.999958872795104980e-01,9.999873042106628418e-01,-9.999964237213134766e-01,-9.999966025352478027e-01,9.999954104423522949e-01,9.999723434448242188e-01,-9.999967217445373535e-01,9.999918937683105469e-01,-9.999897480010986328e-01,-9.997230172157287598e-01,9.999954700469970703e-01,-9.999961853027343750e-01,-9.999108314514160156e-01,9.999651312828063965e-01,-9.999886155128479004e-01,-9.999935626983642578e-01,9.998922348022460938e-01,-9.999802112579345703e-01,9.999971389770507812e-01,9.999963641166687012e-01,-9.999738335609436035e-01,-9.999852776527404785e-01,-9.999904036521911621e-01,9.999922513961791992e-01,-9.999971985816955566e-01,9.999914169311523438e-01,9.999960660934448242e-01,-9.999594688415527344e-01,-9.999858736991882324e-01,9.999958276748657227e-01,9.999958276748657227e-01,-9.999953508377075195e-01,-9.999930858612060547e-01,9.999918341636657715e-01,9.999850392341613770e-01,-9.999960064888000488e-01,-9.999966621398925781e-01,-9.999882578849792480e-01,9.999960660934448242e-01,-9.999959468841552734e-01,9.999869465827941895e-01,-9.999511241912841797e-01,-9.999961853027343750e-01,-9.999911785125732422e-01,-9.999959468841552734e-01,-9.999890923500061035e-01,-9.999638795852661133e-01,-9.999963641166687012e-01,9.999962449073791504e-01,9.999952316284179688e-01,9.999881386756896973e-01,9.999951124191284180e-01,9.994316697120666504e-01,9.999935030937194824e-01,-9.999513030052185059e-01,9.999917149543762207e-01,9.999870061874389648e-01,-9.999949932098388672e-01,-9.998723864555358887e-01,9.999670982360839844e-01,-9.999947547912597656e-01,-9.999962449073791504e-01,9.999028444290161133e-01,-9.999928474426269531e-01,9.999959468841552734e-01,9.999968409538269043e-01,9.999716281890869141e-01,9.999932646751403809e-01,-9.999966621398925781e-01,9.999939799308776855e-01,-9.999930262565612793e-01,-9.999724030494689941e-01,9.999909400939941406e-01,-9.999585747718811035e-01,9.999908208847045898e-01,-9.999826550483703613e-01,-9.999905228614807129e-01,9.999909400939941406e-01,9.999958872795104980e-01,9.999877810478210449e-01,-9.999940395355224609e-01,9.999945759773254395e-01,-9.999806284904479980e-01,9.999964237213134766e-01,9.999531507492065430e-01,-9.999672174453735352e-01,-9.999914765357971191e-01,9.999672174453735352e-01,-9.999966025352478027e-01,9.999955892562866211e-01,-9.999932050704956055e-01,-9.999842047691345215e-01,9.999960064888000488e-01,-9.999963641166687012e-01,9.999938607215881348e-01,9.999860525131225586e-01,-9.999959468841552734e-01,9.999949932098388672e-01,-9.999793767929077148e-01,9.999952316284179688e-01,-9.999927878379821777e-01,9.999927878379821777e-01,-9.999723434448242188e-01,-9.999892711639404297e-01,-9.999576807022094727e-01,9.999434351921081543e-01,9.999861717224121094e-01,9.999910593032836914e-01,-9.999955296516418457e-01,9.999889135360717773e-01,-9.999917745590209961e-01,9.999921321868896484e-01,9.999911189079284668e-01,-9.999971389770507812e-01,9.999928474426269531e-01,-9.999962449073791504e-01,9.999938011169433594e-01,-9.999933838844299316e-01,9.999883174896240234e-01,9.999951720237731934e-01,-9.999902844429016113e-01,-9.999896287918090820e-01,9.999949932098388672e-01,-9.999879598617553711e-01,9.999924302101135254e-01,9.999860525131225586e-01,9.999962449073791504e-01
9.999985694885253906e-01,-9.999988675117492676e-01,-9.999964237213134766e-01,9.999991655349731445e-01,9.999991059303283691e-01,-9.999987483024597168e-01,-9.999923110008239746e-01,9.999992251396179199e-01,-9.999977946281433105e-01,9.999970793724060059e-01,9.999233484268188477e-01,-9.999987483024597168e-01,9.999989271163940430e-01,9.999753832817077637e-01,-9.999904632568359375e-01,9.999969005584716797e-01,9.999982118606567383e-01,-9.999701976776123047e-01,9.999945759773254395e-01,-9.999992847442626953e-01,-9.999991655349731445e-01,9.999927282333374023e-01,9.999959468841552734e-01,9.999973773956298828e-01,-9.999979138374328613e-01,9.999992847442626953e-01,-9.999977350234985352e-01,-9.999989271163940430e-01,9.999887943267822266e-01,9.999960064888000488e-01,-9.999988675117492676e-01,-9.999988079071044922e-01,9.999986886978149414e-01,9.999982714653015137e-01,-9.999977946281433105e-01,-9.999958276748657227e-01,9.999989867210388184e-01,9.999991655349731445e-01,9.999967813491821289e-01,-9.999989867210388184e-01,9.999989271163940430e-01,-9.999963641166687012e-01,9.999865293502807617e-01,9.999989271163940430e-01,9.999974966049194336e-01,9.999988675117492676e-01,9.999969601631164551e-01,9.999900460243225098e-01,9.999991655349731445e-01,-9.999990463256835938e-01,-9.999986886978149414e-01,-9.999966621398925781e-01,-9.999986886978149414e-01,-9.998426437377929688e-01,-9.999981522560119629e-01,9.999866485595703125e-01,-9.999977350234985352e-01,-9.999964237213134766e-01,9.999985694885253906e-01,9.999646544456481934e-01,-9.999909400939941406e-01,9.999985098838806152e-01,9.999989271163940430e-01,-9.999732375144958496e-01,9.999980330467224121e-01,-9.999989271163940430e-01,-9.999992847442626953e-01,-9.999922513961791992e-01,-9.999982118606567383e-01,9.999991655349731445e-01,-9.999983310699462891e-01,9.999981522560119629e-01,9.999923706054687500e-01,-9.999974966049194336e-01,9.999885559082031250e-01,-9.999974370002746582e-01,9.999952912330627441e-01,9.999973177909851074e-01,-9.999974966049194336e-01,-9.999988675117492676e-01,-9.999966621398925781e-01,9.999983310699462891e-01,-9.999985694885253906e-01,9.999946951866149902e-01,-9.999991655349731445e-01,-9.999870657920837402e-01,9.999909996986389160e-01,9.999976158142089844e-01,-9.999909400939941406e-01,9.999991655349731445e-01,-9.999988079071044922e-01,9.999981522560119629e-01,9.999957084655761719e-01,-9.999989271163940430e-01,9.999990463256835938e-01,-9.999982714653015137e-01,-9.999961256980895996e-01,9.999989867210388184e-01,-9.999986290931701660e-01,9.999943375587463379e-01,-9.999987483024597168e-01,9.999980330467224121e-01,-9.999979734420776367e-01,9.999923706054687500e-01,9.999970793724060059e-01,9.999883174896240234e-01,-9.999843835830688477e-01,-9.999961256980895996e-01,-9.999974966049194336e-01,9.999988079071044922e-01,-9.999969005584716797e-01,9.999976754188537598e-01,-9.999978542327880859e-01,-9.999974966049194336e-01,9.999992847442626953e-01,-9.999979734420776367e-01,9.999989867210388184e-01,-9.999983310699462891e-01,9.999981522560119629e-01,-9.999967217445373535e-01,-9.999986886978149414e-01,9.999972581863403320e-01,9.999970793724060059e-01,-9.999985694885253906e-01,9.999966621398925781e-01,-9.999979138374328613e-01,-9.999960660934448242e-01,-9.999989867210388184e-01
9.999986290931701660e-01,-9.999988675117492676e-01,-9.999966025352478027e-01,9.999991059303283691e-01,9.999990463256835938e-01,-9.999987483024597168e-01,-9.999925494194030762e-01,9.999991655349731445e-01,-9.999979138374328613e-01,9.999971985816955566e-01,9.999266266822814941e-01,-9.999987483024597168e-01,9.999990463256835938e-01,9.999764561653137207e-01,-9.999907612800598145e-01,9.999969005584716797e-01,9.999981522560119629e-01,-9.999715089797973633e-01,9.999947547912597656e-01,-9.999992251396179199e-01,-9.999991059303283691e-01,9.999929666519165039e-01,9.999960064888000488e-01,9.999974370002746582e-01,-9.999979138374328613e-01,9.999992847442626953e-01,-9.999977350234985352e-01,-9.999989271163940430e-01,9.999892115592956543e-01,9.999961853027343750e-01,-9.999988079071044922e-01,-9.999988675117492676e-01,9.999987483024597168e-01,9.999982118606567383e-01,-9.999977350234985352e-01,-9.999959468841552734e-01,9.999989271163940430e-01,9.999991655349731445e-01,9.999968409538269043e-01,-9.999989271163940430e-01,9.999988079071044922e-01,-9.999964833259582520e-01,9.999870061874389648e-01,9.999990463256835938e-01,9.999976158142089844e-01,9.999989271163940430e-01,9.999969601631164551e-01,9.999904036521911621e-01,9.999989867210388184e-01,-9.999990463256835938e-01,-9.999988079071044922e-01,-9.999967217445373535e-01,-9.999986886978149414e-01,-9.998494386672973633e-01,-9.999982714653015137e-01,9.999870061874389648e-01,-9.999977350234985352e-01,-9.999964237213134766e-01,9.999986290931701660e-01,9.999661445617675781e-01,-9.999912977218627930e-01,9.999985694885253906e-01,9.999989271163940430e-01,-9.999743103981018066e-01,9.999980926513671875e-01,-9.999988675117492676e-01,-9.999992251396179199e-01,-9.999924898147583008e-01,-9.999982714653015137e-01,9.999991655349731445e-01,-9.999982714653015137e-01,9.999980330467224121e-01,9.999926686286926270e-01,-9.999975562095642090e-01,9.999889731407165527e-01,-9.999975562095642090e-01,9.999954104423522949e-01,9.999973773956298828e-01,-9.999975562095642090e-01,-9.999988675117492676e-01,-9.999967813491821289e-01,9.999983906745910645e-01,-9.999985098838806152e-01,9.999948740005493164e-01,-9.999991059303283691e-01,-9.999875426292419434e-01,9.999912381172180176e-01,9.999976158142089844e-01,-9.999913573265075684e-01,9.999990463256835938e-01,-9.999988079071044922e-01,9.999981522560119629e-01,9.999958276748657227e-01,-9.999989271163940430e-01,9.999990463256835938e-01,-9.999982714653015137e-01,-9.999963045120239258e-01,9.999989271163940430e-01,-9.999986886978149414e-01,9.999945163726806641e-01,-9.999987483024597168e-01,9.999980330467224121e-01,-9.999979734420776367e-01,9.999926686286926270e-01,9.999971389770507812e-01,9.999887943267822266e-01,-9.999850392341613770e-01,-9.999961853027343750e-01,-9.999975562095642090e-01,9.999988079071044922e-01,-9.999970197677612305e-01,9.999977946281433105e-01,-9.999979138374328613e-01,-9.999975562095642090e-01,9.999992847442626953e-01,-9.999980926513671875e-01,9.999990463256835938e-01,-9.999983310699462891e-01,9.999982118606567383e-01,-9.999968409538269043e-01,-9.999986886978149414e-01,9.999973773956298828e-01,9.999971389770507812e-01,-9.999985694885253906e-01,9.999968409538269043e-01,-9.999979138374328613e-01,-9.999961256980895996e-01,-9.999989867210388184e-01
-9.999982118606567383e-01,9.999985098838806152e-01,9.999954104423522949e-01,-9.999987483024597168e-01,-9.999987483024597168e-01,9.999982714653015137e-01,9.999898672103881836e-01,-9.999988675117492676e-01,9.999970793724060059e-01,-9.999962449073791504e-01,-9.998982548713684082e-01,9.999984502792358398e-01,-9.999986290931701660e-01,-9.999673366546630859e-01,9.999872446060180664e-01,-9.999959468841552734e-01,-9.999976158142089844e-01,9.999604225158691406e-01,-9.999928474426269531e-01,9.999989867210388184e-01,9.999987483024597168e-01,-9.999904036521911621e-01,-9.999946355819702148e-01,-9.999965429306030273e-01,9.999971389770507812e-01,-9.999990463256835938e-01,9.999968409538269043e-01,9.999985694885253906e-01,-9.999852776527404785e-01,-9.999948740005493164e-01,9.999984502792358398e-01,9.999985098838806152e-01,-9.999982714653015137e-01,-9.999975562095642090e-01,9.999970197677612305e-01,9.999944567680358887e-01,-9.999986290931701660e-01,-9.999988079071044922e-01,-9.999957680702209473e-01,9.999985694885253906e-01,-9.999985694885253906e-01,9.999952316284179688e-01,-9.999820590019226074e-01,-9.999985694885253906e-01,-9.999968409538269043e-01,-9.999985694885253906e-01,-9.999960660934448242e-01,-9.999867677688598633e-01,-9.999987483024597168e-01,9.999986886978149414e-01,9.999982118606567383e-01,9.999956488609313965e-01,9.999982714653015137e-01,9.997914433479309082e-01,9.999976754188537598e-01,-9.999822378158569336e-01,9.999969005584716797e-01,9.999952316284179688e-01,-9.999981522560119629e-01,-9.999531507492065430e-01,9.999880194664001465e-01,-9.999981522560119629e-01,-9.999986886978149414e-01,9.999643564224243164e-01,-9.999973773956298828e-01,9.999986290931701660e-01,9.999989271163940430e-01,9.999896287918090820e-01,9.999975562095642090e-01,-9.999988079071044922e-01,9.999978542327880859e-01,-9.999974966049194336e-01,-9.999898672103881836e-01,9.999966025352478027e-01,-9.999848008155822754e-01,9.999966025352478027e-01,-9.999936223030090332e-01,-9.999964833259582520e-01,9.999967217445373535e-01,9.999985098838806152e-01,9.999955296516418457e-01,-9.999977946281433105e-01,9.999980926513671875e-01,-9.999930262565612793e-01,9.999987483024597168e-01,9.999828338623046875e-01,-9.999880194664001465e-01,-9.999968409538269043e-01,9.999879598617553711e-01,-9.999988079071044922e-01,9.999984502792358398e-01,-9.999974966049194336e-01,-9.999942183494567871e-01,9.999985694885253906e-01,-9.999986886978149414e-01,9.999977350234985352e-01,9.999949336051940918e-01,-9.999986290931701660e-01,9.999982118606567383e-01,-9.999924898147583008e-01,9.999983310699462891e-01,-9.999973177909851074e-01,9.999973773956298828e-01,-9.999898672103881836e-01,-9.999961256980895996e-01,-9.999845027923583984e-01,9.999792575836181641e-01,9.999949336051940918e-01,9.999966621398925781e-01,-9.999983310699462891e-01,9.999959468841552734e-01,-9.999970197677612305e-01,9.999971389770507812e-01,9.999966621398925781e-01,-9.999990463256835938e-01,9.999973177909851074e-01,-9.999986290931701660e-01,9.999977946281433105e-01,-9.999975562095642090e-01,9.999957084655761719e-01,9.999982714653015137e-01,-9.999963641166687012e-01,-9.999963045120239258e-01,9.999981522560119629e-01,-9.999955892562866211e-01,9.999971985816955566e-01,9.999948740005493164e-01,9.999986886978149414e-01
-9.999889135360717773e-01,9.999910593032836914e-01,9.999723434448242188e-01,-9.999923110008239746e-01,-9.999925494194030762e-01,9.999898672103881836e-01,9.999393820762634277e-01,-9.999929666519165039e-01,9.999822378158569336e-01,-9.999773502349853516e-01,-9.993958473205566406e-01,9.999901056289672852e-01,-9.999917745590209961e-01,-9.998056292533874512e-01,9.999239444732666016e-01,-9.999750256538391113e-01,-9.999858140945434570e-01,9.997649788856506348e-01,-9.999564886093139648e-01,9.999939203262329102e-01,9.999921917915344238e-01,-9.999427199363708496e-01,-9.999676346778869629e-01,-9.999791383743286133e-01,9.999830722808837891e-01,-9.999938607215881348e-01,9.999811053276062012e-01,9.999914765357971191e-01,-9.999114274978637695e-01,-9.999691247940063477e-01,9.999908208847045898e-01,9.999907612800598145e-01,-9.999898076057434082e-01,-9.999848008155822754e-01,9.999821186065673828e-01,9.999669790267944336e-01,-9.999913573265075684e-01,-9.999929070472717285e-01,-9.999743700027465820e-01,9.999914765357971191e-01,-9.999909400939941406e-01,9.999714493751525879e-01,-9.998934864997863770e-01,-9.999917745590209961e-01,-9.999807476997375488e-01,-9.999911189079284668e-01,-9.999762773513793945e-01,-9.999210834503173828e-01,-9.999921321868896484e-01,9.999918937683105469e-01,9.999896287918090820e-01,9.999740719795227051e-01,9.999892711639404297e-01,9.987607598304748535e-01,9.999859333038330078e-01,-9.998937249183654785e-01,9.999818801879882812e-01,9.999715089797973633e-01,-9.999889731407165527e-01,-9.997214674949645996e-01,9.999281167984008789e-01,-9.999883174896240234e-01,-9.999918341636657715e-01,9.997879266738891602e-01,-9.999845027923583984e-01,9.999914765357971191e-01,9.999931454658508301e-01,9.999378323554992676e-01,9.999850988388061523e-01,-9.999927878379821777e-01,9.999868273735046387e-01,-9.999848008155822754e-01,-9.999395012855529785e-01,9.999800920486450195e-01,-9.999095797538757324e-01,9.999799132347106934e-01,-9.999620914459228516e-01,-9.999793171882629395e-01,9.999801516532897949e-01,9.999911189079284668e-01,9.999731183052062988e-01,-9.999869465827941895e-01,9.999880790710449219e-01,-9.999577403068542480e-01,9.999923706054687500e-01,9.998977184295654297e-01,-9.999282360076904297e-01,-9.999813437461853027e-01,9.999284148216247559e-01,-9.999927878379821777e-01,9.999902248382568359e-01,-9.999849200248718262e-01,-9.999653697013854980e-01,9.999911189079284668e-01,-9.999919533729553223e-01,9.999867081642150879e-01,9.999696612358093262e-01,-9.999912977218627930e-01,9.999888539314270020e-01,-9.999547600746154785e-01,9.999896287918090820e-01,-9.999842047691345215e-01,9.999843835830688477e-01,-9.999395608901977539e-01,-9.999765753746032715e-01,-9.999075531959533691e-01,9.998764991760253906e-01,9.999700784683227539e-01,9.999805092811584473e-01,-9.999902844429016113e-01,9.999758005142211914e-01,-9.999820590019226074e-01,9.999828934669494629e-01,9.999805688858032227e-01,-9.999938011169433594e-01,9.999844431877136230e-01,-9.999918937683105469e-01,9.999862909317016602e-01,-9.999854564666748047e-01,9.999743700027465820e-01,9.999892711639404297e-01,-9.999787211418151855e-01,-9.999774694442749023e-01,9.999890327453613281e-01,-9.999734759330749512e-01,9.999834895133972168e-01,9.999695420265197754e-01,9.999916553497314453e-01
9.999987483024597168e-01,-9.999989271163940430e-01,-9.999967217445373535e-01,9.999992251396179199e-01,9.999991655349731445e-01,-9.999988675117492676e-01,-9.999929666519165039e-01,9.999992251396179199e-01,-9.999979734420776367e-01,9.999973177909851074e-01,9.999295473098754883e-01,-9.999988079071044922e-01,9.999991059303283691e-01,9.999773502349853516e-01,-9.999911785125732422e-01,9.999971389770507812e-01,9.999982118606567383e-01,-9.999726414680480957e-01,9.999950528144836426e-01,-9.999992251396179199e-01,-9.999992251396179199e-01,9.999933242797851562e-01,9.999961853027343750e-01,9.999975562095642090e-01,-9.999981522560119629e-01,9.999993443489074707e-01,-9.999978542327880859e-01,-9.999989271163940430e-01,9.999896883964538574e-01,9.999963641166687012e-01,-9.999989271163940430e-01,-9.999989271163940430e-01,9.999988079071044922e-01,9.999982714653015137e-01,-9.999979138374328613e-01,-9.999961256980895996e-01,9.999989867210388184e-01,9.999992251396179199e-01,9.999969601631164551e-01,-9.999990463256835938e-01,9.999989271163940430e-01,-9.999966621398925781e-01,9.999876022338867188e-01,9.999991059303283691e-01,9.999977350234985352e-01,9.999989867210388184e-01,9.999971985816955566e-01,9.999907612800598145e-01,9.999991059303283691e-01,-9.999992251396179199e-01,-9.999988675117492676e-01,-9.999969601631164551e-01,-9.999988079071044922e-01,-9.998555183410644531e-01,-9.999984502792358398e-01,9.999876618385314941e-01,-9.999978542327880859e-01,-9.999966621398925781e-01,9.999986886978149414e-01,9.999675154685974121e-01,-9.999917149543762207e-01,9.999986886978149414e-01,9.999991059303283691e-01,-9.999753236770629883e-01,9.999981522560119629e-01,-9.999990463256835938e-01,-9.999992251396179199e-01,-9.999927878379821777e-01,-9.999983310699462891e-01,9.999992251396179199e-01,-9.999984502792358398e-01,9.999982118606567383e-01,9.999929666519165039e-01,-9.999976754188537598e-01,9.999893903732299805e-01,-9.999976158142089844e-01,9.999955892562866211e-01,9.999975562095642090e-01,-9.999976754188537598e-01,-9.999989867210388184e-01,-9.999969005584716797e-01,9.999984502792358398e-01,-9.999986886978149414e-01,9.999950528144836426e-01,-9.999991655349731445e-01,-9.999881386756896973e-01,9.999916553497314453e-01,9.999977946281433105e-01,-9.999916553497314453e-01,9.999991059303283691e-01,-9.999988675117492676e-01,9.999983310699462891e-01,9.999960064888000488e-01,-9.999989867210388184e-01,9.999992251396179199e-01,-9.999984502792358398e-01,-9.999964237213134766e-01,9.999989867210388184e-01,-9.999987483024597168e-01,9.999947547912597656e-01,-9.999988675117492676e-01,9.999981522560119629e-01,-9.999981522560119629e-01,9.999929666519165039e-01,9.999972581863403320e-01,9.999892711639404297e-01,-9.999855160713195801e-01,-9.999964833259582520e-01,-9.999976158142089844e-01,9.999988675117492676e-01,-9.999971389770507812e-01,9.999979138374328613e-01,-9.999979734420776367e-01,-9.999977350234985352e-01,9.999993443489074707e-01,-9.999981522560119629e-01,9.999991059303283691e-01,-9.999984502792358398e-01,9.999982714653015137e-01,-9.999969005584716797e-01,-9.999987483024597168e-01,9.999974966049194336e-01,9.999972581863403320e-01,-9.999986886978149414e-01,9.999969601631164551e-01,-9.999980330467224121e-01,-9.999964237213134766e-01,-9.999991655349731445e-01
-9.999967813491821289e-01,9.999973177909851074e-01,9.999918937683105469e-01,-9.999977946281433105e-01,-9.999979138374328613e-01,9.999970793724060059e-01,9.999822378158569336e-01,-9.999979734420776367e-01,9.999948143959045410e-01,-9.999935030937194824e-01,-9.998230934143066406e-01,9.999970793724060059e-01,-9.999975562095642090e-01,-9.999430179595947266e-01,9.999777674674987793e-01,-9.999927878379821777e-01,-9.999958872795104980e-01,9.999311566352844238e-01,-9.999874234199523926e-01,9.999982118606567383e-01,9.999977350234985352e-01,-9.999833106994628906e-01,-9.999905824661254883e-01,-9.999938607215881348e-01,9.999951124191284180e-01,-9.999982118606567383e-01,9.999945759773254395e-01,9.999974966049194336e-01,-9.999741315841674805e-01,-9.999909996986389160e-01,9.999973177909851074e-01,9.999972581863403320e-01,-9.999969601631164551e-01,-9.999956488609313965e-01,9.999948740005493164e-01,9.999903440475463867e-01,-9.999974370002746582e-01,-9.999979138374328613e-01,-9.999924898147583008e-01,9.999974966049194336e-01,-9.999973177909851074e-01,9.999916553497314453e-01,-9.999688863754272461e-01,-9.999976158142089844e-01,-9.999943971633911133e-01,-9.999973773956298828e-01,-9.999930262565612793e-01,-9.999769926071166992e-01,-9.999976754188537598e-01,9.999976754188537598e-01,9.999969005584716797e-01,9.999924302101135254e-01,9.999969005584716797e-01,9.996367692947387695e-01,9.999958872795104980e-01,-9.999689459800720215e-01,9.999946951866149902e-01,9.999917745590209961e-01,-9.999967217445373535e-01,-9.999184012413024902e-01,9.999790787696838379e-01,-9.999965429306030273e-01,-9.999976158142089844e-01,9.999379515647888184e-01,-9.999954700469970703e-01,9.999974966049194336e-01,9.999980330467224121e-01,9.999819397926330566e-01,9.999957084655761719e-01,-9.999978542327880859e-01,9.999961256980895996e-01,-9.999956488609313965e-01,-9.999824166297912598e-01,9.999942183494567871e-01,-9.999735951423645020e-01,9.999941587448120117e-01,-9.999890327453613281e-01,-9.999939799308776855e-01,9.999942183494567871e-01,9.999973773956298828e-01,9.999921321868896484e-01,-9.999961256980895996e-01,9.999964833259582520e-01,-9.999876618385314941e-01,9.999977946281433105e-01,9.999701380729675293e-01,-9.999791383743286133e-01,-9.999945759773254395e-01,9.999790787696838379e-01,-9.999977946281433105e-01,9.999971985816955566e-01,-9.999956488609313965e-01,-9.999899864196777344e-01,9.999974370002746582e-01,-9.999976158142089844e-01,9.999960660934448242e-01,9.999910593032836914e-01,-9.999974966049194336e-01,9.999967813491821289e-01,-9.999868869781494141e-01,9.999969005584716797e-01,-9.999953508377075195e-01,9.999954700469970703e-01,-9.999824166297912598e-01,-9.999931454658508301e-01,-9.999729990959167480e-01,9.999638795852661133e-01,9.999912381172180176e-01,9.999943375587463379e-01,-9.999971389770507812e-01,9.999928474426269531e-01,-9.999947547912597656e-01,9.999950528144836426e-01,9.999943375587463379e-01,-9.999982118606567383e-01,9.999954700469970703e-01,-9.999976158142089844e-01,9.999961256980895996e-01,-9.999958276748657227e-01,9.999925494194030762e-01,9.999968409538269043e-01,-9.999938607215881348e-01,-9.999934434890747070e-01,9.999967217445373535e-01,-9.999923706054687500e-01,9.999951720237731934e-01,9.999911189079284668e-01,9.999976158142089844e-01
9.999958872795104980e-01,-9.999966621398925781e-01,-9.999897480010986328e-01,9.999970793724060059e-01,9.999971985816955566e-01,-9.999962449073791504e-01,-9.999773502349853516e-01,9.999973177909851074e-01,-9.999935030937194824e-01,9.999915361404418945e-01,9.997738599777221680e-01,-9.999963045120239258e-01,9.999969005584716797e-01,9.999272227287292480e-01,-9.999715685844421387e-01,9.999907016754150391e-01,9.999946355819702148e-01,-9.999119639396667480e-01,9.999838471412658691e-01,-9.999977350234985352e-01,-9.999971389770507812e-01,9.999787211418151855e-01,9.999879598617553711e-01,9.999921917915344238e-01,-9.999938011169433594e-01,9.999976754188537598e-01,-9.999930262565612793e-01,-9.999968409538269043e-01,9.999668598175048828e-01,9.999884366989135742e-01,-9.999966621398925781e-01,-9.999966025352478027e-01,9.999961256980895996e-01,9.999943375587463379e-01,-9.999934434890747070e-01,-9.999877214431762695e-01,9.999967217445373535e-01,9.999973177909851074e-01,9.999904036521911621e-01,-9.999967813491821289e-01,9.999965429306030273e-01,-9.999893307685852051e-01,9.999601840972900391e-01,9.999969005584716797e-01,9.999927878379821777e-01,9.999966621398925781e-01,9.999911189079284668e-01,9.999705553054809570e-01,9.999970197677612305e-01,-9.999969005584716797e-01,-9.999961853027343750e-01,-9.999903440475463867e-01,-9.999960660934448242e-01,-9.995358586311340332e-01,-9.999946951866149902e-01,9.999602437019348145e-01,-9.999932646751403809e-01,-9.999893903732299805e-01,9.999958872795104980e-01,9.998957514762878418e-01,-9.999731183052062988e-01,9.999957084655761719e-01,9.999970197677612305e-01,-9.999206662178039551e-01,9.999942183494567871e-01,-9.999967813491821289e-01,-9.999973773956298828e-01,-9.999768733978271484e-01,-9.999945163726806641e-01,9.999973177909851074e-01,-9.999950528144836426e-01,9.999943375587463379e-01,9.999774694442749023e-01,-9.999926686286926270e-01,9.999662041664123535e-01,-9.999924898147583008e-01,9.999859333038330078e-01,9.999923110008239746e-01,-9.999925494194030762e-01,-9.999965429306030273e-01,-9.999899268150329590e-01,9.999950528144836426e-01,-9.999955892562866211e-01,9.999842047691345215e-01,-9.999971985816955566e-01,-9.999617338180541992e-01,9.999732375144958496e-01,9.999930262565612793e-01,-9.999732971191406250e-01,9.999973177909851074e-01,-9.999964237213134766e-01,9.999943375587463379e-01,9.999870657920837402e-01,-9.999967217445373535e-01,9.999969601631164551e-01,-9.999950528144836426e-01,-9.999886751174926758e-01,9.999967813491821289e-01,-9.999958872795104980e-01,9.999831318855285645e-01,-9.999961853027343750e-01,9.999939799308776855e-01,-9.999942183494567871e-01,9.999775290489196777e-01,9.999912381172180176e-01,9.999654293060302734e-01,-9.999538064002990723e-01,-9.999887943267822266e-01,-9.999927282333374023e-01,9.999963045120239258e-01,-9.999908804893493652e-01,9.999933242797851562e-01,-9.999935626983642578e-01,-9.999927282333374023e-01,9.999976754188537598e-01,-9.999941587448120117e-01,9.999970197677612305e-01,-9.999949336051940918e-01,9.999945759773254395e-01,-9.999904036521911621e-01,-9.999959468841552734e-01,9.999920725822448730e-01,9.999915361404418945e-01,-9.999958872795104980e-01,9.999901056289672852e-01,-9.999938607215881348e-01,-9.999886155128479004e-01,-9.999968409538269043e-01
9.998890757560729980e-01,-9.999116063117980957e-01,-9.997230172157287598e-01,9.999233484268188477e-01,9.999266266822814941e-01,-9.998982548713684082e-01,-9.993958473205566406e-01,9.999295473098754883e-01,-9.998230934143066406e-01,9.997738599777221680e-01,9.939929842948913574e-01,-9.999023079872131348e-01,9.999182224273681641e-01,9.980597496032714844e-01,-9.992403388023376465e-01,9.997501373291015625e-01,9.998591542243957520e-01,-9.976550936698913574e-01,9.995663762092590332e-01,-9.999399781227111816e-01,-9.999216198921203613e-01,9.994289278984069824e-01,9.996764063835144043e-01,9.997910857200622559e-01,-9.998314380645751953e-01,9.999394416809082031e-01,-9.998109936714172363e-01,-9.999159574508666992e-01,9.991163611412048340e-01,9.996910691261291504e-01,-9.999089241027832031e-01,-9.999073743820190430e-01,9.998986124992370605e-01,9.998467564582824707e-01,-9.998217225074768066e-01,-9.996708631515502930e-01,9.999139904975891113e-01,9.999287724494934082e-01,9.997431635856628418e-01,-9.999154210090637207e-01,9.999096393585205078e-01,-9.997152090072631836e-01,9.989377260208129883e-01,9.999177455902099609e-01,9.998077750205993652e-01,9.999119639396667480e-01,9.997622966766357422e-01,9.992132186889648438e-01,9.999221563339233398e-01,-9.999188780784606934e-01,-9.998962879180908203e-01,-9.997413754463195801e-01,-9.998929500579833984e-01,-9.877483248710632324e-01,-9.998582005500793457e-01,9.989389181137084961e-01,-9.998191595077514648e-01,-9.997159838676452637e-01,9.998902082443237305e-01,9.972240328788757324e-01,-9.992820620536804199e-01,9.998837709426879883e-01,9.999188184738159180e-01,-9.978838562965393066e-01,9.998458623886108398e-01,-9.999153017997741699e-01,-9.999316334724426270e-01,-9.993788003921508789e-01,-9.998506903648376465e-01,9.999286532402038574e-01,-9.998690485954284668e-01,9.998481273651123047e-01,9.993969202041625977e-01,-9.998017549514770508e-01,9.990978240966796875e-01,-9.997997283935546875e-01,9.996214509010314941e-01,9.997937083244323730e-01,-9.998015761375427246e-01,-9.999118447303771973e-01,-9.997306466102600098e-01,9.998701214790344238e-01,-9.998808503150939941e-01,9.995777010917663574e-01,-9.999236464500427246e-01,-9.989794492721557617e-01,9.992838501930236816e-01,9.998139739036560059e-01,-9.992855191230773926e-01,9.999287128448486328e-01,-9.999024271965026855e-01,9.998493194580078125e-01,9.996547102928161621e-01,-9.999113678932189941e-01,9.999197125434875488e-01,-9.998678565025329590e-01,-9.996974468231201172e-01,9.999128580093383789e-01,-9.998884797096252441e-01,9.995478391647338867e-01,-9.998960494995117188e-01,9.998419880867004395e-01,-9.998447299003601074e-01,9.993966221809387207e-01,9.997663497924804688e-01,9.990774989128112793e-01,-9.987681508064270020e-01,-9.997001886367797852e-01,-9.998057484626770020e-01,9.999029040336608887e-01,-9.997585415840148926e-01,9.998214244842529297e-01,-9.998286366462707520e-01,-9.998060464859008789e-01,9.999387860298156738e-01,-9.998442530632019043e-01,9.999192953109741211e-01,-9.998628497123718262e-01,9.998555779457092285e-01,-9.997445940971374512e-01,-9.998934268951416016e-01,9.997872710227966309e-01,9.997751116752624512e-01,-9.998904466629028320e-01,9.997346401214599609e-01,-9.998353123664855957e-01,-9.996960163116455078e-01,-9.999165534973144531e-01
-9.999982118606567383e-01,9.999984502792358398e-01,9.999954700469970703e-01,-9.999987483024597168e-01,-9.999987483024597168e-01,9.999984502792358398e-01,9.999901056289672852e-01,-9.999988079071044922e-01,9.999970793724060059e-01,-9.999963045120239258e-01,-9.999023079872131348e-01,9.999983310699462891e-01,-9.999985694885253906e-01,-9.999686479568481445e-01,9.999876618385314941e-01,-9.999959468841552734e-01,-9.999976158142089844e-01,9.999619722366333008e-01,-9.999930262565612793e-01,9.999989867210388184e-01,9.999986886978149414e-01,-9.999907612800598145e-01,-9.999947547912597656e-01,-9.999966025352478027e-01,9.999971389770507812e-01,-9.999989271163940430e-01,9.999969005584716797e-01,9.999985694885253906e-01,-9.999857544898986816e-01,-9.999949932098388672e-01,9.999985098838806152e-01,9.999983906745910645e-01,-9.999983310699462891e-01,-9.999975562095642090e-01,9.999970793724060059e-01,9.999946951866149902e-01,-9.999985098838806152e-01,-9.999987483024597168e-01,-9.999957680702209473e-01,9.999986290931701660e-01,-9.999984502792358398e-01,9.999953508377075195e-01,-9.999827146530151367e-01,-9.999986290931701660e-01,-9.999967813491821289e-01,-9.999985694885253906e-01,-9.999961256980895996e-01,-9.999871850013732910e-01,-9.999986290931701660e-01,9.999985694885253906e-01,9.999983310699462891e-01,9.999957680702209473e-01,9.999982714653015137e-01,9.997998476028442383e-01,9.999977350234985352e-01,-9.999828934669494629e-01,9.999970197677612305e-01,9.999952912330627441e-01,-9.999982118606567383e-01,-9.999549388885498047e-01,9.999884366989135742e-01,-9.999980926513671875e-01,-9.999986886978149414e-01,9.999657273292541504e-01,-9.999973773956298828e-01,9.999985098838806152e-01,9.999988675117492676e-01,9.999899864196777344e-01,9.999975562095642090e-01,-9.999987483024597168e-01,9.999977946281433105e-01,-9.999974370002746582e-01,-9.999902844429016113e-01,9.999966621398925781e-01,-9.999854564666748047e-01,9.999967217445373535e-01,-9.999938011169433594e-01,-9.999966025352478027e-01,9.999967217445373535e-01,9.999984502792358398e-01,9.999956488609313965e-01,-9.999977946281433105e-01,9.999980330467224121e-01,-9.999932050704956055e-01,9.999987483024597168e-01,9.999834895133972168e-01,-9.999884366989135742e-01,-9.999968409538269043e-01,9.999883770942687988e-01,-9.999987483024597168e-01,9.999983906745910645e-01,-9.999975562095642090e-01,-9.999944567680358887e-01,9.999984502792358398e-01,-9.999986290931701660e-01,9.999977946281433105e-01,9.999950528144836426e-01,-9.999985694885253906e-01,9.999982714653015137e-01,-9.999927282333374023e-01,9.999982118606567383e-01,-9.999973177909851074e-01,9.999973773956298828e-01,-9.999901652336120605e-01,-9.999961853027343750e-01,-9.999849796295166016e-01,9.999800324440002441e-01,9.999951124191284180e-01,9.999967217445373535e-01,-9.999983906745910645e-01,9.999960660934448242e-01,-9.999970793724060059e-01,9.999971985816955566e-01,9.999968409538269043e-01,-9.999989271163940430e-01,9.999973773956298828e-01,-9.999986290931701660e-01,9.999977350234985352e-01,-9.999976158142089844e-01,9.999958276748657227e-01,9.999982714653015137e-01,-9.999965429306030273e-01,-9.999961853027343750e-01,9.999982118606567383e-01,-9.999957084655761719e-01,9.999973177909851074e-01,9.999950528144836426e-01,9.999986290931701660e-01
