9.999982118606567383e-01,-9.999985098838806152e-01,-9.999942779541015625e-01,9.999970793724060059e-01,9.999987483024597168e-01,-9.999986290931701660e-01,9.999944567680358887e-01,9.999990463256835938e-01,-9.999927878379821777e-01,9.999983310699462891e-01,-9.999987483024597168e-01,-9.999988675117492676e-01,9.999977946281433105e-01,9.999983310699462891e-01,9.999952316284179688e-01,9.999932646751403809e-01,9.999972581863403320e-01,-9.999976158142089844e-01,9.999917745590209961e-01,-9.999991059303283691e-01,-9.999988675117492676e-01,9.999943971633911133e-01,9.999985694885253906e-01,9.999970793724060059e-01,9.999887347221374512e-01,9.999988675117492676e-01,-9.999980926513671875e-01,-9.999988675117492676e-01,9.999912977218627930e-01,-9.999966621398925781e-01,-9.999901056289672852e-01,-9.999979734420776367e-01,9.999825954437255859e-01,9.999945163726806641e-01,-9.999978542327880859e-01,9.999614953994750977e-01,9.999989271163940430e-01,9.999983906745910645e-01,9.999833106994628906e-01,-9.999988675117492676e-01,9.999985694885253906e-01,9.999895095825195312e-01,9.999826550483703613e-01,9.999989867210388184e-01,9.999981522560119629e-01,9.999979138374328613e-01,-9.999931454658508301e-01,9.999986290931701660e-01,9.999986290931701660e-01,-9.999985098838806152e-01,-9.999986886978149414e-01,-9.999985098838806152e-01,-9.999986886978149414e-01,-9.999930262565612793e-01,-9.999985694885253906e-01,-9.999979734420776367e-01,-9.997905492782592773e-01,9.999932646751403809e-01,9.999938607215881348e-01,9.999981522560119629e-01,-9.999983310699462891e-01,9.999988675117492676e-01,9.999983310699462891e-01,9.999953508377075195e-01,-9.999934434890747070e-01,-9.999987483024597168e-01,-9.999990463256835938e-01,-9.999954700469970703e-01,-9.999989271163940430e-01,9.999982118606567383e-01,-9.999987483024597168e-01,9.999957680702209473e-01,-9.999926090240478516e-01,-9.999935030937194824e-01,-9.999852180480957031e-01,-9.999982714653015137e-01,9.999903440475463867e-01,9.999987483024597168e-01,-9.999935030937194824e-01,-9.999950528144836426e-01,9.999910593032836914e-01,9.999974370002746582e-01,-9.999987483024597168e-01,9.999980926513671875e-01,-9.999982714653015137e-01,-9.999835491180419922e-01,-9.997677803039550781e-01,9.999989271163940430e-01,9.999922513961791992e-01,9.999892711639404297e-01,-9.999931454658508301e-01,9.999982714653015137e-01,-9.999860525131225586e-01,-9.999971985816955566e-01,9.999972581863403320e-01,-9.999977350234985352e-01,-9.999858140945434570e-01,9.999989867210388184e-01,-9.999987483024597168e-01,9.999972581863403320e-01,-9.999966621398925781e-01,9.999989271163940430e-01,9.999451637268066406e-01,9.999559521675109863e-01,9.999986290931701660e-01,9.999956488609313965e-01,-9.999810457229614258e-01,-9.999983906745910645e-01,-9.999939203262329102e-01,9.999984502792358398e-01,-9.999985098838806152e-01,9.999973773956298828e-01,-9.999982714653015137e-01,-9.998708367347717285e-01,9.999990463256835938e-01,-9.999966621398925781e-01,9.999989271163940430e-01,-9.999978542327880859e-01,-9.999952912330627441e-01,-9.999962449073791504e-01,-9.999982118606567383e-01,9.999966621398925781e-01,9.999974370002746582e-01,-9.999967813491821289e-01,-9.999911189079284668e-01,-9.999945759773254395e-01,9.999646544456481934e-01,-9.999904632568359375e-01
-9.999985098838806152e-01,9.999987483024597168e-01,9.999951124191284180e-01,-9.999974966049194336e-01,-9.999990463256835938e-01,9.999988675117492676e-01,-9.999954104423522949e-01,-9.999992251396179199e-01,9.999938607215881348e-01,-9.999986886978149414e-01,9.999989271163940430e-01,9.999991059303283691e-01,-9.999981522560119629e-01,-9.999986886978149414e-01,-9.999960064888000488e-01,-9.999943971633911133e-01,-9.999976754188537598e-01,9.999980330467224121e-01,-9.999929070472717285e-01,9.999992251396179199e-01,9.999991059303283691e-01,-9.999953508377075195e-01,-9.999988079071044922e-01,-9.999975562095642090e-01,-9.999904632568359375e-01,-9.999991059303283691e-01,9.999983906745910645e-01,9.999991059303283691e-01,-9.999926686286926270e-01,9.999972581863403320e-01,9.999915957450866699e-01,9.999982714653015137e-01,-9.999853372573852539e-01,-9.999954104423522949e-01,9.999982118606567383e-01,-9.999673366546630859e-01,-9.999991655349731445e-01,-9.999986886978149414e-01,-9.999858140945434570e-01,9.999990463256835938e-01,-9.999988079071044922e-01,-9.999910593032836914e-01,-9.999853372573852539e-01,-9.999991059303283691e-01,-9.999983906745910645e-01,-9.999981522560119629e-01,9.999942779541015625e-01,-9.999989271163940430e-01,-9.999988675117492676e-01,9.999987483024597168e-01,9.999989271163940430e-01,9.999987483024597168e-01,9.999989271163940430e-01,9.999940991401672363e-01,9.999987483024597168e-01,9.999982714653015137e-01,9.998224377632141113e-01,-9.999943971633911133e-01,-9.999948740005493164e-01,-9.999984502792358398e-01,9.999985694885253906e-01,-9.999991059303283691e-01,-9.999985694885253906e-01,-9.999959468841552734e-01,9.999945163726806641e-01,9.999990463256835938e-01,9.999992251396179199e-01,9.999961853027343750e-01,9.999991655349731445e-01,-9.999983906745910645e-01,9.999989271163940430e-01,-9.999963641166687012e-01,9.999938011169433594e-01,9.999944567680358887e-01,9.999874830245971680e-01,9.999986290931701660e-01,-9.999917745590209961e-01,-9.999989271163940430e-01,9.999945163726806641e-01,9.999958872795104980e-01,-9.999924302101135254e-01,-9.999977946281433105e-01,9.999989271163940430e-01,-9.999985098838806152e-01,9.999985098838806152e-01,9.999861717224121094e-01,9.998031854629516602e-01,-9.999992251396179199e-01,-9.999935626983642578e-01,-9.999909400939941406e-01,9.999942779541015625e-01,-9.999986290931701660e-01,9.999881982803344727e-01,9.999976158142089844e-01,-9.999977350234985352e-01,9.999980926513671875e-01,9.999880194664001465e-01,-9.999991655349731445e-01,9.999989867210388184e-01,-9.999976754188537598e-01,9.999971985816955566e-01,-9.999992251396179199e-01,-9.999534487724304199e-01,-9.999625682830810547e-01,-9.999988675117492676e-01,-9.999961853027343750e-01,9.999839663505554199e-01,9.999986290931701660e-01,9.999949336051940918e-01,-9.999986886978149414e-01,9.999987483024597168e-01,-9.999977946281433105e-01,9.999984502792358398e-01,9.998905062675476074e-01,-9.999992847442626953e-01,9.999972581863403320e-01,-9.999992847442626953e-01,9.999980926513671875e-01,9.999960064888000488e-01,9.999967217445373535e-01,9.999985694885253906e-01,-9.999971985816955566e-01,-9.999978542327880859e-01,9.999972581863403320e-01,9.999924898147583008e-01,9.999952912330627441e-01,-9.999701976776123047e-01,9.999919533729553223e-01
-9.999942779541015625e-01,9.999951124191284180e-01,9.999811053276062012e-01,-9.999904632568359375e-01,-9.999960660934448242e-01,9.999957084655761719e-01,-9.999819993972778320e-01,-9.999966621398925781e-01,9.999761581420898438e-01,-9.999948143959045410e-01,9.999958276748657227e-01,9.999961256980895996e-01,-9.999927878379821777e-01,-9.999946951866149902e-01,-9.999842643737792969e-01,-9.999778270721435547e-01,-9.999914169311523438e-01,9.999921917915344238e-01,-9.999729394912719727e-01,9.999968409538269043e-01,9.999963045120239258e-01,-9.999816417694091797e-01,-9.999953508377075195e-01,-9.999905824661254883e-01,-9.999630451202392578e-01,-9.999961853027343750e-01,9.999938011169433594e-01,9.999960660934448242e-01,-9.999714493751525879e-01,9.999891519546508789e-01,9.999675154685974121e-01,9.999934434890747070e-01,-9.999426007270812988e-01,-9.999819993972778320e-01,9.999932646751403809e-01,-9.998731017112731934e-01,-9.999964237213134766e-01,-9.999949336051940918e-01,-9.999448060989379883e-01,9.999960660934448242e-01,-9.999953508377075195e-01,-9.999653100967407227e-01,-9.999428987503051758e-01,-9.999963641166687012e-01,-9.999939203262329102e-01,-9.999929070472717285e-01,9.999774694442749023e-01,-9.999955296516418457e-01,-9.999954700469970703e-01,9.999949336051940918e-01,9.999958872795104980e-01,9.999951720237731934e-01,9.999958276748657227e-01,9.999770522117614746e-01,9.999952912330627441e-01,9.999935030937194824e-01,9.993099570274353027e-01,-9.999778866767883301e-01,-9.999797344207763672e-01,-9.999939799308776855e-01,9.999945163726806641e-01,-9.999962449073791504e-01,-9.999945163726806641e-01,-9.999848008155822754e-01,9.999784827232360840e-01,9.999960660934448242e-01,9.999967217445373535e-01,9.999850392341613770e-01,9.999964833259582520e-01,-9.999940395355224609e-01,9.999960064888000488e-01,-9.999859929084777832e-01,9.999755620956420898e-01,9.999784827232360840e-01,9.999513030052185059e-01,9.999947547912597656e-01,-9.999679923057556152e-01,-9.999957680702209473e-01,9.999786615371704102e-01,9.999837279319763184e-01,-9.999703168869018555e-01,-9.999918341636657715e-01,9.999960064888000488e-01,-9.999938607215881348e-01,9.999943971633911133e-01,9.999458193778991699e-01,9.992352128028869629e-01,-9.999963641166687012e-01,-9.999744892120361328e-01,-9.999646544456481934e-01,9.999776482582092285e-01,-9.999944567680358887e-01,9.999539852142333984e-01,9.999908208847045898e-01,-9.999911189079284668e-01,9.999927282333374023e-01,9.999532699584960938e-01,-9.999965429306030273e-01,9.999959468841552734e-01,-9.999910593032836914e-01,9.999891519546508789e-01,-9.999962449073791504e-01,-9.998190999031066895e-01,-9.998546838760375977e-01,-9.999955296516418457e-01,-9.999854564666748047e-01,9.999374151229858398e-01,9.999948740005493164e-01,9.999802708625793457e-01,-9.999950528144836426e-01,9.999952316284179688e-01,-9.999915361404418945e-01,9.999940991401672363e-01,9.995743632316589355e-01,-9.999966025352478027e-01,9.999891519546508789e-01,-9.999965429306030273e-01,9.999927878379821777e-01,9.999844431877136230e-01,9.999877810478210449e-01,9.999945759773254395e-01,-9.999892711639404297e-01,-9.999917149543762207e-01,9.999895691871643066e-01,9.999707341194152832e-01,9.999817013740539551e-01,-9.998837709426879883e-01,9.999687075614929199e-01
9.999970793724060059e-01,-9.999974966049194336e-01,-9.999904632568359375e-01,9.999952316284179688e-01,9.999979138374328613e-01,-9.999977946281433105e-01,9.999909996986389160e-01,9.999983310699462891e-01,-9.999880790710449219e-01,9.999973177909851074e-01,-9.999978542327880859e-01,-9.999980926513671875e-01,9.999963641166687012e-01,9.999972581863403320e-01,9.999920725822448730e-01,9.999889135360717773e-01,9.999956488609313965e-01,-9.999960064888000488e-01,9.999863505363464355e-01,-9.999983310699462891e-01,-9.999980330467224121e-01,9.999908208847045898e-01,9.999976158142089844e-01,9.999952912330627441e-01,9.999815225601196289e-01,9.999980926513671875e-01,-9.999969601631164551e-01,-9.999980926513671875e-01,9.999856948852539062e-01,-9.999945163726806641e-01,-9.999836683273315430e-01,-9.999966621398925781e-01,9.999712705612182617e-01,9.999909400939941406e-01,-9.999964833259582520e-01,9.999363422393798828e-01,9.999982118606567383e-01,9.999973773956298828e-01,9.999723434448242188e-01,-9.999980330467224121e-01,9.999976158142089844e-01,9.999825358390808105e-01,9.999713897705078125e-01,9.999981522560119629e-01,9.999969005584716797e-01,9.999964237213134766e-01,-9.999886751174926758e-01,9.999977350234985352e-01,9.999976754188537598e-01,-9.999974966049194336e-01,-9.999979138374328613e-01,-9.999975562095642090e-01,-9.999978542327880859e-01,-9.999884963035583496e-01,-9.999976158142089844e-01,-9.999966621398925781e-01,-9.996536374092102051e-01,9.999889135360717773e-01,9.999898672103881836e-01,9.999969601631164551e-01,-9.999971985816955566e-01,9.999980926513671875e-01,9.999971985816955566e-01,9.999924302101135254e-01,-9.999892115592956543e-01,-9.999980330467224121e-01,-9.999983310699462891e-01,-9.999924302101135254e-01,-9.999982714653015137e-01,9.999969005584716797e-01,-9.999979734420776367e-01,9.999929666519165039e-01,-9.999877214431762695e-01,-9.999892711639404297e-01,-9.999756217002868652e-01,-9.999972581863403320e-01,9.999839067459106445e-01,9.999978542327880859e-01,-9.999892711639404297e-01,-9.999918937683105469e-01,9.999851584434509277e-01,9.999958872795104980e-01,-9.999979734420776367e-01,9.999968409538269043e-01,-9.999971985816955566e-01,-9.999728798866271973e-01,-9.996160864830017090e-01,9.999982714653015137e-01,9.999871850013732910e-01,9.999822974205017090e-01,-9.999887347221374512e-01,9.999970793724060059e-01,-9.999769330024719238e-01,-9.999953508377075195e-01,9.999955296516418457e-01,-9.999963045120239258e-01,-9.999765753746032715e-01,9.999982714653015137e-01,-9.999979734420776367e-01,9.999955296516418457e-01,-9.999945759773254395e-01,9.999980926513671875e-01,9.999092221260070801e-01,9.999270439147949219e-01,9.999976754188537598e-01,9.999927282333374023e-01,-9.999686479568481445e-01,-9.999973773956298828e-01,-9.999900460243225098e-01,9.999974966049194336e-01,-9.999975562095642090e-01,9.999957084655761719e-01,-9.999969601631164551e-01,-9.997864365577697754e-01,9.999983906745910645e-01,-9.999945759773254395e-01,9.999983310699462891e-01,-9.999963045120239258e-01,-9.999921917915344238e-01,-9.999938011169433594e-01,-9.999971389770507812e-01,9.999945163726806641e-01,9.999958276748657227e-01,-9.999948740005493164e-01,-9.999852180480957031e-01,-9.999908804893493652e-01,9.999417662620544434e-01,-9.999841451644897461e-01
9.999987483024597168e-01,-9.999990463256835938e-01,-9.999960660934448242e-01,9.999979138374328613e-01,9.999991655349731445e-01,-9.999991059303283691e-01,9.999963045120239258e-01,9.999993443489074707e-01,-9.999951124191284180e-01,9.999988675117492676e-01,-9.999991059303283691e-01,-9.999992847442626953e-01,9.999984502792358398e-01,9.999988675117492676e-01,9.999966621398925781e-01,9.999954104423522949e-01,9.999980926513671875e-01,-9.999983906745910645e-01,9.999944567680358887e-01,-9.999994039535522461e-01,-9.999992251396179199e-01,9.999961853027343750e-01,9.999989867210388184e-01,9.999980330467224121e-01,9.999924898147583008e-01,9.999991655349731445e-01,-9.999986886978149414e-01,-9.999992251396179199e-01,9.999940991401672363e-01,-9.999976754188537598e-01,-9.999933242797851562e-01,-9.999986290931701660e-01,9.999883770942687988e-01,9.999962449073791504e-01,-9.999985098838806152e-01,9.999741315841674805e-01,9.999992251396179199e-01,9.999989271163940430e-01,9.999887347221374512e-01,-9.999993443489074707e-01,9.999991059303283691e-01,9.999929070472717285e-01,9.999883770942687988e-01,9.999992251396179199e-01,9.999987483024597168e-01,9.999985694885253906e-01,-9.999954104423522949e-01,9.999991059303283691e-01,9.999991059303283691e-01,-9.999989271163940430e-01,-9.999992251396179199e-01,-9.999989867210388184e-01,-9.999991655349731445e-01,-9.999952912330627441e-01,-9.999991059303283691e-01,-9.999986290931701660e-01,-9.998589754104614258e-01,9.999954700469970703e-01,9.999958276748657227e-01,9.999986886978149414e-01,-9.999988079071044922e-01,9.999992847442626953e-01,9.999988675117492676e-01,9.999967813491821289e-01,-9.999955892562866211e-01,-9.999992251396179199e-01,-9.999994635581970215e-01,-9.999969005584716797e-01,-9.999993443489074707e-01,9.999986886978149414e-01,-9.999992251396179199e-01,9.999970793724060059e-01,-9.999949932098388672e-01,-9.999955296516418457e-01,-9.999900460243225098e-01,-9.999988675117492676e-01,9.999933838844299316e-01,9.999991655349731445e-01,-9.999955892562866211e-01,-9.999966025352478027e-01,9.999939799308776855e-01,9.999982118606567383e-01,-9.999991059303283691e-01,9.999987483024597168e-01,-9.999988079071044922e-01,-9.999889731407165527e-01,-9.998436570167541504e-01,9.999994039535522461e-01,9.999948143959045410e-01,9.999926686286926270e-01,-9.999954104423522949e-01,9.999988079071044922e-01,-9.999906420707702637e-01,-9.999979734420776367e-01,9.999980330467224121e-01,-9.999985098838806152e-01,-9.999904632568359375e-01,9.999993443489074707e-01,-9.999992251396179199e-01,9.999981522560119629e-01,-9.999976754188537598e-01,9.999992847442626953e-01,9.999630451202392578e-01,9.999703764915466309e-01,9.999991059303283691e-01,9.999969601631164551e-01,-9.999872446060180664e-01,-9.999989271163940430e-01,-9.999959468841552734e-01,9.999989867210388184e-01,-9.999990463256835938e-01,9.999981522560119629e-01,-9.999987483024597168e-01,-9.999129772186279297e-01,9.999993443489074707e-01,-9.999977350234985352e-01,9.999993443489074707e-01,-9.999985098838806152e-01,-9.999966621398925781e-01,-9.999974370002746582e-01,-9.999988079071044922e-01,9.999976754188537598e-01,9.999982118606567383e-01,-9.999978542327880859e-01,-9.999940395355224609e-01,-9.999962449073791504e-01,9.999763369560241699e-01,-9.999936223030090332e-01
-9.999986290931701660e-01,9.999988675117492676e-01,9.999957084655761719e-01,-9.999977946281433105e-01,-9.999991059303283691e-01,9.999989867210388184e-01,-9.999958872795104980e-01,-9.999992847442626953e-01,9.999946355819702148e-01,-9.999988079071044922e-01,9.999990463256835938e-01,9.999991059303283691e-01,-9.999983310699462891e-01,-9.999988079071044922e-01,-9.999963641166687012e-01,-9.999950528144836426e-01,-9.999979734420776367e-01,9.999982714653015137e-01,-9.999939203262329102e-01,9.999992847442626953e-01,9.999991059303283691e-01,-9.999958872795104980e-01,-9.999988079071044922e-01,-9.999977946281433105e-01,-9.999917745590209961e-01,-9.999991059303283691e-01,9.999986290931701660e-01,9.999991655349731445e-01,-9.999935626983642578e-01,9.999974966049194336e-01,9.999927282333374023e-01,9.999984502792358398e-01,-9.999872446060180664e-01,-9.999958276748657227e-01,9.999983906745910645e-01,-9.999718666076660156e-01,-9.999991655349731445e-01,-9.999987483024597168e-01,-9.999878406524658203e-01,9.999991655349731445e-01,-9.999988675117492676e-01,-9.999922513961791992e-01,-9.999873042106628418e-01,-9.999991655349731445e-01,-9.999986290931701660e-01,-9.999983310699462891e-01,9.999949932098388672e-01,-9.999989271163940430e-01,-9.999989271163940430e-01,9.999988675117492676e-01,9.999990463256835938e-01,9.999988079071044922e-01,9.999989867210388184e-01,9.999948740005493164e-01,9.999988675117492676e-01,9.999985694885253906e-01,9.998473525047302246e-01,-9.999950528144836426e-01,-9.999954700469970703e-01,-9.999985694885253906e-01,9.999986886978149414e-01,-9.999991059303283691e-01,-9.999986886978149414e-01,-9.999964237213134766e-01,9.999951720237731934e-01,9.999991059303283691e-01,9.999993443489074707e-01,9.999966025352478027e-01,9.999991655349731445e-01,-9.999985098838806152e-01,9.999991655349731445e-01,-9.999967813491821289e-01,9.999945759773254395e-01,9.999951124191284180e-01,9.999891519546508789e-01,9.999987483024597168e-01,-9.999928474426269531e-01,-9.999991059303283691e-01,9.999952316284179688e-01,9.999962449073791504e-01,-9.999934434890747070e-01,-9.999980926513671875e-01,9.999990463256835938e-01,-9.999985694885253906e-01,9.999986290931701660e-01,9.999880194664001465e-01,9.998307228088378906e-01,-9.999991655349731445e-01,-9.999943375587463379e-01,-9.999920725822448730e-01,9.999949336051940918e-01,-9.999986886978149414e-01,9.999897480010986328e-01,9.999979138374328613e-01,-9.999980330467224121e-01,9.999982714653015137e-01,9.999896287918090820e-01,-9.999992251396179199e-01,9.999990463256835938e-01,-9.999979138374328613e-01,9.999974370002746582e-01,-9.999991059303283691e-01,-9.999599456787109375e-01,-9.999678730964660645e-01,-9.999989271163940430e-01,-9.999966621398925781e-01,9.999861121177673340e-01,9.999987483024597168e-01,9.999955296516418457e-01,-9.999988079071044922e-01,9.999988675117492676e-01,-9.999979734420776367e-01,9.999986886978149414e-01,9.999057650566101074e-01,-9.999992847442626953e-01,9.999974966049194336e-01,-9.999992847442626953e-01,9.999982714653015137e-01,9.999964833259582520e-01,9.999971985816955566e-01,9.999986886978149414e-01,-9.999974370002746582e-01,-9.999980330467224121e-01,9.999976158142089844e-01,9.999934434890747070e-01,9.999958872795104980e-01,-9.999743103981018066e-01,9.999929666519165039e-01
9.999944567680358887e-01,-9.999954104423522949e-01,-9.999819993972778320e-01,9.999909996986389160e-01,9.999963045120239258e-01,-9.999958872795104980e-01,9.999829530715942383e-01,9.999968409538269043e-01,-9.999773502349853516e-01,9.999950528144836426e-01,-9.999959468841552734e-01,-9.999963045120239258e-01,9.999932646751403809e-01,9.999948740005493164e-01,9.999850392341613770e-01,9.999790191650390625e-01,9.999918341636657715e-01,-9.999926090240478516e-01,9.999742507934570312e-01,-9.999969005584716797e-01,-9.999963641166687012e-01,9.999825358390808105e-01,9.999954700469970703e-01,9.999909996986389160e-01,9.999648928642272949e-01,9.999964237213134766e-01,-9.999940991401672363e-01,-9.999961853027343750e-01,9.999728798866271973e-01,-9.999896883964538574e-01,-9.999691843986511230e-01,-9.999936819076538086e-01,9.999455213546752930e-01,9.999829530715942383e-01,-9.999936223030090332e-01,9.998796582221984863e-01,9.999966025352478027e-01,9.999951720237731934e-01,9.999476075172424316e-01,-9.999963045120239258e-01,9.999955892562866211e-01,9.999670982360839844e-01,9.999457597732543945e-01,9.999965429306030273e-01,9.999943375587463379e-01,9.999933838844299316e-01,-9.999786019325256348e-01,9.999957084655761719e-01,9.999957084655761719e-01,-9.999951720237731934e-01,-9.999960064888000488e-01,-9.999954104423522949e-01,-9.999959468841552734e-01,-9.999782443046569824e-01,-9.999955296516418457e-01,-9.999938011169433594e-01,-9.993454217910766602e-01,9.999790191650390625e-01,9.999808073043823242e-01,9.999942779541015625e-01,-9.999948143959045410e-01,9.999963045120239258e-01,9.999946951866149902e-01,9.999855756759643555e-01,-9.999796152114868164e-01,-9.999962449073791504e-01,-9.999969005584716797e-01,-9.999856948852539062e-01,-9.999966621398925781e-01,9.999943375587463379e-01,-9.999961256980895996e-01,9.999867081642150879e-01,-9.999768137931823730e-01,-9.999796152114868164e-01,-9.999536871910095215e-01,-9.999949336051940918e-01,9.999697208404541016e-01,9.999959468841552734e-01,-9.999796748161315918e-01,-9.999845623970031738e-01,9.999717473983764648e-01,9.999921917915344238e-01,-9.999961256980895996e-01,9.999941587448120117e-01,-9.999945759773254395e-01,-9.999485611915588379e-01,-9.992746710777282715e-01,9.999965429306030273e-01,9.999758005142211914e-01,9.999664425849914551e-01,-9.999788403511047363e-01,9.999947547912597656e-01,-9.999562501907348633e-01,-9.999912977218627930e-01,9.999915361404418945e-01,-9.999930858612060547e-01,-9.999557137489318848e-01,9.999966621398925781e-01,-9.999960660934448242e-01,9.999914765357971191e-01,-9.999896883964538574e-01,9.999963045120239258e-01,9.998283982276916504e-01,9.998621940612792969e-01,9.999957680702209473e-01,9.999863505363464355e-01,-9.999406337738037109e-01,-9.999951124191284180e-01,-9.999812841415405273e-01,9.999952316284179688e-01,-9.999954700469970703e-01,9.999918937683105469e-01,-9.999943971633911133e-01,-9.995962977409362793e-01,9.999967813491821289e-01,-9.999896883964538574e-01,9.999967217445373535e-01,-9.999931454658508301e-01,-9.999852180480957031e-01,-9.999884963035583496e-01,-9.999947547912597656e-01,9.999898076057434082e-01,9.999920725822448730e-01,-9.999900460243225098e-01,-9.999721646308898926e-01,-9.999826550483703613e-01,9.998898506164550781e-01,-9.999701976776123047e-01
9.999990463256835938e-01,-9.999992251396179199e-01,-9.999966621398925781e-01,9.999983310699462891e-01,9.999993443489074707e-01,-9.999992847442626953e-01,9.999968409538269043e-01,9.999994635581970215e-01,-9.999958872795104980e-01,9.999990463256835938e-01,-9.999993443489074707e-01,-9.999992847442626953e-01,9.999987483024597168e-01,9.999992251396179199e-01,9.999973177909851074e-01,9.999961256980895996e-01,9.999985098838806152e-01,-9.999986290931701660e-01,9.999953508377075195e-01,-9.999994039535522461e-01,-9.999994039535522461e-01,9.999967813491821289e-01,9.999992251396179199e-01,9.999983310699462891e-01,9.999936223030090332e-01,9.999994039535522461e-01,-9.999989867210388184e-01,-9.999994039535522461e-01,9.999950528144836426e-01,-9.999982118606567383e-01,-9.999943375587463379e-01,-9.999989271163940430e-01,9.999901652336120605e-01,9.999968409538269043e-01,-9.999988079071044922e-01,9.999781847000122070e-01,9.999994039535522461e-01,9.999991655349731445e-01,9.999905228614807129e-01,-9.999994635581970215e-01,9.999992251396179199e-01,9.999940395355224609e-01,9.999901652336120605e-01,9.999994039535522461e-01,9.999989867210388184e-01,9.999988675117492676e-01,-9.999960660934448242e-01,9.999992847442626953e-01,9.999993443489074707e-01,-9.999992847442626953e-01,-9.999992251396179199e-01,-9.999992251396179199e-01,-9.999994039535522461e-01,-9.999959468841552734e-01,-9.999992251396179199e-01,-9.999989271163940430e-01,-9.998806715011596680e-01,9.999961256980895996e-01,9.999964833259582520e-01,9.999989271163940430e-01,-9.999991059303283691e-01,9.999994039535522461e-01,9.999991059303283691e-01,9.999972581863403320e-01,-9.999962449073791504e-01,-9.999993443489074707e-01,-9.999995231628417969e-01,-9.999974370002746582e-01,-9.999994039535522461e-01,9.999989867210388184e-01,-9.999993443489074707e-01,9.999975562095642090e-01,-9.999957680702209473e-01,-9.999962449073791504e-01,-9.999915361404418945e-01,-9.999991059303283691e-01,9.999945163726806641e-01,9.999994039535522461e-01,-9.999962449073791504e-01,-9.999972581863403320e-01,9.999949336051940918e-01,9.999985694885253906e-01,-9.999993443489074707e-01,9.999989867210388184e-01,-9.999990463256835938e-01,-9.999907016754150391e-01,-9.998678565025329590e-01,9.999994039535522461e-01,9.999956488609313965e-01,9.999939203262329102e-01,-9.999961256980895996e-01,9.999991059303283691e-01,-9.999920725822448730e-01,-9.999983906745910645e-01,9.999984502792358398e-01,-9.999988079071044922e-01,-9.999919533729553223e-01,9.999994635581970215e-01,-9.999994039535522461e-01,9.999984502792358398e-01,-9.999980926513671875e-01,9.999994635581970215e-01,9.999687671661376953e-01,9.999749064445495605e-01,9.999992847442626953e-01,9.999975562095642090e-01,-9.999892711639404297e-01,-9.999991655349731445e-01,-9.999965429306030273e-01,9.999991655349731445e-01,-9.999992847442626953e-01,9.999985098838806152e-01,-9.999990463256835938e-01,-9.999264478683471680e-01,9.999995231628417969e-01,-9.999980926513671875e-01,9.999995231628417969e-01,-9.999987483024597168e-01,-9.999972581863403320e-01,-9.999978542327880859e-01,-9.999991059303283691e-01,9.999980926513671875e-01,9.999984502792358398e-01,-9.999981522560119629e-01,-9.999949336051940918e-01,-9.999967813491821289e-01,9.999799728393554688e-01,-9.999945163726806641e-01
-9.999927878379821777e-01,9.999938607215881348e-01,9.999761581420898438e-01,-9.999880790710449219e-01,-9.999951124191284180e-01,9.999946355819702148e-01,-9.999773502349853516e-01,-9.999958872795104980e-01,9.999699592590332031e-01,-9.999935030937194824e-01,9.999948143959045410e-01,9.999953508377075195e-01,-9.999909996986389160e-01,-9.999933242797851562e-01,-9.999801516532897949e-01,-9.999720454216003418e-01,-9.999892115592956543e-01,9.999901652336120605e-01,-9.999657869338989258e-01,9.999960064888000488e-01,9.999953508377075195e-01,-9.999768137931823730e-01,-9.999940991401672363e-01,-9.999880790710449219e-01,-9.999533295631408691e-01,-9.999952316284179688e-01,9.999923110008239746e-01,9.999950528144836426e-01,-9.999638795852661133e-01,9.999862909317016602e-01,9.999590516090393066e-01,9.999917745590209961e-01,-9.999276399612426758e-01,-9.999772906303405762e-01,9.999914169311523438e-01,-9.998400807380676270e-01,-9.999955892562866211e-01,-9.999936819076538086e-01,-9.999303817749023438e-01,9.999951124191284180e-01,-9.999941587448120117e-01,-9.999561905860900879e-01,-9.999279975891113281e-01,-9.999954700469970703e-01,-9.999924302101135254e-01,-9.999911785125732422e-01,9.999715685844421387e-01,-9.999943375587463379e-01,-9.999942779541015625e-01,9.999935626983642578e-01,9.999948740005493164e-01,9.999939203262329102e-01,9.999946951866149902e-01,9.999710321426391602e-01,9.999940395355224609e-01,9.999917745590209961e-01,9.991298913955688477e-01,-9.999721050262451172e-01,-9.999745488166809082e-01,-9.999923706054687500e-01,9.999930858612060547e-01,-9.999952912330627441e-01,-9.999930858612060547e-01,-9.999809265136718750e-01,9.999728798866271973e-01,9.999951124191284180e-01,9.999960064888000488e-01,9.999809861183166504e-01,9.999955892562866211e-01,-9.999926090240478516e-01,9.999949336051940918e-01,-9.999822974205017090e-01,9.999691843986511230e-01,9.999729990959167480e-01,9.999384284019470215e-01,9.999933838844299316e-01,-9.999596476554870605e-01,-9.999946355819702148e-01,9.999730587005615234e-01,9.999796152114868164e-01,-9.999623894691467285e-01,-9.999896883964538574e-01,9.999949336051940918e-01,-9.999922513961791992e-01,9.999928474426269531e-01,9.999316334724426270e-01,9.990356564521789551e-01,-9.999955296516418457e-01,-9.999677538871765137e-01,-9.999553561210632324e-01,9.999719262123107910e-01,-9.999930262565612793e-01,9.999420046806335449e-01,9.999884963035583496e-01,-9.999887943267822266e-01,9.999908208847045898e-01,9.999410510063171387e-01,-9.999957680702209473e-01,9.999948740005493164e-01,-9.999886751174926758e-01,9.999864101409912109e-01,-9.999952912330627441e-01,-9.997720122337341309e-01,-9.998167753219604492e-01,-9.999943375587463379e-01,-9.999817013740539551e-01,9.999210834503173828e-01,9.999935030937194824e-01,9.999751448631286621e-01,-9.999937415122985840e-01,9.999939799308776855e-01,-9.999892115592956543e-01,9.999925494194030762e-01,9.994633197784423828e-01,-9.999958276748657227e-01,9.999862909317016602e-01,-9.999956488609313965e-01,9.999909400939941406e-01,9.999803900718688965e-01,9.999847412109375000e-01,9.999931454658508301e-01,-9.999864101409912109e-01,-9.999896287918090820e-01,9.999868273735046387e-01,9.999630451202392578e-01,9.999769926071166992e-01,-9.998536705970764160e-01,9.999604225158691406e-01
9.999983310699462891e-01,-9.999986886978149414e-01,-9.999948143959045410e-01,9.999973177909851074e-01,9.999988675117492676e-01,-9.999988079071044922e-01,9.999950528144836426e-01,9.999990463256835938e-01,-9.999935030937194824e-01,9.999985098838806152e-01,-9.999988079071044922e-01,-9.999989271163940430e-01,9.999980330467224121e-01,9.999985098838806152e-01,9.999957084655761719e-01,9.999939799308776855e-01,9.999975562095642090e-01,-9.999978542327880859e-01,9.999926686286926270e-01,-9.999991059303283691e-01,-9.999989271163940430e-01,9.999949932098388672e-01,9.999986886978149414e-01,9.999973177909851074e-01,9.999899268150329590e-01,9.999989867210388184e-01,-9.999982714653015137e-01,-9.999989271163940430e-01,9.999922513961791992e-01,-9.999970197677612305e-01,-9.999911189079284668e-01,-9.999982118606567383e-01,9.999844431877136230e-01,9.999951124191284180e-01,-9.999980330467224121e-01,9.999654293060302734e-01,9.999989867210388184e-01,9.999986290931701660e-01,9.999849200248718262e-01,-9.999989271163940430e-01,9.999986886978149414e-01,9.999905228614807129e-01,9.999843835830688477e-01,9.999989271163940430e-01,9.999983310699462891e-01,9.999979734420776367e-01,-9.999938607215881348e-01,9.999987483024597168e-01,9.999987483024597168e-01,-9.999985694885253906e-01,-9.999988079071044922e-01,-9.999986290931701660e-01,-9.999988675117492676e-01,-9.999937415122985840e-01,-9.999986290931701660e-01,-9.999982118606567383e-01,-9.998123645782470703e-01,9.999939799308776855e-01,9.999945163726806641e-01,9.999983310699462891e-01,-9.999983906745910645e-01,9.999989271163940430e-01,9.999985098838806152e-01,9.999957680702209473e-01,-9.999941587448120117e-01,-9.999988675117492676e-01,-9.999991655349731445e-01,-9.999958872795104980e-01,-9.999991059303283691e-01,9.999982714653015137e-01,-9.999989271163940430e-01,9.999961256980895996e-01,-9.999933838844299316e-01,-9.999940991401672363e-01,-9.999867677688598633e-01,-9.999985694885253906e-01,9.999912381172180176e-01,9.999988079071044922e-01,-9.999942183494567871e-01,-9.999955892562866211e-01,9.999918937683105469e-01,9.999976754188537598e-01,-9.999988079071044922e-01,9.999983310699462891e-01,-9.999984502792358398e-01,-9.999852776527404785e-01,-9.997919797897338867e-01,9.999991655349731445e-01,9.999930858612060547e-01,9.999903440475463867e-01,-9.999938607215881348e-01,9.999983906745910645e-01,-9.999875426292419434e-01,-9.999974370002746582e-01,9.999975562095642090e-01,-9.999979734420776367e-01,-9.999873042106628418e-01,9.999991059303283691e-01,-9.999988675117492676e-01,9.999974966049194336e-01,-9.999969601631164551e-01,9.999989271163940430e-01,9.999508261680603027e-01,9.999604225158691406e-01,9.999986886978149414e-01,9.999960064888000488e-01,-9.999829530715942383e-01,-9.999985098838806152e-01,-9.999945759773254395e-01,9.999986290931701660e-01,-9.999986290931701660e-01,9.999976158142089844e-01,-9.999983906745910645e-01,-9.998842477798461914e-01,9.999991059303283691e-01,-9.999970197677612305e-01,9.999991059303283691e-01,-9.999979138374328613e-01,-9.999957084655761719e-01,-9.999965429306030273e-01,-9.999983906745910645e-01,9.999969601631164551e-01,9.999976754188537598e-01,-9.999971389770507812e-01,-9.999920725822448730e-01,-9.999950528144836426e-01,9.999684095382690430e-01,-9.999914169311523438e-01
-9.999987483024597168e-01,9.999989271163940430e-01,9.999958276748657227e-01,-9.999978542327880859e-01,-9.999991059303283691e-01,9.999990463256835938e-01,-9.999959468841552734e-01,-9.999993443489074707e-01,9.999948143959045410e-01,-9.999988079071044922e-01,9.999990463256835938e-01,9.999991059303283691e-01,-9.999983310699462891e-01,-9.999987483024597168e-01,-9.999965429306030273e-01,-9.999951124191284180e-01,-9.999979734420776367e-01,9.999982714653015137e-01,-9.999940395355224609e-01,9.999992847442626953e-01,9.999991655349731445e-01,-9.999960064888000488e-01,-9.999989867210388184e-01,-9.999978542327880859e-01,-9.999918937683105469e-01,-9.999991059303283691e-01,9.999986290931701660e-01,9.999992847442626953e-01,-9.999936819076538086e-01,9.999974966049194336e-01,9.999928474426269531e-01,9.999984502792358398e-01,-9.999874830245971680e-01,-9.999958872795104980e-01,9.999983906745910645e-01,-9.999724030494689941e-01,-9.999991655349731445e-01,-9.999988079071044922e-01,-9.999880194664001465e-01,9.999992251396179199e-01,-9.999989867210388184e-01,-9.999924302101135254e-01,-9.999874830245971680e-01,-9.999992251396179199e-01,-9.999986290931701660e-01,-9.999984502792358398e-01,9.999951124191284180e-01,-9.999990463256835938e-01,-9.999990463256835938e-01,9.999988675117492676e-01,9.999991655349731445e-01,9.999988675117492676e-01,9.999991059303283691e-01,9.999949336051940918e-01,9.999989867210388184e-01,9.999985694885253906e-01,9.998495578765869141e-01,-9.999951720237731934e-01,-9.999955892562866211e-01,-9.999986886978149414e-01,9.999986886978149414e-01,-9.999992251396179199e-01,-9.999988079071044922e-01,-9.999965429306030273e-01,9.999952912330627441e-01,9.999991059303283691e-01,9.999993443489074707e-01,9.999966621398925781e-01,9.999991655349731445e-01,-9.999986290931701660e-01,9.999990463256835938e-01,-9.999967813491821289e-01,9.999946951866149902e-01,9.999952316284179688e-01,9.999893307685852051e-01,9.999987483024597168e-01,-9.999929666519165039e-01,-9.999991059303283691e-01,9.999952912330627441e-01,9.999964237213134766e-01,-9.999935030937194824e-01,-9.999980926513671875e-01,9.999990463256835938e-01,-9.999986290931701660e-01,9.999987483024597168e-01,9.999881982803344727e-01,9.998332262039184570e-01,-9.999992251396179199e-01,-9.999944567680358887e-01,-9.999921917915344238e-01,9.999949932098388672e-01,-9.999986886978149414e-01,9.999899864196777344e-01,9.999978542327880859e-01,-9.999979138374328613e-01,9.999983906745910645e-01,9.999897480010986328e-01,-9.999992251396179199e-01,9.999991655349731445e-01,-9.999979138374328613e-01,9.999975562095642090e-01,-9.999992251396179199e-01,-9.999605417251586914e-01,-9.999683499336242676e-01,-9.999990463256835938e-01,-9.999967813491821289e-01,9.999864101409912109e-01,9.999988675117492676e-01,9.999956488609313965e-01,-9.999989271163940430e-01,9.999988675117492676e-01,-9.999980330467224121e-01,9.999986886978149414e-01,9.999071955680847168e-01,-9.999992847442626953e-01,9.999976158142089844e-01,-9.999992847442626953e-01,9.999983310699462891e-01,9.999965429306030273e-01,9.999972581863403320e-01,9.999987483024597168e-01,-9.999975562095642090e-01,-9.999980926513671875e-01,9.999976754188537598e-01,9.999935030937194824e-01,9.999959468841552734e-01,-9.999746680259704590e-01,9.999930858612060547e-01
-9.999988675117492676e-01,9.999991059303283691e-01,9.999961256980895996e-01,-9.999980926513671875e-01,-9.999992847442626953e-01,9.999991059303283691e-01,-9.999963045120239258e-01,-9.999992847442626953e-01,9.999953508377075195e-01,-9.999989271163940430e-01,9.999991059303283691e-01,9.999992251396179199e-01,-9.999985098838806152e-01,-9.999989271163940430e-01,-9.999968409538269043e-01,-9.999955892562866211e-01,-9.999982714653015137e-01,9.999985098838806152e-01,-9.999946355819702148e-01,9.999994039535522461e-01,9.999992251396179199e-01,-9.999963641166687012e-01,-9.999991059303283691e-01,-9.999980926513671875e-01,-9.999926686286926270e-01,-9.999992251396179199e-01,9.999987483024597168e-01,9.999992847442626953e-01,-9.999943375587463379e-01,9.999978542327880859e-01,9.999935626983642578e-01,9.999986886978149414e-01,-9.999887943267822266e-01,-9.999964237213134766e-01,9.999985694885253906e-01,-9.999751448631286621e-01,-9.999992847442626953e-01,-9.999989271163940430e-01,-9.999892115592956543e-01,9.999992847442626953e-01,-9.999991059303283691e-01,-9.999932050704956055e-01,-9.999887347221374512e-01,-9.999993443489074707e-01,-9.999988079071044922e-01,-9.999986290931701660e-01,9.999955892562866211e-01,-9.999991655349731445e-01,-9.999991655349731445e-01,9.999990463256835938e-01,9.999991655349731445e-01,9.999991059303283691e-01,9.999992251396179199e-01,9.999954700469970703e-01,9.999991059303283691e-01,9.999986886978149414e-01,9.998646974563598633e-01,-9.999957084655761719e-01,-9.999960064888000488e-01,-9.999988079071044922e-01,9.999988675117492676e-01,-9.999992847442626953e-01,-9.999989271163940430e-01,-9.999969005584716797e-01,9.999957680702209473e-01,9.999992847442626953e-01,9.999994039535522461e-01,9.999970197677612305e-01,9.999993443489074707e-01,-9.999987483024597168e-01,9.999992251396179199e-01,-9.999971389770507812e-01,9.999952316284179688e-01,9.999957084655761719e-01,9.999904036521911621e-01,9.999988675117492676e-01,-9.999937415122985840e-01,-9.999992251396179199e-01,9.999957680702209473e-01,9.999967813491821289e-01,-9.999942779541015625e-01,-9.999982714653015137e-01,9.999991655349731445e-01,-9.999987483024597168e-01,9.999988675117492676e-01,9.999893903732299805e-01,9.998499751091003418e-01,-9.999994039535522461e-01,-9.999949932098388672e-01,-9.999930858612060547e-01,9.999955892562866211e-01,-9.999988079071044922e-01,9.999909996986389160e-01,9.999982118606567383e-01,-9.999982118606567383e-01,9.999985694885253906e-01,9.999908804893493652e-01,-9.999993443489074707e-01,9.999992251396179199e-01,-9.999982118606567383e-01,9.999977946281433105e-01,-9.999992847442626953e-01,-9.999645352363586426e-01,-9.999715685844421387e-01,-9.999991655349731445e-01,-9.999971389770507812e-01,9.999877810478210449e-01,9.999989867210388184e-01,9.999959468841552734e-01,-9.999990463256835938e-01,9.999991059303283691e-01,-9.999983310699462891e-01,9.999988079071044922e-01,9.999164938926696777e-01,-9.999993443489074707e-01,9.999978542327880859e-01,-9.999993443489074707e-01,9.999984502792358398e-01,9.999969005584716797e-01,9.999974966049194336e-01,9.999988675117492676e-01,-9.999977946281433105e-01,-9.999983906745910645e-01,9.999979138374328613e-01,9.999942779541015625e-01,9.999963641166687012e-01,-9.999772906303405762e-01,9.999937415122985840e-01
