3.458211123943328857e-01,-3.926199395209550858e-03,5.473731458187103271e-02,-9.361988306045532227e-02,2.273828536272048950e-01,-1.890418380498886108e-01,6.537450850009918213e-02,3.178108930587768555e-01,4.707100242376327515e-02,1.026381738483905792e-03,-1.415386497974395752e-01,-5.624118074774742126e-02,-1.345016956329345703e-01,-1.838652975857257843e-02,-1.473123859614133835e-02,8.608593791723251343e-02,4.238836467266082764e-03,9.520233608782291412e-03,8.298406004905700684e-02,2.794801257550716400e-02,-1.867806725203990936e-02,-8.653908967971801758e-02,-1.281792223453521729e-01,1.042013391852378845e-01,3.973550163209438324e-03,2.527128159999847412e-02,1.323175728321075439e-01,-2.434320598840713501e-01,-5.701101943850517273e-02,-9.781613200902938843e-02,-1.565016508102416992e-01,5.608822777867317200e-02,-4.977522045373916626e-02,-5.802176892757415771e-02,-1.035296265035867691e-02,3.782765194773674011e-02,-1.234394405037164688e-02,-7.021247409284114838e-03,-1.981651782989501953e-01,-2.405024170875549316e-01,1.773617416620254517e-01,9.781168401241302490e-02,-1.099757924675941467e-01,1.719355495879426599e-04,-4.486535489559173584e-02,2.057249546051025391e-01,-1.787371002137660980e-03,-9.405395388603210449e-02,4.388329386711120605e-02,5.270088836550712585e-02,-1.388443410396575928e-01,-8.861260116100311279e-02,2.066685408353805542e-01,-7.644975185394287109e-02,-2.716946788132190704e-02,-3.787686675786972046e-02,9.593917429447174072e-02,3.608915721997618675e-04,7.469535619020462036e-02,2.993213385343551636e-02,-6.553536653518676758e-02,-5.039528757333755493e-02,6.491382955573499203e-04,1.689515411853790283e-01,1.062582209706306458e-01,1.267416588962078094e-02,-1.844471096992492676e-01,9.748528152704238892e-02,6.993297021836042404e-03,2.246385365724563599e-01,-1.322208493947982788e-01,2.203370481729507446e-01,5.609822273254394531e-02,-2.104466967284679413e-02,-1.833724379539489746e-01,-1.273856908082962036e-01,1.151493168435990810e-03,-4.559883847832679749e-02,-1.094255819916725159e-01,-1.665747351944446564e-02,2.315876260399818420e-02,-5.020008393330499530e-05,-4.773811995983123779e-02,2.515897722332738340e-05,-2.712883055210113525e-01,1.201420128345489502e-01,1.410031169652938843e-01,3.947909281123429537e-04,-1.476969122886657715e-01,4.032438248395919800e-02,-1.479005068540573120e-01,1.129293069243431091e-01,9.049628674983978271e-02,-9.347318857908248901e-02,-4.763812571763992310e-02,-2.627519071102142334e-01,1.033511832356452942e-01,-2.820392728608567268e-05,-6.513082236051559448e-02,2.091164886951446533e-01,-1.197233945131301880e-01,1.954098939895629883e-01,2.436762489378452301e-02,-1.707807742059230804e-02,-9.045769274234771729e-02,2.081159651279449463e-01,8.783707022666931152e-02,9.362293779850006104e-02,-2.886044085025787354e-01,9.054902009665966034e-03,-6.945963948965072632e-02,1.410133540630340576e-01,2.787291631102561951e-02,-6.596387922763824463e-02,5.327442288398742676e-02,7.544062566012144089e-03,2.140782922506332397e-01,-9.082406014204025269e-02,-1.343673467636108398e-01,-3.411658108234405518e-02,-1.197946816682815552e-01,8.892790228128433228e-02,5.629314482212066650e-02,1.427254229784011841e-01,4.365968331694602966e-02,6.944492459297180176e-02,3.026611404493451118e-03,3.028895705938339233e-02
-3.926199395209550858e-03,1.524509582668542862e-02,-1.096478998661041260e-01,7.411718368530273438e-02,5.640632659196853638e-02,4.036078695207834244e-03,-3.922814968973398209e-03,4.018841683864593506e-02,4.851498827338218689e-02,5.241095274686813354e-02,-1.128340326249599457e-02,-4.773008823394775391e-02,9.122757613658905029e-02,7.364153116941452026e-02,1.041282117366790771e-01,1.146803572773933411e-01,-1.896143308840692043e-03,7.176076620817184448e-02,-8.752702176570892334e-02,-7.106693089008331299e-02,-7.335696369409561157e-02,7.306625694036483765e-02,7.747948914766311646e-02,-2.153705619275569916e-02,1.379201095551252365e-02,1.025940477848052979e-01,-1.065575033426284790e-01,-5.805778503417968750e-02,1.005687788128852844e-01,-6.148442160338163376e-03,2.745747007429599762e-02,-1.203091889619827271e-01,8.570232242345809937e-02,7.768590748310089111e-02,-3.961368929594755173e-03,-1.119066178798675537e-01,6.730578094720840454e-02,8.846218883991241455e-02,-6.947053968906402588e-02,-6.659185141324996948e-02,8.786976337432861328e-02,1.848880201578140259e-02,1.043669655919075012e-01,2.187584713101387024e-02,-2.851062268018722534e-02,-9.108296781778335571e-02,-1.007784977555274963e-01,-2.503314428031444550e-02,-3.248744411394000053e-03,9.452793747186660767e-03,1.301285810768604279e-02,-1.156263984739780426e-02,3.030161745846271515e-02,-1.181165280286222696e-04,-1.466649398207664490e-02,-1.217348277568817139e-01,2.190718613564968109e-02,6.280525587499141693e-03,-6.607537716627120972e-02,-8.386057615280151367e-02,-1.399822067469358444e-02,7.504316512495279312e-03,2.514739055186510086e-03,4.203974083065986633e-02,-6.496389396488666534e-03,-2.987938188016414642e-02,2.577034011483192444e-02,1.089172884821891785e-01,-1.060943976044654846e-01,4.096548259258270264e-02,-9.063074737787246704e-02,-3.120445646345615387e-02,-2.486755512654781342e-02,9.765388071537017822e-02,-3.416236490011215210e-02,-9.842769801616668701e-02,-8.844070835039019585e-04,1.214468032121658325e-01,-3.343475610017776489e-02,-9.695808589458465576e-02,1.109249889850616455e-01,2.882551634684205055e-04,-9.791752696037292480e-02,-1.267263782210648060e-03,-8.768482506275177002e-02,-1.008427888154983521e-01,6.230452656745910645e-02,2.372406655922532082e-03,7.411399483680725098e-02,6.945569813251495361e-02,-1.746724918484687805e-02,-3.264760226011276245e-02,-8.533998578786849976e-02,4.230269044637680054e-02,-9.263746440410614014e-02,-7.314917165786027908e-03,7.023954391479492188e-02,-1.407737454428570345e-05,-9.041226655244827271e-02,6.843075156211853027e-02,-3.179695084691047668e-02,5.078057199716567993e-02,-1.156039759516716003e-01,-8.735027909278869629e-02,1.241502836346626282e-01,1.651354134082794189e-02,-8.454104512929916382e-02,-9.723868221044540405e-02,-1.417819410562515259e-02,-4.614730365574359894e-03,7.403580844402313232e-02,-7.928089052438735962e-02,-9.949716925621032715e-02,3.418294712901115417e-03,1.114995777606964111e-01,-1.025250554084777832e-01,6.015070527791976929e-02,5.271071568131446838e-02,-1.092791780829429626e-01,4.252513125538825989e-02,6.958504021167755127e-02,8.278980106115341187e-02,9.274899959564208984e-02,-5.933104082942008972e-02,-5.640097334980964661e-02,-8.580313622951507568e-02,-1.654323423281311989e-04,8.118052035570144653e-02
5.473731458187103271e-02,-1.096478998661041260e-01,7.858886718750000000e-01,-6.188014745712280273e-01,-3.908656835556030273e-01,-1.128314360976219177e-01,1.023912057280540466e-02,-2.892717421054840088e-01,-3.167924284934997559e-01,-4.036811888217926025e-01,1.005477905273437500e-01,3.753745257854461670e-01,-6.229447722434997559e-01,-5.977097153663635254e-01,-7.532936930656433105e-01,-7.444200515747070312e-01,1.417039986699819565e-02,-5.366548895835876465e-01,6.627960801124572754e-01,5.737123489379882812e-01,5.272204875946044922e-01,-5.915187001228332520e-01,-6.335848569869995117e-01,1.731255799531936646e-01,-1.059290170669555664e-01,-6.528224349021911621e-01,7.350028157234191895e-01,3.705887496471405029e-01,-7.247364521026611328e-01,3.283311799168586731e-02,-2.088014781475067139e-01,8.084853291511535645e-01,-6.298454999923706055e-01,-6.502075195312500000e-01,3.153568506240844727e-02,7.533571124076843262e-01,-5.105569362640380859e-01,-6.663120388984680176e-01,4.425737559795379639e-01,5.304553508758544922e-01,-5.936458706855773926e-01,-1.462963968515396118e-01,-7.366295456886291504e-01,-1.743201911449432373e-01,1.949298530817031860e-01,6.517260074615478516e-01,7.497089505195617676e-01,1.973325312137603760e-01,4.421868920326232910e-02,-1.002976950258016586e-02,-1.098583936691284180e-01,1.270656883716583252e-01,-2.404420077800750732e-01,1.823662221431732178e-02,9.679417312145233154e-02,8.154773712158203125e-01,-2.010169625282287598e-01,-4.954650625586509705e-02,4.838250577449798584e-01,6.590522527694702148e-01,1.122555136680603027e-01,-7.014767825603485107e-02,-2.049735188484191895e-02,-2.823657989501953125e-01,6.296460330486297607e-02,2.238368242979049683e-01,-1.751002967357635498e-01,-7.310793995857238770e-01,7.451179623603820801e-01,-2.661451101303100586e-01,6.575465202331542969e-01,2.680347859859466553e-01,2.031514644622802734e-01,-7.258555889129638672e-01,2.194922566413879395e-01,6.914767622947692871e-01,5.818387027829885483e-03,-8.256089091300964355e-01,2.997453510761260986e-01,7.062667608261108398e-01,-7.871155738830566406e-01,-2.303602639585733414e-03,6.973409652709960938e-01,1.070860773324966431e-02,5.873664021492004395e-01,7.153679728507995605e-01,-4.610502123832702637e-01,-1.739881560206413269e-02,-5.151137113571166992e-01,-5.397788286209106445e-01,1.279661506414413452e-01,2.613282203674316406e-01,6.440284252166748047e-01,-3.399633765220642090e-01,6.771081686019897461e-01,4.945901781320571899e-02,-5.388890504837036133e-01,1.087792770704254508e-04,6.352080702781677246e-01,-4.796628654003143311e-01,2.776196599006652832e-01,-3.147049844264984131e-01,7.964041233062744141e-01,6.557008624076843262e-01,-8.248359560966491699e-01,-2.233686298131942749e-01,6.211341619491577148e-01,6.881349086761474609e-01,4.313047975301742554e-02,3.422579541802406311e-02,-5.687935948371887207e-01,6.449177265167236328e-01,7.305955886840820312e-01,-1.167096421122550964e-01,-7.700570821762084961e-01,7.270334959030151367e-01,-4.037525355815887451e-01,-4.263345599174499512e-01,7.568762302398681641e-01,-3.407832384109497070e-01,-5.296649336814880371e-01,-6.259782314300537109e-01,-6.838429570198059082e-01,4.396792054176330566e-01,4.853604435920715332e-01,6.567652225494384766e-01,-3.563635284081101418e-03,-6.363278031349182129e-01
-9.361988306045532227e-02,7.411718368530273438e-02,-6.188014745712280273e-01,6.343163847923278809e-01,1.678571552038192749e-01,1.794464737176895142e-01,-1.548129785805940628e-02,7.365322113037109375e-02,2.349504232406616211e-01,3.015390336513519287e-01,-1.363877952098846436e-01,-2.706999480724334717e-01,3.756369054317474365e-01,5.710986256599426270e-01,5.855841040611267090e-01,4.661166965961456299e-01,-8.723500184714794159e-03,4.050321280956268311e-01,-5.781137943267822266e-01,-4.455213248729705811e-01,-5.250676274299621582e-01,4.775079488754272461e-01,5.432944297790527344e-01,-1.230493783950805664e-01,7.977777719497680664e-02,3.536732196807861328e-01,-5.141788721084594727e-01,-8.377885818481445312e-02,4.819128513336181641e-01,1.014011129736900330e-01,1.430847793817520142e-01,-6.518446803092956543e-01,5.950083732604980469e-01,5.060179233551025391e-01,-9.134341031312942505e-03,-5.131309032440185547e-01,3.576315045356750488e-01,4.661443531513214111e-01,-1.102764680981636047e-01,-4.807256460189819336e-01,4.145584404468536377e-01,1.378440409898757935e-01,5.425808429718017578e-01,1.253113150596618652e-01,-1.999921202659606934e-01,-4.200507998466491699e-01,-6.155903339385986328e-01,-1.593799293041229248e-01,-4.620023816823959351e-02,2.878833003342151642e-02,1.172288656234741211e-01,-3.193885833024978638e-02,2.433207184076309204e-01,-3.750048205256462097e-02,5.346414446830749512e-02,-5.887414813041687012e-01,1.793813854455947876e-01,3.360470756888389587e-02,-3.780458867549896240e-01,-5.631655454635620117e-01,-1.217805966734886169e-01,1.258893162012100220e-01,2.060789987444877625e-02,1.550029814243316650e-01,-2.249145321547985077e-02,-1.595096141099929810e-01,1.383634507656097412e-01,4.715717434883117676e-01,-5.459344983100891113e-01,1.775732822716236115e-02,-4.304343461990356445e-01,-1.023034900426864624e-01,-2.332075387239456177e-01,5.757075548171997070e-01,-1.679764389991760254e-01,-5.074270367622375488e-01,-1.943260198459029198e-03,6.074572801589965820e-01,-3.939157128334045410e-01,-5.138681530952453613e-01,6.937357783317565918e-01,1.701999455690383911e-03,-4.435925781726837158e-01,-6.075208541005849838e-03,-3.863298296928405762e-01,-5.045118331909179688e-01,1.866235136985778809e-01,8.768334984779357910e-03,3.222210705280303955e-01,3.642653226852416992e-01,-7.822131365537643433e-02,-3.397642076015472412e-01,-5.731153488159179688e-01,3.467701077461242676e-01,-5.553992986679077148e-01,2.827010117471218109e-02,3.519392013549804688e-01,-7.075647590681910515e-05,-3.596433401107788086e-01,2.631354629993438721e-01,-1.444570571184158325e-01,1.389336492866277695e-02,-6.690742969512939453e-01,-4.442350566387176514e-01,6.639783382415771484e-01,3.116831183433532715e-01,-6.606147885322570801e-01,-4.787566065788269043e-01,1.352021694183349609e-01,-2.871150337159633636e-02,5.494532585144042969e-01,-6.184568405151367188e-01,-5.886105298995971680e-01,2.198256701231002808e-01,5.462059378623962402e-01,-5.331486463546752930e-01,1.294874846935272217e-01,3.070521652698516846e-01,-5.641132593154907227e-01,3.159276545047760010e-01,3.769027292728424072e-01,5.160675048828125000e-01,5.308987498283386230e-01,-3.669382035732269287e-01,-3.653526008129119873e-01,-5.322324633598327637e-01,-6.124189589172601700e-03,4.780285954475402832e-01
2.273828536272048950e-01,5.640632659196853638e-02,-3.908656835556030273e-01,1.678571552038192749e-01,4.455449581146240234e-01,-1.278295665979385376e-01,4.816121235489845276e-02,4.745615422725677490e-01,1.649972647428512573e-01,1.969594955444335938e-01,-1.127216443419456482e-01,-2.301340103149414062e-01,3.003561198711395264e-01,2.066929936408996582e-01,3.943681716918945312e-01,5.630430579185485840e-01,-5.547621287405490875e-03,2.846867740154266357e-01,-2.479832023382186890e-01,-2.411845773458480835e-01,-1.811336129903793335e-01,2.095223665237426758e-01,1.892420053482055664e-01,-1.195462886244058609e-02,5.304956063628196716e-02,4.696234464645385742e-01,-3.449224531650543213e-01,-4.780830144882202148e-01,4.312847554683685303e-01,-1.620260924100875854e-01,3.963573835790157318e-03,-4.019632935523986816e-01,2.249958813190460205e-01,2.768014967441558838e-01,-3.218753263354301453e-02,-4.369012117385864258e-01,2.588275372982025146e-01,3.565403521060943604e-01,-5.527687072753906250e-01,-3.891957700252532959e-01,4.664283692836761475e-01,1.213843151926994324e-01,3.463553786277770996e-01,9.034077078104019165e-02,-7.870484888553619385e-02,-2.666067481040954590e-01,-3.965378403663635254e-01,-1.565349549055099487e-01,1.079019904136657715e-02,3.997455537319183350e-02,-5.631876736879348755e-02,-1.784007549285888672e-01,2.074898630380630493e-01,-4.020281508564949036e-02,-1.519095450639724731e-01,-5.440530776977539062e-01,1.480330824851989746e-01,2.742110192775726318e-02,-1.838006228208541870e-01,-2.761280834674835205e-01,-6.879974156618118286e-02,-5.472007393836975098e-02,6.878658663481473923e-03,2.778508067131042480e-01,2.139262855052947998e-02,-1.070692241191864014e-01,-2.965801954269409180e-02,5.383124947547912598e-01,-4.073121547698974609e-01,4.018628299236297607e-01,-4.952403306961059570e-01,-6.362359225749969482e-02,3.798430552706122398e-03,3.611671030521392822e-01,-2.274877727031707764e-01,-4.766925871372222900e-01,-3.657866502180695534e-03,4.805039167404174805e-01,-1.186087206006050110e-01,-3.978899419307708740e-01,4.145608544349670410e-01,1.105968491174280643e-03,-4.734360277652740479e-01,-6.483065895736217499e-03,-5.572333335876464844e-01,-3.430627584457397461e-01,4.227593839168548584e-01,1.169473025947809219e-02,1.808829009532928467e-01,3.192949295043945312e-01,-1.863886564970016479e-01,4.289892688393592834e-02,-2.074854522943496704e-01,3.043525665998458862e-02,-3.708252310752868652e-01,-2.383477538824081421e-01,3.908648788928985596e-01,-7.746533083263784647e-05,-4.552927315235137939e-01,4.510701000690460205e-01,-2.547008693218231201e-01,4.332306683063507080e-01,-4.057109057903289795e-01,-3.762758374214172363e-01,4.160903692245483398e-01,1.704731285572052002e-01,-1.632055789232254028e-01,-3.405643999576568604e-01,-3.247908055782318115e-01,-6.922223605215549469e-03,1.439636796712875366e-01,-1.511979103088378906e-01,-3.600729405879974365e-01,-8.767670392990112305e-02,5.322604775428771973e-01,-3.953688144683837891e-01,4.643360972404479980e-01,1.618805378675460815e-01,-5.439698696136474609e-01,1.047721579670906067e-01,2.063811570405960083e-01,3.460387587547302246e-01,3.813996315002441406e-01,-9.852009266614913940e-02,-2.009588629007339478e-01,-2.548242509365081787e-01,2.370130037888884544e-03,3.391917049884796143e-01
-1.890418380498886108e-01,4.036078695207834244e-03,-1.128314360976219177e-01,1.794464737176895142e-01,-1.278295665979385376e-01,1.979980170726776123e-01,-1.796290650963783264e-02,-1.458474993705749512e-01,-5.659259855747222900e-02,2.672897279262542725e-02,4.897464811801910400e-02,-9.146129712462425232e-03,6.201615929603576660e-02,1.369064599275588989e-01,9.070871770381927490e-02,-2.734856680035591125e-02,-3.092287108302116394e-03,1.871069893240928650e-02,-1.046363115310668945e-01,-8.557143062353134155e-02,-3.766790404915809631e-02,1.207060888409614563e-01,1.688010990619659424e-01,-6.263412535190582275e-02,4.505938384681940079e-03,-6.011737883090972900e-02,-1.097125560045242310e-01,1.628797650337219238e-01,1.028482541441917419e-01,6.775024533271789551e-02,9.054480493068695068e-02,-9.049431979656219482e-02,8.831235766410827637e-02,1.462314873933792114e-01,2.194234635680913925e-03,-5.481293052434921265e-02,3.247154131531715393e-02,4.277823492884635925e-02,1.273596435785293579e-01,8.114163763821125031e-03,-9.585206210613250732e-02,-2.662857621908187866e-02,1.101620420813560486e-01,1.958573237061500549e-02,3.504712507128715515e-02,-1.472167074680328369e-01,-9.308230131864547729e-02,2.159347385168075562e-02,-5.615189671516418457e-02,-7.418727129697799683e-02,8.791988343000411987e-02,-1.016214117407798767e-02,-6.886909157037734985e-02,1.626178249716758728e-02,2.596728503704071045e-02,-5.565795302391052246e-02,-2.608020324259996414e-03,4.322854336351156235e-03,-4.502385482192039490e-02,-9.469038993120193481e-02,2.164508774876594543e-02,4.535296559333801270e-02,3.270369023084640503e-03,-1.216608732938766479e-01,-7.272797822952270508e-02,-1.321875303983688354e-02,9.270781278610229492e-02,-1.822005212306976318e-02,-4.932502284646034241e-02,-1.472847014665603638e-01,2.270705066621303558e-02,-1.786141693592071533e-01,-5.522293224930763245e-02,8.804863691329956055e-02,1.170686185359954834e-01,1.976681500673294067e-02,1.519930956419557333e-04,9.890245646238327026e-02,-2.566334977746009827e-02,-3.864117339253425598e-02,9.291184693574905396e-02,2.859952510334551334e-04,-2.038887701928615570e-02,-1.745458343066275120e-03,1.275010555982589722e-01,-1.016645282506942749e-01,-6.029764935374259949e-02,-7.704742893110960722e-05,4.143946990370750427e-02,1.595777645707130432e-02,7.004292309284210205e-02,-9.718640893697738647e-02,-1.069948822259902954e-01,9.547744691371917725e-02,-2.383109554648399353e-02,1.278540939092636108e-01,-1.648385310545563698e-03,5.681455149897374213e-06,1.714638061821460724e-02,-1.263280957937240601e-01,1.447614748030900955e-02,-1.615345478057861328e-01,-8.771184086799621582e-02,-2.697910740971565247e-02,9.956701844930648804e-02,2.632287517189979553e-02,-1.351238936185836792e-01,-6.757491081953048706e-02,2.194228023290634155e-01,-5.316622555255889893e-03,1.166416332125663757e-01,-1.939948052167892456e-01,-8.512210845947265625e-02,1.252455562353134155e-01,4.311373084783554077e-02,-4.565661028027534485e-02,-1.214819923043251038e-01,8.666669577360153198e-02,-2.649162430316209793e-03,5.901639908552169800e-02,8.718034625053405762e-02,1.643596030771732330e-02,3.286833688616752625e-02,-9.396126121282577515e-02,-1.101096197962760925e-01,-9.231671690940856934e-02,5.537397228181362152e-04,4.703491926193237305e-02
6.537450850009918213e-02,-3.922814968973398209e-03,1.023912057280540466e-02,-1.548129785805940628e-02,4.816121235489845276e-02,-1.796290650963783264e-02,6.902138888835906982e-02,7.900381088256835938e-02,-3.906971216201782227e-02,5.065691191703081131e-03,-6.085417047142982483e-02,1.324013806879520416e-03,-5.934402719140052795e-02,-5.332584679126739502e-02,-2.785260230302810669e-02,-1.360723655670881271e-02,9.404840529896318913e-04,-1.483040116727352142e-02,-6.772667635232210159e-03,1.714404090307652950e-03,2.540884166955947876e-02,-3.832135722041130066e-02,-3.613296151161193848e-02,3.115636855363845825e-02,-4.973761970177292824e-04,-1.968377828598022461e-02,5.624171346426010132e-02,-3.203820809721946716e-02,-1.126976800151169300e-03,-5.601520836353302002e-02,-3.281113505363464355e-02,4.145570099353790283e-02,3.711594035848975182e-04,-2.382349921390414238e-03,-1.050556078553199768e-03,5.261850357055664062e-02,-1.376614067703485489e-02,-1.898141228593885899e-03,-4.277699440717697144e-02,-5.084492638707160950e-02,3.829604387283325195e-02,2.401508577167987823e-02,-4.375329613685607910e-02,-1.116081839427351952e-03,-3.330902755260467529e-02,5.880873277783393860e-02,-3.877735696732997894e-03,-1.204265654087066650e-02,2.574390545487403870e-02,7.571113761514425278e-03,-1.931297592818737030e-02,-3.367065638303756714e-02,4.335444793105125427e-02,-3.704940900206565857e-03,-5.044254474341869354e-03,7.320071570575237274e-03,1.286536455154418945e-02,-7.702130242250859737e-04,-1.020338735543191433e-03,2.323463186621665955e-02,-2.566094696521759033e-02,-1.089161634445190430e-02,-6.504927296191453934e-04,6.903056055307388306e-02,2.571332268416881561e-02,5.381751339882612228e-03,-7.188721746206283569e-02,5.802564788609743118e-03,2.560233883559703827e-02,5.428359284996986389e-02,-4.316769167780876160e-02,5.431991070508956909e-02,2.847719006240367889e-02,-2.386236749589443207e-02,-4.148035123944282532e-02,-3.504003584384918213e-02,6.153879221528768539e-04,-1.079892925918102264e-02,-2.496563456952571869e-02,1.564293354749679565e-02,1.011143904179334641e-03,-8.512377826264128089e-05,-1.158613897860050201e-02,-8.754178998060524464e-04,-5.966255068778991699e-02,4.461340233683586121e-02,6.595994532108306885e-02,-5.452664336189627647e-04,-5.744796246290206909e-02,8.478246629238128662e-03,-4.845532774925231934e-02,3.771121427416801453e-02,3.170348331332206726e-02,-3.959741443395614624e-02,-1.655783504247665405e-02,-6.455884873867034912e-02,2.464399300515651703e-02,-1.050116043188609183e-05,4.907320253551006317e-03,5.275036767125129700e-02,-3.996377065777778625e-02,6.094200909137725830e-02,3.045289777219295502e-02,3.441693726927042007e-03,-2.497693931218236685e-04,9.837429225444793701e-02,1.944787427783012390e-02,4.822207614779472351e-02,-8.537945151329040527e-02,3.031431464478373528e-03,-8.303056657314300537e-02,1.205730531364679337e-02,2.909790724515914917e-02,2.182485349476337433e-02,1.067250408232212067e-02,-4.060077480971813202e-04,1.357651874423027039e-02,-4.853195976465940475e-03,-3.610442206263542175e-02,-1.701332442462444305e-02,-2.202847786247730255e-02,2.208758518099784851e-02,-6.330496165901422501e-03,5.851839110255241394e-02,2.265911921858787537e-02,1.978284120559692383e-02,5.980728310532867908e-04,2.968548052012920380e-02
3.178108930587768555e-01,4.018841683864593506e-02,-2.892717421054840088e-01,7.365322113037109375e-02,4.745615422725677490e-01,-1.458474993705749512e-01,7.900381088256835938e-02,6.208708286285400391e-01,8.433921635150909424e-02,1.463603526353836060e-01,-1.000141054391860962e-01,-2.313866913318634033e-01,1.980848759412765503e-01,1.421520262956619263e-01,3.215260207653045654e-01,5.166636109352111816e-01,-2.408701693639159203e-03,2.034150958061218262e-01,-1.219348534941673279e-01,-1.811697185039520264e-01,-2.613920345902442932e-02,1.601980775594711304e-01,9.525448828935623169e-02,1.358167501166462898e-03,4.299632459878921509e-02,4.022520482540130615e-01,-2.358763962984085083e-01,-5.326096415519714355e-01,4.045664370059967041e-01,-2.117209434509277344e-01,-6.075096130371093750e-02,-2.744237184524536133e-01,6.311226636171340942e-02,2.590439021587371826e-01,-4.397491738200187683e-02,-3.667208254337310791e-01,2.085521668195724487e-01,3.005935847759246826e-01,-6.393603682518005371e-01,-4.002466499805450439e-01,4.155578017234802246e-01,1.147413402795791626e-01,2.309858798980712891e-01,8.152123540639877319e-02,1.791951805353164673e-02,-1.919588893651962280e-01,-3.202913105487823486e-01,-1.615119129419326782e-01,8.842503651976585388e-03,-5.213321000337600708e-02,-1.185866370797157288e-01,-2.696445882320404053e-01,2.013006508350372314e-01,-8.438140898942947388e-02,-2.121390700340270996e-01,-4.840733706951141357e-01,1.825559586286544800e-01,2.666018716990947723e-02,-4.205689206719398499e-02,-1.921242624521255493e-01,-5.821390450000762939e-02,-1.082518622279167175e-01,3.116564359515905380e-03,2.385963350534439087e-01,2.885365299880504608e-02,-7.782556861639022827e-02,-1.293775290250778198e-01,4.893735051155090332e-01,-3.355183005332946777e-01,4.714676439762115479e-01,-4.956123530864715576e-01,-9.657677263021469116e-02,7.164374738931655884e-02,3.057785332202911377e-01,-1.801784336566925049e-01,-4.086987972259521484e-01,-3.099110908806324005e-03,4.014317095279693604e-01,-7.374470680952072144e-02,-3.385622203350067139e-01,3.146435320377349854e-01,1.012126915156841278e-03,-4.427107572555541992e-01,-6.802932359278202057e-03,-5.451811552047729492e-01,-2.507867217063903809e-01,4.591871201992034912e-01,1.203823462128639221e-02,5.755054205656051636e-02,3.093414902687072754e-01,-2.053514271974563599e-01,1.877978146076202393e-01,-7.510034739971160889e-02,-6.412152200937271118e-02,-2.864107191562652588e-01,-3.334955275058746338e-01,3.760311901569366455e-01,-8.026461728150025010e-05,-4.480604529380798340e-01,4.587382376194000244e-01,-3.335280120372772217e-01,5.084690451622009277e-01,-2.965957224369049072e-01,-3.366141319274902344e-01,2.710090279579162598e-01,2.093391865491867065e-01,1.792074739933013916e-02,-2.534508705139160156e-01,-4.132401943206787109e-01,3.499415237456560135e-03,3.687036037445068359e-02,-3.575776889920234680e-02,-2.789073884487152100e-01,-8.678354322910308838e-02,4.827292263507843018e-01,-3.033448755741119385e-01,5.310354232788085938e-01,1.243995204567909241e-01,-5.017905235290527344e-01,3.591381758451461792e-02,1.146141886711120605e-01,2.839930951595306396e-01,2.964048981666564941e-01,3.984106704592704773e-02,-2.035056501626968384e-01,-1.507047265768051147e-01,1.602272689342498779e-02,2.870218157768249512e-01
4.707100242376327515e-02,4.851498827338218689e-02,-3.167924284934997559e-01,2.349504232406616211e-01,1.649972647428512573e-01,-5.659259855747222900e-02,-3.906971216201782227e-02,8.433921635150909424e-02,2.767527699470520020e-01,1.791214048862457275e-01,-9.849444031715393066e-02,-1.619031280279159546e-01,2.303070873022079468e-01,2.562290430068969727e-01,3.178227245807647705e-01,3.485107123851776123e-01,-2.416351810097694397e-03,2.262752950191497803e-01,-3.097139596939086914e-01,-2.260133326053619385e-01,-3.750184178352355957e-01,2.278749942779541016e-01,2.019228041172027588e-01,-6.058556213974952698e-02,5.277923867106437683e-02,3.383327424526214600e-01,-2.891609370708465576e-01,-1.583964079618453979e-01,2.072499990463256836e-01,3.776187077164649963e-02,3.169360756874084473e-02,-4.222394227981567383e-01,3.413761258125305176e-01,1.984607279300689697e-01,-3.127181902527809143e-03,-3.318893015384674072e-01,2.151566594839096069e-01,2.732835114002227783e-01,-1.296027302742004395e-01,-2.639715671539306641e-01,3.641687631607055664e-01,9.628533571958541870e-02,2.724636793136596680e-01,5.899871140718460083e-02,-1.957624703645706177e-01,-1.881773471832275391e-01,-2.998324036598205566e-01,-1.009891778230667114e-01,3.576714918017387390e-02,7.277750968933105469e-02,3.570856992155313492e-03,6.369718909263610840e-02,2.039432376623153687e-01,-4.136684909462928772e-02,3.891044482588768005e-02,-3.415035903453826904e-01,9.275295585393905640e-02,1.709104329347610474e-02,-2.226870954036712646e-01,-2.836296558380126953e-01,-1.016141250729560852e-01,6.995700299739837646e-02,1.077831070870161057e-02,2.193547189235687256e-01,5.687869340181350708e-02,-1.012921482324600220e-01,2.795295976102352142e-02,3.220009207725524902e-01,-3.492254912853240967e-01,9.969143569469451904e-02,-2.706446945667266846e-01,1.068940684199333191e-01,-1.469619572162628174e-01,3.175684213638305664e-01,-2.037751674652099609e-01,-3.325305283069610596e-01,-1.806577085517346859e-03,3.381443619728088379e-01,-2.044291943311691284e-01,-3.252273499965667725e-01,3.952424526214599609e-01,8.741886122152209282e-04,-2.499732375144958496e-01,-1.126263639889657497e-03,-3.305611312389373779e-01,-2.645798027515411377e-01,1.312799602746963501e-01,5.771260242909193039e-03,2.611335217952728271e-01,2.217763215303421021e-01,-7.174328714609146118e-02,-1.705918908119201660e-01,-3.207486569881439209e-01,1.907794773578643799e-01,-3.508070111274719238e-01,-4.016959294676780701e-02,1.673784703016281128e-01,-4.669174813898280263e-05,-2.576563954353332520e-01,2.568696737289428711e-01,-6.769361346960067749e-02,1.490525007247924805e-01,-4.082579910755157471e-01,-2.700455486774444580e-01,4.060507416725158691e-01,8.814057707786560059e-02,-3.621057569980621338e-01,-2.826936841011047363e-01,-7.124292105436325073e-02,-2.065729908645153046e-02,3.340907394886016846e-01,-2.602711319923400879e-01,-3.310289978981018066e-01,4.664210602641105652e-02,2.837151885032653809e-01,-3.413572609424591064e-01,1.439427435398101807e-01,1.317078173160552979e-01,-3.528738915920257568e-01,1.687558144330978394e-01,1.672642230987548828e-01,3.319920599460601807e-01,3.134957551956176758e-01,-1.890410184860229492e-01,-1.453938633203506470e-01,-3.042316138744354248e-01,6.342319305986166000e-03,2.545613050460815430e-01
1.026381738483905792e-03,5.241095274686813354e-02,-4.036811888217926025e-01,3.015390336513519287e-01,1.969594955444335938e-01,2.672897279262542725e-02,5.065691191703081131e-03,1.463603526353836060e-01,1.791214048862457275e-01,2.016248703002929688e-01,-8.040614426136016846e-02,-1.811072081327438354e-01,2.907319962978363037e-01,2.847515344619750977e-01,3.805852830410003662e-01,3.992332220077514648e-01,-5.790763534605503082e-03,2.557046115398406982e-01,-3.496695756912231445e-01,-2.757527530193328857e-01,-3.014664053916931152e-01,2.710588574409484863e-01,2.874519824981689453e-01,-7.464563101530075073e-02,5.355409160256385803e-02,3.492536842823028564e-01,-3.635809421539306641e-01,-1.831767261028289795e-01,3.546717166900634766e-01,-1.724626682698726654e-02,8.098893612623214722e-02,-4.451248049736022949e-01,3.449750244617462158e-01,3.061473965644836426e-01,-1.233702711760997772e-02,-3.854582309722900391e-01,2.443040013313293457e-01,3.260076344013214111e-01,-2.213536053895950317e-01,-2.877831459045410156e-01,3.392409980297088623e-01,8.548114448785781860e-02,3.585008680820465088e-01,8.051759749650955200e-02,-1.358454972505569458e-01,-3.017267286777496338e-01,-3.831094503402709961e-01,-1.007284447550773621e-01,8.335810271091759205e-04,2.220999822020530701e-02,3.985574096441268921e-02,-3.756294026970863342e-02,1.538737416267395020e-01,-1.663331501185894012e-02,-2.546516619622707367e-02,-4.387386739253997803e-01,1.009293273091316223e-01,2.275887504220008850e-02,-2.429846674203872681e-01,-3.205657601356506348e-01,-7.669293135404586792e-02,4.387999698519706726e-02,1.031028851866722107e-02,1.838108301162719727e-01,-3.195952856913208961e-03,-1.095999628305435181e-01,5.446324869990348816e-02,3.838261365890502930e-01,-3.859576880931854248e-01,1.336968690156936646e-01,-3.426203131675720215e-01,-6.431405991315841675e-02,-1.094156131148338318e-01,3.666257858276367188e-01,-1.446627080440521240e-01,-3.726151287555694580e-01,-2.463166601955890656e-03,4.426896274089813232e-01,-1.714616864919662476e-01,-3.602625131607055664e-01,4.410074949264526367e-01,1.069520832970738411e-03,-3.450989723205566406e-01,-4.545021336525678635e-03,-3.363483846187591553e-01,-3.451542556285858154e-01,2.221238613128662109e-01,7.822145707905292511e-03,2.495058923959732056e-01,2.619236707687377930e-01,-7.769778370857238770e-02,-1.368830800056457520e-01,-3.280011713504791260e-01,1.692219227552413940e-01,-3.666867017745971680e-01,-3.953876346349716187e-02,2.484474927186965942e-01,-5.556440373766236007e-05,-3.116230964660644531e-01,2.587093710899353027e-01,-1.308820843696594238e-01,1.723513007164001465e-01,-4.368565082550048828e-01,-3.188460767269134521e-01,4.706823527812957764e-01,1.332074701786041260e-01,-3.526896536350250244e-01,-3.339061737060546875e-01,-5.124509707093238831e-02,-1.784057356417179108e-02,2.886231541633605957e-01,-3.255848288536071777e-01,-3.710557520389556885e-01,6.875832378864288330e-02,3.991824984550476074e-01,-3.830431401729583740e-01,1.864985525608062744e-01,1.964842677116394043e-01,-4.186795651912689209e-01,1.695053279399871826e-01,2.383029460906982422e-01,3.348461985588073730e-01,3.468767404556274414e-01,-2.007389664649963379e-01,-2.150867432355880737e-01,-3.294636905193328857e-01,3.153374185785651207e-03,3.157925903797149658e-01
-1.415386497974395752e-01,-1.128340326249599457e-02,1.005477905273437500e-01,-1.363877952098846436e-01,-1.127216443419456482e-01,4.897464811801910400e-02,-6.085417047142982483e-02,-1.000141054391860962e-01,-9.849444031715393066e-02,-8.040614426136016846e-02,1.873975545167922974e-01,7.025948166847229004e-02,6.084128469228744507e-02,-8.673604577779769897e-02,-8.815811574459075928e-02,-7.167081534862518311e-02,-2.431765664368867874e-03,-8.344637602567672729e-02,1.617931425571441650e-01,8.903738111257553101e-02,2.133599370718002319e-01,-4.417609795928001404e-02,-3.626725077629089355e-02,-4.178215190768241882e-02,-2.361907437443733215e-02,-4.375866055488586426e-02,-1.521192118525505066e-02,4.733286052942276001e-02,-2.734630368649959564e-03,3.886633494403213263e-04,7.512082904577255249e-02,1.195385977625846863e-01,-2.014628797769546509e-01,-5.680842697620391846e-02,-5.288753658533096313e-03,1.304054167121648788e-02,-5.778240412473678589e-02,-8.815308660268783569e-02,6.514287670142948627e-04,2.486783862113952637e-01,-2.278069406747817993e-01,-1.082011684775352478e-01,-1.123461220413446426e-02,-1.772107556462287903e-02,1.807609796524047852e-01,-1.005852818489074707e-01,1.395638436079025269e-01,8.423539996147155762e-02,-5.622282624244689941e-02,-8.057267218828201294e-02,3.845132887363433838e-02,-2.414436824619770050e-02,-2.231259196996688843e-01,5.515795201063156128e-02,-8.572985976934432983e-02,8.910091221332550049e-02,-8.757527172565460205e-02,-3.879754338413476944e-03,9.607745707035064697e-02,1.166494265198707581e-01,1.107566356658935547e-01,-4.981252923607826233e-02,-6.810768973082304001e-03,-1.994691044092178345e-01,-1.012495234608650208e-01,3.081301972270011902e-02,1.080905497074127197e-01,-1.005683019757270813e-01,8.714544773101806641e-02,-5.874500423669815063e-02,1.447119563817977905e-01,-2.514131367206573486e-01,6.527302414178848267e-02,-9.843364357948303223e-02,1.937600374221801758e-01,1.924120932817459106e-01,-1.529935048893094063e-03,-7.432156801223754883e-02,2.337530255317687988e-01,1.038428172469139099e-01,-2.072482556104660034e-01,-2.154626999981701374e-04,6.343918293714523315e-02,-2.134940878022462130e-04,2.315116822719573975e-01,-3.985984716564416885e-03,-6.699259579181671143e-02,5.830071168020367622e-04,1.332896854728460312e-02,-8.634810894727706909e-02,1.140684634447097778e-01,9.140311926603317261e-02,1.248268187046051025e-01,-6.741745024919509888e-02,1.984527260065078735e-01,1.073261052370071411e-01,-8.992540836334228516e-02,3.106995063717477024e-05,4.250366985797882080e-02,-1.716534346342086792e-01,5.278773233294487000e-02,-5.593247711658477783e-02,1.476641446352005005e-01,8.284348994493484497e-02,-1.476504057645797729e-01,-2.693458497524261475e-01,2.191544026136398315e-01,1.201268751174211502e-02,1.109204217791557312e-01,6.110587622970342636e-03,-9.260205179452896118e-02,1.235274225473403931e-01,1.130802482366561890e-01,-9.118790179491043091e-02,-9.483838826417922974e-02,1.275215595960617065e-01,-1.537452451884746552e-02,-2.006475813686847687e-02,1.919032484292984009e-01,-7.988104969263076782e-02,-2.975041046738624573e-03,-2.070148885250091553e-01,-1.367191523313522339e-01,8.108113892376422882e-03,1.297054998576641083e-02,1.114024668931961060e-01,1.830232562497258186e-03,-1.428969204425811768e-01
-5.624118074774742126e-02,-4.773008823394775391e-02,3.753745257854461670e-01,-2.706999480724334717e-01,-2.301340103149414062e-01,-9.146129712462425232e-03,1.324013806879520416e-03,-2.313866913318634033e-01,-1.619031280279159546e-01,-1.811072081327438354e-01,7.025948166847229004e-02,1.985429227352142334e-01,-2.592734396457672119e-01,-2.921481132507324219e-01,-3.767757415771484375e-01,-4.188989996910095215e-01,4.230782389640808105e-03,-2.365511804819107056e-01,2.900286614894866943e-01,2.535610496997833252e-01,2.481557875871658325e-01,-2.657902240753173828e-01,-2.583641409873962402e-01,6.704965233802795410e-02,-5.075832828879356384e-02,-3.375698924064636230e-01,3.336895406246185303e-01,2.322059124708175659e-01,-3.582557737827301025e-01,2.536944858729839325e-02,-4.496637731790542603e-02,4.149136543273925781e-01,-2.745748758316040039e-01,-3.032237291336059570e-01,1.954559795558452606e-02,3.882569968700408936e-01,-2.320443391799926758e-01,-3.116942048072814941e-01,2.877562642097473145e-01,3.189808130264282227e-01,-3.344967663288116455e-01,-8.887957036495208740e-02,-3.262717723846435547e-01,-8.030084520578384399e-02,8.150571584701538086e-02,2.768603265285491943e-01,3.698768615722656250e-01,1.153124719858169556e-01,1.142661925405263901e-02,1.644852943718433380e-02,-8.054886711761355400e-04,8.506619185209274292e-02,-1.621676832437515259e-01,4.637573286890983582e-02,5.678811296820640564e-02,4.477699398994445801e-01,-1.307996809482574463e-01,-2.389173395931720734e-02,1.727773696184158325e-01,3.018677532672882080e-01,6.931959092617034912e-02,-1.710589602589607239e-02,-9.417864494025707245e-03,-1.541601866483688354e-01,-1.991082215681672096e-03,9.949696809053421021e-02,-2.114592492580413818e-02,-3.931694626808166504e-01,3.753041326999664307e-01,-1.761565506458282471e-01,3.579332232475280762e-01,8.328181505203247070e-02,8.437842130661010742e-02,-3.662537336349487305e-01,1.288134753704071045e-01,3.598009645938873291e-01,2.329780021682381630e-03,-4.303140640258789062e-01,1.642222404479980469e-01,3.598818182945251465e-01,-4.216033816337585449e-01,-1.105452189221978188e-03,3.480731248855590820e-01,4.541440401226282120e-03,3.602548837661743164e-01,3.233212530612945557e-01,-2.305759191513061523e-01,-8.498466573655605316e-03,-1.975301802158355713e-01,-2.667940855026245117e-01,8.805525302886962891e-02,7.881575822830200195e-02,2.789064049720764160e-01,-1.364965587854385376e-01,3.389460444450378418e-01,9.133215248584747314e-02,-2.559519112110137939e-01,5.710315235774032772e-05,3.322941064834594727e-01,-2.741881608963012695e-01,1.696071028709411621e-01,-2.063020467758178711e-01,4.197011590003967285e-01,3.146778047084808350e-01,-4.104517102241516113e-01,-1.491802334785461426e-01,2.783986628055572510e-01,3.148741424083709717e-01,8.875615149736404419e-02,1.332675386220216751e-02,-2.743333280086517334e-01,2.712207138538360596e-01,3.608456850051879883e-01,-5.407508462667465210e-02,-4.062989056110382080e-01,3.532934188842773438e-01,-2.487854361534118652e-01,-1.758313030004501343e-01,4.251835942268371582e-01,-1.470855921506881714e-01,-1.988561153411865234e-01,-3.208477199077606201e-01,-3.316152989864349365e-01,1.525456160306930542e-01,2.309948354959487915e-01,2.914195358753204346e-01,-9.178253822028636932e-03,-2.925982773303985596e-01
