5.042813420295715332e-01,-1.142799295485019684e-02,9.184952080249786377e-02,-1.767704784870147705e-01,1.608319729566574097e-01,-1.910685896873474121e-01,1.314167827367782593e-01,4.276167750358581543e-01,6.861663609743118286e-02,-2.308442024514079094e-03,-1.327130645513534546e-01,-6.054761819541454315e-03,-7.929251343011856079e-02,-5.778490006923675537e-02,4.309469088912010193e-02,1.127123553305864334e-02,6.644424051046371460e-03,-1.043312773108482361e-01,2.116549760103225708e-01,7.153211534023284912e-02,3.221229463815689087e-02,-1.386594027280807495e-01,-1.751720607280731201e-01,8.657460659742355347e-02,-9.362152777612209320e-03,-8.923756331205368042e-02,1.862967163324356079e-01,-2.154042124748229980e-01,-1.078712865710258484e-01,-1.773450672626495361e-01,-2.025429904460906982e-01,1.189633533358573914e-01,-1.284864842891693115e-01,-9.422143548727035522e-02,-2.818028442561626434e-02,9.012150019407272339e-02,-6.818309426307678223e-02,-6.349315866827964783e-03,-3.035020828247070312e-01,-2.040525078773498535e-01,1.622110456228256226e-01,6.862322986125946045e-02,-2.483084499835968018e-01,-1.165524311363697052e-02,-1.590656861662864685e-02,1.229479387402534485e-01,-2.474831044673919678e-02,-6.445710361003875732e-02,9.235778450965881348e-02,5.553571134805679321e-02,-1.799227595329284668e-01,7.574636489152908325e-03,1.953500211238861084e-01,-5.877724662423133850e-02,-1.321384757757186890e-01,-6.126596592366695404e-03,1.696118898689746857e-02,-5.169616197235882282e-04,1.451479736715555191e-03,6.433659046888351440e-02,3.905772417783737183e-02,-7.464352995157241821e-02,-5.208810907788574696e-04,1.163115054368972778e-01,3.273204714059829712e-02,3.139944002032279968e-02,-2.128820270299911499e-01,5.657655745744705200e-02,4.049484804272651672e-02,1.832110583782196045e-01,-1.324361711740493774e-01,1.350599974393844604e-01,1.032003983855247498e-01,1.085478439927101135e-02,-1.000865101814270020e-01,5.376267712563276291e-03,-1.504165993537753820e-04,-6.565824151039123535e-02,-7.992926239967346191e-02,4.525561630725860596e-02,-1.355842053890228271e-01,-5.122566362842917442e-04,-1.383108794689178467e-01,-4.560463130474090576e-03,-2.308097034692764282e-01,1.014515012502670288e-01,2.333824783563613892e-01,-4.188448190689086914e-03,-1.334311664104461670e-01,2.546118758618831635e-02,-1.292774677276611328e-01,1.250325143337249756e-01,2.513414919376373291e-01,-2.352010458707809448e-01,5.429109558463096619e-02,-3.293105959892272949e-01,7.917836308479309082e-02,-8.163627353496849537e-05,-7.175949960947036743e-02,3.108060657978057861e-01,-7.206362485885620117e-02,3.387334346771240234e-01,1.087878271937370300e-01,1.516381930559873581e-02,-1.429421901702880859e-01,2.191870510578155518e-01,2.477382123470306396e-01,2.056949287652969360e-01,-3.552598655223846436e-01,2.178258635103702545e-02,-1.773313432931900024e-01,2.251820117235183716e-01,1.234178766608238220e-01,-1.393657624721527100e-01,3.973450884222984314e-02,-2.634502388536930084e-02,2.888416051864624023e-01,-1.029069051146507263e-01,-1.902102380990982056e-01,-7.364343106746673584e-02,-1.316033303737640381e-01,6.810334324836730957e-02,5.147530138492584229e-02,1.959323436021804810e-01,1.798406690359115601e-01,6.228521093726158142e-02,-1.854474283754825592e-02,-5.041652917861938477e-02
-1.142799295485019684e-02,1.551627088338136673e-02,-1.035836637020111084e-01,7.921372354030609131e-02,4.667844623327255249e-02,6.694786134175956249e-04,-3.023583255708217621e-02,-6.446315441280603409e-03,2.305639907717704773e-02,3.900441527366638184e-02,2.566641941666603088e-02,-4.306312277913093567e-02,8.181296288967132568e-02,8.991297334432601929e-02,1.020908877253532410e-01,1.021655499935150146e-01,-1.054020714946091175e-03,3.908900916576385498e-02,-6.173196062445640564e-02,-6.497596949338912964e-02,-5.275661870837211609e-02,9.932041913270950317e-02,6.734114140272140503e-02,-4.146646460867486894e-05,1.140090264379978180e-02,1.108894199132919312e-01,-1.138120666146278381e-01,-2.317528799176216125e-02,9.521226584911346436e-02,8.186346851289272308e-03,4.037781804800033569e-02,-1.057108938694000244e-01,6.648202985525131226e-02,7.176395505666732788e-02,-3.264802740886807442e-03,-1.129744052886962891e-01,3.228862211108207703e-02,5.585037544369697571e-02,-4.635962843894958496e-02,-5.738101899623870850e-02,6.733962148427963257e-02,1.091829407960176468e-02,1.026236936450004578e-01,1.702963002026081085e-02,1.405509375035762787e-02,-8.077587932348251343e-02,-1.069176271557807922e-01,-2.586598880589008331e-02,-2.158454619348049164e-02,1.087241689674556255e-03,9.790799580514431000e-03,-4.452034831047058105e-02,2.886922156903892756e-04,1.327166333794593811e-02,-8.418177254498004913e-03,-1.159464567899703979e-01,2.734961174428462982e-02,8.413971401751041412e-03,-4.354404285550117493e-02,-6.322196871042251587e-02,4.759994801133871078e-03,1.063959021121263504e-02,3.923973534256219864e-03,1.817878708243370056e-02,-2.858464838936924934e-03,-2.392097935080528259e-02,6.353603303432464600e-02,1.014830470085144043e-01,-1.026845276355743408e-01,-2.685768529772758484e-03,-6.707210093736648560e-02,-3.850901499390602112e-02,-3.441123664379119873e-02,1.017412915825843811e-01,-4.346933856140822172e-04,-9.143090993165969849e-02,-2.347365021705627441e-03,1.197081580758094788e-01,-2.207942865788936615e-02,-9.243824332952499390e-02,1.072506457567214966e-01,9.249498252756893635e-04,-7.838758081197738647e-02,1.123048947192728519e-03,-6.176573783159255981e-02,-1.100900918245315552e-01,2.390906773507595062e-02,4.547915421426296234e-03,6.171043962240219116e-02,4.162641614675521851e-02,-5.650329869240522385e-03,-3.015879541635513306e-02,-8.749197423458099365e-02,4.797730222344398499e-02,-9.051817655563354492e-02,3.123671934008598328e-02,7.381720840930938721e-02,-5.806560511700809002e-05,-7.499982416629791260e-02,8.078309707343578339e-03,-2.667828835546970367e-02,-8.447322063148021698e-03,-1.134660765528678894e-01,-5.075754970312118530e-02,1.137179955840110779e-01,-1.492345985025167465e-02,-7.575711607933044434e-02,-1.066005229949951172e-01,1.724415645003318787e-02,-7.800617720931768417e-03,8.590348809957504272e-02,-5.928197875618934631e-02,-9.905559569597244263e-02,-4.236187320202589035e-03,1.111097186803817749e-01,-9.143716841936111450e-02,3.408931195735931396e-02,1.680197753012180328e-02,-9.808427095413208008e-02,3.913012892007827759e-02,5.941013246774673462e-02,7.486316561698913574e-02,9.685969352722167969e-02,-6.077888235449790955e-02,-6.432098150253295898e-02,-6.621573865413665771e-02,-2.321022329851984978e-03,3.662710264325141907e-02
9.184952080249786377e-02,-1.035836637020111084e-01,7.474766969680786133e-01,-6.245896816253662109e-01,-2.871086001396179199e-01,-1.013450548052787781e-01,1.973229646682739258e-01,5.588989704847335815e-02,-1.354188621044158936e-01,-2.977226376533508301e-01,-1.866837143898010254e-01,3.388417959213256836e-01,-5.148687362670898438e-01,-6.817291975021362305e-01,-7.120209932327270508e-01,-6.914220452308654785e-01,2.615243662148714066e-03,-2.304572761058807373e-01,4.912849664688110352e-01,5.285744071006774902e-01,3.897217214107513428e-01,-7.262411117553710938e-01,-5.568621158599853516e-01,5.141708999872207642e-02,-8.929004520177841187e-02,-7.111442089080810547e-01,7.532435059547424316e-01,9.501715004444122314e-02,-6.918708086013793945e-01,-4.068019613623619080e-02,-2.898628711700439453e-01,7.453572154045104980e-01,-4.895429313182830811e-01,-5.948161482810974121e-01,2.988795749843120575e-02,7.683002948760986328e-01,-2.452532351016998291e-01,-4.151089191436767578e-01,2.998238503932952881e-01,4.712960124015808105e-01,-4.673220813274383545e-01,-8.605656772851943970e-02,-6.915453672409057617e-01,-1.307406723499298096e-01,-1.262676715850830078e-01,5.862646698951721191e-01,7.410871982574462891e-01,2.062510251998901367e-01,1.594846397638320923e-01,1.020459383726119995e-01,-1.033713296055793762e-01,3.570578694343566895e-01,-8.560271002352237701e-03,-3.177074342966079712e-02,3.850386291742324829e-02,7.793223857879638672e-01,-2.454276829957962036e-01,-6.496921926736831665e-02,2.577672600746154785e-01,4.825522899627685547e-01,-1.720520434901118279e-03,-1.157334446907043457e-01,-3.191883862018585205e-02,-1.362074911594390869e-01,1.107899658381938934e-02,1.736972928047180176e-01,-4.316348433494567871e-01,-6.782323122024536133e-01,7.198960185050964355e-01,5.882342159748077393e-02,5.149338245391845703e-01,3.104412853717803955e-01,2.687927484512329102e-01,-7.283751368522644043e-01,-2.486192621290683746e-02,6.431469917297363281e-01,1.538833882659673691e-02,-8.166074156761169434e-01,2.124831825494766235e-01,6.876316666603088379e-01,-7.760244607925415039e-01,-7.431000936776399612e-03,5.596629977226257324e-01,-6.328695919364690781e-03,4.564434885978698730e-01,7.003206014633178711e-01,-1.694392561912536621e-01,-3.258394822478294373e-02,-4.264644980430603027e-01,-3.384119868278503418e-01,2.359724231064319611e-02,2.401208728551864624e-01,6.370353102684020996e-01,-3.797628581523895264e-01,6.652004718780517578e-01,-2.033011317253112793e-01,-5.276097059249877930e-01,4.554944753181189299e-04,5.622091293334960938e-01,-6.318604201078414917e-02,2.618162035942077637e-01,8.060881495475769043e-02,7.838135361671447754e-01,3.841499984264373779e-01,-7.614103555679321289e-01,4.319969564676284790e-03,5.733126997947692871e-01,7.330721020698547363e-01,-1.834242641925811768e-01,5.987576395273208618e-02,-6.450415849685668945e-01,5.337333083152770996e-01,7.133980393409729004e-01,-1.104601994156837463e-01,-7.299796938896179199e-01,6.189092993736267090e-01,-2.465270906686782837e-01,-1.525593549013137817e-01,6.981688141822814941e-01,-3.068759441375732422e-01,-4.338363409042358398e-01,-5.865761041641235352e-01,-6.784932017326354980e-01,4.130026400089263916e-01,5.511934161186218262e-01,5.486811399459838867e-01,-4.200550727546215057e-03,-2.911991178989410400e-01
-1.767704784870147705e-01,7.921372354030609131e-02,-6.245896816253662109e-01,6.496738195419311523e-01,1.475162059068679810e-01,1.785033047199249268e-01,-1.685515791177749634e-01,-1.785411387681961060e-01,9.567013382911682129e-02,2.380018830299377441e-01,1.304140686988830566e-01,-2.713051140308380127e-01,3.036814928054809570e-01,6.354891061782836914e-01,5.671119689941406250e-01,5.045111179351806641e-01,8.453860646113753319e-04,2.168592959642410278e-01,-4.744637310504913330e-01,-4.305296838283538818e-01,-4.445978999137878418e-01,6.366227269172668457e-01,4.705941677093505859e-01,-7.089775055646896362e-02,7.755285501480102539e-02,5.489509105682373047e-01,-6.019268631935119629e-01,5.644233152270317078e-02,5.083209276199340820e-01,1.191373243927955627e-01,2.489016801118850708e-01,-6.736434102058410645e-01,5.079252719879150391e-01,4.592347443103790283e-01,-6.804964970797300339e-03,-6.214730739593505859e-01,2.133449316024780273e-01,3.070509135723114014e-01,-6.084035336971282959e-02,-4.632731378078460693e-01,3.689526021480560303e-01,8.471347391605377197e-02,5.810682773590087891e-01,1.025443151593208313e-01,5.494286492466926575e-02,-3.779385089874267578e-01,-5.859618782997131348e-01,-1.959557086229324341e-01,-1.428321748971939087e-01,-3.455435484647750854e-02,1.390168517827987671e-01,-2.581409811973571777e-01,2.295708842575550079e-02,-1.360610779374837875e-02,1.168867722153663635e-01,-5.966734886169433594e-01,2.038766145706176758e-01,4.635978862643241882e-02,-1.896984726190567017e-01,-4.236724972724914551e-01,-9.458470344543457031e-02,1.653945446014404297e-01,3.152585402131080627e-02,1.277581751346588135e-01,2.680852822959423065e-02,-1.400834172964096069e-01,3.765338659286499023e-01,5.035669803619384766e-01,-5.680473446846008301e-01,-1.210220009088516235e-01,-3.636200129985809326e-01,-1.261956095695495605e-01,-2.663586139678955078e-01,5.983501076698303223e-01,1.106023229658603668e-02,-5.856952071189880371e-01,-8.179244585335254669e-03,6.588404178619384766e-01,-3.134245276451110840e-01,-5.611563920974731445e-01,7.407187819480895996e-01,5.999699700623750687e-03,-3.554071784019470215e-01,6.729600485414266586e-03,-3.706324398517608643e-01,-5.179074406623840332e-01,-1.338689308613538742e-02,2.239440567791461945e-02,3.470999002456665039e-01,2.553755342960357666e-01,1.266767363995313644e-02,-2.999419867992401123e-01,-6.379841566085815430e-01,4.338716566562652588e-01,-5.963707566261291504e-01,2.370935827493667603e-01,4.062148630619049072e-01,-3.468749055173248053e-04,-3.770348131656646729e-01,-2.946340106427669525e-02,-1.652021706104278564e-01,-2.115275114774703979e-01,-6.997289657592773438e-01,-2.957914471626281738e-01,6.484810709953308105e-01,7.927081733942031860e-02,-6.449465751647949219e-01,-6.325818300247192383e-01,2.442096918821334839e-01,-5.332119390368461609e-02,6.567361950874328613e-01,-5.658733844757080078e-01,-6.180946826934814453e-01,1.802464276552200317e-01,5.279918313026428223e-01,-4.507497251033782959e-01,7.825841754674911499e-02,1.226374208927154541e-01,-5.519635081291198730e-01,2.929419875144958496e-01,3.504023849964141846e-01,5.062534809112548828e-01,5.306918621063232422e-01,-3.751656413078308105e-01,-4.517861306667327881e-01,-4.985967874526977539e-01,7.398793939501047134e-03,2.683104276657104492e-01
1.608319729566574097e-01,4.667844623327255249e-02,-2.871086001396179199e-01,1.475162059068679810e-01,2.607449293136596680e-01,-1.065862253308296204e-01,-3.616008162498474121e-02,2.029512226581573486e-01,7.810059189796447754e-02,1.205887943506240845e-01,2.604363672435283661e-02,-1.356338560581207275e-01,2.781211435794830322e-01,1.951529979705810547e-01,3.421480655670166016e-01,3.518176674842834473e-01,-3.392254235222935677e-03,9.216815233230590820e-02,-1.024562716484069824e-01,-1.641935110092163086e-01,-7.515135407447814941e-02,2.436326742172241211e-01,1.232851594686508179e-01,5.253427475690841675e-02,2.888914197683334351e-02,3.364630639553070068e-01,-3.054070174694061279e-01,-2.055638879537582397e-01,2.980166077613830566e-01,-8.256544917821884155e-02,4.834349453449249268e-02,-2.499676346778869629e-01,1.268030852079391479e-01,1.738027483224868774e-01,-2.515214122831821442e-02,-3.190083801746368408e-01,7.147143036127090454e-02,1.877482831478118896e-01,-3.549346923828125000e-01,-2.051381766796112061e-01,2.941465377807617188e-01,5.563050508499145508e-02,2.290478795766830444e-01,5.053965002298355103e-02,5.800770595669746399e-02,-2.359734028577804565e-01,-3.702161908149719238e-01,-9.698332846164703369e-02,-2.422377839684486389e-02,4.889858886599540710e-02,-5.793249607086181641e-02,-1.437661051750183105e-01,6.106508895754814148e-02,4.331456497311592102e-02,-1.313932985067367554e-01,-3.940088450908660889e-01,8.231698721647262573e-02,2.835443615913391113e-02,-1.699189543724060059e-01,-1.638937294483184814e-01,6.821321696043014526e-02,-2.730418741703033447e-02,9.327421896159648895e-03,1.019651740789413452e-01,-1.608946244232356548e-03,-6.604622304439544678e-02,1.316024959087371826e-01,3.701746761798858643e-01,-2.975942194461822510e-01,1.019217446446418762e-01,-2.959309220314025879e-01,-1.063853353261947632e-01,-3.257454559206962585e-02,3.198803663253784180e-01,-4.271286725997924805e-02,-2.853738069534301758e-01,-9.178452193737030029e-03,3.615256249904632568e-01,-5.831631645560264587e-02,-2.697843015193939209e-01,2.527334094047546387e-01,2.525302115827798843e-03,-3.391830623149871826e-01,1.905348501168191433e-03,-2.952511012554168701e-01,-3.443016707897186279e-01,2.189011424779891968e-01,1.443910598754882812e-02,1.359066665172576904e-01,1.449083685874938965e-01,-9.696510434150695801e-02,-6.889451295137405396e-03,-1.423415392637252808e-01,5.246258340775966644e-03,-2.498673498630523682e-01,-3.481213748455047607e-02,2.955995202064514160e-01,-2.182005846407264471e-04,-2.755366861820220947e-01,1.862886250019073486e-01,-1.124714836478233337e-01,1.590688079595565796e-01,-2.963171601295471191e-01,-1.625136286020278931e-01,3.214865922927856445e-01,5.841646343469619751e-03,-9.412572532892227173e-02,-2.592777609825134277e-01,-1.282856017351150513e-01,-1.350775454193353653e-02,1.169503852725028992e-01,-4.210416600108146667e-02,-2.550195753574371338e-01,-1.199421286582946777e-01,4.253305792808532715e-01,-3.319506049156188965e-01,2.419142872095108032e-01,2.251149900257587433e-02,-3.901951611042022705e-01,7.563485205173492432e-02,1.603906303644180298e-01,2.388088554143905640e-01,3.329680860042572021e-01,-1.179867461323738098e-01,-1.089749708771705627e-01,-1.378376781940460205e-01,-2.056394517421722412e-02,9.877774864435195923e-02
-1.910685896873474121e-01,6.694786134175956249e-04,-1.013450548052787781e-01,1.785033047199249268e-01,-1.065862253308296204e-01,2.876727283000946045e-01,-4.259184002876281738e-02,-1.520444005727767944e-01,-1.325692385435104370e-01,-2.153317444026470184e-02,8.177068084478378296e-02,-1.201510801911354065e-02,-9.410977363586425781e-02,1.790336519479751587e-01,2.493179403245449066e-02,-4.111924022436141968e-02,-3.201150102540850639e-03,1.951532997190952301e-02,-7.531915605068206787e-02,-8.745036274194717407e-02,-4.881971515715122223e-03,1.110733821988105774e-01,1.711487621068954468e-01,-3.083837218582630157e-02,-2.309342846274375916e-03,-9.200397878885269165e-02,-5.530880391597747803e-02,1.389107406139373779e-01,7.116285711526870728e-02,4.961854964494705200e-02,1.177094876766204834e-01,-5.437563732266426086e-02,3.806017711758613586e-02,1.489519923925399780e-01,5.914199631661176682e-03,-4.184283688664436340e-02,2.715746313333511353e-02,-3.150607645511627197e-02,2.226431220769882202e-01,-1.157944723963737488e-01,-1.850580722093582153e-01,-1.668987050652503967e-02,1.618728041648864746e-01,1.505081076174974442e-02,1.065812557935714722e-01,-1.618503779172897339e-02,1.281979586929082870e-02,-1.239997800439596176e-02,-1.124779134988784790e-01,-7.816474139690399170e-02,1.747099012136459351e-01,-1.444524079561233521e-01,-7.739896327257156372e-02,-4.738854244351387024e-02,9.857860952615737915e-02,-3.286776132881641388e-03,3.993080556392669678e-02,1.012324821203947067e-03,8.641148358583450317e-02,-5.069231241941452026e-02,-4.914490133523941040e-02,4.454358667135238647e-02,5.543085280805826187e-03,-1.559672802686691284e-01,-2.798123471438884735e-02,1.154987979680299759e-02,8.818244189023971558e-02,-4.248979315161705017e-02,-1.891701831482350826e-03,-8.256383240222930908e-02,7.817052304744720459e-02,-1.616374254226684570e-01,-4.686500877141952515e-02,-6.513958331197500229e-03,8.847847580909729004e-02,-4.154018685221672058e-02,4.472424741834402084e-03,2.090782485902309418e-02,-2.349660731852054596e-02,-5.576555617153644562e-03,1.061887070536613464e-01,7.599213276989758015e-04,4.771737754344940186e-02,-3.472402459010481834e-03,1.156564280390739441e-01,2.690094336867332458e-02,-1.349093317985534668e-01,-1.013947650790214539e-03,-2.636907994747161865e-02,-1.964390650391578674e-02,7.294852286577224731e-02,-9.026064723730087280e-02,-1.156278699636459351e-01,1.699379533529281616e-01,1.560956472530961037e-03,1.046934127807617188e-01,3.627778589725494385e-02,3.659529829747043550e-05,-4.317883402109146118e-03,-2.514307796955108643e-01,-1.500250771641731262e-02,-2.836998403072357178e-01,-4.458518326282501221e-02,1.166777312755584717e-02,-3.063201531767845154e-02,1.039872542023658752e-01,-1.320903748273849487e-01,-7.822223752737045288e-02,2.565875649452209473e-01,-2.825953764840960503e-03,1.771305650472640991e-01,-2.127182185649871826e-01,-7.598873227834701538e-02,1.448336094617843628e-01,-4.358353838324546814e-02,1.194485574960708618e-01,-8.247792720794677734e-02,5.856730043888092041e-02,5.361920967698097229e-02,4.530030861496925354e-02,3.499820828437805176e-02,-9.770281612873077393e-03,-4.346971586346626282e-02,-4.654751345515251160e-02,-1.728771924972534180e-01,-7.844942063093185425e-02,4.048437811434268951e-03,4.798259213566780090e-02
1.314167827367782593e-01,-3.023583255708217621e-02,1.973229646682739258e-01,-1.685515791177749634e-01,-3.616008162498474121e-02,-4.259184002876281738e-02,1.231484562158584595e-01,1.305627822875976562e-01,-4.648980125784873962e-02,-6.310375034809112549e-02,-1.009948626160621643e-01,7.608760148286819458e-02,-1.695915907621383667e-01,-2.078449875116348267e-01,-1.780160963535308838e-01,-1.869256496429443359e-01,4.057581536471843719e-03,-1.000384241342544556e-01,1.392584592103958130e-01,1.249816939234733582e-01,1.117161288857460022e-01,-2.126034349203109741e-01,-1.678989678621292114e-01,2.285018935799598694e-02,-2.175865322351455688e-02,-2.213489860296249390e-01,2.445698380470275879e-01,-9.819015860557556152e-03,-1.829926669597625732e-01,-8.641806989908218384e-02,-1.219220012426376343e-01,2.232156395912170410e-01,-1.343155652284622192e-01,-1.746259033679962158e-01,-8.090929477475583553e-04,2.382955700159072876e-01,-7.375428080558776855e-02,-9.384085983037948608e-02,-1.638804562389850616e-02,6.032621487975120544e-02,-4.969453811645507812e-02,3.182161599397659302e-03,-2.544178366661071777e-01,-3.295876830816268921e-02,-4.903883859515190125e-02,1.860863566398620605e-01,1.740443855524063110e-01,2.662531472742557526e-02,7.740620523691177368e-02,4.317805916070938110e-02,-6.002133712172508240e-02,9.615813195705413818e-02,5.278912186622619629e-02,-3.365456312894821167e-02,-2.406823635101318359e-02,1.989738494157791138e-01,-5.318121612071990967e-02,-1.550048124045133591e-02,4.886177927255630493e-02,1.317996829748153687e-01,-7.150233723223209381e-03,-3.166725859045982361e-02,-6.801134441047906876e-03,2.433587796986103058e-02,2.271298691630363464e-02,4.749420657753944397e-02,-1.612875759601593018e-01,-1.540050655603408813e-01,2.069884091615676880e-01,6.723350286483764648e-02,6.204397231340408325e-02,1.168765798211097717e-01,1.065953746438026428e-01,-1.815633028745651245e-01,-3.506316617131233215e-02,1.334291100502014160e-01,3.979528788477182388e-03,-2.229764610528945923e-01,-4.651815630495548248e-03,1.743423938751220703e-01,-2.165643274784088135e-01,-1.865013968199491501e-03,9.811816364526748657e-02,-3.118732012808322906e-03,2.166469767689704895e-02,2.318299114704132080e-01,4.777955263853073120e-02,-9.144003503024578094e-03,-1.567019224166870117e-01,-6.098349764943122864e-02,-3.895514085888862610e-02,8.371411263942718506e-02,2.036223709583282471e-01,-1.452951878309249878e-01,1.639251410961151123e-01,-1.495907306671142578e-01,-9.971299022436141968e-02,6.654958997387439013e-05,1.283054649829864502e-01,9.643957763910293579e-02,2.911016531288623810e-02,1.271232515573501587e-01,2.283367961645126343e-01,8.931417018175125122e-02,-2.061293423175811768e-01,1.040818318724632263e-01,1.741910725831985474e-01,2.449416518211364746e-01,-1.450777053833007812e-01,1.829339936375617981e-02,-2.371630668640136719e-01,1.450354903936386108e-01,2.186634689569473267e-01,-8.447033353149890900e-03,-1.665679067373275757e-01,1.361240744590759277e-01,7.478656712919473648e-03,-5.155149102210998535e-02,1.164347305893898010e-01,-8.984342217445373535e-02,-1.164094880223274231e-01,-1.066168397665023804e-01,-1.482592672109603882e-01,1.480332612991333008e-01,1.771880835294723511e-01,1.453765779733657837e-01,2.992820460349321365e-03,-5.253837257623672485e-02
4.276167750358581543e-01,-6.446315441280603409e-03,5.588989704847335815e-02,-1.785411387681961060e-01,2.029512226581573486e-01,-1.520444005727767944e-01,1.305627822875976562e-01,5.254044532775878906e-01,-2.926660142838954926e-02,-1.405780296772718430e-02,-8.888097852468490601e-02,-1.152946986258029938e-02,1.141292322427034378e-02,-1.273194998502731323e-01,6.334897130727767944e-02,6.050151959061622620e-02,2.704534563235938549e-04,-9.460776299238204956e-02,2.017054855823516846e-01,6.862159818410873413e-02,2.339657098054885864e-01,-1.120988428592681885e-01,-1.436983942985534668e-01,8.045516163110733032e-02,-1.603073067963123322e-02,-6.073412671685218811e-02,1.192380413413047791e-01,-2.558605074882507324e-01,3.276238217949867249e-02,-2.299005389213562012e-01,-1.515328139066696167e-01,1.713726520538330078e-01,-2.096527367830276489e-01,-4.921375587582588196e-02,-3.888354077935218811e-02,5.419353023171424866e-02,-6.444799154996871948e-02,2.220379374921321869e-02,-4.387204647064208984e-01,-1.150719225406646729e-01,1.282903105020523071e-01,3.970816731452941895e-02,-1.830602735280990601e-01,-1.552237430587410927e-03,9.173860400915145874e-02,2.515903115272521973e-02,-7.899994403123855591e-02,-3.852427750825881958e-02,6.992236524820327759e-02,2.539926208555698395e-02,-1.463826745748519897e-01,-5.729222297668457031e-02,1.179181188344955444e-01,-4.253309592604637146e-02,-2.329060435295104980e-01,-7.790898531675338745e-02,2.101093158125877380e-02,6.793587468564510345e-03,-7.271500770002603531e-03,6.693589687347412109e-02,1.046809703111648560e-01,-1.290386468172073364e-01,-5.444062408059835434e-03,2.205288037657737732e-02,8.065553382039070129e-03,2.705684863030910492e-02,-1.677504181861877441e-01,9.250594675540924072e-02,2.756366319954395294e-02,2.077191621065139771e-01,-1.876355111598968506e-01,-4.590762034058570862e-02,1.556049734354019165e-01,2.126182056963443756e-02,-5.516291037201881409e-02,1.913446374237537384e-02,-2.784129464998841286e-03,-1.499900687485933304e-02,1.217857375741004944e-02,4.364025592803955078e-02,-1.629431247711181641e-01,-4.534328472800552845e-04,-2.095108479261398315e-01,-5.003407597541809082e-03,-1.884117424488067627e-01,2.427296154201030731e-02,2.976777255535125732e-01,4.406052757985889912e-04,-1.572654992341995239e-01,3.921547904610633850e-02,-1.511527001857757568e-01,1.984519064426422119e-01,2.813640832901000977e-01,-3.030840456485748291e-01,7.855929434299468994e-02,-3.080871999263763428e-01,1.371889859437942505e-01,-8.688903471920639277e-05,-1.104033812880516052e-01,3.072094321250915527e-01,-9.686408191919326782e-02,3.697304427623748779e-01,1.200653836131095886e-01,-6.684077903628349304e-03,-9.304075688123703003e-02,1.647821813821792603e-01,3.265642821788787842e-01,1.528569608926773071e-01,-3.417645692825317383e-01,2.697724103927612305e-02,-2.919669449329376221e-01,2.674096226692199707e-01,1.050563007593154907e-01,-1.677897274494171143e-01,1.594442725181579590e-01,-6.322517991065979004e-02,3.040225207805633545e-01,-4.070410504937171936e-02,-1.926480084657669067e-01,-1.032933592796325684e-01,-6.922329217195510864e-02,1.779091544449329376e-02,3.889137506484985352e-02,2.008867859840393066e-01,1.522675752639770508e-01,1.335261166095733643e-01,-2.520519867539405823e-02,-2.606408670544624329e-02
6.861663609743118286e-02,2.305639907717704773e-02,-1.354188621044158936e-01,9.567013382911682129e-02,7.810059189796447754e-02,-1.325692385435104370e-01,-4.648980125784873962e-02,-2.926660142838954926e-02,1.751054227352142334e-01,1.009216010570526123e-01,-9.639819152653217316e-03,-8.403369039297103882e-02,1.418112516403198242e-01,1.420613974332809448e-01,1.704728007316589355e-01,1.874884814023971558e-01,5.826682783663272858e-03,3.758168593049049377e-02,-1.114370971918106079e-01,-9.102799743413925171e-02,-2.371598333120346069e-01,1.515526324510574341e-01,4.447806999087333679e-02,-2.437395788729190826e-02,3.250003978610038757e-02,2.607052028179168701e-01,-1.640183776617050171e-01,-2.906057983636856079e-02,8.297815173864364624e-02,4.700914025306701660e-02,-8.787010796368122101e-03,-2.458946406841278076e-01,1.719079166650772095e-01,6.243337318301200867e-02,-1.951618003658950329e-03,-1.934949904680252075e-01,5.561122298240661621e-02,1.148380190134048462e-01,-9.390597790479660034e-02,-9.337204694747924805e-02,2.464710325002670288e-01,4.271039739251136780e-02,7.303544878959655762e-02,2.052533254027366638e-02,-9.483017027378082275e-02,-1.110754758119583130e-01,-1.856503933668136597e-01,-5.575569719076156616e-02,3.453069180250167847e-02,2.478880807757377625e-03,-8.198229968547821045e-02,3.951469063758850098e-02,7.642900943756103516e-02,1.424599345773458481e-02,1.498167868703603745e-02,-1.854440569877624512e-01,4.168555140495300293e-02,1.274485513567924500e-02,-9.395753592252731323e-02,-1.099495887756347656e-01,-2.469189465045928955e-02,5.695227161049842834e-02,8.409428410232067108e-03,1.728627383708953857e-01,3.081824257969856262e-02,-5.501548200845718384e-02,4.562449455261230469e-02,1.743293553590774536e-01,-2.075448930263519287e-01,-2.600770071148872375e-02,-1.392361521720886230e-01,1.100466623902320862e-01,-9.616398811340332031e-02,2.225337028503417969e-01,-5.581060051918029785e-02,-1.489180177450180054e-01,-4.807895515114068985e-03,2.216068208217620850e-01,-1.017991453409194946e-01,-2.043721079826354980e-01,2.152952253818511963e-01,1.648820703849196434e-03,-1.091585010290145874e-01,5.053351167589426041e-03,-1.864554136991500854e-01,-1.765614151954650879e-01,4.353779926896095276e-02,6.813685409724712372e-03,1.637561619281768799e-01,9.901089966297149658e-02,-1.706851087510585785e-02,-6.744910031557083130e-02,-1.612071841955184937e-01,6.786593049764633179e-02,-2.193252593278884888e-01,1.618961431086063385e-02,5.881917849183082581e-02,-1.340628223260864615e-04,-1.175626739859580994e-01,1.392662674188613892e-01,-4.357489198446273804e-02,1.003616228699684143e-01,-2.401600182056427002e-01,-1.018205285072326660e-01,2.445916384458541870e-01,-4.999130591750144958e-02,-1.707736253738403320e-01,-1.603549718856811523e-01,-6.238443031907081604e-02,-2.043262310326099396e-02,1.904517710208892822e-01,-8.078112453222274780e-02,-1.689067929983139038e-01,4.008610267192125320e-03,1.545328199863433838e-01,-2.248869836330413818e-01,5.346199125051498413e-02,-1.203156635165214539e-02,-2.207207679748535156e-01,8.549548685550689697e-02,6.282002478837966919e-02,1.936083436012268066e-01,2.105342894792556763e-01,-9.206829220056533813e-02,-5.738850310444831848e-02,-1.621280312538146973e-01,9.932678192853927612e-03,3.853789716958999634e-02
-2.308442024514079094e-03,3.900441527366638184e-02,-2.977226376533508301e-01,2.380018830299377441e-01,1.205887943506240845e-01,-2.153317444026470184e-02,-6.310375034809112549e-02,-1.405780296772718430e-02,1.009216010570526123e-01,1.356060355901718140e-01,4.432883113622665405e-02,-1.393733471632003784e-01,2.181864231824874878e-01,2.648588418960571289e-01,2.970633804798126221e-01,2.985820174217224121e-01,2.248811535537242889e-03,7.401213049888610840e-02,-2.026493996381759644e-01,-2.013245373964309692e-01,-2.021259069442749023e-01,2.951542735099792480e-01,1.865576058626174927e-01,-3.289401158690452576e-02,4.093685746192932129e-02,3.459692299365997314e-01,-3.188126385211944580e-01,-3.675977885723114014e-02,2.745160162448883057e-01,1.467882841825485229e-02,8.063244819641113281e-02,-3.453621566295623779e-01,2.145969122648239136e-01,2.079332023859024048e-01,-1.162314694374799728e-02,-3.320622742176055908e-01,9.673514962196350098e-02,1.783571988344192505e-01,-1.564538180828094482e-01,-1.780113279819488525e-01,2.582906484603881836e-01,4.478874430060386658e-02,2.431936562061309814e-01,4.860818758606910706e-02,1.240457786479964852e-04,-2.362776696681976318e-01,-3.282376825809478760e-01,-8.452934771776199341e-02,-2.478289045393466949e-02,-3.699471056461334229e-02,-6.038110703229904175e-03,-8.863396197557449341e-02,3.589172288775444031e-02,1.136264670640230179e-02,-1.734176836907863617e-02,-3.471229374408721924e-01,9.219153970479965210e-02,2.556895278394222260e-02,-1.189418435096740723e-01,-1.881231814622879028e-01,-1.025388762354850769e-02,5.895113199949264526e-02,1.288233604282140732e-02,1.228036433458328247e-01,1.213368494063615799e-02,-7.644628733396530151e-02,1.432860046625137329e-01,2.890634238719940186e-01,-3.151130676269531250e-01,-2.461622655391693115e-02,-2.299370318651199341e-01,-5.682475119829177856e-02,-1.107381284236907959e-01,3.347290754318237305e-01,-1.523694954812526703e-02,-2.670398652553558350e-01,-6.767868530005216599e-03,3.826212286949157715e-01,-1.106656268239021301e-01,-3.107787668704986572e-01,3.576005995273590088e-01,2.947304630652070045e-03,-2.203639000654220581e-01,3.930326085537672043e-03,-2.266762852668762207e-01,-2.956809103488922119e-01,8.540745824575424194e-02,1.290045585483312607e-02,1.884222626686096191e-01,1.508263051509857178e-01,-2.145656757056713104e-02,-9.306113421916961670e-02,-2.676151096820831299e-01,1.317200213670730591e-01,-3.076776266098022461e-01,5.903222039341926575e-02,1.837367713451385498e-01,-2.032746851909905672e-04,-2.163690328598022461e-01,9.747076034545898438e-02,-1.075742170214653015e-01,3.863508999347686768e-02,-3.656179010868072510e-01,-1.621504873037338257e-01,3.783172369003295898e-01,-1.132640708237886429e-02,-2.575274705886840820e-01,-3.041636347770690918e-01,2.048571407794952393e-02,-2.669929154217243195e-02,2.711949646472930908e-01,-2.023519575595855713e-01,-2.938792109489440918e-01,5.347793921828269958e-02,3.217516839504241943e-01,-3.014127314090728760e-01,9.705940634012222290e-02,4.833200573921203613e-02,-3.327789306640625000e-01,1.258466094732284546e-01,1.642707735300064087e-01,2.620511054992675781e-01,3.081321716308593750e-01,-1.577097326517105103e-01,-1.908843219280242920e-01,-2.277112007141113281e-01,9.006278589367866516e-03,1.118650659918785095e-01
-1.327130645513534546e-01,2.566641941666603088e-02,-1.866837143898010254e-01,1.304140686988830566e-01,2.604363672435283661e-02,8.177068084478378296e-02,-1.009948626160621643e-01,-8.888097852468490601e-02,-9.639819152653217316e-03,4.432883113622665405e-02,1.245867088437080383e-01,-6.495062261819839478e-02,1.655692756175994873e-01,1.852501928806304932e-01,1.552863270044326782e-01,1.681314259767532349e-01,-5.957888439297676086e-03,7.244103401899337769e-02,-1.044477596879005432e-01,-1.264534890651702881e-01,-1.242309156805276871e-02,1.890942603349685669e-01,1.835499107837677002e-01,-2.309776842594146729e-02,1.363432966172695160e-02,1.741297394037246704e-01,-2.322896122932434082e-01,-5.040412768721580505e-03,2.125867158174514771e-01,4.702521860599517822e-02,1.372921764850616455e-01,-1.669639199972152710e-01,6.097811087965965271e-02,2.019878923892974854e-01,-6.212071981281042099e-03,-2.185655981302261353e-01,6.157559156417846680e-02,7.946398109197616577e-02,-9.058162569999694824e-03,-3.797401860356330872e-02,-2.299799397587776184e-02,-1.964796520769596100e-02,2.569023966789245605e-01,3.298088163137435913e-02,1.064082086086273193e-01,-2.135414928197860718e-01,-1.514831483364105225e-01,-5.252035334706306458e-03,-9.170757979154586792e-02,-9.142574667930603027e-02,8.655495196580886841e-02,-1.388422399759292603e-01,-8.299408853054046631e-02,3.434399142861366272e-02,-2.539924345910549164e-02,-1.924746185541152954e-01,5.246242880821228027e-02,1.575854793190956116e-02,-1.758144982159137726e-02,-1.046706661581993103e-01,3.505221381783485413e-02,3.980229143053293228e-03,3.993668127804994583e-03,-8.880729973316192627e-02,-4.435966536402702332e-02,-3.503652662038803101e-02,1.462048143148422241e-01,1.300057172775268555e-01,-1.840504854917526245e-01,-5.382952094078063965e-02,-4.876253381371498108e-02,-2.220153361558914185e-01,-7.552814483642578125e-02,1.483373194932937622e-01,6.688880920410156250e-02,-8.701723814010620117e-02,-3.851147834211587906e-03,2.052375674247741699e-01,6.931224465370178223e-02,-1.446596831083297729e-01,1.625306159257888794e-01,1.727986847981810570e-03,-1.069772243499755859e-01,6.488522049039602280e-04,2.890278957784175873e-02,-2.114398479461669922e-01,-1.310856454074382782e-02,9.045120328664779663e-03,1.150231808423995972e-01,5.206160247325897217e-02,4.348095878958702087e-02,-4.158551618456840515e-02,-1.499212235212326050e-01,1.095863282680511475e-01,-1.083722859621047974e-01,1.232616826891899109e-01,9.105636179447174072e-02,-5.037884329794906080e-05,-1.338790208101272583e-01,-1.252065151929855347e-01,-5.278037115931510925e-02,-1.280969828367233276e-01,-1.778986155986785889e-01,-7.493562251329421997e-02,1.627241522073745728e-01,-1.016382724046707153e-01,-9.456999599933624268e-02,-2.163672298192977905e-01,1.628008931875228882e-01,-1.302924659103155136e-02,1.809914857149124146e-01,-1.242620646953582764e-01,-1.817991286516189575e-01,2.296009659767150879e-02,1.635602861642837524e-01,-9.715778380632400513e-02,1.869426667690277100e-02,6.553652882575988770e-02,-8.522167056798934937e-02,6.273784488439559937e-02,1.104206815361976624e-01,6.302268803119659424e-02,1.158531010150909424e-01,-1.114774718880653381e-01,-1.976495832204818726e-01,-1.073855534195899963e-01,-1.368076424114406109e-03,4.516456648707389832e-02
-6.054761819541454315e-03,-4.306312277913093567e-02,3.388417959213256836e-01,-2.713051140308380127e-01,-1.356338560581207275e-01,-1.201510801911354065e-02,7.608760148286819458e-02,-1.152946986258029938e-02,-8.403369039297103882e-02,-1.393733471632003784e-01,-6.495062261819839478e-02,1.569810211658477783e-01,-2.292819619178771973e-01,-3.177127242088317871e-01,-3.410228192806243896e-01,-3.315656781196594238e-01,-1.322440686635673046e-03,-8.067812025547027588e-02,2.082129567861557007e-01,2.254025787115097046e-01,1.891199350357055664e-01,-3.342598080635070801e-01,-2.245430797338485718e-01,3.241695463657379150e-02,-4.182651638984680176e-02,-3.564940094947814941e-01,3.485651910305023193e-01,4.610728099942207336e-02,-3.196381926536560059e-01,-1.102653797715902328e-02,-9.790583699941635132e-02,3.674933612346649170e-01,-2.118727713823318481e-01,-2.573714852333068848e-01,1.623692549765110016e-02,3.731259107589721680e-01,-1.040662378072738647e-01,-1.912738680839538574e-01,1.747514009475708008e-01,2.264313548803329468e-01,-2.494083493947982788e-01,-4.664086177945137024e-02,-2.865601778030395508e-01,-5.638594552874565125e-02,-4.270384833216667175e-02,2.659236788749694824e-01,3.661615252494812012e-01,9.637553989887237549e-02,4.900783300399780273e-02,5.983652547001838684e-02,-1.174300350248813629e-02,1.384708285331726074e-01,-2.974042668938636780e-02,-6.380536942742764950e-04,2.776831202208995819e-02,3.897093534469604492e-01,-1.136110126972198486e-01,-2.950996346771717072e-02,1.072973757982254028e-01,2.100175917148590088e-01,3.361733630299568176e-03,-5.358786880970001221e-02,-1.421840302646160126e-02,-9.022213518619537354e-02,-5.493374541401863098e-03,7.827357202768325806e-02,-1.591520309448242188e-01,-3.167569339275360107e-01,3.472030460834503174e-01,2.409944869577884674e-02,2.504162490367889404e-01,1.102994605898857117e-01,1.179439648985862732e-01,-3.687393367290496826e-01,5.430933670140802860e-04,2.884331643581390381e-01,6.983782164752483368e-03,-4.199370443820953369e-01,1.122266352176666260e-01,3.362410664558410645e-01,-3.885577619075775146e-01,-3.350138431414961815e-03,2.551285922527313232e-01,-3.188348840922117233e-03,2.343154102563858032e-01,3.270878791809082031e-01,-8.782083541154861450e-02,-1.426419056951999664e-02,-1.886909306049346924e-01,-1.627034544944763184e-01,2.079869993031024933e-02,9.544076025485992432e-02,2.796830832958221436e-01,-1.422484517097473145e-01,3.228561878204345703e-01,-5.927499383687973022e-02,-2.215363383293151855e-01,2.187094069086015224e-04,2.552451789379119873e-01,-7.950832694768905640e-02,1.284661740064620972e-01,-1.757550612092018127e-02,3.951781392097473145e-01,1.751939356327056885e-01,-3.898624181747436523e-01,-1.126904040575027466e-02,2.606252729892730713e-01,3.369542956352233887e-01,-4.384889081120491028e-02,2.621211670339107513e-02,-3.053878247737884521e-01,2.231112271547317505e-01,3.298372328281402588e-01,-5.608922615647315979e-02,-3.600434064865112305e-01,3.093961179256439209e-01,-1.250406205654144287e-01,-6.112348660826683044e-02,3.686191439628601074e-01,-1.344512850046157837e-01,-1.768006682395935059e-01,-2.814740240573883057e-01,-3.277805149555206299e-01,1.593609601259231567e-01,2.302943766117095947e-01,2.489470392465591431e-01,-5.444315727800130844e-03,-1.213572025299072266e-01
