9.999983310699462891e-01,-9.999985098838806152e-01,-9.999942779541015625e-01,9.999976158142089844e-01,9.999988675117492676e-01,-9.999987483024597168e-01,9.999954104423522949e-01,9.999990463256835938e-01,-9.999955296516418457e-01,9.999983310699462891e-01,-9.999986886978149414e-01,-9.999989271163940430e-01,9.999979734420776367e-01,9.999984502792358398e-01,9.999940991401672363e-01,9.999951720237731934e-01,9.999973177909851074e-01,-9.999980330467224121e-01,9.999924898147583008e-01,-9.999992251396179199e-01,-9.999989271163940430e-01,9.999939799308776855e-01,9.999985098838806152e-01,9.999977946281433105e-01,9.999882578849792480e-01,9.999989867210388184e-01,-9.999982714653015137e-01,-9.999988675117492676e-01,9.999902248382568359e-01,-9.999963641166687012e-01,-9.999915361404418945e-01,-9.999980926513671875e-01,9.999857544898986816e-01,9.999954104423522949e-01,-9.999980926513671875e-01,9.999684691429138184e-01,9.999990463256835938e-01,9.999985098838806152e-01,9.999884963035583496e-01,-9.999988675117492676e-01,9.999986290931701660e-01,9.999660849571228027e-01,9.999833703041076660e-01,9.999989867210388184e-01,9.999982118606567383e-01,9.999982714653015137e-01,-9.999930262565612793e-01,9.999985694885253906e-01,9.999987483024597168e-01,-9.999984502792358398e-01,-9.999988079071044922e-01,-9.999984502792358398e-01,-9.999988079071044922e-01,-9.999932050704956055e-01,-9.999984502792358398e-01,-9.999980926513671875e-01,-9.999885559082031250e-01,9.999884963035583496e-01,9.999957084655761719e-01,9.999982118606567383e-01,-9.999983906745910645e-01,9.999989271163940430e-01,9.999983906745910645e-01,9.999954700469970703e-01,-9.999943971633911133e-01,-9.999988079071044922e-01,-9.999991059303283691e-01,-9.999959468841552734e-01,-9.999989867210388184e-01,9.999983906745910645e-01,-9.999987483024597168e-01,9.999972581863403320e-01,-9.999690055847167969e-01,-9.999936819076538086e-01,-9.999830722808837891e-01,-9.999983310699462891e-01,9.999915957450866699e-01,9.999986290931701660e-01,-9.999945759773254395e-01,-9.999955296516418457e-01,9.999876618385314941e-01,9.999976158142089844e-01,-9.999988675117492676e-01,9.999981522560119629e-01,-9.999982714653015137e-01,-9.999874830245971680e-01,9.999600648880004883e-01,9.999989867210388184e-01,9.999908208847045898e-01,9.999538660049438477e-01,-9.999949932098388672e-01,9.999983310699462891e-01,-9.999854564666748047e-01,-9.999974370002746582e-01,9.999977946281433105e-01,-9.999976754188537598e-01,-9.999880790710449219e-01,9.999990463256835938e-01,-9.999988079071044922e-01,9.999969005584716797e-01,-9.999966621398925781e-01,9.999988675117492676e-01,9.998368620872497559e-01,9.999498128890991211e-01,9.999986290931701660e-01,9.999967813491821289e-01,-9.999828934669494629e-01,-9.999983310699462891e-01,-9.999939799308776855e-01,9.999985694885253906e-01,-9.999985098838806152e-01,9.999978542327880859e-01,-9.999982714653015137e-01,-9.999294877052307129e-01,9.999990463256835938e-01,-9.999972581863403320e-01,9.999989867210388184e-01,-9.999980330467224121e-01,-9.999953508377075195e-01,-9.999971985816955566e-01,-9.999986290931701660e-01,9.999966025352478027e-01,9.999979138374328613e-01,-9.999973177909851074e-01,-9.999910593032836914e-01,-9.999949932098388672e-01,9.999874234199523926e-01,-9.999933242797851562e-01
-9.999985098838806152e-01,9.999988079071044922e-01,9.999951720237731934e-01,-9.999980330467224121e-01,-9.999991059303283691e-01,9.999989867210388184e-01,-9.999960064888000488e-01,-9.999992251396179199e-01,9.999961853027343750e-01,-9.999986290931701660e-01,9.999988675117492676e-01,9.999991059303283691e-01,-9.999983310699462891e-01,-9.999986290931701660e-01,-9.999951124191284180e-01,-9.999960064888000488e-01,-9.999976754188537598e-01,9.999982714653015137e-01,-9.999936819076538086e-01,9.999992847442626953e-01,9.999991655349731445e-01,-9.999949932098388672e-01,-9.999987483024597168e-01,-9.999982118606567383e-01,-9.999903440475463867e-01,-9.999991655349731445e-01,9.999984502792358398e-01,9.999989867210388184e-01,-9.999918341636657715e-01,9.999970197677612305e-01,9.999929666519165039e-01,9.999984502792358398e-01,-9.999881982803344727e-01,-9.999960064888000488e-01,9.999983310699462891e-01,-9.999735355377197266e-01,-9.999991655349731445e-01,-9.999987483024597168e-01,-9.999903440475463867e-01,9.999991059303283691e-01,-9.999988079071044922e-01,-9.999717473983764648e-01,-9.999861717224121094e-01,-9.999992251396179199e-01,-9.999985098838806152e-01,-9.999984502792358398e-01,9.999941587448120117e-01,-9.999988079071044922e-01,-9.999989271163940430e-01,9.999987483024597168e-01,9.999989867210388184e-01,9.999986886978149414e-01,9.999989271163940430e-01,9.999943375587463379e-01,9.999986290931701660e-01,9.999983310699462891e-01,9.999904036521911621e-01,-9.999903440475463867e-01,-9.999963641166687012e-01,-9.999985098838806152e-01,9.999986886978149414e-01,-9.999991655349731445e-01,-9.999986886978149414e-01,-9.999960064888000488e-01,9.999952316284179688e-01,9.999989867210388184e-01,9.999991655349731445e-01,9.999966621398925781e-01,9.999991655349731445e-01,-9.999986290931701660e-01,9.999989867210388184e-01,-9.999977350234985352e-01,9.999741911888122559e-01,9.999947547912597656e-01,9.999858140945434570e-01,9.999985694885253906e-01,-9.999929666519165039e-01,-9.999988675117492676e-01,9.999954700469970703e-01,9.999963045120239258e-01,-9.999896883964538574e-01,-9.999980330467224121e-01,9.999990463256835938e-01,-9.999984502792358398e-01,9.999985694885253906e-01,9.999895691871643066e-01,-9.999666810035705566e-01,-9.999991655349731445e-01,-9.999923706054687500e-01,-9.999615550041198730e-01,9.999958276748657227e-01,-9.999985098838806152e-01,9.999877810478210449e-01,9.999979138374328613e-01,-9.999981522560119629e-01,9.999981522560119629e-01,9.999900460243225098e-01,-9.999992847442626953e-01,9.999990463256835938e-01,-9.999973177909851074e-01,9.999971985816955566e-01,-9.999989867210388184e-01,-9.998641610145568848e-01,-9.999581575393676758e-01,-9.999988675117492676e-01,-9.999973177909851074e-01,9.999857544898986816e-01,9.999986290931701660e-01,9.999949932098388672e-01,-9.999987483024597168e-01,9.999987483024597168e-01,-9.999981522560119629e-01,9.999985694885253906e-01,9.999413490295410156e-01,-9.999992251396179199e-01,9.999976754188537598e-01,-9.999991655349731445e-01,9.999983310699462891e-01,9.999960064888000488e-01,9.999976754188537598e-01,9.999988079071044922e-01,-9.999970793724060059e-01,-9.999982118606567383e-01,9.999976754188537598e-01,9.999926090240478516e-01,9.999958276748657227e-01,-9.999895095825195312e-01,9.999945759773254395e-01
-9.999942779541015625e-01,9.999951720237731934e-01,9.999796152114868164e-01,-9.999917149543762207e-01,-9.999960660934448242e-01,9.999957680702209473e-01,-9.999837875366210938e-01,-9.999966621398925781e-01,9.999842643737792969e-01,-9.999942779541015625e-01,9.999957084655761719e-01,9.999960660934448242e-01,-9.999929666519165039e-01,-9.999946355819702148e-01,-9.999794363975524902e-01,-9.999831318855285645e-01,-9.999907016754150391e-01,9.999932646751403809e-01,-9.999732375144958496e-01,9.999967813491821289e-01,9.999963641166687012e-01,-9.999787807464599609e-01,-9.999951124191284180e-01,-9.999925494194030762e-01,-9.999591708183288574e-01,-9.999963045120239258e-01,9.999937415122985840e-01,9.999960064888000488e-01,-9.999655485153198242e-01,9.999876022338867188e-01,9.999703168869018555e-01,9.999936819076538086e-01,-9.999498724937438965e-01,-9.999839067459106445e-01,9.999931454658508301e-01,-9.998885393142700195e-01,-9.999964833259582520e-01,-9.999949336051940918e-01,-9.999592900276184082e-01,9.999960660934448242e-01,-9.999953508377075195e-01,-9.998810887336730957e-01,-9.999417066574096680e-01,-9.999962449073791504e-01,-9.999939203262329102e-01,-9.999935626983642578e-01,9.999754428863525391e-01,-9.999951124191284180e-01,-9.999955892562866211e-01,9.999946951866149902e-01,9.999958276748657227e-01,9.999946951866149902e-01,9.999958872795104980e-01,9.999760985374450684e-01,9.999946951866149902e-01,9.999933838844299316e-01,9.999597668647766113e-01,-9.999591708183288574e-01,-9.999849796295166016e-01,-9.999938011169433594e-01,9.999945163726806641e-01,-9.999961853027343750e-01,-9.999945163726806641e-01,-9.999839663505554199e-01,9.999799728393554688e-01,9.999959468841552734e-01,9.999966025352478027e-01,9.999861121177673340e-01,9.999964237213134766e-01,-9.999943971633911133e-01,9.999958276748657227e-01,-9.999906420707702637e-01,9.998909235000610352e-01,9.999778866767883301e-01,9.999405145645141602e-01,9.999942779541015625e-01,-9.999702572822570801e-01,-9.999955296516418457e-01,9.999809265136718750e-01,9.999845623970031738e-01,-9.999564886093139648e-01,-9.999917745590209961e-01,9.999958872795104980e-01,-9.999935626983642578e-01,9.999940395355224609e-01,9.999558925628662109e-01,-9.998597502708435059e-01,-9.999963045120239258e-01,-9.999677538871765137e-01,-9.998380541801452637e-01,9.999824166297912598e-01,-9.999942183494567871e-01,9.999487400054931641e-01,9.999911785125732422e-01,-9.999923110008239746e-01,9.999922513961791992e-01,9.999580383300781250e-01,-9.999964237213134766e-01,9.999958276748657227e-01,-9.999892711639404297e-01,9.999883770942687988e-01,-9.999960064888000488e-01,-9.994269609451293945e-01,-9.998238086700439453e-01,-9.999954104423522949e-01,-9.999889135360717773e-01,9.999398589134216309e-01,9.999945163726806641e-01,9.999785423278808594e-01,-9.999948740005493164e-01,9.999949932098388672e-01,-9.999924302101135254e-01,9.999940395355224609e-01,9.997522234916687012e-01,-9.999964833259582520e-01,9.999904036521911621e-01,-9.999964833259582520e-01,9.999930858612060547e-01,9.999835491180419922e-01,9.999903440475463867e-01,9.999952316284179688e-01,-9.999883174896240234e-01,-9.999928474426269531e-01,9.999907016754150391e-01,9.999687671661376953e-01,9.999825954437255859e-01,-9.999556541442871094e-01,9.999767541885375977e-01
9.999976158142089844e-01,-9.999980330467224121e-01,-9.999917149543762207e-01,9.999966025352478027e-01,9.999983906745910645e-01,-9.999983310699462891e-01,9.999933242797851562e-01,9.999986290931701660e-01,-9.999936223030090332e-01,9.999976754188537598e-01,-9.999982714653015137e-01,-9.999983906745910645e-01,9.999970793724060059e-01,9.999977946281433105e-01,9.999916553497314453e-01,9.999931454658508301e-01,9.999961853027343750e-01,-9.999972581863403320e-01,9.999892711639404297e-01,-9.999986886978149414e-01,-9.999985694885253906e-01,9.999914169311523438e-01,9.999979734420776367e-01,9.999970197677612305e-01,9.999834895133972168e-01,9.999985694885253906e-01,-9.999974966049194336e-01,-9.999983310699462891e-01,9.999861121177673340e-01,-9.999949336051940918e-01,-9.999880194664001465e-01,-9.999973773956298828e-01,9.999797344207763672e-01,9.999935626983642578e-01,-9.999971985816955566e-01,9.999550580978393555e-01,9.999985098838806152e-01,9.999979138374328613e-01,9.999835491180419922e-01,-9.999984502792358398e-01,9.999980330467224121e-01,9.999518990516662598e-01,9.999765157699584961e-01,9.999985098838806152e-01,9.999975562095642090e-01,9.999974370002746582e-01,-9.999900460243225098e-01,9.999979734420776367e-01,9.999982118606567383e-01,-9.999977946281433105e-01,-9.999983906745910645e-01,-9.999977946281433105e-01,-9.999982118606567383e-01,-9.999904036521911621e-01,-9.999977946281433105e-01,-9.999973177909851074e-01,-9.999837875366210938e-01,9.999835491180419922e-01,9.999939203262329102e-01,9.999974370002746582e-01,-9.999977350234985352e-01,9.999984502792358398e-01,9.999977350234985352e-01,9.999934434890747070e-01,-9.999919533729553223e-01,-9.999983310699462891e-01,-9.999986290931701660e-01,-9.999943375587463379e-01,-9.999985098838806152e-01,9.999976754188537598e-01,-9.999982714653015137e-01,9.999962449073791504e-01,-9.999558329582214355e-01,-9.999910593032836914e-01,-9.999759793281555176e-01,-9.999976754188537598e-01,9.999880790710449219e-01,9.999980926513671875e-01,-9.999922513961791992e-01,-9.999937415122985840e-01,9.999824762344360352e-01,9.999965429306030273e-01,-9.999983310699462891e-01,9.999973773956298828e-01,-9.999976158142089844e-01,-9.999822378158569336e-01,9.999432563781738281e-01,9.999984502792358398e-01,9.999869465827941895e-01,9.999344944953918457e-01,-9.999929070472717285e-01,9.999976158142089844e-01,-9.999793171882629395e-01,-9.999964833259582520e-01,9.999968409538269043e-01,-9.999967217445373535e-01,-9.999830722808837891e-01,9.999986290931701660e-01,-9.999982714653015137e-01,9.999955892562866211e-01,-9.999952912330627441e-01,9.999983906745910645e-01,9.997683167457580566e-01,9.999287724494934082e-01,9.999980926513671875e-01,9.999955296516418457e-01,-9.999758005142211914e-01,-9.999976754188537598e-01,-9.999913573265075684e-01,9.999978542327880859e-01,-9.999979138374328613e-01,9.999969005584716797e-01,-9.999975562095642090e-01,-9.998998045921325684e-01,9.999985694885253906e-01,-9.999960660934448242e-01,9.999985098838806152e-01,-9.999971985816955566e-01,-9.999933838844299316e-01,-9.999961256980895996e-01,-9.999981522560119629e-01,9.999952912330627441e-01,9.999970793724060059e-01,-9.999961853027343750e-01,-9.999873638153076172e-01,-9.999929666519165039e-01,9.999821186065673828e-01,-9.999906420707702637e-01
9.999988675117492676e-01,-9.999991059303283691e-01,-9.999960660934448242e-01,9.999983906745910645e-01,9.999992847442626953e-01,-9.999992251396179199e-01,9.999968409538269043e-01,9.999994039535522461e-01,-9.999969601631164551e-01,9.999988079071044922e-01,-9.999991059303283691e-01,-9.999994039535522461e-01,9.999986290931701660e-01,9.999988675117492676e-01,9.999960064888000488e-01,9.999967813491821289e-01,9.999982118606567383e-01,-9.999986886978149414e-01,9.999949932098388672e-01,-9.999994635581970215e-01,-9.999994039535522461e-01,9.999959468841552734e-01,9.999989867210388184e-01,9.999985098838806152e-01,9.999921917915344238e-01,9.999994039535522461e-01,-9.999988675117492676e-01,-9.999992847442626953e-01,9.999934434890747070e-01,-9.999976754188537598e-01,-9.999943375587463379e-01,-9.999987483024597168e-01,9.999904036521911621e-01,9.999968409538269043e-01,-9.999987483024597168e-01,9.999787211418151855e-01,9.999993443489074707e-01,9.999990463256835938e-01,9.999921917915344238e-01,-9.999993443489074707e-01,9.999991059303283691e-01,9.999772906303405762e-01,9.999888539314270020e-01,9.999992847442626953e-01,9.999988675117492676e-01,9.999987483024597168e-01,-9.999952912330627441e-01,9.999991059303283691e-01,9.999991655349731445e-01,-9.999989867210388184e-01,-9.999993443489074707e-01,-9.999989867210388184e-01,-9.999992251396179199e-01,-9.999954104423522949e-01,-9.999989271163940430e-01,-9.999987483024597168e-01,-9.999923110008239746e-01,9.999923110008239746e-01,9.999970197677612305e-01,9.999988079071044922e-01,-9.999989271163940430e-01,9.999992847442626953e-01,9.999989271163940430e-01,9.999969005584716797e-01,-9.999962449073791504e-01,-9.999992847442626953e-01,-9.999992847442626953e-01,-9.999972581863403320e-01,-9.999993443489074707e-01,9.999988675117492676e-01,-9.999992251396179199e-01,9.999982714653015137e-01,-9.999791383743286133e-01,-9.999957680702209473e-01,-9.999885559082031250e-01,-9.999988079071044922e-01,9.999943971633911133e-01,9.999991059303283691e-01,-9.999963045120239258e-01,-9.999969005584716797e-01,9.999917149543762207e-01,9.999983310699462891e-01,-9.999992251396179199e-01,9.999986886978149414e-01,-9.999988675117492676e-01,-9.999915957450866699e-01,9.999732375144958496e-01,9.999994039535522461e-01,9.999939203262329102e-01,9.999690651893615723e-01,-9.999966025352478027e-01,9.999988675117492676e-01,-9.999902248382568359e-01,-9.999982714653015137e-01,9.999985098838806152e-01,-9.999985098838806152e-01,-9.999920129776000977e-01,9.999994635581970215e-01,-9.999992251396179199e-01,9.999978542327880859e-01,-9.999977350234985352e-01,9.999992847442626953e-01,9.998903870582580566e-01,9.999663233757019043e-01,9.999991655349731445e-01,9.999978542327880859e-01,-9.999884963035583496e-01,-9.999989271163940430e-01,-9.999959468841552734e-01,9.999990463256835938e-01,-9.999990463256835938e-01,9.999985098838806152e-01,-9.999988675117492676e-01,-9.999527335166931152e-01,9.999993443489074707e-01,-9.999981522560119629e-01,9.999993443489074707e-01,-9.999986886978149414e-01,-9.999967813491821289e-01,-9.999982118606567383e-01,-9.999991059303283691e-01,9.999976754188537598e-01,9.999986290931701660e-01,-9.999982118606567383e-01,-9.999939203262329102e-01,-9.999965429306030273e-01,9.999914765357971191e-01,-9.999955892562866211e-01
-9.999987483024597168e-01,9.999989867210388184e-01,9.999957680702209473e-01,-9.999983310699462891e-01,-9.999992251396179199e-01,9.999991655349731445e-01,-9.999965429306030273e-01,-9.999993443489074707e-01,9.999966621398925781e-01,-9.999988079071044922e-01,9.999990463256835938e-01,9.999992251396179199e-01,-9.999985098838806152e-01,-9.999988675117492676e-01,-9.999957680702209473e-01,-9.999963641166687012e-01,-9.999980330467224121e-01,9.999985694885253906e-01,-9.999943971633911133e-01,9.999994039535522461e-01,9.999992847442626953e-01,-9.999955892562866211e-01,-9.999989271163940430e-01,-9.999983906745910645e-01,-9.999914765357971191e-01,-9.999993443489074707e-01,9.999987483024597168e-01,9.999991059303283691e-01,-9.999927878379821777e-01,9.999973773956298828e-01,9.999938011169433594e-01,9.999986290931701660e-01,-9.999895691871643066e-01,-9.999965429306030273e-01,9.999986290931701660e-01,-9.999768137931823730e-01,-9.999992847442626953e-01,-9.999989867210388184e-01,-9.999915361404418945e-01,9.999992847442626953e-01,-9.999990463256835938e-01,-9.999750852584838867e-01,-9.999877810478210449e-01,-9.999992251396179199e-01,-9.999988079071044922e-01,-9.999986886978149414e-01,9.999948740005493164e-01,-9.999989271163940430e-01,-9.999991059303283691e-01,9.999988675117492676e-01,9.999992847442626953e-01,9.999988675117492676e-01,9.999990463256835938e-01,9.999950528144836426e-01,9.999988675117492676e-01,9.999985694885253906e-01,9.999915361404418945e-01,-9.999915361404418945e-01,-9.999967217445373535e-01,-9.999986886978149414e-01,9.999988079071044922e-01,-9.999992251396179199e-01,-9.999988079071044922e-01,-9.999966025352478027e-01,9.999958872795104980e-01,9.999991655349731445e-01,9.999993443489074707e-01,9.999970197677612305e-01,9.999992847442626953e-01,-9.999987483024597168e-01,9.999992847442626953e-01,-9.999980926513671875e-01,9.999772310256958008e-01,9.999953508377075195e-01,9.999874830245971680e-01,9.999988079071044922e-01,-9.999938011169433594e-01,-9.999991059303283691e-01,9.999960064888000488e-01,9.999967217445373535e-01,-9.999909400939941406e-01,-9.999981522560119629e-01,9.999991655349731445e-01,-9.999986290931701660e-01,9.999987483024597168e-01,9.999908208847045898e-01,-9.999707341194152832e-01,-9.999992251396179199e-01,-9.999933838844299316e-01,-9.999661445617675781e-01,9.999962449073791504e-01,-9.999987483024597168e-01,9.999892711639404297e-01,9.999980926513671875e-01,-9.999984502792358398e-01,9.999983310699462891e-01,9.999912977218627930e-01,-9.999992847442626953e-01,9.999991655349731445e-01,-9.999977350234985352e-01,9.999975562095642090e-01,-9.999992251396179199e-01,-9.998800754547119141e-01,-9.999631047248840332e-01,-9.999990463256835938e-01,-9.999976158142089844e-01,9.999875426292419434e-01,9.999988079071044922e-01,9.999955296516418457e-01,-9.999988675117492676e-01,9.999989271163940430e-01,-9.999985098838806152e-01,9.999986290931701660e-01,9.999481439590454102e-01,-9.999992847442626953e-01,9.999979734420776367e-01,-9.999992847442626953e-01,9.999985098838806152e-01,9.999966025352478027e-01,9.999979734420776367e-01,9.999990463256835938e-01,-9.999974370002746582e-01,-9.999985098838806152e-01,9.999980330467224121e-01,9.999933838844299316e-01,9.999961853027343750e-01,-9.999907612800598145e-01,9.999951720237731934e-01
9.999954104423522949e-01,-9.999960064888000488e-01,-9.999837875366210938e-01,9.999933242797851562e-01,9.999968409538269043e-01,-9.999965429306030273e-01,9.999870657920837402e-01,9.999972581863403320e-01,-9.999875426292419434e-01,9.999954104423522949e-01,-9.999964833259582520e-01,-9.999969005584716797e-01,9.999943375587463379e-01,9.999956488609313965e-01,9.999835491180419922e-01,9.999864697456359863e-01,9.999924898147583008e-01,-9.999945759773254395e-01,9.999787807464599609e-01,-9.999973773956298828e-01,-9.999971389770507812e-01,9.999831318855285645e-01,9.999959468841552734e-01,9.999939203262329102e-01,9.999674558639526367e-01,9.999970197677612305e-01,-9.999950528144836426e-01,-9.999966621398925781e-01,9.999726414680480957e-01,-9.999901056289672852e-01,-9.999764561653137207e-01,-9.999949336051940918e-01,9.999601840972900391e-01,9.999871253967285156e-01,-9.999945759773254395e-01,9.999116063117980957e-01,9.999971389770507812e-01,9.999958872795104980e-01,9.999676346778869629e-01,-9.999967813491821289e-01,9.999961853027343750e-01,9.999055266380310059e-01,9.999536871910095215e-01,9.999969601631164551e-01,9.999951124191284180e-01,9.999948143959045410e-01,-9.999805092811584473e-01,9.999960064888000488e-01,9.999963045120239258e-01,-9.999957084655761719e-01,-9.999966025352478027e-01,-9.999957084655761719e-01,-9.999966025352478027e-01,-9.999810457229614258e-01,-9.999957084655761719e-01,-9.999947547912597656e-01,-9.999681711196899414e-01,9.999675750732421875e-01,9.999880194664001465e-01,9.999949932098388672e-01,-9.999955892562866211e-01,9.999969601631164551e-01,9.999955296516418457e-01,9.999871850013732910e-01,-9.999840855598449707e-01,-9.999966621398925781e-01,-9.999972581863403320e-01,-9.999889135360717773e-01,-9.999970793724060059e-01,9.999954700469970703e-01,-9.999964833259582520e-01,9.999925494194030762e-01,-9.999133944511413574e-01,-9.999822974205017090e-01,-9.999528527259826660e-01,-9.999954104423522949e-01,9.999764561653137207e-01,9.999963045120239258e-01,-9.999848008155822754e-01,-9.999876618385314941e-01,9.999654889106750488e-01,9.999933838844299316e-01,-9.999966025352478027e-01,9.999948143959045410e-01,-9.999952316284179688e-01,-9.999649524688720703e-01,9.998885989189147949e-01,9.999969601631164551e-01,9.999744296073913574e-01,9.998715519905090332e-01,-9.999860525131225586e-01,9.999953508377075195e-01,-9.999593496322631836e-01,-9.999929666519165039e-01,9.999939203262329102e-01,-9.999937415122985840e-01,-9.999666810035705566e-01,9.999971389770507812e-01,-9.999966025352478027e-01,9.999914169311523438e-01,-9.999907016754150391e-01,9.999968409538269043e-01,9.995454549789428711e-01,9.998602271080017090e-01,9.999961256980895996e-01,9.999911189079284668e-01,-9.999521374702453613e-01,-9.999955296516418457e-01,-9.999828934669494629e-01,9.999958872795104980e-01,-9.999958872795104980e-01,9.999939799308776855e-01,-9.999951720237731934e-01,-9.998034834861755371e-01,9.999971985816955566e-01,-9.999923706054687500e-01,9.999970197677612305e-01,-9.999944567680358887e-01,-9.999868869781494141e-01,-9.999921321868896484e-01,-9.999961256980895996e-01,9.999906420707702637e-01,9.999942779541015625e-01,-9.999925494194030762e-01,-9.999751448631286621e-01,-9.999861121177673340e-01,9.999647736549377441e-01,-9.999814629554748535e-01
9.999990463256835938e-01,-9.999992251396179199e-01,-9.999966621398925781e-01,9.999986290931701660e-01,9.999994039535522461e-01,-9.999993443489074707e-01,9.999972581863403320e-01,9.999995231628417969e-01,-9.999974370002746582e-01,9.999991059303283691e-01,-9.999993443489074707e-01,-9.999994635581970215e-01,9.999988079071044922e-01,9.999991655349731445e-01,9.999964833259582520e-01,9.999971985816955566e-01,9.999984502792358398e-01,-9.999988675117492676e-01,9.999955296516418457e-01,-9.999995231628417969e-01,-9.999994635581970215e-01,9.999964237213134766e-01,9.999992251396179199e-01,9.999987483024597168e-01,9.999932050704956055e-01,9.999994635581970215e-01,-9.999989867210388184e-01,-9.999993443489074707e-01,9.999942779541015625e-01,-9.999979734420776367e-01,-9.999950528144836426e-01,-9.999989271163940430e-01,9.999917149543762207e-01,9.999972581863403320e-01,-9.999988675117492676e-01,9.999815225601196289e-01,9.999995231628417969e-01,9.999991655349731445e-01,9.999933242797851562e-01,-9.999994635581970215e-01,9.999992251396179199e-01,9.999801516532897949e-01,9.999903440475463867e-01,9.999994635581970215e-01,9.999990463256835938e-01,9.999989867210388184e-01,-9.999958872795104980e-01,9.999992847442626953e-01,9.999992847442626953e-01,-9.999991655349731445e-01,-9.999994039535522461e-01,-9.999992847442626953e-01,-9.999993443489074707e-01,-9.999960660934448242e-01,-9.999991655349731445e-01,-9.999988675117492676e-01,-9.999934434890747070e-01,9.999932050704956055e-01,9.999974966049194336e-01,9.999989271163940430e-01,-9.999992251396179199e-01,9.999994635581970215e-01,9.999991059303283691e-01,9.999973177909851074e-01,-9.999966025352478027e-01,-9.999993443489074707e-01,-9.999994635581970215e-01,-9.999976158142089844e-01,-9.999994039535522461e-01,9.999992251396179199e-01,-9.999993443489074707e-01,9.999985098838806152e-01,-9.999818801879882812e-01,-9.999962449073791504e-01,-9.999901056289672852e-01,-9.999991059303283691e-01,9.999951124191284180e-01,9.999992847442626953e-01,-9.999967813491821289e-01,-9.999973773956298828e-01,9.999929070472717285e-01,9.999986290931701660e-01,-9.999994039535522461e-01,9.999989271163940430e-01,-9.999990463256835938e-01,-9.999926686286926270e-01,9.999766945838928223e-01,9.999994635581970215e-01,9.999946951866149902e-01,9.999730587005615234e-01,-9.999971389770507812e-01,9.999991059303283691e-01,-9.999914765357971191e-01,-9.999985098838806152e-01,9.999987483024597168e-01,-9.999986886978149414e-01,-9.999930262565612793e-01,9.999995231628417969e-01,-9.999993443489074707e-01,9.999982118606567383e-01,-9.999980330467224121e-01,9.999993443489074707e-01,9.999046325683593750e-01,9.999707341194152832e-01,9.999993443489074707e-01,9.999981522560119629e-01,-9.999899864196777344e-01,-9.999991059303283691e-01,-9.999964833259582520e-01,9.999992847442626953e-01,-9.999992847442626953e-01,9.999986886978149414e-01,-9.999990463256835938e-01,-9.999588131904602051e-01,9.999995231628417969e-01,-9.999983906745910645e-01,9.999994039535522461e-01,-9.999989271163940430e-01,-9.999971985816955566e-01,-9.999984502792358398e-01,-9.999993443489074707e-01,9.999980330467224121e-01,9.999988079071044922e-01,-9.999983906745910645e-01,-9.999948143959045410e-01,-9.999970793724060059e-01,9.999926090240478516e-01,-9.999961853027343750e-01
-9.999955296516418457e-01,9.999961853027343750e-01,9.999842643737792969e-01,-9.999936223030090332e-01,-9.999969601631164551e-01,9.999966621398925781e-01,-9.999875426292419434e-01,-9.999974370002746582e-01,9.999879002571105957e-01,-9.999955296516418457e-01,9.999966025352478027e-01,9.999969601631164551e-01,-9.999945759773254395e-01,-9.999958276748657227e-01,-9.999840855598449707e-01,-9.999868869781494141e-01,-9.999928474426269531e-01,9.999946951866149902e-01,-9.999794960021972656e-01,9.999974370002746582e-01,9.999971389770507812e-01,-9.999836087226867676e-01,-9.999961853027343750e-01,-9.999942183494567871e-01,-9.999685287475585938e-01,-9.999970793724060059e-01,9.999951124191284180e-01,9.999968409538269043e-01,-9.999734759330749512e-01,9.999904632568359375e-01,9.999771118164062500e-01,9.999951124191284180e-01,-9.999613165855407715e-01,-9.999875426292419434e-01,9.999946951866149902e-01,-9.999141693115234375e-01,-9.999973177909851074e-01,-9.999960064888000488e-01,-9.999686479568481445e-01,9.999969601631164551e-01,-9.999963045120239258e-01,-9.999082684516906738e-01,-9.999550580978393555e-01,-9.999970197677612305e-01,-9.999952912330627441e-01,-9.999950528144836426e-01,9.999810457229614258e-01,-9.999961256980895996e-01,-9.999965429306030273e-01,9.999958872795104980e-01,9.999967217445373535e-01,9.999958872795104980e-01,9.999966621398925781e-01,9.999815821647644043e-01,9.999958872795104980e-01,9.999949336051940918e-01,9.999690651893615723e-01,-9.999687075614929199e-01,-9.999884366989135742e-01,-9.999951720237731934e-01,9.999957680702209473e-01,-9.999971389770507812e-01,-9.999957084655761719e-01,-9.999876618385314941e-01,9.999845027923583984e-01,9.999968409538269043e-01,9.999973773956298828e-01,9.999892115592956543e-01,9.999971985816955566e-01,-9.999956488609313965e-01,9.999966621398925781e-01,-9.999928474426269531e-01,9.999159574508666992e-01,9.999828934669494629e-01,9.999541044235229492e-01,9.999955296516418457e-01,-9.999771714210510254e-01,-9.999964237213134766e-01,9.999852776527404785e-01,9.999880194664001465e-01,-9.999665021896362305e-01,-9.999935626983642578e-01,9.999967813491821289e-01,-9.999950528144836426e-01,9.999954104423522949e-01,9.999660253524780273e-01,-9.998919367790222168e-01,-9.999970793724060059e-01,-9.999751448631286621e-01,-9.998751282691955566e-01,9.999864101409912109e-01,-9.999955296516418457e-01,9.999604821205139160e-01,9.999931454658508301e-01,-9.999940991401672363e-01,9.999940395355224609e-01,9.999676942825317383e-01,-9.999972581863403320e-01,9.999967217445373535e-01,-9.999917149543762207e-01,9.999910593032836914e-01,-9.999969005584716797e-01,-9.995585680007934570e-01,-9.998642802238464355e-01,-9.999963641166687012e-01,-9.999914169311523438e-01,9.999535679817199707e-01,9.999957680702209473e-01,9.999834299087524414e-01,-9.999960660934448242e-01,9.999960064888000488e-01,-9.999941587448120117e-01,9.999954104423522949e-01,9.998092055320739746e-01,-9.999973773956298828e-01,9.999926090240478516e-01,-9.999971985816955566e-01,9.999946951866149902e-01,9.999872446060180664e-01,9.999924898147583008e-01,9.999963045120239258e-01,-9.999909400939941406e-01,-9.999945163726806641e-01,9.999927878379821777e-01,9.999758601188659668e-01,9.999865293502807617e-01,-9.999658465385437012e-01,9.999819993972778320e-01
9.999983310699462891e-01,-9.999986290931701660e-01,-9.999942779541015625e-01,9.999976754188537598e-01,9.999988079071044922e-01,-9.999988079071044922e-01,9.999954104423522949e-01,9.999991059303283691e-01,-9.999955296516418457e-01,9.999983906745910645e-01,-9.999986886978149414e-01,-9.999989271163940430e-01,9.999979734420776367e-01,9.999983906745910645e-01,9.999942183494567871e-01,9.999952316284179688e-01,9.999972581863403320e-01,-9.999979734420776367e-01,9.999924898147583008e-01,-9.999991059303283691e-01,-9.999989271163940430e-01,9.999939799308776855e-01,9.999986290931701660e-01,9.999978542327880859e-01,9.999884366989135742e-01,9.999989271163940430e-01,-9.999982118606567383e-01,-9.999988079071044922e-01,9.999903440475463867e-01,-9.999964237213134766e-01,-9.999915957450866699e-01,-9.999980926513671875e-01,9.999860525131225586e-01,9.999954700469970703e-01,-9.999980330467224121e-01,9.999687671661376953e-01,9.999989867210388184e-01,9.999985694885253906e-01,9.999885559082031250e-01,-9.999989271163940430e-01,9.999985694885253906e-01,9.999665617942810059e-01,9.999836683273315430e-01,9.999989271163940430e-01,9.999982714653015137e-01,9.999981522560119629e-01,-9.999930262565612793e-01,9.999985098838806152e-01,9.999986886978149414e-01,-9.999983906745910645e-01,-9.999988079071044922e-01,-9.999985098838806152e-01,-9.999987483024597168e-01,-9.999932050704956055e-01,-9.999983906745910645e-01,-9.999980926513671875e-01,-9.999887347221374512e-01,9.999885559082031250e-01,9.999957084655761719e-01,9.999982118606567383e-01,-9.999984502792358398e-01,9.999989271163940430e-01,9.999983310699462891e-01,9.999954700469970703e-01,-9.999943375587463379e-01,-9.999988675117492676e-01,-9.999989867210388184e-01,-9.999958872795104980e-01,-9.999989271163940430e-01,9.999983906745910645e-01,-9.999988079071044922e-01,9.999973177909851074e-01,-9.999694228172302246e-01,-9.999937415122985840e-01,-9.999832510948181152e-01,-9.999982714653015137e-01,9.999916553497314453e-01,9.999986290931701660e-01,-9.999946355819702148e-01,-9.999955892562866211e-01,9.999877214431762695e-01,9.999976158142089844e-01,-9.999988079071044922e-01,9.999981522560119629e-01,-9.999983310699462891e-01,-9.999876618385314941e-01,9.999606013298034668e-01,9.999989271163940430e-01,9.999909400939941406e-01,9.999545216560363770e-01,-9.999950528144836426e-01,9.999982714653015137e-01,-9.999856352806091309e-01,-9.999974370002746582e-01,9.999977946281433105e-01,-9.999977350234985352e-01,-9.999882578849792480e-01,9.999990463256835938e-01,-9.999988079071044922e-01,9.999968409538269043e-01,-9.999966025352478027e-01,9.999988675117492676e-01,9.998392462730407715e-01,9.999505281448364258e-01,9.999986886978149414e-01,9.999968409538269043e-01,-9.999830722808837891e-01,-9.999983310699462891e-01,-9.999940395355224609e-01,9.999985098838806152e-01,-9.999984502792358398e-01,9.999978542327880859e-01,-9.999982118606567383e-01,-9.999304413795471191e-01,9.999990463256835938e-01,-9.999972581863403320e-01,9.999989271163940430e-01,-9.999979138374328613e-01,-9.999953508377075195e-01,-9.999971985816955566e-01,-9.999986290931701660e-01,9.999966621398925781e-01,9.999979138374328613e-01,-9.999973177909851074e-01,-9.999911785125732422e-01,-9.999949932098388672e-01,9.999874830245971680e-01,-9.999935626983642578e-01
-9.999986886978149414e-01,9.999988675117492676e-01,9.999957084655761719e-01,-9.999982714653015137e-01,-9.999991059303283691e-01,9.999990463256835938e-01,-9.999964833259582520e-01,-9.999993443489074707e-01,9.999966025352478027e-01,-9.999986886978149414e-01,9.999990463256835938e-01,9.999991655349731445e-01,-9.999984502792358398e-01,-9.999988079071044922e-01,-9.999957084655761719e-01,-9.999963045120239258e-01,-9.999980330467224121e-01,9.999985098838806152e-01,-9.999944567680358887e-01,9.999992847442626953e-01,9.999991655349731445e-01,-9.999955296516418457e-01,-9.999989271163940430e-01,-9.999983310699462891e-01,-9.999914169311523438e-01,-9.999992847442626953e-01,9.999985694885253906e-01,9.999991059303283691e-01,-9.999928474426269531e-01,9.999972581863403320e-01,9.999937415122985840e-01,9.999985694885253906e-01,-9.999895691871643066e-01,-9.999966025352478027e-01,9.999985098838806152e-01,-9.999767541885375977e-01,-9.999992847442626953e-01,-9.999988675117492676e-01,-9.999914765357971191e-01,9.999992251396179199e-01,-9.999990463256835938e-01,-9.999752044677734375e-01,-9.999878406524658203e-01,-9.999992251396179199e-01,-9.999986290931701660e-01,-9.999986290931701660e-01,9.999948740005493164e-01,-9.999988675117492676e-01,-9.999991059303283691e-01,9.999988079071044922e-01,9.999991655349731445e-01,9.999988675117492676e-01,9.999991059303283691e-01,9.999950528144836426e-01,9.999987483024597168e-01,9.999985098838806152e-01,9.999915957450866699e-01,-9.999914765357971191e-01,-9.999967217445373535e-01,-9.999986290931701660e-01,9.999987483024597168e-01,-9.999991655349731445e-01,-9.999987483024597168e-01,-9.999965429306030273e-01,9.999958276748657227e-01,9.999991059303283691e-01,9.999991655349731445e-01,9.999969601631164551e-01,9.999991655349731445e-01,-9.999987483024597168e-01,9.999990463256835938e-01,-9.999980330467224121e-01,9.999772310256958008e-01,9.999953508377075195e-01,9.999875426292419434e-01,9.999987483024597168e-01,-9.999938011169433594e-01,-9.999989867210388184e-01,9.999958276748657227e-01,9.999966621398925781e-01,-9.999908804893493652e-01,-9.999981522560119629e-01,9.999991655349731445e-01,-9.999985694885253906e-01,9.999986886978149414e-01,9.999908208847045898e-01,-9.999707341194152832e-01,-9.999992251396179199e-01,-9.999932646751403809e-01,-9.999662637710571289e-01,9.999961853027343750e-01,-9.999986886978149414e-01,9.999893307685852051e-01,9.999980926513671875e-01,-9.999983906745910645e-01,9.999983906745910645e-01,9.999912381172180176e-01,-9.999992847442626953e-01,9.999990463256835938e-01,-9.999976754188537598e-01,9.999974966049194336e-01,-9.999991059303283691e-01,-9.998805522918701172e-01,-9.999632239341735840e-01,-9.999989271163940430e-01,-9.999975562095642090e-01,9.999873638153076172e-01,9.999987483024597168e-01,9.999955296516418457e-01,-9.999989271163940430e-01,9.999989271163940430e-01,-9.999983906745910645e-01,9.999986886978149414e-01,9.999483823776245117e-01,-9.999992847442626953e-01,9.999979138374328613e-01,-9.999992847442626953e-01,9.999984502792358398e-01,9.999964237213134766e-01,9.999978542327880859e-01,9.999989867210388184e-01,-9.999974370002746582e-01,-9.999983906745910645e-01,9.999980330467224121e-01,9.999933838844299316e-01,9.999962449073791504e-01,-9.999907016754150391e-01,9.999951124191284180e-01
-9.999989271163940430e-01,9.999991059303283691e-01,9.999960660934448242e-01,-9.999983906745910645e-01,-9.999994039535522461e-01,9.999992251396179199e-01,-9.999969005584716797e-01,-9.999994635581970215e-01,9.999969601631164551e-01,-9.999989271163940430e-01,9.999991655349731445e-01,9.999994039535522461e-01,-9.999986290931701660e-01,-9.999989867210388184e-01,-9.999961853027343750e-01,-9.999967217445373535e-01,-9.999982118606567383e-01,9.999986886978149414e-01,-9.999949932098388672e-01,9.999994635581970215e-01,9.999993443489074707e-01,-9.999960660934448242e-01,-9.999991059303283691e-01,-9.999985694885253906e-01,-9.999922513961791992e-01,-9.999994039535522461e-01,9.999988675117492676e-01,9.999992847442626953e-01,-9.999936223030090332e-01,9.999976754188537598e-01,9.999943971633911133e-01,9.999988079071044922e-01,-9.999905824661254883e-01,-9.999969005584716797e-01,9.999987483024597168e-01,-9.999789595603942871e-01,-9.999993443489074707e-01,-9.999990463256835938e-01,-9.999924302101135254e-01,9.999993443489074707e-01,-9.999991655349731445e-01,-9.999774694442749023e-01,-9.999889731407165527e-01,-9.999994039535522461e-01,-9.999989271163940430e-01,-9.999988079071044922e-01,9.999954104423522949e-01,-9.999991059303283691e-01,-9.999992251396179199e-01,9.999989867210388184e-01,9.999993443489074707e-01,9.999990463256835938e-01,9.999992847442626953e-01,9.999955296516418457e-01,9.999989867210388184e-01,9.999988079071044922e-01,9.999924302101135254e-01,-9.999924302101135254e-01,-9.999971389770507812e-01,-9.999988079071044922e-01,9.999989867210388184e-01,-9.999993443489074707e-01,-9.999989271163940430e-01,-9.999969601631164551e-01,9.999961256980895996e-01,9.999992847442626953e-01,9.999994039535522461e-01,9.999973773956298828e-01,9.999994039535522461e-01,-9.999989271163940430e-01,9.999992251396179199e-01,-9.999982714653015137e-01,9.999794363975524902e-01,9.999958872795104980e-01,9.999887943267822266e-01,9.999989271163940430e-01,-9.999944567680358887e-01,-9.999992251396179199e-01,9.999963045120239258e-01,9.999970197677612305e-01,-9.999918341636657715e-01,-9.999984502792358398e-01,9.999993443489074707e-01,-9.999987483024597168e-01,9.999989271163940430e-01,9.999917745590209961e-01,-9.999734163284301758e-01,-9.999994039535522461e-01,-9.999939799308776855e-01,-9.999694228172302246e-01,9.999966025352478027e-01,-9.999988675117492676e-01,9.999903440475463867e-01,9.999983906745910645e-01,-9.999986290931701660e-01,9.999985098838806152e-01,9.999920725822448730e-01,-9.999994635581970215e-01,9.999992251396179199e-01,-9.999979138374328613e-01,9.999978542327880859e-01,-9.999992847442626953e-01,-9.998916387557983398e-01,-9.999667406082153320e-01,-9.999992847442626953e-01,-9.999979138374328613e-01,9.999886155128479004e-01,9.999989271163940430e-01,9.999960064888000488e-01,-9.999991655349731445e-01,9.999991059303283691e-01,-9.999986290931701660e-01,9.999988675117492676e-01,9.999531507492065430e-01,-9.999994635581970215e-01,9.999981522560119629e-01,-9.999993443489074707e-01,9.999986886978149414e-01,9.999968409538269043e-01,9.999981522560119629e-01,9.999992251396179199e-01,-9.999977350234985352e-01,-9.999986290931701660e-01,9.999982118606567383e-01,9.999940991401672363e-01,9.999966621398925781e-01,-9.999916553497314453e-01,9.999956488609313965e-01
