9.999982118606567383e-01,-9.999985694885253906e-01,-9.999886751174926758e-01,9.999982118606567383e-01,9.999988079071044922e-01,-9.999986886978149414e-01,9.999957084655761719e-01,9.999989867210388184e-01,-9.999973773956298828e-01,9.999974966049194336e-01,-9.999983906745910645e-01,-9.999988675117492676e-01,9.999980926513671875e-01,9.999982714653015137e-01,9.999790787696838379e-01,9.999973773956298828e-01,9.999975562095642090e-01,-9.999986290931701660e-01,9.999928474426269531e-01,-9.999991059303283691e-01,-9.999989271163940430e-01,9.999877214431762695e-01,9.999983310699462891e-01,9.999984502792358398e-01,9.999893307685852051e-01,9.999989271163940430e-01,-9.999983310699462891e-01,-9.999988675117492676e-01,9.999809861183166504e-01,-9.999957084655761719e-01,-9.999938011169433594e-01,-9.999985694885253906e-01,9.999923706054687500e-01,9.999971985816955566e-01,-9.999969601631164551e-01,-9.999786019325256348e-01,9.999989867210388184e-01,9.999986290931701660e-01,9.999928474426269531e-01,-9.999989271163940430e-01,9.999985694885253906e-01,-9.999967217445373535e-01,9.999703168869018555e-01,9.999987483024597168e-01,9.999981522560119629e-01,9.999981522560119629e-01,-9.999694824218750000e-01,9.999983310699462891e-01,9.999988079071044922e-01,-9.999985694885253906e-01,-9.999986886978149414e-01,-9.999977946281433105e-01,-9.999986886978149414e-01,-9.999915361404418945e-01,-9.999971985816955566e-01,-9.999980926513671875e-01,-9.999969005584716797e-01,9.998501539230346680e-01,9.999977350234985352e-01,9.999983906745910645e-01,-9.999979138374328613e-01,9.999988675117492676e-01,9.999983310699462891e-01,9.999950528144836426e-01,-9.999957084655761719e-01,-9.999988079071044922e-01,-9.999990463256835938e-01,-9.999952316284179688e-01,-9.999988079071044922e-01,9.999986886978149414e-01,-9.999986290931701660e-01,9.999980330467224121e-01,9.999961256980895996e-01,-9.999921917915344238e-01,-9.999349713325500488e-01,-9.999982118606567383e-01,9.999927878379821777e-01,9.999986886978149414e-01,-9.999932050704956055e-01,-9.999967217445373535e-01,-9.999431371688842773e-01,9.999975562095642090e-01,-9.999988675117492676e-01,9.999963641166687012e-01,-9.999982714653015137e-01,-9.999865889549255371e-01,9.999896287918090820e-01,9.999989271163940430e-01,9.999359250068664551e-01,9.999954700469970703e-01,-9.999978542327880859e-01,9.999983310699462891e-01,-9.999765157699584961e-01,-9.999979734420776367e-01,9.999984502792358398e-01,-9.999979734420776367e-01,-9.999918937683105469e-01,9.999989271163940430e-01,-9.999988675117492676e-01,9.999904632568359375e-01,-9.999970197677612305e-01,9.999986290931701660e-01,-9.999731779098510742e-01,-9.999645352363586426e-01,9.999985694885253906e-01,9.999971985816955566e-01,-9.999046325683593750e-01,-9.999979734420776367e-01,-9.999941587448120117e-01,9.999985098838806152e-01,-9.999979734420776367e-01,9.999985098838806152e-01,-9.999982714653015137e-01,-9.999834895133972168e-01,9.999990463256835938e-01,-9.999982118606567383e-01,9.999988675117492676e-01,-9.999985098838806152e-01,-9.999943971633911133e-01,-9.999981522560119629e-01,-9.999988079071044922e-01,9.999958872795104980e-01,9.999986290931701660e-01,-9.999975562095642090e-01,-9.999736547470092773e-01,-9.999955296516418457e-01,9.999884366989135742e-01,-9.999971389770507812e-01
-9.999985694885253906e-01,9.999988079071044922e-01,9.999906420707702637e-01,-9.999985098838806152e-01,-9.999990463256835938e-01,9.999989271163940430e-01,-9.999963641166687012e-01,-9.999992251396179199e-01,9.999977350234985352e-01,-9.999979138374328613e-01,9.999986886978149414e-01,9.999991059303283691e-01,-9.999984502792358398e-01,-9.999986886978149414e-01,-9.999827146530151367e-01,-9.999978542327880859e-01,-9.999979734420776367e-01,9.999988675117492676e-01,-9.999941587448120117e-01,9.999992251396179199e-01,9.999991655349731445e-01,-9.999899864196777344e-01,-9.999986290931701660e-01,-9.999987483024597168e-01,-9.999912381172180176e-01,-9.999991059303283691e-01,9.999987483024597168e-01,9.999991655349731445e-01,-9.999843835830688477e-01,9.999964237213134766e-01,9.999948740005493164e-01,9.999987483024597168e-01,-9.999937415122985840e-01,-9.999976754188537598e-01,9.999974966049194336e-01,9.999823570251464844e-01,-9.999992251396179199e-01,-9.999988675117492676e-01,-9.999940991401672363e-01,9.999991059303283691e-01,-9.999988079071044922e-01,9.999972581863403320e-01,-9.999755024909973145e-01,-9.999989271163940430e-01,-9.999983906745910645e-01,-9.999985098838806152e-01,9.999748468399047852e-01,-9.999986290931701660e-01,-9.999990463256835938e-01,9.999988675117492676e-01,9.999989271163940430e-01,9.999982118606567383e-01,9.999989271163940430e-01,9.999930262565612793e-01,9.999977350234985352e-01,9.999983906745910645e-01,9.999973773956298828e-01,-9.998764991760253906e-01,-9.999980926513671875e-01,-9.999986290931701660e-01,9.999983906745910645e-01,-9.999991655349731445e-01,-9.999985694885253906e-01,-9.999958872795104980e-01,9.999964833259582520e-01,9.999990463256835938e-01,9.999992251396179199e-01,9.999960660934448242e-01,9.999990463256835938e-01,-9.999989271163940430e-01,9.999989271163940430e-01,-9.999983906745910645e-01,-9.999967217445373535e-01,9.999935626983642578e-01,9.999464750289916992e-01,9.999985098838806152e-01,-9.999940395355224609e-01,-9.999988675117492676e-01,9.999942779541015625e-01,9.999971985816955566e-01,9.999531507492065430e-01,-9.999979734420776367e-01,9.999990463256835938e-01,-9.999970793724060059e-01,9.999985694885253906e-01,9.999889731407165527e-01,-9.999915361404418945e-01,-9.999991059303283691e-01,-9.999471902847290039e-01,-9.999961853027343750e-01,9.999982714653015137e-01,-9.999986290931701660e-01,9.999807476997375488e-01,9.999984502792358398e-01,-9.999987483024597168e-01,9.999983310699462891e-01,9.999933242797851562e-01,-9.999991655349731445e-01,9.999990463256835938e-01,-9.999920725822448730e-01,9.999975562095642090e-01,-9.999988675117492676e-01,9.999778866767883301e-01,9.999707937240600586e-01,-9.999988079071044922e-01,-9.999976158142089844e-01,9.999213814735412598e-01,9.999982118606567383e-01,9.999951720237731934e-01,-9.999987483024597168e-01,9.999983310699462891e-01,-9.999988079071044922e-01,9.999985098838806152e-01,9.999864101409912109e-01,-9.999992251396179199e-01,9.999984502792358398e-01,-9.999991059303283691e-01,9.999988675117492676e-01,9.999954104423522949e-01,9.999984502792358398e-01,9.999991059303283691e-01,-9.999966621398925781e-01,-9.999988079071044922e-01,9.999979734420776367e-01,9.999782443046569824e-01,9.999963045120239258e-01,-9.999905228614807129e-01,9.999976158142089844e-01
-9.999886751174926758e-01,9.999906420707702637e-01,9.999257326126098633e-01,-9.999885559082031250e-01,-9.999928474426269531e-01,9.999916553497314453e-01,-9.999718070030212402e-01,-9.999935626983642578e-01,9.999829530715942383e-01,-9.999839067459106445e-01,9.999898672103881836e-01,9.999928474426269531e-01,-9.999878406524658203e-01,-9.999889731407165527e-01,-9.998624920845031738e-01,-9.999827742576599121e-01,-9.999843239784240723e-01,9.999911785125732422e-01,-9.999530911445617676e-01,9.999938011169433594e-01,9.999930858612060547e-01,-9.999203681945800781e-01,-9.999894499778747559e-01,-9.999899864196777344e-01,-9.999297857284545898e-01,-9.999934434890747070e-01,9.999899864196777344e-01,9.999929666519165039e-01,-9.998757839202880859e-01,9.999719858169555664e-01,9.999594688415527344e-01,9.999903440475463867e-01,-9.999501705169677734e-01,-9.999818801879882812e-01,9.999804496765136719e-01,9.998595118522644043e-01,-9.999933838844299316e-01,-9.999909996986389160e-01,-9.999530315399169922e-01,9.999928474426269531e-01,-9.999906420707702637e-01,9.999783635139465332e-01,-9.998056292533874512e-01,-9.999920129776000977e-01,-9.999874830245971680e-01,-9.999881386756896973e-01,9.998003244400024414e-01,-9.999887347221374512e-01,-9.999921321868896484e-01,9.999907612800598145e-01,9.999916553497314453e-01,9.999859333038330078e-01,9.999920129776000977e-01,9.999445080757141113e-01,9.999821782112121582e-01,9.999877214431762695e-01,9.999801516532897949e-01,-9.990217089653015137e-01,-9.999852776527404785e-01,-9.999894499778747559e-01,9.999867081642150879e-01,-9.999929666519165039e-01,-9.999888539314270020e-01,-9.999674558639526367e-01,9.999719262123107910e-01,9.999922513961791992e-01,9.999935030937194824e-01,9.999685287475585938e-01,9.999921321868896484e-01,-9.999918341636657715e-01,9.999915957450866699e-01,-9.999873638153076172e-01,-9.999744296073913574e-01,9.999487996101379395e-01,9.995757341384887695e-01,9.999885559082031250e-01,-9.999527335166931152e-01,-9.999916553497314453e-01,9.999547600746154785e-01,9.999787807464599609e-01,9.996287226676940918e-01,-9.999842643737792969e-01,9.999924302101135254e-01,-9.999771714210510254e-01,9.999887347221374512e-01,9.999123811721801758e-01,-9.999322295188903809e-01,-9.999927282333374023e-01,-9.995813369750976562e-01,-9.999701380729675293e-01,9.999859333038330078e-01,-9.999892711639404297e-01,9.998464584350585938e-01,9.999870657920837402e-01,-9.999900460243225098e-01,9.999868273735046387e-01,9.999471902847290039e-01,-9.999932646751403809e-01,9.999920725822448730e-01,-9.999372363090515137e-01,9.999808073043823242e-01,-9.999916553497314453e-01,9.998244643211364746e-01,9.997681379318237305e-01,-9.999906420707702637e-01,-9.999821186065673828e-01,9.993770718574523926e-01,9.999867677688598633e-01,9.999618530273437500e-01,-9.999903440475463867e-01,9.999876022338867188e-01,-9.999905228614807129e-01,9.999883770942687988e-01,9.998921155929565430e-01,-9.999935030937194824e-01,9.999884963035583496e-01,-9.999924898147583008e-01,9.999911189079284668e-01,9.999632239341735840e-01,9.999879598617553711e-01,9.999923706054687500e-01,-9.999729990959167480e-01,-9.999907016754150391e-01,9.999842643737792969e-01,9.998275041580200195e-01,9.999711513519287109e-01,-9.999247789382934570e-01,9.999816417694091797e-01
9.999982118606567383e-01,-9.999985098838806152e-01,-9.999885559082031250e-01,9.999982118606567383e-01,9.999988079071044922e-01,-9.999986886978149414e-01,9.999955892562866211e-01,9.999989867210388184e-01,-9.999973177909851074e-01,9.999974966049194336e-01,-9.999983906745910645e-01,-9.999988675117492676e-01,9.999980926513671875e-01,9.999982714653015137e-01,9.999788403511047363e-01,9.999973177909851074e-01,9.999974966049194336e-01,-9.999986290931701660e-01,9.999927282333374023e-01,-9.999991059303283691e-01,-9.999989271163940430e-01,9.999876022338867188e-01,9.999983310699462891e-01,9.999984502792358398e-01,9.999891519546508789e-01,9.999989271163940430e-01,-9.999984502792358398e-01,-9.999988675117492676e-01,9.999807476997375488e-01,-9.999955892562866211e-01,-9.999937415122985840e-01,-9.999984502792358398e-01,9.999923110008239746e-01,9.999971389770507812e-01,-9.999969601631164551e-01,-9.999783039093017578e-01,9.999989867210388184e-01,9.999985694885253906e-01,9.999927282333374023e-01,-9.999988675117492676e-01,9.999985098838806152e-01,-9.999966025352478027e-01,9.999700188636779785e-01,9.999987483024597168e-01,9.999980330467224121e-01,9.999980330467224121e-01,-9.999691843986511230e-01,9.999983310699462891e-01,9.999987483024597168e-01,-9.999985098838806152e-01,-9.999986886978149414e-01,-9.999977946281433105e-01,-9.999987483024597168e-01,-9.999914169311523438e-01,-9.999971985816955566e-01,-9.999980926513671875e-01,-9.999967813491821289e-01,9.998487234115600586e-01,9.999976754188537598e-01,9.999983310699462891e-01,-9.999979138374328613e-01,9.999988675117492676e-01,9.999982118606567383e-01,9.999949336051940918e-01,-9.999956488609313965e-01,-9.999988079071044922e-01,-9.999989271163940430e-01,-9.999951124191284180e-01,-9.999986886978149414e-01,9.999986290931701660e-01,-9.999986886978149414e-01,9.999980330467224121e-01,9.999960660934448242e-01,-9.999920129776000977e-01,-9.999344348907470703e-01,-9.999982118606567383e-01,9.999927282333374023e-01,9.999986886978149414e-01,-9.999931454658508301e-01,-9.999966621398925781e-01,-9.999424815177917480e-01,9.999974370002746582e-01,-9.999988079071044922e-01,9.999964237213134766e-01,-9.999982118606567383e-01,-9.999864697456359863e-01,9.999896287918090820e-01,9.999988675117492676e-01,9.999352097511291504e-01,9.999954700469970703e-01,-9.999977946281433105e-01,9.999983310699462891e-01,-9.999763369560241699e-01,-9.999979734420776367e-01,9.999984502792358398e-01,-9.999979138374328613e-01,-9.999917745590209961e-01,9.999989271163940430e-01,-9.999987483024597168e-01,9.999904036521911621e-01,-9.999969601631164551e-01,9.999986290931701660e-01,-9.999729394912719727e-01,-9.999641776084899902e-01,9.999985098838806152e-01,9.999971985816955566e-01,-9.999036788940429688e-01,-9.999978542327880859e-01,-9.999940991401672363e-01,9.999983906745910645e-01,-9.999980330467224121e-01,9.999985098838806152e-01,-9.999981522560119629e-01,-9.999833106994628906e-01,9.999989271163940430e-01,-9.999982118606567383e-01,9.999988079071044922e-01,-9.999986290931701660e-01,-9.999943375587463379e-01,-9.999980926513671875e-01,-9.999987483024597168e-01,9.999958276748657227e-01,9.999985694885253906e-01,-9.999975562095642090e-01,-9.999733567237854004e-01,-9.999954700469970703e-01,9.999883770942687988e-01,-9.999971389770507812e-01
9.999988079071044922e-01,-9.999990463256835938e-01,-9.999928474426269531e-01,9.999988079071044922e-01,9.999992251396179199e-01,-9.999991059303283691e-01,9.999972581863403320e-01,9.999994039535522461e-01,-9.999983310699462891e-01,9.999983310699462891e-01,-9.999990463256835938e-01,-9.999993443489074707e-01,9.999988079071044922e-01,9.999988675117492676e-01,9.999867081642150879e-01,9.999983310699462891e-01,9.999983906745910645e-01,-9.999991655349731445e-01,9.999954700469970703e-01,-9.999994039535522461e-01,-9.999993443489074707e-01,9.999923110008239746e-01,9.999989271163940430e-01,9.999991059303283691e-01,9.999930858612060547e-01,9.999992251396179199e-01,-9.999989867210388184e-01,-9.999992847442626953e-01,9.999879002571105957e-01,-9.999971985816955566e-01,-9.999960064888000488e-01,-9.999991059303283691e-01,9.999951720237731934e-01,9.999980926513671875e-01,-9.999979734420776367e-01,-9.999864101409912109e-01,9.999994039535522461e-01,9.999991655349731445e-01,9.999954104423522949e-01,-9.999993443489074707e-01,9.999990463256835938e-01,-9.999978542327880859e-01,9.999811649322509766e-01,9.999991655349731445e-01,9.999986886978149414e-01,9.999987483024597168e-01,-9.999806284904479980e-01,9.999988675117492676e-01,9.999992847442626953e-01,-9.999991655349731445e-01,-9.999992251396179199e-01,-9.999986290931701660e-01,-9.999991655349731445e-01,-9.999946355819702148e-01,-9.999982714653015137e-01,-9.999986886978149414e-01,-9.999980330467224121e-01,9.999051690101623535e-01,9.999985694885253906e-01,9.999989867210388184e-01,-9.999986886978149414e-01,9.999992847442626953e-01,9.999989271163940430e-01,9.999968409538269043e-01,-9.999972581863403320e-01,-9.999992847442626953e-01,-9.999994039535522461e-01,-9.999969005584716797e-01,-9.999991655349731445e-01,9.999991655349731445e-01,-9.999991059303283691e-01,9.999987483024597168e-01,9.999973773956298828e-01,-9.999949932098388672e-01,-9.999588727951049805e-01,-9.999988079071044922e-01,9.999953508377075195e-01,9.999991059303283691e-01,-9.999956488609313965e-01,-9.999978542327880859e-01,-9.999639987945556641e-01,9.999984502792358398e-01,-9.999994039535522461e-01,9.999976158142089844e-01,-9.999988675117492676e-01,-9.999915361404418945e-01,9.999934434890747070e-01,9.999993443489074707e-01,9.999594092369079590e-01,9.999970793724060059e-01,-9.999986886978149414e-01,9.999989271163940430e-01,-9.999851584434509277e-01,-9.999987483024597168e-01,9.999991059303283691e-01,-9.999986886978149414e-01,-9.999948143959045410e-01,9.999993443489074707e-01,-9.999992847442626953e-01,9.999939203262329102e-01,-9.999980330467224121e-01,9.999991655349731445e-01,-9.999830722808837891e-01,-9.999775886535644531e-01,9.999991655349731445e-01,9.999982714653015137e-01,-9.999396800994873047e-01,-9.999986290931701660e-01,-9.999962449073791504e-01,9.999991059303283691e-01,-9.999986886978149414e-01,9.999991059303283691e-01,-9.999988675117492676e-01,-9.999895691871643066e-01,9.999993443489074707e-01,-9.999988079071044922e-01,9.999992251396179199e-01,-9.999990463256835938e-01,-9.999963641166687012e-01,-9.999987483024597168e-01,-9.999992847442626953e-01,9.999973773956298828e-01,9.999991655349731445e-01,-9.999984502792358398e-01,-9.999833106994628906e-01,-9.999970793724060059e-01,9.999926090240478516e-01,-9.999982118606567383e-01
-9.999986886978149414e-01,9.999989271163940430e-01,9.999916553497314453e-01,-9.999986886978149414e-01,-9.999991059303283691e-01,9.999991059303283691e-01,-9.999967813491821289e-01,-9.999994039535522461e-01,9.999979734420776367e-01,-9.999980330467224121e-01,9.999988079071044922e-01,9.999992251396179199e-01,-9.999986290931701660e-01,-9.999987483024597168e-01,-9.999845623970031738e-01,-9.999980330467224121e-01,-9.999980926513671875e-01,9.999989271163940430e-01,-9.999947547912597656e-01,9.999993443489074707e-01,9.999992847442626953e-01,-9.999910593032836914e-01,-9.999988079071044922e-01,-9.999988675117492676e-01,-9.999921321868896484e-01,-9.999992251396179199e-01,9.999988079071044922e-01,9.999992251396179199e-01,-9.999859929084777832e-01,9.999968409538269043e-01,9.999954700469970703e-01,9.999989867210388184e-01,-9.999943971633911133e-01,-9.999979138374328613e-01,9.999977946281433105e-01,9.999842643737792969e-01,-9.999992847442626953e-01,-9.999989867210388184e-01,-9.999946355819702148e-01,9.999992251396179199e-01,-9.999989271163940430e-01,9.999975562095642090e-01,-9.999782443046569824e-01,-9.999991655349731445e-01,-9.999985694885253906e-01,-9.999985694885253906e-01,9.999775290489196777e-01,-9.999988079071044922e-01,-9.999991655349731445e-01,9.999989271163940430e-01,9.999989867210388184e-01,9.999983906745910645e-01,9.999991655349731445e-01,9.999938607215881348e-01,9.999979734420776367e-01,9.999985694885253906e-01,9.999976754188537598e-01,-9.998901486396789551e-01,-9.999983310699462891e-01,-9.999988079071044922e-01,9.999985098838806152e-01,-9.999991655349731445e-01,-9.999987483024597168e-01,-9.999963045120239258e-01,9.999967813491821289e-01,9.999991655349731445e-01,9.999992251396179199e-01,9.999964237213134766e-01,9.999991655349731445e-01,-9.999991059303283691e-01,9.999989867210388184e-01,-9.999985694885253906e-01,-9.999970793724060059e-01,9.999942779541015625e-01,9.999523758888244629e-01,9.999986886978149414e-01,-9.999946951866149902e-01,-9.999991059303283691e-01,9.999949336051940918e-01,9.999974966049194336e-01,9.999582767486572266e-01,-9.999982118606567383e-01,9.999991655349731445e-01,-9.999973177909851074e-01,9.999988079071044922e-01,9.999901652336120605e-01,-9.999925494194030762e-01,-9.999992251396179199e-01,-9.999530315399169922e-01,-9.999966025352478027e-01,9.999983906745910645e-01,-9.999988079071044922e-01,9.999828338623046875e-01,9.999985098838806152e-01,-9.999988675117492676e-01,9.999985098838806152e-01,9.999940991401672363e-01,-9.999992847442626953e-01,9.999992847442626953e-01,-9.999930858612060547e-01,9.999977946281433105e-01,-9.999989867210388184e-01,9.999803304672241211e-01,9.999740123748779297e-01,-9.999989271163940430e-01,-9.999979734420776367e-01,9.999300241470336914e-01,9.999983906745910645e-01,9.999957084655761719e-01,-9.999989271163940430e-01,9.999985098838806152e-01,-9.999988675117492676e-01,9.999987483024597168e-01,9.999879002571105957e-01,-9.999992251396179199e-01,9.999986290931701660e-01,-9.999991059303283691e-01,9.999989867210388184e-01,9.999958872795104980e-01,9.999985694885253906e-01,9.999991655349731445e-01,-9.999969005584716797e-01,-9.999989271163940430e-01,9.999983310699462891e-01,9.999806880950927734e-01,9.999966025352478027e-01,-9.999915361404418945e-01,9.999979138374328613e-01
9.999957084655761719e-01,-9.999963641166687012e-01,-9.999718070030212402e-01,9.999955892562866211e-01,9.999972581863403320e-01,-9.999967813491821289e-01,9.999892711639404297e-01,9.999974966049194336e-01,-9.999934434890747070e-01,9.999938607215881348e-01,-9.999960660934448242e-01,-9.999971985816955566e-01,9.999952912330627441e-01,9.999958276748657227e-01,9.999476671218872070e-01,9.999934434890747070e-01,9.999939203262329102e-01,-9.999964833259582520e-01,9.999821186065673828e-01,-9.999976158142089844e-01,-9.999973177909851074e-01,9.999697804450988770e-01,9.999960064888000488e-01,9.999960064888000488e-01,9.999732375144958496e-01,9.999973773956298828e-01,-9.999960064888000488e-01,-9.999972581863403320e-01,9.999526739120483398e-01,-9.999892711639404297e-01,-9.999846220016479492e-01,-9.999963641166687012e-01,9.999811053276062012e-01,9.999931454658508301e-01,-9.999925494194030762e-01,-9.999465346336364746e-01,9.999974370002746582e-01,9.999964237213134766e-01,9.999821186065673828e-01,-9.999971985816955566e-01,9.999963045120239258e-01,-9.999918341636657715e-01,9.999260306358337402e-01,9.999969005584716797e-01,9.999952316284179688e-01,9.999954104423522949e-01,-9.999240040779113770e-01,9.999957084655761719e-01,9.999969005584716797e-01,-9.999964237213134766e-01,-9.999967813491821289e-01,-9.999946355819702148e-01,-9.999969005584716797e-01,-9.999789595603942871e-01,-9.999932050704956055e-01,-9.999952912330627441e-01,-9.999924898147583008e-01,9.996279478073120117e-01,9.999943971633911133e-01,9.999960064888000488e-01,-9.999949336051940918e-01,9.999972581863403320e-01,9.999957084655761719e-01,9.999876618385314941e-01,-9.999892711639404297e-01,-9.999970197677612305e-01,-9.999974370002746582e-01,-9.999880194664001465e-01,-9.999969601631164551e-01,9.999967813491821289e-01,-9.999966621398925781e-01,9.999951124191284180e-01,9.999901652336120605e-01,-9.999805092811584473e-01,-9.998387098312377930e-01,-9.999956488609313965e-01,9.999820590019226074e-01,9.999966621398925781e-01,-9.999828338623046875e-01,-9.999918937683105469e-01,-9.998587965965270996e-01,9.999939203262329102e-01,-9.999970197677612305e-01,9.999912381172180176e-01,-9.999956488609313965e-01,-9.999666213989257812e-01,9.999742507934570312e-01,9.999971985816955566e-01,9.998408555984497070e-01,9.999886751174926758e-01,-9.999946355819702148e-01,9.999959468841552734e-01,-9.999415874481201172e-01,-9.999950528144836426e-01,9.999961853027343750e-01,-9.999949932098388672e-01,-9.999799728393554688e-01,9.999973773956298828e-01,-9.999969601631164551e-01,9.999762177467346191e-01,-9.999927282333374023e-01,9.999967217445373535e-01,-9.999332427978515625e-01,-9.999117851257324219e-01,9.999963641166687012e-01,9.999932050704956055e-01,-9.997631907463073730e-01,-9.999948740005493164e-01,-9.999855160713195801e-01,9.999963045120239258e-01,-9.999952316284179688e-01,9.999963641166687012e-01,-9.999955892562866211e-01,-9.999589920043945312e-01,9.999974370002746582e-01,-9.999955892562866211e-01,9.999971389770507812e-01,-9.999964833259582520e-01,-9.999859333038330078e-01,-9.999953508377075195e-01,-9.999970793724060059e-01,9.999897480010986328e-01,9.999964237213134766e-01,-9.999940395355224609e-01,-9.999343156814575195e-01,-9.999890923500061035e-01,9.999714493751525879e-01,-9.999929666519165039e-01
9.999989867210388184e-01,-9.999992251396179199e-01,-9.999935626983642578e-01,9.999989867210388184e-01,9.999994039535522461e-01,-9.999994039535522461e-01,9.999974966049194336e-01,9.999995231628417969e-01,-9.999984502792358398e-01,9.999986290931701660e-01,-9.999991655349731445e-01,-9.999994039535522461e-01,9.999989271163940430e-01,9.999990463256835938e-01,9.999879598617553711e-01,9.999984502792358398e-01,9.999985694885253906e-01,-9.999993443489074707e-01,9.999959468841552734e-01,-9.999995231628417969e-01,-9.999994635581970215e-01,9.999930858612060547e-01,9.999992251396179199e-01,9.999991655349731445e-01,9.999938011169433594e-01,9.999994635581970215e-01,-9.999990463256835938e-01,-9.999994039535522461e-01,9.999890327453613281e-01,-9.999974966049194336e-01,-9.999964833259582520e-01,-9.999992847442626953e-01,9.999956488609313965e-01,9.999984502792358398e-01,-9.999982714653015137e-01,-9.999876022338867188e-01,9.999994635581970215e-01,9.999993443489074707e-01,9.999958872795104980e-01,-9.999994635581970215e-01,9.999992251396179199e-01,-9.999981522560119629e-01,9.999828934669494629e-01,9.999993443489074707e-01,9.999988675117492676e-01,9.999989271163940430e-01,-9.999824166297912598e-01,9.999990463256835938e-01,9.999994039535522461e-01,-9.999992847442626953e-01,-9.999992847442626953e-01,-9.999987483024597168e-01,-9.999993443489074707e-01,-9.999951720237731934e-01,-9.999983906745910645e-01,-9.999989867210388184e-01,-9.999982118606567383e-01,9.999135732650756836e-01,9.999987483024597168e-01,9.999991059303283691e-01,-9.999988675117492676e-01,9.999994039535522461e-01,9.999991655349731445e-01,9.999971985816955566e-01,-9.999974966049194336e-01,-9.999994039535522461e-01,-9.999994635581970215e-01,-9.999972581863403320e-01,-9.999993443489074707e-01,9.999993443489074707e-01,-9.999992847442626953e-01,9.999988675117492676e-01,9.999977946281433105e-01,-9.999954700469970703e-01,-9.999626278877258301e-01,-9.999989867210388184e-01,9.999958276748657227e-01,9.999992847442626953e-01,-9.999959468841552734e-01,-9.999980926513671875e-01,-9.999672174453735352e-01,9.999985694885253906e-01,-9.999994039535522461e-01,9.999979734420776367e-01,-9.999990463256835938e-01,-9.999922513961791992e-01,9.999940395355224609e-01,9.999994635581970215e-01,9.999630451202392578e-01,9.999973773956298828e-01,-9.999988079071044922e-01,9.999991059303283691e-01,-9.999864697456359863e-01,-9.999989271163940430e-01,9.999991655349731445e-01,-9.999988079071044922e-01,-9.999953508377075195e-01,9.999994039535522461e-01,-9.999994039535522461e-01,9.999945163726806641e-01,-9.999982714653015137e-01,9.999992251396179199e-01,-9.999845027923583984e-01,-9.999795556068420410e-01,9.999992847442626953e-01,9.999983906745910645e-01,-9.999449849128723145e-01,-9.999988079071044922e-01,-9.999966621398925781e-01,9.999991655349731445e-01,-9.999988079071044922e-01,9.999992847442626953e-01,-9.999989867210388184e-01,-9.999905824661254883e-01,9.999994635581970215e-01,-9.999989867210388184e-01,9.999994635581970215e-01,-9.999992251396179199e-01,-9.999967813491821289e-01,-9.999989271163940430e-01,-9.999994635581970215e-01,9.999975562095642090e-01,9.999992251396179199e-01,-9.999986886978149414e-01,-9.999848008155822754e-01,-9.999974370002746582e-01,9.999933838844299316e-01,-9.999983310699462891e-01
-9.999973773956298828e-01,9.999977350234985352e-01,9.999829530715942383e-01,-9.999973177909851074e-01,-9.999983310699462891e-01,9.999979734420776367e-01,-9.999934434890747070e-01,-9.999984502792358398e-01,9.999960660934448242e-01,-9.999961256980895996e-01,9.999976158142089844e-01,9.999983310699462891e-01,-9.999970793724060059e-01,-9.999973773956298828e-01,-9.999685287475585938e-01,-9.999960064888000488e-01,-9.999962449073791504e-01,9.999979734420776367e-01,-9.999892711639404297e-01,9.999985694885253906e-01,9.999983906745910645e-01,-9.999817013740539551e-01,-9.999974966049194336e-01,-9.999976754188537598e-01,-9.999838471412658691e-01,-9.999983906745910645e-01,9.999976158142089844e-01,9.999983310699462891e-01,-9.999715089797973633e-01,9.999935030937194824e-01,9.999907016754150391e-01,9.999977350234985352e-01,-9.999886155128479004e-01,-9.999957680702209473e-01,9.999954700469970703e-01,9.999677538871765137e-01,-9.999984502792358398e-01,-9.999978542327880859e-01,-9.999891519546508789e-01,9.999983310699462891e-01,-9.999977350234985352e-01,9.999950528144836426e-01,-9.999554753303527832e-01,-9.999981522560119629e-01,-9.999970197677612305e-01,-9.999971389770507812e-01,9.999541044235229492e-01,-9.999974370002746582e-01,-9.999981522560119629e-01,9.999978542327880859e-01,9.999979734420776367e-01,9.999966621398925781e-01,9.999980330467224121e-01,9.999873042106628418e-01,9.999958276748657227e-01,9.999971389770507812e-01,9.999954104423522949e-01,-9.997755885124206543e-01,-9.999966025352478027e-01,-9.999975562095642090e-01,9.999969005584716797e-01,-9.999982714653015137e-01,-9.999974370002746582e-01,-9.999925494194030762e-01,9.999935626983642578e-01,9.999980926513671875e-01,9.999983906745910645e-01,9.999927878379821777e-01,9.999980926513671875e-01,-9.999980330467224121e-01,9.999979138374328613e-01,-9.999970793724060059e-01,-9.999940991401672363e-01,9.999881982803344727e-01,9.999027252197265625e-01,9.999972581863403320e-01,-9.999892115592956543e-01,-9.999979138374328613e-01,9.999897480010986328e-01,9.999950528144836426e-01,9.999148249626159668e-01,-9.999962449073791504e-01,9.999982118606567383e-01,-9.999946951866149902e-01,9.999973773956298828e-01,9.999799728393554688e-01,-9.999845027923583984e-01,-9.999983310699462891e-01,-9.999040365219116211e-01,-9.999931454658508301e-01,9.999967217445373535e-01,-9.999974370002746582e-01,9.999647736549377441e-01,9.999969601631164551e-01,-9.999976754188537598e-01,9.999969601631164551e-01,9.999878406524658203e-01,-9.999983906745910645e-01,9.999981522560119629e-01,-9.999856352806091309e-01,9.999955296516418457e-01,-9.999978542327880859e-01,9.999597668647766113e-01,9.999468326568603516e-01,-9.999978542327880859e-01,-9.999958276748657227e-01,9.998571276664733887e-01,9.999969005584716797e-01,9.999912977218627930e-01,-9.999977350234985352e-01,9.999970197677612305e-01,-9.999977350234985352e-01,9.999972581863403320e-01,9.999752044677734375e-01,-9.999985098838806152e-01,9.999971985816955566e-01,-9.999981522560119629e-01,9.999978542327880859e-01,9.999915957450866699e-01,9.999971389770507812e-01,9.999980926513671875e-01,-9.999938011169433594e-01,-9.999978542327880859e-01,9.999963641166687012e-01,9.999604225158691406e-01,9.999933838844299316e-01,-9.999827146530151367e-01,9.999957680702209473e-01
9.999974966049194336e-01,-9.999979138374328613e-01,-9.999839067459106445e-01,9.999974966049194336e-01,9.999983310699462891e-01,-9.999980330467224121e-01,9.999938607215881348e-01,9.999986290931701660e-01,-9.999961256980895996e-01,9.999964237213134766e-01,-9.999977350234985352e-01,-9.999983906745910645e-01,9.999973177909851074e-01,9.999975562095642090e-01,9.999701380729675293e-01,9.999961853027343750e-01,9.999964237213134766e-01,-9.999980330467224121e-01,9.999898076057434082e-01,-9.999986290931701660e-01,-9.999984502792358398e-01,9.999827146530151367e-01,9.999977350234985352e-01,9.999977946281433105e-01,9.999846220016479492e-01,9.999984502792358398e-01,-9.999977350234985352e-01,-9.999983906745910645e-01,9.999730587005615234e-01,-9.999938011169433594e-01,-9.999911785125732422e-01,-9.999979138374328613e-01,9.999892115592956543e-01,9.999960064888000488e-01,-9.999957680702209473e-01,-9.999694824218750000e-01,9.999985694885253906e-01,9.999980330467224121e-01,9.999897480010986328e-01,-9.999983906745910645e-01,9.999979138374328613e-01,-9.999952912330627441e-01,9.999577403068542480e-01,9.999981522560119629e-01,9.999972581863403320e-01,9.999973177909851074e-01,-9.999564886093139648e-01,9.999974966049194336e-01,9.999982714653015137e-01,-9.999979138374328613e-01,-9.999981522560119629e-01,-9.999969005584716797e-01,-9.999981522560119629e-01,-9.999879598617553711e-01,-9.999960660934448242e-01,-9.999972581863403320e-01,-9.999956488609313965e-01,9.997873306274414062e-01,9.999967813491821289e-01,9.999976754188537598e-01,-9.999970793724060059e-01,9.999984502792358398e-01,9.999974966049194336e-01,9.999929666519165039e-01,-9.999938607215881348e-01,-9.999982714653015137e-01,-9.999985694885253906e-01,-9.999931454658508301e-01,-9.999981522560119629e-01,9.999980926513671875e-01,-9.999981522560119629e-01,9.999971985816955566e-01,9.999943971633911133e-01,-9.999887943267822266e-01,-9.999076724052429199e-01,-9.999974966049194336e-01,9.999897480010986328e-01,9.999981522560119629e-01,-9.999902844429016113e-01,-9.999954104423522949e-01,-9.999192357063293457e-01,9.999964237213134766e-01,-9.999983906745910645e-01,9.999949932098388672e-01,-9.999974966049194336e-01,-9.999809861183166504e-01,9.999852776527404785e-01,9.999983906745910645e-01,9.999089837074279785e-01,9.999935030937194824e-01,-9.999969005584716797e-01,9.999976158142089844e-01,-9.999666213989257812e-01,-9.999971389770507812e-01,9.999977946281433105e-01,-9.999970793724060059e-01,-9.999884366989135742e-01,9.999985098838806152e-01,-9.999982714653015137e-01,9.999863505363464355e-01,-9.999958276748657227e-01,9.999980926513671875e-01,-9.999618530273437500e-01,-9.999495744705200195e-01,9.999979138374328613e-01,9.999960660934448242e-01,-9.998645782470703125e-01,-9.999970197677612305e-01,-9.999917149543762207e-01,9.999978542327880859e-01,-9.999972581863403320e-01,9.999978542327880859e-01,-9.999974966049194336e-01,-9.999765157699584961e-01,9.999985098838806152e-01,-9.999973773956298828e-01,9.999983310699462891e-01,-9.999979138374328613e-01,-9.999920129776000977e-01,-9.999972581863403320e-01,-9.999983310699462891e-01,9.999941587448120117e-01,9.999979734420776367e-01,-9.999965429306030273e-01,-9.999625086784362793e-01,-9.999937415122985840e-01,9.999836087226867676e-01,-9.999960064888000488e-01
-9.999983906745910645e-01,9.999986886978149414e-01,9.999898672103881836e-01,-9.999983906745910645e-01,-9.999990463256835938e-01,9.999988079071044922e-01,-9.999960660934448242e-01,-9.999991655349731445e-01,9.999976158142089844e-01,-9.999977350234985352e-01,9.999985694885253906e-01,9.999990463256835938e-01,-9.999982714653015137e-01,-9.999984502792358398e-01,-9.999811053276062012e-01,-9.999976754188537598e-01,-9.999977350234985352e-01,9.999987483024597168e-01,-9.999936223030090332e-01,9.999991655349731445e-01,9.999991059303283691e-01,-9.999890327453613281e-01,-9.999985694885253906e-01,-9.999986290931701660e-01,-9.999903440475463867e-01,-9.999991655349731445e-01,9.999986290931701660e-01,9.999990463256835938e-01,-9.999828338623046875e-01,9.999960660934448242e-01,9.999943971633911133e-01,9.999987483024597168e-01,-9.999931454658508301e-01,-9.999974966049194336e-01,9.999972581863403320e-01,9.999806284904479980e-01,-9.999991059303283691e-01,-9.999987483024597168e-01,-9.999934434890747070e-01,9.999990463256835938e-01,-9.999987483024597168e-01,9.999970793724060059e-01,-9.999731183052062988e-01,-9.999988079071044922e-01,-9.999982714653015137e-01,-9.999983310699462891e-01,9.999725222587585449e-01,-9.999985098838806152e-01,-9.999989271163940430e-01,9.999986886978149414e-01,9.999987483024597168e-01,9.999980330467224121e-01,9.999988675117492676e-01,9.999924898147583008e-01,9.999974966049194336e-01,9.999983906745910645e-01,9.999972581863403320e-01,-9.998649358749389648e-01,-9.999979734420776367e-01,-9.999985098838806152e-01,9.999981522560119629e-01,-9.999989867210388184e-01,-9.999984502792358398e-01,-9.999955296516418457e-01,9.999960660934448242e-01,9.999989867210388184e-01,9.999991655349731445e-01,9.999957084655761719e-01,9.999989271163940430e-01,-9.999988079071044922e-01,9.999988079071044922e-01,-9.999982118606567383e-01,-9.999964237213134766e-01,9.999929666519165039e-01,9.999414682388305664e-01,9.999985098838806152e-01,-9.999935030937194824e-01,-9.999988079071044922e-01,9.999938607215881348e-01,9.999970197677612305e-01,9.999486804008483887e-01,-9.999977946281433105e-01,9.999990463256835938e-01,-9.999968409538269043e-01,9.999984502792358398e-01,9.999879002571105957e-01,-9.999906420707702637e-01,-9.999989867210388184e-01,-9.999422430992126465e-01,-9.999959468841552734e-01,9.999980330467224121e-01,-9.999985098838806152e-01,9.999788403511047363e-01,9.999981522560119629e-01,-9.999986290931701660e-01,9.999982714653015137e-01,9.999927282333374023e-01,-9.999991059303283691e-01,9.999989867210388184e-01,-9.999914169311523438e-01,9.999973177909851074e-01,-9.999987483024597168e-01,9.999759197235107422e-01,9.999680519104003906e-01,-9.999986886978149414e-01,-9.999974966049194336e-01,9.999139904975891113e-01,9.999981522560119629e-01,9.999948143959045410e-01,-9.999986290931701660e-01,9.999981522560119629e-01,-9.999986886978149414e-01,9.999983906745910645e-01,9.999851584434509277e-01,-9.999990463256835938e-01,9.999982714653015137e-01,-9.999989271163940430e-01,9.999987483024597168e-01,9.999949932098388672e-01,9.999983310699462891e-01,9.999989271163940430e-01,-9.999962449073791504e-01,-9.999986886978149414e-01,9.999978542327880859e-01,9.999762177467346191e-01,9.999958276748657227e-01,-9.999896287918090820e-01,9.999974370002746582e-01
-9.999988675117492676e-01,9.999991059303283691e-01,9.999928474426269531e-01,-9.999988675117492676e-01,-9.999993443489074707e-01,9.999992251396179199e-01,-9.999971985816955566e-01,-9.999994039535522461e-01,9.999983310699462891e-01,-9.999983906745910645e-01,9.999990463256835938e-01,9.999994039535522461e-01,-9.999988079071044922e-01,-9.999989867210388184e-01,-9.999866485595703125e-01,-9.999982714653015137e-01,-9.999983310699462891e-01,9.999991655349731445e-01,-9.999954104423522949e-01,9.999994635581970215e-01,9.999993443489074707e-01,-9.999921917915344238e-01,-9.999989867210388184e-01,-9.999990463256835938e-01,-9.999931454658508301e-01,-9.999992847442626953e-01,9.999990463256835938e-01,9.999993443489074707e-01,-9.999878406524658203e-01,9.999971985816955566e-01,9.999960660934448242e-01,9.999992251396179199e-01,-9.999951720237731934e-01,-9.999982118606567383e-01,9.999980330467224121e-01,9.999863505363464355e-01,-9.999994039535522461e-01,-9.999991655349731445e-01,-9.999954104423522949e-01,9.999994039535522461e-01,-9.999991059303283691e-01,9.999979138374328613e-01,-9.999809861183166504e-01,-9.999992251396179199e-01,-9.999987483024597168e-01,-9.999988079071044922e-01,9.999804496765136719e-01,-9.999988675117492676e-01,-9.999992847442626953e-01,9.999991059303283691e-01,9.999992251396179199e-01,9.999986886978149414e-01,9.999992251396179199e-01,9.999946355819702148e-01,9.999982118606567383e-01,9.999988675117492676e-01,9.999980330467224121e-01,-9.999039769172668457e-01,-9.999985098838806152e-01,-9.999989271163940430e-01,9.999987483024597168e-01,-9.999993443489074707e-01,-9.999989271163940430e-01,-9.999967813491821289e-01,9.999971985816955566e-01,9.999993443489074707e-01,9.999994039535522461e-01,9.999969601631164551e-01,9.999991655349731445e-01,-9.999991655349731445e-01,9.999992251396179199e-01,-9.999987483024597168e-01,-9.999974966049194336e-01,9.999949932098388672e-01,9.999584555625915527e-01,9.999989271163940430e-01,-9.999954700469970703e-01,-9.999992251396179199e-01,9.999956488609313965e-01,9.999979138374328613e-01,9.999635815620422363e-01,-9.999984502792358398e-01,9.999993443489074707e-01,-9.999977350234985352e-01,9.999988675117492676e-01,9.999914169311523438e-01,-9.999934434890747070e-01,-9.999993443489074707e-01,-9.999589920043945312e-01,-9.999970793724060059e-01,9.999985694885253906e-01,-9.999989271163940430e-01,9.999849796295166016e-01,9.999986886978149414e-01,-9.999990463256835938e-01,9.999987483024597168e-01,9.999947547912597656e-01,-9.999993443489074707e-01,9.999992847442626953e-01,-9.999939203262329102e-01,9.999980926513671875e-01,-9.999992251396179199e-01,9.999828934669494629e-01,9.999773502349853516e-01,-9.999991059303283691e-01,-9.999983310699462891e-01,9.999389052391052246e-01,9.999986886978149414e-01,9.999963045120239258e-01,-9.999991059303283691e-01,9.999987483024597168e-01,-9.999991059303283691e-01,9.999989271163940430e-01,9.999894499778747559e-01,-9.999994039535522461e-01,9.999988079071044922e-01,-9.999994039535522461e-01,9.999991655349731445e-01,9.999963641166687012e-01,9.999988079071044922e-01,9.999992847442626953e-01,-9.999973177909851074e-01,-9.999991059303283691e-01,9.999984502792358398e-01,9.999831914901733398e-01,9.999971389770507812e-01,-9.999926090240478516e-01,9.999981522560119629e-01
