9.999983906745910645e-01,-9.999987483024597168e-01,-9.999932646751403809e-01,9.999979138374328613e-01,9.999989271163940430e-01,-9.999987483024597168e-01,9.999959468841552734e-01,9.999991059303283691e-01,-9.999971985816955566e-01,9.999980926513671875e-01,-9.999987483024597168e-01,-9.999989271163940430e-01,9.999980926513671875e-01,9.999985098838806152e-01,9.999914169311523438e-01,9.999966025352478027e-01,9.999974370002746582e-01,-9.999985098838806152e-01,9.999934434890747070e-01,-9.999991059303283691e-01,-9.999990463256835938e-01,9.999926686286926270e-01,9.999985694885253906e-01,9.999982714653015137e-01,9.999889135360717773e-01,9.999989271163940430e-01,-9.999983310699462891e-01,-9.999989867210388184e-01,9.999888539314270020e-01,-9.999959468841552734e-01,-9.999925494194030762e-01,-9.999983906745910645e-01,9.999893903732299805e-01,9.999964237213134766e-01,-9.999977350234985352e-01,9.998462796211242676e-01,9.999990463256835938e-01,9.999986290931701660e-01,9.999919533729553223e-01,-9.999989271163940430e-01,9.999987483024597168e-01,-9.999926090240478516e-01,9.999798536300659180e-01,9.999989271163940430e-01,9.999983906745910645e-01,9.999982714653015137e-01,-9.999933838844299316e-01,9.999984502792358398e-01,9.999988675117492676e-01,-9.999985098838806152e-01,-9.999988675117492676e-01,-9.999982714653015137e-01,-9.999988675117492676e-01,-9.999929070472717285e-01,-9.999982118606567383e-01,-9.999980926513671875e-01,-9.999952912330627441e-01,9.999691247940063477e-01,9.999971985816955566e-01,9.999984502792358398e-01,-9.999983906745910645e-01,9.999989867210388184e-01,9.999983906745910645e-01,9.999954700469970703e-01,-9.999955296516418457e-01,-9.999987483024597168e-01,-9.999991059303283691e-01,-9.999959468841552734e-01,-9.999989271163940430e-01,9.999986290931701660e-01,-9.999987483024597168e-01,9.999977946281433105e-01,9.999911189079284668e-01,-9.999936223030090332e-01,-9.999756813049316406e-01,-9.999983310699462891e-01,9.999929666519165039e-01,9.999987483024597168e-01,-9.999944567680358887e-01,-9.999962449073791504e-01,9.999678134918212891e-01,9.999977350234985352e-01,-9.999988675117492676e-01,9.999979734420776367e-01,-9.999982118606567383e-01,-9.999893307685852051e-01,9.999812245368957520e-01,9.999989271163940430e-01,9.999843835830688477e-01,9.999333024024963379e-01,-9.999966025352478027e-01,9.999983906745910645e-01,-9.999820590019226074e-01,-9.999977350234985352e-01,9.999980926513671875e-01,-9.999979138374328613e-01,-9.999914765357971191e-01,9.999990463256835938e-01,-9.999987483024597168e-01,9.999957680702209473e-01,-9.999967813491821289e-01,9.999988675117492676e-01,-9.999343752861022949e-01,5.550878643989562988e-01,9.999986290931701660e-01,9.999973177909851074e-01,-9.999780058860778809e-01,-9.999983310699462891e-01,-9.999940395355224609e-01,9.999985098838806152e-01,-9.999985694885253906e-01,9.999982714653015137e-01,-9.999983310699462891e-01,-9.999687671661376953e-01,9.999991059303283691e-01,-9.999977946281433105e-01,9.999989867210388184e-01,-9.999983310699462891e-01,-9.999949932098388672e-01,-9.999978542327880859e-01,-9.999988079071044922e-01,9.999964237213134766e-01,9.999983310699462891e-01,-9.999976754188537598e-01,-9.999888539314270020e-01,-9.999955296516418457e-01,9.999905824661254883e-01,-9.999957084655761719e-01
-9.999987483024597168e-01,9.999989867210388184e-01,9.999945759773254395e-01,-9.999983906745910645e-01,-9.999991655349731445e-01,9.999989271163940430e-01,-9.999966025352478027e-01,-9.999992251396179199e-01,9.999977350234985352e-01,-9.999985098838806152e-01,9.999990463256835938e-01,9.999991655349731445e-01,-9.999984502792358398e-01,-9.999988675117492676e-01,-9.999929070472717285e-01,-9.999971985816955566e-01,-9.999978542327880859e-01,9.999987483024597168e-01,-9.999946951866149902e-01,9.999994039535522461e-01,9.999992251396179199e-01,-9.999939799308776855e-01,-9.999988675117492676e-01,-9.999986290931701660e-01,-9.999908804893493652e-01,-9.999992251396179199e-01,9.999986290931701660e-01,9.999992847442626953e-01,-9.999909400939941406e-01,9.999966025352478027e-01,9.999939799308776855e-01,9.999987483024597168e-01,-9.999912977218627930e-01,-9.999970793724060059e-01,9.999981522560119629e-01,-9.998736381530761719e-01,-9.999992251396179199e-01,-9.999988675117492676e-01,-9.999933838844299316e-01,9.999991655349731445e-01,-9.999989271163940430e-01,9.999939203262329102e-01,-9.999833703041076660e-01,-9.999992251396179199e-01,-9.999987483024597168e-01,-9.999986290931701660e-01,9.999944567680358887e-01,-9.999988079071044922e-01,-9.999990463256835938e-01,9.999988675117492676e-01,9.999990463256835938e-01,9.999985694885253906e-01,9.999991655349731445e-01,9.999942779541015625e-01,9.999984502792358398e-01,9.999985098838806152e-01,9.999960660934448242e-01,-9.999745488166809082e-01,-9.999977946281433105e-01,-9.999988079071044922e-01,9.999986886978149414e-01,-9.999992847442626953e-01,-9.999986886978149414e-01,-9.999962449073791504e-01,9.999962449073791504e-01,9.999991059303283691e-01,9.999992847442626953e-01,9.999967813491821289e-01,9.999991655349731445e-01,-9.999989271163940430e-01,9.999990463256835938e-01,-9.999982714653015137e-01,-9.999927878379821777e-01,9.999948143959045410e-01,9.999800920486450195e-01,9.999986290931701660e-01,-9.999940991401672363e-01,-9.999989867210388184e-01,9.999954700469970703e-01,9.999969005584716797e-01,-9.999735951423645020e-01,-9.999981522560119629e-01,9.999992251396179199e-01,-9.999982714653015137e-01,9.999986290931701660e-01,9.999912381172180176e-01,-9.999845623970031738e-01,-9.999992847442626953e-01,-9.999871850013732910e-01,-9.999452233314514160e-01,9.999971985816955566e-01,-9.999986886978149414e-01,9.999853372573852539e-01,9.999981522560119629e-01,-9.999985098838806152e-01,9.999982714653015137e-01,9.999930262565612793e-01,-9.999992251396179199e-01,9.999991059303283691e-01,-9.999964237213134766e-01,9.999974370002746582e-01,-9.999992251396179199e-01,9.999460577964782715e-01,-5.552132725715637207e-01,-9.999989271163940430e-01,-9.999977946281433105e-01,9.999819397926330566e-01,9.999986886978149414e-01,9.999951124191284180e-01,-9.999988675117492676e-01,9.999987483024597168e-01,-9.999986886978149414e-01,9.999986290931701660e-01,9.999743700027465820e-01,-9.999993443489074707e-01,9.999983310699462891e-01,-9.999992847442626953e-01,9.999986290931701660e-01,9.999958276748657227e-01,9.999982714653015137e-01,9.999989271163940430e-01,-9.999971389770507812e-01,-9.999987483024597168e-01,9.999981522560119629e-01,9.999907612800598145e-01,9.999962449073791504e-01,-9.999923110008239746e-01,9.999964237213134766e-01
-9.999932646751403809e-01,9.999945759773254395e-01,9.999725222587585449e-01,-9.999920725822448730e-01,-9.999955296516418457e-01,9.999949932098388672e-01,-9.999831914901733398e-01,-9.999958872795104980e-01,9.999886155128479004e-01,-9.999922513961791992e-01,9.999949336051940918e-01,9.999955296516418457e-01,-9.999922513961791992e-01,-9.999938011169433594e-01,-9.999640583992004395e-01,-9.999860525131225586e-01,-9.999893903732299805e-01,9.999938011169433594e-01,-9.999727010726928711e-01,9.999963045120239258e-01,9.999958276748657227e-01,-9.999696016311645508e-01,-9.999941587448120117e-01,-9.999930858612060547e-01,-9.999539256095886230e-01,-9.999958276748657227e-01,9.999932050704956055e-01,9.999955892562866211e-01,-9.999538660049438477e-01,9.999834299087524414e-01,9.999690055847167969e-01,9.999934434890747070e-01,-9.999557733535766602e-01,-9.999853372573852539e-01,9.999907612800598145e-01,-9.993630051612854004e-01,-9.999959468841552734e-01,-9.999942183494567871e-01,-9.999665021896362305e-01,9.999954104423522949e-01,-9.999945759773254395e-01,9.999694228172302246e-01,-9.999159574508666992e-01,-9.999955296516418457e-01,-9.999933242797851562e-01,-9.999930262565612793e-01,9.999721646308898926e-01,-9.999938011169433594e-01,-9.999951124191284180e-01,9.999940395355224609e-01,9.999949932098388672e-01,9.999929666519165039e-01,9.999954700469970703e-01,9.999706745147705078e-01,9.999924898147583008e-01,9.999924898147583008e-01,9.999803304672241211e-01,-9.998713135719299316e-01,-9.999885559082031250e-01,-9.999936223030090332e-01,9.999935030937194824e-01,-9.999957680702209473e-01,-9.999935030937194824e-01,-9.999811053276062012e-01,9.999813437461853027e-01,9.999952912330627441e-01,9.999960660934448242e-01,9.999834895133972168e-01,9.999956488609313965e-01,-9.999943375587463379e-01,9.999949336051940918e-01,-9.999912381172180176e-01,-9.999634027481079102e-01,9.999734759330749512e-01,9.998995065689086914e-01,9.999932646751403809e-01,-9.999703168869018555e-01,-9.999948143959045410e-01,9.999770522117614746e-01,9.999846220016479492e-01,-9.998667240142822266e-01,-9.999905824661254883e-01,9.999952912330627441e-01,-9.999913573265075684e-01,9.999929666519165039e-01,9.999554157257080078e-01,-9.999219775199890137e-01,-9.999957084655761719e-01,-9.999350905418395996e-01,-9.997238516807556152e-01,9.999864101409912109e-01,-9.999933838844299316e-01,9.999258518218994141e-01,9.999907612800598145e-01,-9.999927282333374023e-01,9.999913573265075684e-01,9.999646544456481934e-01,-9.999958872795104980e-01,9.999951720237731934e-01,-9.999827146530151367e-01,9.999869465827941895e-01,-9.999952912330627441e-01,9.997277855873107910e-01,-5.528908967971801758e-01,-9.999944567680358887e-01,-9.999890327453613281e-01,9.999088048934936523e-01,9.999932050704956055e-01,9.999752640724182129e-01,-9.999939203262329102e-01,9.999938011169433594e-01,-9.999930262565612793e-01,9.999930262565612793e-01,9.998704791069030762e-01,-9.999960660934448242e-01,9.999911189079284668e-01,-9.999957680702209473e-01,9.999933242797851562e-01,9.999791979789733887e-01,9.999914765357971191e-01,9.999950528144836426e-01,-9.999853372573852539e-01,-9.999932646751403809e-01,9.999904036521911621e-01,9.999533295631408691e-01,9.999813437461853027e-01,-9.999606609344482422e-01,9.999821782112121582e-01
9.999979138374328613e-01,-9.999983906745910645e-01,-9.999920725822448730e-01,9.999976158142089844e-01,9.999986886978149414e-01,-9.999985694885253906e-01,9.999951124191284180e-01,9.999987483024597168e-01,-9.999966621398925781e-01,9.999977350234985352e-01,-9.999985098838806152e-01,-9.999986886978149414e-01,9.999977350234985352e-01,9.999980926513671875e-01,9.999896287918090820e-01,9.999960064888000488e-01,9.999969005584716797e-01,-9.999982118606567383e-01,9.999921321868896484e-01,-9.999988675117492676e-01,-9.999987483024597168e-01,9.999911785125732422e-01,9.999982714653015137e-01,9.999979138374328613e-01,9.999867081642150879e-01,9.999986886978149414e-01,-9.999980330467224121e-01,-9.999987483024597168e-01,9.999867081642150879e-01,-9.999951720237731934e-01,-9.999908804893493652e-01,-9.999980926513671875e-01,9.999871850013732910e-01,9.999957084655761719e-01,-9.999972581863403320e-01,9.998157620429992676e-01,9.999987483024597168e-01,9.999982118606567383e-01,9.999903440475463867e-01,-9.999986886978149414e-01,9.999983906745910645e-01,-9.999911785125732422e-01,9.999757409095764160e-01,9.999986886978149414e-01,9.999980330467224121e-01,9.999979734420776367e-01,-9.999918937683105469e-01,9.999981522560119629e-01,9.999986290931701660e-01,-9.999981522560119629e-01,-9.999985098838806152e-01,-9.999978542327880859e-01,-9.999986886978149414e-01,-9.999915361404418945e-01,-9.999977350234985352e-01,-9.999977946281433105e-01,-9.999943375587463379e-01,9.999628067016601562e-01,9.999966621398925781e-01,9.999980926513671875e-01,-9.999980926513671875e-01,9.999987483024597168e-01,9.999980926513671875e-01,9.999944567680358887e-01,-9.999945163726806641e-01,-9.999985098838806152e-01,-9.999988675117492676e-01,-9.999951720237731934e-01,-9.999986886978149414e-01,9.999983310699462891e-01,-9.999984502792358398e-01,9.999973773956298828e-01,9.999893903732299805e-01,-9.999923110008239746e-01,-9.999710321426391602e-01,-9.999980330467224121e-01,9.999914169311523438e-01,9.999983906745910645e-01,-9.999932646751403809e-01,-9.999954700469970703e-01,9.999614357948303223e-01,9.999971985816955566e-01,-9.999986290931701660e-01,9.999974966049194336e-01,-9.999978542327880859e-01,-9.999872446060180664e-01,9.999774694442749023e-01,9.999987483024597168e-01,9.999812841415405273e-01,9.999200701713562012e-01,-9.999959468841552734e-01,9.999980330467224121e-01,-9.999785423278808594e-01,-9.999972581863403320e-01,9.999977946281433105e-01,-9.999973773956298828e-01,-9.999898076057434082e-01,9.999988079071044922e-01,-9.999985098838806152e-01,9.999949336051940918e-01,-9.999960660934448242e-01,9.999986886978149414e-01,-9.999212026596069336e-01,5.549490451812744141e-01,9.999983906745910645e-01,9.999967813491821289e-01,-9.999735951423645020e-01,-9.999980330467224121e-01,-9.999928474426269531e-01,9.999980926513671875e-01,-9.999981522560119629e-01,9.999979734420776367e-01,-9.999979734420776367e-01,-9.999624490737915039e-01,9.999988079071044922e-01,-9.999973177909851074e-01,9.999987483024597168e-01,-9.999979138374328613e-01,-9.999939203262329102e-01,-9.999974370002746582e-01,-9.999985694885253906e-01,9.999957680702209473e-01,9.999980330467224121e-01,-9.999972581863403320e-01,-9.999865293502807617e-01,-9.999945163726806641e-01,9.999887347221374512e-01,-9.999947547912597656e-01
9.999989271163940430e-01,-9.999991655349731445e-01,-9.999955296516418457e-01,9.999986886978149414e-01,9.999992251396179199e-01,-9.999991655349731445e-01,9.999971985816955566e-01,9.999993443489074707e-01,-9.999981522560119629e-01,9.999987483024597168e-01,-9.999992251396179199e-01,-9.999993443489074707e-01,9.999987483024597168e-01,9.999989271163940430e-01,9.999942779541015625e-01,9.999977350234985352e-01,9.999982714653015137e-01,-9.999990463256835938e-01,9.999956488609313965e-01,-9.999994039535522461e-01,-9.999993443489074707e-01,9.999950528144836426e-01,9.999991059303283691e-01,9.999988079071044922e-01,9.999926090240478516e-01,9.999992847442626953e-01,-9.999988675117492676e-01,-9.999994039535522461e-01,9.999926090240478516e-01,-9.999972581863403320e-01,-9.999949336051940918e-01,-9.999988675117492676e-01,9.999928474426269531e-01,9.999976158142089844e-01,-9.999984502792358398e-01,9.998979568481445312e-01,9.999994039535522461e-01,9.999991059303283691e-01,9.999945759773254395e-01,-9.999994039535522461e-01,9.999991655349731445e-01,-9.999951124191284180e-01,9.999865889549255371e-01,9.999994039535522461e-01,9.999989271163940430e-01,9.999988675117492676e-01,-9.999955296516418457e-01,9.999990463256835938e-01,9.999992251396179199e-01,-9.999991059303283691e-01,-9.999992251396179199e-01,-9.999988079071044922e-01,-9.999992847442626953e-01,-9.999952912330627441e-01,-9.999986290931701660e-01,-9.999988079071044922e-01,-9.999967813491821289e-01,9.999794363975524902e-01,9.999981522560119629e-01,9.999989867210388184e-01,-9.999989271163940430e-01,9.999993443489074707e-01,9.999988675117492676e-01,9.999968409538269043e-01,-9.999969601631164551e-01,-9.999992847442626953e-01,-9.999994039535522461e-01,-9.999972581863403320e-01,-9.999993443489074707e-01,9.999991655349731445e-01,-9.999992251396179199e-01,9.999985694885253906e-01,9.999940991401672363e-01,-9.999957084655761719e-01,-9.999839067459106445e-01,-9.999988079071044922e-01,9.999952316284179688e-01,9.999992251396179199e-01,-9.999963045120239258e-01,-9.999974966049194336e-01,9.999786615371704102e-01,9.999983906745910645e-01,-9.999991655349731445e-01,9.999985694885253906e-01,-9.999988079071044922e-01,-9.999928474426269531e-01,9.999875426292419434e-01,9.999993443489074707e-01,9.999896287918090820e-01,9.999557137489318848e-01,-9.999976754188537598e-01,9.999988675117492676e-01,-9.999880790710449219e-01,-9.999983906745910645e-01,9.999987483024597168e-01,-9.999985694885253906e-01,-9.999943375587463379e-01,9.999992847442626953e-01,-9.999991655349731445e-01,9.999971389770507812e-01,-9.999978542327880859e-01,9.999993443489074707e-01,-9.999563097953796387e-01,5.553237795829772949e-01,9.999991655349731445e-01,9.999981522560119629e-01,-9.999853968620300293e-01,-9.999989271163940430e-01,-9.999960064888000488e-01,9.999989271163940430e-01,-9.999989867210388184e-01,9.999988675117492676e-01,-9.999988079071044922e-01,-9.999791979789733887e-01,9.999994039535522461e-01,-9.999985694885253906e-01,9.999993443489074707e-01,-9.999989271163940430e-01,-9.999965429306030273e-01,-9.999985098838806152e-01,-9.999991655349731445e-01,9.999976158142089844e-01,9.999988675117492676e-01,-9.999985098838806152e-01,-9.999925494194030762e-01,-9.999969601631164551e-01,9.999936819076538086e-01,-9.999970793724060059e-01
-9.999987483024597168e-01,9.999989271163940430e-01,9.999949932098388672e-01,-9.999985694885253906e-01,-9.999991655349731445e-01,9.999990463256835938e-01,-9.999968409538269043e-01,-9.999992251396179199e-01,9.999979138374328613e-01,-9.999985694885253906e-01,9.999989867210388184e-01,9.999992251396179199e-01,-9.999985694885253906e-01,-9.999988079071044922e-01,-9.999935626983642578e-01,-9.999973773956298828e-01,-9.999980926513671875e-01,9.999988079071044922e-01,-9.999951124191284180e-01,9.999993443489074707e-01,9.999992847442626953e-01,-9.999944567680358887e-01,-9.999988675117492676e-01,-9.999986886978149414e-01,-9.999916553497314453e-01,-9.999992251396179199e-01,9.999987483024597168e-01,9.999992251396179199e-01,-9.999917149543762207e-01,9.999969005584716797e-01,9.999943375587463379e-01,9.999987483024597168e-01,-9.999919533729553223e-01,-9.999973177909851074e-01,9.999982118606567383e-01,-9.998854994773864746e-01,-9.999992251396179199e-01,-9.999989271163940430e-01,-9.999939799308776855e-01,9.999992251396179199e-01,-9.999990463256835938e-01,9.999944567680358887e-01,-9.999848008155822754e-01,-9.999992251396179199e-01,-9.999986886978149414e-01,-9.999986290931701660e-01,9.999949336051940918e-01,-9.999988675117492676e-01,-9.999990463256835938e-01,9.999989271163940430e-01,9.999991655349731445e-01,9.999986290931701660e-01,9.999991059303283691e-01,9.999947547912597656e-01,9.999985694885253906e-01,9.999985694885253906e-01,9.999963045120239258e-01,-9.999769330024719238e-01,-9.999979138374328613e-01,-9.999987483024597168e-01,9.999987483024597168e-01,-9.999992847442626953e-01,-9.999987483024597168e-01,-9.999964833259582520e-01,9.999966025352478027e-01,9.999991059303283691e-01,9.999993443489074707e-01,9.999969601631164551e-01,9.999992847442626953e-01,-9.999989271163940430e-01,9.999990463256835938e-01,-9.999983310699462891e-01,-9.999933838844299316e-01,9.999951720237731934e-01,9.999819397926330566e-01,9.999987483024597168e-01,-9.999946951866149902e-01,-9.999989867210388184e-01,9.999958276748657227e-01,9.999971389770507812e-01,-9.999760985374450684e-01,-9.999982118606567383e-01,9.999991059303283691e-01,-9.999984502792358398e-01,9.999985694885253906e-01,9.999920129776000977e-01,-9.999859929084777832e-01,-9.999992847442626953e-01,-9.999882578849792480e-01,-9.999502897262573242e-01,9.999973773956298828e-01,-9.999987483024597168e-01,9.999867081642150879e-01,9.999983310699462891e-01,-9.999985694885253906e-01,9.999984502792358398e-01,9.999935626983642578e-01,-9.999992251396179199e-01,9.999990463256835938e-01,-9.999967813491821289e-01,9.999975562095642090e-01,-9.999991655349731445e-01,9.999511241912841797e-01,-5.552674531936645508e-01,-9.999990463256835938e-01,-9.999980330467224121e-01,9.999836087226867676e-01,9.999987483024597168e-01,9.999955296516418457e-01,-9.999988675117492676e-01,9.999988675117492676e-01,-9.999987483024597168e-01,9.999986886978149414e-01,9.999767541885375977e-01,-9.999993443489074707e-01,9.999983906745910645e-01,-9.999992847442626953e-01,9.999986886978149414e-01,9.999962449073791504e-01,9.999983310699462891e-01,9.999991655349731445e-01,-9.999973177909851074e-01,-9.999986886978149414e-01,9.999983310699462891e-01,9.999916553497314453e-01,9.999966025352478027e-01,-9.999929070472717285e-01,9.999967813491821289e-01
9.999959468841552734e-01,-9.999966025352478027e-01,-9.999831914901733398e-01,9.999951124191284180e-01,9.999971985816955566e-01,-9.999968409538269043e-01,9.999896883964538574e-01,9.999974966049194336e-01,-9.999930858612060547e-01,9.999951720237731934e-01,-9.999968409538269043e-01,-9.999972581863403320e-01,9.999952912330627441e-01,9.999961256980895996e-01,9.999780058860778809e-01,9.999914765357971191e-01,9.999935030937194824e-01,-9.999960660934448242e-01,9.999833703041076660e-01,-9.999976158142089844e-01,-9.999973773956298828e-01,9.999812841415405273e-01,9.999963641166687012e-01,9.999957084655761719e-01,9.999719262123107910e-01,9.999973773956298828e-01,-9.999957680702209473e-01,-9.999972581863403320e-01,9.999718070030212402e-01,-9.999898672103881836e-01,-9.999809861183166504e-01,-9.999958276748657227e-01,9.999730587005615234e-01,9.999909996986389160e-01,-9.999943375587463379e-01,9.996113181114196777e-01,9.999974370002746582e-01,9.999964833259582520e-01,9.999794960021972656e-01,-9.999970793724060059e-01,9.999966621398925781e-01,-9.999812841415405273e-01,9.999486804008483887e-01,9.999970793724060059e-01,9.999959468841552734e-01,9.999957084655761719e-01,-9.999830126762390137e-01,9.999960660934448242e-01,9.999969601631164551e-01,-9.999963045120239258e-01,-9.999969005584716797e-01,-9.999956488609313965e-01,-9.999970793724060059e-01,-9.999821186065673828e-01,-9.999953508377075195e-01,-9.999954104423522949e-01,-9.999879002571105957e-01,9.999213814735412598e-01,9.999929070472717285e-01,9.999959468841552734e-01,-9.999960064888000488e-01,9.999973773956298828e-01,9.999959468841552734e-01,9.999884366989135742e-01,-9.999885559082031250e-01,-9.999970197677612305e-01,-9.999976158142089844e-01,-9.999898672103881836e-01,-9.999972581863403320e-01,9.999964833259582520e-01,-9.999967813491821289e-01,9.999945163726806641e-01,9.999777078628540039e-01,-9.999837279319763184e-01,-9.999386072158813477e-01,-9.999958276748657227e-01,9.999818801879882812e-01,9.999966621398925781e-01,-9.999860525131225586e-01,-9.999905824661254883e-01,9.999185800552368164e-01,9.999942183494567871e-01,-9.999970197677612305e-01,9.999947547912597656e-01,-9.999956488609313965e-01,-9.999728798866271973e-01,9.999523758888244629e-01,9.999972581863403320e-01,9.999603629112243652e-01,9.998314976692199707e-01,-9.999916553497314453e-01,9.999958872795104980e-01,-9.999547004699707031e-01,-9.999943375587463379e-01,9.999954700469970703e-01,-9.999946355819702148e-01,-9.999784827232360840e-01,9.999973177909851074e-01,-9.999968409538269043e-01,9.999893903732299805e-01,-9.999920129776000977e-01,9.999969601631164551e-01,-9.998339414596557617e-01,5.540183186531066895e-01,9.999964833259582520e-01,9.999932646751403809e-01,-9.999442696571350098e-01,-9.999958276748657227e-01,-9.999848604202270508e-01,9.999962449073791504e-01,-9.999960660934448242e-01,9.999957084655761719e-01,-9.999957680702209473e-01,-9.999209046363830566e-01,9.999975562095642090e-01,-9.999945163726806641e-01,9.999973177909851074e-01,-9.999958872795104980e-01,-9.999872446060180664e-01,-9.999946951866149902e-01,-9.999967813491821289e-01,9.999910593032836914e-01,9.999958872795104980e-01,-9.999941587448120117e-01,-9.999714493751525879e-01,-9.999885559082031250e-01,9.999759793281555176e-01,-9.999890923500061035e-01
9.999991059303283691e-01,-9.999992251396179199e-01,-9.999958872795104980e-01,9.999987483024597168e-01,9.999993443489074707e-01,-9.999992251396179199e-01,9.999974966049194336e-01,9.999994039535522461e-01,-9.999983310699462891e-01,9.999988675117492676e-01,-9.999992847442626953e-01,-9.999992847442626953e-01,9.999988675117492676e-01,9.999991655349731445e-01,9.999948143959045410e-01,9.999979734420776367e-01,9.999983906745910645e-01,-9.999990463256835938e-01,9.999958872795104980e-01,-9.999994635581970215e-01,-9.999994039535522461e-01,9.999955296516418457e-01,9.999991655349731445e-01,9.999989271163940430e-01,9.999933838844299316e-01,9.999993443489074707e-01,-9.999990463256835938e-01,-9.999994635581970215e-01,9.999934434890747070e-01,-9.999974966049194336e-01,-9.999954700469970703e-01,-9.999991059303283691e-01,9.999936819076538086e-01,9.999977946281433105e-01,-9.999985694885253906e-01,9.999082088470458984e-01,9.999993443489074707e-01,9.999992251396179199e-01,9.999951124191284180e-01,-9.999993443489074707e-01,9.999992251396179199e-01,-9.999955892562866211e-01,9.999878406524658203e-01,9.999993443489074707e-01,9.999991059303283691e-01,9.999989271163940430e-01,-9.999960064888000488e-01,9.999991655349731445e-01,9.999993443489074707e-01,-9.999991655349731445e-01,-9.999992847442626953e-01,-9.999989271163940430e-01,-9.999992847442626953e-01,-9.999957084655761719e-01,-9.999988079071044922e-01,-9.999988675117492676e-01,-9.999971389770507812e-01,9.999814629554748535e-01,9.999983310699462891e-01,9.999991059303283691e-01,-9.999991059303283691e-01,9.999994039535522461e-01,9.999989867210388184e-01,9.999971985816955566e-01,-9.999972581863403320e-01,-9.999992847442626953e-01,-9.999994039535522461e-01,-9.999974966049194336e-01,-9.999993443489074707e-01,9.999992251396179199e-01,-9.999992847442626953e-01,9.999986290931701660e-01,9.999945759773254395e-01,-9.999961256980895996e-01,-9.999855756759643555e-01,-9.999990463256835938e-01,9.999957084655761719e-01,9.999992251396179199e-01,-9.999966621398925781e-01,-9.999976754188537598e-01,9.999808669090270996e-01,9.999985694885253906e-01,-9.999993443489074707e-01,9.999987483024597168e-01,-9.999989271163940430e-01,-9.999935626983642578e-01,9.999886751174926758e-01,9.999994039535522461e-01,9.999906420707702637e-01,9.999601244926452637e-01,-9.999980330467224121e-01,9.999991059303283691e-01,-9.999892711639404297e-01,-9.999985694885253906e-01,9.999988675117492676e-01,-9.999987483024597168e-01,-9.999949336051940918e-01,9.999993443489074707e-01,-9.999992251396179199e-01,9.999973773956298828e-01,-9.999980926513671875e-01,9.999993443489074707e-01,-9.999607205390930176e-01,5.553707480430603027e-01,9.999992251396179199e-01,9.999983310699462891e-01,-9.999867677688598633e-01,-9.999989271163940430e-01,-9.999963045120239258e-01,9.999991655349731445e-01,-9.999991059303283691e-01,9.999989867210388184e-01,-9.999990463256835938e-01,-9.999813437461853027e-01,9.999994635581970215e-01,-9.999986886978149414e-01,9.999994039535522461e-01,-9.999991059303283691e-01,-9.999969005584716797e-01,-9.999986886978149414e-01,-9.999992251396179199e-01,9.999978542327880859e-01,9.999989271163940430e-01,-9.999985694885253906e-01,-9.999932050704956055e-01,-9.999971985816955566e-01,9.999943375587463379e-01,-9.999973177909851074e-01
-9.999971985816955566e-01,9.999977350234985352e-01,9.999886155128479004e-01,-9.999966621398925781e-01,-9.999981522560119629e-01,9.999979138374328613e-01,-9.999930858612060547e-01,-9.999983310699462891e-01,9.999952912330627441e-01,-9.999968409538269043e-01,9.999978542327880859e-01,9.999981522560119629e-01,-9.999967813491821289e-01,-9.999974370002746582e-01,-9.999851584434509277e-01,-9.999942779541015625e-01,-9.999956488609313965e-01,9.999973773956298828e-01,-9.999887943267822266e-01,9.999985098838806152e-01,9.999982118606567383e-01,-9.999874234199523926e-01,-9.999976158142089844e-01,-9.999970793724060059e-01,-9.999810457229614258e-01,-9.999981522560119629e-01,9.999971389770507812e-01,9.999980926513671875e-01,-9.999809861183166504e-01,9.999931454658508301e-01,9.999871850013732910e-01,9.999973177909851074e-01,-9.999817609786987305e-01,-9.999939203262329102e-01,9.999960064888000488e-01,-9.997362494468688965e-01,-9.999982714653015137e-01,-9.999976158142089844e-01,-9.999861717224121094e-01,9.999982118606567383e-01,-9.999977946281433105e-01,9.999873638153076172e-01,-9.999653100967407227e-01,-9.999982118606567383e-01,-9.999971985816955566e-01,-9.999970793724060059e-01,9.999884963035583496e-01,-9.999973773956298828e-01,-9.999979734420776367e-01,9.999975562095642090e-01,9.999979734420776367e-01,9.999970793724060059e-01,9.999980926513671875e-01,9.999878406524658203e-01,9.999967813491821289e-01,9.999969005584716797e-01,9.999918341636657715e-01,-9.999467134475708008e-01,-9.999953508377075195e-01,-9.999973177909851074e-01,9.999973773956298828e-01,-9.999982118606567383e-01,-9.999972581863403320e-01,-9.999921917915344238e-01,9.999923110008239746e-01,9.999980330467224121e-01,9.999983906745910645e-01,9.999931454658508301e-01,9.999982118606567383e-01,-9.999976754188537598e-01,9.999978542327880859e-01,-9.999963641166687012e-01,-9.999849200248718262e-01,9.999890923500061035e-01,9.999583959579467773e-01,9.999971389770507812e-01,-9.999877810478210449e-01,-9.999978542327880859e-01,9.999905824661254883e-01,9.999936223030090332e-01,-9.999448060989379883e-01,-9.999960660934448242e-01,9.999980330467224121e-01,-9.999963641166687012e-01,9.999970793724060059e-01,9.999815821647644043e-01,-9.999676942825317383e-01,-9.999981522560119629e-01,-9.999731779098510742e-01,-9.998856186866760254e-01,9.999943375587463379e-01,-9.999971985816955566e-01,9.999693632125854492e-01,9.999961256980895996e-01,-9.999969601631164551e-01,9.999963641166687012e-01,9.999855160713195801e-01,-9.999982714653015137e-01,9.999979734420776367e-01,-9.999928474426269531e-01,9.999946951866149902e-01,-9.999980926513671875e-01,9.998874068260192871e-01,-5.545865297317504883e-01,-9.999977350234985352e-01,-9.999954700469970703e-01,9.999622106552124023e-01,9.999971389770507812e-01,9.999898076057434082e-01,-9.999974966049194336e-01,9.999973177909851074e-01,-9.999970793724060059e-01,9.999971389770507812e-01,9.999463558197021484e-01,-9.999984502792358398e-01,9.999963045120239258e-01,-9.999982118606567383e-01,9.999972581863403320e-01,9.999914169311523438e-01,9.999964237213134766e-01,9.999978542327880859e-01,-9.999939203262329102e-01,-9.999972581863403320e-01,9.999960660934448242e-01,9.999806880950927734e-01,9.999923110008239746e-01,-9.999837875366210938e-01,9.999926686286926270e-01
9.999980926513671875e-01,-9.999985098838806152e-01,-9.999922513961791992e-01,9.999977350234985352e-01,9.999987483024597168e-01,-9.999985694885253906e-01,9.999951720237731934e-01,9.999988675117492676e-01,-9.999968409538269043e-01,9.999977946281433105e-01,-9.999985098838806152e-01,-9.999988079071044922e-01,9.999978542327880859e-01,9.999982714653015137e-01,9.999898672103881836e-01,9.999960064888000488e-01,9.999969601631164551e-01,-9.999982118606567383e-01,9.999923110008239746e-01,-9.999989867210388184e-01,-9.999988675117492676e-01,9.999914169311523438e-01,9.999983310699462891e-01,9.999980330467224121e-01,9.999870061874389648e-01,9.999988079071044922e-01,-9.999980330467224121e-01,-9.999988079071044922e-01,9.999870657920837402e-01,-9.999953508377075195e-01,-9.999912381172180176e-01,-9.999981522560119629e-01,9.999875426292419434e-01,9.999958872795104980e-01,-9.999973773956298828e-01,9.998201131820678711e-01,9.999988675117492676e-01,9.999983906745910645e-01,9.999905228614807129e-01,-9.999987483024597168e-01,9.999984502792358398e-01,-9.999913573265075684e-01,9.999763369560241699e-01,9.999987483024597168e-01,9.999980926513671875e-01,9.999980926513671875e-01,-9.999921321868896484e-01,9.999983310699462891e-01,9.999986886978149414e-01,-9.999983906745910645e-01,-9.999985694885253906e-01,-9.999979734420776367e-01,-9.999986886978149414e-01,-9.999917745590209961e-01,-9.999977946281433105e-01,-9.999978542327880859e-01,-9.999944567680358887e-01,9.999636411666870117e-01,9.999968409538269043e-01,9.999982714653015137e-01,-9.999981522560119629e-01,9.999988675117492676e-01,9.999981522560119629e-01,9.999946951866149902e-01,-9.999947547912597656e-01,-9.999986290931701660e-01,-9.999989271163940430e-01,-9.999954104423522949e-01,-9.999987483024597168e-01,9.999983906745910645e-01,-9.999985694885253906e-01,9.999974966049194336e-01,9.999896883964538574e-01,-9.999924898147583008e-01,-9.999716877937316895e-01,-9.999980330467224121e-01,9.999916553497314453e-01,9.999985098838806152e-01,-9.999935626983642578e-01,-9.999956488609313965e-01,9.999623894691467285e-01,9.999973177909851074e-01,-9.999986290931701660e-01,9.999976158142089844e-01,-9.999979138374328613e-01,-9.999875426292419434e-01,9.999780058860778809e-01,9.999988079071044922e-01,9.999817013740539551e-01,9.999220371246337891e-01,-9.999961256980895996e-01,9.999980926513671875e-01,-9.999791383743286133e-01,-9.999973773956298828e-01,9.999979138374328613e-01,-9.999975562095642090e-01,-9.999901056289672852e-01,9.999988079071044922e-01,-9.999986290931701660e-01,9.999951124191284180e-01,-9.999963641166687012e-01,9.999986886978149414e-01,-9.999231696128845215e-01,5.549683570861816406e-01,9.999985098838806152e-01,9.999969005584716797e-01,-9.999743103981018066e-01,-9.999980330467224121e-01,-9.999930262565612793e-01,9.999982714653015137e-01,-9.999982118606567383e-01,9.999979734420776367e-01,-9.999980330467224121e-01,-9.999634027481079102e-01,9.999989271163940430e-01,-9.999974966049194336e-01,9.999988675117492676e-01,-9.999982118606567383e-01,-9.999941587448120117e-01,-9.999974966049194336e-01,-9.999985694885253906e-01,9.999958872795104980e-01,9.999980926513671875e-01,-9.999973177909851074e-01,-9.999868273735046387e-01,-9.999947547912597656e-01,9.999889731407165527e-01,-9.999949932098388672e-01
-9.999987483024597168e-01,9.999990463256835938e-01,9.999949336051940918e-01,-9.999985098838806152e-01,-9.999992251396179199e-01,9.999989867210388184e-01,-9.999968409538269043e-01,-9.999992847442626953e-01,9.999978542327880859e-01,-9.999985098838806152e-01,9.999992251396179199e-01,9.999992251396179199e-01,-9.999986290931701660e-01,-9.999988675117492676e-01,-9.999933242797851562e-01,-9.999973773956298828e-01,-9.999980330467224121e-01,9.999988079071044922e-01,-9.999949336051940918e-01,9.999993443489074707e-01,9.999992251396179199e-01,-9.999943375587463379e-01,-9.999989271163940430e-01,-9.999986886978149414e-01,-9.999914169311523438e-01,-9.999992847442626953e-01,9.999986886978149414e-01,9.999992847442626953e-01,-9.999914765357971191e-01,9.999967813491821289e-01,9.999942183494567871e-01,9.999988079071044922e-01,-9.999918341636657715e-01,-9.999971985816955566e-01,9.999982714653015137e-01,-9.998812079429626465e-01,-9.999992847442626953e-01,-9.999989271163940430e-01,-9.999937415122985840e-01,9.999991655349731445e-01,-9.999990463256835938e-01,9.999942779541015625e-01,-9.999843835830688477e-01,-9.999991655349731445e-01,-9.999987483024597168e-01,-9.999986886978149414e-01,9.999948740005493164e-01,-9.999988079071044922e-01,-9.999992251396179199e-01,9.999989271163940430e-01,9.999991059303283691e-01,9.999986886978149414e-01,9.999992847442626953e-01,9.999946355819702148e-01,9.999985098838806152e-01,9.999986290931701660e-01,9.999963045120239258e-01,-9.999760389328002930e-01,-9.999979138374328613e-01,-9.999988675117492676e-01,9.999987483024597168e-01,-9.999992251396179199e-01,-9.999987483024597168e-01,-9.999964237213134766e-01,9.999964833259582520e-01,9.999991655349731445e-01,9.999994039535522461e-01,9.999968409538269043e-01,9.999992251396179199e-01,-9.999989867210388184e-01,9.999991059303283691e-01,-9.999983310699462891e-01,-9.999932050704956055e-01,9.999950528144836426e-01,9.999812841415405273e-01,9.999988079071044922e-01,-9.999944567680358887e-01,-9.999991059303283691e-01,9.999957084655761719e-01,9.999970793724060059e-01,-9.999752640724182129e-01,-9.999983310699462891e-01,9.999991655349731445e-01,-9.999984502792358398e-01,9.999986290931701660e-01,9.999917745590209961e-01,-9.999854564666748047e-01,-9.999993443489074707e-01,-9.999879002571105957e-01,-9.999485015869140625e-01,9.999974370002746582e-01,-9.999987483024597168e-01,9.999862313270568848e-01,9.999982714653015137e-01,-9.999986290931701660e-01,9.999983906745910645e-01,9.999934434890747070e-01,-9.999992847442626953e-01,9.999990463256835938e-01,-9.999967217445373535e-01,9.999976158142089844e-01,-9.999992251396179199e-01,9.999493360519409180e-01,-5.552474856376647949e-01,-9.999990463256835938e-01,-9.999979138374328613e-01,9.999830126762390137e-01,9.999988079071044922e-01,9.999954104423522949e-01,-9.999989271163940430e-01,9.999988675117492676e-01,-9.999987483024597168e-01,9.999986886978149414e-01,9.999759793281555176e-01,-9.999994039535522461e-01,9.999983310699462891e-01,-9.999992251396179199e-01,9.999988079071044922e-01,9.999960660934448242e-01,9.999983906745910645e-01,9.999991059303283691e-01,-9.999973177909851074e-01,-9.999987483024597168e-01,9.999982714653015137e-01,9.999913573265075684e-01,9.999964833259582520e-01,-9.999927878379821777e-01,9.999966621398925781e-01
-9.999989271163940430e-01,9.999991655349731445e-01,9.999955296516418457e-01,-9.999986886978149414e-01,-9.999993443489074707e-01,9.999992251396179199e-01,-9.999972581863403320e-01,-9.999992847442626953e-01,9.999981522560119629e-01,-9.999988079071044922e-01,9.999992251396179199e-01,9.999994039535522461e-01,-9.999988079071044922e-01,-9.999990463256835938e-01,-9.999941587448120117e-01,-9.999977946281433105e-01,-9.999982714653015137e-01,9.999989867210388184e-01,-9.999955892562866211e-01,9.999994635581970215e-01,9.999994039535522461e-01,-9.999950528144836426e-01,-9.999991059303283691e-01,-9.999988675117492676e-01,-9.999925494194030762e-01,-9.999993443489074707e-01,9.999988675117492676e-01,9.999994039535522461e-01,-9.999926686286926270e-01,9.999972581863403320e-01,9.999949932098388672e-01,9.999989867210388184e-01,-9.999928474426269531e-01,-9.999976158142089844e-01,9.999985098838806152e-01,-9.998967051506042480e-01,-9.999993443489074707e-01,-9.999991059303283691e-01,-9.999945759773254395e-01,9.999992847442626953e-01,-9.999992847442626953e-01,9.999951124191284180e-01,-9.999864101409912109e-01,-9.999994039535522461e-01,-9.999989271163940430e-01,-9.999988675117492676e-01,9.999954700469970703e-01,-9.999989867210388184e-01,-9.999992251396179199e-01,9.999990463256835938e-01,9.999992251396179199e-01,9.999988675117492676e-01,9.999992847442626953e-01,9.999952316284179688e-01,9.999986886978149414e-01,9.999988079071044922e-01,9.999967813491821289e-01,-9.999791383743286133e-01,-9.999982118606567383e-01,-9.999989867210388184e-01,9.999989867210388184e-01,-9.999993443489074707e-01,-9.999989271163940430e-01,-9.999969005584716797e-01,9.999969601631164551e-01,9.999991655349731445e-01,9.999994635581970215e-01,9.999973773956298828e-01,9.999994039535522461e-01,-9.999991059303283691e-01,9.999992251396179199e-01,-9.999985694885253906e-01,-9.999939799308776855e-01,9.999957680702209473e-01,9.999837279319763184e-01,9.999988675117492676e-01,-9.999952316284179688e-01,-9.999992251396179199e-01,9.999962449073791504e-01,9.999974966049194336e-01,-9.999784827232360840e-01,-9.999984502792358398e-01,9.999992847442626953e-01,-9.999986886978149414e-01,9.999988079071044922e-01,9.999929070472717285e-01,-9.999874830245971680e-01,-9.999993443489074707e-01,-9.999895095825195312e-01,-9.999551773071289062e-01,9.999977946281433105e-01,-9.999989271163940430e-01,9.999879002571105957e-01,9.999985098838806152e-01,-9.999988079071044922e-01,9.999985694885253906e-01,9.999942779541015625e-01,-9.999992847442626953e-01,9.999991655349731445e-01,-9.999971389770507812e-01,9.999979138374328613e-01,-9.999992847442626953e-01,9.999558329582214355e-01,-5.553181767463684082e-01,-9.999992251396179199e-01,-9.999982118606567383e-01,9.999853372573852539e-01,9.999988675117492676e-01,9.999960064888000488e-01,-9.999990463256835938e-01,9.999990463256835938e-01,-9.999989271163940430e-01,9.999988675117492676e-01,9.999790191650390625e-01,-9.999994635581970215e-01,9.999985694885253906e-01,-9.999994039535522461e-01,9.999988675117492676e-01,9.999966025352478027e-01,9.999985694885253906e-01,9.999992251396179199e-01,-9.999976754188537598e-01,-9.999989271163940430e-01,9.999985694885253906e-01,9.999924302101135254e-01,9.999969601631164551e-01,-9.999936223030090332e-01,9.999970793724060059e-01
