9.109384417533874512e-01,-1.066888272762298584e-01,-4.408938288688659668e-01,8.749373257160186768e-02,-6.963331997394561768e-02,2.847892642021179199e-01,-1.359302103519439697e-01,4.176472127437591553e-01,4.137680828571319580e-01,-2.595863938331604004e-01,1.461696624755859375e-01,2.777361273765563965e-01,1.511906832456588745e-01,5.974032878875732422e-01,1.117302104830741882e-01,7.258345186710357666e-02,-3.454352021217346191e-01,2.500527501106262207e-01,5.162127614021301270e-01,3.678040802478790283e-01,-6.150385141372680664e-01,-3.321448862552642822e-01,4.223244190216064453e-01,1.360601037740707397e-01,-3.035422861576080322e-01,-8.016806244850158691e-01,8.816636353731155396e-02,-4.605113565921783447e-01,-4.806216955184936523e-01,-6.657484769821166992e-01,-2.660367786884307861e-01,-2.884459793567657471e-01,5.613162368535995483e-02,-4.534477591514587402e-01,9.530387818813323975e-02,-5.234402418136596680e-01,2.651452124118804932e-01,-1.658815741539001465e-01,-2.372660338878631592e-01,-8.283915929496288300e-03,-4.282280802726745605e-01,1.480589155107736588e-02,2.876145392656326294e-02,-7.955744117498397827e-02,5.106438696384429932e-02,6.523180752992630005e-02,3.073810338973999023e-01,-2.959485352039337158e-01,-3.379525542259216309e-01,3.624579012393951416e-01,4.494690895080566406e-01,3.634105669334530830e-03,3.033633828163146973e-01,-1.237592697143554688e-01,1.450414061546325684e-01,-1.291772276163101196e-01,-3.379851877689361572e-01,-1.358368843793869019e-01,-3.231886327266693115e-01,5.265544354915618896e-02,-2.319417148828506470e-01,5.015978813171386719e-01,2.157578011974692345e-03,-5.456340909004211426e-01,-1.547723263502120972e-01,3.638119101524353027e-01,2.844192683696746826e-01,3.171069324016571045e-01,2.812244296073913574e-01,1.304824799299240112e-01,8.354830741882324219e-02,-7.564280033111572266e-01,2.495866566896438599e-01,4.121782258152961731e-02,-4.018928855657577515e-02,-1.244944036006927490e-01,1.140853539109230042e-01,-4.525530338287353516e-01,-3.588391244411468506e-01,-5.803899765014648438e-01,-5.270639061927795410e-01,-5.424844473600387573e-02,-5.619718506932258606e-02,-1.995803713798522949e-01,-2.080371379852294922e-01,4.381166994571685791e-01,-3.123702406883239746e-01,-2.591757476329803467e-01,-2.160218805074691772e-01,1.495874822139739990e-01,1.998614519834518433e-01,1.267979200929403305e-02,-2.671543657779693604e-01,3.133590817451477051e-01,5.950177311897277832e-01,-6.952865123748779297e-01,3.897936046123504639e-01,1.222523953765630722e-02,-3.037829399108886719e-01,6.103168725967407227e-01,5.048963427543640137e-01,-1.727425605058670044e-01,-1.912868171930313110e-01,-2.240588366985321045e-01,-2.809773683547973633e-01,9.583630599081516266e-03,1.109222024679183960e-01,3.953928649425506592e-01,3.807354867458343506e-01,3.076663911342620850e-01,4.778617322444915771e-01,-8.829893171787261963e-02,1.713967621326446533e-01,-3.195388615131378174e-01,-2.692702412605285645e-01,-2.969583272933959961e-01,3.120504617691040039e-01,-3.488730490207672119e-01,-2.004190087318420410e-01,-3.444715142250061035e-01,-2.440407276153564453e-01,2.113483250141143799e-01,2.663759589195251465e-01,-3.193166553974151611e-01,3.580079376697540283e-01,8.494349569082260132e-02,2.905563116073608398e-01,4.599811732769012451e-01
-1.066888272762298584e-01,1.377844810485839844e-01,1.726526021957397461e-02,-1.833712905645370483e-01,2.688544094562530518e-01,-5.759818479418754578e-02,-1.950150877237319946e-01,1.669950783252716064e-01,-2.692777514457702637e-01,1.226289384067058563e-02,-3.005162179470062256e-01,-2.560755014419555664e-01,2.605237662792205811e-01,-3.403031527996063232e-01,2.971650063991546631e-01,1.563456952571868896e-01,2.523677349090576172e-01,-3.391242623329162598e-01,-2.684345841407775879e-01,-1.200165078043937683e-01,1.038626730442047119e-01,2.447667866945266724e-01,-2.302685081958770752e-01,-3.463413417339324951e-01,2.422190755605697632e-01,6.803739815950393677e-02,-1.232225522398948669e-01,2.888178229331970215e-01,-5.392233282327651978e-02,1.213768869638442993e-01,-1.355280727148056030e-01,2.435634583234786987e-01,2.324251830577850342e-01,2.325261831283569336e-01,-3.096294030547142029e-02,1.481067687273025513e-01,-2.615715563297271729e-01,1.858541220426559448e-01,2.913046777248382568e-01,-2.689188122749328613e-01,2.080379277467727661e-01,2.292104661464691162e-01,-8.782853186130523682e-02,9.732870757579803467e-02,2.855633497238159180e-01,-2.545672059059143066e-01,-3.571681678295135498e-01,2.421340644359588623e-01,3.315168321132659912e-01,-2.513777315616607666e-01,-2.342844940721988678e-02,3.130734562873840332e-01,-1.828900724649429321e-01,-4.075506702065467834e-02,-6.593585759401321411e-02,8.274523541331291199e-03,3.351706862449645996e-01,1.695469915866851807e-01,3.729332089424133301e-01,6.465377658605575562e-02,1.947915703058242798e-01,-1.967588812112808228e-01,6.698305159807205200e-02,2.181830704212188721e-01,1.704956442117691040e-01,-2.434172034263610840e-01,-1.529496628791093826e-02,-2.217101603746414185e-01,-1.944036930799484253e-01,-3.724377602338790894e-02,-3.358140885829925537e-01,8.622121065855026245e-02,-2.846104800701141357e-01,-2.466849386692047119e-01,-1.085038781166076660e-01,-3.786477446556091309e-02,-1.036309227347373962e-01,1.966988593339920044e-01,-1.897773444652557373e-01,2.938681840896606445e-01,8.111292868852615356e-02,4.716774076223373413e-02,1.132436096668243408e-01,2.422642558813095093e-01,2.778267860412597656e-01,-3.991682827472686768e-02,1.173407211899757385e-01,2.436721771955490112e-01,3.799784481525421143e-01,-2.137040793895721436e-01,-1.300179511308670044e-01,-2.912496924400329590e-01,2.389462739229202271e-01,-1.507079899311065674e-01,-2.451777458190917969e-01,2.874635159969329834e-01,1.983167789876461029e-02,-1.524947956204414368e-02,8.084148913621902466e-02,-2.717618346214294434e-01,-1.732276231050491333e-01,2.051618397235870361e-01,2.420089766383171082e-02,4.576303064823150635e-02,3.331704139709472656e-01,2.300101071596145630e-01,-1.805845797061920166e-01,-2.339545488357543945e-01,-3.643203079700469971e-01,-2.594395577907562256e-01,-4.893232136964797974e-02,3.009262979030609131e-01,-3.785374388098716736e-02,-9.767388552427291870e-02,3.117722272872924805e-01,-1.963908672332763672e-01,-3.762138783931732178e-01,3.422903716564178467e-01,-2.554278373718261719e-01,2.342005521059036255e-01,-2.702128887176513672e-01,-1.195093244314193726e-01,-2.959768772125244141e-01,-2.303000167012214661e-02,1.357575505971908569e-01,-2.621803283691406250e-01,-2.660950422286987305e-01,-4.521036893129348755e-02
-4.408938288688659668e-01,1.726526021957397461e-02,7.488966584205627441e-01,-3.357726633548736572e-01,-1.074830815196037292e-01,-4.373711645603179932e-01,-5.726368725299835205e-02,-3.229126334190368652e-02,-1.892805695533752441e-01,2.294640056788921356e-02,9.476270526647567749e-02,-2.353936433792114258e-01,-3.435386121273040771e-01,-2.064860165119171143e-01,-3.317762538790702820e-02,-3.128176629543304443e-01,2.435156702995300293e-01,-3.405570983886718750e-01,-9.262055158615112305e-02,1.577845513820648193e-01,5.461513996124267578e-01,-2.110182791948318481e-01,-5.971304178237915039e-01,-1.259147226810455322e-01,5.752714723348617554e-02,2.007084637880325317e-01,4.188821613788604736e-01,5.295327305793762207e-01,-1.007933467626571655e-01,5.896936058998107910e-01,4.887636005878448486e-01,1.742736995220184326e-01,1.332068443298339844e-01,3.423742949962615967e-01,-2.109740674495697021e-01,1.521829813718795776e-01,-1.013059020042419434e-01,3.910301253199577332e-02,-7.960843294858932495e-02,2.722442150115966797e-01,3.785553574562072754e-01,3.383330628275871277e-02,-5.455495715141296387e-01,-4.214876517653465271e-02,2.594021260738372803e-01,-4.084997177124023438e-01,3.951113298535346985e-02,2.529022097587585449e-01,1.947460770606994629e-01,-4.433930814266204834e-01,-6.798871755599975586e-01,-4.366632923483848572e-02,-3.583644330501556396e-01,-1.604538410902023315e-01,2.609024941921234131e-01,5.260999798774719238e-01,8.061869442462921143e-02,1.108938977122306824e-01,1.791816204786300659e-01,-8.923262357711791992e-02,5.256958603858947754e-01,-3.594036698341369629e-01,-1.329811010509729385e-02,5.990597605705261230e-01,5.001183748245239258e-01,-1.490553766489028931e-01,-4.474571943283081055e-01,-5.379412770271301270e-01,-3.387503921985626221e-01,-6.803130358457565308e-02,1.030059680342674255e-01,4.780280292034149170e-01,-3.457548618316650391e-01,3.033162057399749756e-01,-3.629476204514503479e-02,5.486852526664733887e-01,-4.956313222646713257e-02,4.773818552494049072e-01,2.598514556884765625e-01,5.029133558273315430e-01,-1.727027236483991146e-03,5.670673027634620667e-02,4.595276415348052979e-01,3.536169603466987610e-02,4.066930413246154785e-01,-4.656464159488677979e-01,8.241762220859527588e-02,-5.990952253341674805e-02,1.902335733175277710e-01,1.777487248182296753e-01,1.191997453570365906e-01,1.346006989479064941e-01,1.313981860876083374e-01,-5.545753836631774902e-01,-5.419402122497558594e-01,2.683005034923553467e-01,-3.795334100723266602e-01,-7.687851320952177048e-03,-1.785948276519775391e-01,-5.516844987869262695e-01,-2.626902461051940918e-01,4.903053343296051025e-01,-6.668296456336975098e-02,2.759375870227813721e-01,-3.325179591774940491e-02,1.150501370429992676e-01,1.727319210767745972e-01,-1.164266094565391541e-01,-3.835453689098358154e-01,-4.105893149971961975e-02,-1.657488048076629639e-01,3.840168565511703491e-02,-3.847980797290802002e-01,3.739814460277557373e-01,-1.788886040449142456e-01,4.616601169109344482e-01,-3.371400237083435059e-01,1.332373470067977905e-01,-2.667933404445648193e-01,1.507515162229537964e-01,1.055758148431777954e-01,3.404766023159027100e-01,-2.910877168178558350e-01,2.667823433876037598e-01,1.679855287075042725e-01,-1.493640840053558350e-01,-1.080623045563697815e-01,-6.524281501770019531e-01
8.749373257160186768e-02,-1.833712905645370483e-01,-3.357726633548736572e-01,8.160092830657958984e-01,-1.005832850933074951e-01,5.414912104606628418e-01,5.226991772651672363e-01,-6.203628182411193848e-01,2.907938361167907715e-01,2.404264807701110840e-01,-7.051043212413787842e-03,4.714463949203491211e-01,1.252561360597610474e-01,1.177755817770957947e-01,-4.310291111469268799e-01,1.128834336996078491e-01,-3.709476888179779053e-01,7.023741602897644043e-01,-3.934036474674940109e-03,-4.144068956375122070e-01,-5.661051869392395020e-01,1.426489055156707764e-01,7.043617367744445801e-01,4.319917857646942139e-01,-4.295704141259193420e-02,1.987776756286621094e-01,-5.013925433158874512e-01,-6.648767590522766113e-01,4.245159029960632324e-01,-4.445948004722595215e-01,-2.390304058790206909e-01,-5.039731860160827637e-01,-3.818758130073547363e-01,-5.134769082069396973e-01,3.043521344661712646e-01,3.807854652404785156e-02,2.886278927326202393e-01,-2.259497493505477905e-01,4.932367429137229919e-02,-1.416452080011367798e-01,-6.285957694053649902e-01,-2.491878569126129150e-01,8.097382187843322754e-01,-3.946314752101898193e-02,-7.494447827339172363e-01,7.846605777740478516e-01,1.628436893224716187e-01,-5.111960768699645996e-01,-3.559790551662445068e-01,7.292054295539855957e-01,4.837657511234283447e-01,-3.302676975727081299e-01,6.168783307075500488e-01,5.867658853530883789e-01,-1.214782148599624634e-01,-6.411805748939514160e-01,-2.675364017486572266e-01,-3.353146016597747803e-01,-4.148180782794952393e-01,-4.019055515527725220e-02,-7.220698595046997070e-01,4.859381020069122314e-01,-5.352548137307167053e-02,-4.776139855384826660e-01,-8.023368120193481445e-01,2.121012508869171143e-01,5.677663683891296387e-01,7.247316837310791016e-01,7.415574193000793457e-01,6.465754657983779907e-02,1.234483867883682251e-01,5.910806357860565186e-02,5.835290551185607910e-01,-2.478527575731277466e-01,2.664831578731536865e-01,-6.723693013191223145e-01,1.342769116163253784e-01,-5.868993997573852539e-01,3.725721314549446106e-02,-5.697374939918518066e-01,4.230438470840454102e-01,-1.094704642891883850e-01,-6.351708769798278809e-01,-1.844990551471710205e-01,-7.761594057083129883e-01,3.733525276184082031e-01,-1.767662018537521362e-01,-2.731903642416000366e-02,-5.472984910011291504e-01,-8.158203214406967163e-02,-1.485078781843185425e-01,4.678805917501449585e-02,-3.535944223403930664e-01,8.099913001060485840e-01,4.693350195884704590e-01,-1.737917661666870117e-01,2.473448216915130615e-01,2.313545159995555878e-02,5.469539165496826172e-01,6.142838597297668457e-01,2.634161412715911865e-01,-8.272120356559753418e-01,-2.822953276336193085e-03,-2.939528524875640869e-01,-9.222082793712615967e-03,-3.178985118865966797e-01,-3.746941089630126953e-01,9.507563710212707520e-02,6.004027128219604492e-01,1.206776872277259827e-01,1.255828887224197388e-01,-4.948188662528991699e-01,4.457806944847106934e-01,1.726779970340430737e-03,1.267976313829421997e-01,3.773059695959091187e-02,5.530506968498229980e-01,-3.944555819034576416e-01,7.618798613548278809e-01,-1.498573273420333862e-01,3.824787437915802002e-01,-5.696697235107421875e-01,6.410928964614868164e-01,-2.939437627792358398e-01,-6.330614089965820312e-01,5.780856609344482422e-01,2.496979832649230957e-01,5.964858531951904297e-01
-6.963331997394561768e-02,2.688544094562530518e-01,-1.074830815196037292e-01,-1.005832850933074951e-01,8.113546371459960938e-01,6.822764873504638672e-02,-1.351876407861709595e-01,1.091112345457077026e-01,-4.487984478473663330e-01,8.697395771741867065e-02,-5.776803493499755859e-01,-3.770128190517425537e-01,4.816113412380218506e-01,-5.457025170326232910e-01,5.954302549362182617e-01,4.575538635253906250e-01,4.430394470691680908e-01,-3.845261931419372559e-01,-4.366549849510192871e-01,-4.365391433238983154e-01,5.994643270969390869e-02,4.791730642318725586e-01,-3.179229199886322021e-01,-4.188872575759887695e-01,3.389696776866912842e-01,1.546516418457031250e-01,-4.587763547897338867e-01,2.986435890197753906e-01,4.668631404638290405e-02,-1.014754921197891235e-01,-5.558118820190429688e-01,4.396246969699859619e-01,2.381237149238586426e-01,2.793255448341369629e-01,3.913360461592674255e-02,4.935917258262634277e-01,-5.854213237762451172e-01,3.541592657566070557e-01,4.738901257514953613e-01,-5.771870017051696777e-01,3.430911004543304443e-01,5.574256777763366699e-01,5.795345082879066467e-02,2.382870614528656006e-01,3.664941787719726562e-01,-2.254564017057418823e-01,-7.442066073417663574e-01,2.427964657545089722e-01,6.398316621780395508e-01,-1.739014387130737305e-01,1.432515978813171387e-01,4.627056717872619629e-01,-2.711258828639984131e-01,2.117673009634017944e-01,-3.304656744003295898e-01,-2.206675112247467041e-01,5.388876795768737793e-01,2.734015583992004395e-01,4.386646747589111328e-01,1.557077765464782715e-01,1.656858325004577637e-01,-2.988831400871276855e-01,1.459066122770309448e-01,3.140437006950378418e-01,1.758172661066055298e-01,-4.272798895835876465e-01,3.294215798377990723e-01,-8.631540089845657349e-02,-1.501470059156417847e-01,2.712886333465576172e-01,-6.281493902206420898e-01,7.125285267829895020e-02,-2.574967145919799805e-01,-5.501667857170104980e-01,-1.654409319162368774e-01,-3.834151327610015869e-01,-2.157759517431259155e-01,3.278640210628509521e-01,-3.379081487655639648e-01,4.533523023128509521e-01,1.721132695674896240e-01,6.454440951347351074e-02,-1.841564327478408813e-01,4.344631731510162354e-01,2.879720330238342285e-01,-1.687628924846649170e-01,3.965706527233123779e-01,4.777557551860809326e-01,6.239587068557739258e-01,-6.407899856567382812e-01,-6.172152757644653320e-01,-5.895916223526000977e-01,6.134284734725952148e-01,-4.613981395959854126e-02,-3.566079735755920410e-01,5.564665198326110840e-01,4.162313342094421387e-01,-2.765029855072498322e-02,3.329109847545623779e-01,-2.614699006080627441e-01,-2.401888221502304077e-01,1.919614821672439575e-01,2.505622506141662598e-01,-1.692043966613709927e-03,5.798051953315734863e-01,3.540478348731994629e-01,-3.982627689838409424e-01,-3.990337252616882324e-01,-6.335713863372802734e-01,-4.806903004646301270e-01,-2.812367677688598633e-01,5.841547846794128418e-01,3.089754283428192139e-01,-5.243653655052185059e-01,7.293844223022460938e-01,-4.727257490158081055e-01,-4.486872255802154541e-01,4.628059566020965576e-01,-3.061652779579162598e-01,3.763789832592010498e-01,-3.734622001647949219e-01,-3.706329762935638428e-01,-4.039727151393890381e-01,-2.215091735124588013e-01,2.717713415622711182e-01,-4.119171500205993652e-01,-5.916024446487426758e-01,7.245197147130966187e-02
2.847892642021179199e-01,-5.759818479418754578e-02,-4.373711645603179932e-01,5.414912104606628418e-01,6.822764873504638672e-02,8.781054019927978516e-01,2.028083354234695435e-01,-1.084522679448127747e-01,-6.971288472414016724e-02,7.554619014263153076e-02,-2.787117362022399902e-01,1.612829267978668213e-01,3.795197010040283203e-01,-5.215251818299293518e-02,-3.510586917400360107e-02,2.071071565151214600e-01,-9.578986465930938721e-02,2.672477364540100098e-01,-1.567708104848861694e-01,-3.171411752700805664e-01,-5.303390622138977051e-01,3.256911039352416992e-01,5.187172889709472656e-01,1.131455227732658386e-02,1.467629522085189819e-01,-1.648388803005218506e-01,-4.578725397586822510e-01,-3.591430187225341797e-01,3.065849244594573975e-01,-5.889266133308410645e-01,-3.511566519737243652e-01,-2.354940623044967651e-01,6.299225613474845886e-03,-2.119959741830825806e-01,1.985064595937728882e-01,9.185370802879333496e-02,3.055154159665107727e-02,1.807625964283943176e-02,2.476793080568313599e-01,-4.340320825576782227e-01,-5.720611214637756348e-01,7.195186614990234375e-02,5.727619528770446777e-01,6.914696097373962402e-02,-2.662078142166137695e-01,3.998366594314575195e-01,-3.634398803114891052e-02,-2.634025812149047852e-01,-1.170719936490058899e-01,3.779784440994262695e-01,7.112600207328796387e-01,3.871606662869453430e-02,4.383250176906585693e-01,1.772595345973968506e-01,-6.300914287567138672e-02,-5.686024427413940430e-01,-1.668830402195453644e-02,-1.047483682632446289e-01,-5.510897561907768250e-02,7.055187225341796875e-02,-4.908329546451568604e-01,3.701735734939575195e-01,5.142993107438087463e-02,-3.345239758491516113e-01,-5.325882434844970703e-01,4.119616746902465820e-02,4.546017348766326904e-01,4.067187309265136719e-01,5.742766261100769043e-01,-8.385272324085235596e-02,-2.428052425384521484e-01,-2.392472475767135620e-01,2.529345750808715820e-01,-4.572230577468872070e-01,1.236709877848625183e-01,-5.860959291458129883e-01,3.854021057486534119e-02,-3.952916860580444336e-01,-3.044487237930297852e-01,-4.176767766475677490e-01,3.166351020336151123e-01,-4.263749346137046814e-02,-3.290950357913970947e-01,5.000390484929084778e-02,-4.672190546989440918e-01,6.073079705238342285e-01,-1.929270327091217041e-01,1.614476740360260010e-01,-2.004624307155609131e-01,-2.299461215734481812e-01,-1.707144081592559814e-01,-2.804169654846191406e-01,-4.464612901210784912e-02,5.712645053863525391e-01,3.428209424018859863e-01,-2.194441854953765869e-01,3.086042404174804688e-01,1.752488547936081886e-03,3.417221307754516602e-01,4.650702774524688721e-01,9.545752406120300293e-02,-4.976489245891571045e-01,-2.354029007256031036e-02,-2.861973047256469727e-01,2.629759013652801514e-01,2.862656116485595703e-01,-4.994928240776062012e-01,-1.540116518735885620e-01,3.097116053104400635e-01,-6.128509342670440674e-02,3.111887872219085693e-01,-2.848603427410125732e-01,3.144780397415161133e-01,-5.386307463049888611e-02,2.780917286872863770e-01,-2.018895447254180908e-01,1.614572554826736450e-01,-1.755147427320480347e-02,2.382803112268447876e-01,3.658749908208847046e-02,-2.167696133255958557e-02,-5.158994793891906738e-01,2.639954388141632080e-01,-1.495878398418426514e-01,-2.736332416534423828e-01,1.577152162790298462e-01,3.519064560532569885e-02,6.472253799438476562e-01
-1.359302103519439697e-01,-1.950150877237319946e-01,-5.726368725299835205e-02,5.226991772651672363e-01,-1.351876407861709595e-01,2.028083354234695435e-01,7.964552044868469238e-01,-6.636121273040771484e-01,3.018818199634552002e-01,1.845927238464355469e-01,3.651823103427886963e-01,4.689982831478118896e-01,-4.435028731822967529e-01,2.457674592733383179e-01,-5.050566792488098145e-01,-2.035408020019531250e-01,-3.815508782863616943e-01,6.033167243003845215e-01,1.979276239871978760e-01,-2.443904280662536621e-01,1.341949775815010071e-02,-1.471430063247680664e-01,3.105987608432769775e-01,6.472142338752746582e-01,-3.731483519077301025e-01,3.021244406700134277e-01,-9.672158211469650269e-02,-4.742676317691802979e-01,5.744734406471252441e-01,-2.665567994117736816e-01,9.201343357563018799e-02,-2.704811692237854004e-01,-6.132723093032836914e-01,-3.653672337532043457e-01,1.087361797690391541e-01,1.612297296524047852e-01,3.000099360942840576e-01,-2.970380485057830811e-01,-3.825510442256927490e-01,2.787379622459411621e-01,-2.131307721138000488e-01,-3.392256498336791992e-01,3.706907927989959717e-01,-1.017143502831459045e-01,-6.401212811470031738e-01,6.321201920509338379e-01,2.803424000740051270e-01,-5.380937457084655762e-01,-3.643538653850555420e-01,5.235634446144104004e-01,9.712638705968856812e-02,-6.214421391487121582e-01,3.213829696178436279e-01,3.946793973445892334e-01,-1.917107850313186646e-01,-2.075173109769821167e-01,-4.531554281711578369e-01,-3.433111608028411865e-01,-5.992790460586547852e-01,-9.997472912073135376e-02,-4.642002880573272705e-01,2.210216373205184937e-01,-1.195656359195709229e-01,-2.032024115324020386e-01,-3.579429686069488525e-01,3.639011979103088379e-01,2.205823212862014771e-01,4.995032846927642822e-01,4.470266699790954590e-01,3.242881596088409424e-01,4.441264569759368896e-01,9.509566426277160645e-02,6.389082670211791992e-01,2.443576157093048096e-01,2.677437663078308105e-01,-2.739861607551574707e-01,1.500929296016693115e-01,-1.774113923311233521e-01,4.739756882190704346e-01,-2.650174796581268311e-01,1.574378311634063721e-01,-9.885005652904510498e-02,-5.619777441024780273e-01,-4.074887931346893311e-01,-6.106175184249877930e-01,-2.131827771663665771e-01,1.262087225914001465e-01,-3.137822151184082031e-01,-5.379319787025451660e-01,9.159251302480697632e-02,-2.054578661918640137e-01,4.073337912559509277e-01,-1.075969040393829346e-01,3.111081123352050781e-01,2.514805197715759277e-01,-1.135908216238021851e-01,1.613859087228775024e-01,2.719812840223312378e-02,1.772404760122299194e-01,3.778869807720184326e-01,2.030610442161560059e-01,-3.995134830474853516e-01,2.880306839942932129e-01,-8.540952950716018677e-02,-3.454027771949768066e-01,-4.082942306995391846e-01,1.141648739576339722e-01,2.574521601200103760e-01,3.805569708347320557e-01,3.531601428985595703e-01,-4.097319245338439941e-01,-4.969468116760253906e-01,4.846350550651550293e-01,5.089859291911125183e-02,-1.594967991113662720e-01,3.091107308864593506e-01,6.255703568458557129e-01,-5.201568603515625000e-01,6.637827157974243164e-01,-3.550432920455932617e-01,6.911810636520385742e-01,-1.108819022774696350e-01,5.155242085456848145e-01,7.971165329217910767e-02,-3.780361413955688477e-01,4.666833579540252686e-01,3.120172321796417236e-01,2.780425548553466797e-02
4.176472127437591553e-01,1.669950783252716064e-01,-3.229126334190368652e-02,-6.203628182411193848e-01,1.091112345457077026e-01,-1.084522679448127747e-01,-6.636121273040771484e-01,9.541591405868530273e-01,-2.375438511371612549e-01,-3.688918352127075195e-01,-2.284130454063415527e-01,-4.740726947784423828e-01,2.976015210151672363e-01,-1.985053159296512604e-02,6.044541001319885254e-01,1.405011862516403198e-01,3.445451557636260986e-01,-6.341378688812255859e-01,1.921490952372550964e-02,5.353823900222778320e-01,3.266573767177760601e-04,7.861503399908542633e-03,-3.719951510429382324e-01,-6.066504120826721191e-01,1.879086792469024658e-01,-6.108361482620239258e-01,3.242006897926330566e-01,4.332343935966491699e-01,-6.874597072601318359e-01,4.066735506057739258e-02,-1.554867476224899292e-01,3.588288128376007080e-01,6.370770931243896484e-01,2.863664329051971436e-01,-1.825224459171295166e-01,-2.541171312332153320e-01,-2.897846102714538574e-01,3.093095719814300537e-01,1.251907050609588623e-01,-2.423352599143981934e-01,2.646351158618927002e-01,4.482219219207763672e-01,-5.746337771415710449e-01,8.739104866981506348e-02,7.858180999755859375e-01,-7.231999635696411133e-01,-1.822358518838882446e-01,4.909226894378662109e-01,3.389790356159210205e-01,-5.505205988883972168e-01,1.991724828258156776e-03,5.985236763954162598e-01,-3.581322431564331055e-01,-7.035480141639709473e-01,2.955184876918792725e-01,3.501647114753723145e-01,3.036980926990509033e-01,3.790115416049957275e-01,4.680866301059722900e-01,1.266240626573562622e-01,4.370171129703521729e-01,-1.373140215873718262e-01,1.370444148778915405e-01,1.394880115985870361e-01,5.060203671455383301e-01,-2.128688991069793701e-01,-3.311661779880523682e-01,-5.673071146011352539e-01,-4.482865035533905029e-01,-3.188569247722625732e-01,-3.852890431880950928e-01,-4.238351285457611084e-01,-5.730777978897094727e-01,-6.045545637607574463e-02,-3.641981482505798340e-01,3.701415061950683594e-01,-1.339852362871170044e-01,1.822464913129806519e-01,-5.822311639785766602e-01,1.621009707450866699e-01,-4.294405281543731689e-01,1.090185120701789856e-01,6.394998431205749512e-01,3.345707058906555176e-01,5.859366655349731445e-01,2.273985594511032104e-01,-1.953331679105758667e-01,1.423523128032684326e-01,5.358214974403381348e-01,2.484371326863765717e-02,2.317015826702117920e-01,-3.223755061626434326e-01,2.523170709609985352e-01,-4.596395194530487061e-01,-1.794910281896591187e-01,-1.503801643848419189e-01,-5.291040986776351929e-02,-3.024950623512268066e-02,-4.639253318309783936e-01,-1.814586222171783447e-01,-9.056831151247024536e-02,5.952277779579162598e-01,-2.725861072540283203e-01,6.196160241961479187e-02,1.884776204824447632e-01,5.382463335990905762e-01,7.268969714641571045e-02,-1.301559507846832275e-01,-3.655487596988677979e-01,-1.676962077617645264e-01,3.843066990375518799e-01,5.257008075714111328e-01,-3.823188543319702148e-01,-1.435476243495941162e-01,-5.809119343757629395e-02,-3.743894696235656738e-01,-5.324758887290954590e-01,4.322293400764465332e-01,-8.516533970832824707e-01,1.963098049163818359e-01,-7.543217539787292480e-01,3.520384728908538818e-01,-5.892639756202697754e-01,1.590566933155059814e-01,6.944252848625183105e-01,-6.358895301818847656e-01,-2.361891269683837891e-01,-3.009662777185440063e-02
4.137680828571319580e-01,-2.692777514457702637e-01,-1.892805695533752441e-01,2.907938361167907715e-01,-4.487984478473663330e-01,-6.971288472414016724e-02,3.018818199634552002e-01,-2.375438511371612549e-01,7.864710092544555664e-01,-8.082949370145797729e-02,6.655919551849365234e-01,6.348545551300048828e-01,-4.594963788986206055e-01,8.250440955162048340e-01,-5.341461300849914551e-01,-2.767757475376129150e-01,-6.566964387893676758e-01,7.104360461235046387e-01,7.170065641403198242e-01,3.360066413879394531e-01,-3.477495908737182617e-01,-6.150156259536743164e-01,5.187885165214538574e-01,7.428056597709655762e-01,-6.389573216438293457e-01,-2.781317830085754395e-01,2.560180425643920898e-01,-6.838714480400085449e-01,-1.129473000764846802e-01,-3.210272490978240967e-01,1.406318694353103638e-01,-5.765150785446166992e-01,-4.957230091094970703e-01,-6.746711134910583496e-01,1.356413960456848145e-01,-4.422776699066162109e-01,6.244224905967712402e-01,-4.770650863647460938e-01,-6.483189463615417480e-01,5.893296003341674805e-01,-3.494313359260559082e-01,-5.006422996520996094e-01,1.306939721107482910e-01,-2.472525238990783691e-01,-5.537732243537902832e-01,5.106030106544494629e-01,7.102704048156738281e-01,-5.699430108070373535e-01,-6.931619048118591309e-01,6.261987686157226562e-01,1.691291481256484985e-02,-6.075648069381713867e-01,4.110070466995239258e-01,1.621213555335998535e-01,1.153775304555892944e-01,-7.550565060228109360e-03,-7.456993460655212402e-01,-4.150862693786621094e-01,-8.132238984107971191e-01,-1.290643364191055298e-01,-4.390996098518371582e-01,5.279828310012817383e-01,-1.599126011133193970e-01,-6.006969213485717773e-01,-3.115879297256469727e-01,6.226049661636352539e-01,1.540564447641372681e-01,5.702022910118103027e-01,3.438168466091156006e-01,2.645529210567474365e-01,7.067843079566955566e-01,-3.175498247146606445e-01,6.392656564712524414e-01,5.314928889274597168e-01,1.819589585065841675e-01,1.914265006780624390e-02,2.476354837417602539e-01,-4.941411018371582031e-01,3.112033903598785400e-01,-6.478161811828613281e-01,-3.986452817916870117e-01,-1.236562356352806091e-01,-3.091130852699279785e-01,-5.828892588615417480e-01,-5.320540666580200195e-01,8.052991703152656555e-03,-2.200099676847457886e-01,-5.930634737014770508e-01,-7.111697793006896973e-01,4.324841797351837158e-01,2.821440398693084717e-01,6.009488701820373535e-01,-5.904150605201721191e-01,3.385040462017059326e-01,6.507924795150756836e-01,-6.414655447006225586e-01,1.267687976360321045e-01,3.862361982464790344e-02,-2.507886588573455811e-01,6.189297437667846680e-01,5.965631008148193359e-01,-3.882342278957366943e-01,-5.537409335374832153e-02,-1.247824206948280334e-01,-7.709191441535949707e-01,-6.779740452766418457e-01,4.670902788639068604e-01,6.982181668281555176e-01,7.064368724822998047e-01,6.176095008850097656e-01,8.311749994754791260e-02,-4.862234592437744141e-01,1.616376936435699463e-01,-7.964835315942764282e-02,-6.479942202568054199e-01,1.366380602121353149e-01,7.949011325836181641e-01,-7.737837433815002441e-01,4.321933686733245850e-01,-6.105514168739318848e-01,4.289982616901397705e-01,3.454230129718780518e-01,6.455012559890747070e-01,-1.653448194265365601e-01,-7.432740926742553711e-02,5.363973379135131836e-01,6.172035932540893555e-01,1.447653770446777344e-01
-2.595863938331604004e-01,1.226289384067058563e-02,2.294640056788921356e-02,2.404264807701110840e-01,8.697395771741867065e-02,7.554619014263153076e-02,1.845927238464355469e-01,-3.688918352127075195e-01,-8.082949370145797729e-02,1.916214674711227417e-01,-1.866074651479721069e-01,1.346804667264223099e-02,1.398886293172836304e-01,-2.781471312046051025e-01,-1.040662527084350586e-01,8.291225135326385498e-02,4.574144631624221802e-02,1.175179407000541687e-01,-2.721345126628875732e-01,-3.317122459411621094e-01,-6.585598737001419067e-02,2.355775684118270874e-01,9.490859508514404297e-02,1.357403211295604706e-02,1.900425553321838379e-01,3.743328452110290527e-01,-2.907038927078247070e-01,-4.210924357175827026e-02,2.580100297927856445e-01,6.814409792423248291e-02,-6.658782809972763062e-02,-5.289167910814285278e-02,-6.560954451560974121e-02,-9.492082521319389343e-03,8.673712611198425293e-02,1.807154715061187744e-01,-5.675998330116271973e-02,2.443042211234569550e-02,2.329664081335067749e-01,-1.785293817520141602e-01,-8.054616302251815796e-02,1.167769543826580048e-03,3.430950045585632324e-01,4.529147222638130188e-02,-2.550056576728820801e-01,2.178523540496826172e-01,-1.634178906679153442e-01,-1.620260626077651978e-02,7.615733891725540161e-02,1.244732141494750977e-01,2.891148068010807037e-02,-6.286160089075565338e-03,9.734351933002471924e-02,3.100104629993438721e-01,-8.847518265247344971e-02,-2.272388786077499390e-01,1.292724162340164185e-01,-2.659433148801326752e-02,6.617361307144165039e-02,-3.548034001141786575e-03,-1.630629301071166992e-01,-1.225733291357755661e-02,1.044279150664806366e-02,6.649121642112731934e-02,-2.612813711166381836e-01,-1.213752850890159607e-01,1.595299392938613892e-01,1.377610862255096436e-01,1.699329763650894165e-01,-3.692508116364479065e-02,-1.116496846079826355e-01,3.409081101417541504e-01,5.284785479307174683e-02,-2.392225116491317749e-01,5.485889315605163574e-02,-2.919608652591705322e-01,-2.129109017550945282e-02,-5.790340527892112732e-02,3.800438717007637024e-02,3.890086337924003601e-02,3.952219188213348389e-01,-8.966725319623947144e-03,-2.234654575586318970e-01,8.954171091318130493e-02,-1.617969125509262085e-01,2.403604425489902496e-02,4.877212271094322205e-02,1.680987328290939331e-01,-3.347393497824668884e-02,-1.579351574182510376e-01,-1.436624825000762939e-01,-1.119604110717773438e-01,-2.242360450327396393e-02,2.304944247007369995e-01,-8.659415692090988159e-02,2.565706074237823486e-01,5.495861405506730080e-04,-7.250616909004747868e-04,3.967552185058593750e-01,-1.388181839138269424e-02,-9.310450404882431030e-02,-2.606681287288665771e-01,3.232963755726814270e-02,-3.250552341341972351e-02,2.329108566045761108e-01,-7.435651868581771851e-02,-3.152140676975250244e-01,-1.571557223796844482e-01,8.981064893305301666e-03,-1.539837568998336792e-01,-7.389480620622634888e-02,-8.166452497243881226e-02,1.234580203890800476e-01,7.144556194543838501e-02,2.713243961334228516e-01,3.336890041828155518e-02,1.891719526611268520e-03,3.943250700831413269e-02,3.368348479270935059e-01,1.483891755342483521e-01,1.281009763479232788e-01,-3.941072821617126465e-01,9.341114759445190430e-02,-9.908096492290496826e-02,-3.665126264095306396e-01,1.263139247894287109e-01,-9.164477884769439697e-02,1.046391353011131287e-01
1.461696624755859375e-01,-3.005162179470062256e-01,9.476270526647567749e-02,-7.051043212413787842e-03,-5.776803493499755859e-01,-2.787117362022399902e-01,3.651823103427886963e-01,-2.284130454063415527e-01,6.655919551849365234e-01,-1.866074651479721069e-01,9.367793798446655273e-01,5.959250330924987793e-01,-8.857402801513671875e-01,8.265098333358764648e-01,-5.889660120010375977e-01,-6.460464596748352051e-01,-6.530814170837402344e-01,5.183550119400024414e-01,8.203006982803344727e-01,4.778528511524200439e-01,2.235112637281417847e-01,-8.102306127548217773e-01,1.671546250581741333e-01,8.045144081115722656e-01,-8.496385812759399414e-01,-2.137494981288909912e-01,6.089447736740112305e-01,-4.206617176532745361e-01,7.310366630554199219e-02,-1.124281138181686401e-01,5.606508255004882812e-01,-3.476524353027343750e-01,-6.313871145248413086e-01,-3.924320340156555176e-01,-1.179181113839149475e-01,-3.892117738723754883e-01,6.695682406425476074e-01,-5.565350651741027832e-01,-9.151197671890258789e-01,9.194989204406738281e-01,-5.062653124332427979e-02,-6.605740189552307129e-01,-2.574025094509124756e-01,-3.246511816978454590e-01,-3.643089532852172852e-01,2.893127202987670898e-01,8.139982819557189941e-01,-5.476767420768737793e-01,-7.287718653678894043e-01,3.187288343906402588e-01,-2.712493240833282471e-01,-8.131800293922424316e-01,1.060925945639610291e-01,-1.002029404044151306e-01,6.522144377231597900e-02,3.958054780960083008e-01,-8.409671187400817871e-01,-4.157733321189880371e-01,-8.247265219688415527e-01,-1.889481395483016968e-01,-8.062508702278137207e-02,2.343022078275680542e-01,-2.368058413267135620e-01,-3.313733339309692383e-01,1.095706000924110413e-01,7.496968507766723633e-01,-2.555886507034301758e-01,2.737883329391479492e-01,2.339853346347808838e-02,4.074586331844329834e-01,9.254903197288513184e-01,-3.118363916873931885e-01,5.820799469947814941e-01,8.934479951858520508e-01,2.307285815477371216e-01,4.596050977706909180e-01,2.793174386024475098e-01,-7.636611908674240112e-02,7.098385095596313477e-01,-3.339388072490692139e-01,-5.947054028511047363e-01,-1.075504720211029053e-01,-1.101321503520011902e-01,-7.977418899536132812e-01,-2.852048575878143311e-01,-4.118601977825164795e-01,1.843914762139320374e-02,-8.357084989547729492e-01,-6.752536296844482422e-01,6.825991272926330566e-01,3.443485200405120850e-01,8.836330771446228027e-01,-3.896344006061553955e-01,-1.313420236110687256e-01,4.435081481933593750e-01,-5.740990042686462402e-01,-8.198395371437072754e-02,4.374319314956665039e-02,-6.088098287582397461e-01,2.719811499118804932e-01,4.857098460197448730e-01,-4.687322769314050674e-03,1.768988370895385742e-01,9.884405881166458130e-02,-9.548246264457702637e-01,-5.987464785575866699e-01,8.484140038490295410e-01,7.681030035018920898e-01,4.975177645683288574e-01,8.120921254158020020e-01,-2.826806008815765381e-01,-5.268207788467407227e-01,1.159752625972032547e-02,1.214583963155746460e-01,-8.249390721321105957e-01,4.892247915267944336e-01,7.275533080101013184e-01,-7.678032517433166504e-01,2.662183344364166260e-01,-7.820671796798706055e-01,6.683025360107421875e-01,7.053706645965576172e-01,4.958626925945281982e-01,1.867405623197555542e-01,7.609111070632934570e-02,4.360312521457672119e-01,7.124857306480407715e-01,-3.717992007732391357e-01
2.777361273765563965e-01,-2.560755014419555664e-01,-2.353936433792114258e-01,4.714463949203491211e-01,-3.770128190517425537e-01,1.612829267978668213e-01,4.689982831478118896e-01,-4.740726947784423828e-01,6.348545551300048828e-01,1.346804667264223099e-02,5.959250330924987793e-01,6.369331479072570801e-01,-4.590530395507812500e-01,7.115947604179382324e-01,-5.923340916633605957e-01,-2.351308763027191162e-01,-6.087692975997924805e-01,8.183645009994506836e-01,5.800286531448364258e-01,6.949897855520248413e-02,-3.196033835411071777e-01,-4.521231949329376221e-01,6.135127544403076172e-01,8.305130004882812500e-01,-5.818046927452087402e-01,-9.907845407724380493e-02,5.273538082838058472e-02,-7.531836628913879395e-01,2.204766869544982910e-01,-4.277010262012481689e-01,1.207574531435966492e-01,-5.361530780792236328e-01,-6.191759109497070312e-01,-5.936286449432373047e-01,1.399798989295959473e-01,-2.537232935428619385e-01,5.493654012680053711e-01,-4.289894402027130127e-01,-5.754672884941101074e-01,5.050585865974426270e-01,-4.389355778694152832e-01,-4.882290065288543701e-01,3.729746639728546143e-01,-1.912298053503036499e-01,-7.071812152862548828e-01,6.899827718734741211e-01,6.433907747268676758e-01,-6.286879777908325195e-01,-6.964485049247741699e-01,7.097715139389038086e-01,1.972242295742034912e-01,-6.882655024528503418e-01,4.409426450729370117e-01,3.019426167011260986e-01,-4.402199015021324158e-02,-1.890720278024673462e-01,-7.155820131301879883e-01,-4.138709902763366699e-01,-8.628570437431335449e-01,-1.082265675067901611e-01,-5.267321467399597168e-01,4.650071561336517334e-01,-1.484768390655517578e-01,-5.872761607170104980e-01,-4.627518057823181152e-01,5.628627538681030273e-01,2.535429894924163818e-01,7.022153735160827637e-01,4.618563354015350342e-01,3.296614885330200195e-01,6.766563653945922852e-01,-2.570064067840576172e-01,7.522507905960083008e-01,4.042798578739166260e-01,2.552750408649444580e-01,-1.660709977149963379e-01,2.248578518629074097e-01,-4.642908871173858643e-01,4.263641834259033203e-01,-6.410390734672546387e-01,-1.884616166353225708e-01,-1.238044053316116333e-01,-5.216798782348632812e-01,-5.535612106323242188e-01,-6.763178706169128418e-01,2.362407930195331573e-02,-1.009415090084075928e-01,-4.966706335544586182e-01,-7.995917797088623047e-01,3.083628714084625244e-01,1.040827408432960510e-01,5.554175376892089844e-01,-4.899775087833404541e-01,4.787280559539794922e-01,6.438019275665283203e-01,-5.450401306152343750e-01,1.829621791839599609e-01,3.648160770535469055e-02,-6.113369762897491455e-02,6.384363770484924316e-01,4.630208313465118408e-01,-5.642721056938171387e-01,7.579436153173446655e-02,-1.431580632925033569e-01,-6.837521791458129883e-01,-6.032961606979370117e-01,3.382549881935119629e-01,5.645100474357604980e-01,7.490009665489196777e-01,5.423834323883056641e-01,-4.596733301877975464e-02,-5.892636775970458984e-01,2.924415767192840576e-01,-3.380739688873291016e-02,-4.682528078556060791e-01,2.190322428941726685e-01,8.894567489624023438e-01,-7.801490426063537598e-01,6.455698013305664062e-01,-5.590462684631347656e-01,6.044968366622924805e-01,1.200298741459846497e-01,7.240234017372131348e-01,-1.450130492448806763e-01,-2.993406057357788086e-01,6.083751916885375977e-01,5.455100536346435547e-01,2.131257802248001099e-01
