9.999982714653015137e-01,-9.999985694885253906e-01,-9.999938011169433594e-01,9.999978542327880859e-01,9.999988675117492676e-01,-9.999988079071044922e-01,9.999957680702209473e-01,9.999989867210388184e-01,-9.999968409538269043e-01,9.999980926513671875e-01,-9.999986886978149414e-01,-9.999987483024597168e-01,9.999980926513671875e-01,9.999983906745910645e-01,9.999927282333374023e-01,9.999960064888000488e-01,9.999973773956298828e-01,-9.999983310699462891e-01,9.999930858612060547e-01,-9.999991059303283691e-01,-9.999989271163940430e-01,9.999930858612060547e-01,9.999985098838806152e-01,9.999981522560119629e-01,9.999886751174926758e-01,9.999989271163940430e-01,-9.999982714653015137e-01,-9.999988079071044922e-01,9.999896287918090820e-01,-9.999960660934448242e-01,-9.999921321868896484e-01,-9.999982118606567383e-01,9.999879002571105957e-01,9.999958872795104980e-01,-9.999977946281433105e-01,9.999485015869140625e-01,9.999990463256835938e-01,9.999985098838806152e-01,9.999907612800598145e-01,-9.999988079071044922e-01,9.999985694885253906e-01,-9.999850988388061523e-01,9.999810457229614258e-01,9.999988079071044922e-01,9.999983310699462891e-01,9.999982714653015137e-01,-9.999933242797851562e-01,9.999984502792358398e-01,9.999987483024597168e-01,-9.999985098838806152e-01,-9.999986290931701660e-01,-9.999982714653015137e-01,-9.999988675117492676e-01,-9.999929666519165039e-01,-9.999982118606567383e-01,-9.999981522560119629e-01,-9.999938607215881348e-01,9.999790787696838379e-01,9.999967217445373535e-01,9.999983310699462891e-01,-9.999984502792358398e-01,9.999988675117492676e-01,9.999983310699462891e-01,9.999953508377075195e-01,-9.999949932098388672e-01,-9.999988675117492676e-01,-9.999991059303283691e-01,-9.999958872795104980e-01,-9.999989271163940430e-01,9.999985098838806152e-01,-9.999987483024597168e-01,9.999976158142089844e-01,9.999828934669494629e-01,-9.999935030937194824e-01,-9.999793767929077148e-01,-9.999983310699462891e-01,9.999922513961791992e-01,9.999986886978149414e-01,-9.999945163726806641e-01,-9.999960064888000488e-01,9.999799728393554688e-01,9.999976754188537598e-01,-9.999987483024597168e-01,9.999979138374328613e-01,-9.999982118606567383e-01,-9.999889135360717773e-01,9.999781847000122070e-01,9.999988675117492676e-01,9.999880790710449219e-01,9.994029402732849121e-01,-9.999959468841552734e-01,9.999982714653015137e-01,-9.999837279319763184e-01,-9.999975562095642090e-01,9.999979734420776367e-01,-9.999977350234985352e-01,-9.999901652336120605e-01,9.999990463256835938e-01,-9.999987483024597168e-01,9.999963641166687012e-01,-9.999966025352478027e-01,9.999987483024597168e-01,-9.998577237129211426e-01,9.998828768730163574e-01,9.999986290931701660e-01,9.999970793724060059e-01,-9.999805688858032227e-01,-9.999983906745910645e-01,-9.999938011169433594e-01,9.999985098838806152e-01,-9.999983906745910645e-01,9.999979734420776367e-01,-9.999983310699462891e-01,-9.999535679817199707e-01,9.999989867210388184e-01,-9.999975562095642090e-01,9.999990463256835938e-01,-9.999980926513671875e-01,-9.999951124191284180e-01,-9.999974966049194336e-01,-9.999986886978149414e-01,9.999963641166687012e-01,9.999980926513671875e-01,-9.999975562095642090e-01,-9.999901652336120605e-01,-9.999952912330627441e-01,9.999899268150329590e-01,-9.999948740005493164e-01
-9.999985694885253906e-01,9.999989867210388184e-01,9.999950528144836426e-01,-9.999982714653015137e-01,-9.999990463256835938e-01,9.999990463256835938e-01,-9.999964237213134766e-01,-9.999992251396179199e-01,9.999974966049194336e-01,-9.999984502792358398e-01,9.999990463256835938e-01,9.999991655349731445e-01,-9.999985098838806152e-01,-9.999987483024597168e-01,-9.999940395355224609e-01,-9.999968409538269043e-01,-9.999978542327880859e-01,9.999986290931701660e-01,-9.999943971633911133e-01,9.999993443489074707e-01,9.999992251396179199e-01,-9.999943375587463379e-01,-9.999988079071044922e-01,-9.999984502792358398e-01,-9.999907612800598145e-01,-9.999992251396179199e-01,9.999986886978149414e-01,9.999991655349731445e-01,-9.999914765357971191e-01,9.999968409538269043e-01,9.999935626983642578e-01,9.999986290931701660e-01,-9.999901056289672852e-01,-9.999967217445373535e-01,9.999982714653015137e-01,-9.999577403068542480e-01,-9.999993443489074707e-01,-9.999988079071044922e-01,-9.999925494194030762e-01,9.999991059303283691e-01,-9.999989271163940430e-01,9.999878406524658203e-01,-9.999845027923583984e-01,-9.999991655349731445e-01,-9.999986886978149414e-01,-9.999986290931701660e-01,9.999946951866149902e-01,-9.999988675117492676e-01,-9.999991655349731445e-01,9.999988675117492676e-01,9.999989271163940430e-01,9.999986290931701660e-01,9.999992251396179199e-01,9.999942183494567871e-01,9.999986290931701660e-01,9.999985098838806152e-01,9.999949932098388672e-01,-9.999828338623046875e-01,-9.999973773956298828e-01,-9.999986290931701660e-01,9.999986886978149414e-01,-9.999992847442626953e-01,-9.999987483024597168e-01,-9.999961853027343750e-01,9.999958872795104980e-01,9.999992251396179199e-01,9.999992847442626953e-01,9.999967217445373535e-01,9.999991655349731445e-01,-9.999988079071044922e-01,9.999990463256835938e-01,-9.999980926513671875e-01,-9.999859929084777832e-01,9.999947547912597656e-01,9.999831318855285645e-01,9.999986290931701660e-01,-9.999937415122985840e-01,-9.999989867210388184e-01,9.999955892562866211e-01,9.999967813491821289e-01,-9.999835491180419922e-01,-9.999982118606567383e-01,9.999991059303283691e-01,-9.999983906745910645e-01,9.999986290931701660e-01,9.999909400939941406e-01,-9.999821782112121582e-01,-9.999991655349731445e-01,-9.999902844429016113e-01,-9.995091557502746582e-01,9.999967813491821289e-01,-9.999987483024597168e-01,9.999867081642150879e-01,9.999979138374328613e-01,-9.999983906745910645e-01,9.999982118606567383e-01,9.999920129776000977e-01,-9.999992251396179199e-01,9.999991059303283691e-01,-9.999971389770507812e-01,9.999973177909851074e-01,-9.999991059303283691e-01,9.998831152915954590e-01,-9.999037981033325195e-01,-9.999988675117492676e-01,-9.999976754188537598e-01,9.999841451644897461e-01,9.999986886978149414e-01,9.999949336051940918e-01,-9.999987483024597168e-01,9.999987483024597168e-01,-9.999984502792358398e-01,9.999986886978149414e-01,9.999618530273437500e-01,-9.999992251396179199e-01,9.999980330467224121e-01,-9.999992847442626953e-01,9.999985098838806152e-01,9.999960660934448242e-01,9.999980330467224121e-01,9.999989867210388184e-01,-9.999971985816955566e-01,-9.999984502792358398e-01,9.999979734420776367e-01,9.999918937683105469e-01,9.999961256980895996e-01,-9.999917745590209961e-01,9.999959468841552734e-01
-9.999938011169433594e-01,9.999950528144836426e-01,9.999768733978271484e-01,-9.999923110008239746e-01,-9.999959468841552734e-01,9.999954700469970703e-01,-9.999839067459106445e-01,-9.999963045120239258e-01,9.999884963035583496e-01,-9.999933838844299316e-01,9.999954700469970703e-01,9.999958276748657227e-01,-9.999927878379821777e-01,-9.999943971633911133e-01,-9.999724626541137695e-01,-9.999855756759643555e-01,-9.999902248382568359e-01,9.999938011169433594e-01,-9.999743700027465820e-01,9.999966025352478027e-01,9.999960660934448242e-01,-9.999738931655883789e-01,-9.999946951866149902e-01,-9.999930262565612793e-01,-9.999574422836303711e-01,-9.999960660934448242e-01,9.999935626983642578e-01,9.999957680702209473e-01,-9.999607205390930176e-01,9.999852776527404785e-01,9.999703168869018555e-01,9.999937415122985840e-01,-9.999544024467468262e-01,-9.999852180480957031e-01,9.999921321868896484e-01,-9.998055696487426758e-01,-9.999961853027343750e-01,-9.999946951866149902e-01,-9.999654889106750488e-01,9.999958276748657227e-01,-9.999949336051940918e-01,9.999440312385559082e-01,-9.999284148216247559e-01,-9.999958276748657227e-01,-9.999938011169433594e-01,-9.999935626983642578e-01,9.999752044677734375e-01,-9.999944567680358887e-01,-9.999955296516418457e-01,9.999944567680358887e-01,9.999954700469970703e-01,9.999939799308776855e-01,9.999958276748657227e-01,9.999737143516540527e-01,9.999936819076538086e-01,9.999932646751403809e-01,9.999770522117614746e-01,-9.999210238456726074e-01,-9.999878406524658203e-01,-9.999937415122985840e-01,9.999941587448120117e-01,-9.999961256980895996e-01,-9.999940991401672363e-01,-9.999826550483703613e-01,9.999814033508300781e-01,9.999957084655761719e-01,9.999963641166687012e-01,9.999850392341613770e-01,9.999960660934448242e-01,-9.999945163726806641e-01,9.999954700469970703e-01,-9.999914169311523438e-01,-9.999355077743530273e-01,9.999756813049316406e-01,9.999221563339233398e-01,9.999939203262329102e-01,-9.999712109565734863e-01,-9.999952912330627441e-01,9.999795556068420410e-01,9.999850392341613770e-01,-9.999242424964904785e-01,-9.999914765357971191e-01,9.999955892562866211e-01,-9.999926686286926270e-01,9.999936819076538086e-01,9.999583959579467773e-01,-9.999176263809204102e-01,-9.999959468841552734e-01,-9.999551177024841309e-01,-9.977447390556335449e-01,9.999853372573852539e-01,-9.999939203262329102e-01,9.999386668205261230e-01,9.999911189079284668e-01,-9.999927878379821777e-01,9.999918937683105469e-01,9.999627470970153809e-01,-9.999961853027343750e-01,9.999955296516418457e-01,-9.999865293502807617e-01,9.999877214431762695e-01,-9.999957084655761719e-01,9.994623064994812012e-01,-9.995575547218322754e-01,-9.999949932098388672e-01,-9.999893903732299805e-01,9.999269247055053711e-01,9.999940395355224609e-01,9.999768137931823730e-01,-9.999944567680358887e-01,9.999943971633911133e-01,-9.999929070472717285e-01,9.999938011169433594e-01,9.998244643211364746e-01,-9.999963045120239258e-01,9.999911189079284668e-01,-9.999961853027343750e-01,9.999933838844299316e-01,9.999816417694091797e-01,9.999911189079284668e-01,9.999952912330627441e-01,-9.999870061874389648e-01,-9.999932646751403809e-01,9.999908208847045898e-01,9.999632835388183594e-01,9.999824166297912598e-01,-9.999620914459228516e-01,9.999809861183166504e-01
9.999978542327880859e-01,-9.999982714653015137e-01,-9.999923110008239746e-01,9.999973177909851074e-01,9.999985098838806152e-01,-9.999984502792358398e-01,9.999946355819702148e-01,9.999986886978149414e-01,-9.999961256980895996e-01,9.999976158142089844e-01,-9.999984502792358398e-01,-9.999985098838806152e-01,9.999975562095642090e-01,9.999980926513671875e-01,9.999907612800598145e-01,9.999951124191284180e-01,9.999966621398925781e-01,-9.999978542327880859e-01,9.999914169311523438e-01,-9.999988079071044922e-01,-9.999986290931701660e-01,9.999912977218627930e-01,9.999980926513671875e-01,9.999976158142089844e-01,9.999858140945434570e-01,9.999986290931701660e-01,-9.999977946281433105e-01,-9.999985098838806152e-01,9.999868869781494141e-01,-9.999949932098388672e-01,-9.999901056289672852e-01,-9.999978542327880859e-01,9.999846816062927246e-01,9.999949932098388672e-01,-9.999972581863403320e-01,9.999349713325500488e-01,9.999987483024597168e-01,9.999982118606567383e-01,9.999883174896240234e-01,-9.999985098838806152e-01,9.999983310699462891e-01,-9.999812841415405273e-01,9.999760389328002930e-01,9.999984502792358398e-01,9.999979138374328613e-01,9.999977946281433105e-01,-9.999916553497314453e-01,9.999980330467224121e-01,9.999984502792358398e-01,-9.999980926513671875e-01,-9.999982714653015137e-01,-9.999978542327880859e-01,-9.999985694885253906e-01,-9.999911785125732422e-01,-9.999977946281433105e-01,-9.999977350234985352e-01,-9.999923706054687500e-01,9.999736547470092773e-01,9.999958872795104980e-01,9.999979138374328613e-01,-9.999980330467224121e-01,9.999985694885253906e-01,9.999979734420776367e-01,9.999942183494567871e-01,-9.999937415122985840e-01,-9.999985098838806152e-01,-9.999987483024597168e-01,-9.999949336051940918e-01,-9.999986290931701660e-01,9.999980330467224121e-01,-9.999983310699462891e-01,9.999970793724060059e-01,9.999784231185913086e-01,-9.999918341636657715e-01,-9.999739527702331543e-01,-9.999979138374328613e-01,9.999902844429016113e-01,9.999983310699462891e-01,-9.999932050704956055e-01,-9.999949932098388672e-01,9.999746084213256836e-01,9.999970793724060059e-01,-9.999984502792358398e-01,9.999974370002746582e-01,-9.999977946281433105e-01,-9.999861121177673340e-01,9.999724030494689941e-01,9.999986290931701660e-01,9.999850392341613770e-01,9.992458820343017578e-01,-9.999951124191284180e-01,9.999979138374328613e-01,-9.999795556068420410e-01,-9.999969005584716797e-01,9.999974966049194336e-01,-9.999971389770507812e-01,-9.999875426292419434e-01,9.999986886978149414e-01,-9.999983906745910645e-01,9.999955296516418457e-01,-9.999958276748657227e-01,9.999984502792358398e-01,-9.998203516006469727e-01,9.998521804809570312e-01,9.999982118606567383e-01,9.999964237213134766e-01,-9.999755620956420898e-01,-9.999979734420776367e-01,-9.999921321868896484e-01,9.999980926513671875e-01,-9.999979734420776367e-01,9.999975562095642090e-01,-9.999978542327880859e-01,-9.999413490295410156e-01,9.999986290931701660e-01,-9.999969005584716797e-01,9.999986886978149414e-01,-9.999976754188537598e-01,-9.999938607215881348e-01,-9.999969005584716797e-01,-9.999983310699462891e-01,9.999956488609313965e-01,9.999976158142089844e-01,-9.999969005584716797e-01,-9.999876618385314941e-01,-9.999940395355224609e-01,9.999873638153076172e-01,-9.999935626983642578e-01
9.999988675117492676e-01,-9.999990463256835938e-01,-9.999959468841552734e-01,9.999985098838806152e-01,9.999992251396179199e-01,-9.999992251396179199e-01,9.999971389770507812e-01,9.999992847442626953e-01,-9.999978542327880859e-01,9.999987483024597168e-01,-9.999992251396179199e-01,-9.999992251396179199e-01,9.999986886978149414e-01,9.999989271163940430e-01,9.999952316284179688e-01,9.999973177909851074e-01,9.999982118606567383e-01,-9.999988675117492676e-01,9.999954104423522949e-01,-9.999994039535522461e-01,-9.999993443489074707e-01,9.999954104423522949e-01,9.999991059303283691e-01,9.999987483024597168e-01,9.999924898147583008e-01,9.999993443489074707e-01,-9.999989271163940430e-01,-9.999992251396179199e-01,9.999930858612060547e-01,-9.999972581863403320e-01,-9.999947547912597656e-01,-9.999988079071044922e-01,9.999918937683105469e-01,9.999972581863403320e-01,-9.999985098838806152e-01,9.999656677246093750e-01,9.999993443489074707e-01,9.999989867210388184e-01,9.999938607215881348e-01,-9.999992251396179199e-01,9.999990463256835938e-01,-9.999900460243225098e-01,9.999873042106628418e-01,9.999992251396179199e-01,9.999988675117492676e-01,9.999988079071044922e-01,-9.999956488609313965e-01,9.999990463256835938e-01,9.999993443489074707e-01,-9.999990463256835938e-01,-9.999991655349731445e-01,-9.999989271163940430e-01,-9.999992847442626953e-01,-9.999952912330627441e-01,-9.999988079071044922e-01,-9.999987483024597168e-01,-9.999958872795104980e-01,9.999859929084777832e-01,9.999977946281433105e-01,9.999988675117492676e-01,-9.999988675117492676e-01,9.999993443489074707e-01,9.999989271163940430e-01,9.999968409538269043e-01,-9.999966025352478027e-01,-9.999992847442626953e-01,-9.999994039535522461e-01,-9.999972581863403320e-01,-9.999993443489074707e-01,9.999989867210388184e-01,-9.999992251396179199e-01,9.999984502792358398e-01,9.999886155128479004e-01,-9.999956488609313965e-01,-9.999862313270568848e-01,-9.999988079071044922e-01,9.999949336051940918e-01,9.999991059303283691e-01,-9.999963641166687012e-01,-9.999973177909851074e-01,9.999866485595703125e-01,9.999984502792358398e-01,-9.999991655349731445e-01,9.999986290931701660e-01,-9.999988079071044922e-01,-9.999926686286926270e-01,9.999854564666748047e-01,9.999992251396179199e-01,9.999920725822448730e-01,9.996014237403869629e-01,-9.999973177909851074e-01,9.999989271163940430e-01,-9.999892115592956543e-01,-9.999983310699462891e-01,9.999986290931701660e-01,-9.999985694885253906e-01,-9.999935030937194824e-01,9.999993443489074707e-01,-9.999992251396179199e-01,9.999974966049194336e-01,-9.999977946281433105e-01,9.999992847442626953e-01,-9.999049901962280273e-01,9.999218583106994629e-01,9.999991655349731445e-01,9.999980926513671875e-01,-9.999870657920837402e-01,-9.999989271163940430e-01,-9.999958276748657227e-01,9.999990463256835938e-01,-9.999990463256835938e-01,9.999986290931701660e-01,-9.999988079071044922e-01,-9.999690651893615723e-01,9.999992847442626953e-01,-9.999983310699462891e-01,9.999993443489074707e-01,-9.999987483024597168e-01,-9.999967217445373535e-01,-9.999983310699462891e-01,-9.999991059303283691e-01,9.999976754188537598e-01,9.999987483024597168e-01,-9.999983310699462891e-01,-9.999934434890747070e-01,-9.999967813491821289e-01,9.999933242797851562e-01,-9.999964833259582520e-01
-9.999988079071044922e-01,9.999990463256835938e-01,9.999954700469970703e-01,-9.999984502792358398e-01,-9.999992251396179199e-01,9.999990463256835938e-01,-9.999967813491821289e-01,-9.999992251396179199e-01,9.999976754188537598e-01,-9.999986290931701660e-01,9.999991655349731445e-01,9.999991655349731445e-01,-9.999985694885253906e-01,-9.999988079071044922e-01,-9.999946355819702148e-01,-9.999970793724060059e-01,-9.999980330467224121e-01,9.999987483024597168e-01,-9.999949336051940918e-01,9.999993443489074707e-01,9.999991655349731445e-01,-9.999949336051940918e-01,-9.999989271163940430e-01,-9.999986886978149414e-01,-9.999916553497314453e-01,-9.999991655349731445e-01,9.999986886978149414e-01,9.999992251396179199e-01,-9.999923110008239746e-01,9.999969601631164551e-01,9.999941587448120117e-01,9.999987483024597168e-01,-9.999911189079284668e-01,-9.999970793724060059e-01,9.999983310699462891e-01,-9.999619126319885254e-01,-9.999992847442626953e-01,-9.999988675117492676e-01,-9.999932646751403809e-01,9.999991059303283691e-01,-9.999989271163940430e-01,9.999889731407165527e-01,-9.999859929084777832e-01,-9.999991059303283691e-01,-9.999987483024597168e-01,-9.999986886978149414e-01,9.999951720237731934e-01,-9.999988675117492676e-01,-9.999991655349731445e-01,9.999988675117492676e-01,9.999990463256835938e-01,9.999988079071044922e-01,9.999992251396179199e-01,9.999948740005493164e-01,9.999986886978149414e-01,9.999986290931701660e-01,9.999954700469970703e-01,-9.999845623970031738e-01,-9.999975562095642090e-01,-9.999987483024597168e-01,9.999987483024597168e-01,-9.999992847442626953e-01,-9.999987483024597168e-01,-9.999964833259582520e-01,9.999961853027343750e-01,9.999991655349731445e-01,9.999993443489074707e-01,9.999969601631164551e-01,9.999992847442626953e-01,-9.999989271163940430e-01,9.999991655349731445e-01,-9.999982714653015137e-01,-9.999873638153076172e-01,9.999951720237731934e-01,9.999846816062927246e-01,9.999987483024597168e-01,-9.999943375587463379e-01,-9.999991059303283691e-01,9.999959468841552734e-01,9.999970197677612305e-01,-9.999852776527404785e-01,-9.999982714653015137e-01,9.999991059303283691e-01,-9.999984502792358398e-01,9.999987483024597168e-01,9.999917745590209961e-01,-9.999839067459106445e-01,-9.999992847442626953e-01,-9.999911785125732422e-01,-9.995576739311218262e-01,9.999970793724060059e-01,-9.999988079071044922e-01,9.999880194664001465e-01,9.999981522560119629e-01,-9.999985098838806152e-01,9.999983906745910645e-01,9.999928474426269531e-01,-9.999992847442626953e-01,9.999991655349731445e-01,-9.999972581863403320e-01,9.999975562095642090e-01,-9.999991655349731445e-01,9.998946785926818848e-01,-9.999132752418518066e-01,-9.999989271163940430e-01,-9.999978542327880859e-01,9.999857544898986816e-01,9.999988675117492676e-01,9.999954700469970703e-01,-9.999988675117492676e-01,9.999988675117492676e-01,-9.999985098838806152e-01,9.999987483024597168e-01,9.999656081199645996e-01,-9.999993443489074707e-01,9.999981522560119629e-01,-9.999993443489074707e-01,9.999986290931701660e-01,9.999963641166687012e-01,9.999981522560119629e-01,9.999989867210388184e-01,-9.999973773956298828e-01,-9.999986290931701660e-01,9.999981522560119629e-01,9.999928474426269531e-01,9.999964237213134766e-01,-9.999924898147583008e-01,9.999962449073791504e-01
9.999957680702209473e-01,-9.999964237213134766e-01,-9.999839067459106445e-01,9.999946355819702148e-01,9.999971389770507812e-01,-9.999967813491821289e-01,9.999887943267822266e-01,9.999974370002746582e-01,-9.999920129776000977e-01,9.999952912330627441e-01,-9.999968409538269043e-01,-9.999970197677612305e-01,9.999949932098388672e-01,9.999960064888000488e-01,9.999808669090270996e-01,9.999898672103881836e-01,9.999931454658508301e-01,-9.999956488609313965e-01,9.999820590019226074e-01,-9.999976158142089844e-01,-9.999972581863403320e-01,9.999818801879882812e-01,9.999962449073791504e-01,9.999951720237731934e-01,9.999704957008361816e-01,9.999972581863403320e-01,-9.999955892562866211e-01,-9.999969601631164551e-01,9.999727010726928711e-01,-9.999897480010986328e-01,-9.999793171882629395e-01,-9.999956488609313965e-01,9.999682903289794922e-01,9.999896883964538574e-01,-9.999945163726806641e-01,9.998643994331359863e-01,9.999974370002746582e-01,9.999962449073791504e-01,9.999760389328002930e-01,-9.999970197677612305e-01,9.999964833259582520e-01,-9.999608993530273438e-01,9.999501705169677734e-01,9.999970793724060059e-01,9.999957680702209473e-01,9.999955296516418457e-01,-9.999827146530151367e-01,9.999961853027343750e-01,9.999968409538269043e-01,-9.999961853027343750e-01,-9.999967217445373535e-01,-9.999957084655761719e-01,-9.999970197677612305e-01,-9.999816417694091797e-01,-9.999956488609313965e-01,-9.999952912330627441e-01,-9.999840259552001953e-01,9.999448657035827637e-01,9.999915361404418945e-01,9.999957084655761719e-01,-9.999959468841552734e-01,9.999971985816955566e-01,9.999958872795104980e-01,9.999879598617553711e-01,-9.999869465827941895e-01,-9.999970197677612305e-01,-9.999974966049194336e-01,-9.999895691871643066e-01,-9.999972581863403320e-01,9.999962449073791504e-01,-9.999968409538269043e-01,9.999939799308776855e-01,9.999549984931945801e-01,-9.999831318855285645e-01,-9.999457597732543945e-01,-9.999957084655761719e-01,9.999799132347106934e-01,9.999966621398925781e-01,-9.999858140945434570e-01,-9.999896287918090820e-01,9.999471306800842285e-01,9.999940991401672363e-01,-9.999968409538269043e-01,9.999949336051940918e-01,-9.999955892562866211e-01,-9.999710917472839355e-01,9.999424815177917480e-01,9.999971985816955566e-01,9.999687671661376953e-01,9.984266161918640137e-01,-9.999897480010986328e-01,9.999958276748657227e-01,-9.999572038650512695e-01,-9.999938011169433594e-01,9.999949932098388672e-01,-9.999943375587463379e-01,-9.999741315841674805e-01,9.999973773956298828e-01,-9.999968409538269043e-01,9.999907016754150391e-01,-9.999914765357971191e-01,9.999970197677612305e-01,-9.996250867843627930e-01,9.996914863586425781e-01,9.999964237213134766e-01,9.999926090240478516e-01,-9.999490976333618164e-01,-9.999958872795104980e-01,-9.999838471412658691e-01,9.999960660934448242e-01,-9.999960064888000488e-01,9.999950528144836426e-01,-9.999956488609313965e-01,-9.998775720596313477e-01,9.999973177909851074e-01,-9.999938011169433594e-01,9.999973773956298828e-01,-9.999953508377075195e-01,-9.999871253967285156e-01,-9.999938607215881348e-01,-9.999965429306030273e-01,9.999909400939941406e-01,9.999953508377075195e-01,-9.999936223030090332e-01,-9.999744296073913574e-01,-9.999877810478210449e-01,9.999735951423645020e-01,-9.999867677688598633e-01
9.999989867210388184e-01,-9.999992251396179199e-01,-9.999963045120239258e-01,9.999986886978149414e-01,9.999992847442626953e-01,-9.999992251396179199e-01,9.999974370002746582e-01,9.999994635581970215e-01,-9.999981522560119629e-01,9.999989271163940430e-01,-9.999994039535522461e-01,-9.999992847442626953e-01,9.999989271163940430e-01,9.999991655349731445e-01,9.999957680702209473e-01,9.999977350234985352e-01,9.999985098838806152e-01,-9.999990463256835938e-01,9.999959468841552734e-01,-9.999995231628417969e-01,-9.999994039535522461e-01,9.999960064888000488e-01,9.999992251396179199e-01,9.999989867210388184e-01,9.999933242797851562e-01,9.999994039535522461e-01,-9.999989867210388184e-01,-9.999992847442626953e-01,9.999938607215881348e-01,-9.999976754188537598e-01,-9.999954104423522949e-01,-9.999990463256835938e-01,9.999927282333374023e-01,9.999975562095642090e-01,-9.999986886978149414e-01,9.999695420265197754e-01,9.999995231628417969e-01,9.999992251396179199e-01,9.999945163726806641e-01,-9.999993443489074707e-01,9.999992251396179199e-01,-9.999911785125732422e-01,9.999887943267822266e-01,9.999992847442626953e-01,9.999990463256835938e-01,9.999990463256835938e-01,-9.999960660934448242e-01,9.999991655349731445e-01,9.999994039535522461e-01,-9.999992847442626953e-01,-9.999992251396179199e-01,-9.999992251396179199e-01,-9.999994635581970215e-01,-9.999958872795104980e-01,-9.999989271163940430e-01,-9.999989867210388184e-01,-9.999963641166687012e-01,9.999876022338867188e-01,9.999980330467224121e-01,9.999991655349731445e-01,-9.999991059303283691e-01,9.999994039535522461e-01,9.999991059303283691e-01,9.999971985816955566e-01,-9.999970197677612305e-01,-9.999993443489074707e-01,-9.999994635581970215e-01,-9.999976158142089844e-01,-9.999994635581970215e-01,9.999991655349731445e-01,-9.999994039535522461e-01,9.999986290931701660e-01,9.999898672103881836e-01,-9.999961256980895996e-01,-9.999877214431762695e-01,-9.999990463256835938e-01,9.999954700469970703e-01,9.999992847442626953e-01,-9.999966621398925781e-01,-9.999976754188537598e-01,9.999881386756896973e-01,9.999986886978149414e-01,-9.999993443489074707e-01,9.999987483024597168e-01,-9.999990463256835938e-01,-9.999934434890747070e-01,9.999871850013732910e-01,9.999994039535522461e-01,9.999929666519165039e-01,9.996454715728759766e-01,-9.999976754188537598e-01,9.999991059303283691e-01,-9.999904632568359375e-01,-9.999985098838806152e-01,9.999988675117492676e-01,-9.999986886978149414e-01,-9.999942183494567871e-01,9.999994635581970215e-01,-9.999993443489074707e-01,9.999978542327880859e-01,-9.999980330467224121e-01,9.999994635581970215e-01,-9.999155998229980469e-01,9.999305605888366699e-01,9.999992251396179199e-01,9.999983310699462891e-01,-9.999885559082031250e-01,-9.999992251396179199e-01,-9.999963045120239258e-01,9.999992847442626953e-01,-9.999991655349731445e-01,9.999988675117492676e-01,-9.999991655349731445e-01,-9.999725818634033203e-01,9.999994635581970215e-01,-9.999985098838806152e-01,9.999995231628417969e-01,-9.999988675117492676e-01,-9.999970793724060059e-01,-9.999985098838806152e-01,-9.999992251396179199e-01,9.999979138374328613e-01,9.999989271163940430e-01,-9.999985694885253906e-01,-9.999942779541015625e-01,-9.999971389770507812e-01,9.999940395355224609e-01,-9.999969601631164551e-01
-9.999968409538269043e-01,9.999974966049194336e-01,9.999884963035583496e-01,-9.999961256980895996e-01,-9.999978542327880859e-01,9.999976754188537598e-01,-9.999920129776000977e-01,-9.999981522560119629e-01,9.999942779541015625e-01,-9.999965429306030273e-01,9.999977350234985352e-01,9.999978542327880859e-01,-9.999963641166687012e-01,-9.999971389770507812e-01,-9.999862909317016602e-01,-9.999928474426269531e-01,-9.999951124191284180e-01,9.999968409538269043e-01,-9.999871850013732910e-01,9.999982714653015137e-01,9.999979138374328613e-01,-9.999870061874389648e-01,-9.999973177909851074e-01,-9.999964833259582520e-01,-9.999788403511047363e-01,-9.999979138374328613e-01,9.999968409538269043e-01,9.999978542327880859e-01,-9.999804496765136719e-01,9.999926686286926270e-01,9.999852180480957031e-01,9.999968409538269043e-01,-9.999773502349853516e-01,-9.999925494194030762e-01,9.999959468841552734e-01,-9.999032616615295410e-01,-9.999980926513671875e-01,-9.999972581863403320e-01,-9.999828338623046875e-01,9.999978542327880859e-01,-9.999974966049194336e-01,9.999722242355346680e-01,-9.999644160270690918e-01,-9.999978542327880859e-01,-9.999969005584716797e-01,-9.999967813491821289e-01,9.999876618385314941e-01,-9.999971985816955566e-01,-9.999977946281433105e-01,9.999972581863403320e-01,9.999976158142089844e-01,9.999969005584716797e-01,9.999978542327880859e-01,9.999869465827941895e-01,9.999967813491821289e-01,9.999965429306030273e-01,9.999886155128479004e-01,-9.999607205390930176e-01,-9.999939203262329102e-01,-9.999968409538269043e-01,9.999970793724060059e-01,-9.999980330467224121e-01,-9.999970197677612305e-01,-9.999913573265075684e-01,9.999907016754150391e-01,9.999977946281433105e-01,9.999982118606567383e-01,9.999925494194030762e-01,9.999980330467224121e-01,-9.999972581863403320e-01,9.999976754188537598e-01,-9.999956488609313965e-01,-9.999678730964660645e-01,9.999879002571105957e-01,9.999612569808959961e-01,9.999969005584716797e-01,-9.999856948852539062e-01,-9.999976158142089844e-01,9.999898076057434082e-01,9.999925494194030762e-01,-9.999622702598571777e-01,-9.999957084655761719e-01,9.999977350234985352e-01,-9.999963045120239258e-01,9.999967813491821289e-01,9.999793171882629395e-01,-9.999589920043945312e-01,-9.999978542327880859e-01,-9.999777078628540039e-01,-9.988774657249450684e-01,9.999927282333374023e-01,-9.999969005584716797e-01,9.999695420265197754e-01,9.999955296516418457e-01,-9.999962449073791504e-01,9.999958872795104980e-01,9.999814629554748535e-01,-9.999980926513671875e-01,9.999976754188537598e-01,-9.999933242797851562e-01,9.999938607215881348e-01,-9.999979138374328613e-01,9.997325539588928223e-01,-9.997799992561340332e-01,-9.999974370002746582e-01,-9.999946951866149902e-01,9.999635815620422363e-01,9.999970793724060059e-01,9.999883770942687988e-01,-9.999971985816955566e-01,9.999971985816955566e-01,-9.999964237213134766e-01,9.999967813491821289e-01,9.999126791954040527e-01,-9.999981522560119629e-01,9.999955296516418457e-01,-9.999980330467224121e-01,9.999965429306030273e-01,9.999908208847045898e-01,9.999955296516418457e-01,9.999975562095642090e-01,-9.999935030937194824e-01,-9.999965429306030273e-01,9.999954700469970703e-01,9.999817013740539551e-01,9.999911785125732422e-01,-9.999811649322509766e-01,9.999904632568359375e-01
9.999980926513671875e-01,-9.999984502792358398e-01,-9.999933838844299316e-01,9.999976158142089844e-01,9.999987483024597168e-01,-9.999986290931701660e-01,9.999952912330627441e-01,9.999989271163940430e-01,-9.999965429306030273e-01,9.999979734420776367e-01,-9.999985694885253906e-01,-9.999986886978149414e-01,9.999978542327880859e-01,9.999982714653015137e-01,9.999920725822448730e-01,9.999958276748657227e-01,9.999970197677612305e-01,-9.999982118606567383e-01,9.999924898147583008e-01,-9.999989271163940430e-01,-9.999988675117492676e-01,9.999924898147583008e-01,9.999983906745910645e-01,9.999978542327880859e-01,9.999877810478210449e-01,9.999988079071044922e-01,-9.999980926513671875e-01,-9.999986886978149414e-01,9.999887347221374512e-01,-9.999957084655761719e-01,-9.999914765357971191e-01,-9.999980926513671875e-01,9.999868273735046387e-01,9.999956488609313965e-01,-9.999976754188537598e-01,9.999442100524902344e-01,9.999989271163940430e-01,9.999983906745910645e-01,9.999900460243225098e-01,-9.999986886978149414e-01,9.999984502792358398e-01,-9.999838471412658691e-01,9.999794363975524902e-01,9.999986886978149414e-01,9.999980926513671875e-01,9.999980926513671875e-01,-9.999927878379821777e-01,9.999982714653015137e-01,9.999987483024597168e-01,-9.999983906745910645e-01,-9.999985098838806152e-01,-9.999980926513671875e-01,-9.999987483024597168e-01,-9.999924302101135254e-01,-9.999980926513671875e-01,-9.999980330467224121e-01,-9.999933242797851562e-01,9.999772906303405762e-01,9.999964237213134766e-01,9.999980926513671875e-01,-9.999982118606567383e-01,9.999988079071044922e-01,9.999982714653015137e-01,9.999949932098388672e-01,-9.999945759773254395e-01,-9.999987483024597168e-01,-9.999989867210388184e-01,-9.999955892562866211e-01,-9.999988079071044922e-01,9.999983310699462891e-01,-9.999985694885253906e-01,9.999974370002746582e-01,9.999815225601196289e-01,-9.999929666519165039e-01,-9.999776482582092285e-01,-9.999982118606567383e-01,9.999917149543762207e-01,9.999986290931701660e-01,-9.999940991401672363e-01,-9.999957084655761719e-01,9.999781847000122070e-01,9.999974966049194336e-01,-9.999986886978149414e-01,9.999977350234985352e-01,-9.999980330467224121e-01,-9.999879598617553711e-01,9.999762773513793945e-01,9.999987483024597168e-01,9.999870657920837402e-01,9.993520975112915039e-01,-9.999957084655761719e-01,9.999982118606567383e-01,-9.999824166297912598e-01,-9.999973177909851074e-01,9.999977946281433105e-01,-9.999975562095642090e-01,-9.999893307685852051e-01,9.999988675117492676e-01,-9.999986886978149414e-01,9.999959468841552734e-01,-9.999964237213134766e-01,9.999987483024597168e-01,-9.998456835746765137e-01,9.998730421066284180e-01,9.999984502792358398e-01,9.999968409538269043e-01,-9.999790191650390625e-01,-9.999982714653015137e-01,-9.999932646751403809e-01,9.999983906745910645e-01,-9.999983906745910645e-01,9.999978542327880859e-01,-9.999982118606567383e-01,-9.999496340751647949e-01,9.999988079071044922e-01,-9.999973177909851074e-01,9.999989271163940430e-01,-9.999980926513671875e-01,-9.999946951866149902e-01,-9.999973773956298828e-01,-9.999985694885253906e-01,9.999960660934448242e-01,9.999980926513671875e-01,-9.999972581863403320e-01,-9.999893307685852051e-01,-9.999948740005493164e-01,9.999890923500061035e-01,-9.999944567680358887e-01
-9.999986886978149414e-01,9.999990463256835938e-01,9.999954700469970703e-01,-9.999984502792358398e-01,-9.999992251396179199e-01,9.999991655349731445e-01,-9.999968409538269043e-01,-9.999994039535522461e-01,9.999977350234985352e-01,-9.999985694885253906e-01,9.999991059303283691e-01,9.999992251396179199e-01,-9.999985694885253906e-01,-9.999988675117492676e-01,-9.999945759773254395e-01,-9.999970793724060059e-01,-9.999980330467224121e-01,9.999988079071044922e-01,-9.999949336051940918e-01,9.999994039535522461e-01,9.999993443489074707e-01,-9.999948740005493164e-01,-9.999989271163940430e-01,-9.999986886978149414e-01,-9.999915957450866699e-01,-9.999992847442626953e-01,9.999987483024597168e-01,9.999992251396179199e-01,-9.999922513961791992e-01,9.999970197677612305e-01,9.999941587448120117e-01,9.999988079071044922e-01,-9.999909996986389160e-01,-9.999970197677612305e-01,9.999983906745910645e-01,-9.999611377716064453e-01,-9.999994039535522461e-01,-9.999989867210388184e-01,-9.999930262565612793e-01,9.999992251396179199e-01,-9.999990463256835938e-01,9.999888539314270020e-01,-9.999857544898986816e-01,-9.999992251396179199e-01,-9.999987483024597168e-01,-9.999987483024597168e-01,9.999951124191284180e-01,-9.999988675117492676e-01,-9.999992251396179199e-01,9.999989271163940430e-01,9.999991059303283691e-01,9.999988079071044922e-01,9.999992847442626953e-01,9.999947547912597656e-01,9.999987483024597168e-01,9.999986886978149414e-01,9.999954104423522949e-01,-9.999843835830688477e-01,-9.999976754188537598e-01,-9.999987483024597168e-01,9.999988675117492676e-01,-9.999992251396179199e-01,-9.999988675117492676e-01,-9.999966025352478027e-01,9.999962449073791504e-01,9.999991655349731445e-01,9.999994039535522461e-01,9.999969601631164551e-01,9.999993443489074707e-01,-9.999988675117492676e-01,9.999991059303283691e-01,-9.999982714653015137e-01,-9.999871253967285156e-01,9.999951720237731934e-01,9.999845027923583984e-01,9.999988079071044922e-01,-9.999943375587463379e-01,-9.999992251396179199e-01,9.999959468841552734e-01,9.999970793724060059e-01,-9.999848604202270508e-01,-9.999983310699462891e-01,9.999991655349731445e-01,-9.999985098838806152e-01,9.999988079071044922e-01,9.999917745590209961e-01,-9.999836087226867676e-01,-9.999992251396179199e-01,-9.999910593032836914e-01,-9.995489120483398438e-01,9.999971389770507812e-01,-9.999988675117492676e-01,9.999878406524658203e-01,9.999982118606567383e-01,-9.999985694885253906e-01,9.999983310699462891e-01,9.999926686286926270e-01,-9.999994039535522461e-01,9.999991655349731445e-01,-9.999972581863403320e-01,9.999974966049194336e-01,-9.999991655349731445e-01,9.998925924301147461e-01,-9.999116063117980957e-01,-9.999990463256835938e-01,-9.999978542327880859e-01,9.999854564666748047e-01,9.999988675117492676e-01,9.999953508377075195e-01,-9.999989271163940430e-01,9.999988675117492676e-01,-9.999985694885253906e-01,9.999988079071044922e-01,9.999650120735168457e-01,-9.999992847442626953e-01,9.999982118606567383e-01,-9.999993443489074707e-01,9.999986290931701660e-01,9.999963641166687012e-01,9.999982118606567383e-01,9.999991059303283691e-01,-9.999974370002746582e-01,-9.999986290931701660e-01,9.999982714653015137e-01,9.999926686286926270e-01,9.999965429306030273e-01,-9.999925494194030762e-01,9.999961256980895996e-01
-9.999987483024597168e-01,9.999991655349731445e-01,9.999958276748657227e-01,-9.999985098838806152e-01,-9.999992251396179199e-01,9.999991655349731445e-01,-9.999970197677612305e-01,-9.999992847442626953e-01,9.999978542327880859e-01,-9.999986886978149414e-01,9.999992251396179199e-01,9.999992251396179199e-01,-9.999986290931701660e-01,-9.999989271163940430e-01,-9.999951124191284180e-01,-9.999973177909851074e-01,-9.999982118606567383e-01,9.999988675117492676e-01,-9.999954104423522949e-01,9.999994039535522461e-01,9.999992847442626953e-01,-9.999954104423522949e-01,-9.999991059303283691e-01,-9.999987483024597168e-01,-9.999924898147583008e-01,-9.999992847442626953e-01,9.999988675117492676e-01,9.999992251396179199e-01,-9.999929070472717285e-01,9.999972581863403320e-01,9.999947547912597656e-01,9.999988675117492676e-01,-9.999918937683105469e-01,-9.999972581863403320e-01,9.999985098838806152e-01,-9.999654889106750488e-01,-9.999993443489074707e-01,-9.999991059303283691e-01,-9.999938011169433594e-01,9.999992251396179199e-01,-9.999990463256835938e-01,9.999900460243225098e-01,-9.999872446060180664e-01,-9.999991059303283691e-01,-9.999988675117492676e-01,-9.999988079071044922e-01,9.999955892562866211e-01,-9.999990463256835938e-01,-9.999992251396179199e-01,9.999990463256835938e-01,9.999990463256835938e-01,9.999988079071044922e-01,9.999992847442626953e-01,9.999951720237731934e-01,9.999988079071044922e-01,9.999987483024597168e-01,9.999958872795104980e-01,-9.999859929084777832e-01,-9.999977946281433105e-01,-9.999988079071044922e-01,9.999988675117492676e-01,-9.999993443489074707e-01,-9.999988675117492676e-01,-9.999969005584716797e-01,9.999965429306030273e-01,9.999991655349731445e-01,9.999994039535522461e-01,9.999972581863403320e-01,9.999993443489074707e-01,-9.999989867210388184e-01,9.999991059303283691e-01,-9.999984502792358398e-01,-9.999885559082031250e-01,9.999956488609313965e-01,9.999861121177673340e-01,9.999988079071044922e-01,-9.999948740005493164e-01,-9.999992251396179199e-01,9.999962449073791504e-01,9.999973177909851074e-01,-9.999865889549255371e-01,-9.999984502792358398e-01,9.999991655349731445e-01,-9.999986290931701660e-01,9.999988675117492676e-01,9.999926090240478516e-01,-9.999852776527404785e-01,-9.999992251396179199e-01,-9.999919533729553223e-01,-9.995993375778198242e-01,9.999972581863403320e-01,-9.999988675117492676e-01,9.999892115592956543e-01,9.999983906745910645e-01,-9.999986290931701660e-01,9.999984502792358398e-01,9.999935030937194824e-01,-9.999992847442626953e-01,9.999992251396179199e-01,-9.999975562095642090e-01,9.999977350234985352e-01,-9.999992847442626953e-01,9.999045133590698242e-01,-9.999214410781860352e-01,-9.999990463256835938e-01,-9.999979734420776367e-01,9.999869465827941895e-01,9.999989271163940430e-01,9.999958276748657227e-01,-9.999989271163940430e-01,9.999989271163940430e-01,-9.999986290931701660e-01,9.999988079071044922e-01,9.999688863754272461e-01,-9.999992847442626953e-01,9.999983310699462891e-01,-9.999993443489074707e-01,9.999987483024597168e-01,9.999967813491821289e-01,9.999983310699462891e-01,9.999991059303283691e-01,-9.999976158142089844e-01,-9.999987483024597168e-01,9.999983310699462891e-01,9.999933838844299316e-01,9.999967217445373535e-01,-9.999932050704956055e-01,9.999964833259582520e-01
