4.657644927501678467e-01,-1.399914734065532684e-02,4.626889154314994812e-02,-1.055690422654151917e-01,1.317535340785980225e-01,-1.466996669769287109e-01,1.415102630853652954e-01,3.851146101951599121e-01,6.908644735813140869e-02,5.904209613800048828e-02,-1.390733569860458374e-01,-3.082049451768398285e-02,-1.622816920280456543e-01,2.637646719813346863e-02,6.143011152744293213e-02,5.081074312329292297e-02,-1.147424103692173958e-03,-9.887126833200454712e-02,1.091731488704681396e-01,-2.181869349442422390e-04,-8.139046281576156616e-02,-6.967839598655700684e-02,-1.241609901189804077e-01,5.935522168874740601e-02,5.597743671387434006e-03,-1.247730199247598648e-02,1.258681714534759521e-01,-1.658974587917327881e-01,-3.457520529627799988e-02,-1.439904868602752686e-01,-1.231975555419921875e-01,7.244483381509780884e-02,-7.311061769723892212e-02,3.816600888967514038e-02,-1.518675498664379120e-02,4.107174277305603027e-02,-3.644808009266853333e-02,3.976192791014909744e-03,-1.861622929573059082e-01,-3.356603682041168213e-01,1.332172453403472900e-01,8.786400407552719116e-02,-1.881774514913558960e-01,1.367356814444065094e-02,-6.662046164274215698e-02,1.594310253858566284e-01,-3.477384895086288452e-02,-9.332527220249176025e-02,8.432470262050628662e-02,-7.060901820659637451e-02,-1.709352731704711914e-01,-8.755532652139663696e-02,2.655410468578338623e-01,-7.239506393671035767e-02,-7.676462084054946899e-02,-7.304701209068298340e-02,5.154988542199134827e-02,5.024293786846101284e-04,1.052225753664970398e-01,1.559180207550525665e-02,-8.965986222028732300e-02,-5.601476877927780151e-02,7.443900685757398605e-04,2.319056689739227295e-01,1.937626302242279053e-02,2.428912371397018433e-02,-3.078607916831970215e-01,7.295963168144226074e-02,-6.647683680057525635e-02,1.461849361658096313e-01,-1.661488413810729980e-01,9.653630107641220093e-02,5.981161072850227356e-02,4.001915082335472107e-02,-1.150221377611160278e-01,-1.094746887683868408e-01,1.364405849017202854e-03,5.855158902704715729e-03,-1.140453293919563293e-01,2.619432471692562103e-02,3.323742002248764038e-02,-3.983193892054259777e-05,-1.192610859870910645e-01,-2.941339742392301559e-03,-2.063540667295455933e-01,1.084105446934700012e-01,2.658512592315673828e-01,-1.067857490852475166e-03,-1.344335079193115234e-01,5.092539638280868530e-02,-1.543044000864028931e-01,1.461552530527114868e-01,1.981102526187896729e-01,-1.934876739978790283e-01,-3.476146608591079712e-02,-2.563250064849853516e-01,1.130947843194007874e-01,-6.086693610996007919e-05,-4.315244033932685852e-02,2.090666443109512329e-01,-1.684379726648330688e-01,3.018962442874908447e-01,6.206793338060379028e-02,-1.057896018028259277e-02,-6.800074130296707153e-02,2.617953717708587646e-01,1.495536267757415771e-01,1.855263411998748779e-01,-2.841472923755645752e-01,1.109376456588506699e-02,-8.555889874696731567e-02,7.865621149539947510e-02,9.923492372035980225e-02,5.800301674753427505e-03,4.757131263613700867e-02,-5.370894446969032288e-02,2.244003713130950928e-01,-5.673687905073165894e-02,-1.967971622943878174e-01,-3.856257349252700806e-02,-1.571419239044189453e-01,8.396293222904205322e-02,6.663100421428680420e-02,2.242164015769958496e-01,1.262898650020360947e-02,2.679646946489810944e-02,-3.753519384190440178e-03,1.974325813353061676e-02
-1.399914734065532684e-02,1.444018352776765823e-02,-1.049323603510856628e-01,7.705099880695343018e-02,6.578669697046279907e-02,1.403311640024185181e-02,-6.014042533934116364e-03,2.199561893939971924e-02,2.840426564216613770e-02,5.214056745171546936e-02,3.088707569986581802e-03,-4.200520366430282593e-02,8.759346604347229004e-02,6.219647452235221863e-02,9.824571013450622559e-02,1.107212975621223450e-01,-5.081731360405683517e-04,4.424392431974411011e-02,-8.180785924196243286e-02,-5.856527015566825867e-02,-3.768044337630271912e-02,8.345765620470046997e-02,6.515418738126754761e-02,8.384674787521362305e-03,1.045067701488733292e-02,1.050185784697532654e-01,-1.113438531756401062e-01,-4.358558356761932373e-02,9.484034776687622070e-02,-1.429590675979852676e-02,3.688309341669082642e-02,-1.128507852554321289e-01,7.126253843307495117e-02,6.558147072792053223e-02,-4.221369046717882156e-03,-1.090112179517745972e-01,4.822922870516777039e-02,8.052439987659454346e-02,-7.949747145175933838e-02,-4.269419983029365540e-02,9.016373008489608765e-02,1.448603346943855286e-02,9.938137233257293701e-02,2.067826874554157257e-02,-4.482794087380170822e-03,-7.802320271730422974e-02,-1.024686694145202637e-01,-2.824355289340019226e-02,-1.194117963314056396e-02,1.463539525866508484e-02,1.119631063193082809e-02,-2.783828414976596832e-02,7.943672128021717072e-03,2.544493472669273615e-04,-6.495872978121042252e-03,-1.174883842468261719e-01,3.505404666066169739e-02,7.147923111915588379e-03,-5.712645500898361206e-02,-5.852008983492851257e-02,9.211391210556030273e-03,6.416643504053354263e-03,3.059680107980966568e-03,2.969531714916229248e-02,3.868045052513480186e-03,-2.677956037223339081e-02,4.916238784790039062e-02,1.010729894042015076e-01,-9.444966912269592285e-02,2.814428135752677917e-02,-7.658460736274719238e-02,-1.425572857260704041e-02,-2.789140120148658752e-02,9.887809306383132935e-02,-8.399914018809795380e-03,-8.804828673601150513e-02,-1.648872741498053074e-03,1.198919266462326050e-01,-1.032673008739948273e-02,-9.909643977880477905e-02,1.052394136786460876e-01,4.854702274315059185e-04,-8.992949128150939941e-02,-2.453185152262449265e-05,-8.643237501382827759e-02,-9.989663213491439819e-02,3.757751360535621643e-02,3.004717640578746796e-03,7.364398241043090820e-02,7.792772352695465088e-02,-1.846352219581604004e-02,-3.222899883985519409e-02,-7.852163910865783691e-02,3.846110776066780090e-02,-9.118030965328216553e-02,6.507251411676406860e-03,7.075548917055130005e-02,-2.988996857311576605e-05,-8.461971580982208252e-02,5.548624321818351746e-02,-3.178936243057250977e-02,2.547354064881801605e-02,-1.191933900117874146e-01,-7.985616475343704224e-02,1.181222870945930481e-01,8.974307216703891754e-03,-8.657207340002059937e-02,-1.041641756892204285e-01,-2.207823097705841064e-02,-5.928439088165760040e-03,7.677987217903137207e-02,-6.613244861364364624e-02,-1.028200536966323853e-01,-1.825651153922080994e-02,1.113446578383445740e-01,-9.370441734790802002e-02,5.403430014848709106e-02,3.281774744391441345e-02,-9.917102754116058350e-02,4.383936524391174316e-02,6.283433735370635986e-02,8.033926039934158325e-02,9.653123468160629272e-02,-6.769309937953948975e-02,-7.119744271039962769e-02,-6.479219347238540649e-02,2.322875428944826126e-03,4.588645696640014648e-02
4.626889154314994812e-02,-1.049323603510856628e-01,7.860419154167175293e-01,-6.405078768730163574e-01,-4.873899519443511963e-01,-1.709584295749664307e-01,-2.049861475825309753e-02,-2.265744060277938843e-01,-1.997631788253784180e-01,-4.407253861427307129e-01,2.885129116475582123e-02,3.461952209472656250e-01,-5.956695675849914551e-01,-5.533632040023803711e-01,-7.341621518135070801e-01,-7.478871345520019531e-01,4.173033870756626129e-03,-3.076169490814208984e-01,6.573929190635681152e-01,4.997988343238830566e-01,3.439508974552154541e-01,-6.520587205886840820e-01,-5.611416697502136230e-01,-5.884262174367904663e-02,-8.712789416313171387e-02,-6.894081234931945801e-01,7.464784383773803711e-01,2.708023786544799805e-01,-7.138346433639526367e-01,1.347089558839797974e-01,-2.710615396499633789e-01,7.942867875099182129e-01,-5.727187395095825195e-01,-6.010541319847106934e-01,3.617903590202331543e-02,7.519664168357849121e-01,-3.762005567550659180e-01,-6.469514369964599609e-01,5.586013793945312500e-01,4.320885539054870605e-01,-6.615313887596130371e-01,-1.361460983753204346e-01,-6.778104901313781738e-01,-1.741227805614471436e-01,5.237713828682899475e-02,5.715928077697753906e-01,7.783377170562744141e-01,2.413132339715957642e-01,7.921808212995529175e-02,4.560947883874177933e-03,-6.830621510744094849e-02,2.525565624237060547e-01,-1.256670057773590088e-01,3.095125406980514526e-02,3.130692988634109497e-02,8.121542930603027344e-01,-3.143396377563476562e-01,-5.916078388690948486e-02,4.131463170051574707e-01,4.805695414543151855e-01,-3.436093032360076904e-02,-7.196661084890365601e-02,-2.535485103726387024e-02,-2.827534079551696777e-01,-2.910792827606201172e-02,2.058513164520263672e-01,-2.855591177940368652e-01,-7.058044075965881348e-01,7.151179313659667969e-01,-1.776984930038452148e-01,6.319758892059326172e-01,1.332886815071105957e-01,2.390763759613037109e-01,-7.562899589538574219e-01,5.287634208798408508e-02,6.746119260787963867e-01,1.139063667505979538e-02,-8.411874175071716309e-01,1.593846082687377930e-01,7.387973666191101074e-01,-7.978831529617309570e-01,-4.012866411358118057e-03,6.870200037956237793e-01,1.304275006987154484e-03,6.283585429191589355e-01,7.020965814590454102e-01,-3.600494861602783203e-01,-2.244153805077075958e-02,-5.198167562484741211e-01,-6.403375267982482910e-01,1.669737696647644043e-01,2.507802248001098633e-01,5.968784689903259277e-01,-2.660346925258636475e-01,7.121220231056213379e-01,-2.103243395686149597e-02,-5.671207904815673828e-01,2.538625558372586966e-04,6.159667968750000000e-01,-4.595488905906677246e-01,3.218821287155151367e-01,-2.169294953346252441e-01,8.265681266784667969e-01,6.385568976402282715e-01,-8.284635543823242188e-01,-2.370775043964385986e-01,6.515981554985046387e-01,7.012363672256469727e-01,1.756380200386047363e-01,4.600611701607704163e-02,-5.877388119697570801e-01,6.033672690391540527e-01,7.493362426757812500e-01,2.912845276296138763e-02,-7.769211530685424805e-01,7.187047004699707031e-01,-3.972786962985992432e-01,-2.894529700279235840e-01,7.533427476882934570e-01,-3.574198484420776367e-01,-4.514104723930358887e-01,-6.633729338645935059e-01,-7.270071506500244141e-01,4.617798626422882080e-01,6.006630659103393555e-01,5.491856336593627930e-01,-2.991280332207679749e-02,-4.030909836292266846e-01
-1.055690422654151917e-01,7.705099880695343018e-02,-6.405078768730163574e-01,6.544048786163330078e-01,2.871586382389068604e-01,2.174718081951141357e-01,1.167309936136007309e-02,6.811289489269256592e-02,1.352227181196212769e-01,3.267657160758972168e-01,-7.205872982740402222e-02,-2.626030743122100830e-01,3.831040561199188232e-01,5.163849592208862305e-01,5.843657255172729492e-01,5.157651901245117188e-01,7.500313222408294678e-04,2.849344611167907715e-01,-5.827068686485290527e-01,-3.845891058444976807e-01,-3.760740160942077637e-01,5.424285531044006348e-01,4.790017902851104736e-01,6.104539707303047180e-02,6.755121797323226929e-02,4.372292757034301758e-01,-5.468966364860534668e-01,-3.657085821032524109e-02,4.897415935993194580e-01,2.759188413619995117e-02,1.934869587421417236e-01,-6.718266010284423828e-01,5.475092530250549316e-01,4.341733753681182861e-01,-1.653057336807250977e-02,-5.600191354751586914e-01,2.777363955974578857e-01,4.719173014163970947e-01,-2.831945717334747314e-01,-4.144032001495361328e-01,4.979024231433868408e-01,1.271763145923614502e-01,5.191057920455932617e-01,1.268040835857391357e-01,-8.233271539211273193e-02,-3.391218781471252441e-01,-6.432957649230957031e-01,-2.059139311313629150e-01,-8.159030973911285400e-02,6.152566149830818176e-02,7.252857089042663574e-02,-1.576267331838607788e-01,1.364266276359558105e-01,-4.360834136605262756e-02,9.297537803649902344e-02,-6.112276911735534668e-01,2.635800838470458984e-01,4.222922027111053467e-02,-3.403370082378387451e-01,-4.074654281139373779e-01,-2.631174027919769287e-02,1.216848865151405334e-01,2.434147149324417114e-02,1.568642109632492065e-01,4.153697937726974487e-02,-1.566086113452911377e-01,2.512797415256500244e-01,4.876674711704254150e-01,-5.155671834945678711e-01,1.866955496370792389e-02,-4.367657005786895752e-01,3.751770034432411194e-02,-2.547410130500793457e-01,6.207342147827148438e-01,-4.632430151104927063e-02,-5.223014950752258301e-01,-5.607945378869771957e-03,6.425345540046691895e-01,-2.876468300819396973e-01,-5.746870040893554688e-01,7.049494385719299316e-01,3.053470514714717865e-03,-4.724988639354705811e-01,3.341374103911221027e-04,-4.524573385715484619e-01,-5.142335295677185059e-01,1.204518303275108337e-01,1.387750729918479919e-02,3.398480713367462158e-01,4.596951603889465332e-01,-1.096237152814865112e-01,-3.115088045597076416e-01,-5.594983100891113281e-01,3.033468127250671387e-01,-5.941972136497497559e-01,7.390310615301132202e-02,3.938750922679901123e-01,-1.793191768229007721e-04,-3.875760436058044434e-01,2.903458774089813232e-01,-1.769995242357254028e-01,-2.932616882026195526e-02,-7.196380496025085449e-01,-4.567651152610778809e-01,6.758577227592468262e-01,3.043855130672454834e-01,-6.790407299995422363e-01,-5.402019023895263672e-01,-2.546142600476741791e-02,-3.720105066895484924e-02,5.753545761108398438e-01,-5.690506100654602051e-01,-6.302919983863830566e-01,5.608537793159484863e-02,5.807728171348571777e-01,-5.388232469558715820e-01,1.725088208913803101e-01,2.145758420228958130e-01,-5.767432451248168945e-01,3.249716162681579590e-01,3.529999256134033203e-01,5.466512441635131836e-01,5.791800022125244141e-01,-3.853310942649841309e-01,-4.450932443141937256e-01,-4.530723392963409424e-01,1.330241467803716660e-02,3.144288063049316406e-01
1.317535340785980225e-01,6.578669697046279907e-02,-4.873899519443511963e-01,2.871586382389068604e-01,4.566031098365783691e-01,-3.442759625613689423e-03,1.821856945753097534e-02,3.621206581592559814e-01,1.090321615338325500e-01,2.612914741039276123e-01,-3.333561355248093605e-03,-2.221601456403732300e-01,3.984041213989257812e-01,2.608721852302551270e-01,5.242409110069274902e-01,6.211673617362976074e-01,-4.816788714379072189e-03,1.877578049898147583e-01,-2.964293062686920166e-01,-2.729274332523345947e-01,-6.557860970497131348e-02,3.721801936626434326e-01,2.437216192483901978e-01,7.724466919898986816e-02,4.746986553072929382e-02,5.481602549552917480e-01,-5.340877771377563477e-01,-3.906854987144470215e-01,5.171694159507751465e-01,-1.984225660562515259e-01,1.468650996685028076e-01,-4.721747040748596191e-01,2.249704003334045410e-01,3.482326269149780273e-01,-3.574616461992263794e-02,-5.440722107887268066e-01,2.219687551259994507e-01,4.010112583637237549e-01,-5.921729207038879395e-01,-3.171705305576324463e-01,4.878053069114685059e-01,9.288713335990905762e-02,4.521825909614562988e-01,1.132697612047195435e-01,4.551230370998382568e-02,-3.769434392452239990e-01,-5.205478668212890625e-01,-1.793964058160781860e-01,-4.750398546457290649e-02,5.725993588566780090e-02,-9.332471527159214020e-03,-2.586598992347717285e-01,9.818673133850097656e-02,-1.518671587109565735e-02,-1.465699523687362671e-01,-6.581286787986755371e-01,1.935587376356124878e-01,3.738091513514518738e-02,-2.290782779455184937e-01,-2.694978117942810059e-01,5.901514738798141479e-02,-5.184549838304519653e-02,1.264124643057584763e-02,1.992000192403793335e-01,5.361489485949277878e-03,-1.179259568452835083e-01,1.471717506647109985e-01,5.822443962097167969e-01,-4.811615347862243652e-01,2.911857962608337402e-01,-4.752754569053649902e-01,-1.393302679061889648e-01,-3.938360139727592468e-02,4.878010749816894531e-01,-6.732792407274246216e-02,-4.852253794670104980e-01,-8.964199572801589966e-03,6.129184365272521973e-01,-9.139873087406158447e-03,-4.643535315990447998e-01,4.820975363254547119e-01,2.355553209781646729e-03,-5.405019521713256836e-01,-3.045138902962207794e-03,-5.436853170394897461e-01,-4.939596951007843018e-01,3.442427814006805420e-01,1.646136306226253510e-02,2.985510528087615967e-01,4.128938913345336914e-01,-1.802899390459060669e-01,-1.915758848190307617e-02,-2.312678694725036621e-01,5.820663645863533020e-02,-4.207142591476440430e-01,-1.002441346645355225e-01,4.626063108444213867e-01,-1.722890447126701474e-04,-4.909449517726898193e-01,3.671398162841796875e-01,-2.527984380722045898e-01,3.034465909004211426e-01,-5.260799527168273926e-01,-4.101054668426513672e-01,5.197045207023620605e-01,1.029722765088081360e-01,-2.553261220455169678e-01,-4.684499800205230713e-01,-2.658838629722595215e-01,-1.827767491340637207e-02,2.518664896488189697e-01,-2.061769515275955200e-01,-4.571437537670135498e-01,-1.653256565332412720e-01,6.400011777877807617e-01,-4.564977586269378662e-01,4.505295157432556152e-01,1.432458013296127319e-01,-5.849331021308898926e-01,1.663000285625457764e-01,2.785332500934600830e-01,3.781206607818603516e-01,4.933367669582366943e-01,-2.356616258621215820e-01,-3.548051714897155762e-01,-2.500983774662017822e-01,-1.105506453313864768e-04,2.187634855508804321e-01
-1.466996669769287109e-01,1.403311640024185181e-02,-1.709584295749664307e-01,2.174718081951141357e-01,-3.442759625613689423e-03,2.079571336507797241e-01,-1.985826902091503143e-02,-4.866698756814002991e-02,-6.495097279548645020e-02,3.766448050737380981e-02,4.293125495314598083e-02,-5.998233333230018616e-02,7.017455995082855225e-02,1.855432540178298950e-01,1.454397737979888916e-01,8.055878430604934692e-02,3.670494188554584980e-04,4.455836862325668335e-02,-1.285070925951004028e-01,-1.192852333188056946e-01,-2.035414986312389374e-02,1.816212981939315796e-01,1.806362867355346680e-01,-1.698306761682033539e-02,1.014284323900938034e-02,9.534381330013275146e-03,-1.575667113065719604e-01,7.446623593568801880e-02,1.524917781352996826e-01,2.554966323077678680e-02,7.519795745611190796e-02,-1.617268472909927368e-01,9.220714122056961060e-02,1.704979240894317627e-01,-5.597242154181003571e-03,-1.378477364778518677e-01,5.558471381664276123e-02,8.356265723705291748e-02,5.589050706475973129e-03,-8.574809879064559937e-02,-5.129995290189981461e-03,4.059673752635717392e-03,1.584860980510711670e-01,3.196059912443161011e-02,8.963451534509658813e-02,-1.312889605760574341e-01,-1.410354673862457275e-01,-2.785891480743885040e-02,-7.909011840820312500e-02,-6.174078583717346191e-02,7.625181227922439575e-02,-9.565348178148269653e-02,-3.508536517620086670e-02,-2.524169161915779114e-02,2.821510471403598785e-02,-1.414483189582824707e-01,6.997375190258026123e-02,1.074735261499881744e-02,-3.848974779248237610e-02,-9.105596691370010376e-02,1.663011871278285980e-02,4.067579656839370728e-02,6.078943610191345215e-03,-1.211825236678123474e-01,-1.850769668817520142e-02,-2.521061897277832031e-02,1.147616654634475708e-01,6.708669662475585938e-02,-8.045960217714309692e-02,-5.313378199934959412e-02,-4.691004380583763123e-02,-1.329667419195175171e-01,-6.241715699434280396e-02,1.361762732267379761e-01,8.492337167263031006e-02,-7.042329758405685425e-02,-1.235219970112666488e-04,1.515436470508575439e-01,-4.458175227046012878e-02,-1.288958340883255005e-01,1.615551859140396118e-01,8.429808076471090317e-04,-7.236600667238235474e-02,-6.684982217848300934e-04,5.139023065567016602e-03,-1.148491874337196350e-01,-4.202314838767051697e-02,2.635156502947211266e-03,4.702535271644592285e-02,8.445132523775100708e-02,2.795311808586120605e-02,-8.210123330354690552e-02,-1.485216617584228516e-01,1.262230724096298218e-01,-8.620868623256683350e-02,7.090677320957183838e-02,6.703874468803405762e-02,-2.306614624103531241e-05,-7.881662249565124512e-02,-6.377246975898742676e-02,-3.885549306869506836e-02,-1.351185292005538940e-01,-1.717273890972137451e-01,-8.104010671377182007e-02,1.272834092378616333e-01,8.926842361688613892e-02,-1.663161814212799072e-01,-1.388022154569625854e-01,1.348366886377334595e-01,-7.460881024599075317e-03,1.798937916755676270e-01,-1.984881013631820679e-01,-1.658835411071777344e-01,8.981692045927047729e-02,1.193625032901763916e-01,-7.065689563751220703e-02,-1.231677737087011337e-02,7.556433230638504028e-02,-8.309147506952285767e-02,7.711250334978103638e-02,9.329119324684143066e-02,9.305412322282791138e-02,9.584091603755950928e-02,-9.868848323822021484e-02,-1.700047105550765991e-01,-1.004545465111732483e-01,1.141863688826560974e-02,6.620519608259201050e-02
1.415102630853652954e-01,-6.014042533934116364e-03,-2.049861475825309753e-02,1.167309936136007309e-02,1.821856945753097534e-02,-1.985826902091503143e-02,1.132571697235107422e-01,1.168232709169387817e-01,-4.388633184134960175e-03,4.388185963034629822e-02,-9.758948534727096558e-02,-2.106745727360248566e-03,-7.049920409917831421e-02,-1.828369800932705402e-03,8.166441693902015686e-03,-2.249374240636825562e-02,-9.484529728069901466e-04,-2.875026129186153412e-02,-3.046007268130779266e-02,-1.976751163601875305e-02,-6.858379393815994263e-02,-4.319741576910018921e-02,-3.688790136948227882e-03,3.132509812712669373e-02,3.881992539390921593e-03,-3.537946566939353943e-02,6.591340154409408569e-02,9.540587663650512695e-03,1.384808961302042007e-02,-6.565704196691513062e-02,-2.645318955183029175e-02,2.536142058670520782e-02,4.087834432721138000e-02,3.979696705937385559e-02,-1.907499274238944054e-03,5.245941877365112305e-02,-1.183953136205673218e-02,1.414886768907308578e-02,-3.865274786949157715e-02,-1.268254369497299194e-01,4.914648085832595825e-02,3.917298093438148499e-02,-7.666534185409545898e-02,8.413108065724372864e-03,-8.200047910213470459e-02,5.804373696446418762e-02,-4.436041414737701416e-02,-2.645125798881053925e-02,4.716062173247337341e-02,-3.606001660227775574e-02,-4.510461911559104919e-02,-2.256955392658710480e-02,9.483444690704345703e-02,-1.005834434181451797e-03,-4.083077423274517059e-03,-1.742669008672237396e-02,1.069402508437633514e-02,3.793624346144497395e-04,-2.207355340942740440e-03,-5.032871849834918976e-03,-4.826103895902633667e-02,1.401158282533288002e-03,4.047295660711824894e-04,1.391447931528091431e-01,-2.134427777491509914e-04,5.369815044105052948e-03,-1.297691315412521362e-01,5.998944863677024841e-03,-2.006322331726551056e-02,1.831512525677680969e-02,-8.496373891830444336e-02,3.572914376854896545e-02,1.724560931324958801e-02,2.214519120752811432e-02,-4.577022045850753784e-02,-5.721741169691085815e-02,9.945911588147282600e-04,2.253428846597671509e-02,-7.944212853908538818e-02,1.522223465144634247e-02,5.050009489059448242e-02,-3.754250064957886934e-05,-5.385682359337806702e-02,-1.818070420995354652e-03,-5.384454131126403809e-02,4.080806672573089600e-02,1.434389650821685791e-01,-1.246713567525148392e-03,-7.688021659851074219e-02,2.395977638661861420e-02,-6.678344309329986572e-02,2.635710313916206360e-02,4.007548838853836060e-02,-8.072151243686676025e-02,-4.825686290860176086e-02,-8.076397329568862915e-02,5.010277777910232544e-02,-3.077566725551150739e-05,2.855477854609489441e-02,8.727303892374038696e-02,-6.448827683925628662e-02,9.818194061517715454e-02,1.816044747829437256e-02,-7.287751417607069016e-03,3.701220825314521790e-02,1.770679652690887451e-01,-1.234516222029924393e-02,8.985551446676254272e-02,-1.066058725118637085e-01,2.377314493060112000e-03,-6.401836127042770386e-02,-4.888965561985969543e-02,4.071260988712310791e-02,5.967422947287559509e-02,2.469543553888797760e-02,-5.578268691897392273e-02,1.638160087168216705e-02,9.953106753528118134e-03,-9.219454973936080933e-02,-5.597916897386312485e-03,-4.477739334106445312e-02,5.253558233380317688e-02,3.715595230460166931e-02,8.572624623775482178e-02,1.681593060493469238e-02,-1.677525788545608521e-02,3.454589023021981120e-05,5.231518298387527466e-02
3.851146101951599121e-01,2.199561893939971924e-02,-2.265744060277938843e-01,6.811289489269256592e-02,3.621206581592559814e-01,-4.866698756814002991e-02,1.168232709169387817e-01,5.752829909324645996e-01,1.781745254993438721e-02,1.596694141626358032e-01,-5.243789777159690857e-02,-1.495228260755538940e-01,1.036816984415054321e-01,1.400757431983947754e-01,3.381020724773406982e-01,3.883306682109832764e-01,-4.837350454181432724e-03,5.379009991884231567e-03,-3.473008424043655396e-02,-1.445606201887130737e-01,6.842437386512756348e-02,1.704353243112564087e-01,4.856622964143753052e-02,5.816147476434707642e-02,2.416644617915153503e-02,2.730396091938018799e-01,-2.151836901903152466e-01,-3.743669688701629639e-01,3.362031280994415283e-01,-2.677590250968933105e-01,9.267380461096763611e-03,-1.494329720735549927e-01,-3.325277566909790039e-02,2.752754390239715576e-01,-4.089451953768730164e-02,-2.802313268184661865e-01,8.982249349355697632e-02,2.219011932611465454e-01,-5.421810746192932129e-01,-3.962360620498657227e-01,3.053646683692932129e-01,9.157450497150421143e-02,1.246593296527862549e-01,7.971974462270736694e-02,9.919336438179016113e-02,-1.608522683382034302e-01,-3.052496016025543213e-01,-1.582481712102890015e-01,7.523703388869762421e-03,-9.424215555191040039e-02,-1.082720533013343811e-01,-2.973769605159759521e-01,1.855272203683853149e-01,-7.616167515516281128e-02,-2.122019976377487183e-01,-4.379296600818634033e-01,1.548248678445816040e-01,2.409318648278713226e-02,4.454140551388263702e-03,-1.226292699575424194e-01,3.276420291513204575e-03,-1.136346980929374695e-01,4.749328363686800003e-03,1.872897297143936157e-01,-8.979348465800285339e-03,-3.816857933998107910e-02,-1.428562402725219727e-01,3.783978819847106934e-01,-3.017379045486450195e-01,3.049007356166839600e-01,-4.061077833175659180e-01,-1.731391102075576782e-01,8.183099329471588135e-02,2.886368632316589355e-01,-5.616340786218643188e-02,-3.181061148643493652e-01,-4.484719131141901016e-03,3.525505959987640381e-01,-2.178210206329822540e-02,-2.154665291309356689e-01,2.446451634168624878e-01,1.343377516604959965e-03,-4.055424332618713379e-01,-5.443125497549772263e-03,-4.175155460834503174e-01,-2.122403979301452637e-01,4.216590821743011475e-01,9.902334772050380707e-03,3.255992382764816284e-02,2.764168679714202881e-01,-2.122699469327926636e-01,1.823842823505401611e-01,7.905505597591400146e-02,-1.558478623628616333e-01,-2.058977484703063965e-01,-2.578055858612060547e-01,3.709161877632141113e-01,-1.408426614943891764e-04,-3.369163870811462402e-01,3.275751173496246338e-01,-3.071420192718505859e-01,4.232667684555053711e-01,-2.021359801292419434e-01,-2.396907508373260498e-01,1.987835764884948730e-01,2.353913933038711548e-01,7.520277798175811768e-02,-1.361023634672164917e-01,-3.446940183639526367e-01,5.030731670558452606e-03,5.902992415940389037e-05,-2.284641750156879425e-02,-1.682617366313934326e-01,-8.184696733951568604e-02,4.201588928699493408e-01,-2.552786171436309814e-01,4.567943513393402100e-01,7.098028808832168579e-02,-4.601771235466003418e-01,2.719375677406787872e-02,4.943153634667396545e-02,2.214267551898956299e-01,2.730628550052642822e-01,7.622093707323074341e-02,-2.202128618955612183e-01,-7.254044711589813232e-02,-1.399012282490730286e-03,1.330595314502716064e-01
6.908644735813140869e-02,2.840426564216613770e-02,-1.997631788253784180e-01,1.352227181196212769e-01,1.090321615338325500e-01,-6.495097279548645020e-02,-4.388633184134960175e-03,1.781745254993438721e-02,2.028935551643371582e-01,1.510657668113708496e-01,-5.586154386401176453e-02,-9.338363260030746460e-02,1.499308049678802490e-01,1.527708470821380615e-01,1.934516131877899170e-01,2.245275229215621948e-01,5.340491188690066338e-04,5.861221998929977417e-02,-2.095186859369277954e-01,-1.159981265664100647e-01,-2.741807997226715088e-01,1.582509577274322510e-01,9.666573256254196167e-02,7.525108754634857178e-03,3.270040079951286316e-02,2.576434314250946045e-01,-1.802786737680435181e-01,-5.155092850327491760e-02,1.127438172698020935e-01,1.567543484270572662e-02,2.143248356878757477e-02,-2.970136702060699463e-01,2.320729345083236694e-01,1.041680797934532166e-01,-1.768885180354118347e-03,-2.157098948955535889e-01,1.050377786159515381e-01,1.794241815805435181e-01,-1.079166755080223083e-01,-1.387202888727188110e-01,2.774080634117126465e-01,5.929411947727203369e-02,1.207402050495147705e-01,3.582824394106864929e-02,-1.516800969839096069e-01,-8.465556800365447998e-02,-2.099914699792861938e-01,-7.028757780790328979e-02,4.269631952047348022e-02,4.557135980576276779e-03,-4.316509142518043518e-02,6.181957572698593140e-02,1.247348561882972717e-01,-2.701228857040405273e-02,5.562797561287879944e-02,-2.099012434482574463e-01,7.684693485498428345e-02,1.305102091282606125e-02,-1.102680489420890808e-01,-1.280466914176940918e-01,-4.572652652859687805e-02,6.112710386514663696e-02,8.172834292054176331e-03,2.062081694602966309e-01,5.150790140032768250e-02,-6.297950446605682373e-02,-3.131209814455360174e-05,1.852410435676574707e-01,-2.488657832145690918e-01,4.910977091640233994e-03,-1.685012280941009521e-01,1.489228159189224243e-01,-1.319150179624557495e-01,2.377324253320693970e-01,-8.793517202138900757e-02,-1.932034343481063843e-01,-2.800346817821264267e-03,2.401243597269058228e-01,-1.023277491331100464e-01,-2.392749190330505371e-01,2.742660343647003174e-01,9.980327449738979340e-04,-1.643405109643936157e-01,2.451842883601784706e-03,-2.199603766202926636e-01,-1.573186069726943970e-01,8.265043795108795166e-02,4.654091317206621170e-03,1.957485824823379517e-01,1.787912994623184204e-01,-4.477349296212196350e-02,-1.122304201126098633e-01,-1.935306936502456665e-01,7.542187720537185669e-02,-2.606573998928070068e-01,-6.878036540001630783e-03,8.527376502752304077e-02,-7.341291347984224558e-05,-1.481476575136184692e-01,1.958016306161880493e-01,-6.728155910968780518e-02,1.216620206832885742e-01,-2.858473956584930420e-01,-1.730869263410568237e-01,2.894158363342285156e-01,4.298162460327148438e-02,-2.510987520217895508e-01,-1.720984131097793579e-01,-1.014496386051177979e-01,-1.903204806149005890e-02,2.429029941558837891e-01,-1.647511720657348633e-01,-2.127143144607543945e-01,-9.840122656896710396e-04,1.643608510494232178e-01,-2.594618201255798340e-01,7.745581120252609253e-02,4.353596642613410950e-02,-2.352715134620666504e-01,1.185515224933624268e-01,5.676119029521942139e-02,2.421012520790100098e-01,2.279758751392364502e-01,-1.101763546466827393e-01,-1.225201264023780823e-01,-1.966618448495864868e-01,1.808195188641548157e-02,9.928679466247558594e-02
5.904209613800048828e-02,5.214056745171546936e-02,-4.407253861427307129e-01,3.267657160758972168e-01,2.612914741039276123e-01,3.766448050737380981e-02,4.388185963034629822e-02,1.596694141626358032e-01,1.510657668113708496e-01,2.557676136493682861e-01,-5.990144610404968262e-02,-1.826233118772506714e-01,2.970652878284454346e-01,2.873467206954956055e-01,4.126309156417846680e-01,4.396889209747314453e-01,-2.208931837230920792e-03,1.380503773689270020e-01,-3.684106171131134033e-01,-2.587240040302276611e-01,-2.540055215358734131e-01,3.240887224674224854e-01,2.684014439582824707e-01,3.602825850248336792e-02,4.955073446035385132e-02,4.115540683269500732e-01,-4.006714522838592529e-01,-1.442644000053405762e-01,3.889905214309692383e-01,-8.514865487813949585e-02,1.141591444611549377e-01,-4.738800525665283203e-01,3.343302607536315918e-01,3.186337649822235107e-01,-1.822796650230884552e-02,-4.203366637229919434e-01,1.934161037206649780e-01,3.459215462207794189e-01,-3.318960070610046387e-01,-2.817072570323944092e-01,4.137587845325469971e-01,9.047406911849975586e-02,3.263358473777770996e-01,9.078598767518997192e-02,-9.071493893861770630e-02,-2.759906649589538574e-01,-4.547340273857116699e-01,-1.354852169752120972e-01,-3.329687518998980522e-03,-2.291537635028362274e-02,-4.389851819723844528e-03,-1.039116084575653076e-01,1.268859356641769409e-01,-2.369153499603271484e-02,-8.438719436526298523e-03,-4.900982081890106201e-01,1.655901223421096802e-01,3.040705062448978424e-02,-2.079366892576217651e-01,-2.483112663030624390e-01,-1.279751304537057877e-02,4.448097571730613708e-02,1.334449741989374161e-02,2.394073158502578735e-01,2.724696323275566101e-02,-1.075462475419044495e-01,7.413779199123382568e-02,3.994371891021728516e-01,-4.249868988990783691e-01,9.331054240465164185e-02,-3.741234838962554932e-01,-1.098533533513545990e-02,-1.341067850589752197e-01,4.427822530269622803e-01,-6.545212119817733765e-02,-3.875161707401275635e-01,-5.705780815333127975e-03,5.147511363029479980e-01,-1.173192113637924194e-01,-4.198404252529144287e-01,4.958449602127075195e-01,2.062385436147451401e-03,-3.939439654350280762e-01,-4.349562223069369793e-04,-3.845932781696319580e-01,-3.650994002819061279e-01,2.417090684175491333e-01,1.112393476068973541e-02,2.649231851100921631e-01,3.486179709434509277e-01,-1.120779439806938171e-01,-1.245107054710388184e-01,-3.029658198356628418e-01,1.015632227063179016e-01,-4.293017387390136719e-01,-2.533837966620922089e-02,2.957531511783599854e-01,-1.460007915738970041e-04,-3.230291306972503662e-01,2.970602810382843018e-01,-1.914544850587844849e-01,1.828613728284835815e-01,-4.967131614685058594e-01,-3.378202319145202637e-01,5.226281285285949707e-01,1.694523990154266357e-01,-3.837777972221374512e-01,-3.579161167144775391e-01,-1.525527387857437134e-01,-2.482768148183822632e-02,3.202461302280426025e-01,-3.286194205284118652e-01,-4.057219028472900391e-01,2.219586633145809174e-03,4.506669342517852783e-01,-4.401721060276031494e-01,2.176486998796463013e-01,1.438504159450531006e-01,-4.789650738239288330e-01,1.875629425048828125e-01,1.958009004592895508e-01,3.905171453952789307e-01,4.242187440395355225e-01,-2.011662721633911133e-01,-3.008728623390197754e-01,-3.035291135311126709e-01,1.919147372245788574e-02,2.219882756471633911e-01
-1.390733569860458374e-01,3.088707569986581802e-03,2.885129116475582123e-02,-7.205872982740402222e-02,-3.333561355248093605e-03,4.293125495314598083e-02,-9.758948534727096558e-02,-5.243789777159690857e-02,-5.586154386401176453e-02,-5.990144610404968262e-02,1.515729576349258423e-01,4.788707476109266281e-03,9.079995751380920410e-02,-2.455165609717369080e-02,-1.351347565650939941e-02,4.503055661916732788e-02,-1.283511752262711525e-03,-1.178048271685838699e-02,8.901479095220565796e-02,1.113128475844860077e-02,1.911374628543853760e-01,3.222316130995750427e-02,2.958706114441156387e-03,-5.293718352913856506e-02,-9.174206294119358063e-03,4.151304438710212708e-02,-9.341479092836380005e-02,-7.377564907073974609e-02,5.443103983998298645e-02,-9.403670206665992737e-03,4.988882318139076233e-02,1.997008919715881348e-02,-1.354071646928787231e-01,1.339119952172040939e-02,-7.146527059376239777e-03,-6.696203351020812988e-02,5.931391380727291107e-03,-2.015294693410396576e-02,-3.887290880084037781e-02,1.597530841827392578e-01,-1.074293404817581177e-01,-6.414651870727539062e-02,9.283876419067382812e-02,-3.328352002426981926e-03,1.735749691724777222e-01,-1.393319517374038696e-01,6.529706716537475586e-02,4.740898311138153076e-02,-6.376287341117858887e-02,-4.303275793790817261e-02,6.271670013666152954e-02,-4.696559160947799683e-02,-1.468157321214675903e-01,1.056439708918333054e-02,-7.433736324310302734e-02,-1.092363242059946060e-02,-1.917653344571590424e-02,1.387328375130891800e-03,4.317782074213027954e-02,3.432915732264518738e-02,8.777754753828048706e-02,-4.418059065937995911e-02,-3.592367516830563545e-03,-1.864212602376937866e-01,-2.930286526679992676e-02,4.017978440970182419e-03,1.210746243596076965e-01,8.424506522715091705e-03,1.643385179340839386e-02,2.932816930115222931e-02,7.326398789882659912e-02,-2.014925032854080200e-01,3.825354576110839844e-02,-4.567163065075874329e-02,9.789858013391494751e-02,8.094977587461471558e-02,-1.975178485736250877e-03,-4.113341681659221649e-03,1.813555210828781128e-01,-1.068604527972638607e-03,-1.037693917751312256e-01,6.121781916590407491e-05,2.849806845188140869e-02,-3.200203718733973801e-05,8.172696828842163086e-02,-5.201090499758720398e-02,-7.140050083398818970e-02,2.601468935608863831e-03,6.694166362285614014e-02,-1.939249783754348755e-02,7.440020143985748291e-02,5.636433139443397522e-02,2.692999131977558136e-02,3.267958760261535645e-02,1.016530990600585938e-01,5.554082244634628296e-02,-3.429388999938964844e-02,2.935670090664643794e-05,-6.688440591096878052e-02,-1.148674562573432922e-01,1.429075561463832855e-02,-4.266029968857765198e-02,3.019987605512142181e-02,8.228193037211894989e-03,-6.689066439867019653e-02,-2.192972898483276367e-01,1.320304870605468750e-01,-8.744714409112930298e-02,1.015527769923210144e-01,1.904125092551112175e-03,-1.122078113257884979e-02,8.587212115526199341e-02,-7.450537756085395813e-03,-5.936587974429130554e-02,-2.265371149405837059e-03,8.074802160263061523e-02,4.697097465395927429e-02,4.929436836391687393e-03,9.694281965494155884e-02,-3.426625207066535950e-02,4.326225072145462036e-02,-9.648257493972778320e-02,-6.469041854143142700e-02,-5.024203285574913025e-02,-5.075271055102348328e-02,5.617218837141990662e-02,7.477425970137119293e-03,-5.692860856652259827e-02
-3.082049451768398285e-02,-4.200520366430282593e-02,3.461952209472656250e-01,-2.626030743122100830e-01,-2.221601456403732300e-01,-5.998233333230018616e-02,-2.106745727360248566e-03,-1.495228260755538940e-01,-9.338363260030746460e-02,-1.826233118772506714e-01,4.788707476109266281e-03,1.558527797460556030e-01,-2.418890446424484253e-01,-2.534522414207458496e-01,-3.515202105045318604e-01,-3.742163479328155518e-01,1.419564126990735531e-03,-1.091355085372924805e-01,2.540397644042968750e-01,2.061651945114135742e-01,1.383124142885208130e-01,-2.911402881145477295e-01,-2.154655754566192627e-01,-1.880024373531341553e-02,-3.668861836194992065e-02,-3.225447237491607666e-01,3.457942008972167969e-01,1.447840332984924316e-01,-3.242961466312408447e-01,6.244803965091705322e-02,-9.470947831869125366e-02,3.729088902473449707e-01,-2.130322009325027466e-01,-2.655229866504669189e-01,1.909878291189670563e-02,3.656961917877197266e-01,-1.536483764648437500e-01,-2.699594199657440186e-01,2.875367403030395508e-01,2.300187945365905762e-01,-3.011876344680786133e-01,-6.265046447515487671e-02,-2.865957319736480713e-01,-7.466595619916915894e-02,-5.312507506459951401e-03,2.423716336488723755e-01,3.566303849220275879e-01,1.129526868462562561e-01,3.411372005939483643e-02,2.673833630979061127e-02,-5.278232041746377945e-03,1.258462518453598022e-01,-7.981739938259124756e-02,3.608808666467666626e-02,3.099482692778110504e-02,4.118614494800567627e-01,-1.455435156822204590e-01,-2.549727633595466614e-02,1.356354951858520508e-01,1.976543366909027100e-01,-8.660572580993175507e-03,-1.818347163498401642e-02,-1.075329910963773727e-02,-1.081972718238830566e-01,-1.574466563761234283e-02,8.214364200830459595e-02,-9.002997726202011108e-02,-3.319436311721801758e-01,3.331942856311798096e-01,-9.322367608547210693e-02,2.853189706802368164e-01,6.397772580385208130e-02,9.513325244188308716e-02,-3.552868664264678955e-01,2.081051655113697052e-02,2.968481183052062988e-01,4.656454082578420639e-03,-4.098485112190246582e-01,6.805723905563354492e-02,3.400785624980926514e-01,-3.762274682521820068e-01,-1.740487408824265003e-03,3.133214712142944336e-01,5.792336887679994106e-04,3.030339777469635010e-01,3.048789501190185547e-01,-1.565471440553665161e-01,-9.666414000093936920e-03,-2.104235887527465820e-01,-2.783031165599822998e-01,7.798873633146286011e-02,7.882890105247497559e-02,2.260908037424087524e-01,-9.773378819227218628e-02,3.109096288681030273e-01,1.963042095303535461e-02,-2.426428496837615967e-01,1.109654986066743731e-04,2.903234064579010010e-01,-2.032408565282821655e-01,1.580736935138702393e-01,-1.221508011221885681e-01,3.984179794788360596e-01,2.691831290721893311e-01,-3.768840134143829346e-01,-1.050112247467041016e-01,2.633566856384277344e-01,3.100584149360656738e-01,9.007583558559417725e-02,1.744774356484413147e-02,-2.738668322563171387e-01,2.343668639659881592e-01,3.372457325458526611e-01,1.485567539930343628e-02,-3.729634881019592285e-01,3.172243833541870117e-01,-2.126804888248443604e-01,-1.107864677906036377e-01,3.695608973503112793e-01,-1.444327980279922485e-01,-1.656706482172012329e-01,-2.911652028560638428e-01,-3.269951045513153076e-01,1.662623137235641479e-01,2.709282934665679932e-01,2.206752151250839233e-01,-1.442404836416244507e-02,-1.557575762271881104e-01
