4.801532328128814697e-01,1.733191125094890594e-02,-1.564324349164962769e-01,7.110286504030227661e-02,2.107850164175033569e-01,-6.316831707954406738e-02,6.457735598087310791e-02,3.139605820178985596e-01,6.840144097805023193e-02,3.454307466745376587e-02,-5.065146088600158691e-02,-5.437051504850387573e-02,8.567404001951217651e-02,4.761703908443450928e-01,2.701000869274139404e-01,1.417334526777267456e-01,-1.566977705806493759e-03,1.314024254679679871e-02,9.463174641132354736e-02,-5.364497750997543335e-02,-1.970117390155792236e-01,1.013768464326858521e-01,6.524225324392318726e-02,1.985258050262928009e-02,-9.537795558571815491e-03,1.652347110211849213e-02,-5.834117904305458069e-02,-2.860121130943298340e-01,6.986691057682037354e-02,-2.242777645587921143e-01,-1.054064333438873291e-01,-8.124627172946929932e-02,7.064707577228546143e-02,9.747076034545898438e-02,-2.534562535583972931e-02,-1.341219544410705566e-01,-1.066049002110958099e-02,2.250166423618793488e-02,-2.683465480804443359e-01,-3.885903656482696533e-01,1.581123918294906616e-01,8.817473798990249634e-02,6.153461709618568420e-02,2.714829333126544952e-02,1.274559348821640015e-01,-2.129810154438018799e-01,-2.217742502689361572e-01,-1.253829896450042725e-01,-8.734240196645259857e-03,8.026227355003356934e-02,-4.172231629490852356e-02,-9.421944618225097656e-02,6.222397461533546448e-02,-7.452106475830078125e-02,-2.860066853463649750e-02,-1.601570695638656616e-01,7.950341701507568359e-02,1.838863641023635864e-02,-4.431406408548355103e-02,-6.523737311363220215e-02,6.222862377762794495e-02,-6.352082360535860062e-03,1.758981868624687195e-02,9.560344368219375610e-02,-3.705059736967086792e-02,1.717906445264816284e-02,6.898127030581235886e-03,2.389421910047531128e-01,-1.208684742450714111e-01,1.351552009582519531e-01,-1.527349203824996948e-01,-1.462782472372055054e-01,3.024601750075817108e-02,1.524729728698730469e-01,-6.565513461828231812e-02,-2.293921113014221191e-01,-8.496098220348358154e-03,1.746463179588317871e-01,-2.070734351873397827e-01,-7.917128503322601318e-02,1.287866979837417603e-01,3.339464776217937469e-03,-2.484095245599746704e-01,-1.500659156590700150e-03,-2.301150858402252197e-01,-1.391030997037887573e-01,2.242963761091232300e-01,3.431637072935700417e-03,5.870464257895946503e-03,1.696923375129699707e-02,-6.557057052850723267e-02,-4.604566842317581177e-02,3.503482788801193237e-02,-7.799071818590164185e-02,-4.725948721170425415e-02,-9.124772250652313232e-02,3.486078381538391113e-01,-4.808008379768580198e-04,-1.427678018808364868e-01,1.533381193876266479e-01,-4.810499027371406555e-02,1.103202104568481445e-01,-9.169899672269821167e-02,-1.932399533689022064e-02,-2.508037537336349487e-02,2.171419560909271240e-01,4.038234055042266846e-02,-6.309738010168075562e-02,-2.337960749864578247e-01,9.604074992239475250e-03,1.631673127412796021e-01,1.989853940904140472e-02,-6.819956004619598389e-02,-2.980405688285827637e-01,1.887717097997665405e-01,-1.307792961597442627e-01,3.193053305149078369e-01,-1.040174067020416260e-01,-3.639484047889709473e-01,8.063692599534988403e-03,-5.636976659297943115e-02,2.021198272705078125e-01,1.510437130928039551e-01,-1.910280436277389526e-02,-1.819775253534317017e-02,-1.591836065053939819e-01,-2.556890435516834259e-02,7.004313915967941284e-02
1.733191125094890594e-02,2.148699574172496796e-02,-1.193688586354255676e-01,5.449186637997627258e-02,7.061676681041717529e-02,-2.545637637376785278e-02,1.156906597316265106e-02,3.566182777285575867e-02,1.598055288195610046e-02,2.568616718053817749e-02,8.642868138849735260e-03,-4.168142378330230713e-02,1.096817478537559509e-01,3.608950227499008179e-02,1.174645572900772095e-01,1.071582809090614319e-01,1.428763498552143574e-03,5.763785541057586670e-02,-3.593998774886131287e-02,-5.643968284130096436e-02,-4.366997629404067993e-02,1.224661096930503845e-01,6.188947334885597229e-02,-6.462094374001026154e-03,1.386649440973997116e-02,1.380647867918014526e-01,-1.273039877414703369e-01,-8.519776910543441772e-02,8.476271480321884155e-02,-2.351514436304569244e-02,4.216067027300596237e-03,-1.200782582163810730e-01,8.475959300994873047e-02,5.368535593152046204e-02,2.992236695718020201e-04,-1.223355159163475037e-01,8.393075317144393921e-03,3.187973424792289734e-02,-6.925933063030242920e-02,-8.714742958545684814e-02,1.121010184288024902e-01,3.676170716062188148e-03,1.167348846793174744e-01,1.376223377883434296e-02,-1.548418309539556503e-02,-6.355397403240203857e-02,-1.219936087727546692e-01,-2.707337029278278351e-02,-1.298374123871326447e-02,2.085822261869907379e-02,-1.422772649675607681e-02,-1.485657063312828541e-03,4.288694635033607483e-02,9.982103481888771057e-03,-6.820196751505136490e-03,-1.213603690266609192e-01,2.128401212394237518e-02,1.038533449172973633e-02,-5.074376612901687622e-02,-4.671985283493995667e-02,-7.653544656932353973e-03,8.674546144902706146e-03,4.733060020953416824e-03,3.803795203566551208e-02,-4.173525609076023102e-03,-2.521607652306556702e-02,3.826219961047172546e-02,1.209100931882858276e-01,-1.108750253915786743e-01,1.867750100791454315e-02,-7.266763597726821899e-02,1.891219988465309143e-02,-2.152553945779800415e-02,1.108944416046142578e-01,-2.494772709906101227e-02,-8.645406365394592285e-02,-3.980979789048433304e-03,1.262864768505096436e-01,-2.300990931689739227e-02,-1.049331799149513245e-01,1.110195666551589966e-01,2.100527053698897362e-03,-7.664010673761367798e-02,5.374262109398841858e-03,-7.786836475133895874e-02,-1.194721981883049011e-01,1.444055698812007904e-02,7.715711835771799088e-03,7.606664299964904785e-02,1.742739416658878326e-02,-3.397070616483688354e-02,-2.299913018941879272e-02,-8.107397705316543579e-02,2.383415587246417999e-02,-9.579375386238098145e-02,-1.930142461787909269e-04,7.986058294773101807e-02,-2.827901334967464209e-04,-9.665310382843017578e-02,3.137392178177833557e-02,-7.502468768507242203e-03,4.124262928962707520e-02,-1.163642406463623047e-01,-1.762522384524345398e-02,1.290454566478729248e-01,1.732873544096946716e-02,-7.993648201227188110e-02,-1.031432077288627625e-01,-2.924193628132343292e-02,-1.508460938930511475e-02,8.963255584239959717e-02,-2.019256725907325745e-02,-9.595357626676559448e-02,-1.596491783857345581e-02,1.352020800113677979e-01,-1.193350479006767273e-01,7.170714437961578369e-02,3.713474795222282410e-02,-1.165387779474258423e-01,3.174365684390068054e-02,4.616389051079750061e-02,9.335314482450485229e-02,1.165526807308197021e-01,-5.603395774960517883e-02,-1.018001809716224670e-01,-5.219437181949615479e-02,4.369751550257205963e-04,3.121138177812099457e-02
-1.564324349164962769e-01,-1.193688586354255676e-01,7.645167708396911621e-01,-3.893232941627502441e-01,-4.032938778400421143e-01,8.308269083499908447e-02,-1.551560908555984497e-01,-2.483159601688385010e-01,-7.404290884733200073e-02,-1.753345280885696411e-01,-5.316887795925140381e-02,2.795655429363250732e-01,-6.326979398727416992e-01,-3.118851780891418457e-01,-7.007489204406738281e-01,-6.439064741134643555e-01,-2.019504085183143616e-02,-2.881990075111389160e-01,2.436736375093460083e-01,3.969867527484893799e-01,2.552427649497985840e-01,-7.379559874534606934e-01,-4.738788604736328125e-01,1.394125819206237793e-01,-8.302841335535049438e-02,-7.516667842864990234e-01,7.153982520103454590e-01,5.041893720626831055e-01,-5.987479686737060547e-01,2.433851510286331177e-01,7.870887406170368195e-03,7.183945775032043457e-01,-5.486921668052673340e-01,-4.042166471481323242e-01,1.071567833423614502e-02,7.266700267791748047e-01,-5.351233482360839844e-02,-2.083608061075210571e-01,5.129832625389099121e-01,5.730316042900085449e-01,-6.735389232635498047e-01,-3.502755239605903625e-02,-6.681973934173583984e-01,-9.402757138013839722e-02,6.337746977806091309e-02,5.067842006683349609e-01,7.578842043876647949e-01,1.886041611433029175e-01,5.657650157809257507e-02,-4.106446728110313416e-02,5.546852573752403259e-02,1.073760539293289185e-02,-2.426472306251525879e-01,1.585557311773300171e-02,2.618425153195858002e-02,7.254031300544738770e-01,-1.720886528491973877e-01,-7.262638211250305176e-02,2.614443302154541016e-01,3.113427758216857910e-01,7.865864038467407227e-02,-1.033608019351959229e-01,-3.470675274729728699e-02,-3.027637004852294922e-01,1.002289587631821632e-03,1.552780866622924805e-01,-1.985947042703628540e-01,-6.988248229026794434e-01,6.788700222969055176e-01,-1.090688556432723999e-01,5.171670913696289062e-01,-2.859488129615783691e-02,1.163224875926971436e-01,-7.059437036514282227e-01,1.525275111198425293e-01,5.510611534118652344e-01,2.419632486999034882e-02,-7.988963127136230469e-01,2.108838856220245361e-01,6.771839261054992676e-01,-7.275605797767639160e-01,-1.488268841058015823e-02,4.704892039299011230e-01,-2.839074283838272095e-02,5.366397500038146973e-01,6.447413563728332520e-01,-1.404633671045303345e-01,-4.614573717117309570e-02,-4.437600374221801758e-01,-1.379363089799880981e-01,2.171993255615234375e-01,1.548274904489517212e-01,5.179352164268493652e-01,-1.271525472402572632e-01,6.191872954368591309e-01,3.870816156268119812e-02,-5.114260315895080566e-01,1.962611218914389610e-03,6.272851228713989258e-01,-2.805204987525939941e-01,1.006959676742553711e-01,-3.170694410800933838e-01,7.112534046173095703e-01,1.177637204527854919e-01,-7.660453915596008301e-01,-2.449735105037689209e-01,5.387138724327087402e-01,6.459341049194335938e-01,2.009955942630767822e-01,9.414440393447875977e-02,-5.600945353507995605e-01,2.398771345615386963e-01,6.012685298919677734e-01,-1.063383556902408600e-02,-7.594581842422485352e-01,7.035874724388122559e-01,-4.823479652404785156e-01,-2.904745638370513916e-01,7.479804158210754395e-01,-2.051514536142349243e-01,-3.241133391857147217e-01,-6.387906074523925781e-01,-6.991683244705200195e-01,3.265786767005920410e-01,6.534487605094909668e-01,4.324707686901092529e-01,-2.694630064070224762e-02,-2.551622390747070312e-01
7.110286504030227661e-02,5.449186637997627258e-02,-3.893232941627502441e-01,3.701153099536895752e-01,1.696684509515762329e-01,2.794901281595230103e-02,2.226167358458042145e-02,1.484153717756271362e-01,2.146796323359012604e-02,8.572071045637130737e-02,-5.389582738280296326e-02,-1.571934372186660767e-01,2.634879648685455322e-01,2.128638625144958496e-01,3.785037994384765625e-01,2.921553850173950195e-01,1.749313622713088989e-02,2.215562164783477783e-01,-1.486629396677017212e-01,-1.433324813842773438e-01,-2.927377820014953613e-01,4.377375841140747070e-01,2.247958779335021973e-01,-1.518115103244781494e-01,6.277289986610412598e-02,3.842656016349792480e-01,-3.517241775989532471e-01,-1.565455049276351929e-01,2.024239152669906616e-01,-1.645096763968467712e-02,-2.960196509957313538e-02,-4.632117152214050293e-01,3.718104660511016846e-01,1.488055288791656494e-01,4.958063364028930664e-03,-3.890045583248138428e-01,4.936328902840614319e-02,9.261878579854965210e-02,-1.335658282041549683e-01,-4.443423151969909668e-01,3.969899713993072510e-01,4.131619632244110107e-02,3.171882927417755127e-01,4.329029098153114319e-02,-6.211226433515548706e-02,-9.827762097120285034e-02,-3.667198121547698975e-01,-1.629120558500289917e-01,-4.677298292517662048e-02,9.008562564849853516e-02,-4.714633151888847351e-02,9.961660020053386688e-03,2.174891382455825806e-01,-1.151771247386932373e-01,1.065257713198661804e-01,-3.859409093856811523e-01,8.823031187057495117e-02,2.995296567678451538e-02,-6.511468440294265747e-02,-1.996787190437316895e-01,-1.175112500786781311e-01,8.814334124326705933e-02,2.412308566272258759e-02,1.857656091451644897e-01,4.838053602725267410e-03,-8.360504359006881714e-02,9.155140072107315063e-02,3.958770632743835449e-01,-3.300562500953674316e-01,2.025368885369971395e-04,-2.721489965915679932e-01,1.940973997116088867e-01,-1.072623878717422485e-01,3.776482939720153809e-01,-8.810141682624816895e-02,-3.170071542263031006e-01,-2.626846311613917351e-03,4.080559015274047852e-01,-2.835707962512969971e-01,-3.898905813694000244e-01,5.112500786781311035e-01,7.922343909740447998e-03,-1.466332525014877319e-01,1.882612518966197968e-02,-3.480395674705505371e-01,-2.408532947301864624e-01,-1.047697365283966064e-01,2.028147503733634949e-02,1.528569310903549194e-01,6.890275329351425171e-02,-8.264017105102539062e-02,-1.614959537982940674e-01,-3.843668699264526367e-01,1.597248017787933350e-01,-3.665684759616851807e-01,-4.303229600191116333e-02,2.312351167201995850e-01,-1.026995829306542873e-03,-2.692280709743499756e-01,1.748401969671249390e-01,-1.819526217877864838e-02,7.549976557493209839e-02,-4.348273575305938721e-01,-5.351552367210388184e-02,4.453187286853790283e-01,2.613453865051269531e-01,-4.266098439693450928e-01,-3.451007902622222900e-01,-8.706773631274700165e-03,-4.829990491271018982e-02,4.755469262599945068e-01,-1.955092251300811768e-01,-3.780458867549896240e-01,2.400116063654422760e-02,4.016156196594238281e-01,-3.329097628593444824e-01,1.730666309595108032e-01,1.344463527202606201e-01,-4.474101662635803223e-01,1.463646292686462402e-01,1.111784726381301880e-01,3.292146027088165283e-01,3.934426307678222656e-01,-1.665285974740982056e-01,-3.445840775966644287e-01,-2.180695980787277222e-01,7.793439552187919617e-03,1.570540517568588257e-01
2.107850164175033569e-01,7.061676681041717529e-02,-4.032938778400421143e-01,1.696684509515762329e-01,3.129208981990814209e-01,-9.839910268783569336e-02,6.660489737987518311e-02,2.273723781108856201e-01,5.757680535316467285e-02,8.643609285354614258e-02,9.325681254267692566e-03,-1.375762671232223511e-01,3.547118306159973145e-01,2.367040216922760010e-01,4.439713358879089355e-01,3.731124699115753174e-01,-4.170046595390886068e-04,1.716522872447967529e-01,-7.320713251829147339e-02,-1.913945823907852173e-01,-1.610530763864517212e-01,3.918702602386474609e-01,1.851292401552200317e-01,1.956316828727722168e-02,3.308669850230216980e-02,4.093181788921356201e-01,-4.095481038093566895e-01,-3.695856034755706787e-01,2.971286773681640625e-01,-1.801962703466415405e-01,-1.514312997460365295e-02,-3.554309606552124023e-01,2.588966488838195801e-01,1.834843754768371582e-01,-7.399108726531267166e-03,-3.963653147220611572e-01,1.683068461716175079e-02,1.034234389662742615e-01,-3.264875113964080811e-01,-3.763941824436187744e-01,3.844501972198486328e-01,4.260708391666412354e-02,3.726388514041900635e-01,5.140571668744087219e-02,1.199069991707801819e-02,-2.679842114448547363e-01,-4.468374550342559814e-01,-1.197057738900184631e-01,-3.907877579331398010e-02,1.055407449603080750e-01,-5.373487994074821472e-02,-4.750594869256019592e-02,1.402307003736495972e-01,2.707436680793762207e-02,-5.116177350282669067e-02,-4.197550714015960693e-01,8.257871121168136597e-02,3.690503910183906555e-02,-1.943688392639160156e-01,-1.522668600082397461e-01,1.383895613253116608e-02,1.053630933165550232e-02,1.868526451289653778e-02,1.422884464263916016e-01,-2.273830026388168335e-02,-6.522688269615173340e-02,1.292864978313446045e-01,4.429439306259155273e-01,-3.479855656623840332e-01,1.244329884648323059e-01,-2.710942924022674561e-01,-2.136814408004283905e-02,-3.139055892825126648e-02,3.694809675216674805e-01,-9.542153030633926392e-02,-3.563705682754516602e-01,-1.608276553452014923e-02,4.265791773796081543e-01,-1.183330193161964417e-01,-3.275144398212432861e-01,3.491686582565307617e-01,6.889615673571825027e-03,-3.411362469196319580e-01,1.508932746946811676e-02,-3.122962415218353271e-01,-4.258317351341247559e-01,1.564978361129760742e-01,2.410142123699188232e-02,2.371190935373306274e-01,5.408812686800956726e-02,-1.421408653259277344e-01,-6.977503746747970581e-02,-1.977055370807647705e-01,1.722040027379989624e-02,-2.886694073677062988e-01,-2.200064621865749359e-02,3.904252946376800537e-01,-9.786299197003245354e-04,-3.346499502658843994e-01,1.398604810237884521e-01,-3.814961388707160950e-02,1.719537377357482910e-01,-3.569973111152648926e-01,-5.991993471980094910e-02,3.693704605102539062e-01,1.184271052479743958e-01,-2.004766464233398438e-01,-3.242166638374328613e-01,-1.912648677825927734e-01,-3.944266587495803833e-02,2.648193538188934326e-01,-3.026653453707695007e-02,-2.886460125446319580e-01,-1.728821694850921631e-01,4.881126880645751953e-01,-4.100350737571716309e-01,3.316281437873840332e-01,6.711287051439285278e-02,-4.624019563198089600e-01,8.844400942325592041e-02,1.360629200935363770e-01,3.370534181594848633e-01,3.923006951808929443e-01,-1.740023344755172729e-01,-2.935873270034790039e-01,-1.882487386465072632e-01,-1.238741260021924973e-02,1.203331276774406433e-01
-6.316831707954406738e-02,-2.545637637376785278e-02,8.308269083499908447e-02,2.794901281595230103e-02,-9.839910268783569336e-02,2.071370333433151245e-01,-2.209806255996227264e-02,1.840368099510669708e-02,-1.149541065096855164e-01,-4.517889395356178284e-02,5.169652285985648632e-04,3.643861040472984314e-02,-1.626725941896438599e-01,-1.948182657361030579e-02,-1.308720260858535767e-01,-1.394486874341964722e-01,-5.298219621181488037e-03,-6.293372064828872681e-02,2.279837056994438171e-02,3.687340393662452698e-02,1.332890391349792480e-01,-9.616991877555847168e-02,-5.046058795414865017e-04,-4.761181771755218506e-03,-1.661669649183750153e-02,-2.144969552755355835e-01,1.293299645185470581e-01,1.294292658567428589e-01,-1.204642374068498611e-02,-5.478158127516508102e-03,3.805060684680938721e-02,1.424898952245712280e-01,-1.129671782255172729e-01,-2.630468923598527908e-03,-8.086885325610637665e-03,1.334508210420608521e-01,-1.712561119347810745e-03,-4.184060916304588318e-02,1.071847602725028992e-01,3.580763563513755798e-02,-1.791255623102188110e-01,-1.493861898779869080e-02,-6.691346317529678345e-02,-8.887848816812038422e-03,8.494047075510025024e-02,1.070581078529357910e-01,1.411675512790679932e-01,1.159433275461196899e-02,-3.288264200091362000e-02,-4.924495890736579895e-02,9.514396637678146362e-02,-8.062647283077239990e-02,-4.055935889482498169e-02,-8.669730275869369507e-02,8.957528189057484269e-05,9.943267703056335449e-02,-1.019972469657659531e-02,-9.270764887332916260e-03,9.430120885372161865e-02,4.309612885117530823e-02,1.803481206297874451e-02,-2.072574757039546967e-02,-4.163757897913455963e-03,-1.254952549934387207e-01,-2.446534112095832825e-03,4.014973714947700500e-02,-3.022828139364719391e-02,-1.191407740116119385e-01,1.395268738269805908e-01,-2.028158865869045258e-02,6.887597590684890747e-02,-1.137510538101196289e-01,3.776754438877105713e-02,-1.336206197738647461e-01,6.140451505780220032e-02,8.708833158016204834e-02,9.989401325583457947e-03,-1.321776658296585083e-01,1.711995899677276611e-02,1.021094098687171936e-01,-8.969458937644958496e-02,-1.714490354061126709e-03,7.277789711952209473e-02,-1.044297590851783752e-02,1.035250797867774963e-01,1.949007064104080200e-01,-2.619083598256111145e-02,-8.095897734165191650e-03,-1.758920848369598389e-01,-1.642644219100475311e-02,4.617694392800331116e-02,1.871337927877902985e-02,6.379091739654541016e-02,5.815282929688692093e-03,1.175817698240280151e-01,-4.703447595238685608e-02,-6.122699007391929626e-02,3.107667434960603714e-04,8.864848315715789795e-02,-7.594152539968490601e-02,-1.977762393653392792e-02,-1.132957786321640015e-01,1.367931813001632690e-01,2.220665663480758667e-02,-1.501672118902206421e-01,9.762721508741378784e-02,6.947011500597000122e-02,9.954471141099929810e-02,1.438955366611480713e-01,2.079007215797901154e-02,-8.982713520526885986e-02,-5.143605545163154602e-02,7.272589951753616333e-02,8.349740505218505859e-02,-1.042125225067138672e-01,1.746236681938171387e-01,-7.730996608734130859e-02,-5.911180283874273300e-03,1.261427104473114014e-01,-3.284131363034248352e-02,-3.303547948598861694e-02,-1.192355230450630188e-01,-1.327693313360214233e-01,8.666609972715377808e-02,4.724744707345962524e-02,9.103292226791381836e-02,1.323165488429367542e-03,1.607597619295120239e-02
6.457735598087310791e-02,1.156906597316265106e-02,-1.551560908555984497e-01,2.226167358458042145e-02,6.660489737987518311e-02,-2.209806255996227264e-02,1.142634823918342590e-01,3.326374664902687073e-02,1.332185231149196625e-02,3.996640071272850037e-02,6.650180090218782425e-03,-3.626504912972450256e-02,7.866015285253524780e-02,5.463619530200958252e-02,1.062886267900466919e-01,9.162331372499465942e-02,5.991375539451837540e-03,-2.514405176043510437e-02,-4.261515289545059204e-02,-9.153779596090316772e-02,-2.043045498430728912e-02,1.052084490656852722e-01,7.304329425096511841e-02,-2.779989130795001984e-02,2.580015221610665321e-03,1.209192648530006409e-01,-9.526918083429336548e-02,-8.690787106752395630e-02,1.386875659227371216e-01,-1.384312659502029419e-01,-1.175255235284566879e-02,-1.010137945413589478e-01,8.598639070987701416e-02,6.037703529000282288e-02,-5.370095837861299515e-03,-9.747666120529174805e-02,-1.069274614565074444e-03,3.758040815591812134e-02,-1.689416021108627319e-01,-8.369870483875274658e-02,1.304127573966979980e-01,1.848626323044300079e-02,6.842450797557830811e-02,1.686888560652732849e-02,-1.499055791646242142e-02,-1.640011668205261230e-01,-1.628250628709793091e-01,-2.354643680155277252e-02,3.444856405258178711e-02,-1.557302754372358322e-02,3.982878755778074265e-03,2.203345485031604767e-02,-3.416182938963174820e-03,1.258525997400283813e-02,-1.976660080254077911e-02,-1.024122759699821472e-01,2.698436751961708069e-02,1.212850213050842285e-02,-6.524219363927841187e-02,-3.596209734678268433e-02,-1.843231916427612305e-02,3.625895828008651733e-02,6.327993236482143402e-03,1.208110228180885315e-01,2.680933475494384766e-02,-1.832126639783382416e-02,9.123631753027439117e-03,9.787113964557647705e-02,-9.665267169475555420e-02,4.697155579924583435e-02,-1.059639528393745422e-01,-5.520850419998168945e-02,2.193799614906311035e-02,1.229054853320121765e-01,-3.343870490789413452e-02,-1.312704533338546753e-01,-7.357639260590076447e-03,1.792088896036148071e-01,-4.113643616437911987e-02,-1.004735827445983887e-01,1.310841888189315796e-01,2.202927833423018456e-03,-9.929164499044418335e-02,7.610616739839315414e-04,-1.188754737377166748e-01,-9.910855442285537720e-02,1.359149217605590820e-01,4.303136840462684631e-03,8.830211311578750610e-02,3.106439858675003052e-02,-5.812380462884902954e-02,-8.281427435576915741e-03,-4.787726700305938721e-02,-3.319463506340980530e-02,-9.742943942546844482e-02,-1.404216513037681580e-02,1.127243191003799438e-01,-3.807320899795740843e-04,-9.540179371833801270e-02,9.780610352754592896e-02,-3.921343013644218445e-02,1.334023624658584595e-01,-1.034474894404411316e-01,-2.208094857633113861e-02,1.627294719219207764e-01,7.088955491781234741e-02,-8.872944116592407227e-02,-8.574295789003372192e-02,-1.337200701236724854e-01,-1.270090974867343903e-02,2.029954083263874054e-02,-6.720383465290069580e-02,-3.668258339166641235e-02,3.257117792963981628e-02,1.131139621138572693e-01,-1.380612850189208984e-01,1.031507328152656555e-01,4.981860890984535217e-02,-1.706857830286026001e-01,1.796224340796470642e-02,9.191751480102539062e-02,1.407343596220016479e-01,1.002772897481918335e-01,-4.082821309566497803e-02,-6.757050752639770508e-02,-1.190250217914581299e-01,1.426757127046585083e-02,6.825534254312515259e-02
3.139605820178985596e-01,3.566182777285575867e-02,-2.483159601688385010e-01,1.484153717756271362e-01,2.273723781108856201e-01,1.840368099510669708e-02,3.326374664902687073e-02,3.660351634025573730e-01,-7.104464806616306305e-03,3.393491357564926147e-02,9.677839465439319611e-03,-9.651053696870803833e-02,1.878511905670166016e-01,3.520302176475524902e-01,3.318176567554473877e-01,2.300832271575927734e-01,-4.945544525980949402e-03,6.733543425798416138e-02,2.300171554088592529e-02,-1.030744239687919617e-01,-4.135103523731231689e-02,2.455831319093704224e-01,1.463973522186279297e-01,-1.386089157313108444e-02,5.434025544673204422e-03,1.367160379886627197e-01,-2.117451429367065430e-01,-2.740157544612884521e-01,2.421444058418273926e-01,-1.860218644142150879e-01,-4.222444444894790649e-02,-1.550370156764984131e-01,7.791151851415634155e-02,1.814944595098495483e-01,-2.844915539026260376e-02,-2.535256445407867432e-01,1.119251173804514110e-04,5.563043057918548584e-02,-2.929997146129608154e-01,-3.775262832641601562e-01,1.839716881513595581e-01,4.588932916522026062e-02,2.146708071231842041e-01,3.979592025279998779e-02,1.803361922502517700e-01,-2.216063588857650757e-01,-3.083291947841644287e-01,-1.074810475111007690e-01,-5.548002198338508606e-02,2.455643378198146820e-02,6.715123541653156281e-03,-1.301343888044357300e-01,8.478827029466629028e-02,-8.317302912473678589e-02,-7.986363023519515991e-02,-2.945991456508636475e-01,9.898155182600021362e-02,3.101888485252857208e-02,-4.109600558876991272e-02,-9.575936943292617798e-02,5.869278684258460999e-02,-2.149949036538600922e-02,1.471080444753170013e-02,-2.868525497615337372e-02,-3.782685473561286926e-02,-8.989279158413410187e-03,5.307367816567420959e-02,2.864503562450408936e-01,-2.081717997789382935e-01,8.385224640369415283e-02,-2.034300118684768677e-01,-1.970637589693069458e-01,7.691475097090005875e-03,2.423245310783386230e-01,-3.141834586858749390e-02,-2.024542242288589478e-01,-8.109066635370254517e-03,2.633330523967742920e-01,-1.316804438829421997e-01,-1.929554343223571777e-01,1.963111013174057007e-01,5.084848962724208832e-03,-2.846383452415466309e-01,4.777813330292701721e-03,-2.032801508903503418e-01,-2.400184124708175659e-01,1.434691548347473145e-01,1.421996299177408218e-02,4.444797709584236145e-02,3.752930462360382080e-02,-8.534304052591323853e-02,-2.689318545162677765e-02,-3.560885787010192871e-02,-6.004155054688453674e-02,-1.228911727666854858e-01,-7.416592538356781006e-02,3.446525335311889648e-01,-6.221893127076327801e-04,-2.358300089836120605e-01,9.880560636520385742e-02,-6.332930177450180054e-02,8.745415508747100830e-02,-1.886118203401565552e-01,-3.616139292716979980e-02,1.212389916181564331e-01,1.847577244043350220e-01,-3.978464286774396896e-03,-1.896141767501831055e-01,-9.847085177898406982e-02,-3.522281302139163017e-03,1.791474372148513794e-01,8.787777274847030640e-03,-1.846971511840820312e-01,-1.950061768293380737e-01,3.477444350719451904e-01,-2.135773152112960815e-01,3.072643578052520752e-01,2.623273292556405067e-03,-3.693932890892028809e-01,3.094833903014659882e-02,2.209937945008277893e-02,2.123345583677291870e-01,2.152257114648818970e-01,-1.763138547539710999e-02,-1.828296780586242676e-01,-1.091160252690315247e-01,-2.114161476492881775e-02,9.318389743566513062e-02
6.840144097805023193e-02,1.598055288195610046e-02,-7.404290884733200073e-02,2.146796323359012604e-02,5.757680535316467285e-02,-1.149541065096855164e-01,1.332185231149196625e-02,-7.104464806616306305e-03,8.509819209575653076e-02,3.520783036947250366e-02,-1.916353777050971985e-02,-3.334935009479522705e-02,1.028827056288719177e-01,6.716583669185638428e-02,1.055668443441390991e-01,9.097550064325332642e-02,7.527036126703023911e-03,4.858913272619247437e-02,-1.732798852026462555e-02,-2.235420048236846924e-02,-1.531512588262557983e-01,8.282066136598587036e-02,1.912652701139450073e-02,-2.648657746613025665e-02,1.600628346204757690e-02,1.414884179830551147e-01,-8.019980043172836304e-02,-7.547502964735031128e-02,-1.075166556984186172e-02,1.114051509648561478e-02,-4.332187771797180176e-02,-1.338182985782623291e-01,1.138203814625740051e-01,6.693881936371326447e-03,6.064379122108221054e-03,-1.003384068608283997e-01,6.571076344698667526e-03,2.648659050464630127e-02,-5.541555956006050110e-02,-8.112493157386779785e-02,1.403402686119079590e-01,2.097547054290771484e-02,3.799777105450630188e-02,6.984919775277376175e-03,-7.186825573444366455e-02,-6.407840549945831299e-02,-9.906655550003051758e-02,-3.123449534177780151e-02,2.018518373370170593e-02,4.076375812292098999e-02,-7.238419353961944580e-02,5.630623549222946167e-02,4.973261430859565735e-02,2.194179408252239227e-02,3.435525298118591309e-02,-7.438276708126068115e-02,1.244342885911464691e-02,6.192367523908615112e-03,-4.312795773148536682e-02,-4.569366201758384705e-02,-3.316304087638854980e-02,3.301437944173812866e-02,6.215128116309642792e-03,1.159362718462944031e-01,9.034256800077855587e-04,-2.829816937446594238e-02,1.412141602486371994e-02,1.015095263719558716e-01,-1.015146449208259583e-01,7.963985204696655273e-03,-6.025445088744163513e-02,1.053700894117355347e-01,-3.765676170587539673e-02,1.068601831793785095e-01,-5.008565634489059448e-02,-7.941414415836334229e-02,-4.810863640159368515e-03,1.070181801915168762e-01,-6.728218495845794678e-02,-8.609643578529357910e-02,1.101088598370552063e-01,1.760149374604225159e-03,-3.235786035656929016e-02,6.934196222573518753e-03,-1.005081087350845337e-01,-1.039152219891548157e-01,-6.648616399616003036e-03,4.582534078508615494e-03,1.031560301780700684e-01,1.502441335469484329e-02,-2.573276311159133911e-02,-3.870430588722229004e-02,-7.709465175867080688e-02,2.431609481573104858e-02,-9.736482053995132446e-02,1.452089007943868637e-02,4.856058955192565918e-02,-2.733759465627372265e-04,-6.677025556564331055e-02,7.446511834859848022e-02,1.310474611818790436e-02,7.119996845722198486e-02,-1.176911070942878723e-01,-1.523776818066835403e-02,1.086014211177825928e-01,-8.457418531179428101e-03,-9.511074423789978027e-02,-7.089040428400039673e-02,-8.931840956211090088e-02,-1.537426933646202087e-02,1.290617287158966064e-01,-4.484328441321849823e-03,-7.440874725580215454e-02,-5.030921474099159241e-02,6.443677097558975220e-02,-1.160568445920944214e-01,5.413770303130149841e-02,5.894933361560106277e-03,-1.243241652846336365e-01,3.604457527399063110e-02,6.656930781900882721e-03,1.016174927353858948e-01,1.082262992858886719e-01,-6.665083020925521851e-02,-4.539385810494422913e-02,-9.609030932188034058e-02,2.020779065787792206e-03,4.394785035401582718e-03
3.454307466745376587e-02,2.568616718053817749e-02,-1.753345280885696411e-01,8.572071045637130737e-02,8.643609285354614258e-02,-4.517889395356178284e-02,3.996640071272850037e-02,3.393491357564926147e-02,3.520783036947250366e-02,4.507016390562057495e-02,-1.160844767582602799e-04,-6.210593879222869873e-02,1.475151777267456055e-01,6.468429416418075562e-02,1.645706593990325928e-01,1.445013880729675293e-01,6.929313763976097107e-03,6.630061566829681396e-02,-5.944349989295005798e-02,-8.098719269037246704e-02,-9.654387831687927246e-02,1.747773736715316772e-01,9.250908344984054565e-02,-4.167385771870613098e-02,2.130022831261157990e-02,2.010628581047058105e-01,-1.658818572759628296e-01,-1.020460352301597595e-01,1.126715242862701416e-01,-4.107200354337692261e-02,-1.273681037127971649e-02,-1.897138208150863647e-01,1.453206688165664673e-01,7.068119198083877563e-02,1.185112516395747662e-03,-1.725182086229324341e-01,1.311332918703556061e-02,4.721653833985328674e-02,-1.091768965125083923e-01,-1.344994604587554932e-01,1.792248785495758057e-01,1.337555330246686935e-02,1.359279006719589233e-01,1.932942681014537811e-02,-4.176957905292510986e-02,-1.086800396442413330e-01,-1.819261312484741211e-01,-4.468041658401489258e-02,1.596914080437272787e-04,2.029362507164478302e-02,-3.179604560136795044e-02,2.270283550024032593e-02,6.171335652470588684e-02,1.792051130905747414e-03,1.180605124682188034e-02,-1.638388037681579590e-01,3.299248591065406799e-02,1.471500657498836517e-02,-6.042519956827163696e-02,-7.218653708696365356e-02,-3.540395200252532959e-02,3.485561907291412354e-02,8.406357839703559875e-03,1.030197069048881531e-01,5.559450481086969376e-03,-3.886987641453742981e-02,3.981271386146545410e-02,1.634363979101181030e-01,-1.566789597272872925e-01,1.864448934793472290e-02,-1.167073771357536316e-01,4.790849238634109497e-02,-3.225042670965194702e-02,1.707500964403152466e-01,-4.409218579530715942e-02,-1.327432692050933838e-01,-5.564742255955934525e-03,1.992343813180923462e-01,-6.638396531343460083e-02,-1.607921868562698364e-01,1.923121660947799683e-01,3.264259546995162964e-03,-8.662869781255722046e-02,7.533490192145109177e-03,-1.353377997875213623e-01,-1.496516019105911255e-01,1.752110943198204041e-02,9.597715921700000763e-03,1.150169223546981812e-01,3.140293061733245850e-02,-4.948601871728897095e-02,-4.373798146843910217e-02,-1.288896054029464722e-01,3.401036188006401062e-02,-1.526130288839340210e-01,-7.799637969583272934e-04,1.035633161664009094e-01,-4.550747107714414597e-04,-1.314171403646469116e-01,7.964091002941131592e-02,-1.401088945567607880e-02,8.370294421911239624e-02,-1.808400303125381470e-01,-2.659092843532562256e-02,2.065800130367279053e-01,4.951840639114379883e-02,-1.513987332582473755e-01,-1.448828428983688354e-01,-6.296770274639129639e-02,-2.306966111063957214e-02,1.491667926311492920e-01,-5.760493129491806030e-02,-1.333339214324951172e-01,4.895667079836130142e-03,1.715283095836639404e-01,-1.755528897047042847e-01,9.423484653234481812e-02,6.180628389120101929e-02,-1.896549314260482788e-01,5.157528072595596313e-02,6.938083469867706299e-02,1.518767774105072021e-01,1.692557781934738159e-01,-8.213604986667633057e-02,-1.393811255693435669e-01,-1.119901984930038452e-01,7.443495560437440872e-03,5.339697003364562988e-02
-5.065146088600158691e-02,8.642868138849735260e-03,-5.316887795925140381e-02,-5.389582738280296326e-02,9.325681254267692566e-03,5.169652285985648632e-04,6.650180090218782425e-03,9.677839465439319611e-03,-1.916353777050971985e-02,-1.160844767582602799e-04,7.492634654045104980e-02,-1.175842713564634323e-02,7.956562191247940063e-02,-4.009955748915672302e-02,2.637081220746040344e-02,5.523817241191864014e-02,-3.918294329196214676e-03,-1.714883930981159210e-02,-8.966643363237380981e-03,-4.920924454927444458e-02,1.445625275373458862e-01,4.031082242727279663e-02,6.046645715832710266e-02,1.533493027091026306e-02,-4.619223065674304962e-03,6.824755668640136719e-02,-7.543496042490005493e-02,-4.536196961998939514e-02,1.286548376083374023e-01,-2.961952611804008484e-02,3.394877165555953979e-02,-3.795309457927942276e-03,-4.891173541545867920e-02,8.162871748208999634e-02,-9.503235109150409698e-03,-6.234214082360267639e-02,-5.928980186581611633e-03,1.860249042510986328e-02,-6.865349411964416504e-02,6.634604930877685547e-02,-1.998518221080303192e-02,-3.178419917821884155e-02,8.556243777275085449e-02,7.368692196905612946e-03,4.901020973920822144e-02,-9.656760096549987793e-02,-6.052921339869499207e-02,4.298893734812736511e-02,-1.688597165048122406e-02,-7.960080355405807495e-02,3.211768344044685364e-02,-3.288444504141807556e-02,-4.093430563807487488e-02,3.869375586509704590e-02,-8.158119022846221924e-02,-5.898928269743919373e-02,1.721858233213424683e-02,9.797374717891216278e-03,-1.316743344068527222e-02,6.463503930717706680e-03,4.263651743531227112e-02,-2.361156605184078217e-02,-4.199424292892217636e-03,-8.081413060426712036e-02,-9.614660404622554779e-03,-7.242192979902029037e-03,1.778425276279449463e-02,4.955578595399856567e-03,-6.325445324182510376e-02,-1.973295817151665688e-03,-1.121496036648750305e-02,-1.245231181383132935e-01,6.439166609197854996e-03,4.366869106888771057e-02,2.366192080080509186e-02,5.078247189521789551e-02,-4.173259250819683075e-03,6.434622406959533691e-02,1.216566115617752075e-01,-3.529995307326316833e-02,-1.933648250997066498e-02,8.369472925551235676e-04,-5.262840539216995239e-02,-4.326956113800406456e-04,6.277990341186523438e-02,-8.542384952306747437e-02,4.281931370496749878e-02,6.076352670788764954e-03,4.199108481407165527e-02,1.025857776403427124e-02,-8.789225481450557709e-03,4.849737510085105896e-02,2.916321158409118652e-02,-3.445327281951904297e-02,-4.874636419117450714e-03,1.164893712848424911e-02,1.089208759367465973e-03,-3.763199129025451839e-05,-6.664060056209564209e-02,-4.311467707157135010e-02,-2.942052856087684631e-02,2.161376364529132843e-02,-2.063852362334728241e-02,-9.013259783387184143e-03,4.752768948674201965e-02,-8.334455639123916626e-02,5.863913893699645996e-02,-4.925458133220672607e-02,2.811610698699951172e-02,-4.531867802143096924e-03,-5.200879275798797607e-02,2.708243019878864288e-02,-2.191899158060550690e-02,3.927446901798248291e-02,6.860032677650451660e-02,-4.611261561512947083e-02,3.617650270462036133e-02,5.377595871686935425e-02,7.346996571868658066e-03,-1.175309065729379654e-02,4.536331817507743835e-02,4.809126723557710648e-03,1.715664938092231750e-02,6.966968532651662827e-03,-8.046628534793853760e-02,1.046775002032518387e-02,6.997640710324048996e-03,-9.497215040028095245e-03
-5.437051504850387573e-02,-4.168142378330230713e-02,2.795655429363250732e-01,-1.571934372186660767e-01,-1.375762671232223511e-01,3.643861040472984314e-02,-3.626504912972450256e-02,-9.651053696870803833e-02,-3.334935009479522705e-02,-6.210593879222869873e-02,-1.175842713564634323e-02,1.052709966897964478e-01,-2.385503947734832764e-01,-1.218319088220596313e-01,-2.731820940971374512e-01,-2.350593954324722290e-01,-9.126097895205020905e-03,-1.147060766816139221e-01,8.713485300540924072e-02,1.247712224721908569e-01,1.149649322032928467e-01,-2.915281951427459717e-01,-1.654517203569412231e-01,7.277495414018630981e-02,-3.379222378134727478e-02,-3.039738833904266357e-01,2.721433639526367188e-01,1.626439690589904785e-01,-2.027727067470550537e-01,5.237911269068717957e-02,1.419746316969394684e-02,2.938359379768371582e-01,-2.071606814861297607e-01,-1.384337693452835083e-01,3.104293718934059143e-03,2.885031104087829590e-01,-2.134923078119754791e-02,-7.442294806241989136e-02,1.678752303123474121e-01,2.311498075723648071e-01,-2.595658898353576660e-01,-1.413491833955049515e-02,-2.388598173856735229e-01,-3.251079469919204712e-02,2.123907394707202911e-02,1.645037829875946045e-01,2.901809811592102051e-01,7.193402200937271118e-02,2.323567122220993042e-02,-1.433151587843894958e-02,3.542802110314369202e-02,-2.754072658717632294e-03,-1.027990281581878662e-01,2.060008980333805084e-02,-4.709644708782434464e-03,2.794704437255859375e-01,-6.403505057096481323e-02,-2.613842114806175232e-02,7.090213149785995483e-02,1.175255030393600464e-01,4.124629497528076172e-02,-4.199485108256340027e-02,-1.284211780875921249e-02,-1.009051278233528137e-01,2.260987414047122002e-03,5.857320129871368408e-02,-6.620901823043823242e-02,-2.617977261543273926e-01,2.542054951190948486e-01,-1.706164889037609100e-02,1.855287849903106689e-01,-3.939107060432434082e-02,5.636704340577125549e-02,-2.750334739685058594e-01,5.418042466044425964e-02,1.828562021255493164e-01,7.321340497583150864e-03,-3.117419183254241943e-01,9.559912979602813721e-02,2.643875479698181152e-01,-2.998995780944824219e-01,-5.497049540281295776e-03,1.440033465623855591e-01,-1.194418594241142273e-02,1.940936446189880371e-01,2.391270250082015991e-01,-9.831660281633958220e-05,-1.669097505509853363e-02,-1.562327891588211060e-01,-5.003845691680908203e-02,7.039815932512283325e-02,6.433597207069396973e-02,1.973849534988403320e-01,-5.426359549164772034e-02,2.327329963445663452e-01,9.914214722812175751e-03,-1.673481762409210205e-01,7.030713022686541080e-04,2.223719507455825806e-01,-1.035184413194656372e-01,2.817902527749538422e-02,-1.019255667924880981e-01,2.875780165195465088e-01,4.187777638435363770e-02,-3.101944923400878906e-01,-8.741308003664016724e-02,2.155760824680328369e-01,2.412960678339004517e-01,4.858194664120674133e-02,3.381417691707611084e-02,-2.505483329296112061e-01,8.143552392721176147e-02,2.349187582731246948e-01,-3.838404314592480659e-03,-2.954229712486267090e-01,2.657545208930969238e-01,-1.571229249238967896e-01,-1.048255488276481628e-01,2.968846261501312256e-01,-8.058276027441024780e-02,-9.877489507198333740e-02,-2.266210764646530151e-01,-2.656067311763763428e-01,1.116631850600242615e-01,2.493969500064849854e-01,1.547251045703887939e-01,-8.584390394389629364e-03,-8.229541778564453125e-02
