4.260375499725341797e-01,-1.130050513893365860e-02,9.244976937770843506e-02,-1.980172544717788696e-01,2.943286001682281494e-01,-2.931766510009765625e-01,1.144741028547286987e-01,3.893704712390899658e-01,7.477095723152160645e-02,4.468592256307601929e-02,-2.118398249149322510e-01,-7.908403873443603516e-02,-1.543678045272827148e-01,4.064325615763664246e-02,-2.050874568521976471e-02,1.473957598209381104e-01,5.862112157046794891e-03,-9.042421728372573853e-02,1.330018192529678345e-01,-4.966787248849868774e-02,-1.395097821950912476e-01,-1.951998919248580933e-01,-1.169677674770355225e-01,1.313101351261138916e-01,1.339912321418523788e-02,9.391286969184875488e-02,-1.400723028928041458e-02,-2.724118232727050781e-01,2.306900359690189362e-02,-1.004940345883369446e-01,-1.936451494693756104e-01,-1.998663879930973053e-02,-1.042607799172401428e-01,6.413662433624267578e-02,-1.270014513283967972e-02,4.689736757427453995e-03,1.120453421026468277e-02,7.776186103001236916e-04,-1.686796844005584717e-01,-3.202564418315887451e-01,1.038275361061096191e-01,1.102018579840660095e-01,-1.134716197848320007e-01,-1.162270898930728436e-03,-1.266590692102909088e-02,1.336505115032196045e-01,5.153685063123703003e-02,-2.391196601092815399e-02,1.350374668836593628e-01,-1.081834733486175537e-01,-1.708271801471710205e-01,-2.452987879514694214e-01,2.640895545482635498e-01,2.240290865302085876e-02,-5.701642483472824097e-02,-1.222128123044967651e-01,9.671326726675033569e-02,-2.678028540685772896e-04,1.570744365453720093e-01,1.734433174133300781e-01,-1.319631040096282959e-01,1.090393289923667908e-01,-3.703059861436486244e-03,1.888293474912643433e-01,-2.402860671281814575e-03,1.082089357078075409e-02,-3.659389615058898926e-01,9.518121182918548584e-02,4.014179576188325882e-03,2.455671131610870361e-01,-1.527657210826873779e-01,1.507469117641448975e-01,1.133923605084419250e-02,-6.076314672827720642e-02,-1.810818165540695190e-01,-7.868012040853500366e-02,7.831407128833234310e-04,-2.778801368549466133e-03,6.525156646966934204e-02,-2.540418878197669983e-02,2.055134810507297516e-02,6.142976872069993988e-06,-1.839000582695007324e-01,-3.202706575393676758e-03,-2.768983840942382812e-01,1.621121466159820557e-01,2.850940525531768799e-01,8.631946984678506851e-04,-1.116466745734214783e-01,1.178969293832778931e-01,-1.654164344072341919e-01,3.046427667140960693e-01,1.700420230627059937e-01,-1.360422670841217041e-01,-2.714056521654129028e-02,-4.144274294376373291e-01,9.870673529803752899e-03,-1.906274519569706172e-05,-1.206606775522232056e-01,8.520794659852981567e-02,-3.260252773761749268e-01,3.014796972274780273e-01,2.535752952098846436e-02,-6.945857405662536621e-02,-1.264836937189102173e-01,1.677341461181640625e-01,1.988486796617507935e-01,1.561422944068908691e-01,-3.732914030551910400e-01,1.039929408580064774e-02,-2.665798179805278778e-02,1.871142238378524780e-01,9.330124408006668091e-02,1.304680388420820236e-02,5.289450287818908691e-02,9.008418768644332886e-03,3.180789947509765625e-01,-1.588077992200851440e-01,-1.442103832960128784e-01,-4.701580107212066650e-02,-1.936073005199432373e-01,1.414337288588285446e-02,1.074617654085159302e-01,3.009966909885406494e-01,-1.446797549724578857e-01,8.150669187307357788e-02,1.869560033082962036e-02,6.082997098565101624e-02
-1.130050513893365860e-02,1.425972674041986465e-02,-1.111762598156929016e-01,8.630853891372680664e-02,5.711480230093002319e-02,4.550153389573097229e-03,-2.365957573056221008e-02,3.469645231962203979e-02,6.821528077125549316e-02,5.907243117690086365e-02,-4.669240675866603851e-03,-5.435183644294738770e-02,9.274546802043914795e-02,6.423595547676086426e-02,9.911750257015228271e-02,1.101998835802078247e-01,-2.713528927415609360e-03,1.004016101360321045e-01,-1.030706167221069336e-01,-5.499759316444396973e-02,-4.435837268829345703e-02,8.510611206293106079e-02,6.249090656638145447e-02,-3.154076635837554932e-02,1.333132758736610413e-02,9.677738696336746216e-02,-8.773459494113922119e-02,-5.720837414264678955e-02,8.830615878105163574e-02,2.724329009652137756e-03,1.667028106749057770e-02,-1.089073121547698975e-01,7.880336046218872070e-02,5.661038309335708618e-02,-2.726010745391249657e-03,-1.099458262324333191e-01,7.909584045410156250e-02,9.566019475460052490e-02,-8.495596796274185181e-02,-5.150630697607994080e-02,1.006422862410545349e-01,4.018985200673341751e-03,1.035129576921463013e-01,3.270579501986503601e-02,-2.242298983037471771e-02,-9.599047154188156128e-02,-1.058082953095436096e-01,-3.529744595289230347e-02,-1.119210850447416306e-02,3.101216442883014679e-02,6.335828918963670731e-03,4.193670675158500671e-02,4.030236229300498962e-02,-1.718274131417274475e-02,-5.360625684261322021e-03,-1.074075177311897278e-01,4.150179028511047363e-02,5.496392492204904556e-03,-8.501796424388885498e-02,-8.993857353925704956e-02,-3.047566628083586693e-03,-2.507372573018074036e-02,2.073557116091251373e-03,3.528257831931114197e-02,2.697130665183067322e-02,-3.401756286621093750e-02,5.420047044754028320e-02,1.050411760807037354e-01,-1.057482808828353882e-01,3.960673883557319641e-02,-8.875202387571334839e-02,-2.014574594795703888e-02,-2.663602866232395172e-02,9.773692488670349121e-02,-5.468875542283058167e-02,-1.032427325844764709e-01,-5.710017285309731960e-04,1.091574504971504211e-01,-4.388625547289848328e-02,-9.327892214059829712e-02,1.066648736596107483e-01,1.148256487795151770e-04,-7.850506901741027832e-02,1.457236357964575291e-04,-9.059208631515502930e-02,-1.015254557132720947e-01,2.497669309377670288e-02,1.700319116935133934e-03,8.051715046167373657e-02,7.497606426477432251e-02,-1.993343234062194824e-02,-4.571517556905746460e-02,-9.331163018941879272e-02,3.933274373412132263e-02,-9.520553052425384521e-02,2.888411656022071838e-02,7.200986146926879883e-02,-2.383185574217350222e-06,-8.074175566434860229e-02,9.996125847101211548e-02,-1.564458943903446198e-02,5.102935060858726501e-02,-1.076751202344894409e-01,-9.366427361965179443e-02,1.236043125391006470e-01,3.467567963525652885e-03,-9.610997140407562256e-02,-1.080317422747612000e-01,-2.316731773316860199e-02,-2.606554189696907997e-03,6.227900460362434387e-02,-8.182039856910705566e-02,-1.061322167515754700e-01,-3.058332391083240509e-02,1.047516837716102600e-01,-9.969580918550491333e-02,4.329593479633331299e-02,5.850311741232872009e-02,-9.972951561212539673e-02,4.884947463870048523e-02,9.311434626579284668e-02,9.183010458946228027e-02,7.514444738626480103e-02,-7.739153504371643066e-02,-2.796971797943115234e-02,-6.577445566654205322e-02,-3.690550802275538445e-03,7.967975735664367676e-02
9.244976937770843506e-02,-1.111762598156929016e-01,8.343669772148132324e-01,-6.965646743774414062e-01,-4.737239778041839600e-01,-6.807029992341995239e-02,1.444722861051559448e-01,-3.044241368770599365e-01,-5.437907576560974121e-01,-5.322161912918090820e-01,7.495821267366409302e-02,4.919992685317993164e-01,-6.587151288986206055e-01,-6.030476093292236328e-01,-7.843035459518432617e-01,-7.820073962211608887e-01,2.103287912905216217e-02,-7.358661293983459473e-01,7.762940526008605957e-01,5.256911516189575195e-01,3.761847615242004395e-01,-7.045378088951110840e-01,-5.614436864852905273e-01,2.605948150157928467e-01,-1.198502108454704285e-01,-7.019347548484802246e-01,7.139400839805603027e-01,4.169691205024719238e-01,-7.053560614585876465e-01,-2.400190383195877075e-02,-1.094446405768394470e-01,8.102031946182250977e-01,-6.073926091194152832e-01,-5.829873681068420410e-01,2.753441408276557922e-02,7.997269630432128906e-01,-6.664885878562927246e-01,-7.635911107063293457e-01,6.024514436721801758e-01,4.768165349960327148e-01,-7.478302717208862305e-01,-5.012943223118782043e-02,-7.786558866500854492e-01,-2.887021303176879883e-01,1.592486798763275146e-01,7.495672702789306641e-01,8.132801651954650879e-01,2.859709858894348145e-01,7.179032266139984131e-02,-1.219669878482818604e-01,-3.290436789393424988e-02,-2.838586568832397461e-01,-3.760758340358734131e-01,1.346913278102874756e-01,5.583218112587928772e-02,8.025745153427124023e-01,-4.064754545688629150e-01,-4.837998375296592712e-02,6.385431289672851562e-01,7.002356648445129395e-01,6.502366065979003906e-02,1.547021865844726562e-01,-1.773551106452941895e-02,-2.790066599845886230e-01,-1.882904618978500366e-01,2.875683605670928955e-01,-3.504264056682586670e-01,-7.696834206581115723e-01,8.015009760856628418e-01,-3.146158456802368164e-01,7.094197273254394531e-01,1.984903067350387573e-01,2.553322315216064453e-01,-7.786942124366760254e-01,4.143437445163726807e-01,7.609072923660278320e-01,4.385008476674556732e-03,-8.276593685150146484e-01,3.544482588768005371e-01,7.522103190422058105e-01,-8.098425269126892090e-01,-1.085199182853102684e-03,6.633018255233764648e-01,3.616784524638205767e-04,6.774673461914062500e-01,7.748970389366149902e-01,-2.460791319608688354e-01,-1.409277319908142090e-02,-6.385064125061035156e-01,-6.595420241355895996e-01,1.760123819112777710e-01,3.207909464836120605e-01,7.076734304428100586e-01,-3.356701433658599854e-01,7.487900257110595703e-01,-1.954271942377090454e-01,-5.604183673858642578e-01,2.340089486096985638e-05,6.625594496726989746e-01,-7.447696328163146973e-01,2.442476898431777954e-01,-4.196988940238952637e-01,8.074712157249450684e-01,7.450191974639892578e-01,-8.712663054466247559e-01,-1.190297976136207581e-01,6.853598952293395996e-01,7.716036438941955566e-01,1.895086169242858887e-01,2.219829894602298737e-02,-5.364658832550048828e-01,6.900373697280883789e-01,7.942955493927001953e-01,1.184065341949462891e-01,-7.903401851654052734e-01,7.704631090164184570e-01,-3.754577338695526123e-01,-4.822101593017578125e-01,7.675304412841796875e-01,-4.386635124683380127e-01,-6.958758234977722168e-01,-7.282748222351074219e-01,-6.406204700469970703e-01,5.576176047325134277e-01,3.678853213787078857e-01,5.965694189071655273e-01,1.789617724716663361e-02,-6.618989109992980957e-01
-1.980172544717788696e-01,8.630853891372680664e-02,-6.965646743774414062e-01,7.164224982261657715e-01,2.176593989133834839e-01,1.709191352128982544e-01,-1.265452802181243896e-01,4.692140966653823853e-02,4.305980503559112549e-01,3.983049392700195312e-01,-1.165173351764678955e-01,-3.426814675331115723e-01,4.653566479682922363e-01,4.765693247318267822e-01,6.298400759696960449e-01,5.182923674583435059e-01,-1.429290883243083954e-02,6.139000058174133301e-01,-7.265969514846801758e-01,-3.982215225696563721e-01,-3.740645349025726318e-01,6.349787712097167969e-01,4.714666604995727539e-01,-1.921483576297760010e-01,9.157751500606536865e-02,4.310116767883300781e-01,-4.748800396919250488e-01,-1.105376556515693665e-01,4.572813212871551514e-01,1.777930110692977905e-01,1.201313138008117676e-01,-6.693593263626098633e-01,6.336084604263305664e-01,4.192797839641571045e-01,-5.833594128489494324e-03,-5.648919343948364258e-01,4.669133126735687256e-01,5.854856967926025391e-01,-2.961699366569519043e-01,-3.703875243663787842e-01,6.079977154731750488e-01,7.969394326210021973e-02,6.224958896636962891e-01,2.110703587532043457e-01,-2.459728419780731201e-01,-5.351416468620300293e-01,-7.065064907073974609e-01,-2.390817403793334961e-01,-5.687626451253890991e-02,1.751325577497482300e-01,6.729274243116378784e-02,4.086725115776062012e-01,3.266637325286865234e-01,-1.280641555786132812e-01,9.986179322004318237e-02,-5.741261839866638184e-01,3.402037322521209717e-01,3.470497578382492065e-02,-5.447627305984497070e-01,-7.005829811096191406e-01,-8.008304983377456665e-02,-8.817794173955917358e-02,1.903913915157318115e-02,1.511769443750381470e-01,1.947842389345169067e-01,-2.236278355121612549e-01,3.119852840900421143e-01,5.261127352714538574e-01,-6.223272681236267090e-01,2.452114596962928772e-02,-4.844451844692230225e-01,9.992024861276149750e-03,-2.851057946681976318e-01,6.452276110649108887e-01,-3.305546343326568604e-01,-5.785745382308959961e-01,-1.967680407688021660e-03,6.260842084884643555e-01,-4.672389328479766846e-01,-5.781277418136596680e-01,7.108536362648010254e-01,8.117504185065627098e-04,-4.245337843894958496e-01,3.680535824969410896e-03,-4.716998636722564697e-01,-6.388401985168457031e-01,-3.594241291284561157e-02,7.801394909620285034e-03,4.476797878742218018e-01,4.614321291446685791e-01,-1.488958150148391724e-01,-4.655398130416870117e-01,-6.627966165542602539e-01,3.505508005619049072e-01,-6.456067562103271484e-01,3.257589936256408691e-01,3.921508491039276123e-01,-1.354673531750449911e-05,-4.094455540180206299e-01,5.442052483558654785e-01,-3.540454059839248657e-02,1.045534908771514893e-01,-7.133413553237915039e-01,-5.320872664451599121e-01,7.600300908088684082e-01,2.514228522777557373e-01,-7.509042024612426758e-01,-6.163966059684753418e-01,5.614298954606056213e-02,-2.586984634399414062e-02,5.108759403228759766e-01,-6.670826673507690430e-01,-7.042934894561767578e-01,2.213800512254238129e-02,6.042413115501403809e-01,-6.085601449012756348e-01,7.180812954902648926e-02,4.017863273620605469e-01,-5.642900466918945312e-01,4.405075311660766602e-01,5.908035039901733398e-01,6.354185938835144043e-01,5.143903493881225586e-01,-5.384420752525329590e-01,-2.551094889640808105e-01,-5.331980586051940918e-01,-2.957600727677345276e-02,4.732171893119812012e-01
2.943286001682281494e-01,5.711480230093002319e-02,-4.737239778041839600e-01,2.176593989133834839e-01,6.065042614936828613e-01,-2.206592410802841187e-01,-3.630822524428367615e-03,6.098607182502746582e-01,3.238021433353424072e-01,3.357294499874114990e-01,-1.469383984804153442e-01,-3.674550950527191162e-01,3.718522489070892334e-01,3.477483093738555908e-01,4.779320061206817627e-01,7.140015363693237305e-01,-1.055268850177526474e-02,4.143171608448028564e-01,-3.575492203235626221e-01,-3.202459514141082764e-01,-2.089143544435501099e-01,2.482718676328659058e-01,2.275976389646530151e-01,-7.762136310338973999e-02,7.694261521100997925e-02,6.102209091186523438e-01,-5.027297735214233398e-01,-6.032133102416992188e-01,5.780156254768371582e-01,-1.683051288127899170e-01,-8.692970126867294312e-02,-5.189286470413208008e-01,1.995047926902770996e-01,4.062570631504058838e-01,-3.593795001506805420e-02,-5.806707143783569336e-01,4.396103024482727051e-01,5.002973675727844238e-01,-6.871479749679565430e-01,-4.965829253196716309e-01,5.486916899681091309e-01,6.460060924291610718e-02,4.305329024791717529e-01,1.793616861104965210e-01,1.144855050370097160e-03,-4.466113150119781494e-01,-4.735288023948669434e-01,-1.833096593618392944e-01,2.910720743238925934e-02,-2.639649435877799988e-02,-1.162632182240486145e-01,-1.450937092304229736e-01,3.530579507350921631e-01,-5.686336010694503784e-02,-1.819078475236892700e-01,-6.797778606414794922e-01,2.889285683631896973e-01,3.109701536595821381e-02,-2.676535248756408691e-01,-2.402618229389190674e-01,-8.320830762386322021e-02,-8.175450563430786133e-02,3.336744150146842003e-03,3.265848457813262939e-01,8.411310613155364990e-02,-1.620567739009857178e-01,-3.308565542101860046e-02,6.427807807922363281e-01,-5.211451649665832520e-01,5.202030539512634277e-01,-6.274883747100830078e-01,-1.529630124568939209e-01,-4.931523278355598450e-02,4.420293867588043213e-01,-3.624646961688995361e-01,-5.806979537010192871e-01,-3.096833126619458199e-03,5.901398062705993652e-01,-5.158407613635063171e-02,-4.985973536968231201e-01,5.159702897071838379e-01,6.398246623575687408e-04,-6.054368615150451660e-01,-4.918636754155158997e-03,-6.850645542144775391e-01,-3.872511684894561768e-01,4.956401884555816650e-01,1.148087438195943832e-02,3.270797431468963623e-01,5.165391564369201660e-01,-2.186211794614791870e-01,1.617843061685562134e-01,-2.679080367088317871e-01,2.475077472627162933e-02,-4.654003381729125977e-01,-2.689190208911895752e-01,4.146980643272399902e-01,-2.936668715847190470e-05,-5.584946870803833008e-01,5.879220366477966309e-01,-4.590289294719696045e-01,6.161344051361083984e-01,-4.711444377899169922e-01,-5.665336251258850098e-01,4.873900413513183594e-01,7.765997201204299927e-02,-1.855438351631164551e-01,-4.330447018146514893e-01,-5.065693855285644531e-01,3.370201680809259415e-03,1.988984197378158569e-01,-2.145010828971862793e-01,-4.255690276622772217e-01,-1.780426651239395142e-01,6.078939437866210938e-01,-4.825012981891632080e-01,5.815256834030151367e-01,1.898108720779418945e-01,-6.460477709770202637e-01,1.445555686950683594e-01,3.059780299663543701e-01,4.183619022369384766e-01,4.261713624000549316e-01,-8.191929012537002563e-02,-3.014425039291381836e-01,-2.223206758499145508e-01,6.195126567035913467e-03,4.851768016815185547e-01
-2.931766510009765625e-01,4.550153389573097229e-03,-6.807029992341995239e-02,1.709191352128982544e-01,-2.206592410802841187e-01,2.541868090629577637e-01,-4.323196783661842346e-02,-2.745463252067565918e-01,-9.326491504907608032e-02,-2.851411886513233185e-02,1.070496812462806702e-01,6.321158260107040405e-02,6.527409702539443970e-02,-1.327790785580873489e-02,1.946820877492427826e-02,-1.428578197956085205e-01,-3.351723076775670052e-03,4.056933894753456116e-02,-1.006064042448997498e-01,9.589589200913906097e-03,8.436038345098495483e-02,1.359350532293319702e-01,1.011226102709770203e-01,-7.211351394653320312e-02,-1.030592247843742371e-02,-1.287394762039184570e-01,2.114347368478775024e-02,2.329316735267639160e-01,-1.751930266618728638e-02,7.147221267223358154e-02,1.357562988996505737e-01,2.126173861324787140e-02,9.357122331857681274e-02,-2.400330966338515282e-03,1.020650006830692291e-02,3.615941107273101807e-02,-2.849498763680458069e-02,-1.238396950066089630e-02,1.625435948371887207e-01,1.734024733304977417e-01,-9.222175925970077515e-02,-5.201409757137298584e-02,7.220400124788284302e-02,3.008908592164516449e-03,-3.868398955091834068e-03,-7.464218884706497192e-02,-4.874883219599723816e-02,1.725174300372600555e-02,-9.385351091623306274e-02,5.705608800053596497e-02,1.264240890741348267e-01,1.494692862033843994e-01,-1.577052921056747437e-01,-7.992444559931755066e-03,5.410722270607948303e-02,8.493811637163162231e-02,-5.521795153617858887e-02,-4.786240460816770792e-04,-9.444131702184677124e-02,-1.285453438758850098e-01,7.622541487216949463e-02,-5.192106217145919800e-02,3.552439622581005096e-03,-1.486712247133255005e-01,-1.360649708658456802e-02,-1.130322576500475407e-03,2.181120961904525757e-01,-9.011224657297134399e-02,1.859085261821746826e-02,-2.070167213678359985e-01,1.099457442760467529e-01,-1.033481210470199585e-01,-1.159524917602539062e-02,3.074649535119533539e-02,1.374950706958770752e-01,5.952449515461921692e-02,1.220815101987682283e-05,-6.092080730013549328e-04,-7.320071756839752197e-02,3.690169379115104675e-02,-2.772698178887367249e-03,-5.551069079956505448e-07,1.225334852933883667e-01,1.784504158422350883e-03,2.044842988252639771e-01,-9.706747531890869141e-02,-1.990239471197128296e-01,-1.514314673840999603e-03,2.899129688739776611e-02,-8.584889769554138184e-02,9.247820079326629639e-02,-2.176244854927062988e-01,-1.082164868712425232e-01,9.450864046812057495e-02,2.232393994927406311e-02,2.816319763660430908e-01,3.198589198291301727e-03,1.103028898796765134e-05,1.026050522923469543e-01,-9.121236205101013184e-02,2.089804708957672119e-01,-2.456956356763839722e-01,-9.564272128045558929e-03,6.390082091093063354e-02,7.814814895391464233e-02,-1.589373499155044556e-02,-1.578819602727890015e-01,-7.191191613674163818e-02,2.913738191127777100e-01,-6.624131929129362106e-03,1.812973804771900177e-02,-1.676408797502517700e-01,-5.885142832994461060e-02,5.012606456875801086e-02,-2.892776951193809509e-02,3.149568103253841400e-03,-2.511775195598602295e-01,1.119269132614135742e-01,9.722895175218582153e-02,4.801168292760848999e-02,1.239855512976646423e-01,-6.333923432976007462e-03,-6.151030957698822021e-02,-1.887509226799011230e-01,6.556622684001922607e-02,-7.026323676109313965e-02,-1.714603416621685028e-02,-3.753314539790153503e-02
1.144741028547286987e-01,-2.365957573056221008e-02,1.444722861051559448e-01,-1.265452802181243896e-01,-3.630822524428367615e-03,-4.323196783661842346e-02,1.173771172761917114e-01,4.187893867492675781e-02,-8.068000525236129761e-02,-2.422743290662765503e-02,-9.453319758176803589e-02,4.168702289462089539e-02,-2.080433517694473267e-01,-2.391775697469711304e-02,-1.131123155355453491e-01,-1.242454946041107178e-01,5.845666863024234772e-03,-1.818614155054092407e-01,1.357140690088272095e-01,-3.015886468347162008e-04,-4.036880284547805786e-02,-1.432029753923416138e-01,-7.185807824134826660e-02,8.665037900209426880e-02,-8.241482079029083252e-03,-1.373270750045776367e-01,8.295912295579910278e-02,5.341535806655883789e-02,-1.005549356341362000e-01,-2.818866074085235596e-02,-8.167269825935363770e-02,9.822688251733779907e-02,-9.306388348340988159e-02,9.566461667418479919e-03,1.588355517014861107e-03,1.581277996301651001e-01,-1.040659919381141663e-01,-1.120025068521499634e-01,1.172778531908988953e-01,-8.595886081457138062e-02,-1.010492444038391113e-01,5.028154700994491577e-02,-1.656361669301986694e-01,-3.535265475511550903e-02,-3.237059805542230606e-03,1.486607939004898071e-01,1.264830529689788818e-01,5.242852494120597839e-02,7.562477886676788330e-02,-1.162038519978523254e-01,-4.248315840959548950e-02,-1.325286477804183960e-01,6.904188543558120728e-02,4.418553039431571960e-02,7.921342737972736359e-03,8.712919056415557861e-02,-6.423284765332937241e-03,-7.226415444165468216e-03,1.578370034694671631e-01,1.539606302976608276e-01,-7.754507660865783691e-02,1.208781152963638306e-01,-1.752000767737627029e-03,4.642602521926164627e-03,-5.316770449280738831e-02,4.571115225553512573e-02,-2.116466760635375977e-01,-1.211470142006874084e-01,1.336295604705810547e-01,-1.909608952701091766e-02,6.416148692369461060e-02,6.537577509880065918e-02,2.398705342784523964e-03,-1.299865096807479858e-01,2.570622228085994720e-02,1.077963113784790039e-01,1.464482280425727367e-03,-1.218513250350952148e-01,5.582704022526741028e-02,8.775436878204345703e-02,-9.759494662284851074e-02,-9.157797467196360230e-05,2.515096589922904968e-02,-1.853519817814230919e-03,4.066930338740348816e-02,1.786803603172302246e-01,6.021071597933769226e-02,-2.978470642119646072e-03,-1.397434473037719727e-01,-4.404824227094650269e-02,-3.104223310947418213e-02,1.160737872123718262e-01,1.537268012762069702e-01,-5.340373143553733826e-02,9.372734278440475464e-02,-1.621965318918228149e-01,-1.176125407218933105e-01,-5.488667738973163068e-06,7.202380895614624023e-02,-1.220155805349349976e-01,-1.106551289558410645e-01,-5.968161858618259430e-04,1.240233629941940308e-01,9.832078218460083008e-02,-1.676309257745742798e-01,1.192800179123878479e-01,1.382606178522109985e-01,2.141558378934860229e-01,-3.432291746139526367e-02,3.184988861903548241e-03,-4.367769509553909302e-02,8.657138049602508545e-02,1.691517531871795654e-01,1.522578746080398560e-01,-1.184025183320045471e-01,1.235185042023658752e-01,1.952838525176048279e-02,-1.318397074937820435e-01,7.628864794969558716e-02,-3.831672295928001404e-02,-1.938294470310211182e-01,-8.695026487112045288e-02,-3.120653517544269562e-02,2.062733918428421021e-01,-7.806599140167236328e-02,5.386107042431831360e-02,1.137852855026721954e-02,-6.500407308340072632e-02
3.893704712390899658e-01,3.469645231962203979e-02,-3.044241368770599365e-01,4.692140966653823853e-02,6.098607182502746582e-01,-2.745463252067565918e-01,4.187893867492675781e-02,7.117162942886352539e-01,1.809899359941482544e-01,2.347985804080963135e-01,-1.235006898641586304e-01,-3.202049732208251953e-01,2.655917406082153320e-01,2.432422786951065063e-01,3.399417102336883545e-01,6.102375984191894531e-01,-7.004902698099613190e-03,2.732444405555725098e-01,-1.573521792888641357e-01,-2.259215563535690308e-01,-5.221591889858245850e-02,9.288670867681503296e-02,1.147677823901176453e-01,-3.916573524475097656e-02,5.644455924630165100e-02,5.190592408180236816e-01,-3.948950469493865967e-01,-6.389108896255493164e-01,5.331389307975769043e-01,-2.355706542730331421e-01,-1.330317705869674683e-01,-3.323843777179718018e-01,-3.233924973756074905e-03,3.581098914146423340e-01,-4.351566359400749207e-02,-4.540695250034332275e-01,3.532508909702301025e-01,3.761587440967559814e-01,-6.880261301994323730e-01,-4.441586732864379883e-01,3.991443514823913574e-01,3.889182582497596741e-02,2.844890356063842773e-01,1.436378210783004761e-01,1.278642714023590088e-01,-3.314345777034759521e-01,-3.151841759681701660e-01,-1.454565972089767456e-01,2.750798128545284271e-02,-1.198025569319725037e-01,-1.587078422307968140e-01,-3.354812562465667725e-01,2.738996744155883789e-01,-3.429234027862548828e-02,-2.623209059238433838e-01,-5.733249187469482422e-01,2.415117174386978149e-01,2.629177086055278778e-02,-1.030819490551948547e-01,-6.128324940800666809e-02,-4.958239942789077759e-02,-9.780624508857727051e-02,-3.349281381815671921e-03,2.798122167587280273e-01,2.161456272006034851e-02,-1.126146018505096436e-01,-1.519339978694915771e-01,5.410276651382446289e-01,-3.782543838024139404e-01,5.809295177459716797e-01,-5.616491436958312988e-01,-2.176908701658248901e-01,6.051259860396385193e-02,3.023498058319091797e-01,-2.648738920688629150e-01,-4.522094726562500000e-01,-2.900042803958058357e-03,4.650927484035491943e-01,7.854593545198440552e-02,-3.558929860591888428e-01,3.429649174213409424e-01,5.000665551051497459e-04,-5.517805218696594238e-01,-7.217937614768743515e-03,-5.999217629432678223e-01,-2.415273338556289673e-01,5.742118358612060547e-01,1.129452418535947800e-02,1.835950911045074463e-01,4.505776464939117432e-01,-2.056431323289871216e-01,3.767371177673339844e-01,-7.619566470384597778e-02,-1.112226173281669617e-01,-3.095122277736663818e-01,-4.136775732040405273e-01,3.718016147613525391e-01,-2.975370807689614594e-05,-5.002521872520446777e-01,4.738146960735321045e-01,-5.357553958892822266e-01,6.547480821609497070e-01,-2.911830246448516846e-01,-4.701996147632598877e-01,2.774329483509063721e-01,4.937786236405372620e-02,6.210215017199516296e-02,-2.897970676422119141e-01,-5.986328721046447754e-01,1.666164584457874298e-02,2.555678412318229675e-02,-2.927643619477748871e-02,-2.634473741054534912e-01,-2.021207064390182495e-01,5.085015296936035156e-01,-3.363877534866333008e-01,6.299811005592346191e-01,1.217422485351562500e-01,-5.479893088340759277e-01,9.546918794512748718e-03,1.718706041574478149e-01,2.542822957038879395e-01,3.008843958377838135e-01,9.395248442888259888e-02,-2.748728990554809570e-01,-6.402036547660827637e-02,1.814431510865688324e-02,3.988089263439178467e-01
7.477095723152160645e-02,6.821528077125549316e-02,-5.437907576560974121e-01,4.305980503559112549e-01,3.238021433353424072e-01,-9.326491504907608032e-02,-8.068000525236129761e-02,1.809899359941482544e-01,5.459371209144592285e-01,3.851270079612731934e-01,-1.728437542915344238e-01,-3.430926203727722168e-01,3.128526210784912109e-01,4.620829224586486816e-01,5.419491529464721680e-01,5.849703550338745117e-01,-7.275758311152458191e-03,4.323185980319976807e-01,-5.406970977783203125e-01,-3.789599835872650146e-01,-5.183331966400146484e-01,4.376711845397949219e-01,2.937976717948913574e-01,-9.933740645647048950e-02,9.249003976583480835e-02,4.970794916152954102e-01,-4.687213599681854248e-01,-2.397438585758209229e-01,3.482612669467926025e-01,1.173241361975669861e-01,-3.350421786308288574e-02,-6.964549422264099121e-01,4.697705507278442383e-01,3.553291857242584229e-01,-9.973519481718540192e-03,-5.498446226119995117e-01,4.011372029781341553e-01,5.054690241813659668e-01,-3.182774782180786133e-01,-4.683474004268646240e-01,6.144362092018127441e-01,1.243866458535194397e-01,4.463516771793365479e-01,1.627046912908554077e-01,-2.460356503725051880e-01,-4.111562967300415039e-01,-5.465702414512634277e-01,-1.831845194101333618e-01,8.080445230007171631e-02,3.820346668362617493e-02,-6.599211692810058594e-02,2.782325148582458496e-01,4.534133672714233398e-01,-9.583289176225662231e-02,7.814598083496093750e-02,-5.677511692047119141e-01,3.214950859546661377e-01,2.719477005302906036e-02,-3.507501184940338135e-01,-4.710009694099426270e-01,-1.774555742740631104e-01,6.222350522875785828e-02,1.487631257623434067e-02,2.632969617843627930e-01,1.687809973955154419e-01,-1.851148903369903564e-01,5.423577129840850830e-02,5.133479237556457520e-01,-5.792986154556274414e-01,1.469481736421585083e-01,-4.665611982345581055e-01,1.381375640630722046e-01,-3.056590855121612549e-01,5.465830564498901367e-01,-3.820180892944335938e-01,-5.145806074142456055e-01,-1.490738242864608765e-03,5.448924303054809570e-01,-2.945383191108703613e-01,-5.785490870475769043e-01,6.309944987297058105e-01,7.192320772446691990e-04,-4.616731405258178711e-01,2.298163948580622673e-03,-5.568046569824218750e-01,-4.647735357284545898e-01,9.923953562974929810e-02,6.629672832787036896e-03,4.210535585880279541e-01,4.635521173477172852e-01,-1.638406366109848022e-01,-2.463673353195190430e-01,-4.773854613304138184e-01,2.744680047035217285e-01,-5.746853947639465332e-01,3.946831077337265015e-02,2.144182324409484863e-01,-1.849441832746379077e-05,-4.545073509216308594e-01,5.179378390312194824e-01,-1.994933933019638062e-01,2.968850433826446533e-01,-6.550089716911315918e-01,-5.018834471702575684e-01,6.245436668395996094e-01,1.787469089031219482e-01,-5.612229704856872559e-01,-4.458328187465667725e-01,-1.665390133857727051e-01,-2.495181933045387268e-02,5.550971627235412598e-01,-4.504045248031616211e-01,-5.435463786125183105e-01,5.755428224802017212e-02,4.818460345268249512e-01,-5.337080359458923340e-01,2.730598747730255127e-01,1.781711280345916748e-01,-5.446936488151550293e-01,3.602909147739410400e-01,3.394944965839385986e-01,5.716354250907897949e-01,5.192109346389770508e-01,-2.794765830039978027e-01,-3.269804120063781738e-01,-4.518814086914062500e-01,5.923028104007244110e-03,3.986726701259613037e-01
4.468592256307601929e-02,5.907243117690086365e-02,-5.322161912918090820e-01,3.983049392700195312e-01,3.357294499874114990e-01,-2.851411886513233185e-02,-2.422743290662765503e-02,2.347985804080963135e-01,3.851270079612731934e-01,3.648966848850250244e-01,-1.352324783802032471e-01,-3.127594292163848877e-01,3.220500648021697998e-01,4.179919362068176270e-01,5.078097581863403320e-01,5.619618296623229980e-01,-9.528907947242259979e-03,3.990525901317596436e-01,-5.020213723182678223e-01,-3.702166974544525146e-01,-3.770691454410552979e-01,3.929168879985809326e-01,3.152181506156921387e-01,-1.100483760237693787e-01,8.085960149765014648e-02,4.655096530914306641e-01,-4.790159761905670166e-01,-2.670708000659942627e-01,4.309142231941223145e-01,8.124553598463535309e-03,-8.282802067697048187e-03,-6.175310015678405762e-01,3.907245695590972900e-01,4.005297422409057617e-01,-1.499107852578163147e-02,-5.295552015304565430e-01,3.825851380825042725e-01,4.840553998947143555e-01,-3.737922906875610352e-01,-4.321606755256652832e-01,5.268831253051757812e-01,8.466906845569610596e-02,4.445259571075439453e-01,1.651360243558883667e-01,-1.498331874608993530e-01,-4.510358572006225586e-01,-5.219027400016784668e-01,-1.506721228361129761e-01,4.230565205216407776e-02,-5.041892640292644501e-03,-2.469537965953350067e-02,1.344551593065261841e-01,3.625091314315795898e-01,-6.574564427137374878e-02,-5.956733133643865585e-03,-5.804730057716369629e-01,2.778407037258148193e-01,2.669695578515529633e-02,-3.315503895282745361e-01,-3.957077562808990479e-01,-1.331084817647933960e-01,2.248732186853885651e-02,1.164204999804496765e-02,2.312899529933929443e-01,1.057074442505836487e-01,-1.658935397863388062e-01,6.879037618637084961e-02,5.099462866783142090e-01,-5.318452119827270508e-01,2.006362229585647583e-01,-4.806509017944335938e-01,-3.418910875916481018e-02,-2.122261226177215576e-01,4.951168000698089600e-01,-3.050368726253509521e-01,-5.055652260780334473e-01,-1.772839692421257496e-03,5.589378476142883301e-01,-2.065543532371520996e-01,-5.277124047279357910e-01,5.826413035392761230e-01,6.735093775205314159e-04,-4.702946841716766357e-01,-7.250158814713358879e-04,-5.151631832122802734e-01,-4.376926720142364502e-01,2.030542492866516113e-01,7.012060843408107758e-03,3.816778957843780518e-01,4.418470263481140137e-01,-1.423573940992355347e-01,-1.615007370710372925e-01,-4.184235334396362305e-01,2.177448123693466187e-01,-5.095953345298767090e-01,3.096131142228841782e-03,2.590011060237884521e-01,-2.037417652900330722e-05,-4.354130029678344727e-01,4.843024611473083496e-01,-2.520424425601959229e-01,3.233022689819335938e-01,-5.673884153366088867e-01,-4.869503974914550781e-01,6.011644601821899414e-01,1.491314023733139038e-01,-4.644910395145416260e-01,-4.311042726039886475e-01,-1.640989482402801514e-01,-1.677971705794334412e-02,4.177346527576446533e-01,-4.378160834312438965e-01,-4.808812439441680908e-01,4.939192160964012146e-02,5.010297298431396484e-01,-4.936115443706512451e-01,2.921108603477478027e-01,2.008495479822158813e-01,-5.387695431709289551e-01,2.896268367767333984e-01,3.347638845443725586e-01,4.953190386295318604e-01,4.520659744739532471e-01,-2.333679795265197754e-01,-3.206812143325805664e-01,-3.911044597625732422e-01,1.985147828236222267e-03,4.197393357753753662e-01
-2.118398249149322510e-01,-4.669240675866603851e-03,7.495821267366409302e-02,-1.165173351764678955e-01,-1.469383984804153442e-01,1.070496812462806702e-01,-9.453319758176803589e-02,-1.235006898641586304e-01,-1.728437542915344238e-01,-1.352324783802032471e-01,2.991183400154113770e-01,9.824103116989135742e-02,1.492155939340591431e-01,-1.567560136318206787e-01,-1.009108126163482666e-01,-7.701361924409866333e-02,-4.914304241538047791e-03,-2.541926316916942596e-02,1.426547616720199585e-01,1.510498821735382080e-01,3.436806201934814453e-01,-2.691623196005821228e-02,-3.548593819141387939e-02,-9.977854043245315552e-02,-3.289404883980751038e-02,-1.143474318087100983e-02,3.051757067441940308e-02,3.561592195183038712e-03,3.156577423214912415e-02,-8.830950409173965454e-02,1.365498453378677368e-01,1.847350895404815674e-01,-2.056014686822891235e-01,-1.256006807088851929e-01,-5.696549545973539352e-03,-1.812722999602556229e-03,-4.383076354861259460e-02,-8.963214606046676636e-02,-6.312914937734603882e-02,3.751324117183685303e-01,-2.207571864128112793e-01,-1.709763407707214355e-01,2.805538009852170944e-03,-2.449507080018520355e-02,2.177505344152450562e-01,-9.396867454051971436e-02,1.352072954177856445e-01,6.247119605541229248e-02,-1.462621688842773438e-01,1.330250687897205353e-02,9.522543102502822876e-02,-4.722456261515617371e-02,-3.713068068027496338e-01,1.812663488090038300e-02,-1.272355020046234131e-01,1.240407302975654602e-01,-1.768200695514678955e-01,-2.392194699496030807e-03,2.717477502301335335e-03,1.047622039914131165e-01,2.068260908126831055e-01,-1.759183704853057861e-01,-6.798906717449426651e-03,-1.595387756824493408e-01,-7.381268590688705444e-02,3.238408640027046204e-02,2.618072032928466797e-01,-6.915020197629928589e-02,8.442672342061996460e-02,8.400861173868179321e-03,1.363878250122070312e-01,-3.290524482727050781e-01,1.639598906040191650e-01,-8.232872933149337769e-02,2.501365244388580322e-01,1.436983495950698853e-01,-2.097045304253697395e-03,-5.872932076454162598e-02,2.124949246644973755e-01,1.324119120836257935e-01,-2.253041118383407593e-01,-1.483975793235003948e-04,1.388384401798248291e-01,-1.431094831787049770e-03,2.548792362213134766e-01,-3.165037930011749268e-02,-3.774109110236167908e-02,1.775430515408515930e-03,4.570619016885757446e-02,-1.422813981771469116e-01,1.899738609790802002e-01,5.511384829878807068e-02,8.334936946630477905e-02,-7.025377452373504639e-02,2.019679099321365356e-01,1.554882079362869263e-01,5.941610783338546753e-03,1.666715252213180065e-05,6.485593318939208984e-02,-1.136817187070846558e-01,1.682015359401702881e-01,-5.462050810456275940e-02,1.810562014579772949e-01,9.507942944765090942e-02,-9.605564922094345093e-02,-3.697910904884338379e-01,2.020687907934188843e-01,-6.321533769369125366e-02,1.020326539874076843e-01,8.369806222617626190e-03,-2.042375504970550537e-01,1.165736466646194458e-01,9.786988049745559692e-02,-2.030027955770492554e-01,-9.410640597343444824e-02,1.069200634956359863e-01,-6.314393132925033569e-02,6.950368732213973999e-02,1.688243448734283447e-01,-1.636754125356674194e-01,6.271263957023620605e-02,-2.052590847015380859e-01,-2.216248661279678345e-01,-8.965572714805603027e-02,1.960127055644989014e-01,1.372289061546325684e-01,-6.260190275497734547e-04,-1.116904914379119873e-01
-7.908403873443603516e-02,-5.435183644294738770e-02,4.919992685317993164e-01,-3.426814675331115723e-01,-3.674550950527191162e-01,6.321158260107040405e-02,4.168702289462089539e-02,-3.202049732208251953e-01,-3.430926203727722168e-01,-3.127594292163848877e-01,9.824103116989135742e-02,3.179776668548583984e-01,-3.290912210941314697e-01,-3.775302171707153320e-01,-4.861688315868377686e-01,-5.890768766403198242e-01,8.262049406766891479e-03,-3.879792392253875732e-01,4.261277019977569580e-01,3.149711191654205322e-01,2.749421596527099609e-01,-3.567087352275848389e-01,-2.680529654026031494e-01,1.084002703428268433e-01,-7.358274608850479126e-02,-4.791600704193115234e-01,4.520829617977142334e-01,3.306486010551452637e-01,-4.646177887916564941e-01,4.078170750290155411e-03,2.246645651757717133e-02,5.630189180374145508e-01,-2.927892804145812988e-01,-3.795942664146423340e-01,2.245139889419078827e-02,5.315756797790527344e-01,-3.730611503124237061e-01,-4.647703468799591064e-01,4.635213613510131836e-01,4.010289609432220459e-01,-4.968848824501037598e-01,-5.933845788240432739e-02,-4.202603399753570557e-01,-1.596686989068984985e-01,6.562790274620056152e-02,4.426179528236389160e-01,4.905621409416198730e-01,1.564598828554153442e-01,-1.388402562588453293e-02,3.861875832080841064e-02,5.917876958847045898e-02,-5.740534886717796326e-02,-3.093980252742767334e-01,6.953205913305282593e-02,6.114061176776885986e-02,5.850569009780883789e-01,-2.734481990337371826e-01,-2.765393629670143127e-02,2.729947566986083984e-01,3.522018492221832275e-01,8.850512653589248657e-02,3.041589073836803436e-02,-8.125002495944499969e-03,-1.963117569684982300e-01,-8.962810039520263672e-02,1.558562517166137695e-01,-4.899073392152786255e-02,-5.187782049179077148e-01,5.089679956436157227e-01,-2.569029331207275391e-01,4.896672368049621582e-01,8.922983705997467041e-02,1.521008163690567017e-01,-4.808760881423950195e-01,2.525678575038909912e-01,4.757721126079559326e-01,2.187625737860798836e-03,-5.553585886955261230e-01,1.490369141101837158e-01,4.961449503898620605e-01,-5.327507257461547852e-01,-6.620648782700300217e-04,4.806086421012878418e-01,1.499033183790743351e-03,5.182274580001831055e-01,4.325236380100250244e-01,-2.311510592699050903e-01,-8.324090391397476196e-03,-3.352760970592498779e-01,-4.412500560283660889e-01,1.350395679473876953e-01,5.061758682131767273e-02,3.480784296989440918e-01,-1.456294506788253784e-01,4.641973078250885010e-01,4.322971403598785400e-02,-2.768548727035522461e-01,1.892954969662241638e-05,4.553469717502593994e-01,-4.805162847042083740e-01,2.823523581027984619e-01,-3.747976124286651611e-01,5.314971804618835449e-01,4.855437278747558594e-01,-5.343961119651794434e-01,-1.146714910864830017e-01,3.502856791019439697e-01,4.271930754184722900e-01,2.348501831293106079e-01,9.515506215393543243e-03,-3.418665230274200439e-01,3.458971977233886719e-01,4.630829691886901855e-01,1.762217096984386444e-02,-5.160559415817260742e-01,4.593602120876312256e-01,-3.500742912292480469e-01,-2.035811692476272583e-01,5.375689864158630371e-01,-2.291915565729141235e-01,-3.242114782333374023e-01,-4.401171505451202393e-01,-4.077265262603759766e-01,1.892665624618530273e-01,3.018906116485595703e-01,3.197242617607116699e-01,-7.847271859645843506e-03,-3.859218657016754150e-01
