9.999980926513671875e-01,-9.999979734420776367e-01,-9.999855756759643555e-01,9.999981522560119629e-01,9.999988675117492676e-01,-9.999984502792358398e-01,9.999760985374450684e-01,9.999989271163940430e-01,-9.999966025352478027e-01,9.999960064888000488e-01,-9.999948143959045410e-01,-9.999988079071044922e-01,9.999980926513671875e-01,9.999973773956298828e-01,9.999411702156066895e-01,9.999977946281433105e-01,9.999977350234985352e-01,-9.999979734420776367e-01,9.999375343322753906e-01,-9.999989271163940430e-01,-9.999988079071044922e-01,9.999852180480957031e-01,9.999971985816955566e-01,9.999983906745910645e-01,9.999828338623046875e-01,9.999989271163940430e-01,-9.999983310699462891e-01,-9.999987483024597168e-01,9.999772310256958008e-01,-9.999951720237731934e-01,-9.999971985816955566e-01,-9.999985098838806152e-01,9.999962449073791504e-01,9.999977946281433105e-01,-9.999967813491821289e-01,-9.999944567680358887e-01,9.999988079071044922e-01,9.999986290931701660e-01,9.999929070472717285e-01,-9.999987483024597168e-01,9.999983310699462891e-01,-9.999971985816955566e-01,9.999397993087768555e-01,9.999985098838806152e-01,9.999963045120239258e-01,9.999973773956298828e-01,9.999952316284179688e-01,9.999969601631164551e-01,9.999986886978149414e-01,-9.999984502792358398e-01,-9.999986290931701660e-01,-9.999969005584716797e-01,-9.999983310699462891e-01,-9.999890923500061035e-01,-9.999955892562866211e-01,-9.999974370002746582e-01,-9.999977946281433105e-01,9.999785423278808594e-01,9.999972581863403320e-01,9.999973773956298828e-01,-9.999943971633911133e-01,9.999988079071044922e-01,9.999980926513671875e-01,9.999951720237731934e-01,-9.999943971633911133e-01,-9.999986886978149414e-01,-9.999988675117492676e-01,-9.999926090240478516e-01,-9.999979734420776367e-01,9.999987483024597168e-01,-9.999985098838806152e-01,9.999973177909851074e-01,9.999963045120239258e-01,-9.999868273735046387e-01,9.998959898948669434e-01,-9.999977350234985352e-01,9.999831318855285645e-01,9.999980926513671875e-01,-9.999892711639404297e-01,-9.999974370002746582e-01,9.999146461486816406e-01,9.999976158142089844e-01,-9.999986886978149414e-01,-9.997159838676452637e-01,-9.999983310699462891e-01,-9.999833106994628906e-01,9.999932050704956055e-01,9.999985694885253906e-01,-9.999833703041076660e-01,9.999979734420776367e-01,-9.999982714653015137e-01,9.999982714653015137e-01,-9.999688267707824707e-01,-9.999981522560119629e-01,9.999984502792358398e-01,-9.999973177909851074e-01,-9.996176958084106445e-01,9.999987483024597168e-01,-9.999986886978149414e-01,9.999921917915344238e-01,-9.999974966049194336e-01,9.999984502792358398e-01,-9.999879598617553711e-01,-9.999772906303405762e-01,9.999983310699462891e-01,9.999940991401672363e-01,9.999862909317016602e-01,-9.999971985816955566e-01,-9.999942183494567871e-01,9.999983310699462891e-01,-9.999971389770507812e-01,9.999984502792358398e-01,-9.999978542327880859e-01,-9.999920129776000977e-01,9.999988675117492676e-01,-9.999983310699462891e-01,9.999982714653015137e-01,-9.999986290931701660e-01,-9.999856352806091309e-01,-9.999976754188537598e-01,-9.999987483024597168e-01,9.999956488609313965e-01,9.999985694885253906e-01,-9.999973773956298828e-01,9.999796152114868164e-01,-9.999949336051940918e-01,-9.999615550041198730e-01,-9.999976754188537598e-01
-9.999979734420776367e-01,9.999979138374328613e-01,9.999848008155822754e-01,-9.999981522560119629e-01,-9.999988079071044922e-01,9.999983906745910645e-01,-9.999745488166809082e-01,-9.999989271163940430e-01,9.999964833259582520e-01,-9.999958276748657227e-01,9.999945759773254395e-01,9.999988079071044922e-01,-9.999980330467224121e-01,-9.999972581863403320e-01,-9.999374747276306152e-01,-9.999977350234985352e-01,-9.999975562095642090e-01,9.999978542327880859e-01,-9.999335408210754395e-01,9.999989271163940430e-01,9.999987483024597168e-01,-9.999841451644897461e-01,-9.999970793724060059e-01,-9.999983906745910645e-01,-9.999818801879882812e-01,-9.999989271163940430e-01,9.999982118606567383e-01,9.999988079071044922e-01,-9.999757409095764160e-01,9.999948740005493164e-01,9.999970793724060059e-01,9.999985098838806152e-01,-9.999960064888000488e-01,-9.999976754188537598e-01,9.999966621398925781e-01,9.999941587448120117e-01,-9.999988079071044922e-01,-9.999986290931701660e-01,-9.999925494194030762e-01,9.999986290931701660e-01,-9.999983310699462891e-01,9.999971389770507812e-01,-9.999359250068664551e-01,-9.999983906745910645e-01,-9.999960660934448242e-01,-9.999973177909851074e-01,-9.999949932098388672e-01,-9.999967217445373535e-01,-9.999985694885253906e-01,9.999984502792358398e-01,9.999986290931701660e-01,9.999967813491821289e-01,9.999983310699462891e-01,9.999884963035583496e-01,9.999953508377075195e-01,9.999973773956298828e-01,9.999976754188537598e-01,-9.999772310256958008e-01,-9.999971985816955566e-01,-9.999972581863403320e-01,9.999939799308776855e-01,-9.999988079071044922e-01,-9.999980926513671875e-01,-9.999948740005493164e-01,9.999941587448120117e-01,9.999986290931701660e-01,9.999987483024597168e-01,9.999921321868896484e-01,9.999979138374328613e-01,-9.999987483024597168e-01,9.999983906745910645e-01,-9.999973177909851074e-01,-9.999960660934448242e-01,9.999861121177673340e-01,-9.998893141746520996e-01,9.999976754188537598e-01,-9.999819993972778320e-01,-9.999980330467224121e-01,9.999886155128479004e-01,9.999972581863403320e-01,-9.999092221260070801e-01,-9.999974966049194336e-01,9.999987483024597168e-01,9.996978640556335449e-01,9.999983310699462891e-01,9.999822974205017090e-01,-9.999929070472717285e-01,-9.999985694885253906e-01,9.999822974205017090e-01,-9.999979138374328613e-01,9.999981522560119629e-01,-9.999982714653015137e-01,9.999667406082153320e-01,9.999981522560119629e-01,-9.999983906745910645e-01,9.999971985816955566e-01,9.995931386947631836e-01,-9.999987483024597168e-01,9.999986886978149414e-01,-9.999917149543762207e-01,9.999973773956298828e-01,-9.999984502792358398e-01,9.999873042106628418e-01,9.999759197235107422e-01,-9.999982714653015137e-01,-9.999938011169433594e-01,-9.999855160713195801e-01,9.999970197677612305e-01,9.999939799308776855e-01,-9.999982714653015137e-01,9.999971389770507812e-01,-9.999983906745910645e-01,9.999976754188537598e-01,9.999915957450866699e-01,-9.999988675117492676e-01,9.999982118606567383e-01,-9.999982118606567383e-01,9.999985694885253906e-01,9.999846816062927246e-01,9.999976754188537598e-01,9.999987483024597168e-01,-9.999954104423522949e-01,-9.999985694885253906e-01,9.999971985816955566e-01,-9.999783635139465332e-01,9.999946951866149902e-01,9.999591708183288574e-01,9.999976158142089844e-01
-9.999855756759643555e-01,9.999848008155822754e-01,9.998916387557983398e-01,-9.999862909317016602e-01,-9.999909996986389160e-01,9.999881386756896973e-01,-9.998189806938171387e-01,-9.999920129776000977e-01,9.999746084213256836e-01,-9.999701380729675293e-01,9.999602437019348145e-01,9.999909996986389160e-01,-9.999856352806091309e-01,-9.999804496765136719e-01,-9.995560646057128906e-01,-9.999835491180419922e-01,-9.999825358390808105e-01,9.999845623970031738e-01,-9.995278716087341309e-01,9.999922513961791992e-01,9.999912381172180176e-01,-9.998879432678222656e-01,-9.999789595603942871e-01,-9.999879002571105957e-01,-9.998701214790344238e-01,-9.999921917915344238e-01,9.999873638153076172e-01,9.999912977218627930e-01,-9.998274445533752441e-01,9.999635219573974609e-01,9.999794363975524902e-01,9.999894499778747559e-01,-9.999720454216003418e-01,-9.999836683273315430e-01,9.999767541885375977e-01,9.999577999114990234e-01,-9.999916553497314453e-01,-9.999896287918090820e-01,-9.999470114707946777e-01,9.999904632568359375e-01,-9.999876022338867188e-01,9.999798536300659180e-01,-9.995461106300354004e-01,-9.999888539314270020e-01,-9.999724626541137695e-01,-9.999805092811584473e-01,-9.999640583992004395e-01,-9.999772310256958008e-01,-9.999900460243225098e-01,9.999884963035583496e-01,9.999897480010986328e-01,9.999768733978271484e-01,9.999881982803344727e-01,9.999181628227233887e-01,9.999668002128601074e-01,9.999809861183166504e-01,9.999837875366210938e-01,-9.998378753662109375e-01,-9.999801516532897949e-01,-9.999808073043823242e-01,9.999572634696960449e-01,-9.999911785125732422e-01,-9.999867677688598633e-01,-9.999633431434631348e-01,9.999582171440124512e-01,9.999903440475463867e-01,9.999913573265075684e-01,9.999440312385559082e-01,9.999849796295166016e-01,-9.999910593032836914e-01,9.999889135360717773e-01,-9.999804496765136719e-01,-9.999723434448242188e-01,9.999002218246459961e-01,-9.992143511772155762e-01,9.999836087226867676e-01,-9.998720288276672363e-01,-9.999858140945434570e-01,9.999188780784606934e-01,9.999807476997375488e-01,-9.993554353713989258e-01,-9.999820590019226074e-01,9.999902844429016113e-01,9.978565573692321777e-01,9.999875426292419434e-01,9.998739957809448242e-01,-9.999495148658752441e-01,-9.999893307685852051e-01,9.998741149902343750e-01,-9.999849200248718262e-01,9.999872446060180664e-01,-9.999872446060180664e-01,9.997637271881103516e-01,9.999868869781494141e-01,-9.999885559082031250e-01,9.999804496765136719e-01,9.971165060997009277e-01,-9.999911189079284668e-01,9.999902248382568359e-01,-9.999408125877380371e-01,9.999810457229614258e-01,-9.999892711639404297e-01,9.999088048934936523e-01,9.998279213905334473e-01,-9.999877214431762695e-01,-9.999558925628662109e-01,-9.998968839645385742e-01,9.999790191650390625e-01,9.999563097953796387e-01,-9.999877214431762695e-01,9.999793171882629395e-01,-9.999885559082031250e-01,9.999839067459106445e-01,9.999396204948425293e-01,-9.999921917915344238e-01,9.999876022338867188e-01,-9.999872446060180664e-01,9.999898672103881836e-01,9.998910427093505859e-01,9.999831914901733398e-01,9.999906420707702637e-01,-9.999672174453735352e-01,-9.999892115592956543e-01,9.999805092811584473e-01,-9.998459219932556152e-01,9.999620914459228516e-01,9.997100830078125000e-01,9.999832510948181152e-01
9.999981522560119629e-01,-9.999981522560119629e-01,-9.999862909317016602e-01,9.999982118606567383e-01,9.999989271163940430e-01,-9.999985098838806152e-01,9.999770522117614746e-01,9.999990463256835938e-01,-9.999967217445373535e-01,9.999961853027343750e-01,-9.999950528144836426e-01,-9.999988675117492676e-01,9.999982714653015137e-01,9.999975562095642090e-01,9.999436140060424805e-01,9.999978542327880859e-01,9.999977946281433105e-01,-9.999981522560119629e-01,9.999400377273559570e-01,-9.999990463256835938e-01,-9.999988675117492676e-01,9.999858140945434570e-01,9.999973773956298828e-01,9.999984502792358398e-01,9.999836087226867676e-01,9.999991655349731445e-01,-9.999983906745910645e-01,-9.999988675117492676e-01,9.999781250953674316e-01,-9.999954700469970703e-01,-9.999972581863403320e-01,-9.999986290931701660e-01,9.999964237213134766e-01,9.999979138374328613e-01,-9.999969005584716797e-01,-9.999946355819702148e-01,9.999989271163940430e-01,9.999986886978149414e-01,9.999932646751403809e-01,-9.999988079071044922e-01,9.999983906745910645e-01,-9.999974370002746582e-01,9.999423623085021973e-01,9.999985694885253906e-01,9.999965429306030273e-01,9.999975562095642090e-01,9.999954700469970703e-01,9.999969601631164551e-01,9.999987483024597168e-01,-9.999986290931701660e-01,-9.999987483024597168e-01,-9.999970197677612305e-01,-9.999984502792358398e-01,-9.999896287918090820e-01,-9.999957680702209473e-01,-9.999975562095642090e-01,-9.999979138374328613e-01,9.999794363975524902e-01,9.999974370002746582e-01,9.999975562095642090e-01,-9.999945759773254395e-01,9.999989271163940430e-01,9.999982714653015137e-01,9.999953508377075195e-01,-9.999946355819702148e-01,-9.999987483024597168e-01,-9.999988675117492676e-01,-9.999929070472717285e-01,-9.999981522560119629e-01,9.999987483024597168e-01,-9.999985694885253906e-01,9.999974966049194336e-01,9.999965429306030273e-01,-9.999873638153076172e-01,9.999001622200012207e-01,-9.999979138374328613e-01,9.999837875366210938e-01,9.999982714653015137e-01,-9.999896883964538574e-01,-9.999974966049194336e-01,9.999181032180786133e-01,9.999976754188537598e-01,-9.999988079071044922e-01,-9.997274279594421387e-01,-9.999985098838806152e-01,-9.999840259552001953e-01,9.999936223030090332e-01,9.999986886978149414e-01,-9.999841451644897461e-01,9.999980330467224121e-01,-9.999983310699462891e-01,9.999983310699462891e-01,-9.999700784683227539e-01,-9.999983310699462891e-01,9.999985098838806152e-01,-9.999974966049194336e-01,-9.996330142021179199e-01,9.999988079071044922e-01,-9.999987483024597168e-01,9.999924898147583008e-01,-9.999976158142089844e-01,9.999986290931701660e-01,-9.999884366989135742e-01,-9.999781847000122070e-01,9.999985098838806152e-01,9.999943971633911133e-01,9.999869465827941895e-01,-9.999973177909851074e-01,-9.999944567680358887e-01,9.999983906745910645e-01,-9.999972581863403320e-01,9.999985098838806152e-01,-9.999979138374328613e-01,-9.999924898147583008e-01,9.999990463256835938e-01,-9.999983310699462891e-01,9.999983906745910645e-01,-9.999986886978149414e-01,-9.999862909317016602e-01,-9.999978542327880859e-01,-9.999988675117492676e-01,9.999958276748657227e-01,9.999986290931701660e-01,-9.999974966049194336e-01,9.999805092811584473e-01,-9.999951124191284180e-01,-9.999631643295288086e-01,-9.999978542327880859e-01
9.999988675117492676e-01,-9.999988079071044922e-01,-9.999909996986389160e-01,9.999989271163940430e-01,9.999993443489074707e-01,-9.999991655349731445e-01,9.999849796295166016e-01,9.999994635581970215e-01,-9.999979138374328613e-01,9.999975562095642090e-01,-9.999967217445373535e-01,-9.999993443489074707e-01,9.999988675117492676e-01,9.999984502792358398e-01,9.999628663063049316e-01,9.999986290931701660e-01,9.999986290931701660e-01,-9.999987483024597168e-01,9.999605417251586914e-01,-9.999994039535522461e-01,-9.999994039535522461e-01,9.999907016754150391e-01,9.999983310699462891e-01,9.999990463256835938e-01,9.999892711639404297e-01,9.999994635581970215e-01,-9.999989867210388184e-01,-9.999994039535522461e-01,9.999855756759643555e-01,-9.999969005584716797e-01,-9.999981522560119629e-01,-9.999991655349731445e-01,9.999976754188537598e-01,9.999986886978149414e-01,-9.999980330467224121e-01,-9.999965429306030273e-01,9.999994039535522461e-01,9.999992847442626953e-01,9.999956488609313965e-01,-9.999993443489074707e-01,9.999990463256835938e-01,-9.999983906745910645e-01,9.999619722366333008e-01,9.999992251396179199e-01,9.999977946281433105e-01,9.999985098838806152e-01,9.999970197677612305e-01,9.999980926513671875e-01,9.999992251396179199e-01,-9.999992251396179199e-01,-9.999992847442626953e-01,-9.999981522560119629e-01,-9.999990463256835938e-01,-9.999931454658508301e-01,-9.999971985816955566e-01,-9.999983906745910645e-01,-9.999986886978149414e-01,9.999864697456359863e-01,9.999983310699462891e-01,9.999983906745910645e-01,-9.999964833259582520e-01,9.999994039535522461e-01,9.999989271163940430e-01,9.999969005584716797e-01,-9.999964833259582520e-01,-9.999993443489074707e-01,-9.999992847442626953e-01,-9.999954700469970703e-01,-9.999988079071044922e-01,9.999992847442626953e-01,-9.999991059303283691e-01,9.999983310699462891e-01,9.999977350234985352e-01,-9.999917149543762207e-01,9.999343156814575195e-01,-9.999986886978149414e-01,9.999893903732299805e-01,9.999989271163940430e-01,-9.999933242797851562e-01,-9.999984502792358398e-01,9.999461174011230469e-01,9.999985694885253906e-01,-9.999993443489074707e-01,-9.998203516006469727e-01,-9.999989867210388184e-01,-9.999894499778747559e-01,9.999958276748657227e-01,9.999992251396179199e-01,-9.999895691871643066e-01,9.999988079071044922e-01,-9.999989271163940430e-01,9.999990463256835938e-01,-9.999802708625793457e-01,-9.999989271163940430e-01,9.999991059303283691e-01,-9.999983310699462891e-01,-9.997581243515014648e-01,9.999994039535522461e-01,-9.999992251396179199e-01,9.999951124191284180e-01,-9.999984502792358398e-01,9.999991655349731445e-01,-9.999923706054687500e-01,-9.999856948852539062e-01,9.999991059303283691e-01,9.999963641166687012e-01,9.999914765357971191e-01,-9.999982118606567383e-01,-9.999964237213134766e-01,9.999991059303283691e-01,-9.999982714653015137e-01,9.999992251396179199e-01,-9.999986886978149414e-01,-9.999950528144836426e-01,9.999994039535522461e-01,-9.999989867210388184e-01,9.999989867210388184e-01,-9.999992251396179199e-01,-9.999909400939941406e-01,-9.999985694885253906e-01,-9.999993443489074707e-01,9.999973177909851074e-01,9.999991655349731445e-01,-9.999983310699462891e-01,9.999871850013732910e-01,-9.999967813491821289e-01,-9.999758601188659668e-01,-9.999986886978149414e-01
-9.999984502792358398e-01,9.999983906745910645e-01,9.999881386756896973e-01,-9.999985098838806152e-01,-9.999991655349731445e-01,9.999986886978149414e-01,-9.999802708625793457e-01,-9.999990463256835938e-01,9.999971389770507812e-01,-9.999966025352478027e-01,9.999957084655761719e-01,9.999990463256835938e-01,-9.999983906745910645e-01,-9.999978542327880859e-01,-9.999517202377319336e-01,-9.999980926513671875e-01,-9.999982118606567383e-01,9.999982714653015137e-01,-9.999486804008483887e-01,9.999991059303283691e-01,9.999991059303283691e-01,-9.999877810478210449e-01,-9.999976754188537598e-01,-9.999986886978149414e-01,-9.999858736991882324e-01,-9.999991655349731445e-01,9.999986290931701660e-01,9.999991059303283691e-01,-9.999812245368957520e-01,9.999960064888000488e-01,9.999976158142089844e-01,9.999987483024597168e-01,-9.999969005584716797e-01,-9.999982118606567383e-01,9.999973773956298828e-01,9.999954104423522949e-01,-9.999991655349731445e-01,-9.999988675117492676e-01,-9.999941587448120117e-01,9.999988675117492676e-01,-9.999986290931701660e-01,9.999977350234985352e-01,-9.999505281448364258e-01,-9.999987483024597168e-01,-9.999969601631164551e-01,-9.999978542327880859e-01,-9.999959468841552734e-01,-9.999974370002746582e-01,-9.999988675117492676e-01,9.999987483024597168e-01,9.999988675117492676e-01,9.999974370002746582e-01,9.999986886978149414e-01,9.999910593032836914e-01,9.999963641166687012e-01,9.999978542327880859e-01,9.999980926513671875e-01,-9.999823570251464844e-01,-9.999977350234985352e-01,-9.999978542327880859e-01,9.999952912330627441e-01,-9.999991655349731445e-01,-9.999984502792358398e-01,-9.999958276748657227e-01,9.999954104423522949e-01,9.999988675117492676e-01,9.999989867210388184e-01,9.999939203262329102e-01,9.999983310699462891e-01,-9.999990463256835938e-01,9.999986886978149414e-01,-9.999977946281433105e-01,-9.999969601631164551e-01,9.999890923500061035e-01,-9.999145269393920898e-01,9.999982118606567383e-01,-9.999861121177673340e-01,-9.999984502792358398e-01,9.999911189079284668e-01,9.999977946281433105e-01,-9.999298453330993652e-01,-9.999980330467224121e-01,9.999989271163940430e-01,9.997665882110595703e-01,9.999986290931701660e-01,9.999863505363464355e-01,-9.999945163726806641e-01,-9.999988079071044922e-01,9.999863505363464355e-01,-9.999982118606567383e-01,9.999985098838806152e-01,-9.999986886978149414e-01,9.999742507934570312e-01,9.999984502792358398e-01,-9.999987483024597168e-01,9.999977946281433105e-01,9.996857643127441406e-01,-9.999991059303283691e-01,9.999989271163940430e-01,-9.999935626983642578e-01,9.999979138374328613e-01,-9.999987483024597168e-01,9.999901056289672852e-01,9.999812841415405273e-01,-9.999986290931701660e-01,-9.999951720237731934e-01,-9.999887347221374512e-01,9.999976158142089844e-01,9.999952912330627441e-01,-9.999986290931701660e-01,9.999976754188537598e-01,-9.999987483024597168e-01,9.999982118606567383e-01,9.999934434890747070e-01,-9.999991059303283691e-01,9.999985694885253906e-01,-9.999985098838806152e-01,9.999988079071044922e-01,9.999880790710449219e-01,9.999981522560119629e-01,9.999989867210388184e-01,-9.999963045120239258e-01,-9.999988079071044922e-01,9.999977946281433105e-01,-9.999832510948181152e-01,9.999958276748657227e-01,9.999685287475585938e-01,9.999981522560119629e-01
9.999760985374450684e-01,-9.999745488166809082e-01,-9.998189806938171387e-01,9.999770522117614746e-01,9.999849796295166016e-01,-9.999802708625793457e-01,9.996974468231201172e-01,9.999865293502807617e-01,-9.999574422836303711e-01,9.999502301216125488e-01,-9.999335408210754395e-01,-9.999849200248718262e-01,9.999760389328002930e-01,9.999671578407287598e-01,9.992584586143493652e-01,9.999725222587585449e-01,9.999707937240600586e-01,-9.999743103981018066e-01,9.992113113403320312e-01,-9.999872446060180664e-01,-9.999852776527404785e-01,9.998128414154052734e-01,9.999647736549377441e-01,9.999799132347106934e-01,9.997830390930175781e-01,9.999870061874389648e-01,-9.999790787696838379e-01,-9.999854564666748047e-01,9.997116923332214355e-01,-9.999390244483947754e-01,-9.999656677246093750e-01,-9.999824166297912598e-01,9.999530911445617676e-01,9.999727010726928711e-01,-9.999611377716064453e-01,-9.999294877052307129e-01,9.999861717224121094e-01,9.999827742576599121e-01,9.999114274978637695e-01,-9.999842047691345215e-01,9.999793767929077148e-01,-9.999663233757019043e-01,9.992416501045227051e-01,9.999814033508300781e-01,9.999539256095886230e-01,9.999674558639526367e-01,9.999397993087768555e-01,9.999617934226989746e-01,9.999834299087524414e-01,-9.999808669090270996e-01,-9.999828934669494629e-01,-9.999612569808959961e-01,-9.999802708625793457e-01,-9.998632669448852539e-01,-9.999446868896484375e-01,-9.999682307243347168e-01,-9.999729990959167480e-01,9.997292160987854004e-01,9.999668598175048828e-01,9.999679923057556152e-01,-9.999286532402038574e-01,9.999852180480957031e-01,9.999778866767883301e-01,9.999387860298156738e-01,-9.999302625656127930e-01,-9.999838471412658691e-01,-9.999855160713195801e-01,-9.999064803123474121e-01,-9.999749064445495605e-01,9.999849200248718262e-01,-9.999814033508300781e-01,9.999672770500183105e-01,9.999536871910095215e-01,-9.998332858085632324e-01,9.986878633499145508e-01,-9.999725818634033203e-01,9.997863173484802246e-01,9.999762177467346191e-01,-9.998644590377807617e-01,-9.999677538871765137e-01,9.989235401153564453e-01,9.999700188636779785e-01,-9.999837875366210938e-01,-9.964235424995422363e-01,-9.999791979789733887e-01,-9.997895359992980957e-01,9.999155998229980469e-01,9.999821782112121582e-01,-9.997898936271667480e-01,9.999747872352600098e-01,-9.999787211418151855e-01,9.999785423278808594e-01,-9.996053576469421387e-01,-9.999780654907226562e-01,9.999808073043823242e-01,-9.999672770500183105e-01,-9.951910972595214844e-01,9.999852180480957031e-01,-9.999836087226867676e-01,9.999010562896728516e-01,-9.999682903289794922e-01,9.999820590019226074e-01,-9.998477101325988770e-01,-9.997124671936035156e-01,9.999794960021972656e-01,9.999262690544128418e-01,9.998278021812438965e-01,-9.999650120735168457e-01,-9.999271631240844727e-01,9.999794960021972656e-01,-9.999653100967407227e-01,9.999808073043823242e-01,-9.999731183052062988e-01,-9.998990893363952637e-01,9.999868869781494141e-01,-9.999792575836181641e-01,9.999788403511047363e-01,-9.999832510948181152e-01,-9.998180866241455078e-01,-9.999719262123107910e-01,-9.999843239784240723e-01,9.999452233314514160e-01,9.999819397926330566e-01,-9.999674558639526367e-01,9.997424483299255371e-01,-9.999367594718933105e-01,-9.995157718658447266e-01,-9.999719858169555664e-01
9.999989271163940430e-01,-9.999989271163940430e-01,-9.999920129776000977e-01,9.999990463256835938e-01,9.999994635581970215e-01,-9.999990463256835938e-01,9.999865293502807617e-01,9.999995231628417969e-01,-9.999980926513671875e-01,9.999977350234985352e-01,-9.999970793724060059e-01,-9.999993443489074707e-01,9.999989271163940430e-01,9.999986290931701660e-01,9.999668598175048828e-01,9.999987483024597168e-01,9.999987483024597168e-01,-9.999989271163940430e-01,9.999648332595825195e-01,-9.999994635581970215e-01,-9.999994635581970215e-01,9.999916553497314453e-01,9.999983906745910645e-01,9.999992251396179199e-01,9.999904036521911621e-01,9.999994635581970215e-01,-9.999992251396179199e-01,-9.999994635581970215e-01,9.999871253967285156e-01,-9.999972581863403320e-01,-9.999983310699462891e-01,-9.999992251396179199e-01,9.999978542327880859e-01,9.999987483024597168e-01,-9.999982714653015137e-01,-9.999969005584716797e-01,9.999994039535522461e-01,9.999993443489074707e-01,9.999960064888000488e-01,-9.999993443489074707e-01,9.999991059303283691e-01,-9.999985098838806152e-01,9.999661445617675781e-01,9.999992251396179199e-01,9.999979734420776367e-01,9.999986290931701660e-01,9.999972581863403320e-01,9.999982714653015137e-01,9.999992251396179199e-01,-9.999992847442626953e-01,-9.999993443489074707e-01,-9.999982714653015137e-01,-9.999991655349731445e-01,-9.999939203262329102e-01,-9.999974966049194336e-01,-9.999986290931701660e-01,-9.999986886978149414e-01,9.999879598617553711e-01,9.999985098838806152e-01,9.999985694885253906e-01,-9.999967813491821289e-01,9.999994635581970215e-01,9.999990463256835938e-01,9.999972581863403320e-01,-9.999967813491821289e-01,-9.999992847442626953e-01,-9.999994039535522461e-01,-9.999958872795104980e-01,-9.999989271163940430e-01,9.999993443489074707e-01,-9.999992251396179199e-01,9.999985098838806152e-01,9.999979734420776367e-01,-9.999925494194030762e-01,9.999414682388305664e-01,-9.999987483024597168e-01,9.999905228614807129e-01,9.999989271163940430e-01,-9.999939799308776855e-01,-9.999986290931701660e-01,9.999518990516662598e-01,9.999987483024597168e-01,-9.999994039535522461e-01,-9.998398423194885254e-01,-9.999991059303283691e-01,-9.999905228614807129e-01,9.999961853027343750e-01,9.999992251396179199e-01,-9.999907016754150391e-01,9.999988675117492676e-01,-9.999991059303283691e-01,9.999991059303283691e-01,-9.999824166297912598e-01,-9.999990463256835938e-01,9.999991655349731445e-01,-9.999985098838806152e-01,-9.997844099998474121e-01,9.999993443489074707e-01,-9.999992847442626953e-01,9.999956488609313965e-01,-9.999986290931701660e-01,9.999992251396179199e-01,-9.999932050704956055e-01,-9.999871850013732910e-01,9.999992251396179199e-01,9.999966621398925781e-01,9.999924302101135254e-01,-9.999983906745910645e-01,-9.999967217445373535e-01,9.999991059303283691e-01,-9.999984502792358398e-01,9.999992847442626953e-01,-9.999988675117492676e-01,-9.999955296516418457e-01,9.999994635581970215e-01,-9.999991059303283691e-01,9.999991059303283691e-01,-9.999992847442626953e-01,-9.999919533729553223e-01,-9.999987483024597168e-01,-9.999994039535522461e-01,9.999974966049194336e-01,9.999992251396179199e-01,-9.999985098838806152e-01,9.999884963035583496e-01,-9.999971389770507812e-01,-9.999784231185913086e-01,-9.999987483024597168e-01
-9.999966025352478027e-01,9.999964833259582520e-01,9.999746084213256836e-01,-9.999967217445373535e-01,-9.999979138374328613e-01,9.999971389770507812e-01,-9.999574422836303711e-01,-9.999980926513671875e-01,9.999940395355224609e-01,-9.999929070472717285e-01,9.999907612800598145e-01,9.999979138374328613e-01,-9.999966025352478027e-01,-9.999954700469970703e-01,-9.998956918716430664e-01,-9.999960660934448242e-01,-9.999959468841552734e-01,9.999963045120239258e-01,-9.998891353607177734e-01,9.999980926513671875e-01,9.999979734420776367e-01,-9.999736547470092773e-01,-9.999950528144836426e-01,-9.999971389770507812e-01,-9.999696612358093262e-01,-9.999981522560119629e-01,9.999970197677612305e-01,9.999979138374328613e-01,-9.999594688415527344e-01,9.999915361404418945e-01,9.999951124191284180e-01,9.999974966049194336e-01,-9.999934434890747070e-01,-9.999961256980895996e-01,9.999945759773254395e-01,9.999901056289672852e-01,-9.999980330467224121e-01,-9.999976158142089844e-01,-9.999874830245971680e-01,9.999976754188537598e-01,-9.999970197677612305e-01,9.999952316284179688e-01,-9.998933672904968262e-01,-9.999973177909851074e-01,-9.999935626983642578e-01,-9.999954700469970703e-01,-9.999915957450866699e-01,-9.999946355819702148e-01,-9.999975562095642090e-01,9.999972581863403320e-01,9.999975562095642090e-01,9.999945759773254395e-01,9.999971985816955566e-01,9.999807476997375488e-01,9.999921321868896484e-01,9.999955296516418457e-01,9.999961256980895996e-01,-9.999619126319885254e-01,-9.999953508377075195e-01,-9.999954700469970703e-01,9.999899268150329590e-01,-9.999978542327880859e-01,-9.999968409538269043e-01,-9.999913573265075684e-01,9.999902248382568359e-01,9.999976754188537598e-01,9.999979734420776367e-01,9.999868869781494141e-01,9.999965429306030273e-01,-9.999977946281433105e-01,9.999972581863403320e-01,-9.999954104423522949e-01,-9.999936223030090332e-01,9.999766349792480469e-01,-9.998154044151306152e-01,9.999960660934448242e-01,-9.999700188636779785e-01,-9.999966025352478027e-01,9.999809861183166504e-01,9.999954700469970703e-01,-9.998486042022705078e-01,-9.999958276748657227e-01,9.999977350234985352e-01,9.994958639144897461e-01,9.999970197677612305e-01,9.999704360961914062e-01,-9.999881386756896973e-01,-9.999974370002746582e-01,9.999704957008361816e-01,-9.999964237213134766e-01,9.999969601631164551e-01,-9.999969601631164551e-01,9.999445080757141113e-01,9.999968409538269043e-01,-9.999972581863403320e-01,9.999954104423522949e-01,9.993213415145874023e-01,-9.999979138374328613e-01,9.999976754188537598e-01,-9.999861121177673340e-01,9.999955892562866211e-01,-9.999973773956298828e-01,9.999786019325256348e-01,9.999595880508422852e-01,-9.999970793724060059e-01,-9.999896883964538574e-01,-9.999758601188659668e-01,9.999951124191284180e-01,9.999898076057434082e-01,-9.999970793724060059e-01,9.999951720237731934e-01,-9.999972581863403320e-01,9.999961853027343750e-01,9.999858736991882324e-01,-9.999980330467224121e-01,9.999970197677612305e-01,-9.999969601631164551e-01,9.999975562095642090e-01,9.999744296073913574e-01,9.999960064888000488e-01,9.999977350234985352e-01,-9.999923110008239746e-01,-9.999974370002746582e-01,9.999953508377075195e-01,-9.999638795852661133e-01,9.999910593032836914e-01,9.999318718910217285e-01,9.999960064888000488e-01
9.999960064888000488e-01,-9.999958276748657227e-01,-9.999701380729675293e-01,9.999961853027343750e-01,9.999975562095642090e-01,-9.999966025352478027e-01,9.999502301216125488e-01,9.999977350234985352e-01,-9.999929070472717285e-01,9.999917745590209961e-01,-9.999890923500061035e-01,-9.999974966049194336e-01,9.999960064888000488e-01,9.999946355819702148e-01,9.998779892921447754e-01,9.999954104423522949e-01,9.999951720237731934e-01,-9.999958276748657227e-01,9.998703002929687500e-01,-9.999977946281433105e-01,-9.999975562095642090e-01,9.999691247940063477e-01,9.999942183494567871e-01,9.999966621398925781e-01,9.999642968177795410e-01,9.999978542327880859e-01,-9.999964833259582520e-01,-9.999975562095642090e-01,9.999526143074035645e-01,-9.999899864196777344e-01,-9.999942779541015625e-01,-9.999969601631164551e-01,9.999923110008239746e-01,9.999954700469970703e-01,-9.999936223030090332e-01,-9.999884366989135742e-01,9.999976158142089844e-01,9.999971389770507812e-01,9.999853372573852539e-01,-9.999973773956298828e-01,9.999965429306030273e-01,-9.999943971633911133e-01,9.998751282691955566e-01,9.999969005584716797e-01,9.999924302101135254e-01,9.999947547912597656e-01,9.999900460243225098e-01,9.999937415122985840e-01,9.999971389770507812e-01,-9.999968409538269043e-01,-9.999971389770507812e-01,-9.999936223030090332e-01,-9.999967217445373535e-01,-9.999775290489196777e-01,-9.999908804893493652e-01,-9.999947547912597656e-01,-9.999954700469970703e-01,9.999554753303527832e-01,9.999945163726806641e-01,9.999947547912597656e-01,-9.999881982803344727e-01,9.999974966049194336e-01,9.999963045120239258e-01,9.999898672103881836e-01,-9.999885559082031250e-01,-9.999973177909851074e-01,-9.999975562095642090e-01,-9.999846816062927246e-01,-9.999958872795104980e-01,9.999974370002746582e-01,-9.999969005584716797e-01,9.999946355819702148e-01,9.999923706054687500e-01,-9.999725222587585449e-01,9.997840523719787598e-01,-9.999954700469970703e-01,9.999648332595825195e-01,9.999959468841552734e-01,-9.999776482582092285e-01,-9.999946951866149902e-01,9.998229146003723145e-01,9.999950528144836426e-01,-9.999973773956298828e-01,-9.994102120399475098e-01,-9.999965429306030273e-01,-9.999653100967407227e-01,9.999861717224121094e-01,9.999970197677612305e-01,-9.999654293060302734e-01,9.999958276748657227e-01,-9.999964237213134766e-01,9.999965429306030273e-01,-9.999350309371948242e-01,-9.999963641166687012e-01,9.999968409538269043e-01,-9.999945759773254395e-01,-9.992061257362365723e-01,9.999974966049194336e-01,-9.999972581863403320e-01,9.999837875366210938e-01,-9.999948143959045410e-01,9.999970197677612305e-01,-9.999749660491943359e-01,-9.999526739120483398e-01,9.999966025352478027e-01,9.999878406524658203e-01,9.999717473983764648e-01,-9.999942779541015625e-01,-9.999880194664001465e-01,9.999966025352478027e-01,-9.999943375587463379e-01,9.999967813491821289e-01,-9.999955892562866211e-01,-9.999834299087524414e-01,9.999977350234985352e-01,-9.999965429306030273e-01,9.999964833259582520e-01,-9.999971389770507812e-01,-9.999701380729675293e-01,-9.999954104423522949e-01,-9.999973773956298828e-01,9.999909996986389160e-01,9.999969601631164551e-01,-9.999946951866149902e-01,9.999576210975646973e-01,-9.999895691871643066e-01,-9.999203085899353027e-01,-9.999953508377075195e-01
-9.999948143959045410e-01,9.999945759773254395e-01,9.999602437019348145e-01,-9.999950528144836426e-01,-9.999967217445373535e-01,9.999957084655761719e-01,-9.999335408210754395e-01,-9.999970793724060059e-01,9.999907612800598145e-01,-9.999890923500061035e-01,9.999855160713195801e-01,9.999967217445373535e-01,-9.999948143959045410e-01,-9.999929070472717285e-01,-9.998370409011840820e-01,-9.999939799308776855e-01,-9.999936819076538086e-01,9.999943971633911133e-01,-9.998266696929931641e-01,9.999971389770507812e-01,9.999968409538269043e-01,-9.999588131904602051e-01,-9.999923706054687500e-01,-9.999957084655761719e-01,-9.999523758888244629e-01,-9.999971985816955566e-01,9.999954700469970703e-01,9.999967813491821289e-01,-9.999367594718933105e-01,9.999867081642150879e-01,9.999926090240478516e-01,9.999961853027343750e-01,-9.999898076057434082e-01,-9.999939799308776855e-01,9.999914765357971191e-01,9.999846220016479492e-01,-9.999969005584716797e-01,-9.999962449073791504e-01,-9.999806284904479980e-01,9.999964833259582520e-01,-9.999955296516418457e-01,9.999927282333374023e-01,-9.998332858085632324e-01,-9.999959468841552734e-01,-9.999900460243225098e-01,-9.999929666519165039e-01,-9.999868869781494141e-01,-9.999916553497314453e-01,-9.999963045120239258e-01,9.999958276748657227e-01,9.999963045120239258e-01,9.999915361404418945e-01,9.999956488609313965e-01,9.999700784683227539e-01,9.999879002571105957e-01,9.999931454658508301e-01,9.999940395355224609e-01,-9.999405741691589355e-01,-9.999928474426269531e-01,-9.999929666519165039e-01,9.999845027923583984e-01,-9.999967813491821289e-01,-9.999951124191284180e-01,-9.999865889549255371e-01,9.999846816062927246e-01,9.999963641166687012e-01,9.999967813491821289e-01,9.999795556068420410e-01,9.999946355819702148e-01,-9.999966621398925781e-01,9.999960064888000488e-01,-9.999928474426269531e-01,-9.999899268150329590e-01,9.999634027481079102e-01,-9.997113943099975586e-01,9.999939799308776855e-01,-9.999530911445617676e-01,-9.999949336051940918e-01,9.999702572822570801e-01,9.999929070472717285e-01,-9.997633695602416992e-01,-9.999935030937194824e-01,9.999964833259582520e-01,9.992118477821350098e-01,9.999955892562866211e-01,9.999536871910095215e-01,-9.999815821647644043e-01,-9.999961256980895996e-01,9.999537467956542969e-01,-9.999945163726806641e-01,9.999954104423522949e-01,-9.999954104423522949e-01,9.999132156372070312e-01,9.999952316284179688e-01,-9.999958872795104980e-01,9.999929070472717285e-01,9.989390373229980469e-01,-9.999967217445373535e-01,9.999964833259582520e-01,-9.999783635139465332e-01,9.999930858612060547e-01,-9.999960064888000488e-01,9.999665617942810059e-01,9.999368786811828613e-01,-9.999956488609313965e-01,-9.999839067459106445e-01,-9.999622106552124023e-01,9.999923110008239746e-01,9.999840855598449707e-01,-9.999955296516418457e-01,9.999924302101135254e-01,-9.999958872795104980e-01,9.999941587448120117e-01,9.999779462814331055e-01,-9.999970793724060059e-01,9.999954700469970703e-01,-9.999954104423522949e-01,9.999962449073791504e-01,9.999600648880004883e-01,9.999938607215881348e-01,9.999966025352478027e-01,-9.999880790710449219e-01,-9.999959468841552734e-01,9.999929666519165039e-01,-9.999434947967529297e-01,9.999861121177673340e-01,9.998936057090759277e-01,9.999938607215881348e-01
-9.999988079071044922e-01,9.999988079071044922e-01,9.999909996986389160e-01,-9.999988675117492676e-01,-9.999993443489074707e-01,9.999990463256835938e-01,-9.999849200248718262e-01,-9.999993443489074707e-01,9.999979138374328613e-01,-9.999974966049194336e-01,9.999967217445373535e-01,9.999993443489074707e-01,-9.999988675117492676e-01,-9.999984502792358398e-01,-9.999629855155944824e-01,-9.999986290931701660e-01,-9.999986290931701660e-01,9.999986886978149414e-01,-9.999607205390930176e-01,9.999994039535522461e-01,9.999994039535522461e-01,-9.999907016754150391e-01,-9.999982118606567383e-01,-9.999991059303283691e-01,-9.999892711639404297e-01,-9.999994635581970215e-01,9.999989271163940430e-01,9.999994039535522461e-01,-9.999856352806091309e-01,9.999970197677612305e-01,9.999982714653015137e-01,9.999991655349731445e-01,-9.999976158142089844e-01,-9.999986290931701660e-01,9.999980330467224121e-01,9.999964237213134766e-01,-9.999993443489074707e-01,-9.999991655349731445e-01,-9.999955892562866211e-01,9.999992251396179199e-01,-9.999989867210388184e-01,9.999983310699462891e-01,-9.999622106552124023e-01,-9.999992251396179199e-01,-9.999976754188537598e-01,-9.999984502792358398e-01,-9.999969601631164551e-01,-9.999980926513671875e-01,-9.999992251396179199e-01,9.999991059303283691e-01,9.999992847442626953e-01,9.999980330467224121e-01,9.999990463256835938e-01,9.999930858612060547e-01,9.999971389770507812e-01,9.999983906745910645e-01,9.999986290931701660e-01,-9.999865293502807617e-01,-9.999983310699462891e-01,-9.999982714653015137e-01,9.999964237213134766e-01,-9.999994039535522461e-01,-9.999989271163940430e-01,-9.999969005584716797e-01,9.999964833259582520e-01,9.999993443489074707e-01,9.999993443489074707e-01,9.999954104423522949e-01,9.999988079071044922e-01,-9.999992847442626953e-01,9.999992251396179199e-01,-9.999983310699462891e-01,-9.999977350234985352e-01,9.999917149543762207e-01,-9.999345541000366211e-01,9.999986886978149414e-01,-9.999893903732299805e-01,-9.999988675117492676e-01,9.999932646751403809e-01,9.999983906745910645e-01,-9.999462962150573730e-01,-9.999985694885253906e-01,9.999993443489074707e-01,9.998212456703186035e-01,9.999989867210388184e-01,9.999895095825195312e-01,-9.999958276748657227e-01,-9.999991655349731445e-01,9.999895095825195312e-01,-9.999988079071044922e-01,9.999989271163940430e-01,-9.999989867210388184e-01,9.999803304672241211e-01,9.999989271163940430e-01,-9.999991059303283691e-01,9.999983310699462891e-01,9.997593164443969727e-01,-9.999992847442626953e-01,9.999992251396179199e-01,-9.999951720237731934e-01,9.999985098838806152e-01,-9.999991655349731445e-01,9.999924302101135254e-01,9.999856948852539062e-01,-9.999989867210388184e-01,-9.999963045120239258e-01,-9.999914169311523438e-01,9.999982118606567383e-01,9.999963045120239258e-01,-9.999989867210388184e-01,9.999982714653015137e-01,-9.999991059303283691e-01,9.999986290931701660e-01,9.999949932098388672e-01,-9.999994039535522461e-01,9.999989271163940430e-01,-9.999989271163940430e-01,9.999992251396179199e-01,9.999909996986389160e-01,9.999985694885253906e-01,9.999993443489074707e-01,-9.999972581863403320e-01,-9.999991655349731445e-01,9.999983310699462891e-01,-9.999873042106628418e-01,9.999967813491821289e-01,9.999759197235107422e-01,9.999985694885253906e-01
