3.960836529731750488e-01,-2.260138466954231262e-02,2.363872975111007690e-01,-2.921219766139984131e-01,2.105171382427215576e-01,-2.790750861167907715e-01,1.394255012273788452e-01,2.946355938911437988e-01,-2.976320870220661163e-02,-7.835857570171356201e-02,-2.087843567132949829e-01,1.802796497941017151e-02,-2.272157073020935059e-01,-1.778071820735931396e-01,-1.895719915628433228e-01,9.808184113353490829e-04,1.072468049824237823e-02,-1.650918722152709961e-01,2.521960139274597168e-01,9.022358059883117676e-02,-1.786398515105247498e-02,-2.731307744979858398e-01,-2.414175271987915039e-01,1.662494689226150513e-01,-7.448113989084959030e-03,-1.580034382641315460e-02,1.798294484615325928e-01,-2.211162149906158447e-01,-1.519412398338317871e-01,-2.091791667044162750e-02,-1.705992668867111206e-01,1.592316031455993652e-01,-1.962762475013732910e-01,-1.388482898473739624e-01,-6.286824587732553482e-03,1.695136278867721558e-01,-9.133544564247131348e-02,-1.377703994512557983e-01,-5.612824857234954834e-02,-2.134410887956619263e-01,3.462647646665573120e-02,7.356015592813491821e-02,-2.151025086641311646e-01,-4.639807716012001038e-02,-1.122309565544128418e-01,2.859489321708679199e-01,1.847363561391830444e-01,-1.409183535724878311e-02,1.284631639719009399e-01,2.018459886312484741e-02,-1.895430386066436768e-01,-1.280131340026855469e-01,1.674064695835113525e-01,7.733270060271024704e-03,-7.974448613822460175e-03,6.671961396932601929e-02,2.367480099201202393e-02,-7.462665438652038574e-03,2.455009967088699341e-01,2.352184206247329712e-01,-1.174413412809371948e-01,4.174672812223434448e-02,-6.808098405599594116e-03,1.525842547416687012e-01,2.506333403289318085e-02,4.845232889056205750e-02,-3.599788546562194824e-01,-4.185720905661582947e-02,1.599858701229095459e-01,2.054236829280853271e-01,-2.703759446740150452e-02,2.698258459568023682e-01,8.022854477167129517e-02,-1.987399756908416748e-01,-1.759829074144363403e-01,6.129636988043785095e-02,1.781335449777543545e-03,-1.770543307065963745e-01,1.082145571708679199e-01,8.816291391849517822e-02,-1.338117569684982300e-01,-2.495404914952814579e-04,-3.388565778732299805e-02,-1.743425382301211357e-03,-1.983134150505065918e-01,2.758150696754455566e-01,1.170753836631774902e-01,-9.002248989418148994e-04,-2.318502366542816162e-01,-9.604908525943756104e-03,-1.580224186182022095e-01,2.818012535572052002e-01,2.815481126308441162e-01,-1.961134225130081177e-01,7.963784784078598022e-02,-4.046105742454528809e-01,-4.544294625520706177e-02,-1.466199591959593818e-05,-2.922778390347957611e-02,8.540737628936767578e-02,-2.148510217666625977e-01,2.186437100172042847e-01,1.641849279403686523e-01,7.362613081932067871e-02,-2.823696434497833252e-01,1.835540980100631714e-01,2.847113907337188721e-01,2.623949944972991943e-01,-3.427265286445617676e-01,1.367621868848800659e-02,-1.397155970335006714e-01,3.044410645961761475e-01,1.983093023300170898e-01,-5.562086403369903564e-02,-9.142005443572998047e-02,1.697336137294769287e-01,2.273056507110595703e-01,-2.027483284473419189e-01,1.487452629953622818e-02,-9.248901158571243286e-02,-2.443844228982925415e-01,-1.083633750677108765e-01,-3.542008250951766968e-02,3.165189027786254883e-01,-1.197450887411832809e-02,1.967911720275878906e-01,1.105746068060398102e-02,-9.007778763771057129e-02
-2.260138466954231262e-02,7.662819698452949524e-03,-6.838646531105041504e-02,6.210157647728919983e-02,2.577063627541065216e-02,1.754891127347946167e-02,-3.025487437844276428e-02,1.570126414299011230e-02,4.007697850465774536e-02,4.003411903977394104e-02,1.504984218627214432e-02,-3.268320485949516296e-02,6.712637841701507568e-02,5.499005317687988281e-02,6.958530098199844360e-02,6.783898174762725830e-02,-2.134714974090456963e-03,5.794344097375869751e-02,-6.300635635852813721e-02,-3.776865079998970032e-02,-2.543941698968410492e-02,5.289267003536224365e-02,4.828627780079841614e-02,-3.087001666426658630e-02,7.757049985229969025e-03,5.667210370302200317e-02,-6.655359268188476562e-02,-2.203315682709217072e-02,6.212053075432777405e-02,-1.428570784628391266e-02,2.248626016080379486e-02,-7.112678140401840210e-02,4.711174219846725464e-02,4.695555567741394043e-02,-1.921840012073516846e-03,-7.432362437248229980e-02,4.910647124052047729e-02,6.050390005111694336e-02,-5.361095443367958069e-02,-2.104798704385757446e-02,5.392925813794136047e-02,6.136820651590824127e-03,6.487788259983062744e-02,1.957843638956546783e-02,2.533236704766750336e-02,-6.783249974250793457e-02,-6.746274977922439575e-02,-1.757340878248214722e-02,-1.895523630082607269e-02,4.030906595289707184e-03,1.756166480481624603e-02,-6.244913674890995026e-03,2.226381935179233551e-02,-3.790903137996792793e-03,-1.813909597694873810e-02,-7.166238129138946533e-02,2.080133929848670959e-02,3.428285242989659309e-03,-6.336642056703567505e-02,-5.996714904904365540e-02,1.569963432848453522e-02,-1.030090730637311935e-02,1.722118002362549305e-03,8.827527984976768494e-03,2.327148104086518288e-03,-2.049427852034568787e-02,6.049522385001182556e-02,6.787041574716567993e-02,-6.895507127046585083e-02,1.183745078742504120e-02,-5.239847302436828613e-02,-3.945469111204147339e-02,-1.771851629018783569e-02,6.628117710351943970e-02,5.992979276925325394e-03,-6.711928546428680420e-02,-5.345473764464259148e-04,7.241463661193847656e-02,-3.639755398035049438e-02,-5.552294850349426270e-02,6.777537614107131958e-02,9.614588634576648474e-05,-4.663170874118804932e-02,9.982515621231868863e-05,-4.464667662978172302e-02,-7.199006527662277222e-02,2.479599975049495697e-02,1.134840189479291439e-03,5.588981881737709045e-02,4.515240713953971863e-02,-1.031484571285545826e-03,-2.384706959128379822e-02,-6.455653160810470581e-02,3.624469414353370667e-02,-5.671860650181770325e-02,3.586919605731964111e-02,4.830658435821533203e-02,-1.632526505090936553e-06,-4.382761940360069275e-02,4.050802811980247498e-02,-1.554252114146947861e-03,1.691697165369987488e-02,-7.077639549970626831e-02,-5.928261205554008484e-02,8.229689300060272217e-02,-1.943599991500377655e-02,-6.399846076965332031e-02,-7.433386892080307007e-02,1.165495533496141434e-02,-1.945271971635520458e-03,4.357311502099037170e-02,-5.845591053366661072e-02,-7.007627934217453003e-02,-9.743640199303627014e-03,7.065415382385253906e-02,-6.646618247032165527e-02,1.879810169339179993e-02,3.871724382042884827e-02,-6.423343718051910400e-02,2.718121558427810669e-02,5.786751955747604370e-02,5.373256653547286987e-02,5.325967818498611450e-02,-5.940516665577888489e-02,-2.257990837097167969e-02,-3.791385516524314880e-02,-7.771810051053762436e-04,5.029452964663505554e-02
2.363872975111007690e-01,-6.838646531105041504e-02,7.167544960975646973e-01,-6.637580990791320801e-01,-3.077085316181182861e-01,-2.304203361272811890e-01,2.601929605007171631e-01,-2.306308448314666748e-01,-3.919391334056854248e-01,-4.712727963924407959e-01,-1.116542294621467590e-01,3.968009948730468750e-01,-6.235606074333190918e-01,-6.292212009429931641e-01,-7.299425601959228516e-01,-6.852774024009704590e-01,1.974933221936225891e-02,-5.550091266632080078e-01,6.566044688224792480e-01,4.741117656230926514e-01,2.743018269538879395e-01,-5.931652188301086426e-01,-5.520460009574890137e-01,3.336856961250305176e-01,-9.382554143667221069e-02,-5.594996213912963867e-01,7.061612010002136230e-01,2.056822925806045532e-01,-6.898832321166992188e-01,1.646381318569183350e-01,-2.043736577033996582e-01,7.445425987243652344e-01,-4.565614461898803711e-01,-6.162595748901367188e-01,2.812086790800094604e-02,7.414105534553527832e-01,-5.376417636871337891e-01,-6.595355868339538574e-01,5.459221005439758301e-01,3.387153744697570801e-01,-5.654888153076171875e-01,-8.413240313529968262e-02,-6.583071947097778320e-01,-2.249813824892044067e-01,-3.191446661949157715e-01,7.128075361251831055e-01,7.204753160476684570e-01,1.803627163171768188e-01,1.830659359693527222e-01,1.265768855810165405e-01,-1.609779149293899536e-01,1.837689131498336792e-01,-3.123925328254699707e-01,3.634984046220779419e-02,2.306718379259109497e-01,7.596082687377929688e-01,-3.035620152950286865e-01,-3.993452340364456177e-02,5.995482206344604492e-01,6.247453093528747559e-01,-1.278970241546630859e-01,5.649169906973838806e-02,-1.833378337323665619e-02,-7.806350290775299072e-02,2.706933580338954926e-02,2.229628711938858032e-01,-5.320296287536621094e-01,-6.851440072059631348e-01,7.141868472099304199e-01,-1.263031363487243652e-01,5.994657278060913086e-01,4.418277740478515625e-01,2.187729626893997192e-01,-7.141484618186950684e-01,-1.368890404701232910e-01,6.671659350395202637e-01,5.236405879259109497e-03,-7.742716670036315918e-01,3.680708408355712891e-01,6.372891664505004883e-01,-7.297702431678771973e-01,-1.203562482260167599e-03,5.691011548042297363e-01,8.921638946048915386e-04,4.932327568531036377e-01,7.257180213928222656e-01,-3.210940361022949219e-01,-1.239022240042686462e-02,-5.619512200355529785e-01,-5.579502582550048828e-01,2.577892877161502838e-02,1.638058125972747803e-01,6.286516189575195312e-01,-3.897154629230499268e-01,6.292694807052612305e-01,-3.034883439540863037e-01,-4.863148629665374756e-01,2.293812212883494794e-05,5.106737613677978516e-01,-4.303119778633117676e-01,1.846622526645660400e-01,-2.266371697187423706e-01,7.362033724784851074e-01,6.525499224662780762e-01,-8.110957145690917969e-01,9.040738642215728760e-02,6.141253709793090820e-01,7.203488945960998535e-01,-1.278778165578842163e-01,1.981540396809577942e-02,-5.026592016220092773e-01,6.482380032539367676e-01,7.174678444862365723e-01,-5.688858777284622192e-02,-7.409479022026062012e-01,6.777477264404296875e-01,-2.554548382759094238e-01,-4.015628695487976074e-01,6.968559622764587402e-01,-3.239734172821044922e-01,-5.675689578056335449e-01,-5.867418646812438965e-01,-5.940182209014892578e-01,5.310394763946533203e-01,4.049777686595916748e-01,4.471848905086517334e-01,-8.110143244266510010e-03,-5.572443604469299316e-01
-2.921219766139984131e-01,6.210157647728919983e-02,-6.637580990791320801e-01,7.453044056892395020e-01,1.320438832044601440e-01,2.929291427135467529e-01,-2.310945391654968262e-01,4.836035892367362976e-02,4.003861546516418457e-01,4.469559788703918457e-01,2.716623991727828979e-02,-3.447280526161193848e-01,4.808406829833984375e-01,6.348735094070434570e-01,6.815388202667236328e-01,4.902005791664123535e-01,-1.555371936410665512e-02,5.041522979736328125e-01,-6.967234611511230469e-01,-4.562971889972686768e-01,-3.905421495437622070e-01,6.132094264030456543e-01,5.576180815696716309e-01,-2.923969030380249023e-01,8.841718733310699463e-02,3.572269678115844727e-01,-5.799918174743652344e-01,4.466383159160614014e-02,5.299247503280639648e-01,-1.876903930678963661e-03,1.850176453590393066e-01,-6.958751082420349121e-01,5.835949182510375977e-01,5.700970888137817383e-01,-1.212426647543907166e-02,-5.900819301605224609e-01,4.472466707229614258e-01,5.858305692672729492e-01,-2.950947284698486328e-01,-3.482205271720886230e-01,5.165310502052307129e-01,1.383722275495529175e-01,5.617574453353881836e-01,1.983832418918609619e-01,1.807174682617187500e-01,-5.753592848777770996e-01,-7.093030214309692383e-01,-1.756981760263442993e-01,-1.429093033075332642e-01,-9.220363944768905640e-02,1.749242246150970459e-01,-2.027950994670391083e-02,3.504865169525146484e-01,-4.676977545022964478e-02,-7.765699177980422974e-02,-6.211028695106506348e-01,3.146016895771026611e-01,3.428180515766143799e-02,-5.654435157775878906e-01,-6.857054233551025391e-01,5.480968579649925232e-02,2.411774545907974243e-02,2.282458357512950897e-02,1.953689567744731903e-02,1.249575242400169373e-02,-2.057911753654479980e-01,4.754642844200134277e-01,5.211138129234313965e-01,-6.303336620330810547e-01,-1.079286634922027588e-01,-4.718863070011138916e-01,-2.627438306808471680e-01,-3.042324185371398926e-01,6.807227730751037598e-01,1.067783236503601074e-01,-5.751121044158935547e-01,-3.260591998696327209e-03,6.546971797943115234e-01,-5.269473791122436523e-01,-5.553496479988098145e-01,7.210234999656677246e-01,1.124669448472559452e-03,-4.337201416492462158e-01,2.499303082004189491e-03,-3.731438219547271729e-01,-6.624437570571899414e-01,1.089981123805046082e-01,8.052488788962364197e-03,4.641399085521697998e-01,4.740420877933502197e-01,-4.111021384596824646e-02,-3.430133759975433350e-01,-6.621695160865783691e-01,4.407778084278106689e-01,-6.223866939544677734e-01,4.094970226287841797e-01,3.852184116840362549e-01,-1.667997639742679894e-05,-3.546985089778900146e-01,3.002712428569793701e-01,-5.753346532583236694e-02,-6.776628550142049789e-03,-7.269231081008911133e-01,-5.440334677696228027e-01,7.613968253135681152e-01,9.265545010566711426e-02,-7.376672029495239258e-01,-6.144984960556030273e-01,2.835297286510467529e-01,-2.710471116006374359e-02,5.616886615753173828e-01,-7.083715200424194336e-01,-6.994664072990417480e-01,2.165874689817428589e-01,6.300447583198547363e-01,-6.318017840385437012e-01,3.581856191158294678e-02,3.783294558525085449e-01,-5.921813249588012695e-01,3.902435302734375000e-01,5.198127627372741699e-01,6.102374792098999023e-01,5.733920931816101074e-01,-5.415511131286621094e-01,-3.759270310401916504e-01,-5.145249366760253906e-01,-5.178949330002069473e-03,4.800232052803039551e-01
2.105171382427215576e-01,2.577063627541065216e-02,-3.077085316181182861e-01,1.320438832044601440e-01,5.353395938873291016e-01,-1.345717459917068481e-01,-6.870067119598388672e-02,5.748478174209594727e-01,1.913852840662002563e-01,2.460926920175552368e-01,-4.990993812680244446e-02,-2.877576947212219238e-01,3.212120532989501953e-01,2.355024069547653198e-01,3.560871481895446777e-01,6.463972926139831543e-01,-6.130623165518045425e-03,2.599909305572509766e-01,-1.979030072689056396e-01,-2.243291437625885010e-01,-6.001840904355049133e-02,1.371400207281112671e-01,1.296021193265914917e-01,-1.080856993794441223e-01,5.827879905700683594e-02,5.359628796577453613e-01,-4.127902686595916748e-01,-5.236491560935974121e-01,4.865497052669525146e-01,-2.486200183629989624e-01,-1.628555729985237122e-02,-4.044961929321289062e-01,1.255042850971221924e-02,3.231858611106872559e-01,-3.681979700922966003e-02,-4.853835403919219971e-01,3.399023115634918213e-01,3.784850537776947021e-01,-6.609601378440856934e-01,-3.901255726814270020e-01,4.552303552627563477e-01,6.741031259298324585e-02,3.116115927696228027e-01,1.238313615322113037e-01,2.297206372022628784e-01,-3.520468771457672119e-01,-3.372088074684143066e-01,-1.323589980602264404e-01,-3.481058031320571899e-02,-1.031125187873840332e-01,-7.929198443889617920e-02,-3.726102709770202637e-01,3.116286098957061768e-01,-2.155306935310363770e-02,-2.784692347049713135e-01,-5.886830091476440430e-01,2.211755514144897461e-01,2.429412491619586945e-02,-1.993430405855178833e-01,-1.605559736490249634e-01,3.737314417958259583e-02,-7.381170988082885742e-02,1.418733154423534870e-03,2.275914996862411499e-01,-1.723058521747589111e-02,-1.151040568947792053e-01,7.381169497966766357e-02,5.638565421104431152e-01,-4.012290239334106445e-01,4.557727873325347900e-01,-5.421987175941467285e-01,-2.022978961467742920e-01,4.524709656834602356e-03,3.414722084999084473e-01,-3.868974745273590088e-02,-4.683005511760711670e-01,-3.262029029428958893e-03,4.871877729892730713e-01,-2.092031948268413544e-02,-4.233142733573913574e-01,3.981432616710662842e-01,6.213365704752504826e-04,-5.103772878646850586e-01,-4.480868112295866013e-03,-6.129633784294128418e-01,-3.009205758571624756e-01,4.683786928653717041e-01,1.080334093421697617e-02,2.367513775825500488e-01,4.318059086799621582e-01,-1.470187455415725708e-01,2.945045828819274902e-01,-1.447357684373855591e-01,3.471935912966728210e-02,-3.659870028495788574e-01,-2.414370477199554443e-01,3.509675860404968262e-01,-3.308173108962364495e-05,-4.780112206935882568e-01,4.748649299144744873e-01,-4.209240972995758057e-01,5.361410379409790039e-01,-3.722819685935974121e-01,-4.649792313575744629e-01,3.695254325866699219e-01,-4.379344731569290161e-02,-6.231590360403060913e-02,-3.635946810245513916e-01,-3.428272902965545654e-01,6.404214072972536087e-03,1.423721611499786377e-01,-1.116433292627334595e-01,-3.361896276473999023e-01,-1.306101232767105103e-01,5.288608670234680176e-01,-3.302124440670013428e-01,5.303183794021606445e-01,1.093981117010116577e-01,-5.542659163475036621e-01,7.331108301877975464e-02,1.897876262664794922e-01,2.662241160869598389e-01,3.511479198932647705e-01,-4.674419388175010681e-02,-2.973091900348663330e-01,-4.893040657043457031e-02,2.674554474651813507e-02,3.455254733562469482e-01
-2.790750861167907715e-01,1.754891127347946167e-02,-2.304203361272811890e-01,2.929291427135467529e-01,-1.345717459917068481e-01,2.494546175003051758e-01,-7.524504512548446655e-02,-1.831356436014175415e-01,2.280051074922084808e-02,1.011539846658706665e-01,1.050441116094589233e-01,-4.195761680603027344e-02,1.611779779195785522e-01,1.967714726924896240e-01,2.026948183774948120e-01,2.238787710666656494e-02,-7.862807251513004303e-03,1.306760013103485107e-01,-2.418277561664581299e-01,-1.272156834602355957e-01,-4.111480340361595154e-02,2.392367571592330933e-01,2.317569851875305176e-01,-1.207644566893577576e-01,1.306032389402389526e-02,-9.746386669576168060e-03,-1.730685383081436157e-01,1.827658861875534058e-01,1.622467935085296631e-01,1.147982291877269745e-02,1.267734766006469727e-01,-1.774321198463439941e-01,2.008465528488159180e-01,1.855214089155197144e-01,3.188699018210172653e-03,-1.448179185390472412e-01,8.679194003343582153e-02,1.415098011493682861e-01,3.658926486968994141e-02,5.178892239928245544e-02,9.695134125649929047e-03,-1.424684468656778336e-02,1.904383897781372070e-01,5.280917510390281677e-02,8.161000907421112061e-02,-2.369134426116943359e-01,-2.089195996522903442e-01,-6.902047898620367050e-03,-9.732723981142044067e-02,-4.794104024767875671e-02,1.436728686094284058e-01,5.425267294049263000e-02,-5.119098350405693054e-02,4.192267369944602251e-04,3.775713033974170685e-03,-1.185434237122535706e-01,2.648385241627693176e-02,7.884206250309944153e-03,-1.981186866760253906e-01,-2.251867055892944336e-01,6.548317521810531616e-02,-3.808126319199800491e-03,7.371487561613321304e-03,-1.107883602380752563e-01,-3.529500588774681091e-02,-4.628945887088775635e-02,2.480646073818206787e-01,6.551574915647506714e-02,-1.528145223855972290e-01,-1.701790094375610352e-01,-3.327845782041549683e-02,-2.105708867311477661e-01,-8.308378607034683228e-02,1.954578161239624023e-01,1.369704306125640869e-01,-9.498354792594909668e-02,-1.011872896924614906e-03,1.907707303762435913e-01,-1.384945511817932129e-01,-1.025682240724563599e-01,1.766482144594192505e-01,2.866279392037540674e-04,-3.729101642966270447e-02,6.953211850486695766e-04,9.767258912324905396e-02,-2.375177741050720215e-01,-5.699767172336578369e-02,6.689813453704118729e-04,1.556299775838851929e-01,5.474220216274261475e-02,8.168561756610870361e-02,-2.135502845048904419e-01,-2.359563410282135010e-01,1.662412136793136597e-01,-1.135895177721977234e-01,2.904227674007415771e-01,7.578016072511672974e-02,6.100079190218821168e-06,-6.805154960602521896e-03,-5.864720419049263000e-02,1.077910512685775757e-01,-1.667542308568954468e-01,-1.801546961069107056e-01,-9.444812685251235962e-02,2.586175501346588135e-01,-2.155882120132446289e-02,-2.752064764499664307e-01,-2.021118253469467163e-01,2.714760899543762207e-01,-1.085763424634933472e-02,1.484557539224624634e-01,-3.024553954601287842e-01,-1.942113041877746582e-01,1.122363880276679993e-01,1.363779157400131226e-01,-1.676121801137924194e-01,-1.586782485246658325e-01,1.682178229093551636e-01,-8.001156151294708252e-02,1.096944883465766907e-01,1.985387951135635376e-01,1.342751830816268921e-01,9.460537135601043701e-02,-2.336635291576385498e-01,-6.524176895618438721e-02,-1.944336891174316406e-01,-1.023466698825359344e-02,1.119789034128189087e-01
1.394255012273788452e-01,-3.025487437844276428e-02,2.601929605007171631e-01,-2.310945391654968262e-01,-6.870067119598388672e-02,-7.524504512548446655e-02,1.682532280683517456e-01,-2.662040852010250092e-02,-1.602283716201782227e-01,-1.315804868936538696e-01,-1.269808560609817505e-01,1.218894273042678833e-01,-2.999680936336517334e-01,-2.027537673711776733e-01,-2.675884664058685303e-01,-2.720020711421966553e-01,9.449168108403682709e-03,-2.416521757841110229e-01,2.305982261896133423e-01,1.161264255642890930e-01,3.892911225557327271e-02,-2.215379923582077026e-01,-1.807660758495330811e-01,1.488668471574783325e-01,-2.680764719843864441e-02,-2.491901814937591553e-01,2.608445882797241211e-01,8.405987173318862915e-02,-2.526558935642242432e-01,5.219025537371635437e-02,-1.070591434836387634e-01,2.647805511951446533e-01,-1.482117772102355957e-01,-1.674796789884567261e-01,8.478042669594287872e-03,3.147842586040496826e-01,-1.955653131008148193e-01,-2.344131171703338623e-01,2.302664816379547119e-01,-9.280631318688392639e-03,-1.831171810626983643e-01,1.518452912569046021e-02,-2.623389363288879395e-01,-7.371144741773605347e-02,-1.451379656791687012e-01,2.985911369323730469e-01,2.480001747608184814e-01,6.145497038960456848e-02,9.843237698078155518e-02,-2.478150650858879089e-03,-7.884299755096435547e-02,3.933606203645467758e-03,-1.464193873107433319e-02,2.628542482852935791e-02,8.166468888521194458e-02,2.613039314746856689e-01,-6.480412930250167847e-02,-1.395264081656932831e-02,2.512677311897277832e-01,2.375650107860565186e-01,-1.040067151188850403e-01,7.397252321243286133e-02,-5.448998417705297470e-03,-3.241572994738817215e-03,-9.320068173110485077e-03,8.039853721857070923e-02,-2.858054935932159424e-01,-2.567618191242218018e-01,2.772322297096252441e-01,-3.896038606762886047e-02,1.799997389316558838e-01,1.999962478876113892e-01,5.915582925081253052e-02,-2.688069343566894531e-01,-6.328813731670379639e-02,2.311954349279403687e-01,2.651437418535351753e-03,-2.852138578891754150e-01,1.083004176616668701e-01,2.110393643379211426e-01,-2.376587688922882080e-01,-3.697168431244790554e-04,1.563963890075683594e-01,-9.210793650709092617e-04,1.234494894742965698e-01,3.092829287052154541e-01,-6.644039601087570190e-02,-5.072245839983224869e-03,-2.543044388294219971e-01,-1.602230519056320190e-01,-3.977634385228157043e-02,9.075874090194702148e-02,2.546086013317108154e-01,-1.350575685501098633e-01,1.996021121740341187e-01,-1.926597654819488525e-01,-1.787278950214385986e-01,1.218203010466822889e-06,1.667501479387283325e-01,-1.460619717836380005e-01,-3.279393538832664490e-02,-5.771116539835929871e-02,2.672057151794433594e-01,2.274914085865020752e-01,-3.196464180946350098e-01,1.684565097093582153e-01,2.261414676904678345e-01,3.309295177459716797e-01,-6.671769171953201294e-02,7.235091645270586014e-03,-1.630550026893615723e-01,2.082410156726837158e-01,2.831105589866638184e-01,8.301869034767150879e-02,-2.624455392360687256e-01,2.550099492073059082e-01,-5.516634881496429443e-02,-1.740015447139739990e-01,2.250011712312698364e-01,-8.688657730817794800e-02,-2.494526803493499756e-01,-1.843289732933044434e-01,-1.687085032463073730e-01,2.617361545562744141e-01,5.466394871473312378e-02,1.367353200912475586e-01,6.552948616445064545e-04,-1.718202531337738037e-01
2.946355938911437988e-01,1.570126414299011230e-02,-2.306308448314666748e-01,4.836035892367362976e-02,5.748478174209594727e-01,-1.831356436014175415e-01,-2.662040852010250092e-02,6.747958660125732422e-01,1.146163418889045715e-01,1.914030015468597412e-01,-6.433924287557601929e-02,-2.799334228038787842e-01,2.579905390739440918e-01,1.678444892168045044e-01,2.888687849044799805e-01,6.029156446456909180e-01,-3.154144855216145515e-03,2.062695175409317017e-01,-8.808484673500061035e-02,-1.727450340986251831e-01,3.649547696113586426e-02,6.456856429576873779e-02,5.932876467704772949e-02,-7.710994035005569458e-02,4.995913803577423096e-02,4.967046976089477539e-01,-3.372144699096679688e-01,-5.819113254547119141e-01,4.663322567939758301e-01,-2.591890692710876465e-01,-4.970890656113624573e-02,-3.007775247097015381e-01,-1.055157035589218140e-01,2.933694720268249512e-01,-4.383322224020957947e-02,-4.142007231712341309e-01,3.048911988735198975e-01,3.244908154010772705e-01,-6.767070889472961426e-01,-4.044303596019744873e-01,3.997372686862945557e-01,5.759181454777717590e-02,2.485805749893188477e-01,1.128100454807281494e-01,2.688499689102172852e-01,-2.815708518028259277e-01,-2.693156599998474121e-01,-1.330800950527191162e-01,-3.134150430560112000e-02,-1.459669768810272217e-01,-1.303496956825256348e-01,-4.583362340927124023e-01,2.861665785312652588e-01,-1.631736196577548981e-02,-3.197433948516845703e-01,-5.352667570114135742e-01,2.223569005727767944e-01,2.335059083998203278e-02,-8.972889930009841919e-02,-8.025538176298141479e-02,3.957084566354751587e-02,-1.028095558285713196e-01,-2.779960865154862404e-03,2.122226059436798096e-01,-3.954344242811203003e-02,-9.432379901409149170e-02,-2.617265656590461731e-02,5.197163224220275879e-01,-3.319308757781982422e-01,5.213941931724548340e-01,-5.352698564529418945e-01,-2.054339051246643066e-01,7.095450907945632935e-02,2.757819592952728271e-01,-1.757252216339111328e-02,-4.050956964492797852e-01,-3.019917057827115059e-03,4.253106117248535156e-01,4.648697376251220703e-02,-3.593049645423889160e-01,3.129843473434448242e-01,5.601931479759514332e-04,-5.131048560142517090e-01,-6.005357019603252411e-03,-6.056798696517944336e-01,-2.300929576158523560e-01,5.092419385910034180e-01,1.131688337773084641e-02,1.373696178197860718e-01,4.209482073783874512e-01,-1.688250750303268433e-01,4.373319447040557861e-01,-2.792177163064479828e-02,-6.069371476769447327e-02,-2.985931634902954102e-01,-3.499780297279357910e-01,3.499149680137634277e-01,-3.467089482001028955e-05,-4.854030013084411621e-01,4.699789881706237793e-01,-4.974280893802642822e-01,5.945724248886108398e-01,-2.844859957695007324e-01,-4.277040958404541016e-01,2.450726777315139771e-01,-8.896873332560062408e-04,8.369088172912597656e-02,-2.829409241676330566e-01,-4.412783086299896240e-01,1.543078199028968811e-02,4.582784697413444519e-02,-5.592592060565948486e-03,-2.617937624454498291e-01,-1.561777740716934204e-01,4.892470538616180420e-01,-2.512063980102539062e-01,5.940425992012023926e-01,8.053357899188995361e-02,-5.156990885734558105e-01,1.135642919689416885e-02,1.357953995466232300e-01,1.894773542881011963e-01,2.954439222812652588e-01,6.259831041097640991e-02,-2.980982065200805664e-01,3.586222603917121887e-02,3.297769650816917419e-02,3.046131432056427002e-01
-2.976320870220661163e-02,4.007697850465774536e-02,-3.919391334056854248e-01,4.003861546516418457e-01,1.913852840662002563e-01,2.280051074922084808e-02,-1.602283716201782227e-01,1.146163418889045715e-01,4.458503723144531250e-01,3.312198817729949951e-01,-4.535616934299468994e-02,-2.703470587730407715e-01,2.912200093269348145e-01,4.473830461502075195e-01,4.737375974655151367e-01,4.700616300106048584e-01,-5.026915576308965683e-03,2.601372301578521729e-01,-4.204944074153900146e-01,-3.206878602504730225e-01,-4.351082146167755127e-01,3.502465188503265381e-01,2.755194306373596191e-01,-1.606504023075103760e-01,7.398886978626251221e-02,3.764993548393249512e-01,-4.411674141883850098e-01,-7.131551951169967651e-02,3.076266646385192871e-01,1.504007074981927872e-02,3.635162860155105591e-02,-6.121727824211120605e-01,3.513418138027191162e-01,3.547831475734710693e-01,-1.024875137954950333e-02,-4.745289087295532227e-01,3.148193061351776123e-01,4.056072235107421875e-01,-2.527296841144561768e-01,-3.514479994773864746e-01,4.842554926872253418e-01,1.385242640972137451e-01,3.133967518806457520e-01,1.174437627196311951e-01,4.986263066530227661e-02,-3.578246533870697021e-01,-4.442621767520904541e-01,-1.202906966209411621e-01,9.603047510609030724e-04,-8.194498717784881592e-02,2.320448495447635651e-02,-5.025180988013744354e-03,3.994854092597961426e-01,-4.609403014183044434e-02,-4.370199888944625854e-02,-5.012013912200927734e-01,2.421737760305404663e-01,2.147838100790977478e-02,-3.244587481021881104e-01,-4.053112566471099854e-01,-4.059451073408126831e-02,9.988643229007720947e-02,1.561195310205221176e-02,1.217432543635368347e-01,4.221607744693756104e-02,-1.432902663946151733e-01,2.104509174823760986e-01,4.229313135147094727e-01,-4.845286905765533447e-01,7.445238064974546432e-03,-3.596133589744567871e-01,-2.323278412222862244e-02,-2.676559388637542725e-01,4.889997839927673340e-01,-1.825388893485069275e-02,-4.132263362407684326e-01,-2.021010033786296844e-03,4.651156365871429443e-01,-3.087643086910247803e-01,-4.780871868133544922e-01,5.357725620269775391e-01,7.900867494754493237e-04,-3.533942699432373047e-01,2.498677466064691544e-03,-4.121081531047821045e-01,-4.130220711231231689e-01,1.099363937973976135e-01,5.631480831652879715e-03,3.609593808650970459e-01,3.835740983486175537e-01,-6.695561110973358154e-02,-1.565671265125274658e-01,-4.083044528961181641e-01,3.060112893581390381e-01,-4.766530692577362061e-01,1.119217798113822937e-01,1.678373217582702637e-01,-1.677181717241182923e-05,-3.357725739479064941e-01,2.844617962837219238e-01,-1.339563280344009399e-01,1.470434665679931641e-01,-5.843486189842224121e-01,-4.164876937866210938e-01,5.364957451820373535e-01,2.592278085649013519e-02,-4.979170560836791992e-01,-3.940800130367279053e-01,4.345566406846046448e-02,-2.292719669640064240e-02,5.143379569053649902e-01,-4.072535336017608643e-01,-4.759799242019653320e-01,1.514485776424407959e-01,4.254671931266784668e-01,-4.402666985988616943e-01,1.736843287944793701e-01,1.312659084796905518e-01,-4.728648960590362549e-01,2.786111831665039062e-01,2.245905101299285889e-01,4.482571780681610107e-01,4.657609760761260986e-01,-2.721895575523376465e-01,-3.221487998962402344e-01,-3.439107239246368408e-01,1.765751466155052185e-02,2.884757518768310547e-01
-7.835857570171356201e-02,4.003411903977394104e-02,-4.712727963924407959e-01,4.469559788703918457e-01,2.460926920175552368e-01,1.011539846658706665e-01,-1.315804868936538696e-01,1.914030015468597412e-01,3.312198817729949951e-01,3.562948107719421387e-01,-1.451216824352741241e-02,-2.903009653091430664e-01,3.585622608661651611e-01,4.652680158615112305e-01,5.182270407676696777e-01,5.241565704345703125e-01,-9.198802523314952850e-03,3.070635199546813965e-01,-4.616571664810180664e-01,-3.597033023834228516e-01,-3.187528550624847412e-01,3.797551095485687256e-01,3.459851145744323730e-01,-1.928401887416839600e-01,7.394122332334518433e-02,4.036507010459899902e-01,-5.112048387527465820e-01,-1.323255598545074463e-01,4.542894661426544189e-01,-8.604067564010620117e-02,7.719207555055618286e-02,-6.116703152656555176e-01,3.283928930759429932e-01,4.488170444965362549e-01,-1.782733388245105743e-02,-5.300870537757873535e-01,3.567002713680267334e-01,4.569966495037078857e-01,-3.657697737216949463e-01,-3.599640429019927979e-01,4.607261121273040771e-01,1.086741015315055847e-01,3.979660868644714355e-01,1.453195959329605103e-01,1.459536701440811157e-01,-4.653584063053131104e-01,-5.040196180343627930e-01,-1.192092746496200562e-01,-5.259978771209716797e-02,-1.260008364915847778e-01,6.193892657756805420e-02,-1.296292394399642944e-01,3.516318798065185547e-01,-2.829889953136444092e-02,-1.278696954250335693e-01,-5.891466736793518066e-01,2.477472424507141113e-01,2.566688694059848785e-02,-3.656671047210693359e-01,-4.126079082489013672e-01,3.787407185882329941e-03,4.697847366333007812e-02,1.394201349467039108e-02,1.087216362357139587e-01,-8.494672365486621857e-03,-1.510469168424606323e-01,2.588852643966674805e-01,4.921498596668243408e-01,-5.133433938026428223e-01,8.210709691047668457e-02,-4.427952766418457031e-01,-1.965303570032119751e-01,-2.065744251012802124e-01,5.150446295738220215e-01,4.058123752474784851e-02,-4.760460555553436279e-01,-2.676103496924042702e-03,5.620263218879699707e-01,-2.674444317817687988e-01,-5.015531182289123535e-01,5.732394456863403320e-01,8.598903659731149673e-04,-4.277482628822326660e-01,-3.165824455209076405e-04,-4.317067563533782959e-01,-4.660938382148742676e-01,2.245738357305526733e-01,7.365231867879629135e-03,3.729749917984008789e-01,4.241602420806884766e-01,-6.027917191386222839e-02,-9.645227342844009399e-02,-4.188784658908843994e-01,2.880360782146453857e-01,-4.870900511741638184e-01,1.092417761683464050e-01,2.615849971771240234e-01,-2.149271858797874302e-05,-3.755963146686553955e-01,3.119358718395233154e-01,-2.077890932559967041e-01,1.986369490623474121e-01,-5.799818634986877441e-01,-4.704611003398895264e-01,5.999278426170349121e-01,2.078438363969326019e-02,-4.716766178607940674e-01,-4.589591324329376221e-01,4.786754772067070007e-02,-1.724024675786495209e-02,4.393434226512908936e-01,-4.602383673191070557e-01,-4.982490539550781250e-01,1.398504376411437988e-01,5.238503217697143555e-01,-4.687096774578094482e-01,2.196269929409027100e-01,1.986522674560546875e-01,-5.359556674957275391e-01,2.588389515876770020e-01,2.941968142986297607e-01,4.408142864704132080e-01,4.680469930171966553e-01,-2.826649844646453857e-01,-3.606958389282226562e-01,-3.318230211734771729e-01,1.554898638278245926e-02,3.712635338306427002e-01
-2.087843567132949829e-01,1.504984218627214432e-02,-1.116542294621467590e-01,2.716623991727828979e-02,-4.990993812680244446e-02,1.050441116094589233e-01,-1.269808560609817505e-01,-6.433924287557601929e-02,-4.535616934299468994e-02,-1.451216824352741241e-02,2.709340453147888184e-01,-2.406396204605698586e-03,2.495453655719757080e-01,2.818757109344005585e-02,8.317587524652481079e-02,1.021847948431968689e-01,-9.633060544729232788e-03,1.170680001378059387e-01,-1.217727083712816238e-02,1.593163236975669861e-02,2.244344949722290039e-01,9.758869558572769165e-02,8.515325188636779785e-02,-1.263062208890914917e-01,-8.067689836025238037e-03,1.364128887653350830e-01,-1.401231288909912109e-01,-6.925414502620697021e-02,1.808611601591110229e-01,-1.020481586456298828e-01,1.404506564140319824e-01,-1.956667564809322357e-02,-7.716773450374603271e-02,4.117974266409873962e-02,-9.339913725852966309e-03,-1.780902594327926636e-01,7.487342506647109985e-02,7.049297541379928589e-02,-1.698471307754516602e-01,2.647628486156463623e-01,-9.542495012283325195e-02,-1.373764574527740479e-01,1.713008880615234375e-01,2.883609756827354431e-02,2.200246304273605347e-01,-2.540520429611206055e-01,-3.136882558465003967e-02,2.365629747509956360e-02,-1.410135477781295776e-01,-3.039324469864368439e-02,1.051674485206604004e-01,-3.410680219531059265e-02,-2.639953792095184326e-01,1.312168594449758530e-02,-1.247600391507148743e-01,-6.417059898376464844e-02,-8.282170444726943970e-02,5.993744358420372009e-03,-1.179107651114463806e-01,-3.177772462368011475e-02,1.809294223785400391e-01,-1.443380415439605713e-01,-2.929526614025235176e-03,-1.093210726976394653e-01,-5.683728680014610291e-02,-1.937451399862766266e-02,2.738605141639709473e-01,8.967565745115280151e-02,-9.802147001028060913e-02,4.833186790347099304e-02,-1.139196916483342648e-03,-3.559330999851226807e-01,7.700878381729125977e-02,7.741633802652359009e-02,1.782500147819519043e-01,-1.444055605679750443e-02,-2.938822144642472267e-03,1.294374018907546997e-01,1.378580033779144287e-01,-2.168628945946693420e-02,-4.151003062725067139e-02,8.516845264239236712e-05,-1.896947808563709259e-02,-1.735935918986797333e-03,1.315235346555709839e-01,-1.877433955669403076e-01,4.896799102425575256e-02,3.776416881009936333e-03,1.779912561178207397e-01,-7.276413962244987488e-03,1.549870669841766357e-01,9.924602694809436798e-03,-6.501629948616027832e-02,9.693872183561325073e-03,5.537088587880134583e-02,1.870466470718383789e-01,8.116763830184936523e-02,1.185696601169183850e-05,-6.028370186686515808e-02,-2.000883407890796661e-02,9.783764928579330444e-02,2.312430366873741150e-02,-3.852802619803696871e-04,-5.769006907939910889e-02,9.925702214241027832e-02,-3.357889056205749512e-01,5.748229101300239563e-02,-2.105766385793685913e-01,8.151375502347946167e-02,2.447287086397409439e-03,-5.578926205635070801e-02,-3.380271419882774353e-02,-5.921819433569908142e-02,-1.743536293506622314e-01,7.091630995273590088e-02,-6.246140226721763611e-02,1.463340036571025848e-02,1.376131623983383179e-01,3.584339516237378120e-03,-6.417843699455261230e-02,1.796848177909851074e-01,-5.402926728129386902e-02,-5.711260437965393066e-02,-1.694701164960861206e-01,7.453086227178573608e-02,2.431748202070593834e-03,7.973379688337445259e-04,3.236825019121170044e-02
1.802796497941017151e-02,-3.268320485949516296e-02,3.968009948730468750e-01,-3.447280526161193848e-01,-2.877576947212219238e-01,-4.195761680603027344e-02,1.218894273042678833e-01,-2.799334228038787842e-01,-2.703470587730407715e-01,-2.903009653091430664e-01,-2.406396204605698586e-03,2.780785858631134033e-01,-3.285147845745086670e-01,-3.843284249305725098e-01,-4.536410570144653320e-01,-5.306594371795654297e-01,6.920995656400918961e-03,-2.708415985107421875e-01,3.496960699558258057e-01,2.884104847908020020e-01,2.019668370485305786e-01,-3.086888194084167480e-01,-2.657049596309661865e-01,1.686405986547470093e-01,-6.395562738180160522e-02,-4.088060855865478516e-01,4.499394893646240234e-01,2.129428684711456299e-01,-4.485566616058349609e-01,9.925182908773422241e-02,-4.897155612707138062e-02,5.204896926879882812e-01,-2.003661096096038818e-01,-3.943192362785339355e-01,2.396503649652004242e-02,4.950008392333984375e-01,-3.256721794605255127e-01,-4.088936448097229004e-01,4.356867969036102295e-01,3.250740766525268555e-01,-4.163019657135009766e-01,-8.030544966459274292e-02,-3.459006845951080322e-01,-1.304107010364532471e-01,-1.900496333837509155e-01,4.186661243438720703e-01,4.325218796730041504e-01,1.158036291599273682e-01,5.843233689665794373e-02,1.458500474691390991e-01,-1.334710046648979187e-02,1.891525238752365112e-01,-2.949488162994384766e-01,2.888214029371738434e-02,1.686837524175643921e-01,5.560188293457031250e-01,-2.326285392045974731e-01,-2.466001361608505249e-02,2.764010131359100342e-01,3.298934400081634521e-01,-2.747533656656742096e-02,-6.785540608689188957e-04,-9.281802922487258911e-03,-9.524401277303695679e-02,1.711591891944408417e-02,1.317478269338607788e-01,-1.965055614709854126e-01,-4.752967655658721924e-01,4.561738967895507812e-01,-1.594397723674774170e-01,4.352116286754608154e-01,2.096344679594039917e-01,1.365547925233840942e-01,-4.570080339908599854e-01,-5.875092744827270508e-02,4.200069010257720947e-01,2.791196806356310844e-03,-5.184789299964904785e-01,1.800639778375625610e-01,4.515644907951354980e-01,-4.863303303718566895e-01,-7.787272334098815918e-04,4.229045212268829346e-01,1.275328570045530796e-03,4.343459904193878174e-01,4.153380095958709717e-01,-2.486524283885955811e-01,-8.148429915308952332e-03,-3.074493408203125000e-01,-4.035171568393707275e-01,6.234750896692276001e-02,-2.987553738057613373e-02,3.110396862030029297e-01,-1.963740736246109009e-01,4.161797165870666504e-01,-2.644280157983303070e-02,-2.556694149971008301e-01,2.059142025245819241e-05,3.874042332172393799e-01,-3.184788227081298828e-01,2.472698390483856201e-01,-2.683064639568328857e-01,5.017333626747131348e-01,4.411192536354064941e-01,-4.923133254051208496e-01,3.848375519737601280e-03,3.160732686519622803e-01,4.147889614105224609e-01,4.901263117790222168e-02,9.187315590679645538e-03,-3.387159109115600586e-01,3.338764905929565430e-01,4.371562600135803223e-01,-6.683611869812011719e-02,-4.972502589225769043e-01,3.981285989284515381e-01,-2.865381836891174316e-01,-1.733640730381011963e-01,5.045274496078491211e-01,-1.886330395936965942e-01,-2.534138262271881104e-01,-3.591283559799194336e-01,-3.981466591358184814e-01,2.020959258079528809e-01,3.297541737556457520e-01,2.387503236532211304e-01,-2.148640528321266174e-02,-3.182773590087890625e-01
