9.999983906745910645e-01,-9.999986290931701660e-01,-9.999937415122985840e-01,9.999979734420776367e-01,9.999989271163940430e-01,-9.999988675117492676e-01,9.999958276748657227e-01,9.999991059303283691e-01,-9.999969601631164551e-01,9.999982118606567383e-01,-9.999987483024597168e-01,-9.999989867210388184e-01,9.999980926513671875e-01,9.999985098838806152e-01,9.999923110008239746e-01,9.999963045120239258e-01,9.999973773956298828e-01,-9.999983906745910645e-01,9.999933242797851562e-01,-9.999991059303283691e-01,-9.999989271163940430e-01,9.999930262565612793e-01,9.999985694885253906e-01,9.999982118606567383e-01,9.999886751174926758e-01,9.999990463256835938e-01,-9.999982714653015137e-01,-9.999989271163940430e-01,9.999892711639404297e-01,-9.999960064888000488e-01,-9.999921917915344238e-01,-9.999983310699462891e-01,9.999884366989135742e-01,9.999961256980895996e-01,-9.999978542327880859e-01,9.999322891235351562e-01,9.999990463256835938e-01,9.999985694885253906e-01,9.999912977218627930e-01,-9.999988675117492676e-01,9.999987483024597168e-01,-9.999885559082031250e-01,9.999807476997375488e-01,9.999988675117492676e-01,9.999983310699462891e-01,9.999982714653015137e-01,-9.999933838844299316e-01,9.999985098838806152e-01,9.999986886978149414e-01,-9.999985098838806152e-01,-9.999986886978149414e-01,-9.999983310699462891e-01,-9.999988079071044922e-01,-9.999930262565612793e-01,-9.999982714653015137e-01,-9.999981522560119629e-01,-9.999943971633911133e-01,9.999760985374450684e-01,9.999968409538269043e-01,9.999983906745910645e-01,-9.999984502792358398e-01,9.999988675117492676e-01,9.999983906745910645e-01,9.999954104423522949e-01,-9.999952912330627441e-01,-9.999989271163940430e-01,-9.999991059303283691e-01,-9.999960064888000488e-01,-9.999989867210388184e-01,9.999985694885253906e-01,-9.999987483024597168e-01,9.999976754188537598e-01,9.999865293502807617e-01,-9.999935030937194824e-01,-9.999785423278808594e-01,-9.999982714653015137e-01,9.999925494194030762e-01,9.999987483024597168e-01,-9.999946951866149902e-01,-9.999960660934448242e-01,9.999767541885375977e-01,9.999976754188537598e-01,-9.999988675117492676e-01,9.999979734420776367e-01,-9.999983906745910645e-01,-9.999890923500061035e-01,9.999809861183166504e-01,9.999989271163940430e-01,9.999872446060180664e-01,9.997555613517761230e-01,-9.999962449073791504e-01,9.999983906745910645e-01,-9.999833703041076660e-01,-9.999976754188537598e-01,9.999980330467224121e-01,-9.999978542327880859e-01,-9.999905228614807129e-01,9.999990463256835938e-01,-9.999987483024597168e-01,9.999961853027343750e-01,-9.999968409538269043e-01,9.999988675117492676e-01,-9.998960494995117188e-01,9.998376965522766113e-01,9.999986290931701660e-01,9.999971985816955566e-01,-9.999804496765136719e-01,-9.999982714653015137e-01,-9.999939799308776855e-01,9.999985098838806152e-01,-9.999985098838806152e-01,9.999980330467224121e-01,-9.999983310699462891e-01,-9.999560117721557617e-01,9.999991059303283691e-01,-9.999976754188537598e-01,9.999989271163940430e-01,-9.999981522560119629e-01,-9.999951124191284180e-01,-9.999977350234985352e-01,-9.999987483024597168e-01,9.999965429306030273e-01,9.999982714653015137e-01,-9.999974966049194336e-01,-9.999899268150329590e-01,-9.999953508377075195e-01,9.999898672103881836e-01,-9.999952316284179688e-01
-9.999986290931701660e-01,9.999989271163940430e-01,9.999948143959045410e-01,-9.999983310699462891e-01,-9.999991655349731445e-01,9.999990463256835938e-01,-9.999964833259582520e-01,-9.999991655349731445e-01,9.999974966049194336e-01,-9.999985098838806152e-01,9.999989867210388184e-01,9.999991655349731445e-01,-9.999983310699462891e-01,-9.999986886978149414e-01,-9.999936819076538086e-01,-9.999969601631164551e-01,-9.999977946281433105e-01,9.999985694885253906e-01,-9.999944567680358887e-01,9.999992251396179199e-01,9.999992251396179199e-01,-9.999942779541015625e-01,-9.999988079071044922e-01,-9.999985098838806152e-01,-9.999907016754150391e-01,-9.999992251396179199e-01,9.999985694885253906e-01,9.999991655349731445e-01,-9.999912977218627930e-01,9.999967217445373535e-01,9.999936223030090332e-01,9.999986290931701660e-01,-9.999905228614807129e-01,-9.999967217445373535e-01,9.999982714653015137e-01,-9.999443292617797852e-01,-9.999991059303283691e-01,-9.999988675117492676e-01,-9.999928474426269531e-01,9.999991059303283691e-01,-9.999989271163940430e-01,9.999906420707702637e-01,-9.999842047691345215e-01,-9.999991655349731445e-01,-9.999986290931701660e-01,-9.999985694885253906e-01,9.999945759773254395e-01,-9.999987483024597168e-01,-9.999989271163940430e-01,9.999988079071044922e-01,9.999989271163940430e-01,9.999985694885253906e-01,9.999990463256835938e-01,9.999942779541015625e-01,9.999985694885253906e-01,9.999983906745910645e-01,9.999953508377075195e-01,-9.999802708625793457e-01,-9.999973773956298828e-01,-9.999985694885253906e-01,9.999986886978149414e-01,-9.999991059303283691e-01,-9.999986886978149414e-01,-9.999961256980895996e-01,9.999960064888000488e-01,9.999991059303283691e-01,9.999992847442626953e-01,9.999967217445373535e-01,9.999991655349731445e-01,-9.999988079071044922e-01,9.999990463256835938e-01,-9.999980330467224121e-01,-9.999889135360717773e-01,9.999948143959045410e-01,9.999824166297912598e-01,9.999986290931701660e-01,-9.999938607215881348e-01,-9.999989271163940430e-01,9.999956488609313965e-01,9.999967813491821289e-01,-9.999809265136718750e-01,-9.999980926513671875e-01,9.999989867210388184e-01,-9.999982714653015137e-01,9.999986290931701660e-01,9.999910593032836914e-01,-9.999843835830688477e-01,-9.999990463256835938e-01,-9.999895095825195312e-01,-9.997992515563964844e-01,9.999968409538269043e-01,-9.999986886978149414e-01,9.999863505363464355e-01,9.999980926513671875e-01,-9.999983906745910645e-01,9.999982118606567383e-01,9.999921917915344238e-01,-9.999992251396179199e-01,9.999989867210388184e-01,-9.999969005584716797e-01,9.999973773956298828e-01,-9.999989867210388184e-01,9.999146461486816406e-01,-9.998667836189270020e-01,-9.999988675117492676e-01,-9.999976754188537598e-01,9.999839663505554199e-01,9.999985694885253906e-01,9.999950528144836426e-01,-9.999986886978149414e-01,9.999987483024597168e-01,-9.999983906745910645e-01,9.999986290931701660e-01,9.999638795852661133e-01,-9.999992251396179199e-01,9.999980926513671875e-01,-9.999991059303283691e-01,9.999985098838806152e-01,9.999960064888000488e-01,9.999981522560119629e-01,9.999989867210388184e-01,-9.999970793724060059e-01,-9.999985694885253906e-01,9.999980330467224121e-01,9.999917149543762207e-01,9.999960660934448242e-01,-9.999916553497314453e-01,9.999960064888000488e-01
-9.999937415122985840e-01,9.999948143959045410e-01,9.999758005142211914e-01,-9.999921321868896484e-01,-9.999958276748657227e-01,9.999953508377075195e-01,-9.999837279319763184e-01,-9.999962449073791504e-01,9.999883770942687988e-01,-9.999929666519165039e-01,9.999952912330627441e-01,9.999958276748657227e-01,-9.999926686286926270e-01,-9.999941587448120117e-01,-9.999702572822570801e-01,-9.999858736991882324e-01,-9.999899864196777344e-01,9.999938011169433594e-01,-9.999738335609436035e-01,9.999963045120239258e-01,9.999960064888000488e-01,-9.999729394912719727e-01,-9.999945759773254395e-01,-9.999930262565612793e-01,-9.999561905860900879e-01,-9.999960064888000488e-01,9.999935030937194824e-01,9.999957084655761719e-01,-9.999586939811706543e-01,9.999848008155822754e-01,9.999698400497436523e-01,9.999936819076538086e-01,-9.999551177024841309e-01,-9.999852180480957031e-01,9.999917745590209961e-01,-9.997376799583435059e-01,-9.999960064888000488e-01,-9.999946355819702148e-01,-9.999662041664123535e-01,9.999957084655761719e-01,-9.999948143959045410e-01,9.999559521675109863e-01,-9.999252557754516602e-01,-9.999957084655761719e-01,-9.999936819076538086e-01,-9.999933838844299316e-01,9.999743700027465820e-01,-9.999941587448120117e-01,-9.999952912330627441e-01,9.999942779541015625e-01,9.999952912330627441e-01,9.999935626983642578e-01,9.999955892562866211e-01,9.999729394912719727e-01,9.999933242797851562e-01,9.999929070472717285e-01,9.999782443046569824e-01,-9.999072551727294922e-01,-9.999881982803344727e-01,-9.999937415122985840e-01,9.999940395355224609e-01,-9.999959468841552734e-01,-9.999939203262329102e-01,-9.999823570251464844e-01,9.999814629554748535e-01,9.999955892562866211e-01,9.999963045120239258e-01,9.999847412109375000e-01,9.999959468841552734e-01,-9.999945163726806641e-01,9.999952912330627441e-01,-9.999912381172180176e-01,-9.999479651451110840e-01,9.999752044677734375e-01,9.999169111251831055e-01,9.999935626983642578e-01,-9.999711513519287109e-01,-9.999951124191284180e-01,9.999793767929077148e-01,9.999848604202270508e-01,-9.999102950096130371e-01,-9.999912381172180176e-01,9.999955296516418457e-01,-9.999922513961791992e-01,9.999935030937194824e-01,9.999580383300781250e-01,-9.999262690544128418e-01,-9.999958872795104980e-01,-9.999505281448364258e-01,-9.990541338920593262e-01,9.999856352806091309e-01,-9.999938011169433594e-01,9.999355077743530273e-01,9.999910593032836914e-01,-9.999927282333374023e-01,9.999917149543762207e-01,9.999630451202392578e-01,-9.999960064888000488e-01,9.999953508377075195e-01,-9.999855160713195801e-01,9.999874830245971680e-01,-9.999954104423522949e-01,9.995977282524108887e-01,-9.993720054626464844e-01,-9.999948740005493164e-01,-9.999895095825195312e-01,9.999240040779113770e-01,9.999936819076538086e-01,9.999766945838928223e-01,-9.999943375587463379e-01,9.999942183494567871e-01,-9.999929666519165039e-01,9.999935030937194824e-01,9.998301863670349121e-01,-9.999961853027343750e-01,9.999910593032836914e-01,-9.999958872795104980e-01,9.999932050704956055e-01,9.999811053276062012e-01,9.999912381172180176e-01,9.999952316284179688e-01,-9.999864697456359863e-01,-9.999933838844299316e-01,9.999907016754150391e-01,9.999608993530273438e-01,9.999823570251464844e-01,-9.999611377716064453e-01,9.999814033508300781e-01
9.999979734420776367e-01,-9.999983310699462891e-01,-9.999921321868896484e-01,9.999974966049194336e-01,9.999987483024597168e-01,-9.999985694885253906e-01,9.999948143959045410e-01,9.999988079071044922e-01,-9.999963045120239258e-01,9.999977350234985352e-01,-9.999984502792358398e-01,-9.999987483024597168e-01,9.999976158142089844e-01,9.999981522560119629e-01,9.999905228614807129e-01,9.999954700469970703e-01,9.999967217445373535e-01,-9.999979734420776367e-01,9.999916553497314453e-01,-9.999988675117492676e-01,-9.999986886978149414e-01,9.999912977218627930e-01,9.999982118606567383e-01,9.999977350234985352e-01,9.999859929084777832e-01,9.999988079071044922e-01,-9.999979138374328613e-01,-9.999986886978149414e-01,9.999868273735046387e-01,-9.999951124191284180e-01,-9.999903440475463867e-01,-9.999980330467224121e-01,9.999856352806091309e-01,9.999952912330627441e-01,-9.999973177909851074e-01,9.999158382415771484e-01,9.999988079071044922e-01,9.999982714653015137e-01,9.999892115592956543e-01,-9.999986290931701660e-01,9.999983310699462891e-01,-9.999859333038330078e-01,9.999762177467346191e-01,9.999986290931701660e-01,9.999979734420776367e-01,9.999978542327880859e-01,-9.999917745590209961e-01,9.999981522560119629e-01,9.999985098838806152e-01,-9.999982714653015137e-01,-9.999985098838806152e-01,-9.999979138374328613e-01,-9.999986290931701660e-01,-9.999912977218627930e-01,-9.999978542327880859e-01,-9.999977350234985352e-01,-9.999930262565612793e-01,9.999703168869018555e-01,9.999961853027343750e-01,9.999979734420776367e-01,-9.999980330467224121e-01,9.999986886978149414e-01,9.999980330467224121e-01,9.999943375587463379e-01,-9.999941587448120117e-01,-9.999985694885253906e-01,-9.999988079071044922e-01,-9.999951124191284180e-01,-9.999988079071044922e-01,9.999983310699462891e-01,-9.999984502792358398e-01,9.999971985816955566e-01,9.999833703041076660e-01,-9.999921917915344238e-01,-9.999734163284301758e-01,-9.999979138374328613e-01,9.999908208847045898e-01,9.999984502792358398e-01,-9.999933838844299316e-01,-9.999951720237731934e-01,9.999712705612182617e-01,9.999971389770507812e-01,-9.999985694885253906e-01,9.999974966049194336e-01,-9.999979734420776367e-01,-9.999865889549255371e-01,9.999765157699584961e-01,9.999986886978149414e-01,9.999841451644897461e-01,9.996965527534484863e-01,-9.999954104423522949e-01,9.999979734420776367e-01,-9.999793767929077148e-01,-9.999970793724060059e-01,9.999976754188537598e-01,-9.999973773956298828e-01,-9.999881982803344727e-01,9.999988079071044922e-01,-9.999985098838806152e-01,9.999953508377075195e-01,-9.999960660934448242e-01,9.999985694885253906e-01,-9.998710155487060547e-01,9.997986555099487305e-01,9.999984502792358398e-01,9.999966025352478027e-01,-9.999757409095764160e-01,-9.999979734420776367e-01,-9.999924302101135254e-01,9.999981522560119629e-01,-9.999980926513671875e-01,9.999976158142089844e-01,-9.999979138374328613e-01,-9.999455213546752930e-01,9.999988079071044922e-01,-9.999970793724060059e-01,9.999986886978149414e-01,-9.999977946281433105e-01,-9.999939203262329102e-01,-9.999970793724060059e-01,-9.999985694885253906e-01,9.999957084655761719e-01,9.999978542327880859e-01,-9.999970197677612305e-01,-9.999876022338867188e-01,-9.999943375587463379e-01,9.999876022338867188e-01,-9.999940395355224609e-01
9.999989271163940430e-01,-9.999991655349731445e-01,-9.999958276748657227e-01,9.999987483024597168e-01,9.999994039535522461e-01,-9.999993443489074707e-01,9.999971389770507812e-01,9.999994039535522461e-01,-9.999980330467224121e-01,9.999988675117492676e-01,-9.999992251396179199e-01,-9.999994039535522461e-01,9.999987483024597168e-01,9.999990463256835938e-01,9.999949336051940918e-01,9.999976158142089844e-01,9.999983310699462891e-01,-9.999989867210388184e-01,9.999955892562866211e-01,-9.999994039535522461e-01,-9.999993443489074707e-01,9.999954104423522949e-01,9.999991059303283691e-01,9.999988675117492676e-01,9.999924898147583008e-01,9.999995231628417969e-01,-9.999989867210388184e-01,-9.999994039535522461e-01,9.999929070472717285e-01,-9.999973177909851074e-01,-9.999948740005493164e-01,-9.999989867210388184e-01,9.999924302101135254e-01,9.999974370002746582e-01,-9.999986886978149414e-01,9.999549388885498047e-01,9.999994635581970215e-01,9.999992251396179199e-01,9.999942779541015625e-01,-9.999992847442626953e-01,9.999992847442626953e-01,-9.999924302101135254e-01,9.999873042106628418e-01,9.999994039535522461e-01,9.999989867210388184e-01,9.999989271163940430e-01,-9.999956488609313965e-01,9.999990463256835938e-01,9.999992251396179199e-01,-9.999991655349731445e-01,-9.999992251396179199e-01,-9.999988675117492676e-01,-9.999992847442626953e-01,-9.999953508377075195e-01,-9.999988675117492676e-01,-9.999988675117492676e-01,-9.999962449073791504e-01,9.999842047691345215e-01,9.999979734420776367e-01,9.999989867210388184e-01,-9.999989271163940430e-01,9.999994039535522461e-01,9.999989867210388184e-01,9.999969005584716797e-01,-9.999968409538269043e-01,-9.999993443489074707e-01,-9.999994635581970215e-01,-9.999973177909851074e-01,-9.999994039535522461e-01,9.999991059303283691e-01,-9.999992251396179199e-01,9.999985098838806152e-01,9.999911189079284668e-01,-9.999958276748657227e-01,-9.999858140945434570e-01,-9.999989867210388184e-01,9.999951124191284180e-01,9.999992251396179199e-01,-9.999964833259582520e-01,-9.999973773956298828e-01,9.999845623970031738e-01,9.999984502792358398e-01,-9.999992847442626953e-01,9.999986886978149414e-01,-9.999989271163940430e-01,-9.999927878379821777e-01,9.999874234199523926e-01,9.999993443489074707e-01,9.999915957450866699e-01,9.998372197151184082e-01,-9.999975562095642090e-01,9.999989867210388184e-01,-9.999890327453613281e-01,-9.999984502792358398e-01,9.999988079071044922e-01,-9.999987483024597168e-01,-9.999936819076538086e-01,9.999994635581970215e-01,-9.999992251396179199e-01,9.999975562095642090e-01,-9.999979734420776367e-01,9.999992847442626953e-01,-9.999308586120605469e-01,9.998918771743774414e-01,9.999992847442626953e-01,9.999981522560119629e-01,-9.999870061874389648e-01,-9.999989271163940430e-01,-9.999960660934448242e-01,9.999991655349731445e-01,-9.999990463256835938e-01,9.999988675117492676e-01,-9.999989271163940430e-01,-9.999707937240600586e-01,9.999994039535522461e-01,-9.999984502792358398e-01,9.999994039535522461e-01,-9.999989271163940430e-01,-9.999967813491821289e-01,-9.999984502792358398e-01,-9.999992251396179199e-01,9.999977350234985352e-01,9.999988675117492676e-01,-9.999983906745910645e-01,-9.999932646751403809e-01,-9.999970197677612305e-01,9.999933242797851562e-01,-9.999967813491821289e-01
-9.999988675117492676e-01,9.999990463256835938e-01,9.999953508377075195e-01,-9.999985694885253906e-01,-9.999993443489074707e-01,9.999992847442626953e-01,-9.999969601631164551e-01,-9.999993443489074707e-01,9.999977946281433105e-01,-9.999987483024597168e-01,9.999992251396179199e-01,9.999993443489074707e-01,-9.999986886978149414e-01,-9.999988675117492676e-01,-9.999944567680358887e-01,-9.999973177909851074e-01,-9.999980330467224121e-01,9.999989271163940430e-01,-9.999949932098388672e-01,9.999993443489074707e-01,9.999992847442626953e-01,-9.999948740005493164e-01,-9.999989867210388184e-01,-9.999987483024597168e-01,-9.999917149543762207e-01,-9.999993443489074707e-01,9.999988079071044922e-01,9.999993443489074707e-01,-9.999921321868896484e-01,9.999971389770507812e-01,9.999942779541015625e-01,9.999988675117492676e-01,-9.999914765357971191e-01,-9.999971985816955566e-01,9.999985098838806152e-01,-9.999498128890991211e-01,-9.999994039535522461e-01,-9.999990463256835938e-01,-9.999936223030090332e-01,9.999992251396179199e-01,-9.999991655349731445e-01,9.999916553497314453e-01,-9.999858140945434570e-01,-9.999993443489074707e-01,-9.999987483024597168e-01,-9.999988079071044922e-01,9.999951720237731934e-01,-9.999989271163940430e-01,-9.999991655349731445e-01,9.999989867210388184e-01,9.999991655349731445e-01,9.999987483024597168e-01,9.999992251396179199e-01,9.999948740005493164e-01,9.999988079071044922e-01,9.999987483024597168e-01,9.999958872795104980e-01,-9.999822974205017090e-01,-9.999977350234985352e-01,-9.999988675117492676e-01,9.999989271163940430e-01,-9.999993443489074707e-01,-9.999988675117492676e-01,-9.999966025352478027e-01,9.999964833259582520e-01,9.999992847442626953e-01,9.999994039535522461e-01,9.999970197677612305e-01,9.999993443489074707e-01,-9.999989271163940430e-01,9.999992251396179199e-01,-9.999982118606567383e-01,-9.999900460243225098e-01,9.999953508377075195e-01,9.999840855598449707e-01,9.999988675117492676e-01,-9.999945759773254395e-01,-9.999991059303283691e-01,9.999960064888000488e-01,9.999971389770507812e-01,-9.999828934669494629e-01,-9.999982714653015137e-01,9.999992847442626953e-01,-9.999985098838806152e-01,9.999988079071044922e-01,9.999920129776000977e-01,-9.999859929084777832e-01,-9.999992847442626953e-01,-9.999905824661254883e-01,-9.998186826705932617e-01,9.999971985816955566e-01,-9.999988675117492676e-01,9.999877810478210449e-01,9.999983906745910645e-01,-9.999986886978149414e-01,9.999985098838806152e-01,9.999930262565612793e-01,-9.999994039535522461e-01,9.999991655349731445e-01,-9.999972581863403320e-01,9.999976158142089844e-01,-9.999991655349731445e-01,9.999229311943054199e-01,-9.998796582221984863e-01,-9.999990463256835938e-01,-9.999979734420776367e-01,9.999856352806091309e-01,9.999988079071044922e-01,9.999955296516418457e-01,-9.999989867210388184e-01,9.999989271163940430e-01,-9.999986290931701660e-01,9.999988079071044922e-01,9.999675154685974121e-01,-9.999994039535522461e-01,9.999982714653015137e-01,-9.999993443489074707e-01,9.999986886978149414e-01,9.999964237213134766e-01,9.999983906745910645e-01,9.999992251396179199e-01,-9.999974966049194336e-01,-9.999986886978149414e-01,9.999983310699462891e-01,9.999926090240478516e-01,9.999965429306030273e-01,-9.999926090240478516e-01,9.999964833259582520e-01
9.999958276748657227e-01,-9.999964833259582520e-01,-9.999837279319763184e-01,9.999948143959045410e-01,9.999971389770507812e-01,-9.999969601631164551e-01,9.999890923500061035e-01,9.999974966049194336e-01,-9.999922513961791992e-01,9.999954104423522949e-01,-9.999967813491821289e-01,-9.999971985816955566e-01,9.999950528144836426e-01,9.999959468841552734e-01,9.999800324440002441e-01,9.999904632568359375e-01,9.999931454658508301e-01,-9.999958276748657227e-01,9.999824166297912598e-01,-9.999974966049194336e-01,-9.999971985816955566e-01,9.999818205833435059e-01,9.999963045120239258e-01,9.999953508377075195e-01,9.999706745147705078e-01,9.999973177909851074e-01,-9.999955892562866211e-01,-9.999971389770507812e-01,9.999722838401794434e-01,-9.999897480010986328e-01,-9.999796748161315918e-01,-9.999957680702209473e-01,9.999698996543884277e-01,9.999901056289672852e-01,-9.999945163726806641e-01,9.998236298561096191e-01,9.999973773956298828e-01,9.999963045120239258e-01,9.999772906303405762e-01,-9.999970793724060059e-01,9.999965429306030273e-01,-9.999703168869018555e-01,9.999497532844543457e-01,9.999971389770507812e-01,9.999957680702209473e-01,9.999955296516418457e-01,-9.999827146530151367e-01,9.999960660934448242e-01,9.999968409538269043e-01,-9.999961256980895996e-01,-9.999968409538269043e-01,-9.999956488609313965e-01,-9.999969601631164551e-01,-9.999817609786987305e-01,-9.999955892562866211e-01,-9.999952912330627441e-01,-9.999853968620300293e-01,9.999375939369201660e-01,9.999921321868896484e-01,9.999958276748657227e-01,-9.999959468841552734e-01,9.999972581863403320e-01,9.999959468841552734e-01,9.999881386756896973e-01,-9.999876022338867188e-01,-9.999969601631164551e-01,-9.999974966049194336e-01,-9.999896883964538574e-01,-9.999972581863403320e-01,9.999962449073791504e-01,-9.999967813491821289e-01,9.999940991401672363e-01,9.999650716781616211e-01,-9.999833703041076660e-01,-9.999442100524902344e-01,-9.999957084655761719e-01,9.999805688858032227e-01,9.999967217445373535e-01,-9.999861121177673340e-01,-9.999898672103881836e-01,9.999396204948425293e-01,9.999940991401672363e-01,-9.999969005584716797e-01,9.999948740005493164e-01,-9.999956488609313965e-01,-9.999718070030212402e-01,9.999504685401916504e-01,9.999971985816955566e-01,9.999666810035705566e-01,9.993634223937988281e-01,-9.999903440475463867e-01,9.999958276748657227e-01,-9.999566674232482910e-01,-9.999939799308776855e-01,9.999951720237731934e-01,-9.999945163726806641e-01,-9.999752640724182129e-01,9.999973773956298828e-01,-9.999969005584716797e-01,9.999903440475463867e-01,-9.999915957450866699e-01,9.999969005584716797e-01,-9.997293353080749512e-01,9.995774626731872559e-01,9.999966025352478027e-01,9.999929666519165039e-01,-9.999489188194274902e-01,-9.999957680702209473e-01,-9.999843239784240723e-01,9.999962449073791504e-01,-9.999960660934448242e-01,9.999952316284179688e-01,-9.999957084655761719e-01,-9.998856782913208008e-01,9.999974370002746582e-01,-9.999939799308776855e-01,9.999971985816955566e-01,-9.999955296516418457e-01,-9.999873638153076172e-01,-9.999940395355224609e-01,-9.999968409538269043e-01,9.999909400939941406e-01,9.999955296516418457e-01,-9.999938011169433594e-01,-9.999738335609436035e-01,-9.999881386756896973e-01,9.999738931655883789e-01,-9.999875426292419434e-01
9.999991059303283691e-01,-9.999991655349731445e-01,-9.999962449073791504e-01,9.999988079071044922e-01,9.999994039535522461e-01,-9.999993443489074707e-01,9.999974966049194336e-01,9.999994635581970215e-01,-9.999982118606567383e-01,9.999989271163940430e-01,-9.999992847442626953e-01,-9.999994039535522461e-01,9.999988675117492676e-01,9.999991655349731445e-01,9.999954104423522949e-01,9.999977946281433105e-01,9.999984502792358398e-01,-9.999991059303283691e-01,9.999959468841552734e-01,-9.999994039535522461e-01,-9.999993443489074707e-01,9.999957680702209473e-01,9.999992251396179199e-01,9.999989271163940430e-01,9.999933242797851562e-01,9.999995231628417969e-01,-9.999989867210388184e-01,-9.999994039535522461e-01,9.999935626983642578e-01,-9.999976158142089844e-01,-9.999953508377075195e-01,-9.999990463256835938e-01,9.999931454658508301e-01,9.999976158142089844e-01,-9.999987483024597168e-01,9.999597668647766113e-01,9.999994635581970215e-01,9.999992251396179199e-01,9.999948143959045410e-01,-9.999993443489074707e-01,9.999993443489074707e-01,-9.999931454658508301e-01,9.999885559082031250e-01,9.999994039535522461e-01,9.999991059303283691e-01,9.999989867210388184e-01,-9.999960064888000488e-01,9.999991655349731445e-01,9.999992251396179199e-01,-9.999991655349731445e-01,-9.999993443489074707e-01,-9.999990463256835938e-01,-9.999992847442626953e-01,-9.999957680702209473e-01,-9.999989271163940430e-01,-9.999989271163940430e-01,-9.999965429306030273e-01,9.999856948852539062e-01,9.999980926513671875e-01,9.999991059303283691e-01,-9.999991059303283691e-01,9.999994039535522461e-01,9.999991059303283691e-01,9.999971985816955566e-01,-9.999971985816955566e-01,-9.999993443489074707e-01,-9.999994635581970215e-01,-9.999975562095642090e-01,-9.999994039535522461e-01,9.999991059303283691e-01,-9.999992847442626953e-01,9.999985694885253906e-01,9.999920129776000977e-01,-9.999961256980895996e-01,-9.999872446060180664e-01,-9.999990463256835938e-01,9.999955892562866211e-01,9.999992847442626953e-01,-9.999967813491821289e-01,-9.999976754188537598e-01,9.999861121177673340e-01,9.999986290931701660e-01,-9.999993443489074707e-01,9.999987483024597168e-01,-9.999990463256835938e-01,-9.999935626983642578e-01,9.999886751174926758e-01,9.999993443489074707e-01,9.999924302101135254e-01,9.998545646667480469e-01,-9.999977946281433105e-01,9.999991059303283691e-01,-9.999901056289672852e-01,-9.999986290931701660e-01,9.999988079071044922e-01,-9.999986886978149414e-01,-9.999943375587463379e-01,9.999994635581970215e-01,-9.999992251396179199e-01,9.999977350234985352e-01,-9.999980330467224121e-01,9.999992847442626953e-01,-9.999381899833679199e-01,9.999034404754638672e-01,9.999992251396179199e-01,9.999983906745910645e-01,-9.999884366989135742e-01,-9.999991059303283691e-01,-9.999963641166687012e-01,9.999991655349731445e-01,-9.999991655349731445e-01,9.999988079071044922e-01,-9.999990463256835938e-01,-9.999739527702331543e-01,9.999994635581970215e-01,-9.999985694885253906e-01,9.999993443489074707e-01,-9.999989271163940430e-01,-9.999970793724060059e-01,-9.999985694885253906e-01,-9.999994039535522461e-01,9.999979734420776367e-01,9.999989271163940430e-01,-9.999985694885253906e-01,-9.999939799308776855e-01,-9.999972581863403320e-01,9.999939799308776855e-01,-9.999971985816955566e-01
-9.999969601631164551e-01,9.999974966049194336e-01,9.999883770942687988e-01,-9.999963045120239258e-01,-9.999980330467224121e-01,9.999977946281433105e-01,-9.999922513961791992e-01,-9.999982118606567383e-01,9.999944567680358887e-01,-9.999966025352478027e-01,9.999976754188537598e-01,9.999980330467224121e-01,-9.999964237213134766e-01,-9.999971985816955566e-01,-9.999857544898986816e-01,-9.999931454658508301e-01,-9.999951720237731934e-01,9.999970793724060059e-01,-9.999874234199523926e-01,9.999982714653015137e-01,9.999980926513671875e-01,-9.999870061874389648e-01,-9.999973177909851074e-01,-9.999966025352478027e-01,-9.999789595603942871e-01,-9.999982118606567383e-01,9.999967813491821289e-01,9.999979138374328613e-01,-9.999801516532897949e-01,9.999927878379821777e-01,9.999855160713195801e-01,9.999969005584716797e-01,-9.999784231185913086e-01,-9.999929070472717285e-01,9.999961256980895996e-01,-9.998733997344970703e-01,-9.999982118606567383e-01,-9.999973773956298828e-01,-9.999837875366210938e-01,9.999979734420776367e-01,-9.999974966049194336e-01,9.999787807464599609e-01,-9.999639391899108887e-01,-9.999979138374328613e-01,-9.999969005584716797e-01,-9.999968409538269043e-01,9.999877214431762695e-01,-9.999971985816955566e-01,-9.999977350234985352e-01,9.999973177909851074e-01,9.999977350234985352e-01,9.999969005584716797e-01,9.999978542327880859e-01,9.999870061874389648e-01,9.999967813491821289e-01,9.999966621398925781e-01,9.999896287918090820e-01,-9.999551773071289062e-01,-9.999943375587463379e-01,-9.999969601631164551e-01,9.999971389770507812e-01,-9.999980330467224121e-01,-9.999971389770507812e-01,-9.999914765357971191e-01,9.999911785125732422e-01,9.999979138374328613e-01,9.999982118606567383e-01,9.999926686286926270e-01,9.999981522560119629e-01,-9.999973177909851074e-01,9.999977946281433105e-01,-9.999958276748657227e-01,-9.999749660491943359e-01,9.999880790710449219e-01,9.999599456787109375e-01,9.999969005584716797e-01,-9.999860525131225586e-01,-9.999977350234985352e-01,9.999901056289672852e-01,9.999927282333374023e-01,-9.999566674232482910e-01,-9.999957680702209473e-01,9.999978542327880859e-01,-9.999962449073791504e-01,9.999969005584716797e-01,9.999797344207763672e-01,-9.999644756317138672e-01,-9.999980330467224121e-01,-9.999762177467346191e-01,-9.995430111885070801e-01,9.999930858612060547e-01,-9.999969601631164551e-01,9.999690055847167969e-01,9.999957084655761719e-01,-9.999964833259582520e-01,9.999960660934448242e-01,9.999822378158569336e-01,-9.999981522560119629e-01,9.999977350234985352e-01,-9.999930858612060547e-01,9.999939799308776855e-01,-9.999978542327880859e-01,9.998057484626770020e-01,-9.996966719627380371e-01,-9.999974966049194336e-01,-9.999949336051940918e-01,9.999633431434631348e-01,9.999969601631164551e-01,9.999887347221374512e-01,-9.999971985816955566e-01,9.999972581863403320e-01,-9.999965429306030273e-01,9.999969601631164551e-01,9.999179244041442871e-01,-9.999982714653015137e-01,9.999957680702209473e-01,-9.999980330467224121e-01,9.999967217445373535e-01,9.999909400939941406e-01,9.999957084655761719e-01,9.999977350234985352e-01,-9.999934434890747070e-01,-9.999967217445373535e-01,9.999955892562866211e-01,9.999812245368957520e-01,9.999914765357971191e-01,-9.999813437461853027e-01,9.999911189079284668e-01
9.999982118606567383e-01,-9.999985098838806152e-01,-9.999929666519165039e-01,9.999977350234985352e-01,9.999988675117492676e-01,-9.999987483024597168e-01,9.999954104423522949e-01,9.999989271163940430e-01,-9.999966025352478027e-01,9.999980926513671875e-01,-9.999986290931701660e-01,-9.999988675117492676e-01,9.999977946281433105e-01,9.999982118606567383e-01,9.999915361404418945e-01,9.999959468841552734e-01,9.999970793724060059e-01,-9.999982118606567383e-01,9.999926090240478516e-01,-9.999989867210388184e-01,-9.999988079071044922e-01,9.999922513961791992e-01,9.999984502792358398e-01,9.999979734420776367e-01,9.999874830245971680e-01,9.999989271163940430e-01,-9.999982118606567383e-01,-9.999987483024597168e-01,9.999881982803344727e-01,-9.999956488609313965e-01,-9.999914169311523438e-01,-9.999982714653015137e-01,9.999871850013732910e-01,9.999957680702209473e-01,-9.999976754188537598e-01,9.999248385429382324e-01,9.999989271163940430e-01,9.999985098838806152e-01,9.999903440475463867e-01,-9.999988079071044922e-01,9.999985098838806152e-01,-9.999874234199523926e-01,9.999787211418151855e-01,9.999987483024597168e-01,9.999981522560119629e-01,9.999980926513671875e-01,-9.999927282333374023e-01,9.999983310699462891e-01,9.999985694885253906e-01,-9.999983310699462891e-01,-9.999986290931701660e-01,-9.999981522560119629e-01,-9.999986886978149414e-01,-9.999922513961791992e-01,-9.999980926513671875e-01,-9.999979734420776367e-01,-9.999938011169433594e-01,9.999734759330749512e-01,9.999964833259582520e-01,9.999982118606567383e-01,-9.999982714653015137e-01,9.999988675117492676e-01,9.999983310699462891e-01,9.999948740005493164e-01,-9.999947547912597656e-01,-9.999988079071044922e-01,-9.999989271163940430e-01,-9.999956488609313965e-01,-9.999989271163940430e-01,9.999985098838806152e-01,-9.999986886978149414e-01,9.999974370002746582e-01,9.999851584434509277e-01,-9.999929070472717285e-01,-9.999763369560241699e-01,-9.999981522560119629e-01,9.999917149543762207e-01,9.999986290931701660e-01,-9.999941587448120117e-01,-9.999957084655761719e-01,9.999743103981018066e-01,9.999974966049194336e-01,-9.999986886978149414e-01,9.999977350234985352e-01,-9.999980926513671875e-01,-9.999879598617553711e-01,9.999788999557495117e-01,9.999988079071044922e-01,9.999858736991882324e-01,9.997287392616271973e-01,-9.999958872795104980e-01,9.999982118606567383e-01,-9.999815821647644043e-01,-9.999973773956298828e-01,9.999979734420776367e-01,-9.999976754188537598e-01,-9.999894499778747559e-01,9.999989271163940430e-01,-9.999986290931701660e-01,9.999958872795104980e-01,-9.999964833259582520e-01,9.999986886978149414e-01,-9.998846650123596191e-01,9.998200535774230957e-01,9.999985098838806152e-01,9.999969601631164551e-01,-9.999783039093017578e-01,-9.999980926513671875e-01,-9.999933242797851562e-01,9.999983310699462891e-01,-9.999983310699462891e-01,9.999979734420776367e-01,-9.999982714653015137e-01,-9.999513030052185059e-01,9.999989867210388184e-01,-9.999974370002746582e-01,9.999988675117492676e-01,-9.999980330467224121e-01,-9.999946355819702148e-01,-9.999973773956298828e-01,-9.999986290931701660e-01,9.999961853027343750e-01,9.999980926513671875e-01,-9.999973773956298828e-01,-9.999889135360717773e-01,-9.999949932098388672e-01,9.999888539314270020e-01,-9.999947547912597656e-01
-9.999987483024597168e-01,9.999989867210388184e-01,9.999952912330627441e-01,-9.999984502792358398e-01,-9.999992251396179199e-01,9.999992251396179199e-01,-9.999967813491821289e-01,-9.999992847442626953e-01,9.999976754188537598e-01,-9.999986290931701660e-01,9.999991059303283691e-01,9.999992847442626953e-01,-9.999985694885253906e-01,-9.999988675117492676e-01,-9.999941587448120117e-01,-9.999971985816955566e-01,-9.999980330467224121e-01,9.999987483024597168e-01,-9.999948740005493164e-01,9.999992847442626953e-01,9.999991655349731445e-01,-9.999946951866149902e-01,-9.999989271163940430e-01,-9.999985694885253906e-01,-9.999914169311523438e-01,-9.999993443489074707e-01,9.999988079071044922e-01,9.999992251396179199e-01,-9.999918937683105469e-01,9.999969601631164551e-01,9.999940991401672363e-01,9.999987483024597168e-01,-9.999912381172180176e-01,-9.999969601631164551e-01,9.999983906745910645e-01,-9.999485015869140625e-01,-9.999992847442626953e-01,-9.999989867210388184e-01,-9.999933838844299316e-01,9.999991655349731445e-01,-9.999989867210388184e-01,9.999912977218627930e-01,-9.999853968620300293e-01,-9.999992251396179199e-01,-9.999987483024597168e-01,-9.999986886978149414e-01,9.999949932098388672e-01,-9.999988675117492676e-01,-9.999991059303283691e-01,9.999988675117492676e-01,9.999991059303283691e-01,9.999986886978149414e-01,9.999991059303283691e-01,9.999946951866149902e-01,9.999986290931701660e-01,9.999986290931701660e-01,9.999957680702209473e-01,-9.999818205833435059e-01,-9.999976754188537598e-01,-9.999987483024597168e-01,9.999988079071044922e-01,-9.999992251396179199e-01,-9.999988675117492676e-01,-9.999963641166687012e-01,9.999963045120239258e-01,9.999991655349731445e-01,9.999993443489074707e-01,9.999969601631164551e-01,9.999992251396179199e-01,-9.999988675117492676e-01,9.999991059303283691e-01,-9.999982714653015137e-01,-9.999897480010986328e-01,9.999951720237731934e-01,9.999837875366210938e-01,9.999987483024597168e-01,-9.999943375587463379e-01,-9.999991059303283691e-01,9.999959468841552734e-01,9.999970197677612305e-01,-9.999824166297912598e-01,-9.999982714653015137e-01,9.999991655349731445e-01,-9.999983906745910645e-01,9.999986886978149414e-01,9.999917745590209961e-01,-9.999855756759643555e-01,-9.999992251396179199e-01,-9.999902844429016113e-01,-9.998143911361694336e-01,9.999970793724060059e-01,-9.999987483024597168e-01,9.999874830245971680e-01,9.999982118606567383e-01,-9.999985694885253906e-01,9.999984502792358398e-01,9.999927878379821777e-01,-9.999992847442626953e-01,9.999990463256835938e-01,-9.999971389770507812e-01,9.999974966049194336e-01,-9.999990463256835938e-01,9.999210238456726074e-01,-9.998767375946044922e-01,-9.999989867210388184e-01,-9.999979138374328613e-01,9.999852180480957031e-01,9.999987483024597168e-01,9.999954104423522949e-01,-9.999988675117492676e-01,9.999988675117492676e-01,-9.999985694885253906e-01,9.999987483024597168e-01,9.999666810035705566e-01,-9.999992847442626953e-01,9.999982714653015137e-01,-9.999991655349731445e-01,9.999986886978149414e-01,9.999963641166687012e-01,9.999981522560119629e-01,9.999991059303283691e-01,-9.999973773956298828e-01,-9.999986290931701660e-01,9.999981522560119629e-01,9.999923706054687500e-01,9.999964833259582520e-01,-9.999923110008239746e-01,9.999963045120239258e-01
-9.999989867210388184e-01,9.999991655349731445e-01,9.999958276748657227e-01,-9.999987483024597168e-01,-9.999994039535522461e-01,9.999993443489074707e-01,-9.999971985816955566e-01,-9.999994039535522461e-01,9.999980330467224121e-01,-9.999988675117492676e-01,9.999992847442626953e-01,9.999994039535522461e-01,-9.999988079071044922e-01,-9.999990463256835938e-01,-9.999949932098388672e-01,-9.999975562095642090e-01,-9.999982118606567383e-01,9.999989867210388184e-01,-9.999955296516418457e-01,9.999994039535522461e-01,9.999993443489074707e-01,-9.999953508377075195e-01,-9.999992251396179199e-01,-9.999988675117492676e-01,-9.999925494194030762e-01,-9.999994039535522461e-01,9.999989271163940430e-01,9.999994039535522461e-01,-9.999928474426269531e-01,9.999973773956298828e-01,9.999948740005493164e-01,9.999990463256835938e-01,-9.999923706054687500e-01,-9.999974966049194336e-01,9.999986290931701660e-01,-9.999545812606811523e-01,-9.999994635581970215e-01,-9.999992251396179199e-01,-9.999942183494567871e-01,9.999994039535522461e-01,-9.999992847442626953e-01,9.999923706054687500e-01,-9.999871850013732910e-01,-9.999994039535522461e-01,-9.999989867210388184e-01,-9.999989271163940430e-01,9.999955892562866211e-01,-9.999991655349731445e-01,-9.999992251396179199e-01,9.999991655349731445e-01,9.999992251396179199e-01,9.999988675117492676e-01,9.999994039535522461e-01,9.999953508377075195e-01,9.999989271163940430e-01,9.999987483024597168e-01,9.999963045120239258e-01,-9.999840259552001953e-01,-9.999979734420776367e-01,-9.999989867210388184e-01,9.999989867210388184e-01,-9.999994039535522461e-01,-9.999989867210388184e-01,-9.999969005584716797e-01,9.999969601631164551e-01,9.999994635581970215e-01,9.999994635581970215e-01,9.999973773956298828e-01,9.999994039535522461e-01,-9.999992251396179199e-01,9.999993443489074707e-01,-9.999985098838806152e-01,-9.999909996986389160e-01,9.999957680702209473e-01,9.999856948852539062e-01,9.999989271163940430e-01,-9.999950528144836426e-01,-9.999992847442626953e-01,9.999964833259582520e-01,9.999973773956298828e-01,-9.999845623970031738e-01,-9.999985694885253906e-01,9.999993443489074707e-01,-9.999986290931701660e-01,9.999989867210388184e-01,9.999927282333374023e-01,-9.999873638153076172e-01,-9.999993443489074707e-01,-9.999914765357971191e-01,-9.998359084129333496e-01,9.999974966049194336e-01,-9.999989867210388184e-01,9.999889135360717773e-01,9.999984502792358398e-01,-9.999988079071044922e-01,9.999986886978149414e-01,9.999937415122985840e-01,-9.999994635581970215e-01,9.999992251396179199e-01,-9.999974966049194336e-01,9.999979138374328613e-01,-9.999992847442626953e-01,9.999302625656127930e-01,-9.998911023139953613e-01,-9.999991655349731445e-01,-9.999982714653015137e-01,9.999869465827941895e-01,9.999989867210388184e-01,9.999959468841552734e-01,-9.999991655349731445e-01,9.999990463256835938e-01,-9.999987483024597168e-01,9.999989271163940430e-01,9.999706745147705078e-01,-9.999994635581970215e-01,9.999984502792358398e-01,-9.999993443489074707e-01,9.999988079071044922e-01,9.999967813491821289e-01,9.999984502792358398e-01,9.999992847442626953e-01,-9.999976754188537598e-01,-9.999988079071044922e-01,9.999984502792358398e-01,9.999932646751403809e-01,9.999969601631164551e-01,-9.999933242797851562e-01,9.999968409538269043e-01
