9.999984502792358398e-01,-9.999986290931701660e-01,-9.999942183494567871e-01,9.999977946281433105e-01,9.999988675117492676e-01,-9.999988079071044922e-01,9.999955296516418457e-01,9.999991059303283691e-01,-9.999965429306030273e-01,9.999983310699462891e-01,-9.999988675117492676e-01,-9.999989867210388184e-01,9.999980330467224121e-01,9.999985694885253906e-01,9.999937415122985840e-01,9.999956488609313965e-01,9.999974370002746582e-01,-9.999981522560119629e-01,9.999929070472717285e-01,-9.999992251396179199e-01,-9.999989867210388184e-01,9.999936223030090332e-01,9.999986886978149414e-01,9.999980330467224121e-01,9.999885559082031250e-01,9.999989867210388184e-01,-9.999983310699462891e-01,-9.999989867210388184e-01,9.999902248382568359e-01,-9.999962449073791504e-01,-9.999918937683105469e-01,-9.999982714653015137e-01,9.999868273735046387e-01,9.999957084655761719e-01,-9.999980330467224121e-01,9.999650716781616211e-01,9.999990463256835938e-01,9.999986290931701660e-01,9.999896883964538574e-01,-9.999989867210388184e-01,9.999986290931701660e-01,-9.999389648437500000e-01,9.999828338623046875e-01,9.999989867210388184e-01,9.999983906745910645e-01,9.999982118606567383e-01,-9.999933838844299316e-01,9.999986290931701660e-01,9.999987483024597168e-01,-9.999985694885253906e-01,-9.999988079071044922e-01,-9.999985098838806152e-01,-9.999988675117492676e-01,-9.999932646751403809e-01,-9.999985098838806152e-01,-9.999981522560119629e-01,-9.999921321868896484e-01,9.999858140945434570e-01,9.999961853027343750e-01,9.999983310699462891e-01,-9.999984502792358398e-01,9.999989867210388184e-01,9.999985098838806152e-01,9.999954700469970703e-01,-9.999946951866149902e-01,-9.999988079071044922e-01,-9.999991059303283691e-01,-9.999960064888000488e-01,-9.999990463256835938e-01,9.999985098838806152e-01,-9.999987483024597168e-01,9.999974966049194336e-01,9.999125003814697266e-01,-9.999937415122985840e-01,-9.999817609786987305e-01,-9.999983310699462891e-01,9.999919533729553223e-01,9.999987483024597168e-01,-9.999948143959045410e-01,-9.999958872795104980e-01,9.999853968620300293e-01,9.999977350234985352e-01,-9.999988079071044922e-01,9.999980926513671875e-01,-9.999983906745910645e-01,-9.999883174896240234e-01,9.999713897705078125e-01,9.999988675117492676e-01,9.999899268150329590e-01,8.320751190185546875e-01,-9.999955892562866211e-01,9.999983310699462891e-01,-9.999848008155822754e-01,-9.999975562095642090e-01,9.999979734420776367e-01,-9.999977946281433105e-01,-9.999891519546508789e-01,9.999990463256835938e-01,-9.999988079071044922e-01,9.999968409538269043e-01,-9.999966621398925781e-01,9.999989271163940430e-01,7.228646278381347656e-01,9.999352693557739258e-01,9.999986290931701660e-01,9.999969601631164551e-01,-9.999819993972778320e-01,-9.999983906745910645e-01,-9.999937415122985840e-01,9.999985098838806152e-01,-9.999985098838806152e-01,9.999980330467224121e-01,-9.999983310699462891e-01,-9.999417066574096680e-01,9.999990463256835938e-01,-9.999974370002746582e-01,9.999990463256835938e-01,-9.999980926513671875e-01,-9.999952316284179688e-01,-9.999974966049194336e-01,-9.999987483024597168e-01,9.999966025352478027e-01,9.999980926513671875e-01,-9.999974370002746582e-01,-9.999905228614807129e-01,-9.999952912330627441e-01,9.999884366989135742e-01,-9.999942183494567871e-01
-9.999986290931701660e-01,9.999989271163940430e-01,9.999951124191284180e-01,-9.999982714653015137e-01,-9.999991059303283691e-01,9.999990463256835938e-01,-9.999962449073791504e-01,-9.999993443489074707e-01,9.999970197677612305e-01,-9.999985694885253906e-01,9.999990463256835938e-01,9.999992251396179199e-01,-9.999983310699462891e-01,-9.999988079071044922e-01,-9.999948143959045410e-01,-9.999963641166687012e-01,-9.999979138374328613e-01,9.999984502792358398e-01,-9.999940395355224609e-01,9.999992847442626953e-01,9.999992847442626953e-01,-9.999947547912597656e-01,-9.999988079071044922e-01,-9.999983310699462891e-01,-9.999905228614807129e-01,-9.999991655349731445e-01,9.999985694885253906e-01,9.999991059303283691e-01,-9.999918341636657715e-01,9.999969005584716797e-01,9.999932050704956055e-01,9.999985694885253906e-01,-9.999891519546508789e-01,-9.999963045120239258e-01,9.999983310699462891e-01,-9.999710321426391602e-01,-9.999992847442626953e-01,-9.999988675117492676e-01,-9.999914169311523438e-01,9.999991059303283691e-01,-9.999988675117492676e-01,9.999493956565856934e-01,-9.999856948852539062e-01,-9.999991655349731445e-01,-9.999985694885253906e-01,-9.999985098838806152e-01,9.999944567680358887e-01,-9.999988079071044922e-01,-9.999989867210388184e-01,9.999988079071044922e-01,9.999990463256835938e-01,9.999986886978149414e-01,9.999991059303283691e-01,9.999943971633911133e-01,9.999986886978149414e-01,9.999984502792358398e-01,9.999935030937194824e-01,-9.999882578849792480e-01,-9.999968409538269043e-01,-9.999985694885253906e-01,9.999986886978149414e-01,-9.999991655349731445e-01,-9.999987483024597168e-01,-9.999962449073791504e-01,9.999957084655761719e-01,9.999991059303283691e-01,9.999993443489074707e-01,9.999966621398925781e-01,9.999992847442626953e-01,-9.999986886978149414e-01,9.999989867210388184e-01,-9.999980330467224121e-01,-9.999273419380187988e-01,9.999948143959045410e-01,9.999848604202270508e-01,9.999986290931701660e-01,-9.999933242797851562e-01,-9.999989867210388184e-01,9.999957084655761719e-01,9.999964833259582520e-01,-9.999879002571105957e-01,-9.999980330467224121e-01,9.999991059303283691e-01,-9.999984502792358398e-01,9.999987483024597168e-01,9.999902844429016113e-01,-9.999761581420898438e-01,-9.999991655349731445e-01,-9.999917149543762207e-01,-8.322560191154479980e-01,9.999961853027343750e-01,-9.999986290931701660e-01,9.999873638153076172e-01,9.999979734420776367e-01,-9.999982714653015137e-01,9.999981522560119629e-01,9.999909996986389160e-01,-9.999992251396179199e-01,9.999991655349731445e-01,-9.999973773956298828e-01,9.999972581863403320e-01,-9.999992251396179199e-01,-7.230218052864074707e-01,-9.999462366104125977e-01,-9.999988675117492676e-01,-9.999975562095642090e-01,9.999850988388061523e-01,9.999986886978149414e-01,9.999948143959045410e-01,-9.999987483024597168e-01,9.999988675117492676e-01,-9.999982714653015137e-01,9.999985694885253906e-01,9.999516606330871582e-01,-9.999993443489074707e-01,9.999978542327880859e-01,-9.999992847442626953e-01,9.999983906745910645e-01,9.999958872795104980e-01,9.999979138374328613e-01,9.999989271163940430e-01,-9.999972581863403320e-01,-9.999983906745910645e-01,9.999977946281433105e-01,9.999920725822448730e-01,9.999959468841552734e-01,-9.999903440475463867e-01,9.999951124191284180e-01
-9.999942183494567871e-01,9.999951124191284180e-01,9.999787807464599609e-01,-9.999920129776000977e-01,-9.999960064888000488e-01,9.999955892562866211e-01,-9.999839067459106445e-01,-9.999964833259582520e-01,9.999871850013732910e-01,-9.999939799308776855e-01,9.999957084655761719e-01,9.999960064888000488e-01,-9.999930262565612793e-01,-9.999945163726806641e-01,-9.999771118164062500e-01,-9.999842643737792969e-01,-9.999905228614807129e-01,9.999933242797851562e-01,-9.999739527702331543e-01,9.999967217445373535e-01,9.999961853027343750e-01,-9.999766945838928223e-01,-9.999949932098388672e-01,-9.999927878379821777e-01,-9.999587535858154297e-01,-9.999960660934448242e-01,9.999936223030090332e-01,9.999960064888000488e-01,-9.999644160270690918e-01,9.999867081642150879e-01,9.999704957008361816e-01,9.999936819076538086e-01,-9.999524354934692383e-01,-9.999843835830688477e-01,9.999927282333374023e-01,-9.998738169670104980e-01,-9.999963045120239258e-01,-9.999948740005493164e-01,-9.999625086784362793e-01,9.999960660934448242e-01,-9.999951720237731934e-01,9.997798204421997070e-01,-9.999375939369201660e-01,-9.999960064888000488e-01,-9.999939203262329102e-01,-9.999935626983642578e-01,9.999756813049316406e-01,-9.999948143959045410e-01,-9.999954700469970703e-01,9.999945759773254395e-01,9.999955892562866211e-01,9.999945163726806641e-01,9.999959468841552734e-01,9.999753236770629883e-01,9.999943971633911133e-01,9.999933838844299316e-01,9.999717473983764648e-01,-9.999485015869140625e-01,-9.999863505363464355e-01,-9.999938011169433594e-01,9.999944567680358887e-01,-9.999960064888000488e-01,-9.999943375587463379e-01,-9.999834299087524414e-01,9.999809265136718750e-01,9.999958276748657227e-01,9.999966621398925781e-01,9.999856948852539062e-01,9.999962449073791504e-01,-9.999944567680358887e-01,9.999956488609313965e-01,-9.999909996986389160e-01,-9.996839165687561035e-01,9.999771118164062500e-01,9.999340772628784180e-01,9.999941587448120117e-01,-9.999710321426391602e-01,-9.999954700469970703e-01,9.999809861183166504e-01,9.999848604202270508e-01,-9.999471902847290039e-01,-9.999917149543762207e-01,9.999957680702209473e-01,-9.999933242797851562e-01,9.999939799308776855e-01,9.999577403068542480e-01,-9.998961687088012695e-01,-9.999960064888000488e-01,-9.999633431434631348e-01,-8.293136954307556152e-01,9.999837279319763184e-01,-9.999941587448120117e-01,9.999450445175170898e-01,9.999911785125732422e-01,-9.999926090240478516e-01,9.999920725822448730e-01,9.999604821205139160e-01,-9.999963641166687012e-01,9.999957084655761719e-01,-9.999884963035583496e-01,9.999881386756896973e-01,-9.999959468841552734e-01,-7.204657196998596191e-01,-9.997662901878356934e-01,-9.999952316284179688e-01,-9.999893307685852051e-01,9.999345541000366211e-01,9.999943375587463379e-01,9.999774694442749023e-01,-9.999946951866149902e-01,9.999947547912597656e-01,-9.999927282333374023e-01,9.999939799308776855e-01,9.997892975807189941e-01,-9.999964237213134766e-01,9.999907016754150391e-01,-9.999962449073791504e-01,9.999932050704956055e-01,9.999827742576599121e-01,9.999907016754150391e-01,9.999952316284179688e-01,-9.999879002571105957e-01,-9.999931454658508301e-01,9.999907016754150391e-01,9.999659657478332520e-01,9.999827146530151367e-01,-9.999579787254333496e-01,9.999788403511047363e-01
9.999977946281433105e-01,-9.999982714653015137e-01,-9.999920129776000977e-01,9.999969601631164551e-01,9.999985098838806152e-01,-9.999983310699462891e-01,9.999939799308776855e-01,9.999987483024597168e-01,-9.999952316284179688e-01,9.999976754188537598e-01,-9.999983310699462891e-01,-9.999985694885253906e-01,9.999973177909851074e-01,9.999979138374328613e-01,9.999914169311523438e-01,9.999940991401672363e-01,9.999963641166687012e-01,-9.999974966049194336e-01,9.999902844429016113e-01,-9.999988079071044922e-01,-9.999986290931701660e-01,9.999912977218627930e-01,9.999980926513671875e-01,9.999973177909851074e-01,9.999845623970031738e-01,9.999985694885253906e-01,-9.999976158142089844e-01,-9.999985694885253906e-01,9.999866485595703125e-01,-9.999950528144836426e-01,-9.999889731407165527e-01,-9.999976158142089844e-01,9.999821186065673828e-01,9.999941587448120117e-01,-9.999972581863403320e-01,9.999524354934692383e-01,9.999986886978149414e-01,9.999980330467224121e-01,9.999859333038330078e-01,-9.999985098838806152e-01,9.999981522560119629e-01,-9.999170899391174316e-01,9.999766349792480469e-01,9.999985098838806152e-01,9.999976754188537598e-01,9.999975562095642090e-01,-9.999908804893493652e-01,9.999980330467224121e-01,9.999983310699462891e-01,-9.999979734420776367e-01,-9.999982714653015137e-01,-9.999978542327880859e-01,-9.999984502792358398e-01,-9.999907612800598145e-01,-9.999979138374328613e-01,-9.999974370002746582e-01,-9.999893307685852051e-01,9.999807476997375488e-01,9.999948740005493164e-01,9.999976158142089844e-01,-9.999978542327880859e-01,9.999985694885253906e-01,9.999978542327880859e-01,9.999937415122985840e-01,-9.999928474426269531e-01,-9.999983906745910645e-01,-9.999987483024597168e-01,-9.999946355819702148e-01,-9.999986886978149414e-01,9.999979138374328613e-01,-9.999983310699462891e-01,9.999966621398925781e-01,9.998809695243835449e-01,-9.999914765357971191e-01,-9.999752640724182129e-01,-9.999977350234985352e-01,9.999892115592956543e-01,9.999983906745910645e-01,-9.999928474426269531e-01,-9.999942779541015625e-01,9.999801516532897949e-01,9.999968409538269043e-01,-9.999983906745910645e-01,9.999974370002746582e-01,-9.999977350234985352e-01,-9.999841451644897461e-01,9.999608993530273438e-01,9.999984502792358398e-01,9.999862909317016602e-01,8.316943645477294922e-01,-9.999938607215881348e-01,9.999977350234985352e-01,-9.999793767929077148e-01,-9.999966025352478027e-01,9.999972581863403320e-01,-9.999969601631164551e-01,-9.999852776527404785e-01,9.999986290931701660e-01,-9.999984502792358398e-01,9.999957084655761719e-01,-9.999955296516418457e-01,9.999984502792358398e-01,7.225338220596313477e-01,9.999119639396667480e-01,9.999981522560119629e-01,9.999960064888000488e-01,-9.999755024909973145e-01,-9.999978542327880859e-01,-9.999915361404418945e-01,9.999979138374328613e-01,-9.999980926513671875e-01,9.999971985816955566e-01,-9.999976754188537598e-01,-9.999207258224487305e-01,9.999987483024597168e-01,-9.999964833259582520e-01,9.999986886978149414e-01,-9.999974370002746582e-01,-9.999934434890747070e-01,-9.999964833259582520e-01,-9.999982714653015137e-01,9.999955296516418457e-01,9.999973773956298828e-01,-9.999964833259582520e-01,-9.999871253967285156e-01,-9.999935626983642578e-01,9.999842047691345215e-01,-9.999920725822448730e-01
9.999988675117492676e-01,-9.999991059303283691e-01,-9.999960064888000488e-01,9.999985098838806152e-01,9.999992251396179199e-01,-9.999991059303283691e-01,9.999969601631164551e-01,9.999994039535522461e-01,-9.999975562095642090e-01,9.999988079071044922e-01,-9.999992251396179199e-01,-9.999992847442626953e-01,9.999985694885253906e-01,9.999989271163940430e-01,9.999957680702209473e-01,9.999969601631164551e-01,9.999982118606567383e-01,-9.999986886978149414e-01,9.999951720237731934e-01,-9.999994039535522461e-01,-9.999993443489074707e-01,9.999956488609313965e-01,9.999991059303283691e-01,9.999986290931701660e-01,9.999921917915344238e-01,9.999992251396179199e-01,-9.999987483024597168e-01,-9.999992847442626953e-01,9.999933242797851562e-01,-9.999974370002746582e-01,-9.999945163726806641e-01,-9.999987483024597168e-01,9.999911189079284668e-01,9.999969005584716797e-01,-9.999985694885253906e-01,9.999765157699584961e-01,9.999993443489074707e-01,9.999991059303283691e-01,9.999929070472717285e-01,-9.999992847442626953e-01,9.999990463256835938e-01,-9.999590516090393066e-01,9.999883174896240234e-01,9.999992847442626953e-01,9.999988079071044922e-01,9.999986886978149414e-01,-9.999954700469970703e-01,9.999989867210388184e-01,9.999992251396179199e-01,-9.999989867210388184e-01,-9.999991059303283691e-01,-9.999988675117492676e-01,-9.999991655349731445e-01,-9.999953508377075195e-01,-9.999988675117492676e-01,-9.999986886978149414e-01,-9.999947547912597656e-01,9.999904036521911621e-01,9.999973773956298828e-01,9.999988079071044922e-01,-9.999988675117492676e-01,9.999992251396179199e-01,9.999989271163940430e-01,9.999969005584716797e-01,-9.999963045120239258e-01,-9.999991655349731445e-01,-9.999993443489074707e-01,-9.999971985816955566e-01,-9.999992847442626953e-01,9.999989867210388184e-01,-9.999991059303283691e-01,9.999983906745910645e-01,9.999411106109619141e-01,-9.999957680702209473e-01,-9.999876618385314941e-01,-9.999988079071044922e-01,9.999946355819702148e-01,9.999992251396179199e-01,-9.999964237213134766e-01,-9.999970793724060059e-01,9.999901056289672852e-01,9.999984502792358398e-01,-9.999992847442626953e-01,9.999986886978149414e-01,-9.999989271163940430e-01,-9.999920725822448730e-01,9.999806284904479980e-01,9.999992251396179199e-01,9.999932050704956055e-01,8.324241638183593750e-01,-9.999969601631164551e-01,9.999988079071044922e-01,-9.999897480010986328e-01,-9.999983310699462891e-01,9.999986290931701660e-01,-9.999983906745910645e-01,-9.999926686286926270e-01,9.999992847442626953e-01,-9.999991655349731445e-01,9.999978542327880859e-01,-9.999976754188537598e-01,9.999992847442626953e-01,7.231678366661071777e-01,9.999564290046691895e-01,9.999991655349731445e-01,9.999979734420776367e-01,-9.999877810478210449e-01,-9.999988675117492676e-01,-9.999957680702209473e-01,9.999990463256835938e-01,-9.999990463256835938e-01,9.999986290931701660e-01,-9.999988079071044922e-01,-9.999607205390930176e-01,9.999992847442626953e-01,-9.999981522560119629e-01,9.999993443489074707e-01,-9.999987483024597168e-01,-9.999966621398925781e-01,-9.999981522560119629e-01,-9.999991655349731445e-01,9.999977350234985352e-01,9.999985694885253906e-01,-9.999982714653015137e-01,-9.999936223030090332e-01,-9.999967217445373535e-01,9.999921917915344238e-01,-9.999958872795104980e-01
-9.999988079071044922e-01,9.999990463256835938e-01,9.999955892562866211e-01,-9.999983310699462891e-01,-9.999991059303283691e-01,9.999990463256835938e-01,-9.999965429306030273e-01,-9.999993443489074707e-01,9.999972581863403320e-01,-9.999986886978149414e-01,9.999991655349731445e-01,9.999992251396179199e-01,-9.999985098838806152e-01,-9.999988079071044922e-01,-9.999952912330627441e-01,-9.999966621398925781e-01,-9.999980330467224121e-01,9.999985694885253906e-01,-9.999946951866149902e-01,9.999993443489074707e-01,9.999992847442626953e-01,-9.999951720237731934e-01,-9.999989271163940430e-01,-9.999985098838806152e-01,-9.999914765357971191e-01,-9.999991655349731445e-01,9.999985694885253906e-01,9.999991059303283691e-01,-9.999926090240478516e-01,9.999972581863403320e-01,9.999939799308776855e-01,9.999986290931701660e-01,-9.999902844429016113e-01,-9.999967217445373535e-01,9.999985098838806152e-01,-9.999741315841674805e-01,-9.999992251396179199e-01,-9.999988675117492676e-01,-9.999923110008239746e-01,9.999992251396179199e-01,-9.999989271163940430e-01,9.999548196792602539e-01,-9.999871850013732910e-01,-9.999991655349731445e-01,-9.999986886978149414e-01,-9.999985694885253906e-01,9.999949932098388672e-01,-9.999988675117492676e-01,-9.999991059303283691e-01,9.999988675117492676e-01,9.999990463256835938e-01,9.999988675117492676e-01,9.999991059303283691e-01,9.999949336051940918e-01,9.999988675117492676e-01,9.999985694885253906e-01,9.999942183494567871e-01,-9.999895691871643066e-01,-9.999970793724060059e-01,-9.999986886978149414e-01,9.999987483024597168e-01,-9.999991655349731445e-01,-9.999987483024597168e-01,-9.999965429306030273e-01,9.999959468841552734e-01,9.999991059303283691e-01,9.999993443489074707e-01,9.999969601631164551e-01,9.999992847442626953e-01,-9.999988675117492676e-01,9.999990463256835938e-01,-9.999980926513671875e-01,-9.999352693557739258e-01,9.999952912330627441e-01,9.999864697456359863e-01,9.999986886978149414e-01,-9.999940991401672363e-01,-9.999989867210388184e-01,9.999960660934448242e-01,9.999968409538269043e-01,-9.999892115592956543e-01,-9.999981522560119629e-01,9.999991655349731445e-01,-9.999985098838806152e-01,9.999988079071044922e-01,9.999912977218627930e-01,-9.999787807464599609e-01,-9.999991655349731445e-01,-9.999924898147583008e-01,-8.323526382446289062e-01,9.999965429306030273e-01,-9.999988079071044922e-01,9.999886751174926758e-01,9.999982714653015137e-01,-9.999984502792358398e-01,9.999982714653015137e-01,9.999919533729553223e-01,-9.999992251396179199e-01,9.999991655349731445e-01,-9.999976158142089844e-01,9.999974966049194336e-01,-9.999992251396179199e-01,-7.231056690216064453e-01,-9.999520778656005859e-01,-9.999989271163940430e-01,-9.999976754188537598e-01,9.999866485595703125e-01,9.999988079071044922e-01,9.999952316284179688e-01,-9.999988079071044922e-01,9.999989271163940430e-01,-9.999985098838806152e-01,9.999986886978149414e-01,9.999569058418273926e-01,-9.999992251396179199e-01,9.999980926513671875e-01,-9.999991655349731445e-01,9.999985694885253906e-01,9.999964237213134766e-01,9.999979734420776367e-01,9.999990463256835938e-01,-9.999974966049194336e-01,-9.999985098838806152e-01,9.999979734420776367e-01,9.999928474426269531e-01,9.999964237213134766e-01,-9.999913573265075684e-01,9.999956488609313965e-01
9.999955296516418457e-01,-9.999962449073791504e-01,-9.999839067459106445e-01,9.999939799308776855e-01,9.999969601631164551e-01,-9.999965429306030273e-01,9.999878406524658203e-01,9.999974370002746582e-01,-9.999903440475463867e-01,9.999954104423522949e-01,-9.999967217445373535e-01,-9.999969601631164551e-01,9.999945759773254395e-01,9.999958872795104980e-01,9.999826550483703613e-01,9.999880790710449219e-01,9.999927878379821777e-01,-9.999949932098388672e-01,9.999802708625793457e-01,-9.999975562095642090e-01,-9.999971985816955566e-01,9.999824166297912598e-01,9.999961256980895996e-01,9.999945163726806641e-01,9.999687671661376953e-01,9.999971389770507812e-01,-9.999951720237731934e-01,-9.999970197677612305e-01,9.999731183052062988e-01,-9.999900460243225098e-01,-9.999777674674987793e-01,-9.999952316284179688e-01,9.999639987945556641e-01,9.999882578849792480e-01,-9.999945759773254395e-01,9.999043941497802734e-01,9.999971985816955566e-01,9.999960660934448242e-01,9.999716877937316895e-01,-9.999969601631164551e-01,9.999963045120239258e-01,-9.998333454132080078e-01,9.999527931213378906e-01,9.999970197677612305e-01,9.999954104423522949e-01,9.999951124191284180e-01,-9.999816417694091797e-01,9.999960660934448242e-01,9.999966025352478027e-01,-9.999960064888000488e-01,-9.999966025352478027e-01,-9.999958276748657227e-01,-9.999968409538269043e-01,-9.999812841415405273e-01,-9.999957680702209473e-01,-9.999949932098388672e-01,-9.999785423278808594e-01,9.999610185623168945e-01,9.999896883964538574e-01,9.999952912330627441e-01,-9.999957680702209473e-01,9.999971985816955566e-01,9.999957084655761719e-01,9.999874830245971680e-01,-9.999855756759643555e-01,-9.999968409538269043e-01,-9.999973773956298828e-01,-9.999892115592956543e-01,-9.999972581863403320e-01,9.999958872795104980e-01,-9.999966621398925781e-01,9.999932646751403809e-01,9.997608065605163574e-01,-9.999827146530151367e-01,-9.999501109123229980e-01,-9.999955296516418457e-01,9.999780654907226562e-01,9.999965429306030273e-01,-9.999855756759643555e-01,-9.999884963035583496e-01,9.999600052833557129e-01,9.999936819076538086e-01,-9.999967813491821289e-01,9.999949336051940918e-01,-9.999954700469970703e-01,-9.999681115150451660e-01,9.999215006828308105e-01,9.999969601631164551e-01,9.999722838401794434e-01,8.302404284477233887e-01,-9.999877214431762695e-01,9.999955892562866211e-01,-9.999583959579467773e-01,-9.999933838844299316e-01,9.999943971633911133e-01,-9.999939799308776855e-01,-9.999701380729675293e-01,9.999972581863403320e-01,-9.999967217445373535e-01,9.999912977218627930e-01,-9.999909400939941406e-01,9.999969601631164551e-01,7.212707400321960449e-01,9.998230934143066406e-01,9.999963045120239258e-01,9.999919533729553223e-01,-9.999504685401916504e-01,-9.999957084655761719e-01,-9.999829530715942383e-01,9.999960064888000488e-01,-9.999960064888000488e-01,9.999944567680358887e-01,-9.999954700469970703e-01,-9.998406171798706055e-01,9.999973177909851074e-01,-9.999930262565612793e-01,9.999971985816955566e-01,-9.999948740005493164e-01,-9.999868869781494141e-01,-9.999930262565612793e-01,-9.999963641166687012e-01,9.999908208847045898e-01,9.999948143959045410e-01,-9.999930262565612793e-01,-9.999742507934570312e-01,-9.999868869781494141e-01,9.999682307243347168e-01,-9.999839663505554199e-01
9.999991059303283691e-01,-9.999993443489074707e-01,-9.999964833259582520e-01,9.999987483024597168e-01,9.999994039535522461e-01,-9.999993443489074707e-01,9.999974370002746582e-01,9.999995231628417969e-01,-9.999979734420776367e-01,9.999990463256835938e-01,-9.999994039535522461e-01,-9.999994635581970215e-01,9.999988675117492676e-01,9.999991655349731445e-01,9.999963045120239258e-01,9.999973773956298828e-01,9.999985098838806152e-01,-9.999989867210388184e-01,9.999958276748657227e-01,-9.999995231628417969e-01,-9.999995827674865723e-01,9.999962449073791504e-01,9.999992251396179199e-01,9.999988675117492676e-01,9.999932646751403809e-01,9.999994039535522461e-01,-9.999989867210388184e-01,-9.999994635581970215e-01,9.999942779541015625e-01,-9.999978542327880859e-01,-9.999952316284179688e-01,-9.999989867210388184e-01,9.999922513961791992e-01,9.999974370002746582e-01,-9.999988675117492676e-01,9.999794363975524902e-01,9.999995827674865723e-01,9.999992847442626953e-01,9.999939799308776855e-01,-9.999995231628417969e-01,9.999992251396179199e-01,-9.999640583992004395e-01,9.999898672103881836e-01,9.999994635581970215e-01,9.999991655349731445e-01,9.999989867210388184e-01,-9.999960064888000488e-01,9.999992847442626953e-01,9.999992847442626953e-01,-9.999992847442626953e-01,-9.999992251396179199e-01,-9.999992251396179199e-01,-9.999994635581970215e-01,-9.999960064888000488e-01,-9.999991059303283691e-01,-9.999989867210388184e-01,-9.999954104423522949e-01,9.999917149543762207e-01,9.999977946281433105e-01,9.999990463256835938e-01,-9.999991059303283691e-01,9.999994039535522461e-01,9.999992251396179199e-01,9.999973177909851074e-01,-9.999968409538269043e-01,-9.999993443489074707e-01,-9.999995231628417969e-01,-9.999976158142089844e-01,-9.999995231628417969e-01,9.999991655349731445e-01,-9.999993443489074707e-01,9.999985694885253906e-01,9.999483227729797363e-01,-9.999963045120239258e-01,-9.999892711639404297e-01,-9.999992251396179199e-01,9.999953508377075195e-01,9.999992847442626953e-01,-9.999968409538269043e-01,-9.999974966049194336e-01,9.999914169311523438e-01,9.999986886978149414e-01,-9.999993443489074707e-01,9.999988675117492676e-01,-9.999991655349731445e-01,-9.999932050704956055e-01,9.999831318855285645e-01,9.999994039535522461e-01,9.999940991401672363e-01,8.325103521347045898e-01,-9.999973773956298828e-01,9.999991059303283691e-01,-9.999911189079284668e-01,-9.999986290931701660e-01,9.999988675117492676e-01,-9.999986886978149414e-01,-9.999936223030090332e-01,9.999994635581970215e-01,-9.999994039535522461e-01,9.999982118606567383e-01,-9.999980330467224121e-01,9.999994635581970215e-01,7.232427000999450684e-01,9.999618530273437500e-01,9.999993443489074707e-01,9.999983310699462891e-01,-9.999893903732299805e-01,-9.999991059303283691e-01,-9.999962449073791504e-01,9.999991655349731445e-01,-9.999992847442626953e-01,9.999988675117492676e-01,-9.999991655349731445e-01,-9.999656081199645996e-01,9.999995231628417969e-01,-9.999985694885253906e-01,9.999995231628417969e-01,-9.999989271163940430e-01,-9.999971389770507812e-01,-9.999985694885253906e-01,-9.999992251396179199e-01,9.999979734420776367e-01,9.999989271163940430e-01,-9.999984502792358398e-01,-9.999944567680358887e-01,-9.999971389770507812e-01,9.999931454658508301e-01,-9.999966025352478027e-01
-9.999965429306030273e-01,9.999970197677612305e-01,9.999871850013732910e-01,-9.999952316284179688e-01,-9.999975562095642090e-01,9.999972581863403320e-01,-9.999903440475463867e-01,-9.999979734420776367e-01,9.999923706054687500e-01,-9.999963045120239258e-01,9.999974370002746582e-01,9.999976158142089844e-01,-9.999957680702209473e-01,-9.999966025352478027e-01,-9.999862909317016602e-01,-9.999905228614807129e-01,-9.999943375587463379e-01,9.999960064888000488e-01,-9.999843835830688477e-01,9.999979734420776367e-01,9.999977946281433105e-01,-9.999860525131225586e-01,-9.999969601631164551e-01,-9.999956488609313965e-01,-9.999752640724182129e-01,-9.999976158142089844e-01,9.999961256980895996e-01,9.999975562095642090e-01,-9.999786019325256348e-01,9.999920129776000977e-01,9.999822974205017090e-01,9.999961853027343750e-01,-9.999714493751525879e-01,-9.999906420707702637e-01,9.999955892562866211e-01,-9.999243021011352539e-01,-9.999977946281433105e-01,-9.999967813491821289e-01,-9.999774694442749023e-01,9.999974966049194336e-01,-9.999970793724060059e-01,9.998679757118225098e-01,-9.999625682830810547e-01,-9.999976158142089844e-01,-9.999961853027343750e-01,-9.999960660934448242e-01,9.999854564666748047e-01,-9.999968409538269043e-01,-9.999971985816955566e-01,9.999967217445373535e-01,9.999971985816955566e-01,9.999966025352478027e-01,9.999974370002746582e-01,9.999852180480957031e-01,9.999966025352478027e-01,9.999958276748657227e-01,9.999830126762390137e-01,-9.999691247940063477e-01,-9.999918341636657715e-01,-9.999961853027343750e-01,9.999966025352478027e-01,-9.999976158142089844e-01,-9.999965429306030273e-01,-9.999901056289672852e-01,9.999885559082031250e-01,9.999974966049194336e-01,9.999979138374328613e-01,9.999913573265075684e-01,9.999977350234985352e-01,-9.999965429306030273e-01,9.999972581863403320e-01,-9.999946355819702148e-01,-9.998104572296142578e-01,9.999862909317016602e-01,9.999604225158691406e-01,9.999963045120239258e-01,-9.999826550483703613e-01,-9.999972581863403320e-01,9.999885559082031250e-01,9.999908208847045898e-01,-9.999684095382690430e-01,-9.999949336051940918e-01,9.999973773956298828e-01,-9.999959468841552734e-01,9.999963045120239258e-01,9.999747276306152344e-01,-9.999377727508544922e-01,-9.999976158142089844e-01,-9.999780654907226562e-01,-8.308413624763488770e-01,9.999902844429016113e-01,-9.999964237213134766e-01,9.999670386314392090e-01,9.999946951866149902e-01,-9.999955892562866211e-01,9.999951720237731934e-01,9.999763369560241699e-01,-9.999977350234985352e-01,9.999973773956298828e-01,-9.999930858612060547e-01,9.999927878379821777e-01,-9.999974966049194336e-01,-7.217927575111389160e-01,-9.998598694801330566e-01,-9.999970793724060059e-01,-9.999935626983642578e-01,9.999607205390930176e-01,9.999964833259582520e-01,9.999864101409912109e-01,-9.999966621398925781e-01,9.999968409538269043e-01,-9.999956488609313965e-01,9.999962449073791504e-01,9.998736381530761719e-01,-9.999978542327880859e-01,9.999944567680358887e-01,-9.999977946281433105e-01,9.999959468841552734e-01,9.999895691871643066e-01,9.999944567680358887e-01,9.999970793724060059e-01,-9.999926090240478516e-01,-9.999958276748657227e-01,9.999943971633911133e-01,9.999796152114868164e-01,9.999895691871643066e-01,-9.999747276306152344e-01,9.999872446060180664e-01
9.999983310699462891e-01,-9.999985694885253906e-01,-9.999939799308776855e-01,9.999976754188537598e-01,9.999988079071044922e-01,-9.999986886978149414e-01,9.999954104423522949e-01,9.999990463256835938e-01,-9.999963045120239258e-01,9.999982714653015137e-01,-9.999987483024597168e-01,-9.999988079071044922e-01,9.999979138374328613e-01,9.999984502792358398e-01,9.999935030937194824e-01,9.999954700469970703e-01,9.999972581863403320e-01,-9.999979734420776367e-01,9.999926090240478516e-01,-9.999991059303283691e-01,-9.999989271163940430e-01,9.999933838844299316e-01,9.999985694885253906e-01,9.999979138374328613e-01,9.999882578849792480e-01,9.999988675117492676e-01,-9.999980330467224121e-01,-9.999988079071044922e-01,9.999898076057434082e-01,-9.999960660934448242e-01,-9.999915361404418945e-01,-9.999982118606567383e-01,9.999864101409912109e-01,9.999955296516418457e-01,-9.999979138374328613e-01,9.999639391899108887e-01,9.999989271163940430e-01,9.999985098838806152e-01,9.999892711639404297e-01,-9.999988079071044922e-01,9.999985098838806152e-01,-9.999372959136962891e-01,9.999822378158569336e-01,9.999988675117492676e-01,9.999981522560119629e-01,9.999980330467224121e-01,-9.999930262565612793e-01,9.999985098838806152e-01,9.999986290931701660e-01,-9.999984502792358398e-01,-9.999986886978149414e-01,-9.999983906745910645e-01,-9.999987483024597168e-01,-9.999929666519165039e-01,-9.999983906745910645e-01,-9.999979734420776367e-01,-9.999918937683105469e-01,9.999853372573852539e-01,9.999960660934448242e-01,9.999982118606567383e-01,-9.999982714653015137e-01,9.999988675117492676e-01,9.999983906745910645e-01,9.999952912330627441e-01,-9.999945163726806641e-01,-9.999987483024597168e-01,-9.999990463256835938e-01,-9.999958872795104980e-01,-9.999988675117492676e-01,9.999983906745910645e-01,-9.999986886978149414e-01,9.999974370002746582e-01,9.999099373817443848e-01,-9.999935030937194824e-01,-9.999811649322509766e-01,-9.999982118606567383e-01,9.999917745590209961e-01,9.999986886978149414e-01,-9.999945163726806641e-01,-9.999956488609313965e-01,9.999848604202270508e-01,9.999976158142089844e-01,-9.999987483024597168e-01,9.999979734420776367e-01,-9.999982118606567383e-01,-9.999879002571105957e-01,9.999704957008361816e-01,9.999987483024597168e-01,9.999895691871643066e-01,8.320462703704833984e-01,-9.999952912330627441e-01,9.999982118606567383e-01,-9.999843835830688477e-01,-9.999974966049194336e-01,9.999978542327880859e-01,-9.999976158142089844e-01,-9.999886751174926758e-01,9.999988675117492676e-01,-9.999987483024597168e-01,9.999966621398925781e-01,-9.999964833259582520e-01,9.999987483024597168e-01,7.228395342826843262e-01,9.999334216117858887e-01,9.999985098838806152e-01,9.999969005584716797e-01,-9.999813437461853027e-01,-9.999982714653015137e-01,-9.999935030937194824e-01,9.999983906745910645e-01,-9.999983906745910645e-01,9.999979138374328613e-01,-9.999981522560119629e-01,-9.999400377273559570e-01,9.999989867210388184e-01,-9.999973177909851074e-01,9.999989271163940430e-01,-9.999980330467224121e-01,-9.999950528144836426e-01,-9.999973177909851074e-01,-9.999986290931701660e-01,9.999964833259582520e-01,9.999979138374328613e-01,-9.999972581863403320e-01,-9.999902248382568359e-01,-9.999949932098388672e-01,9.999880790710449219e-01,-9.999938607215881348e-01
-9.999988675117492676e-01,9.999990463256835938e-01,9.999957084655761719e-01,-9.999983310699462891e-01,-9.999992251396179199e-01,9.999991655349731445e-01,-9.999967217445373535e-01,-9.999994039535522461e-01,9.999974370002746582e-01,-9.999987483024597168e-01,9.999991655349731445e-01,9.999992251396179199e-01,-9.999985098838806152e-01,-9.999989271163940430e-01,-9.999953508377075195e-01,-9.999967217445373535e-01,-9.999980330467224121e-01,9.999986290931701660e-01,-9.999946951866149902e-01,9.999994039535522461e-01,9.999993443489074707e-01,-9.999952912330627441e-01,-9.999989271163940430e-01,-9.999985694885253906e-01,-9.999915957450866699e-01,-9.999992847442626953e-01,9.999987483024597168e-01,9.999992847442626953e-01,-9.999926686286926270e-01,9.999971985816955566e-01,9.999940395355224609e-01,9.999986886978149414e-01,-9.999902248382568359e-01,-9.999967813491821289e-01,9.999985694885253906e-01,-9.999740719795227051e-01,-9.999994039535522461e-01,-9.999989271163940430e-01,-9.999923110008239746e-01,9.999992847442626953e-01,-9.999991655349731445e-01,9.999546408653259277e-01,-9.999871850013732910e-01,-9.999993443489074707e-01,-9.999987483024597168e-01,-9.999986290931701660e-01,9.999949932098388672e-01,-9.999989867210388184e-01,-9.999991059303283691e-01,9.999989867210388184e-01,9.999991655349731445e-01,9.999989271163940430e-01,9.999992847442626953e-01,9.999949932098388672e-01,9.999989271163940430e-01,9.999986886978149414e-01,9.999941587448120117e-01,-9.999894499778747559e-01,-9.999972581863403320e-01,-9.999986886978149414e-01,9.999988079071044922e-01,-9.999992251396179199e-01,-9.999988675117492676e-01,-9.999966621398925781e-01,9.999960064888000488e-01,9.999991655349731445e-01,9.999993443489074707e-01,9.999970197677612305e-01,9.999992847442626953e-01,-9.999989271163940430e-01,9.999991655349731445e-01,-9.999982118606567383e-01,-9.999349117279052734e-01,9.999953508377075195e-01,9.999865889549255371e-01,9.999987483024597168e-01,-9.999940395355224609e-01,-9.999991059303283691e-01,9.999960064888000488e-01,9.999968409538269043e-01,-9.999891519546508789e-01,-9.999982714653015137e-01,9.999992847442626953e-01,-9.999986290931701660e-01,9.999988079071044922e-01,9.999912977218627930e-01,-9.999786615371704102e-01,-9.999992251396179199e-01,-9.999925494194030762e-01,-8.323476910591125488e-01,9.999966025352478027e-01,-9.999987483024597168e-01,9.999887943267822266e-01,9.999982714653015137e-01,-9.999985694885253906e-01,9.999983310699462891e-01,9.999918937683105469e-01,-9.999992847442626953e-01,9.999992847442626953e-01,-9.999977350234985352e-01,9.999976158142089844e-01,-9.999992847442626953e-01,-7.231013774871826172e-01,-9.999518394470214844e-01,-9.999990463256835938e-01,-9.999977946281433105e-01,9.999865293502807617e-01,9.999988675117492676e-01,9.999953508377075195e-01,-9.999988675117492676e-01,9.999989867210388184e-01,-9.999984502792358398e-01,9.999987483024597168e-01,9.999566674232482910e-01,-9.999994039535522461e-01,9.999980926513671875e-01,-9.999993443489074707e-01,9.999985694885253906e-01,9.999964237213134766e-01,9.999980926513671875e-01,9.999990463256835938e-01,-9.999975562095642090e-01,-9.999985694885253906e-01,9.999980926513671875e-01,9.999929070472717285e-01,9.999963641166687012e-01,-9.999914169311523438e-01,9.999957084655761719e-01
-9.999989867210388184e-01,9.999992251396179199e-01,9.999960064888000488e-01,-9.999985694885253906e-01,-9.999992847442626953e-01,9.999992251396179199e-01,-9.999969601631164551e-01,-9.999994635581970215e-01,9.999976158142089844e-01,-9.999988079071044922e-01,9.999992251396179199e-01,9.999992847442626953e-01,-9.999986886978149414e-01,-9.999989867210388184e-01,-9.999957680702209473e-01,-9.999970197677612305e-01,-9.999982118606567383e-01,9.999987483024597168e-01,-9.999951720237731934e-01,9.999994039535522461e-01,9.999994039535522461e-01,-9.999957084655761719e-01,-9.999991059303283691e-01,-9.999986290931701660e-01,-9.999923706054687500e-01,-9.999993443489074707e-01,9.999988675117492676e-01,9.999992847442626953e-01,-9.999933838844299316e-01,9.999974966049194336e-01,9.999945163726806641e-01,9.999988079071044922e-01,-9.999911785125732422e-01,-9.999970197677612305e-01,9.999986290931701660e-01,-9.999765753746032715e-01,-9.999994635581970215e-01,-9.999991059303283691e-01,-9.999930858612060547e-01,9.999993443489074707e-01,-9.999991655349731445e-01,9.999591708183288574e-01,-9.999884366989135742e-01,-9.999992847442626953e-01,-9.999988675117492676e-01,-9.999988079071044922e-01,9.999955296516418457e-01,-9.999991059303283691e-01,-9.999992251396179199e-01,9.999990463256835938e-01,9.999991655349731445e-01,9.999989867210388184e-01,9.999992847442626953e-01,9.999954104423522949e-01,9.999989271163940430e-01,9.999986886978149414e-01,9.999947547912597656e-01,-9.999905228614807129e-01,-9.999974370002746582e-01,-9.999988079071044922e-01,9.999989271163940430e-01,-9.999993443489074707e-01,-9.999989867210388184e-01,-9.999969005584716797e-01,9.999964237213134766e-01,9.999992847442626953e-01,9.999994635581970215e-01,9.999973177909851074e-01,9.999993443489074707e-01,-9.999989867210388184e-01,9.999991059303283691e-01,-9.999983906745910645e-01,-9.999413490295410156e-01,9.999958276748657227e-01,9.999877214431762695e-01,9.999989271163940430e-01,-9.999946951866149902e-01,-9.999992251396179199e-01,9.999964237213134766e-01,9.999970793724060059e-01,-9.999902248382568359e-01,-9.999984502792358398e-01,9.999992847442626953e-01,-9.999987483024597168e-01,9.999989271163940430e-01,9.999921917915344238e-01,-9.999808073043823242e-01,-9.999993443489074707e-01,-9.999933242797851562e-01,-8.324260711669921875e-01,9.999969601631164551e-01,-9.999988675117492676e-01,9.999898076057434082e-01,9.999983310699462891e-01,-9.999986886978149414e-01,9.999985098838806152e-01,9.999926686286926270e-01,-9.999992847442626953e-01,9.999992251396179199e-01,-9.999979138374328613e-01,9.999977946281433105e-01,-9.999993443489074707e-01,-7.231695055961608887e-01,-9.999566078186035156e-01,-9.999991655349731445e-01,-9.999980926513671875e-01,9.999879002571105957e-01,9.999989271163940430e-01,9.999958276748657227e-01,-9.999990463256835938e-01,9.999990463256835938e-01,-9.999986886978149414e-01,9.999988675117492676e-01,9.999608993530273438e-01,-9.999994039535522461e-01,9.999982714653015137e-01,-9.999993443489074707e-01,9.999987483024597168e-01,9.999966621398925781e-01,9.999982714653015137e-01,9.999991655349731445e-01,-9.999977350234985352e-01,-9.999986290931701660e-01,9.999982714653015137e-01,9.999936223030090332e-01,9.999967217445373535e-01,-9.999921321868896484e-01,9.999960064888000488e-01
