4.454220235347747803e-01,-4.305295646190643311e-03,5.492068454623222351e-02,-1.398391276597976685e-01,2.903069555759429932e-01,-2.516238987445831299e-01,1.095122024416923523e-01,4.012257456779479980e-01,8.464553207159042358e-02,2.616439945995807648e-02,-1.902224570512771606e-01,-7.740910351276397705e-02,-1.509520411491394043e-01,-1.176686119288206100e-02,8.227107115089893341e-03,1.413775235414505005e-01,2.441092161461710930e-03,-2.090735360980033875e-02,7.264788448810577393e-02,-1.492528058588504791e-02,-5.854581668972969055e-02,-7.877651602029800415e-02,-1.568519324064254761e-01,1.040248200297355652e-01,9.992956183850765228e-03,6.482111662626266479e-02,1.164282113313674927e-01,-3.256078064441680908e-01,-1.836786046624183655e-02,-1.653721928596496582e-01,-1.911522597074508667e-01,3.146209940314292908e-02,-6.830117106437683105e-02,-2.756967209279537201e-02,-1.360657066106796265e-02,-3.091738326475024223e-03,3.848687512800097466e-03,1.851800270378589630e-02,-2.578617036342620850e-01,-3.322888612747192383e-01,2.016637027263641357e-01,1.089165434241294861e-01,-1.280706971883773804e-01,1.034224033355712891e-02,-6.813688576221466064e-02,2.224242538213729858e-01,-8.571877144277095795e-03,-1.100817099213600159e-01,8.827576041221618652e-02,2.804477233439683914e-03,-1.870262175798416138e-01,-1.103669255971908569e-01,2.864333391189575195e-01,-9.574449807405471802e-02,-5.289342626929283142e-02,-8.638872206211090088e-02,1.113906353712081909e-01,1.529973698779940605e-03,1.126194596290588379e-01,5.639155581593513489e-02,-1.158384159207344055e-01,-3.939912468194961548e-02,-2.491359191481024027e-04,2.310800552368164062e-01,1.273147016763687134e-01,1.132608763873577118e-02,-2.749135196208953857e-01,1.274838149547576904e-01,-2.294422313570976257e-02,2.640375196933746338e-01,-1.983222365379333496e-01,2.441214323043823242e-01,5.302878841757774353e-02,-1.606542617082595825e-02,-2.228456884622573853e-01,-1.673838496208190918e-01,1.105919713154435158e-03,-2.437187172472476959e-02,-9.836147725582122803e-02,-4.219405725598335266e-02,6.207846477627754211e-02,-2.955997297249268740e-05,-1.003245115280151367e-01,-7.067950791679322720e-04,-3.262986540794372559e-01,1.264628022909164429e-01,2.415422648191452026e-01,1.094642910175025463e-03,-1.289859861135482788e-01,6.946671754121780396e-02,-1.955864876508712769e-01,1.692076325416564941e-01,1.317097693681716919e-01,-1.472923904657363892e-01,-7.863947004079818726e-02,-3.350421488285064697e-01,1.268358379602432251e-01,-3.167783142998814583e-05,-1.028908118605613708e-01,2.614434361457824707e-01,-2.193738073110580444e-01,2.969392240047454834e-01,2.526172623038291931e-02,-4.616013541817665100e-02,-6.816303730010986328e-02,2.351466566324234009e-01,1.131719052791595459e-01,1.098575443029403687e-01,-3.797189593315124512e-01,9.569494985044002533e-03,-7.720685750246047974e-02,1.644910275936126709e-01,5.232042074203491211e-02,-3.742349147796630859e-02,5.875702947378158569e-02,-4.658170416951179504e-02,2.930845618247985840e-01,-9.617111086845397949e-02,-1.782139688730239868e-01,-4.160451889038085938e-02,-1.394516974687576294e-01,1.209685578942298889e-01,5.905299633741378784e-02,2.280897647142410278e-01,1.787700131535530090e-02,5.431572347879409790e-02,1.176571473479270935e-02,6.306381523609161377e-02
-4.305295646190643311e-03,1.243499387055635452e-02,-9.481075406074523926e-02,6.582091003656387329e-02,5.377163365483283997e-02,-1.531311776489019394e-02,-1.726218761177733541e-04,2.941948734223842621e-02,5.067908018827438354e-02,4.922067746520042419e-02,-8.623873814940452576e-03,-4.340473562479019165e-02,8.005848526954650879e-02,5.416110157966613770e-02,9.140619635581970215e-02,1.028904467821121216e-01,5.659859380102716386e-05,5.374120920896530151e-02,-8.019962161779403687e-02,-5.889499932527542114e-02,-5.169073119759559631e-02,7.057144492864608765e-02,5.533872172236442566e-02,-1.614333502948284149e-02,1.222736481577157974e-02,9.275624155998229980e-02,-9.449832141399383545e-02,-3.878612443804740906e-02,8.645851165056228638e-02,-3.146168077364563942e-03,7.179004605859518051e-03,-1.096012815833091736e-01,7.128436863422393799e-02,5.982236564159393311e-02,-3.799879457801580429e-03,-9.941950440406799316e-02,5.147473514080047607e-02,8.552969992160797119e-02,-6.959344446659088135e-02,-4.610266163945198059e-02,8.752802014350891113e-02,1.684993691742420197e-02,8.967003226280212402e-02,1.965439505875110626e-02,-1.521906349807977676e-02,-7.790424674749374390e-02,-9.256343543529510498e-02,-2.457940019667148590e-02,7.686860859394073486e-03,1.617607288062572479e-02,-4.428389947861433029e-03,1.012219674885272980e-02,3.123689442873001099e-02,1.711414544843137264e-03,-1.102687884122133255e-02,-1.069934070110321045e-01,2.478806115686893463e-02,5.909522995352745056e-03,-7.110863924026489258e-02,-7.599548250436782837e-02,-7.868817076086997986e-03,1.119829248636960983e-02,2.267884789034724236e-03,3.301560133695602417e-02,2.422245591878890991e-02,-2.801072597503662109e-02,2.514145150780677795e-02,9.456393867731094360e-02,-9.188280999660491943e-02,1.850859262049198151e-02,-7.573435455560684204e-02,-4.340759944170713425e-03,-2.415185235440731049e-02,8.881679177284240723e-02,-2.248470857739448547e-02,-8.659402281045913696e-02,-8.056395454332232475e-04,1.075078770518302917e-01,-3.086058050394058228e-02,-8.972028642892837524e-02,9.458523988723754883e-02,2.473695494700223207e-04,-8.267599344253540039e-02,-3.004174213856458664e-04,-8.051433414220809937e-02,-9.528936445713043213e-02,3.127337247133255005e-02,1.947503769770264626e-03,7.431162148714065552e-02,6.321778893470764160e-02,-2.814844995737075806e-02,-3.048636578023433685e-02,-7.270868867635726929e-02,2.220708690583705902e-02,-8.218125253915786743e-02,1.486640702933073044e-02,6.111125275492668152e-02,-9.080707059183623642e-06,-8.274509012699127197e-02,6.146087124943733215e-02,-1.886119693517684937e-02,5.035137385129928589e-02,-1.034440100193023682e-01,-8.057343959808349609e-02,1.108118817210197449e-01,1.352071575820446014e-02,-7.804746925830841064e-02,-9.067275375127792358e-02,-2.548928745090961456e-02,-3.797002835199236870e-03,6.222052127122879028e-02,-6.367857754230499268e-02,-9.268409758806228638e-02,1.111114033847115934e-04,1.005351692438125610e-01,-9.117568284273147583e-02,4.915961623191833496e-02,4.284605011343955994e-02,-9.634139388799667358e-02,4.300113022327423096e-02,7.749227434396743774e-02,7.796164602041244507e-02,8.219702541828155518e-02,-6.017059832811355591e-02,-4.549790546298027039e-02,-7.527186721563339233e-02,-1.827983884140849113e-03,5.397364124655723572e-02
5.492068454623222351e-02,-9.481075406074523926e-02,7.446717023849487305e-01,-5.858154296875000000e-01,-4.014075100421905518e-01,4.868625849485397339e-02,-2.370321191847324371e-02,-2.310235649347305298e-01,-3.666244149208068848e-01,-4.068435430526733398e-01,8.984865248203277588e-02,3.650619387626647949e-01,-5.822623968124389648e-01,-4.934023618698120117e-01,-7.199731469154357910e-01,-7.266021966934204102e-01,-1.050376682542264462e-03,-4.176308810710906982e-01,6.520762443542480469e-01,5.122210979461669922e-01,4.063294231891632080e-01,-6.048236489295959473e-01,-4.941066205501556396e-01,1.428381502628326416e-01,-1.011774092912673950e-01,-6.411108374595642090e-01,7.116618752479553223e-01,2.495233565568923950e-01,-6.815514564514160156e-01,2.139768004417419434e-02,-5.258909985423088074e-02,7.982041835784912109e-01,-5.704867243766784668e-01,-5.666118264198303223e-01,3.219983354210853577e-02,7.263920903205871582e-01,-4.144596457481384277e-01,-6.765720248222351074e-01,4.846947491168975830e-01,4.141001999378204346e-01,-6.367176771163940430e-01,-1.451794654130935669e-01,-6.864268779754638672e-01,-1.680830717086791992e-01,1.025000289082527161e-01,6.094014644622802734e-01,7.365639209747314453e-01,2.053396701812744141e-01,-5.059317871928215027e-02,-6.340298801660537720e-02,3.144531697034835815e-02,-4.702080413699150085e-02,-2.729669809341430664e-01,1.756224781274795532e-03,7.346471399068832397e-02,7.873277664184570312e-01,-2.343283295631408691e-01,-4.964078590273857117e-02,5.575456023216247559e-01,6.334932446479797363e-01,7.623292505741119385e-02,-1.081392988562583923e-01,-1.954912208020687103e-02,-2.396663129329681396e-01,-1.889338344335556030e-01,2.246165871620178223e-01,-1.699424982070922852e-01,-6.906197667121887207e-01,7.042119503021240234e-01,-1.045326367020606995e-01,6.011959314346313477e-01,7.020204514265060425e-02,2.105479985475540161e-01,-7.078221440315246582e-01,1.424403935670852661e-01,6.593858599662780762e-01,5.706919357180595398e-03,-8.020129203796386719e-01,2.919928431510925293e-01,6.981317400932312012e-01,-7.416074872016906738e-01,-2.103727310895919800e-03,6.422654986381530762e-01,3.071078797802329063e-03,5.849644541740417480e-01,7.220717668533325195e-01,-2.455233484506607056e-01,-1.514817681163549423e-02,-5.591365694999694824e-01,-5.269139409065246582e-01,2.298433333635330200e-01,2.509499788284301758e-01,5.893687605857849121e-01,-1.916280239820480347e-01,6.506451368331909180e-01,-1.272365152835845947e-01,-4.965279400348663330e-01,7.497610931750386953e-05,6.273858547210693359e-01,-4.586131870746612549e-01,1.953638494014739990e-01,-3.523772060871124268e-01,7.741479873657226562e-01,6.427448391914367676e-01,-8.103449344635009766e-01,-2.106022983789443970e-01,6.148054003715515137e-01,6.815655827522277832e-01,1.557962298393249512e-01,3.013715334236621857e-02,-5.137917399406433105e-01,5.761476159095764160e-01,7.226669192314147949e-01,-1.025369241833686829e-01,-7.536813020706176758e-01,7.007496953010559082e-01,-3.472688198089599609e-01,-3.749634325504302979e-01,7.315409779548645020e-01,-3.678654134273529053e-01,-6.171403527259826660e-01,-6.272178292274475098e-01,-6.506523489952087402e-01,4.658383727073669434e-01,4.263030588626861572e-01,6.209494471549987793e-01,8.221108466386795044e-03,-4.601451456546783447e-01
-1.398391276597976685e-01,6.582091003656387329e-02,-5.858154296875000000e-01,6.307345628738403320e-01,1.569781601428985596e-01,8.379395306110382080e-02,-9.952613152563571930e-03,-8.412756025791168213e-03,2.738388180732727051e-01,3.068532645702362061e-01,-1.183662936091423035e-01,-2.648999691009521484e-01,3.554977476596832275e-01,4.961100220680236816e-01,5.680266022682189941e-01,4.421285688877105713e-01,3.820140380412340164e-03,3.315138816833496094e-01,-5.822653770446777344e-01,-4.018387198448181152e-01,-4.391870498657226562e-01,5.061826109886169434e-01,4.499858021736145020e-01,-1.156334355473518372e-01,7.774588465690612793e-02,3.438858091831207275e-01,-5.064421892166137695e-01,4.507682472467422485e-02,4.303419888019561768e-01,1.374013125896453857e-01,4.380057007074356079e-02,-6.557307839393615723e-01,5.732073187828063965e-01,4.501150250434875488e-01,-8.869974873960018158e-03,-4.830422103404998779e-01,2.892984151840209961e-01,4.844348430633544922e-01,-1.328219622373580933e-01,-3.697138130664825439e-01,4.524429142475128174e-01,1.346675157546997070e-01,5.082178115844726562e-01,1.201000437140464783e-01,-1.228436753153800964e-01,-3.992834687232971191e-01,-6.138240098953247070e-01,-1.637943536043167114e-01,1.189100928604602814e-02,7.160748541355133057e-02,3.161250427365303040e-02,1.142967790365219116e-01,2.541753053665161133e-01,-1.210603863000869751e-02,8.537413179874420166e-02,-5.558831691741943359e-01,1.979393810033798218e-01,3.432394936680793762e-02,-4.580859541893005371e-01,-5.728300809860229492e-01,-8.490175008773803711e-02,1.643868386745452881e-01,2.057783119380474091e-02,1.055917888879776001e-01,1.642383337020874023e-01,-1.670485138893127441e-01,1.621551364660263062e-01,4.237494766712188721e-01,-5.098916292190551758e-01,-1.305705755949020386e-01,-3.648555278778076172e-01,5.072287842631340027e-02,-2.492635548114776611e-01,5.750990509986877441e-01,-8.809457719326019287e-02,-4.695490896701812744e-01,-2.045463304966688156e-03,5.815809965133666992e-01,-3.841199278831481934e-01,-5.231192708015441895e-01,6.502548456192016602e-01,1.603974960744380951e-03,-3.777595162391662598e-01,9.129598765866830945e-05,-3.703419566154479980e-01,-5.457077026367187500e-01,-2.314098551869392395e-02,7.165572140365839005e-03,3.825724422931671143e-01,3.592507541179656982e-01,-1.497951149940490723e-01,-3.596357405185699463e-01,-5.533916950225830078e-01,2.624913156032562256e-01,-5.379518866539001465e-01,2.049671411514282227e-01,3.060848116874694824e-01,-4.486553007154725492e-05,-3.620153665542602539e-01,2.259383201599121094e-01,-4.278961196541786194e-02,2.855981700122356415e-02,-6.636275053024291992e-01,-4.381410181522369385e-01,6.565027236938476562e-01,3.004284799098968506e-01,-6.719986200332641602e-01,-4.950798153877258301e-01,8.980016410350799561e-02,-2.756375074386596680e-02,5.328633785247802734e-01,-5.944854617118835449e-01,-6.070502400398254395e-01,2.207802832126617432e-01,5.346192717552185059e-01,-5.101151466369628906e-01,5.562331154942512512e-02,2.815491855144500732e-01,-5.310416221618652344e-01,3.609908521175384521e-01,4.736169874668121338e-01,5.169166326522827148e-01,5.233840346336364746e-01,-4.249671995639801025e-01,-3.357015848159790039e-01,-5.217865705490112305e-01,-1.566441915929317474e-02,3.353051543235778809e-01
2.903069555759429932e-01,5.377163365483283997e-02,-4.014075100421905518e-01,1.569781601428985596e-01,5.142238736152648926e-01,-2.577115297317504883e-01,9.234893321990966797e-02,5.045004487037658691e-01,2.304933369159698486e-01,2.329137027263641357e-01,-1.429916918277740479e-01,-2.539178431034088135e-01,3.071712255477905273e-01,1.724871993064880371e-01,4.162467122077941895e-01,6.163197755813598633e-01,1.066478944267146289e-04,2.411102801561355591e-01,-2.864215672016143799e-01,-2.604356408119201660e-01,-1.512240618467330933e-01,2.483925819396972656e-01,1.310550421476364136e-01,2.167325932532548904e-03,5.836188048124313354e-02,5.156202316284179688e-01,-3.669413030147552490e-01,-4.869126081466674805e-01,4.676126837730407715e-01,-1.943895965814590454e-01,-8.817014843225479126e-02,-4.420230388641357422e-01,2.067720890045166016e-01,2.630618214607238770e-01,-3.546693548560142517e-02,-4.813832640647888184e-01,2.465638667345046997e-01,4.201440215110778809e-01,-6.265755295753479004e-01,-3.976938128471374512e-01,5.341917872428894043e-01,1.317722052335739136e-01,3.458835184574127197e-01,1.031683757901191711e-01,-5.883999913930892944e-02,-2.566817998886108398e-01,-4.323353469371795654e-01,-1.827658563852310181e-01,8.596221357583999634e-02,5.740994587540626526e-02,-1.570206880569458008e-01,-1.011532694101333618e-01,2.800616025924682617e-01,-4.562111198902130127e-02,-1.631611883640289307e-01,-5.860254168510437012e-01,1.849919557571411133e-01,3.063387423753738403e-02,-2.319605946540832520e-01,-2.805847525596618652e-01,-7.913149148225784302e-02,-3.274317830801010132e-02,6.826289929449558258e-03,3.075205385684967041e-01,1.703903377056121826e-01,-1.194100603461265564e-01,-6.649157404899597168e-02,5.668072700500488281e-01,-4.341067373752593994e-01,3.528429269790649414e-01,-5.334619283676147461e-01,4.808774963021278381e-02,-1.192682515829801559e-02,3.861091732978820801e-01,-2.329231947660446167e-01,-5.182783007621765137e-01,-3.905509831383824348e-03,5.125523805618286133e-01,-1.320283263921737671e-01,-4.374725222587585449e-01,4.429218471050262451e-01,1.112092053517699242e-03,-5.077803730964660645e-01,-3.552741371095180511e-03,-6.148037910461425781e-01,-3.736636936664581299e-01,3.966040611267089844e-01,1.179205346852540970e-02,2.388583123683929443e-01,3.531946837902069092e-01,-2.766682505607604980e-01,6.207599118351936340e-02,-1.849737465381622314e-01,-7.017226517200469971e-02,-4.074831008911132812e-01,-1.939096748828887939e-01,4.243683815002441406e-01,-6.658382335444912314e-05,-4.935130476951599121e-01,5.046486854553222656e-01,-2.893568873405456543e-01,5.171158313751220703e-01,-4.230279624462127686e-01,-4.241961836814880371e-01,4.526737332344055176e-01,1.813376545906066895e-01,-1.833515167236328125e-01,-3.682445287704467773e-01,-4.425870776176452637e-01,-5.530643742531538010e-03,1.273700594902038574e-01,-1.148240715265274048e-01,-3.783311843872070312e-01,-9.318347275257110596e-02,5.600255131721496582e-01,-4.480663239955902100e-01,5.031865835189819336e-01,1.512021869421005249e-01,-5.852535367012023926e-01,1.248148754239082336e-01,2.805703878402709961e-01,4.013790786266326904e-01,3.924166262149810791e-01,-9.200837463140487671e-02,-1.947492063045501709e-01,-2.697094082832336426e-01,-3.053752938285470009e-03,2.987624108791351318e-01
-2.516238987445831299e-01,-1.531311776489019394e-02,4.868625849485397339e-02,8.379395306110382080e-02,-2.577115297317504883e-01,2.475401610136032104e-01,-4.544568434357643127e-02,-2.628848552703857422e-01,-1.441810578107833862e-01,-6.670577079057693481e-02,9.720510244369506836e-02,7.853436470031738281e-02,-5.508849024772644043e-02,3.011888265609741211e-02,-6.959381699562072754e-02,-2.277581393718719482e-01,-6.734527996741235256e-04,-6.824795156717300415e-02,3.246992826461791992e-02,3.663533553481101990e-02,6.931824237108230591e-02,4.337722435593605042e-03,7.896046340465545654e-02,-4.248908907175064087e-02,-1.848999410867691040e-02,-2.253812849521636963e-01,4.135425761342048645e-02,2.897808551788330078e-01,-7.056267559528350830e-02,1.115892156958580017e-01,9.490685164928436279e-02,9.336210042238235474e-02,-1.977333240211009979e-02,2.728700637817382812e-02,1.108963601291179657e-02,1.328640133142471313e-01,-6.769972294569015503e-02,-1.098353713750839233e-01,2.764028310775756836e-01,1.555704474449157715e-01,-2.475758641958236694e-01,-6.218085810542106628e-02,-3.122809529304504395e-02,-1.882965303957462311e-02,7.753446698188781738e-02,-3.538799658417701721e-02,7.211763411760330200e-02,7.577043026685714722e-02,-8.392106741666793823e-02,-6.940001994371414185e-02,1.152901425957679749e-01,1.194347161799669266e-02,-1.643011868000030518e-01,3.527307137846946716e-02,6.430192291736602783e-02,1.507246196269989014e-01,-6.275483965873718262e-02,-6.345798261463642120e-03,3.626202046871185303e-02,1.923560723662376404e-02,6.494852900505065918e-02,3.111042454838752747e-02,-8.193408575607463717e-05,-2.120274007320404053e-01,-1.058593764901161194e-01,3.084781207144260406e-02,1.049928590655326843e-01,-1.985579282045364380e-01,1.204502582550048828e-01,-2.232020497322082520e-01,1.973292976617813110e-01,-1.736379712820053101e-01,-1.915687508881092072e-02,-6.549037247896194458e-02,1.902223229408264160e-01,1.917476654052734375e-01,1.290237880311906338e-03,-9.278047829866409302e-02,3.438599035143852234e-02,1.219932883977890015e-01,-9.648113697767257690e-02,-1.552851317683234811e-04,1.542987078428268433e-01,1.727704802760854363e-04,2.979596853256225586e-01,3.728197142481803894e-02,-1.902858316898345947e-01,-3.815551055595278740e-03,-6.209215149283409119e-02,-1.062090694904327393e-01,1.377995312213897705e-01,-7.969547808170318604e-02,-4.764576442539691925e-03,8.180136233568191528e-02,1.338634788990020752e-01,1.736539453268051147e-01,-1.282558143138885498e-01,2.685611980268731713e-05,1.675213426351547241e-01,-2.701675891876220703e-01,1.187287271022796631e-01,-2.862486839294433594e-01,8.449048548936843872e-02,1.228879392147064209e-01,-9.076999872922897339e-02,-2.653237245976924896e-02,-2.036220766603946686e-02,6.945125758647918701e-02,3.068688511848449707e-01,-3.036340058315545321e-04,2.153072133660316467e-02,-1.051433980464935303e-01,5.572464317083358765e-02,1.129639297723770142e-01,-1.334892958402633667e-01,1.298527568578720093e-01,-2.606357336044311523e-01,2.061534859240055084e-02,1.889816075563430786e-01,-5.678238812834024429e-04,-1.601751707494258881e-02,-1.323739439249038696e-01,-1.040540784597396851e-01,-5.123452097177505493e-02,-1.771091483533382416e-02,3.444720059633255005e-02,-8.423135732300579548e-04,-7.996169477701187134e-02
1.095122024416923523e-01,-1.726218761177733541e-04,-2.370321191847324371e-02,-9.952613152563571930e-03,9.234893321990966797e-02,-4.544568434357643127e-02,8.177819848060607910e-02,1.300172805786132812e-01,-6.605716422200202942e-03,3.259213268756866455e-02,-8.251656591892242432e-02,-2.452686615288257599e-02,-4.241074994206428528e-02,-2.311480604112148285e-02,1.245052367448806763e-02,4.459230601787567139e-02,-2.946226741187274456e-04,-5.799402948468923569e-03,-3.286264091730117798e-02,-3.398281708359718323e-02,-1.071816496551036835e-02,-9.951443411409854889e-03,-2.255681157112121582e-02,2.656799554824829102e-02,6.075130309909582138e-03,2.499822340905666351e-02,2.031086571514606476e-02,-8.454946428537368774e-02,4.177850857377052307e-02,-8.637471497058868408e-02,-4.704507812857627869e-02,-3.326349193230271339e-03,1.524241827428340912e-02,3.158892691135406494e-02,-3.942893352359533310e-03,-1.602479023858904839e-04,1.136509142816066742e-02,3.554438427090644836e-02,-9.063285589218139648e-02,-1.084496006369590759e-01,7.751734554767608643e-02,3.515914455056190491e-02,-2.027991972863674164e-02,1.016072183847427368e-02,-4.584458842873573303e-02,3.979432955384254456e-02,-3.708498179912567139e-02,-2.726244926452636719e-02,4.166413843631744385e-02,-7.653786800801753998e-03,-4.053881764411926270e-02,-4.380374029278755188e-02,8.687817305326461792e-02,-1.753672957420349121e-02,-1.877112686634063721e-02,-4.789602011442184448e-02,3.477523475885391235e-02,1.793770003132522106e-03,-3.998890984803438187e-03,6.850700825452804565e-03,-5.015563964843750000e-02,-5.298091098666191101e-03,-7.854440627852454782e-05,1.034730300307273865e-01,3.728331997990608215e-02,-3.189138835296034813e-03,-9.752792119979858398e-02,5.156698077917098999e-02,-1.886064931750297546e-02,8.676956593990325928e-02,-9.746573120355606079e-02,5.838695168495178223e-02,1.973403431475162506e-02,9.050168097019195557e-03,-7.010319828987121582e-02,-8.408761769533157349e-02,3.450509684626013041e-04,3.299946337938308716e-02,-3.781571611762046814e-02,-2.697265520691871643e-02,5.178873986005783081e-02,1.634616637602448463e-05,-6.145276129245758057e-02,-1.202675281092524529e-03,-1.104704290628433228e-01,2.443759702146053314e-02,1.190055310726165771e-01,4.444804508239030838e-04,-2.970383316278457642e-02,4.084924235939979553e-02,-7.224986702203750610e-02,4.906491190195083618e-02,1.727373152971267700e-02,-4.549225792288780212e-02,-5.363593250513076782e-02,-9.684177488088607788e-02,5.681374669075012207e-02,-1.577191869728267193e-05,-3.595795482397079468e-02,9.881595522165298462e-02,-9.219010919332504272e-02,1.147464215755462646e-01,-4.546786192804574966e-03,-3.458525985479354858e-02,4.145578294992446899e-02,1.114699169993400574e-01,5.262303166091442108e-03,2.525090612471103668e-02,-1.272396296262741089e-01,1.902434276416897774e-03,-5.700202658772468567e-02,-6.511857267469167709e-03,7.630375679582357407e-03,3.378099948167800903e-02,4.598343372344970703e-02,-4.882428422570228577e-02,6.704650074243545532e-02,4.178685601800680161e-03,-8.640887588262557983e-02,-6.583041511476039886e-03,-1.720827259123325348e-02,6.345561891794204712e-02,2.280131541192531586e-02,7.256821542978286743e-02,-5.787981208413839340e-03,-7.459472399204969406e-03,4.402593243867158890e-03,6.682487577199935913e-02
4.012257456779479980e-01,2.941948734223842621e-02,-2.310235649347305298e-01,-8.412756025791168213e-03,5.045004487037658691e-01,-2.628848552703857422e-01,1.300172805786132812e-01,6.396732330322265625e-01,1.205687820911407471e-01,1.446535140275955200e-01,-1.248667165637016296e-01,-2.198898196220397949e-01,1.495722532272338867e-01,7.626968622207641602e-02,2.815753519535064697e-01,5.005808472633361816e-01,5.567983025684952736e-04,1.097506955265998840e-01,-9.584305435419082642e-02,-1.700273901224136353e-01,2.352743409574031830e-02,1.407403349876403809e-01,-4.775162960868328810e-04,2.190528437495231628e-02,3.977480530738830566e-02,3.872340321540832520e-01,-2.011309415102005005e-01,-5.416766405105590820e-01,3.928775191307067871e-01,-2.647145092487335205e-01,-1.450358927249908447e-01,-2.347547709941864014e-01,-1.937767304480075836e-02,2.162178903818130493e-01,-4.412053897976875305e-02,-3.502001762390136719e-01,1.674060672521591187e-01,2.934321761131286621e-01,-6.509559750556945801e-01,-3.942052721977233887e-01,3.992172777652740479e-01,1.102585941553115845e-01,1.646581441164016724e-01,8.207960426807403564e-02,3.619693592190742493e-02,-1.354061961174011230e-01,-2.729837298393249512e-01,-1.635774523019790649e-01,8.215560764074325562e-02,-6.788876652717590332e-02,-2.143965065479278564e-01,-2.179638296365737915e-01,2.568770945072174072e-01,-9.265596419572830200e-02,-2.256358563899993896e-01,-4.560804665088653564e-01,1.876895576715469360e-01,2.484324760735034943e-02,-1.564178429543972015e-02,-1.197527870535850525e-01,-7.626828551292419434e-02,-9.539820998907089233e-02,7.250605267472565174e-04,2.583182156085968018e-01,1.311499774456024170e-01,-6.678828597068786621e-02,-2.059101611375808716e-01,4.543550908565521240e-01,-3.044494986534118652e-01,4.256021082401275635e-01,-4.910125732421875000e-01,-1.843657344579696655e-02,7.451131939888000488e-02,2.534261047840118408e-01,-1.781542450189590454e-01,-3.889959156513214111e-01,-2.883993554860353470e-03,3.606455922126770020e-01,-4.886149615049362183e-02,-3.012134432792663574e-01,2.779340147972106934e-01,8.113647345453500748e-04,-4.338732063770294189e-01,-4.404658451676368713e-03,-5.352975726127624512e-01,-2.007349133491516113e-01,4.642598330974578857e-01,1.092391554266214371e-02,6.651812046766281128e-02,2.937030792236328125e-01,-2.636609673500061035e-01,2.515940666198730469e-01,1.680472120642662048e-02,-1.862037181854248047e-01,-2.581917345523834229e-01,-3.300853371620178223e-01,3.651342689990997314e-01,-6.345882866298779845e-05,-4.243438243865966797e-01,4.647580683231353760e-01,-3.895210921764373779e-01,5.687080621719360352e-01,-2.276792079210281372e-01,-3.236143290996551514e-01,2.290516644716262817e-01,1.956257075071334839e-01,6.843119859695434570e-02,-2.020473629236221313e-01,-5.205869078636169434e-01,7.413001265376806259e-03,-2.819064259529113770e-02,5.048014596104621887e-02,-2.055184543132781982e-01,-8.386195451021194458e-02,4.260628521442413330e-01,-3.016338944435119629e-01,5.505905747413635254e-01,8.710012584924697876e-02,-4.724175930023193359e-01,8.818208239972591400e-03,1.093175485730171204e-01,2.740317583084106445e-01,2.352217286825180054e-01,1.224777624011039734e-01,-1.676387935876846313e-01,-1.115292385220527649e-01,1.672165282070636749e-02,2.261098772287368774e-01
8.464553207159042358e-02,5.067908018827438354e-02,-3.666244149208068848e-01,2.738388180732727051e-01,2.304933369159698486e-01,-1.441810578107833862e-01,-6.605716422200202942e-03,1.205687820911407471e-01,3.497991561889648438e-01,2.344102263450622559e-01,-1.192443370819091797e-01,-2.118923664093017578e-01,2.460896670818328857e-01,2.780576348304748535e-01,3.943776786327362061e-01,4.386683702468872070e-01,3.817182499915361404e-03,1.990167200565338135e-01,-3.708590269088745117e-01,-2.741107642650604248e-01,-3.940008878707885742e-01,3.154946863651275635e-01,1.789797991514205933e-01,-6.272998452186584473e-02,6.450922042131423950e-02,4.013964831829071045e-01,-3.552821576595306396e-01,-1.523027420043945312e-01,2.573512494564056396e-01,2.070009522140026093e-02,-5.492469295859336853e-02,-5.201856493949890137e-01,3.635551035404205322e-01,2.325840890407562256e-01,-8.957284502685070038e-03,-4.114706814289093018e-01,2.183843851089477539e-01,3.631882965564727783e-01,-2.254202812910079956e-01,-3.104488253593444824e-01,4.638806581497192383e-01,1.214207112789154053e-01,2.992235422134399414e-01,7.637321203947067261e-02,-1.654531955718994141e-01,-2.143431007862091064e-01,-3.827279508113861084e-01,-1.355041265487670898e-01,9.516681730747222900e-02,6.438478827476501465e-02,-8.019822835922241211e-02,1.272672563791275024e-01,2.892312109470367432e-01,-5.103785172104835510e-02,3.696865215897560120e-02,-4.292717576026916504e-01,1.513870805501937866e-01,2.306556701660156250e-02,-2.826004028320312500e-01,-3.361826539039611816e-01,-1.234951242804527283e-01,1.139641031622886658e-01,1.277365256100893021e-02,2.351131439208984375e-01,1.888975650072097778e-01,-1.232092902064323425e-01,9.336372022517025471e-04,3.788112401962280273e-01,-4.115453064441680908e-01,5.197140574455261230e-02,-3.271818161010742188e-01,2.054088413715362549e-01,-1.772753894329071045e-01,3.974448442459106445e-01,-1.929244101047515869e-01,-3.991132378578186035e-01,-2.138555282726883888e-03,4.118951261043548584e-01,-2.375013232231140137e-01,-4.200993478298187256e-01,4.677694141864776611e-01,1.056117936968803406e-03,-3.029189407825469971e-01,1.510903821326792240e-03,-4.169342219829559326e-01,-3.435296416282653809e-01,8.972981572151184082e-02,6.480151321738958359e-03,3.356142342090606689e-01,2.853015065193176270e-01,-1.549137532711029053e-01,-1.732876002788543701e-01,-3.428385853767395020e-01,1.375146508216857910e-01,-4.170232117176055908e-01,1.969210430979728699e-02,1.969185620546340942e-01,-4.375170101411640644e-05,-3.403924107551574707e-01,3.097840249538421631e-01,-8.555323630571365356e-02,2.374175786972045898e-01,-4.876260161399841309e-01,-3.429126143455505371e-01,4.829474985599517822e-01,1.329990029335021973e-01,-4.135729968547821045e-01,-3.403678834438323975e-01,-1.616684645414352417e-01,-2.201137319207191467e-02,3.849790692329406738e-01,-2.866554558277130127e-01,-4.013209640979766846e-01,8.253511786460876465e-02,3.551804721355438232e-01,-4.181262850761413574e-01,1.937761157751083374e-01,1.378041803836822510e-01,-4.324386715888977051e-01,2.267326116561889648e-01,2.525955438613891602e-01,4.191148281097412109e-01,3.754034936428070068e-01,-2.080912441015243530e-01,-1.951602250337600708e-01,-3.646631836891174316e-01,7.478266023099422455e-03,2.346338033676147461e-01
2.616439945995807648e-02,4.922067746520042419e-02,-4.068435430526733398e-01,3.068532645702362061e-01,2.329137027263641357e-01,-6.670577079057693481e-02,3.259213268756866455e-02,1.446535140275955200e-01,2.344102263450622559e-01,2.317828387022018433e-01,-9.650027006864547729e-02,-2.006902396678924561e-01,2.789602875709533691e-01,2.571303248405456543e-01,3.996020257472991943e-01,4.291258454322814941e-01,1.297760871239006519e-03,2.095174938440322876e-01,-3.790645003318786621e-01,-2.819916009902954102e-01,-2.816354632377624512e-01,3.135641515254974365e-01,2.325347363948822021e-01,-6.450375914573669434e-02,5.822096392512321472e-02,3.728070557117462158e-01,-3.783737421035766602e-01,-1.460788547992706299e-01,3.537206351757049561e-01,-2.539270184934139252e-02,-7.468558382242918015e-03,-4.842871725559234619e-01,3.409459292888641357e-01,2.901962399482727051e-01,-1.422114111483097076e-02,-4.061283171176910400e-01,2.190084308385848999e-01,3.746003508567810059e-01,-2.718100249767303467e-01,-2.776617109775543213e-01,4.063577651977539062e-01,9.966018050909042358e-02,3.459765613079071045e-01,8.679554611444473267e-02,-1.078051030635833740e-01,-2.886078059673309326e-01,-4.139566123485565186e-01,-1.196126118302345276e-01,6.094039976596832275e-02,4.019828140735626221e-02,-4.187054932117462158e-02,4.814190044999122620e-02,2.123844325542449951e-01,-1.787788420915603638e-02,-1.411099079996347427e-02,-4.598838984966278076e-01,1.384467184543609619e-01,2.522015199065208435e-02,-2.965492606163024902e-01,-3.364149630069732666e-01,-8.310940861701965332e-02,7.760421931743621826e-02,1.107868645340204239e-02,1.916585266590118408e-01,1.352829784154891968e-01,-1.201885044574737549e-01,3.524465486407279968e-02,3.907727897167205811e-01,-3.970714509487152100e-01,6.764148920774459839e-02,-3.508470654487609863e-01,5.607205629348754883e-02,-1.288929879665374756e-01,3.934942483901977539e-01,-1.300286203622817993e-01,-3.972357213497161865e-01,-2.519985195249319077e-03,4.589550495147705078e-01,-1.923625320196151733e-01,-4.012391269207000732e-01,4.571760296821594238e-01,1.082361093722283840e-03,-3.470436036586761475e-01,-9.712511673569679260e-04,-3.792121708393096924e-01,-3.758133649826049805e-01,1.443310678005218506e-01,7.347976323217153549e-03,3.009462356567382812e-01,2.868696153163909912e-01,-1.486995220184326172e-01,-1.398873925209045410e-01,-3.235801458358764648e-01,1.047833636403083801e-01,-3.915928900241851807e-01,3.396256268024444580e-02,2.502973973751068115e-01,-4.481996074900962412e-05,-3.421491384506225586e-01,2.842098474502563477e-01,-1.186072379350662231e-01,2.279695868492126465e-01,-4.606176912784576416e-01,-3.494323194026947021e-01,4.982772469520568848e-01,1.537092179059982300e-01,-3.800348937511444092e-01,-3.548913896083831787e-01,-1.314794719219207764e-01,-1.775797083973884583e-02,2.959522306919097900e-01,-3.184366524219512939e-01,-3.977074325084686279e-01,8.454238623380661011e-02,4.170025885105133057e-01,-4.119629859924316406e-01,1.891735494136810303e-01,1.822973042726516724e-01,-4.435582160949707031e-01,2.050260454416275024e-01,2.998674213886260986e-01,3.834760189056396484e-01,3.641373813152313232e-01,-2.152612507343292236e-01,-2.157130241394042969e-01,-3.468281030654907227e-01,1.405092771165072918e-04,2.602804899215698242e-01
-1.902224570512771606e-01,-8.623873814940452576e-03,8.984865248203277588e-02,-1.183662936091423035e-01,-1.429916918277740479e-01,9.720510244369506836e-02,-8.251656591892242432e-02,-1.248667165637016296e-01,-1.192443370819091797e-01,-9.650027006864547729e-02,2.138214409351348877e-01,8.066572248935699463e-02,8.302878588438034058e-02,-8.803723007440567017e-02,-9.593892842531204224e-02,-8.818756788969039917e-02,-3.009537002071738243e-03,-5.611793324351310730e-02,1.617525964975357056e-01,1.014187484979629517e-01,2.269413173198699951e-01,-5.761983618140220642e-02,-9.013765491545200348e-03,-4.626720398664474487e-02,-2.536053024232387543e-02,-4.483852535486221313e-02,-1.216191798448562622e-02,6.144744902849197388e-02,-1.056773035088554025e-04,2.908784337341785431e-02,1.168071627616882324e-01,1.266836822032928467e-01,-1.905380785465240479e-01,-5.604638159275054932e-02,-3.971589729189872742e-03,2.423285320401191711e-02,-4.855737462639808655e-02,-9.963767975568771362e-02,2.985674329102039337e-02,2.849089205265045166e-01,-2.349723577499389648e-01,-1.131360381841659546e-01,7.313806563615798950e-03,-2.169909141957759857e-02,1.698533147573471069e-01,-1.250748932361602783e-01,1.459580212831497192e-01,9.517091512680053711e-02,-8.484981209039688110e-02,-6.449059396982192993e-02,7.536228746175765991e-02,-3.799521923065185547e-02,-2.717471122741699219e-01,6.088962033390998840e-02,-8.229663223028182983e-02,1.017651781439781189e-01,-1.047990843653678894e-01,-4.401945509016513824e-03,8.553753793239593506e-02,1.081144139170646667e-01,1.345007568597793579e-01,-6.943370401859283447e-02,-6.635221187025308609e-03,-2.069955170154571533e-01,-1.430447995662689209e-01,2.960353903472423553e-02,1.429183483123779297e-01,-9.639029204845428467e-02,8.601199835538864136e-02,-4.544368013739585876e-02,1.575280129909515381e-01,-2.984412908554077148e-01,6.834551692008972168e-02,-9.774529188871383667e-02,1.992607712745666504e-01,2.042522430419921875e-01,-1.572567038238048553e-03,-6.472565978765487671e-02,2.311987876892089844e-01,1.206260174512863159e-01,-2.178323417901992798e-01,-2.016555663431063294e-04,7.009033113718032837e-02,-1.146913738921284676e-03,2.501645982265472412e-01,-2.476571593433618546e-03,-6.544418632984161377e-02,7.722020382061600685e-04,-1.479601836763322353e-03,-9.378158301115036011e-02,1.559042781591415405e-01,7.469766587018966675e-02,1.024664565920829773e-01,-2.610563859343528748e-02,2.033685594797134399e-01,1.076599732041358948e-01,-9.386495500802993774e-02,2.665542888280469924e-05,5.549737438559532166e-02,-1.833142042160034180e-01,7.833628356456756592e-02,-9.485973417758941650e-02,1.408868879079818726e-01,8.931279182434082031e-02,-1.458930969238281250e-01,-2.832371592521667480e-01,2.063760161399841309e-01,2.028028015047311783e-03,1.504358649253845215e-01,5.256264936178922653e-03,-9.333563596010208130e-02,1.136799603700637817e-01,9.914603829383850098e-02,-1.074287891387939453e-01,-9.134358167648315430e-02,1.420122683048248291e-01,-4.560580477118492126e-02,-9.317555814050137997e-04,1.961416900157928467e-01,-9.205673635005950928e-02,-5.716423504054546356e-03,-2.185952812433242798e-01,-1.396962255239486694e-01,-2.438928000628948212e-02,2.554041519761085510e-02,1.120639666914939880e-01,1.300911535508930683e-03,-1.313617676496505737e-01
-7.740910351276397705e-02,-4.340473562479019165e-02,3.650619387626647949e-01,-2.648999691009521484e-01,-2.539178431034088135e-01,7.853436470031738281e-02,-2.452686615288257599e-02,-2.198898196220397949e-01,-2.118923664093017578e-01,-2.006902396678924561e-01,8.066572248935699463e-02,2.094465196132659912e-01,-2.427495867013931274e-01,-2.600207626819610596e-01,-3.865812718868255615e-01,-4.347313046455383301e-01,-2.322594868019223213e-03,-1.819551140069961548e-01,3.086663484573364258e-01,2.543901801109313965e-01,2.216406911611557007e-01,-2.988559305667877197e-01,-1.985238194465637207e-01,5.888698250055313110e-02,-5.346827208995819092e-02,-3.490792810916900635e-01,3.419766426086425781e-01,1.890714168548583984e-01,-3.517059683799743652e-01,3.059692308306694031e-02,3.522186353802680969e-02,4.406017661094665527e-01,-2.570042014122009277e-01,-2.836211919784545898e-01,2.055027149617671967e-02,3.982720971107482910e-01,-2.022616267204284668e-01,-3.469878435134887695e-01,3.219132423400878906e-01,3.026701211929321289e-01,-3.803757429122924805e-01,-9.804860502481460571e-02,-3.044452071189880371e-01,-8.470400422811508179e-02,4.993948340415954590e-02,2.599950134754180908e-01,3.850201964378356934e-01,1.289913803339004517e-01,-4.567119106650352478e-02,5.966049153357744217e-03,7.672238349914550781e-02,2.842508023604750633e-03,-2.125653773546218872e-01,4.456292837858200073e-02,4.589109867811203003e-02,4.567669630050659180e-01,-1.564486771821975708e-01,-2.535726130008697510e-02,2.131763100624084473e-01,3.052730262279510498e-01,7.284232974052429199e-02,-4.918423667550086975e-02,-9.679736569523811340e-03,-1.529086083173751831e-01,-1.291539669036865234e-01,1.062832698225975037e-01,1.411274890415370464e-03,-3.853485584259033203e-01,3.762712180614471436e-01,-9.904345124959945679e-02,3.534291088581085205e-01,-2.151074260473251343e-02,1.022969782352447510e-01,-3.786143660545349121e-01,1.054858490824699402e-01,3.669196069240570068e-01,2.344925655052065849e-03,-4.340081214904785156e-01,1.742863804101943970e-01,3.830360770225524902e-01,-4.232665896415710449e-01,-1.075961743481457233e-03,3.405882418155670166e-01,1.076699816621840000e-03,3.836821913719177246e-01,3.468359708786010742e-01,-1.547941118478775024e-01,-7.795122917741537094e-03,-2.430525273084640503e-01,-2.806406319141387939e-01,1.508832871913909912e-01,7.409509271383285522e-02,2.582361102104187012e-01,-6.525836884975433350e-02,3.510107696056365967e-01,1.783244311809539795e-02,-2.488998174667358398e-01,4.419040851644240320e-05,3.501861989498138428e-01,-2.820807397365570068e-01,1.580065041780471802e-01,-2.526421248912811279e-01,4.266117215156555176e-01,3.337863981723785400e-01,-4.231714308261871338e-01,-1.617987155914306641e-01,2.941845059394836426e-01,3.243402540683746338e-01,1.593095213174819946e-01,1.265086047351360321e-02,-2.730148434638977051e-01,2.525001466274261475e-01,3.713852763175964355e-01,-7.001100480556488037e-02,-4.087404310703277588e-01,3.729755878448486328e-01,-2.427454739809036255e-01,-1.608786731958389282e-01,4.340182542800903320e-01,-1.737519949674606323e-01,-2.542022168636322021e-01,-3.528884947299957275e-01,-3.343384563922882080e-01,1.558263748884201050e-01,2.258902341127395630e-01,3.001368641853332520e-01,-6.484240293502807617e-03,-2.288094609975814819e-01
