4.774924516677856445e-01,-4.252432379871606827e-03,1.592194847762584686e-02,-1.181402578949928284e-01,1.655505448579788208e-01,-1.483078896999359131e-01,1.228353306651115417e-01,3.756593167781829834e-01,7.965288311243057251e-02,2.311058342456817627e-02,-1.013908237218856812e-01,-2.595996297895908356e-02,-4.633505269885063171e-02,5.474942922592163086e-02,1.161693707108497620e-01,5.834807828068733215e-02,7.006996311247348785e-03,-8.650499582290649414e-02,1.647883653640747070e-01,1.740616559982299805e-02,-3.579723089933395386e-02,-7.012713700532913208e-02,-1.089895665645599365e-01,8.305504918098449707e-02,-4.176148679107427597e-03,-3.854677453637123108e-02,1.166317313909530640e-01,-1.896211355924606323e-01,-5.624140053987503052e-02,-1.632922291755676270e-01,-1.606462746858596802e-01,3.776331990957260132e-02,-7.340954244136810303e-02,-2.760791778564453125e-02,-2.811298146843910217e-02,2.277100831270217896e-02,-4.789404198527336121e-02,1.317205931991338730e-02,-2.718134224414825439e-01,-2.725005745887756348e-01,1.452899873256683350e-01,7.697649300098419189e-02,-1.859332472085952759e-01,1.138724270276725292e-03,-8.426995016634464264e-03,5.697457492351531982e-02,-7.735040783882141113e-02,-7.712259143590927124e-02,6.863310188055038452e-02,3.578380122780799866e-02,-1.514675170183181763e-01,-2.957434579730033875e-02,1.725952327251434326e-01,-3.555609285831451416e-02,-1.048491001129150391e-01,-6.570016592741012573e-02,3.148879855871200562e-02,3.287762869149446487e-03,-4.650213755667209625e-03,1.942732743918895721e-02,1.915917173027992249e-02,-4.874759167432785034e-02,3.324364079162478447e-03,1.236491575837135315e-01,1.567469723522663116e-02,2.097339183092117310e-02,-1.640691608190536499e-01,9.493396431207656860e-02,-1.707402057945728302e-02,1.621596515178680420e-01,-1.415293961763381958e-01,7.730413228273391724e-02,7.421910017728805542e-02,6.835937500000000000e-02,-8.411715179681777954e-02,-4.997969418764114380e-02,-1.094644190743565559e-03,1.364650018513202667e-02,-8.615141361951828003e-02,-2.090223366394639015e-03,-5.519288033246994019e-02,1.956168998731300235e-04,-1.945624202489852905e-01,-5.690995603799819946e-03,-2.282002568244934082e-01,3.972547873854637146e-02,2.239433825016021729e-01,-2.831090241670608521e-03,-7.625438272953033447e-02,4.390011727809906006e-02,-1.142836585640907288e-01,8.145609498023986816e-02,1.972437053918838501e-01,-1.790136247873306274e-01,2.003170549869537354e-03,-2.884359955787658691e-01,1.281231343746185303e-01,-1.216272794408723712e-04,-1.245923638343811035e-01,2.627377510070800781e-01,-9.006504714488983154e-02,2.824915945529937744e-01,3.669460117816925049e-02,-9.872741065919399261e-03,-9.254562109708786011e-02,2.304980456829071045e-01,1.779144257307052612e-01,1.485187560319900513e-01,-3.080702722072601318e-01,1.617026887834072113e-02,-8.496490865945816040e-02,1.541335582733154297e-01,7.124727964401245117e-02,-1.145208105444908142e-01,7.267274707555770874e-02,-4.653051868081092834e-02,2.996369600296020508e-01,-1.010307744145393372e-01,-2.390554100275039673e-01,-3.469451144337654114e-02,-9.592221677303314209e-02,1.142052039504051208e-01,1.025825664401054382e-01,1.417828649282455444e-01,1.079253330826759338e-01,-2.331050671637058258e-02,-1.787027157843112946e-02,-4.084016382694244385e-02
-4.252432379871606827e-03,1.546171400696039200e-02,-9.969801455736160278e-02,7.870770990848541260e-02,4.812736809253692627e-02,-1.490608695894479752e-02,-2.772944048047065735e-02,2.012874931097030640e-02,2.070907317101955414e-02,3.496611863374710083e-02,1.074495166540145874e-02,-4.489396512508392334e-02,8.059570193290710449e-02,7.310806959867477417e-02,9.875132143497467041e-02,1.011106446385383606e-01,2.296693564858287573e-04,4.431508481502532959e-02,-5.996970832347869873e-02,-4.573480412364006042e-02,-4.977723956108093262e-02,9.890062361955642700e-02,5.011385306715965271e-02,-1.188334170728921890e-02,1.217034552246332169e-02,1.116007044911384583e-01,-1.096919775009155273e-01,-1.810419932007789612e-02,9.054921567440032959e-02,2.216247096657752991e-02,2.018621750175952911e-02,-1.005027294158935547e-01,6.133698299527168274e-02,5.098333954811096191e-02,-3.795638913288712502e-03,-1.100340485572814941e-01,2.872951701283454895e-02,5.543419346213340759e-02,-6.012710556387901306e-02,-4.816660284996032715e-02,8.058705180883407593e-02,1.018375530838966370e-02,9.442256391048431396e-02,1.481612492352724075e-02,3.656830231193453074e-04,-5.629381537437438965e-02,-1.071645095944404602e-01,-2.923047356307506561e-02,-1.168387010693550110e-02,1.153013389557600021e-02,-6.391916424036026001e-03,-1.467240881174802780e-02,1.012739539146423340e-02,4.687585460487753153e-04,-1.826979103498160839e-03,-1.140301302075386047e-01,2.670194767415523529e-02,8.817203342914581299e-03,-3.430781513452529907e-02,-6.067654117941856384e-02,3.531728580128401518e-04,8.424430154263973236e-03,3.492035204544663429e-03,2.148016169667243958e-02,8.791419677436351776e-03,-2.577308937907218933e-02,4.013969004154205322e-02,1.013513505458831787e-01,-1.000876501202583313e-01,-1.458473387174308300e-03,-7.261035591363906860e-02,-7.594728376716375351e-03,-3.163778036832809448e-02,1.011114642024040222e-01,-9.891727007925510406e-03,-8.712430298328399658e-02,-2.288446761667728424e-03,1.170639097690582275e-01,-4.191402718424797058e-02,-9.304431080818176270e-02,1.054283753037452698e-01,9.312991169281303883e-04,-7.171639055013656616e-02,2.052078023552894592e-03,-6.880365312099456787e-02,-1.069891899824142456e-01,1.086302101612091064e-02,4.875271115452051163e-03,4.538842663168907166e-02,4.374759644269943237e-02,-1.066817436367273331e-02,-2.722525596618652344e-02,-8.706445991992950439e-02,3.557401150465011597e-02,-8.993757516145706177e-02,2.024432271718978882e-02,5.686007440090179443e-02,-6.897144339745864272e-05,-6.622498482465744019e-02,3.477359935641288757e-02,-2.271759137511253357e-02,7.240678183734416962e-03,-1.125710085034370422e-01,-4.827483370900154114e-02,1.150708943605422974e-01,-5.771675147116184235e-03,-7.273337244987487793e-02,-1.031552329659461975e-01,3.736997023224830627e-03,-7.768846116960048676e-03,7.524034380912780762e-02,-4.044957831501960754e-02,-9.874004125595092773e-02,-1.561463717371225357e-02,1.136316806077957153e-01,-9.624975174665451050e-02,2.704005315899848938e-02,1.923083141446113586e-02,-9.709701687097549438e-02,3.552909567952156067e-02,6.535296887159347534e-02,7.261376082897186279e-02,9.523142129182815552e-02,-5.253931134939193726e-02,-5.220495164394378662e-02,-4.124877229332923889e-02,9.741241228766739368e-04,3.249460086226463318e-02
1.592194847762584686e-02,-9.969801455736160278e-02,7.152780890464782715e-01,-6.035936474800109863e-01,-2.969857454299926758e-01,1.913980022072792053e-02,1.594392508268356323e-01,-1.613292992115020752e-01,-1.191144660115242004e-01,-2.632056474685668945e-01,-6.338592618703842163e-02,3.446411192417144775e-01,-4.949739575386047363e-01,-5.773362517356872559e-01,-6.845761537551879883e-01,-6.750915646553039551e-01,-8.179528638720512390e-03,-2.556314170360565186e-01,4.575819671154022217e-01,3.704230785369873047e-01,3.675355613231658936e-01,-7.087407708168029785e-01,-4.130665361881256104e-01,1.387301832437515259e-01,-9.306631982326507568e-02,-7.044730782508850098e-01,7.168078422546386719e-01,5.200212076306343079e-02,-6.527930498123168945e-01,-1.370089799165725708e-01,-1.235884875059127808e-01,7.101311683654785156e-01,-4.375350177288055420e-01,-4.333052039146423340e-01,3.467539697885513306e-02,7.410980463027954102e-01,-2.096676975488662720e-01,-4.025483429431915283e-01,4.036543667316436768e-01,4.151873290538787842e-01,-5.538559556007385254e-01,-8.303192257881164551e-02,-6.192653179168701172e-01,-1.110109314322471619e-01,-1.583246514201164246e-02,4.130223095417022705e-01,7.342864871025085449e-01,2.276815325021743774e-01,7.472201436758041382e-02,2.083796262741088867e-02,2.609127573668956757e-02,1.247345954179763794e-01,-9.279266744852066040e-02,6.186529621481895447e-02,-7.008894346654415131e-03,7.668663859367370605e-01,-2.330465316772460938e-01,-6.623574346303939819e-02,1.793209463357925415e-01,4.502213597297668457e-01,3.805512562394142151e-02,-9.967783838510513306e-02,-2.818097546696662903e-02,-1.618751436471939087e-01,-7.074006646871566772e-02,1.820863932371139526e-01,-2.378792464733123779e-01,-6.673322319984436035e-01,6.927154660224914551e-01,4.615971818566322327e-02,5.496882796287536621e-01,7.782921940088272095e-02,2.366196811199188232e-01,-7.180405855178833008e-01,4.903172329068183899e-02,6.005594134330749512e-01,1.437705662101507187e-02,-7.993622422218322754e-01,3.578057587146759033e-01,6.807852387428283691e-01,-7.565747499465942383e-01,-7.357541471719741821e-03,5.164674520492553711e-01,-1.246840320527553558e-02,5.062093138694763184e-01,6.643605828285217285e-01,-7.955694943666458130e-02,-3.376104682683944702e-02,-2.909734249114990234e-01,-3.504084944725036621e-01,6.707786768674850464e-02,2.088583111763000488e-01,6.118052601814270020e-01,-2.690274715423583984e-01,6.517417430877685547e-01,-9.446292370557785034e-02,-3.905093669891357422e-01,5.333662265911698341e-04,4.942901432514190674e-01,-2.779484987258911133e-01,2.302433699369430542e-01,-5.647911503911018372e-02,7.700383067131042480e-01,3.572533130645751953e-01,-7.613220810890197754e-01,-7.964043319225311279e-02,5.421146750450134277e-01,6.931782960891723633e-01,-6.530920416116714478e-02,5.768810212612152100e-02,-5.721103549003601074e-01,3.910010159015655518e-01,6.924496293067932129e-01,-2.640115655958652496e-02,-7.406229972839355469e-01,6.400680541992187500e-01,-2.066615223884582520e-01,-1.592117846012115479e-01,6.960110664367675781e-01,-2.737731337547302246e-01,-4.609373509883880615e-01,-5.638709664344787598e-01,-6.641250252723693848e-01,3.312562108039855957e-01,4.479211568832397461e-01,3.564015328884124756e-01,-2.754388190805912018e-02,-2.484415620565414429e-01
-1.181402578949928284e-01,7.870770990848541260e-02,-6.035936474800109863e-01,6.476721167564392090e-01,1.612821221351623535e-01,7.073619961738586426e-02,-1.538463681936264038e-01,8.308282122015953064e-03,8.730040490627288818e-02,2.161734253168106079e-01,2.775865234434604645e-02,-2.865684330463409424e-01,3.046373724937438965e-01,5.529507994651794434e-01,5.485760569572448730e-01,5.063601136207580566e-01,9.940255433320999146e-03,2.490735948085784912e-01,-4.586793184280395508e-01,-3.021131455898284912e-01,-4.366883337497711182e-01,6.377068758010864258e-01,3.615079224109649658e-01,-1.550909578800201416e-01,8.462217450141906738e-02,5.605532526969909668e-01,-5.775142312049865723e-01,9.131114184856414795e-02,4.796091616153717041e-01,2.142951637506484985e-01,1.184979826211929321e-01,-6.569952368736267090e-01,4.770324230194091797e-01,3.232359588146209717e-01,-1.163894589990377426e-02,-6.109217405319213867e-01,1.927703171968460083e-01,3.115648627281188965e-01,-1.623911410570144653e-01,-4.205308258533477783e-01,4.621140062808990479e-01,8.228354901075363159e-02,5.284683108329772949e-01,8.857280761003494263e-02,-3.954010829329490662e-02,-2.115132212638854980e-01,-5.901254415512084961e-01,-2.198484688997268677e-01,-7.436069101095199585e-02,3.305261582136154175e-02,2.517976798117160797e-02,-6.309794634580612183e-02,9.899218380451202393e-02,-9.916066378355026245e-02,1.511427462100982666e-01,-5.996906161308288574e-01,1.994790583848953247e-01,4.905622452497482300e-02,-1.228664666414260864e-01,-4.103350639343261719e-01,-1.258745044469833374e-01,1.518724709749221802e-01,2.901212684810161591e-02,1.509364396333694458e-01,9.193042665719985962e-02,-1.535410881042480469e-01,2.225567251443862915e-01,5.129340291023254395e-01,-5.573707818984985352e-01,-1.194952502846717834e-01,-4.133017659187316895e-01,8.385872840881347656e-02,-2.498804181814193726e-01,6.022267937660217285e-01,-4.884669184684753418e-02,-5.576044321060180664e-01,-7.394678425043821335e-03,6.496640443801879883e-01,-4.440349638462066650e-01,-5.756289362907409668e-01,7.370139956474304199e-01,6.129700690507888794e-03,-3.207570910453796387e-01,1.285127550363540649e-02,-4.313676357269287109e-01,-4.922862350940704346e-01,-9.394033253192901611e-02,2.465398050844669342e-02,2.353330552577972412e-01,2.765483260154724121e-01,-2.140554226934909821e-02,-2.783016860485076904e-01,-6.373265981674194336e-01,3.488330841064453125e-01,-5.985144972801208496e-01,1.492207348346710205e-01,2.930957376956939697e-01,-4.201697884127497673e-04,-3.290497362613677979e-01,1.652463525533676147e-01,-1.437078714370727539e-01,-9.428917616605758667e-02,-7.025991678237915039e-01,-2.850897014141082764e-01,6.658783555030822754e-01,1.396673023700714111e-01,-6.337382793426513672e-01,-6.140128970146179199e-01,1.548014283180236816e-01,-5.342013761401176453e-02,6.169425249099731445e-01,-4.568381905555725098e-01,-6.219257116317749023e-01,1.067153140902519226e-01,5.546800494194030762e-01,-4.911234080791473389e-01,4.563916847109794617e-02,1.340703368186950684e-01,-5.579546093940734863e-01,2.727553546428680420e-01,3.819633722305297852e-01,4.933409690856933594e-01,5.343903899192810059e-01,-3.141468167304992676e-01,-3.774941563606262207e-01,-3.394279778003692627e-01,2.674173936247825623e-02,2.428799122571945190e-01
1.655505448579788208e-01,4.812736809253692627e-02,-2.969857454299926758e-01,1.612821221351623535e-01,2.592791616916656494e-01,-1.327979564666748047e-01,-3.134855255484580994e-02,2.524531483650207520e-01,7.263962924480438232e-02,1.131302490830421448e-01,-3.311520675197243690e-03,-1.432835459709167480e-01,2.784036993980407715e-01,1.738055795431137085e-01,3.503371477127075195e-01,3.551960587501525879e-01,1.710931974230334163e-05,1.125584095716476440e-01,-1.112746074795722961e-01,-1.248284056782722473e-01,-8.531664311885833740e-02,2.594500780105590820e-01,9.234355390071868896e-02,1.787443272769451141e-02,3.133115544915199280e-02,3.463836908340454102e-01,-3.118014931678771973e-01,-1.804495304822921753e-01,2.975144982337951660e-01,-3.786055371165275574e-02,3.158265491947531700e-03,-2.523361742496490479e-01,1.269206851720809937e-01,1.341340392827987671e-01,-2.554124966263771057e-02,-3.256697952747344971e-01,6.582222133874893188e-02,1.861318051815032959e-01,-3.707005381584167480e-01,-1.918923705816268921e-01,3.136725425720214844e-01,5.403991788625717163e-02,2.245810031890869141e-01,4.737865924835205078e-02,2.179112844169139862e-02,-1.877023577690124512e-01,-3.796417415142059326e-01,-1.081891581416130066e-01,-5.106219556182622910e-03,7.165508717298507690e-02,-9.046346694231033325e-02,-6.596736609935760498e-02,7.496615499258041382e-02,1.350810565054416656e-02,-9.660273045301437378e-02,-3.949438929557800293e-01,8.324018120765686035e-02,3.019961528480052948e-02,-1.431918889284133911e-01,-1.669191867113113403e-01,4.867817088961601257e-02,-2.524427324533462524e-02,9.076741524040699005e-03,1.119093373417854309e-01,3.073292039334774017e-02,-7.285119593143463135e-02,7.929930090904235840e-02,3.719210624694824219e-01,-3.025094866752624512e-01,9.951166808605194092e-02,-3.018950223922729492e-01,-4.043857380747795105e-02,-3.330002725124359131e-02,3.271900713443756104e-01,-6.454896926879882812e-02,-2.892338037490844727e-01,-9.313565678894519806e-03,3.714298009872436523e-01,-1.152163967490196228e-01,-2.768419981002807617e-01,2.669941484928131104e-01,2.691227244213223457e-03,-3.293005824089050293e-01,4.148650448769330978e-03,-2.998180985450744629e-01,-3.522033393383026123e-01,1.724523752927780151e-01,1.548986323177814484e-02,1.086299568414688110e-01,1.507802158594131470e-01,-1.027408912777900696e-01,-1.430670823901891708e-02,-1.560402959585189819e-01,-9.942882694303989410e-03,-2.575474679470062256e-01,-4.529261216521263123e-02,2.584815919399261475e-01,-2.587891940493136644e-04,-2.590488791465759277e-01,2.351603806018829346e-01,-1.026245653629302979e-01,1.763257682323455811e-01,-3.080543875694274902e-01,-1.579742878675460815e-01,3.313371837139129639e-01,3.372762724757194519e-02,-1.049592122435569763e-01,-2.640973031520843506e-01,-1.480057388544082642e-01,-1.490526832640171051e-02,1.055851131677627563e-01,-8.738826960325241089e-03,-2.637918293476104736e-01,-1.445318013429641724e-01,4.286965727806091309e-01,-3.413622677326202393e-01,2.154809534549713135e-01,3.117074258625507355e-02,-3.906339108943939209e-01,7.518000155687332153e-02,1.888608783483505249e-01,2.433327734470367432e-01,3.330813646316528320e-01,-1.138901785016059875e-01,-9.343206137418746948e-02,-9.068702161312103271e-02,-9.738671593368053436e-03,8.823352307081222534e-02
-1.483078896999359131e-01,-1.490608695894479752e-02,1.913980022072792053e-02,7.073619961738586426e-02,-1.327979564666748047e-01,2.637674808502197266e-01,-1.156458165496587753e-02,-1.073068752884864807e-01,-1.509669423103332520e-01,-6.054859980940818787e-02,4.842256009578704834e-02,3.471133857965469360e-02,-1.662818342447280884e-01,7.387357950210571289e-02,-8.958951383829116821e-02,-1.401274502277374268e-01,-3.397501306608319283e-03,-2.787370420992374420e-02,6.424079649150371552e-03,-1.636379398405551910e-02,7.322266697883605957e-02,-1.027514878660440445e-02,9.093715250492095947e-02,-1.451495662331581116e-02,-1.485607773065567017e-02,-2.040504962205886841e-01,7.091531157493591309e-02,1.315766125917434692e-01,-2.415285259485244751e-02,1.592280715703964233e-02,7.882072031497955322e-02,7.369953393936157227e-02,-4.593766853213310242e-02,7.183354347944259644e-02,6.788514554500579834e-03,8.287741243839263916e-02,-8.364748209714889526e-03,-8.139873296022415161e-02,2.289415150880813599e-01,-5.254079028964042664e-02,-2.248228192329406738e-01,-2.692449837923049927e-02,5.152549967169761658e-02,-3.694102866575121880e-03,1.010831743478775024e-01,6.592875719070434570e-02,1.258923262357711792e-01,1.687568053603172302e-02,-8.451695740222930908e-02,-7.119397073984146118e-02,1.567187756299972534e-01,-1.135175228118896484e-01,-6.341619789600372314e-02,-5.732949823141098022e-02,6.762027740478515625e-02,1.067894101142883301e-01,6.721626967191696167e-03,-7.973560132086277008e-03,1.151092424988746643e-01,2.405652962625026703e-02,-3.434260934591293335e-02,1.915704458951950073e-02,5.039637908339500427e-04,-1.769142150878906250e-01,-3.438434377312660217e-02,3.801418468356132507e-02,2.200970612466335297e-02,-1.302262693643569946e-01,1.098802164196968079e-01,-6.497696787118911743e-02,1.290435791015625000e-01,-1.312330067157745361e-01,7.288430351763963699e-04,-1.167336851358413696e-01,8.465102314949035645e-02,6.193058565258979797e-02,6.827774923294782639e-03,-1.125456541776657104e-01,2.038899995386600494e-02,9.136421978473663330e-02,-3.039080649614334106e-02,-3.136858867947012186e-04,1.125935316085815430e-01,-4.988722037523984909e-03,1.523705124855041504e-01,1.468347460031509399e-01,-1.200977787375450134e-01,-5.414193496108055115e-03,-1.015919595956802368e-01,-6.048763543367385864e-02,6.556329131126403809e-02,-3.662292286753654480e-02,-3.811933798715472221e-03,9.309793263673782349e-02,1.030969843268394470e-01,4.592411965131759644e-02,-3.244254365563392639e-02,1.049069542204961181e-04,6.453648954629898071e-02,-2.327321320772171021e-01,1.034411694854497910e-02,-2.372726798057556152e-01,8.628644794225692749e-02,6.078416854143142700e-02,-1.484228819608688354e-01,1.068287491798400879e-01,-2.069680951535701752e-02,4.202146828174591064e-02,2.131275832653045654e-01,7.437827531248331070e-03,6.262855231761932373e-02,-1.277588307857513428e-01,3.420272469520568848e-02,1.298543959856033325e-01,-1.349706798791885376e-01,1.963448822498321533e-01,-8.693958073854446411e-02,3.440728038549423218e-02,1.452068686485290527e-01,-5.304349586367607117e-03,-3.803022578358650208e-02,-9.712213277816772461e-02,-1.354209780693054199e-01,3.473312780261039734e-02,-8.986350893974304199e-02,6.524678785353899002e-03,8.267793600680306554e-05,1.210925448685884476e-02
1.228353306651115417e-01,-2.772944048047065735e-02,1.594392508268356323e-01,-1.538463681936264038e-01,-3.134855255484580994e-02,-1.156458165496587753e-02,1.221701800823211670e-01,7.883302867412567139e-02,-3.089217096567153931e-02,-4.296869412064552307e-02,-6.759840995073318481e-02,6.828232109546661377e-02,-1.500295400619506836e-01,-1.502029150724411011e-01,-1.418992727994918823e-01,-1.603732705116271973e-01,2.629451220855116844e-03,-1.110930889844894409e-01,1.209450438618659973e-01,6.951643526554107666e-02,8.410762995481491089e-02,-1.860964000225067139e-01,-1.185016259551048279e-01,3.806849196553230286e-02,-2.008057944476604462e-02,-1.942656040191650391e-01,2.103945165872573853e-01,-1.623057946562767029e-02,-1.488526016473770142e-01,-1.155544742941856384e-01,-8.177089691162109375e-02,1.802251487970352173e-01,-1.098971739411354065e-01,-1.150415763258934021e-01,-1.593077555298805237e-03,2.045114636421203613e-01,-6.089374795556068420e-02,-8.021984249353408813e-02,-3.001479897648096085e-03,2.435852587223052979e-02,-6.338088959455490112e-02,8.826922625303268433e-03,-2.277990728616714478e-01,-2.422839403152465820e-02,-2.686934731900691986e-02,1.127845719456672668e-01,1.458429247140884399e-01,2.748704142868518829e-02,6.010646745562553406e-02,8.866148069500923157e-03,-3.225277364253997803e-02,3.841972351074218750e-02,3.217887505888938904e-02,-6.432235240936279297e-03,-3.466737642884254456e-02,1.664977669715881348e-01,-4.408410564064979553e-02,-1.391097530722618103e-02,2.885024435818195343e-02,1.124567538499832153e-01,-3.762417938560247421e-03,-1.956032030284404755e-02,-4.797318018972873688e-03,3.392332792282104492e-02,8.930687326937913895e-04,4.525423794984817505e-02,-1.122034788131713867e-01,-1.345452070236206055e-01,1.740764081478118896e-01,6.310730427503585815e-02,5.589392408728599548e-02,4.433893784880638123e-02,9.356931596994400024e-02,-1.495016068220138550e-01,-1.623848453164100647e-02,1.052514985203742981e-01,3.083721036091446877e-03,-1.781675815582275391e-01,2.729261666536331177e-02,1.493293642997741699e-01,-1.818282008171081543e-01,-1.573973335325717926e-03,5.830463767051696777e-02,-5.019400734454393387e-03,2.560396865010261536e-02,2.014318704605102539e-01,8.398903906345367432e-02,-8.923769928514957428e-03,-1.049102470278739929e-01,-5.066908150911331177e-02,-2.919427491724491119e-02,7.047896087169647217e-02,1.881446838378906250e-01,-1.147544085979461670e-01,1.374735087156295776e-01,-1.283176988363265991e-01,-5.408500134944915771e-02,6.003666203469038010e-05,8.721959590911865234e-02,5.620716884732246399e-02,6.754179019480943680e-03,1.060965731739997864e-01,1.963022947311401367e-01,7.170529663562774658e-02,-1.792545765638351440e-01,9.253861010074615479e-02,1.486250758171081543e-01,2.191303223371505737e-01,-1.216526776552200317e-01,1.572999171912670135e-02,-1.958788782358169556e-01,8.905249834060668945e-02,1.995237916707992554e-01,2.367816679179668427e-02,-1.508101224899291992e-01,1.238259971141815186e-01,3.316138684749603271e-02,-5.417523533105850220e-02,8.297099918127059937e-02,-7.150120288133621216e-02,-1.133731082081794739e-01,-7.531987130641937256e-02,-1.200190186500549316e-01,1.202824786305427551e-01,1.332897841930389404e-01,6.984057277441024780e-02,-1.614513603271916509e-04,-4.132950305938720703e-02
3.756593167781829834e-01,2.012874931097030640e-02,-1.613292992115020752e-01,8.308282122015953064e-03,2.524531483650207520e-01,-1.073068752884864807e-01,7.883302867412567139e-02,4.815710186958312988e-01,7.849077694118022919e-03,5.829463899135589600e-02,-3.860897570848464966e-02,-9.588084369897842407e-02,1.331163048744201660e-01,9.121517837047576904e-02,2.673887312412261963e-01,2.366234362125396729e-01,1.210411544889211655e-03,-2.000767551362514496e-02,5.844739452004432678e-02,-5.575104057788848877e-02,8.901916444301605225e-02,1.012472808361053467e-01,1.539005199447274208e-03,4.749760776758193970e-02,6.745601072907447815e-03,1.350515782833099365e-01,-9.817276149988174438e-02,-2.313757985830307007e-01,2.151875048875808716e-01,-1.765968948602676392e-01,-8.216712623834609985e-02,-5.202528834342956543e-02,-6.158060207962989807e-02,1.037575975060462952e-01,-4.232511296868324280e-02,-1.667554825544357300e-01,-1.787503599189221859e-03,1.138732135295867920e-01,-4.611737132072448730e-01,-2.537071406841278076e-01,2.191883623600006104e-01,6.072843074798583984e-02,1.389787998050451279e-02,3.153115138411521912e-02,1.042072996497154236e-01,-1.211542412638664246e-01,-2.764358818531036377e-01,-9.386979043483734131e-02,2.625988423824310303e-02,4.129364155232906342e-03,-1.113093867897987366e-01,-1.131752952933311462e-01,1.084788069128990173e-01,-3.823062404990196228e-02,-1.879694312810897827e-01,-2.850004434585571289e-01,8.003705739974975586e-02,2.286062017083168030e-02,-4.840806499123573303e-02,-6.537446379661560059e-02,7.358634471893310547e-02,-7.962482422590255737e-02,3.803729312494397163e-03,5.545462295413017273e-02,1.724349334836006165e-02,-1.846691593527793884e-02,-6.624157726764678955e-02,2.541822195053100586e-01,-1.700150817632675171e-01,1.683423370122909546e-01,-2.855602800846099854e-01,-1.158322170376777649e-01,7.152149826288223267e-02,2.208383381366729736e-01,-5.142313614487648010e-02,-1.579512357711791992e-01,-6.273619364947080612e-03,2.258796989917755127e-01,-6.994879990816116333e-02,-1.365297138690948486e-01,7.871917635202407837e-02,1.602180534973740578e-03,-3.411496281623840332e-01,-3.064299235120415688e-03,-2.719291448593139648e-01,-1.732399612665176392e-01,2.802715301513671875e-01,8.156187832355499268e-03,-3.643533587455749512e-02,1.175871267914772034e-01,-1.420650184154510498e-01,1.041679754853248596e-01,9.054214507341384888e-02,-1.801396757364273071e-01,-1.057852357625961304e-01,-2.263038307428359985e-01,2.523906230926513672e-01,-2.185419580200687051e-04,-2.430329322814941406e-01,2.904712855815887451e-01,-1.470727473497390747e-01,2.999699413776397705e-01,-1.138033792376518250e-01,-9.593212604522705078e-02,1.167044565081596375e-01,1.791737526655197144e-01,1.371144205331802368e-01,-5.541882291436195374e-02,-2.640543282032012939e-01,9.858811274170875549e-03,-8.560784161090850830e-02,1.157665550708770752e-01,-9.089338779449462891e-02,-1.352081447839736938e-01,3.320215344429016113e-01,-2.056438326835632324e-01,3.294388353824615479e-01,-2.778873778879642487e-03,-3.711608350276947021e-01,-1.042878907173871994e-02,5.717758834362030029e-02,1.720948368310928345e-01,2.105909287929534912e-01,7.572384178638458252e-02,-2.111499896273016930e-03,-1.827663369476795197e-02,-1.824364624917507172e-02,3.472466394305229187e-02
7.965288311243057251e-02,2.070907317101955414e-02,-1.191144660115242004e-01,8.730040490627288818e-02,7.263962924480438232e-02,-1.509669423103332520e-01,-3.089217096567153931e-02,7.849077694118022919e-03,1.648519337177276611e-01,8.965746313333511353e-02,-3.542645275592803955e-02,-8.139012008905410767e-02,1.303087025880813599e-01,1.110825538635253906e-01,1.590501666069030762e-01,1.724726706743240356e-01,9.017230942845344543e-03,4.125280678272247314e-02,-9.850379824638366699e-02,-5.170281976461410522e-02,-2.323954999446868896e-01,1.420589983463287354e-01,1.271243393421173096e-02,-4.619150236248970032e-02,3.213328123092651367e-02,2.446579784154891968e-01,-1.440743058919906616e-01,-1.044772006571292877e-02,5.803462117910385132e-02,7.440043985843658447e-02,-4.877443984150886536e-02,-2.327772974967956543e-01,1.551470458507537842e-01,1.736307702958583832e-02,-2.817447064444422722e-03,-1.755277365446090698e-01,4.434754699468612671e-02,1.043590456247329712e-01,-1.045272275805473328e-01,-8.032270520925521851e-02,2.420371025800704956e-01,4.122883826494216919e-02,3.886417299509048462e-02,1.562392897903919220e-02,-1.219458580017089844e-01,-6.090523675084114075e-02,-1.751197725534439087e-01,-5.723815783858299255e-02,5.203839391469955444e-02,1.787841320037841797e-02,-1.110964119434356689e-01,9.328454732894897461e-02,8.784995228052139282e-02,1.797397417249158025e-04,3.413284197449684143e-02,-1.689619421958923340e-01,3.714509308338165283e-02,1.232262514531612396e-02,-6.625886261463165283e-02,-9.980196505784988403e-02,-3.923185542225837708e-02,5.500856041908264160e-02,7.518994156271219254e-03,1.738223731517791748e-01,4.258604720234870911e-02,-5.469580367207527161e-02,-2.245085343020036817e-04,1.565409302711486816e-01,-1.897448897361755371e-01,-2.542002685368061066e-02,-1.376734972000122070e-01,1.650132089853286743e-01,-8.634120225906372070e-02,2.106232196092605591e-01,-6.654061377048492432e-02,-1.272283941507339478e-01,-4.442147444933652878e-03,2.061562538146972656e-01,-1.302592754364013672e-01,-1.922974735498428345e-01,2.020377665758132935e-01,1.596321933902800083e-03,-9.372007846832275391e-02,6.076658610254526138e-03,-1.814103275537490845e-01,-1.593458652496337891e-01,1.313228625804185867e-02,6.489112973213195801e-03,1.319207698106765747e-01,9.757310152053833008e-02,-2.264335751533508301e-02,-6.172268837690353394e-02,-1.454104036092758179e-01,4.570609703660011292e-02,-2.053094357252120972e-01,-6.388375069946050644e-03,2.454092539846897125e-02,-1.483407249907031655e-04,-9.984588623046875000e-02,1.759325712919235229e-01,-3.620727732777595520e-02,1.205028593540191650e-01,-2.260911762714385986e-01,-9.055268019437789917e-02,2.275553047657012939e-01,-2.552801370620727539e-02,-1.605683863162994385e-01,-1.357508897781372070e-01,-8.387182652950286865e-02,-1.970392093062400818e-02,1.747628152370452881e-01,-4.770719259977340698e-02,-1.528260856866836548e-01,-1.067724451422691345e-02,1.403671205043792725e-01,-2.127211540937423706e-01,4.076066240668296814e-02,-1.284094806760549545e-02,-2.070521712303161621e-01,7.782786339521408081e-02,6.479521095752716064e-02,1.804477721452713013e-01,1.971106827259063721e-01,-7.494188100099563599e-02,-3.769022598862648010e-02,-1.228875815868377686e-01,1.563291251659393311e-02,2.134803310036659241e-02
2.311058342456817627e-02,3.496611863374710083e-02,-2.632056474685668945e-01,2.161734253168106079e-01,1.131302490830421448e-01,-6.054859980940818787e-02,-4.296869412064552307e-02,5.829463899135589600e-02,8.965746313333511353e-02,1.145282387733459473e-01,-2.302819164469838142e-03,-1.327381283044815063e-01,1.940484344959259033e-01,2.031436413526535034e-01,2.669627666473388672e-01,2.692311108112335205e-01,6.586423143744468689e-03,7.906578481197357178e-02,-1.773870736360549927e-01,-1.311771720647811890e-01,-1.895072162151336670e-01,2.702236771583557129e-01,1.244601979851722717e-01,-6.533713638782501221e-02,3.986412286758422852e-02,3.162440657615661621e-01,-2.784420549869537354e-01,-1.263045333325862885e-02,2.324731051921844482e-01,5.467633530497550964e-02,1.294664852321147919e-02,-3.099121749401092529e-01,1.846042126417160034e-01,1.311491876840591431e-01,-1.234883442521095276e-02,-2.956179082393646240e-01,7.728639990091323853e-02,1.602546721696853638e-01,-1.767664849758148193e-01,-1.488930881023406982e-01,2.680586874485015869e-01,4.149894788861274719e-02,1.894459426403045654e-01,3.853600099682807922e-02,-4.392974078655242920e-02,-1.483208388090133667e-01,-3.019272387027740479e-01,-8.710952103137969971e-02,7.050775457173585892e-03,-5.899905692785978317e-03,-5.321694537997245789e-02,4.436717834323644638e-03,6.279099732637405396e-02,-2.093407884240150452e-02,8.208462968468666077e-03,-3.128095865249633789e-01,8.191367238759994507e-02,2.430466189980506897e-02,-7.830338180065155029e-02,-1.658819466829299927e-01,-2.945614419877529144e-02,5.266529321670532227e-02,1.097076572477817535e-02,1.247883439064025879e-01,3.960119560360908508e-02,-7.464048266410827637e-02,6.325704604387283325e-02,2.602002024650573730e-01,-2.803822159767150879e-01,-2.107586525380611420e-02,-2.251918762922286987e-01,3.695651143789291382e-02,-9.400364011526107788e-02,3.075308501720428467e-01,-3.994675725698471069e-02,-2.300933450460433960e-01,-5.934496875852346420e-03,3.452254533767700195e-01,-1.590851396322250366e-01,-2.868972122669219971e-01,3.249196708202362061e-01,2.764264121651649475e-03,-1.870447993278503418e-01,5.848356988281011581e-03,-2.258149087429046631e-01,-2.582216858863830566e-01,4.008340463042259216e-02,1.230790279805660248e-02,1.303661614656448364e-01,1.452601701021194458e-01,-3.340098634362220764e-02,-8.001142740249633789e-02,-2.399803400039672852e-01,8.837661892175674438e-02,-2.812966704368591309e-01,1.726098917424678802e-02,1.206831708550453186e-01,-2.208811201853677630e-04,-1.791545599699020386e-01,1.650058180093765259e-01,-8.908601105213165283e-02,8.007107675075531006e-02,-3.342529535293579102e-01,-1.410280168056488037e-01,3.467397987842559814e-01,2.330374903976917267e-02,-2.319202721118927002e-01,-2.617331445217132568e-01,-2.047404833137989044e-02,-2.465813420712947845e-02,2.286427468061447144e-01,-1.392246186733245850e-01,-2.642362117767333984e-01,2.235610783100128174e-02,2.957480549812316895e-01,-2.849862277507781982e-01,7.479440420866012573e-02,4.610199108719825745e-02,-3.056420981884002686e-01,1.083150133490562439e-01,1.633967757225036621e-01,2.370658069849014282e-01,2.806464135646820068e-01,-1.210719645023345947e-01,-1.447367221117019653e-01,-1.493920832872390747e-01,1.753210648894309998e-02,8.626048266887664795e-02
-1.013908237218856812e-01,1.074495166540145874e-02,-6.338592618703842163e-02,2.775865234434604645e-02,-3.311520675197243690e-03,4.842256009578704834e-02,-6.759840995073318481e-02,-3.860897570848464966e-02,-3.542645275592803955e-02,-2.302819164469838142e-03,8.261509239673614502e-02,-1.779034547507762909e-02,8.976274728775024414e-02,5.339163914322853088e-02,4.002317041158676147e-02,6.332194060087203979e-02,-5.318577867001295090e-03,3.792805597186088562e-02,-2.648090198636054993e-02,-3.683845326304435730e-02,7.128664851188659668e-02,6.882546842098236084e-02,8.568140119314193726e-02,-1.525873318314552307e-02,5.239926977083086967e-04,5.881859362125396729e-02,-1.074906960129737854e-01,-5.095193628221750259e-03,1.113419532775878906e-01,3.355949744582176208e-02,7.751587778329849243e-02,-2.993919141590595245e-02,-2.474686130881309509e-02,1.037403270602226257e-01,-3.917805384844541550e-03,-9.053391218185424805e-02,2.134365774691104889e-02,2.290520071983337402e-02,2.019347390159964561e-03,4.674017801880836487e-02,-6.497592478990554810e-02,-3.243146836757659912e-02,1.443822979927062988e-01,1.202677562832832336e-02,8.835130184888839722e-02,-1.182993277907371521e-01,-3.879030048847198486e-02,2.230303362011909485e-02,-5.917776003479957581e-02,-6.691916286945343018e-02,5.895771458745002747e-02,-7.630828768014907837e-02,-7.080224156379699707e-02,1.784938760101795197e-02,-3.506706282496452332e-02,-6.953579187393188477e-02,1.791317202150821686e-02,7.114828564226627350e-03,1.549081038683652878e-02,-2.787602879106998444e-02,4.308331757783889771e-02,-2.198475413024425507e-02,-1.550282584503293037e-03,-1.095512062311172485e-01,-3.191401809453964233e-02,-1.041490864008665085e-02,6.417739391326904297e-02,3.253748267889022827e-02,-6.837297976016998291e-02,-3.309419378638267517e-02,1.044996082782745361e-02,-1.627989858388900757e-01,-2.643340453505516052e-02,3.238180279731750488e-02,5.246726423501968384e-02,1.644460298120975494e-02,-1.764457440003752708e-03,6.578552722930908203e-02,9.092870354652404785e-02,-3.890227153897285461e-02,2.364926785230636597e-02,6.006946205161511898e-04,-2.583978138864040375e-02,2.842078974936157465e-04,7.601531594991683960e-02,-9.993656724691390991e-02,-2.575958520174026489e-02,4.859178792685270309e-03,3.247572854161262512e-02,6.464260164648294449e-03,3.336956351995468140e-02,8.353400044143199921e-03,-4.173407331109046936e-02,3.102879039943218231e-02,-3.269848646596074104e-03,7.358404994010925293e-02,9.170167148113250732e-03,1.122876983572496101e-05,-4.842611774802207947e-02,-1.019026637077331543e-01,-1.518505718559026718e-02,-8.603878319263458252e-02,-4.323687404394149780e-02,-1.909772679209709167e-02,3.931213170289993286e-02,-9.406115114688873291e-02,1.586142182350158691e-02,-9.695682674646377563e-02,1.119088605046272278e-01,-2.986129838973283768e-03,4.742744565010070801e-02,-1.763537898659706116e-02,-6.946776062250137329e-02,-6.178330630064010620e-03,6.289133429527282715e-02,-1.425206009298563004e-02,-9.156411513686180115e-03,4.784485697746276855e-02,1.997849158942699432e-02,8.571299724280834198e-03,5.065135285258293152e-02,-2.677592635154724121e-02,1.180274039506912231e-02,-3.471743687987327576e-02,-1.001667082309722900e-01,1.975937280803918839e-03,-1.103192800655961037e-03,3.784525208175182343e-03
-2.595996297895908356e-02,-4.489396512508392334e-02,3.446411192417144775e-01,-2.865684330463409424e-01,-1.432835459709167480e-01,3.471133857965469360e-02,6.828232109546661377e-02,-9.588084369897842407e-02,-8.139012008905410767e-02,-1.327381283044815063e-01,-1.779034547507762909e-02,1.703251749277114868e-01,-2.362784892320632935e-01,-2.873177528381347656e-01,-3.490645289421081543e-01,-3.425108194351196289e-01,-6.472765468060970306e-03,-1.045745238661766052e-01,2.123868614435195923e-01,1.690779328346252441e-01,2.007701247930526733e-01,-3.528800010681152344e-01,-1.810392439365386963e-01,7.850914448499679565e-02,-4.675898700952529907e-02,-3.748256564140319824e-01,3.533449470996856689e-01,1.886002160608768463e-02,-3.156922459602355957e-01,-6.901177763938903809e-02,-3.381009027361869812e-02,3.761415481567382812e-01,-2.093285620212554932e-01,-1.991571336984634399e-01,1.838776469230651855e-02,3.830080330371856689e-01,-9.680747240781784058e-02,-1.967798322439193726e-01,2.184765338897705078e-01,2.147829532623291016e-01,-2.986480891704559326e-01,-4.694415256381034851e-02,-2.708261013031005859e-01,-5.174127593636512756e-02,6.606807466596364975e-03,1.950383335351943970e-01,3.832960724830627441e-01,1.118667200207710266e-01,1.824206486344337463e-02,2.559381909668445587e-02,4.095568507909774780e-02,4.035504907369613647e-02,-6.488518416881561279e-02,3.842328488826751709e-02,-2.317982958629727364e-03,4.026806652545928955e-01,-1.150152385234832764e-01,-3.204776719212532043e-02,7.478698343038558960e-02,2.137685418128967285e-01,2.744088321924209595e-02,-5.426322668790817261e-02,-1.374976523220539093e-02,-1.019418016076087952e-01,-4.051700979471206665e-02,8.843886107206344604e-02,-8.758976310491561890e-02,-3.270389437675476074e-01,3.542428016662597656e-01,2.828123793005943298e-02,2.769875228404998779e-01,9.482927620410919189e-03,1.168806180357933044e-01,-3.852839171886444092e-01,3.130801394581794739e-02,2.837015688419342041e-01,6.897195242345333099e-03,-4.324571490287780762e-01,1.870754808187484741e-01,3.550387322902679443e-01,-4.047556221485137939e-01,-3.597344039008021355e-03,2.454677522182464600e-01,-6.332211196422576904e-03,2.641431689262390137e-01,3.304967880249023438e-01,-3.688592091202735901e-02,-1.579875499010086060e-02,-1.449664086103439331e-01,-1.775622516870498657e-01,3.656559810042381287e-02,9.581074863672256470e-02,2.933045327663421631e-01,-1.131321862339973450e-01,3.375698029994964600e-01,-2.494319155812263489e-02,-1.711487621068954468e-01,2.682410995475947857e-04,2.411572635173797607e-01,-1.684801727533340454e-01,1.186670213937759399e-01,-6.321953982114791870e-02,4.146953821182250977e-01,1.742482185363769531e-01,-4.109973013401031494e-01,-4.684253036975860596e-02,2.710769176483154297e-01,3.393459320068359375e-01,-7.704151794314384460e-03,2.783291041851043701e-02,-2.986027300357818604e-01,1.770960837602615356e-01,3.442976474761962891e-01,-2.341197617352008820e-02,-3.805896937847137451e-01,3.348936736583709717e-01,-1.064596101641654968e-01,-6.941236555576324463e-02,3.808456361293792725e-01,-1.332649588584899902e-01,-2.054963707923889160e-01,-2.858328819274902344e-01,-3.397304415702819824e-01,1.414166986942291260e-01,2.072125524282455444e-01,1.830092072486877441e-01,-1.672665774822235107e-02,-1.084160730242729187e-01
