9.999983310699462891e-01,-9.999986886978149414e-01,-9.999942183494567871e-01,9.999977350234985352e-01,9.999989271163940430e-01,-9.999987483024597168e-01,9.999955296516418457e-01,9.999991059303283691e-01,-9.999957084655761719e-01,9.999983310699462891e-01,-9.999986886978149414e-01,-9.999988675117492676e-01,9.999980926513671875e-01,9.999985694885253906e-01,9.999939799308776855e-01,9.999953508377075195e-01,9.999972581863403320e-01,-9.999980926513671875e-01,9.999924898147583008e-01,-9.999991059303283691e-01,-9.999989271163940430e-01,9.999939799308776855e-01,9.999985694885253906e-01,9.999979734420776367e-01,9.999883770942687988e-01,9.999989271163940430e-01,-9.999982118606567383e-01,-9.999989271163940430e-01,9.999902248382568359e-01,-9.999964833259582520e-01,-9.999916553497314453e-01,-9.999982118606567383e-01,9.999862909317016602e-01,9.999955296516418457e-01,-9.999979734420776367e-01,9.999665617942810059e-01,9.999990463256835938e-01,9.999985098838806152e-01,9.999889135360717773e-01,-9.999989271163940430e-01,9.999986290931701660e-01,9.999267458915710449e-01,9.999837279319763184e-01,9.999989271163940430e-01,9.999982714653015137e-01,9.999982714653015137e-01,-9.999930262565612793e-01,9.999985694885253906e-01,9.999987483024597168e-01,-9.999984502792358398e-01,-9.999988079071044922e-01,-9.999984502792358398e-01,-9.999988079071044922e-01,-9.999933242797851562e-01,-9.999984502792358398e-01,-9.999980926513671875e-01,-9.999898076057434082e-01,9.999875426292419434e-01,9.999958872795104980e-01,9.999982118606567383e-01,-9.999984502792358398e-01,9.999989867210388184e-01,9.999985098838806152e-01,9.999954700469970703e-01,-9.999943971633911133e-01,-9.999988079071044922e-01,-9.999991059303283691e-01,-9.999960064888000488e-01,-9.999989271163940430e-01,9.999983906745910645e-01,-9.999986886978149414e-01,9.999973773956298828e-01,-9.999506473541259766e-01,-9.999938011169433594e-01,-9.999830126762390137e-01,-9.999983310699462891e-01,9.999917745590209961e-01,9.999987483024597168e-01,-9.999945759773254395e-01,-9.999957680702209473e-01,9.999871850013732910e-01,9.999976158142089844e-01,-9.999988079071044922e-01,9.999981522560119629e-01,-9.999983906745910645e-01,-9.999879002571105957e-01,9.999667406082153320e-01,9.999989867210388184e-01,9.999907016754150391e-01,9.999367594718933105e-01,-9.999952912330627441e-01,9.999984502792358398e-01,-9.999853372573852539e-01,-9.999974966049194336e-01,9.999979138374328613e-01,-9.999978542327880859e-01,-9.999881386756896973e-01,9.999989271163940430e-01,-9.999988675117492676e-01,9.999969601631164551e-01,-9.999966025352478027e-01,9.999988675117492676e-01,9.997706413269042969e-01,9.999471902847290039e-01,9.999986290931701660e-01,9.999970197677612305e-01,-9.999828934669494629e-01,-9.999984502792358398e-01,-9.999939203262329102e-01,9.999985694885253906e-01,-9.999985098838806152e-01,9.999979138374328613e-01,-9.999983310699462891e-01,-9.999364018440246582e-01,9.999990463256835938e-01,-9.999973773956298828e-01,9.999989867210388184e-01,-9.999980330467224121e-01,-9.999954104423522949e-01,-9.999973177909851074e-01,-9.999986290931701660e-01,9.999966025352478027e-01,9.999980926513671875e-01,-9.999973177909851074e-01,-9.999909996986389160e-01,-9.999952316284179688e-01,9.999879002571105957e-01,-9.999937415122985840e-01
-9.999986886978149414e-01,9.999989271163940430e-01,9.999951720237731934e-01,-9.999980330467224121e-01,-9.999992251396179199e-01,9.999990463256835938e-01,-9.999961853027343750e-01,-9.999993443489074707e-01,9.999963045120239258e-01,-9.999986886978149414e-01,9.999989867210388184e-01,9.999992251396179199e-01,-9.999984502792358398e-01,-9.999988079071044922e-01,-9.999949932098388672e-01,-9.999960660934448242e-01,-9.999977350234985352e-01,9.999985098838806152e-01,-9.999937415122985840e-01,9.999992847442626953e-01,9.999992847442626953e-01,-9.999950528144836426e-01,-9.999988675117492676e-01,-9.999983310699462891e-01,-9.999903440475463867e-01,-9.999991655349731445e-01,9.999985694885253906e-01,9.999991059303283691e-01,-9.999918341636657715e-01,9.999970793724060059e-01,9.999930262565612793e-01,9.999985098838806152e-01,-9.999884963035583496e-01,-9.999963045120239258e-01,9.999984502792358398e-01,-9.999721646308898926e-01,-9.999992847442626953e-01,-9.999987483024597168e-01,-9.999908208847045898e-01,9.999992251396179199e-01,-9.999988675117492676e-01,-9.999387860298156738e-01,-9.999863505363464355e-01,-9.999991655349731445e-01,-9.999985694885253906e-01,-9.999985694885253906e-01,9.999942779541015625e-01,-9.999988079071044922e-01,-9.999989271163940430e-01,9.999988079071044922e-01,9.999991655349731445e-01,9.999988079071044922e-01,9.999990463256835938e-01,9.999943375587463379e-01,9.999988079071044922e-01,9.999984502792358398e-01,9.999914765357971191e-01,-9.999896287918090820e-01,-9.999966025352478027e-01,-9.999985098838806152e-01,9.999987483024597168e-01,-9.999992847442626953e-01,-9.999987483024597168e-01,-9.999961256980895996e-01,9.999953508377075195e-01,9.999991059303283691e-01,9.999992251396179199e-01,9.999966621398925781e-01,9.999991655349731445e-01,-9.999987483024597168e-01,9.999989271163940430e-01,-9.999977946281433105e-01,9.999588131904602051e-01,9.999948143959045410e-01,9.999857544898986816e-01,9.999986290931701660e-01,-9.999931454658508301e-01,-9.999989867210388184e-01,9.999954700469970703e-01,9.999964237213134766e-01,-9.999892711639404297e-01,-9.999980330467224121e-01,9.999991655349731445e-01,-9.999984502792358398e-01,9.999986290931701660e-01,9.999899864196777344e-01,-9.999722838401794434e-01,-9.999991655349731445e-01,-9.999921917915344238e-01,-9.999471902847290039e-01,9.999960660934448242e-01,-9.999986886978149414e-01,9.999877810478210449e-01,9.999979138374328613e-01,-9.999982118606567383e-01,9.999982714653015137e-01,9.999901652336120605e-01,-9.999992251396179199e-01,9.999991655349731445e-01,-9.999974966049194336e-01,9.999972581863403320e-01,-9.999991059303283691e-01,-9.998084902763366699e-01,-9.999560117721557617e-01,-9.999989271163940430e-01,-9.999974966049194336e-01,9.999857544898986816e-01,9.999987483024597168e-01,9.999949336051940918e-01,-9.999988079071044922e-01,9.999987483024597168e-01,-9.999982118606567383e-01,9.999985694885253906e-01,9.999468922615051270e-01,-9.999992251396179199e-01,9.999978542327880859e-01,-9.999992847442626953e-01,9.999983906745910645e-01,9.999961256980895996e-01,9.999977350234985352e-01,9.999989271163940430e-01,-9.999971985816955566e-01,-9.999983310699462891e-01,9.999977946281433105e-01,9.999924302101135254e-01,9.999960660934448242e-01,-9.999898672103881836e-01,9.999947547912597656e-01
-9.999942183494567871e-01,9.999951720237731934e-01,9.999795556068420410e-01,-9.999918937683105469e-01,-9.999960660934448242e-01,9.999956488609313965e-01,-9.999840259552001953e-01,-9.999965429306030273e-01,9.999845623970031738e-01,-9.999942183494567871e-01,9.999956488609313965e-01,9.999960660934448242e-01,-9.999930262565612793e-01,-9.999946355819702148e-01,-9.999787211418151855e-01,-9.999834895133972168e-01,-9.999905824661254883e-01,9.999933242797851562e-01,-9.999734163284301758e-01,9.999967217445373535e-01,9.999962449073791504e-01,-9.999785423278808594e-01,-9.999951124191284180e-01,-9.999926686286926270e-01,-9.999588727951049805e-01,-9.999962449073791504e-01,9.999936819076538086e-01,9.999959468841552734e-01,-9.999652504920959473e-01,9.999874234199523926e-01,9.999705553054809570e-01,9.999937415122985840e-01,-9.999511241912841797e-01,-9.999840259552001953e-01,9.999930262565612793e-01,-9.998818635940551758e-01,-9.999962449073791504e-01,-9.999948143959045410e-01,-9.999606609344482422e-01,9.999960660934448242e-01,-9.999951720237731934e-01,-9.997409582138061523e-01,-9.999421238899230957e-01,-9.999960064888000488e-01,-9.999939203262329102e-01,-9.999935626983642578e-01,9.999756217002868652e-01,-9.999949336051940918e-01,-9.999955296516418457e-01,9.999946951866149902e-01,9.999957680702209473e-01,9.999946355819702148e-01,9.999958276748657227e-01,9.999760389328002930e-01,9.999946355819702148e-01,9.999933242797851562e-01,9.999638199806213379e-01,-9.999557733535766602e-01,-9.999854564666748047e-01,-9.999938011169433594e-01,9.999944567680358887e-01,-9.999961853027343750e-01,-9.999944567680358887e-01,-9.999839663505554199e-01,9.999802112579345703e-01,9.999959468841552734e-01,9.999966025352478027e-01,9.999860525131225586e-01,9.999962449073791504e-01,-9.999945163726806641e-01,9.999957084655761719e-01,-9.999907016754150391e-01,9.998254776000976562e-01,9.999777078628540039e-01,9.999396204948425293e-01,9.999942779541015625e-01,-9.999708533287048340e-01,-9.999954700469970703e-01,9.999808073043823242e-01,9.999847412109375000e-01,-9.999545812606811523e-01,-9.999917149543762207e-01,9.999958872795104980e-01,-9.999934434890747070e-01,9.999940395355224609e-01,9.999572634696960449e-01,-9.998824000358581543e-01,-9.999961853027343750e-01,-9.999669790267944336e-01,-9.997764825820922852e-01,9.999830722808837891e-01,-9.999942183494567871e-01,9.999480843544006348e-01,9.999911189079284668e-01,-9.999924302101135254e-01,9.999922513961791992e-01,9.999580383300781250e-01,-9.999963045120239258e-01,9.999957680702209473e-01,-9.999891519546508789e-01,9.999882578849792480e-01,-9.999958276748657227e-01,-9.991888403892517090e-01,-9.998134970664978027e-01,-9.999952912330627441e-01,-9.999892711639404297e-01,9.999394416809082031e-01,9.999945163726806641e-01,9.999785423278808594e-01,-9.999948143959045410e-01,9.999948143959045410e-01,-9.999924302101135254e-01,9.999940991401672363e-01,9.997751712799072266e-01,-9.999964833259582520e-01,9.999906420707702637e-01,-9.999963641166687012e-01,9.999931454658508301e-01,9.999834895133972168e-01,9.999904036521911621e-01,9.999951720237731934e-01,-9.999881386756896973e-01,-9.999930262565612793e-01,9.999907016754150391e-01,9.999685287475585938e-01,9.999828338623046875e-01,-9.999567866325378418e-01,9.999775886535644531e-01
9.999977350234985352e-01,-9.999980330467224121e-01,-9.999918937683105469e-01,9.999967217445373535e-01,9.999984502792358398e-01,-9.999982714653015137e-01,9.999936819076538086e-01,9.999986290931701660e-01,-9.999938607215881348e-01,9.999977350234985352e-01,-9.999982118606567383e-01,-9.999984502792358398e-01,9.999971985816955566e-01,9.999979138374328613e-01,9.999914765357971191e-01,9.999934434890747070e-01,9.999962449073791504e-01,-9.999973177909851074e-01,9.999895691871643066e-01,-9.999986886978149414e-01,-9.999985098838806152e-01,9.999915361404418945e-01,9.999980330467224121e-01,9.999970793724060059e-01,9.999837875366210938e-01,9.999985098838806152e-01,-9.999974370002746582e-01,-9.999983906745910645e-01,9.999862313270568848e-01,-9.999950528144836426e-01,-9.999883174896240234e-01,-9.999975562095642090e-01,9.999806284904479980e-01,9.999937415122985840e-01,-9.999971985816955566e-01,9.999531507492065430e-01,9.999985694885253906e-01,9.999979138374328613e-01,9.999844431877136230e-01,-9.999985098838806152e-01,9.999980926513671875e-01,9.998973011970520020e-01,9.999771118164062500e-01,9.999984502792358398e-01,9.999975562095642090e-01,9.999974966049194336e-01,-9.999904036521911621e-01,9.999979734420776367e-01,9.999982118606567383e-01,-9.999978542327880859e-01,-9.999983310699462891e-01,-9.999979138374328613e-01,-9.999983310699462891e-01,-9.999905228614807129e-01,-9.999978542327880859e-01,-9.999973773956298828e-01,-9.999856352806091309e-01,9.999825954437255859e-01,9.999942183494567871e-01,9.999974966049194336e-01,-9.999977946281433105e-01,9.999985694885253906e-01,9.999977350234985352e-01,9.999935626983642578e-01,-9.999920725822448730e-01,-9.999983906745910645e-01,-9.999985694885253906e-01,-9.999944567680358887e-01,-9.999985694885253906e-01,9.999977350234985352e-01,-9.999982714653015137e-01,9.999963045120239258e-01,-9.999307990074157715e-01,-9.999912381172180176e-01,-9.999760985374450684e-01,-9.999976754188537598e-01,9.999884366989135742e-01,9.999982118606567383e-01,-9.999924302101135254e-01,-9.999939203262329102e-01,9.999819993972778320e-01,9.999967217445373535e-01,-9.999983310699462891e-01,9.999973177909851074e-01,-9.999976754188537598e-01,-9.999831318855285645e-01,9.999533891677856445e-01,9.999985694885253906e-01,9.999869465827941895e-01,9.999114274978637695e-01,-9.999932646751403809e-01,9.999977350234985352e-01,-9.999794363975524902e-01,-9.999963641166687012e-01,9.999970793724060059e-01,-9.999969601631164551e-01,-9.999833703041076660e-01,9.999985694885253906e-01,-9.999983310699462891e-01,9.999957680702209473e-01,-9.999953508377075195e-01,9.999983906745910645e-01,9.996783733367919922e-01,9.999260902404785156e-01,9.999980926513671875e-01,9.999957680702209473e-01,-9.999760389328002930e-01,-9.999978542327880859e-01,-9.999915361404418945e-01,9.999979734420776367e-01,-9.999979138374328613e-01,9.999970793724060059e-01,-9.999976158142089844e-01,-9.999108910560607910e-01,9.999986290931701660e-01,-9.999963045120239258e-01,9.999985694885253906e-01,-9.999971985816955566e-01,-9.999934434890747070e-01,-9.999962449073791504e-01,-9.999981522560119629e-01,9.999952912330627441e-01,9.999971985816955566e-01,-9.999962449073791504e-01,-9.999874234199523926e-01,-9.999932646751403809e-01,9.999829530715942383e-01,-9.999911189079284668e-01
9.999989271163940430e-01,-9.999992251396179199e-01,-9.999960660934448242e-01,9.999984502792358398e-01,9.999994039535522461e-01,-9.999992251396179199e-01,9.999968409538269043e-01,9.999994635581970215e-01,-9.999970793724060059e-01,9.999989271163940430e-01,-9.999991059303283691e-01,-9.999994039535522461e-01,9.999987483024597168e-01,9.999990463256835938e-01,9.999959468841552734e-01,9.999967813491821289e-01,9.999982118606567383e-01,-9.999988079071044922e-01,9.999949336051940918e-01,-9.999994039535522461e-01,-9.999994039535522461e-01,9.999959468841552734e-01,9.999991059303283691e-01,9.999986886978149414e-01,9.999921917915344238e-01,9.999993443489074707e-01,-9.999988675117492676e-01,-9.999992847442626953e-01,9.999934434890747070e-01,-9.999975562095642090e-01,-9.999944567680358887e-01,-9.999988675117492676e-01,9.999907612800598145e-01,9.999969601631164551e-01,-9.999987483024597168e-01,9.999774694442749023e-01,9.999993443489074707e-01,9.999990463256835938e-01,9.999925494194030762e-01,-9.999993443489074707e-01,9.999991655349731445e-01,9.999506473541259766e-01,9.999890923500061035e-01,9.999992847442626953e-01,9.999987483024597168e-01,9.999988079071044922e-01,-9.999953508377075195e-01,9.999991059303283691e-01,9.999992251396179199e-01,-9.999990463256835938e-01,-9.999992251396179199e-01,-9.999989867210388184e-01,-9.999992251396179199e-01,-9.999954104423522949e-01,-9.999990463256835938e-01,-9.999987483024597168e-01,-9.999931454658508301e-01,9.999916553497314453e-01,9.999972581863403320e-01,9.999988079071044922e-01,-9.999989867210388184e-01,9.999994039535522461e-01,9.999989867210388184e-01,9.999969601631164551e-01,-9.999960660934448242e-01,-9.999992847442626953e-01,-9.999994039535522461e-01,-9.999973177909851074e-01,-9.999993443489074707e-01,9.999989867210388184e-01,-9.999992251396179199e-01,9.999982118606567383e-01,-9.999668002128601074e-01,-9.999957680702209473e-01,-9.999886155128479004e-01,-9.999988079071044922e-01,9.999944567680358887e-01,9.999991655349731445e-01,-9.999963045120239258e-01,-9.999971389770507812e-01,9.999913573265075684e-01,9.999983906745910645e-01,-9.999992251396179199e-01,9.999987483024597168e-01,-9.999989271163940430e-01,-9.999918341636657715e-01,9.999776482582092285e-01,9.999993443489074707e-01,9.999938011169433594e-01,9.999573826789855957e-01,-9.999967813491821289e-01,9.999989271163940430e-01,-9.999901056289672852e-01,-9.999982714653015137e-01,9.999985098838806152e-01,-9.999985694885253906e-01,-9.999920725822448730e-01,9.999992847442626953e-01,-9.999992251396179199e-01,9.999979734420776367e-01,-9.999977946281433105e-01,9.999991655349731445e-01,9.998454451560974121e-01,9.999644756317138672e-01,9.999992251396179199e-01,9.999979734420776367e-01,-9.999884963035583496e-01,-9.999989867210388184e-01,-9.999958872795104980e-01,9.999991655349731445e-01,-9.999990463256835938e-01,9.999986290931701660e-01,-9.999989271163940430e-01,-9.999571442604064941e-01,9.999994635581970215e-01,-9.999981522560119629e-01,9.999994039535522461e-01,-9.999986886978149414e-01,-9.999967813491821289e-01,-9.999982714653015137e-01,-9.999992251396179199e-01,9.999977350234985352e-01,9.999987483024597168e-01,-9.999982118606567383e-01,-9.999939799308776855e-01,-9.999966621398925781e-01,9.999917745590209961e-01,-9.999957680702209473e-01
-9.999987483024597168e-01,9.999990463256835938e-01,9.999956488609313965e-01,-9.999982714653015137e-01,-9.999992251396179199e-01,9.999990463256835938e-01,-9.999965429306030273e-01,-9.999993443489074707e-01,9.999967217445373535e-01,-9.999986886978149414e-01,9.999991655349731445e-01,9.999992251396179199e-01,-9.999985098838806152e-01,-9.999989271163940430e-01,-9.999954700469970703e-01,-9.999964237213134766e-01,-9.999979138374328613e-01,9.999985098838806152e-01,-9.999944567680358887e-01,9.999992847442626953e-01,9.999992847442626953e-01,-9.999955296516418457e-01,-9.999989867210388184e-01,-9.999984502792358398e-01,-9.999914169311523438e-01,-9.999991655349731445e-01,9.999986886978149414e-01,9.999992251396179199e-01,-9.999927282333374023e-01,9.999973177909851074e-01,9.999938607215881348e-01,9.999986886978149414e-01,-9.999898076057434082e-01,-9.999966621398925781e-01,9.999985098838806152e-01,-9.999753832817077637e-01,-9.999992847442626953e-01,-9.999989271163940430e-01,-9.999918341636657715e-01,9.999992847442626953e-01,-9.999990463256835938e-01,-9.999458789825439453e-01,-9.999879598617553711e-01,-9.999992251396179199e-01,-9.999986886978149414e-01,-9.999986290931701660e-01,9.999948740005493164e-01,-9.999988675117492676e-01,-9.999991059303283691e-01,9.999988675117492676e-01,9.999991655349731445e-01,9.999988675117492676e-01,9.999991059303283691e-01,9.999949336051940918e-01,9.999988675117492676e-01,9.999985098838806152e-01,9.999924898147583008e-01,-9.999907612800598145e-01,-9.999969005584716797e-01,-9.999986290931701660e-01,9.999987483024597168e-01,-9.999993443489074707e-01,-9.999988079071044922e-01,-9.999966025352478027e-01,9.999958276748657227e-01,9.999991655349731445e-01,9.999993443489074707e-01,9.999969601631164551e-01,9.999991655349731445e-01,-9.999988079071044922e-01,9.999990463256835938e-01,-9.999979138374328613e-01,9.999635219573974609e-01,9.999953508377075195e-01,9.999875426292419434e-01,9.999986886978149414e-01,-9.999938607215881348e-01,-9.999991059303283691e-01,9.999959468841552734e-01,9.999967813491821289e-01,-9.999905228614807129e-01,-9.999982714653015137e-01,9.999991655349731445e-01,-9.999985694885253906e-01,9.999987483024597168e-01,9.999911189079284668e-01,-9.999755024909973145e-01,-9.999992251396179199e-01,-9.999931454658508301e-01,-9.999533891677856445e-01,9.999964237213134766e-01,-9.999987483024597168e-01,9.999890923500061035e-01,9.999980330467224121e-01,-9.999983906745910645e-01,9.999983906745910645e-01,9.999912381172180176e-01,-9.999992251396179199e-01,9.999992847442626953e-01,-9.999976754188537598e-01,9.999974966049194336e-01,-9.999991059303283691e-01,-9.998308420181274414e-01,-9.999610781669616699e-01,-9.999990463256835938e-01,-9.999976754188537598e-01,9.999874234199523926e-01,9.999988079071044922e-01,9.999954700469970703e-01,-9.999989271163940430e-01,9.999989271163940430e-01,-9.999983906745910645e-01,9.999987483024597168e-01,9.999531507492065430e-01,-9.999992251396179199e-01,9.999980330467224121e-01,-9.999992847442626953e-01,9.999984502792358398e-01,9.999964833259582520e-01,9.999979734420776367e-01,9.999989867210388184e-01,-9.999974966049194336e-01,-9.999985098838806152e-01,9.999980330467224121e-01,9.999933242797851562e-01,9.999963641166687012e-01,-9.999909400939941406e-01,9.999952912330627441e-01
9.999955296516418457e-01,-9.999961853027343750e-01,-9.999840259552001953e-01,9.999936819076538086e-01,9.999968409538269043e-01,-9.999965429306030273e-01,9.999876022338867188e-01,9.999972581863403320e-01,-9.999880194664001465e-01,9.999954104423522949e-01,-9.999965429306030273e-01,-9.999968409538269043e-01,9.999945759773254395e-01,9.999958276748657227e-01,9.999834299087524414e-01,9.999871850013732910e-01,9.999926090240478516e-01,-9.999947547912597656e-01,9.999793171882629395e-01,-9.999973773956298828e-01,-9.999970793724060059e-01,9.999833703041076660e-01,9.999961256980895996e-01,9.999942183494567871e-01,9.999681115150451660e-01,9.999969601631164551e-01,-9.999951124191284180e-01,-9.999968409538269043e-01,9.999729990959167480e-01,-9.999902248382568359e-01,-9.999770522117614746e-01,-9.999950528144836426e-01,9.999620914459228516e-01,9.999876022338867188e-01,-9.999945759773254395e-01,9.999082088470458984e-01,9.999971985816955566e-01,9.999958276748657227e-01,9.999696016311645508e-01,-9.999968409538269043e-01,9.999961853027343750e-01,9.997989535331726074e-01,9.999551177024841309e-01,9.999969005584716797e-01,9.999951720237731934e-01,9.999949336051940918e-01,-9.999811053276062012e-01,9.999960660934448242e-01,9.999964237213134766e-01,-9.999958276748657227e-01,-9.999966621398925781e-01,-9.999957680702209473e-01,-9.999966621398925781e-01,-9.999814033508300781e-01,-9.999957680702209473e-01,-9.999948143959045410e-01,-9.999719262123107910e-01,9.999656677246093750e-01,9.999886751174926758e-01,9.999951124191284180e-01,-9.999957084655761719e-01,9.999969601631164551e-01,9.999956488609313965e-01,9.999874234199523926e-01,-9.999845623970031738e-01,-9.999967217445373535e-01,-9.999972581863403320e-01,-9.999890923500061035e-01,-9.999970793724060059e-01,9.999955892562866211e-01,-9.999965429306030273e-01,9.999928474426269531e-01,-9.998645186424255371e-01,-9.999827146530151367e-01,-9.999530911445617676e-01,-9.999954104423522949e-01,9.999772906303405762e-01,9.999963641166687012e-01,-9.999851584434509277e-01,-9.999880790710449219e-01,9.999646544456481934e-01,9.999935626983642578e-01,-9.999966621398925781e-01,9.999948740005493164e-01,-9.999953508377075195e-01,-9.999667406082153320e-01,9.999086260795593262e-01,9.999969601631164551e-01,9.999744296073913574e-01,9.998264312744140625e-01,-9.999868273735046387e-01,9.999955296516418457e-01,-9.999597072601318359e-01,-9.999930262565612793e-01,9.999941587448120117e-01,-9.999939203262329102e-01,-9.999673366546630859e-01,9.999970793724060059e-01,-9.999966621398925781e-01,9.999915361404418945e-01,-9.999908208847045898e-01,9.999967813491821289e-01,9.993704557418823242e-01,9.998551607131958008e-01,9.999963045120239258e-01,9.999915957450866699e-01,-9.999530315399169922e-01,-9.999957084655761719e-01,-9.999833703041076660e-01,9.999958872795104980e-01,-9.999958276748657227e-01,9.999940991401672363e-01,-9.999954104423522949e-01,-9.998255372047424316e-01,9.999971985816955566e-01,-9.999926686286926270e-01,9.999970793724060059e-01,-9.999946355819702148e-01,-9.999871253967285156e-01,-9.999925494194030762e-01,-9.999961853027343750e-01,9.999908208847045898e-01,9.999944567680358887e-01,-9.999927282333374023e-01,-9.999754428863525391e-01,-9.999866485595703125e-01,9.999663829803466797e-01,-9.999825358390808105e-01
9.999991059303283691e-01,-9.999993443489074707e-01,-9.999965429306030273e-01,9.999986290931701660e-01,9.999994635581970215e-01,-9.999993443489074707e-01,9.999972581863403320e-01,9.999994039535522461e-01,-9.999973773956298828e-01,9.999991059303283691e-01,-9.999992251396179199e-01,-9.999994039535522461e-01,9.999988079071044922e-01,9.999991655349731445e-01,9.999964237213134766e-01,9.999971985816955566e-01,9.999983310699462891e-01,-9.999988079071044922e-01,9.999955296516418457e-01,-9.999994039535522461e-01,-9.999994039535522461e-01,9.999963641166687012e-01,9.999992251396179199e-01,9.999988675117492676e-01,9.999931454658508301e-01,9.999993443489074707e-01,-9.999988675117492676e-01,-9.999993443489074707e-01,9.999942779541015625e-01,-9.999977946281433105e-01,-9.999951124191284180e-01,-9.999989271163940430e-01,9.999918937683105469e-01,9.999972581863403320e-01,-9.999988079071044922e-01,9.999803304672241211e-01,9.999994039535522461e-01,9.999991655349731445e-01,9.999933838844299316e-01,-9.999994635581970215e-01,9.999992251396179199e-01,9.999569058418273926e-01,9.999904036521911621e-01,9.999994039535522461e-01,9.999989271163940430e-01,9.999989271163940430e-01,-9.999959468841552734e-01,9.999992251396179199e-01,9.999992847442626953e-01,-9.999991655349731445e-01,-9.999993443489074707e-01,-9.999991655349731445e-01,-9.999993443489074707e-01,-9.999959468841552734e-01,-9.999991655349731445e-01,-9.999988079071044922e-01,-9.999939203262329102e-01,9.999926686286926270e-01,9.999975562095642090e-01,9.999988675117492676e-01,-9.999990463256835938e-01,9.999994039535522461e-01,9.999991059303283691e-01,9.999971985816955566e-01,-9.999965429306030273e-01,-9.999993443489074707e-01,-9.999994039535522461e-01,-9.999975562095642090e-01,-9.999994039535522461e-01,9.999991059303283691e-01,-9.999992251396179199e-01,9.999983310699462891e-01,-9.999709725379943848e-01,-9.999962449073791504e-01,-9.999899864196777344e-01,-9.999991059303283691e-01,9.999950528144836426e-01,9.999992847442626953e-01,-9.999967813491821289e-01,-9.999974370002746582e-01,9.999924302101135254e-01,9.999985098838806152e-01,-9.999993443489074707e-01,9.999988675117492676e-01,-9.999990463256835938e-01,-9.999929070472717285e-01,9.999804496765136719e-01,9.999994039535522461e-01,9.999945163726806641e-01,9.999628067016601562e-01,-9.999971389770507812e-01,9.999991059303283691e-01,-9.999913573265075684e-01,-9.999985098838806152e-01,9.999987483024597168e-01,-9.999986886978149414e-01,-9.999930262565612793e-01,9.999993443489074707e-01,-9.999994039535522461e-01,9.999981522560119629e-01,-9.999980330467224121e-01,9.999992847442626953e-01,9.998649954795837402e-01,9.999690055847167969e-01,9.999991655349731445e-01,9.999982118606567383e-01,-9.999899268150329590e-01,-9.999991059303283691e-01,-9.999963641166687012e-01,9.999991655349731445e-01,-9.999991655349731445e-01,9.999987483024597168e-01,-9.999990463256835938e-01,-9.999625682830810547e-01,9.999994635581970215e-01,-9.999983906745910645e-01,9.999994039535522461e-01,-9.999988079071044922e-01,-9.999971985816955566e-01,-9.999983906745910645e-01,-9.999992251396179199e-01,9.999979138374328613e-01,9.999988079071044922e-01,-9.999984502792358398e-01,-9.999946951866149902e-01,-9.999971985816955566e-01,9.999927282333374023e-01,-9.999961853027343750e-01
-9.999957084655761719e-01,9.999963045120239258e-01,9.999845623970031738e-01,-9.999938607215881348e-01,-9.999970793724060059e-01,9.999967217445373535e-01,-9.999880194664001465e-01,-9.999973773956298828e-01,9.999884366989135742e-01,-9.999957084655761719e-01,9.999966621398925781e-01,9.999970197677612305e-01,-9.999948143959045410e-01,-9.999960660934448242e-01,-9.999839663505554199e-01,-9.999875426292419434e-01,-9.999929666519165039e-01,9.999949336051940918e-01,-9.999800324440002441e-01,9.999975562095642090e-01,9.999972581863403320e-01,-9.999838471412658691e-01,-9.999962449073791504e-01,-9.999945759773254395e-01,-9.999690055847167969e-01,-9.999971389770507812e-01,9.999952912330627441e-01,9.999970197677612305e-01,-9.999738335609436035e-01,9.999905824661254883e-01,9.999777674674987793e-01,9.999953508377075195e-01,-9.999631643295288086e-01,-9.999880194664001465e-01,9.999948143959045410e-01,-9.999108314514160156e-01,-9.999972581863403320e-01,-9.999960660934448242e-01,-9.999704360961914062e-01,9.999970197677612305e-01,-9.999963641166687012e-01,-9.998046159744262695e-01,-9.999564290046691895e-01,-9.999970793724060059e-01,-9.999953508377075195e-01,-9.999952316284179688e-01,9.999817013740539551e-01,-9.999963045120239258e-01,-9.999966025352478027e-01,9.999960660934448242e-01,9.999968409538269043e-01,9.999960064888000488e-01,9.999968409538269043e-01,9.999819397926330566e-01,9.999960064888000488e-01,9.999950528144836426e-01,9.999728202819824219e-01,-9.999666213989257812e-01,-9.999891519546508789e-01,-9.999952912330627441e-01,9.999958872795104980e-01,-9.999971985816955566e-01,-9.999957680702209473e-01,-9.999879002571105957e-01,9.999850988388061523e-01,9.999969005584716797e-01,9.999974370002746582e-01,9.999895095825195312e-01,9.999972581863403320e-01,-9.999958872795104980e-01,9.999966621398925781e-01,-9.999930262565612793e-01,9.998683929443359375e-01,9.999832510948181152e-01,9.999545216560363770e-01,9.999955892562866211e-01,-9.999780058860778809e-01,-9.999966025352478027e-01,9.999856948852539062e-01,9.999884963035583496e-01,-9.999657273292541504e-01,-9.999938011169433594e-01,9.999969005584716797e-01,-9.999950528144836426e-01,9.999955892562866211e-01,9.999677538871765137e-01,-9.999112486839294434e-01,-9.999971985816955566e-01,-9.999752640724182129e-01,-9.998313784599304199e-01,9.999872446060180664e-01,-9.999957084655761719e-01,9.999607801437377930e-01,9.999933242797851562e-01,-9.999942779541015625e-01,9.999942779541015625e-01,9.999684691429138184e-01,-9.999973177909851074e-01,9.999969005584716797e-01,-9.999918341636657715e-01,9.999912381172180176e-01,-9.999969601631164551e-01,-9.993878602981567383e-01,-9.998592734336853027e-01,-9.999964237213134766e-01,-9.999918937683105469e-01,9.999544024467468262e-01,9.999958872795104980e-01,9.999838471412658691e-01,-9.999960064888000488e-01,9.999959468841552734e-01,-9.999944567680358887e-01,9.999955892562866211e-01,9.998304247856140137e-01,-9.999974370002746582e-01,9.999930262565612793e-01,-9.999973177909851074e-01,9.999948740005493164e-01,9.999874830245971680e-01,9.999927282333374023e-01,9.999963045120239258e-01,-9.999911189079284668e-01,-9.999946951866149902e-01,9.999930262565612793e-01,9.999762177467346191e-01,9.999870657920837402e-01,-9.999673962593078613e-01,9.999830722808837891e-01
9.999983310699462891e-01,-9.999986886978149414e-01,-9.999942183494567871e-01,9.999977350234985352e-01,9.999989271163940430e-01,-9.999986886978149414e-01,9.999954104423522949e-01,9.999991059303283691e-01,-9.999957084655761719e-01,9.999983310699462891e-01,-9.999986886978149414e-01,-9.999988675117492676e-01,9.999979734420776367e-01,9.999985694885253906e-01,9.999939799308776855e-01,9.999952316284179688e-01,9.999973177909851074e-01,-9.999979734420776367e-01,9.999924898147583008e-01,-9.999989867210388184e-01,-9.999989867210388184e-01,9.999939203262329102e-01,9.999985694885253906e-01,9.999979734420776367e-01,9.999883770942687988e-01,9.999988675117492676e-01,-9.999982118606567383e-01,-9.999989271163940430e-01,9.999902248382568359e-01,-9.999963641166687012e-01,-9.999916553497314453e-01,-9.999982118606567383e-01,9.999862909317016602e-01,9.999955296516418457e-01,-9.999979734420776367e-01,9.999665617942810059e-01,9.999989867210388184e-01,9.999985098838806152e-01,9.999889135360717773e-01,-9.999989271163940430e-01,9.999986290931701660e-01,9.999266266822814941e-01,9.999836683273315430e-01,9.999988675117492676e-01,9.999982714653015137e-01,9.999982714653015137e-01,-9.999931454658508301e-01,9.999985694885253906e-01,9.999986290931701660e-01,-9.999984502792358398e-01,-9.999988079071044922e-01,-9.999984502792358398e-01,-9.999988079071044922e-01,-9.999932050704956055e-01,-9.999984502792358398e-01,-9.999980926513671875e-01,-9.999898076057434082e-01,9.999874830245971680e-01,9.999958872795104980e-01,9.999982118606567383e-01,-9.999984502792358398e-01,9.999989867210388184e-01,9.999983906745910645e-01,9.999954700469970703e-01,-9.999943375587463379e-01,-9.999988079071044922e-01,-9.999991059303283691e-01,-9.999960064888000488e-01,-9.999989271163940430e-01,9.999983906745910645e-01,-9.999986886978149414e-01,9.999973177909851074e-01,-9.999505877494812012e-01,-9.999938011169433594e-01,-9.999829530715942383e-01,-9.999983310699462891e-01,9.999917745590209961e-01,9.999987483024597168e-01,-9.999945759773254395e-01,-9.999957680702209473e-01,9.999871850013732910e-01,9.999975562095642090e-01,-9.999988079071044922e-01,9.999981522560119629e-01,-9.999983906745910645e-01,-9.999880194664001465e-01,9.999666810035705566e-01,9.999989867210388184e-01,9.999907016754150391e-01,9.999366998672485352e-01,-9.999952316284179688e-01,9.999984502792358398e-01,-9.999853372573852539e-01,-9.999973773956298828e-01,9.999978542327880859e-01,-9.999977946281433105e-01,-9.999881386756896973e-01,9.999989271163940430e-01,-9.999988079071044922e-01,9.999969005584716797e-01,-9.999966025352478027e-01,9.999988675117492676e-01,9.997704029083251953e-01,9.999472498893737793e-01,9.999986290931701660e-01,9.999969005584716797e-01,-9.999828934669494629e-01,-9.999985098838806152e-01,-9.999939203262329102e-01,9.999985098838806152e-01,-9.999984502792358398e-01,9.999979138374328613e-01,-9.999982714653015137e-01,-9.999363422393798828e-01,9.999990463256835938e-01,-9.999973177909851074e-01,9.999989867210388184e-01,-9.999980330467224121e-01,-9.999953508377075195e-01,-9.999972581863403320e-01,-9.999986290931701660e-01,9.999966025352478027e-01,9.999979734420776367e-01,-9.999973177909851074e-01,-9.999909996986389160e-01,-9.999952316284179688e-01,9.999879002571105957e-01,-9.999936223030090332e-01
-9.999986886978149414e-01,9.999989867210388184e-01,9.999956488609313965e-01,-9.999982118606567383e-01,-9.999991059303283691e-01,9.999991655349731445e-01,-9.999965429306030273e-01,-9.999992251396179199e-01,9.999966621398925781e-01,-9.999986886978149414e-01,9.999990463256835938e-01,9.999991059303283691e-01,-9.999984502792358398e-01,-9.999988675117492676e-01,-9.999954104423522949e-01,-9.999964237213134766e-01,-9.999979138374328613e-01,9.999985098838806152e-01,-9.999944567680358887e-01,9.999992847442626953e-01,9.999992847442626953e-01,-9.999954700469970703e-01,-9.999989271163940430e-01,-9.999984502792358398e-01,-9.999913573265075684e-01,-9.999991655349731445e-01,9.999985694885253906e-01,9.999992251396179199e-01,-9.999928474426269531e-01,9.999973177909851074e-01,9.999938011169433594e-01,9.999985694885253906e-01,-9.999897480010986328e-01,-9.999966621398925781e-01,9.999985098838806152e-01,-9.999753236770629883e-01,-9.999992251396179199e-01,-9.999988079071044922e-01,-9.999917745590209961e-01,9.999992251396179199e-01,-9.999989271163940430e-01,-9.999459385871887207e-01,-9.999879002571105957e-01,-9.999991655349731445e-01,-9.999986290931701660e-01,-9.999986290931701660e-01,9.999948740005493164e-01,-9.999988675117492676e-01,-9.999989867210388184e-01,9.999988675117492676e-01,9.999991655349731445e-01,9.999988079071044922e-01,9.999991655349731445e-01,9.999949336051940918e-01,9.999988079071044922e-01,9.999985098838806152e-01,9.999923706054687500e-01,-9.999907612800598145e-01,-9.999968409538269043e-01,-9.999986290931701660e-01,9.999987483024597168e-01,-9.999992251396179199e-01,-9.999988079071044922e-01,-9.999964833259582520e-01,9.999957680702209473e-01,9.999991059303283691e-01,9.999992251396179199e-01,9.999969601631164551e-01,9.999991655349731445e-01,-9.999988079071044922e-01,9.999990463256835938e-01,-9.999979138374328613e-01,9.999635815620422363e-01,9.999953508377075195e-01,9.999874234199523926e-01,9.999986886978149414e-01,-9.999938607215881348e-01,-9.999989867210388184e-01,9.999959468841552734e-01,9.999967813491821289e-01,-9.999904632568359375e-01,-9.999981522560119629e-01,9.999990463256835938e-01,-9.999984502792358398e-01,9.999986886978149414e-01,9.999911189079284668e-01,-9.999754428863525391e-01,-9.999991655349731445e-01,-9.999931454658508301e-01,-9.999533295631408691e-01,9.999964237213134766e-01,-9.999987483024597168e-01,9.999891519546508789e-01,9.999980330467224121e-01,-9.999983906745910645e-01,9.999983906745910645e-01,9.999911785125732422e-01,-9.999992251396179199e-01,9.999991655349731445e-01,-9.999976158142089844e-01,9.999974966049194336e-01,-9.999991059303283691e-01,-9.998310208320617676e-01,-9.999611377716064453e-01,-9.999990463256835938e-01,-9.999976754188537598e-01,9.999873042106628418e-01,9.999988079071044922e-01,9.999954700469970703e-01,-9.999988079071044922e-01,9.999988675117492676e-01,-9.999983906745910645e-01,9.999986886978149414e-01,9.999531507492065430e-01,-9.999992251396179199e-01,9.999980330467224121e-01,-9.999992847442626953e-01,9.999984502792358398e-01,9.999964833259582520e-01,9.999979138374328613e-01,9.999989271163940430e-01,-9.999974370002746582e-01,-9.999985098838806152e-01,9.999980330467224121e-01,9.999933242797851562e-01,9.999963641166687012e-01,-9.999909996986389160e-01,9.999952912330627441e-01
-9.999988675117492676e-01,9.999992251396179199e-01,9.999960660934448242e-01,-9.999984502792358398e-01,-9.999994039535522461e-01,9.999992251396179199e-01,-9.999968409538269043e-01,-9.999994039535522461e-01,9.999970197677612305e-01,-9.999988675117492676e-01,9.999991059303283691e-01,9.999992847442626953e-01,-9.999987483024597168e-01,-9.999990463256835938e-01,-9.999959468841552734e-01,-9.999968409538269043e-01,-9.999982118606567383e-01,9.999986886978149414e-01,-9.999949932098388672e-01,9.999994039535522461e-01,9.999994039535522461e-01,-9.999959468841552734e-01,-9.999991059303283691e-01,-9.999986886978149414e-01,-9.999922513961791992e-01,-9.999993443489074707e-01,9.999988079071044922e-01,9.999993443489074707e-01,-9.999934434890747070e-01,9.999976158142089844e-01,9.999944567680358887e-01,9.999988079071044922e-01,-9.999907612800598145e-01,-9.999969601631164551e-01,9.999987483024597168e-01,-9.999777078628540039e-01,-9.999993443489074707e-01,-9.999991059303283691e-01,-9.999926090240478516e-01,9.999993443489074707e-01,-9.999991655349731445e-01,-9.999510049819946289e-01,-9.999890923500061035e-01,-9.999992847442626953e-01,-9.999987483024597168e-01,-9.999988675117492676e-01,9.999954104423522949e-01,-9.999991059303283691e-01,-9.999991059303283691e-01,9.999990463256835938e-01,9.999992251396179199e-01,9.999989867210388184e-01,9.999992847442626953e-01,9.999954700469970703e-01,9.999989867210388184e-01,9.999986886978149414e-01,9.999932050704956055e-01,-9.999916553497314453e-01,-9.999971985816955566e-01,-9.999988079071044922e-01,9.999989271163940430e-01,-9.999994039535522461e-01,-9.999989271163940430e-01,-9.999969005584716797e-01,9.999961853027343750e-01,9.999992847442626953e-01,9.999994039535522461e-01,9.999972581863403320e-01,9.999993443489074707e-01,-9.999989867210388184e-01,9.999992251396179199e-01,-9.999982118606567383e-01,9.999670386314392090e-01,9.999957680702209473e-01,9.999886155128479004e-01,9.999988675117492676e-01,-9.999945163726806641e-01,-9.999992251396179199e-01,9.999962449073791504e-01,9.999971389770507812e-01,-9.999914169311523438e-01,-9.999983310699462891e-01,9.999992847442626953e-01,-9.999986886978149414e-01,9.999989271163940430e-01,9.999920129776000977e-01,-9.999778270721435547e-01,-9.999993443489074707e-01,-9.999938011169433594e-01,-9.999577999114990234e-01,9.999967217445373535e-01,-9.999989867210388184e-01,9.999902248382568359e-01,9.999983310699462891e-01,-9.999985694885253906e-01,9.999985098838806152e-01,9.999920725822448730e-01,-9.999993443489074707e-01,9.999993443489074707e-01,-9.999979734420776367e-01,9.999977350234985352e-01,-9.999992847442626953e-01,-9.998468756675720215e-01,-9.999648332595825195e-01,-9.999991655349731445e-01,-9.999979734420776367e-01,9.999886155128479004e-01,9.999989867210388184e-01,9.999959468841552734e-01,-9.999991655349731445e-01,9.999991059303283691e-01,-9.999986290931701660e-01,9.999988675117492676e-01,9.999575614929199219e-01,-9.999994635581970215e-01,9.999982118606567383e-01,-9.999993443489074707e-01,9.999986290931701660e-01,9.999969005584716797e-01,9.999981522560119629e-01,9.999991059303283691e-01,-9.999976754188537598e-01,-9.999985694885253906e-01,9.999982118606567383e-01,9.999939799308776855e-01,9.999967813491821289e-01,-9.999918341636657715e-01,9.999957680702209473e-01
