4.843026399612426758e-01,-2.934958040714263916e-02,2.754366993904113770e-01,-3.397659361362457275e-01,2.082672119140625000e-01,-3.157473206520080566e-01,1.290162205696105957e-01,3.577920496463775635e-01,-4.326146095991134644e-02,-6.310915201902389526e-02,-2.000395804643630981e-01,2.064121700823307037e-02,-2.733100056648254395e-01,-8.112078905105590820e-02,-1.934491395950317383e-01,-2.998721040785312653e-02,7.192875258624553680e-03,-2.316662818193435669e-01,2.935941517353057861e-01,4.995227977633476257e-02,-3.491660207509994507e-02,-3.366173207759857178e-01,-2.177987843751907349e-01,1.637296080589294434e-01,-1.077048294246196747e-02,-4.500695317983627319e-02,1.408623903989791870e-01,-2.526267170906066895e-01,-1.145643144845962524e-01,-1.519498974084854126e-01,-1.963766962289810181e-01,1.801022589206695557e-01,-2.202695310115814209e-01,-3.881661966443061829e-02,-6.939620245248079300e-03,1.784276515245437622e-01,-1.056480109691619873e-01,-1.531343311071395874e-01,-5.947603657841682434e-02,-2.316418141126632690e-01,-5.367122963070869446e-02,9.392227977514266968e-02,-2.730517089366912842e-01,-5.263071879744529724e-02,2.151153795421123505e-02,3.074432015419006348e-01,2.220718264579772949e-01,2.734276466071605682e-02,1.352964192628860474e-01,-1.060367748141288757e-01,-1.587880998849868774e-01,-2.960684299468994141e-01,1.829315871000289917e-01,3.352586179971694946e-02,-5.143547058105468750e-02,6.107191368937492371e-02,1.597293466329574585e-02,-8.906289935111999512e-03,2.631126642227172852e-01,3.287783861160278320e-01,-1.055217608809471130e-01,1.105933859944343567e-01,-7.586382329463958740e-03,1.680897474288940430e-01,-2.569902874529361725e-02,6.343342363834381104e-02,-4.268923401832580566e-01,-6.350347399711608887e-02,1.668370664119720459e-01,2.228190302848815918e-01,-2.522180043160915375e-02,1.695957630872726440e-01,7.607025653123855591e-02,-2.383014410734176636e-01,-1.401735097169876099e-01,4.977296292781829834e-02,1.520477118901908398e-03,-1.959202289581298828e-01,1.081112176179885864e-01,1.551740616559982300e-01,-1.574005782604217529e-01,-2.450758183840662241e-04,-2.867112867534160614e-02,-2.804797375574707985e-03,-1.393504142761230469e-01,3.378716707229614258e-01,2.798451185226440430e-01,-1.339368172921240330e-03,-2.378844171762466431e-01,-2.115093916654586792e-02,-1.284713149070739746e-01,3.748079240322113037e-01,3.030413091182708740e-01,-2.121800482273101807e-01,1.320761442184448242e-01,-4.427770972251892090e-01,-5.984672158956527710e-02,-1.573765621287748218e-05,2.798455953598022461e-02,-6.238358840346336365e-02,-2.729875445365905762e-01,2.354418784379959106e-01,2.228715419769287109e-01,8.141120523214340210e-02,-3.191220164299011230e-01,1.309463977813720703e-01,3.541073203086853027e-01,3.089549839496612549e-01,-3.691756427288055420e-01,1.741314865648746490e-02,-1.755289286375045776e-01,3.310415446758270264e-01,2.536964714527130127e-01,-2.804346196353435516e-02,-1.172376126050949097e-01,1.515510082244873047e-01,2.374693304300308228e-01,-2.163565754890441895e-01,1.297094207257032394e-02,-1.561154425144195557e-01,-3.304219543933868408e-01,-1.289283335208892822e-01,-4.488326236605644226e-02,4.075478911399841309e-01,-2.803640998899936676e-02,2.223681807518005371e-01,2.100023999810218811e-02,-1.693417690694332123e-02
-2.934958040714263916e-02,1.331609487533569336e-02,-1.056633070111274719e-01,8.236639201641082764e-02,5.368706956505775452e-02,1.515892148017883301e-02,-2.451393194496631622e-02,2.802463993430137634e-02,6.632062047719955444e-02,5.402978137135505676e-02,-1.381744630634784698e-03,-5.432606115937232971e-02,8.446523547172546387e-02,5.479357391595840454e-02,9.534727782011032104e-02,1.064513921737670898e-01,-1.693916041404008865e-03,9.207301586866378784e-02,-9.804125875234603882e-02,-5.204148590564727783e-02,-4.381954297423362732e-02,8.473373204469680786e-02,5.056478455662727356e-02,-2.871156856417655945e-02,1.323788613080978394e-02,9.303287416696548462e-02,-8.641539514064788818e-02,-3.949582576751708984e-02,8.124579489231109619e-02,1.917483471333980560e-02,-7.328256615437567234e-04,-1.082505509257316589e-01,6.929770857095718384e-02,5.028267949819564819e-02,-2.610545372590422630e-03,-1.051982864737510681e-01,7.495723664760589600e-02,9.157941490411758423e-02,-7.789751887321472168e-02,-4.602518305182456970e-02,9.828495234251022339e-02,5.459354724735021591e-03,9.546259045600891113e-02,2.923923917114734650e-02,-2.085523679852485657e-02,-8.945747464895248413e-02,-1.014604419469833374e-01,-3.212886676192283630e-02,-9.457150590606033802e-04,2.606826834380626678e-02,1.591848791576921940e-03,3.989662230014801025e-02,3.865909203886985779e-02,-1.962179876863956451e-02,1.560905831865966320e-03,-1.038414835929870605e-01,4.175221547484397888e-02,5.164372269064188004e-03,-7.677085697650909424e-02,-8.481655269861221313e-02,-5.713856779038906097e-03,-1.611104793846607208e-02,2.039248822256922722e-03,1.639194600284099579e-02,3.274435922503471375e-02,-3.245149552822113037e-02,5.182498693466186523e-02,1.000898331403732300e-01,-1.008536294102668762e-01,2.614796534180641174e-02,-8.321809768676757812e-02,-7.368189282715320587e-03,-2.897617965936660767e-02,9.617878496646881104e-02,-3.726693615317344666e-02,-9.589038789272308350e-02,-5.233690608292818069e-04,1.048064008355140686e-01,-3.155961260199546814e-02,-9.294831752777099609e-02,1.014511883258819580e-01,1.177811573143117130e-04,-7.759083807468414307e-02,2.931076451204717159e-04,-8.689631521701812744e-02,-9.764496237039566040e-02,1.061185263097286224e-02,1.550410524941980839e-03,7.835087925195693970e-02,7.529812306165695190e-02,-2.143140323460102081e-02,-4.308066517114639282e-02,-8.790531009435653687e-02,4.135670512914657593e-02,-9.217272698879241943e-02,2.995895408093929291e-02,5.931355431675910950e-02,-1.770507083165284712e-06,-8.083060383796691895e-02,9.540551900863647461e-02,-1.577706634998321533e-02,4.573302716016769409e-02,-1.064935624599456787e-01,-9.018406271934509277e-02,1.180727258324623108e-01,1.021134434267878532e-03,-9.160552918910980225e-02,-1.024816855788230896e-01,-1.156280282884836197e-02,-3.090093145146965981e-03,6.372392177581787109e-02,-7.667277008295059204e-02,-1.027354896068572998e-01,-8.221504278481006622e-03,9.969016164541244507e-02,-9.402925521135330200e-02,4.065958037972450256e-02,4.693733528256416321e-02,-9.472409635782241821e-02,5.053044110536575317e-02,8.762632310390472412e-02,8.770044147968292236e-02,7.267241925001144409e-02,-7.022996991872787476e-02,-3.470554202795028687e-02,-6.423538178205490112e-02,-4.322275519371032715e-03,6.802463531494140625e-02
2.754366993904113770e-01,-1.056633070111274719e-01,8.181511759757995605e-01,-6.871532201766967773e-01,-4.386676549911499023e-01,-1.795662045478820801e-01,1.707630157470703125e-01,-2.417037785053253174e-01,-5.245178937911987305e-01,-4.822507798671722412e-01,2.846742048859596252e-02,4.909351468086242676e-01,-6.248667240142822266e-01,-5.267762541770935059e-01,-7.704991698265075684e-01,-7.679076790809631348e-01,1.311362348496913910e-02,-7.017270326614379883e-01,7.603220343589782715e-01,4.952666759490966797e-01,3.554832339286804199e-01,-7.121139764785766602e-01,-4.642803370952606201e-01,2.499216794967651367e-01,-1.182336583733558655e-01,-6.851319074630737305e-01,7.090439200401306152e-01,2.759959101676940918e-01,-6.716300845146179199e-01,-1.715731471776962280e-01,2.752607874572277069e-02,8.092776536941528320e-01,-5.468859076499938965e-01,-5.362954139709472656e-01,2.625801414251327515e-02,7.841033339500427246e-01,-6.399704217910766602e-01,-7.459661364555358887e-01,5.661463141441345215e-01,4.209919571876525879e-01,-7.361679077148437500e-01,-5.335129052400588989e-02,-7.486106157302856445e-01,-2.620872855186462402e-01,1.393609642982482910e-01,7.239990830421447754e-01,8.011229038238525391e-01,2.641152441501617432e-01,-2.692313166335225105e-03,-9.902844578027725220e-02,-2.153201727196574211e-03,-2.856576144695281982e-01,-3.435562252998352051e-01,1.634930223226547241e-01,-6.004139780998229980e-03,7.895753979682922363e-01,-4.057179689407348633e-01,-4.622244462370872498e-02,5.977804660797119141e-01,6.807559132575988770e-01,7.051433622837066650e-02,1.014731749892234802e-01,-1.747827231884002686e-02,-1.031713411211967468e-01,-2.487060427665710449e-01,2.779982388019561768e-01,-3.639479577541351318e-01,-7.481111884117126465e-01,7.829813957214355469e-01,-1.954284608364105225e-01,6.761781573295593262e-01,1.091192662715911865e-01,2.689433395862579346e-01,-7.753038406372070312e-01,2.550029456615447998e-01,7.259888052940368652e-01,4.148118197917938232e-03,-8.152016401290893555e-01,2.569580078125000000e-01,7.504624724388122559e-01,-7.890932559967041016e-01,-1.105987350456416607e-03,6.551420092582702637e-01,-1.323978300206363201e-03,6.500349640846252441e-01,7.671828269958496094e-01,-1.106550395488739014e-01,-1.312368083745241165e-02,-6.304489374160766602e-01,-6.562044620513916016e-01,1.835566759109497070e-01,3.147717416286468506e-01,6.897454857826232910e-01,-3.578353822231292725e-01,7.334954738616943359e-01,-2.404389232397079468e-01,-4.784613847732543945e-01,1.756018173182383180e-05,6.619761586189270020e-01,-7.223139405250549316e-01,2.229008078575134277e-01,-3.680347800254821777e-01,8.065896630287170410e-01,7.279173731803894043e-01,-8.596656918525695801e-01,-8.449576050043106079e-02,6.717425584793090820e-01,7.619063854217529297e-01,7.460890710353851318e-02,2.629512362182140350e-02,-5.403405427932739258e-01,6.668519973754882812e-01,7.901254892349243164e-01,-5.308360233902931213e-02,-7.735211253166198730e-01,7.461335659027099609e-01,-3.398814499378204346e-01,-4.066878855228424072e-01,7.428275942802429199e-01,-4.519643783569335938e-01,-6.824967265129089355e-01,-7.056621909141540527e-01,-6.212412714958190918e-01,5.325674414634704590e-01,4.045211374759674072e-01,5.834379196166992188e-01,2.593380771577358246e-02,-5.856056809425354004e-01
-3.397659361362457275e-01,8.236639201641082764e-02,-6.871532201766967773e-01,7.169888019561767578e-01,1.940514296293258667e-01,2.511288523674011230e-01,-1.404328495264053345e-01,-5.435676779597997665e-03,4.304555654525756836e-01,3.721136152744293213e-01,-9.249445050954818726e-02,-3.518826067447662354e-01,4.233510792255401611e-01,4.337775707244873047e-01,6.292651891708374023e-01,5.079777240753173828e-01,-7.612873800098896027e-03,5.877020955085754395e-01,-7.204536199569702148e-01,-3.882457911968231201e-01,-3.803964853286743164e-01,6.487694382667541504e-01,4.043013155460357666e-01,-1.752112209796905518e-01,9.311094880104064941e-02,4.164861142635345459e-01,-4.820502698421478271e-01,2.402601018548011780e-02,4.225152730941772461e-01,3.062208890914916992e-01,1.483985874801874161e-02,-6.803888678550720215e-01,6.029235720634460449e-01,3.944635391235351562e-01,-5.450546275824308395e-03,-5.503707528114318848e-01,4.486063718795776367e-01,5.769938230514526367e-01,-2.543117105960845947e-01,-3.427895605564117432e-01,6.071753501892089844e-01,9.152868390083312988e-02,5.983726382255554199e-01,1.935124099254608154e-01,-2.397948503494262695e-01,-5.163317918777465820e-01,-7.014464735984802246e-01,-2.260675430297851562e-01,4.671236965805292130e-03,1.464691907167434692e-01,3.435500711202621460e-02,4.129207134246826172e-01,3.215181231498718262e-01,-1.439057886600494385e-01,1.487280428409576416e-01,-5.678655505180358887e-01,3.543809950351715088e-01,3.353646025061607361e-02,-5.116283297538757324e-01,-7.010364532470703125e-01,-9.537012130022048950e-02,-3.984200954437255859e-02,1.931432820856571198e-02,2.072026394307613373e-02,2.381616681814193726e-01,-2.198356837034225464e-01,3.097462356090545654e-01,5.062577724456787109e-01,-6.099426150321960449e-01,-7.935523986816406250e-02,-4.556859135627746582e-01,9.165833890438079834e-02,-3.118418455123901367e-01,6.548886895179748535e-01,-2.173785567283630371e-01,-5.442194342613220215e-01,-1.759488601237535477e-03,6.218423247337341309e-01,-3.974665403366088867e-01,-5.895088315010070801e-01,7.036287188529968262e-01,8.605733746662735939e-04,-4.303987920284271240e-01,4.874380771070718765e-03,-4.547879397869110107e-01,-6.423853635787963867e-01,-1.503675729036331177e-01,7.043684367090463638e-03,4.467244446277618408e-01,4.726313650608062744e-01,-1.628733277320861816e-01,-4.637574553489685059e-01,-6.547695398330688477e-01,3.790521323680877686e-01,-6.452265381813049316e-01,3.537758588790893555e-01,3.168641924858093262e-01,-8.644244189781602472e-06,-4.204620420932769775e-01,5.256168842315673828e-01,-3.064229153096675873e-02,5.900115892291069031e-02,-7.251902222633361816e-01,-5.224921107292175293e-01,7.508028745651245117e-01,2.461871504783630371e-01,-7.484290003776550293e-01,-6.037822365760803223e-01,1.464571803808212280e-01,-3.044102340936660767e-02,5.374578833580017090e-01,-6.592186093330383301e-01,-7.056840658187866211e-01,1.748338192701339722e-01,5.945474505424499512e-01,-5.882532000541687012e-01,4.452576860785484314e-02,3.392804563045501709e-01,-5.464996099472045898e-01,4.687663316726684570e-01,5.803219676017761230e-01,6.286392807960510254e-01,5.212368965148925781e-01,-5.191988348960876465e-01,-3.124809861183166504e-01,-5.415253043174743652e-01,-3.439084440469741821e-02,4.000361561775207520e-01
2.082672119140625000e-01,5.368706956505775452e-02,-4.386676549911499023e-01,1.940514296293258667e-01,5.872404575347900391e-01,-1.560086309909820557e-01,-2.945994772017002106e-02,5.948446393013000488e-01,2.940292060375213623e-01,2.867575883865356445e-01,-1.170209571719169617e-01,-3.575773239135742188e-01,3.479616343975067139e-01,2.737513780593872070e-01,4.467676579952239990e-01,6.974312067031860352e-01,-6.471318658441305161e-03,3.762595057487487793e-01,-3.268645405769348145e-01,-2.887101471424102783e-01,-1.647400707006454468e-01,2.439299076795578003e-01,1.509535610675811768e-01,-7.898212224245071411e-02,7.315436005592346191e-02,5.978494286537170410e-01,-4.812071025371551514e-01,-5.568288564682006836e-01,5.553870201110839844e-01,-1.005681902170181274e-01,-1.816925704479217529e-01,-4.960313439369201660e-01,1.325116902589797974e-01,3.667124211788177490e-01,-3.462076559662818909e-02,-5.590747594833374023e-01,4.205666184425354004e-01,4.755480885505676270e-01,-6.798549294471740723e-01,-4.586294889450073242e-01,5.326710939407348633e-01,6.168120726943016052e-02,3.879180252552032471e-01,1.591578423976898193e-01,2.323561161756515503e-02,-3.978238105773925781e-01,-4.524920582771301270e-01,-1.669993102550506592e-01,7.591774314641952515e-02,-2.814064361155033112e-02,-1.287603825330734253e-01,-1.523776650428771973e-01,3.213293552398681641e-01,-8.903904259204864502e-02,-1.424719691276550293e-01,-6.587374806404113770e-01,2.809235453605651855e-01,2.935874648392200470e-02,-2.284423112869262695e-01,-1.967359334230422974e-01,-7.706657052040100098e-02,-5.780815333127975464e-02,2.384322928264737129e-03,2.200370877981185913e-01,1.334706842899322510e-01,-1.522539258003234863e-01,-2.899105474352836609e-02,6.234602332115173340e-01,-4.988843798637390137e-01,4.665920436382293701e-01,-6.130329370498657227e-01,-9.728343039751052856e-02,-3.942099586129188538e-02,4.180705547332763672e-01,-2.686744928359985352e-01,-5.649557709693908691e-01,-2.927850233390927315e-03,5.577391982078552246e-01,7.801212370395660400e-03,-4.716310203075408936e-01,4.815044701099395752e-01,6.060747546143829823e-04,-5.807445645332336426e-01,-3.525115549564361572e-03,-6.683080792427062988e-01,-3.555230498313903809e-01,4.351705908775329590e-01,1.101503614336252213e-02,3.060614764690399170e-01,5.040464997291564941e-01,-2.205917537212371826e-01,1.847515106201171875e-01,-2.391610592603683472e-01,1.807572506368160248e-02,-4.377800226211547852e-01,-2.439667731523513794e-01,3.767696917057037354e-01,-2.683628736122045666e-05,-5.438057780265808105e-01,5.690713524818420410e-01,-4.427284598350524902e-01,5.986563563346862793e-01,-4.464637637138366699e-01,-5.475644469261169434e-01,4.590615034103393555e-01,4.005296155810356140e-02,-1.497104912996292114e-01,-4.177545011043548584e-01,-4.570871591567993164e-01,3.542046993970870972e-03,1.636658459901809692e-01,-1.717713773250579834e-01,-4.150456488132476807e-01,-1.037148982286453247e-01,5.844246745109558105e-01,-4.624058604240417480e-01,5.602285861968994141e-01,1.501171141862869263e-01,-6.244596838951110840e-01,1.249114498496055603e-01,2.817538678646087646e-01,3.907729983329772949e-01,3.785417079925537109e-01,-4.500231891870498657e-02,-2.871346473693847656e-01,-1.794432103633880615e-01,-9.580454934621229768e-05,4.563083946704864502e-01
-3.157473206520080566e-01,1.515892148017883301e-02,-1.795662045478820801e-01,2.511288523674011230e-01,-1.560086309909820557e-01,2.564546167850494385e-01,-4.746238142251968384e-02,-2.410351186990737915e-01,-1.672014407813549042e-02,4.290081933140754700e-02,9.250374138355255127e-02,-2.855821279808878899e-03,1.313444375991821289e-01,6.702176481485366821e-02,1.265791505575180054e-01,-2.624228224158287048e-02,-4.078829661011695862e-03,1.234880313277244568e-01,-1.981010884046554565e-01,-5.761674046516418457e-02,1.322084479033946991e-02,2.170786410570144653e-01,1.610594987869262695e-01,-8.919872343540191650e-02,5.728481337428092957e-03,-3.576907515525817871e-02,-7.950387150049209595e-02,2.122113555669784546e-01,7.014468312263488770e-02,9.656878560781478882e-02,1.306827664375305176e-01,-1.052572652697563171e-01,1.638626456260681152e-01,6.980823725461959839e-02,6.140582263469696045e-03,-7.322610914707183838e-02,4.566903784871101379e-02,8.523457497358322144e-02,8.898602426052093506e-02,1.055510863661766052e-01,1.059849932789802551e-02,-3.889427706599235535e-02,1.672212332487106323e-01,3.535630181431770325e-02,-2.502290345728397369e-02,-1.816760152578353882e-01,-1.523402780294418335e-01,-1.381511986255645752e-02,-8.746463060379028320e-02,4.833110421895980835e-02,1.127292364835739136e-01,1.715823262929916382e-01,-9.649243205785751343e-02,-1.401541661471128464e-02,4.757645726203918457e-02,-3.420602157711982727e-02,-2.803043462336063385e-04,4.934089258313179016e-03,-1.567489951848983765e-01,-2.184810787439346313e-01,5.370479822158813477e-02,-4.845155775547027588e-02,5.811275448650121689e-03,-1.242216825485229492e-01,1.082585775293409824e-03,-3.403890505433082581e-02,2.413205653429031372e-01,1.232577301561832428e-02,-8.410885930061340332e-02,-1.813526004552841187e-01,2.367863804101943970e-02,-1.115176379680633545e-01,-5.375858396291732788e-02,1.401558220386505127e-01,1.022351160645484924e-01,-2.462056651711463928e-02,-4.379611345939338207e-04,1.215991154313087463e-01,-9.644904732704162598e-02,-7.884790003299713135e-02,1.107627674937248230e-01,1.571351604070514441e-04,1.894932240247726440e-02,1.391720958054065704e-03,1.093407496809959412e-01,-2.003558874130249023e-01,-1.811482310295104980e-01,-9.311026951763778925e-05,1.091982498764991760e-01,6.655254866927862167e-03,6.553205102682113647e-02,-2.497185915708541870e-01,-1.883115172386169434e-01,1.411151885986328125e-01,-7.910329103469848633e-02,2.833635807037353516e-01,4.429949447512626648e-02,8.087362402875442058e-06,6.069115363061428070e-03,3.995553124696016312e-03,1.600605845451354980e-01,-1.913449764251708984e-01,-1.318270564079284668e-01,-3.381720557808876038e-02,1.969074159860610962e-01,8.430849760770797729e-03,-2.473646402359008789e-01,-1.620399653911590576e-01,2.748250961303710938e-01,-1.087037567049264908e-02,1.118468940258026123e-01,-2.537627220153808594e-01,-1.545651108026504517e-01,7.950690388679504395e-02,7.776939868927001953e-02,-8.603668212890625000e-02,-1.905776560306549072e-01,1.426830887794494629e-01,-6.673289462924003601e-03,1.143721863627433777e-01,2.000125497579574585e-01,8.521347492933273315e-02,3.689846768975257874e-02,-2.431016117334365845e-01,-1.493552885949611664e-02,-1.558335423469543457e-01,-1.670368202030658722e-02,1.706579513847827911e-02
1.290162205696105957e-01,-2.451393194496631622e-02,1.707630157470703125e-01,-1.404328495264053345e-01,-2.945994772017002106e-02,-4.746238142251968384e-02,1.044642925262451172e-01,3.215980902314186096e-02,-1.095315366983413696e-01,-4.991986230015754700e-02,-8.134903758764266968e-02,6.715537607669830322e-02,-2.047823667526245117e-01,-5.002778023481369019e-02,-1.446542441844940186e-01,-1.602949798107147217e-01,4.213082604110240936e-03,-1.875624656677246094e-01,1.536183953285217285e-01,2.667065709829330444e-02,1.940385089255869389e-03,-1.627330631017684937e-01,-7.833519577980041504e-02,7.952927798032760620e-02,-1.462993118911981583e-02,-1.597608923912048340e-01,1.184193044900894165e-01,4.062055796384811401e-02,-1.199974119663238525e-01,-5.512984842061996460e-02,-4.999169707298278809e-02,1.480828523635864258e-01,-9.883831441402435303e-02,-1.285288762301206589e-02,3.213774878531694412e-03,1.859996914863586426e-01,-1.206001341342926025e-01,-1.378933638334274292e-01,1.288931071758270264e-01,-5.197158828377723694e-02,-1.318694055080413818e-01,3.681975230574607849e-02,-1.789742112159729004e-01,-4.177150875329971313e-02,5.293786991387605667e-03,1.737696975469589233e-01,1.515985131263732910e-01,5.578143149614334106e-02,5.212128907442092896e-02,-8.864039927721023560e-02,-2.503428235650062561e-02,-1.230739057064056396e-01,3.496888652443885803e-02,4.191333800554275513e-02,3.254608949646353722e-03,1.269360631704330444e-01,-2.944632992148399353e-02,-8.390002883970737457e-03,1.541551500558853149e-01,1.681986749172210693e-01,-5.342615395784378052e-02,8.875135332345962524e-02,-2.618587575852870941e-03,1.456991583108901978e-02,-5.456439405679702759e-02,5.309841781854629517e-02,-1.936753392219543457e-01,-1.487771272659301758e-01,1.589596718549728394e-01,-1.517697889357805252e-02,8.802685886621475220e-02,4.858352616429328918e-02,2.528377808630466461e-02,-1.640041172504425049e-01,1.617550291121006012e-02,1.209808811545372009e-01,1.453150878660380840e-03,-1.585710346698760986e-01,4.235256835818290710e-02,1.329342573881149292e-01,-1.294793933629989624e-01,-1.625438890187069774e-04,7.207269966602325439e-02,-1.521173631772398949e-03,7.520113885402679443e-02,2.008341103792190552e-01,5.965622141957283020e-02,-3.056037006899714470e-03,-1.582368761301040649e-01,-8.164566755294799805e-02,-1.639398373663425446e-02,1.139463409781455994e-01,1.612622141838073730e-01,-6.922830641269683838e-02,1.247283592820167542e-01,-1.415925920009613037e-01,-1.048897430300712585e-01,-4.957129476679256186e-06,1.100722998380661011e-01,-1.460800021886825562e-01,-7.390317320823669434e-02,-2.229744568467140198e-02,1.654779016971588135e-01,1.272416710853576660e-01,-1.918464004993438721e-01,9.891152381896972656e-02,1.550268232822418213e-01,2.217258810997009277e-01,-3.266916796565055847e-02,5.488891154527664185e-03,-8.922368288040161133e-02,1.070204079151153564e-01,1.858224570751190186e-01,9.531273692846298218e-02,-1.452449560165405273e-01,1.420080363750457764e-01,-1.557724550366401672e-02,-1.119852289557456970e-01,1.079993396997451782e-01,-6.766258180141448975e-02,-1.968172639608383179e-01,-1.115078106522560120e-01,-7.170242071151733398e-02,1.960542798042297363e-01,-2.103873156011104584e-02,8.887114375829696655e-02,1.030393410474061966e-02,-6.410195678472518921e-02
3.577920496463775635e-01,2.802463993430137634e-02,-2.417037785053253174e-01,-5.435676779597997665e-03,5.948446393013000488e-01,-2.410351186990737915e-01,3.215980902314186096e-02,7.130491733551025391e-01,1.402763128280639648e-01,1.823106408119201660e-01,-1.095634549856185913e-01,-2.990925312042236328e-01,2.185683697462081909e-01,1.721895337104797363e-01,2.837086915969848633e-01,5.712214112281799316e-01,-3.627750789746642113e-03,2.096986472606658936e-01,-9.938313812017440796e-02,-1.909498721361160278e-01,-7.564467377960681915e-03,5.647960677742958069e-02,3.430452942848205566e-02,-3.276375308632850647e-02,5.031463876366615295e-02,4.889701902866363525e-01,-3.525190949440002441e-01,-6.258626580238342285e-01,4.998118281364440918e-01,-2.052094042301177979e-01,-2.211752682924270630e-01,-2.836915254592895508e-01,-8.740852028131484985e-02,3.214208483695983887e-01,-4.172203689813613892e-02,-4.085017442703247070e-01,3.206095695495605469e-01,3.315168917179107666e-01,-6.706240177154541016e-01,-4.199621677398681641e-01,3.621941804885864258e-01,3.780864551663398743e-02,2.168597877025604248e-01,1.196120604872703552e-01,1.514879912137985229e-01,-2.596493661403656006e-01,-2.676155567169189453e-01,-1.213695704936981201e-01,7.429611682891845703e-02,-1.323718875646591187e-01,-1.714809387922286987e-01,-3.640883862972259521e-01,2.481614500284194946e-01,-5.940920859575271606e-02,-2.316009402275085449e-01,-5.302372574806213379e-01,2.262567877769470215e-01,2.340652979910373688e-02,-4.202998057007789612e-02,1.483082491904497147e-02,-4.936948418617248535e-02,-6.579169631004333496e-02,-4.905453417450189590e-03,2.047903388738632202e-01,5.533492565155029297e-02,-9.511778503656387329e-02,-1.802853047847747803e-01,5.033428668975830078e-01,-3.351396620273590088e-01,5.557542443275451660e-01,-5.414036512374877930e-01,-1.694264858961105347e-01,7.958375662565231323e-02,2.480966150760650635e-01,-1.922206431627273560e-01,-4.255092740058898926e-01,-2.587583614513278008e-03,4.072285294532775879e-01,1.345209032297134399e-01,-3.054542541503906250e-01,2.877888679504394531e-01,4.270733334124088287e-04,-5.145741701126098633e-01,-6.223790347576141357e-03,-5.748394131660461426e-01,-1.741755902767181396e-01,5.551468729972839355e-01,1.054156478494405746e-02,1.415265798568725586e-01,4.215272068977355957e-01,-2.040778249502182007e-01,4.209725856781005859e-01,-2.169129066169261932e-02,-1.364481747150421143e-01,-2.606680393218994141e-01,-4.205810725688934326e-01,3.327409923076629639e-01,-2.948648943856824189e-05,-4.639897048473358154e-01,4.376726150512695312e-01,-5.371454954147338867e-01,6.501624584197998047e-01,-2.356507927179336548e-01,-4.337623119354248047e-01,2.185364067554473877e-01,1.722305268049240112e-02,1.258493214845657349e-01,-2.426355183124542236e-01,-5.830461978912353516e-01,1.866463944315910339e-02,-2.715132944285869598e-02,3.413451462984085083e-02,-2.201941460371017456e-01,-1.472280919551849365e-01,4.604918360710144043e-01,-2.995784580707550049e-01,6.193017959594726562e-01,7.338399440050125122e-02,-5.131896734237670898e-01,-2.998167835175991058e-02,1.132915690541267395e-01,2.092971950769424438e-01,2.372152209281921387e-01,1.637747585773468018e-01,-2.489131391048431396e-01,-2.050568349659442902e-03,1.551968418061733246e-02,3.818108439445495605e-01
-4.326146095991134644e-02,6.632062047719955444e-02,-5.245178937911987305e-01,4.304555654525756836e-01,2.940292060375213623e-01,-1.672014407813549042e-02,-1.095315366983413696e-01,1.402763128280639648e-01,5.393748283386230469e-01,3.496386110782623291e-01,-1.444321721792221069e-01,-3.453156948089599609e-01,2.777544558048248291e-01,4.080751240253448486e-01,5.353693962097167969e-01,5.719859004020690918e-01,-2.332307631149888039e-03,3.983353674411773682e-01,-5.328984856605529785e-01,-3.653131723403930664e-01,-5.083079338073730469e-01,4.563173055648803711e-01,2.244530320167541504e-01,-9.626469016075134277e-02,9.235308319330215454e-02,4.860401153564453125e-01,-4.678278565406799316e-01,-1.365065723657608032e-01,3.097717165946960449e-01,2.183944582939147949e-01,-1.255360990762710571e-01,-6.978232860565185547e-01,4.337618947029113770e-01,3.283309936523437500e-01,-8.905157446861267090e-03,-5.350354313850402832e-01,3.852570950984954834e-01,4.924327135086059570e-01,-2.843971252441406250e-01,-4.360433518886566162e-01,6.126754283905029297e-01,1.317151486873626709e-01,4.105494618415832520e-01,1.456820219755172729e-01,-2.367449700832366943e-01,-3.764439225196838379e-01,-5.405676960945129395e-01,-1.718161404132843018e-01,1.343073397874832153e-01,2.428000606596469879e-02,-8.679150044918060303e-02,2.938529551029205322e-01,4.390823245048522949e-01,-1.242617964744567871e-01,1.297133415937423706e-01,-5.541993975639343262e-01,3.290243744850158691e-01,2.616093866527080536e-02,-3.180265426635742188e-01,-4.636423587799072266e-01,-1.828996986150741577e-01,9.172915667295455933e-02,1.483233273029327393e-02,1.497460454702377319e-01,2.240359932184219360e-01,-1.813788563013076782e-01,6.097508594393730164e-02,4.904013872146606445e-01,-5.702825188636779785e-01,5.764625966548919678e-02,-4.403287768363952637e-01,2.096416354179382324e-01,-3.223564624786376953e-01,5.483552813529968262e-01,-2.859234809875488281e-01,-4.890042245388031006e-01,-1.305274898186326027e-03,5.275189280509948730e-01,-2.413091510534286499e-01,-5.730102658271789551e-01,6.171682476997375488e-01,7.283001323230564594e-04,-4.482755661010742188e-01,3.948629368096590042e-03,-5.357007384300231934e-01,-4.617645144462585449e-01,-7.115904008969664574e-05,6.113879382610321045e-03,4.179067313671112061e-01,4.656832516193389893e-01,-1.744625866413116455e-01,-2.432893514633178711e-01,-4.704379141330718994e-01,2.927699387073516846e-01,-5.674339532852172852e-01,8.472131937742233276e-02,1.517899185419082642e-01,-1.423659978172509000e-05,-4.559153914451599121e-01,4.960410892963409424e-01,-1.800747662782669067e-01,2.578581273555755615e-01,-6.566877961158752441e-01,-4.891304671764373779e-01,6.147921085357666016e-01,1.630018651485443115e-01,-5.582068562507629395e-01,-4.367732405662536621e-01,-9.039895981550216675e-02,-2.784210816025733948e-02,5.585588216781616211e-01,-4.352623224258422852e-01,-5.526258349418640137e-01,1.689698696136474609e-01,4.628608822822570801e-01,-5.207153558731079102e-01,2.351363003253936768e-01,1.386782228946685791e-01,-5.218215584754943848e-01,3.693985939025878906e-01,3.278652727603912354e-01,5.659908056259155273e-01,5.034983158111572266e-01,-2.622314989566802979e-01,-3.498280942440032959e-01,-4.411574602127075195e-01,9.405813179910182953e-04,3.435494899749755859e-01
-6.310915201902389526e-02,5.402978137135505676e-02,-4.822507798671722412e-01,3.721136152744293213e-01,2.867575883865356445e-01,4.290081933140754700e-02,-4.991986230015754700e-02,1.823106408119201660e-01,3.496386110782623291e-01,3.109361529350280762e-01,-9.732508659362792969e-02,-2.921307981014251709e-01,2.818312048912048340e-01,3.394921720027923584e-01,4.654574096202850342e-01,5.111380815505981445e-01,-5.106727126985788345e-03,3.465411365032196045e-01,-4.649071991443634033e-01,-3.320190906524658203e-01,-3.342677950859069824e-01,3.840984404087066650e-01,2.388217449188232422e-01,-1.060426607728004456e-01,7.503965497016906738e-02,4.266745746135711670e-01,-4.456851780414581299e-01,-1.660819500684738159e-01,3.749307990074157715e-01,8.780464529991149902e-02,-8.399101346731185913e-02,-5.744717717170715332e-01,3.329506218433380127e-01,3.490709662437438965e-01,-1.276462059468030930e-02,-4.830357134342193604e-01,3.471104204654693604e-01,4.416664540767669678e-01,-3.229370415210723877e-01,-3.663943707942962646e-01,4.892159104347229004e-01,8.072343468666076660e-02,3.890032768249511719e-01,1.404445469379425049e-01,-1.314603388309478760e-01,-3.949632942676544189e-01,-4.825288951396942139e-01,-1.304078549146652222e-01,8.238255232572555542e-02,-8.240948431193828583e-03,-3.472328186035156250e-02,1.415313631296157837e-01,3.190583586692810059e-01,-8.804258704185485840e-02,3.673332929611206055e-02,-5.282064080238342285e-01,2.609508633613586426e-01,2.407867647707462311e-02,-2.894045412540435791e-01,-3.604619801044464111e-01,-1.245364695787429810e-01,4.221587255597114563e-02,1.081709936261177063e-02,1.193802878260612488e-01,1.475695520639419556e-01,-1.522833853960037231e-01,8.097669482231140137e-02,4.576755464076995850e-01,-4.881276190280914307e-01,1.142161414027214050e-01,-4.283162057399749756e-01,2.381547912955284119e-02,-2.077961415052413940e-01,4.616670012474060059e-01,-2.032181173563003540e-01,-4.546017348766326904e-01,-1.537082367576658726e-03,5.051258802413940430e-01,-1.478529423475265503e-01,-4.874474108219146729e-01,5.295047163963317871e-01,6.303765694610774517e-04,-4.216412901878356934e-01,7.472755969502031803e-04,-4.599170982837677002e-01,-4.042774438858032227e-01,1.071450114250183105e-01,6.165450438857078552e-03,3.585711717605590820e-01,4.122719466686248779e-01,-1.385914236307144165e-01,-1.539930403232574463e-01,-3.878453075885772705e-01,2.200340628623962402e-01,-4.672284424304962158e-01,4.549623653292655945e-02,1.960179358720779419e-01,-1.608505226613488048e-05,-4.053548276424407959e-01,4.360312819480895996e-01,-2.125743031501770020e-01,2.682931423187255859e-01,-5.287237763404846191e-01,-4.442483186721801758e-01,5.565867424011230469e-01,1.143724620342254639e-01,-4.323746860027313232e-01,-4.003493785858154297e-01,-8.320526778697967529e-02,-1.793204434216022491e-02,3.871941864490509033e-01,-3.974333107471466064e-01,-4.569814503192901611e-01,1.340686678886413574e-01,4.508287906646728516e-01,-4.518813788890838623e-01,2.362664192914962769e-01,1.586614549160003662e-01,-4.825735986232757568e-01,2.752946019172668457e-01,3.074222803115844727e-01,4.552957713603973389e-01,4.015223979949951172e-01,-2.095567584037780762e-01,-3.083878457546234131e-01,-3.539012372493743896e-01,-3.273558570072054863e-03,3.543028831481933594e-01
-2.000395804643630981e-01,-1.381744630634784698e-03,2.846742048859596252e-02,-9.249445050954818726e-02,-1.170209571719169617e-01,9.250374138355255127e-02,-8.134903758764266968e-02,-1.095634549856185913e-01,-1.444321721792221069e-01,-9.732508659362792969e-02,2.939831018447875977e-01,7.573366165161132812e-02,1.901578307151794434e-01,-1.137021258473396301e-01,-6.077560409903526306e-02,-2.991225011646747589e-02,-6.099013611674308777e-03,9.330757893621921539e-03,1.138085871934890747e-01,1.266597360372543335e-01,3.145572543144226074e-01,-4.253458231687545776e-03,7.351326290518045425e-03,-1.063830554485321045e-01,-2.746585197746753693e-02,2.255805395543575287e-02,-6.835535168647766113e-03,-2.863703295588493347e-02,7.973851263523101807e-02,-1.039466336369514465e-01,1.572970002889633179e-01,1.358948498964309692e-01,-1.869349777698516846e-01,-1.014668047428131104e-01,-7.664655800908803940e-03,-4.933945462107658386e-02,-1.339816767722368240e-02,-5.290530249476432800e-02,-1.006480604410171509e-01,3.559726774692535400e-01,-1.900089830160140991e-01,-1.725254505872726440e-01,4.839060828089714050e-02,-8.339311927556991577e-03,2.120035588741302490e-01,-1.544383168220520020e-01,9.980213642120361328e-02,5.098968744277954102e-02,-1.589793115854263306e-01,6.959922611713409424e-03,9.599173069000244141e-02,-5.141752213239669800e-02,-3.556648194789886475e-01,2.950224466621875763e-02,-1.476051360368728638e-01,7.657573372125625610e-02,-1.672407686710357666e-01,-3.948839439544826746e-04,-2.168384566903114319e-02,7.669094204902648926e-02,2.001071274280548096e-01,-1.727451235055923462e-01,-5.899376235902309418e-03,-1.302536576986312866e-01,-9.447400271892547607e-02,2.124021016061306000e-02,2.756509482860565186e-01,-2.375820465385913849e-02,4.863272607326507568e-02,4.085556045174598694e-02,1.024285554885864258e-01,-3.611455559730529785e-01,1.575254350900650024e-01,-4.219742491841316223e-02,2.323291599750518799e-01,1.172481551766395569e-01,-2.330437302589416504e-03,-5.875248461961746216e-03,2.031318247318267822e-01,8.236713707447052002e-02,-1.882043778896331787e-01,-8.425356645602732897e-05,9.144769608974456787e-02,-2.396878087893128395e-03,2.209466546773910522e-01,-7.189615815877914429e-02,-5.757585633546113968e-03,2.302453387528657913e-03,7.620868831872940063e-02,-1.098780930042266846e-01,1.885221302509307861e-01,4.079836606979370117e-02,6.367827206850051880e-02,-6.085703894495964050e-02,1.688382476568222046e-01,1.398571431636810303e-01,3.268145024776458740e-02,1.479404090787284076e-05,2.678074128925800323e-02,-7.429134845733642578e-02,1.454270631074905396e-01,-2.301818877458572388e-02,1.353915035724639893e-01,5.696681886911392212e-02,-5.476189404726028442e-02,-3.647305965423583984e-01,1.748702377080917358e-01,-9.583410620689392090e-02,8.188846707344055176e-02,7.312094792723655701e-03,-1.657833904027938843e-01,8.341386169195175171e-02,7.465318590402603149e-02,-2.111785262823104858e-01,-5.205753445625305176e-02,7.628380507230758667e-02,-1.865187473595142365e-02,8.112893998622894287e-02,1.281690001487731934e-01,-1.398746073246002197e-01,9.316016733646392822e-02,-1.813456714153289795e-01,-1.812978833913803101e-01,-1.133243888616561890e-01,1.667534261941909790e-01,9.666078537702560425e-02,7.257979013957083225e-04,-9.006281197071075439e-02
2.064121700823307037e-02,-5.432606115937232971e-02,4.909351468086242676e-01,-3.518826067447662354e-01,-3.575773239135742188e-01,-2.855821279808878899e-03,6.715537607669830322e-02,-2.990925312042236328e-01,-3.453156948089599609e-01,-2.921307981014251709e-01,7.573366165161132812e-02,3.306235969066619873e-01,-3.142910301685333252e-01,-3.403954505920410156e-01,-4.937794804573059082e-01,-5.979269742965698242e-01,4.354983568191528320e-03,-3.703358173370361328e-01,4.299806058406829834e-01,3.120796680450439453e-01,2.684391438961029053e-01,-3.835258483886718750e-01,-2.168468236923217773e-01,1.115697920322418213e-01,-7.575021684169769287e-02,-4.862251877784729004e-01,4.651828110218048096e-01,2.618309259414672852e-01,-4.551591277122497559e-01,-8.008146286010742188e-02,1.091346442699432373e-01,5.816723108291625977e-01,-2.602812945842742920e-01,-3.682121038436889648e-01,2.215600386261940002e-02,5.372097492218017578e-01,-3.744771480560302734e-01,-4.690439999103546143e-01,4.562642276287078857e-01,3.837779760360717773e-01,-5.111740827560424805e-01,-6.506675481796264648e-02,-4.038437306880950928e-01,-1.508861780166625977e-01,5.698422342538833618e-02,4.284258484840393066e-01,5.017128586769104004e-01,1.512627750635147095e-01,-6.167210265994071960e-02,4.947512969374656677e-02,7.815045863389968872e-02,-6.789409369230270386e-02,-3.027632832527160645e-01,9.852012246847152710e-02,1.949538104236125946e-02,5.930728912353515625e-01,-2.873668670654296875e-01,-2.767370827496051788e-02,2.515248358249664307e-01,3.503943383693695068e-01,9.447358548641204834e-02,3.434180747717618942e-03,-8.281447924673557281e-03,-1.014095842838287354e-01,-1.405276060104370117e-01,1.576151251792907715e-01,-5.890778824687004089e-02,-5.192041397094726562e-01,5.168029069900512695e-01,-1.943094730377197266e-01,4.887876212596893311e-01,3.230413049459457397e-02,1.664578020572662354e-01,-4.959516525268554688e-01,1.727240979671478271e-01,4.721962213516235352e-01,2.126003615558147430e-03,-5.585610866546630859e-01,1.050776243209838867e-01,5.076092481613159180e-01,-5.350561738014221191e-01,-6.880633882246911526e-04,4.862356483936309814e-01,1.919257920235395432e-04,5.183370709419250488e-01,4.405066668987274170e-01,-1.614372879266738892e-01,-8.176204748451709747e-03,-3.428827226161956787e-01,-4.587013125419616699e-01,1.470981538295745850e-01,4.809898510575294495e-02,3.498647511005401611e-01,-1.630728989839553833e-01,4.704710245132446289e-01,8.882105350494384766e-03,-2.383884787559509277e-01,1.672762118687387556e-05,4.704245924949645996e-01,-4.801808893680572510e-01,2.774084508419036865e-01,-3.586360812187194824e-01,5.488810539245605469e-01,4.921566843986511230e-01,-5.411931872367858887e-01,-9.785261005163192749e-02,3.534002602100372314e-01,4.340293109416961670e-01,1.795871704816818237e-01,1.194060407578945160e-02,-3.517317175865173340e-01,3.415045738220214844e-01,4.837893545627593994e-01,-7.785593718290328979e-02,-5.184879302978515625e-01,4.637988209724426270e-01,-3.347989022731781006e-01,-1.750398725271224976e-01,5.378270745277404785e-01,-2.416135817766189575e-01,-3.238419890403747559e-01,-4.457288086414337158e-01,-4.016849100589752197e-01,1.772464662790298462e-01,3.267331719398498535e-01,3.173285126686096191e-01,-3.118506632745265961e-03,-3.575190007686614990e-01
