3.123384118080139160e-01,-2.056232094764709473e-02,1.794635206460952759e-01,-2.059002965688705444e-01,2.419283241033554077e-01,-2.870127856731414795e-01,7.758546620607376099e-03,2.597169578075408936e-01,-4.356513917446136475e-02,-1.127955988049507141e-01,-1.495495289564132690e-01,-1.170040220022201538e-01,-2.093479633331298828e-01,-8.107931166887283325e-02,-7.719502598047256470e-02,1.037015318870544434e-01,1.483163237571716309e-02,-5.106273666024208069e-02,1.939916163682937622e-01,-3.426600247621536255e-02,-3.469246253371238708e-02,-2.851830720901489258e-01,-2.430163323879241943e-01,1.998624205589294434e-01,9.281189180910587311e-03,8.886638283729553223e-02,8.680946379899978638e-02,-2.375162243843078613e-01,-6.478253751993179321e-02,-3.982982784509658813e-02,-1.243574991822242737e-01,4.349853843450546265e-02,-1.381584703922271729e-01,6.215316802263259888e-02,-1.613391004502773285e-02,5.122474208474159241e-02,1.335151842795312405e-03,-6.037333980202674866e-02,-1.365835219621658325e-01,-1.009463965892791748e-01,-6.126677617430686951e-03,3.617940098047256470e-02,-2.156308740377426147e-01,-5.662244185805320740e-02,4.284797608852386475e-02,2.061485499143600464e-01,1.413038074970245361e-01,-1.253615878522396088e-02,3.470404818654060364e-02,-6.582043319940567017e-02,-2.943255007266998291e-01,-2.445820868015289307e-01,1.203690692782402039e-01,6.807549297809600830e-02,5.820388346910476685e-02,1.714268513023853302e-02,7.882508635520935059e-02,-9.554920252412557602e-04,8.399108797311782837e-02,1.226584389805793762e-01,1.600669324398040771e-02,2.784891799092292786e-02,-1.008578017354011536e-02,2.406102120876312256e-01,1.446169763803482056e-01,3.319552633911371231e-03,-2.961047291755676270e-01,3.782401978969573975e-02,8.008648455142974854e-02,3.127478659152984619e-01,-6.880389153957366943e-02,2.686193287372589111e-01,-4.704272374510765076e-02,-6.871666014194488525e-02,-7.783511281013488770e-02,2.558138594031333923e-02,1.208619331009685993e-03,-4.666147008538246155e-02,1.538105309009552002e-01,3.264031186699867249e-02,-3.516053780913352966e-02,2.547402436903212219e-05,-4.916232824325561523e-02,-6.223226431757211685e-03,-1.236928701400756836e-01,9.139195084571838379e-02,1.159695312380790710e-01,1.181585714221000671e-03,-1.258653104305267334e-01,6.594698131084442139e-02,-5.981932207942008972e-02,2.647848725318908691e-01,1.340322643518447876e-01,-3.137842565774917603e-02,-8.134789764881134033e-03,-3.036968708038330078e-01,-1.144422367215156555e-01,-4.452207122085383162e-06,-4.504847899079322815e-02,-2.191186137497425079e-02,-2.529343068599700928e-01,1.986044496297836304e-01,1.649950072169303894e-02,-1.130204647779464722e-02,-1.702039688825607300e-01,1.429629027843475342e-01,2.004936039447784424e-01,2.100940048694610596e-01,-3.511750400066375732e-01,4.780134651809930801e-03,-4.911294952034950256e-02,2.105889320373535156e-01,6.700906902551651001e-02,7.287401705980300903e-02,-4.265306517481803894e-02,1.066324710845947266e-01,1.754197627305984497e-01,-1.718275696039199829e-01,-5.804793164134025574e-02,-1.191268116235733032e-01,-1.726781427860260010e-01,1.345260534435510635e-02,6.000512093305587769e-02,2.453758269548416138e-01,-8.332160115242004395e-02,2.302162349224090576e-01,6.720735877752304077e-02,-9.217780828475952148e-02
-2.056232094764709473e-02,1.358070410788059235e-02,-9.754397720098495483e-02,8.874438703060150146e-02,3.319127485156059265e-02,1.262925937771797180e-02,-1.300902944058179855e-02,2.593490481376647949e-02,8.148967474699020386e-02,6.752152740955352783e-02,-2.054690383374691010e-02,-2.792648039758205414e-02,8.579214662313461304e-02,7.055599987506866455e-02,8.689194172620773315e-02,7.785050570964813232e-02,-3.294314490631222725e-03,7.780048251152038574e-02,-9.668901562690734863e-02,-5.047434940934181213e-02,-6.429751217365264893e-02,7.615233212709426880e-02,7.115931808948516846e-02,-3.832105919718742371e-02,1.453317888081073761e-02,7.039970159530639648e-02,-7.790546864271163940e-02,-3.306306153535842896e-02,7.682559639215469360e-02,-7.444906514137983322e-03,1.002582628279924393e-02,-1.006923094391822815e-01,7.805173844099044800e-02,4.872440919280052185e-02,-1.526500855106860399e-04,-9.262500703334808350e-02,6.648570299148559570e-02,8.703122287988662720e-02,-6.023124232888221741e-02,-6.504119932651519775e-02,9.358497709035873413e-02,1.907148770987987518e-02,9.635665267705917358e-02,3.517027199268341064e-02,-3.897820413112640381e-02,-7.209714502096176147e-02,-9.758928418159484863e-02,-2.385717257857322693e-02,1.073954440653324127e-02,2.992521412670612335e-02,2.870975807309150696e-02,3.835448995232582092e-02,5.437203124165534973e-02,-5.219702143222093582e-03,-8.043837733566761017e-03,-9.447320550680160522e-02,3.910534083843231201e-02,3.500015940517187119e-03,-7.806330919265747070e-02,-7.510874420404434204e-02,-2.067730762064456940e-02,-7.742887362837791443e-03,3.296219743788242340e-03,9.326077997684478760e-03,-1.405590097419917583e-03,-3.211937099695205688e-02,6.601768732070922852e-02,8.601128309965133667e-02,-9.008523821830749512e-02,2.269464544951915741e-03,-7.549318671226501465e-02,-2.884618937969207764e-02,-2.231990918517112732e-02,8.353295177221298218e-02,-5.158700421452522278e-02,-9.799891710281372070e-02,-3.163992078043520451e-04,8.494709432125091553e-02,-5.666206032037734985e-02,-7.863639295101165771e-02,9.311627596616744995e-02,5.217566649662330747e-05,-7.056253403425216675e-02,1.228472916409373283e-03,-8.454033732414245605e-02,-8.300252258777618408e-02,3.090472891926765442e-02,7.195178768597543240e-04,7.095544785261154175e-02,5.576017498970031738e-02,-2.955636382102966309e-02,-6.024846807122230530e-02,-8.995781838893890381e-02,4.973319172859191895e-02,-8.045288175344467163e-02,2.241692505776882172e-02,7.621573656797409058e-02,1.011272161122178659e-06,-6.579939275979995728e-02,7.972958683967590332e-02,-2.680355682969093323e-03,2.644830942153930664e-02,-9.284967184066772461e-02,-8.281846344470977783e-02,1.105405911803245544e-01,4.308494739234447479e-03,-1.038950979709625244e-01,-9.881862252950668335e-02,6.255778018385171890e-03,-2.112768124788999557e-03,6.902876496315002441e-02,-8.586142957210540771e-02,-9.025029838085174561e-02,-1.111997291445732117e-02,9.211678057909011841e-02,-9.039994329214096069e-02,3.560842201113700867e-02,4.413756355643272400e-02,-8.210442215204238892e-02,6.633877009153366089e-02,8.322159945964813232e-02,7.584760338068008423e-02,6.949286907911300659e-02,-7.822411507368087769e-02,-2.937928773462772369e-02,-6.979355216026306152e-02,-1.552537642419338226e-02,8.099554479122161865e-02
1.794635206460952759e-01,-9.754397720098495483e-02,7.765067219734191895e-01,-7.167297005653381348e-01,-3.337993025779724121e-01,-1.222780048847198486e-01,9.977293759584426880e-02,-2.924645841121673584e-01,-5.939065217971801758e-01,-5.691941380500793457e-01,1.739308387041091919e-01,3.118299841880798340e-01,-6.416231989860534668e-01,-6.293576359748840332e-01,-7.253503799438476562e-01,-6.467249989509582520e-01,2.353944815695285797e-02,-6.153282523155212402e-01,7.465909123420715332e-01,5.042704343795776367e-01,4.667719900608062744e-01,-6.199867725372314453e-01,-6.124586462974548340e-01,3.213391602039337158e-01,-1.349192112684249878e-01,-5.796710848808288574e-01,6.697360277175903320e-01,3.040634095668792725e-01,-6.936128735542297363e-01,9.328436106443405151e-02,-7.871797680854797363e-02,7.701495885848999023e-01,-5.782364010810852051e-01,-5.363738536834716797e-01,1.449863705784082413e-02,7.356091141700744629e-01,-5.961543917655944824e-01,-7.254140377044677734e-01,5.355811119079589844e-01,5.572467446327209473e-01,-6.973014473915100098e-01,-1.460580378770828247e-01,-7.408346533775329590e-01,-3.144410252571105957e-01,2.285846620798110962e-01,6.417776942253112793e-01,7.700164914131164551e-01,2.001537233591079712e-01,-8.105929195880889893e-02,-1.093594953417778015e-01,-1.430305093526840210e-01,-1.644168496131896973e-01,-4.594018161296844482e-01,1.432788185775279999e-02,9.425365924835205078e-02,7.698233723640441895e-01,-4.002443850040435791e-01,-3.401095420122146606e-02,6.365168094635009766e-01,6.437821984291076660e-01,1.350616663694381714e-01,7.515888661146163940e-02,-2.494937740266323090e-02,-1.017435789108276367e-01,1.463900972157716751e-02,2.880524694919586182e-01,-4.649579226970672607e-01,-7.050045728683471680e-01,7.316637039184570312e-01,-1.198695674538612366e-01,6.582292318344116211e-01,2.901132404804229736e-01,2.097533345222473145e-01,-7.166543602943420410e-01,3.616792261600494385e-01,7.544518709182739258e-01,2.507528755813837051e-03,-7.403118014335632324e-01,4.124814569950103760e-01,6.761952042579650879e-01,-7.506422996520996094e-01,-5.722900968976318836e-04,6.378916501998901367e-01,-6.289580371230840683e-03,6.655842065811157227e-01,7.198024392127990723e-01,-3.259423077106475830e-01,-7.430316414684057236e-03,-5.948008894920349121e-01,-5.443750023841857910e-01,2.244704663753509521e-01,3.805961608886718750e-01,7.064986824989318848e-01,-4.596275389194488525e-01,6.685531139373779297e-01,-1.244811713695526123e-01,-6.055325865745544434e-01,-8.411467206315137446e-06,5.832518339157104492e-01,-6.186788082122802734e-01,1.813879460096359253e-01,-2.849553823471069336e-01,7.400580644607543945e-01,7.003377079963684082e-01,-8.249423503875732422e-01,-9.157408773899078369e-02,7.360218763351440430e-01,7.488867640495300293e-01,-9.322329424321651459e-03,1.438452582806348801e-02,-5.685663819313049316e-01,7.062709927558898926e-01,7.361931204795837402e-01,-4.024149850010871887e-02,-7.592895030975341797e-01,7.111210227012634277e-01,-3.409667313098907471e-01,-3.944479227066040039e-01,6.983700990676879883e-01,-5.579866170883178711e-01,-6.713607907295227051e-01,-6.235655546188354492e-01,-5.905805826187133789e-01,6.012982130050659180e-01,3.797837793827056885e-01,5.600259900093078613e-01,1.003267094492912292e-01,-6.726374030113220215e-01
-2.059002965688705444e-01,8.874438703060150146e-02,-7.167297005653381348e-01,7.595592141151428223e-01,2.084533274173736572e-01,1.623449623584747314e-01,-5.022237449884414673e-02,1.685623675584793091e-01,5.927014350891113281e-01,5.115919709205627441e-01,-2.817641794681549072e-01,-2.413848787546157837e-01,4.820780158042907715e-01,6.052590012550354004e-01,6.732082366943359375e-01,4.926839172840118408e-01,-2.180998027324676514e-02,4.908747971057891846e-01,-7.336887121200561523e-01,-4.952984154224395752e-01,-5.488516092300415039e-01,6.305721402168273926e-01,5.764830112457275391e-01,-2.608720660209655762e-01,1.302898824214935303e-01,4.079225063323974609e-01,-5.696467757225036621e-01,-1.100375130772590637e-01,5.429150462150573730e-01,2.175560221076011658e-02,4.227817698847502470e-04,-7.315348982810974121e-01,6.479966640472412109e-01,4.932064116001129150e-01,3.710028948262333870e-03,-5.892268419265747070e-01,4.846061170101165771e-01,6.650897264480590820e-01,-3.255927264690399170e-01,-5.783603787422180176e-01,6.939428448677062988e-01,2.238569408655166626e-01,6.454322338104248047e-01,2.720781564712524414e-01,-3.620794415473937988e-01,-4.979636073112487793e-01,-7.676206231117248535e-01,-1.683112233877182007e-01,1.980780959129333496e-01,1.217318996787071228e-01,1.543191820383071899e-01,3.153560757637023926e-01,5.134484767913818359e-01,-8.352047204971313477e-02,3.013958409428596497e-02,-6.532254219055175781e-01,4.381266832351684570e-01,2.907755970954895020e-02,-5.394781827926635742e-01,-6.832503676414489746e-01,-2.190650850534439087e-01,7.103122025728225708e-02,2.926392294466495514e-02,3.709844872355461121e-02,2.219802327454090118e-02,-2.592629194259643555e-01,3.549301922321319580e-01,5.663393139839172363e-01,-6.539531350135803223e-01,-5.166437104344367981e-02,-5.686432123184204102e-01,-1.078893691301345825e-01,-2.840429544448852539e-01,6.565038561820983887e-01,-4.131650924682617188e-01,-6.830456256866455078e-01,-1.332125393673777580e-03,6.231634020805358887e-01,-5.527622103691101074e-01,-6.233553290367126465e-01,7.401337027549743652e-01,4.861127818003296852e-04,-5.481837391853332520e-01,1.152135152369737625e-02,-5.808402299880981445e-01,-6.240190267562866211e-01,1.828155219554901123e-01,4.068329464644193649e-03,4.753217399120330811e-01,4.779818654060363770e-01,-2.856182754039764404e-01,-4.797590970993041992e-01,-7.168996334075927734e-01,4.856897592544555664e-01,-6.336790919303894043e-01,2.039002031087875366e-01,4.978810846805572510e-01,4.608836661645909771e-06,-4.397586584091186523e-01,5.321691632270812988e-01,-1.071803122758865356e-01,1.118169724941253662e-01,-7.137000560760498047e-01,-5.964474678039550781e-01,7.929912805557250977e-01,2.586967349052429199e-01,-7.894802689552307129e-01,-6.364839673042297363e-01,1.239768564701080322e-01,-2.247622609138488770e-02,5.908312797546386719e-01,-7.283952236175537109e-01,-7.049416899681091309e-01,1.796306669712066650e-01,6.698474287986755371e-01,-6.930346488952636719e-01,1.562435179948806763e-01,3.362765610218048096e-01,-5.980293154716491699e-01,5.922191739082336426e-01,5.429816842079162598e-01,6.462984681129455566e-01,5.659037232398986816e-01,-5.470345616340637207e-01,-3.836639523506164551e-01,-6.074886918067932129e-01,-8.782506734132766724e-02,6.320092678070068359e-01
2.419283241033554077e-01,3.319127485156059265e-02,-3.337993025779724121e-01,2.084533274173736572e-01,5.878100395202636719e-01,-2.713113427162170410e-01,-8.988530933856964111e-02,6.036520004272460938e-01,2.816756367683410645e-01,2.270172983407974243e-01,-1.961711794137954712e-01,-3.986625671386718750e-01,2.744901180267333984e-01,3.121027648448944092e-01,4.157748222351074219e-01,6.762274503707885742e-01,3.974711988121271133e-03,4.139568209648132324e-01,-2.614631950855255127e-01,-3.430880904197692871e-01,-2.295998483896255493e-01,5.219133943319320679e-02,1.028757765889167786e-01,-3.268043510615825653e-03,9.464659541845321655e-02,6.026336550712585449e-01,-3.914176225662231445e-01,-5.992045998573303223e-01,5.274705886840820312e-01,-1.627286076545715332e-01,-5.918231606483459473e-02,-4.902530610561370850e-01,1.197727248072624207e-01,4.700300395488739014e-01,-4.468862712383270264e-02,-5.337063074111938477e-01,4.437146484851837158e-01,4.433189630508422852e-01,-7.064774632453918457e-01,-4.520002603530883789e-01,4.356516003608703613e-01,6.156710907816886902e-02,2.879416048526763916e-01,1.523658335208892822e-01,5.807035416364669800e-02,-2.863475382328033447e-01,-3.502616882324218750e-01,-1.619798690080642700e-01,-1.056411769241094589e-02,-7.072430104017257690e-02,-2.939440608024597168e-01,-3.379538357257843018e-01,3.715108633041381836e-01,1.193761751055717468e-01,-8.867693692445755005e-02,-5.985196828842163086e-01,3.298220634460449219e-01,2.452569641172885895e-02,-3.451615273952484131e-01,-2.429940253496170044e-01,1.671868376433849335e-02,-1.389855295419692993e-01,-1.627664430998265743e-03,3.556533753871917725e-01,1.290809810161590576e-01,-1.897609978914260864e-01,-8.259226451627910137e-04,6.136038899421691895e-01,-4.281759560108184814e-01,5.735409855842590332e-01,-5.830987095832824707e-01,-3.369126096367835999e-02,-1.179725155234336853e-01,4.451285898685455322e-01,-2.293059527873992920e-01,-5.039858818054199219e-01,-8.562747971154749393e-04,5.474035143852233887e-01,3.553447872400283813e-02,-4.394325315952301025e-01,4.725100994110107422e-01,4.703279701061546803e-04,-5.348861217498779297e-01,-7.695758249610662460e-03,-6.427565813064575195e-01,-4.434577524662017822e-01,4.258792996406555176e-01,8.710222318768501282e-03,2.828834950923919678e-01,4.737231433391571045e-01,-1.531305164098739624e-01,1.891113370656967163e-01,-2.787721455097198486e-01,2.194093316793441772e-01,-4.607207775115966797e-01,-3.416190147399902344e-01,3.072798550128936768e-01,2.232079850728041492e-06,-5.246263742446899414e-01,4.118347465991973877e-01,-4.952087700366973877e-01,5.320290327072143555e-01,-5.021871328353881836e-01,-5.564084053039550781e-01,3.747886419296264648e-01,1.222941651940345764e-01,-1.950650215148925781e-01,-3.407349586486816406e-01,-4.900315403938293457e-01,5.639107897877693176e-03,2.682632505893707275e-01,-1.855323612689971924e-01,-4.417022764682769775e-01,3.756450489163398743e-02,5.355195999145507812e-01,-3.257990181446075439e-01,5.434761643409729004e-01,9.670881927013397217e-02,-6.111086606979370117e-01,1.646248102188110352e-01,3.203800320625305176e-01,3.827140033245086670e-01,4.358525872230529785e-01,-9.812163561582565308e-02,-3.580421805381774902e-01,-2.068517170846462250e-02,2.039446309208869934e-02,3.259801864624023438e-01
-2.870127856731414795e-01,1.262925937771797180e-02,-1.222780048847198486e-01,1.623449623584747314e-01,-2.713113427162170410e-01,3.110432922840118408e-01,2.317952178418636322e-02,-2.833486199378967285e-01,-3.976224735379219055e-02,6.360291689634323120e-02,1.318981349468231201e-01,1.660513281822204590e-01,1.485493928194046021e-01,1.639726944267749786e-02,1.314347423613071442e-02,-1.948839426040649414e-01,-1.357166096568107605e-02,3.122654976323246956e-03,-1.397443264722824097e-01,6.917720288038253784e-02,8.413756638765335083e-02,2.283248752355575562e-01,2.073527127504348755e-01,-1.654709130525588989e-01,-2.324490062892436981e-02,-1.833108812570571899e-01,-1.149181649088859558e-02,2.797725498676300049e-01,-2.238876651972532272e-03,3.527479991316795349e-02,1.274477541446685791e-01,5.050908029079437256e-02,1.232785731554031372e-01,-1.016651391983032227e-01,1.993474178016185760e-02,4.545969143509864807e-02,-6.310462206602096558e-02,-8.282798342406749725e-03,2.130072116851806641e-01,1.296896785497665405e-01,-6.473445892333984375e-02,-3.071032464504241943e-02,1.584784090518951416e-01,3.314564004540443420e-02,-4.529802128672599792e-02,-1.382845044136047363e-01,-8.295673877000808716e-02,2.182571031153202057e-02,-4.576401412487030029e-02,8.741459250450134277e-02,3.034878671169281006e-01,2.333578914403915405e-01,-1.491181850433349609e-01,-6.451455503702163696e-02,-4.517007991671562195e-02,5.875555798411369324e-02,-1.164672598242759705e-01,-2.382932463660836220e-03,-4.379644617438316345e-02,-7.880847901105880737e-02,-9.204790927469730377e-03,-2.846984565258026123e-02,8.769425563514232635e-03,-2.499415427446365356e-01,-1.414387971162796021e-01,2.438287623226642609e-02,2.530190944671630859e-01,-1.142405867576599121e-01,4.839962348341941833e-03,-3.373157680034637451e-01,1.266247928142547607e-01,-2.327274084091186523e-01,7.523856312036514282e-02,-1.402086950838565826e-02,8.604075759649276733e-02,3.147809579968452454e-02,-7.940473151393234730e-04,-2.816389314830303192e-02,-1.446028649806976318e-01,5.191873759031295776e-02,-2.976701222360134125e-02,-9.394451626576483250e-05,1.100278049707412720e-01,5.532801151275634766e-03,1.863979995250701904e-01,-1.223785150796175003e-02,-1.442357748746871948e-01,-2.250233432278037071e-03,4.774232581257820129e-02,-1.210252270102500916e-01,4.905143380165100098e-02,-2.527020871639251709e-01,-7.463743537664413452e-02,-1.456685736775398254e-02,6.370736658573150635e-02,2.924182415008544922e-01,1.014859452843666077e-01,1.590113129168457817e-06,1.118023023009300232e-01,-3.331118822097778320e-02,2.751459181308746338e-01,-2.531768083572387695e-01,6.621664017438888550e-02,8.612749725580215454e-02,9.434147924184799194e-02,-8.645881712436676025e-02,-1.512421220541000366e-01,-1.319177895784378052e-01,3.698328435420989990e-01,-2.451065927743911743e-03,-2.850336581468582153e-02,-1.679649502038955688e-01,-1.352451392449438572e-03,-7.210235297679901123e-02,-1.629347167909145355e-02,-4.355239123106002808e-02,-2.364176809787750244e-01,1.559953838586807251e-01,1.156067326664924622e-01,8.030256628990173340e-02,1.288349777460098267e-01,-5.995906144380569458e-02,-1.101969331502914429e-01,-2.025464773178100586e-01,1.267496049404144287e-01,-1.876595020294189453e-01,-6.861433386802673340e-02,4.610022157430648804e-02
7.758546620607376099e-03,-1.300902944058179855e-02,9.977293759584426880e-02,-5.022237449884414673e-02,-8.988530933856964111e-02,2.317952178418636322e-02,5.154385045170783997e-02,-8.900322020053863525e-02,-8.541201800107955933e-02,-7.249058783054351807e-02,-3.705896809697151184e-02,7.483341544866561890e-02,-1.396894007921218872e-01,-7.776189595460891724e-02,-1.013039425015449524e-01,-1.645306795835494995e-01,2.234211424365639687e-03,-1.152391806244850159e-01,7.965540140867233276e-02,4.709064960479736328e-02,1.681053638458251953e-02,-5.877023935317993164e-02,-5.983558669686317444e-02,5.863447114825248718e-02,-1.715247146785259247e-02,-1.652240604162216187e-01,1.178096756339073181e-01,1.273549646139144897e-01,-1.445813924074172974e-01,4.621584713459014893e-02,-2.609271369874477386e-02,1.205775812268257141e-01,-1.419631764292716980e-02,-7.146538048982620239e-02,1.015887688845396042e-02,1.644843518733978271e-01,-1.118220910429954529e-01,-1.068030595779418945e-01,1.779087483882904053e-01,4.054739326238632202e-02,-8.953391760587692261e-02,2.383826114237308502e-02,-1.127488464117050171e-01,-4.370018467307090759e-02,-3.996184095740318298e-02,1.285203546285629272e-01,8.147148042917251587e-02,3.213558346033096313e-02,3.442918136715888977e-02,7.616443559527397156e-03,8.778632618486881256e-03,4.658723995089530945e-02,-2.481007762253284454e-02,-1.959470473229885101e-02,5.697008222341537476e-02,1.451896280050277710e-01,-3.288659080862998962e-02,-5.778420716524124146e-03,9.940426796674728394e-02,4.634203016757965088e-02,-2.587308920919895172e-02,6.661074608564376831e-02,-9.469113138038665056e-05,-3.885468468070030212e-02,1.056423783302307129e-02,4.292095825076103210e-02,-9.183056652545928955e-02,-1.486529409885406494e-01,1.220316886901855469e-01,-9.621663391590118408e-02,1.137713640928268433e-01,1.011245995759963989e-01,-3.088739700615406036e-03,-1.162842437624931335e-01,1.195238158106803894e-02,1.134421750903129578e-01,7.939563947729766369e-04,-1.386519074440002441e-01,-2.293074689805507660e-02,1.066789999604225159e-01,-9.212227910757064819e-02,-1.001160271698608994e-04,1.059357449412345886e-01,9.886147454380989075e-04,1.208847835659980774e-01,1.237515434622764587e-01,-8.256939053535461426e-02,-2.403015969321131706e-03,-1.236887276172637939e-01,-8.964255452156066895e-02,-1.324954535812139511e-02,-1.773614808917045593e-02,7.102656364440917969e-02,-4.124188050627708435e-02,8.830953389406204224e-02,2.110266312956809998e-02,-9.142766147851943970e-02,-3.508729605528060347e-06,1.312833428382873535e-01,-1.057605743408203125e-01,5.315150320529937744e-02,-1.195461228489875793e-01,1.074356734752655029e-01,1.329411268234252930e-01,-1.082995161414146423e-01,8.738043904304504395e-02,5.317468941211700439e-02,1.438510417938232422e-01,6.280107051134109497e-02,-1.516376505605876446e-03,-6.673553586006164551e-02,5.186774954199790955e-02,1.050416752696037292e-01,6.068705022335052490e-02,-1.205985546112060547e-01,8.602648228406906128e-02,-1.231994405388832092e-01,-5.717768892645835876e-02,1.252578943967819214e-01,-3.660656139254570007e-02,-1.177632808685302734e-01,-5.722087621688842773e-02,-6.789029389619827271e-02,7.722240686416625977e-02,4.047333449125289917e-02,3.025633096694946289e-02,8.502621203660964966e-03,-8.156612515449523926e-02
2.597169578075408936e-01,2.593490481376647949e-02,-2.924645841121673584e-01,1.685623675584793091e-01,6.036520004272460938e-01,-2.833486199378967285e-01,-8.900322020053863525e-02,6.594339609146118164e-01,2.201497107744216919e-01,1.861788630485534668e-01,-1.754388958215713501e-01,-4.193982481956481934e-01,2.451442629098892212e-01,2.909256517887115479e-01,3.921025097370147705e-01,6.661680340766906738e-01,6.546469405293464661e-03,3.968856334686279297e-01,-2.000702768564224243e-01,-3.203937411308288574e-01,-1.698683351278305054e-01,1.559968013316392899e-02,6.309109181165695190e-02,1.134440768510103226e-02,8.876109868288040161e-02,5.841830372810363770e-01,-3.712359964847564697e-01,-6.277832984924316406e-01,5.294119119644165039e-01,-1.640683114528656006e-01,-6.582976877689361572e-02,-4.388492703437805176e-01,4.583106189966201782e-02,4.762769341468811035e-01,-5.159908533096313477e-02,-5.073512196540832520e-01,4.333883225917816162e-01,4.080763757228851318e-01,-7.225044369697570801e-01,-4.436325430870056152e-01,3.822975158691406250e-01,4.078967496752738953e-02,2.551157772541046143e-01,1.471072733402252197e-01,1.397416740655899048e-01,-2.755362391471862793e-01,-3.094053864479064941e-01,-1.634525209665298462e-01,-4.874950647354125977e-02,-1.261465847492218018e-01,-3.276118636131286621e-01,-4.159176945686340332e-01,3.332825601100921631e-01,1.345081776380538940e-01,-1.118116080760955811e-01,-5.798639059066772461e-01,3.270182907581329346e-01,2.489598467946052551e-02,-2.925116121768951416e-01,-1.931567937135696411e-01,4.262842237949371338e-02,-1.653693020343780518e-01,-5.160520784556865692e-03,3.346755504608154297e-01,1.135239154100418091e-01,-1.793419420719146729e-01,-4.859159514307975769e-02,5.914430022239685059e-01,-3.986535072326660156e-01,6.070407032966613770e-01,-5.734870433807373047e-01,-7.227544486522674561e-02,-8.653508126735687256e-02,4.160294532775878906e-01,-1.682804077863693237e-01,-4.640094339847564697e-01,-8.438724325969815254e-04,5.344046950340270996e-01,8.781137317419052124e-02,-3.996324539184570312e-01,4.267491698265075684e-01,4.761980089824646711e-04,-5.300222039222717285e-01,-9.580963291227817535e-03,-6.134104132652282715e-01,-4.205798804759979248e-01,4.507337510585784912e-01,9.314358234405517578e-03,2.336999773979187012e-01,4.748697876930236816e-01,-1.333052217960357666e-01,2.872041463851928711e-01,-2.178362607955932617e-01,1.818307042121887207e-01,-4.189089238643646240e-01,-3.830847144126892090e-01,2.852445244789123535e-01,2.332421217943192460e-06,-5.302703976631164551e-01,3.715319931507110596e-01,-5.420336723327636719e-01,5.611363053321838379e-01,-4.606952071189880371e-01,-5.376281738281250000e-01,3.043451607227325439e-01,1.308403611183166504e-01,-1.046475768089294434e-01,-3.027899861335754395e-01,-5.360921621322631836e-01,1.137886010110378265e-02,2.216114401817321777e-01,-1.313856244087219238e-01,-4.059796333312988281e-01,3.353035077452659607e-02,5.211434960365295410e-01,-2.717635035514831543e-01,5.770685672760009766e-01,9.312303364276885986e-02,-5.937947630882263184e-01,1.150355041027069092e-01,2.906661927700042725e-01,3.319123387336730957e-01,4.048579037189483643e-01,-3.744066134095191956e-02,-3.681439757347106934e-01,3.909188881516456604e-02,3.280976042151451111e-02,2.989756464958190918e-01
-4.356513917446136475e-02,8.148967474699020386e-02,-5.939065217971801758e-01,5.927014350891113281e-01,2.816756367683410645e-01,-3.976224735379219055e-02,-8.541201800107955933e-02,2.201497107744216919e-01,6.593922376632690430e-01,4.601170420646667480e-01,-2.862421572208404541e-01,-2.945822775363922119e-01,3.843447268009185791e-01,5.662580728530883789e-01,6.208084225654602051e-01,5.602754950523376465e-01,-1.450149994343519211e-02,4.043525159358978271e-01,-6.164862513542175293e-01,-4.985151588916778564e-01,-6.245508193969726562e-01,4.732985198497772217e-01,4.080377221107482910e-01,-1.680822819471359253e-01,1.349312365055084229e-01,5.050324797630310059e-01,-5.576184391975402832e-01,-2.227682769298553467e-01,4.637973606586456299e-01,-1.799749908968806267e-03,-6.212810426950454712e-02,-7.667765021324157715e-01,5.350213646888732910e-01,4.693974852561950684e-01,-2.084891311824321747e-03,-6.071459650993347168e-01,4.733568727970123291e-01,6.168562769889831543e-01,-3.695862889289855957e-01,-5.708597302436828613e-01,6.999658942222595215e-01,2.229187190532684326e-01,5.117110013961791992e-01,2.220342755317687988e-01,-3.558592796325683594e-01,-3.934394419193267822e-01,-6.569762229919433594e-01,-1.345932036638259888e-01,2.513345479965209961e-01,7.319626212120056152e-02,-5.230120848864316940e-03,2.487788051366806030e-01,5.525107979774475098e-01,-6.581424176692962646e-02,7.458420097827911377e-02,-6.280061006546020508e-01,4.330678284168243408e-01,2.550359815359115601e-02,-4.664343297481536865e-01,-5.639257431030273438e-01,-2.180210053920745850e-01,1.465678066015243530e-01,2.440899051725864410e-02,1.865960955619812012e-01,9.685052931308746338e-02,-2.490993440151214600e-01,2.327854186296463013e-01,5.809784531593322754e-01,-6.382361054420471191e-01,8.695572614669799805e-02,-5.574983954429626465e-01,2.639763057231903076e-02,-3.369201123714447021e-01,6.193383336067199707e-01,-4.342402219772338867e-01,-6.458608508110046387e-01,-1.020760741084814072e-03,5.755839347839355469e-01,-4.237653613090515137e-01,-6.267110705375671387e-01,7.019358277320861816e-01,4.698713601101189852e-04,-5.436896085739135742e-01,9.522048756480216980e-03,-6.148243546485900879e-01,-5.694915652275085449e-01,2.203068137168884277e-01,4.384386353194713593e-03,4.847802221775054932e-01,4.780271947383880615e-01,-2.540054917335510254e-01,-3.640441298484802246e-01,-6.407171487808227539e-01,4.789692163467407227e-01,-6.006421446800231934e-01,7.444762438535690308e-02,3.544599413871765137e-01,6.732685051247244701e-06,-4.615406692028045654e-01,4.932515323162078857e-01,-1.817336529493331909e-01,2.467326819896697998e-01,-7.052985429763793945e-01,-5.889548063278198242e-01,7.283434271812438965e-01,1.773190349340438843e-01,-7.049111127853393555e-01,-5.341821312904357910e-01,-5.245533213019371033e-02,-2.622628025710582733e-02,6.362986564636230469e-01,-5.988738536834716797e-01,-6.374443173408508301e-01,1.927247941493988037e-01,5.861043930053710938e-01,-6.541934013366699219e-01,2.601101696491241455e-01,1.823999732732772827e-01,-5.802421569824218750e-01,5.047435164451599121e-01,4.055953323841094971e-01,6.343718767166137695e-01,5.859750509262084961e-01,-4.125850498676300049e-01,-4.025394916534423828e-01,-4.991597235202789307e-01,-4.240951314568519592e-02,5.548455715179443359e-01
-1.127955988049507141e-01,6.752152740955352783e-02,-5.691941380500793457e-01,5.115919709205627441e-01,2.270172983407974243e-01,6.360291689634323120e-02,-7.249058783054351807e-02,1.861788630485534668e-01,4.601170420646667480e-01,4.123505055904388428e-01,-1.101074069738388062e-01,-2.175716906785964966e-01,4.720160961151123047e-01,4.607667922973632812e-01,5.417913794517517090e-01,5.129118561744689941e-01,-1.653530076146125793e-02,4.136828482151031494e-01,-5.585746169090270996e-01,-3.743296265602111816e-01,-3.816163837909698486e-01,4.277473092079162598e-01,4.167802929878234863e-01,-2.244070023298263550e-01,9.713845700025558472e-02,4.649143218994140625e-01,-5.165442228317260742e-01,-2.221073210239410400e-01,5.182293653488159180e-01,-8.038251847028732300e-02,5.967014282941818237e-02,-6.383517384529113770e-01,4.118927419185638428e-01,3.947517871856689453e-01,-9.005036205053329468e-03,-5.881595015525817871e-01,4.208212792873382568e-01,5.384297370910644531e-01,-4.146853387355804443e-01,-4.064891636371612549e-01,5.294816493988037109e-01,1.036137714982032776e-01,5.361815094947814941e-01,2.139286696910858154e-01,-1.763346344232559204e-01,-4.729244112968444824e-01,-5.693497657775878906e-01,-1.206179857254028320e-01,8.449447900056838989e-02,6.677460670471191406e-02,8.795632421970367432e-02,1.274691671133041382e-01,3.449108004570007324e-01,-1.087986957281827927e-02,-5.609377101063728333e-02,-6.078426241874694824e-01,2.682099938392639160e-01,2.246764488518238068e-02,-4.517799615859985352e-01,-4.485095143318176270e-01,-1.036317050457000732e-01,-1.734281890094280243e-02,1.788096129894256592e-02,1.042151227593421936e-01,-3.920634277164936066e-03,-2.008353918790817261e-01,3.322348594665527344e-01,5.460458397865295410e-01,-5.592867136001586914e-01,9.344384819269180298e-02,-4.867208600044250488e-01,-2.079113423824310303e-01,-1.685500890016555786e-01,5.371499657630920410e-01,-2.580173313617706299e-01,-5.725297331809997559e-01,-1.737168524414300919e-03,5.689293146133422852e-01,-2.734728455543518066e-01,-5.141100883483886719e-01,5.844348669052124023e-01,3.967240336351096630e-04,-4.704978764057159424e-01,4.315753001719713211e-03,-5.085194110870361328e-01,-5.340595841407775879e-01,2.299652695655822754e-01,4.991064779460430145e-03,4.604840278625488281e-01,3.798006474971771240e-01,-1.406951248645782471e-01,-2.854788899421691895e-01,-5.242787599563598633e-01,3.362859785556793213e-01,-4.897296726703643799e-01,8.517847955226898193e-02,4.009439945220947266e-01,6.247323199204402044e-06,-4.224321246147155762e-01,4.313621222972869873e-01,-1.285008341073989868e-01,2.229515463113784790e-01,-5.728086829185485840e-01,-5.292147994041442871e-01,6.658298969268798828e-01,2.297790721058845520e-02,-5.858021974563598633e-01,-5.596678853034973145e-01,7.553135510534048080e-03,-1.317313220351934433e-02,4.495081007480621338e-01,-5.289893150329589844e-01,-5.363520383834838867e-01,5.163313075900077820e-02,5.599538087844848633e-01,-5.387259125709533691e-01,2.496231049299240112e-01,2.464966624975204468e-01,-5.259492993354797363e-01,3.865969479084014893e-01,4.741760790348052979e-01,4.629468619823455811e-01,4.398971199989318848e-01,-4.165155291557312012e-01,-2.781117856502532959e-01,-4.026162028312683105e-01,-6.460218876600265503e-02,4.763055741786956787e-01
-1.495495289564132690e-01,-2.054690383374691010e-02,1.739308387041091919e-01,-2.817641794681549072e-01,-1.961711794137954712e-01,1.318981349468231201e-01,-3.705896809697151184e-02,-1.754388958215713501e-01,-2.862421572208404541e-01,-1.101074069738388062e-01,4.103734493255615234e-01,1.481945216655731201e-01,1.043709814548492432e-01,-2.189747989177703857e-01,-2.431333065032958984e-01,-1.844771653413772583e-01,-3.349046688526868820e-03,-7.869690656661987305e-02,2.261362373828887939e-01,2.862402796745300293e-01,4.457930922508239746e-01,-8.925592154264450073e-02,-4.830370470881462097e-02,-1.142459511756896973e-01,-7.170873135328292847e-02,-1.028850898146629333e-01,1.214796677231788635e-01,5.085584148764610291e-02,-6.118726357817649841e-02,-9.315147250890731812e-02,1.948704272508621216e-01,3.442798554897308350e-01,-3.182781040668487549e-01,-2.695125043392181396e-01,-8.672894909977912903e-03,1.089813113212585449e-01,-1.348696053028106689e-01,-2.443189620971679688e-01,4.040594398975372314e-02,4.361878037452697754e-01,-3.886508047580718994e-01,-2.405275255441665649e-01,-5.555932968854904175e-02,-4.581543058156967163e-02,3.173554539680480957e-01,-8.617541193962097168e-02,3.042376935482025146e-01,6.511905044317245483e-02,-2.657662034034729004e-01,-3.862413391470909119e-02,1.683774590492248535e-01,-1.292551159858703613e-01,-4.554477930068969727e-01,5.634644255042076111e-02,-2.064109593629837036e-01,2.182554602622985840e-01,-3.337388932704925537e-01,-8.642575703561306000e-03,1.122254282236099243e-01,3.016676306724548340e-01,1.982885599136352539e-01,-2.280494719743728638e-01,-1.143578439950942993e-02,-1.794181019067764282e-01,-1.849612593650817871e-01,1.017010584473609924e-01,1.932028383016586304e-01,-1.930338740348815918e-01,1.967599689960479736e-01,-5.766768380999565125e-02,2.737242579460144043e-01,-4.065641760826110840e-01,2.728452682495117188e-01,-2.241767048835754395e-01,3.563705384731292725e-01,2.843786776065826416e-01,-1.706071547232568264e-03,-1.668753772974014282e-01,3.101726174354553223e-01,2.552574574947357178e-01,-3.824000358581542969e-01,-1.772560935933142900e-04,2.419943809509277344e-01,-6.043475586920976639e-03,3.456001281738281250e-01,1.485652625560760498e-01,-4.911445453763008118e-02,5.909685278311371803e-04,-8.704782463610172272e-03,-2.347800135612487793e-01,2.799664735794067383e-01,1.502262651920318604e-01,2.901495099067687988e-01,-2.550301849842071533e-01,3.157794773578643799e-01,8.125738799571990967e-02,-5.168939754366874695e-02,5.532259365281788632e-06,1.167433336377143860e-01,-1.763383299112319946e-01,1.915010660886764526e-01,-4.410085082054138184e-02,3.614809811115264893e-01,2.198108136653900146e-01,-2.748255133628845215e-01,-4.593927264213562012e-01,3.544855117797851562e-01,2.991397306323051453e-02,1.222476437687873840e-01,1.731216907501220703e-02,-3.037236928939819336e-01,2.437410056591033936e-01,2.952641844749450684e-01,-3.093267381191253662e-01,-2.348229885101318359e-01,2.732457220554351807e-01,-3.266396000981330872e-02,4.611091315746307373e-02,2.693652510643005371e-01,-2.448654472827911377e-01,4.196430090814828873e-03,-3.980326652526855469e-01,-3.399470746517181396e-01,1.871219277381896973e-02,2.790735363960266113e-01,1.736802607774734497e-01,-2.469121105968952179e-02,-2.104641795158386230e-01
-1.170040220022201538e-01,-2.792648039758205414e-02,3.118299841880798340e-01,-2.413848787546157837e-01,-3.986625671386718750e-01,1.660513281822204590e-01,7.483341544866561890e-02,-4.193982481956481934e-01,-2.945822775363922119e-01,-2.175716906785964966e-01,1.481945216655731201e-01,3.343485295772552490e-01,-2.076350003480911255e-01,-3.439440727233886719e-01,-4.020740687847137451e-01,-5.625922679901123047e-01,-1.982071204110980034e-03,-2.762967646121978760e-01,2.573860585689544678e-01,3.419668972492218018e-01,2.738171219825744629e-01,-1.297697722911834717e-01,-1.317277848720550537e-01,3.439671173691749573e-02,-8.841920644044876099e-02,-4.837766289710998535e-01,3.908882737159729004e-01,4.039803147315979004e-01,-4.493332207202911377e-01,8.968462795019149780e-02,6.304553896188735962e-02,5.013669133186340332e-01,-1.245837658643722534e-01,-4.430592656135559082e-01,3.256127983331680298e-02,4.771616458892822266e-01,-3.618635237216949463e-01,-3.991048932075500488e-01,5.382451415061950684e-01,4.052811861038208008e-01,-3.881433904170989990e-01,-7.380519807338714600e-02,-2.512294650077819824e-01,-1.352038234472274780e-01,-1.816326752305030823e-02,2.826712429523468018e-01,3.441088497638702393e-01,1.017825379967689514e-01,-5.511538311839103699e-02,1.315770596265792847e-01,2.294828444719314575e-01,2.037369906902313232e-01,-3.342244029045104980e-01,-5.689582228660583496e-02,3.988058120012283325e-02,5.275698304176330566e-01,-3.103408515453338623e-01,-2.082512900233268738e-02,2.519928216934204102e-01,2.494005262851715088e-01,2.583219297230243683e-02,1.519091147929430008e-02,-2.868554089218378067e-03,-2.326871156692504883e-01,-8.255086839199066162e-02,1.635842025279998779e-01,5.231271032243967056e-03,-5.063821077346801758e-01,4.106768369674682617e-01,-3.866861760616302490e-01,4.787407219409942627e-01,5.968984216451644897e-02,1.630424857139587402e-01,-4.235382080078125000e-01,1.560817360877990723e-01,4.177187681198120117e-01,6.708310684189200401e-04,-4.946793019771575928e-01,2.768597751855850220e-02,4.208486378192901611e-01,-4.471948742866516113e-01,-4.326011403463780880e-04,4.626286625862121582e-01,3.717816900461912155e-03,5.053232908248901367e-01,4.111398458480834961e-01,-3.085614740848541260e-01,-6.402070634067058563e-03,-2.748866677284240723e-01,-4.028187394142150879e-01,1.030516177415847778e-01,-1.037744358181953430e-01,2.841345667839050293e-01,-2.532598972320556641e-01,3.808129727840423584e-01,1.973086446523666382e-01,-1.888924241065979004e-01,-4.012474164483137429e-06,4.290939569473266602e-01,-2.897789180278778076e-01,3.953063488006591797e-01,-4.005258977413177490e-01,4.709072709083557129e-01,4.744031131267547607e-01,-3.733091354370117188e-01,-1.065554246306419373e-01,2.300985157489776611e-01,2.928946018218994141e-01,3.101852834224700928e-01,2.347011817619204521e-03,-3.344145417213439941e-01,2.417757511138916016e-01,3.970187604427337646e-01,-1.439245194196701050e-01,-4.502194225788116455e-01,3.262212574481964111e-01,-4.019715785980224609e-01,-7.827109843492507935e-02,4.992851018905639648e-01,-1.864584982395172119e-01,-2.362482696771621704e-01,-3.572548925876617432e-01,-3.898063302040100098e-01,9.515659511089324951e-02,3.731414079666137695e-01,1.106923222541809082e-01,-2.870462276041507721e-02,-2.967540025711059570e-01
