4.529552757740020752e-01,1.111466251313686371e-02,-3.700758889317512512e-02,-7.507137209177017212e-02,3.915705382823944092e-01,-4.048051238059997559e-01,4.182796925306320190e-03,4.700818657875061035e-01,1.627039015293121338e-01,8.512084186077117920e-02,-2.385172396898269653e-01,-1.863899230957031250e-01,-3.747391700744628906e-02,8.470003306865692139e-02,7.061962783336639404e-02,3.276055753231048584e-01,5.648185033351182938e-04,9.011653065681457520e-02,-2.379265055060386658e-02,-8.206357806921005249e-02,-1.427478045225143433e-01,-9.151958674192428589e-02,-8.114188909530639648e-02,6.976936012506484985e-02,3.296677023172378540e-02,2.730413377285003662e-01,-5.586655065417289734e-02,-4.043750762939453125e-01,1.549218893051147461e-01,-1.074487045407295227e-01,-2.065590322017669678e-01,-1.340005546808242798e-01,-2.505997754633426666e-02,9.784290939569473267e-02,-1.707732677459716797e-02,-1.629323512315750122e-01,1.526628732681274414e-01,1.595497876405715942e-01,-3.697967827320098877e-01,-2.967749238014221191e-01,2.868223190307617188e-01,9.084940701723098755e-02,-1.234266534447669983e-02,4.258840531110763550e-02,-3.268937394022941589e-02,1.581374704837799072e-01,-1.230247020721435547e-01,-9.362641721963882446e-02,1.268886178731918335e-01,-4.458605870604515076e-02,-2.161359637975692749e-01,-2.106062918901443481e-01,2.698207199573516846e-01,-6.728114932775497437e-02,-7.386208325624465942e-02,-2.197396457195281982e-01,1.954522132873535156e-01,8.773826994001865387e-03,-6.095854099839925766e-03,7.891976833343505859e-02,-1.197208091616630554e-01,2.737854607403278351e-02,-4.094196949154138565e-03,2.660182714462280273e-01,1.473171412944793701e-01,-4.800311475992202759e-02,-2.989273071289062500e-01,2.414234429597854614e-01,-1.707599014043807983e-01,3.522129952907562256e-01,-2.977618575096130371e-01,2.180609405040740967e-01,-1.859508454799652100e-02,9.258308261632919312e-02,-2.776107788085937500e-01,-2.315623313188552856e-01,5.232449620962142944e-05,1.295583099126815796e-01,-4.577462375164031982e-02,-1.283155381679534912e-01,1.883277595043182373e-01,8.577021799283102155e-05,-2.555412352085113525e-01,-1.887023681774735451e-03,-3.919707238674163818e-01,4.861396178603172302e-02,3.180860877037048340e-01,4.199267830699682236e-03,-4.588382691144943237e-02,2.102822810411453247e-01,-1.972460597753524780e-01,2.750374078750610352e-01,8.941073901951313019e-03,-1.195280402898788452e-01,-1.922248899936676025e-01,-3.481683731079101562e-01,1.179086193442344666e-01,-1.054156837199116126e-05,-2.150566726922988892e-01,3.055683374404907227e-01,-3.769651353359222412e-01,4.062741994857788086e-01,-1.274387538433074951e-01,-2.237027436494827271e-01,5.187249928712844849e-02,9.285730123519897461e-02,8.833111077547073364e-02,-1.047730073332786560e-02,-4.597176909446716309e-01,1.072168722748756409e-02,-3.370667994022369385e-02,1.177740097045898438e-01,-8.664533495903015137e-02,-1.261032670736312866e-01,1.845118850469589233e-01,-1.591368168592453003e-01,3.580495119094848633e-01,-5.689026415348052979e-02,-2.555198371410369873e-01,-3.603121638298034668e-02,-8.835852146148681641e-02,1.776236891746520996e-01,1.154272705316543579e-01,2.238671034574508667e-01,-9.491606056690216064e-02,1.152309551835060120e-01,1.603764481842517853e-02,1.679710745811462402e-01
1.111466251313686371e-02,9.780257940292358398e-03,-8.627765625715255737e-02,6.624715030193328857e-02,5.609907582402229309e-02,-1.861291006207466125e-02,-1.356344483792781830e-02,4.306332021951675415e-02,6.368706375360488892e-02,6.683220714330673218e-02,-1.961082033812999725e-02,-4.456225037574768066e-02,6.918366998434066772e-02,7.081066071987152100e-02,8.306074887514114380e-02,9.335263818502426147e-02,-1.511807902716100216e-03,6.955461204051971436e-02,-8.065190911293029785e-02,-6.269995868206024170e-02,-5.827286839485168457e-02,6.293213367462158203e-02,5.801985412836074829e-02,-3.038880787789821625e-02,1.360819581896066666e-02,8.260504901409149170e-02,-8.631253987550735474e-02,-4.863572120666503906e-02,7.573349773883819580e-02,-2.672087587416172028e-02,3.171491203829646111e-03,-9.995461255311965942e-02,6.473848223686218262e-02,6.918252259492874146e-02,-2.300156978890299797e-03,-9.058173000812530518e-02,6.414077430963516235e-02,8.355008810758590698e-02,-6.389398127794265747e-02,-7.225667685270309448e-02,8.229295909404754639e-02,2.018447779119014740e-02,8.170858770608901978e-02,3.014315851032733917e-02,-7.232618983834981918e-03,-6.603844463825225830e-02,-8.303114771842956543e-02,-2.478052861988544464e-02,-7.522726431488990784e-03,1.550588104873895645e-02,5.023454781621694565e-03,-9.096373803913593292e-03,6.321198493242263794e-02,-6.362920161336660385e-03,-1.965876482427120209e-02,-9.687753021717071533e-02,3.618992492556571960e-02,3.584973281249403954e-03,-7.602655142545700073e-02,-6.266592442989349365e-02,-1.311199646443128586e-02,4.372069612145423889e-03,2.443262143060564995e-03,3.929418697953224182e-02,1.093660108745098114e-02,-2.890873141586780548e-02,3.318092226982116699e-02,8.936244994401931763e-02,-8.487489819526672363e-02,4.455386102199554443e-02,-7.576154917478561401e-02,-1.616065762937068939e-02,-2.875991910696029663e-02,7.994285225868225098e-02,-4.024704918265342712e-02,-8.912175893783569336e-02,-2.516135282348841429e-04,8.912748098373413086e-02,-4.192140698432922363e-02,-8.092886209487915039e-02,8.695117384195327759e-02,8.803002128843218088e-05,-7.716332376003265381e-02,-2.308032126165926456e-04,-8.362502604722976685e-02,-7.578269392251968384e-02,4.801504686474800110e-02,9.675672627054154873e-04,7.009269297122955322e-02,6.925813853740692139e-02,-2.620718255639076233e-02,-3.166085481643676758e-02,-7.396484166383743286e-02,4.857369884848594666e-02,-7.708948850631713867e-02,-3.221039893105626106e-03,6.283111870288848877e-02,-2.005415353778516874e-06,-7.015796005725860596e-02,7.351924479007720947e-02,-3.629000484943389893e-02,4.420782625675201416e-02,-8.999820053577423096e-02,-8.390630036592483521e-02,9.869824349880218506e-02,7.637182716280221939e-03,-7.538571953773498535e-02,-8.295553922653198242e-02,-2.618867903947830200e-02,-1.812801929190754890e-03,6.859074532985687256e-02,-7.097221910953521729e-02,-8.322601020336151123e-02,-6.982458755373954773e-03,8.772353082895278931e-02,-8.209802210330963135e-02,4.790479689836502075e-02,4.010698571801185608e-02,-8.957784622907638550e-02,5.502391979098320007e-02,5.812782421708106995e-02,7.268967479467391968e-02,7.704822719097137451e-02,-5.214204266667366028e-02,-5.219211056828498840e-02,-5.217779427766799927e-02,-3.735893871635198593e-03,7.362782210111618042e-02
-3.700758889317512512e-02,-8.627765625715255737e-02,7.812055349349975586e-01,-6.600330471992492676e-01,-4.804845750331878662e-01,9.354126453399658203e-02,1.095034554600715637e-01,-3.755117356777191162e-01,-5.287909507751464844e-01,-6.326055526733398438e-01,1.787051856517791748e-01,4.325498640537261963e-01,-6.132917404174804688e-01,-6.720148921012878418e-01,-7.568693161010742188e-01,-7.475853562355041504e-01,1.410507503896951675e-02,-6.449025869369506836e-01,7.231119871139526367e-01,6.165065765380859375e-01,4.779245257377624512e-01,-6.372828483581542969e-01,-6.015267968177795410e-01,3.087700903415679932e-01,-1.294322311878204346e-01,-6.688651442527770996e-01,7.576761841773986816e-01,3.850420415401458740e-01,-6.989620923995971680e-01,2.398928403854370117e-01,-4.454304650425910950e-02,8.206529617309570312e-01,-5.796201825141906738e-01,-6.867256164550781250e-01,2.474797517061233521e-02,7.576237320899963379e-01,-6.073245406150817871e-01,-7.455419898033142090e-01,5.277056694030761719e-01,6.426347494125366211e-01,-6.810677051544189453e-01,-1.825695335865020752e-01,-7.425304055213928223e-01,-3.004547059535980225e-01,1.640512794256210327e-02,6.328517794609069824e-01,7.590246200561523438e-01,2.367715835571289062e-01,1.060117632150650024e-01,-7.999642938375473022e-02,-5.935119092464447021e-02,1.296424269676208496e-01,-5.513533949851989746e-01,5.374428629875183105e-02,2.022011280059814453e-01,8.166841864585876465e-01,-3.737915456295013428e-01,-3.613716736435890198e-02,6.803564429283142090e-01,6.109657883644104004e-01,1.053214520215988159e-01,-2.749422378838062286e-02,-2.328789234161376953e-02,-3.092450797557830811e-01,-6.300709396600723267e-02,2.750622034072875977e-01,-3.091470301151275635e-01,-7.525070309638977051e-01,7.408487200736999512e-01,-3.766193389892578125e-01,6.747254729270935059e-01,2.153863906860351562e-01,2.662740051746368408e-01,-7.375911474227905273e-01,3.042191863059997559e-01,7.540946006774902344e-01,2.270453143864870071e-03,-7.923281192779541016e-01,4.086564481258392334e-01,7.253928780555725098e-01,-7.590383291244506836e-01,-8.970194030553102493e-04,6.936202049255371094e-01,2.870436757802963257e-03,6.819612979888916016e-01,7.139805555343627930e-01,-4.311781525611877441e-01,-9.300071746110916138e-03,-6.144042015075683594e-01,-6.517516970634460449e-01,2.392490357160568237e-01,2.811324298381805420e-01,6.712231040000915527e-01,-4.742367267608642578e-01,6.856297850608825684e-01,2.654747106134891510e-03,-5.981346964836120605e-01,1.909428647195454687e-05,6.269720196723937988e-01,-6.249849200248718262e-01,3.681966066360473633e-01,-3.500295579433441162e-01,7.767438888549804688e-01,7.349464893341064453e-01,-8.289966583251953125e-01,-1.365058720111846924e-01,6.423560380935668945e-01,7.348121404647827148e-01,1.867720782756805420e-01,1.547654625028371811e-02,-6.132398843765258789e-01,6.810693740844726562e-01,7.509070038795471191e-01,-1.329767238348722458e-02,-7.807815074920654297e-01,7.211312651634216309e-01,-4.021401405334472656e-01,-4.260056912899017334e-01,7.712042927742004395e-01,-5.402541160583496094e-01,-5.758836865425109863e-01,-6.468572616577148438e-01,-6.933109164237976074e-01,4.981995522975921631e-01,5.558805465698242188e-01,5.125046372413635254e-01,2.955181896686553955e-02,-6.748137474060058594e-01
-7.507137209177017212e-02,6.624715030193328857e-02,-6.600330471992492676e-01,7.057669162750244141e-01,2.552032470703125000e-01,4.783015698194503784e-02,-7.078812271356582642e-02,1.500039547681808472e-01,4.602634310722351074e-01,5.177416801452636719e-01,-2.634732723236083984e-01,-3.157292306423187256e-01,3.897454440593719482e-01,5.810837149620056152e-01,6.367236375808715820e-01,4.954399168491363525e-01,-8.394815027713775635e-03,5.136655569076538086e-01,-6.955100893974304199e-01,-5.292105078697204590e-01,-5.217754840850830078e-01,6.012600660324096680e-01,5.290321707725524902e-01,-2.154264003038406372e-01,1.096141189336776733e-01,4.086602330207824707e-01,-5.699774622917175293e-01,-8.591390401124954224e-02,4.596781730651855469e-01,-2.733029983937740326e-02,2.610916271805763245e-02,-7.059688568115234375e-01,6.387047171592712402e-01,5.779303312301635742e-01,-4.257420077919960022e-03,-5.209789276123046875e-01,4.276081621646881104e-01,5.935757160186767578e-01,-2.091753482818603516e-01,-5.885083079338073730e-01,5.840702056884765625e-01,2.246739119291305542e-01,5.962148904800415039e-01,2.280475944280624390e-01,-1.627564132213592529e-01,-4.503729343414306641e-01,-6.811440587043762207e-01,-2.068708986043930054e-01,-3.943599760532379150e-02,1.185521185398101807e-01,7.791233062744140625e-02,8.408549427986145020e-02,5.360674262046813965e-01,-5.911236628890037537e-02,-1.218212652020156384e-03,-6.232554316520690918e-01,3.637346327304840088e-01,2.630777843296527863e-02,-5.732468962669372559e-01,-6.741701960563659668e-01,-1.475381255149841309e-01,1.065389364957809448e-01,2.553734928369522095e-02,1.951006352901458740e-01,7.993809878826141357e-02,-2.220093011856079102e-01,2.101647555828094482e-01,5.318496823310852051e-01,-5.790755748748779297e-01,9.686274081468582153e-02,-4.901794493198394775e-01,1.554014510475099087e-03,-3.325609564781188965e-01,6.276215910911560059e-01,-2.973726689815521240e-01,-6.031022667884826660e-01,-3.360956034157425165e-04,6.046881079673767090e-01,-5.317565202713012695e-01,-5.899295806884765625e-01,7.007976174354553223e-01,7.263482548296451569e-04,-4.924754202365875244e-01,2.114272676408290863e-03,-5.197420120239257812e-01,-5.835416316986083984e-01,1.563093364238739014e-01,4.205721430480480194e-03,4.426426887512207031e-01,5.024073719978332520e-01,-2.521715462207794189e-01,-4.306249916553497314e-01,-6.591077446937561035e-01,5.166083574295043945e-01,-6.141912341117858887e-01,1.251045614480972290e-01,4.253185987472534180e-01,-1.495916512794792652e-05,-3.900006115436553955e-01,4.335209131240844727e-01,-1.876177191734313965e-01,5.392180010676383972e-02,-7.157977223396301270e-01,-5.485030412673950195e-01,7.335771918296813965e-01,3.455181121826171875e-01,-7.381673455238342285e-01,-5.624011754989624023e-01,3.560407087206840515e-02,-2.306861989200115204e-02,6.257351636886596680e-01,-6.936117410659790039e-01,-6.859129071235656738e-01,2.173525243997573853e-01,6.238925457000732422e-01,-5.867549777030944824e-01,1.092269197106361389e-01,3.476874828338623047e-01,-6.084902286529541016e-01,5.825741291046142578e-01,4.495954811573028564e-01,6.018449664115905762e-01,6.257105469703674316e-01,-4.779220521450042725e-01,-4.979082345962524414e-01,-5.121203660964965820e-01,-2.586634457111358643e-02,5.321980714797973633e-01
3.915705382823944092e-01,5.609907582402229309e-02,-4.804845750331878662e-01,2.552032470703125000e-01,6.518109440803527832e-01,-4.052871167659759521e-01,-6.430302560329437256e-02,6.662989258766174316e-01,3.665067255496978760e-01,4.029641151428222656e-01,-2.121719419956207275e-01,-4.049590826034545898e-01,3.950815200805664062e-01,4.144904315471649170e-01,4.873154759407043457e-01,7.567721009254455566e-01,-8.881349116563796997e-03,4.570381939411163330e-01,-3.905682563781738281e-01,-3.711204528808593750e-01,-2.623203396797180176e-01,2.570286691188812256e-01,2.551613152027130127e-01,-1.407047063112258911e-01,9.209209680557250977e-02,6.660204529762268066e-01,-5.096455216407775879e-01,-6.419616937637329102e-01,6.177905797958374023e-01,-3.013361394405364990e-01,-1.251534372568130493e-01,-5.606271028518676758e-01,2.146700769662857056e-01,4.587996304035186768e-01,-3.689765185117721558e-02,-6.245965957641601562e-01,4.897198081016540527e-01,5.696154832839965820e-01,-7.322574257850646973e-01,-5.488883852958679199e-01,5.893723368644714355e-01,1.206158027052879333e-01,4.371143579483032227e-01,2.109438776969909668e-01,7.377206534147262573e-02,-3.026004433631896973e-01,-5.167117714881896973e-01,-2.026199698448181152e-01,-1.026790868490934372e-02,-2.178606390953063965e-02,-1.460622698068618774e-01,-3.609450161457061768e-01,4.514651298522949219e-01,-7.237619906663894653e-02,-2.764613628387451172e-01,-6.886249184608459473e-01,3.274691700935363770e-01,2.939490228891372681e-02,-3.801137208938598633e-01,-2.095076143741607666e-01,-1.002316102385520935e-01,-3.665193915367126465e-02,5.587680730968713760e-03,3.781268596649169922e-01,1.193688660860061646e-01,-1.898660361766815186e-01,-1.765461452305316925e-02,6.740688681602478027e-01,-5.618100166320800781e-01,5.948858261108398438e-01,-6.578031778335571289e-01,-8.641480654478073120e-02,-7.483074814081192017e-02,4.951347112655639648e-01,-3.301582336425781250e-01,-6.230053305625915527e-01,-2.088663633912801743e-03,6.067722439765930176e-01,-1.572254896163940430e-01,-5.184165239334106445e-01,5.494055747985839844e-01,5.760945496149361134e-04,-6.376729607582092285e-01,-5.649826023727655411e-03,-7.151150107383728027e-01,-3.955281674861907959e-01,5.872359871864318848e-01,1.050239428877830505e-02,3.302994966506958008e-01,5.498445630073547363e-01,-2.552686631679534912e-01,1.696273535490036011e-01,-3.140879869461059570e-01,8.559560775756835938e-02,-5.102891921997070312e-01,-3.333828151226043701e-01,4.795439541339874268e-01,-1.910109313030261546e-05,-5.854894518852233887e-01,6.388993263244628906e-01,-5.547259449958801270e-01,6.256432533264160156e-01,-5.185875296592712402e-01,-6.335846185684204102e-01,5.109882354736328125e-01,3.010781481862068176e-02,-1.963786333799362183e-01,-4.814823269844055176e-01,-5.500214099884033203e-01,7.598093710839748383e-03,2.328987419605255127e-01,-2.307344377040863037e-01,-4.773048758506774902e-01,-2.071000188589096069e-01,6.335602998733520508e-01,-5.317665338516235352e-01,6.124990582466125488e-01,2.128841876983642578e-01,-6.662990450859069824e-01,1.913095414638519287e-01,2.865732610225677490e-01,4.486123323440551758e-01,4.395235478878021240e-01,-7.065078616142272949e-02,-3.546702563762664795e-01,-1.368036419153213501e-01,-5.995738785713911057e-03,5.192509889602661133e-01
-4.048051238059997559e-01,-1.861291006207466125e-02,9.354126453399658203e-02,4.783015698194503784e-02,-4.052871167659759521e-01,4.199157059192657471e-01,3.085360303521156311e-02,-4.648048877716064453e-01,-2.251845598220825195e-01,-1.317371428012847900e-01,1.819087862968444824e-01,2.201916724443435669e-01,-5.235932394862174988e-02,-1.376248598098754883e-01,-1.274442970752716064e-01,-4.091963171958923340e-01,8.491972112096846104e-04,-1.354977190494537354e-01,6.998091191053390503e-02,1.104418858885765076e-01,1.607725769281387329e-01,2.761897072196006775e-02,3.714162856340408325e-02,-1.128955185413360596e-02,-4.226083308458328247e-02,-3.625425100326538086e-01,1.395572423934936523e-01,4.343124330043792725e-01,-2.167370766401290894e-01,1.224100291728973389e-01,1.903690993785858154e-01,2.159729599952697754e-01,7.006997242569923401e-03,-1.325461715459823608e-01,2.014782093465328217e-02,2.597714662551879883e-01,-2.071568518877029419e-01,-2.206222712993621826e-01,4.276941716670989990e-01,2.895486652851104736e-01,-3.297193050384521484e-01,-7.199183106422424316e-02,-5.165127292275428772e-02,-6.074105948209762573e-02,1.828579232096672058e-03,-6.347704678773880005e-02,1.619406491518020630e-01,9.247073531150817871e-02,-1.108831167221069336e-01,5.638239160180091858e-02,1.988477110862731934e-01,2.063959538936614990e-01,-2.729864716529846191e-01,6.842096894979476929e-02,1.068311333656311035e-01,2.834013700485229492e-01,-1.975043267011642456e-01,-1.165587641298770905e-02,5.897575616836547852e-02,-4.865458607673645020e-02,1.111278012394905090e-01,-2.146944031119346619e-02,3.128403332084417343e-03,-2.722429931163787842e-01,-1.403595358133316040e-01,7.091949880123138428e-02,2.218135893344879150e-01,-3.049642741680145264e-01,2.424282282590866089e-01,-3.807321488857269287e-01,3.338947594165802002e-01,-1.535530388355255127e-01,3.778858855366706848e-02,-1.632389426231384277e-01,2.607477307319641113e-01,2.720745801925659180e-01,5.277748568914830685e-04,-1.980521976947784424e-01,3.559014946222305298e-02,2.050013989210128784e-01,-2.272633314132690430e-01,-1.685724273556843400e-04,2.938068807125091553e-01,2.052243333309888840e-03,4.227838218212127686e-01,2.910475432872772217e-02,-3.329294621944427490e-01,-5.326566286385059357e-03,-5.742561072111129761e-02,-2.567573189735412598e-01,1.630911529064178467e-01,-2.478435784578323364e-01,4.435396194458007812e-02,6.809854507446289062e-02,2.316858172416687012e-01,3.146627843379974365e-01,-1.273646205663681030e-01,1.048399280989542603e-05,2.787316143512725830e-01,-3.521743118762969971e-01,3.761917650699615479e-01,-4.446277022361755371e-01,1.943020969629287720e-01,2.867823243141174316e-01,-1.299569755792617798e-01,5.877029150724411011e-03,-5.569215118885040283e-02,1.020364090800285339e-01,4.589718878269195557e-01,-8.096767589449882507e-03,-3.200827911496162415e-02,-7.693413645029067993e-02,1.428130120038986206e-01,1.465174257755279541e-01,-2.227545380592346191e-01,2.108433395624160767e-01,-4.009141623973846436e-01,2.105424553155899048e-02,2.975636720657348633e-01,8.874607272446155548e-03,3.869731724262237549e-02,-2.058665007352828979e-01,-1.483208686113357544e-01,-1.647422462701797485e-01,1.250870674848556519e-01,-6.516356021165847778e-02,-2.027823217213153839e-02,-2.060219496488571167e-01
4.182796925306320190e-03,-1.356344483792781830e-02,1.095034554600715637e-01,-7.078812271356582642e-02,-6.430302560329437256e-02,3.085360303521156311e-02,4.691177606582641602e-02,-4.032141715288162231e-02,-1.062961444258689880e-01,-8.021172136068344116e-02,-2.027453668415546417e-02,6.204263865947723389e-02,-1.183609589934349060e-01,-1.001040115952491760e-01,-1.185716837644577026e-01,-1.418428570032119751e-01,1.951675279997289181e-03,-9.394981712102890015e-02,8.548695594072341919e-02,7.012641429901123047e-02,6.483225524425506592e-02,-9.147196263074874878e-02,-7.133904099464416504e-02,5.399485677480697632e-02,-1.717787794768810272e-02,-1.295800805091857910e-01,1.303757727146148682e-01,7.117486000061035156e-02,-1.049753129482269287e-01,3.235092759132385254e-02,-1.276203803718090057e-02,1.432507038116455078e-01,-6.235142052173614502e-02,-8.389496058225631714e-02,4.640643950551748276e-03,1.441704481840133667e-01,-8.856939524412155151e-02,-1.086818277835845947e-01,1.009281575679779053e-01,6.640747189521789551e-02,-9.824388474225997925e-02,-1.079489756375551224e-02,-1.156299710273742676e-01,-3.887629881501197815e-02,-2.127915062010288239e-02,1.193095371127128601e-01,9.699912369251251221e-02,2.956580370664596558e-02,2.838584780693054199e-02,-5.664811003953218460e-03,-5.467018578201532364e-03,8.537907153367996216e-03,-5.873437970876693726e-02,5.923248361796140671e-03,3.785854205489158630e-02,1.304522603750228882e-01,-3.494336083531379700e-02,-5.034231580793857574e-03,9.493603557348251343e-02,7.822461426258087158e-02,-3.689805278554558754e-03,5.306181963533163071e-03,-2.803601324558258057e-03,-3.556197881698608398e-02,-1.305106910876929760e-03,3.898313269019126892e-02,-7.464589923620223999e-02,-1.226513609290122986e-01,1.191923320293426514e-01,-5.856477841734886169e-02,8.750562369823455811e-02,5.603763088583946228e-02,3.400862216949462891e-02,-1.170623227953910828e-01,1.992174610495567322e-02,1.019501313567161560e-01,6.338699604384601116e-04,-1.248119920492172241e-01,2.587194368243217468e-02,1.156381592154502869e-01,-9.871120750904083252e-02,-1.309237704845145345e-04,1.005666926503181458e-01,2.593164681456983089e-04,9.629126638174057007e-02,1.231262832880020142e-01,-5.069159343838691711e-02,-1.630388316698372364e-03,-1.200780421495437622e-01,-8.961885422468185425e-02,6.243599113076925278e-03,3.444287553429603577e-02,8.773638308048248291e-02,-6.456078588962554932e-02,8.722760528326034546e-02,-1.452478021383285522e-02,-7.341060787439346313e-02,9.096743838199472521e-07,1.093404740095138550e-01,-8.916211128234863281e-02,3.038730844855308533e-02,-6.352708488702774048e-02,1.220169588923454285e-01,1.135644093155860901e-01,-1.217841282486915588e-01,4.200875014066696167e-02,8.174772560596466064e-02,1.322159022092819214e-01,3.251342102885246277e-02,2.693115267902612686e-03,-1.111068949103355408e-01,7.799685746431350708e-02,1.134222298860549927e-01,3.628298267722129822e-02,-1.104513630270957947e-01,1.041074320673942566e-01,-7.876283675432205200e-02,-5.496760457754135132e-02,1.096030101180076599e-01,-6.624584645032882690e-02,-8.466582000255584717e-02,-7.880885899066925049e-02,-9.992980211973190308e-02,8.430829644203186035e-02,6.674937903881072998e-02,7.306586205959320068e-02,9.585896623320877552e-04,-8.043927699327468872e-02
4.700818657875061035e-01,4.306332021951675415e-02,-3.755117356777191162e-01,1.500039547681808472e-01,6.662989258766174316e-01,-4.648048877716064453e-01,-4.032141715288162231e-02,7.471182942390441895e-01,2.853273451328277588e-01,3.266926109790802002e-01,-2.105636596679687500e-01,-4.121015071868896484e-01,2.982707917690277100e-01,3.511998951435089111e-01,3.997731804847717285e-01,7.042255997657775879e-01,-6.518546026200056076e-03,3.680411577224731445e-01,-2.690193057060241699e-01,-3.109650909900665283e-01,-1.660582870244979858e-01,1.679188907146453857e-01,1.663427799940109253e-01,-1.101329401135444641e-01,8.240422606468200684e-02,6.168875098228454590e-01,-4.171218574047088623e-01,-6.803547143936157227e-01,5.910583734512329102e-01,-3.050408065319061279e-01,-1.840261667966842651e-01,-4.486320018768310547e-01,7.512439042329788208e-02,4.190381169319152832e-01,-4.377798363566398621e-02,-5.508320927619934082e-01,4.541480541229248047e-01,4.987069964408874512e-01,-7.555417418479919434e-01,-5.095629692077636719e-01,5.194789767265319824e-01,9.459648281335830688e-02,3.206094205379486084e-01,1.889454871416091919e-01,1.389740556478500366e-01,-2.091863900423049927e-01,-4.325170814990997314e-01,-1.868160665035247803e-01,1.627425663173198700e-02,-1.217209249734878540e-01,-2.145638316869735718e-01,-4.634280204772949219e-01,4.024383127689361572e-01,-8.641730248928070068e-02,-3.092278838157653809e-01,-6.150649785995483398e-01,3.367814719676971436e-01,2.872878126800060272e-02,-2.510628700256347656e-01,-8.741009235382080078e-02,-9.922792762517929077e-02,-4.933321103453636169e-02,-1.731779775582253933e-04,3.583798706531524658e-01,1.185755282640457153e-01,-1.634871065616607666e-01,-1.472973525524139404e-01,6.105156540870666504e-01,-4.945787787437438965e-01,6.401614546775817871e-01,-6.377871036529541016e-01,-8.638576418161392212e-02,-1.929983310401439667e-02,4.254756271839141846e-01,-2.847190797328948975e-01,-5.405800342559814453e-01,-1.950205187313258648e-03,5.385310053825378418e-01,-8.467549830675125122e-02,-4.426737129688262939e-01,4.652776718139648438e-01,5.231605027802288532e-04,-6.071929931640625000e-01,-6.809620186686515808e-03,-6.711834073066711426e-01,-2.953826487064361572e-01,6.258383393287658691e-01,1.114962249994277954e-02,2.208204716444015503e-01,5.266050696372985840e-01,-2.434767186641693115e-01,3.407025635242462158e-01,-1.940155178308486938e-01,-2.300412394106388092e-02,-4.362197220325469971e-01,-4.309946000576019287e-01,4.193541705608367920e-01,-1.969648656086064875e-05,-5.650399923324584961e-01,6.018540263175964355e-01,-6.415492892265319824e-01,6.897110342979431152e-01,-4.196548163890838623e-01,-5.823397636413574219e-01,3.792418837547302246e-01,2.038918994367122650e-02,-2.889486402273178101e-02,-3.778921961784362793e-01,-6.381231546401977539e-01,1.590388081967830658e-02,1.144896969199180603e-01,-1.090033203363418579e-01,-3.823645114898681641e-01,-2.136803120374679565e-01,5.621733069419860840e-01,-4.519544243812561035e-01,6.567680835723876953e-01,1.682280153036117554e-01,-6.048637628555297852e-01,7.997853308916091919e-02,1.851517260074615479e-01,3.743571341037750244e-01,3.392956554889678955e-01,8.730515092611312866e-02,-3.385438621044158936e-01,-2.701456099748611450e-02,1.361509505659341812e-02,4.661189615726470947e-01
1.627039015293121338e-01,6.368706375360488892e-02,-5.287909507751464844e-01,4.602634310722351074e-01,3.665067255496978760e-01,-2.251845598220825195e-01,-1.062961444258689880e-01,2.853273451328277588e-01,5.588262081146240234e-01,4.615169465541839600e-01,-2.594705224037170410e-01,-3.407478630542755127e-01,3.244854509830474854e-01,5.216678380966186523e-01,5.437554121017456055e-01,6.008800864219665527e-01,-6.586396135389804840e-03,4.160957336425781250e-01,-5.539250969886779785e-01,-4.540648758411407471e-01,-5.610206723213195801e-01,4.237931370735168457e-01,3.441628813743591309e-01,-1.604224741458892822e-01,1.064537838101387024e-01,5.285245180130004883e-01,-5.277733206748962402e-01,-2.766697406768798828e-01,3.967187106609344482e-01,-6.982012093067169189e-02,-8.554568886756896973e-02,-7.068299651145935059e-01,4.911776781082153320e-01,4.735257327556610107e-01,-9.486603550612926483e-03,-5.542954206466674805e-01,4.199227988719940186e-01,5.496161580085754395e-01,-3.258614540100097656e-01,-5.753265619277954102e-01,6.321588754653930664e-01,2.078858315944671631e-01,4.609757363796234131e-01,1.851678937673568726e-01,-1.643695533275604248e-01,-3.019092381000518799e-01,-5.648782849311828613e-01,-1.793809682130813599e-01,6.789338588714599609e-02,7.109324634075164795e-02,-4.766261205077171326e-02,3.451584652066230774e-02,5.601552724838256836e-01,-8.522944152355194092e-02,-1.381973922252655029e-02,-6.058386564254760742e-01,3.459370732307434082e-01,2.321189455687999725e-02,-4.667349755764007568e-01,-4.613718092441558838e-01,-1.867421865463256836e-01,1.393315494060516357e-01,1.828112266957759857e-02,3.199881911277770996e-01,1.564824730157852173e-01,-2.017206400632858276e-01,5.578882619738578796e-02,5.546804070472717285e-01,-5.842038989067077637e-01,2.479661256074905396e-01,-5.046002268791198730e-01,1.260956674814224243e-01,-3.137823045253753662e-01,5.517973899841308594e-01,-3.838832974433898926e-01,-5.888891816139221191e-01,-5.790647701360285282e-04,5.355412960052490234e-01,-3.977162241935729980e-01,-5.671834349632263184e-01,6.426436305046081543e-01,6.008711643517017365e-04,-4.935863912105560303e-01,1.799539197236299515e-03,-6.000909805297851562e-01,-4.412657916545867920e-01,2.512521147727966309e-01,5.292732734233140945e-03,4.285759627819061279e-01,4.908041059970855713e-01,-2.421784102916717529e-01,-2.373642623424530029e-01,-5.353908538818359375e-01,3.905460536479949951e-01,-5.776736736297607422e-01,-3.928962349891662598e-02,3.178594708442687988e-01,-1.445999168936396018e-05,-4.407386183738708496e-01,4.910827577114105225e-01,-2.817141115665435791e-01,2.670203745365142822e-01,-6.588739752769470215e-01,-5.518344044685363770e-01,6.452575922012329102e-01,1.719085574150085449e-01,-5.706973075866699219e-01,-4.714110195636749268e-01,-2.006500959396362305e-01,-1.891313493251800537e-02,5.688953399658203125e-01,-4.805586934089660645e-01,-5.862815380096435547e-01,7.416404038667678833e-02,5.302250385284423828e-01,-5.618426203727722168e-01,2.801952958106994629e-01,2.067727148532867432e-01,-5.909421443939208984e-01,4.351303577423095703e-01,2.692914307117462158e-01,5.732876062393188477e-01,5.596233606338500977e-01,-2.834821641445159912e-01,-4.206217527389526367e-01,-3.712171614170074463e-01,2.034601857303641737e-05,4.914905428886413574e-01
8.512084186077117920e-02,6.683220714330673218e-02,-6.326055526733398438e-01,5.177416801452636719e-01,4.029641151428222656e-01,-1.317371428012847900e-01,-8.021172136068344116e-02,3.266926109790802002e-01,4.615169465541839600e-01,5.078225731849670410e-01,-1.887818276882171631e-01,-3.459174036979675293e-01,4.572849571704864502e-01,5.482066869735717773e-01,6.127952337265014648e-01,6.742111444473266602e-01,-1.066684909164905548e-02,4.817279875278472900e-01,-6.161614060401916504e-01,-4.938890933990478516e-01,-4.589647352695465088e-01,4.752408862113952637e-01,4.418298602104187012e-01,-2.265759259462356567e-01,1.058355569839477539e-01,5.865983366966247559e-01,-6.315273642539978027e-01,-3.282129466533660889e-01,5.599029660224914551e-01,-1.799150705337524414e-01,-5.914110224694013596e-03,-7.448502182960510254e-01,4.907137453556060791e-01,5.584599375724792480e-01,-1.643811352550983429e-02,-6.509264111518859863e-01,4.723839163780212402e-01,6.219093799591064453e-01,-4.423619508743286133e-01,-5.715704560279846191e-01,6.131936907768249512e-01,1.632160842418670654e-01,5.771949291229248047e-01,2.239463180303573608e-01,-6.774024665355682373e-02,-4.656147360801696777e-01,-6.307597160339355469e-01,-1.750111430883407593e-01,-1.775038056075572968e-02,6.042965129017829895e-02,2.065188065171241760e-02,-7.588986307382583618e-02,5.066804885864257812e-01,-5.784418806433677673e-02,-1.218621432781219482e-01,-7.181107997894287109e-01,3.111834228038787842e-01,2.693779952824115753e-02,-5.401031970977783203e-01,-4.740088284015655518e-01,-1.299040913581848145e-01,6.800798326730728149e-02,1.801927387714385986e-02,2.964273989200592041e-01,8.953002840280532837e-02,-2.146591991186141968e-01,1.778824031352996826e-01,6.429563164710998535e-01,-6.330351233482360840e-01,3.122840225696563721e-01,-5.753452777862548828e-01,-8.870075643062591553e-02,-2.438811361789703369e-01,6.001744270324707031e-01,-3.073372244834899902e-01,-6.583016514778137207e-01,-1.391702913679182529e-03,6.613472700119018555e-01,-3.454769253730773926e-01,-6.077571511268615723e-01,6.787041425704956055e-01,6.706435233354568481e-04,-5.707227587699890137e-01,-1.379823195748031139e-03,-6.187410354614257812e-01,-5.361446738243103027e-01,3.521470427513122559e-01,6.822140887379646301e-03,4.948551356792449951e-01,5.307525396347045898e-01,-2.078924626111984253e-01,-2.250226736068725586e-01,-5.605617165565490723e-01,3.828133642673492432e-01,-5.906646251678466797e-01,-2.969099394977092743e-02,4.315020143985748291e-01,-1.615573455637786537e-05,-5.015448927879333496e-01,5.317565202713012695e-01,-3.225142657756805420e-01,3.154338896274566650e-01,-6.781355142593383789e-01,-6.241620779037475586e-01,7.417522072792053223e-01,1.142304390668869019e-01,-5.741309523582458496e-01,-5.804483294486999512e-01,-1.786123663187026978e-01,-1.437543239444494247e-02,5.240153670310974121e-01,-5.589651465415954590e-01,-6.216214299201965332e-01,3.908408433198928833e-02,6.431655287742614746e-01,-6.081330776214599609e-01,3.297861516475677490e-01,2.964412569999694824e-01,-6.689057350158691406e-01,4.235102236270904541e-01,3.890483081340789795e-01,5.599437952041625977e-01,5.711691379547119141e-01,-3.450238704681396484e-01,-4.415305852890014648e-01,-3.923686742782592773e-01,-1.645436882972717285e-02,5.618676543235778809e-01
-2.385172396898269653e-01,-1.961082033812999725e-02,1.787051856517791748e-01,-2.634732723236083984e-01,-2.121719419956207275e-01,1.819087862968444824e-01,-2.027453668415546417e-02,-2.105636596679687500e-01,-2.594705224037170410e-01,-1.887818276882171631e-01,4.070961773395538330e-01,1.667062491178512573e-01,9.471759200096130371e-02,-2.056697309017181396e-01,-1.828844249248504639e-01,-1.846117526292800903e-01,-1.545148901641368866e-03,-1.488079875707626343e-01,2.970401942729949951e-01,2.128195464611053467e-01,3.986977338790893555e-01,-1.288712620735168457e-01,-8.775087445974349976e-02,-5.689794197678565979e-02,-5.495376512408256531e-02,-1.219125986099243164e-01,8.478526026010513306e-02,6.647014617919921875e-02,-5.191094428300857544e-02,-8.188569545745849609e-02,1.815336942672729492e-01,2.736240625381469727e-01,-3.216677308082580566e-01,-2.002265602350234985e-01,-6.089646369218826294e-03,8.600747585296630859e-02,-1.353933960199356079e-01,-2.208161503076553345e-01,2.433422394096851349e-02,4.267758429050445557e-01,-3.882290720939636230e-01,-2.123260796070098877e-01,-7.944939285516738892e-02,-5.841228738427162170e-02,2.703815698623657227e-01,-1.513031423091888428e-01,2.964004278182983398e-01,1.260087043046951294e-01,-1.744338572025299072e-01,-7.549072057008743286e-02,1.197252050042152405e-01,-7.726977765560150146e-02,-4.395883083343505859e-01,8.975393325090408325e-02,-1.382922977209091187e-01,2.146119773387908936e-01,-2.917868196964263916e-01,-8.100503124296665192e-03,1.517173200845718384e-01,2.580374181270599365e-01,2.185055762529373169e-01,-1.588285714387893677e-01,-9.614745154976844788e-03,-2.242127060890197754e-01,-1.838863939046859741e-01,8.164254575967788696e-02,2.509078979492187500e-01,-1.844978928565979004e-01,2.061465233564376831e-01,-6.695599108934402466e-02,2.606942355632781982e-01,-4.255462288856506348e-01,2.203451246023178101e-01,-2.018225342035293579e-01,3.833719193935394287e-01,2.953566610813140869e-01,-1.848144689574837685e-03,-1.405560821294784546e-01,3.812732696533203125e-01,2.113265991210937500e-01,-3.858989179134368896e-01,-1.859326584963127971e-04,1.959248930215835571e-01,-4.112490452826023102e-03,3.689993321895599365e-01,4.193935170769691467e-02,-6.954602152109146118e-02,-1.352874387521296740e-04,1.153811719268560410e-02,-2.271612435579299927e-01,2.883451581001281738e-01,1.188542917370796204e-01,2.647117674350738525e-01,-1.661539375782012939e-01,3.429870009422302246e-01,1.181732118129730225e-01,-1.070887744426727295e-01,1.220316335093230009e-05,9.474746137857437134e-02,-2.499751746654510498e-01,2.050763666629791260e-01,-6.469783931970596313e-02,3.248023092746734619e-01,2.140075564384460449e-01,-2.560415863990783691e-01,-4.117186367511749268e-01,3.520771265029907227e-01,4.953583329916000366e-02,1.464031636714935303e-01,9.415612556040287018e-03,-2.307854890823364258e-01,2.109219431877136230e-01,2.778205871582031250e-01,-1.803054958581924438e-01,-2.263723611831665039e-01,2.491931468248367310e-01,-3.529314324259757996e-02,-1.919422484934329987e-02,2.832756638526916504e-01,-2.516835033893585205e-01,1.832249574363231659e-02,-3.591636121273040771e-01,-2.757176160812377930e-01,-4.268514923751354218e-03,2.165142297744750977e-01,1.227079629898071289e-01,-2.652781549841165543e-03,-2.339742630720138550e-01
-1.863899230957031250e-01,-4.456225037574768066e-02,4.325498640537261963e-01,-3.157292306423187256e-01,-4.049590826034545898e-01,2.201916724443435669e-01,6.204263865947723389e-02,-4.121015071868896484e-01,-3.407478630542755127e-01,-3.459174036979675293e-01,1.667062491178512573e-01,3.202947974205017090e-01,-2.901797890663146973e-01,-4.099638760089874268e-01,-4.464957118034362793e-01,-5.924076437950134277e-01,5.727019626647233963e-03,-3.342717587947845459e-01,3.864794075489044189e-01,3.470398485660552979e-01,3.034456074237823486e-01,-3.059872984886169434e-01,-2.645702064037322998e-01,1.431876122951507568e-01,-8.112780004739761353e-02,-4.919923543930053711e-01,4.513642191886901855e-01,3.702078163623809814e-01,-4.730416238307952881e-01,1.443148255348205566e-01,8.985162526369094849e-02,5.468411445617675781e-01,-2.592537105083465576e-01,-4.316932857036590576e-01,2.283442765474319458e-02,5.116628408432006836e-01,-3.704647719860076904e-01,-4.759705662727355957e-01,4.760812520980834961e-01,4.720357656478881836e-01,-4.884965121746063232e-01,-1.189491748809814453e-01,-3.723946511745452881e-01,-1.671696752309799194e-01,-1.382900588214397430e-02,2.870573997497558594e-01,4.660072028636932373e-01,1.457124352455139160e-01,-8.551921695470809937e-03,5.370461940765380859e-02,8.556672930717468262e-02,1.762104332447052002e-01,-4.014987051486968994e-01,6.563863158226013184e-02,1.406946182250976562e-01,5.767119526863098145e-01,-2.901968657970428467e-01,-2.303412184119224548e-02,3.191076815128326416e-01,2.751976847648620605e-01,1.069380193948745728e-01,-3.892148286104202271e-02,-8.894805796444416046e-03,-2.394594401121139526e-01,-8.682886511087417603e-02,1.580778956413269043e-01,2.500669215805828571e-04,-5.223879218101501465e-01,4.877950251102447510e-01,-3.444973230361938477e-01,4.988310337066650391e-01,5.145664140582084656e-02,1.513782888650894165e-01,-4.595860540866851807e-01,2.244450002908706665e-01,4.969058930873870850e-01,1.111593563109636307e-03,-5.177547335624694824e-01,2.132901102304458618e-01,4.640216231346130371e-01,-5.123614668846130371e-01,-5.294073489494621754e-04,4.866329729557037354e-01,2.178736263886094093e-03,5.408051013946533203e-01,3.660694360733032227e-01,-3.514125049114227295e-01,-6.844814401119947433e-03,-3.003830313682556152e-01,-4.463689923286437988e-01,1.768500655889511108e-01,-1.103914808481931686e-02,3.425384461879730225e-01,-1.990726739168167114e-01,4.404884576797485352e-01,1.459071040153503418e-01,-3.073279559612274170e-01,1.398847507516620681e-05,4.368094801902770996e-01,-4.488982260227203369e-01,3.842889070510864258e-01,-3.784562945365905762e-01,5.066061615943908691e-01,5.092963576316833496e-01,-4.916752576828002930e-01,-8.944994211196899414e-02,2.931347191333770752e-01,3.987259864807128906e-01,2.920501232147216797e-01,3.202107967808842659e-03,-3.312650918960571289e-01,3.163478970527648926e-01,4.519574940204620361e-01,4.294528625905513763e-03,-5.074768662452697754e-01,4.487322568893432617e-01,-3.768704831600189209e-01,-1.917955726385116577e-01,5.398732423782348633e-01,-2.447004169225692749e-01,-2.184730023145675659e-01,-4.121675789356231689e-01,-4.023959040641784668e-01,1.225989535450935364e-01,3.646348416805267334e-01,2.089492529630661011e-01,-1.049748621881008148e-02,-4.195922911167144775e-01
