5.059297680854797363e-01,-1.854000240564346313e-02,6.142774224281311035e-02,-1.026391424238681793e-02,1.280828565359115601e-01,-3.589143976569175720e-02,1.791101321578025818e-02,2.702007591724395752e-01,5.275736376643180847e-02,-3.440468339249491692e-03,-6.328301131725311279e-02,5.491387099027633667e-03,-6.983525305986404419e-02,5.187193751335144043e-01,1.436860710382461548e-01,-1.300285570323467255e-02,-8.236869238317012787e-03,-1.044638529419898987e-01,1.709201633930206299e-01,3.546660393476486206e-02,-1.938585489988327026e-01,-9.914541244506835938e-02,-1.613977923989295959e-02,4.642198793590068817e-03,-3.346443176269531250e-02,-2.506646811962127686e-01,9.632341563701629639e-02,-2.133531868457794189e-01,-8.115582913160324097e-02,-2.557441592216491699e-01,-1.260395348072052002e-01,1.213206350803375244e-01,-8.677655458450317383e-02,2.896996028721332550e-02,-3.138365596532821655e-02,3.976712375879287720e-02,-2.632682584226131439e-02,-2.735326252877712250e-02,-1.326613575220108032e-01,-2.538218200206756592e-01,-5.672416463494300842e-02,1.083012446761131287e-01,-1.048940047621726990e-01,9.901262819766998291e-03,2.499832957983016968e-01,-1.313908100128173828e-01,-2.374954707920551300e-02,-7.754030078649520874e-02,-3.430418670177459717e-03,4.484633356332778931e-02,4.743831814266741276e-04,-1.333167701959609985e-01,1.355803338810801506e-03,-7.183033972978591919e-02,-3.273266553878784180e-02,9.108593221753835678e-04,3.782090172171592712e-02,4.254495725035667419e-03,1.045022718608379364e-02,1.550734136253595352e-02,9.348145127296447754e-02,-1.380918268114328384e-02,1.204484701156616211e-02,-1.043086312711238861e-02,-7.146940380334854126e-02,6.802868098020553589e-02,-3.042768500745296478e-02,5.248897895216941833e-02,7.590366154909133911e-02,1.091569438576698303e-01,-1.550714205950498581e-02,-2.853901088237762451e-01,6.443435698747634888e-02,-4.260518401861190796e-02,-1.408634986728429794e-02,-7.214219123125076294e-02,-4.185298457741737366e-03,-2.942743338644504547e-02,-1.645791679620742798e-01,6.403639167547225952e-02,-9.517417848110198975e-02,1.774033007677644491e-04,-1.257980316877365112e-01,-1.142771076411008835e-02,-6.675522774457931519e-02,1.316393073648214340e-02,1.867168694734573364e-01,-1.081087905913591385e-02,-7.470983266830444336e-02,-1.562863960862159729e-02,-4.074598255101591349e-04,-1.065559405833482742e-02,1.849000602960586548e-01,-1.315384060144424438e-01,1.441691070795059204e-01,-5.693066492676734924e-02,2.581098973751068115e-01,5.120954665471799672e-05,-4.654262680560350418e-03,6.720693409442901611e-02,-2.591790817677974701e-02,1.831099949777126312e-02,1.083018630743026733e-01,7.035857532173395157e-03,-2.799389362335205078e-01,1.502355188131332397e-01,2.223570495843887329e-01,9.995226562023162842e-02,-1.416958570480346680e-01,3.918991982936859131e-02,6.548028439283370972e-02,7.145355641841888428e-02,9.415379166603088379e-02,-3.443373441696166992e-01,-1.733783399686217308e-03,6.423652917146682739e-02,2.500910460948944092e-01,-2.041150033473968506e-01,-1.845828890800476074e-01,-4.189218580722808838e-02,-1.698908358812332153e-01,3.827012330293655396e-02,-2.384025044739246368e-02,6.122915819287300110e-02,1.323747038841247559e-01,-7.562192529439926147e-02,-2.881141193211078644e-02,1.626443117856979370e-02
-1.854000240564346313e-02,2.634244225919246674e-02,-1.346589773893356323e-01,5.862401053309440613e-02,6.459554284811019897e-02,1.976958289742469788e-02,-2.731493441388010979e-03,5.447291955351829529e-02,8.477835217490792274e-04,1.884813234210014343e-02,2.011379040777683258e-02,-3.810839727520942688e-02,1.155695915222167969e-01,4.648457281291484833e-03,1.128838583827018738e-01,1.100273951888084412e-01,-1.897825859487056732e-04,1.081361845135688782e-01,-3.522726148366928101e-02,-5.876114964485168457e-02,-6.293694954365491867e-03,1.353086978197097778e-01,7.002241909503936768e-02,1.765920035541057587e-02,1.317578833550214767e-02,1.528107523918151855e-01,-1.365601271390914917e-01,-1.085651572793722153e-02,8.938691765069961548e-02,2.274138107895851135e-02,3.650635108351707458e-02,-1.250059306621551514e-01,8.154468983411788940e-02,5.498252436518669128e-02,4.094108007848262787e-03,-1.262663602828979492e-01,7.183779962360858917e-03,2.758635766804218292e-02,-7.383858412504196167e-02,-9.763207286596298218e-02,1.235666200518608093e-01,-1.083327550441026688e-02,1.335780024528503418e-01,1.275028474628925323e-02,-1.278350129723548889e-02,-9.091776609420776367e-02,-1.288683116436004639e-01,-2.113501913845539093e-02,-1.997328735888004303e-02,1.993267051875591278e-02,4.224992822855710983e-03,-3.771735820919275284e-03,2.799791097640991211e-02,-1.422619540244340897e-02,-2.024338208138942719e-02,-1.232873499393463135e-01,3.078173473477363586e-02,1.045940257608890533e-02,-8.772898465394973755e-02,-4.636652022600173950e-02,7.194447331130504608e-03,-5.069917533546686172e-04,5.177255719900131226e-03,2.101393602788448334e-02,4.121894016861915588e-03,-2.580573782324790955e-02,5.359730497002601624e-02,1.353820711374282837e-01,-1.307487338781356812e-01,2.294861478731036186e-03,-7.225859165191650391e-02,3.076186217367649078e-02,-2.989513427019119263e-02,1.168183311820030212e-01,-2.906333655118942261e-02,-8.959209918975830078e-02,-5.227105226367712021e-03,1.312503069639205933e-01,-1.962174847722053528e-02,-1.023593172430992126e-01,1.178418621420860291e-01,2.663197694346308708e-03,-1.019850745797157288e-01,7.975545711815357208e-03,-8.452552556991577148e-02,-1.251920312643051147e-01,6.031032651662826538e-02,1.029485464096069336e-02,6.443809717893600464e-02,1.051219087094068527e-02,-3.599718958139419556e-02,-2.542337588965892792e-02,-1.056113988161087036e-01,4.767790809273719788e-02,-9.600412100553512573e-02,-1.203419989906251431e-03,7.557213306427001953e-02,-4.481390060391277075e-04,-9.265469014644622803e-02,1.498265005648136139e-02,-5.024774931371212006e-03,2.666792087256908417e-02,-1.221645846962928772e-01,-1.266328152269124985e-02,1.412232220172882080e-01,7.066057529300451279e-03,-7.966744154691696167e-02,-1.120626553893089294e-01,-2.167115919291973114e-02,-1.858606934547424316e-02,8.764293044805526733e-02,-1.144214812666177750e-02,-1.081291437149047852e-01,6.001768168061971664e-03,1.490965187549591064e-01,-1.289220750331878662e-01,5.125632509589195251e-02,4.609731212258338928e-02,-1.208419278264045715e-01,3.041867166757583618e-02,9.193906188011169434e-02,1.015101075172424316e-01,1.153993159532546997e-01,-5.015191435813903809e-02,-1.125302389264106750e-01,-3.037900291383266449e-02,-5.475973244756460190e-03,3.945787250995635986e-02
6.142774224281311035e-02,-1.346589773893356323e-01,7.776112556457519531e-01,-3.907515704631805420e-01,-3.344374895095825195e-01,-2.116397470235824585e-01,-5.735085532069206238e-02,-3.505761921405792236e-01,1.824738644063472748e-02,-1.267927139997482300e-01,-1.186607405543327332e-01,2.458129972219467163e-01,-6.252355575561523438e-01,-1.207125335931777954e-01,-6.557835936546325684e-01,-6.274909973144531250e-01,-1.544112246483564377e-02,-5.614297986030578613e-01,2.126774489879608154e-01,3.882699012756347656e-01,3.708697482943534851e-02,-7.576175332069396973e-01,-5.064260959625244141e-01,2.819256111979484558e-02,-7.406022399663925171e-02,-7.636321187019348145e-01,7.350332140922546387e-01,-3.393363207578659058e-02,-5.817683339118957520e-01,-5.371480435132980347e-02,-2.021817266941070557e-01,7.128990292549133301e-01,-4.957831799983978271e-01,-4.016741812229156494e-01,-8.466261439025402069e-03,7.191573381423950195e-01,-4.048402234911918640e-02,-1.657416820526123047e-01,5.103406310081481934e-01,6.075201630592346191e-01,-6.847212910652160645e-01,4.534947872161865234e-02,-6.926534175872802734e-01,-8.249533176422119141e-02,1.426689978688955307e-02,6.344766020774841309e-01,7.463023662567138672e-01,1.406091153621673584e-01,9.046365320682525635e-02,-2.145502530038356781e-02,-5.564990267157554626e-02,3.502354770898818970e-02,-1.389752328395843506e-01,1.573862433433532715e-01,1.110742092132568359e-01,7.145127058029174805e-01,-2.137295305728912354e-01,-6.858042627573013306e-02,4.584810733795166016e-01,2.908307313919067383e-01,-1.862027333118021488e-03,-5.123217031359672546e-02,-3.656455129384994507e-02,-1.931105405092239380e-01,-3.860798850655555725e-02,1.455033570528030396e-01,-2.770689129829406738e-01,-7.238108515739440918e-01,7.200480103492736816e-01,1.762957312166690826e-02,4.843434691429138184e-01,-7.006554305553436279e-02,1.617360413074493408e-01,-7.050297856330871582e-01,1.576907336711883545e-01,5.119874477386474609e-01,2.934648655354976654e-02,-7.879933118820190430e-01,1.779290586709976196e-01,6.458074450492858887e-01,-7.192570567131042480e-01,-1.822040788829326630e-02,5.724557638168334961e-01,-4.066200554370880127e-02,5.457335710525512695e-01,6.344548463821411133e-01,-3.928215801715850830e-01,-5.688763409852981567e-02,-3.601067960262298584e-01,-9.230215847492218018e-02,2.177059203386306763e-01,1.655637472867965698e-01,6.033125519752502441e-01,-2.630830705165863037e-01,5.866900086402893066e-01,4.390938952565193176e-02,-4.568008780479431152e-01,2.937678247690200806e-03,5.806688666343688965e-01,-1.493841111660003662e-01,7.784211635589599609e-02,-2.120364159345626831e-01,7.106207609176635742e-01,7.802508026361465454e-02,-7.718052268028259277e-01,-1.862428337335586548e-01,5.127308964729309082e-01,6.478514075279235840e-01,1.272250711917877197e-01,1.100861802697181702e-01,-5.532175302505493164e-01,1.843329519033432007e-01,6.308608055114746094e-01,-1.654403060674667358e-01,-7.787768244743347168e-01,7.045321464538574219e-01,-3.313611149787902832e-01,-3.302175700664520264e-01,7.393333911895751953e-01,-1.895229220390319824e-01,-6.017448902130126953e-01,-6.452159881591796875e-01,-6.779224872589111328e-01,2.623635530471801758e-01,6.881993412971496582e-01,2.794764637947082520e-01,1.113254856318235397e-02,-2.718399763107299805e-01
-1.026391424238681793e-02,5.862401053309440613e-02,-3.907515704631805420e-01,3.548367917537689209e-01,1.274745315313339233e-01,1.825187504291534424e-01,-1.687641628086566925e-02,2.176674455404281616e-01,-2.746667340397834778e-02,5.732228979468345642e-02,-2.207812853157520294e-02,-1.303981095552444458e-01,2.529160380363464355e-01,1.179054155945777893e-01,3.176270127296447754e-01,2.631785571575164795e-01,1.228081434965133667e-02,3.386602699756622314e-01,-1.254118233919143677e-01,-1.287327706813812256e-01,-1.766273826360702515e-01,4.244173467159271240e-01,2.390101253986358643e-01,-1.000106856226921082e-01,5.610173940658569336e-02,3.706555962562561035e-01,-3.313741683959960938e-01,1.067847535014152527e-01,1.985459178686141968e-01,9.790547937154769897e-02,7.991590350866317749e-02,-4.333072304725646973e-01,3.277395069599151611e-01,1.342036426067352295e-01,1.317742653191089630e-02,-3.675102293491363525e-01,4.362769052386283875e-02,7.253202050924301147e-02,-1.507710516452789307e-01,-4.436934888362884521e-01,3.785335421562194824e-01,1.611121115274727345e-03,3.272221088409423828e-01,3.616478666663169861e-02,-1.316537428647279739e-02,-2.257831394672393799e-01,-3.336769342422485352e-01,-1.295409500598907471e-01,-5.745151266455650330e-02,6.346046179533004761e-02,3.157517313957214355e-02,-5.036587361246347427e-03,1.526347398757934570e-01,-2.119700461626052856e-01,5.743060633540153503e-02,-3.543193936347961426e-01,1.097253933548927307e-01,2.617717720568180084e-02,-1.602336615324020386e-01,-1.794545650482177734e-01,-5.988259613513946533e-02,6.137365475296974182e-02,2.466450817883014679e-02,1.191023811697959900e-01,1.498663611710071564e-02,-7.411564141511917114e-02,1.165251210331916809e-01,3.978195786476135254e-01,-3.573634326457977295e-01,-6.525146961212158203e-02,-2.523274123668670654e-01,1.808508187532424927e-01,-1.231276914477348328e-01,3.556443750858306885e-01,-9.118501842021942139e-02,-2.769441008567810059e-01,-4.384200088679790497e-03,3.935058414936065674e-01,-2.658499777317047119e-01,-3.559976220130920410e-01,4.966664612293243408e-01,9.194605983793735504e-03,-2.207730412483215332e-01,2.464446239173412323e-02,-3.453323245048522949e-01,-1.977093219757080078e-01,5.505162477493286133e-02,2.480497956275939941e-02,8.747895807027816772e-02,4.356691613793373108e-02,-7.364889979362487793e-02,-1.529513448476791382e-01,-4.095119237899780273e-01,1.981315016746520996e-01,-3.275941014289855957e-01,-5.677311867475509644e-02,1.905739307403564453e-01,-1.487832283601164818e-03,-2.255237698554992676e-01,1.307494193315505981e-01,-1.463801041245460510e-02,3.579076752066612244e-02,-4.078170657157897949e-01,-3.312969952821731567e-02,4.406737685203552246e-01,2.235637158155441284e-01,-3.911905288696289062e-01,-3.462564647197723389e-01,1.912173442542552948e-02,-5.137815326452255249e-02,4.449560642242431641e-01,-1.545739173889160156e-01,-3.724941909313201904e-01,8.349601924419403076e-02,4.037516415119171143e-01,-3.194220960140228271e-01,1.011666208505630493e-01,1.543357521295547485e-01,-4.374623596668243408e-01,1.277853697538375854e-01,2.368956804275512695e-01,3.108798563480377197e-01,3.464426994323730469e-01,-1.054123714566230774e-01,-3.320132493972778320e-01,-1.401676386594772339e-01,-1.042866706848144531e-02,1.784746944904327393e-01
1.280828565359115601e-01,6.459554284811019897e-02,-3.344374895095825195e-01,1.274745315313339233e-01,2.544028162956237793e-01,2.772352658212184906e-02,1.787899062037467957e-02,2.461891323328018188e-01,1.021741423755884171e-02,4.837026819586753845e-02,3.347469121217727661e-02,-9.250740706920623779e-02,2.771252691745758057e-01,1.654327213764190674e-01,3.555010259151458740e-01,2.949801683425903320e-01,-8.600881323218345642e-03,2.392987608909606934e-01,-3.126422688364982605e-02,-1.530302613973617554e-01,-4.394602403044700623e-02,3.143399059772491455e-01,1.522209644317626953e-01,9.312201291322708130e-02,1.511854305863380432e-02,3.101618885993957520e-01,-3.377579152584075928e-01,-1.473486721515655518e-01,2.379837632179260254e-01,-7.921246439218521118e-02,5.322124809026718140e-02,-2.501275241374969482e-01,1.660375148057937622e-01,1.429898738861083984e-01,3.344640135765075684e-04,-3.010038435459136963e-01,3.049471648409962654e-03,6.486061960458755493e-02,-2.848954498767852783e-01,-3.268033862113952637e-01,3.093959987163543701e-01,1.361405104398727417e-02,3.230521678924560547e-01,3.927758708596229553e-02,6.105015799403190613e-02,-2.892600297927856445e-01,-3.697657585144042969e-01,-8.017448335886001587e-02,-4.857863485813140869e-02,8.948607742786407471e-02,9.975128807127475739e-03,-6.494187563657760620e-02,5.881884694099426270e-02,-2.856144122779369354e-02,-8.951901644468307495e-02,-3.268835842609405518e-01,8.614567667245864868e-02,2.952406555414199829e-02,-2.646742761135101318e-01,-1.064412817358970642e-01,7.120761275291442871e-02,-2.111316472291946411e-02,1.642114110291004181e-02,5.980040505528450012e-02,-6.369132082909345627e-03,-3.940424323081970215e-02,1.473724842071533203e-01,3.799190819263458252e-01,-2.942045629024505615e-01,8.216992765665054321e-02,-2.010187506675720215e-01,-5.420977249741554260e-02,-2.446402050554752350e-02,2.802603542804718018e-01,-8.385181427001953125e-02,-3.043539524078369141e-01,-1.796057261526584625e-02,3.296318352222442627e-01,-8.685526251792907715e-02,-2.317635565996170044e-01,2.507547140121459961e-01,6.350964307785034180e-03,-3.460099697113037109e-01,1.614747382700443268e-02,-2.518911659717559814e-01,-3.642781674861907959e-01,2.806760072708129883e-01,2.331474050879478455e-02,1.578993648290634155e-01,1.780492998659610748e-02,-1.187071427702903748e-01,-5.421399697661399841e-02,-1.780443042516708374e-01,4.415070265531539917e-02,-1.874682158231735229e-01,-6.528436671942472458e-03,3.390873670578002930e-01,-1.124782487750053406e-03,-2.431242465972900391e-01,6.176789849996566772e-02,-2.200747840106487274e-02,9.679326415061950684e-02,-2.580655515193939209e-01,-3.287263959646224976e-02,2.673760354518890381e-01,6.280778348445892334e-02,-1.026633009314537048e-01,-2.538290321826934814e-01,-1.522599309682846069e-01,-3.248190134763717651e-02,1.753038018941879272e-01,2.082568779587745667e-02,-2.238112837076187134e-01,-1.409839540719985962e-01,4.155518114566802979e-01,-3.377826213836669922e-01,2.413539737462997437e-01,3.703779727220535278e-02,-3.747102320194244385e-01,5.373193323612213135e-02,2.041423767805099487e-01,2.766005992889404297e-01,2.882475852966308594e-01,-1.200650557875633240e-01,-2.270215898752212524e-01,-9.256620705127716064e-02,-2.863371185958385468e-02,1.185266673564910889e-01
-3.589143976569175720e-02,1.976958289742469788e-02,-2.116397470235824585e-01,1.825187504291534424e-01,2.772352658212184906e-02,2.250397354364395142e-01,8.502515032887458801e-03,1.274491399526596069e-01,-8.736380934715270996e-02,1.219326164573431015e-02,1.647603139281272888e-02,-6.049574539065361023e-02,7.466565817594528198e-02,5.817781761288642883e-02,1.216744706034660339e-01,9.373306483030319214e-02,2.475713379681110382e-03,1.089601293206214905e-01,-6.591377407312393188e-02,-9.171290695667266846e-02,3.816258162260055542e-02,2.018989771604537964e-01,1.717438548803329468e-01,-5.535555630922317505e-02,1.696762070059776306e-02,1.091280505061149597e-01,-1.470900028944015503e-01,7.394161075353622437e-02,1.912652403116226196e-01,-2.311466634273529053e-02,7.292746752500534058e-02,-1.631231606006622314e-01,1.026551648974418640e-01,1.246005892753601074e-01,-5.082726944237947464e-03,-1.563338935375213623e-01,2.042113058269023895e-02,2.840757742524147034e-02,-7.247874140739440918e-02,-2.052688598632812500e-01,1.028237491846084595e-01,-1.527376472949981689e-02,1.852519959211349487e-01,2.124453708529472351e-02,6.045416370034217834e-02,-1.106446459889411926e-01,-1.445298939943313599e-01,-5.371783301234245300e-02,-5.140512064099311829e-02,-3.206591308116912842e-02,9.715172648429870605e-02,-6.848473101854324341e-02,4.704749584197998047e-02,-1.463539004325866699e-01,-3.123775590211153030e-03,-1.759910881519317627e-01,6.164361909031867981e-02,1.471824664622545242e-02,-3.677273169159889221e-02,-7.387901842594146729e-02,-5.636995658278465271e-03,1.919038780033588409e-02,9.922642260789871216e-03,-1.449314504861831665e-02,8.175407536327838898e-03,-1.848378218710422516e-02,4.666540399193763733e-02,1.570118665695190430e-01,-1.409009844064712524e-01,-2.558771148324012756e-02,-1.169750615954399109e-01,-4.571134969592094421e-02,-2.950577251613140106e-02,1.459475159645080566e-01,-6.916688289493322372e-03,-9.825666993856430054e-02,1.854573609307408333e-03,1.941666305065155029e-01,-8.531321585178375244e-02,-1.640984863042831421e-01,2.306838482618331909e-01,4.595968406647443771e-03,-1.114613413810729980e-01,3.341400763019919395e-03,-1.158980429172515869e-01,-3.020562417805194855e-02,5.589064210653305054e-02,1.055799890309572220e-02,-2.966976724565029144e-02,2.657628804445266724e-02,-2.801391482353210449e-02,-5.196163058280944824e-02,-1.649870872497558594e-01,8.170760422945022583e-02,-1.211404576897621155e-01,-6.912344694137573242e-02,9.566046297550201416e-02,-6.324702408164739609e-04,-1.235941499471664429e-01,2.707535587251186371e-02,-4.227389767765998840e-02,-1.172342523932456970e-02,-1.582315415143966675e-01,-1.312499120831489563e-02,1.904265582561492920e-01,1.840518862009048462e-01,-1.624531894922256470e-01,-1.552899628877639771e-01,8.186593651771545410e-02,-1.778490096330642700e-02,1.636081188917160034e-01,-1.279702484607696533e-01,-1.660065054893493652e-01,1.153030395507812500e-01,2.001864761114120483e-01,-1.037025824189186096e-01,5.510614439845085144e-02,1.105583161115646362e-01,-1.899157315492630005e-01,4.772359877824783325e-02,1.343640238046646118e-01,1.207952126860618591e-01,1.335428208112716675e-01,-7.963319309055805206e-03,-1.969513744115829468e-01,-4.897431656718254089e-02,4.639290738850831985e-03,1.158704906702041626e-01
1.791101321578025818e-02,-2.731493441388010979e-03,-5.735085532069206238e-02,-1.687641628086566925e-02,1.787899062037467957e-02,8.502515032887458801e-03,8.675974607467651367e-02,-3.315564244985580444e-03,6.241333321668207645e-04,2.161760069429874420e-02,7.018954493105411530e-03,-9.470712393522262573e-03,9.215610916726291180e-04,7.465219125151634216e-03,3.593010827898979187e-02,1.891785115003585815e-02,7.853043265640735626e-03,-4.461671784520149231e-02,-1.083200424909591675e-02,-5.174042284488677979e-02,1.233013998717069626e-02,2.650505676865577698e-02,2.630355209112167358e-02,-2.404280006885528564e-02,-6.661258637905120850e-03,3.128161281347274780e-02,-2.896460145711898804e-02,1.627329923212528229e-02,6.355581432580947876e-02,-8.194430917501449585e-02,3.873373614624142647e-03,-2.427262812852859497e-02,2.162109687924385071e-02,2.591026015579700470e-02,-4.853426944464445114e-03,-1.554533187299966812e-02,-9.864171035587787628e-03,9.944522753357887268e-03,-1.018974110484123230e-01,-2.683315798640251160e-02,4.828142374753952026e-02,1.629020273685455322e-02,-1.305934507399797440e-02,7.018153555691242218e-03,-6.604435387998819351e-03,-1.179983094334602356e-01,-7.761999964714050293e-02,-2.215553773567080498e-03,3.656831383705139160e-02,-1.987756416201591492e-02,-4.072767682373523712e-03,1.471781358122825623e-02,-3.297286853194236755e-02,2.769491076469421387e-02,-2.260993048548698425e-02,-2.773046679794788361e-02,1.872042543254792690e-03,4.375354852527379990e-03,-3.969866782426834106e-02,-4.148910287767648697e-03,-1.978932507336139679e-02,2.481052652001380920e-02,3.167573828250169754e-03,9.600327163934707642e-02,2.556281164288520813e-02,-8.653249824419617653e-04,-7.696589455008506775e-04,2.143326215445995331e-02,-9.930676780641078949e-03,2.587220631539821625e-02,-4.771070927381515503e-02,-6.442236155271530151e-02,3.401591256260871887e-02,4.776075854897499084e-02,-9.097397327423095703e-03,-6.874447315931320190e-02,-4.951691254973411560e-03,8.668538928031921387e-02,-8.710016496479511261e-03,-2.337837219238281250e-02,4.267532750964164734e-02,1.082260743714869022e-03,-3.348357230424880981e-02,-2.691342262551188469e-03,-5.541868880391120911e-02,-4.102008417248725891e-02,1.067938059568405151e-01,-1.060183392837643623e-03,5.008631199598312378e-02,1.576327905058860779e-02,-3.885537758469581604e-02,2.733885077759623528e-03,4.100703168660402298e-03,-2.972211129963397980e-02,-2.225563675165176392e-02,3.696861967910081148e-04,5.679976195096969604e-02,-2.618362486828118563e-04,-3.420073539018630981e-02,3.977785259485244751e-02,-2.297277189791202545e-02,8.794735372066497803e-02,-2.750334143638610840e-02,-6.258398760110139847e-03,6.350170075893402100e-02,5.011139437556266785e-02,-3.678761422634124756e-02,-5.947679746896028519e-04,-9.484600275754928589e-02,-5.058795213699340820e-03,-2.264607511460781097e-02,-4.858470335602760315e-02,2.263001538813114166e-02,5.326433852314949036e-02,2.395718358457088470e-02,-5.543188378214836121e-02,3.983828797936439514e-02,2.289759553968906403e-02,-8.297128230333328247e-02,3.483538457658141851e-04,8.878861367702484131e-02,6.652358919382095337e-02,3.325492143630981445e-02,-1.690004765987396240e-02,-2.027272619307041168e-02,-6.586898863315582275e-02,9.866238571703433990e-03,2.657310850918292999e-02
2.702007591724395752e-01,5.447291955351829529e-02,-3.505761921405792236e-01,2.176674455404281616e-01,2.461891323328018188e-01,1.274491399526596069e-01,-3.315564244985580444e-03,4.428290724754333496e-01,-2.475619874894618988e-02,3.661934658885002136e-02,3.491640463471412659e-02,-1.182785406708717346e-01,2.676423490047454834e-01,3.721035718917846680e-01,4.130751192569732666e-01,2.998223304748535156e-01,-8.216341026127338409e-03,2.195210754871368408e-01,2.960343612357974052e-03,-1.391017585992813110e-01,-3.502118214964866638e-02,3.552157580852508545e-01,2.307705283164978027e-01,-1.235527824610471725e-02,1.246172934770584106e-02,2.250357717275619507e-01,-3.201022148132324219e-01,-1.222072839736938477e-01,2.981468737125396729e-01,-1.224571242928504944e-01,2.581005729734897614e-02,-2.504673004150390625e-01,1.274890899658203125e-01,2.219128310680389404e-01,-2.040222659707069397e-02,-3.530439436435699463e-01,4.991436842828989029e-03,6.500478088855743408e-02,-3.377159237861633301e-01,-4.745009541511535645e-01,2.749889791011810303e-01,2.744150161743164062e-02,3.206077814102172852e-01,4.747470095753669739e-02,2.365360110998153687e-01,-3.553992807865142822e-01,-3.997449278831481934e-01,-1.106337085366249084e-01,-7.703291624784469604e-02,1.425327919423580170e-02,7.665682584047317505e-02,-1.368360370397567749e-01,7.719005644321441650e-02,-1.761429458856582642e-01,-1.044488996267318726e-01,-3.814266920089721680e-01,1.455724984407424927e-01,3.956279158592224121e-02,-1.679645627737045288e-01,-1.258615106344223022e-01,8.492503315210342407e-02,-1.227297820150852203e-02,2.163376659154891968e-02,-5.368278548121452332e-02,-2.857217192649841309e-02,-2.038042806088924408e-02,1.147004663944244385e-01,3.835298717021942139e-01,-3.223901987075805664e-01,2.518007531762123108e-02,-2.451843917369842529e-01,-1.993648260831832886e-01,-3.800281137228012085e-02,3.247362375259399414e-01,-5.843032896518707275e-02,-2.408557087182998657e-01,-1.383882854133844376e-02,3.669823408126831055e-01,-1.777829080820083618e-01,-2.904444038867950439e-01,2.975250482559204102e-01,8.492852561175823212e-03,-3.764322698116302490e-01,1.454755477607250214e-02,-2.683969438076019287e-01,-3.108478784561157227e-01,2.639312446117401123e-01,2.376520447432994843e-02,7.404667884111404419e-02,3.256995603442192078e-02,-9.686383605003356934e-02,-6.280842423439025879e-02,-1.643327474594116211e-01,7.058882154524326324e-03,-1.732888072729110718e-01,-6.252530217170715332e-02,3.818522989749908447e-01,-1.249128719791769981e-03,-2.809254229068756104e-01,9.093356877565383911e-02,-5.597248673439025879e-02,6.841567903757095337e-02,-2.820073068141937256e-01,-3.488944098353385925e-02,2.304675430059432983e-01,1.728819310665130615e-01,-5.431130900979042053e-02,-2.878614962100982666e-01,-6.672798097133636475e-02,-1.871896535158157349e-02,2.871616482734680176e-01,3.831069683656096458e-03,-2.724649906158447266e-01,-1.553228646516799927e-01,4.590013325214385986e-01,-3.094975054264068604e-01,3.073819875717163086e-01,3.809022903442382812e-02,-4.775781035423278809e-01,5.352439358830451965e-02,1.518784761428833008e-01,2.981319725513458252e-01,2.794460952281951904e-01,-2.014125511050224304e-02,-2.708091139793395996e-01,-1.175490543246269226e-01,-3.105099499225616455e-02,1.514042466878890991e-01
5.275736376643180847e-02,8.477835217490792274e-04,1.824738644063472748e-02,-2.746667340397834778e-02,1.021741423755884171e-02,-8.736380934715270996e-02,6.241333321668207645e-04,-2.475619874894618988e-02,6.546218693256378174e-02,1.398056652396917343e-02,-1.710426621139049530e-02,-1.184102962724864483e-03,2.647169120609760284e-02,4.300394281744956970e-02,2.708204835653305054e-02,1.265182066708803177e-02,6.369002163410186768e-03,4.984323866665363312e-03,1.922498457133769989e-02,1.670881547033786774e-02,-1.090589389204978943e-01,-1.174276228994131088e-02,-2.376127801835536957e-02,-1.516261603683233261e-02,4.288471769541501999e-03,3.076768480241298676e-02,4.644347354769706726e-03,-4.800593480467796326e-03,-7.816381007432937622e-02,3.117424622178077698e-02,-3.571655973792076111e-02,-3.759460151195526123e-02,3.587126359343528748e-02,-2.344286814332008362e-02,4.090524278581142426e-03,-9.907061234116554260e-03,-2.902693580836057663e-03,1.605984580237418413e-04,-2.073554787784814835e-03,-1.638748310506343842e-02,4.237107187509536743e-02,1.905711367726325989e-02,-4.519449919462203979e-02,-2.779692644253373146e-03,-4.138160869479179382e-02,-3.506898507475852966e-02,-6.691656075417995453e-03,-5.384021904319524765e-03,2.370139397680759430e-02,2.372111193835735321e-02,-6.278432160615921021e-02,4.068792611360549927e-02,9.423808194696903229e-03,2.916777133941650391e-02,2.428508736193180084e-02,1.069154124706983566e-02,-6.886746734380722046e-03,-1.423337263986468315e-03,-1.344923581928014755e-02,-6.188017781823873520e-03,-2.075533941388130188e-02,1.954802125692367554e-02,2.573227044194936752e-03,6.958355009555816650e-02,-7.132851518690586090e-03,-6.769207771867513657e-03,-5.940834060311317444e-03,1.707586646080017090e-02,-1.442699506878852844e-02,-3.535928903147578239e-03,-8.916615624912083149e-04,6.105644255876541138e-02,-1.837784424424171448e-02,1.935800909996032715e-02,-2.360383421182632446e-02,-9.534723125398159027e-03,-2.620635088533163071e-03,9.161100722849369049e-03,-3.096468560397624969e-02,2.214646898210048676e-03,3.459866857156157494e-03,2.703422214835882187e-04,1.452862191945314407e-02,3.071412444114685059e-03,-2.828238531947135925e-02,-2.738929167389869690e-02,-9.880461730062961578e-03,-1.221998012624680996e-03,5.097003281116485596e-02,-6.754397763870656490e-04,-1.421817461960017681e-03,-1.556293759495019913e-02,-5.512174218893051147e-03,8.731113746762275696e-03,-1.296354830265045166e-02,1.932622864842414856e-02,-2.191710053011775017e-03,-7.915925380075350404e-05,-1.315591740421950817e-03,2.759823203086853027e-02,1.637997664511203766e-02,3.320873528718948364e-02,-2.356955595314502716e-02,-5.708580138161778450e-04,-5.702275317162275314e-03,-3.435568138957023621e-02,-1.524307951331138611e-02,1.381462626159191132e-02,-5.906125158071517944e-02,-3.814368741586804390e-03,6.088801845908164978e-02,1.751855388283729553e-02,3.379107220098376274e-04,-4.273491725325584412e-02,-2.922643162310123444e-02,-2.080383896827697754e-02,7.212114986032247543e-03,-2.758236229419708252e-02,-3.514391183853149414e-02,8.755716495215892792e-03,-2.320247329771518707e-02,2.670290134847164154e-02,2.314216643571853638e-02,-2.796485088765621185e-02,2.106656320393085480e-02,-4.344326257705688477e-02,-2.219371031969785690e-03,-2.841026894748210907e-02
-3.440468339249491692e-03,1.884813234210014343e-02,-1.267927139997482300e-01,5.732228979468345642e-02,4.837026819586753845e-02,1.219326164573431015e-02,2.161760069429874420e-02,3.661934658885002136e-02,1.398056652396917343e-02,2.688705548644065857e-02,8.560272864997386932e-03,-3.867489099502563477e-02,9.870345890522003174e-02,2.182056568562984467e-02,1.081682220101356506e-01,9.455771744251251221e-02,6.302438676357269287e-03,8.229169249534606934e-02,-3.400021046400070190e-02,-5.717913061380386353e-02,-4.267124831676483154e-02,1.243887171149253845e-01,7.104977220296859741e-02,-2.029571868479251862e-02,1.312694326043128967e-02,1.437532454729080200e-01,-1.163704171776771545e-01,2.050103060901165009e-02,7.073782384395599365e-02,1.403223350644111633e-02,2.117046155035495758e-02,-1.355538964271545410e-01,9.601598978042602539e-02,5.003630742430686951e-02,3.149835160002112389e-03,-1.173917725682258606e-01,5.731999408453702927e-03,2.602019719779491425e-02,-8.268523216247558594e-02,-1.063649654388427734e-01,1.299924105405807495e-01,1.412558252923190594e-03,8.990300446748733521e-02,1.188937854021787643e-02,-2.384585887193679810e-02,-1.199623420834541321e-01,-1.287700533866882324e-01,-2.459080517292022705e-02,3.526337968651205301e-04,8.977494202554225922e-03,-1.268708053976297379e-02,1.480295229703187943e-02,2.333618700504302979e-02,-1.685283891856670380e-02,-3.678440814837813377e-03,-1.094977408647537231e-01,2.826338633894920349e-02,9.617373347282409668e-03,-7.219948619604110718e-02,-4.773869365453720093e-02,-1.837040111422538757e-02,2.132039144635200500e-02,6.845187395811080933e-03,7.136170566082000732e-02,1.006389874964952469e-02,-2.549182996153831482e-02,3.766548633575439453e-02,1.209272593259811401e-01,-1.169613599777221680e-01,-5.895230919122695923e-03,-8.050358295440673828e-02,3.593879565596580505e-02,-2.730855159461498260e-02,1.226905584335327148e-01,-3.242008015513420105e-02,-9.096316248178482056e-02,-5.053392611443996429e-03,1.443762928247451782e-01,-4.598225280642509460e-02,-1.037392243742942810e-01,1.365029066801071167e-01,2.941767452284693718e-03,-7.562097907066345215e-02,6.973570678383111954e-03,-1.018968224525451660e-01,-1.024446189403533936e-01,5.701587721705436707e-02,7.722188252955675125e-03,7.233215123414993286e-02,1.633540540933609009e-02,-3.681333735585212708e-02,-3.384697809815406799e-02,-1.047744080424308777e-01,4.401797056198120117e-02,-1.000081077218055725e-01,-5.395413027144968510e-04,6.585674732923507690e-02,-5.049542523920536041e-04,-8.515579253435134888e-02,4.029981791973114014e-02,-8.204560726881027222e-03,5.185425281524658203e-02,-1.283147782087326050e-01,-1.233501080423593521e-02,1.469588130712509155e-01,3.201285377144813538e-02,-1.075848266482353210e-01,-9.578856825828552246e-02,-4.361487925052642822e-02,-1.905648596584796906e-02,1.103806942701339722e-01,-3.858375176787376404e-02,-9.495801478624343872e-02,3.258267790079116821e-02,1.193027123808860779e-01,-1.237336173653602600e-01,4.484145343303680420e-02,4.938298091292381287e-02,-1.426537334918975830e-01,3.428498655557632446e-02,9.769513458013534546e-02,1.128413528203964233e-01,1.156903952360153198e-01,-5.053820088505744934e-02,-1.044305413961410522e-01,-6.504194438457489014e-02,7.583648402942344546e-05,3.851724043488502502e-02
-6.328301131725311279e-02,2.011379040777683258e-02,-1.186607405543327332e-01,-2.207812853157520294e-02,3.347469121217727661e-02,1.647603139281272888e-02,7.018954493105411530e-03,3.491640463471412659e-02,-1.710426621139049530e-02,8.560272864997386932e-03,8.124176412820816040e-02,-2.999281883239746094e-02,1.217678263783454895e-01,-3.745066374540328979e-02,7.770258933305740356e-02,1.026786863803863525e-01,-2.306880196556448936e-03,4.579924419522285461e-02,-2.628961578011512756e-02,-7.821381837129592896e-02,1.457805037498474121e-01,1.079239472746849060e-01,9.286966174840927124e-02,2.422660961747169495e-02,6.964327185414731503e-04,1.413933634757995605e-01,-1.335066258907318115e-01,-1.622199453413486481e-02,1.628725081682205200e-01,6.780431722290813923e-04,5.050289258360862732e-02,-6.828410178422927856e-02,-6.957136560231447220e-03,1.087659597396850586e-01,-6.599243730306625366e-03,-1.176590919494628906e-01,-3.584606340155005455e-03,2.751105651259422302e-02,-1.006259769201278687e-01,3.706941381096839905e-03,5.187351629137992859e-02,-3.955043479800224304e-02,1.348564475774765015e-01,1.233055535703897476e-02,3.088843636214733124e-02,-1.258883774280548096e-01,-1.281458586454391479e-01,2.801071293652057648e-02,-2.208596095442771912e-02,-6.645087897777557373e-02,3.349253907799720764e-02,-2.541281655430793762e-02,-2.801414392888545990e-02,2.536167949438095093e-02,-8.572106808423995972e-02,-1.123764216899871826e-01,3.742163628339767456e-02,1.488651987165212631e-02,-5.524811521172523499e-02,-1.716717518866062164e-02,3.826608881354331970e-02,-2.062387578189373016e-02,-1.425584545359015465e-03,-6.017453595995903015e-02,5.774919409304857254e-03,-1.877968199551105499e-02,4.108327999711036682e-02,6.594387441873550415e-02,-1.239899024367332458e-01,-7.593682967126369476e-03,-4.737843945622444153e-02,-8.453606814146041870e-02,-1.108523365110158920e-02,1.054886579513549805e-01,6.644586101174354553e-03,7.207661401480436325e-03,-6.675695534795522690e-03,1.264344453811645508e-01,9.899963438510894775e-02,-8.267305046319961548e-02,4.384794086217880249e-02,2.403429476544260979e-03,-9.410275518894195557e-02,3.178252838551998138e-03,1.062080729752779007e-02,-1.398472487926483154e-01,7.664649188518524170e-02,1.090163365006446838e-02,7.026291638612747192e-02,1.609920710325241089e-02,-2.934614568948745728e-02,2.836827374994754791e-02,-3.332855179905891418e-02,-6.624322850257158279e-04,-5.498002842068672180e-02,6.513415370136499405e-03,3.508975729346275330e-02,-2.910397015511989594e-04,-1.091041862964630127e-01,-3.473855927586555481e-02,-2.940735034644603729e-02,3.287077322602272034e-02,-8.540681004524230957e-02,-1.278217509388923645e-02,1.178321540355682373e-01,-6.396971642971038818e-02,1.224943064153194427e-02,-9.465739130973815918e-02,1.161928288638591766e-02,-1.472887955605983734e-02,-8.165315957739949226e-04,1.281194295734167099e-02,-7.537937164306640625e-02,6.248537078499794006e-02,1.295578479766845703e-01,-1.062982752919197083e-01,5.158253014087677002e-02,7.514115422964096069e-02,-6.022753939032554626e-02,4.672740586102008820e-03,1.033693179488182068e-01,6.860458850860595703e-02,7.240527123212814331e-02,-1.463697012513875961e-02,-1.347339898347854614e-01,-8.238417096436023712e-03,3.928300924599170685e-03,7.186347153037786484e-03
5.491387099027633667e-03,-3.810839727520942688e-02,2.458129972219467163e-01,-1.303981095552444458e-01,-9.250740706920623779e-02,-6.049574539065361023e-02,-9.470712393522262573e-03,-1.182785406708717346e-01,-1.184102962724864483e-03,-3.867489099502563477e-02,-2.999281883239746094e-02,7.853917032480239868e-02,-1.953129172325134277e-01,-5.931154265999794006e-02,-2.112740129232406616e-01,-1.872672885656356812e-01,-7.139590103179216385e-03,-1.707656830549240112e-01,6.107437610626220703e-02,1.047423183917999268e-01,3.146738559007644653e-02,-2.507625222206115723e-01,-1.559979766607284546e-01,3.647636994719505310e-02,-2.474955841898918152e-02,-2.567778527736663818e-01,2.289956659078598022e-01,-2.844901382923126221e-02,-1.681294292211532593e-01,-3.288475424051284790e-02,-4.872340708971023560e-02,2.445988655090332031e-01,-1.547247767448425293e-01,-1.207959055900573730e-01,-1.490938942879438400e-03,2.391142249107360840e-01,-1.321654021739959717e-02,-5.019443109631538391e-02,1.504197716712951660e-01,2.124449312686920166e-01,-2.201490551233291626e-01,9.998187422752380371e-03,-2.062630653381347656e-01,-2.424732409417629242e-02,-6.483607459813356400e-03,2.101213485002517700e-01,2.426753193140029907e-01,4.547837749123573303e-02,2.609175257384777069e-02,3.011361695826053619e-03,-8.433382026851177216e-03,5.834868177771568298e-03,-4.988659545779228210e-02,6.613533943891525269e-02,2.335404418408870697e-02,2.268287390470504761e-01,-7.026123255491256714e-02,-2.137729153037071228e-02,1.160498857498168945e-01,9.198704361915588379e-02,1.014523580670356750e-02,-2.370298653841018677e-02,-1.184412650763988495e-02,-5.441877990961074829e-02,-9.339438751339912415e-03,4.496294260025024414e-02,-7.430916279554367065e-02,-2.288526743650436401e-01,2.343877702951431274e-01,2.532307058572769165e-02,1.501513421535491943e-01,-3.121227957308292389e-02,5.966301634907722473e-02,-2.329908460378646851e-01,4.702281951904296875e-02,1.368308663368225098e-01,7.860565558075904846e-03,-2.658898830413818359e-01,7.478988915681838989e-02,2.104067355394363403e-01,-2.518488168716430664e-01,-5.808504763990640640e-03,1.588497757911682129e-01,-1.340138725936412811e-02,1.685733497142791748e-01,1.910733878612518311e-01,-8.808543533086776733e-02,-1.691259443759918213e-02,-1.044684275984764099e-01,-3.013463318347930908e-02,5.848594382405281067e-02,5.637072771787643433e-02,1.941067725419998169e-01,-8.019870519638061523e-02,1.806088835000991821e-01,1.370152365416288376e-02,-1.245509013533592224e-01,9.055167320184409618e-04,1.738536506891250610e-01,-5.535912141203880310e-02,2.174625359475612640e-02,-6.212962418794631958e-02,2.409938126802444458e-01,2.347756177186965942e-02,-2.647292315959930420e-01,-6.214933469891548157e-02,1.702668517827987671e-01,2.028136551380157471e-01,2.497035451233386993e-02,3.253745287656784058e-02,-2.134568244218826294e-01,5.642251297831535339e-02,2.044240981340408325e-01,-5.300459638237953186e-02,-2.539529800415039062e-01,2.222719192504882812e-01,-9.341374039649963379e-02,-1.010732725262641907e-01,2.601221501827239990e-01,-6.164076179265975952e-02,-1.682325154542922974e-01,-1.984358280897140503e-01,-2.094836086034774780e-01,6.794037669897079468e-02,2.208820730447769165e-01,9.409081935882568359e-02,3.098122542724013329e-03,-7.723838090896606445e-02
