9.999980330467224121e-01,-9.999977946281433105e-01,-9.999883770942687988e-01,9.999983310699462891e-01,9.999987483024597168e-01,-9.999983906745910645e-01,-9.999822378158569336e-01,9.999988675117492676e-01,-9.999967813491821289e-01,9.999959468841552734e-01,-9.999868869781494141e-01,-9.999986290931701660e-01,9.999982714653015137e-01,9.999966025352478027e-01,9.999283552169799805e-01,9.999977946281433105e-01,9.999976754188537598e-01,-9.999966025352478027e-01,-9.998587965965270996e-01,-9.999988675117492676e-01,-9.999986886978149414e-01,9.999858140945434570e-01,9.999963045120239258e-01,9.999981522560119629e-01,-9.998279809951782227e-01,9.999988675117492676e-01,-9.999982118606567383e-01,-9.999988079071044922e-01,9.999882578849792480e-01,-9.999927282333374023e-01,-9.999977946281433105e-01,-9.999985098838806152e-01,9.999971389770507812e-01,9.999978542327880859e-01,-9.999971389770507812e-01,-9.999956488609313965e-01,9.999988079071044922e-01,9.999986886978149414e-01,9.999924898147583008e-01,-9.999985694885253906e-01,9.999983310699462891e-01,-9.999973177909851074e-01,9.999583959579467773e-01,9.999983906745910645e-01,9.999962449073791504e-01,9.999974370002746582e-01,9.999951124191284180e-01,9.999954700469970703e-01,9.999986886978149414e-01,-9.999983310699462891e-01,-9.999985694885253906e-01,-9.999966621398925781e-01,-9.999983310699462891e-01,-9.999857544898986816e-01,-9.999963641166687012e-01,-9.999970197677612305e-01,-9.999977946281433105e-01,9.998233318328857422e-01,9.999971985816955566e-01,9.999966025352478027e-01,-9.999937415122985840e-01,9.999986886978149414e-01,9.999983310699462891e-01,9.999947547912597656e-01,-9.999415874481201172e-01,-9.999986290931701660e-01,-9.999986886978149414e-01,-9.999904036521911621e-01,-9.999976754188537598e-01,9.999988079071044922e-01,-9.999985098838806152e-01,9.999970197677612305e-01,9.999961256980895996e-01,-9.999880194664001465e-01,9.999371767044067383e-01,-9.999975562095642090e-01,9.999825954437255859e-01,9.999976158142089844e-01,-9.999904632568359375e-01,-9.999976754188537598e-01,9.999735355377197266e-01,9.999977350234985352e-01,-9.999985694885253906e-01,-9.999606013298034668e-01,-9.999983310699462891e-01,-9.999874234199523926e-01,9.999921321868896484e-01,9.999983310699462891e-01,-9.999840855598449707e-01,9.999982714653015137e-01,-9.999982714653015137e-01,9.999981522560119629e-01,-9.999550580978393555e-01,-9.999983310699462891e-01,9.999984502792358398e-01,-9.999973773956298828e-01,9.999725818634033203e-01,9.999986886978149414e-01,-9.999986290931701660e-01,9.999945759773254395e-01,-9.999976754188537598e-01,9.999984502792358398e-01,-9.999924302101135254e-01,-9.999627470970153809e-01,9.999980330467224121e-01,9.999810457229614258e-01,9.999877810478210449e-01,-9.999968409538269043e-01,-9.999943375587463379e-01,9.999983310699462891e-01,-9.999967813491821289e-01,9.999981522560119629e-01,-9.999979138374328613e-01,-9.999939799308776855e-01,9.999988675117492676e-01,-9.999982118606567383e-01,9.999982714653015137e-01,-9.999985098838806152e-01,9.999603033065795898e-01,-9.999971389770507812e-01,-9.999986290931701660e-01,9.999952912330627441e-01,9.999983310699462891e-01,-9.999976158142089844e-01,9.999897480010986328e-01,-9.999963045120239258e-01,-9.999855756759643555e-01,-9.999977946281433105e-01
-9.999977946281433105e-01,9.999976158142089844e-01,9.999874234199523926e-01,-9.999982118606567383e-01,-9.999985694885253906e-01,9.999982118606567383e-01,9.999808073043823242e-01,-9.999986886978149414e-01,9.999964833259582520e-01,-9.999955892562866211e-01,9.999858140945434570e-01,9.999985098838806152e-01,-9.999981522560119629e-01,-9.999963641166687012e-01,-9.999224543571472168e-01,-9.999974370002746582e-01,-9.999974966049194336e-01,9.999962449073791504e-01,9.998471736907958984e-01,9.999988079071044922e-01,9.999986290931701660e-01,-9.999846816062927246e-01,-9.999960064888000488e-01,-9.999980330467224121e-01,9.998139739036560059e-01,-9.999987483024597168e-01,9.999979138374328613e-01,9.999986886978149414e-01,-9.999873042106628418e-01,9.999920129776000977e-01,9.999976158142089844e-01,9.999983906745910645e-01,-9.999967813491821289e-01,-9.999976158142089844e-01,9.999969005584716797e-01,9.999952912330627441e-01,-9.999987483024597168e-01,-9.999984502792358398e-01,-9.999917745590209961e-01,9.999984502792358398e-01,-9.999981522560119629e-01,9.999970197677612305e-01,-9.999550580978393555e-01,-9.999983906745910645e-01,-9.999958872795104980e-01,-9.999970793724060059e-01,-9.999945759773254395e-01,-9.999949932098388672e-01,-9.999985098838806152e-01,9.999982118606567383e-01,9.999983310699462891e-01,9.999964237213134766e-01,9.999982118606567383e-01,9.999845027923583984e-01,9.999959468841552734e-01,9.999966621398925781e-01,9.999976158142089844e-01,-9.998089075088500977e-01,-9.999968409538269043e-01,-9.999963641166687012e-01,9.999931454658508301e-01,-9.999985694885253906e-01,-9.999980926513671875e-01,-9.999942779541015625e-01,9.999368190765380859e-01,9.999985098838806152e-01,9.999986290931701660e-01,9.999895691871643066e-01,9.999974370002746582e-01,-9.999986290931701660e-01,9.999982714653015137e-01,-9.999966621398925781e-01,-9.999958276748657227e-01,9.999870061874389648e-01,-9.999319911003112793e-01,9.999973773956298828e-01,-9.999811649322509766e-01,-9.999973177909851074e-01,9.999896287918090820e-01,9.999974966049194336e-01,-9.999712705612182617e-01,-9.999974966049194336e-01,9.999984502792358398e-01,9.999573826789855957e-01,9.999982118606567383e-01,9.999864101409912109e-01,-9.999914169311523438e-01,-9.999982118606567383e-01,9.999827742576599121e-01,-9.999979734420776367e-01,9.999980926513671875e-01,-9.999980330467224121e-01,9.999512434005737305e-01,9.999982118606567383e-01,-9.999982118606567383e-01,9.999970793724060059e-01,-9.999702572822570801e-01,-9.999985694885253906e-01,9.999983906745910645e-01,-9.999940395355224609e-01,9.999974370002746582e-01,-9.999983310699462891e-01,9.999919533729553223e-01,9.999596476554870605e-01,-9.999979138374328613e-01,-9.999794960021972656e-01,-9.999867677688598633e-01,9.999964833259582520e-01,9.999938607215881348e-01,-9.999981522560119629e-01,9.999964833259582520e-01,-9.999978542327880859e-01,9.999975562095642090e-01,9.999934434890747070e-01,-9.999988675117492676e-01,9.999980926513671875e-01,-9.999980926513671875e-01,9.999983906745910645e-01,-9.999569654464721680e-01,9.999968409538269043e-01,9.999984502792358398e-01,-9.999948143959045410e-01,-9.999980926513671875e-01,9.999973773956298828e-01,-9.999888539314270020e-01,9.999960064888000488e-01,9.999844431877136230e-01,9.999975562095642090e-01
-9.999883770942687988e-01,9.999874234199523926e-01,9.999307990074157715e-01,-9.999902844429016113e-01,-9.999926686286926270e-01,9.999904036521911621e-01,9.998946785926818848e-01,-9.999934434890747070e-01,9.999810457229614258e-01,-9.999758601188659668e-01,9.999220371246337891e-01,9.999924302101135254e-01,-9.999898672103881836e-01,-9.999803304672241211e-01,-9.995743632316589355e-01,-9.999865889549255371e-01,-9.999862909317016602e-01,9.999802112579345703e-01,9.991610050201416016e-01,9.999937415122985840e-01,9.999924302101135254e-01,-9.999155998229980469e-01,-9.999783635139465332e-01,-9.999893307685852051e-01,9.989779591560363770e-01,-9.999937415122985840e-01,9.999889731407165527e-01,9.999929070472717285e-01,-9.999305009841918945e-01,9.999566078186035156e-01,9.999874234199523926e-01,9.999918341636657715e-01,-9.999827146530151367e-01,-9.999870657920837402e-01,9.999831914901733398e-01,9.999741911888122559e-01,-9.999930262565612793e-01,-9.999918937683105469e-01,-9.999551773071289062e-01,9.999920725822448730e-01,-9.999901056289672852e-01,9.999844431877136230e-01,-9.997531175613403320e-01,-9.999911785125732422e-01,-9.999774694442749023e-01,-9.999840855598449707e-01,-9.999704360961914062e-01,-9.999726414680480957e-01,-9.999919533729553223e-01,9.999906420707702637e-01,9.999916553497314453e-01,9.999805092811584473e-01,9.999903440475463867e-01,9.999152421951293945e-01,9.999786019325256348e-01,9.999819397926330566e-01,9.999870061874389648e-01,-9.989503026008605957e-01,-9.999835491180419922e-01,-9.999802708625793457e-01,9.999622702598571777e-01,-9.999923706054687500e-01,-9.999898076057434082e-01,-9.999691247940063477e-01,9.996528625488281250e-01,9.999920129776000977e-01,9.999928474426269531e-01,9.999429583549499512e-01,9.999862313270568848e-01,-9.999928474426269531e-01,9.999905824661254883e-01,-9.999824166297912598e-01,-9.999774098396301270e-01,9.999285936355590820e-01,-9.996268749237060547e-01,9.999858140945434570e-01,-9.998967647552490234e-01,-9.999859333038330078e-01,9.999432563781738281e-01,9.999864697456359863e-01,-9.998425245285034180e-01,-9.999863505363464355e-01,9.999919533729553223e-01,9.997659921646118164e-01,9.999901652336120605e-01,9.999251365661621094e-01,-9.999530315399169922e-01,-9.999902844429016113e-01,9.999052286148071289e-01,-9.999898076057434082e-01,9.999898672103881836e-01,-9.999893307685852051e-01,9.997327923774719238e-01,9.999902248382568359e-01,-9.999908804893493652e-01,9.999841451644897461e-01,-9.998362660408020020e-01,-9.999926686286926270e-01,9.999919533729553223e-01,-9.999675154685974121e-01,9.999864101409912109e-01,-9.999908208847045898e-01,9.999556541442871094e-01,9.997786283493041992e-01,-9.999892711639404297e-01,-9.998870491981506348e-01,-9.999272823333740234e-01,9.999815821647644043e-01,9.999661445617675781e-01,-9.999901652336120605e-01,9.999809861183166504e-01,-9.999890327453613281e-01,9.999868273735046387e-01,9.999640583992004395e-01,-9.999937415122985840e-01,9.999895095825195312e-01,-9.999897480010986328e-01,9.999911785125732422e-01,-9.997637867927551270e-01,9.999833106994628906e-01,9.999920725822448730e-01,-9.999719858169555664e-01,-9.999901652336120605e-01,9.999862909317016602e-01,-9.999390244483947754e-01,9.999782443046569824e-01,9.999142289161682129e-01,9.999872446060180664e-01
9.999983310699462891e-01,-9.999982118606567383e-01,-9.999902844429016113e-01,9.999986886978149414e-01,9.999990463256835938e-01,-9.999986290931701660e-01,-9.999852776527404785e-01,9.999991059303283691e-01,-9.999973177909851074e-01,9.999965429306030273e-01,-9.999890923500061035e-01,-9.999989271163940430e-01,9.999985694885253906e-01,9.999972581863403320e-01,9.999402761459350586e-01,9.999980926513671875e-01,9.999979138374328613e-01,-9.999971985816955566e-01,-9.998822212219238281e-01,-9.999991655349731445e-01,-9.999989867210388184e-01,9.999882578849792480e-01,9.999969005584716797e-01,9.999985694885253906e-01,-9.998565912246704102e-01,9.999991655349731445e-01,-9.999985098838806152e-01,-9.999990463256835938e-01,9.999902844429016113e-01,-9.999939203262329102e-01,-9.999982118606567383e-01,-9.999988675117492676e-01,9.999975562095642090e-01,9.999981522560119629e-01,-9.999976158142089844e-01,-9.999963045120239258e-01,9.999990463256835938e-01,9.999988675117492676e-01,9.999937415122985840e-01,-9.999988079071044922e-01,9.999986886978149414e-01,-9.999977946281433105e-01,9.999653100967407227e-01,9.999987483024597168e-01,9.999969005584716797e-01,9.999977946281433105e-01,9.999959468841552734e-01,9.999961853027343750e-01,9.999989271163940430e-01,-9.999986886978149414e-01,-9.999988079071044922e-01,-9.999971985816955566e-01,-9.999986886978149414e-01,-9.999881386756896973e-01,-9.999969601631164551e-01,-9.999974370002746582e-01,-9.999981522560119629e-01,9.998526573181152344e-01,9.999977350234985352e-01,9.999972581863403320e-01,-9.999948143959045410e-01,9.999989867210388184e-01,9.999986290931701660e-01,9.999955892562866211e-01,-9.999513030052185059e-01,-9.999989271163940430e-01,-9.999989867210388184e-01,-9.999920129776000977e-01,-9.999980330467224121e-01,9.999990463256835938e-01,-9.999987483024597168e-01,9.999974966049194336e-01,9.999967813491821289e-01,-9.999899864196777344e-01,9.999476075172424316e-01,-9.999979734420776367e-01,9.999855756759643555e-01,9.999979734420776367e-01,-9.999920725822448730e-01,-9.999980926513671875e-01,9.999780058860778809e-01,9.999980330467224121e-01,-9.999989271163940430e-01,-9.999672174453735352e-01,-9.999986290931701660e-01,-9.999895095825195312e-01,9.999934434890747070e-01,9.999986290931701660e-01,-9.999868273735046387e-01,9.999985694885253906e-01,-9.999986290931701660e-01,9.999984502792358398e-01,-9.999625682830810547e-01,-9.999986290931701660e-01,9.999986886978149414e-01,-9.999977946281433105e-01,9.999771118164062500e-01,9.999989271163940430e-01,-9.999988675117492676e-01,9.999954700469970703e-01,-9.999981522560119629e-01,9.999986886978149414e-01,-9.999938011169433594e-01,-9.999690055847167969e-01,9.999984502792358398e-01,9.999842047691345215e-01,9.999898076057434082e-01,-9.999973773956298828e-01,-9.999953508377075195e-01,9.999986886978149414e-01,-9.999973773956298828e-01,9.999985098838806152e-01,-9.999982118606567383e-01,-9.999950528144836426e-01,9.999991655349731445e-01,-9.999985098838806152e-01,9.999985694885253906e-01,-9.999988079071044922e-01,9.999669194221496582e-01,-9.999976754188537598e-01,-9.999988675117492676e-01,9.999961256980895996e-01,9.999986290931701660e-01,-9.999980330467224121e-01,9.999914765357971191e-01,-9.999969005584716797e-01,-9.999880790710449219e-01,-9.999982118606567383e-01
9.999987483024597168e-01,-9.999985694885253906e-01,-9.999926686286926270e-01,9.999990463256835938e-01,9.999992847442626953e-01,-9.999989271163940430e-01,-9.999888539314270020e-01,9.999993443489074707e-01,-9.999979734420776367e-01,9.999974370002746582e-01,-9.999917149543762207e-01,-9.999992251396179199e-01,9.999989271163940430e-01,9.999978542327880859e-01,9.999548196792602539e-01,9.999985694885253906e-01,9.999985098838806152e-01,-9.999978542327880859e-01,-9.999108910560607910e-01,-9.999994039535522461e-01,-9.999992251396179199e-01,9.999910593032836914e-01,9.999976754188537598e-01,9.999988675117492676e-01,-9.998914599418640137e-01,9.999993443489074707e-01,-9.999988079071044922e-01,-9.999992847442626953e-01,9.999926686286926270e-01,-9.999954104423522949e-01,-9.999986290931701660e-01,-9.999991655349731445e-01,9.999981522560119629e-01,9.999986886978149414e-01,-9.999982118606567383e-01,-9.999973177909851074e-01,9.999992847442626953e-01,9.999991655349731445e-01,9.999952316284179688e-01,-9.999992251396179199e-01,9.999989867210388184e-01,-9.999983310699462891e-01,9.999738931655883789e-01,9.999991059303283691e-01,9.999976158142089844e-01,9.999983906745910645e-01,9.999967813491821289e-01,9.999971389770507812e-01,9.999992847442626953e-01,-9.999990463256835938e-01,-9.999992251396179199e-01,-9.999979138374328613e-01,-9.999990463256835938e-01,-9.999909996986389160e-01,-9.999976158142089844e-01,-9.999980330467224121e-01,-9.999986290931701660e-01,9.998884797096252441e-01,9.999982118606567383e-01,9.999978542327880859e-01,-9.999960064888000488e-01,9.999992251396179199e-01,9.999989867210388184e-01,9.999966621398925781e-01,-9.999631643295288086e-01,-9.999992847442626953e-01,-9.999991655349731445e-01,-9.999938607215881348e-01,-9.999985098838806152e-01,9.999992251396179199e-01,-9.999989867210388184e-01,9.999980926513671875e-01,9.999975562095642090e-01,-9.999924302101135254e-01,9.999603629112243652e-01,-9.999984502792358398e-01,9.999890923500061035e-01,9.999985098838806152e-01,-9.999939799308776855e-01,-9.999984502792358398e-01,9.999833106994628906e-01,9.999985098838806152e-01,-9.999991655349731445e-01,-9.999752044677734375e-01,-9.999989271163940430e-01,-9.999920725822448730e-01,9.999950528144836426e-01,9.999989271163940430e-01,-9.999899864196777344e-01,9.999989271163940430e-01,-9.999989867210388184e-01,9.999988675117492676e-01,-9.999716877937316895e-01,-9.999989867210388184e-01,9.999990463256835938e-01,-9.999982714653015137e-01,9.999827146530151367e-01,9.999991655349731445e-01,-9.999991655349731445e-01,9.999964237213134766e-01,-9.999985098838806152e-01,9.999990463256835938e-01,-9.999952912330627441e-01,-9.999765157699584961e-01,9.999987483024597168e-01,9.999880194664001465e-01,9.999924302101135254e-01,-9.999981522560119629e-01,-9.999964833259582520e-01,9.999989271163940430e-01,-9.999980330467224121e-01,9.999988079071044922e-01,-9.999986886978149414e-01,-9.999961256980895996e-01,9.999993443489074707e-01,-9.999988675117492676e-01,9.999989271163940430e-01,-9.999991059303283691e-01,9.999749660491943359e-01,-9.999982118606567383e-01,-9.999991655349731445e-01,9.999969601631164551e-01,9.999989271163940430e-01,-9.999985098838806152e-01,9.999935626983642578e-01,-9.999976754188537598e-01,-9.999909400939941406e-01,-9.999986290931701660e-01
-9.999983906745910645e-01,9.999982118606567383e-01,9.999904036521911621e-01,-9.999986290931701660e-01,-9.999989271163940430e-01,9.999986290931701660e-01,9.999853968620300293e-01,-9.999991059303283691e-01,9.999973177909851074e-01,-9.999966025352478027e-01,9.999892115592956543e-01,9.999988675117492676e-01,-9.999985694885253906e-01,-9.999971985816955566e-01,-9.999408125877380371e-01,-9.999980926513671875e-01,-9.999980926513671875e-01,9.999971985816955566e-01,9.998834729194641113e-01,9.999991059303283691e-01,9.999989271163940430e-01,-9.999881982803344727e-01,-9.999969601631164551e-01,-9.999985098838806152e-01,9.998581409454345703e-01,-9.999991059303283691e-01,9.999984502792358398e-01,9.999990463256835938e-01,-9.999902844429016113e-01,9.999939799308776855e-01,9.999980926513671875e-01,9.999988079071044922e-01,-9.999975562095642090e-01,-9.999981522560119629e-01,9.999976158142089844e-01,9.999963641166687012e-01,-9.999991059303283691e-01,-9.999989271163940430e-01,-9.999938011169433594e-01,9.999988079071044922e-01,-9.999986290931701660e-01,9.999977946281433105e-01,-9.999657273292541504e-01,-9.999987483024597168e-01,-9.999968409538269043e-01,-9.999977350234985352e-01,-9.999959468841552734e-01,-9.999961256980895996e-01,-9.999988675117492676e-01,9.999986886978149414e-01,9.999988079071044922e-01,9.999972581863403320e-01,9.999986290931701660e-01,9.999882578849792480e-01,9.999969601631164551e-01,9.999974370002746582e-01,9.999981522560119629e-01,-9.998542666435241699e-01,-9.999976754188537598e-01,-9.999971985816955566e-01,9.999947547912597656e-01,-9.999989271163940430e-01,-9.999985694885253906e-01,-9.999956488609313965e-01,9.999518394470214844e-01,9.999988675117492676e-01,9.999990463256835938e-01,9.999920129776000977e-01,9.999980330467224121e-01,-9.999989271163940430e-01,9.999986886978149414e-01,-9.999974966049194336e-01,-9.999968409538269043e-01,9.999900460243225098e-01,-9.999480843544006348e-01,9.999979734420776367e-01,-9.999856948852539062e-01,-9.999980330467224121e-01,9.999921321868896484e-01,9.999980926513671875e-01,-9.999781847000122070e-01,-9.999980926513671875e-01,9.999988079071044922e-01,9.999675154685974121e-01,9.999986290931701660e-01,9.999895691871643066e-01,-9.999935030937194824e-01,-9.999986886978149414e-01,9.999868869781494141e-01,-9.999984502792358398e-01,9.999986290931701660e-01,-9.999985098838806152e-01,9.999629259109497070e-01,9.999986290931701660e-01,-9.999986886978149414e-01,9.999977350234985352e-01,-9.999772906303405762e-01,-9.999989271163940430e-01,9.999988675117492676e-01,-9.999954104423522949e-01,9.999980926513671875e-01,-9.999986886978149414e-01,9.999938607215881348e-01,9.999691843986511230e-01,-9.999985098838806152e-01,-9.999843835830688477e-01,-9.999899268150329590e-01,9.999974370002746582e-01,9.999954104423522949e-01,-9.999985098838806152e-01,9.999973177909851074e-01,-9.999984502792358398e-01,9.999981522560119629e-01,9.999949932098388672e-01,-9.999991655349731445e-01,9.999984502792358398e-01,-9.999985098838806152e-01,9.999987483024597168e-01,-9.999672174453735352e-01,9.999976754188537598e-01,9.999988675117492676e-01,-9.999960660934448242e-01,-9.999986290931701660e-01,9.999980926513671875e-01,-9.999914765357971191e-01,9.999969601631164551e-01,9.999881386756896973e-01,9.999982118606567383e-01
-9.999822378158569336e-01,9.999808073043823242e-01,9.998946785926818848e-01,-9.999852776527404785e-01,-9.999888539314270020e-01,9.999853968620300293e-01,9.998398423194885254e-01,-9.999899268150329590e-01,9.999711513519287109e-01,-9.999630451202392578e-01,9.998814463615417480e-01,9.999884366989135742e-01,-9.999845027923583984e-01,-9.999700188636779785e-01,-9.993528723716735840e-01,-9.999796152114868164e-01,-9.999790787696838379e-01,9.999699592590332031e-01,9.987248182296752930e-01,9.999905824661254883e-01,9.999884963035583496e-01,-9.998716115951538086e-01,-9.999669790267944336e-01,-9.999836087226867676e-01,9.984467625617980957e-01,-9.999905228614807129e-01,9.999830722808837891e-01,9.999892115592956543e-01,-9.998942613601684570e-01,9.999340176582336426e-01,9.999807476997375488e-01,9.999875426292419434e-01,-9.999737143516540527e-01,-9.999801516532897949e-01,9.999744892120361328e-01,9.999604821205139160e-01,-9.999894499778747559e-01,-9.999875426292419434e-01,-9.999318718910217285e-01,9.999878406524658203e-01,-9.999849796295166016e-01,9.999763369560241699e-01,-9.996243715286254883e-01,-9.999865889549255371e-01,-9.999656081199645996e-01,-9.999757409095764160e-01,-9.999548196792602539e-01,-9.999581575393676758e-01,-9.999877810478210449e-01,9.999859333038330078e-01,9.999872446060180664e-01,9.999703168869018555e-01,9.999852180480957031e-01,9.998711347579956055e-01,9.999673366546630859e-01,9.999724626541137695e-01,9.999802708625793457e-01,-9.984046220779418945e-01,-9.999749660491943359e-01,-9.999698400497436523e-01,9.999426603317260742e-01,-9.999883770942687988e-01,-9.999843835830688477e-01,-9.999528527259826660e-01,9.994723200798034668e-01,9.999877810478210449e-01,9.999890327453613281e-01,9.999132156372070312e-01,9.999789595603942871e-01,-9.999892115592956543e-01,9.999856948852539062e-01,-9.999731779098510742e-01,-9.999655485153198242e-01,9.998914599418640137e-01,-9.994326829910278320e-01,9.999784231185913086e-01,-9.998430609703063965e-01,-9.999785423278808594e-01,9.999136924743652344e-01,9.999793171882629395e-01,-9.997605681419372559e-01,-9.999791979789733887e-01,9.999877810478210449e-01,9.996441006660461426e-01,9.999850392341613770e-01,9.998860359191894531e-01,-9.999285340309143066e-01,-9.999852180480957031e-01,9.998558759689331055e-01,-9.999844431877136230e-01,9.999844431877136230e-01,-9.999837279319763184e-01,9.995936751365661621e-01,9.999850392341613770e-01,-9.999859929084777832e-01,9.999758601188659668e-01,-9.997509717941284180e-01,-9.999889731407165527e-01,9.999875426292419434e-01,-9.999505281448364258e-01,9.999792575836181641e-01,-9.999859929084777832e-01,9.999324679374694824e-01,9.996632933616638184e-01,-9.999836087226867676e-01,-9.998283386230468750e-01,-9.998893141746520996e-01,9.999720454216003418e-01,9.999485611915588379e-01,-9.999849200248718262e-01,9.999710917472839355e-01,-9.999833703041076660e-01,9.999800324440002441e-01,9.999452829360961914e-01,-9.999905228614807129e-01,9.999841451644897461e-01,-9.999845027923583984e-01,9.999865889549255371e-01,-9.996407628059387207e-01,9.999746084213256836e-01,9.999878406524658203e-01,-9.999573230743408203e-01,-9.999850392341613770e-01,9.999790787696838379e-01,-9.999071955680847168e-01,9.999668002128601074e-01,9.998695850372314453e-01,9.999805092811584473e-01
9.999988675117492676e-01,-9.999986886978149414e-01,-9.999934434890747070e-01,9.999991059303283691e-01,9.999993443489074707e-01,-9.999991059303283691e-01,-9.999899268150329590e-01,9.999994039535522461e-01,-9.999981522560119629e-01,9.999976754188537598e-01,-9.999926090240478516e-01,-9.999993443489074707e-01,9.999991059303283691e-01,9.999980926513671875e-01,9.999595284461975098e-01,9.999986886978149414e-01,9.999986290931701660e-01,-9.999979734420776367e-01,-9.999202489852905273e-01,-9.999993443489074707e-01,-9.999993443489074707e-01,9.999919533729553223e-01,9.999979138374328613e-01,9.999989867210388184e-01,-9.999029040336608887e-01,9.999993443489074707e-01,-9.999989271163940430e-01,-9.999992847442626953e-01,9.999933242797851562e-01,-9.999958872795104980e-01,-9.999986886978149414e-01,-9.999992847442626953e-01,9.999983310699462891e-01,9.999987483024597168e-01,-9.999983906745910645e-01,-9.999974966049194336e-01,9.999992847442626953e-01,9.999992251396179199e-01,9.999957084655761719e-01,-9.999992847442626953e-01,9.999991059303283691e-01,-9.999985098838806152e-01,9.999765753746032715e-01,9.999991059303283691e-01,9.999978542327880859e-01,9.999985694885253906e-01,9.999971389770507812e-01,9.999974370002746582e-01,9.999993443489074707e-01,-9.999990463256835938e-01,-9.999992251396179199e-01,-9.999980926513671875e-01,-9.999991059303283691e-01,-9.999918937683105469e-01,-9.999978542327880859e-01,-9.999982714653015137e-01,-9.999986886978149414e-01,9.999002814292907715e-01,9.999983906745910645e-01,9.999980926513671875e-01,-9.999963641166687012e-01,9.999994039535522461e-01,9.999990463256835938e-01,9.999970197677612305e-01,-9.999669790267944336e-01,-9.999993443489074707e-01,-9.999993443489074707e-01,-9.999945163726806641e-01,-9.999986886978149414e-01,9.999993443489074707e-01,-9.999991655349731445e-01,9.999982118606567383e-01,9.999977350234985352e-01,-9.999932646751403809e-01,9.999645352363586426e-01,-9.999986290931701660e-01,9.999901652336120605e-01,9.999985694885253906e-01,-9.999946355819702148e-01,-9.999986290931701660e-01,9.999850988388061523e-01,9.999986886978149414e-01,-9.999992847442626953e-01,-9.999778270721435547e-01,-9.999991059303283691e-01,-9.999927878379821777e-01,9.999955296516418457e-01,9.999992251396179199e-01,-9.999909996986389160e-01,9.999989867210388184e-01,-9.999991655349731445e-01,9.999989867210388184e-01,-9.999746084213256836e-01,-9.999991059303283691e-01,9.999990463256835938e-01,-9.999984502792358398e-01,9.999845027923583984e-01,9.999992847442626953e-01,-9.999992847442626953e-01,9.999969005584716797e-01,-9.999986886978149414e-01,9.999991655349731445e-01,-9.999957084655761719e-01,-9.999790191650390625e-01,9.999989271163940430e-01,9.999892115592956543e-01,9.999930858612060547e-01,-9.999982118606567383e-01,-9.999967217445373535e-01,9.999991059303283691e-01,-9.999982714653015137e-01,9.999989271163940430e-01,-9.999987483024597168e-01,-9.999965429306030273e-01,9.999994635581970215e-01,-9.999989271163940430e-01,9.999989867210388184e-01,-9.999992251396179199e-01,9.999777078628540039e-01,-9.999983906745910645e-01,-9.999992847442626953e-01,9.999971985816955566e-01,9.999989867210388184e-01,-9.999986290931701660e-01,9.999941587448120117e-01,-9.999979138374328613e-01,-9.999918937683105469e-01,-9.999986886978149414e-01
-9.999967813491821289e-01,9.999964833259582520e-01,9.999810457229614258e-01,-9.999973177909851074e-01,-9.999979734420776367e-01,9.999973177909851074e-01,9.999711513519287109e-01,-9.999981522560119629e-01,9.999948143959045410e-01,-9.999933242797851562e-01,9.999785423278808594e-01,9.999979138374328613e-01,-9.999970793724060059e-01,-9.999945759773254395e-01,-9.998831748962402344e-01,-9.999962449073791504e-01,-9.999961853027343750e-01,9.999945759773254395e-01,9.997697472572326660e-01,9.999982118606567383e-01,9.999978542327880859e-01,-9.999768137931823730e-01,-9.999940395355224609e-01,-9.999969005584716797e-01,9.997193813323974609e-01,-9.999981522560119629e-01,9.999969005584716797e-01,9.999980330467224121e-01,-9.999809265136718750e-01,9.999881386756896973e-01,9.999964833259582520e-01,9.999976754188537598e-01,-9.999952316284179688e-01,-9.999963641166687012e-01,9.999954104423522949e-01,9.999929070472717285e-01,-9.999980926513671875e-01,-9.999976754188537598e-01,-9.999877214431762695e-01,9.999977350234985352e-01,-9.999973177909851074e-01,9.999957084655761719e-01,-9.999321699142456055e-01,-9.999974966049194336e-01,-9.999938011169433594e-01,-9.999956488609313965e-01,-9.999918341636657715e-01,-9.999924898147583008e-01,-9.999977946281433105e-01,9.999974370002746582e-01,9.999976754188537598e-01,9.999946355819702148e-01,9.999973177909851074e-01,9.999768137931823730e-01,9.999940991401672363e-01,9.999950528144836426e-01,9.999963641166687012e-01,-9.997117519378662109e-01,-9.999954700469970703e-01,-9.999945759773254395e-01,9.999896883964538574e-01,-9.999978542327880859e-01,-9.999971389770507812e-01,-9.999914765357971191e-01,9.999046325683593750e-01,9.999977350234985352e-01,9.999980330467224121e-01,9.999842643737792969e-01,9.999961853027343750e-01,-9.999980330467224121e-01,9.999973773956298828e-01,-9.999951720237731934e-01,-9.999938011169433594e-01,9.999804496765136719e-01,-9.998975992202758789e-01,9.999960660934448242e-01,-9.999717473983764648e-01,-9.999959468841552734e-01,9.999844431877136230e-01,9.999962449073791504e-01,-9.999566674232482910e-01,-9.999961853027343750e-01,9.999976754188537598e-01,9.999357461929321289e-01,9.999972581863403320e-01,9.999794363975524902e-01,-9.999871253967285156e-01,-9.999973773956298828e-01,9.999740719795227051e-01,-9.999971389770507812e-01,9.999971389770507812e-01,-9.999969601631164551e-01,9.999266862869262695e-01,9.999972581863403320e-01,-9.999974370002746582e-01,9.999956488609313965e-01,-9.999550580978393555e-01,-9.999978542327880859e-01,9.999977350234985352e-01,-9.999910593032836914e-01,9.999961853027343750e-01,-9.999974370002746582e-01,9.999878406524658203e-01,9.999391436576843262e-01,-9.999969005584716797e-01,-9.999690651893615723e-01,-9.999800324440002441e-01,9.999949336051940918e-01,9.999907612800598145e-01,-9.999972581863403320e-01,9.999947547912597656e-01,-9.999969601631164551e-01,9.999964237213134766e-01,9.999901652336120605e-01,-9.999982714653015137e-01,9.999970793724060059e-01,-9.999971389770507812e-01,9.999975562095642090e-01,-9.999351501464843750e-01,9.999954104423522949e-01,9.999977350234985352e-01,-9.999923110008239746e-01,-9.999972581863403320e-01,9.999961853027343750e-01,-9.999832510948181152e-01,9.999940991401672363e-01,9.999765157699584961e-01,9.999964237213134766e-01
9.999959468841552734e-01,-9.999955892562866211e-01,-9.999758601188659668e-01,9.999965429306030273e-01,9.999974370002746582e-01,-9.999966025352478027e-01,-9.999630451202392578e-01,9.999976754188537598e-01,-9.999933242797851562e-01,9.999915361404418945e-01,-9.999728202819824219e-01,-9.999973177909851074e-01,9.999963641166687012e-01,9.999930858612060547e-01,9.998507499694824219e-01,9.999952912330627441e-01,9.999951720237731934e-01,-9.999930858612060547e-01,-9.997056126594543457e-01,-9.999977946281433105e-01,-9.999973773956298828e-01,9.999704360961914062e-01,9.999924302101135254e-01,9.999961853027343750e-01,-9.996414184570312500e-01,9.999977946281433105e-01,-9.999961256980895996e-01,-9.999975562095642090e-01,9.999756813049316406e-01,-9.999848008155822754e-01,-9.999955892562866211e-01,-9.999970793724060059e-01,9.999939203262329102e-01,9.999954700469970703e-01,-9.999942183494567871e-01,-9.999909996986389160e-01,9.999975562095642090e-01,9.999971389770507812e-01,9.999843239784240723e-01,-9.999971985816955566e-01,9.999966025352478027e-01,-9.999946355819702148e-01,9.999134540557861328e-01,9.999968409538269043e-01,9.999920725822448730e-01,9.999945163726806641e-01,9.999896883964538574e-01,9.999904632568359375e-01,9.999971985816955566e-01,-9.999967217445373535e-01,-9.999970197677612305e-01,-9.999931454658508301e-01,-9.999965429306030273e-01,-9.999703168869018555e-01,-9.999924898147583008e-01,-9.999936223030090332e-01,-9.999954700469970703e-01,9.996317028999328613e-01,9.999942183494567871e-01,9.999931454658508301e-01,-9.999868273735046387e-01,9.999973773956298828e-01,9.999963641166687012e-01,9.999891519546508789e-01,-9.998782873153686523e-01,-9.999971985816955566e-01,-9.999973773956298828e-01,-9.999800324440002441e-01,-9.999951124191284180e-01,9.999974966049194336e-01,-9.999967217445373535e-01,9.999938607215881348e-01,9.999921917915344238e-01,-9.999750256538391113e-01,9.998691082000732422e-01,-9.999951124191284180e-01,9.999638199806213379e-01,9.999950528144836426e-01,-9.999801516532897949e-01,-9.999952316284179688e-01,9.999447464942932129e-01,9.999952316284179688e-01,-9.999971389770507812e-01,-9.999179244041442871e-01,-9.999964833259582520e-01,-9.999737739562988281e-01,9.999835491180419922e-01,9.999966621398925781e-01,-9.999667406082153320e-01,9.999963641166687012e-01,-9.999963641166687012e-01,9.999961853027343750e-01,-9.999063611030578613e-01,-9.999964833259582520e-01,9.999967217445373535e-01,-9.999945163726806641e-01,9.999426603317260742e-01,9.999974370002746582e-01,-9.999971389770507812e-01,9.999885559082031250e-01,-9.999952912330627441e-01,9.999967217445373535e-01,-9.999845027923583984e-01,-9.999223947525024414e-01,9.999961853027343750e-01,9.999604225158691406e-01,9.999744892120361328e-01,-9.999935626983642578e-01,-9.999881386756896973e-01,9.999964833259582520e-01,-9.999933242797851562e-01,9.999961256980895996e-01,-9.999955296516418457e-01,-9.999874830245971680e-01,9.999977946281433105e-01,-9.999963045120239258e-01,9.999963641166687012e-01,-9.999969601631164551e-01,9.999172091484069824e-01,-9.999941587448120117e-01,-9.999971389770507812e-01,9.999901652336120605e-01,9.999965429306030273e-01,-9.999951720237731934e-01,9.999786019325256348e-01,-9.999923706054687500e-01,-9.999699592590332031e-01,-9.999955296516418457e-01
-9.999868869781494141e-01,9.999858140945434570e-01,9.999220371246337891e-01,-9.999890923500061035e-01,-9.999917149543762207e-01,9.999892115592956543e-01,9.998814463615417480e-01,-9.999926090240478516e-01,9.999785423278808594e-01,-9.999728202819824219e-01,9.999122023582458496e-01,9.999914169311523438e-01,-9.999886155128479004e-01,-9.999778866767883301e-01,-9.995208978652954102e-01,-9.999849200248718262e-01,-9.999845623970031738e-01,9.999777674674987793e-01,9.990555644035339355e-01,9.999929666519165039e-01,9.999914765357971191e-01,-9.999048709869384766e-01,-9.999756813049316406e-01,-9.999878406524658203e-01,9.988496303558349609e-01,-9.999930262565612793e-01,9.999875426292419434e-01,9.999918937683105469e-01,-9.999217987060546875e-01,9.999511241912841797e-01,9.999858140945434570e-01,9.999908208847045898e-01,-9.999805092811584473e-01,-9.999853372573852539e-01,9.999811053276062012e-01,9.999708533287048340e-01,-9.999922513961791992e-01,-9.999907612800598145e-01,-9.999495744705200195e-01,9.999909996986389160e-01,-9.999889731407165527e-01,9.999824762344360352e-01,-9.997218847274780273e-01,-9.999901056289672852e-01,-9.999747276306152344e-01,-9.999821186065673828e-01,-9.999666213989257812e-01,-9.999692440032958984e-01,-9.999909996986389160e-01,9.999895095825195312e-01,9.999905228614807129e-01,9.999780058860778809e-01,9.999891519546508789e-01,9.999046325683593750e-01,9.999759197235107422e-01,9.999796152114868164e-01,9.999853968620300293e-01,-9.988184571266174316e-01,-9.999814629554748535e-01,-9.999777078628540039e-01,9.999575614929199219e-01,-9.999914765357971191e-01,-9.999884366989135742e-01,-9.999650716781616211e-01,9.996093511581420898e-01,9.999909996986389160e-01,9.999918937683105469e-01,9.999357461929321289e-01,9.999845027923583984e-01,-9.999919533729553223e-01,9.999893903732299805e-01,-9.999802112579345703e-01,-9.999745488166809082e-01,9.999195337295532227e-01,-9.995800256729125977e-01,9.999840259552001953e-01,-9.998837113380432129e-01,-9.999840855598449707e-01,9.999361634254455566e-01,9.999847412109375000e-01,-9.998227357864379883e-01,-9.999846220016479492e-01,9.999909400939941406e-01,9.997364878654479980e-01,9.999889135360717773e-01,9.999156594276428223e-01,-9.999470114707946777e-01,-9.999890327453613281e-01,9.998931884765625000e-01,-9.999884963035583496e-01,9.999884963035583496e-01,-9.999879598617553711e-01,9.996992349624633789e-01,9.999889135360717773e-01,-9.999896287918090820e-01,9.999821186065673828e-01,-9.998155832290649414e-01,-9.999918341636657715e-01,9.999909400939941406e-01,-9.999634623527526855e-01,9.999846816062927246e-01,-9.999896287918090820e-01,9.999499917030334473e-01,9.997508525848388672e-01,-9.999877810478210449e-01,-9.998728632926940918e-01,-9.999180436134338379e-01,9.999793171882629395e-01,9.999619722366333008e-01,-9.999889135360717773e-01,9.999786019325256348e-01,-9.999876618385314941e-01,9.999852180480957031e-01,9.999595880508422852e-01,-9.999929666519165039e-01,9.999881386756896973e-01,-9.999885559082031250e-01,9.999901056289672852e-01,-9.997340440750122070e-01,9.999812245368957520e-01,9.999909996986389160e-01,-9.999684691429138184e-01,-9.999889135360717773e-01,9.999845027923583984e-01,-9.999312758445739746e-01,9.999755620956420898e-01,9.999034404754638672e-01,9.999856352806091309e-01
-9.999986290931701660e-01,9.999985098838806152e-01,9.999924302101135254e-01,-9.999989271163940430e-01,-9.999992251396179199e-01,9.999988675117492676e-01,9.999884366989135742e-01,-9.999993443489074707e-01,9.999979138374328613e-01,-9.999973177909851074e-01,9.999914169311523438e-01,9.999992251396179199e-01,-9.999988079071044922e-01,-9.999977946281433105e-01,-9.999535083770751953e-01,-9.999985098838806152e-01,-9.999985098838806152e-01,9.999977350234985352e-01,9.999082684516906738e-01,9.999992847442626953e-01,9.999992251396179199e-01,-9.999907016754150391e-01,-9.999976158142089844e-01,-9.999988079071044922e-01,9.998883008956909180e-01,-9.999993443489074707e-01,9.999987483024597168e-01,9.999992847442626953e-01,-9.999924302101135254e-01,9.999952912330627441e-01,9.999985098838806152e-01,9.999991655349731445e-01,-9.999980926513671875e-01,-9.999985694885253906e-01,9.999981522560119629e-01,9.999971389770507812e-01,-9.999992847442626953e-01,-9.999992251396179199e-01,-9.999951124191284180e-01,9.999991655349731445e-01,-9.999989271163940430e-01,9.999982714653015137e-01,-9.999730587005615234e-01,-9.999991059303283691e-01,-9.999974966049194336e-01,-9.999983310699462891e-01,-9.999967217445373535e-01,-9.999969601631164551e-01,-9.999991655349731445e-01,9.999989271163940430e-01,9.999991059303283691e-01,9.999977946281433105e-01,9.999989271163940430e-01,9.999907612800598145e-01,9.999975562095642090e-01,9.999979734420776367e-01,9.999985694885253906e-01,-9.998852610588073730e-01,-9.999981522560119629e-01,-9.999977946281433105e-01,9.999958872795104980e-01,-9.999992847442626953e-01,-9.999988675117492676e-01,-9.999966025352478027e-01,9.999620318412780762e-01,9.999991655349731445e-01,9.999991655349731445e-01,9.999936819076538086e-01,9.999983906745910645e-01,-9.999992847442626953e-01,9.999989271163940430e-01,-9.999980330467224121e-01,-9.999974966049194336e-01,9.999921917915344238e-01,-9.999592304229736328e-01,9.999984502792358398e-01,-9.999887347221374512e-01,-9.999983310699462891e-01,9.999938011169433594e-01,9.999985098838806152e-01,-9.999828338623046875e-01,-9.999983906745910645e-01,9.999991655349731445e-01,9.999744892120361328e-01,9.999988675117492676e-01,9.999918341636657715e-01,-9.999948740005493164e-01,-9.999989271163940430e-01,9.999896883964538574e-01,-9.999988079071044922e-01,9.999988675117492676e-01,-9.999987483024597168e-01,9.999708533287048340e-01,9.999989271163940430e-01,-9.999990463256835938e-01,9.999982118606567383e-01,-9.999821186065673828e-01,-9.999991655349731445e-01,9.999991655349731445e-01,-9.999963045120239258e-01,9.999985098838806152e-01,-9.999989867210388184e-01,9.999951720237731934e-01,9.999758601188659668e-01,-9.999987483024597168e-01,-9.999877214431762695e-01,-9.999921917915344238e-01,9.999979138374328613e-01,9.999962449073791504e-01,-9.999989271163940430e-01,9.999979138374328613e-01,-9.999988079071044922e-01,9.999986290931701660e-01,9.999960064888000488e-01,-9.999993443489074707e-01,9.999988675117492676e-01,-9.999988079071044922e-01,9.999991059303283691e-01,-9.999742507934570312e-01,9.999981522560119629e-01,9.999991655349731445e-01,-9.999969005584716797e-01,-9.999989271163940430e-01,9.999983906745910645e-01,-9.999932646751403809e-01,9.999976158142089844e-01,9.999906420707702637e-01,9.999985098838806152e-01
