9.999983906745910645e-01,-9.999986886978149414e-01,-9.999907016754150391e-01,9.999982118606567383e-01,9.999989271163940430e-01,-9.999987483024597168e-01,9.999960064888000488e-01,9.999990463256835938e-01,-9.999974370002746582e-01,9.999977946281433105e-01,-9.999986886978149414e-01,-9.999988675117492676e-01,9.999980926513671875e-01,9.999984502792358398e-01,9.999850988388061523e-01,9.999971389770507812e-01,9.999976754188537598e-01,-9.999986290931701660e-01,9.999935030937194824e-01,-9.999991059303283691e-01,-9.999989867210388184e-01,9.999899268150329590e-01,9.999984502792358398e-01,9.999985098838806152e-01,9.999892711639404297e-01,9.999990463256835938e-01,-9.999984502792358398e-01,-9.999989271163940430e-01,9.999843835830688477e-01,-9.999955892562866211e-01,-9.999934434890747070e-01,-9.999984502792358398e-01,9.999915957450866699e-01,9.999969601631164551e-01,-9.999972581863403320e-01,-9.999621510505676270e-01,9.999990463256835938e-01,9.999986886978149414e-01,9.999927878379821777e-01,-9.999988675117492676e-01,9.999986886978149414e-01,-9.999960064888000488e-01,9.999758005142211914e-01,9.999988079071044922e-01,9.999981522560119629e-01,9.999982714653015137e-01,-9.999886155128479004e-01,9.999983310699462891e-01,9.999988079071044922e-01,-9.999985694885253906e-01,-9.999988079071044922e-01,-9.999980330467224121e-01,-9.999988079071044922e-01,-9.999921321868896484e-01,-9.999976158142089844e-01,-9.999981522560119629e-01,-9.999964833259582520e-01,9.998939633369445801e-01,9.999977946281433105e-01,9.999985098838806152e-01,-9.999980926513671875e-01,9.999989271163940430e-01,9.999983310699462891e-01,9.999952912330627441e-01,-9.999956488609313965e-01,-9.999988079071044922e-01,-9.999990463256835938e-01,-9.999955892562866211e-01,-9.999989271163940430e-01,9.999986886978149414e-01,-9.999988079071044922e-01,9.999980330467224121e-01,9.999953508377075195e-01,-9.999929070472717285e-01,-9.999584555625915527e-01,-9.999983906745910645e-01,9.999930262565612793e-01,9.999987483024597168e-01,-9.999937415122985840e-01,-9.999966025352478027e-01,-9.997303485870361328e-01,9.999975562095642090e-01,-9.999988079071044922e-01,9.999971985816955566e-01,-9.999982714653015137e-01,-9.999880790710449219e-01,9.999883174896240234e-01,9.999989271163940430e-01,9.999679327011108398e-01,9.999925494194030762e-01,-9.999975562095642090e-01,9.999983310699462891e-01,-9.999787211418151855e-01,-9.999979734420776367e-01,9.999983906745910645e-01,-9.999980330467224121e-01,-9.999920129776000977e-01,9.999990463256835938e-01,-9.999988079071044922e-01,9.999926686286926270e-01,-9.999969005584716797e-01,9.999988079071044922e-01,-9.999675154685974121e-01,-9.999440312385559082e-01,9.999986886978149414e-01,9.999973773956298828e-01,-9.999642968177795410e-01,-9.999980926513671875e-01,-9.999941587448120117e-01,9.999985694885253906e-01,-9.999982118606567383e-01,9.999984502792358398e-01,-9.999982714653015137e-01,-9.999800324440002441e-01,9.999990463256835938e-01,-9.999982118606567383e-01,9.999989867210388184e-01,-9.999986290931701660e-01,-9.999945759773254395e-01,-9.999980926513671875e-01,-9.999988079071044922e-01,9.999960064888000488e-01,9.999985098838806152e-01,-9.999976158142089844e-01,-9.999843239784240723e-01,-9.999955892562866211e-01,9.999902844429016113e-01,-9.999967217445373535e-01
-9.999986886978149414e-01,9.999989271163940430e-01,9.999923706054687500e-01,-9.999985694885253906e-01,-9.999991655349731445e-01,9.999989867210388184e-01,-9.999966025352478027e-01,-9.999993443489074707e-01,9.999979138374328613e-01,-9.999981522560119629e-01,9.999989271163940430e-01,9.999992251396179199e-01,-9.999983906745910645e-01,-9.999988079071044922e-01,-9.999879002571105957e-01,-9.999976754188537598e-01,-9.999980926513671875e-01,9.999989271163940430e-01,-9.999946355819702148e-01,9.999992847442626953e-01,9.999991655349731445e-01,-9.999918341636657715e-01,-9.999988079071044922e-01,-9.999988079071044922e-01,-9.999912381172180176e-01,-9.999991059303283691e-01,9.999988079071044922e-01,9.999991655349731445e-01,-9.999871253967285156e-01,9.999963641166687012e-01,9.999946355819702148e-01,9.999987483024597168e-01,-9.999930262565612793e-01,-9.999974966049194336e-01,9.999977946281433105e-01,9.999690651893615723e-01,-9.999992251396179199e-01,-9.999989271163940430e-01,-9.999942183494567871e-01,9.999991655349731445e-01,-9.999989271163940430e-01,9.999968409538269043e-01,-9.999800920486450195e-01,-9.999991059303283691e-01,-9.999985694885253906e-01,-9.999986290931701660e-01,9.999907016754150391e-01,-9.999986290931701660e-01,-9.999990463256835938e-01,9.999988675117492676e-01,9.999990463256835938e-01,9.999983906745910645e-01,9.999991059303283691e-01,9.999935626983642578e-01,9.999979734420776367e-01,9.999984502792358398e-01,9.999971389770507812e-01,-9.999132752418518066e-01,-9.999981522560119629e-01,-9.999987483024597168e-01,9.999985098838806152e-01,-9.999991655349731445e-01,-9.999986290931701660e-01,-9.999961256980895996e-01,9.999964833259582520e-01,9.999991059303283691e-01,9.999992251396179199e-01,9.999963641166687012e-01,9.999992251396179199e-01,-9.999989271163940430e-01,9.999991059303283691e-01,-9.999983906745910645e-01,-9.999962449073791504e-01,9.999942183494567871e-01,9.999660849571228027e-01,9.999986886978149414e-01,-9.999943971633911133e-01,-9.999989271163940430e-01,9.999948740005493164e-01,9.999971985816955566e-01,9.997795224189758301e-01,-9.999979734420776367e-01,9.999991059303283691e-01,-9.999977350234985352e-01,9.999985694885253906e-01,9.999902248382568359e-01,-9.999905228614807129e-01,-9.999990463256835938e-01,-9.999737739562988281e-01,-9.999938011169433594e-01,9.999979734420776367e-01,-9.999986290931701660e-01,9.999825954437255859e-01,9.999982714653015137e-01,-9.999986886978149414e-01,9.999983310699462891e-01,9.999934434890747070e-01,-9.999992251396179199e-01,9.999990463256835938e-01,-9.999939799308776855e-01,9.999974370002746582e-01,-9.999990463256835938e-01,9.999735355377197266e-01,9.999543428421020508e-01,-9.999989271163940430e-01,-9.999978542327880859e-01,9.999707937240600586e-01,9.999985694885253906e-01,9.999951720237731934e-01,-9.999988675117492676e-01,9.999986290931701660e-01,-9.999988079071044922e-01,9.999986290931701660e-01,9.999837279319763184e-01,-9.999992251396179199e-01,9.999984502792358398e-01,-9.999991655349731445e-01,9.999988079071044922e-01,9.999955892562866211e-01,9.999984502792358398e-01,9.999991059303283691e-01,-9.999968409538269043e-01,-9.999988079071044922e-01,9.999982118606567383e-01,9.999871850013732910e-01,9.999963641166687012e-01,-9.999920129776000977e-01,9.999973177909851074e-01
-9.999907016754150391e-01,9.999923706054687500e-01,9.999478459358215332e-01,-9.999901056289672852e-01,-9.999939799308776855e-01,9.999930262565612793e-01,-9.999772906303405762e-01,-9.999944567680358887e-01,9.999858140945434570e-01,-9.999875426292419434e-01,9.999921917915344238e-01,9.999939203262329102e-01,-9.999895691871643066e-01,-9.999913573265075684e-01,-9.999166727066040039e-01,-9.999843239784240723e-01,-9.999863505363464355e-01,9.999924302101135254e-01,-9.999631643295288086e-01,9.999948143959045410e-01,9.999942183494567871e-01,-9.999440312385559082e-01,-9.999915361404418945e-01,-9.999914169311523438e-01,-9.999394416809082031e-01,-9.999943971633911133e-01,9.999912977218627930e-01,9.999939799308776855e-01,-9.999126195907592773e-01,9.999753832817077637e-01,9.999628067016601562e-01,9.999915361404418945e-01,-9.999524950981140137e-01,-9.999832510948181152e-01,9.999850988388061523e-01,9.997885823249816895e-01,-9.999943971633911133e-01,-9.999923706054687500e-01,-9.999596476554870605e-01,9.999938607215881348e-01,-9.999923706054687500e-01,9.999786615371704102e-01,-9.998641610145568848e-01,-9.999935030937194824e-01,-9.999902844429016113e-01,-9.999902844429016113e-01,9.999359846115112305e-01,-9.999907612800598145e-01,-9.999932646751403809e-01,9.999920725822448730e-01,9.999930858612060547e-01,9.999888539314270020e-01,9.999934434890747070e-01,9.999558329582214355e-01,9.999870061874389648e-01,9.999896883964538574e-01,9.999805688858032227e-01,-9.994085431098937988e-01,-9.999870657920837402e-01,-9.999911785125732422e-01,9.999899864196777344e-01,-9.999940991401672363e-01,-9.999907612800598145e-01,-9.999732971191406250e-01,9.999757409095764160e-01,9.999934434890747070e-01,9.999945759773254395e-01,9.999753832817077637e-01,9.999937415122985840e-01,-9.999928474426269531e-01,9.999930262565612793e-01,-9.999892711639404297e-01,-9.999740123748779297e-01,9.999604225158691406e-01,9.997682571411132812e-01,9.999905228614807129e-01,-9.999609589576721191e-01,-9.999929666519165039e-01,9.999650716781616211e-01,9.999812841415405273e-01,9.984959959983825684e-01,-9.999868869781494141e-01,9.999935030937194824e-01,-9.999844431877136230e-01,9.999904036521911621e-01,9.999327659606933594e-01,-9.999346137046813965e-01,-9.999939799308776855e-01,-9.998208880424499512e-01,-9.999576210975646973e-01,9.999863505363464355e-01,-9.999909400939941406e-01,9.998806118965148926e-01,9.999885559082031250e-01,-9.999911189079284668e-01,9.999887943267822266e-01,9.999552965164184570e-01,-9.999943375587463379e-01,9.999932646751403809e-01,-9.999589323997497559e-01,9.999830722808837891e-01,-9.999932050704956055e-01,9.998190402984619141e-01,9.996877908706665039e-01,-9.999922513961791992e-01,-9.999852776527404785e-01,9.998002052307128906e-01,9.999895691871643066e-01,9.999667406082153320e-01,-9.999917745590209961e-01,9.999901652336120605e-01,-9.999915957450866699e-01,9.999903440475463867e-01,9.998883008956909180e-01,-9.999945759773254395e-01,9.999896287918090820e-01,-9.999939203262329102e-01,9.999918937683105469e-01,9.999700784683227539e-01,9.999895095825195312e-01,9.999934434890747070e-01,-9.999781250953674316e-01,-9.999917149543762207e-01,9.999868869781494141e-01,9.999122023582458496e-01,9.999756217002868652e-01,-9.999455213546752930e-01,9.999820590019226074e-01
9.999982118606567383e-01,-9.999985694885253906e-01,-9.999901056289672852e-01,9.999981522560119629e-01,9.999988079071044922e-01,-9.999986290931701660e-01,9.999957084655761719e-01,9.999989271163940430e-01,-9.999971985816955566e-01,9.999976158142089844e-01,-9.999985098838806152e-01,-9.999988079071044922e-01,9.999979138374328613e-01,9.999983310699462891e-01,9.999843239784240723e-01,9.999970197677612305e-01,9.999974370002746582e-01,-9.999985694885253906e-01,9.999930858612060547e-01,-9.999990463256835938e-01,-9.999988675117492676e-01,9.999894499778747559e-01,9.999983906745910645e-01,9.999983310699462891e-01,9.999886155128479004e-01,9.999988675117492676e-01,-9.999983310699462891e-01,-9.999988675117492676e-01,9.999835491180419922e-01,-9.999953508377075195e-01,-9.999931454658508301e-01,-9.999983310699462891e-01,9.999910593032836914e-01,9.999968409538269043e-01,-9.999970793724060059e-01,-9.999601840972900391e-01,9.999989271163940430e-01,9.999985098838806152e-01,9.999924302101135254e-01,-9.999988079071044922e-01,9.999985098838806152e-01,-9.999959468841552734e-01,9.999744892120361328e-01,9.999987483024597168e-01,9.999981522560119629e-01,9.999981522560119629e-01,-9.999880790710449219e-01,9.999981522560119629e-01,9.999987483024597168e-01,-9.999985098838806152e-01,-9.999986886978149414e-01,-9.999978542327880859e-01,-9.999986886978149414e-01,-9.999917149543762207e-01,-9.999974370002746582e-01,-9.999980330467224121e-01,-9.999963045120239258e-01,9.998885989189147949e-01,9.999974966049194336e-01,9.999983310699462891e-01,-9.999979734420776367e-01,9.999988079071044922e-01,9.999982118606567383e-01,9.999949932098388672e-01,-9.999954104423522949e-01,-9.999986886978149414e-01,-9.999989271163940430e-01,-9.999952912330627441e-01,-9.999988079071044922e-01,9.999985694885253906e-01,-9.999986886978149414e-01,9.999979734420776367e-01,9.999950528144836426e-01,-9.999925494194030762e-01,-9.999563694000244141e-01,-9.999982118606567383e-01,9.999925494194030762e-01,9.999985694885253906e-01,-9.999934434890747070e-01,-9.999964237213134766e-01,-9.997165799140930176e-01,9.999973773956298828e-01,-9.999987483024597168e-01,9.999969601631164551e-01,-9.999981522560119629e-01,-9.999873638153076172e-01,9.999877214431762695e-01,9.999988079071044922e-01,9.999662041664123535e-01,9.999920129776000977e-01,-9.999974370002746582e-01,9.999982714653015137e-01,-9.999775886535644531e-01,-9.999977946281433105e-01,9.999983310699462891e-01,-9.999977946281433105e-01,-9.999914765357971191e-01,9.999989271163940430e-01,-9.999986886978149414e-01,9.999923110008239746e-01,-9.999966621398925781e-01,9.999987483024597168e-01,-9.999658465385437012e-01,-9.999412894248962402e-01,9.999985098838806152e-01,9.999971985816955566e-01,-9.999623298645019531e-01,-9.999979138374328613e-01,-9.999937415122985840e-01,9.999984502792358398e-01,-9.999981522560119629e-01,9.999983906745910645e-01,-9.999982714653015137e-01,-9.999789595603942871e-01,9.999989867210388184e-01,-9.999980330467224121e-01,9.999988675117492676e-01,-9.999984502792358398e-01,-9.999943971633911133e-01,-9.999979138374328613e-01,-9.999986886978149414e-01,9.999958872795104980e-01,9.999984502792358398e-01,-9.999974370002746582e-01,-9.999834895133972168e-01,-9.999953508377075195e-01,9.999897480010986328e-01,-9.999964833259582520e-01
9.999989271163940430e-01,-9.999991655349731445e-01,-9.999939799308776855e-01,9.999988079071044922e-01,9.999993443489074707e-01,-9.999992251396179199e-01,9.999973177909851074e-01,9.999993443489074707e-01,-9.999982118606567383e-01,9.999985694885253906e-01,-9.999991655349731445e-01,-9.999993443489074707e-01,9.999988079071044922e-01,9.999989867210388184e-01,9.999904036521911621e-01,9.999980330467224121e-01,9.999983906745910645e-01,-9.999991655349731445e-01,9.999957680702209473e-01,-9.999994039535522461e-01,-9.999993443489074707e-01,9.999934434890747070e-01,9.999990463256835938e-01,9.999989867210388184e-01,9.999930262565612793e-01,9.999992847442626953e-01,-9.999989271163940430e-01,-9.999992251396179199e-01,9.999898672103881836e-01,-9.999971389770507812e-01,-9.999957680702209473e-01,-9.999989867210388184e-01,9.999945163726806641e-01,9.999979138374328613e-01,-9.999981522560119629e-01,-9.999756217002868652e-01,9.999992847442626953e-01,9.999991655349731445e-01,9.999953508377075195e-01,-9.999993443489074707e-01,9.999991655349731445e-01,-9.999974370002746582e-01,9.999843239784240723e-01,9.999992847442626953e-01,9.999988079071044922e-01,9.999988675117492676e-01,-9.999926090240478516e-01,9.999988675117492676e-01,9.999991655349731445e-01,-9.999991059303283691e-01,-9.999992251396179199e-01,-9.999986290931701660e-01,-9.999992251396179199e-01,-9.999949336051940918e-01,-9.999984502792358398e-01,-9.999987483024597168e-01,-9.999976754188537598e-01,9.999316930770874023e-01,9.999984502792358398e-01,9.999989867210388184e-01,-9.999987483024597168e-01,9.999992847442626953e-01,9.999988675117492676e-01,9.999968409538269043e-01,-9.999971389770507812e-01,-9.999992251396179199e-01,-9.999994039535522461e-01,-9.999971389770507812e-01,-9.999992847442626953e-01,9.999992251396179199e-01,-9.999993443489074707e-01,9.999987483024597168e-01,9.999969601631164551e-01,-9.999954700469970703e-01,-9.999732971191406250e-01,-9.999988675117492676e-01,9.999955296516418457e-01,9.999991655349731445e-01,-9.999959468841552734e-01,-9.999977350234985352e-01,-9.998263120651245117e-01,9.999984502792358398e-01,-9.999992251396179199e-01,9.999980926513671875e-01,-9.999988079071044922e-01,-9.999922513961791992e-01,9.999924898147583008e-01,9.999992251396179199e-01,9.999793171882629395e-01,9.999951124191284180e-01,-9.999983310699462891e-01,9.999989271163940430e-01,-9.999863505363464355e-01,-9.999986290931701660e-01,9.999989271163940430e-01,-9.999986886978149414e-01,-9.999947547912597656e-01,9.999994039535522461e-01,-9.999992847442626953e-01,9.999952316284179688e-01,-9.999980330467224121e-01,9.999993443489074707e-01,-9.999790787696838379e-01,-9.999639391899108887e-01,9.999991655349731445e-01,9.999982714653015137e-01,-9.999769330024719238e-01,-9.999986886978149414e-01,-9.999961256980895996e-01,9.999991059303283691e-01,-9.999988079071044922e-01,9.999990463256835938e-01,-9.999989271163940430e-01,-9.999871253967285156e-01,9.999993443489074707e-01,-9.999988079071044922e-01,9.999993443489074707e-01,-9.999989867210388184e-01,-9.999964237213134766e-01,-9.999988079071044922e-01,-9.999992251396179199e-01,9.999974370002746582e-01,9.999991059303283691e-01,-9.999983906745910645e-01,-9.999898672103881836e-01,-9.999969601631164551e-01,9.999937415122985840e-01,-9.999978542327880859e-01
-9.999987483024597168e-01,9.999989867210388184e-01,9.999930262565612793e-01,-9.999986290931701660e-01,-9.999992251396179199e-01,9.999991655349731445e-01,-9.999969601631164551e-01,-9.999992847442626953e-01,9.999979734420776367e-01,-9.999983310699462891e-01,9.999989867210388184e-01,9.999991655349731445e-01,-9.999985098838806152e-01,-9.999988675117492676e-01,-9.999889731407165527e-01,-9.999978542327880859e-01,-9.999981522560119629e-01,9.999990463256835938e-01,-9.999951720237731934e-01,9.999992847442626953e-01,9.999992847442626953e-01,-9.999925494194030762e-01,-9.999988079071044922e-01,-9.999988675117492676e-01,-9.999920725822448730e-01,-9.999992251396179199e-01,9.999987483024597168e-01,9.999991655349731445e-01,-9.999884366989135742e-01,9.999967217445373535e-01,9.999951124191284180e-01,9.999988079071044922e-01,-9.999937415122985840e-01,-9.999976158142089844e-01,9.999979138374328613e-01,9.999722242355346680e-01,-9.999992847442626953e-01,-9.999989867210388184e-01,-9.999946951866149902e-01,9.999992251396179199e-01,-9.999989867210388184e-01,9.999970793724060059e-01,-9.999821782112121582e-01,-9.999991655349731445e-01,-9.999986290931701660e-01,-9.999986886978149414e-01,9.999915957450866699e-01,-9.999986886978149414e-01,-9.999990463256835938e-01,9.999989271163940430e-01,9.999991059303283691e-01,9.999984502792358398e-01,9.999991059303283691e-01,9.999942183494567871e-01,9.999981522560119629e-01,9.999985694885253906e-01,9.999973177909851074e-01,-9.999222159385681152e-01,-9.999982714653015137e-01,-9.999988079071044922e-01,9.999985098838806152e-01,-9.999991655349731445e-01,-9.999986886978149414e-01,-9.999963045120239258e-01,9.999967813491821289e-01,9.999991059303283691e-01,9.999992251396179199e-01,9.999966025352478027e-01,9.999992251396179199e-01,-9.999989867210388184e-01,9.999991059303283691e-01,-9.999985694885253906e-01,-9.999965429306030273e-01,9.999948143959045410e-01,9.999695420265197754e-01,9.999986886978149414e-01,-9.999948740005493164e-01,-9.999990463256835938e-01,9.999953508377075195e-01,9.999974370002746582e-01,9.998020529747009277e-01,-9.999981522560119629e-01,9.999991655349731445e-01,-9.999978542327880859e-01,9.999986290931701660e-01,9.999911785125732422e-01,-9.999913573265075684e-01,-9.999991655349731445e-01,-9.999763965606689453e-01,-9.999943375587463379e-01,9.999980926513671875e-01,-9.999987483024597168e-01,9.999843239784240723e-01,9.999984502792358398e-01,-9.999987483024597168e-01,9.999985098838806152e-01,9.999941587448120117e-01,-9.999992847442626953e-01,9.999990463256835938e-01,-9.999945163726806641e-01,9.999976158142089844e-01,-9.999991655349731445e-01,9.999761581420898438e-01,9.999588727951049805e-01,-9.999989867210388184e-01,-9.999980330467224121e-01,9.999736547470092773e-01,9.999985098838806152e-01,9.999955892562866211e-01,-9.999989271163940430e-01,9.999986886978149414e-01,-9.999988675117492676e-01,9.999986886978149414e-01,9.999852776527404785e-01,-9.999992251396179199e-01,9.999986290931701660e-01,-9.999992251396179199e-01,9.999988675117492676e-01,9.999958872795104980e-01,9.999985098838806152e-01,9.999991655349731445e-01,-9.999970793724060059e-01,-9.999988675117492676e-01,9.999982714653015137e-01,9.999884963035583496e-01,9.999966621398925781e-01,-9.999927282333374023e-01,9.999975562095642090e-01
9.999960064888000488e-01,-9.999966025352478027e-01,-9.999772906303405762e-01,9.999957084655761719e-01,9.999973177909851074e-01,-9.999969601631164551e-01,9.999901056289672852e-01,9.999975562095642090e-01,-9.999938011169433594e-01,9.999945759773254395e-01,-9.999965429306030273e-01,-9.999973773956298828e-01,9.999954700469970703e-01,9.999961853027343750e-01,9.999636411666870117e-01,9.999931454658508301e-01,9.999940395355224609e-01,-9.999966621398925781e-01,9.999839663505554199e-01,-9.999977946281433105e-01,-9.999974370002746582e-01,9.999756217002868652e-01,9.999962449073791504e-01,9.999961853027343750e-01,9.999736547470092773e-01,9.999975562095642090e-01,-9.999961853027343750e-01,-9.999973177909851074e-01,9.999619126319885254e-01,-9.999892711639404297e-01,-9.999839067459106445e-01,-9.999963045120239258e-01,9.999793171882629395e-01,9.999926090240478516e-01,-9.999935030937194824e-01,-9.999077916145324707e-01,9.999974966049194336e-01,9.999967217445373535e-01,9.999825358390808105e-01,-9.999972581863403320e-01,9.999966025352478027e-01,-9.999906420707702637e-01,9.999407529830932617e-01,9.999971389770507812e-01,9.999957680702209473e-01,9.999957680702209473e-01,-9.999721646308898926e-01,9.999959468841552734e-01,9.999969601631164551e-01,-9.999964833259582520e-01,-9.999969601631164551e-01,-9.999951720237731934e-01,-9.999971389770507812e-01,-9.999808073043823242e-01,-9.999943375587463379e-01,-9.999954700469970703e-01,-9.999914765357971191e-01,9.997420907020568848e-01,9.999943971633911133e-01,9.999961853027343750e-01,-9.999956488609313965e-01,9.999974370002746582e-01,9.999959468841552734e-01,9.999883174896240234e-01,-9.999894499778747559e-01,-9.999970197677612305e-01,-9.999976158142089844e-01,-9.999892711639404297e-01,-9.999973177909851074e-01,9.999968409538269043e-01,-9.999970197677612305e-01,9.999952912330627441e-01,9.999886751174926758e-01,-9.999828338623046875e-01,-9.998989105224609375e-01,-9.999959468841552734e-01,9.999830722808837891e-01,9.999969005584716797e-01,-9.999847412109375000e-01,-9.999918937683105469e-01,-9.993438124656677246e-01,9.999943375587463379e-01,-9.999971389770507812e-01,9.999932646751403809e-01,-9.999958276748657227e-01,-9.999707341194152832e-01,9.999715685844421387e-01,9.999973177909851074e-01,9.999217987060546875e-01,9.999815821647644043e-01,-9.999940991401672363e-01,9.999960064888000488e-01,-9.999479055404663086e-01,-9.999949932098388672e-01,9.999960064888000488e-01,-9.999951124191284180e-01,-9.999805688858032227e-01,9.999974966049194336e-01,-9.999970197677612305e-01,9.999821186065673828e-01,-9.999925494194030762e-01,9.999970793724060059e-01,-9.999210834503173828e-01,-9.998638629913330078e-01,9.999966025352478027e-01,9.999935626983642578e-01,-9.999129176139831543e-01,-9.999954700469970703e-01,-9.999855756759643555e-01,9.999964833259582520e-01,-9.999957680702209473e-01,9.999963641166687012e-01,-9.999958872795104980e-01,-9.999512434005737305e-01,9.999974966049194336e-01,-9.999955296516418457e-01,9.999973773956298828e-01,-9.999964833259582520e-01,-9.999868869781494141e-01,-9.999954104423522949e-01,-9.999970793724060059e-01,9.999904632568359375e-01,9.999963641166687012e-01,-9.999942779541015625e-01,-9.999617934226989746e-01,-9.999893307685852051e-01,9.999762177467346191e-01,-9.999920725822448730e-01
9.999990463256835938e-01,-9.999993443489074707e-01,-9.999944567680358887e-01,9.999989271163940430e-01,9.999993443489074707e-01,-9.999992847442626953e-01,9.999975562095642090e-01,9.999994635581970215e-01,-9.999983906745910645e-01,9.999986886978149414e-01,-9.999993443489074707e-01,-9.999994039535522461e-01,9.999988079071044922e-01,9.999991059303283691e-01,9.999912381172180176e-01,9.999983310699462891e-01,9.999986290931701660e-01,-9.999992251396179199e-01,9.999961853027343750e-01,-9.999994635581970215e-01,-9.999994635581970215e-01,9.999940395355224609e-01,9.999991655349731445e-01,9.999992251396179199e-01,9.999936223030090332e-01,9.999994039535522461e-01,-9.999990463256835938e-01,-9.999993443489074707e-01,9.999907612800598145e-01,-9.999973773956298828e-01,-9.999961853027343750e-01,-9.999991655349731445e-01,9.999949932098388672e-01,9.999982118606567383e-01,-9.999983310699462891e-01,-9.999778270721435547e-01,9.999994039535522461e-01,9.999992251396179199e-01,9.999957680702209473e-01,-9.999994039535522461e-01,9.999992251396179199e-01,-9.999976754188537598e-01,9.999857544898986816e-01,9.999992847442626953e-01,9.999989867210388184e-01,9.999989271163940430e-01,-9.999932646751403809e-01,9.999991059303283691e-01,9.999992251396179199e-01,-9.999992251396179199e-01,-9.999992847442626953e-01,-9.999987483024597168e-01,-9.999993443489074707e-01,-9.999953508377075195e-01,-9.999986290931701660e-01,-9.999988675117492676e-01,-9.999978542327880859e-01,9.999378323554992676e-01,9.999986290931701660e-01,9.999991059303283691e-01,-9.999988675117492676e-01,9.999993443489074707e-01,9.999990463256835938e-01,9.999971389770507812e-01,-9.999974370002746582e-01,-9.999992847442626953e-01,-9.999994039535522461e-01,-9.999973773956298828e-01,-9.999993443489074707e-01,9.999992847442626953e-01,-9.999994039535522461e-01,9.999988675117492676e-01,9.999972581863403320e-01,-9.999958276748657227e-01,-9.999756813049316406e-01,-9.999990463256835938e-01,9.999958872795104980e-01,9.999992251396179199e-01,-9.999963045120239258e-01,-9.999979734420776367e-01,-9.998419284820556641e-01,9.999985098838806152e-01,-9.999992847442626953e-01,9.999983310699462891e-01,-9.999989867210388184e-01,-9.999929666519165039e-01,9.999931454658508301e-01,9.999994039535522461e-01,9.999811649322509766e-01,9.999956488609313965e-01,-9.999984502792358398e-01,9.999991059303283691e-01,-9.999874830245971680e-01,-9.999987483024597168e-01,9.999991059303283691e-01,-9.999988079071044922e-01,-9.999952316284179688e-01,9.999994039535522461e-01,-9.999992251396179199e-01,9.999956488609313965e-01,-9.999982118606567383e-01,9.999994039535522461e-01,-9.999809265136718750e-01,-9.999672174453735352e-01,9.999992251396179199e-01,9.999984502792358398e-01,-9.999790787696838379e-01,-9.999988675117492676e-01,-9.999964833259582520e-01,9.999991655349731445e-01,-9.999989867210388184e-01,9.999991655349731445e-01,-9.999990463256835938e-01,-9.999883174896240234e-01,9.999994635581970215e-01,-9.999988675117492676e-01,9.999994039535522461e-01,-9.999992251396179199e-01,-9.999967217445373535e-01,-9.999988079071044922e-01,-9.999992847442626953e-01,9.999976754188537598e-01,9.999991655349731445e-01,-9.999985098838806152e-01,-9.999908208847045898e-01,-9.999973177909851074e-01,9.999942779541015625e-01,-9.999980926513671875e-01
-9.999974370002746582e-01,9.999979138374328613e-01,9.999858140945434570e-01,-9.999971985816955566e-01,-9.999982118606567383e-01,9.999979734420776367e-01,-9.999938011169433594e-01,-9.999983906745910645e-01,9.999959468841552734e-01,-9.999965429306030273e-01,9.999978542327880859e-01,9.999983310699462891e-01,-9.999970793724060059e-01,-9.999976158142089844e-01,-9.999773502349853516e-01,-9.999957084655761719e-01,-9.999962449073791504e-01,9.999979138374328613e-01,-9.999899268150329590e-01,9.999985694885253906e-01,9.999983906745910645e-01,-9.999846816062927246e-01,-9.999976754188537598e-01,-9.999976158142089844e-01,-9.999835491180419922e-01,-9.999983906745910645e-01,9.999975562095642090e-01,9.999983310699462891e-01,-9.999761581420898438e-01,9.999933242797851562e-01,9.999898672103881836e-01,9.999975562095642090e-01,-9.999870657920837402e-01,-9.999952912330627441e-01,9.999958872795104980e-01,9.999423623085021973e-01,-9.999983906745910645e-01,-9.999978542327880859e-01,-9.999890327453613281e-01,9.999982714653015137e-01,-9.999979138374328613e-01,9.999940991401672363e-01,-9.999629259109497070e-01,-9.999982118606567383e-01,-9.999972581863403320e-01,-9.999973177909851074e-01,9.999825954437255859e-01,-9.999973773956298828e-01,-9.999980926513671875e-01,9.999977350234985352e-01,9.999980926513671875e-01,9.999969005584716797e-01,9.999980926513671875e-01,9.999879002571105957e-01,9.999963045120239258e-01,9.999970793724060059e-01,9.999946355819702148e-01,-9.998387694358825684e-01,-9.999963641166687012e-01,-9.999974966049194336e-01,9.999970793724060059e-01,-9.999983310699462891e-01,-9.999973773956298828e-01,-9.999926090240478516e-01,9.999932646751403809e-01,9.999980926513671875e-01,9.999983906745910645e-01,9.999932050704956055e-01,9.999982714653015137e-01,-9.999979138374328613e-01,9.999980926513671875e-01,-9.999969601631164551e-01,-9.999929070472717285e-01,9.999892115592956543e-01,9.999367594718933105e-01,9.999973773956298828e-01,-9.999892711639404297e-01,-9.999979734420776367e-01,9.999904632568359375e-01,9.999948740005493164e-01,9.995895624160766602e-01,-9.999963045120239258e-01,9.999980926513671875e-01,-9.999957084655761719e-01,9.999972581863403320e-01,9.999817013740539551e-01,-9.999821782112121582e-01,-9.999982118606567383e-01,-9.999511837959289551e-01,-9.999884963035583496e-01,9.999961256980895996e-01,-9.999974370002746582e-01,9.999673962593078613e-01,9.999967217445373535e-01,-9.999974966049194336e-01,9.999967813491821289e-01,9.999877214431762695e-01,-9.999984502792358398e-01,9.999980926513671875e-01,-9.999887943267822266e-01,9.999952316284179688e-01,-9.999980926513671875e-01,9.999505877494812012e-01,9.999148249626159668e-01,-9.999978542327880859e-01,-9.999960064888000488e-01,9.999455213546752930e-01,9.999971389770507812e-01,9.999908804893493652e-01,-9.999977350234985352e-01,9.999973177909851074e-01,-9.999976158142089844e-01,9.999973177909851074e-01,9.999696612358093262e-01,-9.999983906745910645e-01,9.999970793724060059e-01,-9.999983310699462891e-01,9.999977946281433105e-01,9.999917745590209961e-01,9.999970197677612305e-01,9.999980926513671875e-01,-9.999940395355224609e-01,-9.999976754188537598e-01,9.999964237213134766e-01,9.999760389328002930e-01,9.999932646751403809e-01,-9.999850392341613770e-01,9.999950528144836426e-01
9.999977946281433105e-01,-9.999981522560119629e-01,-9.999875426292419434e-01,9.999976158142089844e-01,9.999985694885253906e-01,-9.999983310699462891e-01,9.999945759773254395e-01,9.999986886978149414e-01,-9.999965429306030273e-01,9.999970793724060059e-01,-9.999982118606567383e-01,-9.999986290931701660e-01,9.999974966049194336e-01,9.999979734420776367e-01,9.999802112579345703e-01,9.999961853027343750e-01,9.999967813491821289e-01,-9.999981522560119629e-01,9.999913573265075684e-01,-9.999988079071044922e-01,-9.999985694885253906e-01,9.999867677688598633e-01,9.999979734420776367e-01,9.999979734420776367e-01,9.999856352806091309e-01,9.999986290931701660e-01,-9.999979734420776367e-01,-9.999985098838806152e-01,9.999791383743286133e-01,-9.999941587448120117e-01,-9.999912381172180176e-01,-9.999979138374328613e-01,9.999887347221374512e-01,9.999959468841552734e-01,-9.999963641166687012e-01,-9.999494552612304688e-01,9.999986290931701660e-01,9.999982714653015137e-01,9.999904632568359375e-01,-9.999985694885253906e-01,9.999981522560119629e-01,-9.999949932098388672e-01,9.999675750732421875e-01,9.999984502792358398e-01,9.999976754188537598e-01,9.999977350234985352e-01,-9.999847412109375000e-01,9.999977946281433105e-01,9.999983906745910645e-01,-9.999982118606567383e-01,-9.999983310699462891e-01,-9.999973177909851074e-01,-9.999984502792358398e-01,-9.999895691871643066e-01,-9.999968409538269043e-01,-9.999974966049194336e-01,-9.999953508377075195e-01,9.998586177825927734e-01,9.999970197677612305e-01,9.999979734420776367e-01,-9.999976158142089844e-01,9.999985694885253906e-01,9.999977946281433105e-01,9.999936819076538086e-01,-9.999942183494567871e-01,-9.999984502792358398e-01,-9.999986886978149414e-01,-9.999940991401672363e-01,-9.999985694885253906e-01,9.999983906745910645e-01,-9.999983310699462891e-01,9.999973773956298828e-01,9.999938011169433594e-01,-9.999906420707702637e-01,-9.999445676803588867e-01,-9.999977946281433105e-01,9.999907016754150391e-01,9.999983310699462891e-01,-9.999917745590209961e-01,-9.999955892562866211e-01,-9.996401071548461914e-01,9.999967813491821289e-01,-9.999984502792358398e-01,9.999963641166687012e-01,-9.999976754188537598e-01,-9.999840259552001953e-01,9.999845027923583984e-01,9.999985098838806152e-01,9.999571442604064941e-01,9.999899864196777344e-01,-9.999967813491821289e-01,9.999977946281433105e-01,-9.999716281890869141e-01,-9.999973177909851074e-01,9.999978542327880859e-01,-9.999973773956298828e-01,-9.999893307685852051e-01,9.999986886978149414e-01,-9.999983906745910645e-01,9.999902248382568359e-01,-9.999959468841552734e-01,9.999983310699462891e-01,-9.999567270278930664e-01,-9.999253749847412109e-01,9.999981522560119629e-01,9.999964237213134766e-01,-9.999523162841796875e-01,-9.999975562095642090e-01,-9.999920725822448730e-01,9.999980330467224121e-01,-9.999976754188537598e-01,9.999980330467224121e-01,-9.999977350234985352e-01,-9.999733567237854004e-01,9.999986886978149414e-01,-9.999974966049194336e-01,9.999986290931701660e-01,-9.999981522560119629e-01,-9.999928474426269531e-01,-9.999974966049194336e-01,-9.999984502792358398e-01,9.999948740005493164e-01,9.999980330467224121e-01,-9.999968409538269043e-01,-9.999791383743286133e-01,-9.999942183494567871e-01,9.999870061874389648e-01,-9.999957084655761719e-01
-9.999986886978149414e-01,9.999989271163940430e-01,9.999921917915344238e-01,-9.999985098838806152e-01,-9.999991655349731445e-01,9.999989867210388184e-01,-9.999965429306030273e-01,-9.999993443489074707e-01,9.999978542327880859e-01,-9.999982118606567383e-01,9.999988675117492676e-01,9.999992251396179199e-01,-9.999984502792358398e-01,-9.999987483024597168e-01,-9.999875426292419434e-01,-9.999976754188537598e-01,-9.999980330467224121e-01,9.999989271163940430e-01,-9.999945759773254395e-01,9.999993443489074707e-01,9.999992847442626953e-01,-9.999916553497314453e-01,-9.999988079071044922e-01,-9.999988079071044922e-01,-9.999909996986389160e-01,-9.999992251396179199e-01,9.999987483024597168e-01,9.999992251396179199e-01,-9.999869465827941895e-01,9.999962449073791504e-01,9.999945163726806641e-01,9.999987483024597168e-01,-9.999929070472717285e-01,-9.999974370002746582e-01,9.999977350234985352e-01,9.999684691429138184e-01,-9.999992847442626953e-01,-9.999989271163940430e-01,-9.999940395355224609e-01,9.999991059303283691e-01,-9.999989271163940430e-01,9.999967813491821289e-01,-9.999797344207763672e-01,-9.999990463256835938e-01,-9.999985098838806152e-01,-9.999986290931701660e-01,9.999905228614807129e-01,-9.999986886978149414e-01,-9.999991655349731445e-01,9.999988675117492676e-01,9.999989867210388184e-01,9.999983310699462891e-01,9.999991059303283691e-01,9.999933838844299316e-01,9.999980330467224121e-01,9.999984502792358398e-01,9.999970793724060059e-01,-9.999114274978637695e-01,-9.999981522560119629e-01,-9.999987483024597168e-01,9.999985098838806152e-01,-9.999991655349731445e-01,-9.999985694885253906e-01,-9.999960660934448242e-01,9.999964237213134766e-01,9.999990463256835938e-01,9.999992251396179199e-01,9.999962449073791504e-01,9.999991059303283691e-01,-9.999989867210388184e-01,9.999989867210388184e-01,-9.999983906745910645e-01,-9.999960660934448242e-01,9.999941587448120117e-01,9.999653100967407227e-01,9.999986290931701660e-01,-9.999942779541015625e-01,-9.999988675117492676e-01,9.999948143959045410e-01,9.999972581863403320e-01,9.997746348381042480e-01,-9.999979138374328613e-01,9.999991059303283691e-01,-9.999977350234985352e-01,9.999986290931701660e-01,9.999901056289672852e-01,-9.999902844429016113e-01,-9.999991655349731445e-01,-9.999732971191406250e-01,-9.999937415122985840e-01,9.999979138374328613e-01,-9.999986290931701660e-01,9.999822378158569336e-01,9.999983310699462891e-01,-9.999986886978149414e-01,9.999983906745910645e-01,9.999933242797851562e-01,-9.999991655349731445e-01,9.999990463256835938e-01,-9.999938607215881348e-01,9.999974370002746582e-01,-9.999991059303283691e-01,9.999729394912719727e-01,9.999533295631408691e-01,-9.999988675117492676e-01,-9.999978542327880859e-01,9.999702572822570801e-01,9.999984502792358398e-01,9.999950528144836426e-01,-9.999988079071044922e-01,9.999985098838806152e-01,-9.999988079071044922e-01,9.999986290931701660e-01,9.999833703041076660e-01,-9.999992251396179199e-01,9.999985098838806152e-01,-9.999992251396179199e-01,9.999988675117492676e-01,9.999955296516418457e-01,9.999985098838806152e-01,9.999990463256835938e-01,-9.999967813491821289e-01,-9.999987483024597168e-01,9.999980330467224121e-01,9.999869465827941895e-01,9.999963045120239258e-01,-9.999918937683105469e-01,9.999973773956298828e-01
-9.999988675117492676e-01,9.999992251396179199e-01,9.999939203262329102e-01,-9.999988079071044922e-01,-9.999993443489074707e-01,9.999991655349731445e-01,-9.999973773956298828e-01,-9.999994039535522461e-01,9.999983310699462891e-01,-9.999986290931701660e-01,9.999992251396179199e-01,9.999994039535522461e-01,-9.999986886978149414e-01,-9.999989867210388184e-01,-9.999903440475463867e-01,-9.999981522560119629e-01,-9.999984502792358398e-01,9.999991655349731445e-01,-9.999957680702209473e-01,9.999994635581970215e-01,9.999993443489074707e-01,-9.999933838844299316e-01,-9.999990463256835938e-01,-9.999990463256835938e-01,-9.999929070472717285e-01,-9.999992847442626953e-01,9.999989867210388184e-01,9.999993443489074707e-01,-9.999896883964538574e-01,9.999970793724060059e-01,9.999957084655761719e-01,9.999990463256835938e-01,-9.999945163726806641e-01,-9.999979138374328613e-01,9.999982118606567383e-01,9.999753832817077637e-01,-9.999994039535522461e-01,-9.999992251396179199e-01,-9.999953508377075195e-01,9.999992847442626953e-01,-9.999991655349731445e-01,9.999973773956298828e-01,-9.999840855598449707e-01,-9.999992847442626953e-01,-9.999988079071044922e-01,-9.999988675117492676e-01,9.999924898147583008e-01,-9.999989271163940430e-01,-9.999992847442626953e-01,9.999991059303283691e-01,9.999993443489074707e-01,9.999986290931701660e-01,9.999992847442626953e-01,9.999948143959045410e-01,9.999984502792358398e-01,9.999988079071044922e-01,9.999976754188537598e-01,-9.999307394027709961e-01,-9.999985694885253906e-01,-9.999989867210388184e-01,9.999987483024597168e-01,-9.999992847442626953e-01,-9.999989271163940430e-01,-9.999968409538269043e-01,9.999971389770507812e-01,9.999991655349731445e-01,9.999994039535522461e-01,9.999970793724060059e-01,9.999994039535522461e-01,-9.999992251396179199e-01,9.999993443489074707e-01,-9.999987483024597168e-01,-9.999969005584716797e-01,9.999953508377075195e-01,9.999728798866271973e-01,9.999988675117492676e-01,-9.999954104423522949e-01,-9.999991059303283691e-01,9.999959468841552734e-01,9.999977946281433105e-01,9.998238086700439453e-01,-9.999984502792358398e-01,9.999991655349731445e-01,-9.999981522560119629e-01,9.999988675117492676e-01,9.999922513961791992e-01,-9.999923706054687500e-01,-9.999993443489074707e-01,-9.999790787696838379e-01,-9.999950528144836426e-01,9.999983906745910645e-01,-9.999989271163940430e-01,9.999860525131225586e-01,9.999986290931701660e-01,-9.999988675117492676e-01,9.999986886978149414e-01,9.999947547912597656e-01,-9.999994635581970215e-01,9.999992847442626953e-01,-9.999951124191284180e-01,9.999978542327880859e-01,-9.999992251396179199e-01,9.999788403511047363e-01,9.999634027481079102e-01,-9.999991059303283691e-01,-9.999982714653015137e-01,9.999767541885375977e-01,9.999987483024597168e-01,9.999960660934448242e-01,-9.999991655349731445e-01,9.999988675117492676e-01,-9.999991655349731445e-01,9.999989271163940430e-01,9.999869465827941895e-01,-9.999994039535522461e-01,9.999987483024597168e-01,-9.999993443489074707e-01,9.999991059303283691e-01,9.999964833259582520e-01,9.999987483024597168e-01,9.999991655349731445e-01,-9.999973773956298828e-01,-9.999991059303283691e-01,9.999984502792358398e-01,9.999898076057434082e-01,9.999971389770507812e-01,-9.999936223030090332e-01,9.999977946281433105e-01
