9.999981522560119629e-01,-9.999985098838806152e-01,-9.999938011169433594e-01,9.999966621398925781e-01,9.999987483024597168e-01,-9.999987483024597168e-01,9.999940395355224609e-01,9.999990463256835938e-01,-9.999896287918090820e-01,9.999984502792358398e-01,-9.999986290931701660e-01,-9.999989271163940430e-01,9.999976754188537598e-01,9.999983310699462891e-01,9.999957084655761719e-01,9.999916553497314453e-01,9.999973773956298828e-01,-9.999975562095642090e-01,9.999914169311523438e-01,-9.999991655349731445e-01,-9.999988079071044922e-01,9.999942183494567871e-01,9.999986290931701660e-01,9.999966025352478027e-01,9.999895095825195312e-01,9.999988079071044922e-01,-9.999980330467224121e-01,-9.999988079071044922e-01,9.999917745590209961e-01,-9.999967217445373535e-01,-9.999893903732299805e-01,-9.999978542327880859e-01,9.999803900718688965e-01,9.999938607215881348e-01,-9.999977946281433105e-01,9.999510049819946289e-01,9.999989271163940430e-01,9.999983906745910645e-01,9.999769926071166992e-01,-9.999988675117492676e-01,9.999985098838806152e-01,9.999924302101135254e-01,9.999791383743286133e-01,9.999988675117492676e-01,9.999980330467224121e-01,9.999977946281433105e-01,-9.999931454658508301e-01,9.999987483024597168e-01,9.999985098838806152e-01,-9.999985098838806152e-01,-9.999988079071044922e-01,-9.999985694885253906e-01,-9.999986886978149414e-01,-9.999927878379821777e-01,-9.999986290931701660e-01,-9.999979734420776367e-01,9.999806284904479980e-01,9.999951124191284180e-01,9.999930858612060547e-01,9.999981522560119629e-01,-9.999983310699462891e-01,9.999988675117492676e-01,9.999982118606567383e-01,9.999954104423522949e-01,-9.999923110008239746e-01,-9.999988675117492676e-01,-9.999991655349731445e-01,-9.999948740005493164e-01,-9.999989271163940430e-01,9.999979734420776367e-01,-9.999987483024597168e-01,9.999939203262329102e-01,-9.999955296516418457e-01,-9.999935030937194824e-01,-9.999861121177673340e-01,-9.999983906745910645e-01,9.999898076057434082e-01,9.999986886978149414e-01,-9.999918937683105469e-01,-9.999948143959045410e-01,9.999928474426269531e-01,9.999974966049194336e-01,-9.999988079071044922e-01,9.999980330467224121e-01,-9.999983310699462891e-01,-9.999794363975524902e-01,-9.999620318412780762e-01,9.999989271163940430e-01,9.999926090240478516e-01,9.999922513961791992e-01,-9.999918937683105469e-01,9.999982714653015137e-01,-9.999860525131225586e-01,-9.999970197677612305e-01,9.999968409538269043e-01,-9.999979138374328613e-01,-9.999856352806091309e-01,9.999989867210388184e-01,-9.999988079071044922e-01,9.999971985816955566e-01,-9.999968409538269043e-01,9.999989271163940430e-01,9.999572038650512695e-01,9.999581575393676758e-01,9.999986290931701660e-01,9.999946951866149902e-01,-9.999794363975524902e-01,-9.999983906745910645e-01,-9.999941587448120117e-01,9.999985098838806152e-01,-9.999985694885253906e-01,9.999970197677612305e-01,-9.999979734420776367e-01,-9.998861551284790039e-01,9.999989271163940430e-01,-9.999961853027343750e-01,9.999989867210388184e-01,-9.999976754188537598e-01,-9.999952316284179688e-01,-9.999954700469970703e-01,-9.999982118606567383e-01,9.999967813491821289e-01,9.999970793724060059e-01,-9.999965429306030273e-01,-9.999908804893493652e-01,-9.999939203262329102e-01,9.995443224906921387e-01,-9.999878406524658203e-01
-9.999985098838806152e-01,9.999986290931701660e-01,9.999946355819702148e-01,-9.999970793724060059e-01,-9.999989271163940430e-01,9.999989271163940430e-01,-9.999948143959045410e-01,-9.999990463256835938e-01,9.999909400939941406e-01,-9.999985694885253906e-01,9.999988675117492676e-01,9.999990463256835938e-01,-9.999979734420776367e-01,-9.999985694885253906e-01,-9.999961853027343750e-01,-9.999928474426269531e-01,-9.999977350234985352e-01,9.999978542327880859e-01,-9.999925494194030762e-01,9.999992251396179199e-01,9.999990463256835938e-01,-9.999948740005493164e-01,-9.999986886978149414e-01,-9.999970197677612305e-01,-9.999909996986389160e-01,-9.999989271163940430e-01,9.999982714653015137e-01,9.999989271163940430e-01,-9.999929070472717285e-01,9.999971985816955566e-01,9.999908208847045898e-01,9.999980926513671875e-01,-9.999829530715942383e-01,-9.999946951866149902e-01,9.999980926513671875e-01,-9.999573826789855957e-01,-9.999991059303283691e-01,-9.999986886978149414e-01,-9.999800324440002441e-01,9.999989271163940430e-01,-9.999986290931701660e-01,-9.999933242797851562e-01,-9.999818801879882812e-01,-9.999991059303283691e-01,-9.999982714653015137e-01,-9.999980330467224121e-01,9.999940395355224609e-01,-9.999988079071044922e-01,-9.999986886978149414e-01,9.999986290931701660e-01,9.999989271163940430e-01,9.999988079071044922e-01,9.999988079071044922e-01,9.999937415122985840e-01,9.999988079071044922e-01,9.999981522560119629e-01,-9.999831914901733398e-01,-9.999957680702209473e-01,-9.999939799308776855e-01,-9.999983906745910645e-01,9.999985694885253906e-01,-9.999990463256835938e-01,-9.999984502792358398e-01,-9.999960064888000488e-01,9.999932646751403809e-01,9.999989867210388184e-01,9.999991655349731445e-01,9.999955296516418457e-01,9.999991059303283691e-01,-9.999982714653015137e-01,9.999988675117492676e-01,-9.999946951866149902e-01,9.999960660934448242e-01,9.999943971633911133e-01,9.999878406524658203e-01,9.999986290931701660e-01,-9.999911189079284668e-01,-9.999988675117492676e-01,9.999929070472717285e-01,9.999954700469970703e-01,-9.999937415122985840e-01,-9.999977946281433105e-01,9.999989271163940430e-01,-9.999982714653015137e-01,9.999984502792358398e-01,9.999821782112121582e-01,9.999670982360839844e-01,-9.999990463256835938e-01,-9.999935626983642578e-01,-9.999932646751403809e-01,9.999928474426269531e-01,-9.999983906745910645e-01,9.999879002571105957e-01,9.999974370002746582e-01,-9.999971389770507812e-01,9.999981522560119629e-01,9.999875426292419434e-01,-9.999992251396179199e-01,9.999988079071044922e-01,-9.999975562095642090e-01,9.999972581863403320e-01,-9.999990463256835938e-01,-9.999628663063049316e-01,-9.999635815620422363e-01,-9.999988079071044922e-01,-9.999953508377075195e-01,9.999821782112121582e-01,9.999985694885253906e-01,9.999948740005493164e-01,-9.999986290931701660e-01,9.999986886978149414e-01,-9.999974370002746582e-01,9.999982714653015137e-01,9.999012947082519531e-01,-9.999991655349731445e-01,9.999967217445373535e-01,-9.999992251396179199e-01,9.999979734420776367e-01,9.999958872795104980e-01,9.999960064888000488e-01,9.999984502792358398e-01,-9.999971985816955566e-01,-9.999974966049194336e-01,9.999969601631164551e-01,9.999920129776000977e-01,9.999947547912597656e-01,-9.996046423912048340e-01,9.999893307685852051e-01
-9.999938011169433594e-01,9.999946355819702148e-01,9.999788403511047363e-01,-9.999886155128479004e-01,-9.999959468841552734e-01,9.999955892562866211e-01,-9.999794960021972656e-01,-9.999964833259582520e-01,9.999640583992004395e-01,-9.999947547912597656e-01,9.999955892562866211e-01,9.999961256980895996e-01,-9.999920725822448730e-01,-9.999940991401672363e-01,-9.999852180480957031e-01,-9.999713301658630371e-01,-9.999911785125732422e-01,9.999913573265075684e-01,-9.999705553054809570e-01,9.999966621398925781e-01,9.999958872795104980e-01,-9.999799728393554688e-01,-9.999949932098388672e-01,-9.999884366989135742e-01,-9.999641180038452148e-01,-9.999958872795104980e-01,9.999933838844299316e-01,9.999957680702209473e-01,-9.999719262123107910e-01,9.999890327453613281e-01,9.999633431434631348e-01,9.999926686286926270e-01,-9.999325871467590332e-01,-9.999790191650390625e-01,9.999926090240478516e-01,-9.998318552970886230e-01,-9.999961256980895996e-01,-9.999946951866149902e-01,-9.999208450317382812e-01,9.999959468841552734e-01,-9.999949932098388672e-01,-9.999740123748779297e-01,-9.999280571937561035e-01,-9.999960660934448242e-01,-9.999934434890747070e-01,-9.999922513961791992e-01,9.999765157699584961e-01,-9.999953508377075195e-01,-9.999949336051940918e-01,9.999946951866149902e-01,9.999958276748657227e-01,9.999951720237731934e-01,9.999953508377075195e-01,9.999752044677734375e-01,9.999951720237731934e-01,9.999929666519165039e-01,-9.999336600303649902e-01,-9.999833106994628906e-01,-9.999762773513793945e-01,-9.999937415122985840e-01,9.999939799308776855e-01,-9.999960660934448242e-01,-9.999940395355224609e-01,-9.999843835830688477e-01,9.999736547470092773e-01,9.999960064888000488e-01,9.999965429306030273e-01,9.999824166297912598e-01,9.999963045120239258e-01,-9.999932050704956055e-01,9.999958276748657227e-01,-9.999787807464599609e-01,9.999847412109375000e-01,9.999777674674987793e-01,9.999519586563110352e-01,9.999946951866149902e-01,-9.999648928642272949e-01,-9.999955892562866211e-01,9.999721050262451172e-01,9.999821782112121582e-01,-9.999751448631286621e-01,-9.999913573265075684e-01,9.999958276748657227e-01,-9.999933242797851562e-01,9.999940395355224609e-01,9.999291896820068359e-01,9.998700022697448730e-01,-9.999962449073791504e-01,-9.999746680259704590e-01,-9.999734759330749512e-01,9.999717473983764648e-01,-9.999940991401672363e-01,9.999517798423767090e-01,9.999899864196777344e-01,-9.999890327453613281e-01,9.999927878379821777e-01,9.999507665634155273e-01,-9.999964833259582520e-01,9.999956488609313965e-01,-9.999905824661254883e-01,9.999892115592956543e-01,-9.999961853027343750e-01,-9.998532533645629883e-01,-9.998564124107360840e-01,-9.999953508377075195e-01,-9.999817013740539551e-01,9.999295473098754883e-01,9.999945163726806641e-01,9.999797344207763672e-01,-9.999948143959045410e-01,9.999948740005493164e-01,-9.999900460243225098e-01,9.999932050704956055e-01,9.996103048324584961e-01,-9.999964237213134766e-01,9.999871850013732910e-01,-9.999964237213134766e-01,9.999920725822448730e-01,9.999837279319763184e-01,9.999841451644897461e-01,9.999936819076538086e-01,-9.999888539314270020e-01,-9.999902844429016113e-01,9.999881386756896973e-01,9.999684691429138184e-01,9.999791383743286133e-01,-9.984402656555175781e-01,9.999578595161437988e-01
9.999966621398925781e-01,-9.999970793724060059e-01,-9.999886155128479004e-01,9.999938011169433594e-01,9.999977350234985352e-01,-9.999975562095642090e-01,9.999889135360717773e-01,9.999980926513671875e-01,-9.999807476997375488e-01,9.999970197677612305e-01,-9.999975562095642090e-01,-9.999978542327880859e-01,9.999957680702209473e-01,9.999967813491821289e-01,9.999920725822448730e-01,9.999845623970031738e-01,9.999952316284179688e-01,-9.999953508377075195e-01,9.999840855598449707e-01,-9.999980926513671875e-01,-9.999978542327880859e-01,9.999891519546508789e-01,9.999972581863403320e-01,9.999938011169433594e-01,9.999807476997375488e-01,9.999976754188537598e-01,-9.999963641166687012e-01,-9.999976158142089844e-01,9.999848008155822754e-01,-9.999940395355224609e-01,-9.999803900718688965e-01,-9.999960064888000488e-01,9.999637603759765625e-01,9.999886751174926758e-01,-9.999958872795104980e-01,9.999096393585205078e-01,9.999979138374328613e-01,9.999970793724060059e-01,9.999574422836303711e-01,-9.999977946281433105e-01,9.999971985816955566e-01,9.999860525131225586e-01,9.999613761901855469e-01,9.999978542327880859e-01,9.999963641166687012e-01,9.999958276748657227e-01,-9.999874234199523926e-01,9.999974966049194336e-01,9.999971389770507812e-01,-9.999970793724060059e-01,-9.999976754188537598e-01,-9.999973773956298828e-01,-9.999974370002746582e-01,-9.999865889549255371e-01,-9.999973177909851074e-01,-9.999961256980895996e-01,9.999642968177795410e-01,9.999909400939941406e-01,9.999872446060180664e-01,9.999966025352478027e-01,-9.999967217445373535e-01,9.999977946281433105e-01,9.999966621398925781e-01,9.999915957450866699e-01,-9.999858736991882324e-01,-9.999978542327880859e-01,-9.999981522560119629e-01,-9.999905228614807129e-01,-9.999979138374328613e-01,9.999963045120239258e-01,-9.999976754188537598e-01,9.999884963035583496e-01,-9.999917149543762207e-01,-9.999880790710449219e-01,-9.999742507934570312e-01,-9.999970793724060059e-01,9.999811649322509766e-01,9.999974966049194336e-01,-9.999849796295166016e-01,-9.999903440475463867e-01,9.999866485595703125e-01,9.999953508377075195e-01,-9.999977350234985352e-01,9.999963641166687012e-01,-9.999966621398925781e-01,-9.999619722366333008e-01,-9.999301433563232422e-01,9.999979138374328613e-01,9.999864101409912109e-01,9.999857544898986816e-01,-9.999848604202270508e-01,9.999967813491821289e-01,-9.999741315841674805e-01,-9.999945163726806641e-01,9.999940991401672363e-01,-9.999960660934448242e-01,-9.999735951423645020e-01,9.999980330467224121e-01,-9.999975562095642090e-01,9.999949336051940918e-01,-9.999942183494567871e-01,9.999979138374328613e-01,9.999212026596069336e-01,9.999228119850158691e-01,9.999973773956298828e-01,9.999900460243225098e-01,-9.999621510505676270e-01,-9.999970197677612305e-01,-9.999891519546508789e-01,9.999970793724060059e-01,-9.999971985816955566e-01,9.999946355819702148e-01,-9.999963045120239258e-01,-9.997906684875488281e-01,9.999979734420776367e-01,-9.999931454658508301e-01,9.999980330467224121e-01,-9.999957680702209473e-01,-9.999911785125732422e-01,-9.999914169311523438e-01,-9.999965429306030273e-01,9.999939799308776855e-01,9.999947547912597656e-01,-9.999936223030090332e-01,-9.999830722808837891e-01,-9.999887943267822266e-01,9.991620779037475586e-01,-9.999774098396301270e-01
9.999987483024597168e-01,-9.999989271163940430e-01,-9.999959468841552734e-01,9.999977350234985352e-01,9.999992251396179199e-01,-9.999991655349731445e-01,9.999960064888000488e-01,9.999993443489074707e-01,-9.999929666519165039e-01,9.999989271163940430e-01,-9.999991059303283691e-01,-9.999992847442626953e-01,9.999984502792358398e-01,9.999988079071044922e-01,9.999970793724060059e-01,9.999944567680358887e-01,9.999981522560119629e-01,-9.999982714653015137e-01,9.999941587448120117e-01,-9.999994039535522461e-01,-9.999991655349731445e-01,9.999960064888000488e-01,9.999990463256835938e-01,9.999977350234985352e-01,9.999929666519165039e-01,9.999992251396179199e-01,-9.999986886978149414e-01,-9.999991655349731445e-01,9.999945163726806641e-01,-9.999977946281433105e-01,-9.999928474426269531e-01,-9.999984502792358398e-01,9.999867081642150879e-01,9.999958872795104980e-01,-9.999985098838806152e-01,9.999671578407287598e-01,9.999992847442626953e-01,9.999989271163940430e-01,9.999845027923583984e-01,-9.999993443489074707e-01,9.999990463256835938e-01,9.999949336051940918e-01,9.999859333038330078e-01,9.999992251396179199e-01,9.999986886978149414e-01,9.999985694885253906e-01,-9.999954104423522949e-01,9.999991655349731445e-01,9.999990463256835938e-01,-9.999989867210388184e-01,-9.999992251396179199e-01,-9.999991059303283691e-01,-9.999991059303283691e-01,-9.999951720237731934e-01,-9.999991059303283691e-01,-9.999985694885253906e-01,9.999870061874389648e-01,9.999966621398925781e-01,9.999953508377075195e-01,9.999987483024597168e-01,-9.999988079071044922e-01,9.999992251396179199e-01,9.999987483024597168e-01,9.999969005584716797e-01,-9.999947547912597656e-01,-9.999992251396179199e-01,-9.999994635581970215e-01,-9.999964833259582520e-01,-9.999993443489074707e-01,9.999986290931701660e-01,-9.999992251396179199e-01,9.999958276748657227e-01,-9.999969005584716797e-01,-9.999955892562866211e-01,-9.999906420707702637e-01,-9.999989271163940430e-01,9.999931454658508301e-01,9.999991655349731445e-01,-9.999945163726806641e-01,-9.999964237213134766e-01,9.999951124191284180e-01,9.999982714653015137e-01,-9.999992847442626953e-01,9.999986886978149414e-01,-9.999988079071044922e-01,-9.999861717224121094e-01,-9.999746084213256836e-01,9.999992847442626953e-01,9.999950528144836426e-01,9.999947547912597656e-01,-9.999945759773254395e-01,9.999988079071044922e-01,-9.999906420707702637e-01,-9.999980330467224121e-01,9.999978542327880859e-01,-9.999985694885253906e-01,-9.999902844429016113e-01,9.999994039535522461e-01,-9.999991059303283691e-01,9.999981522560119629e-01,-9.999978542327880859e-01,9.999993443489074707e-01,9.999713897705078125e-01,9.999719262123107910e-01,9.999991059303283691e-01,9.999963641166687012e-01,-9.999862313270568848e-01,-9.999989271163940430e-01,-9.999960064888000488e-01,9.999989867210388184e-01,-9.999989867210388184e-01,9.999980330467224121e-01,-9.999986290931701660e-01,-9.999236464500427246e-01,9.999993443489074707e-01,-9.999974370002746582e-01,9.999994039535522461e-01,-9.999983310699462891e-01,-9.999967813491821289e-01,-9.999968409538269043e-01,-9.999988079071044922e-01,9.999978542327880859e-01,9.999980330467224121e-01,-9.999976158142089844e-01,-9.999939203262329102e-01,-9.999959468841552734e-01,9.996942877769470215e-01,-9.999917745590209961e-01
-9.999987483024597168e-01,9.999989271163940430e-01,9.999955892562866211e-01,-9.999975562095642090e-01,-9.999991655349731445e-01,9.999991059303283691e-01,-9.999957084655761719e-01,-9.999992847442626953e-01,9.999924302101135254e-01,-9.999988675117492676e-01,9.999991059303283691e-01,9.999992251396179199e-01,-9.999983310699462891e-01,-9.999988079071044922e-01,-9.999968409538269043e-01,-9.999940395355224609e-01,-9.999980926513671875e-01,9.999981522560119629e-01,-9.999938607215881348e-01,9.999993443489074707e-01,9.999992251396179199e-01,-9.999957680702209473e-01,-9.999989271163940430e-01,-9.999975562095642090e-01,-9.999924302101135254e-01,-9.999991059303283691e-01,9.999985694885253906e-01,9.999991059303283691e-01,-9.999940991401672363e-01,9.999976754188537598e-01,9.999923110008239746e-01,9.999984502792358398e-01,-9.999858140945434570e-01,-9.999955892562866211e-01,9.999984502792358398e-01,-9.999646544456481934e-01,-9.999992251396179199e-01,-9.999989271163940430e-01,-9.999833106994628906e-01,9.999992847442626953e-01,-9.999989271163940430e-01,-9.999945163726806641e-01,-9.999849796295166016e-01,-9.999992251396179199e-01,-9.999985694885253906e-01,-9.999984502792358398e-01,9.999950528144836426e-01,-9.999991059303283691e-01,-9.999989271163940430e-01,9.999989271163940430e-01,9.999992847442626953e-01,9.999990463256835938e-01,9.999990463256835938e-01,9.999948740005493164e-01,9.999989867210388184e-01,9.999984502792358398e-01,-9.999859333038330078e-01,-9.999964237213134766e-01,-9.999950528144836426e-01,-9.999986886978149414e-01,9.999986886978149414e-01,-9.999991655349731445e-01,-9.999987483024597168e-01,-9.999966621398925781e-01,9.999944567680358887e-01,9.999991655349731445e-01,9.999992847442626953e-01,9.999963641166687012e-01,9.999992847442626953e-01,-9.999985694885253906e-01,9.999991655349731445e-01,-9.999955296516418457e-01,9.999966621398925781e-01,9.999952912330627441e-01,9.999899864196777344e-01,9.999989271163940430e-01,-9.999926090240478516e-01,-9.999992251396179199e-01,9.999940991401672363e-01,9.999961853027343750e-01,-9.999947547912597656e-01,-9.999982118606567383e-01,9.999992251396179199e-01,-9.999985694885253906e-01,9.999987483024597168e-01,9.999850988388061523e-01,9.999726414680480957e-01,-9.999993443489074707e-01,-9.999945759773254395e-01,-9.999943375587463379e-01,9.999941587448120117e-01,-9.999987483024597168e-01,9.999899268150329590e-01,9.999978542327880859e-01,-9.999977350234985352e-01,9.999984502792358398e-01,9.999896287918090820e-01,-9.999992847442626953e-01,9.999991059303283691e-01,-9.999979734420776367e-01,9.999976754188537598e-01,-9.999992251396179199e-01,-9.999692440032958984e-01,-9.999697804450988770e-01,-9.999990463256835938e-01,-9.999960660934448242e-01,9.999851584434509277e-01,9.999988675117492676e-01,9.999957084655761719e-01,-9.999988675117492676e-01,9.999989271163940430e-01,-9.999979138374328613e-01,9.999985694885253906e-01,9.999178647994995117e-01,-9.999992847442626953e-01,9.999972581863403320e-01,-9.999993443489074707e-01,9.999983310699462891e-01,9.999964833259582520e-01,9.999966025352478027e-01,9.999986290931701660e-01,-9.999976754188537598e-01,-9.999979138374328613e-01,9.999974966049194336e-01,9.999933838844299316e-01,9.999955892562866211e-01,-9.996711015701293945e-01,9.999911189079284668e-01
9.999940395355224609e-01,-9.999948143959045410e-01,-9.999794960021972656e-01,9.999889135360717773e-01,9.999960064888000488e-01,-9.999957084655761719e-01,9.999800920486450195e-01,9.999966025352478027e-01,-9.999651908874511719e-01,9.999948143959045410e-01,-9.999957084655761719e-01,-9.999961853027343750e-01,9.999922513961791992e-01,9.999942779541015625e-01,9.999856948852539062e-01,9.999721050262451172e-01,9.999914169311523438e-01,-9.999916553497314453e-01,9.999714493751525879e-01,-9.999967217445373535e-01,-9.999960064888000488e-01,9.999805092811584473e-01,9.999951124191284180e-01,9.999887347221374512e-01,9.999651908874511719e-01,9.999958872795104980e-01,-9.999935626983642578e-01,-9.999958276748657227e-01,9.999728202819824219e-01,-9.999893903732299805e-01,-9.999644756317138672e-01,-9.999927878379821777e-01,9.999346733093261719e-01,9.999796152114868164e-01,-9.999928474426269531e-01,9.998372197151184082e-01,9.999963045120239258e-01,9.999948143959045410e-01,9.999232888221740723e-01,-9.999959468841552734e-01,9.999950528144836426e-01,9.999747276306152344e-01,9.999303817749023438e-01,9.999963045120239258e-01,9.999935626983642578e-01,9.999924898147583008e-01,-9.999772310256958008e-01,9.999955296516418457e-01,9.999951124191284180e-01,-9.999948740005493164e-01,-9.999958872795104980e-01,-9.999952316284179688e-01,-9.999954700469970703e-01,-9.999760389328002930e-01,-9.999952316284179688e-01,-9.999930858612060547e-01,9.999356865882873535e-01,9.999837875366210938e-01,9.999769926071166992e-01,9.999938607215881348e-01,-9.999940991401672363e-01,9.999960660934448242e-01,9.999941587448120117e-01,9.999848604202270508e-01,-9.999744296073913574e-01,-9.999960064888000488e-01,-9.999966621398925781e-01,-9.999829530715942383e-01,-9.999963045120239258e-01,9.999933838844299316e-01,-9.999958872795104980e-01,9.999794363975524902e-01,-9.999852180480957031e-01,-9.999783635139465332e-01,-9.999535083770751953e-01,-9.999948143959045410e-01,9.999659061431884766e-01,9.999957084655761719e-01,-9.999728798866271973e-01,-9.999827146530151367e-01,9.999759793281555176e-01,9.999915361404418945e-01,-9.999958872795104980e-01,9.999935626983642578e-01,-9.999940991401672363e-01,-9.999314546585083008e-01,-9.998739957809448242e-01,9.999962449073791504e-01,9.999755024909973145e-01,9.999742507934570312e-01,-9.999726414680480957e-01,9.999942183494567871e-01,-9.999532699584960938e-01,-9.999902248382568359e-01,9.999893307685852051e-01,-9.999930858612060547e-01,-9.999522566795349121e-01,9.999964833259582520e-01,-9.999957680702209473e-01,9.999908804893493652e-01,-9.999895691871643066e-01,9.999961853027343750e-01,9.998579621315002441e-01,9.998609423637390137e-01,9.999954700469970703e-01,9.999821782112121582e-01,-9.999316930770874023e-01,-9.999946951866149902e-01,-9.999803900718688965e-01,9.999949336051940918e-01,-9.999949932098388672e-01,9.999902844429016113e-01,-9.999934434890747070e-01,-9.996225237846374512e-01,9.999964833259582520e-01,-9.999876022338867188e-01,9.999964237213134766e-01,-9.999923110008239746e-01,-9.999840855598449707e-01,-9.999846816062927246e-01,-9.999938607215881348e-01,9.999890923500061035e-01,9.999904632568359375e-01,-9.999884366989135742e-01,-9.999694824218750000e-01,-9.999798536300659180e-01,9.984896779060363770e-01,-9.999591112136840820e-01
9.999990463256835938e-01,-9.999990463256835938e-01,-9.999964833259582520e-01,9.999980926513671875e-01,9.999993443489074707e-01,-9.999992847442626953e-01,9.999966025352478027e-01,9.999994635581970215e-01,-9.999941587448120117e-01,9.999991655349731445e-01,-9.999992251396179199e-01,-9.999994039535522461e-01,9.999986886978149414e-01,9.999992251396179199e-01,9.999975562095642090e-01,9.999953508377075195e-01,9.999985694885253906e-01,-9.999986290931701660e-01,9.999951720237731934e-01,-9.999994635581970215e-01,-9.999992847442626953e-01,9.999966025352478027e-01,9.999992251396179199e-01,9.999980926513671875e-01,9.999941587448120117e-01,9.999993443489074707e-01,-9.999988675117492676e-01,-9.999993443489074707e-01,9.999954104423522949e-01,-9.999982118606567383e-01,-9.999940395355224609e-01,-9.999986886978149414e-01,9.999890327453613281e-01,9.999965429306030273e-01,-9.999988079071044922e-01,9.999726414680480957e-01,9.999994039535522461e-01,9.999991655349731445e-01,9.999871253967285156e-01,-9.999993443489074707e-01,9.999992251396179199e-01,9.999957680702209473e-01,9.999883174896240234e-01,9.999993443489074707e-01,9.999989867210388184e-01,9.999986886978149414e-01,-9.999961256980895996e-01,9.999992847442626953e-01,9.999992251396179199e-01,-9.999991655349731445e-01,-9.999993443489074707e-01,-9.999992251396179199e-01,-9.999992847442626953e-01,-9.999959468841552734e-01,-9.999992251396179199e-01,-9.999988079071044922e-01,9.999890923500061035e-01,9.999972581863403320e-01,9.999960660934448242e-01,9.999989867210388184e-01,-9.999990463256835938e-01,9.999994635581970215e-01,9.999990463256835938e-01,9.999974370002746582e-01,-9.999957084655761719e-01,-9.999994635581970215e-01,-9.999994635581970215e-01,-9.999970793724060059e-01,-9.999993443489074707e-01,9.999988675117492676e-01,-9.999992847442626953e-01,9.999964833259582520e-01,-9.999973773956298828e-01,-9.999963045120239258e-01,-9.999921917915344238e-01,-9.999991655349731445e-01,9.999942779541015625e-01,9.999992847442626953e-01,-9.999954104423522949e-01,-9.999970197677612305e-01,9.999960064888000488e-01,9.999985694885253906e-01,-9.999994039535522461e-01,9.999989271163940430e-01,-9.999990463256835938e-01,-9.999884963035583496e-01,-9.999787807464599609e-01,9.999994039535522461e-01,9.999958872795104980e-01,9.999957084655761719e-01,-9.999954700469970703e-01,9.999989867210388184e-01,-9.999921321868896484e-01,-9.999983310699462891e-01,9.999981522560119629e-01,-9.999988675117492676e-01,-9.999919533729553223e-01,9.999995231628417969e-01,-9.999993443489074707e-01,9.999984502792358398e-01,-9.999982118606567383e-01,9.999994635581970215e-01,9.999760985374450684e-01,9.999766349792480469e-01,9.999992847442626953e-01,9.999969601631164551e-01,-9.999885559082031250e-01,-9.999991655349731445e-01,-9.999966621398925781e-01,9.999991655349731445e-01,-9.999992251396179199e-01,9.999983310699462891e-01,-9.999988675117492676e-01,-9.999364614486694336e-01,9.999994039535522461e-01,-9.999979138374328613e-01,9.999994635581970215e-01,-9.999986886978149414e-01,-9.999973177909851074e-01,-9.999974370002746582e-01,-9.999989271163940430e-01,9.999981522560119629e-01,9.999983906745910645e-01,-9.999980330467224121e-01,-9.999948740005493164e-01,-9.999965429306030273e-01,9.997456073760986328e-01,-9.999931454658508301e-01
-9.999896287918090820e-01,9.999909400939941406e-01,9.999640583992004395e-01,-9.999807476997375488e-01,-9.999929666519165039e-01,9.999924302101135254e-01,-9.999651908874511719e-01,-9.999941587448120117e-01,9.999390244483947754e-01,-9.999910593032836914e-01,9.999925494194030762e-01,9.999933838844299316e-01,-9.999867081642150879e-01,-9.999900460243225098e-01,-9.999749660491943359e-01,-9.999510645866394043e-01,-9.999850988388061523e-01,9.999852776527404785e-01,-9.999499320983886719e-01,9.999942779541015625e-01,9.999933242797851562e-01,-9.999660253524780273e-01,-9.999914765357971191e-01,-9.999804496765136719e-01,-9.999390840530395508e-01,-9.999930262565612793e-01,9.999887347221374512e-01,9.999926686286926270e-01,-9.999522566795349121e-01,9.999814033508300781e-01,9.999378323554992676e-01,9.999874830245971680e-01,-9.998856782913208008e-01,-9.999643564224243164e-01,9.999874830245971680e-01,-9.997148513793945312e-01,-9.999935626983642578e-01,-9.999909996986389160e-01,-9.998656511306762695e-01,9.999931454658508301e-01,-9.999914765357971191e-01,-9.999557733535766602e-01,-9.998780488967895508e-01,-9.999936223030090332e-01,-9.999886751174926758e-01,-9.999868273735046387e-01,9.999601244926452637e-01,-9.999922513961791992e-01,-9.999914169311523438e-01,9.999909996986389160e-01,9.999928474426269531e-01,9.999917745590209961e-01,9.999922513961791992e-01,9.999579191207885742e-01,9.999916553497314453e-01,9.999879002571105957e-01,-9.998873472213745117e-01,-9.999717473983764648e-01,-9.999596476554870605e-01,-9.999892711639404297e-01,9.999898672103881836e-01,-9.999933242797851562e-01,-9.999898672103881836e-01,-9.999733567237854004e-01,9.999552965164184570e-01,9.999932050704956055e-01,9.999942183494567871e-01,9.999701976776123047e-01,9.999938011169433594e-01,-9.999884366989135742e-01,9.999929070472717285e-01,-9.999639391899108887e-01,9.999740719795227051e-01,9.999622106552124023e-01,9.999185800552368164e-01,9.999908804893493652e-01,-9.999403357505798340e-01,-9.999924302101135254e-01,9.999523758888244629e-01,9.999697208404541016e-01,-9.999578595161437988e-01,-9.999852776527404785e-01,9.999929070472717285e-01,-9.999887347221374512e-01,9.999898672103881836e-01,9.998799562454223633e-01,9.997794628143310547e-01,-9.999935030937194824e-01,-9.999569654464721680e-01,-9.999549388885498047e-01,9.999520778656005859e-01,-9.999900460243225098e-01,9.999181628227233887e-01,9.999830126762390137e-01,-9.999812841415405273e-01,9.999877214431762695e-01,9.999164938926696777e-01,-9.999939203262329102e-01,9.999926686286926270e-01,-9.999839663505554199e-01,9.999817609786987305e-01,-9.999934434890747070e-01,-9.997511506080627441e-01,-9.997565150260925293e-01,-9.999920725822448730e-01,-9.999688267707824707e-01,9.998804926872253418e-01,9.999907016754150391e-01,9.999656677246093750e-01,-9.999911189079284668e-01,9.999912381172180176e-01,-9.999830126762390137e-01,9.999884963035583496e-01,9.993391633033752441e-01,-9.999939799308776855e-01,9.999783039093017578e-01,-9.999938607215881348e-01,9.999867677688598633e-01,9.999723434448242188e-01,9.999731779098510742e-01,9.999892711639404297e-01,-9.999809861183166504e-01,-9.999833703041076660e-01,9.999797344207763672e-01,9.999464750289916992e-01,9.999645948410034180e-01,-9.973573684692382812e-01,9.999285340309143066e-01
9.999984502792358398e-01,-9.999985694885253906e-01,-9.999947547912597656e-01,9.999970197677612305e-01,9.999989271163940430e-01,-9.999988675117492676e-01,9.999948143959045410e-01,9.999991655349731445e-01,-9.999910593032836914e-01,9.999985694885253906e-01,-9.999988079071044922e-01,-9.999990463256835938e-01,9.999979734420776367e-01,9.999985098838806152e-01,9.999962449073791504e-01,9.999928474426269531e-01,9.999977946281433105e-01,-9.999977946281433105e-01,9.999925494194030762e-01,-9.999992251396179199e-01,-9.999990463256835938e-01,9.999949932098388672e-01,9.999986886978149414e-01,9.999970197677612305e-01,9.999910593032836914e-01,9.999988675117492676e-01,-9.999983310699462891e-01,-9.999988675117492676e-01,9.999930262565612793e-01,-9.999971389770507812e-01,-9.999908804893493652e-01,-9.999981522560119629e-01,9.999832510948181152e-01,9.999947547912597656e-01,-9.999981522560119629e-01,9.999580383300781250e-01,9.999991059303283691e-01,9.999985694885253906e-01,9.999802112579345703e-01,-9.999989867210388184e-01,9.999986290931701660e-01,9.999934434890747070e-01,9.999821186065673828e-01,9.999989867210388184e-01,9.999983310699462891e-01,9.999980330467224121e-01,-9.999941587448120117e-01,9.999987483024597168e-01,9.999987483024597168e-01,-9.999986290931701660e-01,-9.999989271163940430e-01,-9.999987483024597168e-01,-9.999988079071044922e-01,-9.999938011169433594e-01,-9.999987483024597168e-01,-9.999982118606567383e-01,9.999834299087524414e-01,9.999957680702209473e-01,9.999940991401672363e-01,9.999983310699462891e-01,-9.999985098838806152e-01,9.999989867210388184e-01,9.999983906745910645e-01,9.999960660934448242e-01,-9.999933242797851562e-01,-9.999990463256835938e-01,-9.999991655349731445e-01,-9.999955296516418457e-01,-9.999991059303283691e-01,9.999982714653015137e-01,-9.999988675117492676e-01,9.999946951866149902e-01,-9.999960064888000488e-01,-9.999944567680358887e-01,-9.999880790710449219e-01,-9.999985694885253906e-01,9.999912381172180176e-01,9.999988675117492676e-01,-9.999930262565612793e-01,-9.999955296516418457e-01,9.999938011169433594e-01,9.999977946281433105e-01,-9.999989271163940430e-01,9.999983310699462891e-01,-9.999985098838806152e-01,-9.999823570251464844e-01,-9.999675154685974121e-01,9.999991059303283691e-01,9.999936223030090332e-01,9.999932646751403809e-01,-9.999929666519165039e-01,9.999984502792358398e-01,-9.999879598617553711e-01,-9.999974370002746582e-01,9.999971985816955566e-01,-9.999981522560119629e-01,-9.999876618385314941e-01,9.999991655349731445e-01,-9.999989271163940430e-01,9.999976158142089844e-01,-9.999971985816955566e-01,9.999991059303283691e-01,9.999634027481079102e-01,9.999641776084899902e-01,9.999987483024597168e-01,9.999954104423522949e-01,-9.999824166297912598e-01,-9.999986290931701660e-01,-9.999949336051940918e-01,9.999985694885253906e-01,-9.999986886978149414e-01,9.999974966049194336e-01,-9.999982714653015137e-01,-9.999027252197265625e-01,9.999991655349731445e-01,-9.999966621398925781e-01,9.999991655349731445e-01,-9.999980330467224121e-01,-9.999959468841552734e-01,-9.999960064888000488e-01,-9.999983906745910645e-01,9.999971389770507812e-01,9.999974966049194336e-01,-9.999969601631164551e-01,-9.999921321868896484e-01,-9.999948143959045410e-01,9.996106624603271484e-01,-9.999895095825195312e-01
-9.999986290931701660e-01,9.999988675117492676e-01,9.999955892562866211e-01,-9.999975562095642090e-01,-9.999991059303283691e-01,9.999991059303283691e-01,-9.999957084655761719e-01,-9.999992251396179199e-01,9.999925494194030762e-01,-9.999988079071044922e-01,9.999990463256835938e-01,9.999992251396179199e-01,-9.999983310699462891e-01,-9.999987483024597168e-01,-9.999967813491821289e-01,-9.999940395355224609e-01,-9.999980330467224121e-01,9.999981522560119629e-01,-9.999938011169433594e-01,9.999993443489074707e-01,9.999991059303283691e-01,-9.999957680702209473e-01,-9.999988675117492676e-01,-9.999974966049194336e-01,-9.999925494194030762e-01,-9.999991059303283691e-01,9.999985098838806152e-01,9.999990463256835938e-01,-9.999940991401672363e-01,9.999976158142089844e-01,9.999924302101135254e-01,9.999984502792358398e-01,-9.999860525131225586e-01,-9.999956488609313965e-01,9.999983906745910645e-01,-9.999650716781616211e-01,-9.999992251396179199e-01,-9.999988079071044922e-01,-9.999835491180419922e-01,9.999991059303283691e-01,-9.999988079071044922e-01,-9.999945163726806641e-01,-9.999850392341613770e-01,-9.999991655349731445e-01,-9.999985694885253906e-01,-9.999982714653015137e-01,9.999950528144836426e-01,-9.999989867210388184e-01,-9.999988675117492676e-01,9.999988079071044922e-01,9.999991655349731445e-01,9.999989271163940430e-01,9.999991059303283691e-01,9.999948143959045410e-01,9.999989867210388184e-01,9.999985098838806152e-01,-9.999861717224121094e-01,-9.999964833259582520e-01,-9.999949932098388672e-01,-9.999986290931701660e-01,9.999986886978149414e-01,-9.999992251396179199e-01,-9.999986886978149414e-01,-9.999966025352478027e-01,9.999944567680358887e-01,9.999991655349731445e-01,9.999992251396179199e-01,9.999963045120239258e-01,9.999991655349731445e-01,-9.999985098838806152e-01,9.999990463256835938e-01,-9.999955296516418457e-01,9.999967217445373535e-01,9.999953508377075195e-01,9.999899864196777344e-01,9.999988675117492676e-01,-9.999926090240478516e-01,-9.999991059303283691e-01,9.999942183494567871e-01,9.999962449073791504e-01,-9.999948740005493164e-01,-9.999981522560119629e-01,9.999991655349731445e-01,-9.999985098838806152e-01,9.999987483024597168e-01,9.999853372573852539e-01,9.999729990959167480e-01,-9.999991655349731445e-01,-9.999946951866149902e-01,-9.999944567680358887e-01,9.999941587448120117e-01,-9.999986886978149414e-01,9.999900460243225098e-01,9.999978542327880859e-01,-9.999976158142089844e-01,9.999985098838806152e-01,9.999897480010986328e-01,-9.999992847442626953e-01,9.999991655349731445e-01,-9.999979138374328613e-01,9.999976158142089844e-01,-9.999992251396179199e-01,-9.999697208404541016e-01,-9.999703168869018555e-01,-9.999989867210388184e-01,-9.999960064888000488e-01,9.999853372573852539e-01,9.999988079071044922e-01,9.999958276748657227e-01,-9.999988079071044922e-01,9.999988675117492676e-01,-9.999979138374328613e-01,9.999985694885253906e-01,9.999191761016845703e-01,-9.999992251396179199e-01,9.999972581863403320e-01,-9.999992847442626953e-01,9.999982714653015137e-01,9.999965429306030273e-01,9.999966621398925781e-01,9.999986886978149414e-01,-9.999976158142089844e-01,-9.999978542327880859e-01,9.999974370002746582e-01,9.999933838844299316e-01,9.999956488609313965e-01,-9.996764659881591797e-01,9.999912381172180176e-01
-9.999989271163940430e-01,9.999990463256835938e-01,9.999961256980895996e-01,-9.999978542327880859e-01,-9.999992847442626953e-01,9.999992251396179199e-01,-9.999961853027343750e-01,-9.999994039535522461e-01,9.999933838844299316e-01,-9.999990463256835938e-01,9.999992251396179199e-01,9.999992847442626953e-01,-9.999985098838806152e-01,-9.999989867210388184e-01,-9.999972581863403320e-01,-9.999947547912597656e-01,-9.999983310699462891e-01,9.999983906745910645e-01,-9.999945759773254395e-01,9.999993443489074707e-01,9.999992847442626953e-01,-9.999962449073791504e-01,-9.999991059303283691e-01,-9.999977946281433105e-01,-9.999933838844299316e-01,-9.999992251396179199e-01,9.999987483024597168e-01,9.999992251396179199e-01,-9.999948143959045410e-01,9.999979734420776367e-01,9.999932646751403809e-01,9.999985694885253906e-01,-9.999876022338867188e-01,-9.999960660934448242e-01,9.999985098838806152e-01,-9.999690055847167969e-01,-9.999993443489074707e-01,-9.999990463256835938e-01,-9.999853968620300293e-01,9.999992847442626953e-01,-9.999991059303283691e-01,-9.999951124191284180e-01,-9.999867677688598633e-01,-9.999992251396179199e-01,-9.999987483024597168e-01,-9.999985694885253906e-01,9.999955892562866211e-01,-9.999992251396179199e-01,-9.999991059303283691e-01,9.999991655349731445e-01,9.999992251396179199e-01,9.999991655349731445e-01,9.999991655349731445e-01,9.999954104423522949e-01,9.999991059303283691e-01,9.999986886978149414e-01,-9.999877810478210449e-01,-9.999968409538269043e-01,-9.999955892562866211e-01,-9.999987483024597168e-01,9.999988675117492676e-01,-9.999992847442626953e-01,-9.999988079071044922e-01,-9.999969601631164551e-01,9.999950528144836426e-01,9.999992847442626953e-01,9.999994039535522461e-01,9.999967217445373535e-01,9.999992847442626953e-01,-9.999987483024597168e-01,9.999991655349731445e-01,-9.999958872795104980e-01,9.999970793724060059e-01,9.999958276748657227e-01,9.999910593032836914e-01,9.999990463256835938e-01,-9.999935030937194824e-01,-9.999992251396179199e-01,9.999948143959045410e-01,9.999966621398925781e-01,-9.999954104423522949e-01,-9.999983310699462891e-01,9.999992251396179199e-01,-9.999987483024597168e-01,9.999988675117492676e-01,9.999870657920837402e-01,9.999759197235107422e-01,-9.999993443489074707e-01,-9.999952316284179688e-01,-9.999950528144836426e-01,9.999948740005493164e-01,-9.999988079071044922e-01,9.999911189079284668e-01,9.999980330467224121e-01,-9.999979734420776367e-01,9.999987483024597168e-01,9.999909400939941406e-01,-9.999993443489074707e-01,9.999991655349731445e-01,-9.999982118606567383e-01,9.999979734420776367e-01,-9.999993443489074707e-01,-9.999729394912719727e-01,-9.999735355377197266e-01,-9.999991655349731445e-01,-9.999965429306030273e-01,9.999870061874389648e-01,9.999989867210388184e-01,9.999961853027343750e-01,-9.999990463256835938e-01,9.999992251396179199e-01,-9.999981522560119629e-01,9.999987483024597168e-01,9.999279975891113281e-01,-9.999993443489074707e-01,9.999975562095642090e-01,-9.999993443489074707e-01,9.999985098838806152e-01,9.999969601631164551e-01,9.999971389770507812e-01,9.999988675117492676e-01,-9.999979734420776367e-01,-9.999981522560119629e-01,9.999977350234985352e-01,9.999942779541015625e-01,9.999961256980895996e-01,-9.997116923332214355e-01,9.999922513961791992e-01
