9.999980330467224121e-01,-9.999979138374328613e-01,-9.999880790710449219e-01,9.999983310699462891e-01,9.999986886978149414e-01,-9.999983906745910645e-01,-9.999797940254211426e-01,9.999988675117492676e-01,-9.999967813491821289e-01,9.999958276748657227e-01,-9.999880790710449219e-01,-9.999988079071044922e-01,9.999982714653015137e-01,9.999967217445373535e-01,9.999318122863769531e-01,9.999977350234985352e-01,9.999976754188537598e-01,-9.999967813491821289e-01,-9.998570680618286133e-01,-9.999989271163940430e-01,-9.999987483024597168e-01,9.999857544898986816e-01,9.999963045120239258e-01,9.999982118606567383e-01,9.995412826538085938e-01,9.999989271163940430e-01,-9.999981522560119629e-01,-9.999988079071044922e-01,9.999877214431762695e-01,-9.999931454658508301e-01,-9.999977946281433105e-01,-9.999986290931701660e-01,9.999970793724060059e-01,9.999977946281433105e-01,-9.999971389770507812e-01,-9.999955892562866211e-01,9.999987483024597168e-01,9.999985694885253906e-01,9.999924898147583008e-01,-9.999986290931701660e-01,9.999983906745910645e-01,-9.999973773956298828e-01,9.999569058418273926e-01,9.999985098838806152e-01,9.999961256980895996e-01,9.999971985816955566e-01,9.999949932098388672e-01,9.999956488609313965e-01,9.999986290931701660e-01,-9.999984502792358398e-01,-9.999986886978149414e-01,-9.999966621398925781e-01,-9.999983906745910645e-01,-9.999860525131225586e-01,-9.999962449073791504e-01,-9.999969601631164551e-01,-9.999977350234985352e-01,9.999094605445861816e-01,9.999972581863403320e-01,9.999967217445373535e-01,-9.999937415122985840e-01,9.999986290931701660e-01,9.999982714653015137e-01,9.999948740005493164e-01,-9.999708533287048340e-01,-9.999986290931701660e-01,-9.999988079071044922e-01,-9.999906420707702637e-01,-9.999976754188537598e-01,9.999988675117492676e-01,-9.999983906745910645e-01,9.999970197677612305e-01,9.999961256980895996e-01,-9.999876618385314941e-01,9.999348521232604980e-01,-9.999976158142089844e-01,9.999821782112121582e-01,9.999976754188537598e-01,-9.999901652336120605e-01,-9.999977350234985352e-01,9.999732375144958496e-01,9.999976754188537598e-01,-9.999986290931701660e-01,-9.999624490737915039e-01,-9.999984502792358398e-01,-9.999871850013732910e-01,9.999923110008239746e-01,9.999983906745910645e-01,-9.999840855598449707e-01,9.999982118606567383e-01,-9.999982714653015137e-01,9.999982118606567383e-01,-9.999586343765258789e-01,-9.999983310699462891e-01,9.999984502792358398e-01,-9.999971985816955566e-01,9.999722242355346680e-01,9.999987483024597168e-01,-9.999986290931701660e-01,9.999945163726806641e-01,-9.999976754188537598e-01,9.999985098838806152e-01,-9.999922513961791992e-01,-9.999659061431884766e-01,9.999982118606567383e-01,9.999835491180419922e-01,9.999879002571105957e-01,-9.999969005584716797e-01,-9.999942779541015625e-01,9.999983310699462891e-01,-9.999969005584716797e-01,9.999981522560119629e-01,-9.999977946281433105e-01,-9.999938011169433594e-01,9.999989271163940430e-01,-9.999982118606567383e-01,9.999983310699462891e-01,-9.999985098838806152e-01,9.999331831932067871e-01,-9.999972581863403320e-01,-9.999986290931701660e-01,9.999953508377075195e-01,9.999983906745910645e-01,-9.999975562095642090e-01,9.999892711639404297e-01,-9.999961853027343750e-01,-9.999848008155822754e-01,-9.999978542327880859e-01
-9.999979138374328613e-01,9.999977350234985352e-01,9.999870657920837402e-01,-9.999982118606567383e-01,-9.999986290931701660e-01,9.999980926513671875e-01,9.999781250953674316e-01,-9.999988675117492676e-01,9.999966025352478027e-01,-9.999955892562866211e-01,9.999870657920837402e-01,9.999986886978149414e-01,-9.999982118606567383e-01,-9.999964237213134766e-01,-9.999259710311889648e-01,-9.999976158142089844e-01,-9.999974370002746582e-01,9.999966025352478027e-01,9.998446106910705566e-01,9.999989271163940430e-01,9.999986886978149414e-01,-9.999845027923583984e-01,-9.999960660934448242e-01,-9.999980330467224121e-01,-9.995015859603881836e-01,-9.999988675117492676e-01,9.999979734420776367e-01,9.999986886978149414e-01,-9.999867081642150879e-01,9.999926686286926270e-01,9.999976754188537598e-01,9.999985098838806152e-01,-9.999967217445373535e-01,-9.999976158142089844e-01,9.999969005584716797e-01,9.999951720237731934e-01,-9.999987483024597168e-01,-9.999985694885253906e-01,-9.999918937683105469e-01,9.999985098838806152e-01,-9.999981522560119629e-01,9.999971389770507812e-01,-9.999531507492065430e-01,-9.999983906745910645e-01,-9.999959468841552734e-01,-9.999970197677612305e-01,-9.999946951866149902e-01,-9.999951720237731934e-01,-9.999985098838806152e-01,9.999982714653015137e-01,9.999984502792358398e-01,9.999963641166687012e-01,9.999982118606567383e-01,9.999850988388061523e-01,9.999960064888000488e-01,9.999967217445373535e-01,9.999976158142089844e-01,-9.999015927314758301e-01,-9.999969601631164551e-01,-9.999964237213134766e-01,9.999931454658508301e-01,-9.999985694885253906e-01,-9.999980926513671875e-01,-9.999944567680358887e-01,9.999683499336242676e-01,9.999986290931701660e-01,9.999987483024597168e-01,9.999898672103881836e-01,9.999974966049194336e-01,-9.999987483024597168e-01,9.999982714653015137e-01,-9.999968409538269043e-01,-9.999959468841552734e-01,9.999867081642150879e-01,-9.999291896820068359e-01,9.999973773956298828e-01,-9.999806880950927734e-01,-9.999973773956298828e-01,9.999893307685852051e-01,9.999975562095642090e-01,-9.999710321426391602e-01,-9.999974370002746582e-01,9.999986290931701660e-01,9.999591708183288574e-01,9.999981522560119629e-01,9.999860525131225586e-01,-9.999917149543762207e-01,-9.999982118606567383e-01,9.999827146530151367e-01,-9.999980926513671875e-01,9.999980926513671875e-01,-9.999981522560119629e-01,9.999551177024841309e-01,9.999981522560119629e-01,-9.999983310699462891e-01,9.999970793724060059e-01,-9.999698996543884277e-01,-9.999987483024597168e-01,9.999985694885253906e-01,-9.999940395355224609e-01,9.999975562095642090e-01,-9.999983310699462891e-01,9.999915957450866699e-01,9.999629855155944824e-01,-9.999980330467224121e-01,-9.999821782112121582e-01,-9.999869465827941895e-01,9.999967217445373535e-01,9.999939203262329102e-01,-9.999981522560119629e-01,9.999965429306030273e-01,-9.999980330467224121e-01,9.999975562095642090e-01,9.999932646751403809e-01,-9.999988675117492676e-01,9.999982118606567383e-01,-9.999980926513671875e-01,9.999983906745910645e-01,-9.999274611473083496e-01,9.999970793724060059e-01,9.999985098838806152e-01,-9.999949932098388672e-01,-9.999983310699462891e-01,9.999974370002746582e-01,-9.999883174896240234e-01,9.999958872795104980e-01,9.999834895133972168e-01,9.999976754188537598e-01
-9.999880790710449219e-01,9.999870657920837402e-01,9.999269843101501465e-01,-9.999899268150329590e-01,-9.999923706054687500e-01,9.999901056289672852e-01,9.998762607574462891e-01,-9.999932646751403809e-01,9.999804496765136719e-01,-9.999750256538391113e-01,9.999271035194396973e-01,9.999923110008239746e-01,-9.999894499778747559e-01,-9.999801516532897949e-01,-9.995833635330200195e-01,-9.999863505363464355e-01,-9.999858736991882324e-01,9.999807476997375488e-01,9.991260766983032227e-01,9.999936819076538086e-01,9.999923110008239746e-01,-9.999127984046936035e-01,-9.999781847000122070e-01,-9.999890923500061035e-01,-9.972018003463745117e-01,-9.999936223030090332e-01,9.999886155128479004e-01,9.999927282333374023e-01,-9.999248981475830078e-01,9.999579787254333496e-01,9.999868273735046387e-01,9.999916553497314453e-01,-9.999818801879882812e-01,-9.999866485595703125e-01,9.999825954437255859e-01,9.999728798866271973e-01,-9.999928474426269531e-01,-9.999914765357971191e-01,-9.999540448188781738e-01,9.999918341636657715e-01,-9.999898672103881836e-01,9.999840855598449707e-01,-9.997364282608032227e-01,-9.999909400939941406e-01,-9.999768137931823730e-01,-9.999834895133972168e-01,-9.999695420265197754e-01,-9.999729394912719727e-01,-9.999917149543762207e-01,9.999904632568359375e-01,9.999914169311523438e-01,9.999799728393554688e-01,9.999900460243225098e-01,9.999152421951293945e-01,9.999774694442749023e-01,9.999817609786987305e-01,9.999867081642150879e-01,-9.994466900825500488e-01,-9.999830722808837891e-01,-9.999800324440002441e-01,9.999614953994750977e-01,-9.999922513961791992e-01,-9.999893903732299805e-01,-9.999687671661376953e-01,9.998215436935424805e-01,9.999918341636657715e-01,9.999926090240478516e-01,9.999428987503051758e-01,9.999859333038330078e-01,-9.999927878379821777e-01,9.999902844429016113e-01,-9.999821186065673828e-01,-9.999767541885375977e-01,9.999248981475830078e-01,-9.996018409729003906e-01,9.999855160713195801e-01,-9.998908638954162598e-01,-9.999858736991882324e-01,9.999398589134216309e-01,9.999859333038330078e-01,-9.998360872268676758e-01,-9.999859333038330078e-01,9.999918341636657715e-01,9.997699856758117676e-01,9.999898076057434082e-01,9.999218583106994629e-01,-9.999529719352722168e-01,-9.999901056289672852e-01,9.999026060104370117e-01,-9.999893307685852051e-01,9.999894499778747559e-01,-9.999890923500061035e-01,9.997470378875732422e-01,9.999898672103881836e-01,-9.999906420707702637e-01,9.999835491180419922e-01,-9.998305439949035645e-01,-9.999926090240478516e-01,9.999917745590209961e-01,-9.999659657478332520e-01,9.999858736991882324e-01,-9.999906420707702637e-01,9.999523758888244629e-01,9.997913241386413574e-01,-9.999890923500061035e-01,-9.998993277549743652e-01,-9.999262690544128418e-01,9.999812841415405273e-01,9.999650716781616211e-01,-9.999898672103881836e-01,9.999806880950927734e-01,-9.999889135360717773e-01,9.999865293502807617e-01,9.999619126319885254e-01,-9.999936223030090332e-01,9.999893903732299805e-01,-9.999895691871643066e-01,9.999910593032836914e-01,-9.995917081832885742e-01,9.999833106994628906e-01,9.999917745590209961e-01,-9.999713897705078125e-01,-9.999901056289672852e-01,9.999857544898986816e-01,-9.999341368675231934e-01,9.999769330024719238e-01,9.999067187309265137e-01,9.999867677688598633e-01
9.999983310699462891e-01,-9.999982118606567383e-01,-9.999899268150329590e-01,9.999985694885253906e-01,9.999989271163940430e-01,-9.999986290931701660e-01,-9.999830126762390137e-01,9.999991059303283691e-01,-9.999973177909851074e-01,9.999964833259582520e-01,-9.999900460243225098e-01,-9.999989867210388184e-01,9.999985098838806152e-01,9.999971985816955566e-01,9.999424815177917480e-01,9.999980926513671875e-01,9.999980330467224121e-01,-9.999973773956298828e-01,-9.998793601989746094e-01,-9.999991655349731445e-01,-9.999989271163940430e-01,9.999880194664001465e-01,9.999969601631164551e-01,9.999984502792358398e-01,9.996131062507629395e-01,9.999992847442626953e-01,-9.999983906745910645e-01,-9.999989867210388184e-01,9.999896883964538574e-01,-9.999942183494567871e-01,-9.999982714653015137e-01,-9.999988675117492676e-01,9.999975562095642090e-01,9.999981522560119629e-01,-9.999975562095642090e-01,-9.999963045120239258e-01,9.999990463256835938e-01,9.999988675117492676e-01,9.999937415122985840e-01,-9.999988079071044922e-01,9.999986886978149414e-01,-9.999977946281433105e-01,9.999635815620422363e-01,9.999987483024597168e-01,9.999967813491821289e-01,9.999976158142089844e-01,9.999958276748657227e-01,9.999963045120239258e-01,9.999988675117492676e-01,-9.999986886978149414e-01,-9.999988079071044922e-01,-9.999971985816955566e-01,-9.999986290931701660e-01,-9.999883174896240234e-01,-9.999968409538269043e-01,-9.999974370002746582e-01,-9.999981522560119629e-01,9.999236464500427246e-01,9.999976754188537598e-01,9.999971389770507812e-01,-9.999946951866149902e-01,9.999989271163940430e-01,9.999985098838806152e-01,9.999957680702209473e-01,-9.999754428863525391e-01,-9.999989271163940430e-01,-9.999989867210388184e-01,-9.999921321868896484e-01,-9.999980330467224121e-01,9.999991655349731445e-01,-9.999987483024597168e-01,9.999974966049194336e-01,9.999968409538269043e-01,-9.999896883964538574e-01,9.999450445175170898e-01,-9.999979734420776367e-01,9.999849796295166016e-01,9.999979138374328613e-01,-9.999917745590209961e-01,-9.999981522560119629e-01,9.999775290489196777e-01,9.999980330467224121e-01,-9.999988675117492676e-01,-9.999684095382690430e-01,-9.999986886978149414e-01,-9.999892711639404297e-01,9.999935030937194824e-01,9.999986290931701660e-01,-9.999865889549255371e-01,9.999985098838806152e-01,-9.999985098838806152e-01,9.999984502792358398e-01,-9.999651312828063965e-01,-9.999985694885253906e-01,9.999986886978149414e-01,-9.999977350234985352e-01,9.999766349792480469e-01,9.999990463256835938e-01,-9.999989271163940430e-01,9.999952912330627441e-01,-9.999980330467224121e-01,9.999987483024597168e-01,-9.999935626983642578e-01,-9.999713897705078125e-01,9.999984502792358398e-01,9.999860525131225586e-01,9.999899268150329590e-01,-9.999973773956298828e-01,-9.999951720237731934e-01,9.999985694885253906e-01,-9.999973177909851074e-01,9.999984502792358398e-01,-9.999980926513671875e-01,-9.999947547912597656e-01,9.999992847442626953e-01,-9.999985694885253906e-01,9.999986290931701660e-01,-9.999987483024597168e-01,9.999436736106872559e-01,-9.999977350234985352e-01,-9.999988675117492676e-01,9.999961256980895996e-01,9.999986886978149414e-01,-9.999979138374328613e-01,9.999909400939941406e-01,-9.999967813491821289e-01,-9.999871850013732910e-01,-9.999982714653015137e-01
9.999986886978149414e-01,-9.999986290931701660e-01,-9.999923706054687500e-01,9.999989271163940430e-01,9.999991655349731445e-01,-9.999989271163940430e-01,-9.999872446060180664e-01,9.999993443489074707e-01,-9.999979734420776367e-01,9.999973177909851074e-01,-9.999924898147583008e-01,-9.999992251396179199e-01,9.999988675117492676e-01,9.999978542327880859e-01,9.999568462371826172e-01,9.999985098838806152e-01,9.999985098838806152e-01,-9.999979734420776367e-01,-9.999096393585205078e-01,-9.999994039535522461e-01,-9.999992251396179199e-01,9.999909996986389160e-01,9.999976754188537598e-01,9.999988079071044922e-01,9.997102022171020508e-01,9.999992847442626953e-01,-9.999987483024597168e-01,-9.999991655349731445e-01,9.999921321868896484e-01,-9.999955892562866211e-01,-9.999986290931701660e-01,-9.999991655349731445e-01,9.999980926513671875e-01,9.999985694885253906e-01,-9.999982118606567383e-01,-9.999971389770507812e-01,9.999992251396179199e-01,9.999991655349731445e-01,9.999951720237731934e-01,-9.999991059303283691e-01,9.999989271163940430e-01,-9.999983310699462891e-01,9.999728202819824219e-01,9.999989867210388184e-01,9.999976158142089844e-01,9.999981522560119629e-01,9.999967217445373535e-01,9.999971389770507812e-01,9.999991655349731445e-01,-9.999989271163940430e-01,-9.999991655349731445e-01,-9.999979138374328613e-01,-9.999989867210388184e-01,-9.999911785125732422e-01,-9.999975562095642090e-01,-9.999980926513671875e-01,-9.999985098838806152e-01,9.999428391456604004e-01,9.999982118606567383e-01,9.999978542327880859e-01,-9.999958276748657227e-01,9.999992251396179199e-01,9.999988675117492676e-01,9.999966621398925781e-01,-9.999815225601196289e-01,-9.999991655349731445e-01,-9.999991655349731445e-01,-9.999940395355224609e-01,-9.999984502792358398e-01,9.999992847442626953e-01,-9.999990463256835938e-01,9.999981522560119629e-01,9.999975562095642090e-01,-9.999922513961791992e-01,9.999588727951049805e-01,-9.999983906745910645e-01,9.999886751174926758e-01,9.999984502792358398e-01,-9.999938011169433594e-01,-9.999985098838806152e-01,9.999830722808837891e-01,9.999984502792358398e-01,-9.999991655349731445e-01,-9.999762773513793945e-01,-9.999988675117492676e-01,-9.999918937683105469e-01,9.999950528144836426e-01,9.999989271163940430e-01,-9.999898672103881836e-01,9.999988079071044922e-01,-9.999988675117492676e-01,9.999988079071044922e-01,-9.999738931655883789e-01,-9.999989271163940430e-01,9.999989867210388184e-01,-9.999982118606567383e-01,9.999824762344360352e-01,9.999992847442626953e-01,-9.999991655349731445e-01,9.999964237213134766e-01,-9.999985098838806152e-01,9.999989867210388184e-01,-9.999951124191284180e-01,-9.999784827232360840e-01,9.999988079071044922e-01,9.999895691871643066e-01,9.999923706054687500e-01,-9.999979138374328613e-01,-9.999962449073791504e-01,9.999989271163940430e-01,-9.999979734420776367e-01,9.999987483024597168e-01,-9.999985098838806152e-01,-9.999960064888000488e-01,9.999992847442626953e-01,-9.999988675117492676e-01,9.999989867210388184e-01,-9.999989867210388184e-01,9.999577999114990234e-01,-9.999982714653015137e-01,-9.999991059303283691e-01,9.999970197677612305e-01,9.999989271163940430e-01,-9.999984502792358398e-01,9.999932050704956055e-01,-9.999974966049194336e-01,-9.999903440475463867e-01,-9.999986290931701660e-01
-9.999983906745910645e-01,9.999980926513671875e-01,9.999901056289672852e-01,-9.999986290931701660e-01,-9.999989271163940430e-01,9.999985694885253906e-01,9.999833106994628906e-01,-9.999991059303283691e-01,9.999973177909851074e-01,-9.999964833259582520e-01,9.999901652336120605e-01,9.999988675117492676e-01,-9.999984502792358398e-01,-9.999972581863403320e-01,-9.999436140060424805e-01,-9.999981522560119629e-01,-9.999979734420776367e-01,9.999973773956298828e-01,9.998817443847656250e-01,9.999991059303283691e-01,9.999989271163940430e-01,-9.999882578849792480e-01,-9.999969005584716797e-01,-9.999983906745910645e-01,-9.996210932731628418e-01,-9.999991655349731445e-01,9.999984502792358398e-01,9.999990463256835938e-01,-9.999898076057434082e-01,9.999943375587463379e-01,9.999982118606567383e-01,9.999988675117492676e-01,-9.999974966049194336e-01,-9.999981522560119629e-01,9.999976158142089844e-01,9.999963045120239258e-01,-9.999989867210388184e-01,-9.999987483024597168e-01,-9.999938011169433594e-01,9.999988079071044922e-01,-9.999986290931701660e-01,9.999977350234985352e-01,-9.999643564224243164e-01,-9.999987483024597168e-01,-9.999968409538269043e-01,-9.999976754188537598e-01,-9.999958276748657227e-01,-9.999963045120239258e-01,-9.999988675117492676e-01,9.999986886978149414e-01,9.999988079071044922e-01,9.999972581863403320e-01,9.999985694885253906e-01,9.999885559082031250e-01,9.999968409538269043e-01,9.999974370002746582e-01,9.999981522560119629e-01,-9.999251365661621094e-01,-9.999976754188537598e-01,-9.999971985816955566e-01,9.999948143959045410e-01,-9.999988675117492676e-01,-9.999984502792358398e-01,-9.999957084655761719e-01,9.999758601188659668e-01,9.999988675117492676e-01,9.999989271163940430e-01,9.999921917915344238e-01,9.999979734420776367e-01,-9.999990463256835938e-01,9.999986886978149414e-01,-9.999974966049194336e-01,-9.999968409538269043e-01,9.999898076057434082e-01,-9.999461770057678223e-01,9.999980330467224121e-01,-9.999851584434509277e-01,-9.999980926513671875e-01,9.999918937683105469e-01,9.999980926513671875e-01,-9.999778866767883301e-01,-9.999979734420776367e-01,9.999988675117492676e-01,9.999689459800720215e-01,9.999986290931701660e-01,9.999893903732299805e-01,-9.999936819076538086e-01,-9.999985694885253906e-01,9.999867677688598633e-01,-9.999985694885253906e-01,9.999985694885253906e-01,-9.999985098838806152e-01,9.999657869338989258e-01,9.999986290931701660e-01,-9.999986290931701660e-01,9.999976158142089844e-01,-9.999770522117614746e-01,-9.999990463256835938e-01,9.999988079071044922e-01,-9.999954104423522949e-01,9.999979734420776367e-01,-9.999986290931701660e-01,9.999935626983642578e-01,9.999718666076660156e-01,-9.999983906745910645e-01,-9.999863505363464355e-01,-9.999899864196777344e-01,9.999973773956298828e-01,9.999952912330627441e-01,-9.999985098838806152e-01,9.999972581863403320e-01,-9.999983906745910645e-01,9.999980330467224121e-01,9.999948143959045410e-01,-9.999991655349731445e-01,9.999985694885253906e-01,-9.999985694885253906e-01,9.999986886978149414e-01,-9.999448060989379883e-01,9.999977350234985352e-01,9.999988079071044922e-01,-9.999961853027343750e-01,-9.999986290931701660e-01,9.999980330467224121e-01,-9.999910593032836914e-01,9.999967217445373535e-01,9.999874234199523926e-01,9.999982118606567383e-01
-9.999797940254211426e-01,9.999781250953674316e-01,9.998762607574462891e-01,-9.999830126762390137e-01,-9.999872446060180664e-01,9.999833106994628906e-01,9.997905492782592773e-01,-9.999886751174926758e-01,9.999667406082153320e-01,-9.999576210975646973e-01,9.998765587806701660e-01,9.999870657920837402e-01,-9.999822378158569336e-01,-9.999663233757019043e-01,-9.992942214012145996e-01,-9.999769330024719238e-01,-9.999760985374450684e-01,9.999673962593078613e-01,9.985200166702270508e-01,9.999893903732299805e-01,9.999870657920837402e-01,-9.998522996902465820e-01,-9.999630451202392578e-01,-9.999815225601196289e-01,-9.952674508094787598e-01,-9.999892711639404297e-01,9.999808669090270996e-01,9.999876618385314941e-01,-9.998727440834045410e-01,9.999288320541381836e-01,9.999777078628540039e-01,9.999859333038330078e-01,-9.999692440032958984e-01,-9.999774098396301270e-01,9.999707341194152832e-01,9.999542236328125000e-01,-9.999880790710449219e-01,-9.999857544898986816e-01,-9.999222159385681152e-01,9.999862313270568848e-01,-9.999828338623046875e-01,9.999731183052062988e-01,-9.995535612106323242e-01,-9.999847412109375000e-01,-9.999607801437377930e-01,-9.999721050262451172e-01,-9.999483227729797363e-01,-9.999541640281677246e-01,-9.999859929084777832e-01,9.999839663505554199e-01,9.999855756759643555e-01,9.999660849571228027e-01,9.999833106994628906e-01,9.998565912246704102e-01,9.999617338180541992e-01,9.999692440032958984e-01,9.999774694442749023e-01,-9.990627169609069824e-01,-9.999713897705078125e-01,-9.999662637710571289e-01,9.999348521232604980e-01,-9.999868273735046387e-01,-9.999821186065673828e-01,-9.999470114707946777e-01,9.996977448463439941e-01,9.999861717224121094e-01,9.999876022338867188e-01,9.999032616615295410e-01,9.999763369560241699e-01,-9.999878406524658203e-01,9.999837875366210938e-01,-9.999696612358093262e-01,-9.999606609344482422e-01,9.998729228973388672e-01,-9.993255138397216797e-01,9.999755620956420898e-01,-9.998151659965515137e-01,-9.999760985374450684e-01,9.998981952667236328e-01,9.999762177467346191e-01,-9.997223615646362305e-01,-9.999761581420898438e-01,9.999861121177673340e-01,9.996103048324584961e-01,9.999829530715942383e-01,9.998677968978881836e-01,-9.999203681945800781e-01,-9.999833703041076660e-01,9.998351335525512695e-01,-9.999819397926330566e-01,9.999822378158569336e-01,-9.999815821647644043e-01,9.995714426040649414e-01,9.999828934669494629e-01,-9.999841451644897461e-01,9.999722838401794434e-01,-9.997128248214721680e-01,-9.999876022338867188e-01,9.999859333038330078e-01,-9.999423623085021973e-01,9.999761581420898438e-01,-9.999841451644897461e-01,9.999193549156188965e-01,9.996464252471923828e-01,-9.999815225601196289e-01,-9.998295903205871582e-01,-9.998751878738403320e-01,9.999684095382690430e-01,9.999409317970275879e-01,-9.999828934669494629e-01,9.999673366546630859e-01,-9.999814033508300781e-01,9.999772906303405762e-01,9.999356865882873535e-01,-9.999892115592956543e-01,9.999820590019226074e-01,-9.999822378158569336e-01,9.999848604202270508e-01,-9.993083477020263672e-01,9.999718070030212402e-01,9.999861717224121094e-01,-9.999515414237976074e-01,-9.999833106994628906e-01,9.999759197235107422e-01,-9.998884797096252441e-01,9.999608397483825684e-01,9.998421072959899902e-01,9.999777078628540039e-01
9.999988675117492676e-01,-9.999988675117492676e-01,-9.999932646751403809e-01,9.999991059303283691e-01,9.999993443489074707e-01,-9.999991059303283691e-01,-9.999886751174926758e-01,9.999994039535522461e-01,-9.999981522560119629e-01,9.999976158142089844e-01,-9.999932646751403809e-01,-9.999993443489074707e-01,9.999990463256835938e-01,9.999981522560119629e-01,9.999615550041198730e-01,9.999987483024597168e-01,9.999986886978149414e-01,-9.999982118606567383e-01,-9.999192953109741211e-01,-9.999994635581970215e-01,-9.999993443489074707e-01,9.999919533729553223e-01,9.999979138374328613e-01,9.999989867210388184e-01,9.997411966323852539e-01,9.999994635581970215e-01,-9.999989271163940430e-01,-9.999992847442626953e-01,9.999930858612060547e-01,-9.999960660934448242e-01,-9.999988675117492676e-01,-9.999992847442626953e-01,9.999983310699462891e-01,9.999987483024597168e-01,-9.999983906745910645e-01,-9.999974966049194336e-01,9.999994039535522461e-01,9.999992251396179199e-01,9.999957084655761719e-01,-9.999992847442626953e-01,9.999991059303283691e-01,-9.999985098838806152e-01,9.999757409095764160e-01,9.999992251396179199e-01,9.999979138374328613e-01,9.999984502792358398e-01,9.999971389770507812e-01,9.999975562095642090e-01,9.999992847442626953e-01,-9.999991655349731445e-01,-9.999992251396179199e-01,-9.999981522560119629e-01,-9.999991059303283691e-01,-9.999921917915344238e-01,-9.999979138374328613e-01,-9.999982714653015137e-01,-9.999987483024597168e-01,9.999489188194274902e-01,9.999983906745910645e-01,9.999980330467224121e-01,-9.999963045120239258e-01,9.999993443489074707e-01,9.999990463256835938e-01,9.999970793724060059e-01,-9.999835491180419922e-01,-9.999993443489074707e-01,-9.999993443489074707e-01,-9.999946951866149902e-01,-9.999986886978149414e-01,9.999993443489074707e-01,-9.999991655349731445e-01,9.999983310699462891e-01,9.999979138374328613e-01,-9.999930858612060547e-01,9.999633431434631348e-01,-9.999986290931701660e-01,9.999899268150329590e-01,9.999986886978149414e-01,-9.999944567680358887e-01,-9.999987483024597168e-01,9.999849200248718262e-01,9.999986886978149414e-01,-9.999993443489074707e-01,-9.999788999557495117e-01,-9.999991059303283691e-01,-9.999927282333374023e-01,9.999956488609313965e-01,9.999991059303283691e-01,-9.999910593032836914e-01,9.999989271163940430e-01,-9.999991059303283691e-01,9.999990463256835938e-01,-9.999768137931823730e-01,-9.999991059303283691e-01,9.999990463256835938e-01,-9.999983906745910645e-01,9.999843835830688477e-01,9.999993443489074707e-01,-9.999992847442626953e-01,9.999968409538269043e-01,-9.999986886978149414e-01,9.999991655349731445e-01,-9.999955892562866211e-01,-9.999808669090270996e-01,9.999989867210388184e-01,9.999906420707702637e-01,9.999932050704956055e-01,-9.999982714653015137e-01,-9.999967217445373535e-01,9.999991059303283691e-01,-9.999982118606567383e-01,9.999989867210388184e-01,-9.999986886978149414e-01,-9.999965429306030273e-01,9.999994635581970215e-01,-9.999991655349731445e-01,9.999990463256835938e-01,-9.999992251396179199e-01,9.999623298645019531e-01,-9.999985098838806152e-01,-9.999992847442626953e-01,9.999973773956298828e-01,9.999991059303283691e-01,-9.999985694885253906e-01,9.999939203262329102e-01,-9.999978542327880859e-01,-9.999913573265075684e-01,-9.999987483024597168e-01
-9.999967813491821289e-01,9.999966025352478027e-01,9.999804496765136719e-01,-9.999973177909851074e-01,-9.999979734420776367e-01,9.999973177909851074e-01,9.999667406082153320e-01,-9.999981522560119629e-01,9.999947547912597656e-01,-9.999932050704956055e-01,9.999805092811584473e-01,9.999979734420776367e-01,-9.999971389770507812e-01,-9.999946951866149902e-01,-9.998880624771118164e-01,-9.999963641166687012e-01,-9.999961853027343750e-01,9.999948143959045410e-01,9.997652173042297363e-01,9.999982714653015137e-01,9.999979734420776367e-01,-9.999766349792480469e-01,-9.999941587448120117e-01,-9.999970197677612305e-01,-9.992470145225524902e-01,-9.999982714653015137e-01,9.999969005584716797e-01,9.999979138374328613e-01,-9.999798536300659180e-01,9.999887943267822266e-01,9.999964833259582520e-01,9.999977946281433105e-01,-9.999951124191284180e-01,-9.999963641166687012e-01,9.999953508377075195e-01,9.999927282333374023e-01,-9.999979734420776367e-01,-9.999977350234985352e-01,-9.999876618385314941e-01,9.999977946281433105e-01,-9.999973177909851074e-01,9.999957680702209473e-01,-9.999291896820068359e-01,-9.999976158142089844e-01,-9.999938607215881348e-01,-9.999955892562866211e-01,-9.999918341636657715e-01,-9.999927282333374023e-01,-9.999977946281433105e-01,9.999973773956298828e-01,9.999977350234985352e-01,9.999946355819702148e-01,9.999973177909851074e-01,9.999772906303405762e-01,9.999939203262329102e-01,9.999951124191284180e-01,9.999963641166687012e-01,-9.998514056205749512e-01,-9.999955296516418457e-01,-9.999946355819702148e-01,9.999896883964538574e-01,-9.999978542327880859e-01,-9.999971389770507812e-01,-9.999915957450866699e-01,9.999520778656005859e-01,9.999978542327880859e-01,9.999980330467224121e-01,9.999846816062927246e-01,9.999961853027343750e-01,-9.999980330467224121e-01,9.999973773956298828e-01,-9.999951720237731934e-01,-9.999937415122985840e-01,9.999798536300659180e-01,-9.998930096626281738e-01,9.999960660934448242e-01,-9.999707341194152832e-01,-9.999961256980895996e-01,9.999839067459106445e-01,9.999962449073791504e-01,-9.999559521675109863e-01,-9.999961853027343750e-01,9.999978542327880859e-01,9.999381899833679199e-01,9.999972581863403320e-01,9.999790787696838379e-01,-9.999873638153076172e-01,-9.999973177909851074e-01,9.999738931655883789e-01,-9.999970793724060059e-01,9.999971389770507812e-01,-9.999970197677612305e-01,9.999321103096008301e-01,9.999973177909851074e-01,-9.999974370002746582e-01,9.999955296516418457e-01,-9.999544620513916016e-01,-9.999979734420776367e-01,9.999977946281433105e-01,-9.999909400939941406e-01,9.999961256980895996e-01,-9.999974966049194336e-01,9.999872446060180664e-01,9.999440312385559082e-01,-9.999971389770507812e-01,-9.999730587005615234e-01,-9.999803304672241211e-01,9.999950528144836426e-01,9.999906420707702637e-01,-9.999972581863403320e-01,9.999948740005493164e-01,-9.999970197677612305e-01,9.999963641166687012e-01,9.999898076057434082e-01,-9.999982714653015137e-01,9.999971985816955566e-01,-9.999971985816955566e-01,9.999975562095642090e-01,-9.998902678489685059e-01,9.999955892562866211e-01,9.999977946281433105e-01,-9.999923110008239746e-01,-9.999973177909851074e-01,9.999960064888000488e-01,-9.999823570251464844e-01,9.999938011169433594e-01,9.999750256538391113e-01,9.999964237213134766e-01
9.999958276748657227e-01,-9.999955892562866211e-01,-9.999750256538391113e-01,9.999964833259582520e-01,9.999973177909851074e-01,-9.999964833259582520e-01,-9.999576210975646973e-01,9.999976158142089844e-01,-9.999932050704956055e-01,9.999913573265075684e-01,-9.999750852584838867e-01,-9.999973177909851074e-01,9.999963641166687012e-01,9.999930858612060547e-01,9.998572468757629395e-01,9.999952912330627441e-01,9.999951124191284180e-01,-9.999933838844299316e-01,-9.997005462646484375e-01,-9.999977350234985352e-01,-9.999973177909851074e-01,9.999701976776123047e-01,9.999924302101135254e-01,9.999961853027343750e-01,9.990398287773132324e-01,9.999977946281433105e-01,-9.999959468841552734e-01,-9.999974966049194336e-01,9.999743103981018066e-01,-9.999856352806091309e-01,-9.999954700469970703e-01,-9.999970793724060059e-01,9.999938011169433594e-01,9.999953508377075195e-01,-9.999940395355224609e-01,-9.999907016754150391e-01,9.999974966049194336e-01,9.999970793724060059e-01,9.999843239784240723e-01,-9.999971985816955566e-01,9.999964833259582520e-01,-9.999945759773254395e-01,9.999096989631652832e-01,9.999968409538269043e-01,9.999920725822448730e-01,9.999942779541015625e-01,9.999895691871643066e-01,9.999907612800598145e-01,9.999971389770507812e-01,-9.999967217445373535e-01,-9.999970793724060059e-01,-9.999931454658508301e-01,-9.999965429306030273e-01,-9.999710321426391602e-01,-9.999922513961791992e-01,-9.999936819076538086e-01,-9.999952912330627441e-01,9.998104572296142578e-01,9.999942183494567871e-01,9.999930858612060547e-01,-9.999868273735046387e-01,9.999973177909851074e-01,9.999963045120239258e-01,9.999892115592956543e-01,-9.999387860298156738e-01,-9.999971985816955566e-01,-9.999974370002746582e-01,-9.999803900718688965e-01,-9.999951124191284180e-01,9.999974966049194336e-01,-9.999966621398925781e-01,9.999938607215881348e-01,9.999920725822448730e-01,-9.999742507934570312e-01,9.998636245727539062e-01,-9.999950528144836426e-01,9.999625682830810547e-01,9.999951124191284180e-01,-9.999794363975524902e-01,-9.999951720237731934e-01,9.999438524246215820e-01,9.999951124191284180e-01,-9.999971389770507812e-01,-9.999212026596069336e-01,-9.999963641166687012e-01,-9.999732375144958496e-01,9.999838471412658691e-01,9.999964833259582520e-01,-9.999666213989257812e-01,9.999963045120239258e-01,-9.999963641166687012e-01,9.999960660934448242e-01,-9.999133348464965820e-01,-9.999963641166687012e-01,9.999966621398925781e-01,-9.999943375587463379e-01,9.999419450759887695e-01,9.999974370002746582e-01,-9.999971389770507812e-01,9.999884366989135742e-01,-9.999951720237731934e-01,9.999967217445373535e-01,-9.999837279319763184e-01,-9.999284744262695312e-01,9.999961853027343750e-01,9.999654293060302734e-01,9.999747872352600098e-01,-9.999935626983642578e-01,-9.999879598617553711e-01,9.999963641166687012e-01,-9.999933838844299316e-01,9.999960660934448242e-01,-9.999953508377075195e-01,-9.999870061874389648e-01,9.999977350234985352e-01,-9.999963045120239258e-01,9.999964833259582520e-01,-9.999967813491821289e-01,9.998601675033569336e-01,-9.999942779541015625e-01,-9.999970793724060059e-01,9.999902248382568359e-01,9.999964833259582520e-01,-9.999950528144836426e-01,9.999774098396301270e-01,-9.999920725822448730e-01,-9.999679923057556152e-01,-9.999954700469970703e-01
-9.999880790710449219e-01,9.999870657920837402e-01,9.999271035194396973e-01,-9.999900460243225098e-01,-9.999924898147583008e-01,9.999901652336120605e-01,9.998765587806701660e-01,-9.999932646751403809e-01,9.999805092811584473e-01,-9.999750852584838867e-01,9.999272227287292480e-01,9.999924302101135254e-01,-9.999895691871643066e-01,-9.999802112579345703e-01,-9.995840787887573242e-01,-9.999863505363464355e-01,-9.999859333038330078e-01,9.999808669090270996e-01,9.991275072097778320e-01,9.999936819076538086e-01,9.999923110008239746e-01,-9.999129176139831543e-01,-9.999783039093017578e-01,-9.999890923500061035e-01,-9.972061514854431152e-01,-9.999936223030090332e-01,9.999886155128479004e-01,9.999927282333374023e-01,-9.999250173568725586e-01,9.999580383300781250e-01,9.999868273735046387e-01,9.999916553497314453e-01,-9.999819397926330566e-01,-9.999866485595703125e-01,9.999826550483703613e-01,9.999729990959167480e-01,-9.999929666519165039e-01,-9.999915361404418945e-01,-9.999542236328125000e-01,9.999918937683105469e-01,-9.999899268150329590e-01,9.999840855598449707e-01,-9.997368454933166504e-01,-9.999909400939941406e-01,-9.999769330024719238e-01,-9.999835491180419922e-01,-9.999697208404541016e-01,-9.999729990959167480e-01,-9.999917149543762207e-01,9.999905824661254883e-01,9.999914765357971191e-01,9.999800324440002441e-01,9.999901652336120605e-01,9.999154210090637207e-01,9.999774694442749023e-01,9.999818205833435059e-01,9.999866485595703125e-01,-9.994475245475769043e-01,-9.999831318855285645e-01,-9.999801516532897949e-01,9.999615550041198730e-01,-9.999922513961791992e-01,-9.999895095825195312e-01,-9.999688267707824707e-01,9.998219013214111328e-01,9.999918341636657715e-01,9.999927282333374023e-01,9.999430179595947266e-01,9.999859333038330078e-01,-9.999927878379821777e-01,9.999904036521911621e-01,-9.999821186065673828e-01,-9.999768137931823730e-01,9.999250769615173340e-01,-9.996024370193481445e-01,9.999855160713195801e-01,-9.998910427093505859e-01,-9.999859333038330078e-01,9.999399185180664062e-01,9.999859333038330078e-01,-9.998364448547363281e-01,-9.999859929084777832e-01,9.999918937683105469e-01,9.997704625129699707e-01,9.999899864196777344e-01,9.999220967292785645e-01,-9.999530315399169922e-01,-9.999901652336120605e-01,9.999027848243713379e-01,-9.999893903732299805e-01,9.999895691871643066e-01,-9.999891519546508789e-01,9.997474551200866699e-01,9.999898672103881836e-01,-9.999906420707702637e-01,9.999836087226867676e-01,-9.998309016227722168e-01,-9.999927282333374023e-01,9.999917745590209961e-01,-9.999660253524780273e-01,9.999859929084777832e-01,-9.999906420707702637e-01,9.999524950981140137e-01,9.997916817665100098e-01,-9.999890923500061035e-01,-9.998995661735534668e-01,-9.999264478683471680e-01,9.999813437461853027e-01,9.999651312828063965e-01,-9.999899268150329590e-01,9.999807476997375488e-01,-9.999890327453613281e-01,9.999865889549255371e-01,9.999620318412780762e-01,-9.999936819076538086e-01,9.999894499778747559e-01,-9.999895691871643066e-01,9.999910593032836914e-01,-9.995923042297363281e-01,9.999833703041076660e-01,9.999918341636657715e-01,-9.999715685844421387e-01,-9.999901652336120605e-01,9.999858140945434570e-01,-9.999341964721679688e-01,9.999769330024719238e-01,9.999069571495056152e-01,9.999868273735046387e-01
-9.999988079071044922e-01,9.999986886978149414e-01,9.999923110008239746e-01,-9.999989867210388184e-01,-9.999992251396179199e-01,9.999988675117492676e-01,9.999870657920837402e-01,-9.999993443489074707e-01,9.999979734420776367e-01,-9.999973177909851074e-01,9.999924302101135254e-01,9.999992251396179199e-01,-9.999989271163940430e-01,-9.999978542327880859e-01,-9.999560117721557617e-01,-9.999985098838806152e-01,-9.999985098838806152e-01,9.999979138374328613e-01,9.999074935913085938e-01,9.999994635581970215e-01,9.999992251396179199e-01,-9.999908208847045898e-01,-9.999976754188537598e-01,-9.999988079071044922e-01,-9.997034072875976562e-01,-9.999993443489074707e-01,9.999988079071044922e-01,9.999992847442626953e-01,-9.999920725822448730e-01,9.999956488609313965e-01,9.999985694885253906e-01,9.999992847442626953e-01,-9.999980330467224121e-01,-9.999985694885253906e-01,9.999981522560119629e-01,9.999970793724060059e-01,-9.999992847442626953e-01,-9.999992251396179199e-01,-9.999951720237731934e-01,9.999991655349731445e-01,-9.999989867210388184e-01,9.999982714653015137e-01,-9.999721646308898926e-01,-9.999991059303283691e-01,-9.999975562095642090e-01,-9.999982118606567383e-01,-9.999967217445373535e-01,-9.999971985816955566e-01,-9.999991655349731445e-01,9.999989867210388184e-01,9.999992251396179199e-01,9.999979138374328613e-01,9.999989271163940430e-01,9.999910593032836914e-01,9.999975562095642090e-01,9.999980330467224121e-01,9.999985694885253906e-01,-9.999415874481201172e-01,-9.999981522560119629e-01,-9.999978542327880859e-01,9.999960064888000488e-01,-9.999992251396179199e-01,-9.999989271163940430e-01,-9.999966621398925781e-01,9.999812245368957520e-01,9.999991655349731445e-01,9.999992847442626953e-01,9.999938607215881348e-01,9.999985098838806152e-01,-9.999993443489074707e-01,9.999990463256835938e-01,-9.999980926513671875e-01,-9.999975562095642090e-01,9.999920725822448730e-01,-9.999579787254333496e-01,9.999984502792358398e-01,-9.999884963035583496e-01,-9.999985098838806152e-01,9.999936223030090332e-01,9.999985098838806152e-01,-9.999827742576599121e-01,-9.999985098838806152e-01,9.999991655349731445e-01,9.999758005142211914e-01,9.999989867210388184e-01,9.999917745590209961e-01,-9.999950528144836426e-01,-9.999989271163940430e-01,9.999897480010986328e-01,-9.999989271163940430e-01,9.999988675117492676e-01,-9.999988079071044922e-01,9.999733567237854004e-01,9.999989271163940430e-01,-9.999990463256835938e-01,9.999982714653015137e-01,-9.999821782112121582e-01,-9.999993443489074707e-01,9.999992847442626953e-01,-9.999963641166687012e-01,9.999985098838806152e-01,-9.999990463256835938e-01,9.999949932098388672e-01,9.999780654907226562e-01,-9.999988079071044922e-01,-9.999893903732299805e-01,-9.999921917915344238e-01,9.999979734420776367e-01,9.999962449073791504e-01,-9.999989271163940430e-01,9.999979734420776367e-01,-9.999988079071044922e-01,9.999985694885253906e-01,9.999960660934448242e-01,-9.999994635581970215e-01,9.999989271163940430e-01,-9.999989271163940430e-01,9.999991059303283691e-01,-9.999569058418273926e-01,9.999982118606567383e-01,9.999991655349731445e-01,-9.999970197677612305e-01,-9.999989271163940430e-01,9.999984502792358398e-01,-9.999930262565612793e-01,9.999974966049194336e-01,9.999901056289672852e-01,9.999985694885253906e-01
