9.999980926513671875e-01,-9.999983310699462891e-01,-9.999847412109375000e-01,9.999982118606567383e-01,9.999987483024597168e-01,-9.999985098838806152e-01,9.999932050704956055e-01,9.999989867210388184e-01,-9.999967813491821289e-01,9.999966025352478027e-01,-9.999971389770507812e-01,-9.999988675117492676e-01,9.999980330467224121e-01,9.999977946281433105e-01,9.999543428421020508e-01,9.999977350234985352e-01,9.999976754188537598e-01,-9.999983906745910645e-01,9.999827146530151367e-01,-9.999990463256835938e-01,-9.999988675117492676e-01,9.999842047691345215e-01,9.999977946281433105e-01,9.999983906745910645e-01,9.999888539314270020e-01,9.999989271163940430e-01,-9.999983906745910645e-01,-9.999988675117492676e-01,9.999713897705078125e-01,-9.999962449073791504e-01,-9.999960660934448242e-01,-9.999986290931701660e-01,9.999951124191284180e-01,9.999976754188537598e-01,-9.999964833259582520e-01,-9.999917745590209961e-01,9.999989271163940430e-01,9.999985694885253906e-01,9.999926686286926270e-01,-9.999988079071044922e-01,9.999983906745910645e-01,-9.999971389770507812e-01,9.999291300773620605e-01,9.999985694885253906e-01,9.999969005584716797e-01,9.999976754188537598e-01,9.999938011169433594e-01,9.999977946281433105e-01,9.999988079071044922e-01,-9.999985694885253906e-01,-9.999986290931701660e-01,-9.999971985816955566e-01,-9.999985694885253906e-01,-9.999900460243225098e-01,-9.999957680702209473e-01,-9.999977946281433105e-01,-9.999977350234985352e-01,9.999716281890869141e-01,9.999977946281433105e-01,9.999979138374328613e-01,-9.999960064888000488e-01,9.999988675117492676e-01,9.999982118606567383e-01,9.999949336051940918e-01,-9.999954700469970703e-01,-9.999988079071044922e-01,-9.999988675117492676e-01,-9.999932646751403809e-01,-9.999983310699462891e-01,9.999988675117492676e-01,-9.999986886978149414e-01,9.999977946281433105e-01,9.999966025352478027e-01,-9.999883770942687988e-01,9.996096491813659668e-01,-9.999980330467224121e-01,9.999896287918090820e-01,9.999985098838806152e-01,-9.999893307685852051e-01,-9.999970793724060059e-01,-9.999478459358215332e-01,9.999973177909851074e-01,-9.999986886978149414e-01,9.999886751174926758e-01,-9.999983906745910645e-01,-9.999819397926330566e-01,9.999923110008239746e-01,9.999988079071044922e-01,-9.999654889106750488e-01,9.999976158142089844e-01,-9.999983310699462891e-01,9.999983906745910645e-01,-9.999721646308898926e-01,-9.999982118606567383e-01,9.999984502792358398e-01,-9.999976754188537598e-01,-9.999856352806091309e-01,9.999988675117492676e-01,-9.999986886978149414e-01,9.999884963035583496e-01,-9.999972581863403320e-01,9.999985694885253906e-01,-9.999824166297912598e-01,-9.999784827232360840e-01,9.999984502792358398e-01,9.999961256980895996e-01,9.999775290489196777e-01,-9.999974966049194336e-01,-9.999944567680358887e-01,9.999985694885253906e-01,-9.999976158142089844e-01,9.999985098838806152e-01,-9.999979138374328613e-01,-9.999896287918090820e-01,9.999989867210388184e-01,-9.999983310699462891e-01,9.999985098838806152e-01,-9.999986886978149414e-01,-9.999921917915344238e-01,-9.999980926513671875e-01,-9.999988675117492676e-01,9.999955892562866211e-01,9.999985694885253906e-01,-9.999972581863403320e-01,9.999669790267944336e-01,-9.999950528144836426e-01,9.999583363533020020e-01,-9.999976754188537598e-01
-9.999983310699462891e-01,9.999983310699462891e-01,9.999856352806091309e-01,-9.999983310699462891e-01,-9.999988079071044922e-01,9.999986290931701660e-01,-9.999935626983642578e-01,-9.999990463256835938e-01,9.999969601631164551e-01,-9.999967813491821289e-01,9.999973773956298828e-01,9.999989271163940430e-01,-9.999981522560119629e-01,-9.999979138374328613e-01,-9.999570250511169434e-01,-9.999978542327880859e-01,-9.999977946281433105e-01,9.999985098838806152e-01,-9.999837279319763184e-01,9.999991059303283691e-01,9.999988675117492676e-01,-9.999852776527404785e-01,-9.999979138374328613e-01,-9.999985098838806152e-01,-9.999895095825195312e-01,-9.999990463256835938e-01,9.999985098838806152e-01,9.999989271163940430e-01,-9.999730587005615234e-01,9.999964833259582520e-01,9.999961853027343750e-01,9.999986290931701660e-01,-9.999954104423522949e-01,-9.999977946281433105e-01,9.999966621398925781e-01,9.999923706054687500e-01,-9.999989867210388184e-01,-9.999987483024597168e-01,-9.999930858612060547e-01,9.999988675117492676e-01,-9.999984502792358398e-01,9.999972581863403320e-01,-9.999333024024963379e-01,-9.999987483024597168e-01,-9.999969601631164551e-01,-9.999978542327880859e-01,-9.999942183494567871e-01,-9.999979138374328613e-01,-9.999988675117492676e-01,9.999985694885253906e-01,9.999987483024597168e-01,9.999973177909851074e-01,9.999985694885253906e-01,9.999907016754150391e-01,9.999960064888000488e-01,9.999979138374328613e-01,9.999978542327880859e-01,-9.999734163284301758e-01,-9.999979138374328613e-01,-9.999980330467224121e-01,9.999961853027343750e-01,-9.999989271163940430e-01,-9.999982714653015137e-01,-9.999952316284179688e-01,9.999957680702209473e-01,9.999988675117492676e-01,9.999990463256835938e-01,9.999936819076538086e-01,9.999984502792358398e-01,-9.999989271163940430e-01,9.999986886978149414e-01,-9.999979138374328613e-01,-9.999967813491821289e-01,9.999890923500061035e-01,-9.996324181556701660e-01,9.999982118606567383e-01,-9.999901652336120605e-01,-9.999985694885253906e-01,9.999899864196777344e-01,9.999972581863403320e-01,9.999508857727050781e-01,-9.999974966049194336e-01,9.999987483024597168e-01,-9.999893307685852051e-01,9.999983906745910645e-01,9.999830126762390137e-01,-9.999927878379821777e-01,-9.999988675117492676e-01,9.999674558639526367e-01,-9.999976754188537598e-01,9.999983310699462891e-01,-9.999984502792358398e-01,9.999737739562988281e-01,9.999982118606567383e-01,-9.999985694885253906e-01,9.999977350234985352e-01,9.999864697456359863e-01,-9.999988675117492676e-01,9.999986886978149414e-01,-9.999891519546508789e-01,9.999974370002746582e-01,-9.999986886978149414e-01,9.999834299087524414e-01,9.999796748161315918e-01,-9.999985098838806152e-01,-9.999963641166687012e-01,-9.999789595603942871e-01,9.999976158142089844e-01,9.999948740005493164e-01,-9.999985694885253906e-01,9.999976754188537598e-01,-9.999985694885253906e-01,9.999980330467224121e-01,9.999902248382568359e-01,-9.999991059303283691e-01,9.999985098838806152e-01,-9.999986886978149414e-01,9.999987483024597168e-01,9.999927282333374023e-01,9.999980926513671875e-01,9.999989271163940430e-01,-9.999958276748657227e-01,-9.999987483024597168e-01,9.999974370002746582e-01,-9.999690055847167969e-01,9.999952316284179688e-01,-9.999608397483825684e-01,9.999978542327880859e-01
-9.999847412109375000e-01,9.999856352806091309e-01,9.998763203620910645e-01,-9.999848008155822754e-01,-9.999904632568359375e-01,9.999881982803344727e-01,-9.999439120292663574e-01,-9.999915361404418945e-01,9.999743700027465820e-01,-9.999728202819824219e-01,9.999769926071166992e-01,9.999905824661254883e-01,-9.999842643737792969e-01,-9.999817013740539551e-01,-9.996309280395507812e-01,-9.999814033508300781e-01,-9.999812841415405273e-01,9.999872446060180664e-01,-9.998594522476196289e-01,9.999918341636657715e-01,9.999908208847045898e-01,-9.998729825019836426e-01,-9.999822378158569336e-01,-9.999873042106628418e-01,-9.999094009399414062e-01,-9.999915957450866699e-01,9.999873042106628418e-01,9.999907016754150391e-01,-9.997670650482177734e-01,9.999700188636779785e-01,9.999675154685974121e-01,9.999883174896240234e-01,-9.999598264694213867e-01,-9.999814033508300781e-01,9.999719858169555664e-01,9.999333620071411133e-01,-9.999912977218627930e-01,-9.999887943267822266e-01,-9.999402761459350586e-01,9.999902844429016113e-01,-9.999870061874389648e-01,9.999769926071166992e-01,-9.994264841079711914e-01,-9.999884963035583496e-01,-9.999750852584838867e-01,-9.999813437461853027e-01,-9.999504089355468750e-01,-9.999818205833435059e-01,-9.999896883964538574e-01,9.999880790710449219e-01,9.999890923500061035e-01,9.999771118164062500e-01,9.999879002571105957e-01,9.999193549156188965e-01,9.999654889106750488e-01,9.999821782112121582e-01,9.999813437461853027e-01,-9.997702836990356445e-01,-9.999818205833435059e-01,-9.999833703041076660e-01,9.999675154685974121e-01,-9.999907612800598145e-01,-9.999855756759643555e-01,-9.999585151672363281e-01,9.999634027481079102e-01,9.999899864196777344e-01,9.999911785125732422e-01,9.999455213546752930e-01,9.999866485595703125e-01,-9.999903440475463867e-01,9.999886155128479004e-01,-9.999821186065673828e-01,-9.999727010726928711e-01,9.999058842658996582e-01,-9.968491196632385254e-01,9.999841451644897461e-01,-9.999157190322875977e-01,-9.999873042106628418e-01,9.999135732650756836e-01,9.999767541885375977e-01,9.995778799057006836e-01,-9.999793171882629395e-01,9.999896883964538574e-01,-9.999081492424011230e-01,9.999861717224121094e-01,9.998537302017211914e-01,-9.999378323554992676e-01,-9.999896883964538574e-01,9.997202754020690918e-01,-9.999802112579345703e-01,9.999856948852539062e-01,-9.999862909317016602e-01,9.997743964195251465e-01,9.999848604202270508e-01,-9.999876618385314941e-01,9.999807476997375488e-01,9.998834133148193359e-01,-9.999907612800598145e-01,9.999896883964538574e-01,-9.999067187309265137e-01,9.999781847000122070e-01,-9.999887943267822266e-01,9.998574256896972656e-01,9.998252391815185547e-01,-9.999873042106628418e-01,-9.999688863754272461e-01,-9.998180270195007324e-01,9.999793767929077148e-01,9.999549388885498047e-01,-9.999877214431762695e-01,9.999804496765136719e-01,-9.999879598617553711e-01,9.999832510948181152e-01,9.999150633811950684e-01,-9.999915957450866699e-01,9.999867677688598633e-01,-9.999881386756896973e-01,9.999895691871643066e-01,9.999364614486694336e-01,9.999839067459106445e-01,9.999903440475463867e-01,-9.999640583992004395e-01,-9.999887943267822266e-01,9.999781847000122070e-01,-9.997323155403137207e-01,9.999591112136840820e-01,-9.996622800827026367e-01,9.999816417694091797e-01
9.999982118606567383e-01,-9.999983310699462891e-01,-9.999848008155822754e-01,9.999982118606567383e-01,9.999988079071044922e-01,-9.999985098838806152e-01,9.999931454658508301e-01,9.999989867210388184e-01,-9.999967813491821289e-01,9.999966025352478027e-01,-9.999971985816955566e-01,-9.999988675117492676e-01,9.999980330467224121e-01,9.999977946281433105e-01,9.999546408653259277e-01,9.999976754188537598e-01,9.999976754188537598e-01,-9.999985098838806152e-01,9.999827742576599121e-01,-9.999990463256835938e-01,-9.999988675117492676e-01,9.999844431877136230e-01,9.999978542327880859e-01,9.999985098838806152e-01,9.999889135360717773e-01,9.999989867210388184e-01,-9.999984502792358398e-01,-9.999988675117492676e-01,9.999713897705078125e-01,-9.999962449073791504e-01,-9.999960660934448242e-01,-9.999986290931701660e-01,9.999951124191284180e-01,9.999976754188537598e-01,-9.999966025352478027e-01,-9.999918341636657715e-01,9.999989271163940430e-01,9.999986290931701660e-01,9.999926686286926270e-01,-9.999988079071044922e-01,9.999983906745910645e-01,-9.999971985816955566e-01,9.999295473098754883e-01,9.999986290931701660e-01,9.999969005584716797e-01,9.999977350234985352e-01,9.999939203262329102e-01,9.999977946281433105e-01,9.999988079071044922e-01,-9.999985098838806152e-01,-9.999986290931701660e-01,-9.999971389770507812e-01,-9.999985098838806152e-01,-9.999901652336120605e-01,-9.999957084655761719e-01,-9.999977946281433105e-01,-9.999977350234985352e-01,9.999718070030212402e-01,9.999977946281433105e-01,9.999979138374328613e-01,-9.999959468841552734e-01,9.999988675117492676e-01,9.999982118606567383e-01,9.999949932098388672e-01,-9.999955296516418457e-01,-9.999988079071044922e-01,-9.999989867210388184e-01,-9.999934434890747070e-01,-9.999984502792358398e-01,9.999988675117492676e-01,-9.999986886978149414e-01,9.999977946281433105e-01,9.999967217445373535e-01,-9.999884366989135742e-01,9.996117949485778809e-01,-9.999981522560119629e-01,9.999896883964538574e-01,9.999984502792358398e-01,-9.999893903732299805e-01,-9.999971389770507812e-01,-9.999480843544006348e-01,9.999973773956298828e-01,-9.999987483024597168e-01,9.999887943267822266e-01,-9.999982714653015137e-01,-9.999820590019226074e-01,9.999923706054687500e-01,9.999988079071044922e-01,-9.999656081199645996e-01,9.999976158142089844e-01,-9.999983310699462891e-01,9.999983906745910645e-01,-9.999724030494689941e-01,-9.999980926513671875e-01,9.999984502792358398e-01,-9.999976158142089844e-01,-9.999856948852539062e-01,9.999988079071044922e-01,-9.999986886978149414e-01,9.999885559082031250e-01,-9.999972581863403320e-01,9.999986886978149414e-01,-9.999824762344360352e-01,-9.999786019325256348e-01,9.999984502792358398e-01,9.999961256980895996e-01,9.999776482582092285e-01,-9.999974966049194336e-01,-9.999945759773254395e-01,9.999984502792358398e-01,-9.999976158142089844e-01,9.999985098838806152e-01,-9.999979138374328613e-01,-9.999896287918090820e-01,9.999989867210388184e-01,-9.999983310699462891e-01,9.999985098838806152e-01,-9.999986886978149414e-01,-9.999923110008239746e-01,-9.999979734420776367e-01,-9.999988675117492676e-01,9.999955892562866211e-01,9.999986290931701660e-01,-9.999973177909851074e-01,9.999672174453735352e-01,-9.999950528144836426e-01,9.999585747718811035e-01,-9.999977946281433105e-01
9.999987483024597168e-01,-9.999988079071044922e-01,-9.999904632568359375e-01,9.999988079071044922e-01,9.999992251396179199e-01,-9.999990463256835938e-01,9.999956488609313965e-01,9.999994635581970215e-01,-9.999979734420776367e-01,9.999978542327880859e-01,-9.999982118606567383e-01,-9.999992847442626953e-01,9.999986886978149414e-01,9.999985694885253906e-01,9.999715685844421387e-01,9.999984502792358398e-01,9.999985694885253906e-01,-9.999990463256835938e-01,9.999892115592956543e-01,-9.999994039535522461e-01,-9.999993443489074707e-01,9.999901652336120605e-01,9.999986290931701660e-01,9.999990463256835938e-01,9.999930262565612793e-01,9.999994039535522461e-01,-9.999990463256835938e-01,-9.999992251396179199e-01,9.999821186065673828e-01,-9.999976754188537598e-01,-9.999974966049194336e-01,-9.999991655349731445e-01,9.999968409538269043e-01,9.999985694885253906e-01,-9.999977350234985352e-01,-9.999948143959045410e-01,9.999992847442626953e-01,9.999991655349731445e-01,9.999953508377075195e-01,-9.999992251396179199e-01,9.999989867210388184e-01,-9.999980926513671875e-01,9.999558925628662109e-01,9.999991655349731445e-01,9.999979734420776367e-01,9.999985694885253906e-01,9.999961256980895996e-01,9.999986886978149414e-01,9.999991655349731445e-01,-9.999991059303283691e-01,-9.999992251396179199e-01,-9.999982118606567383e-01,-9.999989867210388184e-01,-9.999938011169433594e-01,-9.999972581863403320e-01,-9.999985098838806152e-01,-9.999984502792358398e-01,9.999823570251464844e-01,9.999985098838806152e-01,9.999986290931701660e-01,-9.999973773956298828e-01,9.999992251396179199e-01,9.999988079071044922e-01,9.999967813491821289e-01,-9.999970793724060059e-01,-9.999992847442626953e-01,-9.999993443489074707e-01,-9.999958276748657227e-01,-9.999988675117492676e-01,9.999992847442626953e-01,-9.999991655349731445e-01,9.999985098838806152e-01,9.999977946281433105e-01,-9.999926686286926270e-01,9.997570514678955078e-01,-9.999987483024597168e-01,9.999934434890747070e-01,9.999990463256835938e-01,-9.999933838844299316e-01,-9.999980926513671875e-01,-9.999674558639526367e-01,9.999982714653015137e-01,-9.999991655349731445e-01,9.999929666519165039e-01,-9.999989271163940430e-01,-9.999887943267822266e-01,9.999951720237731934e-01,9.999993443489074707e-01,-9.999785423278808594e-01,9.999984502792358398e-01,-9.999988675117492676e-01,9.999989271163940430e-01,-9.999825954437255859e-01,-9.999988079071044922e-01,9.999989867210388184e-01,-9.999985098838806152e-01,-9.999909996986389160e-01,9.999992251396179199e-01,-9.999991655349731445e-01,9.999928474426269531e-01,-9.999982118606567383e-01,9.999991655349731445e-01,-9.999889731407165527e-01,-9.999865889549255371e-01,9.999989867210388184e-01,9.999974966049194336e-01,9.999860525131225586e-01,-9.999985098838806152e-01,-9.999964833259582520e-01,9.999989867210388184e-01,-9.999985098838806152e-01,9.999991059303283691e-01,-9.999986886978149414e-01,-9.999935030937194824e-01,9.999993443489074707e-01,-9.999989867210388184e-01,9.999991059303283691e-01,-9.999991655349731445e-01,-9.999951124191284180e-01,-9.999987483024597168e-01,-9.999992847442626953e-01,9.999971389770507812e-01,9.999991655349731445e-01,-9.999982118606567383e-01,9.999794363975524902e-01,-9.999968409538269043e-01,9.999741911888122559e-01,-9.999985098838806152e-01
-9.999985098838806152e-01,9.999986290931701660e-01,9.999881982803344727e-01,-9.999985098838806152e-01,-9.999990463256835938e-01,9.999988079071044922e-01,-9.999946355819702148e-01,-9.999992251396179199e-01,9.999974966049194336e-01,-9.999973177909851074e-01,9.999977350234985352e-01,9.999991655349731445e-01,-9.999983906745910645e-01,-9.999982118606567383e-01,-9.999646544456481934e-01,-9.999980926513671875e-01,-9.999980926513671875e-01,9.999986886978149414e-01,-9.999864697456359863e-01,9.999992847442626953e-01,9.999990463256835938e-01,-9.999877810478210449e-01,-9.999981522560119629e-01,-9.999987483024597168e-01,-9.999913573265075684e-01,-9.999991655349731445e-01,9.999986886978149414e-01,9.999990463256835938e-01,-9.999777674674987793e-01,9.999970197677612305e-01,9.999968409538269043e-01,9.999988675117492676e-01,-9.999961256980895996e-01,-9.999982118606567383e-01,9.999971985816955566e-01,9.999935626983642578e-01,-9.999991059303283691e-01,-9.999988675117492676e-01,-9.999942183494567871e-01,9.999991059303283691e-01,-9.999987483024597168e-01,9.999977350234985352e-01,-9.999451637268066406e-01,-9.999988079071044922e-01,-9.999974966049194336e-01,-9.999982118606567383e-01,-9.999951720237731934e-01,-9.999982118606567383e-01,-9.999990463256835938e-01,9.999988675117492676e-01,9.999989271163940430e-01,9.999977946281433105e-01,9.999988079071044922e-01,9.999921917915344238e-01,9.999965429306030273e-01,9.999982714653015137e-01,9.999982118606567383e-01,-9.999780654907226562e-01,-9.999982714653015137e-01,-9.999983906745910645e-01,9.999967813491821289e-01,-9.999990463256835938e-01,-9.999985694885253906e-01,-9.999960064888000488e-01,9.999963641166687012e-01,9.999991059303283691e-01,9.999991655349731445e-01,9.999948143959045410e-01,9.999986886978149414e-01,-9.999991059303283691e-01,9.999989271163940430e-01,-9.999981522560119629e-01,-9.999973773956298828e-01,9.999909400939941406e-01,-9.996976256370544434e-01,9.999984502792358398e-01,-9.999918341636657715e-01,-9.999987483024597168e-01,9.999917149543762207e-01,9.999977350234985352e-01,9.999595284461975098e-01,-9.999978542327880859e-01,9.999990463256835938e-01,-9.999912381172180176e-01,9.999986886978149414e-01,9.999859333038330078e-01,-9.999940395355224609e-01,-9.999990463256835938e-01,9.999731779098510742e-01,-9.999980926513671875e-01,9.999985098838806152e-01,-9.999986886978149414e-01,9.999784231185913086e-01,9.999985098838806152e-01,-9.999987483024597168e-01,9.999981522560119629e-01,9.999888539314270020e-01,-9.999991655349731445e-01,9.999989271163940430e-01,-9.999909996986389160e-01,9.999979138374328613e-01,-9.999988675117492676e-01,9.999863505363464355e-01,9.999832510948181152e-01,-9.999986886978149414e-01,-9.999969005584716797e-01,-9.999825954437255859e-01,9.999979734420776367e-01,9.999957084655761719e-01,-9.999988079071044922e-01,9.999980926513671875e-01,-9.999987483024597168e-01,9.999982714653015137e-01,9.999918937683105469e-01,-9.999991655349731445e-01,9.999987483024597168e-01,-9.999988675117492676e-01,9.999990463256835938e-01,9.999939203262329102e-01,9.999984502792358398e-01,9.999991059303283691e-01,-9.999964237213134766e-01,-9.999988675117492676e-01,9.999978542327880859e-01,-9.999744296073913574e-01,9.999960064888000488e-01,-9.999677538871765137e-01,9.999982118606567383e-01
9.999932050704956055e-01,-9.999935626983642578e-01,-9.999439120292663574e-01,9.999931454658508301e-01,9.999956488609313965e-01,-9.999946355819702148e-01,9.999746084213256836e-01,9.999960660934448242e-01,-9.999884366989135742e-01,9.999877214431762695e-01,-9.999895691871643066e-01,-9.999957680702209473e-01,9.999928474426269531e-01,9.999917745590209961e-01,9.998326301574707031e-01,9.999916553497314453e-01,9.999915361404418945e-01,-9.999942183494567871e-01,9.999363422393798828e-01,-9.999963045120239258e-01,-9.999958276748657227e-01,9.999424815177917480e-01,9.999919533729553223e-01,9.999942779541015625e-01,9.999589323997497559e-01,9.999961853027343750e-01,-9.999942183494567871e-01,-9.999958276748657227e-01,9.998943209648132324e-01,-9.999864101409912109e-01,-9.999853968620300293e-01,-9.999946951866149902e-01,9.999818801879882812e-01,9.999915957450866699e-01,-9.999873042106628418e-01,-9.999699592590332031e-01,9.999960064888000488e-01,9.999949336051940918e-01,9.999729990959167480e-01,-9.999955296516418457e-01,9.999940991401672363e-01,-9.999896287918090820e-01,9.997399449348449707e-01,9.999948143959045410e-01,9.999887347221374512e-01,9.999915957450866699e-01,9.999775886535644531e-01,9.999918341636657715e-01,9.999954104423522949e-01,-9.999945759773254395e-01,-9.999951720237731934e-01,-9.999897480010986328e-01,-9.999946355819702148e-01,-9.999634623527526855e-01,-9.999843835830688477e-01,-9.999919533729553223e-01,-9.999915361404418945e-01,9.998958706855773926e-01,9.999918341636657715e-01,9.999924898147583008e-01,-9.999853372573852539e-01,9.999958276748657227e-01,9.999934434890747070e-01,9.999812841415405273e-01,-9.999834299087524414e-01,-9.999955296516418457e-01,-9.999959468841552734e-01,-9.999753236770629883e-01,-9.999939203262329102e-01,9.999957084655761719e-01,-9.999949336051940918e-01,9.999919533729553223e-01,9.999877214431762695e-01,-9.999573230743408203e-01,9.985688924789428711e-01,-9.999927878379821777e-01,9.999617934226989746e-01,9.999942779541015625e-01,-9.999608397483825684e-01,-9.999895691871643066e-01,-9.998086690902709961e-01,9.999905824661254883e-01,-9.999953508377075195e-01,9.999583363533020020e-01,-9.999938607215881348e-01,-9.999337196350097656e-01,9.999718666076660156e-01,9.999954104423522949e-01,-9.998731613159179688e-01,9.999911189079284668e-01,-9.999936223030090332e-01,9.999938011169433594e-01,-9.998977184295654297e-01,-9.999932050704956055e-01,9.999944567680358887e-01,-9.999913573265075684e-01,-9.999471306800842285e-01,9.999958276748657227e-01,-9.999952912330627441e-01,9.999576807022094727e-01,-9.999901652336120605e-01,9.999949336051940918e-01,-9.999353289604187012e-01,-9.999207854270935059e-01,9.999942779541015625e-01,9.999859333038330078e-01,9.999174475669860840e-01,-9.999907016754150391e-01,-9.999796748161315918e-01,9.999945163726806641e-01,-9.999911785125732422e-01,9.999945759773254395e-01,-9.999924302101135254e-01,-9.999614953994750977e-01,9.999960660934448242e-01,-9.999940991401672363e-01,9.999946951866149902e-01,-9.999952912330627441e-01,-9.999712705612182617e-01,-9.999927282333374023e-01,-9.999956488609313965e-01,9.999837279319763184e-01,9.999949336051940918e-01,-9.999901652336120605e-01,9.998785853385925293e-01,-9.999814629554748535e-01,9.998469352722167969e-01,-9.999916553497314453e-01
9.999989867210388184e-01,-9.999990463256835938e-01,-9.999915361404418945e-01,9.999989867210388184e-01,9.999994635581970215e-01,-9.999992251396179199e-01,9.999960660934448242e-01,9.999995231628417969e-01,-9.999983310699462891e-01,9.999980926513671875e-01,-9.999985098838806152e-01,-9.999994635581970215e-01,9.999989867210388184e-01,9.999988079071044922e-01,9.999746084213256836e-01,9.999986886978149414e-01,9.999987483024597168e-01,-9.999992847442626953e-01,9.999902844429016113e-01,-9.999994635581970215e-01,-9.999994039535522461e-01,9.999912381172180176e-01,9.999987483024597168e-01,9.999991655349731445e-01,9.999938607215881348e-01,9.999994635581970215e-01,-9.999991655349731445e-01,-9.999994039535522461e-01,9.999839663505554199e-01,-9.999979734420776367e-01,-9.999977946281433105e-01,-9.999992251396179199e-01,9.999972581863403320e-01,9.999986886978149414e-01,-9.999980330467224121e-01,-9.999954700469970703e-01,9.999994039535522461e-01,9.999993443489074707e-01,9.999958872795104980e-01,-9.999993443489074707e-01,9.999992251396179199e-01,-9.999984502792358398e-01,9.999604225158691406e-01,9.999992251396179199e-01,9.999982714653015137e-01,9.999987483024597168e-01,9.999965429306030273e-01,9.999988079071044922e-01,9.999993443489074707e-01,-9.999992847442626953e-01,-9.999994039535522461e-01,-9.999983906745910645e-01,-9.999992847442626953e-01,-9.999944567680358887e-01,-9.999976158142089844e-01,-9.999988079071044922e-01,-9.999987483024597168e-01,9.999842643737792969e-01,9.999988079071044922e-01,9.999988079071044922e-01,-9.999977946281433105e-01,9.999994039535522461e-01,9.999990463256835938e-01,9.999971985816955566e-01,-9.999974370002746582e-01,-9.999994039535522461e-01,-9.999994635581970215e-01,-9.999961853027343750e-01,-9.999991059303283691e-01,9.999994635581970215e-01,-9.999993443489074707e-01,9.999987483024597168e-01,9.999980926513671875e-01,-9.999935030937194824e-01,9.997817277908325195e-01,-9.999989271163940430e-01,9.999940991401672363e-01,9.999992847442626953e-01,-9.999940395355224609e-01,-9.999983906745910645e-01,-9.999708533287048340e-01,9.999985694885253906e-01,-9.999993443489074707e-01,9.999937415122985840e-01,-9.999991059303283691e-01,-9.999899268150329590e-01,9.999957084655761719e-01,9.999994039535522461e-01,-9.999806880950927734e-01,9.999986886978149414e-01,-9.999990463256835938e-01,9.999992251396179199e-01,-9.999845623970031738e-01,-9.999989867210388184e-01,9.999991655349731445e-01,-9.999987483024597168e-01,-9.999920129776000977e-01,9.999994039535522461e-01,-9.999993443489074707e-01,9.999936819076538086e-01,-9.999984502792358398e-01,9.999992847442626953e-01,-9.999902248382568359e-01,-9.999880194664001465e-01,9.999991655349731445e-01,9.999978542327880859e-01,9.999874234199523926e-01,-9.999986290931701660e-01,-9.999968409538269043e-01,9.999992847442626953e-01,-9.999986290931701660e-01,9.999992847442626953e-01,-9.999988079071044922e-01,-9.999942183494567871e-01,9.999994635581970215e-01,-9.999991059303283691e-01,9.999992251396179199e-01,-9.999994039535522461e-01,-9.999957084655761719e-01,-9.999989271163940430e-01,-9.999994635581970215e-01,9.999974966049194336e-01,9.999993443489074707e-01,-9.999984502792358398e-01,9.999815821647644043e-01,-9.999971389770507812e-01,9.999767541885375977e-01,-9.999988079071044922e-01
-9.999967813491821289e-01,9.999969601631164551e-01,9.999743700027465820e-01,-9.999967813491821289e-01,-9.999979734420776367e-01,9.999974966049194336e-01,-9.999884366989135742e-01,-9.999983310699462891e-01,9.999946951866149902e-01,-9.999943971633911133e-01,9.999952316284179688e-01,9.999981522560119629e-01,-9.999966621398925781e-01,-9.999962449073791504e-01,-9.999232888221740723e-01,-9.999960660934448242e-01,-9.999960660934448242e-01,9.999973177909851074e-01,-9.999708533287048340e-01,9.999982714653015137e-01,9.999979734420776367e-01,-9.999737143516540527e-01,-9.999962449073791504e-01,-9.999973177909851074e-01,-9.999812245368957520e-01,-9.999982118606567383e-01,9.999972581863403320e-01,9.999980330467224121e-01,-9.999516010284423828e-01,9.999938011169433594e-01,9.999933838844299316e-01,9.999975562095642090e-01,-9.999917149543762207e-01,-9.999961256980895996e-01,9.999941587448120117e-01,9.999861717224121094e-01,-9.999981522560119629e-01,-9.999976754188537598e-01,-9.999876618385314941e-01,9.999979138374328613e-01,-9.999972581863403320e-01,9.999952912330627441e-01,-9.998807907104492188e-01,-9.999976754188537598e-01,-9.999947547912597656e-01,-9.999960660934448242e-01,-9.999897480010986328e-01,-9.999961853027343750e-01,-9.999978542327880859e-01,9.999975562095642090e-01,9.999977350234985352e-01,9.999953508377075195e-01,9.999975562095642090e-01,9.999833106994628906e-01,9.999927282333374023e-01,9.999962449073791504e-01,9.999960660934448242e-01,-9.999523162841796875e-01,-9.999961853027343750e-01,-9.999964833259582520e-01,9.999932646751403809e-01,-9.999980926513671875e-01,-9.999969601631164551e-01,-9.999914765357971191e-01,9.999923110008239746e-01,9.999979138374328613e-01,9.999981522560119629e-01,9.999886751174926758e-01,9.999971985816955566e-01,-9.999980330467224121e-01,9.999976754188537598e-01,-9.999961256980895996e-01,-9.999943375587463379e-01,9.999805092811584473e-01,-9.993438124656677246e-01,9.999967813491821289e-01,-9.999824762344360352e-01,-9.999973177909851074e-01,9.999821186065673828e-01,9.999951720237731934e-01,9.999122619628906250e-01,-9.999956488609313965e-01,9.999977946281433105e-01,-9.999809265136718750e-01,9.999970793724060059e-01,9.999696612358093262e-01,-9.999871253967285156e-01,-9.999979138374328613e-01,9.999418854713439941e-01,-9.999959468841552734e-01,9.999969601631164551e-01,-9.999970793724060059e-01,9.999531507492065430e-01,9.999967813491821289e-01,-9.999973177909851074e-01,9.999960660934448242e-01,9.999759197235107422e-01,-9.999980926513671875e-01,9.999977350234985352e-01,-9.999806284904479980e-01,9.999954700469970703e-01,-9.999976158142089844e-01,9.999704360961914062e-01,9.999637007713317871e-01,-9.999973177909851074e-01,-9.999935626983642578e-01,-9.999621510505676270e-01,9.999957680702209473e-01,9.999907016754150391e-01,-9.999974966049194336e-01,9.999960064888000488e-01,-9.999974966049194336e-01,9.999964833259582520e-01,9.999824762344360352e-01,-9.999982714653015137e-01,9.999973177909851074e-01,-9.999974966049194336e-01,9.999977946281433105e-01,9.999869465827941895e-01,9.999966025352478027e-01,9.999979734420776367e-01,-9.999925494194030762e-01,-9.999976158142089844e-01,9.999954700469970703e-01,-9.999443888664245605e-01,9.999915361404418945e-01,-9.999298453330993652e-01,9.999961256980895996e-01
9.999966025352478027e-01,-9.999967813491821289e-01,-9.999728202819824219e-01,9.999966025352478027e-01,9.999978542327880859e-01,-9.999973177909851074e-01,9.999877214431762695e-01,9.999980926513671875e-01,-9.999943971633911133e-01,9.999940395355224609e-01,-9.999949336051940918e-01,-9.999979138374328613e-01,9.999964833259582520e-01,9.999959468841552734e-01,9.999190568923950195e-01,9.999959468841552734e-01,9.999958276748657227e-01,-9.999970793724060059e-01,9.999692440032958984e-01,-9.999982118606567383e-01,-9.999979138374328613e-01,9.999721646308898926e-01,9.999960660934448242e-01,9.999971389770507812e-01,9.999802112579345703e-01,9.999980330467224121e-01,-9.999970793724060059e-01,-9.999977946281433105e-01,9.999487996101379395e-01,-9.999933242797851562e-01,-9.999929070472717285e-01,-9.999973177909851074e-01,9.999912381172180176e-01,9.999958872795104980e-01,-9.999937415122985840e-01,-9.999853372573852539e-01,9.999980926513671875e-01,9.999974370002746582e-01,9.999868869781494141e-01,-9.999977946281433105e-01,9.999970197677612305e-01,-9.999949336051940918e-01,9.998742341995239258e-01,9.999973773956298828e-01,9.999944567680358887e-01,9.999959468841552734e-01,9.999890923500061035e-01,9.999959468841552734e-01,9.999976158142089844e-01,-9.999973773956298828e-01,-9.999974966049194336e-01,-9.999949932098388672e-01,-9.999972581863403320e-01,-9.999822974205017090e-01,-9.999923706054687500e-01,-9.999960660934448242e-01,-9.999958276748657227e-01,9.999496340751647949e-01,9.999959468841552734e-01,9.999961853027343750e-01,-9.999927878379821777e-01,9.999979138374328613e-01,9.999967813491821289e-01,9.999909400939941406e-01,-9.999918937683105469e-01,-9.999977350234985352e-01,-9.999980330467224121e-01,-9.999880790710449219e-01,-9.999969601631164551e-01,9.999978542327880859e-01,-9.999974370002746582e-01,9.999960660934448242e-01,9.999940395355224609e-01,-9.999794363975524902e-01,9.993076324462890625e-01,-9.999964833259582520e-01,9.999815225601196289e-01,9.999971389770507812e-01,-9.999810457229614258e-01,-9.999948740005493164e-01,-9.999073743820190430e-01,9.999953508377075195e-01,-9.999976158142089844e-01,9.999799132347106934e-01,-9.999969601631164551e-01,-9.999679327011108398e-01,9.999864101409912109e-01,9.999977350234985352e-01,-9.999385476112365723e-01,9.999956488609313965e-01,-9.999967217445373535e-01,9.999968409538269043e-01,-9.999505281448364258e-01,-9.999966025352478027e-01,9.999971985816955566e-01,-9.999957680702209473e-01,-9.999744892120361328e-01,9.999978542327880859e-01,-9.999975562095642090e-01,9.999794960021972656e-01,-9.999951720237731934e-01,9.999974370002746582e-01,-9.999687671661376953e-01,-9.999616742134094238e-01,9.999970197677612305e-01,9.999932050704956055e-01,9.999600052833557129e-01,-9.999954700469970703e-01,-9.999901652336120605e-01,9.999972581863403320e-01,-9.999957084655761719e-01,9.999972581863403320e-01,-9.999963045120239258e-01,-9.999813437461853027e-01,9.999980330467224121e-01,-9.999970793724060059e-01,9.999973177909851074e-01,-9.999976158142089844e-01,-9.999861121177673340e-01,-9.999964237213134766e-01,-9.999978542327880859e-01,9.999920129776000977e-01,9.999974370002746582e-01,-9.999951720237731934e-01,9.999412894248962402e-01,-9.999909996986389160e-01,9.999260306358337402e-01,-9.999960064888000488e-01
-9.999971389770507812e-01,9.999973773956298828e-01,9.999769926071166992e-01,-9.999971985816955566e-01,-9.999982118606567383e-01,9.999977350234985352e-01,-9.999895691871643066e-01,-9.999985098838806152e-01,9.999952316284179688e-01,-9.999949336051940918e-01,9.999957084655761719e-01,9.999982118606567383e-01,-9.999970197677612305e-01,-9.999965429306030273e-01,-9.999311566352844238e-01,-9.999964833259582520e-01,-9.999964833259582520e-01,9.999975562095642090e-01,-9.999739527702331543e-01,9.999984502792358398e-01,9.999982714653015137e-01,-9.999762773513793945e-01,-9.999966621398925781e-01,-9.999976158142089844e-01,-9.999831318855285645e-01,-9.999984502792358398e-01,9.999976158142089844e-01,9.999982714653015137e-01,-9.999566078186035156e-01,9.999943971633911133e-01,9.999939799308776855e-01,9.999977946281433105e-01,-9.999926090240478516e-01,-9.999964833259582520e-01,9.999947547912597656e-01,9.999876022338867188e-01,-9.999983906745910645e-01,-9.999978542327880859e-01,-9.999889135360717773e-01,9.999981522560119629e-01,-9.999975562095642090e-01,9.999957084655761719e-01,-9.998931288719177246e-01,-9.999979138374328613e-01,-9.999953508377075195e-01,-9.999964833259582520e-01,-9.999907016754150391e-01,-9.999966621398925781e-01,-9.999980330467224121e-01,9.999977350234985352e-01,9.999980330467224121e-01,9.999957680702209473e-01,9.999977350234985352e-01,9.999850988388061523e-01,9.999935626983642578e-01,9.999966621398925781e-01,9.999964833259582520e-01,-9.999572038650512695e-01,-9.999966025352478027e-01,-9.999968409538269043e-01,9.999939799308776855e-01,-9.999982714653015137e-01,-9.999973177909851074e-01,-9.999923110008239746e-01,9.999932050704956055e-01,9.999980926513671875e-01,9.999983310699462891e-01,9.999899268150329590e-01,9.999974966049194336e-01,-9.999981522560119629e-01,9.999978542327880859e-01,-9.999966621398925781e-01,-9.999949932098388672e-01,9.999824762344360352e-01,-9.994111657142639160e-01,9.999970793724060059e-01,-9.999843239784240723e-01,-9.999976754188537598e-01,9.999839067459106445e-01,9.999957084655761719e-01,9.999212026596069336e-01,-9.999961256980895996e-01,9.999980926513671875e-01,-9.999829530715942383e-01,9.999973773956298828e-01,9.999727606773376465e-01,-9.999884366989135742e-01,-9.999981522560119629e-01,9.999478459358215332e-01,-9.999962449073791504e-01,9.999973177909851074e-01,-9.999974966049194336e-01,9.999579191207885742e-01,9.999971389770507812e-01,-9.999976158142089844e-01,9.999964833259582520e-01,9.999783039093017578e-01,-9.999982714653015137e-01,9.999980330467224121e-01,-9.999826550483703613e-01,9.999959468841552734e-01,-9.999979138374328613e-01,9.999734759330749512e-01,9.999673962593078613e-01,-9.999975562095642090e-01,-9.999942183494567871e-01,-9.999660849571228027e-01,9.999961853027343750e-01,9.999916553497314453e-01,-9.999976754188537598e-01,9.999963045120239258e-01,-9.999977350234985352e-01,9.999968409538269043e-01,9.999842047691345215e-01,-9.999983310699462891e-01,9.999975562095642090e-01,-9.999977350234985352e-01,9.999979138374328613e-01,9.999882578849792480e-01,9.999969601631164551e-01,9.999982714653015137e-01,-9.999933242797851562e-01,-9.999978542327880859e-01,9.999959468841552734e-01,-9.999500513076782227e-01,9.999924898147583008e-01,-9.999371170997619629e-01,9.999965429306030273e-01
-9.999988675117492676e-01,9.999989271163940430e-01,9.999905824661254883e-01,-9.999988675117492676e-01,-9.999992847442626953e-01,9.999991655349731445e-01,-9.999957680702209473e-01,-9.999994635581970215e-01,9.999981522560119629e-01,-9.999979138374328613e-01,9.999982118606567383e-01,9.999992847442626953e-01,-9.999988675117492676e-01,-9.999986886978149414e-01,-9.999718666076660156e-01,-9.999985694885253906e-01,-9.999985694885253906e-01,9.999991655349731445e-01,-9.999893903732299805e-01,9.999994635581970215e-01,9.999993443489074707e-01,-9.999904036521911621e-01,-9.999986290931701660e-01,-9.999992251396179199e-01,-9.999930858612060547e-01,-9.999994039535522461e-01,9.999991059303283691e-01,9.999993443489074707e-01,-9.999822974205017090e-01,9.999977350234985352e-01,9.999975562095642090e-01,9.999991655349731445e-01,-9.999969601631164551e-01,-9.999986290931701660e-01,9.999979138374328613e-01,9.999949336051940918e-01,-9.999993443489074707e-01,-9.999992847442626953e-01,-9.999954700469970703e-01,9.999992847442626953e-01,-9.999990463256835938e-01,9.999982118606567383e-01,-9.999562501907348633e-01,-9.999992847442626953e-01,-9.999980926513671875e-01,-9.999985694885253906e-01,-9.999961853027343750e-01,-9.999987483024597168e-01,-9.999992251396179199e-01,9.999992251396179199e-01,9.999992251396179199e-01,9.999982118606567383e-01,9.999992251396179199e-01,9.999938607215881348e-01,9.999973177909851074e-01,9.999986290931701660e-01,9.999986290931701660e-01,-9.999825358390808105e-01,-9.999986886978149414e-01,-9.999986886978149414e-01,9.999974966049194336e-01,-9.999994039535522461e-01,-9.999989271163940430e-01,-9.999969005584716797e-01,9.999971985816955566e-01,9.999993443489074707e-01,9.999993443489074707e-01,9.999958872795104980e-01,9.999990463256835938e-01,-9.999992847442626953e-01,9.999992847442626953e-01,-9.999986290931701660e-01,-9.999979734420776367e-01,9.999928474426269531e-01,-9.997588992118835449e-01,9.999987483024597168e-01,-9.999935626983642578e-01,-9.999991059303283691e-01,9.999934434890747070e-01,9.999982118606567383e-01,9.999678134918212891e-01,-9.999983310699462891e-01,9.999992251396179199e-01,-9.999930858612060547e-01,9.999989271163940430e-01,9.999889135360717773e-01,-9.999952912330627441e-01,-9.999993443489074707e-01,9.999787807464599609e-01,-9.999985694885253906e-01,9.999988675117492676e-01,-9.999989867210388184e-01,9.999828338623046875e-01,9.999988675117492676e-01,-9.999991059303283691e-01,9.999985098838806152e-01,9.999911189079284668e-01,-9.999993443489074707e-01,9.999992251396179199e-01,-9.999929070472717285e-01,9.999983310699462891e-01,-9.999991655349731445e-01,9.999892115592956543e-01,9.999867677688598633e-01,-9.999991059303283691e-01,-9.999976158142089844e-01,-9.999862313270568848e-01,9.999985098838806152e-01,9.999966025352478027e-01,-9.999991059303283691e-01,9.999985098838806152e-01,-9.999991059303283691e-01,9.999986886978149414e-01,9.999936223030090332e-01,-9.999993443489074707e-01,9.999990463256835938e-01,-9.999991655349731445e-01,9.999992251396179199e-01,9.999952316284179688e-01,9.999988079071044922e-01,9.999994039535522461e-01,-9.999971985816955566e-01,-9.999992847442626953e-01,9.999983310699462891e-01,-9.999796748161315918e-01,9.999969005584716797e-01,-9.999743700027465820e-01,9.999985694885253906e-01
