9.999982714653015137e-01,-9.999984502792358398e-01,-9.999888539314270020e-01,9.999980926513671875e-01,9.999988675117492676e-01,-9.999986290931701660e-01,9.999956488609313965e-01,9.999989867210388184e-01,-9.999974370002746582e-01,9.999974370002746582e-01,-9.999983310699462891e-01,-9.999988675117492676e-01,9.999980926513671875e-01,9.999982118606567383e-01,9.999795556068420410e-01,9.999973177909851074e-01,9.999975562095642090e-01,-9.999985694885253906e-01,9.999929070472717285e-01,-9.999989867210388184e-01,-9.999989271163940430e-01,9.999880790710449219e-01,9.999982714653015137e-01,9.999984502792358398e-01,9.999891519546508789e-01,9.999989867210388184e-01,-9.999983310699462891e-01,-9.999988675117492676e-01,9.999812841415405273e-01,-9.999957084655761719e-01,-9.999936819076538086e-01,-9.999985098838806152e-01,9.999921917915344238e-01,9.999971389770507812e-01,-9.999970197677612305e-01,-9.999774098396301270e-01,9.999989271163940430e-01,9.999986290931701660e-01,9.999928474426269531e-01,-9.999988079071044922e-01,9.999985694885253906e-01,-9.999966025352478027e-01,9.999710917472839355e-01,9.999987483024597168e-01,9.999980926513671875e-01,9.999980926513671875e-01,-9.999740123748779297e-01,9.999982714653015137e-01,9.999986886978149414e-01,-9.999985694885253906e-01,-9.999986290931701660e-01,-9.999978542327880859e-01,-9.999986886978149414e-01,-9.999915361404418945e-01,-9.999972581863403320e-01,-9.999980926513671875e-01,-9.999967813491821289e-01,9.998508095741271973e-01,9.999976158142089844e-01,9.999983906745910645e-01,-9.999979734420776367e-01,9.999989271163940430e-01,9.999981522560119629e-01,9.999950528144836426e-01,-9.999957084655761719e-01,-9.999988079071044922e-01,-9.999990463256835938e-01,-9.999952316284179688e-01,-9.999987483024597168e-01,9.999986886978149414e-01,-9.999986290931701660e-01,9.999980330467224121e-01,9.999959468841552734e-01,-9.999922513961791992e-01,-9.999383091926574707e-01,-9.999982118606567383e-01,9.999929070472717285e-01,9.999986290931701660e-01,-9.999932050704956055e-01,-9.999966025352478027e-01,-9.999402165412902832e-01,9.999974966049194336e-01,-9.999988079071044922e-01,9.999964833259582520e-01,-9.999981522560119629e-01,-9.999866485595703125e-01,9.999894499778747559e-01,9.999987483024597168e-01,9.999409317970275879e-01,9.999952316284179688e-01,-9.999977350234985352e-01,9.999983310699462891e-01,-9.999766945838928223e-01,-9.999979734420776367e-01,9.999984502792358398e-01,-9.999979138374328613e-01,-9.999918937683105469e-01,9.999988675117492676e-01,-9.999986886978149414e-01,9.999906420707702637e-01,-9.999970197677612305e-01,9.999986290931701660e-01,-9.999726414680480957e-01,-9.999631643295288086e-01,9.999985694885253906e-01,9.999971389770507812e-01,-9.999190568923950195e-01,-9.999978542327880859e-01,-9.999941587448120117e-01,9.999983906745910645e-01,-9.999979734420776367e-01,9.999985098838806152e-01,-9.999982118606567383e-01,-9.999830722808837891e-01,9.999990463256835938e-01,-9.999982118606567383e-01,9.999987483024597168e-01,-9.999986290931701660e-01,-9.999943971633911133e-01,-9.999980330467224121e-01,-9.999987483024597168e-01,9.999958276748657227e-01,9.999985694885253906e-01,-9.999975562095642090e-01,-9.999752044677734375e-01,-9.999955296516418457e-01,9.999886751174926758e-01,-9.999970197677612305e-01
-9.999984502792358398e-01,9.999987483024597168e-01,9.999908208847045898e-01,-9.999985098838806152e-01,-9.999991655349731445e-01,9.999989271163940430e-01,-9.999964237213134766e-01,-9.999992251396179199e-01,9.999979138374328613e-01,-9.999979138374328613e-01,9.999986290931701660e-01,9.999991059303283691e-01,-9.999984502792358398e-01,-9.999986290931701660e-01,-9.999832510948181152e-01,-9.999977946281433105e-01,-9.999979734420776367e-01,9.999988675117492676e-01,-9.999941587448120117e-01,9.999991655349731445e-01,9.999991655349731445e-01,-9.999901652336120605e-01,-9.999985694885253906e-01,-9.999988079071044922e-01,-9.999911785125732422e-01,-9.999992251396179199e-01,9.999987483024597168e-01,9.999990463256835938e-01,-9.999845623970031738e-01,9.999964833259582520e-01,9.999948740005493164e-01,9.999987483024597168e-01,-9.999936819076538086e-01,-9.999976158142089844e-01,9.999975562095642090e-01,9.999815225601196289e-01,-9.999992251396179199e-01,-9.999988675117492676e-01,-9.999940991401672363e-01,9.999991059303283691e-01,-9.999988079071044922e-01,9.999971985816955566e-01,-9.999763369560241699e-01,-9.999990463256835938e-01,-9.999983310699462891e-01,-9.999983906745910645e-01,9.999786019325256348e-01,-9.999985694885253906e-01,-9.999990463256835938e-01,9.999988079071044922e-01,9.999988675117492676e-01,9.999982118606567383e-01,9.999990463256835938e-01,9.999930858612060547e-01,9.999977350234985352e-01,9.999984502792358398e-01,9.999974370002746582e-01,-9.998771548271179199e-01,-9.999980926513671875e-01,-9.999986886978149414e-01,9.999983310699462891e-01,-9.999991655349731445e-01,-9.999985098838806152e-01,-9.999959468841552734e-01,9.999964237213134766e-01,9.999990463256835938e-01,9.999992251396179199e-01,9.999960064888000488e-01,9.999989271163940430e-01,-9.999989271163940430e-01,9.999988675117492676e-01,-9.999983906745910645e-01,-9.999966621398925781e-01,9.999936223030090332e-01,9.999492168426513672e-01,9.999984502792358398e-01,-9.999940991401672363e-01,-9.999988675117492676e-01,9.999943971633911133e-01,9.999971985816955566e-01,9.999509453773498535e-01,-9.999978542327880859e-01,9.999991059303283691e-01,-9.999971985816955566e-01,9.999985694885253906e-01,9.999890327453613281e-01,-9.999913573265075684e-01,-9.999990463256835938e-01,-9.999513626098632812e-01,-9.999960064888000488e-01,9.999981522560119629e-01,-9.999985694885253906e-01,9.999808669090270996e-01,9.999983310699462891e-01,-9.999987483024597168e-01,9.999983310699462891e-01,9.999933838844299316e-01,-9.999991655349731445e-01,9.999989271163940430e-01,-9.999923110008239746e-01,9.999975562095642090e-01,-9.999989271163940430e-01,9.999775886535644531e-01,9.999697208404541016e-01,-9.999987483024597168e-01,-9.999976754188537598e-01,9.999333620071411133e-01,9.999982118606567383e-01,9.999951720237731934e-01,-9.999987483024597168e-01,9.999983310699462891e-01,-9.999988079071044922e-01,9.999985098838806152e-01,9.999861121177673340e-01,-9.999992251396179199e-01,9.999985098838806152e-01,-9.999991059303283691e-01,9.999988675117492676e-01,9.999953508377075195e-01,9.999983906745910645e-01,9.999991059303283691e-01,-9.999965429306030273e-01,-9.999988079071044922e-01,9.999979734420776367e-01,9.999795556068420410e-01,9.999963045120239258e-01,-9.999907016754150391e-01,9.999975562095642090e-01
-9.999888539314270020e-01,9.999908208847045898e-01,9.999282956123352051e-01,-9.999887347221374512e-01,-9.999929666519165039e-01,9.999918937683105469e-01,-9.999725222587585449e-01,-9.999935626983642578e-01,9.999834299087524414e-01,-9.999843239784240723e-01,9.999900460243225098e-01,9.999928474426269531e-01,-9.999879598617553711e-01,-9.999893307685852051e-01,-9.998689889907836914e-01,-9.999830126762390137e-01,-9.999845027923583984e-01,9.999912977218627930e-01,-9.999544024467468262e-01,9.999939203262329102e-01,9.999932646751403809e-01,-9.999229311943054199e-01,-9.999895691871643066e-01,-9.999901652336120605e-01,-9.999306201934814453e-01,-9.999936819076538086e-01,9.999901652336120605e-01,9.999929666519165039e-01,-9.998796582221984863e-01,9.999722838401794434e-01,9.999597668647766113e-01,9.999904036521911621e-01,-9.999503493309020996e-01,-9.999820590019226074e-01,9.999810457229614258e-01,9.998545646667480469e-01,-9.999935030937194824e-01,-9.999911189079284668e-01,-9.999537467956542969e-01,9.999928474426269531e-01,-9.999908208847045898e-01,9.999785423278808594e-01,-9.998145103454589844e-01,-9.999921917915344238e-01,-9.999878406524658203e-01,-9.999884963035583496e-01,9.998332262039184570e-01,-9.999889135360717773e-01,-9.999922513961791992e-01,9.999908208847045898e-01,9.999918341636657715e-01,9.999862909317016602e-01,9.999921917915344238e-01,9.999458789825439453e-01,9.999825954437255859e-01,9.999879598617553711e-01,9.999802708625793457e-01,-9.990400671958923340e-01,-9.999854564666748047e-01,-9.999896883964538574e-01,9.999871253967285156e-01,-9.999933242797851562e-01,-9.999889135360717773e-01,-9.999681115150451660e-01,9.999723434448242188e-01,9.999923706054687500e-01,9.999936223030090332e-01,9.999693632125854492e-01,9.999923110008239746e-01,-9.999920129776000977e-01,9.999917149543762207e-01,-9.999876618385314941e-01,-9.999743700027465820e-01,9.999501705169677734e-01,9.996036887168884277e-01,9.999887347221374512e-01,-9.999538064002990723e-01,-9.999917149543762207e-01,9.999561309814453125e-01,9.999790191650390625e-01,9.996162056922912598e-01,-9.999845623970031738e-01,9.999924302101135254e-01,-9.999781847000122070e-01,9.999889135360717773e-01,9.999146461486816406e-01,-9.999325871467590332e-01,-9.999927282333374023e-01,-9.996198415756225586e-01,-9.999692440032958984e-01,9.999857544898986816e-01,-9.999894499778747559e-01,9.998502731323242188e-01,9.999871850013732910e-01,-9.999901652336120605e-01,9.999870657920837402e-01,9.999482631683349609e-01,-9.999932646751403809e-01,9.999921321868896484e-01,-9.999398589134216309e-01,9.999810457229614258e-01,-9.999918341636657715e-01,9.998243451118469238e-01,9.997628927230834961e-01,-9.999908208847045898e-01,-9.999824762344360352e-01,9.994796514511108398e-01,9.999871253967285156e-01,9.999622702598571777e-01,-9.999905228614807129e-01,9.999879002571105957e-01,-9.999906420707702637e-01,9.999885559082031250e-01,9.998912215232849121e-01,-9.999937415122985840e-01,9.999887347221374512e-01,-9.999926686286926270e-01,9.999911785125732422e-01,9.999638795852661133e-01,9.999881386756896973e-01,9.999924898147583008e-01,-9.999736547470092773e-01,-9.999908208847045898e-01,9.999845623970031738e-01,9.998406171798706055e-01,9.999718666076660156e-01,-9.999270439147949219e-01,9.999815225601196289e-01
9.999980926513671875e-01,-9.999985098838806152e-01,-9.999887347221374512e-01,9.999982118606567383e-01,9.999988675117492676e-01,-9.999987483024597168e-01,9.999956488609313965e-01,9.999990463256835938e-01,-9.999973177909851074e-01,9.999974370002746582e-01,-9.999983906745910645e-01,-9.999989271163940430e-01,9.999980926513671875e-01,9.999982714653015137e-01,9.999793171882629395e-01,9.999972581863403320e-01,9.999974966049194336e-01,-9.999986290931701660e-01,9.999929666519165039e-01,-9.999989867210388184e-01,-9.999989867210388184e-01,9.999879002571105957e-01,9.999982118606567383e-01,9.999984502792358398e-01,9.999890923500061035e-01,9.999990463256835938e-01,-9.999984502792358398e-01,-9.999988675117492676e-01,9.999811053276062012e-01,-9.999957084655761719e-01,-9.999936819076538086e-01,-9.999984502792358398e-01,9.999921917915344238e-01,9.999971389770507812e-01,-9.999970197677612305e-01,-9.999771118164062500e-01,9.999989271163940430e-01,9.999985694885253906e-01,9.999927282333374023e-01,-9.999988675117492676e-01,9.999985098838806152e-01,-9.999966621398925781e-01,9.999707937240600586e-01,9.999987483024597168e-01,9.999980330467224121e-01,9.999981522560119629e-01,-9.999737739562988281e-01,9.999983310699462891e-01,9.999987483024597168e-01,-9.999985098838806152e-01,-9.999986290931701660e-01,-9.999978542327880859e-01,-9.999987483024597168e-01,-9.999914765357971191e-01,-9.999973177909851074e-01,-9.999980926513671875e-01,-9.999968409538269043e-01,9.998487830162048340e-01,9.999976754188537598e-01,9.999983310699462891e-01,-9.999979734420776367e-01,9.999989271163940430e-01,9.999982118606567383e-01,9.999950528144836426e-01,-9.999956488609313965e-01,-9.999988675117492676e-01,-9.999990463256835938e-01,-9.999952316284179688e-01,-9.999986886978149414e-01,9.999987483024597168e-01,-9.999986886978149414e-01,9.999980330467224121e-01,9.999959468841552734e-01,-9.999923110008239746e-01,-9.999375939369201660e-01,-9.999982118606567383e-01,9.999927282333374023e-01,9.999986290931701660e-01,-9.999930858612060547e-01,-9.999966621398925781e-01,-9.999395608901977539e-01,9.999974370002746582e-01,-9.999988675117492676e-01,9.999965429306030273e-01,-9.999982118606567383e-01,-9.999865889549255371e-01,9.999893307685852051e-01,9.999988675117492676e-01,9.999400973320007324e-01,9.999951720237731934e-01,-9.999977350234985352e-01,9.999983310699462891e-01,-9.999764561653137207e-01,-9.999979138374328613e-01,9.999984502792358398e-01,-9.999979734420776367e-01,-9.999918937683105469e-01,9.999989271163940430e-01,-9.999987483024597168e-01,9.999905228614807129e-01,-9.999969601631164551e-01,9.999987483024597168e-01,-9.999724030494689941e-01,-9.999626278877258301e-01,9.999985098838806152e-01,9.999971389770507812e-01,-9.999179244041442871e-01,-9.999979138374328613e-01,-9.999941587448120117e-01,9.999985098838806152e-01,-9.999980926513671875e-01,9.999985098838806152e-01,-9.999982714653015137e-01,-9.999828934669494629e-01,9.999990463256835938e-01,-9.999982714653015137e-01,9.999988079071044922e-01,-9.999985694885253906e-01,-9.999943375587463379e-01,-9.999979734420776367e-01,-9.999988079071044922e-01,9.999958276748657227e-01,9.999985098838806152e-01,-9.999975562095642090e-01,-9.999749660491943359e-01,-9.999955296516418457e-01,9.999886155128479004e-01,-9.999970793724060059e-01
9.999988675117492676e-01,-9.999991655349731445e-01,-9.999929666519165039e-01,9.999988675117492676e-01,9.999993443489074707e-01,-9.999992251396179199e-01,9.999971985816955566e-01,9.999994635581970215e-01,-9.999984502792358398e-01,9.999983310699462891e-01,-9.999989271163940430e-01,-9.999993443489074707e-01,9.999988079071044922e-01,9.999989271163940430e-01,9.999871253967285156e-01,9.999982714653015137e-01,9.999984502792358398e-01,-9.999991059303283691e-01,9.999955892562866211e-01,-9.999993443489074707e-01,-9.999994635581970215e-01,9.999924302101135254e-01,9.999989867210388184e-01,9.999990463256835938e-01,9.999932050704956055e-01,9.999994039535522461e-01,-9.999990463256835938e-01,-9.999992847442626953e-01,9.999880790710449219e-01,-9.999972581863403320e-01,-9.999960064888000488e-01,-9.999991059303283691e-01,9.999950528144836426e-01,9.999982118606567383e-01,-9.999980926513671875e-01,-9.999856948852539062e-01,9.999994039535522461e-01,9.999990463256835938e-01,9.999954104423522949e-01,-9.999993443489074707e-01,9.999990463256835938e-01,-9.999978542327880859e-01,9.999817609786987305e-01,9.999992847442626953e-01,9.999988079071044922e-01,9.999988675117492676e-01,-9.999836087226867676e-01,9.999989271163940430e-01,9.999992847442626953e-01,-9.999991655349731445e-01,-9.999992251396179199e-01,-9.999986290931701660e-01,-9.999991655349731445e-01,-9.999947547912597656e-01,-9.999982714653015137e-01,-9.999988079071044922e-01,-9.999980330467224121e-01,9.999054670333862305e-01,9.999985694885253906e-01,9.999989867210388184e-01,-9.999986886978149414e-01,9.999993443489074707e-01,9.999989271163940430e-01,9.999968409538269043e-01,-9.999972581863403320e-01,-9.999992847442626953e-01,-9.999994039535522461e-01,-9.999970197677612305e-01,-9.999991655349731445e-01,9.999992251396179199e-01,-9.999991059303283691e-01,9.999987483024597168e-01,9.999973773956298828e-01,-9.999951124191284180e-01,-9.999610185623168945e-01,-9.999988675117492676e-01,9.999954700469970703e-01,9.999991059303283691e-01,-9.999957084655761719e-01,-9.999979138374328613e-01,-9.999622106552124023e-01,9.999984502792358398e-01,-9.999992847442626953e-01,9.999977946281433105e-01,-9.999988675117492676e-01,-9.999915361404418945e-01,9.999932646751403809e-01,9.999992251396179199e-01,9.999625682830810547e-01,9.999969601631164551e-01,-9.999985694885253906e-01,9.999989271163940430e-01,-9.999852776527404785e-01,-9.999986886978149414e-01,9.999991059303283691e-01,-9.999988079071044922e-01,-9.999948143959045410e-01,9.999993443489074707e-01,-9.999992847442626953e-01,9.999940991401672363e-01,-9.999979734420776367e-01,9.999992251396179199e-01,-9.999827742576599121e-01,-9.999766945838928223e-01,9.999991655349731445e-01,9.999982714653015137e-01,-9.999486804008483887e-01,-9.999986886978149414e-01,-9.999962449073791504e-01,9.999989867210388184e-01,-9.999988079071044922e-01,9.999991059303283691e-01,-9.999988675117492676e-01,-9.999893307685852051e-01,9.999994039535522461e-01,-9.999988675117492676e-01,9.999992847442626953e-01,-9.999991655349731445e-01,-9.999964237213134766e-01,-9.999987483024597168e-01,-9.999992251396179199e-01,9.999974370002746582e-01,9.999991655349731445e-01,-9.999984502792358398e-01,-9.999843239784240723e-01,-9.999971985816955566e-01,9.999928474426269531e-01,-9.999981522560119629e-01
-9.999986290931701660e-01,9.999989271163940430e-01,9.999918937683105469e-01,-9.999987483024597168e-01,-9.999992251396179199e-01,9.999991059303283691e-01,-9.999967217445373535e-01,-9.999992847442626953e-01,9.999982118606567383e-01,-9.999982118606567383e-01,9.999988079071044922e-01,9.999992251396179199e-01,-9.999986290931701660e-01,-9.999987483024597168e-01,-9.999850988388061523e-01,-9.999980330467224121e-01,-9.999983310699462891e-01,9.999990463256835938e-01,-9.999948143959045410e-01,9.999992251396179199e-01,9.999993443489074707e-01,-9.999912977218627930e-01,-9.999988079071044922e-01,-9.999988675117492676e-01,-9.999921321868896484e-01,-9.999992847442626953e-01,9.999988675117492676e-01,9.999992251396179199e-01,-9.999862313270568848e-01,9.999969005584716797e-01,9.999954104423522949e-01,9.999988675117492676e-01,-9.999943375587463379e-01,-9.999979138374328613e-01,9.999978542327880859e-01,9.999834895133972168e-01,-9.999992251396179199e-01,-9.999989867210388184e-01,-9.999947547912597656e-01,9.999992251396179199e-01,-9.999989271163940430e-01,9.999975562095642090e-01,-9.999788999557495117e-01,-9.999991655349731445e-01,-9.999985694885253906e-01,-9.999987483024597168e-01,9.999811053276062012e-01,-9.999986886978149414e-01,-9.999991655349731445e-01,9.999989271163940430e-01,9.999991059303283691e-01,9.999985098838806152e-01,9.999990463256835938e-01,9.999939203262329102e-01,9.999979734420776367e-01,9.999986290931701660e-01,9.999977350234985352e-01,-9.998906254768371582e-01,-9.999983906745910645e-01,-9.999988079071044922e-01,9.999986290931701660e-01,-9.999992847442626953e-01,-9.999986290931701660e-01,-9.999963045120239258e-01,9.999967813491821289e-01,9.999991655349731445e-01,9.999992847442626953e-01,9.999965429306030273e-01,9.999991655349731445e-01,-9.999991059303283691e-01,9.999991059303283691e-01,-9.999985694885253906e-01,-9.999970197677612305e-01,9.999943971633911133e-01,9.999548792839050293e-01,9.999986886978149414e-01,-9.999947547912597656e-01,-9.999991059303283691e-01,9.999951124191284180e-01,9.999975562095642090e-01,9.999563097953796387e-01,-9.999980926513671875e-01,9.999991655349731445e-01,-9.999974966049194336e-01,9.999986886978149414e-01,9.999902844429016113e-01,-9.999923706054687500e-01,-9.999991059303283691e-01,-9.999567866325378418e-01,-9.999964237213134766e-01,9.999983906745910645e-01,-9.999988675117492676e-01,9.999829530715942383e-01,9.999985098838806152e-01,-9.999989271163940430e-01,9.999985098838806152e-01,9.999940991401672363e-01,-9.999992847442626953e-01,9.999991655349731445e-01,-9.999931454658508301e-01,9.999977946281433105e-01,-9.999991059303283691e-01,9.999800324440002441e-01,9.999730587005615234e-01,-9.999989271163940430e-01,-9.999979734420776367e-01,9.999406337738037109e-01,9.999985098838806152e-01,9.999957680702209473e-01,-9.999989271163940430e-01,9.999986290931701660e-01,-9.999989271163940430e-01,9.999986886978149414e-01,9.999876618385314941e-01,-9.999992847442626953e-01,9.999987483024597168e-01,-9.999992251396179199e-01,9.999989867210388184e-01,9.999958872795104980e-01,9.999986290931701660e-01,9.999991655349731445e-01,-9.999969601631164551e-01,-9.999989867210388184e-01,9.999982118606567383e-01,9.999818801879882812e-01,9.999967217445373535e-01,-9.999917745590209961e-01,9.999978542327880859e-01
9.999956488609313965e-01,-9.999964237213134766e-01,-9.999725222587585449e-01,9.999956488609313965e-01,9.999971985816955566e-01,-9.999967217445373535e-01,9.999893903732299805e-01,9.999974966049194336e-01,-9.999937415122985840e-01,9.999938607215881348e-01,-9.999960064888000488e-01,-9.999971985816955566e-01,9.999952912330627441e-01,9.999958872795104980e-01,9.999496340751647949e-01,9.999933242797851562e-01,9.999940395355224609e-01,-9.999966025352478027e-01,9.999825358390808105e-01,-9.999975562095642090e-01,-9.999973177909851074e-01,9.999703764915466309e-01,9.999959468841552734e-01,9.999961853027343750e-01,9.999733567237854004e-01,9.999974370002746582e-01,-9.999960660934448242e-01,-9.999971985816955566e-01,9.999537467956542969e-01,-9.999893903732299805e-01,-9.999845027923583984e-01,-9.999961853027343750e-01,9.999809265136718750e-01,9.999930858612060547e-01,-9.999926686286926270e-01,-9.999441504478454590e-01,9.999973773956298828e-01,9.999964237213134766e-01,9.999821782112121582e-01,-9.999971389770507812e-01,9.999964237213134766e-01,-9.999917149543762207e-01,9.999286532402038574e-01,9.999969005584716797e-01,9.999952316284179688e-01,9.999954700469970703e-01,-9.999359250068664551e-01,9.999957084655761719e-01,9.999969601631164551e-01,-9.999964237213134766e-01,-9.999967217445373535e-01,-9.999946355819702148e-01,-9.999969005584716797e-01,-9.999791383743286133e-01,-9.999933242797851562e-01,-9.999953508377075195e-01,-9.999923110008239746e-01,9.996314048767089844e-01,9.999943971633911133e-01,9.999958872795104980e-01,-9.999950528144836426e-01,9.999973773956298828e-01,9.999957084655761719e-01,9.999876618385314941e-01,-9.999892711639404297e-01,-9.999970197677612305e-01,-9.999974370002746582e-01,-9.999881982803344727e-01,-9.999969005584716797e-01,9.999967813491821289e-01,-9.999967217445373535e-01,9.999952316284179688e-01,9.999901652336120605e-01,-9.999809265136718750e-01,-9.998478293418884277e-01,-9.999955892562866211e-01,9.999822378158569336e-01,9.999967217445373535e-01,-9.999831914901733398e-01,-9.999918937683105469e-01,-9.998526573181152344e-01,9.999939799308776855e-01,-9.999970793724060059e-01,9.999915361404418945e-01,-9.999957680702209473e-01,-9.999671578407287598e-01,9.999740719795227051e-01,9.999971389770507812e-01,9.998540878295898438e-01,9.999881386756896973e-01,-9.999945163726806641e-01,9.999958872795104980e-01,-9.999423623085021973e-01,-9.999950528144836426e-01,9.999961853027343750e-01,-9.999950528144836426e-01,-9.999801516532897949e-01,9.999973177909851074e-01,-9.999969005584716797e-01,9.999769330024719238e-01,-9.999926090240478516e-01,9.999968409538269043e-01,-9.999325871467590332e-01,-9.999089241027832031e-01,9.999963045120239258e-01,9.999932050704956055e-01,-9.998002052307128906e-01,-9.999949932098388672e-01,-9.999854564666748047e-01,9.999961853027343750e-01,-9.999952912330627441e-01,9.999963641166687012e-01,-9.999955296516418457e-01,-9.999581575393676758e-01,9.999974966049194336e-01,-9.999956488609313965e-01,9.999970793724060059e-01,-9.999965429306030273e-01,-9.999860525131225586e-01,-9.999954104423522949e-01,-9.999969601631164551e-01,9.999897480010986328e-01,9.999963045120239258e-01,-9.999940395355224609e-01,-9.999386668205261230e-01,-9.999890923500061035e-01,9.999720454216003418e-01,-9.999928474426269531e-01
9.999989867210388184e-01,-9.999992251396179199e-01,-9.999935626983642578e-01,9.999990463256835938e-01,9.999994635581970215e-01,-9.999992847442626953e-01,9.999974966049194336e-01,9.999995231628417969e-01,-9.999985694885253906e-01,9.999985694885253906e-01,-9.999991655349731445e-01,-9.999994635581970215e-01,9.999989867210388184e-01,9.999991059303283691e-01,9.999882578849792480e-01,9.999984502792358398e-01,9.999985694885253906e-01,-9.999993443489074707e-01,9.999959468841552734e-01,-9.999994635581970215e-01,-9.999994635581970215e-01,9.999932050704956055e-01,9.999991059303283691e-01,9.999991655349731445e-01,9.999938011169433594e-01,9.999995231628417969e-01,-9.999991655349731445e-01,-9.999994039535522461e-01,9.999892115592956543e-01,-9.999974966049194336e-01,-9.999964237213134766e-01,-9.999991655349731445e-01,9.999955296516418457e-01,9.999983906745910645e-01,-9.999983906745910645e-01,-9.999870657920837402e-01,9.999994635581970215e-01,9.999992251396179199e-01,9.999958276748657227e-01,-9.999994635581970215e-01,9.999992251396179199e-01,-9.999980330467224121e-01,9.999834299087524414e-01,9.999993443489074707e-01,9.999988675117492676e-01,9.999989271163940430e-01,-9.999850392341613770e-01,9.999991655349731445e-01,9.999993443489074707e-01,-9.999992251396179199e-01,-9.999992847442626953e-01,-9.999988079071044922e-01,-9.999993443489074707e-01,-9.999951720237731934e-01,-9.999983906745910645e-01,-9.999989867210388184e-01,-9.999982118606567383e-01,9.999137520790100098e-01,9.999987483024597168e-01,9.999992251396179199e-01,-9.999988079071044922e-01,9.999994635581970215e-01,9.999989271163940430e-01,9.999971985816955566e-01,-9.999975562095642090e-01,-9.999994039535522461e-01,-9.999994635581970215e-01,-9.999972581863403320e-01,-9.999993443489074707e-01,9.999993443489074707e-01,-9.999992847442626953e-01,9.999988675117492676e-01,9.999976754188537598e-01,-9.999955296516418457e-01,-9.999644160270690918e-01,-9.999989867210388184e-01,9.999958872795104980e-01,9.999992847442626953e-01,-9.999961256980895996e-01,-9.999980926513671875e-01,-9.999656081199645996e-01,9.999985694885253906e-01,-9.999994039535522461e-01,9.999980330467224121e-01,-9.999991655349731445e-01,-9.999923706054687500e-01,9.999939799308776855e-01,9.999994039535522461e-01,9.999659061431884766e-01,9.999971985816955566e-01,-9.999986290931701660e-01,9.999991059303283691e-01,-9.999865889549255371e-01,-9.999988675117492676e-01,9.999992847442626953e-01,-9.999988675117492676e-01,-9.999953508377075195e-01,9.999994039535522461e-01,-9.999993443489074707e-01,9.999946355819702148e-01,-9.999982714653015137e-01,9.999992847442626953e-01,-9.999842643737792969e-01,-9.999787211418151855e-01,9.999992847442626953e-01,9.999983906745910645e-01,-9.999532699584960938e-01,-9.999988079071044922e-01,-9.999966621398925781e-01,9.999991655349731445e-01,-9.999989271163940430e-01,9.999992251396179199e-01,-9.999990463256835938e-01,-9.999902248382568359e-01,9.999995231628417969e-01,-9.999990463256835938e-01,9.999993443489074707e-01,-9.999992251396179199e-01,-9.999967217445373535e-01,-9.999989271163940430e-01,-9.999993443489074707e-01,9.999976158142089844e-01,9.999992251396179199e-01,-9.999985694885253906e-01,-9.999858140945434570e-01,-9.999974370002746582e-01,9.999935626983642578e-01,-9.999983310699462891e-01
-9.999974370002746582e-01,9.999979138374328613e-01,9.999834299087524414e-01,-9.999973177909851074e-01,-9.999984502792358398e-01,9.999982118606567383e-01,-9.999937415122985840e-01,-9.999985694885253906e-01,9.999960660934448242e-01,-9.999963045120239258e-01,9.999976754188537598e-01,9.999983906745910645e-01,-9.999972581863403320e-01,-9.999975562095642090e-01,-9.999697208404541016e-01,-9.999960064888000488e-01,-9.999963641166687012e-01,9.999980330467224121e-01,-9.999895095825195312e-01,9.999985694885253906e-01,9.999985098838806152e-01,-9.999822378158569336e-01,-9.999975562095642090e-01,-9.999977350234985352e-01,-9.999839663505554199e-01,-9.999985694885253906e-01,9.999976754188537598e-01,9.999983310699462891e-01,-9.999721646308898926e-01,9.999936819076538086e-01,9.999907612800598145e-01,9.999977946281433105e-01,-9.999884963035583496e-01,-9.999958276748657227e-01,9.999957084655761719e-01,9.999663233757019043e-01,-9.999984502792358398e-01,-9.999979734420776367e-01,-9.999893307685852051e-01,9.999983906745910645e-01,-9.999978542327880859e-01,9.999951124191284180e-01,-9.999569654464721680e-01,-9.999982714653015137e-01,-9.999971389770507812e-01,-9.999972581863403320e-01,9.999613761901855469e-01,-9.999973773956298828e-01,-9.999982714653015137e-01,9.999979138374328613e-01,9.999980926513671875e-01,9.999968409538269043e-01,9.999981522560119629e-01,9.999875426292419434e-01,9.999960064888000488e-01,9.999972581863403320e-01,9.999954700469970703e-01,-9.997774362564086914e-01,-9.999966621398925781e-01,-9.999976158142089844e-01,9.999970793724060059e-01,-9.999985098838806152e-01,-9.999974370002746582e-01,-9.999926090240478516e-01,9.999936819076538086e-01,9.999983310699462891e-01,9.999985098838806152e-01,9.999929666519165039e-01,9.999982118606567383e-01,-9.999982118606567383e-01,9.999980330467224121e-01,-9.999971389770507812e-01,-9.999940395355224609e-01,9.999885559082031250e-01,9.999080896377563477e-01,9.999973773956298828e-01,-9.999894499778747559e-01,-9.999980926513671875e-01,9.999899268150329590e-01,9.999952316284179688e-01,9.999110102653503418e-01,-9.999963641166687012e-01,9.999983310699462891e-01,-9.999949336051940918e-01,9.999974370002746582e-01,9.999802708625793457e-01,-9.999843835830688477e-01,-9.999983310699462891e-01,-9.999119639396667480e-01,-9.999928474426269531e-01,9.999966621398925781e-01,-9.999976158142089844e-01,9.999653697013854980e-01,9.999971389770507812e-01,-9.999977350234985352e-01,9.999970197677612305e-01,9.999880194664001465e-01,-9.999984502792358398e-01,9.999982714653015137e-01,-9.999861717224121094e-01,9.999955892562866211e-01,-9.999982118606567383e-01,9.999593496322631836e-01,9.999451041221618652e-01,-9.999979138374328613e-01,-9.999959468841552734e-01,9.998793601989746094e-01,9.999969601631164551e-01,9.999913573265075684e-01,-9.999978542327880859e-01,9.999971389770507812e-01,-9.999978542327880859e-01,9.999973773956298828e-01,9.999749064445495605e-01,-9.999985694885253906e-01,9.999973773956298828e-01,-9.999982714653015137e-01,9.999979734420776367e-01,9.999916553497314453e-01,9.999973177909851074e-01,9.999983310699462891e-01,-9.999939799308776855e-01,-9.999979138374328613e-01,9.999963641166687012e-01,9.999631047248840332e-01,9.999935626983642578e-01,-9.999831914901733398e-01,9.999957680702209473e-01
9.999974370002746582e-01,-9.999979138374328613e-01,-9.999843239784240723e-01,9.999974370002746582e-01,9.999983310699462891e-01,-9.999982118606567383e-01,9.999938607215881348e-01,9.999985694885253906e-01,-9.999963045120239258e-01,9.999964833259582520e-01,-9.999976754188537598e-01,-9.999983906745910645e-01,9.999972581863403320e-01,9.999976158142089844e-01,9.999712109565734863e-01,9.999961853027343750e-01,9.999965429306030273e-01,-9.999980926513671875e-01,9.999900460243225098e-01,-9.999985694885253906e-01,-9.999985098838806152e-01,9.999831318855285645e-01,9.999976158142089844e-01,9.999977946281433105e-01,9.999847412109375000e-01,9.999985694885253906e-01,-9.999977350234985352e-01,-9.999984502792358398e-01,9.999735951423645020e-01,-9.999939203262329102e-01,-9.999911189079284668e-01,-9.999978542327880859e-01,9.999890327453613281e-01,9.999960064888000488e-01,-9.999958276748657227e-01,-9.999681711196899414e-01,9.999984502792358398e-01,9.999979138374328613e-01,9.999898672103881836e-01,-9.999983310699462891e-01,9.999979138374328613e-01,-9.999952912330627441e-01,9.999592304229736328e-01,9.999982714653015137e-01,9.999971985816955566e-01,9.999973177909851074e-01,-9.999634027481079102e-01,9.999974370002746582e-01,9.999982714653015137e-01,-9.999979734420776367e-01,-9.999980926513671875e-01,-9.999969601631164551e-01,-9.999981522560119629e-01,-9.999881386756896973e-01,-9.999960064888000488e-01,-9.999973177909851074e-01,-9.999956488609313965e-01,9.997894167900085449e-01,9.999967813491821289e-01,9.999976754188537598e-01,-9.999971389770507812e-01,9.999985098838806152e-01,9.999973773956298828e-01,9.999930262565612793e-01,-9.999939203262329102e-01,-9.999983310699462891e-01,-9.999985098838806152e-01,-9.999933838844299316e-01,-9.999980926513671875e-01,9.999980926513671875e-01,-9.999980330467224121e-01,9.999972581863403320e-01,9.999942779541015625e-01,-9.999890923500061035e-01,-9.999130368232727051e-01,-9.999974370002746582e-01,9.999898672103881836e-01,9.999980926513671875e-01,-9.999904036521911621e-01,-9.999954104423522949e-01,-9.999158382415771484e-01,9.999964833259582520e-01,-9.999982118606567383e-01,9.999951720237731934e-01,-9.999975562095642090e-01,-9.999813437461853027e-01,9.999852776527404785e-01,9.999983310699462891e-01,9.999166727066040039e-01,9.999931454658508301e-01,-9.999967813491821289e-01,9.999976754188537598e-01,-9.999670982360839844e-01,-9.999971389770507812e-01,9.999977946281433105e-01,-9.999971389770507812e-01,-9.999886155128479004e-01,9.999983906745910645e-01,-9.999981522560119629e-01,9.999868273735046387e-01,-9.999957084655761719e-01,9.999980926513671875e-01,-9.999614953994750977e-01,-9.999480247497558594e-01,9.999979734420776367e-01,9.999960064888000488e-01,-9.998859167098999023e-01,-9.999970197677612305e-01,-9.999917149543762207e-01,9.999978542327880859e-01,-9.999972581863403320e-01,9.999979138374328613e-01,-9.999974370002746582e-01,-9.999762177467346191e-01,9.999985694885253906e-01,-9.999974966049194336e-01,9.999982714653015137e-01,-9.999980330467224121e-01,-9.999921321868896484e-01,-9.999972581863403320e-01,-9.999982118606567383e-01,9.999942183494567871e-01,9.999979138374328613e-01,-9.999965429306030273e-01,-9.999650716781616211e-01,-9.999938011169433594e-01,9.999839067459106445e-01,-9.999958872795104980e-01
-9.999983310699462891e-01,9.999986290931701660e-01,9.999900460243225098e-01,-9.999983906745910645e-01,-9.999989271163940430e-01,9.999988079071044922e-01,-9.999960064888000488e-01,-9.999991655349731445e-01,9.999976754188537598e-01,-9.999976754188537598e-01,9.999985098838806152e-01,9.999990463256835938e-01,-9.999983310699462891e-01,-9.999985098838806152e-01,-9.999817013740539551e-01,-9.999976158142089844e-01,-9.999977946281433105e-01,9.999987483024597168e-01,-9.999935626983642578e-01,9.999991059303283691e-01,9.999991059303283691e-01,-9.999893903732299805e-01,-9.999984502792358398e-01,-9.999986290931701660e-01,-9.999903440475463867e-01,-9.999991655349731445e-01,9.999986290931701660e-01,9.999989271163940430e-01,-9.999831914901733398e-01,9.999961256980895996e-01,9.999943375587463379e-01,9.999986290931701660e-01,-9.999931454658508301e-01,-9.999973773956298828e-01,9.999973773956298828e-01,9.999798536300659180e-01,-9.999990463256835938e-01,-9.999986886978149414e-01,-9.999936223030090332e-01,9.999989271163940430e-01,-9.999986290931701660e-01,9.999969601631164551e-01,-9.999741911888122559e-01,-9.999988079071044922e-01,-9.999982714653015137e-01,-9.999982714653015137e-01,9.999768733978271484e-01,-9.999984502792358398e-01,-9.999988675117492676e-01,9.999986886978149414e-01,9.999988079071044922e-01,9.999980926513671875e-01,9.999988079071044922e-01,9.999924898147583008e-01,9.999975562095642090e-01,9.999982714653015137e-01,9.999971389770507812e-01,-9.998667240142822266e-01,-9.999979734420776367e-01,-9.999985694885253906e-01,9.999982118606567383e-01,-9.999991059303283691e-01,-9.999983310699462891e-01,-9.999955892562866211e-01,9.999960660934448242e-01,9.999989271163940430e-01,9.999990463256835938e-01,9.999957084655761719e-01,9.999988079071044922e-01,-9.999987483024597168e-01,9.999987483024597168e-01,-9.999981522560119629e-01,-9.999963641166687012e-01,9.999930858612060547e-01,9.999449253082275391e-01,9.999983906745910645e-01,-9.999936819076538086e-01,-9.999987483024597168e-01,9.999939203262329102e-01,9.999970793724060059e-01,9.999466538429260254e-01,-9.999976754188537598e-01,9.999988675117492676e-01,-9.999968409538269043e-01,9.999984502792358398e-01,9.999881982803344727e-01,-9.999905824661254883e-01,-9.999989271163940430e-01,-9.999472498893737793e-01,-9.999957084655761719e-01,9.999980330467224121e-01,-9.999984502792358398e-01,9.999791979789733887e-01,9.999982118606567383e-01,-9.999986290931701660e-01,9.999981522560119629e-01,9.999927282333374023e-01,-9.999989867210388184e-01,9.999988675117492676e-01,-9.999915957450866699e-01,9.999972581863403320e-01,-9.999988079071044922e-01,9.999756813049316406e-01,9.999670982360839844e-01,-9.999986886978149414e-01,-9.999974370002746582e-01,9.999276399612426758e-01,9.999982118606567383e-01,9.999947547912597656e-01,-9.999986886978149414e-01,9.999982118606567383e-01,-9.999986886978149414e-01,9.999983906745910645e-01,9.999849200248718262e-01,-9.999990463256835938e-01,9.999983906745910645e-01,-9.999989271163940430e-01,9.999986886978149414e-01,9.999949932098388672e-01,9.999982118606567383e-01,9.999988675117492676e-01,-9.999962449073791504e-01,-9.999986290931701660e-01,9.999977350234985352e-01,9.999779462814331055e-01,9.999960064888000488e-01,-9.999898076057434082e-01,9.999973177909851074e-01
-9.999988675117492676e-01,9.999991059303283691e-01,9.999928474426269531e-01,-9.999989271163940430e-01,-9.999993443489074707e-01,9.999992251396179199e-01,-9.999971985816955566e-01,-9.999994635581970215e-01,9.999983906745910645e-01,-9.999983906745910645e-01,9.999990463256835938e-01,9.999994039535522461e-01,-9.999988079071044922e-01,-9.999989867210388184e-01,-9.999868869781494141e-01,-9.999982714653015137e-01,-9.999984502792358398e-01,9.999991655349731445e-01,-9.999955296516418457e-01,9.999993443489074707e-01,9.999994039535522461e-01,-9.999924302101135254e-01,-9.999989271163940430e-01,-9.999991655349731445e-01,-9.999930858612060547e-01,-9.999994039535522461e-01,9.999990463256835938e-01,9.999993443489074707e-01,-9.999880194664001465e-01,9.999971985816955566e-01,9.999960064888000488e-01,9.999991059303283691e-01,-9.999950528144836426e-01,-9.999982118606567383e-01,9.999982118606567383e-01,9.999856352806091309e-01,-9.999994039535522461e-01,-9.999991655349731445e-01,-9.999954104423522949e-01,9.999993443489074707e-01,-9.999991059303283691e-01,9.999979138374328613e-01,-9.999815821647644043e-01,-9.999992847442626953e-01,-9.999987483024597168e-01,-9.999988675117492676e-01,9.999833703041076660e-01,-9.999989271163940430e-01,-9.999992847442626953e-01,9.999991059303283691e-01,9.999992251396179199e-01,9.999986886978149414e-01,9.999992847442626953e-01,9.999946951866149902e-01,9.999982118606567383e-01,9.999988675117492676e-01,9.999979734420776367e-01,-9.999041557312011719e-01,-9.999985098838806152e-01,-9.999989271163940430e-01,9.999986886978149414e-01,-9.999993443489074707e-01,-9.999988079071044922e-01,-9.999968409538269043e-01,9.999972581863403320e-01,9.999992847442626953e-01,9.999994635581970215e-01,9.999969601631164551e-01,9.999992847442626953e-01,-9.999991655349731445e-01,9.999992251396179199e-01,-9.999987483024597168e-01,-9.999973773956298828e-01,9.999951124191284180e-01,9.999604821205139160e-01,9.999988675117492676e-01,-9.999954700469970703e-01,-9.999991059303283691e-01,9.999957084655761719e-01,9.999979138374328613e-01,9.999617338180541992e-01,-9.999984502792358398e-01,9.999992847442626953e-01,-9.999977946281433105e-01,9.999988675117492676e-01,9.999914765357971191e-01,-9.999932646751403809e-01,-9.999992251396179199e-01,-9.999620914459228516e-01,-9.999969005584716797e-01,9.999985694885253906e-01,-9.999989271163940430e-01,9.999850988388061523e-01,9.999987483024597168e-01,-9.999990463256835938e-01,9.999987483024597168e-01,9.999948740005493164e-01,-9.999993443489074707e-01,9.999992847442626953e-01,-9.999940395355224609e-01,9.999980926513671875e-01,-9.999993443489074707e-01,9.999825954437255859e-01,9.999763965606689453e-01,-9.999991059303283691e-01,-9.999982118606567383e-01,9.999480843544006348e-01,9.999986290931701660e-01,9.999961853027343750e-01,-9.999991059303283691e-01,9.999987483024597168e-01,-9.999992251396179199e-01,9.999988675117492676e-01,9.999891519546508789e-01,-9.999994635581970215e-01,9.999989867210388184e-01,-9.999992847442626953e-01,9.999992847442626953e-01,9.999963641166687012e-01,9.999988079071044922e-01,9.999992847442626953e-01,-9.999973177909851074e-01,-9.999991059303283691e-01,9.999984502792358398e-01,9.999842643737792969e-01,9.999971985816955566e-01,-9.999928474426269531e-01,9.999981522560119629e-01
