9.999980330467224121e-01,-9.999983310699462891e-01,-9.999938607215881348e-01,9.999967217445373535e-01,9.999986886978149414e-01,-9.999985098838806152e-01,9.999940991401672363e-01,9.999989867210388184e-01,-9.999895095825195312e-01,9.999983310699462891e-01,-9.999987483024597168e-01,-9.999987483024597168e-01,9.999976754188537598e-01,9.999982714653015137e-01,9.999955892562866211e-01,9.999917149543762207e-01,9.999973177909851074e-01,-9.999973773956298828e-01,9.999913573265075684e-01,-9.999990463256835938e-01,-9.999988079071044922e-01,9.999941587448120117e-01,9.999984502792358398e-01,9.999966025352478027e-01,9.999893307685852051e-01,9.999987483024597168e-01,-9.999980330467224121e-01,-9.999987483024597168e-01,9.999916553497314453e-01,-9.999967217445373535e-01,-9.999893903732299805e-01,-9.999977946281433105e-01,9.999803900718688965e-01,9.999938607215881348e-01,-9.999977350234985352e-01,9.999523758888244629e-01,9.999988079071044922e-01,9.999983310699462891e-01,9.999778270721435547e-01,-9.999988079071044922e-01,9.999984502792358398e-01,9.999920725822448730e-01,9.999794960021972656e-01,9.999987483024597168e-01,9.999979138374328613e-01,9.999976754188537598e-01,-9.999931454658508301e-01,9.999985694885253906e-01,9.999984502792358398e-01,-9.999983310699462891e-01,-9.999986886978149414e-01,-9.999985694885253906e-01,-9.999986290931701660e-01,-9.999927878379821777e-01,-9.999985694885253906e-01,-9.999978542327880859e-01,9.999785423278808594e-01,9.999949336051940918e-01,9.999930858612060547e-01,9.999980330467224121e-01,-9.999982118606567383e-01,9.999987483024597168e-01,9.999982714653015137e-01,9.999953508377075195e-01,-9.999925494194030762e-01,-9.999988079071044922e-01,-9.999989271163940430e-01,-9.999949336051940918e-01,-9.999989271163940430e-01,9.999979734420776367e-01,-9.999987483024597168e-01,9.999939799308776855e-01,-9.999953508377075195e-01,-9.999933838844299316e-01,-9.999858736991882324e-01,-9.999983906745910645e-01,9.999895691871643066e-01,9.999986290931701660e-01,-9.999919533729553223e-01,-9.999947547912597656e-01,9.999924302101135254e-01,9.999974370002746582e-01,-9.999988079071044922e-01,9.999979138374328613e-01,-9.999980926513671875e-01,-9.999798536300659180e-01,-9.999588131904602051e-01,9.999988675117492676e-01,9.999926090240478516e-01,9.999918937683105469e-01,-9.999918341636657715e-01,9.999981522560119629e-01,-9.999859333038330078e-01,-9.999969601631164551e-01,9.999967813491821289e-01,-9.999978542327880859e-01,-9.999857544898986816e-01,9.999988079071044922e-01,-9.999987483024597168e-01,9.999971389770507812e-01,-9.999967217445373535e-01,9.999988675117492676e-01,9.999561309814453125e-01,9.999575614929199219e-01,9.999986290931701660e-01,9.999945163726806641e-01,-9.999796152114868164e-01,-9.999982714653015137e-01,-9.999940395355224609e-01,9.999984502792358398e-01,-9.999984502792358398e-01,9.999969601631164551e-01,-9.999980330467224121e-01,-9.998742341995239258e-01,9.999989271163940430e-01,-9.999962449073791504e-01,9.999988079071044922e-01,-9.999976158142089844e-01,-9.999951720237731934e-01,-9.999954104423522949e-01,-9.999980330467224121e-01,9.999965429306030273e-01,9.999971389770507812e-01,-9.999964237213134766e-01,-9.999907612800598145e-01,-9.999939799308776855e-01,9.998580813407897949e-01,-9.999879598617553711e-01
-9.999983310699462891e-01,9.999986290931701660e-01,9.999947547912597656e-01,-9.999970793724060059e-01,-9.999989271163940430e-01,9.999988675117492676e-01,-9.999948740005493164e-01,-9.999991655349731445e-01,9.999909996986389160e-01,-9.999986290931701660e-01,9.999989271163940430e-01,9.999990463256835938e-01,-9.999979734420776367e-01,-9.999985694885253906e-01,-9.999961853027343750e-01,-9.999928474426269531e-01,-9.999976754188537598e-01,9.999977350234985352e-01,-9.999926090240478516e-01,9.999992847442626953e-01,9.999990463256835938e-01,-9.999949932098388672e-01,-9.999987483024597168e-01,-9.999970793724060059e-01,-9.999908208847045898e-01,-9.999989271163940430e-01,9.999983310699462891e-01,9.999988675117492676e-01,-9.999928474426269531e-01,9.999972581863403320e-01,9.999908804893493652e-01,9.999980330467224121e-01,-9.999831318855285645e-01,-9.999947547912597656e-01,9.999980926513671875e-01,-9.999588727951049805e-01,-9.999991059303283691e-01,-9.999985694885253906e-01,-9.999808669090270996e-01,9.999989867210388184e-01,-9.999987483024597168e-01,-9.999931454658508301e-01,-9.999823570251464844e-01,-9.999991059303283691e-01,-9.999982714653015137e-01,-9.999981522560119629e-01,9.999940991401672363e-01,-9.999989271163940430e-01,-9.999986886978149414e-01,9.999987483024597168e-01,9.999989271163940430e-01,9.999987483024597168e-01,9.999988079071044922e-01,9.999938607215881348e-01,9.999987483024597168e-01,9.999982118606567383e-01,-9.999814629554748535e-01,-9.999956488609313965e-01,-9.999940395355224609e-01,-9.999983906745910645e-01,9.999984502792358398e-01,-9.999989271163940430e-01,-9.999985694885253906e-01,-9.999960660934448242e-01,9.999936819076538086e-01,9.999990463256835938e-01,9.999991655349731445e-01,9.999956488609313965e-01,9.999991059303283691e-01,-9.999982714653015137e-01,9.999989867210388184e-01,-9.999948740005493164e-01,9.999959468841552734e-01,9.999943971633911133e-01,9.999879002571105957e-01,9.999986290931701660e-01,-9.999911189079284668e-01,-9.999988675117492676e-01,9.999931454658508301e-01,9.999954700469970703e-01,-9.999935030937194824e-01,-9.999977946281433105e-01,9.999990463256835938e-01,-9.999983310699462891e-01,9.999984502792358398e-01,9.999827146530151367e-01,9.999644756317138672e-01,-9.999991059303283691e-01,-9.999937415122985840e-01,-9.999930858612060547e-01,9.999929666519165039e-01,-9.999985098838806152e-01,9.999878406524658203e-01,9.999973773956298828e-01,-9.999971985816955566e-01,9.999982118606567383e-01,9.999877810478210449e-01,-9.999990463256835938e-01,9.999989867210388184e-01,-9.999976754188537598e-01,9.999971389770507812e-01,-9.999990463256835938e-01,-9.999620914459228516e-01,-9.999634027481079102e-01,-9.999988079071044922e-01,-9.999953508377075195e-01,9.999824762344360352e-01,9.999986290931701660e-01,9.999948143959045410e-01,-9.999986290931701660e-01,9.999986886978149414e-01,-9.999974370002746582e-01,9.999982714653015137e-01,9.998915195465087891e-01,-9.999992251396179199e-01,9.999966621398925781e-01,-9.999991059303283691e-01,9.999979734420776367e-01,9.999958872795104980e-01,9.999961256980895996e-01,9.999983906745910645e-01,-9.999971389770507812e-01,-9.999976158142089844e-01,9.999970197677612305e-01,9.999921321868896484e-01,9.999948740005493164e-01,-9.998773932456970215e-01,9.999896883964538574e-01
-9.999938607215881348e-01,9.999947547912597656e-01,9.999791383743286133e-01,-9.999889135360717773e-01,-9.999958872795104980e-01,9.999955892562866211e-01,-9.999798536300659180e-01,-9.999965429306030273e-01,9.999645352363586426e-01,-9.999948143959045410e-01,9.999957084655761719e-01,9.999960660934448242e-01,-9.999921917915344238e-01,-9.999942183494567871e-01,-9.999852180480957031e-01,-9.999719262123107910e-01,-9.999912381172180176e-01,9.999914765357971191e-01,-9.999708533287048340e-01,9.999966621398925781e-01,9.999961853027343750e-01,-9.999803900718688965e-01,-9.999950528144836426e-01,-9.999886751174926758e-01,-9.999638795852661133e-01,-9.999960064888000488e-01,9.999935030937194824e-01,9.999957084655761719e-01,-9.999718070030212402e-01,9.999890327453613281e-01,9.999638795852661133e-01,9.999927282333374023e-01,-9.999333024024963379e-01,-9.999793767929077148e-01,9.999927282333374023e-01,-9.998381137847900391e-01,-9.999961853027343750e-01,-9.999946951866149902e-01,-9.999243617057800293e-01,9.999960064888000488e-01,-9.999950528144836426e-01,-9.999729990959167480e-01,-9.999303221702575684e-01,-9.999961853027343750e-01,-9.999933838844299316e-01,-9.999924302101135254e-01,9.999767541885375977e-01,-9.999954700469970703e-01,-9.999949932098388672e-01,9.999948143959045410e-01,9.999957680702209473e-01,9.999951720237731934e-01,9.999954104423522949e-01,9.999756217002868652e-01,9.999951124191284180e-01,9.999928474426269531e-01,-9.999269843101501465e-01,-9.999828338623046875e-01,-9.999765157699584961e-01,-9.999937415122985840e-01,9.999940395355224609e-01,-9.999959468841552734e-01,-9.999940991401672363e-01,-9.999843835830688477e-01,9.999750852584838867e-01,9.999960064888000488e-01,9.999965429306030273e-01,9.999828338623046875e-01,9.999963045120239258e-01,-9.999932646751403809e-01,9.999958872795104980e-01,-9.999794960021972656e-01,9.999840855598449707e-01,9.999778270721435547e-01,9.999518990516662598e-01,9.999946355819702148e-01,-9.999650120735168457e-01,-9.999956488609313965e-01,9.999729394912719727e-01,9.999822974205017090e-01,-9.999746084213256836e-01,-9.999912977218627930e-01,9.999958276748657227e-01,-9.999933838844299316e-01,9.999940395355224609e-01,9.999316930770874023e-01,9.998601078987121582e-01,-9.999961256980895996e-01,-9.999749064445495605e-01,-9.999726414680480957e-01,9.999723434448242188e-01,-9.999941587448120117e-01,9.999519586563110352e-01,9.999901652336120605e-01,-9.999893307685852051e-01,9.999927282333374023e-01,9.999516010284423828e-01,-9.999963045120239258e-01,9.999957680702209473e-01,-9.999906420707702637e-01,9.999892711639404297e-01,-9.999961853027343750e-01,-9.998507499694824219e-01,-9.998559355735778809e-01,-9.999953508377075195e-01,-9.999816417694091797e-01,9.999307394027709961e-01,9.999945759773254395e-01,9.999796152114868164e-01,-9.999948143959045410e-01,9.999949932098388672e-01,-9.999902248382568359e-01,9.999933242797851562e-01,9.995726943016052246e-01,-9.999964237213134766e-01,9.999874234199523926e-01,-9.999963641166687012e-01,9.999921917915344238e-01,9.999837875366210938e-01,9.999845623970031738e-01,9.999937415122985840e-01,-9.999887943267822266e-01,-9.999904632568359375e-01,9.999883174896240234e-01,9.999688863754272461e-01,9.999795556068420410e-01,-9.995172023773193359e-01,9.999592304229736328e-01
9.999967217445373535e-01,-9.999970793724060059e-01,-9.999889135360717773e-01,9.999940991401672363e-01,9.999977350234985352e-01,-9.999975562095642090e-01,9.999893307685852051e-01,9.999981522560119629e-01,-9.999812245368957520e-01,9.999971985816955566e-01,-9.999977350234985352e-01,-9.999979138374328613e-01,9.999958872795104980e-01,9.999968409538269043e-01,9.999922513961791992e-01,9.999850988388061523e-01,9.999952912330627441e-01,-9.999954104423522949e-01,9.999845027923583984e-01,-9.999982118606567383e-01,-9.999979734420776367e-01,9.999895691871643066e-01,9.999973177909851074e-01,9.999939799308776855e-01,9.999807476997375488e-01,9.999977946281433105e-01,-9.999964833259582520e-01,-9.999976754188537598e-01,9.999849200248718262e-01,-9.999941587448120117e-01,-9.999808073043823242e-01,-9.999960660934448242e-01,9.999645948410034180e-01,9.999890327453613281e-01,-9.999960660934448242e-01,9.999139308929443359e-01,9.999979734420776367e-01,9.999971389770507812e-01,9.999598264694213867e-01,-9.999978542327880859e-01,9.999972581863403320e-01,9.999856352806091309e-01,9.999629855155944824e-01,9.999979734420776367e-01,9.999964237213134766e-01,9.999959468841552734e-01,-9.999876022338867188e-01,9.999975562095642090e-01,9.999973177909851074e-01,-9.999971389770507812e-01,-9.999977350234985352e-01,-9.999973177909851074e-01,-9.999974966049194336e-01,-9.999870657920837402e-01,-9.999973773956298828e-01,-9.999961853027343750e-01,9.999611973762512207e-01,9.999908208847045898e-01,9.999876022338867188e-01,9.999965429306030273e-01,-9.999967813491821289e-01,9.999977946281433105e-01,9.999968409538269043e-01,9.999917149543762207e-01,-9.999867677688598633e-01,-9.999977946281433105e-01,-9.999981522560119629e-01,-9.999908804893493652e-01,-9.999980330467224121e-01,9.999962449073791504e-01,-9.999977350234985352e-01,9.999890923500061035e-01,-9.999915361404418945e-01,-9.999881982803344727e-01,-9.999744892120361328e-01,-9.999970793724060059e-01,9.999814033508300781e-01,9.999976158142089844e-01,-9.999856352806091309e-01,-9.999905824661254883e-01,9.999865889549255371e-01,9.999953508377075195e-01,-9.999977946281433105e-01,9.999964237213134766e-01,-9.999967217445373535e-01,-9.999637007713317871e-01,-9.999256730079650879e-01,9.999980330467224121e-01,9.999866485595703125e-01,9.999854564666748047e-01,-9.999853968620300293e-01,9.999967813491821289e-01,-9.999745488166809082e-01,-9.999946951866149902e-01,9.999942779541015625e-01,-9.999961853027343750e-01,-9.999743103981018066e-01,9.999980926513671875e-01,-9.999977350234985352e-01,9.999950528144836426e-01,-9.999942183494567871e-01,9.999979138374328613e-01,9.999206662178039551e-01,9.999234676361083984e-01,9.999974966049194336e-01,9.999902844429016113e-01,-9.999631643295288086e-01,-9.999970793724060059e-01,-9.999892115592956543e-01,9.999970793724060059e-01,-9.999971389770507812e-01,9.999947547912597656e-01,-9.999964237213134766e-01,-9.997730851173400879e-01,9.999982118606567383e-01,-9.999932050704956055e-01,9.999979734420776367e-01,-9.999958872795104980e-01,-9.999912977218627930e-01,-9.999917745590209961e-01,-9.999966025352478027e-01,9.999940395355224609e-01,9.999949932098388672e-01,-9.999938011169433594e-01,-9.999834895133972168e-01,-9.999890923500061035e-01,9.997435212135314941e-01,-9.999783039093017578e-01
9.999986886978149414e-01,-9.999989271163940430e-01,-9.999958872795104980e-01,9.999977350234985352e-01,9.999992251396179199e-01,-9.999990463256835938e-01,9.999960064888000488e-01,9.999993443489074707e-01,-9.999929070472717285e-01,9.999989271163940430e-01,-9.999991655349731445e-01,-9.999992847442626953e-01,9.999984502792358398e-01,9.999988079071044922e-01,9.999970197677612305e-01,9.999943971633911133e-01,9.999981522560119629e-01,-9.999982714653015137e-01,9.999941587448120117e-01,-9.999994039535522461e-01,-9.999992847442626953e-01,9.999960660934448242e-01,9.999990463256835938e-01,9.999977350234985352e-01,9.999929070472717285e-01,9.999991655349731445e-01,-9.999986886978149414e-01,-9.999991059303283691e-01,9.999943971633911133e-01,-9.999977946281433105e-01,-9.999929070472717285e-01,-9.999984502792358398e-01,9.999868273735046387e-01,9.999958872795104980e-01,-9.999985694885253906e-01,9.999681711196899414e-01,9.999992251396179199e-01,9.999988675117492676e-01,9.999851584434509277e-01,-9.999992251396179199e-01,9.999990463256835938e-01,9.999946951866149902e-01,9.999862313270568848e-01,9.999992251396179199e-01,9.999986290931701660e-01,9.999985694885253906e-01,-9.999954104423522949e-01,9.999991655349731445e-01,9.999990463256835938e-01,-9.999988675117492676e-01,-9.999991059303283691e-01,-9.999991059303283691e-01,-9.999990463256835938e-01,-9.999951720237731934e-01,-9.999991059303283691e-01,-9.999985098838806152e-01,9.999856948852539062e-01,9.999964833259582520e-01,9.999954700469970703e-01,9.999986886978149414e-01,-9.999988675117492676e-01,9.999991655349731445e-01,9.999988079071044922e-01,9.999968409538269043e-01,-9.999950528144836426e-01,-9.999992251396179199e-01,-9.999992847442626953e-01,-9.999966621398925781e-01,-9.999993443489074707e-01,9.999985694885253906e-01,-9.999992251396179199e-01,9.999959468841552734e-01,-9.999968409538269043e-01,-9.999955892562866211e-01,-9.999905228614807129e-01,-9.999988675117492676e-01,9.999931454658508301e-01,9.999990463256835938e-01,-9.999946951866149902e-01,-9.999963641166687012e-01,9.999949336051940918e-01,9.999982714653015137e-01,-9.999992847442626953e-01,9.999986290931701660e-01,-9.999987483024597168e-01,-9.999865889549255371e-01,-9.999725222587585449e-01,9.999992847442626953e-01,9.999950528144836426e-01,9.999945163726806641e-01,-9.999945759773254395e-01,9.999988079071044922e-01,-9.999905824661254883e-01,-9.999979138374328613e-01,9.999978542327880859e-01,-9.999985694885253906e-01,-9.999905228614807129e-01,9.999992251396179199e-01,-9.999991655349731445e-01,9.999981522560119629e-01,-9.999977946281433105e-01,9.999992847442626953e-01,9.999706745147705078e-01,9.999716877937316895e-01,9.999990463256835938e-01,9.999963641166687012e-01,-9.999862909317016602e-01,-9.999989271163940430e-01,-9.999960064888000488e-01,9.999989867210388184e-01,-9.999989271163940430e-01,9.999980330467224121e-01,-9.999985694885253906e-01,-9.999158382415771484e-01,9.999993443489074707e-01,-9.999974370002746582e-01,9.999992251396179199e-01,-9.999984502792358398e-01,-9.999966621398925781e-01,-9.999969005584716797e-01,-9.999986886978149414e-01,9.999976754188537598e-01,9.999980926513671875e-01,-9.999976158142089844e-01,-9.999938011169433594e-01,-9.999958872795104980e-01,9.999050498008728027e-01,-9.999919533729553223e-01
-9.999985098838806152e-01,9.999988675117492676e-01,9.999955892562866211e-01,-9.999975562095642090e-01,-9.999990463256835938e-01,9.999989867210388184e-01,-9.999956488609313965e-01,-9.999992847442626953e-01,9.999924898147583008e-01,-9.999988079071044922e-01,9.999992251396179199e-01,9.999991059303283691e-01,-9.999982118606567383e-01,-9.999986886978149414e-01,-9.999968409538269043e-01,-9.999939799308776855e-01,-9.999979734420776367e-01,9.999980330467224121e-01,-9.999937415122985840e-01,9.999993443489074707e-01,9.999992251396179199e-01,-9.999957680702209473e-01,-9.999988675117492676e-01,-9.999974966049194336e-01,-9.999922513961791992e-01,-9.999991059303283691e-01,9.999985694885253906e-01,9.999990463256835938e-01,-9.999939203262329102e-01,9.999976158142089844e-01,9.999923706054687500e-01,9.999982714653015137e-01,-9.999857544898986816e-01,-9.999955892562866211e-01,9.999984502792358398e-01,-9.999656677246093750e-01,-9.999991655349731445e-01,-9.999988079071044922e-01,-9.999839663505554199e-01,9.999991655349731445e-01,-9.999988675117492676e-01,-9.999942779541015625e-01,-9.999852776527404785e-01,-9.999991655349731445e-01,-9.999985098838806152e-01,-9.999983310699462891e-01,9.999949932098388672e-01,-9.999989867210388184e-01,-9.999989271163940430e-01,9.999988675117492676e-01,9.999991655349731445e-01,9.999989271163940430e-01,9.999990463256835938e-01,9.999948143959045410e-01,9.999988675117492676e-01,9.999983906745910645e-01,-9.999844431877136230e-01,-9.999961853027343750e-01,-9.999950528144836426e-01,-9.999985098838806152e-01,9.999987483024597168e-01,-9.999991059303283691e-01,-9.999986290931701660e-01,-9.999966025352478027e-01,9.999946355819702148e-01,9.999991655349731445e-01,9.999992251396179199e-01,9.999963045120239258e-01,9.999991655349731445e-01,-9.999984502792358398e-01,9.999991655349731445e-01,-9.999956488609313965e-01,9.999966025352478027e-01,9.999952316284179688e-01,9.999897480010986328e-01,9.999987483024597168e-01,-9.999924898147583008e-01,-9.999991059303283691e-01,9.999941587448120117e-01,9.999960660934448242e-01,-9.999945759773254395e-01,-9.999980330467224121e-01,9.999991655349731445e-01,-9.999985098838806152e-01,9.999986290931701660e-01,9.999855160713195801e-01,9.999703168869018555e-01,-9.999992251396179199e-01,-9.999945759773254395e-01,-9.999940991401672363e-01,9.999940395355224609e-01,-9.999986886978149414e-01,9.999897480010986328e-01,9.999977350234985352e-01,-9.999976158142089844e-01,9.999984502792358398e-01,9.999897480010986328e-01,-9.999991655349731445e-01,9.999991059303283691e-01,-9.999979734420776367e-01,9.999976158142089844e-01,-9.999992251396179199e-01,-9.999684095382690430e-01,-9.999693632125854492e-01,-9.999990463256835938e-01,-9.999960660934448242e-01,9.999852776527404785e-01,9.999987483024597168e-01,9.999955892562866211e-01,-9.999988079071044922e-01,9.999988079071044922e-01,-9.999977946281433105e-01,9.999985098838806152e-01,9.999092817306518555e-01,-9.999992847442626953e-01,9.999971985816955566e-01,-9.999991059303283691e-01,9.999983310699462891e-01,9.999964237213134766e-01,9.999966621398925781e-01,9.999985694885253906e-01,-9.999974966049194336e-01,-9.999979138374328613e-01,9.999974370002746582e-01,9.999933242797851562e-01,9.999955892562866211e-01,-9.998975992202758789e-01,9.999912977218627930e-01
9.999940991401672363e-01,-9.999948740005493164e-01,-9.999798536300659180e-01,9.999893307685852051e-01,9.999960064888000488e-01,-9.999956488609313965e-01,9.999805688858032227e-01,9.999966621398925781e-01,-9.999657869338989258e-01,9.999949336051940918e-01,-9.999958872795104980e-01,-9.999961853027343750e-01,9.999924898147583008e-01,9.999943375587463379e-01,9.999856948852539062e-01,9.999729394912719727e-01,9.999914765357971191e-01,-9.999917149543762207e-01,9.999718666076660156e-01,-9.999969005584716797e-01,-9.999963045120239258e-01,9.999809861183166504e-01,9.999952316284179688e-01,9.999890923500061035e-01,9.999651312828063965e-01,9.999960660934448242e-01,-9.999937415122985840e-01,-9.999958872795104980e-01,9.999728202819824219e-01,-9.999893903732299805e-01,-9.999651312828063965e-01,-9.999929070472717285e-01,9.999356865882873535e-01,9.999800920486450195e-01,-9.999929666519165039e-01,9.998438358306884766e-01,9.999962449073791504e-01,9.999948740005493164e-01,9.999271035194396973e-01,-9.999961256980895996e-01,9.999952316284179688e-01,9.999739527702331543e-01,9.999327659606933594e-01,9.999962449073791504e-01,9.999935626983642578e-01,9.999926686286926270e-01,-9.999775290489196777e-01,9.999955892562866211e-01,9.999951720237731934e-01,-9.999949336051940918e-01,-9.999959468841552734e-01,-9.999953508377075195e-01,-9.999955892562866211e-01,-9.999764561653137207e-01,-9.999952912330627441e-01,-9.999932050704956055e-01,9.999296069145202637e-01,9.999834299087524414e-01,9.999774694442749023e-01,9.999939203262329102e-01,-9.999942779541015625e-01,9.999961256980895996e-01,9.999943375587463379e-01,9.999848008155822754e-01,-9.999759197235107422e-01,-9.999961853027343750e-01,-9.999966025352478027e-01,-9.999834299087524414e-01,-9.999964237213134766e-01,9.999934434890747070e-01,-9.999960660934448242e-01,9.999802708625793457e-01,-9.999848008155822754e-01,-9.999785423278808594e-01,-9.999535679817199707e-01,-9.999948143959045410e-01,9.999662637710571289e-01,9.999957084655761719e-01,-9.999739527702331543e-01,-9.999829530715942383e-01,9.999756217002868652e-01,9.999915957450866699e-01,-9.999960064888000488e-01,9.999936223030090332e-01,-9.999942779541015625e-01,-9.999340772628784180e-01,-9.998651742935180664e-01,9.999963045120239258e-01,9.999757409095764160e-01,9.999736547470092773e-01,-9.999733567237854004e-01,9.999942779541015625e-01,-9.999536871910095215e-01,-9.999905228614807129e-01,9.999896287918090820e-01,-9.999929666519165039e-01,-9.999532103538513184e-01,9.999964237213134766e-01,-9.999959468841552734e-01,9.999909400939941406e-01,-9.999895691871643066e-01,9.999962449073791504e-01,9.998561143875122070e-01,9.998610615730285645e-01,9.999955296516418457e-01,9.999822974205017090e-01,-9.999332427978515625e-01,-9.999947547912597656e-01,-9.999802708625793457e-01,9.999949932098388672e-01,-9.999950528144836426e-01,9.999904632568359375e-01,-9.999935626983642578e-01,-9.995880722999572754e-01,9.999966621398925781e-01,-9.999877810478210449e-01,9.999964833259582520e-01,-9.999924898147583008e-01,-9.999842643737792969e-01,-9.999850988388061523e-01,-9.999938607215881348e-01,9.999891519546508789e-01,9.999908208847045898e-01,-9.999887347221374512e-01,-9.999700188636779785e-01,-9.999802112579345703e-01,9.995344281196594238e-01,-9.999607205390930176e-01
9.999989867210388184e-01,-9.999991655349731445e-01,-9.999965429306030273e-01,9.999981522560119629e-01,9.999993443489074707e-01,-9.999992847442626953e-01,9.999966621398925781e-01,9.999995231628417969e-01,-9.999942183494567871e-01,9.999991655349731445e-01,-9.999993443489074707e-01,-9.999994635581970215e-01,9.999986886978149414e-01,9.999992251396179199e-01,9.999976158142089844e-01,9.999954104423522949e-01,9.999985098838806152e-01,-9.999985098838806152e-01,9.999952316284179688e-01,-9.999995231628417969e-01,-9.999994635581970215e-01,9.999967217445373535e-01,9.999992251396179199e-01,9.999982118606567383e-01,9.999941587448120117e-01,9.999992847442626953e-01,-9.999989867210388184e-01,-9.999994039535522461e-01,9.999953508377075195e-01,-9.999982714653015137e-01,-9.999941587448120117e-01,-9.999988079071044922e-01,9.999890923500061035e-01,9.999965429306030273e-01,-9.999988079071044922e-01,9.999735951423645020e-01,9.999994039535522461e-01,9.999991655349731445e-01,9.999877214431762695e-01,-9.999994635581970215e-01,9.999992251396179199e-01,9.999956488609313965e-01,9.999886155128479004e-01,9.999994039535522461e-01,9.999988079071044922e-01,9.999988079071044922e-01,-9.999962449073791504e-01,9.999992847442626953e-01,9.999992251396179199e-01,-9.999991655349731445e-01,-9.999993443489074707e-01,-9.999992251396179199e-01,-9.999992847442626953e-01,-9.999960660934448242e-01,-9.999992251396179199e-01,-9.999988079071044922e-01,9.999880790710449219e-01,9.999971389770507812e-01,9.999960660934448242e-01,9.999989867210388184e-01,-9.999990463256835938e-01,9.999994039535522461e-01,9.999991655349731445e-01,9.999974370002746582e-01,-9.999958872795104980e-01,-9.999993443489074707e-01,-9.999994635581970215e-01,-9.999971389770507812e-01,-9.999995231628417969e-01,9.999988675117492676e-01,-9.999994039535522461e-01,9.999966621398925781e-01,-9.999974370002746582e-01,-9.999963045120239258e-01,-9.999921321868896484e-01,-9.999991655349731445e-01,9.999942779541015625e-01,9.999992847442626953e-01,-9.999955892562866211e-01,-9.999969601631164551e-01,9.999958276748657227e-01,9.999985694885253906e-01,-9.999994039535522461e-01,9.999989271163940430e-01,-9.999989271163940430e-01,-9.999887943267822266e-01,-9.999769926071166992e-01,9.999994039535522461e-01,9.999959468841552734e-01,9.999955296516418457e-01,-9.999955296516418457e-01,9.999991059303283691e-01,-9.999920129776000977e-01,-9.999983906745910645e-01,9.999982118606567383e-01,-9.999988675117492676e-01,-9.999921917915344238e-01,9.999994635581970215e-01,-9.999994039535522461e-01,9.999984502792358398e-01,-9.999980926513671875e-01,9.999994635581970215e-01,9.999755620956420898e-01,9.999763965606689453e-01,9.999993443489074707e-01,9.999969601631164551e-01,-9.999886155128479004e-01,-9.999991655349731445e-01,-9.999966025352478027e-01,9.999991655349731445e-01,-9.999992847442626953e-01,9.999983310699462891e-01,-9.999988675117492676e-01,-9.999299645423889160e-01,9.999995231628417969e-01,-9.999978542327880859e-01,9.999993443489074707e-01,-9.999986886978149414e-01,-9.999973177909851074e-01,-9.999974370002746582e-01,-9.999989271163940430e-01,9.999981522560119629e-01,9.999983906745910645e-01,-9.999980330467224121e-01,-9.999948740005493164e-01,-9.999966621398925781e-01,9.999207258224487305e-01,-9.999933242797851562e-01
-9.999895095825195312e-01,9.999909996986389160e-01,9.999645352363586426e-01,-9.999812245368957520e-01,-9.999929070472717285e-01,9.999924898147583008e-01,-9.999657869338989258e-01,-9.999942183494567871e-01,9.999397993087768555e-01,-9.999911785125732422e-01,9.999927282333374023e-01,9.999934434890747070e-01,-9.999868869781494141e-01,-9.999900460243225098e-01,-9.999748468399047852e-01,-9.999521970748901367e-01,-9.999850988388061523e-01,9.999853968620300293e-01,-9.999504685401916504e-01,9.999945163726806641e-01,9.999933838844299316e-01,-9.999665617942810059e-01,-9.999915957450866699e-01,-9.999807476997375488e-01,-9.999386072158813477e-01,-9.999932050704956055e-01,9.999888539314270020e-01,9.999927282333374023e-01,-9.999519586563110352e-01,9.999813437461853027e-01,9.999386668205261230e-01,9.999877214431762695e-01,-9.998868703842163086e-01,-9.999649524688720703e-01,9.999876022338867188e-01,-9.997252821922302246e-01,-9.999936223030090332e-01,-9.999909400939941406e-01,-9.998717904090881348e-01,9.999930858612060547e-01,-9.999915957450866699e-01,-9.999541044235229492e-01,-9.998818039894104004e-01,-9.999935626983642578e-01,-9.999887943267822266e-01,-9.999870657920837402e-01,9.999603629112243652e-01,-9.999921917915344238e-01,-9.999915361404418945e-01,9.999911189079284668e-01,9.999928474426269531e-01,9.999917745590209961e-01,9.999921917915344238e-01,9.999584555625915527e-01,9.999917149543762207e-01,9.999880194664001465e-01,-9.998762607574462891e-01,-9.999708533287048340e-01,-9.999601244926452637e-01,-9.999893307685852051e-01,9.999899268150329590e-01,-9.999931454658508301e-01,-9.999899864196777344e-01,-9.999734163284301758e-01,9.999576807022094727e-01,9.999931454658508301e-01,9.999942183494567871e-01,9.999707341194152832e-01,9.999938607215881348e-01,-9.999884963035583496e-01,9.999929666519165039e-01,-9.999652504920959473e-01,9.999729990959167480e-01,9.999622702598571777e-01,9.999182820320129395e-01,9.999908804893493652e-01,-9.999406933784484863e-01,-9.999924898147583008e-01,9.999541640281677246e-01,9.999699592590332031e-01,-9.999569654464721680e-01,-9.999852776527404785e-01,9.999929070472717285e-01,-9.999887943267822266e-01,9.999899268150329590e-01,9.998840689659118652e-01,9.997627735137939453e-01,-9.999935626983642578e-01,-9.999572634696960449e-01,-9.999535083770751953e-01,9.999529719352722168e-01,-9.999901056289672852e-01,9.999185204505920410e-01,9.999833106994628906e-01,-9.999817013740539551e-01,9.999876618385314941e-01,9.999178051948547363e-01,-9.999939799308776855e-01,9.999927282333374023e-01,-9.999839663505554199e-01,9.999817609786987305e-01,-9.999934434890747070e-01,-9.997467994689941406e-01,-9.997556209564208984e-01,-9.999921321868896484e-01,-9.999688863754272461e-01,9.998825192451477051e-01,9.999907612800598145e-01,9.999653697013854980e-01,-9.999911785125732422e-01,9.999914169311523438e-01,-9.999833106994628906e-01,9.999886751174926758e-01,9.992753863334655762e-01,-9.999940991401672363e-01,9.999786615371704102e-01,-9.999938011169433594e-01,9.999867677688598633e-01,9.999724030494689941e-01,9.999737739562988281e-01,9.999893903732299805e-01,-9.999810457229614258e-01,-9.999836683273315430e-01,9.999801516532897949e-01,9.999471306800842285e-01,9.999651312828063965e-01,-9.991810917854309082e-01,9.999307990074157715e-01
9.999983310699462891e-01,-9.999986290931701660e-01,-9.999948143959045410e-01,9.999971985816955566e-01,9.999989271163940430e-01,-9.999988079071044922e-01,9.999949336051940918e-01,9.999991655349731445e-01,-9.999911785125732422e-01,9.999986886978149414e-01,-9.999989271163940430e-01,-9.999990463256835938e-01,9.999981522560119629e-01,9.999985694885253906e-01,9.999963045120239258e-01,9.999929070472717285e-01,9.999977350234985352e-01,-9.999977946281433105e-01,9.999926686286926270e-01,-9.999992847442626953e-01,-9.999990463256835938e-01,9.999950528144836426e-01,9.999987483024597168e-01,9.999970793724060059e-01,9.999909400939941406e-01,9.999989867210388184e-01,-9.999983906745910645e-01,-9.999989867210388184e-01,9.999929070472717285e-01,-9.999972581863403320e-01,-9.999909996986389160e-01,-9.999981522560119629e-01,9.999833106994628906e-01,9.999948143959045410e-01,-9.999981522560119629e-01,9.999592900276184082e-01,9.999991059303283691e-01,9.999986290931701660e-01,9.999809861183166504e-01,-9.999991059303283691e-01,9.999987483024597168e-01,9.999933242797851562e-01,9.999824762344360352e-01,9.999991059303283691e-01,9.999983310699462891e-01,9.999981522560119629e-01,-9.999941587448120117e-01,9.999988675117492676e-01,9.999988079071044922e-01,-9.999986290931701660e-01,-9.999989271163940430e-01,-9.999987483024597168e-01,-9.999988675117492676e-01,-9.999939203262329102e-01,-9.999987483024597168e-01,-9.999982118606567383e-01,9.999817013740539551e-01,9.999957084655761719e-01,9.999940991401672363e-01,9.999983906745910645e-01,-9.999985098838806152e-01,9.999989867210388184e-01,9.999985098838806152e-01,9.999961256980895996e-01,-9.999937415122985840e-01,-9.999991059303283691e-01,-9.999991655349731445e-01,-9.999957084655761719e-01,-9.999991059303283691e-01,9.999982714653015137e-01,-9.999989867210388184e-01,9.999949336051940918e-01,-9.999960064888000488e-01,-9.999943971633911133e-01,-9.999879002571105957e-01,-9.999986290931701660e-01,9.999912381172180176e-01,9.999989271163940430e-01,-9.999932050704956055e-01,-9.999954700469970703e-01,9.999936223030090332e-01,9.999977350234985352e-01,-9.999989867210388184e-01,9.999983310699462891e-01,-9.999985098838806152e-01,-9.999828934669494629e-01,-9.999647736549377441e-01,9.999991059303283691e-01,9.999936819076538086e-01,9.999931454658508301e-01,-9.999930262565612793e-01,9.999985098838806152e-01,-9.999880194664001465e-01,-9.999974370002746582e-01,9.999972581863403320e-01,-9.999982714653015137e-01,-9.999878406524658203e-01,9.999991655349731445e-01,-9.999989867210388184e-01,9.999976754188537598e-01,-9.999972581863403320e-01,9.999990463256835938e-01,9.999625086784362793e-01,9.999637603759765625e-01,9.999988675117492676e-01,9.999954104423522949e-01,-9.999825358390808105e-01,-9.999986886978149414e-01,-9.999948740005493164e-01,9.999986886978149414e-01,-9.999986886978149414e-01,9.999974966049194336e-01,-9.999982714653015137e-01,-9.998925328254699707e-01,9.999992847442626953e-01,-9.999967813491821289e-01,9.999991059303283691e-01,-9.999980330467224121e-01,-9.999959468841552734e-01,-9.999960660934448242e-01,-9.999983906745910645e-01,9.999971389770507812e-01,9.999976158142089844e-01,-9.999970197677612305e-01,-9.999921917915344238e-01,-9.999949336051940918e-01,9.998785853385925293e-01,-9.999897480010986328e-01
-9.999987483024597168e-01,9.999989271163940430e-01,9.999957084655761719e-01,-9.999977350234985352e-01,-9.999991655349731445e-01,9.999992251396179199e-01,-9.999958872795104980e-01,-9.999993443489074707e-01,9.999927282333374023e-01,-9.999989271163940430e-01,9.999992251396179199e-01,9.999993443489074707e-01,-9.999983310699462891e-01,-9.999988079071044922e-01,-9.999969601631164551e-01,-9.999941587448120117e-01,-9.999981522560119629e-01,9.999982118606567383e-01,-9.999939203262329102e-01,9.999994039535522461e-01,9.999993443489074707e-01,-9.999958872795104980e-01,-9.999989867210388184e-01,-9.999976754188537598e-01,-9.999926090240478516e-01,-9.999992251396179199e-01,9.999986886978149414e-01,9.999991655349731445e-01,-9.999940991401672363e-01,9.999977946281433105e-01,9.999925494194030762e-01,9.999984502792358398e-01,-9.999862313270568848e-01,-9.999957680702209473e-01,9.999984502792358398e-01,-9.999662041664123535e-01,-9.999992251396179199e-01,-9.999989271163940430e-01,-9.999843835830688477e-01,9.999994039535522461e-01,-9.999989271163940430e-01,-9.999944567680358887e-01,-9.999855756759643555e-01,-9.999992251396179199e-01,-9.999986886978149414e-01,-9.999985694885253906e-01,9.999952316284179688e-01,-9.999991059303283691e-01,-9.999989867210388184e-01,9.999989271163940430e-01,9.999991655349731445e-01,9.999990463256835938e-01,9.999991059303283691e-01,9.999950528144836426e-01,9.999989867210388184e-01,9.999985098838806152e-01,-9.999848008155822754e-01,-9.999963641166687012e-01,-9.999951720237731934e-01,-9.999986886978149414e-01,9.999988079071044922e-01,-9.999992251396179199e-01,-9.999988079071044922e-01,-9.999967813491821289e-01,9.999948143959045410e-01,9.999992847442626953e-01,9.999993443489074707e-01,9.999964833259582520e-01,9.999993443489074707e-01,-9.999986886978149414e-01,9.999992847442626953e-01,-9.999958276748657227e-01,9.999967217445373535e-01,9.999954104423522949e-01,9.999900460243225098e-01,9.999989271163940430e-01,-9.999927282333374023e-01,-9.999991059303283691e-01,9.999944567680358887e-01,9.999962449073791504e-01,-9.999946951866149902e-01,-9.999981522560119629e-01,9.999992847442626953e-01,-9.999986886978149414e-01,9.999987483024597168e-01,9.999858736991882324e-01,9.999708533287048340e-01,-9.999992251396179199e-01,-9.999948143959045410e-01,-9.999943971633911133e-01,9.999943375587463379e-01,-9.999987483024597168e-01,9.999900460243225098e-01,9.999979138374328613e-01,-9.999977946281433105e-01,9.999986290931701660e-01,9.999900460243225098e-01,-9.999992847442626953e-01,9.999992251396179199e-01,-9.999981522560119629e-01,9.999977946281433105e-01,-9.999993443489074707e-01,-9.999690055847167969e-01,-9.999699592590332031e-01,-9.999991655349731445e-01,-9.999962449073791504e-01,9.999855756759643555e-01,9.999989867210388184e-01,9.999957680702209473e-01,-9.999989867210388184e-01,9.999989867210388184e-01,-9.999979734420776367e-01,9.999986886978149414e-01,9.999107718467712402e-01,-9.999994039535522461e-01,9.999973177909851074e-01,-9.999992847442626953e-01,9.999983310699462891e-01,9.999965429306030273e-01,9.999968409538269043e-01,9.999986886978149414e-01,-9.999976754188537598e-01,-9.999980330467224121e-01,9.999974966049194336e-01,9.999935030937194824e-01,9.999958276748657227e-01,-9.998992085456848145e-01,9.999915361404418945e-01
-9.999987483024597168e-01,9.999990463256835938e-01,9.999960660934448242e-01,-9.999979138374328613e-01,-9.999992847442626953e-01,9.999991059303283691e-01,-9.999961853027343750e-01,-9.999994635581970215e-01,9.999934434890747070e-01,-9.999990463256835938e-01,9.999993443489074707e-01,9.999992847442626953e-01,-9.999985098838806152e-01,-9.999988675117492676e-01,-9.999972581863403320e-01,-9.999947547912597656e-01,-9.999982714653015137e-01,9.999983906745910645e-01,-9.999945163726806641e-01,9.999994635581970215e-01,9.999994039535522461e-01,-9.999963045120239258e-01,-9.999991059303283691e-01,-9.999979138374328613e-01,-9.999932646751403809e-01,-9.999992847442626953e-01,9.999987483024597168e-01,9.999992251396179199e-01,-9.999946951866149902e-01,9.999979734420776367e-01,9.999932646751403809e-01,9.999985694885253906e-01,-9.999876022338867188e-01,-9.999961256980895996e-01,9.999986290931701660e-01,-9.999698996543884277e-01,-9.999993443489074707e-01,-9.999990463256835938e-01,-9.999860525131225586e-01,9.999993443489074707e-01,-9.999991059303283691e-01,-9.999950528144836426e-01,-9.999870657920837402e-01,-9.999992251396179199e-01,-9.999987483024597168e-01,-9.999986290931701660e-01,9.999957084655761719e-01,-9.999991655349731445e-01,-9.999991059303283691e-01,9.999990463256835938e-01,9.999992251396179199e-01,9.999991655349731445e-01,9.999992847442626953e-01,9.999954700469970703e-01,9.999991059303283691e-01,9.999986886978149414e-01,-9.999864697456359863e-01,-9.999967813491821289e-01,-9.999956488609313965e-01,-9.999988079071044922e-01,9.999989271163940430e-01,-9.999992847442626953e-01,-9.999988675117492676e-01,-9.999970197677612305e-01,9.999953508377075195e-01,9.999993443489074707e-01,9.999994039535522461e-01,9.999968409538269043e-01,9.999993443489074707e-01,-9.999986290931701660e-01,9.999992847442626953e-01,-9.999962449073791504e-01,9.999970197677612305e-01,9.999958872795104980e-01,9.999910593032836914e-01,9.999990463256835938e-01,-9.999934434890747070e-01,-9.999992251396179199e-01,9.999949932098388672e-01,9.999966025352478027e-01,-9.999952316284179688e-01,-9.999982714653015137e-01,9.999992251396179199e-01,-9.999986886978149414e-01,9.999988079071044922e-01,9.999873042106628418e-01,9.999739527702331543e-01,-9.999993443489074707e-01,-9.999954104423522949e-01,-9.999949336051940918e-01,9.999949336051940918e-01,-9.999989271163940430e-01,9.999910593032836914e-01,9.999981522560119629e-01,-9.999980330467224121e-01,9.999986886978149414e-01,9.999910593032836914e-01,-9.999992847442626953e-01,9.999992251396179199e-01,-9.999982118606567383e-01,9.999979734420776367e-01,-9.999993443489074707e-01,-9.999722838401794434e-01,-9.999732375144958496e-01,-9.999991655349731445e-01,-9.999965429306030273e-01,9.999871850013732910e-01,9.999990463256835938e-01,9.999961853027343750e-01,-9.999990463256835938e-01,9.999992251396179199e-01,-9.999981522560119629e-01,9.999987483024597168e-01,9.999205470085144043e-01,-9.999994635581970215e-01,9.999975562095642090e-01,-9.999993443489074707e-01,9.999984502792358398e-01,9.999969601631164551e-01,9.999970793724060059e-01,9.999988079071044922e-01,-9.999978542327880859e-01,-9.999982118606567383e-01,9.999977946281433105e-01,9.999942183494567871e-01,9.999961256980895996e-01,-9.999101758003234863e-01,9.999923110008239746e-01
