4.993458986282348633e-01,3.977103158831596375e-03,-5.631071329116821289e-02,-1.232021227478981018e-01,1.976156979799270630e-01,-1.547017097473144531e-01,1.751582473516464233e-01,3.841832280158996582e-01,1.133000180125236511e-01,6.368340551853179932e-02,-8.874478936195373535e-02,-5.137542635202407837e-02,-5.448961257934570312e-02,1.295150071382522583e-01,1.406089365482330322e-01,1.276198178529739380e-01,-6.802614661864936352e-04,-7.932496070861816406e-02,1.184220537543296814e-01,-5.422779172658920288e-02,-6.505238264799118042e-02,1.086403988301753998e-02,-6.824234127998352051e-02,1.121638491749763489e-01,6.546325515955686569e-03,5.469687655568122864e-02,6.309483200311660767e-02,-2.278845459222793579e-01,3.636190295219421387e-02,-2.262906581163406372e-01,-1.392432451248168945e-01,-3.880109637975692749e-02,-6.951680779457092285e-02,3.955528140068054199e-02,-2.879430353641510010e-02,-6.479174643754959106e-02,-1.786451973021030426e-02,4.696870595216751099e-02,-2.764526903629302979e-01,-3.351475894451141357e-01,1.900242120027542114e-01,7.616987824440002441e-02,-9.894374012947082520e-02,1.569422334432601929e-02,-6.417873501777648926e-02,4.369288310408592224e-02,-1.019148901104927063e-01,-8.927123993635177612e-02,7.401296496391296387e-02,-3.597535192966461182e-02,-1.101715415716171265e-01,-5.918919295072555542e-02,2.349443584680557251e-01,-7.527430355548858643e-02,-1.542581468820571899e-01,-1.428718715906143188e-01,6.687834858894348145e-02,5.482242908328771591e-03,4.178465530276298523e-02,6.628647446632385254e-03,-4.118731617927551270e-02,-4.980830103158950806e-02,4.217688459903001785e-03,1.548348367214202881e-01,-9.013573639094829559e-03,1.603872515261173248e-02,-1.997812390327453613e-01,1.450566798448562622e-01,-1.269311904907226562e-01,2.049282342195510864e-01,-1.785225719213485718e-01,6.068919971585273743e-02,5.696169659495353699e-02,1.258833557367324829e-01,-1.124641150236129761e-01,-1.001339107751846313e-01,-1.817223732359707355e-03,9.692735970020294189e-02,-3.372213244438171387e-02,-6.678960472345352173e-02,2.853320352733135223e-02,5.957498797215521336e-04,-2.872062027454376221e-01,-6.460606586188077927e-03,-2.657217681407928467e-01,4.409023374319076538e-02,3.319028913974761963e-01,2.224364870926365256e-04,-5.095793679356575012e-02,8.672799170017242432e-02,-1.356621831655502319e-01,9.527729451656341553e-02,1.640508919954299927e-01,-1.940681636333465576e-01,-7.637861371040344238e-02,-3.623096346855163574e-01,1.658479273319244385e-01,-1.200321494252420962e-04,-1.948926150798797607e-01,2.600630819797515869e-01,-1.835894435644149780e-01,3.398657143115997314e-01,-1.645843684673309326e-02,-4.680592566728591919e-02,-1.670967973768711090e-02,2.179978042840957642e-01,1.649246662855148315e-01,9.184278547763824463e-02,-3.447351753711700439e-01,9.043310768902301788e-03,-4.244682565331459045e-02,9.460497647523880005e-02,4.959699138998985291e-02,-5.131898820400238037e-02,1.149236336350440979e-01,-8.737629652023315430e-02,4.094342589378356934e-01,-9.954191744327545166e-02,-2.707774937152862549e-01,-1.984839141368865967e-02,-1.321551054716110229e-01,1.625041067600250244e-01,1.395475119352340698e-01,2.017109543085098267e-01,2.956158481538295746e-02,-8.639158308506011963e-02,-1.694067195057868958e-02,-4.468079656362533569e-03
3.977103158831596375e-03,1.975108496844768524e-02,-1.256368756294250488e-01,8.929689228534698486e-02,6.555611640214920044e-02,-1.536531653255224228e-02,1.829490996897220612e-02,5.805862322449684143e-02,1.982999220490455627e-02,4.493234306573867798e-02,-6.449096836149692535e-03,-5.409397184848785400e-02,1.036863625049591064e-01,4.432703182101249695e-02,1.138762086629867554e-01,1.219710707664489746e-01,2.184895947721088305e-06,7.962407171726226807e-02,-8.697574585676193237e-02,-5.682770162820816040e-02,-2.843402326107025146e-02,1.040979400277137756e-01,6.227410584688186646e-02,-5.830643698573112488e-03,1.364102773368358612e-02,1.286633759737014771e-01,-1.204804703593254089e-01,-5.225003138184547424e-02,1.080541685223579407e-01,-8.841000497341156006e-03,8.062669076025485992e-03,-1.207830086350440979e-01,9.246774017810821533e-02,5.237720534205436707e-02,-6.174907088279724121e-03,-1.262767612934112549e-01,3.787508234381675720e-02,8.559110760688781738e-02,-9.710794687271118164e-02,-6.582842767238616943e-02,1.111021861433982849e-01,1.282157562673091888e-02,1.128647029399871826e-01,1.770647056400775909e-02,-2.064066939055919647e-02,-7.281978428363800049e-02,-1.291460841894149780e-01,-3.625202924013137817e-02,-8.241652511060237885e-03,4.160295799374580383e-02,-1.236901432275772095e-02,1.193513534963130951e-02,3.851645067334175110e-02,-6.715620867908000946e-03,-1.764028333127498627e-02,-1.369540989398956299e-01,2.911959402263164520e-02,1.017292309552431107e-02,-7.632640749216079712e-02,-7.126780599355697632e-02,3.294680267572402954e-03,4.734131041914224625e-03,3.554330673068761826e-03,4.207392036914825439e-02,1.819051615893840790e-02,-3.232587501406669617e-02,2.785685658454895020e-02,1.235586330294609070e-01,-1.150325313210487366e-01,4.460924491286277771e-02,-1.015153750777244568e-01,2.204651013016700745e-02,-2.582596987485885620e-02,1.186886429786682129e-01,-4.085622355341911316e-02,-1.133617237210273743e-01,-1.878113485872745514e-03,1.376219242811203003e-01,-4.448521882295608521e-02,-1.134248301386833191e-01,1.219442561268806458e-01,7.714265957474708557e-04,-8.891021460294723511e-02,1.669478486292064190e-03,-1.064547970890998840e-01,-1.124612763524055481e-01,3.841939195990562439e-02,4.888732451945543289e-03,4.283225908875465393e-02,7.107099145650863647e-02,-3.171953558921813965e-02,-2.476191893219947815e-02,-1.032161936163902283e-01,3.229544684290885925e-02,-1.079248487949371338e-01,-1.215461641550064087e-02,6.574542820453643799e-02,-6.539138848893344402e-05,-9.157996624708175659e-02,9.034936875104904175e-02,-1.995996013283729553e-02,6.876515597105026245e-02,-1.345074474811553955e-01,-7.193771749734878540e-02,1.426466852426528931e-01,2.868583425879478455e-02,-8.976945281028747559e-02,-1.192683726549148560e-01,-6.215705350041389465e-02,-7.165394723415374756e-03,6.816870719194412231e-02,-5.379462614655494690e-02,-1.219781786203384399e-01,-1.096354611217975616e-02,1.362377703189849854e-01,-1.223326027393341064e-01,4.381639882922172546e-02,5.535768717527389526e-02,-1.238587349653244019e-01,3.827881067991256714e-02,5.831149965524673462e-02,9.932616353034973145e-02,1.183022111654281616e-01,-6.576877832412719727e-02,-3.974550589919090271e-02,-4.735581949353218079e-02,3.860234282910823822e-03,8.110485970973968506e-02
-5.631071329116821289e-02,-1.256368756294250488e-01,7.991019487380981445e-01,-6.130569577217102051e-01,-4.045929610729217529e-01,4.151425138115882874e-02,-1.857173740863800049e-01,-4.101032018661499023e-01,-1.270461827516555786e-01,-3.258568346500396729e-01,6.503070145845413208e-02,3.878639936447143555e-01,-6.134964823722839355e-01,-3.755973577499389648e-01,-7.282636761665344238e-01,-7.495915293693542480e-01,-3.428313881158828735e-03,-4.751889705657958984e-01,6.093043684959411621e-01,4.369430840015411377e-01,2.355726361274719238e-01,-7.129738926887512207e-01,-4.682817459106445312e-01,7.811535894870758057e-02,-9.967579692602157593e-02,-7.546266913414001465e-01,7.359556555747985840e-01,2.998929917812347412e-01,-7.061395049095153809e-01,1.004529967904090881e-01,-2.051723189651966095e-02,7.749840617179870605e-01,-6.045621633529663086e-01,-4.158096611499786377e-01,4.781943559646606445e-02,7.805106639862060547e-01,-2.620572745800018311e-01,-5.894925594329833984e-01,5.977976322174072266e-01,5.032508969306945801e-01,-7.041695713996887207e-01,-9.910786151885986328e-02,-6.869117021560668945e-01,-1.251048594713211060e-01,1.550009995698928833e-01,4.891930520534515381e-01,8.000255227088928223e-01,2.612032592296600342e-01,3.459071367979049683e-02,-1.760475337505340576e-01,6.882710754871368408e-02,-8.246154338121414185e-02,-3.086026608943939209e-01,1.089725792407989502e-01,1.119076982140541077e-01,8.257792592048645020e-01,-2.374318093061447144e-01,-7.116288691759109497e-02,4.559228122234344482e-01,4.888795912265777588e-01,3.006312623620033264e-02,-7.551067322492599487e-02,-2.691106684505939484e-02,-3.055490851402282715e-01,-1.186863034963607788e-01,2.162575423717498779e-01,-1.263824403285980225e-01,-7.518162131309509277e-01,7.397754788398742676e-01,-2.790229320526123047e-01,6.894177198410034180e-01,-1.404728889465332031e-01,1.838574856519699097e-01,-7.697149515151977539e-01,2.697930634021759033e-01,7.201001644134521484e-01,1.130067184567451477e-02,-8.401626944541931152e-01,3.493773639202117920e-01,7.536423802375793457e-01,-7.895573973655700684e-01,-5.684463772922754288e-03,6.049916148185729980e-01,-1.001596543937921524e-02,6.942237019538879395e-01,6.407396793365478516e-01,-2.962704598903656006e-01,-3.222195431590080261e-02,-2.681100070476531982e-01,-5.243089199066162109e-01,2.129760086536407471e-01,1.760942637920379639e-01,6.615067720413208008e-01,-2.211585193872451782e-01,7.189598083496093750e-01,1.458285003900527954e-01,-4.276989698410034180e-01,4.763170727528631687e-04,6.316632032394409180e-01,-6.178311705589294434e-01,2.143643945455551147e-01,-4.818770587444305420e-01,8.219207525253295898e-01,5.032907128334045410e-01,-8.387438654899597168e-01,-2.982358634471893311e-01,5.903108716011047363e-01,7.282667756080627441e-01,4.110740721225738525e-01,5.180471390485763550e-02,-5.045663118362426758e-01,4.632052481174468994e-01,7.601240873336791992e-01,-6.279379129409790039e-02,-8.004296422004699707e-01,7.576331496238708496e-01,-3.348963558673858643e-01,-3.890247642993927002e-01,7.836319208145141602e-01,-2.772797048091888428e-01,-3.592136204242706299e-01,-6.878134012222290039e-01,-7.547996640205383301e-01,3.894713521003723145e-01,3.407842218875885010e-01,3.872918784618377686e-01,-4.850768670439720154e-02,-5.782235860824584961e-01
-1.232021227478981018e-01,8.929689228534698486e-02,-6.130569577217102051e-01,6.572120785713195801e-01,1.983117908239364624e-01,9.271524101495742798e-02,8.946034312248229980e-02,1.660622656345367432e-01,4.128433018922805786e-02,2.210251688957214355e-01,-7.119888067245483398e-02,-2.876664698123931885e-01,3.792524039745330811e-01,3.330064117908477783e-01,5.429326295852661133e-01,4.953747391700744629e-01,8.328711614012718201e-03,4.086172282695770264e-01,-5.412140488624572754e-01,-2.964112162590026855e-01,-2.893849313259124756e-01,5.768288373947143555e-01,3.749334812164306641e-01,-9.346967190504074097e-02,7.679353654384613037e-02,5.074083209037780762e-01,-5.374194383621215820e-01,-4.143155366182327271e-02,4.569444358348846436e-01,9.074080735445022583e-02,3.781312331557273865e-02,-6.372501254081726074e-01,5.777764916419982910e-01,2.512517869472503662e-01,-1.720027811825275421e-02,-5.604752302169799805e-01,1.994919478893280029e-01,4.055458903312683105e-01,-2.689247727394104004e-01,-4.232074320316314697e-01,5.050953626632690430e-01,8.823138475418090820e-02,5.286557078361511230e-01,8.544939756393432617e-02,-1.346330791711807251e-01,-2.161733955144882202e-01,-6.052401661872863770e-01,-2.222888022661209106e-01,-6.232677027583122253e-02,2.364501208066940308e-01,-2.330092526972293854e-02,8.514095842838287354e-02,2.328818291425704956e-01,-9.208126366138458252e-02,9.370098263025283813e-02,-5.891772508621215820e-01,1.697752922773361206e-01,4.750409722328186035e-02,-3.573443293571472168e-01,-4.138259291648864746e-01,-9.038464725017547607e-02,1.320476680994033813e-01,2.539530210196971893e-02,1.910844594240188599e-01,1.239606514573097229e-01,-1.652672886848449707e-01,1.552642732858657837e-01,5.196577906608581543e-01,-4.894564449787139893e-01,9.114649146795272827e-02,-4.607756435871124268e-01,2.597838044166564941e-01,-1.921832412481307983e-01,5.860934853553771973e-01,-1.882620006799697876e-01,-5.839065909385681152e-01,-3.311882028356194496e-03,6.016491055488586426e-01,-4.484082162380218506e-01,-5.687471032142639160e-01,6.971561312675476074e-01,4.133473616093397141e-03,-3.132985234260559082e-01,1.051786635071039200e-02,-4.973691403865814209e-01,-4.451289772987365723e-01,-2.965614013373851776e-02,2.022311277687549591e-02,1.733850836753845215e-01,3.567325770854949951e-01,-1.209474727511405945e-01,-2.555907666683197021e-01,-6.371871232986450195e-01,3.269690275192260742e-01,-5.769634842872619629e-01,1.879507489502429962e-02,2.742951214313507080e-01,-3.183663939125835896e-04,-3.586136400699615479e-01,3.701221644878387451e-01,-5.212206766009330750e-02,1.602949649095535278e-01,-7.005735635757446289e-01,-3.490370512008666992e-01,6.698067784309387207e-01,3.165527582168579102e-01,-6.551975607872009277e-01,-5.746994614601135254e-01,-1.548442393541336060e-01,-4.215387627482414246e-02,5.274587273597717285e-01,-4.712260067462921143e-01,-6.441642642021179199e-01,1.268088668584823608e-01,5.657381415367126465e-01,-5.376073122024536133e-01,4.007099568843841553e-02,3.084871470928192139e-01,-5.594927668571472168e-01,2.606686353683471680e-01,3.049018681049346924e-01,5.139849781990051270e-01,5.602102875709533691e-01,-3.762953579425811768e-01,-2.546361684799194336e-01,-2.943881750106811523e-01,3.725063055753707886e-02,4.578524529933929443e-01
1.976156979799270630e-01,6.555611640214920044e-02,-4.045929610729217529e-01,1.983117908239364624e-01,3.356266617774963379e-01,-1.215579733252525330e-01,1.093813255429267883e-01,3.734346926212310791e-01,6.268864125013351440e-02,1.500453352928161621e-01,-3.843120485544204712e-02,-1.803299039602279663e-01,3.379086554050445557e-01,1.261324882507324219e-01,4.128602743148803711e-01,4.474815130233764648e-01,-4.077093210071325302e-03,2.437722682952880859e-01,-1.985028982162475586e-01,-1.793748736381530762e-01,2.390918962191790342e-04,3.052310645580291748e-01,1.500297188758850098e-01,5.495224148035049438e-02,3.764498233795166016e-02,4.264260530471801758e-01,-3.677998185157775879e-01,-3.087399601936340332e-01,3.892610371112823486e-01,-1.506612002849578857e-01,-8.805296383798122406e-03,-3.302930891513824463e-01,2.171187251806259155e-01,1.770651340484619141e-01,-3.359450399875640869e-02,-4.151336550712585449e-01,1.068962439894676208e-01,2.863239049911499023e-01,-4.775142967700958252e-01,-2.829271852970123291e-01,4.023889303207397461e-01,5.857471004128456116e-02,3.368374407291412354e-01,6.369826197624206543e-02,-3.439760953187942505e-02,-2.457224577665328979e-01,-4.505228698253631592e-01,-1.389589160680770874e-01,-1.343601755797863007e-02,1.476949453353881836e-01,-7.962014526128768921e-02,-3.089577332139015198e-02,1.668155789375305176e-01,-2.331544086337089539e-02,-1.650827527046203613e-01,-4.961002171039581299e-01,1.062407717108726501e-01,3.511314839124679565e-02,-2.475196123123168945e-01,-2.107656151056289673e-01,4.570173472166061401e-02,-5.521532893180847168e-02,9.688775055110454559e-03,1.647647619247436523e-01,5.127866938710212708e-02,-9.215889871120452881e-02,4.602871835231781006e-02,4.631039798259735107e-01,-3.893832266330718994e-01,2.692807316780090332e-01,-3.935347497463226318e-01,1.976185850799083710e-02,-1.988876797258853912e-02,3.973956406116485596e-01,-1.612172126770019531e-01,-3.899583518505096436e-01,-7.932439446449279785e-03,4.647132158279418945e-01,-9.223514795303344727e-02,-3.488345444202423096e-01,3.430584967136383057e-01,2.424796577543020248e-03,-4.137296378612518311e-01,1.810506451874971390e-03,-4.212527573108673096e-01,-3.877936601638793945e-01,2.840255498886108398e-01,1.673557236790657043e-02,1.005815938115119934e-01,2.420057356357574463e-01,-1.744837611913681030e-01,-3.879695723298937082e-04,-2.174071818590164185e-01,-1.822731643915176392e-02,-3.307125866413116455e-01,-1.644925475120544434e-01,3.227110803127288818e-01,-2.389126893831416965e-04,-3.702424466609954834e-01,3.739128410816192627e-01,-1.250614523887634277e-01,3.537577390670776367e-01,-3.882174789905548096e-01,-2.410397678613662720e-01,4.238642454147338867e-01,1.368442326784133911e-01,-1.537278741598129272e-01,-3.481709361076354980e-01,-3.493050634860992432e-01,-1.357433293014764786e-02,9.349928051233291626e-02,-6.345581263303756714e-02,-3.508478105068206787e-01,-1.331655532121658325e-01,5.159062147140502930e-01,-4.124119579792022705e-01,3.131650984287261963e-01,1.407388448715209961e-01,-4.825413823127746582e-01,8.552928268909454346e-02,1.609013825654983521e-01,3.361381590366363525e-01,4.084398448467254639e-01,-1.377158761024475098e-01,-8.677137643098831177e-02,-1.239602938294410706e-01,-8.810609579086303711e-03,2.412189990282058716e-01
-1.547017097473144531e-01,-1.536531653255224228e-02,4.151425138115882874e-02,9.271524101495742798e-02,-1.215579733252525330e-01,2.301545292139053345e-01,-3.975950554013252258e-02,-1.022458970546722412e-01,-1.408766806125640869e-01,-5.522073432803153992e-02,3.902050480246543884e-02,1.971972733736038208e-02,-1.206194683909416199e-01,7.380305975675582886e-02,-4.583177715539932251e-02,-1.265508085489273071e-01,2.866426482796669006e-03,-5.420633405447006226e-02,1.577461510896682739e-02,4.192980413790792227e-04,4.856627434492111206e-02,4.323772154748439789e-03,6.733081489801406860e-02,-4.010965302586555481e-02,-1.081076636910438538e-02,-1.906558871269226074e-01,4.110700264573097229e-02,1.650803387165069580e-01,-2.861458808183670044e-02,6.463081389665603638e-02,4.648263007402420044e-02,6.032276153564453125e-02,-3.670452535152435303e-02,5.200199037790298462e-02,4.558309912681579590e-03,8.448430150747299194e-02,-2.208959497511386871e-02,-7.366042584180831909e-02,1.847415864467620850e-01,-1.494736410677433014e-02,-1.853035390377044678e-01,-1.420732960104942322e-02,-6.936590652912855148e-03,-4.910035990178585052e-03,1.186078786849975586e-01,5.211440846323966980e-02,8.386548608541488647e-02,1.540729869157075882e-02,-7.080526649951934814e-02,-6.803684681653976440e-02,8.662470430135726929e-02,-1.098361015319824219e-01,-6.406833976507186890e-02,-2.029130235314369202e-02,7.580352574586868286e-02,8.220040798187255859e-02,-1.302363467402756214e-03,-4.941876977682113647e-03,8.331385254859924316e-02,1.211297884583473206e-02,-1.488688215613365173e-02,3.558985888957977295e-02,1.034587854519486427e-03,-1.694634705781936646e-01,-3.015787899494171143e-02,2.608246542513370514e-02,3.237991407513618469e-02,-1.186643391847610474e-01,1.276383846998214722e-01,-1.112073287367820740e-01,1.074415594339370728e-01,-1.103358939290046692e-01,-4.331284202635288239e-03,-7.730041444301605225e-02,1.058519855141639709e-01,7.664832472801208496e-02,4.916780162602663040e-03,-9.499758481979370117e-02,-2.675193175673484802e-02,6.729684025049209595e-02,-3.000748716294765472e-02,-8.780680218478664756e-05,1.234192177653312683e-01,-2.051134128123521805e-03,1.474139243364334106e-01,8.975034952163696289e-02,-1.576844900846481323e-01,-4.242600407451391220e-03,-7.722938805818557739e-02,-5.593619495630264282e-02,6.175360456109046936e-02,-3.130223229527473450e-02,2.694123890250921249e-03,9.238722175359725952e-02,9.432403743267059326e-02,8.137302845716476440e-02,-5.043886974453926086e-02,6.080089224269613624e-05,7.950819283723831177e-02,-1.936483532190322876e-01,2.555365115404129028e-02,-2.197418659925460815e-01,5.841433256864547729e-02,5.884317308664321899e-02,-1.169044375419616699e-01,9.162673354148864746e-02,-2.891229093074798584e-02,5.555449426174163818e-02,2.235435843467712402e-01,4.998546093702316284e-03,6.589855253696441650e-02,-9.845314919948577881e-02,2.317685820162296295e-02,1.245428919792175293e-01,-1.001180112361907959e-01,1.385030299425125122e-01,-1.292074322700500488e-01,2.292645722627639771e-02,1.155423000454902649e-01,6.262284703552722931e-03,6.410382338799536228e-04,-9.438795596361160278e-02,-9.873652458190917969e-02,1.108341943472623825e-02,-8.839368820190429688e-02,1.616468653082847595e-02,5.852110218256711960e-03,-2.213485725224018097e-02
1.751582473516464233e-01,1.829490996897220612e-02,-1.857173740863800049e-01,8.946034312248229980e-02,1.093813255429267883e-01,-3.975950554013252258e-02,1.566828042268753052e-01,2.011870592832565308e-01,5.600375309586524963e-02,9.676732867956161499e-02,-7.549138367176055908e-02,-8.450346440076828003e-02,5.477346107363700867e-02,1.001998409628868103e-01,1.618768125772476196e-01,1.634260416030883789e-01,2.125390106812119484e-03,1.958453655242919922e-02,-1.071680858731269836e-01,-1.217977851629257202e-01,-1.040425300598144531e-01,1.410348564386367798e-01,6.588649749755859375e-02,9.225213900208473206e-03,2.399312704801559448e-02,1.597384214401245117e-01,-1.021358594298362732e-01,-8.833406120538711548e-02,1.511773616075515747e-01,-1.320959627628326416e-01,-5.945742875337600708e-02,-1.887229532003402710e-01,1.040786579251289368e-01,7.860895991325378418e-02,-1.721929572522640228e-02,-1.556690186262130737e-01,4.269723594188690186e-02,1.219711974263191223e-01,-2.017572522163391113e-01,-2.261449247598648071e-01,2.337932139635086060e-01,5.282548815011978149e-02,5.858027189970016479e-02,2.713033556938171387e-02,-1.020001694560050964e-01,-5.569989234209060669e-02,-1.937479376792907715e-01,-7.829080522060394287e-02,5.456767976284027100e-02,-2.889809897169470787e-03,-3.786540031433105469e-02,3.202558681368827820e-02,1.568161547183990479e-01,-6.552527844905853271e-02,-6.069419905543327332e-02,-2.104832828044891357e-01,7.066854834556579590e-02,1.317891106009483337e-02,-5.644826591014862061e-02,-7.542828470468521118e-02,-6.494994461536407471e-02,2.920892648398876190e-02,7.486397400498390198e-03,1.587408483028411865e-01,2.394892834126949310e-02,-3.230799362063407898e-02,-7.264313101768493652e-02,1.789879947900772095e-01,-1.832526773214340210e-01,1.135568395256996155e-01,-2.130365371704101562e-01,7.701221108436584473e-02,-5.122799891978502274e-03,1.971244066953659058e-01,-9.728422015905380249e-02,-1.902367919683456421e-01,-2.068020403385162354e-03,2.210484594106674194e-01,-1.143682822585105896e-01,-1.820106506347656250e-01,2.075139731168746948e-01,1.233819988556206226e-03,-2.162176072597503662e-01,-7.642750861123204231e-04,-2.508758306503295898e-01,-4.161678254604339600e-02,2.113797813653945923e-01,4.730047658085823059e-03,1.605468615889549255e-02,1.409244984388351440e-01,-9.139207750558853149e-02,-1.119813136756420135e-02,-8.879069983959197998e-02,-2.555974014103412628e-02,-1.942817270755767822e-01,-1.807699650526046753e-01,1.205177232623100281e-01,-1.456795434933155775e-04,-1.658612936735153198e-01,2.477106004953384399e-01,-1.312672197818756104e-01,2.437397390604019165e-01,-1.844859123229980469e-01,-1.099671870470046997e-01,2.059617638587951660e-01,1.768271774053573608e-01,-1.011765599250793457e-01,-8.903770893812179565e-02,-2.131898403167724609e-01,-9.714270010590553284e-03,7.288411259651184082e-02,-1.158441379666328430e-01,-1.102607548236846924e-01,7.916220277547836304e-02,1.900846362113952637e-01,-1.885475516319274902e-01,1.989926397800445557e-01,3.401785716414451599e-02,-2.689222991466522217e-01,4.837987199425697327e-02,5.707816220819950104e-03,2.138850688934326172e-01,1.988634169101715088e-01,2.166328020393848419e-02,-5.315559729933738708e-02,-1.267219334840774536e-01,1.631197519600391388e-02,1.282955706119537354e-01
3.841832280158996582e-01,5.805862322449684143e-02,-4.101032018661499023e-01,1.660622656345367432e-01,3.734346926212310791e-01,-1.022458970546722412e-01,2.011870592832565308e-01,5.816227793693542480e-01,4.857748746871948242e-02,1.635635346174240112e-01,-5.928241088986396790e-02,-2.063873708248138428e-01,2.667507529258728027e-01,1.984838545322418213e-01,4.544379711151123047e-01,4.654314517974853516e-01,-3.608765546232461929e-03,1.538082212209701538e-01,-1.413682699203491211e-01,-2.082960903644561768e-01,5.253023281693458557e-02,3.258318006992340088e-01,1.441711038351058960e-01,5.503164976835250854e-02,3.820494562387466431e-02,3.870420455932617188e-01,-3.121692538261413574e-01,-3.567037880420684814e-01,4.366159141063690186e-01,-2.672013044357299805e-01,-6.982952356338500977e-02,-3.140410780906677246e-01,1.309805810451507568e-01,2.444352358579635620e-01,-5.236710235476493835e-02,-4.256648719310760498e-01,9.370724111795425415e-02,2.961787581443786621e-01,-5.898524522781372070e-01,-4.332087337970733643e-01,4.316656589508056641e-01,8.126901835203170776e-02,2.606011629104614258e-01,7.250759750604629517e-02,6.469895131886005402e-03,-2.448920160531997681e-01,-4.710391163825988770e-01,-1.708253622055053711e-01,1.309029106050729752e-02,3.588180989027023315e-02,-9.331607073545455933e-02,-9.264233708381652832e-02,2.482666224241256714e-01,-1.076309904456138611e-01,-2.503587305545806885e-01,-5.376037359237670898e-01,1.576505005359649658e-01,3.897059336304664612e-02,-1.555075198411941528e-01,-1.966768503189086914e-01,1.705526560544967651e-02,-7.378375530242919922e-02,1.082624681293964386e-02,1.654146760702133179e-01,4.318395629525184631e-02,-7.526543736457824707e-02,-6.762414425611495972e-02,4.739693701267242432e-01,-4.248073101043701172e-01,3.262581527233123779e-01,-4.704545438289642334e-01,-4.207797348499298096e-02,1.908978819847106934e-02,4.444451332092285156e-01,-1.652832031250000000e-01,-3.889926970005035400e-01,-7.614017464220523834e-03,4.918670654296875000e-01,-1.089271381497383118e-01,-3.631022274494171143e-01,3.454281389713287354e-01,2.819447545334696770e-03,-5.227702260017395020e-01,-2.027474343776702881e-03,-4.894360005855560303e-01,-3.154676854610443115e-01,4.250763654708862305e-01,1.644914038479328156e-02,3.796426206827163696e-02,2.896488010883331299e-01,-2.209416031837463379e-01,7.071303576231002808e-02,-1.238517984747886658e-01,-1.177622824907302856e-01,-3.397577702999114990e-01,-3.360871076583862305e-01,3.788083493709564209e-01,-2.915194781962782145e-04,-4.526817798614501953e-01,4.607926011085510254e-01,-2.489822506904602051e-01,4.911350309848785400e-01,-3.671542704105377197e-01,-2.572611570358276367e-01,3.838835358619689941e-01,2.720104455947875977e-01,-4.961554706096649170e-02,-2.914886176586151123e-01,-4.476817250251770020e-01,-6.008289288729429245e-03,6.228818371891975403e-02,-5.851969867944717407e-02,-3.126424551010131836e-01,-6.851600855588912964e-02,5.383845567703247070e-01,-4.080546200275421143e-01,4.830910265445709229e-01,1.259577423334121704e-01,-5.776891708374023438e-01,6.492244452238082886e-02,8.719923347234725952e-02,3.875621557235717773e-01,4.160083234310150146e-01,7.728192023932933807e-03,-1.178149655461311340e-01,-1.560484915971755981e-01,-5.746543873101472855e-03,2.433154881000518799e-01
1.133000180125236511e-01,1.982999220490455627e-02,-1.270461827516555786e-01,4.128433018922805786e-02,6.268864125013351440e-02,-1.408766806125640869e-01,5.600375309586524963e-02,4.857748746871948242e-02,1.742124855518341064e-01,9.082091599702835083e-02,-5.652111023664474487e-02,-6.628195196390151978e-02,1.036423444747924805e-01,6.360407918691635132e-02,1.118546202778816223e-01,1.520906984806060791e-01,3.743525594472885132e-03,4.957818239927291870e-02,-1.093241348862648010e-01,-6.689290702342987061e-02,-2.166555225849151611e-01,1.082231625914573669e-01,1.924371719360351562e-02,-1.764187216758728027e-02,2.783032506704330444e-02,2.159805595874786377e-01,-9.507116675376892090e-02,-6.156788021326065063e-02,4.459153115749359131e-02,-3.260859753936529160e-03,-6.421434134244918823e-02,-2.179767936468124390e-01,1.504868566989898682e-01,7.611503358930349350e-03,-2.891494194045662880e-03,-1.503397375345230103e-01,4.774687066674232483e-02,1.096405535936355591e-01,-1.013380810618400574e-01,-1.102115884423255920e-01,2.326608747243881226e-01,3.647023066878318787e-02,4.598655551671981812e-02,1.267847046256065369e-02,-1.734264045953750610e-01,-4.281005635857582092e-02,-1.393794268369674683e-01,-4.945116862654685974e-02,6.659288704395294189e-02,2.272939682006835938e-02,-7.914684712886810303e-02,1.437147408723831177e-01,1.363118439912796021e-01,-3.284130617976188660e-02,8.472041226923465729e-03,-1.380917727947235107e-01,3.650072962045669556e-02,9.007889777421951294e-03,-7.016008347272872925e-02,-7.150021195411682129e-02,-5.882281810045242310e-02,5.343856289982795715e-02,6.015636026859283447e-03,1.863089054822921753e-01,3.559751436114311218e-02,-4.371927678585052490e-02,-5.364600196480751038e-02,1.381233185529708862e-01,-1.853355765342712402e-01,3.604564070701599121e-02,-1.355500817298889160e-01,1.908894628286361694e-01,-6.842297315597534180e-02,1.703488230705261230e-01,-1.125272065401077271e-01,-1.316483467817306519e-01,-2.610513940453529358e-03,1.692516654729843140e-01,-9.175042808055877686e-02,-1.776701658964157104e-01,1.794021725654602051e-01,9.283000836148858070e-04,-1.119618564844131470e-01,3.796827746555209160e-03,-1.979882419109344482e-01,-6.780170649290084839e-02,8.174456655979156494e-02,4.239006433635950089e-03,1.056078001856803894e-01,1.104731187224388123e-01,-3.745381534099578857e-02,-5.166054144501686096e-02,-1.233751401305198669e-01,1.739877648651599884e-02,-1.898504644632339478e-01,-8.163098990917205811e-02,9.827171452343463898e-03,-1.023272125166840851e-04,-1.127284318208694458e-01,2.119060307741165161e-01,-4.532224312424659729e-02,1.924574971199035645e-01,-1.914150863885879517e-01,-9.542479366064071655e-02,1.997088044881820679e-01,1.544087752699851990e-02,-1.339921355247497559e-01,-1.047449931502342224e-01,-1.643156111240386963e-01,-1.611665822565555573e-02,1.546080857515335083e-01,-6.379549950361251831e-02,-1.221656352281570435e-01,1.822711899876594543e-02,1.015503928065299988e-01,-1.884279698133468628e-01,9.199497103691101074e-02,1.561002526432275772e-02,-1.815809160470962524e-01,6.282575428485870361e-02,-5.943438038229942322e-03,1.827884763479232788e-01,1.728922575712203979e-01,-3.749145567417144775e-02,-1.488497294485569000e-02,-1.305127590894699097e-01,1.997347921133041382e-02,8.324673771858215332e-02
6.368340551853179932e-02,4.493234306573867798e-02,-3.258568346500396729e-01,2.210251688957214355e-01,1.500453352928161621e-01,-5.522073432803153992e-02,9.676732867956161499e-02,1.635635346174240112e-01,9.082091599702835083e-02,1.384739428758621216e-01,-4.841174557805061340e-02,-1.464865207672119141e-01,2.298561632633209229e-01,1.386316865682601929e-01,2.845553457736968994e-01,3.081589043140411377e-01,2.451590495184063911e-03,1.572527587413787842e-01,-2.379034757614135742e-01,-1.679307222366333008e-01,-1.466991007328033447e-01,2.739070057868957520e-01,1.568800657987594604e-01,-3.156157210469245911e-02,4.135338589549064636e-02,3.385668694972991943e-01,-2.827839851379394531e-01,-1.124772951006889343e-01,2.664245069026947021e-01,-5.100365355610847473e-02,-1.962890475988388062e-02,-3.499324619770050049e-01,2.476723790168762207e-01,1.368092000484466553e-01,-1.724528148770332336e-02,-3.227885365486145020e-01,9.892370551824569702e-02,2.251693904399871826e-01,-2.511917948722839355e-01,-2.167923748493194580e-01,3.311277329921722412e-01,4.723885282874107361e-02,2.376890480518341064e-01,4.491499811410903931e-02,-1.118464171886444092e-01,-1.708015054464340210e-01,-3.353181779384613037e-01,-1.016429215669631958e-01,1.880212873220443726e-02,5.693143978714942932e-02,-4.722132533788681030e-02,7.376623153686523438e-02,1.517707109451293945e-01,-5.224994942545890808e-02,-3.897610679268836975e-02,-3.537784814834594727e-01,9.055433422327041626e-02,2.567323669791221619e-02,-1.635322719812393188e-01,-1.760847568511962891e-01,-3.805992007255554199e-02,4.415710642933845520e-02,1.077109389007091522e-02,1.707747280597686768e-01,4.955561459064483643e-02,-8.226126432418823242e-02,1.407938264310359955e-02,3.071219623088836670e-01,-3.160037696361541748e-01,1.071498095989227295e-01,-2.871319651603698730e-01,1.070790439844131470e-01,-7.342959940433502197e-02,3.285078406333923340e-01,-1.257834136486053467e-01,-2.975153028964996338e-01,-4.355597775429487228e-03,3.736380040645599365e-01,-1.501596868038177490e-01,-3.233373463153839111e-01,3.548759818077087402e-01,2.134304959326982498e-03,-2.448498606681823730e-01,4.085714463144540787e-03,-3.162574470043182373e-01,-2.242958396673202515e-01,1.408267021179199219e-01,1.153378561139106750e-02,1.112950146198272705e-01,2.090915292501449585e-01,-8.717879652976989746e-02,-7.092600315809249878e-02,-2.644387483596801758e-01,6.927073746919631958e-02,-3.150425553321838379e-01,-8.782928436994552612e-02,1.447802037000656128e-01,-1.929518621182069182e-04,-2.429996430873870850e-01,2.930386364459991455e-01,-9.645444154739379883e-02,2.397971600294113159e-01,-3.660109341144561768e-01,-1.935758292675018311e-01,3.892059326171875000e-01,1.186545267701148987e-01,-2.527290284633636475e-01,-2.802007496356964111e-01,-1.967300921678543091e-01,-2.192503772675991058e-02,2.096267044544219971e-01,-1.803036332130432129e-01,-2.993645370006561279e-01,4.443258047103881836e-02,3.306927978992462158e-01,-3.315797746181488037e-01,1.470382064580917358e-01,1.289862543344497681e-01,-3.546663224697113037e-01,1.082835420966148376e-01,1.086144372820854187e-01,2.974212765693664551e-01,3.230915963649749756e-01,-1.268571615219116211e-01,-1.148936375975608826e-01,-1.701227128505706787e-01,2.415600791573524475e-02,2.185256034135818481e-01
-8.874478936195373535e-02,-6.449096836149692535e-03,6.503070145845413208e-02,-7.119888067245483398e-02,-3.843120485544204712e-02,3.902050480246543884e-02,-7.549138367176055908e-02,-5.928241088986396790e-02,-5.652111023664474487e-02,-4.841174557805061340e-02,7.696466147899627686e-02,3.240928053855895996e-02,1.883895695209503174e-02,-3.954282402992248535e-02,-5.673721060156822205e-02,-4.267089441418647766e-02,-3.037529997527599335e-03,-2.170923538506031036e-02,7.042121887207031250e-02,3.403915092349052429e-02,1.400492489337921143e-01,-5.165363475680351257e-02,3.592194058001041412e-03,-1.628935709595680237e-02,-1.366330869495868683e-02,-5.674200132489204407e-02,9.103527991101145744e-04,3.399007022380828857e-03,1.685276743955910206e-03,2.298290282487869263e-02,5.042964592576026917e-02,9.578936547040939331e-02,-9.952192753553390503e-02,3.063245303928852081e-02,-7.438943139277398586e-04,3.383665904402732849e-02,-1.747033186256885529e-02,-4.353016614913940430e-02,4.020800814032554626e-02,1.280106902122497559e-01,-1.414153426885604858e-01,-4.296562075614929199e-02,1.654636487364768982e-02,-6.124218460172414780e-03,1.188215389847755432e-01,-6.868978589773178101e-02,7.489673048257827759e-02,5.500965192914009094e-02,-4.557914659380912781e-02,-6.992857158184051514e-02,4.130952805280685425e-02,-6.663300842046737671e-02,-1.100097373127937317e-01,3.513154387474060059e-02,-3.587559610605239868e-02,5.523060262203216553e-02,-2.368001639842987061e-02,-2.016474492847919464e-03,4.376831650733947754e-02,4.190155491232872009e-02,7.078064978122711182e-02,-4.206612333655357361e-02,-5.574952811002731323e-03,-1.321029216051101685e-01,-3.285522386431694031e-02,1.559381745755672455e-02,3.906051442027091980e-02,-6.728319078683853149e-02,5.449110269546508789e-02,-3.949584066867828369e-02,8.914878964424133301e-02,-1.674152016639709473e-01,1.566425897181034088e-02,-8.175824582576751709e-02,7.908299565315246582e-02,1.121826097369194031e-01,-4.182826087344437838e-04,-6.330397725105285645e-02,1.373239010572433472e-01,7.153502851724624634e-02,-1.185288205742835999e-01,-3.573650319594889879e-04,6.675866991281509399e-02,-9.344104328192770481e-04,1.422500759363174438e-01,-2.074202150106430054e-02,-4.907572269439697266e-02,-1.138601655839011073e-04,-4.200438503175973892e-03,-5.409700050950050354e-02,5.069242045283317566e-02,4.964001849293708801e-02,6.793053448200225830e-02,-1.602632179856300354e-02,1.116451844573020935e-01,7.502178847789764404e-02,-5.081572756171226501e-02,6.333873898256570101e-05,3.224739059805870056e-02,-1.291235536336898804e-01,2.221439406275749207e-02,-9.531459957361221313e-02,9.208141267299652100e-02,4.149389266967773438e-02,-9.134698659181594849e-02,-1.197570040822029114e-01,1.163408458232879639e-01,1.645900309085845947e-02,1.164324432611465454e-01,6.380424834787845612e-03,-6.175247207283973694e-02,7.102043181657791138e-02,4.502698406577110291e-02,-3.636817634105682373e-02,-5.117521435022354126e-02,8.390633016824722290e-02,-4.754484817385673523e-02,8.469839580357074738e-03,1.188660860061645508e-01,-3.831922262907028198e-02,8.126478642225265503e-03,-1.140614822506904602e-01,-9.134800732135772705e-02,5.939088761806488037e-03,-2.226487733423709869e-02,6.955739855766296387e-02,-4.575901664793491364e-03,-6.140213459730148315e-02
-5.137542635202407837e-02,-5.409397184848785400e-02,3.878639936447143555e-01,-2.876664698123931885e-01,-1.803299039602279663e-01,1.971972733736038208e-02,-8.450346440076828003e-02,-2.063873708248138428e-01,-6.628195196390151978e-02,-1.464865207672119141e-01,3.240928053855895996e-02,1.793080866336822510e-01,-2.708938717842102051e-01,-1.891545206308364868e-01,-3.573699593544006348e-01,-3.664238154888153076e-01,-2.634934615343809128e-03,-1.983309835195541382e-01,2.661349177360534668e-01,1.914715766906738281e-01,1.207067519426345825e-01,-3.384853899478912354e-01,-2.037261724472045898e-01,4.041084647178649902e-02,-4.525784403085708618e-02,-3.724682927131652832e-01,3.447986543178558350e-01,1.276461184024810791e-01,-3.321066200733184814e-01,3.829971700906753540e-02,6.598846055567264557e-03,3.951485753059387207e-01,-2.753033936023712158e-01,-1.884044110774993896e-01,2.290453575551509857e-02,3.898397386074066162e-01,-1.138453856110572815e-01,-2.613224983215332031e-01,2.906413078308105469e-01,2.675804793834686279e-01,-3.485454320907592773e-01,-5.011188238859176636e-02,-3.074236810207366943e-01,-5.562667176127433777e-02,6.672113388776779175e-02,2.091484963893890381e-01,3.999475240707397461e-01,1.227889508008956909e-01,1.289068162441253662e-02,-6.180479004979133606e-02,4.296626895666122437e-02,-3.410881385207176208e-02,-1.582466363906860352e-01,6.396672129631042480e-02,4.856175184249877930e-02,4.269473254680633545e-01,-1.131659820675849915e-01,-3.187743574380874634e-02,1.817448139190673828e-01,2.182933837175369263e-01,2.473678439855575562e-02,-3.773631900548934937e-02,-1.259734295308589935e-02,-1.340584754943847656e-01,-5.438258498907089233e-02,9.423393756151199341e-02,-3.619305044412612915e-02,-3.613766729831695557e-01,3.599843084812164307e-01,-1.180757060647010803e-01,3.256951272487640381e-01,-7.563810050487518311e-02,8.687714487314224243e-02,-3.889616131782531738e-01,1.213072389364242554e-01,3.396532535552978516e-01,4.543777089565992355e-03,-4.340389668941497803e-01,1.701716780662536621e-01,3.744077384471893311e-01,-4.074859321117401123e-01,-2.612074604257941246e-03,2.786367535591125488e-01,-4.389373585581779480e-03,3.462726771831512451e-01,2.915308475494384766e-01,-1.215633004903793335e-01,-1.393653172999620438e-02,-1.157377511262893677e-01,-2.380807250738143921e-01,9.585732966661453247e-02,7.847370952367782593e-02,3.067799806594848633e-01,-9.464001655578613281e-02,3.484669923782348633e-01,8.261527121067047119e-02,-1.829470247030258179e-01,2.159830182790756226e-04,2.943439483642578125e-01,-3.004046976566314697e-01,1.045499294996261597e-01,-2.334049791097640991e-01,4.289664626121520996e-01,2.236866354942321777e-01,-4.328274726867675781e-01,-1.513339728116989136e-01,2.825033962726593018e-01,3.431102633476257324e-01,1.863873451948165894e-01,2.240536361932754517e-02,-2.585902810096740723e-01,2.042314410209655762e-01,3.721630275249481201e-01,-4.027986526489257812e-02,-4.010365903377532959e-01,3.689648807048797607e-01,-1.625754088163375854e-01,-1.672669500112533569e-01,4.078483283519744873e-01,-1.268218159675598145e-01,-1.423647701740264893e-01,-3.298595249652862549e-01,-3.684408664703369141e-01,1.545628309249877930e-01,1.594904363155364990e-01,1.824865490198135376e-01,-2.258214727044105530e-02,-2.503660321235656738e-01
