9.963735342025756836e-01,7.201239466667175293e-01,-9.495863318443298340e-01,4.021127242594957352e-03,-4.068426787853240967e-01,9.096163511276245117e-01,8.676774501800537109e-01,-8.954083919525146484e-01,-7.759533524513244629e-01,9.278250932693481445e-01,-9.676146507263183594e-01,4.810716509819030762e-01,9.341872334480285645e-01,-8.011199235916137695e-01,-2.002771198749542236e-01,-8.928952813148498535e-01,4.330959618091583252e-01,8.739712834358215332e-01,-8.901318311691284180e-01,-8.901795148849487305e-01,-8.780511021614074707e-01,-3.417679965496063232e-01,7.537991404533386230e-01,5.700411200523376465e-01,9.612895846366882324e-01,-7.577689886093139648e-01,9.155911207199096680e-01,8.996564149856567383e-01,-9.020077586174011230e-01,-2.909078598022460938e-01,8.762088418006896973e-01,-8.643157482147216797e-01,9.571803212165832520e-01,-2.498358488082885742e-01,-9.154653549194335938e-01,-9.668884873390197754e-01,-5.352288484573364258e-01,9.680674672126770020e-01,9.406672120094299316e-01,-9.602164626121520996e-01,-9.126478433609008789e-01,-2.442080900073051453e-02,8.877863287925720215e-01,9.227533936500549316e-01,-4.552856981754302979e-01,-8.735417723655700684e-01,-5.963082909584045410e-01,9.243037104606628418e-01,4.889531433582305908e-02,6.469417810440063477e-01,8.111342787742614746e-01,9.842854142189025879e-01,4.121908843517303467e-01,-9.320467114448547363e-01,-8.342082500457763672e-01,9.280582666397094727e-01,8.163207173347473145e-01,4.441526532173156738e-01,-3.854866921901702881e-01,5.694429278373718262e-01,-7.882486581802368164e-01,-5.835002660751342773e-01,9.006161093711853027e-01,-3.929248452186584473e-01,-6.940290927886962891e-01,-9.556936621665954590e-01,6.392552852630615234e-01,4.401847124099731445e-01,-9.437213540077209473e-01,9.335340857505798340e-01,-9.573898911476135254e-01,9.199441671371459961e-01,-9.576686024665832520e-01,-9.548754096031188965e-01,-9.370698928833007812e-01,2.796578705310821533e-01,-8.836299180984497070e-01,7.956659197807312012e-01,-8.009690642356872559e-01,-4.974984526634216309e-01,7.570499181747436523e-01,6.270169019699096680e-01,-9.495050311088562012e-01,8.457750082015991211e-01,-4.713686406612396240e-01,9.772605299949645996e-01,5.815832018852233887e-01,9.789457321166992188e-01,-9.096693396568298340e-01,-9.586832523345947266e-01,9.618179798126220703e-01,-9.746575355529785156e-01,-9.872056841850280762e-01,9.405026435852050781e-01,-9.171724915504455566e-01,5.964965224266052246e-01,-9.860274195671081543e-01,-9.062587022781372070e-01,3.176885545253753662e-01,9.524700641632080078e-01,-9.010329842567443848e-01,2.932278215885162354e-01,8.237654566764831543e-01,8.174662590026855469e-01,9.646520614624023438e-01,9.293586611747741699e-01,-9.535940885543823242e-01,-9.662109613418579102e-01,-3.030050098896026611e-01,-9.634069204330444336e-01,9.372419714927673340e-01,-9.602820277214050293e-01,9.311940073966979980e-01,7.373666167259216309e-01,-8.779082298278808594e-01,9.573533535003662109e-01,8.081851601600646973e-01,-9.368447661399841309e-01,8.380140662193298340e-01,8.385613560676574707e-01,-9.618576765060424805e-01,6.960128545761108398e-01,9.007083177566528320e-01,-9.086561203002929688e-01,-7.487745285034179688e-01,8.962737321853637695e-01,-9.589309096336364746e-01,9.414274990558624268e-02
7.201239466667175293e-01,9.894196987152099609e-01,-8.600777387619018555e-01,-6.415339708328247070e-01,-7.586670517921447754e-01,5.049311518669128418e-01,9.180154204368591309e-01,-7.636580467224121094e-01,-9.485993981361389160e-01,8.656853437423706055e-01,-6.480885744094848633e-01,-2.187723517417907715e-01,4.570397734642028809e-01,-3.971828520298004150e-01,4.817383289337158203e-01,-9.092627763748168945e-01,9.116116762161254883e-01,3.817586600780487061e-01,-9.084848165512084961e-01,-7.943469285964965820e-01,-3.409048020839691162e-01,-8.701657056808471680e-01,1.935277730226516724e-01,-2.600910607725381851e-03,7.880893945693969727e-01,-1.344445645809173584e-01,8.755131959915161133e-01,8.134654760360717773e-01,-9.119321107864379883e-01,-7.222618460655212402e-01,9.245808124542236328e-01,-3.630661666393280029e-01,8.567568063735961914e-01,4.399965703487396240e-01,-9.020328521728515625e-01,-6.957455277442932129e-01,-9.298493266105651855e-01,8.060805201530456543e-01,5.860960483551025391e-01,-6.521227955818176270e-01,-4.610513150691986084e-01,5.490870475769042969e-01,5.056105852127075195e-01,8.736153244972229004e-01,1.931378543376922607e-01,-9.420596361160278320e-01,-9.046519994735717773e-01,8.736726641654968262e-01,-5.869091749191284180e-01,7.398458570241928101e-02,8.814433217048645020e-01,7.417765855789184570e-01,2.839706540107727051e-01,-8.585062623023986816e-01,-9.435819983482360840e-01,8.623010516166687012e-01,9.267751574516296387e-01,8.652065992355346680e-01,-5.638810992240905762e-01,9.085506200790405273e-01,-3.011698722839355469e-01,-9.582211375236511230e-01,9.005411863327026367e-01,2.976956963539123535e-01,-8.312193304300308228e-02,-8.367471694946289062e-01,3.135730698704719543e-02,-2.331954538822174072e-01,-8.672873973846435547e-01,5.251207351684570312e-01,-8.164740800857543945e-01,5.166370868682861328e-01,-8.251724839210510254e-01,-5.673102140426635742e-01,-8.772993087768554688e-01,-3.751741647720336914e-01,-9.266654253005981445e-01,9.564720392227172852e-01,-7.599022984504699707e-01,1.976878494024276733e-01,2.047135829925537109e-01,9.560855627059936523e-01,-5.848143696784973145e-01,9.562719464302062988e-01,1.951489150524139404e-01,7.991497516632080078e-01,9.533506035804748535e-01,7.364428043365478516e-01,-4.178758561611175537e-01,-7.944632172584533691e-01,7.812716364860534668e-01,-7.015758752822875977e-01,-7.386593818664550781e-01,5.394058823585510254e-01,-8.478186130523681641e-01,9.014636278152465820e-01,-7.313693165779113770e-01,-8.486121892929077148e-01,-3.711236715316772461e-01,5.856716632843017578e-01,-8.893546462059020996e-01,8.212698698043823242e-01,8.332851529121398926e-01,9.612038731575012207e-01,6.819075942039489746e-01,8.716647624969482422e-01,-7.135180234909057617e-01,-7.717411518096923828e-01,-8.564503192901611328e-01,-8.032852411270141602e-01,5.092716813087463379e-01,-8.177480101585388184e-01,8.328152298927307129e-01,9.353928565979003906e-01,-8.407948613166809082e-01,7.884134650230407715e-01,2.846133708953857422e-01,-5.203512907028198242e-01,4.776325523853302002e-01,9.587110280990600586e-01,-6.448461413383483887e-01,9.298682808876037598e-01,4.269257485866546631e-01,-8.110027313232421875e-01,-3.290357291698455811e-01,4.172956645488739014e-01,-6.267729401588439941e-01,-5.042769312858581543e-01
-9.495863318443298340e-01,-8.600777387619018555e-01,9.962595701217651367e-01,2.022962868213653564e-01,5.745148062705993652e-01,-8.446908593177795410e-01,-9.677163362503051758e-01,9.513269066810607910e-01,9.052253365516662598e-01,-9.851189851760864258e-01,9.383490681648254395e-01,-2.796984910964965820e-01,-8.233203887939453125e-01,7.608770728111267090e-01,-1.303104404360055923e-02,9.621338248252868652e-01,-6.496432423591613770e-01,-7.809961438179016113e-01,9.762648940086364746e-01,9.562519788742065430e-01,7.347396016120910645e-01,5.418241024017333984e-01,-6.365509629249572754e-01,-4.393884837627410889e-01,-9.836682677268981934e-01,5.926349759101867676e-01,-9.818601608276367188e-01,-9.137525558471679688e-01,9.397103786468505859e-01,4.960979223251342773e-01,-9.702605009078979492e-01,7.493947744369506836e-01,-9.918054938316345215e-01,2.599586546421051025e-02,9.819303154945373535e-01,9.557971954345703125e-01,7.098212838172912598e-01,-9.871593117713928223e-01,-9.050329327583312988e-01,9.298389554023742676e-01,8.314339518547058105e-01,-1.238781288266181946e-01,-8.506549000740051270e-01,-9.863234162330627441e-01,3.010326027870178223e-01,9.625493884086608887e-01,7.430641055107116699e-01,-9.861830472946166992e-01,1.348548382520675659e-01,-5.067887306213378906e-01,-8.427167534828186035e-01,-9.686709046363830566e-01,-3.676750063896179199e-01,9.755780100822448730e-01,9.261686205863952637e-01,-9.743413925170898438e-01,-9.275359511375427246e-01,-5.981135368347167969e-01,4.986454546451568604e-01,-6.935735940933227539e-01,6.899191737174987793e-01,7.703001499176025391e-01,-9.698133468627929688e-01,1.877819299697875977e-01,5.556581020355224609e-01,9.863086938858032227e-01,-4.978435039520263672e-01,-2.460012584924697876e-01,9.887453913688659668e-01,-8.713849186897277832e-01,9.861519932746887207e-01,-8.563234806060791016e-01,9.852354526519775391e-01,8.957090377807617188e-01,9.873313307762145996e-01,-1.134790182113647461e-01,9.670785665512084961e-01,-9.127303361892700195e-01,8.162110447883605957e-01,3.071906566619873047e-01,-6.455762982368469238e-01,-7.811877727508544922e-01,9.027398228645324707e-01,-9.482766985893249512e-01,2.964654266834259033e-01,-9.757683277130126953e-01,-7.670819759368896484e-01,-9.693357348442077637e-01,8.069671988487243652e-01,9.757648706436157227e-01,-9.812665581703186035e-01,9.465767145156860352e-01,9.567481279373168945e-01,-8.787234425544738770e-01,9.833297729492187500e-01,-7.748017311096191406e-01,9.668400287628173828e-01,9.578322172164916992e-01,-1.205406039953231812e-01,-9.069520831108093262e-01,9.771987795829772949e-01,-5.028841495513916016e-01,-9.142637848854064941e-01,-9.286255240440368652e-01,-9.496990442276000977e-01,-9.688826799392700195e-01,9.563860297203063965e-01,9.802864789962768555e-01,5.088213086128234863e-01,9.850571751594543457e-01,-8.581046462059020996e-01,9.869714379310607910e-01,-9.840022325515747070e-01,-8.509964942932128906e-01,9.492852687835693359e-01,-9.819164276123046875e-01,-7.117591500282287598e-01,8.689349293708801270e-01,-8.197400569915771484e-01,-9.398118853569030762e-01,9.066725969314575195e-01,-8.142822384834289551e-01,-8.036394715309143066e-01,9.436066746711730957e-01,7.168264389038085938e-01,-8.057879209518432617e-01,9.242793917655944824e-01,1.409883052110671997e-01
4.021127242594957352e-03,-6.415339708328247070e-01,2.022962868213653564e-01,9.953827857971191406e-01,5.713962316513061523e-01,3.024484813213348389e-01,-3.431403040885925293e-01,8.600617945194244385e-02,4.864804744720458984e-01,-2.139373570680618286e-01,-1.223906204104423523e-01,8.617217540740966797e-01,3.465043604373931885e-01,-3.701286911964416504e-01,-9.299265146255493164e-01,3.623538911342620850e-01,-8.191214203834533691e-01,4.318802654743194580e-01,3.258208632469177246e-01,1.091528981924057007e-01,-4.280910193920135498e-01,9.097913503646850586e-01,5.965957641601562500e-01,7.238620519638061523e-01,-8.483793586492538452e-02,-6.281361579895019531e-01,-2.857376337051391602e-01,-2.857027947902679443e-01,3.837071955204010010e-01,6.269920468330383301e-01,-3.594674468040466309e-01,-4.517873823642730713e-01,-2.047616988420486450e-01,-9.351773262023925781e-01,3.083544969558715820e-01,-6.031227856874465942e-02,7.176829576492309570e-01,-1.057847514748573303e-01,1.864399760961532593e-01,-1.272561252117156982e-01,-3.551036119461059570e-01,-9.063072204589843750e-01,3.020396232604980469e-01,-2.446921318769454956e-01,-8.475692868232727051e-01,4.246847331523895264e-01,7.225922942161560059e-01,-2.504719495773315430e-01,9.525316953659057617e-01,6.582019925117492676e-01,-4.373736083507537842e-01,-2.836941275745630264e-03,1.180835291743278503e-01,2.626847624778747559e-01,4.530383944511413574e-01,-2.634626626968383789e-01,-4.609043896198272705e-01,-8.485927581787109375e-01,2.673494517803192139e-01,-7.189466953277587891e-01,-4.731710851192474365e-01,7.482047080993652344e-01,-3.280068635940551758e-01,-8.943548202514648438e-01,-6.900709867477416992e-01,1.720616221427917480e-01,7.095850110054016113e-01,8.686425685882568359e-01,2.256899774074554443e-01,2.818762362003326416e-01,1.230907067656517029e-01,2.581655681133270264e-01,1.669761985540390015e-01,-2.362326979637145996e-01,2.556988000869750977e-01,8.378702998161315918e-01,3.884220123291015625e-01,-5.431836843490600586e-01,2.539345622062683105e-01,-8.444293737411499023e-01,5.830698013305664062e-01,-7.392625212669372559e-01,-2.081998139619827271e-01,-4.666034281253814697e-01,-8.497536182403564453e-01,-9.672917425632476807e-02,-7.116200923919677734e-01,6.283631082624197006e-04,-3.897009789943695068e-01,8.660983294248580933e-02,-7.896174490451812744e-02,-3.561154380440711975e-02,5.831663962453603745e-03,2.689547538757324219e-01,2.087163329124450684e-01,-5.978941917419433594e-01,-1.593308150768280029e-02,2.609774172306060791e-01,9.249348044395446777e-01,2.095247209072113037e-01,3.045237660408020020e-01,-9.118077158927917480e-01,-3.138800859451293945e-01,-5.161820650100708008e-01,8.990848809480667114e-02,-2.608255445957183838e-01,-4.841063171625137329e-02,5.238443240523338318e-02,9.262696504592895508e-01,1.079897135496139526e-01,3.003692030906677246e-01,1.192159727215766907e-01,-1.584752053022384644e-01,-5.773767232894897461e-01,2.619661688804626465e-01,-8.386147022247314453e-02,5.211603641510009766e-01,-2.816469967365264893e-01,3.003495931625366211e-01,-4.933711290359497070e-01,-6.450782716274261475e-02,-6.505694389343261719e-01,3.901159167289733887e-01,1.505212932825088501e-01,-4.205878674983978271e-01,3.900687396526336670e-01,-1.408701688051223755e-01,8.686771988868713379e-01
-4.068426787853240967e-01,-7.586670517921447754e-01,5.745148062705993652e-01,5.713962316513061523e-01,9.710456132888793945e-01,-3.049048781394958496e-01,-6.961171030998229980e-01,4.819132387638092041e-01,8.163388967514038086e-01,-5.929381251335144043e-01,3.434688150882720947e-01,3.113185465335845947e-01,-1.786397546529769897e-01,2.691470086574554443e-01,-5.503517985343933105e-01,5.765932798385620117e-01,-7.610875368118286133e-01,-1.362397968769073486e-01,6.499703526496887207e-01,5.876811742782592773e-01,1.549401134252548218e-02,6.983565092086791992e-01,-7.941055297851562500e-02,8.779767900705337524e-02,-4.769227206707000732e-01,-3.218818455934524536e-02,-5.726200938224792480e-01,-4.312831163406372070e-01,5.768738389015197754e-01,7.298318147659301758e-01,-6.730039119720458984e-01,1.600445061922073364e-01,-5.366992950439453125e-01,-4.949920773506164551e-01,6.370033025741577148e-01,4.079965949058532715e-01,7.682882547378540039e-01,-5.169526934623718262e-01,-3.002690374851226807e-01,4.096359312534332275e-01,2.444789260625839233e-01,-3.730525076389312744e-01,-3.305046856403350830e-01,-5.919460058212280273e-01,-2.709915041923522949e-01,6.521090865135192871e-01,6.211630105972290039e-01,-5.586712360382080078e-01,5.892581939697265625e-01,1.030486375093460083e-01,-6.604006290435791016e-01,-4.332273602485656738e-01,-3.790294229984283447e-01,5.254637598991394043e-01,6.991632580757141113e-01,-5.084190964698791504e-01,-6.944279074668884277e-01,-6.590964198112487793e-01,3.490327894687652588e-01,-6.763508319854736328e-01,1.891233623027801514e-01,7.696993350982666016e-01,-6.056097745895385742e-01,-3.539064228534698486e-01,-5.624713376164436340e-02,5.352003574371337891e-01,1.110604256391525269e-01,2.851680517196655273e-01,5.776375532150268555e-01,-2.667277753353118896e-01,5.438845753669738770e-01,-1.865759789943695068e-01,5.073574185371398926e-01,2.993357181549072266e-01,5.599698424339294434e-01,4.911811649799346924e-01,6.149007678031921387e-01,-6.815076470375061035e-01,4.304344058036804199e-01,-3.233908116817474365e-01,-2.670591697096824646e-02,-7.106198668479919434e-01,3.356306552886962891e-01,-6.602262854576110840e-01,-2.684886157512664795e-01,-5.329108834266662598e-01,-7.605978846549987793e-01,-4.621905088424682617e-01,1.719741374254226685e-01,4.907817244529724121e-01,-4.759992063045501709e-01,3.590272367000579834e-01,4.258989393711090088e-01,-2.828602194786071777e-01,5.431463122367858887e-01,-6.917167305946350098e-01,4.477308392524719238e-01,5.544223785400390625e-01,4.509064257144927979e-01,-3.080823719501495361e-01,6.253287196159362793e-01,-6.485316157341003418e-01,-5.405474901199340820e-01,-6.763038635253906250e-01,-4.091978967189788818e-01,-6.354812979698181152e-01,4.620814323425292969e-01,4.844048321247100830e-01,7.083606123924255371e-01,5.034673213958740234e-01,-2.471895813941955566e-01,5.664106011390686035e-01,-5.676209926605224609e-01,-7.507525086402893066e-01,5.194348692893981934e-01,-5.111390948295593262e-01,-1.087967753410339355e-01,2.229686379432678223e-01,-2.972497045993804932e-01,-6.801465153694152832e-01,2.853419482707977295e-01,-5.546808838844299316e-01,-1.872815489768981934e-01,4.854704141616821289e-01,2.025619000196456909e-01,-1.559067666530609131e-01,3.313989341259002686e-01,4.031402468681335449e-01
9.096163511276245117e-01,5.049311518669128418e-01,-8.446908593177795410e-01,3.024484813213348389e-01,-3.049048781394958496e-01,9.975525140762329102e-01,7.594946026802062988e-01,-8.324668407440185547e-01,-6.427586674690246582e-01,8.423293232917785645e-01,-9.512295722961425781e-01,7.042688727378845215e-01,9.654598236083984375e-01,-9.222820401191711426e-01,-4.460015594959259033e-01,-7.203328609466552734e-01,2.185268253087997437e-01,9.705451726913452148e-01,-7.558407187461853027e-01,-8.594784140586853027e-01,-9.075474739074707031e-01,-5.842433497309684753e-02,9.173876643180847168e-01,8.158261179924011230e-01,8.875437974929809570e-01,-8.807505369186401367e-01,7.730404138565063477e-01,6.904445886611938477e-01,-7.158021330833435059e-01,-2.175101637840270996e-01,7.462541460990905762e-01,-9.608775377273559570e-01,8.349485993385314941e-01,-5.124436020851135254e-01,-7.785054445266723633e-01,-9.314830899238586426e-01,-3.603439033031463623e-01,8.853440284729003906e-01,9.336940050125122070e-01,-9.710789918899536133e-01,-9.742545485496520996e-01,-3.269873559474945068e-01,9.719926714897155762e-01,8.190972208976745605e-01,-7.183574438095092773e-01,-6.918087601661682129e-01,-3.172217607498168945e-01,8.059650063514709473e-01,3.476312160491943359e-01,8.566019535064697266e-01,6.256183981895446777e-01,9.259983301162719727e-01,5.516008138656616211e-01,-7.854152917861938477e-01,-6.825989484786987305e-01,7.709040641784667969e-01,6.444588899612426758e-01,1.101760864257812500e-01,-3.770518600940704346e-01,3.290310800075531006e-01,-9.320157766342163086e-01,-3.620849251747131348e-01,7.631187438964843750e-01,-6.497802734375000000e-01,-8.803856372833251953e-01,-8.416376113891601562e-01,8.547908663749694824e-01,7.035403251647949219e-01,-8.321150541305541992e-01,9.751218557357788086e-01,-8.941503167152404785e-01,9.194251298904418945e-01,-8.379552960395812988e-01,-9.734519720077514648e-01,-8.061581850051879883e-01,4.863796234130859375e-01,-7.117475271224975586e-01,5.784702301025390625e-01,-7.083255648612976074e-01,-7.178076505661010742e-01,9.321669340133666992e-01,3.506605029106140137e-01,-9.762309789657592773e-01,6.690773367881774902e-01,-7.309125661849975586e-01,8.946748971939086914e-01,3.922791779041290283e-01,9.221133589744567871e-01,-9.709427356719970703e-01,-9.024149775505065918e-01,8.773617744445800781e-01,-9.278674125671386719e-01,-9.105826616287231445e-01,9.813089966773986816e-01,-8.216283917427062988e-01,4.630594253540039062e-01,-9.296280145645141602e-01,-7.780707478523254395e-01,5.805017948150634766e-01,9.684472680091857910e-01,-7.689647078514099121e-01,-1.332895457744598389e-02,6.717754602432250977e-01,6.149598360061645508e-01,9.517160058021545410e-01,8.122913837432861328e-01,-9.466906785964965820e-01,-9.010466337203979492e-01,-1.706742867827415466e-02,-8.767114877700805664e-01,9.819145202636718750e-01,-8.861162066459655762e-01,8.697573542594909668e-01,5.000725388526916504e-01,-7.387152910232543945e-01,8.871209025382995605e-01,9.521945714950561523e-01,-9.701067209243774414e-01,9.096248745918273926e-01,6.404908895492553711e-01,-8.935447335243225098e-01,4.155987203121185303e-01,9.800202846527099609e-01,-8.518776893615722656e-01,-8.878053426742553711e-01,9.732004404067993164e-01,-9.392611384391784668e-01,3.672455549240112305e-01
8.676774501800537109e-01,9.180154204368591309e-01,-9.677163362503051758e-01,-3.431403040885925293e-01,-6.961171030998229980e-01,7.594946026802062988e-01,9.950419664382934570e-01,-9.204754233360290527e-01,-9.588973522186279297e-01,9.734866619110107422e-01,-8.556482791900634766e-01,1.164166405797004700e-01,6.985738277435302734e-01,-6.908387541770935059e-01,1.794403940439224243e-01,-9.465836286544799805e-01,7.742596864700317383e-01,6.701942086219787598e-01,-9.786016345024108887e-01,-9.547780752182006836e-01,-5.808662772178649902e-01,-6.599821448326110840e-01,5.183971524238586426e-01,3.346465528011322021e-01,9.356254339218139648e-01,-4.389882981777191162e-01,9.608343243598937988e-01,8.515586256980895996e-01,-9.245343804359436035e-01,-6.372348666191101074e-01,9.857491850852966309e-01,-6.282540559768676758e-01,9.560703635215759277e-01,1.340900510549545288e-01,-9.746100902557373047e-01,-8.878592252731323242e-01,-8.212541937828063965e-01,9.424380064010620117e-01,8.138839006423950195e-01,-8.670374155044555664e-01,-7.289674282073974609e-01,2.325031608343124390e-01,7.794088125228881836e-01,9.744991064071655273e-01,-1.659185588359832764e-01,-9.693139195442199707e-01,-7.992360591888427734e-01,9.708322882652282715e-01,-2.674788832664489746e-01,3.945434689521789551e-01,8.459621071815490723e-01,9.031814932823181152e-01,3.855309188365936279e-01,-9.368274807929992676e-01,-9.516974091529846191e-01,9.388497471809387207e-01,9.557269215583801270e-01,6.646307110786437988e-01,-5.867509245872497559e-01,7.516294121742248535e-01,-5.868901610374450684e-01,-8.641383051872253418e-01,9.640839099884033203e-01,-3.765303269028663635e-02,-4.196419417858123779e-01,-9.464932084083557129e-01,3.746256232261657715e-01,1.012136042118072510e-01,-9.662531614303588867e-01,7.787483334541320801e-01,-9.554318785667419434e-01,7.470196485519409180e-01,-9.411847591400146484e-01,-8.017847537994384766e-01,-9.618032574653625488e-01,-5.203606188297271729e-02,-9.656658172607421875e-01,9.334694147109985352e-01,-7.999712824821472168e-01,-1.442904472351074219e-01,5.290763378143310547e-01,8.422464728355407715e-01,-8.173308968544006348e-01,9.674097299575805664e-01,-1.610841304063796997e-01,9.240488409996032715e-01,8.729373812675476074e-01,9.025517702102661133e-01,-6.883985996246337891e-01,-9.337901473045349121e-01,9.271263480186462402e-01,-8.731120824813842773e-01,-8.858065605163574219e-01,7.883328199386596680e-01,-9.675979614257812500e-01,8.659157752990722656e-01,-8.981154561042785645e-01,-9.338082671165466309e-01,-2.950076945126056671e-02,8.179329633712768555e-01,-9.713681936264038086e-01,6.083817481994628906e-01,9.025090932846069336e-01,9.541487693786621094e-01,8.839941024780273438e-01,9.470583200454711914e-01,-9.085468649864196777e-01,-9.290073513984680176e-01,-6.323148012161254883e-01,-9.408010244369506836e-01,7.560538053512573242e-01,-9.508993029594421387e-01,9.692680239677429199e-01,8.883246183395385742e-01,-9.343819022178649902e-01,9.415982365608215332e-01,6.037278175354003906e-01,-7.680068612098693848e-01,7.478357553482055664e-01,9.556054472923278809e-01,-8.126637935638427734e-01,8.396949768066406250e-01,6.979216933250427246e-01,-9.260128736495971680e-01,-6.424909830093383789e-01,6.961483955383300781e-01,-8.407732248306274414e-01,-2.687633037567138672e-01
-8.954083919525146484e-01,-7.636580467224121094e-01,9.513269066810607910e-01,8.600617945194244385e-02,4.819132387638092041e-01,-8.324668407440185547e-01,-9.204754233360290527e-01,9.953494668006896973e-01,8.247854113578796387e-01,-9.407556056976318359e-01,9.357151985168457031e-01,-3.549455106258392334e-01,-8.137082457542419434e-01,8.229210972785949707e-01,1.091214567422866821e-01,9.163196682929992676e-01,-5.699428915977478027e-01,-8.128107190132141113e-01,9.452852606773376465e-01,9.640052318572998047e-01,7.410916686058044434e-01,4.395687580108642578e-01,-6.967051029205322266e-01,-5.100104808807373047e-01,-9.652005434036254883e-01,6.221962571144104004e-01,-9.472894668579101562e-01,-8.635889291763305664e-01,8.321661949157714844e-01,3.934382796287536621e-01,-9.284968376159667969e-01,7.640367150306701660e-01,-9.483990669250488281e-01,8.692689985036849976e-02,9.285091757774353027e-01,9.538132548332214355e-01,5.941343307495117188e-01,-9.497616887092590332e-01,-9.329929947853088379e-01,9.047954082489013672e-01,8.518835902214050293e-01,2.421086467802524567e-02,-8.846412897109985352e-01,-9.436870217323303223e-01,4.109654128551483154e-01,9.061220884323120117e-01,6.686637997627258301e-01,-9.581831693649291992e-01,3.879930125549435616e-03,-5.434943437576293945e-01,-6.925644278526306152e-01,-9.332921504974365234e-01,-2.719986438751220703e-01,9.326737523078918457e-01,8.306081891059875488e-01,-9.426160454750061035e-01,-8.775472044944763184e-01,-4.970988631248474121e-01,4.517223536968231201e-01,-5.439604520797729492e-01,6.754444837570190430e-01,6.912342905998229980e-01,-9.044635295867919922e-01,2.563857138156890869e-01,6.265540122985839844e-01,9.486390948295593262e-01,-5.641999840736389160e-01,-3.008765280246734619e-01,9.405937790870666504e-01,-8.837916851043701172e-01,9.394519329071044922e-01,-8.931747078895568848e-01,9.578518867492675781e-01,8.996818661689758301e-01,9.399501681327819824e-01,-2.591583132743835449e-01,9.190239906311035156e-01,-8.527799844741821289e-01,6.895416378974914551e-01,3.826139867305755615e-01,-6.974611282348632812e-01,-6.998247504234313965e-01,8.955100774765014648e-01,-8.794088363647460938e-01,3.757730424404144287e-01,-9.147310853004455566e-01,-6.925204992294311523e-01,-9.413989782333374023e-01,8.214171528816223145e-01,9.378041625022888184e-01,-9.714457988739013672e-01,9.172372221946716309e-01,9.178674221038818359e-01,-8.831204175949096680e-01,9.717474579811096191e-01,-7.108744978904724121e-01,9.343798160552978516e-01,8.992842435836791992e-01,-2.328128218650817871e-01,-9.126703739166259766e-01,9.424234032630920410e-01,-4.303549230098724365e-01,-9.301162958145141602e-01,-8.654834628105163574e-01,-9.407543540000915527e-01,-8.881407976150512695e-01,9.492033720016479492e-01,9.676337838172912598e-01,4.064765870571136475e-01,9.580165147781372070e-01,-8.585486412048339844e-01,9.518666863441467285e-01,-9.506067037582397461e-01,-7.733848094940185547e-01,9.430424571037292480e-01,-9.662641286849975586e-01,-7.590526938438415527e-01,8.824678063392639160e-01,-8.979316353797912598e-01,-8.661141395568847656e-01,8.729375600814819336e-01,-7.401560544967651367e-01,-8.144948482513427734e-01,8.948785662651062012e-01,8.205078244209289551e-01,-8.312481641769409180e-01,9.309206008911132812e-01,1.498303711414337158e-01
-7.759533524513244629e-01,-9.485993981361389160e-01,9.052253365516662598e-01,4.864804744720458984e-01,8.163388967514038086e-01,-6.427586674690246582e-01,-9.588973522186279297e-01,8.247854113578796387e-01,9.932634830474853516e-01,-9.127533435821533203e-01,7.362138032913208008e-01,6.025198847055435181e-02,-5.596030950546264648e-01,5.682781338691711426e-01,-3.525078594684600830e-01,9.062401652336120605e-01,-8.505298495292663574e-01,-5.117993950843811035e-01,9.413635730743408203e-01,8.766536712646484375e-01,4.275767803192138672e-01,7.546148896217346191e-01,-3.638182878494262695e-01,-1.600312292575836182e-01,-8.480265736579895020e-01,2.842646539211273193e-01,-9.020720720291137695e-01,-7.982201576232910156e-01,8.946574926376342773e-01,7.148169279098510742e-01,-9.530935883522033691e-01,4.919936358928680420e-01,-8.889953494071960449e-01,-3.033008873462677002e-01,9.388622045516967773e-01,7.762764692306518555e-01,8.799999952316284180e-01,-8.637540340423583984e-01,-6.817624568939208984e-01,7.602629065513610840e-01,5.944283008575439453e-01,-3.638587296009063721e-01,-6.489077806472778320e-01,-9.170194268226623535e-01,-2.116090990602970123e-02,9.418353438377380371e-01,8.266695141792297363e-01,-8.961864113807678223e-01,4.500276744365692139e-01,-2.168285995721817017e-01,-8.792670369148254395e-01,-8.066369891166687012e-01,-3.970511853694915771e-01,8.744248151779174805e-01,9.469803571701049805e-01,-8.690896034240722656e-01,-9.400749802589416504e-01,-7.565882205963134766e-01,5.093216896057128906e-01,-8.246721029281616211e-01,4.574081599712371826e-01,9.135950207710266113e-01,-9.221627712249755859e-01,-1.370122879743576050e-01,2.485672235488891602e-01,8.797385096549987793e-01,-1.902141124010086060e-01,6.557171046733856201e-02,9.063522815704345703e-01,-6.396499276161193848e-01,8.830056190490722656e-01,-5.964623689651489258e-01,8.633034229278564453e-01,6.751147508621215820e-01,9.017026424407958984e-01,2.433521300554275513e-01,9.272798299789428711e-01,-9.372234940528869629e-01,7.507470250129699707e-01,-4.204950481653213501e-02,-3.645154237747192383e-01,-8.884367942810058594e-01,6.966249942779541016e-01,-9.453723430633544922e-01,-1.780135929584503174e-02,-8.608197569847106934e-01,-9.050159454345703125e-01,-8.146315813064575195e-01,5.434638857841491699e-01,8.461683392524719238e-01,-8.377398252487182617e-01,7.626280188560485840e-01,7.930696606636047363e-01,-6.526266932487487793e-01,8.900421261787414551e-01,-8.722898364067077637e-01,8.053411245346069336e-01,8.830329775810241699e-01,2.188793122768402100e-01,-6.892614364624023438e-01,9.282473325729370117e-01,-6.992043256759643555e-01,-8.561275601387023926e-01,-9.429228901863098145e-01,-7.749508023262023926e-01,-9.294405579566955566e-01,8.050456643104553223e-01,8.402695655822753906e-01,7.367920279502868652e-01,8.576407432556152344e-01,-6.221286058425903320e-01,8.867710232734680176e-01,-8.959547877311706543e-01,-9.280460476875305176e-01,8.543817996978759766e-01,-8.618049025535583496e-01,-4.417948126792907715e-01,6.229810714721679688e-01,-6.085292100906372070e-01,-9.494074583053588867e-01,6.882936954498291016e-01,-8.319557309150695801e-01,-5.520433783531188965e-01,8.422558903694152832e-01,5.025012493133544922e-01,-5.406641960144042969e-01,7.156804203987121582e-01,3.627699315547943115e-01
9.278250932693481445e-01,8.656853437423706055e-01,-9.851189851760864258e-01,-2.139373570680618286e-01,-5.929381251335144043e-01,8.423293232917785645e-01,9.734866619110107422e-01,-9.407556056976318359e-01,-9.127533435821533203e-01,9.903411269187927246e-01,-9.228500127792358398e-01,2.605907320976257324e-01,8.031144142150878906e-01,-7.465524673461914062e-01,2.603618800640106201e-02,-9.537631273269653320e-01,6.748400330543518066e-01,7.741085886955261230e-01,-9.693230390548706055e-01,-9.595560431480407715e-01,-7.073810696601867676e-01,-5.545552968978881836e-01,6.199853420257568359e-01,4.553716182708740234e-01,9.745473265647888184e-01,-5.570513010025024414e-01,9.633197784423828125e-01,8.720895648002624512e-01,-9.340718388557434082e-01,-5.435982942581176758e-01,9.730879664421081543e-01,-7.402390837669372559e-01,9.809442758560180664e-01,-1.885293237864971161e-02,-9.729076027870178223e-01,-9.415268301963806152e-01,-7.480519413948059082e-01,9.765014648437500000e-01,8.797643780708312988e-01,-9.254834055900573730e-01,-8.142843842506408691e-01,1.451810598373413086e-01,8.443510532379150391e-01,9.846624732017517090e-01,-2.953416407108306885e-01,-9.511622190475463867e-01,-7.222553491592407227e-01,9.798488616943359375e-01,-1.446496397256851196e-01,5.230262875556945801e-01,8.439354896545410156e-01,9.592960476875305176e-01,4.304428696632385254e-01,-9.539085626602172852e-01,-9.375805854797363281e-01,9.542856812477111816e-01,9.169259667396545410e-01,5.741723179817199707e-01,-5.520195960998535156e-01,7.058576345443725586e-01,-6.836487650871276855e-01,-7.802402377128601074e-01,9.655052423477172852e-01,-1.758438497781753540e-01,-5.404825210571289062e-01,-9.730911850929260254e-01,4.937728643417358398e-01,2.430487871170043945e-01,-9.854439496994018555e-01,8.583322167396545410e-01,-9.860158562660217285e-01,8.348324298858642578e-01,-9.682892560958862305e-01,-8.827946782112121582e-01,-9.784870743751525879e-01,7.007218152284622192e-02,-9.570952057838439941e-01,8.966887593269348145e-01,-8.367199301719665527e-01,-2.847040891647338867e-01,6.461567282676696777e-01,7.700600028038024902e-01,-8.909595608711242676e-01,9.489915966987609863e-01,-2.929122745990753174e-01,9.670712351799011230e-01,7.927750945091247559e-01,9.535034894943237305e-01,-7.874717712402343750e-01,-9.780402779579162598e-01,9.637206196784973145e-01,-9.397900104522705078e-01,-9.442129135131835938e-01,8.677537441253662109e-01,-9.799100160598754883e-01,8.059461116790771484e-01,-9.522173404693603516e-01,-9.400480985641479492e-01,1.127566099166870117e-01,8.953075408935546875e-01,-9.652932286262512207e-01,4.929638206958770752e-01,8.853313326835632324e-01,9.230151772499084473e-01,9.440355896949768066e-01,9.565079212188720703e-01,-9.552448391914367676e-01,-9.685730338096618652e-01,-5.206797122955322266e-01,-9.754873514175415039e-01,8.495326638221740723e-01,-9.792727231979370117e-01,9.849472045898437500e-01,8.289016485214233398e-01,-9.272105097770690918e-01,9.706591367721557617e-01,7.017934322357177734e-01,-8.586480617523193359e-01,8.049956560134887695e-01,9.320080876350402832e-01,-8.794852495193481445e-01,8.008404970169067383e-01,7.976990342140197754e-01,-9.632351398468017578e-01,-7.051768898963928223e-01,7.934841513633728027e-01,-9.053354263305664062e-01,-1.307768523693084717e-01
-9.676146507263183594e-01,-6.480885744094848633e-01,9.383490681648254395e-01,-1.223906204104423523e-01,3.434688150882720947e-01,-9.512295722961425781e-01,-8.556482791900634766e-01,9.357151985168457031e-01,7.362138032913208008e-01,-9.228500127792358398e-01,9.982433915138244629e-01,-5.750917196273803711e-01,-9.531078934669494629e-01,8.879996538162231445e-01,3.127417564392089844e-01,8.614189624786376953e-01,-3.796857893466949463e-01,-9.393582344055175781e-01,8.763218522071838379e-01,9.189491868019104004e-01,9.034229516983032227e-01,2.419109940528869629e-01,-8.377954363822937012e-01,-6.758221387863159180e-01,-9.723179340362548828e-01,8.094941377639770508e-01,-9.035319089889526367e-01,-8.491114377975463867e-01,8.283998370170593262e-01,2.664857804775238037e-01,-8.579040765762329102e-01,9.049441814422607422e-01,-9.388551712036132812e-01,3.431696295738220215e-01,8.882209062576293945e-01,9.884910583496093750e-01,4.670729339122772217e-01,-9.633139371871948242e-01,-9.837026596069335938e-01,9.805216789245605469e-01,9.556730389595031738e-01,1.603891998529434204e-01,-9.526576399803161621e-01,-9.168038368225097656e-01,5.883942842483520508e-01,8.324591517448425293e-01,5.201430916786193848e-01,-9.177421331405639648e-01,-1.913830786943435669e-01,-7.371860742568969727e-01,-7.039443254470825195e-01,-9.826072454452514648e-01,-3.947332799434661865e-01,9.114466905593872070e-01,7.853898406028747559e-01,-9.066261053085327148e-01,-7.829918861389160156e-01,-3.257426321506500244e-01,3.904359042644500732e-01,-4.596902132034301758e-01,8.488094210624694824e-01,5.267747640609741211e-01,-8.741976618766784668e-01,4.880633354187011719e-01,7.906331419944763184e-01,9.417721629142761230e-01,-7.400701045989990234e-01,-5.355803370475769043e-01,9.264786839485168457e-01,-9.762103557586669922e-01,9.565771818161010742e-01,-9.611473679542541504e-01,9.468343853950500488e-01,9.863584041595458984e-01,9.171327948570251465e-01,-4.173539280891418457e-01,8.512957692146301270e-01,-7.452844977378845215e-01,7.587350010871887207e-01,6.014825105667114258e-01,-8.516938090324401855e-01,-5.450366139411926270e-01,9.828698039054870605e-01,-8.052976131439208984e-01,5.860369801521301270e-01,-9.528564810752868652e-01,-5.318340063095092773e-01,-9.818857908248901367e-01,9.520331621170043945e-01,9.605783820152282715e-01,-9.699084162712097168e-01,9.821902513504028320e-01,9.700617790222167969e-01,-9.796661138534545898e-01,9.299188852310180664e-01,-5.801764726638793945e-01,9.839264154434204102e-01,8.871854543685913086e-01,-4.389410018920898438e-01,-9.906272292137145996e-01,8.871783614158630371e-01,-2.084454894065856934e-01,-8.264283537864685059e-01,-7.692315578460693359e-01,-9.904959797859191895e-01,-8.907846808433532715e-01,9.801824688911437988e-01,9.761242866516113281e-01,2.026810348033905029e-01,9.626981019973754883e-01,-9.703208208084106445e-01,9.547225236892700195e-01,-9.416507482528686523e-01,-6.589022278785705566e-01,8.741352558135986328e-01,-9.651081562042236328e-01,-8.917083740234375000e-01,9.806467294692993164e-01,-9.224953055381774902e-01,-7.871674299240112305e-01,9.543663859367370605e-01,-6.217077970504760742e-01,-9.440827369689941406e-01,9.068062305450439453e-01,8.645889759063720703e-01,-9.523406028747558594e-01,9.864782094955444336e-01,-1.343784779310226440e-01
4.810716509819030762e-01,-2.187723517417907715e-01,-2.796984910964965820e-01,8.617217540740966797e-01,3.113185465335845947e-01,7.042688727378845215e-01,1.164166405797004700e-01,-3.549455106258392334e-01,6.025198847055435181e-02,2.605907320976257324e-01,-5.750917196273803711e-01,9.980370402336120605e-01,7.518979907035827637e-01,-7.152113914489746094e-01,-9.230326414108276367e-01,-1.141847744584083557e-01,-5.105554461479187012e-01,8.035601973533630371e-01,-1.404336839914321899e-01,-3.329275548458099365e-01,-7.930127382278442383e-01,6.342380046844482422e-01,8.854767680168151855e-01,9.215925931930541992e-01,3.884963095188140869e-01,-9.091069698333740234e-01,1.966260820627212524e-01,1.820502579212188721e-01,-9.851826727390289307e-02,4.119891524314880371e-01,1.083886027336120605e-01,-8.120909929275512695e-01,2.805435359477996826e-01,-9.415114521980285645e-01,-1.672831922769546509e-01,-5.187138319015502930e-01,3.736294209957122803e-01,3.725690543651580811e-01,6.191208362579345703e-01,-5.746927857398986816e-01,-7.441316246986389160e-01,-8.124458193778991699e-01,6.951166987419128418e-01,2.330909669399261475e-01,-9.708470106124877930e-01,-4.683239385485649109e-02,3.417573273181915283e-01,2.315551787614822388e-01,8.726636171340942383e-01,8.998007774353027344e-01,-4.824999254196882248e-03,4.726676642894744873e-01,3.014255762100219727e-01,-2.275451272726058960e-01,-8.841789327561855316e-03,2.192223519086837769e-01,-3.677877131849527359e-03,-5.363581180572509766e-01,3.742786869406700134e-02,-3.723194897174835205e-01,-8.072149157524108887e-01,3.708396553993225098e-01,1.480763852596282959e-01,-9.780974984169006348e-01,-9.365734457969665527e-01,-3.067826032638549805e-01,9.366937279701232910e-01,9.775027632713317871e-01,-2.629674673080444336e-01,6.974527835845947266e-01,-3.563244938850402832e-01,6.717261075973510742e-01,-3.180338740348815918e-01,-6.649562716484069824e-01,-2.286408692598342896e-01,8.858551979064941406e-01,-8.637433499097824097e-02,-9.203144162893295288e-02,-1.666007339954376221e-01,-9.853160381317138672e-01,8.825071454048156738e-01,-3.487800657749176025e-01,-6.468317508697509766e-01,1.867833430878818035e-03,-9.777858853340148926e-01,3.840366899967193604e-01,-3.331474065780639648e-01,4.726963937282562256e-01,-7.815439105033874512e-01,-3.922975063323974609e-01,3.920071423053741455e-01,-5.035268664360046387e-01,-4.666589200496673584e-01,6.898106336593627930e-01,-2.644965350627899170e-01,-2.180191278457641602e-01,-4.862339496612548828e-01,-2.084521651268005371e-01,9.678573608398437500e-01,6.425231695175170898e-01,-1.697350144386291504e-01,-6.538246273994445801e-01,1.201996654272079468e-01,-5.593312159180641174e-02,5.428243279457092285e-01,2.117747366428375244e-01,-5.035369992256164551e-01,-4.203631877899169922e-01,6.655125021934509277e-01,-3.706318438053131104e-01,7.150386571884155273e-01,-3.544151484966278076e-01,3.138452172279357910e-01,-1.669215559959411621e-01,-1.866622269153594971e-01,3.844042718410491943e-01,8.508117198944091797e-01,-7.005208134651184082e-01,6.647300720214843750e-01,-2.822609804570674896e-02,-5.344352126121520996e-01,-2.296512573957443237e-01,7.751357555389404297e-01,-3.110227882862091064e-01,-7.321480512619018555e-01,7.779712677001953125e-01,-5.882896780967712402e-01,7.983777523040771484e-01
