9.999980926513671875e-01,-9.999982118606567383e-01,-9.999848008155822754e-01,9.999980926513671875e-01,9.999987483024597168e-01,-9.999984502792358398e-01,9.999933838844299316e-01,9.999988675117492676e-01,-9.999967217445373535e-01,9.999965429306030273e-01,-9.999971389770507812e-01,-9.999988079071044922e-01,9.999980330467224121e-01,9.999977350234985352e-01,9.999557137489318848e-01,9.999976158142089844e-01,9.999976754188537598e-01,-9.999984502792358398e-01,9.999837279319763184e-01,-9.999990463256835938e-01,-9.999988675117492676e-01,9.999843239784240723e-01,9.999977946281433105e-01,9.999984502792358398e-01,9.999889731407165527e-01,9.999989271163940430e-01,-9.999984502792358398e-01,-9.999987483024597168e-01,9.999719262123107910e-01,-9.999962449073791504e-01,-9.999958872795104980e-01,-9.999984502792358398e-01,9.999948143959045410e-01,9.999976158142089844e-01,-9.999964833259582520e-01,-9.999914765357971191e-01,9.999989271163940430e-01,9.999985694885253906e-01,9.999926090240478516e-01,-9.999987483024597168e-01,9.999983906745910645e-01,-9.999970197677612305e-01,9.999299645423889160e-01,9.999985694885253906e-01,9.999969005584716797e-01,9.999976754188537598e-01,9.999935030937194824e-01,9.999977946281433105e-01,9.999986886978149414e-01,-9.999985098838806152e-01,-9.999985694885253906e-01,-9.999971985816955566e-01,-9.999985098838806152e-01,-9.999900460243225098e-01,-9.999957680702209473e-01,-9.999977350234985352e-01,-9.999976158142089844e-01,9.999695420265197754e-01,9.999976754188537598e-01,9.999979734420776367e-01,-9.999961256980895996e-01,9.999988079071044922e-01,9.999982118606567383e-01,9.999948740005493164e-01,-9.999954700469970703e-01,-9.999987483024597168e-01,-9.999988079071044922e-01,-9.999933242797851562e-01,-9.999982714653015137e-01,9.999988079071044922e-01,-9.999986886978149414e-01,9.999977350234985352e-01,9.999964833259582520e-01,-9.999885559082031250e-01,9.994698166847229004e-01,-9.999980330467224121e-01,9.999898672103881836e-01,9.999984502792358398e-01,-9.999895095825195312e-01,-9.999970793724060059e-01,-9.999512434005737305e-01,9.999974966049194336e-01,-9.999986290931701660e-01,9.999898076057434082e-01,-9.999981522560119629e-01,-9.999820590019226074e-01,9.999920725822448730e-01,9.999987483024597168e-01,-9.999616146087646484e-01,9.999974966049194336e-01,-9.999980926513671875e-01,9.999981522560119629e-01,-9.999723434448242188e-01,-9.999980926513671875e-01,9.999984502792358398e-01,-9.999976158142089844e-01,-9.999864697456359863e-01,9.999988675117492676e-01,-9.999986886978149414e-01,9.999882578849792480e-01,-9.999972581863403320e-01,9.999985098838806152e-01,-9.999819397926330566e-01,-9.999782443046569824e-01,9.999984502792358398e-01,9.999961853027343750e-01,9.999759793281555176e-01,-9.999974370002746582e-01,-9.999943971633911133e-01,9.999983906745910645e-01,-9.999974966049194336e-01,9.999985098838806152e-01,-9.999979138374328613e-01,-9.999893307685852051e-01,9.999989271163940430e-01,-9.999982714653015137e-01,9.999985098838806152e-01,-9.999986886978149414e-01,-9.999924302101135254e-01,-9.999979734420776367e-01,-9.999987483024597168e-01,9.999956488609313965e-01,9.999985694885253906e-01,-9.999971985816955566e-01,9.999647140502929688e-01,-9.999949932098388672e-01,9.999648332595825195e-01,-9.999976754188537598e-01
-9.999982118606567383e-01,9.999983310699462891e-01,9.999858140945434570e-01,-9.999982118606567383e-01,-9.999988079071044922e-01,9.999985694885253906e-01,-9.999937415122985840e-01,-9.999989271163940430e-01,9.999970197677612305e-01,-9.999967813491821289e-01,9.999974370002746582e-01,9.999989867210388184e-01,-9.999981522560119629e-01,-9.999979138374328613e-01,-9.999587535858154297e-01,-9.999977350234985352e-01,-9.999977946281433105e-01,9.999984502792358398e-01,-9.999847412109375000e-01,9.999991059303283691e-01,9.999989271163940430e-01,-9.999853968620300293e-01,-9.999979734420776367e-01,-9.999985098838806152e-01,-9.999897480010986328e-01,-9.999991059303283691e-01,9.999985098838806152e-01,9.999989271163940430e-01,-9.999738335609436035e-01,9.999965429306030273e-01,9.999960660934448242e-01,9.999986290931701660e-01,-9.999952316284179688e-01,-9.999977350234985352e-01,9.999967217445373535e-01,9.999921917915344238e-01,-9.999990463256835938e-01,-9.999987483024597168e-01,-9.999931454658508301e-01,9.999988675117492676e-01,-9.999985098838806152e-01,9.999971985816955566e-01,-9.999347925186157227e-01,-9.999986886978149414e-01,-9.999970793724060059e-01,-9.999978542327880859e-01,-9.999940395355224609e-01,-9.999978542327880859e-01,-9.999988079071044922e-01,9.999986290931701660e-01,9.999986886978149414e-01,9.999973773956298828e-01,9.999986290931701660e-01,9.999907612800598145e-01,9.999960660934448242e-01,9.999979734420776367e-01,9.999977946281433105e-01,-9.999715089797973633e-01,-9.999978542327880859e-01,-9.999982118606567383e-01,9.999963641166687012e-01,-9.999989271163940430e-01,-9.999983906745910645e-01,-9.999952912330627441e-01,9.999957680702209473e-01,9.999988675117492676e-01,9.999989867210388184e-01,9.999938011169433594e-01,9.999984502792358398e-01,-9.999988675117492676e-01,9.999986886978149414e-01,-9.999979734420776367e-01,-9.999968409538269043e-01,9.999893903732299805e-01,-9.995058178901672363e-01,9.999981522560119629e-01,-9.999906420707702637e-01,-9.999985694885253906e-01,9.999902844429016113e-01,9.999972581863403320e-01,9.999546408653259277e-01,-9.999976754188537598e-01,9.999988079071044922e-01,-9.999905228614807129e-01,9.999983906745910645e-01,9.999832510948181152e-01,-9.999927282333374023e-01,-9.999988675117492676e-01,9.999642968177795410e-01,-9.999976158142089844e-01,9.999983310699462891e-01,-9.999983906745910645e-01,9.999743103981018066e-01,9.999982118606567383e-01,-9.999985694885253906e-01,9.999977946281433105e-01,9.999874234199523926e-01,-9.999989271163940430e-01,9.999988079071044922e-01,-9.999890327453613281e-01,9.999974966049194336e-01,-9.999986886978149414e-01,9.999831914901733398e-01,9.999797344207763672e-01,-9.999985098838806152e-01,-9.999964833259582520e-01,-9.999777078628540039e-01,9.999976158142089844e-01,9.999948143959045410e-01,-9.999985694885253906e-01,9.999976754188537598e-01,-9.999986290931701660e-01,9.999980330467224121e-01,9.999901652336120605e-01,-9.999989867210388184e-01,9.999983906745910645e-01,-9.999985694885253906e-01,9.999988675117492676e-01,9.999929070472717285e-01,9.999981522560119629e-01,9.999988675117492676e-01,-9.999958872795104980e-01,-9.999986886978149414e-01,9.999973773956298828e-01,-9.999670982360839844e-01,9.999953508377075195e-01,-9.999672770500183105e-01,9.999978542327880859e-01
-9.999848008155822754e-01,9.999858140945434570e-01,9.998766183853149414e-01,-9.999848604202270508e-01,-9.999904632568359375e-01,9.999881982803344727e-01,-9.999464154243469238e-01,-9.999914765357971191e-01,9.999745488166809082e-01,-9.999733567237854004e-01,9.999778270721435547e-01,9.999905824661254883e-01,-9.999843239784240723e-01,-9.999819397926330566e-01,-9.996418952941894531e-01,-9.999813437461853027e-01,-9.999813437461853027e-01,9.999874234199523926e-01,-9.998684525489807129e-01,9.999919533729553223e-01,9.999908208847045898e-01,-9.998731613159179688e-01,-9.999825358390808105e-01,-9.999874234199523926e-01,-9.999107122421264648e-01,-9.999916553497314453e-01,9.999873638153076172e-01,9.999907612800598145e-01,-9.997723102569580078e-01,9.999702572822570801e-01,9.999665021896362305e-01,9.999882578849792480e-01,-9.999586939811706543e-01,-9.999812841415405273e-01,9.999717473983764648e-01,9.999311566352844238e-01,-9.999912977218627930e-01,-9.999887943267822266e-01,-9.999402761459350586e-01,9.999904036521911621e-01,-9.999870657920837402e-01,9.999769330024719238e-01,-9.994347095489501953e-01,-9.999886155128479004e-01,-9.999757409095764160e-01,-9.999817013740539551e-01,-9.999479651451110840e-01,-9.999821186065673828e-01,-9.999897480010986328e-01,9.999880194664001465e-01,9.999890923500061035e-01,9.999774694442749023e-01,9.999879598617553711e-01,9.999198913574218750e-01,9.999661445617675781e-01,9.999823570251464844e-01,9.999811649322509766e-01,-9.997523427009582520e-01,-9.999821186065673828e-01,-9.999837279319763184e-01,9.999689459800720215e-01,-9.999908804893493652e-01,-9.999855756759643555e-01,-9.999585151672363281e-01,9.999635815620422363e-01,9.999899864196777344e-01,9.999912381172180176e-01,9.999461174011230469e-01,9.999868869781494141e-01,-9.999902844429016113e-01,9.999888539314270020e-01,-9.999823570251464844e-01,-9.999728202819824219e-01,9.999077320098876953e-01,-9.957266449928283691e-01,9.999842643737792969e-01,-9.999185800552368164e-01,-9.999876022338867188e-01,9.999149441719055176e-01,9.999765753746032715e-01,9.996057748794555664e-01,-9.999794363975524902e-01,9.999898076057434082e-01,-9.999173283576965332e-01,9.999862313270568848e-01,9.998544454574584961e-01,-9.999366998672485352e-01,-9.999898076057434082e-01,9.996899366378784180e-01,-9.999798536300659180e-01,9.999855756759643555e-01,-9.999861717224121094e-01,9.997769594192504883e-01,9.999848008155822754e-01,-9.999876618385314941e-01,9.999808669090270996e-01,9.998912215232849121e-01,-9.999908208847045898e-01,9.999896883964538574e-01,-9.999046921730041504e-01,9.999782443046569824e-01,-9.999887943267822266e-01,9.998538494110107422e-01,9.998237490653991699e-01,-9.999874830245971680e-01,-9.999697804450988770e-01,-9.998053908348083496e-01,9.999794363975524902e-01,9.999550580978393555e-01,-9.999877810478210449e-01,9.999808073043823242e-01,-9.999880194664001465e-01,9.999834299087524414e-01,9.999142289161682129e-01,-9.999916553497314453e-01,9.999868273735046387e-01,-9.999882578849792480e-01,9.999896883964538574e-01,9.999384284019470215e-01,9.999840259552001953e-01,9.999902844429016113e-01,-9.999641180038452148e-01,-9.999888539314270020e-01,9.999782443046569824e-01,-9.997146129608154297e-01,9.999594092369079590e-01,-9.997154474258422852e-01,9.999815821647644043e-01
9.999980926513671875e-01,-9.999982118606567383e-01,-9.999848604202270508e-01,9.999980926513671875e-01,9.999987483024597168e-01,-9.999985098838806152e-01,9.999934434890747070e-01,9.999989867210388184e-01,-9.999968409538269043e-01,9.999966621398925781e-01,-9.999972581863403320e-01,-9.999988675117492676e-01,9.999980330467224121e-01,9.999977350234985352e-01,9.999559521675109863e-01,9.999976158142089844e-01,9.999976754188537598e-01,-9.999984502792358398e-01,9.999837875366210938e-01,-9.999990463256835938e-01,-9.999988675117492676e-01,9.999844431877136230e-01,9.999979138374328613e-01,9.999984502792358398e-01,9.999890327453613281e-01,9.999990463256835938e-01,-9.999984502792358398e-01,-9.999988675117492676e-01,9.999720454216003418e-01,-9.999963045120239258e-01,-9.999959468841552734e-01,-9.999985098838806152e-01,9.999949336051940918e-01,9.999976158142089844e-01,-9.999964833259582520e-01,-9.999915957450866699e-01,9.999989271163940430e-01,9.999986886978149414e-01,9.999926686286926270e-01,-9.999988079071044922e-01,9.999983906745910645e-01,-9.999971389770507812e-01,9.999305009841918945e-01,9.999985694885253906e-01,9.999969601631164551e-01,9.999977350234985352e-01,9.999936223030090332e-01,9.999977946281433105e-01,9.999987483024597168e-01,-9.999985098838806152e-01,-9.999985694885253906e-01,-9.999972581863403320e-01,-9.999985098838806152e-01,-9.999901652336120605e-01,-9.999958276748657227e-01,-9.999977946281433105e-01,-9.999977350234985352e-01,9.999697208404541016e-01,9.999977946281433105e-01,9.999980330467224121e-01,-9.999961256980895996e-01,9.999988675117492676e-01,9.999982118606567383e-01,9.999949932098388672e-01,-9.999955296516418457e-01,-9.999988079071044922e-01,-9.999989271163940430e-01,-9.999933838844299316e-01,-9.999983906745910645e-01,9.999988675117492676e-01,-9.999986886978149414e-01,9.999978542327880859e-01,9.999966025352478027e-01,-9.999886751174926758e-01,9.994729757308959961e-01,-9.999980330467224121e-01,9.999900460243225098e-01,9.999984502792358398e-01,-9.999896287918090820e-01,-9.999970793724060059e-01,-9.999516010284423828e-01,9.999975562095642090e-01,-9.999987483024597168e-01,9.999898672103881836e-01,-9.999982714653015137e-01,-9.999821186065673828e-01,9.999922513961791992e-01,9.999988079071044922e-01,-9.999619126319885254e-01,9.999975562095642090e-01,-9.999983310699462891e-01,9.999982714653015137e-01,-9.999726414680480957e-01,-9.999980926513671875e-01,9.999984502792358398e-01,-9.999976158142089844e-01,-9.999866485595703125e-01,9.999989271163940430e-01,-9.999986886978149414e-01,9.999883770942687988e-01,-9.999974370002746582e-01,9.999986290931701660e-01,-9.999821186065673828e-01,-9.999783635139465332e-01,9.999984502792358398e-01,9.999962449073791504e-01,9.999760985374450684e-01,-9.999974370002746582e-01,-9.999945759773254395e-01,9.999984502792358398e-01,-9.999976754188537598e-01,9.999985098838806152e-01,-9.999979734420776367e-01,-9.999895691871643066e-01,9.999989867210388184e-01,-9.999983310699462891e-01,9.999985694885253906e-01,-9.999988079071044922e-01,-9.999924302101135254e-01,-9.999981522560119629e-01,-9.999988079071044922e-01,9.999956488609313965e-01,9.999986886978149414e-01,-9.999973177909851074e-01,9.999649524688720703e-01,-9.999951124191284180e-01,9.999650716781616211e-01,-9.999977946281433105e-01
9.999987483024597168e-01,-9.999988079071044922e-01,-9.999904632568359375e-01,9.999987483024597168e-01,9.999992251396179199e-01,-9.999990463256835938e-01,9.999957680702209473e-01,9.999992847442626953e-01,-9.999980330467224121e-01,9.999978542327880859e-01,-9.999981522560119629e-01,-9.999992847442626953e-01,9.999986886978149414e-01,9.999985694885253906e-01,9.999724030494689941e-01,9.999984502792358398e-01,9.999985694885253906e-01,-9.999989867210388184e-01,9.999898076057434082e-01,-9.999993443489074707e-01,-9.999992251396179199e-01,9.999902844429016113e-01,9.999985694885253906e-01,9.999991059303283691e-01,9.999930262565612793e-01,9.999992847442626953e-01,-9.999991059303283691e-01,-9.999992251396179199e-01,9.999824762344360352e-01,-9.999976158142089844e-01,-9.999973177909851074e-01,-9.999991655349731445e-01,9.999966025352478027e-01,9.999984502792358398e-01,-9.999977350234985352e-01,-9.999946951866149902e-01,9.999992847442626953e-01,9.999991655349731445e-01,9.999953508377075195e-01,-9.999992847442626953e-01,9.999990463256835938e-01,-9.999980926513671875e-01,9.999564290046691895e-01,9.999990463256835938e-01,9.999979734420776367e-01,9.999985098838806152e-01,9.999959468841552734e-01,9.999985098838806152e-01,9.999992251396179199e-01,-9.999991059303283691e-01,-9.999991059303283691e-01,-9.999982714653015137e-01,-9.999989867210388184e-01,-9.999938607215881348e-01,-9.999972581863403320e-01,-9.999985694885253906e-01,-9.999985098838806152e-01,9.999809861183166504e-01,9.999985098838806152e-01,9.999987483024597168e-01,-9.999974966049194336e-01,9.999992251396179199e-01,9.999988675117492676e-01,9.999968409538269043e-01,-9.999970793724060059e-01,-9.999991655349731445e-01,-9.999993443489074707e-01,-9.999958276748657227e-01,-9.999989271163940430e-01,9.999992251396179199e-01,-9.999991655349731445e-01,9.999986290931701660e-01,9.999977946281433105e-01,-9.999927878379821777e-01,9.996700882911682129e-01,-9.999987483024597168e-01,9.999937415122985840e-01,9.999991059303283691e-01,-9.999934434890747070e-01,-9.999981522560119629e-01,-9.999697208404541016e-01,9.999983906745910645e-01,-9.999991655349731445e-01,9.999936819076538086e-01,-9.999988675117492676e-01,-9.999888539314270020e-01,9.999950528144836426e-01,9.999992251396179199e-01,-9.999760985374450684e-01,9.999984502792358398e-01,-9.999988079071044922e-01,9.999988675117492676e-01,-9.999828338623046875e-01,-9.999987483024597168e-01,9.999989867210388184e-01,-9.999984502792358398e-01,-9.999915957450866699e-01,9.999993443489074707e-01,-9.999991655349731445e-01,9.999926686286926270e-01,-9.999982714653015137e-01,9.999991059303283691e-01,-9.999887943267822266e-01,-9.999864697456359863e-01,9.999989867210388184e-01,9.999976158142089844e-01,9.999850392341613770e-01,-9.999983310699462891e-01,-9.999964237213134766e-01,9.999989867210388184e-01,-9.999983906745910645e-01,9.999989867210388184e-01,-9.999986290931701660e-01,-9.999934434890747070e-01,9.999993443489074707e-01,-9.999989271163940430e-01,9.999990463256835938e-01,-9.999992251396179199e-01,-9.999952316284179688e-01,-9.999986886978149414e-01,-9.999992251396179199e-01,9.999971985816955566e-01,9.999991059303283691e-01,-9.999980926513671875e-01,9.999780654907226562e-01,-9.999967217445373535e-01,9.999781250953674316e-01,-9.999985694885253906e-01
-9.999984502792358398e-01,9.999985694885253906e-01,9.999881982803344727e-01,-9.999985098838806152e-01,-9.999990463256835938e-01,9.999988675117492676e-01,-9.999949336051940918e-01,-9.999992251396179199e-01,9.999975562095642090e-01,-9.999973773956298828e-01,9.999977946281433105e-01,9.999992251396179199e-01,-9.999985098838806152e-01,-9.999982714653015137e-01,-9.999657869338989258e-01,-9.999982118606567383e-01,-9.999982118606567383e-01,9.999988079071044922e-01,-9.999874234199523926e-01,9.999991655349731445e-01,9.999991655349731445e-01,-9.999879598617553711e-01,-9.999983310699462891e-01,-9.999988079071044922e-01,-9.999915361404418945e-01,-9.999992251396179199e-01,9.999988079071044922e-01,9.999991655349731445e-01,-9.999783635139465332e-01,9.999971389770507812e-01,9.999967813491821289e-01,9.999988675117492676e-01,-9.999960064888000488e-01,-9.999980926513671875e-01,9.999972581863403320e-01,9.999935626983642578e-01,-9.999992251396179199e-01,-9.999989271163940430e-01,-9.999942183494567871e-01,9.999991059303283691e-01,-9.999987483024597168e-01,9.999976754188537598e-01,-9.999461174011230469e-01,-9.999988675117492676e-01,-9.999976158142089844e-01,-9.999982118606567383e-01,-9.999950528144836426e-01,-9.999981522560119629e-01,-9.999990463256835938e-01,9.999988675117492676e-01,9.999988675117492676e-01,9.999977946281433105e-01,9.999987483024597168e-01,9.999923706054687500e-01,9.999967217445373535e-01,9.999982118606567383e-01,9.999980926513671875e-01,-9.999764561653137207e-01,-9.999982714653015137e-01,-9.999984502792358398e-01,9.999969005584716797e-01,-9.999991655349731445e-01,-9.999986290931701660e-01,-9.999961256980895996e-01,9.999964833259582520e-01,9.999991059303283691e-01,9.999992251396179199e-01,9.999948740005493164e-01,9.999987483024597168e-01,-9.999989867210388184e-01,9.999989867210388184e-01,-9.999982118606567383e-01,-9.999973177909851074e-01,9.999912381172180176e-01,-9.995912909507751465e-01,9.999983906745910645e-01,-9.999922513961791992e-01,-9.999988079071044922e-01,9.999918937683105469e-01,9.999977350234985352e-01,9.999624490737915039e-01,-9.999981522560119629e-01,9.999990463256835938e-01,-9.999921321868896484e-01,9.999985694885253906e-01,9.999861717224121094e-01,-9.999939799308776855e-01,-9.999990463256835938e-01,9.999704957008361816e-01,-9.999979138374328613e-01,9.999986290931701660e-01,-9.999985694885253906e-01,9.999787211418151855e-01,9.999984502792358398e-01,-9.999987483024597168e-01,9.999981522560119629e-01,9.999896287918090820e-01,-9.999991655349731445e-01,9.999990463256835938e-01,-9.999909400939941406e-01,9.999979138374328613e-01,-9.999988675117492676e-01,9.999861717224121094e-01,9.999832510948181152e-01,-9.999988079071044922e-01,-9.999970793724060059e-01,-9.999815225601196289e-01,9.999980330467224121e-01,9.999957084655761719e-01,-9.999988079071044922e-01,9.999980330467224121e-01,-9.999988675117492676e-01,9.999983906745910645e-01,9.999918341636657715e-01,-9.999992251396179199e-01,9.999987483024597168e-01,-9.999988675117492676e-01,9.999991655349731445e-01,9.999940395355224609e-01,9.999984502792358398e-01,9.999989867210388184e-01,-9.999965429306030273e-01,-9.999988675117492676e-01,9.999978542327880859e-01,-9.999728202819824219e-01,9.999960660934448242e-01,-9.999730587005615234e-01,9.999980926513671875e-01
9.999933838844299316e-01,-9.999937415122985840e-01,-9.999464154243469238e-01,9.999934434890747070e-01,9.999957680702209473e-01,-9.999949336051940918e-01,9.999768733978271484e-01,9.999961256980895996e-01,-9.999889731407165527e-01,9.999883770942687988e-01,-9.999904036521911621e-01,-9.999959468841552734e-01,9.999932050704956055e-01,9.999921321868896484e-01,9.998446702957153320e-01,9.999918341636657715e-01,9.999918937683105469e-01,-9.999945163726806641e-01,9.999428391456604004e-01,-9.999963641166687012e-01,-9.999960064888000488e-01,9.999449253082275391e-01,9.999924302101135254e-01,9.999944567680358887e-01,9.999613165855407715e-01,9.999963045120239258e-01,-9.999945759773254395e-01,-9.999960064888000488e-01,9.999011754989624023e-01,-9.999871253967285156e-01,-9.999855756759643555e-01,-9.999949336051940918e-01,9.999820590019226074e-01,9.999918341636657715e-01,-9.999877810478210449e-01,-9.999703168869018555e-01,9.999961853027343750e-01,9.999951124191284180e-01,9.999740123748779297e-01,-9.999957680702209473e-01,9.999942779541015625e-01,-9.999899268150329590e-01,9.997546672821044922e-01,9.999950528144836426e-01,9.999893903732299805e-01,9.999920725822448730e-01,9.999774694442749023e-01,9.999921917915344238e-01,9.999955296516418457e-01,-9.999947547912597656e-01,-9.999952316284179688e-01,-9.999902248382568359e-01,-9.999946951866149902e-01,-9.999652504920959473e-01,-9.999853372573852539e-01,-9.999922513961791992e-01,-9.999917745590209961e-01,9.998924732208251953e-01,9.999922513961791992e-01,9.999929070472717285e-01,-9.999865293502807617e-01,9.999960064888000488e-01,9.999937415122985840e-01,9.999820590019226074e-01,-9.999842643737792969e-01,-9.999956488609313965e-01,-9.999961256980895996e-01,-9.999766349792480469e-01,-9.999942183494567871e-01,9.999957680702209473e-01,-9.999951720237731934e-01,9.999923706054687500e-01,9.999881386756896973e-01,-9.999599456787109375e-01,9.981415271759033203e-01,-9.999932050704956055e-01,9.999646544456481934e-01,9.999946355819702148e-01,-9.999631047248840332e-01,-9.999898672103881836e-01,-9.998289942741394043e-01,9.999910593032836914e-01,-9.999955296516418457e-01,9.999641180038452148e-01,-9.999940395355224609e-01,-9.999366998672485352e-01,9.999725222587585449e-01,9.999955892562866211e-01,-9.998654723167419434e-01,9.999912381172180176e-01,-9.999936819076538086e-01,9.999940395355224609e-01,-9.999031424522399902e-01,-9.999933838844299316e-01,9.999946951866149902e-01,-9.999916553497314453e-01,-9.999527931213378906e-01,9.999959468841552734e-01,-9.999955296516418457e-01,9.999586343765258789e-01,-9.999905228614807129e-01,9.999951124191284180e-01,-9.999365806579589844e-01,-9.999235272407531738e-01,9.999944567680358887e-01,9.999868869781494141e-01,9.999155402183532715e-01,-9.999911189079284668e-01,-9.999805688858032227e-01,9.999946951866149902e-01,-9.999915957450866699e-01,9.999948143959045410e-01,-9.999927878379821777e-01,-9.999627470970153809e-01,9.999962449073791504e-01,-9.999942183494567871e-01,9.999948740005493164e-01,-9.999955892562866211e-01,-9.999733567237854004e-01,-9.999930858612060547e-01,-9.999957680702209473e-01,9.999844431877136230e-01,9.999951720237731934e-01,-9.999904632568359375e-01,9.998760223388671875e-01,-9.999824166297912598e-01,9.998764991760253906e-01,-9.999920129776000977e-01
9.999988675117492676e-01,-9.999989271163940430e-01,-9.999914765357971191e-01,9.999989867210388184e-01,9.999992847442626953e-01,-9.999992251396179199e-01,9.999961256980895996e-01,9.999994635581970215e-01,-9.999982118606567383e-01,9.999981522560119629e-01,-9.999983310699462891e-01,-9.999994635581970215e-01,9.999989271163940430e-01,9.999987483024597168e-01,9.999752640724182129e-01,9.999986290931701660e-01,9.999986886978149414e-01,-9.999991655349731445e-01,9.999909400939941406e-01,-9.999994635581970215e-01,-9.999994039535522461e-01,9.999912381172180176e-01,9.999988079071044922e-01,9.999991655349731445e-01,9.999938607215881348e-01,9.999995231628417969e-01,-9.999991655349731445e-01,-9.999994039535522461e-01,9.999842643737792969e-01,-9.999979138374328613e-01,-9.999976754188537598e-01,-9.999992251396179199e-01,9.999970197677612305e-01,9.999986290931701660e-01,-9.999980330467224121e-01,-9.999952912330627441e-01,9.999994039535522461e-01,9.999993443489074707e-01,9.999958276748657227e-01,-9.999993443489074707e-01,9.999991655349731445e-01,-9.999983906745910645e-01,9.999608993530273438e-01,9.999993443489074707e-01,9.999982714653015137e-01,9.999986886978149414e-01,9.999963641166687012e-01,9.999986886978149414e-01,9.999993443489074707e-01,-9.999992251396179199e-01,-9.999992251396179199e-01,-9.999983906745910645e-01,-9.999992251396179199e-01,-9.999944567680358887e-01,-9.999976158142089844e-01,-9.999986886978149414e-01,-9.999986886978149414e-01,9.999829530715942383e-01,9.999987483024597168e-01,9.999988675117492676e-01,-9.999977350234985352e-01,9.999994039535522461e-01,9.999989867210388184e-01,9.999971985816955566e-01,-9.999974370002746582e-01,-9.999993443489074707e-01,-9.999993443489074707e-01,-9.999962449073791504e-01,-9.999991059303283691e-01,9.999993443489074707e-01,-9.999992847442626953e-01,9.999987483024597168e-01,9.999980926513671875e-01,-9.999936223030090332e-01,9.997032284736633301e-01,-9.999988675117492676e-01,9.999942779541015625e-01,9.999991655349731445e-01,-9.999942183494567871e-01,-9.999983906745910645e-01,-9.999727606773376465e-01,9.999985694885253906e-01,-9.999993443489074707e-01,9.999943971633911133e-01,-9.999989867210388184e-01,-9.999899268150329590e-01,9.999956488609313965e-01,9.999994039535522461e-01,-9.999784827232360840e-01,9.999985694885253906e-01,-9.999990463256835938e-01,9.999991059303283691e-01,-9.999845623970031738e-01,-9.999988675117492676e-01,9.999991655349731445e-01,-9.999986886978149414e-01,-9.999924898147583008e-01,9.999994635581970215e-01,-9.999993443489074707e-01,9.999934434890747070e-01,-9.999985694885253906e-01,9.999992847442626953e-01,-9.999899268150329590e-01,-9.999878406524658203e-01,9.999991655349731445e-01,9.999978542327880859e-01,9.999866485595703125e-01,-9.999984502792358398e-01,-9.999968409538269043e-01,9.999991655349731445e-01,-9.999986290931701660e-01,9.999992251396179199e-01,-9.999988079071044922e-01,-9.999940991401672363e-01,9.999994039535522461e-01,-9.999991059303283691e-01,9.999991059303283691e-01,-9.999994039535522461e-01,-9.999957084655761719e-01,-9.999988675117492676e-01,-9.999992847442626953e-01,9.999975562095642090e-01,9.999992847442626953e-01,-9.999983906745910645e-01,9.999802708625793457e-01,-9.999971389770507812e-01,9.999803900718688965e-01,-9.999986886978149414e-01
-9.999967217445373535e-01,9.999970197677612305e-01,9.999745488166809082e-01,-9.999968409538269043e-01,-9.999980330467224121e-01,9.999975562095642090e-01,-9.999889731407165527e-01,-9.999982118606567383e-01,9.999947547912597656e-01,-9.999945163726806641e-01,9.999954104423522949e-01,9.999981522560119629e-01,-9.999967217445373535e-01,-9.999961853027343750e-01,-9.999259710311889648e-01,-9.999960064888000488e-01,-9.999960660934448242e-01,9.999973773956298828e-01,-9.999728798866271973e-01,9.999983310699462891e-01,9.999980926513671875e-01,-9.999739527702331543e-01,-9.999963641166687012e-01,-9.999973773956298828e-01,-9.999815821647644043e-01,-9.999982714653015137e-01,9.999973773956298828e-01,9.999980926513671875e-01,-9.999529123306274414e-01,9.999938607215881348e-01,9.999930858612060547e-01,9.999975562095642090e-01,-9.999914765357971191e-01,-9.999960064888000488e-01,9.999941587448120117e-01,9.999858140945434570e-01,-9.999982118606567383e-01,-9.999976754188537598e-01,-9.999876618385314941e-01,9.999979734420776367e-01,-9.999972581863403320e-01,9.999951720237731934e-01,-9.998829960823059082e-01,-9.999976158142089844e-01,-9.999949932098388672e-01,-9.999961853027343750e-01,-9.999892711639404297e-01,-9.999961853027343750e-01,-9.999978542327880859e-01,9.999974966049194336e-01,9.999976754188537598e-01,9.999953508377075195e-01,9.999974966049194336e-01,9.999834895133972168e-01,9.999930262565612793e-01,9.999963045120239258e-01,9.999960660934448242e-01,-9.999487996101379395e-01,-9.999962449073791504e-01,-9.999966025352478027e-01,9.999935626983642578e-01,-9.999980926513671875e-01,-9.999969601631164551e-01,-9.999914765357971191e-01,9.999924898147583008e-01,9.999979138374328613e-01,9.999981522560119629e-01,9.999889731407165527e-01,9.999972581863403320e-01,-9.999979734420776367e-01,9.999976158142089844e-01,-9.999963045120239258e-01,-9.999943971633911133e-01,9.999809861183166504e-01,-9.991137981414794922e-01,9.999967217445373535e-01,-9.999831318855285645e-01,-9.999973773956298828e-01,9.999824762344360352e-01,9.999951720237731934e-01,9.999184608459472656e-01,-9.999958276748657227e-01,9.999978542327880859e-01,-9.999830126762390137e-01,9.999971389770507812e-01,9.999699592590332031e-01,-9.999868869781494141e-01,-9.999979138374328613e-01,9.999358654022216797e-01,-9.999958276748657227e-01,9.999969005584716797e-01,-9.999970197677612305e-01,9.999538660049438477e-01,9.999967813491821289e-01,-9.999974370002746582e-01,9.999958872795104980e-01,9.999775290489196777e-01,-9.999982118606567383e-01,9.999978542327880859e-01,-9.999803900718688965e-01,9.999955892562866211e-01,-9.999976754188537598e-01,9.999699592590332031e-01,9.999635815620422363e-01,-9.999973773956298828e-01,-9.999937415122985840e-01,-9.999597668647766113e-01,9.999957680702209473e-01,9.999907612800598145e-01,-9.999974370002746582e-01,9.999959468841552734e-01,-9.999974966049194336e-01,9.999965429306030273e-01,9.999822974205017090e-01,-9.999982714653015137e-01,9.999972581863403320e-01,-9.999975562095642090e-01,9.999979138374328613e-01,9.999873042106628418e-01,9.999966621398925781e-01,9.999979734420776367e-01,-9.999926090240478516e-01,-9.999977350234985352e-01,9.999954700469970703e-01,-9.999409914016723633e-01,9.999916553497314453e-01,-9.999412894248962402e-01,9.999961256980895996e-01
9.999965429306030273e-01,-9.999967813491821289e-01,-9.999733567237854004e-01,9.999966621398925781e-01,9.999978542327880859e-01,-9.999973773956298828e-01,9.999883770942687988e-01,9.999981522560119629e-01,-9.999945163726806641e-01,9.999942779541015625e-01,-9.999951720237731934e-01,-9.999979138374328613e-01,9.999964833259582520e-01,9.999960064888000488e-01,9.999226331710815430e-01,9.999959468841552734e-01,9.999958872795104980e-01,-9.999972581863403320e-01,9.999715089797973633e-01,-9.999981522560119629e-01,-9.999979138374328613e-01,9.999726414680480957e-01,9.999961853027343750e-01,9.999971389770507812e-01,9.999807476997375488e-01,9.999981522560119629e-01,-9.999971389770507812e-01,-9.999979734420776367e-01,9.999508261680603027e-01,-9.999935626983642578e-01,-9.999927878379821777e-01,-9.999973773956298828e-01,9.999910593032836914e-01,9.999958872795104980e-01,-9.999938607215881348e-01,-9.999851584434509277e-01,9.999979734420776367e-01,9.999975562095642090e-01,9.999871253967285156e-01,-9.999978542327880859e-01,9.999971389770507812e-01,-9.999949336051940918e-01,9.998777508735656738e-01,9.999974966049194336e-01,9.999946951866149902e-01,9.999960064888000488e-01,9.999887943267822266e-01,9.999960064888000488e-01,9.999977350234985352e-01,-9.999973177909851074e-01,-9.999974966049194336e-01,-9.999951124191284180e-01,-9.999973177909851074e-01,-9.999827146530151367e-01,-9.999927282333374023e-01,-9.999961256980895996e-01,-9.999958872795104980e-01,9.999464750289916992e-01,9.999959468841552734e-01,9.999964237213134766e-01,-9.999932050704956055e-01,9.999979734420776367e-01,9.999968409538269043e-01,9.999910593032836914e-01,-9.999921917915344238e-01,-9.999977946281433105e-01,-9.999979734420776367e-01,-9.999883770942687988e-01,-9.999970197677612305e-01,9.999977946281433105e-01,-9.999975562095642090e-01,9.999961256980895996e-01,9.999940395355224609e-01,-9.999800324440002441e-01,9.990738034248352051e-01,-9.999965429306030273e-01,9.999824166297912598e-01,9.999971985816955566e-01,-9.999815821647644043e-01,-9.999948740005493164e-01,-9.999147057533264160e-01,9.999955296516418457e-01,-9.999977350234985352e-01,9.999821782112121582e-01,-9.999969005584716797e-01,-9.999685883522033691e-01,9.999863505363464355e-01,9.999977350234985352e-01,-9.999329447746276855e-01,9.999956488609313965e-01,-9.999968409538269043e-01,9.999969005584716797e-01,-9.999517202377319336e-01,-9.999965429306030273e-01,9.999973177909851074e-01,-9.999958276748657227e-01,-9.999764561653137207e-01,9.999979734420776367e-01,-9.999977350234985352e-01,9.999794363975524902e-01,-9.999953508377075195e-01,9.999974966049194336e-01,-9.999684691429138184e-01,-9.999619126319885254e-01,9.999971985816955566e-01,9.999934434890747070e-01,9.999579191207885742e-01,-9.999955296516418457e-01,-9.999902844429016113e-01,9.999973177909851074e-01,-9.999957084655761719e-01,9.999973773956298828e-01,-9.999963641166687012e-01,-9.999815225601196289e-01,9.999980926513671875e-01,-9.999970197677612305e-01,9.999973773956298828e-01,-9.999977350234985352e-01,-9.999867081642150879e-01,-9.999964833259582520e-01,-9.999978542327880859e-01,9.999922513961791992e-01,9.999974966049194336e-01,-9.999951720237731934e-01,9.999383091926574707e-01,-9.999912381172180176e-01,9.999384880065917969e-01,-9.999959468841552734e-01
-9.999971389770507812e-01,9.999974370002746582e-01,9.999778270721435547e-01,-9.999972581863403320e-01,-9.999981522560119629e-01,9.999977946281433105e-01,-9.999904036521911621e-01,-9.999983310699462891e-01,9.999954104423522949e-01,-9.999951720237731934e-01,9.999958872795104980e-01,9.999982714653015137e-01,-9.999971389770507812e-01,-9.999967217445373535e-01,-9.999356269836425781e-01,-9.999964833259582520e-01,-9.999966025352478027e-01,9.999977350234985352e-01,-9.999763369560241699e-01,9.999984502792358398e-01,9.999982714653015137e-01,-9.999772906303405762e-01,-9.999968409538269043e-01,-9.999976754188537598e-01,-9.999839663505554199e-01,-9.999985098838806152e-01,9.999977350234985352e-01,9.999983310699462891e-01,-9.999591112136840820e-01,9.999945759773254395e-01,9.999939799308776855e-01,9.999978542327880859e-01,-9.999926090240478516e-01,-9.999964833259582520e-01,9.999948740005493164e-01,9.999876618385314941e-01,-9.999983310699462891e-01,-9.999979734420776367e-01,-9.999892115592956543e-01,9.999981522560119629e-01,-9.999976158142089844e-01,9.999957680702209473e-01,-9.998984336853027344e-01,-9.999979138374328613e-01,-9.999956488609313965e-01,-9.999966621398925781e-01,-9.999907016754150391e-01,-9.999967813491821289e-01,-9.999981522560119629e-01,9.999978542327880859e-01,9.999979138374328613e-01,9.999959468841552734e-01,9.999977350234985352e-01,9.999856352806091309e-01,9.999939203262329102e-01,9.999967217445373535e-01,9.999964833259582520e-01,-9.999555349349975586e-01,-9.999966621398925781e-01,-9.999970197677612305e-01,9.999943375587463379e-01,-9.999982714653015137e-01,-9.999973773956298828e-01,-9.999925494194030762e-01,9.999933838844299316e-01,9.999980926513671875e-01,9.999983906745910645e-01,9.999903440475463867e-01,9.999975562095642090e-01,-9.999982714653015137e-01,9.999979734420776367e-01,-9.999967813491821289e-01,-9.999951124191284180e-01,9.999834895133972168e-01,-9.992304444313049316e-01,9.999971389770507812e-01,-9.999854564666748047e-01,-9.999977350234985352e-01,9.999847412109375000e-01,9.999957680702209473e-01,9.999292492866516113e-01,-9.999963641166687012e-01,9.999980330467224121e-01,-9.999852180480957031e-01,9.999974370002746582e-01,9.999739527702331543e-01,-9.999886751174926758e-01,-9.999981522560119629e-01,9.999442696571350098e-01,-9.999962449073791504e-01,9.999973773956298828e-01,-9.999974966049194336e-01,9.999598860740661621e-01,9.999971389770507812e-01,-9.999977946281433105e-01,9.999964237213134766e-01,9.999804496765136719e-01,-9.999983310699462891e-01,9.999980926513671875e-01,-9.999830126762390137e-01,9.999960064888000488e-01,-9.999979138374328613e-01,9.999737143516540527e-01,9.999684095382690430e-01,-9.999977350234985352e-01,-9.999945163726806641e-01,-9.999651312828063965e-01,9.999962449073791504e-01,9.999918937683105469e-01,-9.999978542327880859e-01,9.999964237213134766e-01,-9.999977946281433105e-01,9.999969601631164551e-01,9.999845027923583984e-01,-9.999983906745910645e-01,9.999976158142089844e-01,-9.999977946281433105e-01,9.999980926513671875e-01,9.999889731407165527e-01,9.999970793724060059e-01,9.999981522560119629e-01,-9.999935626983642578e-01,-9.999979734420776367e-01,9.999959468841552734e-01,-9.999487400054931641e-01,9.999927282333374023e-01,-9.999490380287170410e-01,9.999965429306030273e-01
-9.999988079071044922e-01,9.999989867210388184e-01,9.999905824661254883e-01,-9.999988675117492676e-01,-9.999992847442626953e-01,9.999992251396179199e-01,-9.999959468841552734e-01,-9.999994635581970215e-01,9.999981522560119629e-01,-9.999979138374328613e-01,9.999982714653015137e-01,9.999994039535522461e-01,-9.999988079071044922e-01,-9.999985694885253906e-01,-9.999727010726928711e-01,-9.999985694885253906e-01,-9.999985694885253906e-01,9.999991059303283691e-01,-9.999899864196777344e-01,9.999994039535522461e-01,9.999994039535522461e-01,-9.999904036521911621e-01,-9.999986290931701660e-01,-9.999991059303283691e-01,-9.999932050704956055e-01,-9.999994635581970215e-01,9.999991059303283691e-01,9.999994039535522461e-01,-9.999827146530151367e-01,9.999977350234985352e-01,9.999973773956298828e-01,9.999992251396179199e-01,-9.999967217445373535e-01,-9.999985694885253906e-01,9.999977946281433105e-01,9.999948143959045410e-01,-9.999994635581970215e-01,-9.999992847442626953e-01,-9.999954700469970703e-01,9.999992847442626953e-01,-9.999990463256835938e-01,9.999982118606567383e-01,-9.999567866325378418e-01,-9.999991655349731445e-01,-9.999980926513671875e-01,-9.999986886978149414e-01,-9.999959468841552734e-01,-9.999986290931701660e-01,-9.999992251396179199e-01,9.999991059303283691e-01,9.999991059303283691e-01,9.999982714653015137e-01,9.999991059303283691e-01,9.999938607215881348e-01,9.999974370002746582e-01,9.999986290931701660e-01,9.999985098838806152e-01,-9.999811649322509766e-01,-9.999986290931701660e-01,-9.999988079071044922e-01,9.999976158142089844e-01,-9.999993443489074707e-01,-9.999989271163940430e-01,-9.999969601631164551e-01,9.999971985816955566e-01,9.999993443489074707e-01,9.999993443489074707e-01,9.999959468841552734e-01,9.999990463256835938e-01,-9.999992847442626953e-01,9.999992847442626953e-01,-9.999986886978149414e-01,-9.999979138374328613e-01,9.999930858612060547e-01,-9.996721744537353516e-01,9.999988675117492676e-01,-9.999938607215881348e-01,-9.999991059303283691e-01,9.999935030937194824e-01,9.999982118606567383e-01,9.999700188636779785e-01,-9.999985694885253906e-01,9.999992847442626953e-01,-9.999938011169433594e-01,9.999989271163940430e-01,9.999889135360717773e-01,-9.999951720237731934e-01,-9.999993443489074707e-01,9.999763369560241699e-01,-9.999985098838806152e-01,9.999989271163940430e-01,-9.999989271163940430e-01,9.999829530715942383e-01,9.999988675117492676e-01,-9.999991059303283691e-01,9.999985098838806152e-01,9.999917745590209961e-01,-9.999994039535522461e-01,9.999993443489074707e-01,-9.999927282333374023e-01,9.999983906745910645e-01,-9.999991655349731445e-01,9.999888539314270020e-01,9.999865293502807617e-01,-9.999991059303283691e-01,-9.999976754188537598e-01,-9.999852776527404785e-01,9.999983906745910645e-01,9.999965429306030273e-01,-9.999991059303283691e-01,9.999985694885253906e-01,-9.999991059303283691e-01,9.999988079071044922e-01,9.999934434890747070e-01,-9.999994039535522461e-01,9.999989867210388184e-01,-9.999991655349731445e-01,9.999993443489074707e-01,9.999953508377075195e-01,9.999987483024597168e-01,9.999994039535522461e-01,-9.999973177909851074e-01,-9.999991655349731445e-01,9.999983310699462891e-01,-9.999783039093017578e-01,9.999969601631164551e-01,-9.999784231185913086e-01,9.999986290931701660e-01
