4.534819722175598145e-01,-4.375163000077009201e-03,8.131182938814163208e-02,-1.346828788518905640e-01,2.345878928899765015e-01,-2.675707936286926270e-01,1.723147034645080566e-01,3.201816380023956299e-01,6.177599355578422546e-02,3.702784702181816101e-02,-1.586551517248153687e-01,-5.687446519732475281e-02,-1.640564948320388794e-01,-3.679166547954082489e-03,-5.204192176461219788e-02,5.573076382279396057e-02,-5.359369679354131222e-04,-8.827772736549377441e-02,1.702786087989807129e-01,4.385831579566001892e-02,-8.797853440046310425e-02,-1.299255639314651489e-01,-1.573837399482727051e-01,1.042966693639755249e-01,8.100764825940132141e-03,-2.830250561237335205e-02,1.636311560869216919e-01,-2.709098756313323975e-01,-9.987951070070266724e-02,-6.683885306119918823e-02,-2.395266592502593994e-01,5.893893539905548096e-02,-7.600466161966323853e-02,-7.612314820289611816e-02,-2.218042872846126556e-02,8.515903353691101074e-02,-2.722511254251003265e-02,-3.811164572834968567e-02,-1.550715863704681396e-01,-2.633472383022308350e-01,1.887542307376861572e-01,5.692442506551742554e-02,-2.131926715373992920e-01,-1.235411968082189560e-02,-7.370708882808685303e-02,2.234895974397659302e-01,1.216582395136356354e-02,-6.841684132814407349e-02,8.847616612911224365e-02,-5.389724299311637878e-02,-1.368262469768524170e-01,-6.824491918087005615e-02,2.399783432483673096e-01,-5.251605063676834106e-03,-4.849864542484283447e-02,-1.468036323785781860e-02,6.502971798181533813e-02,-1.078453729860484600e-03,1.439451575279235840e-01,1.015542224049568176e-01,-4.223864898085594177e-02,-1.129089519381523132e-01,-3.635575063526630402e-03,1.803826242685317993e-01,6.218231096863746643e-02,3.254112973809242249e-02,-2.092426568269729614e-01,1.015936359763145447e-01,-3.140354529023170471e-02,2.180382013320922852e-01,-1.137004867196083069e-01,1.724535673856735229e-01,8.465182036161422729e-02,-2.728083170950412750e-02,-1.439953595399856567e-01,-1.101229041814804077e-01,1.473982702009379864e-03,-7.013586908578872681e-02,-6.781743466854095459e-02,-1.763896644115447998e-02,-2.887927368283271790e-02,-1.795343268895521760e-04,-8.633524179458618164e-02,-1.491099712438881397e-03,-2.936857938766479492e-01,2.025677412748336792e-01,2.325531840324401855e-01,-1.457083737477660179e-03,-1.981334686279296875e-01,4.043273255228996277e-02,-1.589638292789459229e-01,1.212127804756164551e-01,1.665112674236297607e-01,-1.067502722144126892e-01,-6.588012725114822388e-02,-3.352557718753814697e-01,2.048755809664726257e-02,-2.657854747667443007e-05,-9.625784307718276978e-02,2.296344339847564697e-01,-2.789258360862731934e-01,2.110719233751296997e-01,6.607424467802047729e-02,1.332288980484008789e-02,-1.147497966885566711e-01,2.255381196737289429e-01,2.021295130252838135e-01,2.048829942941665649e-01,-2.894420325756072998e-01,7.710588630288839340e-03,-1.418667286634445190e-01,1.637515872716903687e-01,9.698595106601715088e-02,-7.954326458275318146e-03,3.825560910627245903e-03,9.790055453777313232e-02,3.772889971733093262e-01,-2.157483249902725220e-01,-1.175154969096183777e-01,-8.081434667110443115e-02,-2.090697288513183594e-01,8.500741422176361084e-02,9.173310548067092896e-02,2.122419476509094238e-01,-1.137576252222061157e-02,1.263342797756195068e-01,1.232352107763290405e-02,7.635409012436866760e-03
-4.375163000077009201e-03,6.538617890328168869e-03,-6.625235080718994141e-02,4.628680273890495300e-02,3.335881233215332031e-02,-1.519316062331199646e-02,-1.965229958295822144e-02,3.698988631367683411e-02,2.525901235640048981e-02,3.474026918411254883e-02,2.913954202085733414e-03,-3.065681830048561096e-02,6.161197274923324585e-02,4.238774627447128296e-02,6.757347285747528076e-02,7.318606972694396973e-02,4.921673680655658245e-04,4.252548888325691223e-02,-5.091961473226547241e-02,-4.382823780179023743e-02,-1.266120187938213348e-02,4.950407892465591431e-02,4.116553068161010742e-02,-2.421760745346546173e-02,8.228425867855548859e-03,7.373996078968048096e-02,-7.291414588689804077e-02,-2.668082900345325470e-02,6.448332965373992920e-02,-1.886100880801677704e-02,-4.426148952916264534e-04,-7.387112081050872803e-02,3.930497914552688599e-02,5.036462843418121338e-02,-3.283971222117543221e-03,-7.472753524780273438e-02,2.913446910679340363e-02,6.406237185001373291e-02,-6.408960372209548950e-02,-3.375872224569320679e-02,5.992313846945762634e-02,9.463554248213768005e-03,6.226975470781326294e-02,1.387484557926654816e-02,5.980140995234251022e-03,-6.166552752256393433e-02,-6.726110726594924927e-02,-2.038712240755558014e-02,3.706082934513688087e-03,1.539399009197950363e-02,-1.100421138107776642e-02,1.174166705459356308e-02,3.689822927117347717e-02,-9.496867656707763672e-03,-2.215866558253765106e-02,-8.057836443185806274e-02,2.131045423448085785e-02,5.091173108667135239e-03,-5.582066997885704041e-02,-5.194981396198272705e-02,-6.066181231290102005e-03,1.606282033026218414e-02,2.061181003227829933e-03,7.096365094184875488e-03,9.719031862914562225e-03,-2.178279682993888855e-02,8.419312536716461182e-03,6.590479612350463867e-02,-6.449427455663681030e-02,1.463030371814966202e-02,-6.006762012839317322e-02,-7.504902780055999756e-03,-1.738452352583408356e-02,6.749641895294189453e-02,-2.162337675690650940e-02,-5.824076384305953979e-02,-8.622162276878952980e-04,8.047045022249221802e-02,-1.824291050434112549e-02,-6.330202519893646240e-02,6.862885504961013794e-02,2.822238602675497532e-04,-5.963729694485664368e-02,6.069027222110889852e-05,-5.142797157168388367e-02,-6.525155156850814819e-02,3.229399770498275757e-02,2.038905862718820572e-03,5.557328835129737854e-02,4.481322690844535828e-02,-1.393187977373600006e-02,-2.445878693833947182e-03,-5.578622221946716309e-02,2.225946076214313507e-02,-5.437943339347839355e-02,-5.336994305253028870e-03,5.007062479853630066e-02,-1.647701355977915227e-05,-5.449283868074417114e-02,4.713851585984230042e-02,-1.481732446700334549e-02,4.826745763421058655e-02,-7.305254787206649780e-02,-5.850262194871902466e-02,8.118531852960586548e-02,-8.543707430362701416e-03,-5.094635114073753357e-02,-6.913094967603683472e-02,-1.525503676384687424e-02,-2.513509942218661308e-03,4.932321235537528992e-02,-4.001860693097114563e-02,-6.433375924825668335e-02,6.998870987445116043e-03,7.682385295629501343e-02,-7.179821282625198364e-02,2.277124673128128052e-02,4.027795419096946716e-02,-7.256705313920974731e-02,3.223020210862159729e-02,4.280940815806388855e-02,5.501202493906021118e-02,6.177444383502006531e-02,-3.567734733223915100e-02,-3.526853397488594055e-02,-4.833124950528144836e-02,1.149054849520325661e-03,4.550485312938690186e-02
8.131182938814163208e-02,-6.625235080718994141e-02,7.379208803176879883e-01,-6.186358332633972168e-01,-3.167444467544555664e-01,6.711863726377487183e-02,2.131100893020629883e-01,-3.716886043548583984e-01,-2.458412051200866699e-01,-4.009316563606262207e-01,-2.877325285226106644e-03,3.580186069011688232e-01,-6.096888184547424316e-01,-5.629271864891052246e-01,-7.363407015800476074e-01,-7.109962105751037598e-01,-7.977776229381561279e-03,-4.869274497032165527e-01,6.102145314216613770e-01,5.294418931007385254e-01,1.945520788431167603e-01,-5.993548631668090820e-01,-5.354114174842834473e-01,2.877613008022308350e-01,-9.485507011413574219e-02,-6.860923171043395996e-01,7.428535819053649902e-01,1.762958765029907227e-01,-6.786509156227111816e-01,1.684064865112304688e-01,8.359855040907859802e-03,7.744898796081542969e-01,-4.865086078643798828e-01,-6.239293813705444336e-01,3.393313661217689514e-02,7.499982118606567383e-01,-3.273889422416687012e-01,-6.933745145797729492e-01,5.870171189308166504e-01,4.565719664096832275e-01,-6.003485321998596191e-01,-1.234837323427200317e-01,-6.634173393249511719e-01,-1.652453839778900146e-01,-8.677809685468673706e-02,6.487163901329040527e-01,7.516873478889465332e-01,2.510718703269958496e-01,-2.074598893523216248e-02,-1.307826936244964600e-01,9.814665466547012329e-02,-1.127633154392242432e-01,-4.438422322273254395e-01,1.346526145935058594e-01,1.956281512975692749e-01,8.089894652366638184e-01,-2.779824733734130859e-01,-5.868461728096008301e-02,6.087405085563659668e-01,6.283138990402221680e-01,9.895986318588256836e-02,-2.382485717535018921e-01,-2.690225094556808472e-02,-2.923738583922386169e-02,-1.137982085347175598e-01,2.441698759794235229e-01,-8.160032331943511963e-02,-6.479049921035766602e-01,6.800948381423950195e-01,-6.440530717372894287e-02,6.426824331283569336e-01,8.768912404775619507e-02,2.382383197546005249e-01,-7.431029081344604492e-01,2.086223363876342773e-01,6.245163083076477051e-01,7.920480333268642426e-03,-8.162180185317993164e-01,2.988950312137603760e-01,6.935924887657165527e-01,-7.680683732032775879e-01,-3.367646131664514542e-03,6.263707876205444336e-01,-1.971766469068825245e-04,5.170459151268005371e-01,6.901206970214843750e-01,-2.955563962459564209e-01,-2.098123356699943542e-02,-5.790556669235229492e-01,-5.138908624649047852e-01,1.558913290500640869e-01,8.413895964622497559e-02,6.397069692611694336e-01,-2.914146482944488525e-01,6.180495023727416992e-01,4.225374758243560791e-02,-5.558643341064453125e-01,1.846787199610844254e-04,5.604919195175170898e-01,-4.763442575931549072e-01,1.749746054410934448e-01,-4.289897382259368896e-01,7.798744440078735352e-01,6.455380320549011230e-01,-8.210381865501403809e-01,-4.378535225987434387e-02,6.218826174736022949e-01,7.121245861053466797e-01,6.862246245145797729e-02,2.760498411953449249e-02,-6.006259918212890625e-01,5.537547469139099121e-01,7.148554921150207520e-01,-2.000798732042312622e-01,-7.788099646568298340e-01,7.461484670639038086e-01,-1.683347225189208984e-01,-4.721346199512481689e-01,7.617840170860290527e-01,-4.133733808994293213e-01,-4.912173748016357422e-01,-6.289810538291931152e-01,-6.803920865058898926e-01,4.020346999168395996e-01,4.444216191768646240e-01,5.866922736167907715e-01,-1.279435213655233383e-02,-5.325552821159362793e-01
-1.346828788518905640e-01,4.628680273890495300e-02,-6.186358332633972168e-01,6.482306718826293945e-01,1.516674309968948364e-01,5.258923396468162537e-02,-1.805318742990493774e-01,2.006103992462158203e-01,1.964583694934844971e-01,3.216342628002166748e-01,-6.103624030947685242e-02,-2.796067297458648682e-01,4.074276387691497803e-01,5.433170795440673828e-01,6.343498229980468750e-01,4.969510734081268311e-01,1.114795543253421783e-02,4.320648610591888428e-01,-5.824093818664550781e-01,-4.378042221069335938e-01,-2.843957543373107910e-01,5.428044795989990234e-01,4.714283645153045654e-01,-2.270657122135162354e-01,7.753401994705200195e-02,4.660486280918121338e-01,-5.768989920616149902e-01,5.579273775219917297e-02,4.777992367744445801e-01,-3.654048219323158264e-02,-9.424071758985519409e-03,-6.703005433082580566e-01,5.046418309211730957e-01,5.074099302291870117e-01,-1.101074647158384323e-02,-5.840066671371459961e-01,2.516320347785949707e-01,5.531561970710754395e-01,-3.329340517520904541e-01,-4.599209725856781006e-01,4.698038995265960693e-01,1.284286230802536011e-01,5.229203104972839355e-01,1.322704106569290161e-01,2.354036271572113037e-02,-4.672324657440185547e-01,-6.556398272514343262e-01,-2.289022654294967651e-01,4.381035920232534409e-03,1.534810960292816162e-01,-4.458970949053764343e-02,1.330231279134750366e-01,3.935655355453491211e-01,-1.431739628314971924e-01,-3.787762671709060669e-02,-6.365577578544616699e-01,2.504444420337677002e-01,4.402651637792587280e-02,-5.169231891632080078e-01,-5.727831721305847168e-01,-1.519421786069869995e-01,2.929898500442504883e-01,2.753836661577224731e-02,-1.579130440950393677e-02,1.216576099395751953e-01,-1.967258155345916748e-01,7.098507881164550781e-02,4.305371940135955811e-01,-5.135663151741027832e-01,-9.769542515277862549e-02,-4.817593395709991455e-01,5.745512992143630981e-02,-2.700340151786804199e-01,6.456461548805236816e-01,-1.653970479965209961e-01,-4.949126243591308594e-01,-3.799315076321363449e-03,6.468452215194702148e-01,-4.034479856491088867e-01,-5.622373819351196289e-01,7.120787501335144043e-01,2.721694763749837875e-03,-4.288896918296813965e-01,1.249751891009509563e-03,-3.773461282253265381e-01,-5.538452267646789551e-01,7.551449537277221680e-02,1.300543732941150665e-02,4.487113654613494873e-01,3.928763866424560547e-01,-1.199821978807449341e-01,-1.912152469158172607e-01,-5.926977992057800293e-01,3.176598846912384033e-01,-5.376787185668945312e-01,2.448267862200737000e-02,4.134473204612731934e-01,-1.412947021890431643e-04,-3.517097234725952148e-01,3.270292580127716064e-01,-4.166878759860992432e-02,1.855496168136596680e-01,-6.999206542968750000e-01,-4.983068406581878662e-01,7.083696126937866211e-01,1.817683577537536621e-01,-6.840196847915649414e-01,-5.862310528755187988e-01,5.554748326539993286e-02,-2.357277274131774902e-02,6.124177575111389160e-01,-5.744485855102539062e-01,-6.090947389602661133e-01,2.770427465438842773e-01,6.063939929008483887e-01,-6.181394457817077637e-01,-4.148995503783226013e-02,3.851526975631713867e-01,-6.289863586425781250e-01,4.086404442787170410e-01,4.033951163291931152e-01,5.506713986396789551e-01,5.561643838882446289e-01,-3.464629054069519043e-01,-3.252589404582977295e-01,-5.436230301856994629e-01,-3.800948150455951691e-03,4.313720464706420898e-01
2.345878928899765015e-01,3.335881233215332031e-02,-3.167444467544555664e-01,1.516674309968948364e-01,3.697568774223327637e-01,-2.312851101160049438e-01,-1.733367517590522766e-02,4.589489996433258057e-01,1.204980835318565369e-01,1.925322264432907104e-01,-4.907238483428955078e-02,-2.009627074003219604e-01,2.699027359485626221e-01,1.919727474451065063e-01,3.541036546230316162e-01,4.677894711494445801e-01,8.767835097387433052e-04,2.103508710861206055e-01,-1.452269107103347778e-01,-2.019482403993606567e-01,2.812373219057917595e-03,1.975943446159362793e-01,1.260610967874526978e-01,-5.566738173365592957e-02,4.406063258647918701e-02,4.050237536430358887e-01,-3.242994546890258789e-01,-3.710795342922210693e-01,3.447344303131103516e-01,-1.889822632074356079e-01,-1.222340166568756104e-01,-3.273701071739196777e-01,9.795539081096649170e-02,2.346014082431793213e-01,-3.746128082275390625e-02,-3.814721405506134033e-01,1.433147490024566650e-01,3.329922556877136230e-01,-5.289022326469421387e-01,-3.177880346775054932e-01,4.186550080776214600e-01,7.456412166357040405e-02,2.525300383567810059e-01,7.358701527118682861e-02,5.482003465294837952e-02,-2.389216870069503784e-01,-3.635085821151733398e-01,-1.560738533735275269e-01,4.561463370919227600e-02,7.331477105617523193e-02,-1.409627497196197510e-01,-3.785435855388641357e-02,3.048744797706604004e-01,-5.063042044639587402e-02,-2.085097879171371460e-01,-4.823175966739654541e-01,1.593035310506820679e-01,2.879166975617408752e-02,-2.154955863952636719e-01,-2.222979217767715454e-01,-2.690552733838558197e-02,-2.826956100761890411e-02,7.588511332869529724e-03,1.035634055733680725e-01,5.889457091689109802e-02,-9.723683446645736694e-02,-4.932757839560508728e-02,4.585394859313964844e-01,-3.582920730113983154e-01,2.714061439037322998e-01,-4.216986894607543945e-01,-1.394301280379295349e-02,-1.292030443437397480e-03,3.457843661308288574e-01,-1.836158931255340576e-01,-3.893229067325592041e-01,-4.585618618875741959e-03,4.134179651737213135e-01,-8.574180305004119873e-02,-3.426884412765502930e-01,3.293574452400207520e-01,1.431301236152648926e-03,-4.154884815216064453e-01,-1.684962422586977482e-03,-4.691008031368255615e-01,-2.676176130771636963e-01,3.467000424861907959e-01,1.209143735468387604e-02,1.694276481866836548e-01,2.707224190235137939e-01,-1.836619824171066284e-01,1.127211824059486389e-01,-1.709302216768264771e-01,2.747020311653614044e-02,-2.988134026527404785e-01,-2.468301504850387573e-01,3.440526127815246582e-01,-1.068970450432971120e-04,-3.857431709766387939e-01,4.032719731330871582e-01,-2.553298175334930420e-01,4.141404926776885986e-01,-3.399712145328521729e-01,-3.223551809787750244e-01,3.583028018474578857e-01,5.781474336981773376e-02,-1.001850515604019165e-01,-2.884321808815002441e-01,-2.794608175754547119e-01,-4.492612089961767197e-03,1.380150020122528076e-01,-6.283350288867950439e-02,-2.912713587284088135e-01,-2.248111553490161896e-02,4.757067263126373291e-01,-3.259263932704925537e-01,3.923573791980743408e-01,1.117268204689025879e-01,-4.745447635650634766e-01,1.033956557512283325e-01,1.336962580680847168e-01,3.114669322967529297e-01,3.813442289829254150e-01,-6.436563283205032349e-02,-1.975486278533935547e-01,-1.535218358039855957e-01,2.761237323284149170e-03,2.476893216371536255e-01
-2.675707936286926270e-01,-1.519316062331199646e-02,6.711863726377487183e-02,5.258923396468162537e-02,-2.312851101160049438e-01,3.126724064350128174e-01,-4.922823607921600342e-02,-2.531597316265106201e-01,-1.676227897405624390e-01,-1.124661117792129517e-01,8.488705009222030640e-02,9.628015756607055664e-02,-8.689074963331222534e-02,-1.180441118776798248e-02,-8.022515475749969482e-02,-2.296483069658279419e-01,1.503385574324056506e-04,-3.819485753774642944e-02,1.574573107063770294e-02,4.640556126832962036e-02,9.573192149400711060e-02,1.203920226544141769e-02,5.786480009555816650e-02,5.615846719592809677e-03,-2.740750089287757874e-02,-2.372081875801086426e-01,6.598643958568572998e-02,2.727014124393463135e-01,-7.046281546354293823e-02,8.373467624187469482e-02,1.548348069190979004e-01,1.362780183553695679e-01,-5.254619941115379333e-02,-1.559338718652725220e-02,1.865853182971477509e-02,1.280154883861541748e-01,-5.928481742739677429e-02,-1.348302066326141357e-01,2.684562206268310547e-01,1.343993842601776123e-01,-3.075916469097137451e-01,-4.139189794659614563e-02,5.359620321542024612e-03,-1.409725192934274673e-02,8.878208696842193604e-02,9.687001816928386688e-03,1.119861155748367310e-01,6.306248903274536133e-02,-1.076829135417938232e-01,-1.278242282569408417e-02,1.365557610988616943e-01,-5.502859130501747131e-02,-2.208040952682495117e-01,5.045123863965272903e-03,8.742209523916244507e-02,1.707695275545120239e-01,-6.295367330312728882e-02,-9.898995049297809601e-03,6.010814011096954346e-02,2.874031290411949158e-02,3.381649032235145569e-02,4.777769744396209717e-02,5.552929360419511795e-04,-2.083764374256134033e-01,-7.661056518554687500e-02,4.085862264037132263e-02,1.185244172811508179e-01,-2.278050631284713745e-01,1.873899549245834351e-01,-2.011222243309020996e-01,2.072060406208038330e-01,-1.568613052368164062e-01,-1.078561693429946899e-02,-1.217935904860496521e-01,1.823912411928176880e-01,1.919921338558197021e-01,2.331515541300177574e-03,-1.412533223628997803e-01,3.711937740445137024e-02,1.573468744754791260e-01,-1.152915135025978088e-01,-3.915814741048961878e-04,1.833418011665344238e-01,-5.938390386290848255e-04,3.157844245433807373e-01,2.861938439309597015e-02,-2.388306409120559692e-01,-4.886962939053773880e-03,-6.217157095670700073e-02,-1.315189003944396973e-01,1.177701130509376526e-01,-8.633300662040710449e-02,3.209948912262916565e-02,3.620630502700805664e-02,1.867185384035110474e-01,1.935440748929977417e-01,-8.135218918323516846e-02,5.343306474969722331e-05,1.880263090133666992e-01,-3.016330003738403320e-01,1.924082338809967041e-01,-3.142243623733520508e-01,1.228882595896720886e-01,1.346919536590576172e-01,-1.457540541887283325e-01,7.780970539897680283e-03,-3.934193029999732971e-02,4.404240474104881287e-02,2.821432054042816162e-01,5.452559795230627060e-03,1.664650253951549530e-02,-6.884069740772247314e-02,8.084280788898468018e-02,4.420000687241554260e-02,-1.550470739603042603e-01,1.247684136033058167e-01,-2.983388602733612061e-01,3.797040507197380066e-02,2.142376899719238281e-01,-4.734062124043703079e-03,3.099230118095874786e-02,-1.721720695495605469e-01,-1.812205165624618530e-01,-4.080959409475326538e-02,5.075596272945404053e-02,2.249774150550365448e-02,-1.922065205872058868e-02,-9.970556199550628662e-02
1.723147034645080566e-01,-1.965229958295822144e-02,2.131100893020629883e-01,-1.805318742990493774e-01,-1.733367517590522766e-02,-4.922823607921600342e-02,1.948396861553192139e-01,-2.052820846438407898e-02,-8.434132486581802368e-02,-7.086867094039916992e-02,-1.044928655028343201e-01,8.538387715816497803e-02,-2.516224980354309082e-01,-1.777291148900985718e-01,-2.707652151584625244e-01,-2.349606156349182129e-01,-4.377244971692562103e-03,-1.960474103689193726e-01,1.754319369792938232e-01,1.473448872566223145e-01,-1.989106647670269012e-02,-2.504182457923889160e-01,-1.690877825021743774e-01,1.159662455320358276e-01,-2.123615704476833344e-02,-2.516772747039794922e-01,3.082628548145294189e-01,7.793709170073270798e-03,-2.047431766986846924e-01,1.691087707877159119e-02,-7.675255089998245239e-02,2.573615908622741699e-01,-7.859896123409271240e-02,-1.774989962577819824e-01,3.791269613429903984e-03,3.136290609836578369e-01,-9.871715307235717773e-02,-2.067645341157913208e-01,1.629657447338104248e-01,3.606038168072700500e-02,-1.062554195523262024e-01,-9.161199443042278290e-03,-2.883462011814117432e-01,-4.868185892701148987e-02,-1.059194356203079224e-01,2.761375010013580322e-01,1.994208544492721558e-01,5.944755673408508301e-02,4.750264808535575867e-02,-8.807906508445739746e-02,-9.519181912764906883e-04,-4.975441470742225647e-02,-3.403031826019287109e-02,7.106717675924301147e-02,6.882800161838531494e-02,2.638365328311920166e-01,-7.282723486423492432e-02,-1.631683483719825745e-02,1.930357217788696289e-01,2.161492109298706055e-01,1.162480190396308899e-02,-9.512056410312652588e-02,-9.410873055458068848e-03,1.205666959285736084e-01,-2.413317124592140317e-04,7.834575325250625610e-02,-1.190328821539878845e-01,-1.686738431453704834e-01,1.887995302677154541e-01,2.914538420736789703e-02,1.340546458959579468e-01,7.408895343542098999e-02,1.042133569717407227e-01,-2.386436015367507935e-01,4.700563382357358932e-03,1.135453656315803528e-01,3.291100030764937401e-03,-2.609338760375976562e-01,2.401769720017910004e-02,1.971254199743270874e-01,-2.146379947662353516e-01,-1.040892093442380428e-03,1.412250548601150513e-01,-9.779656538739800453e-04,6.119666621088981628e-02,2.885453402996063232e-01,5.401860177516937256e-02,-7.625957485288381577e-03,-2.598120272159576416e-01,-1.234419941902160645e-01,-2.720742300152778625e-02,4.107956960797309875e-02,2.219079285860061646e-01,-1.382420659065246582e-01,1.105953231453895569e-01,-8.529496937990188599e-02,-1.451197564601898193e-01,3.752169504878111184e-05,1.584728658199310303e-01,-5.611650645732879639e-02,-8.469464629888534546e-02,-5.380806699395179749e-02,2.682433724403381348e-01,1.893102973699569702e-01,-2.520501911640167236e-01,1.533988416194915771e-01,2.186133265495300293e-01,3.283417820930480957e-01,-7.706462591886520386e-02,8.540662936866283417e-03,-2.858328521251678467e-01,1.295597553253173828e-01,2.405969202518463135e-01,-1.428555260645225644e-04,-2.384158521890640259e-01,2.414371818304061890e-01,4.190331697463989258e-02,-1.889639347791671753e-01,1.760104745626449585e-01,-1.420277059078216553e-01,-1.994078308343887329e-01,-1.241002008318901062e-01,-1.544305980205535889e-01,1.823452860116958618e-01,1.087666973471641541e-01,2.019070833921432495e-01,8.076388388872146606e-03,-9.166678786277770996e-02
3.201816380023956299e-01,3.698988631367683411e-02,-3.716886043548583984e-01,2.006103992462158203e-01,4.589489996433258057e-01,-2.531597316265106201e-01,-2.052820846438407898e-02,6.438438296318054199e-01,1.099559664726257324e-01,2.199586927890777588e-01,-4.495851323008537292e-02,-2.639442086219787598e-01,2.967826426029205322e-01,2.656543552875518799e-01,4.417542815208435059e-01,5.592930912971496582e-01,2.271743956953287125e-03,2.571650743484497070e-01,-1.371014714241027832e-01,-2.429277449846267700e-01,7.303714752197265625e-02,2.763361334800720215e-01,1.537349522113800049e-01,-7.836519926786422729e-02,5.248878151178359985e-02,4.513682425022125244e-01,-3.711100518703460693e-01,-4.741401374340057373e-01,4.226050674915313721e-01,-2.317959964275360107e-01,-1.643047183752059937e-01,-3.613168597221374512e-01,4.816704615950584412e-02,3.086422383785247803e-01,-5.415690317749977112e-02,-4.619880616664886475e-01,1.707035154104232788e-01,3.949158489704132080e-01,-6.639836430549621582e-01,-4.453831017017364502e-01,4.810140430927276611e-01,9.265898913145065308e-02,2.931447625160217285e-01,9.516222774982452393e-02,1.418634951114654541e-01,-2.798348069190979004e-01,-4.354675412178039551e-01,-2.123019844293594360e-01,3.605610132217407227e-02,5.706013739109039307e-02,-1.770212054252624512e-01,-1.021162122488021851e-01,3.861903548240661621e-01,-9.854435175657272339e-02,-2.892225384712219238e-01,-5.800524353981018066e-01,2.310243695974349976e-01,3.710493817925453186e-02,-2.048723995685577393e-01,-2.787056267261505127e-01,-3.841113671660423279e-02,-5.396939069032669067e-02,9.681173600256443024e-03,5.286575108766555786e-02,5.887906625866889954e-02,-1.115000024437904358e-01,-8.326427638530731201e-02,5.511298775672912598e-01,-4.334766268730163574e-01,3.431851565837860107e-01,-5.290718078613281250e-01,-6.274361908435821533e-02,1.071574538946151733e-02,4.280183613300323486e-01,-1.957229524850845337e-01,-4.596555233001708984e-01,-5.212806630879640579e-03,4.763004779815673828e-01,-1.179632246494293213e-01,-4.063435792922973633e-01,3.803177773952484131e-01,1.870414940640330315e-03,-5.165508389472961426e-01,-2.746851649135351181e-03,-5.779259204864501953e-01,-3.086324632167816162e-01,4.207843542098999023e-01,1.548708043992519379e-02,1.592639535665512085e-01,3.460647165775299072e-01,-2.353422641754150391e-01,1.837509721517562866e-01,-1.756892949342727661e-01,2.694660611450672150e-02,-3.432131409645080566e-01,-3.594561815261840820e-01,4.365873038768768311e-01,-1.336252025794237852e-04,-4.950951337814331055e-01,4.933065176010131836e-01,-3.576141595840454102e-01,5.073779225349426270e-01,-3.950940668582916260e-01,-3.972474038600921631e-01,3.785139620304107666e-01,1.121942773461341858e-01,-7.492977380752563477e-02,-3.414304554462432861e-01,-3.384504318237304688e-01,5.347080877982079983e-05,1.752228438854217529e-01,-5.401774123311042786e-02,-3.454118371009826660e-01,5.558605771511793137e-04,5.727669000625610352e-01,-3.557947874069213867e-01,5.220389366149902344e-01,1.313593238592147827e-01,-5.735032558441162109e-01,1.172233596444129944e-01,1.450296044349670410e-01,3.676499128341674805e-01,4.477517604827880859e-01,-2.665108628571033478e-02,-2.687860429286956787e-01,-1.662042587995529175e-01,9.292850736528635025e-04,2.947914004325866699e-01
6.177599355578422546e-02,2.525901235640048981e-02,-2.458412051200866699e-01,1.964583694934844971e-01,1.204980835318565369e-01,-1.676227897405624390e-01,-8.434132486581802368e-02,1.099559664726257324e-01,2.529366612434387207e-01,1.829935312271118164e-01,-5.786651745438575745e-02,-1.480818688869476318e-01,2.020619064569473267e-01,2.293908894062042236e-01,2.796647250652313232e-01,2.996214926242828369e-01,6.319447886198759079e-03,1.597177684307098389e-01,-2.410797476768493652e-01,-1.892862468957901001e-01,-2.653684020042419434e-01,2.076191753149032593e-01,1.268443614244461060e-01,-1.093654036521911621e-01,4.764068499207496643e-02,3.257846832275390625e-01,-2.667534649372100830e-01,-6.813107430934906006e-02,1.524926573038101196e-01,-6.252304650843143463e-03,-9.247894585132598877e-02,-3.837246596813201904e-01,2.536546289920806885e-01,1.733303070068359375e-01,-5.174540448933839798e-03,-3.040879666805267334e-01,1.259223073720932007e-01,2.730695903301239014e-01,-1.888873875141143799e-01,-2.140009254217147827e-01,3.528175652027130127e-01,6.994041055440902710e-02,1.780604720115661621e-01,4.795631766319274902e-02,-9.109945595264434814e-02,-1.755665689706802368e-01,-2.788412868976593018e-01,-1.050697937607765198e-01,7.917276024818420410e-02,6.202341243624687195e-02,-9.696211665868759155e-02,1.586514711380004883e-01,2.754975855350494385e-01,-6.907508522272109985e-02,-1.177605427801609039e-02,-3.078497648239135742e-01,1.124065369367599487e-01,1.884131133556365967e-02,-2.299206703901290894e-01,-2.281190752983093262e-01,-9.922876954078674316e-02,1.375640779733657837e-01,1.116140186786651611e-02,1.233889311552047729e-01,1.068749576807022095e-01,-1.001031175255775452e-01,-3.731997683644294739e-02,2.458123862743377686e-01,-3.001957833766937256e-01,1.224050298333168030e-02,-2.430804520845413208e-01,1.847696602344512939e-01,-1.491775512695312500e-01,3.165557682514190674e-01,-1.724448502063751221e-01,-2.513575851917266846e-01,-2.523349365219473839e-03,3.102023303508758545e-01,-1.768835783004760742e-01,-3.102080523967742920e-01,3.455944657325744629e-01,1.198616460897028446e-03,-2.034785747528076172e-01,2.398954005911946297e-03,-2.786087393760681152e-01,-2.191695421934127808e-01,8.237355947494506836e-02,6.349116563796997070e-03,2.645656168460845947e-01,2.057606428861618042e-01,-7.020603865385055542e-02,-7.309718430042266846e-02,-2.733713984489440918e-01,1.443479359149932861e-01,-3.090395927429199219e-01,-4.854995384812355042e-02,1.200629100203514099e-01,-7.314484537346288562e-05,-2.109581679105758667e-01,2.599101662635803223e-01,-6.143049150705337524e-02,2.136073112487792969e-01,-3.642283678054809570e-01,-2.483919113874435425e-01,3.652234375476837158e-01,-2.686558291316032410e-03,-2.917079627513885498e-01,-2.527816593647003174e-01,-9.804762899875640869e-02,-1.767260953783988953e-02,3.084086477756500244e-01,-1.929952055215835571e-01,-2.790269255638122559e-01,9.378481656312942505e-02,2.531587481498718262e-01,-3.177508711814880371e-01,8.697155863046646118e-02,1.095274612307548523e-01,-3.219023942947387695e-01,1.812059134244918823e-01,1.162865906953811646e-01,3.091048598289489746e-01,2.995956540107727051e-01,-1.282159090042114258e-01,-1.399235278367996216e-01,-2.579000294208526611e-01,1.915298774838447571e-02,1.837247163057327271e-01
3.702784702181816101e-02,3.474026918411254883e-02,-4.009316563606262207e-01,3.216342628002166748e-01,1.925322264432907104e-01,-1.124661117792129517e-01,-7.086867094039916992e-02,2.199586927890777588e-01,1.829935312271118164e-01,2.416466027498245239e-01,-4.972872510552406311e-02,-2.024285346269607544e-01,3.069811463356018066e-01,3.075571954250335693e-01,4.000931680202484131e-01,4.144066274166107178e-01,4.543119575828313828e-03,2.244506776332855225e-01,-3.370518684387207031e-01,-2.795794904232025146e-01,-1.957500725984573364e-01,2.871199548244476318e-01,2.555539906024932861e-01,-1.482384949922561646e-01,5.705343559384346008e-02,4.056719541549682617e-01,-3.953897058963775635e-01,-1.082811579108238220e-01,3.543644547462463379e-01,-8.050867170095443726e-02,-6.253740191459655762e-02,-4.771459400653839111e-01,3.065317273139953613e-01,3.237572610378265381e-01,-1.818047836422920227e-02,-4.144680202007293701e-01,1.745998859405517578e-01,3.878743946552276611e-01,-3.331056237220764160e-01,-2.910966575145721436e-01,4.011574387550354004e-01,8.049195259809494019e-02,3.112627565860748291e-01,8.255089819431304932e-02,-2.061043120920658112e-02,-3.205348253250122070e-01,-4.323388040065765381e-01,-1.366316229104995728e-01,5.577368661761283875e-02,4.085079580545425415e-02,-8.481526374816894531e-02,9.462247043848037720e-02,3.049187958240509033e-01,-6.591948866844177246e-02,-8.175531774759292603e-02,-4.755993485450744629e-01,1.518540233373641968e-01,3.061443008482456207e-02,-3.205637335777282715e-01,-3.208898305892944336e-01,-7.630847394466400146e-02,1.320332884788513184e-01,1.373173668980598450e-02,1.010489538311958313e-01,9.237682819366455078e-02,-1.303794533014297485e-01,-1.560227479785680771e-02,3.689738512039184570e-01,-4.020217657089233398e-01,4.361884668469429016e-02,-3.733705580234527588e-01,3.367763385176658630e-02,-1.350722312927246094e-01,4.303952753543853760e-01,-1.583309024572372437e-01,-3.657681047916412354e-01,-3.797347424551844597e-03,4.823575019836425781e-01,-1.936335116624832153e-01,-4.117246866226196289e-01,4.712194204330444336e-01,1.759865088388323784e-03,-3.454362154006958008e-01,6.919184816069900990e-04,-3.420392274856567383e-01,-3.436738550662994385e-01,1.959290206432342529e-01,1.023716758936643600e-02,3.037026226520538330e-01,2.872544527053833008e-01,-1.069553717970848083e-01,-5.053737387061119080e-02,-3.480193018913269043e-01,1.447149366140365601e-01,-3.906915783882141113e-01,-6.253901124000549316e-02,2.651036977767944336e-01,-1.048624690156430006e-04,-3.063552975654602051e-01,3.101292550563812256e-01,-1.456755846738815308e-01,2.796010971069335938e-01,-4.670611023902893066e-01,-3.517992496490478516e-01,5.087900757789611816e-01,6.412386149168014526e-02,-3.588565289974212646e-01,-3.626218438148498535e-01,-9.034525603055953979e-02,-1.737491600215435028e-02,3.284651935100555420e-01,-3.069561123847961426e-01,-3.935795724391937256e-01,1.361874192953109741e-01,4.390138387680053711e-01,-4.318974018096923828e-01,1.313603520393371582e-01,2.113692909479141235e-01,-4.710839986801147461e-01,2.195204049348831177e-01,2.153463065624237061e-01,3.877230286598205566e-01,4.090814888477325439e-01,-1.822125166654586792e-01,-2.414998561143875122e-01,-3.160516321659088135e-01,1.850938796997070312e-02,2.969423532485961914e-01
-1.586551517248153687e-01,2.913954202085733414e-03,-2.877325285226106644e-03,-6.103624030947685242e-02,-4.907238483428955078e-02,8.488705009222030640e-02,-1.044928655028343201e-01,-4.495851323008537292e-02,-5.786651745438575745e-02,-4.972872510552406311e-02,1.789010614156723022e-01,1.364256348460912704e-02,1.280420124530792236e-01,-1.877249218523502350e-02,1.167302206158638000e-02,4.927516728639602661e-02,-2.282372908666729927e-03,-1.078053656965494156e-02,5.147757753729820251e-02,9.823938598856329918e-04,2.071344703435897827e-01,4.096301272511482239e-02,4.517246410250663757e-02,-6.617140024900436401e-02,-9.845356456935405731e-03,6.438618898391723633e-02,-1.064790040254592896e-01,-3.224681690335273743e-02,1.144128218293190002e-01,-2.596655115485191345e-02,1.153654977679252625e-01,1.093170884996652603e-02,-1.429510861635208130e-01,5.062309652566909790e-02,-8.727800101041793823e-03,-8.939362317323684692e-02,1.073704566806554794e-02,1.401869114488363266e-03,-6.129859387874603271e-02,1.757971942424774170e-01,-1.310389935970306396e-01,-6.036875024437904358e-02,1.136140152812004089e-01,6.218146532773971558e-03,1.644760221242904663e-01,-1.704713702201843262e-01,4.509393125772476196e-02,5.317855998873710632e-02,-6.828427314758300781e-02,-6.945133954286575317e-02,4.282072558999061584e-02,-5.013614892959594727e-02,-1.676792204380035400e-01,2.258395776152610779e-03,-9.419752657413482666e-02,-3.196566924452781677e-02,-3.218344599008560181e-02,3.498980775475502014e-03,2.227386645972728729e-02,1.312695164233446121e-02,9.471754729747772217e-02,-4.338222369551658630e-02,-3.059333655983209610e-03,-1.527786403894424438e-01,-7.058718800544738770e-02,-1.600996591150760651e-03,1.001468002796173096e-01,1.323518715798854828e-02,-1.462840568274259567e-02,7.578916265629231930e-04,4.618687927722930908e-02,-2.652913630008697510e-01,2.622956037521362305e-02,-1.293087750673294067e-02,1.238110065460205078e-01,9.320561587810516357e-02,-2.464866265654563904e-03,4.723013564944267273e-02,1.895262748003005981e-01,8.021607995033264160e-03,-7.749799638986587524e-02,1.576632930664345622e-04,-5.365369375795125961e-03,-4.190295294392853975e-04,1.362160146236419678e-01,-9.747470915317535400e-02,-2.984518557786941528e-02,3.843063255771994591e-03,8.545676618814468384e-02,-1.347415521740913391e-02,9.878953546285629272e-02,6.663377583026885986e-02,1.800181902945041656e-02,-1.399878226220607758e-02,1.086032688617706299e-01,9.698143601417541504e-02,-2.191616687923669815e-03,1.615473047422710806e-05,-4.866660386323928833e-02,-1.131063476204872131e-01,3.549320623278617859e-02,-4.606958013027906418e-03,2.678989991545677185e-02,-8.731150999665260315e-03,-2.693349868059158325e-02,-2.381953150033950806e-01,1.017357259988784790e-01,-1.004621013998985291e-01,1.046539396047592163e-01,1.787496614269912243e-03,2.494745654985308647e-03,5.711291730403900146e-02,-1.596950553357601166e-02,-8.166392147541046143e-02,2.103180810809135437e-02,6.022016052156686783e-03,-6.247760728001594543e-03,7.743082940578460693e-02,7.477203756570816040e-02,-3.555694594979286194e-02,6.662235409021377563e-02,-1.043787077069282532e-01,-7.039503008127212524e-02,-5.300011485815048218e-02,-5.291156843304634094e-02,2.070334367454051971e-02,7.201364263892173767e-03,-5.194189772009849548e-02
-5.687446519732475281e-02,-3.065681830048561096e-02,3.580186069011688232e-01,-2.796067297458648682e-01,-2.009627074003219604e-01,9.628015756607055664e-02,8.538387715816497803e-02,-2.639442086219787598e-01,-1.480818688869476318e-01,-2.024285346269607544e-01,1.364256348460912704e-02,2.007292509078979492e-01,-2.766242623329162598e-01,-3.040802478790283203e-01,-3.851316273212432861e-01,-4.072101116180419922e-01,-4.863701295107603073e-03,-2.027973383665084839e-01,2.587264180183410645e-01,2.472524791955947876e-01,1.122978702187538147e-01,-2.861061990261077881e-01,-2.271389812231063843e-01,1.394401192665100098e-01,-4.996275156736373901e-02,-3.696677982807159424e-01,3.671553730964660645e-01,1.437481343746185303e-01,-3.398863375186920166e-01,7.763921469449996948e-02,7.093257457017898560e-02,4.241848587989807129e-01,-2.040958106517791748e-01,-3.050473034381866455e-01,2.435573749244213104e-02,4.048606157302856445e-01,-1.566868424415588379e-01,-3.499407470226287842e-01,3.563456237316131592e-01,2.904448211193084717e-01,-3.539125323295593262e-01,-6.950353085994720459e-02,-2.875667810440063477e-01,-7.816859334707260132e-02,-5.095725506544113159e-02,3.015885353088378906e-01,3.927708566188812256e-01,1.361622065305709839e-01,-2.867151610553264618e-02,-1.141599845141172409e-02,8.946894854307174683e-02,-4.380384460091590881e-02,-2.741786837577819824e-01,8.436974138021469116e-02,1.126684322953224182e-01,4.593805372714996338e-01,-1.614973992109298706e-01,-2.984964475035667419e-02,2.460075318813323975e-01,2.898234724998474121e-01,5.602595955133438110e-02,-9.333079308271408081e-02,-1.227823086082935333e-02,-3.052097931504249573e-02,-7.430370151996612549e-02,1.130410805344581604e-01,1.484416797757148743e-02,-3.561157286167144775e-01,3.735199868679046631e-01,-6.821008026599884033e-02,3.511584997177124023e-01,2.218035049736499786e-02,1.078541055321693420e-01,-4.033310115337371826e-01,1.187769472599029541e-01,3.208971619606018066e-01,3.631963161751627922e-03,-4.424282610416412354e-01,1.535741686820983887e-01,3.845073878765106201e-01,-4.135240912437438965e-01,-1.709142583422362804e-03,3.289769291877746582e-01,-2.934898366220295429e-04,3.271841108798980713e-01,3.171074688434600830e-01,-1.742088347673416138e-01,-1.036893483251333237e-02,-2.576074004173278809e-01,-2.687996327877044678e-01,9.727022796869277954e-02,7.249198388308286667e-03,2.846028506755828857e-01,-1.238876730203628540e-01,3.292465209960937500e-01,9.436652064323425293e-02,-2.545848488807678223e-01,9.579435572959482670e-05,3.177770972251892090e-01,-2.840372323989868164e-01,1.621731072664260864e-01,-2.696642577648162842e-01,4.228749275207519531e-01,3.253614604473114014e-01,-4.253948032855987549e-01,-4.756984114646911621e-02,2.717985510826110840e-01,3.419324159622192383e-01,8.099614828824996948e-02,1.209637150168418884e-02,-3.080174922943115234e-01,2.337566614151000977e-01,3.602958023548126221e-01,-1.096332892775535583e-01,-4.200989007949829102e-01,3.696610033512115479e-01,-1.810634434223175049e-01,-1.802909970283508301e-01,4.371818006038665771e-01,-1.864929497241973877e-01,-1.807768195867538452e-01,-3.397718966007232666e-01,-3.665077388286590576e-01,1.409152746200561523e-01,2.457800060510635376e-01,2.661486864089965820e-01,-1.646183244884014130e-02,-2.480313181877136230e-01
