5.329909324645996094e-01,-1.456194929778575897e-02,8.487676270306110382e-03,1.119313202798366547e-02,1.481013447046279907e-01,-8.551915176212787628e-03,1.294034440070390701e-02,3.065651357173919678e-01,6.881179660558700562e-02,1.503184717148542404e-02,-6.762539595365524292e-02,-2.028002589941024780e-02,3.731288306880742311e-04,5.638319849967956543e-01,2.190608829259872437e-01,3.908051177859306335e-02,-9.337673545815050602e-04,-6.533786654472351074e-02,1.714174151420593262e-01,-5.505723878741264343e-03,-2.864069640636444092e-01,-3.505262359976768494e-02,5.646539479494094849e-02,-5.264487490057945251e-02,-2.170509286224842072e-02,-2.040773034095764160e-01,5.209587048739194870e-03,-1.580649614334106445e-01,-9.142599254846572876e-02,-2.688930630683898926e-01,-1.209066510200500488e-01,9.053354151546955109e-03,-4.959451034665107727e-02,7.373933494091033936e-02,-3.634266927838325500e-02,-5.013683438301086426e-02,-2.292891032993793488e-02,-1.716975681483745575e-02,-1.358986496925354004e-01,-3.415786921977996826e-01,-1.808814145624637604e-02,1.159375309944152832e-01,-5.876301974058151245e-02,1.664986088871955872e-02,3.091232180595397949e-01,-2.393952608108520508e-01,-6.831457465887069702e-02,-8.054432272911071777e-02,-1.701706554740667343e-03,7.160621462389826775e-04,3.099341131746768951e-02,-1.309240311384201050e-01,3.721336275339126587e-02,-9.254720062017440796e-02,-3.368299826979637146e-02,-8.908621221780776978e-02,5.911489576101303101e-02,9.043629281222820282e-03,-2.915651351213455200e-02,-6.259897258132696152e-03,7.846385985612869263e-02,2.516844682395458221e-02,1.785763353109359741e-02,-2.396344579756259918e-02,-9.144914150238037109e-02,6.055591255426406860e-02,-8.730214089155197144e-03,8.086265623569488525e-02,7.575859781354665756e-03,6.318463385105133057e-02,-4.114953801035881042e-02,-3.325199484825134277e-01,2.306683734059333801e-02,2.607996761798858643e-02,-1.595181785523891449e-02,-2.920790389180183411e-02,-6.057855673134326935e-03,5.757427588105201721e-02,-1.799603402614593506e-01,-5.197143182158470154e-02,-4.522505402565002441e-02,2.777033485472202301e-03,-1.731278002262115479e-01,-8.777058683335781097e-03,-8.913413435220718384e-02,-1.244519185274839401e-02,1.872836500406265259e-01,-9.993452578783035278e-03,-7.581316865980625153e-03,2.975066599901765585e-04,-3.011306747794151306e-03,-3.918880596756935120e-02,1.459931731224060059e-01,-1.001024842262268066e-01,9.780219942331314087e-02,-8.129660785198211670e-02,2.373936474323272705e-01,-2.284254587721079588e-04,-8.866351842880249023e-02,9.647829830646514893e-02,-4.293600842356681824e-02,3.209749981760978699e-02,2.820372395217418671e-02,2.891105366870760918e-03,-2.183210849761962891e-01,1.614231914281845093e-01,1.871914416551589966e-01,5.531640723347663879e-02,-9.480879455804824829e-02,2.791789360344409943e-02,2.304216325283050537e-01,5.274957790970802307e-02,4.574751853942871094e-02,-3.034961819648742676e-01,5.501374602317810059e-02,2.537765726447105408e-02,3.078007400035858154e-01,-2.142964899539947510e-01,-2.792455554008483887e-01,-1.154743880033493042e-02,-1.327491253614425659e-01,9.836039692163467407e-02,6.158952042460441589e-02,6.781127303838729858e-02,5.095553770661354065e-02,-1.234283819794654846e-01,-2.692689187824726105e-02,1.458312012255191803e-02
-1.456194929778575897e-02,2.742030285298824310e-02,-1.433769911527633667e-01,5.255763232707977295e-02,7.434611767530441284e-02,-1.936615072190761566e-02,-2.683069743216037750e-02,4.494273290038108826e-02,-1.487941946834325790e-03,1.378434523940086365e-02,4.171048849821090698e-02,-3.218204528093338013e-02,1.132831200957298279e-01,1.527340617030858994e-02,1.072576195001602173e-01,1.077880263328552246e-01,-2.374762902036309242e-03,1.251898258924484253e-01,-2.801873534917831421e-02,-5.686364695429801941e-02,3.403056785464286804e-02,1.311956197023391724e-01,7.538328319787979126e-02,3.945490717887878418e-02,8.390563540160655975e-03,1.568169295787811279e-01,-1.325100660324096680e-01,-9.451435506343841553e-02,1.048065871000289917e-01,-4.191248677670955658e-03,1.714653708040714264e-02,-1.167823672294616699e-01,8.324883878231048584e-02,5.578388273715972900e-02,6.740094628185033798e-03,-1.197054833173751831e-01,7.245622109621763229e-03,2.710052020847797394e-02,-8.516809344291687012e-02,-8.688775449991226196e-02,1.294088214635848999e-01,-1.541770622134208679e-02,1.463440656661987305e-01,1.383468788117170334e-02,-9.083328768610954285e-03,-8.869863301515579224e-02,-1.334728896617889404e-01,-2.461553178727626801e-02,-3.236807510256767273e-02,3.082491084933280945e-02,5.043744109570980072e-03,8.397808298468589783e-03,7.177093997597694397e-03,-1.134725566953420639e-02,-9.591465815901756287e-03,-1.112582832574844360e-01,2.715016342699527740e-02,1.285708323121070862e-02,-1.195706129074096680e-01,-4.899185895919799805e-02,3.223874047398567200e-02,-7.171246688812971115e-03,5.781560204923152924e-03,4.188971221446990967e-02,2.083509229123592377e-02,-2.549433149397373199e-02,7.012403756380081177e-02,1.455806493759155273e-01,-1.357986181974411011e-01,3.918193280696868896e-02,-7.314297556877136230e-02,3.668811172246932983e-03,-2.207084372639656067e-02,1.053169369697570801e-01,-4.645887389779090881e-02,-1.121871918439865112e-01,-7.093910593539476395e-03,1.294486373662948608e-01,-7.240985520184040070e-03,-9.832515567541122437e-02,1.159140542149543762e-01,2.807615092024207115e-03,-1.004915833473205566e-01,7.625369820743799210e-03,-8.993970602750778198e-02,-1.370026022195816040e-01,8.699116855859756470e-02,1.138695422559976578e-02,7.400014996528625488e-02,9.464388131164014339e-04,-3.487396985292434692e-02,-3.013644181191921234e-02,-1.119228005409240723e-01,3.711443021893501282e-02,-8.002575486898422241e-02,1.582206599414348602e-02,9.921617060899734497e-02,-4.839269095100462437e-04,-7.995388656854629517e-02,4.759392887353897095e-02,1.054408214986324310e-02,4.057805240154266357e-02,-1.050997301936149597e-01,-1.170973945409059525e-02,1.413339972496032715e-01,-1.772887259721755981e-02,-6.400406360626220703e-02,-1.142713949084281921e-01,-1.986611075699329376e-02,-1.775807887315750122e-02,5.923955515027046204e-02,7.896549650467932224e-04,-1.075581386685371399e-01,-5.329143255949020386e-02,1.505726575851440430e-01,-1.364189088344573975e-01,5.752010643482208252e-02,6.279485672712326050e-02,-1.151355355978012085e-01,1.999052241444587708e-02,1.066423133015632629e-01,1.076986417174339294e-01,1.065263077616691589e-01,-8.066372573375701904e-02,-9.926643222570419312e-02,-5.525680631399154663e-02,-4.554428625851869583e-03,7.106436789035797119e-02
8.487676270306110382e-03,-1.433769911527633667e-01,8.193619251251220703e-01,-3.693920373916625977e-01,-4.107154607772827148e-01,3.480451181530952454e-02,8.858069777488708496e-02,-2.962756156921386719e-01,1.435909327119588852e-02,-1.093525066971778870e-01,-2.524248957633972168e-01,2.236482799053192139e-01,-6.317873001098632812e-01,-2.196922451257705688e-01,-6.617833375930786133e-01,-6.449478268623352051e-01,-8.921819739043712616e-03,-6.701319217681884766e-01,1.638988852500915527e-01,3.951322138309478760e-01,-1.451169997453689575e-01,-7.689743638038635254e-01,-5.679540634155273438e-01,-8.268401026725769043e-02,-5.442462116479873657e-02,-7.898541688919067383e-01,7.568427920341491699e-01,4.451639950275421143e-01,-6.463129520416259766e-01,1.141508743166923523e-01,-9.009265899658203125e-02,7.257672548294067383e-01,-5.435426235198974609e-01,-4.258828759193420410e-01,-2.350044623017311096e-02,7.267137169837951660e-01,-3.923720121383666992e-02,-1.656556725502014160e-01,5.682044029235839844e-01,6.054254174232482910e-01,-7.243008613586425781e-01,6.393930315971374512e-02,-7.581198811531066895e-01,-9.179627150297164917e-02,-2.842529863119125366e-02,6.543659567832946777e-01,7.699499726295471191e-01,1.662469208240509033e-01,1.646273136138916016e-01,-7.499498873949050903e-02,-5.766170844435691833e-02,-3.097717277705669403e-02,-3.636256605386734009e-02,1.136749908328056335e-01,3.201592341065406799e-02,7.014840841293334961e-01,-1.930592209100723267e-01,-8.346492797136306763e-02,6.697132587432861328e-01,3.229273259639739990e-01,-1.352982074022293091e-01,-3.940036892890930176e-02,-4.413527250289916992e-02,-3.343911767005920410e-01,-1.136611849069595337e-01,1.463270783424377441e-01,-3.873862326145172119e-01,-7.823429107666015625e-01,7.614120244979858398e-01,-1.891960799694061279e-01,5.064722895622253418e-01,9.540038555860519409e-02,1.381914466619491577e-01,-6.954034566879272461e-01,2.667765319347381592e-01,6.177887320518493652e-01,4.123163595795631409e-02,-8.029338121414184570e-01,1.063312888145446777e-01,6.702365279197692871e-01,-7.269768714904785156e-01,-2.096282318234443665e-02,6.000527739524841309e-01,-3.936628624796867371e-02,6.072409749031066895e-01,7.156516313552856445e-01,-5.474927425384521484e-01,-6.245880946516990662e-02,-4.776677787303924561e-01,-3.987291827797889709e-02,2.097913324832916260e-01,2.151480019092559814e-01,6.500689983367919922e-01,-2.194868028163909912e-01,5.255863666534423828e-01,-2.833500690758228302e-02,-5.905324220657348633e-01,3.382466500625014305e-03,5.539854168891906738e-01,-3.658478260040283203e-01,-1.193660870194435120e-02,-3.201517462730407715e-01,6.841628551483154297e-01,7.324860244989395142e-02,-7.868640422821044922e-01,-5.101388692855834961e-02,4.599328935146331787e-01,6.787846088409423828e-01,1.146072745323181152e-01,1.132044345140457153e-01,-4.874888360500335693e-01,1.342922002077102661e-01,6.525157690048217773e-01,1.645722538232803345e-01,-7.910315394401550293e-01,7.437297701835632324e-01,-4.095180332660675049e-01,-4.233054518699645996e-01,7.460402846336364746e-01,-1.483863890171051025e-01,-6.815703511238098145e-01,-7.031131386756896973e-01,-6.826321482658386230e-01,4.406989812850952148e-01,6.714552640914916992e-01,4.777089059352874756e-01,7.437625434249639511e-03,-4.547356069087982178e-01
1.119313202798366547e-02,5.255763232707977295e-02,-3.693920373916625977e-01,2.966037094593048096e-01,1.422472447156906128e-01,6.230388954281806946e-02,-7.170361280441284180e-02,1.709127724170684814e-01,-2.810239046812057495e-02,4.135843366384506226e-02,3.030621074140071869e-02,-9.991746395826339722e-02,2.211839109659194946e-01,1.306085884571075439e-01,2.624280452728271484e-01,2.291672378778457642e-01,6.366299465298652649e-03,3.426372706890106201e-01,-9.140406548976898193e-02,-1.098792254924774170e-01,-6.845030188560485840e-02,3.646968007087707520e-01,2.329189479351043701e-01,-5.069243162870407104e-02,4.085047543048858643e-02,3.369959592819213867e-01,-2.921873927116394043e-01,-1.278398483991622925e-01,2.247348427772521973e-01,-8.479697629809379578e-03,1.824996806681156158e-02,-3.742265999317169189e-01,3.038184940814971924e-01,1.151239275932312012e-01,1.930973865091800690e-02,-3.115032613277435303e-01,3.891381621360778809e-02,6.352382898330688477e-02,-1.672896593809127808e-01,-3.750496804714202881e-01,3.435689508914947510e-01,-5.534256342798471451e-03,3.314187824726104736e-01,3.573977947235107422e-02,1.011547725647687912e-02,-2.174731940031051636e-01,-3.012364506721496582e-01,-1.242405399680137634e-01,-8.048659563064575195e-02,7.854891568422317505e-02,3.774937987327575684e-02,2.557127363979816437e-02,9.261046350002288818e-02,-1.778740584850311279e-01,8.558636158704757690e-02,-2.896663844585418701e-01,8.054339140653610229e-02,2.844366990029811859e-02,-2.463991194963455200e-01,-1.679472029209136963e-01,2.350398339331150055e-03,5.426837131381034851e-02,2.455720491707324982e-02,1.649900525808334351e-01,4.571944847702980042e-02,-6.431829929351806641e-02,1.465708613395690918e-01,3.788662552833557129e-01,-3.271827101707458496e-01,2.786386571824550629e-02,-2.302751541137695312e-01,7.284375280141830444e-02,-8.860822021961212158e-02,2.824460864067077637e-01,-1.274722665548324585e-01,-2.986287474632263184e-01,-7.950016297399997711e-03,3.474714457988739014e-01,-2.033212780952453613e-01,-3.316482305526733398e-01,4.460825622081756592e-01,8.776376023888587952e-03,-1.914778798818588257e-01,2.128280512988567352e-02,-3.302679359912872314e-01,-2.169946283102035522e-01,1.289840489625930786e-01,2.364239469170570374e-02,1.175640523433685303e-01,1.375776808708906174e-02,-6.022738665342330933e-02,-1.495249420404434204e-01,-3.749740719795227051e-01,1.365556865930557251e-01,-2.504422962665557861e-01,-1.595528610050678253e-02,2.307592034339904785e-01,-1.451467862352728844e-03,-1.712907999753952026e-01,2.140456438064575195e-01,3.021747805178165436e-02,7.782504707574844360e-02,-3.190705478191375732e-01,-2.762839198112487793e-02,3.993512690067291260e-01,1.329114884138107300e-01,-3.223506510257720947e-01,-3.152457177639007568e-01,3.406937420368194580e-02,-4.330448806285858154e-02,3.357491791248321533e-01,-1.096132546663284302e-01,-3.200514018535614014e-01,-7.459197938442230225e-02,3.599704504013061523e-01,-3.077656328678131104e-01,1.154363900423049927e-01,1.800492554903030396e-01,-3.795289993286132812e-01,9.091541916131973267e-02,2.533704936504364014e-01,2.870334088802337646e-01,2.894541025161743164e-01,-1.611320674419403076e-01,-2.578386962413787842e-01,-2.052607238292694092e-01,-4.008660092949867249e-03,2.493799775838851929e-01
1.481013447046279907e-01,7.434611767530441284e-02,-4.107154607772827148e-01,1.422472447156906128e-01,3.017427623271942139e-01,-6.577917933464050293e-02,-5.322007089853286743e-02,2.482042014598846436e-01,9.649256244301795959e-03,4.537790641188621521e-02,9.364677220582962036e-02,-9.559778869152069092e-02,3.197121024131774902e-01,2.242644131183624268e-01,3.959453999996185303e-01,3.309835195541381836e-01,-1.167458016425371170e-02,3.295787572860717773e-01,-1.996521838009357452e-02,-1.729934662580490112e-01,2.948609739542007446e-02,3.593118786811828613e-01,2.103665769100189209e-01,1.331937909126281738e-01,7.942309603095054626e-03,3.713711202144622803e-01,-3.837115466594696045e-01,-3.625216186046600342e-01,2.944065630435943604e-01,-1.484231054782867432e-01,4.598566796630620956e-03,-2.964861392974853516e-01,2.084226459264755249e-01,1.738376766443252563e-01,6.935908924788236618e-03,-3.445948958396911621e-01,7.257025223225355148e-03,7.377804815769195557e-02,-3.392754793167114258e-01,-3.585236370563507080e-01,3.746076822280883789e-01,2.618273487314581871e-03,4.007309377193450928e-01,4.799391329288482666e-02,8.880482614040374756e-02,-3.421155214309692383e-01,-4.340792596340179443e-01,-1.013417169451713562e-01,-8.679133653640747070e-02,1.110729575157165527e-01,1.973398588597774506e-02,-2.745633758604526520e-02,1.781312562525272369e-02,-4.420124366879463196e-02,-5.807064101099967957e-02,-3.518610000610351562e-01,9.517667442560195923e-02,4.103042185306549072e-02,-3.798239231109619141e-01,-1.359220147132873535e-01,1.371870636940002441e-01,-2.619614824652671814e-02,2.198230661451816559e-02,1.281984299421310425e-01,4.034003615379333496e-02,-4.776171967387199402e-02,2.132617980241775513e-01,4.521614611148834229e-01,-3.658035695552825928e-01,1.718478053808212280e-01,-2.343471944332122803e-01,-1.338354498147964478e-01,-2.513661794364452362e-02,3.031237125396728516e-01,-1.436872631311416626e-01,-3.762040734291076660e-01,-2.516389824450016022e-02,3.915437161922454834e-01,-7.789035141468048096e-02,-2.824548482894897461e-01,3.047297596931457520e-01,8.343330584466457367e-03,-3.780958950519561768e-01,1.808232814073562622e-02,-2.990530431270599365e-01,-4.265692532062530518e-01,3.625594079494476318e-01,2.921527251601219177e-02,2.142774462699890137e-01,-5.398473585955798626e-04,-1.261260658502578735e-01,-8.797391504049301147e-02,-2.417633533477783203e-01,4.046323522925376892e-02,-1.835113465785980225e-01,3.739792481064796448e-02,4.157418310642242432e-01,-1.446057925932109356e-03,-2.533776760101318359e-01,1.763109713792800903e-01,1.404958311468362808e-02,1.466679871082305908e-01,-2.702174782752990723e-01,-3.466683626174926758e-02,3.241935670375823975e-01,1.005392242223024368e-02,-9.860908985137939453e-02,-3.035096228122711182e-01,-1.400414258241653442e-01,-3.814622387290000916e-02,1.799605339765548706e-01,4.040177911520004272e-02,-2.703982591629028320e-01,-2.959836721420288086e-01,4.755651950836181641e-01,-4.020110666751861572e-01,2.863425314426422119e-01,9.411355108022689819e-02,-4.290041029453277588e-01,4.295265674591064453e-02,2.796587347984313965e-01,3.428256511688232422e-01,3.199105858802795410e-01,-2.206686735153198242e-01,-2.417178153991699219e-01,-1.903461068868637085e-01,-2.648607082664966583e-02,2.213473320007324219e-01
-8.551915176212787628e-03,-1.936615072190761566e-02,3.480451181530952454e-02,6.230388954281806946e-02,-6.577917933464050293e-02,2.167134284973144531e-01,1.772062666714191437e-02,4.476403445005416870e-02,-9.278791397809982300e-02,-2.406524680554866791e-02,-2.466730773448944092e-02,9.578208439052104950e-03,-1.216606795787811279e-01,1.898537203669548035e-02,-7.671776413917541504e-02,-8.734755963087081909e-02,-3.194178221747279167e-03,-7.871499657630920410e-02,-5.433206446468830109e-03,9.334099479019641876e-03,4.381150379776954651e-02,-3.537577763199806213e-02,3.105081431567668915e-02,-4.685430601239204407e-02,-5.331218708306550980e-03,-1.599787622690200806e-01,7.448042184114456177e-02,9.238485246896743774e-02,3.136079385876655579e-02,-6.314728409051895142e-02,3.683998808264732361e-02,7.279579341411590576e-02,-5.710966512560844421e-02,1.279918011277914047e-02,-1.237099990248680115e-02,6.936027854681015015e-02,6.315199192613363266e-03,-2.008544839918613434e-02,6.971178203821182251e-02,-2.234568633139133453e-02,-1.285827904939651489e-01,1.166023313999176025e-03,-2.641483582556247711e-02,-1.322432537563145161e-03,7.960656285285949707e-02,7.707431912422180176e-02,9.511765092611312866e-02,-9.683930315077304840e-03,-2.318975329399108887e-02,-4.934157431125640869e-02,1.050572171807289124e-01,-8.551183342933654785e-02,1.477222610265016556e-02,-9.953082352876663208e-02,9.039472788572311401e-03,2.864438109099864960e-02,-1.337947323918342590e-03,-6.391735281795263290e-03,9.732303768396377563e-02,1.632679998874664307e-02,-6.935650948435068130e-03,4.382577259093523026e-03,-1.092152553610503674e-03,-9.443382918834686279e-02,-1.398923341184854507e-02,2.981056831777095795e-02,-4.146869853138923645e-02,-7.628773897886276245e-02,9.228826314210891724e-02,-2.977065183222293854e-02,2.563416212797164917e-02,-9.865669906139373779e-02,2.528761141002178192e-02,-7.392302900552749634e-02,5.450636893510818481e-02,6.100327149033546448e-02,1.180219091475009918e-02,-5.903628468513488770e-02,-2.459619380533695221e-02,1.941303350031375885e-02,-8.122776634991168976e-03,-7.835648139007389545e-04,3.637572377920150757e-02,-1.077939197421073914e-02,4.752748087048530579e-02,1.617899984121322632e-01,-4.033769294619560242e-02,-6.902711000293493271e-03,-1.439108401536941528e-01,4.236247856169939041e-03,3.096990846097469330e-02,6.043137051165103912e-03,3.983515128493309021e-02,-3.585373749956488609e-03,5.216683447360992432e-02,-8.166056871414184570e-02,-3.536602854728698730e-02,2.562922891229391098e-04,2.605906687676906586e-02,-4.471325501799583435e-02,-3.581650182604789734e-02,-7.815764844417572021e-02,7.090442627668380737e-02,8.967077359557151794e-03,-7.402203232049942017e-02,1.574624776840209961e-01,6.140784826129674911e-04,4.198253899812698364e-02,1.236920505762100220e-01,1.620381511747837067e-02,-1.860917732119560242e-02,-8.442083001136779785e-02,3.527919575572013855e-02,9.939108043909072876e-02,-4.440297931432723999e-02,1.179890409111976624e-01,-2.637763507664203644e-02,9.854291565716266632e-04,4.744314402341842651e-02,-6.327487062662839890e-03,-4.482161998748779297e-02,-7.462912052869796753e-02,-6.857227534055709839e-02,9.820391237735748291e-02,2.350235125049948692e-03,4.753740131855010986e-02,9.121986106038093567e-03,2.717120945453643799e-02
1.294034440070390701e-02,-2.683069743216037750e-02,8.858069777488708496e-02,-7.170361280441284180e-02,-5.322007089853286743e-02,1.772062666714191437e-02,9.825398772954940796e-02,-6.941419094800949097e-02,-1.740475272526964545e-04,5.475080106407403946e-03,-2.424227260053157806e-02,2.421659789979457855e-02,-1.179668605327606201e-01,-1.744429208338260651e-02,-7.312045246362686157e-02,-8.658554404973983765e-02,9.502204135060310364e-03,-1.460224241018295288e-01,1.719857566058635712e-02,3.511494956910610199e-03,-6.670196540653705597e-03,-1.019260659813880920e-01,-5.464624240994453430e-02,-3.453743830323219299e-02,-1.448520645499229431e-02,-1.177232638001441956e-01,9.282258898019790649e-02,1.021820232272148132e-01,-4.926707968115806580e-02,-6.066090241074562073e-02,-2.452774206176400185e-03,8.825273811817169189e-02,-6.147173792123794556e-02,-2.834284491837024689e-02,-1.006256602704524994e-02,1.034354940056800842e-01,-1.786459237337112427e-02,-1.887526549398899078e-02,7.597348187118768692e-03,6.744614988565444946e-02,-8.783397078514099121e-02,2.465979382395744324e-02,-1.411134302616119385e-01,-7.784796878695487976e-03,-3.110205288976430893e-03,-1.177395414561033249e-02,6.799232959747314453e-02,2.724632993340492249e-02,5.918831378221511841e-02,-4.531453922390937805e-02,-1.164558716118335724e-02,-1.604484976269304752e-03,-4.255598783493041992e-02,6.616412848234176636e-02,-9.938827715814113617e-03,8.352074772119522095e-02,-2.931102178990840912e-02,-9.547345340251922607e-03,6.458956748247146606e-02,4.527999833226203918e-02,-4.186902567744255066e-02,2.301873266696929932e-02,-3.423643764108419418e-03,4.175446927547454834e-02,2.711991255637258291e-04,2.412677928805351257e-02,-6.060393899679183960e-02,-1.199331954121589661e-01,1.211192011833190918e-01,-1.401494606398046017e-03,3.671783581376075745e-02,-5.778162181377410889e-02,4.977022856473922729e-02,-5.702954530715942383e-02,3.881634026765823364e-02,5.409226194024085999e-02,1.825189683586359024e-03,-4.748947173357009888e-02,2.382593974471092224e-02,8.326976746320724487e-02,-8.783874660730361938e-02,-1.677333144471049309e-03,5.399402603507041931e-02,-1.082791201770305634e-02,4.739660024642944336e-02,8.127140998840332031e-02,9.524470195174217224e-03,-1.222516875714063644e-02,-1.450992934405803680e-02,1.052306219935417175e-02,-4.783325421158224344e-04,3.283553197979927063e-02,1.107014715671539307e-01,-5.005005002021789551e-02,5.626804009079933167e-02,-1.796746812760829926e-02,-4.800531268119812012e-02,2.225792268291115761e-04,4.093178734183311462e-02,-2.194740623235702515e-02,-3.061768412590026855e-02,3.870886564254760742e-02,7.615258544683456421e-02,7.337508723139762878e-03,-8.017564564943313599e-02,5.405477434396743774e-02,3.494405001401901245e-02,1.120667457580566406e-01,-7.229617238044738770e-02,1.031675655394792557e-02,-8.095499128103256226e-02,-4.686557874083518982e-02,1.264132559299468994e-01,1.049349084496498108e-01,-1.247492805123329163e-01,9.139940887689590454e-02,-2.013437077403068542e-02,-4.371625930070877075e-02,4.626351222395896912e-02,-1.843106374144554138e-02,-1.812569797039031982e-02,-4.356168583035469055e-02,-6.996447592973709106e-02,5.502467229962348938e-02,6.815430521965026855e-02,-1.128386124037206173e-03,1.131705846637487411e-02,-5.401547625660896301e-02
3.065651357173919678e-01,4.494273290038108826e-02,-2.962756156921386719e-01,1.709127724170684814e-01,2.482042014598846436e-01,4.476403445005416870e-02,-6.941419094800949097e-02,4.307821989059448242e-01,-2.529413439333438873e-02,1.670314930379390717e-02,6.221800670027732849e-02,-8.930125832557678223e-02,2.339659184217453003e-01,4.007268249988555908e-01,3.604402244091033936e-01,2.521075606346130371e-01,-1.600167900323867798e-02,2.134948521852493286e-01,4.305777698755264282e-02,-1.063485518097877502e-01,7.756629958748817444e-03,2.872841060161590576e-01,2.200271040201187134e-01,1.476076059043407440e-02,-2.565429778769612312e-03,1.444545090198516846e-01,-2.675680518150329590e-01,-2.943789064884185791e-01,2.585437595844268799e-01,-2.042119354009628296e-01,-3.615914285182952881e-02,-1.835669875144958496e-01,8.124738186597824097e-02,1.875748038291931152e-01,-1.906016096472740173e-02,-2.962245941162109375e-01,3.823309671133756638e-03,5.158672109246253967e-02,-3.121783733367919922e-01,-4.195999503135681152e-01,2.203572094440460205e-01,2.633535489439964294e-02,2.932158410549163818e-01,4.468077421188354492e-02,2.899934649467468262e-01,-3.093344569206237793e-01,-3.390977382659912109e-01,-1.047125235199928284e-01,-9.654977917671203613e-02,2.159924991428852081e-02,1.044785082340240479e-01,-1.049934178590774536e-01,4.093774035573005676e-02,-1.841734945774078369e-01,-7.902017235755920410e-02,-3.191908895969390869e-01,1.254860460758209229e-01,3.999418020248413086e-02,-2.103975713253021240e-01,-1.060316339135169983e-01,1.393917053937911987e-01,-1.918787136673927307e-02,2.127212472259998322e-02,-6.123253330588340759e-02,-5.589229054749011993e-03,-4.162651021033525467e-03,1.354270428419113159e-01,3.302840590476989746e-01,-2.774792611598968506e-01,8.133034408092498779e-02,-2.036450207233428955e-01,-3.086766302585601807e-01,-2.059604413807392120e-02,2.389478981494903564e-01,-7.968068867921829224e-02,-2.154225260019302368e-01,-1.518764160573482513e-02,2.933762669563293457e-01,-1.452769786119461060e-01,-2.707916498184204102e-01,2.229093611240386963e-01,7.687871810048818588e-03,-3.374460935592651367e-01,1.132453978061676025e-02,-2.253859639167785645e-01,-2.669082880020141602e-01,2.830570638179779053e-01,2.099056355655193329e-02,7.436279952526092529e-02,6.065150722861289978e-03,-7.292180508375167847e-02,-6.576567888259887695e-02,-1.181251779198646545e-01,-4.235645383596420288e-02,-8.409414440393447876e-02,-3.133329749107360840e-02,3.728362619876861572e-01,-1.081189489923417568e-03,-2.260308414697647095e-01,1.625330299139022827e-01,-2.066137641668319702e-02,7.296758145093917847e-02,-1.862080693244934082e-01,-2.680501900613307953e-02,1.530411392450332642e-01,9.618844091892242432e-02,4.133106023073196411e-02,-2.429198324680328369e-01,-6.778559181839227676e-03,-6.606435403227806091e-03,2.228564023971557617e-01,6.066071242094039917e-02,-2.175964564085006714e-01,-3.063600957393646240e-01,4.028454124927520752e-01,-2.678340375423431396e-01,3.147277534008026123e-01,2.177600935101509094e-02,-4.090935885906219482e-01,2.030578814446926117e-02,1.236537545919418335e-01,2.582565844058990479e-01,2.135749459266662598e-01,-4.039686173200607300e-02,-1.871635913848876953e-01,-1.479217410087585449e-01,-2.791221067309379578e-02,1.971729993820190430e-01
6.881179660558700562e-02,-1.487941946834325790e-03,1.435909327119588852e-02,-2.810239046812057495e-02,9.649256244301795959e-03,-9.278791397809982300e-02,-1.740475272526964545e-04,-2.529413439333438873e-02,6.879086792469024658e-02,1.677241735160350800e-02,-1.652004756033420563e-02,-3.097621724009513855e-03,2.819916605949401855e-02,6.856128573417663574e-02,3.679000958800315857e-02,1.299987174570560455e-02,9.000507183372974396e-03,2.666758140549063683e-03,2.716265991330146790e-02,1.026650145649909973e-02,-1.205052435398101807e-01,-1.344158500432968140e-02,-1.172972656786441803e-02,-2.792021259665489197e-02,5.381555762141942978e-03,2.435294166207313538e-02,-1.942939125001430511e-03,-5.444049602374434471e-04,-8.118387311697006226e-02,2.023811638355255127e-02,-4.171859472990036011e-02,-5.102827772498130798e-02,3.669861331582069397e-02,-9.645263664424419403e-03,2.414210699498653412e-03,-1.734750531613826752e-02,-4.096095915883779526e-03,-1.254773000255227089e-03,1.214384450577199459e-03,-3.311461955308914185e-02,3.774933144450187683e-02,2.268464304506778717e-02,-4.371841996908187866e-02,-2.301308559253811836e-03,-2.427802048623561859e-02,-6.041461974382400513e-02,-7.001936901360750198e-03,-5.030693951994180679e-03,2.478750050067901611e-02,1.066965516656637192e-02,-6.104260683059692383e-02,3.556316345930099487e-02,9.830530732870101929e-03,3.339125961065292358e-02,2.591085061430931091e-02,3.663368523120880127e-03,-4.467740654945373535e-03,-1.123349298723042011e-03,-1.511522568762302399e-02,-6.851078476756811142e-03,-2.306701056659221649e-02,2.839007228612899780e-02,3.607691498473286629e-03,6.897863000631332397e-02,-1.672482118010520935e-02,-5.153678357601165771e-03,-6.574000231921672821e-03,1.701568439602851868e-02,-1.600983366370201111e-02,-6.325524300336837769e-03,-1.493791700340807438e-03,4.223458841443061829e-02,-2.154072187840938568e-02,2.565173991024494171e-02,-2.181642875075340271e-02,2.477720845490694046e-03,-2.921437378972768784e-03,1.958987116813659668e-02,-2.961481362581253052e-02,-7.767427712678909302e-03,6.935989949852228165e-04,7.300061406567692757e-04,1.094997487962245941e-02,2.371984068304300308e-03,-2.861843816936016083e-02,-2.492613345384597778e-02,-5.192849319428205490e-03,-2.323243534192442894e-03,6.132598593831062317e-02,1.734798192046582699e-03,2.540189074352383614e-03,-1.925229094922542572e-02,-1.777511904947459698e-03,1.099661085754632950e-02,-1.245327014476060867e-02,1.249000709503889084e-02,-9.208534611389040947e-04,-1.188699970953166485e-04,-1.155136525630950928e-02,3.413407504558563232e-02,1.270333956927061081e-02,3.651447966694831848e-02,-3.069322742521762848e-02,1.110848534153774381e-04,-1.058721542358398438e-02,-2.973375655710697174e-02,-1.198310591280460358e-02,1.675627194344997406e-02,-5.569266155362129211e-02,-4.797402769327163696e-03,9.123004227876663208e-02,1.083503011614084244e-02,4.994191695004701614e-04,-3.727682307362556458e-02,-3.208884224295616150e-02,-1.293263025581836700e-02,2.388116903603076935e-02,-3.154629841446876526e-02,-5.123942345380783081e-02,1.144827716052532196e-02,-2.071472816169261932e-02,3.313472867012023926e-02,3.319083154201507568e-02,-2.628246322274208069e-02,1.108487788587808609e-02,-5.820252001285552979e-02,-1.921657007187604904e-03,-3.091967664659023285e-02
1.503184717148542404e-02,1.378434523940086365e-02,-1.093525066971778870e-01,4.135843366384506226e-02,4.537790641188621521e-02,-2.406524680554866791e-02,5.475080106407403946e-03,1.670314930379390717e-02,1.677241735160350800e-02,2.256674505770206451e-02,2.090002223849296570e-02,-2.911083586513996124e-02,7.410195469856262207e-02,4.725733399391174316e-02,9.112867712974548340e-02,7.448624074459075928e-02,6.888116709887981415e-03,7.719521224498748779e-02,-1.665704324841499329e-02,-4.903042688965797424e-02,-2.585699968039989471e-02,9.763376414775848389e-02,6.801643222570419312e-02,-1.299347821623086929e-02,8.618167601525783539e-03,1.166799217462539673e-01,-9.563791006803512573e-02,-3.246830403804779053e-02,5.969756469130516052e-02,-1.496747601777315140e-02,-7.412912673316895962e-04,-1.195796877145767212e-01,8.611994236707687378e-02,4.759076237678527832e-02,3.278320655226707458e-03,-9.540279954671859741e-02,2.916575176641345024e-03,1.948346942663192749e-02,-7.245586812496185303e-02,-9.572052210569381714e-02,1.083072051405906677e-01,3.443850670009851456e-03,7.624084502458572388e-02,1.054816041141748428e-02,-9.255156852304935455e-03,-1.194031611084938049e-01,-1.061234623193740845e-01,-2.287302725017070770e-02,-4.193231929093599319e-03,6.339336279779672623e-03,-1.429113745689392090e-02,1.836493052542209625e-02,5.804464686661958694e-03,-1.351032871752977371e-03,1.083389203995466232e-02,-8.437184989452362061e-02,1.961684226989746094e-02,9.115012362599372864e-03,-8.628100156784057617e-02,-4.236780852079391479e-02,-4.731192719191312790e-03,2.372239343822002411e-02,7.153600454330444336e-03,8.397640287876129150e-02,1.203232165426015854e-02,-1.926513761281967163e-02,3.970620036125183105e-02,1.062047034502029419e-01,-9.841910749673843384e-02,1.860805973410606384e-02,-6.795428693294525146e-02,1.600061659701168537e-03,-1.995327323675155640e-02,1.001651436090469360e-01,-3.822229802608489990e-02,-8.244429528713226318e-02,-5.529688671231269836e-03,1.270676553249359131e-01,-3.051786124706268311e-02,-9.025239944458007812e-02,1.120350360870361328e-01,2.952173352241516113e-03,-6.308986246585845947e-02,4.673663992434740067e-03,-9.314154088497161865e-02,-9.385979175567626953e-02,6.778064370155334473e-02,5.648101214319467545e-03,7.958275079727172852e-02,8.676603436470031738e-03,-2.683820202946662903e-02,-3.584948554635047913e-02,-8.762483298778533936e-02,3.117849864065647125e-02,-7.331257313489913940e-02,3.275210270658135414e-03,7.077917456626892090e-02,-4.886019742116332054e-04,-6.933848559856414795e-02,6.332869082689285278e-02,1.552598201669752598e-03,6.151273474097251892e-02,-1.012151539325714111e-01,-8.703257888555526733e-03,1.190162599086761475e-01,1.748002693057060242e-02,-8.246658742427825928e-02,-7.502285391092300415e-02,-3.963203728199005127e-02,-1.623939722776412964e-02,9.902015328407287598e-02,-3.414676338434219360e-02,-7.370831072330474854e-02,-4.816686734557151794e-03,9.064124524593353271e-02,-1.000337600708007812e-01,5.239761620759963989e-02,4.713060706853866577e-02,-1.293760389089584351e-01,2.491205371916294098e-02,9.158831834793090820e-02,1.051668748259544373e-01,9.737435728311538696e-02,-6.028387323021888733e-02,-8.426829427480697632e-02,-8.941840380430221558e-02,1.414467580616474152e-03,4.859837889671325684e-02
-6.762539595365524292e-02,4.171048849821090698e-02,-2.524248957633972168e-01,3.030621074140071869e-02,9.364677220582962036e-02,-2.466730773448944092e-02,-2.424227260053157806e-02,6.221800670027732849e-02,-1.652004756033420563e-02,2.090002223849296570e-02,1.355510950088500977e-01,-5.857900902628898621e-02,2.047980278730392456e-01,2.286838134750723839e-03,1.722114980220794678e-01,1.903500705957412720e-01,-1.333854743279516697e-03,1.645343601703643799e-01,-4.702170938253402710e-02,-1.300208121538162231e-01,1.875568181276321411e-01,2.293299734592437744e-01,1.716375797986984253e-01,5.255661159753799438e-02,5.947633646428585052e-03,2.818147838115692139e-01,-2.442175298929214478e-01,-1.239152327179908752e-01,2.548646926879882812e-01,-1.629923097789287567e-02,5.095966160297393799e-02,-1.844305545091629028e-01,7.673971354961395264e-02,1.652611196041107178e-01,-9.918385185301303864e-04,-2.240932583808898926e-01,1.866098376922309399e-03,5.037400871515274048e-02,-1.796463280916213989e-01,-8.485346287488937378e-02,1.756759136915206909e-01,-5.228915065526962280e-02,2.522854208946228027e-01,2.488053590059280396e-02,2.517665736377239227e-02,-2.168193608522415161e-01,-2.490825355052947998e-01,2.582110697403550148e-03,-5.207881331443786621e-02,-4.410002008080482483e-02,3.387083858251571655e-02,-4.916193895041942596e-03,-3.719786554574966431e-02,1.804111339151859283e-02,-7.731302082538604736e-02,-2.034827768802642822e-01,6.163370609283447266e-02,2.795719727873802185e-02,-1.738713234663009644e-01,-6.600783765316009521e-02,6.871061772108078003e-02,-1.972788013517856598e-02,5.125322379171848297e-03,9.128839708864688873e-03,3.633486106991767883e-02,-4.052837565541267395e-02,1.055082976818084717e-01,1.997590363025665283e-01,-2.472137957811355591e-01,4.207979887723922729e-02,-1.187879741191864014e-01,-9.592418372631072998e-02,-3.089533559978008270e-02,2.089502960443496704e-01,-4.360627755522727966e-02,-1.069528907537460327e-01,-1.370185706764459610e-02,2.543474733829498291e-01,8.957535028457641602e-02,-1.744620203971862793e-01,1.556901186704635620e-01,5.620935931801795959e-03,-1.775655150413513184e-01,8.829713799059391022e-03,-8.676577359437942505e-02,-2.576226890087127686e-01,1.640757918357849121e-01,2.049393020570278168e-02,1.506892442703247070e-01,1.531839370727539062e-02,-5.678946897387504578e-02,-1.003291830420494080e-02,-1.438123732805252075e-01,3.151917457580566406e-02,-1.256505548954010010e-01,2.063633874058723450e-02,1.346983164548873901e-01,-8.079523686319589615e-04,-1.787545830011367798e-01,4.021247103810310364e-02,-1.550825219601392746e-02,9.097921103239059448e-02,-1.828934550285339355e-01,-2.186439558863639832e-02,2.528618574142456055e-01,-7.296729832887649536e-02,-4.689766094088554382e-02,-1.952173858880996704e-01,-8.077829144895076752e-03,-3.173027932643890381e-02,6.581805646419525146e-02,-1.823336700908839703e-03,-1.726153939962387085e-01,6.474505178630352020e-03,2.516715824604034424e-01,-2.250012606382369995e-01,1.061007231473922729e-01,1.468093693256378174e-01,-1.803391426801681519e-01,2.073457092046737671e-02,2.125076204538345337e-01,1.866437643766403198e-01,1.668551862239837646e-01,-9.810862690210342407e-02,-2.324272394180297852e-01,-9.595544636249542236e-02,2.372592687606811523e-03,8.551490306854248047e-02
-2.028002589941024780e-02,-3.218204528093338013e-02,2.236482799053192139e-01,-9.991746395826339722e-02,-9.559778869152069092e-02,9.578208439052104950e-03,2.421659789979457855e-02,-8.930125832557678223e-02,-3.097621724009513855e-03,-2.911083586513996124e-02,-5.857900902628898621e-02,6.071167811751365662e-02,-1.616992503404617310e-01,-9.063166379928588867e-02,-1.813646554946899414e-01,-1.583658158779144287e-01,-5.464369431138038635e-03,-1.695715188980102539e-01,3.420519456267356873e-02,9.171786159276962280e-02,-1.487771235406398773e-02,-2.103209048509597778e-01,-1.512272804975509644e-01,1.147485245019197464e-02,-1.540780626237392426e-02,-2.200178354978561401e-01,1.981995403766632080e-01,9.293646365404129028e-02,-1.611740440130233765e-01,2.569629065692424774e-02,-9.446355514228343964e-03,2.120941281318664551e-01,-1.372031271457672119e-01,-1.119143888354301453e-01,-3.090125275775790215e-03,2.025463730096817017e-01,-9.207660332322120667e-03,-4.133209213614463806e-02,1.441279202699661255e-01,1.850259304046630859e-01,-1.922344714403152466e-01,1.011485233902931213e-02,-1.932674497365951538e-01,-2.287110500037670135e-02,-2.803871221840381622e-02,2.020194977521896362e-01,2.123039513826370239e-01,4.297452047467231750e-02,3.818153217434883118e-02,-1.763715525157749653e-03,-1.061863824725151062e-02,-8.013459853827953339e-03,-1.533614099025726318e-02,4.327748343348503113e-02,2.033811295405030251e-03,1.847737729549407959e-01,-5.439385399222373962e-02,-2.183088846504688263e-02,1.563716977834701538e-01,8.337450772523880005e-02,-2.322255447506904602e-02,-2.184014953672885895e-02,-1.214965898543596268e-02,-7.837270945310592651e-02,-2.238965779542922974e-02,3.566127270460128784e-02,-8.658415079116821289e-02,-2.112661451101303101e-01,2.087400555610656738e-01,-2.734397165477275848e-02,1.313011646270751953e-01,3.386940434575080872e-02,4.310159757733345032e-02,-1.910739541053771973e-01,6.385864317417144775e-02,1.405372768640518188e-01,9.496056474745273590e-03,-2.349521666765213013e-01,4.372537881135940552e-02,1.899802833795547485e-01,-2.108114957809448242e-01,-5.727246403694152832e-03,1.413889974355697632e-01,-1.025616005063056946e-02,1.575939208269119263e-01,1.862584650516510010e-01,-1.218607723712921143e-01,-1.479399204254150391e-02,-1.200787127017974854e-01,-1.357008237391710281e-02,4.529651626944541931e-02,5.899249389767646790e-02,1.691827028989791870e-01,-5.106237530708312988e-02,1.319856345653533936e-01,-1.573572517372667789e-03,-1.434536278247833252e-01,8.779589552432298660e-04,1.438194662332534790e-01,-1.030922979116439819e-01,-9.415507083758711815e-04,-8.328187465667724609e-02,1.889113932847976685e-01,1.820842921733856201e-02,-2.249655574560165405e-01,-2.252193912863731384e-02,1.209947317838668823e-01,1.743670254945755005e-01,1.597184501588344574e-02,2.742404676973819733e-02,-1.713517010211944580e-01,3.700684383511543274e-02,1.698287874460220337e-01,3.397456556558609009e-02,-2.156071662902832031e-01,1.971079558134078979e-01,-1.062922999262809753e-01,-1.041715964674949646e-01,2.319301068782806396e-01,-4.127939045429229736e-02,-1.663361638784408569e-01,-1.882131844758987427e-01,-1.754523813724517822e-01,9.367179125547409058e-02,1.812226325273513794e-01,1.358186304569244385e-01,7.131115416996181011e-04,-1.081421002745628357e-01
